1 0.936916280022229 0.53338419279706 0.719444695460712 0.601987991726539 0.711119902775983 0.72320245186801 0.736123656103986 0.542359818661208 0.620792192413093 0.737054703154326 0.723483829230612 0.727882343890487 0.756565480906874 0.655252345232125 0.692631095440347 0.74499445679972 0.739281409318577 0.87413454595253 0.834295463942816 0.041907197908649 0.0751388624733954 0.470776527829341 0.315322361818372 0.181892737395973 0.309053283502724 0.315534999209651 0.169225618247395 0.623195935110184 0.626656981954389 0.490732696218956 0.459138720962309 0.744532984287686 0.727672795805924 0.269693591492877 0.308773231960228 0.600067541937877 0.574849496417125 0.579692047977623 0.668169019251094 0.593683887182055 0.316035354912327 0.446236792877841 0.506924945994669 0.589182261535785 0.620273282761639 0.636915599732579 0.56400238816206 0.658496554462411 0.684000325761343 0.684056031466555 0.689651259283533 0.624524886812556 0.584958248586115 0.786456820321584 0.780857050712547 0.805656857725706 0.787626471576558 0.81385213710346 0.818204159360643 0.879911545296901 0.827470655774734 0.793029477201434 0.674519861011564 0.152757045076144 0.400184210746535 0.527056437967467 0.471735779838374 0.685587792115051 0.593270479868375 0.754868118046651 0.666617877400564 0.655141678066005 0.746363705117984 0.285394196519387 0.379709179813686 0.46594522763039 0.606681120344784 0.536956197428139 0.630139669978343 0.742398245578398 0.763853076598153 0.647026062673562 0.587504175114271 0.767284785499469 0.660150777349727 0.359849085454698 0.578994283136149 0.815789940499678 0.842915062978424
0.936916280022229 1 0.50964479412251 0.726679897433495 0.571768767896629 0.664994741011899 0.63816757773283 0.694908863983009 0.463696689535088 0.60791867333899 0.626497032299605 0.668652288029232 0.572983427284951 0.69136845900151 0.554786353679808 0.61141965119034 0.799741376322395 0.81685031004325 0.866455917451445 0.873436923027547 0.0375497517490971 0.119224311886552 0.448737365849401 0.320571377364738 0.221114835124426 0.337851547093223 0.364225038437131 0.211117951715606 0.65321098898065 0.634516068593241 0.470520934150664 0.440862646636734 0.724288402020066 0.707560111799435 0.280263507337762 0.340841732481976 0.655188471034645 0.638724154188639 0.589126117322736 0.697445086368416 0.580512757904283 0.295188012104178 0.466003841533461 0.54138696992575 0.622873994313074 0.640183921949557 0.662950486810671 0.599234205425341 0.712195043351048 0.719415564499533 0.719059210551647 0.727546960450924 0.659016482787412 0.643800876113502 0.805623940590046 0.821290715922103 0.864945087667612 0.8612117334698 0.809190588057032 0.830998089416032 0.760917565326132 0.786435611060922 0.739049351994606 0.675503593201455 0.127642043339812 0.340262222618458 0.519895852164366 0.452680102404384 0.706223534163947 0.64842769525597 0.737044769950878 0.684810077655865 0.617978766954185 0.725040035401128 0.310019055373759 0.384734817671674 0.474557585770333 0.623113287525143 0.579131759129097 0.665458733380183 0.769817817998196 0.783382745965541 0.660612360174685 0.639119468089249 0.718697225810931 0.628385461545801 0.366286006819717 0.602702492793309 0.774172133291826 0.837630604380109
0.53338419279706 0.50964479412251 1 0.817124325519934 0.586612327739262 0.421275022112124 0.665341001363742 0.464696789155677 0.480032126709336 0.584633045709527 0.21574000392184 0.117531394675287 0.556332340747876 0.310980240371997 0.596584399958067 0.613397723811828 0.271465571506282 0.23288496552171 0.436459028747035 0.357655553984376 0.0951064360793663 0.118819295166596 0.774516005647874 0.697534219798589 0.692021644968186 0.627206797360215 0.618977651947406 0.530051926056503 0.106473764587555 0.112846039359067 0.458973529607558 0.375264282187671 0.580697251932132 0.406519543385488 0.738433138336393 0.6724147301658 0.645923142392038 0.598697651476207 0.553813319493059 0.54255238315938 0.360875631936175 0.431367959081521 0.334237280090057 0.301822738951208 0.399758848372653 0.392480320280794 0.31649791796484 0.33483767498756 0.361255297972325 0.401519270880325 0.406314815951998 0.384247406107432 0.266415939880796 0.349926948255609 0.375262101581506 0.46113154244539 0.584041063144058 0.590341529959642 0.482224620234967 0.44749774222797 0.563888389245254 0.376602419165945 0.329098138289185 0.080788609543334 0.769231900260465 0.714975798226254 0.737842332185207 0.614605364688457 0.609780403534359 0.407097627925399 0.579083300670274 0.454620692640878 0.304116684860467 0.357454441057012 0.164671168419399 0.102365930854665 0.215287838755097 0.347227188199913 0.185827576311541 0.275615356723129 0.391289679384202 0.517787689994362 0.534854867830896 0.46386948965284 0.789442536500268 0.68746057616944 0.453982195588983 0.46841978162045 0.519128519694011 0.523925458827975
0.719444695460712 0.726679897433495 0.817124325519934 1 0.626648764762169 0.678524443007008 0.757200097304086 0.765081652949165 0.578334619346552 0.73268659907702 0.366754275180651 0.442802142482631 0.552377323560229 0.559066570084217 0.621604618064939 0.681275026503371 0.525925524905459 0.502576809987482 0.659896779460152 0.627908635758058 0.0412171093516484 0.0926248094184468 0.662159289816402 0.629551652245903 0.565060890008032 0.591925769988534 0.567787559869384 0.366029472292235 0.408088755878347 0.412142287726503 0.541495717570273 0.50415047092959 0.771566848335923 0.674255227958741 0.583434674870876 0.639375666362101 0.677336449249187 0.681350501684616 0.674030753286117 0.680945927364372 0.414584409839553 0.304589011605236 0.492823719111649 0.486098816756824 0.57514052197403 0.586221020565369 0.534875364209522 0.504014479702577 0.550782748868801 0.582365402222479 0.605571281076454 0.569268073793918 0.49727067062992 0.546137283410492 0.623740971394129 0.671507143725176 0.669978981709701 0.69960827604763 0.696215288206253 0.706690979067026 0.749112042964644 0.689612648459033 0.547026877259944 0.413106771781836 0.516925519198995 0.721091502658084 0.772141823901099 0.735102001997712 0.721073226787415 0.585789008491604 0.667900673714296 0.606646097996606 0.432549275502898 0.553709472728613 0.21857915522136 0.17544461971858 0.34915530871557 0.567604298343467 0.420603188947339 0.527343375735748 0.630805004000222 0.749312201588082 0.585906008944315 0.559495422514786 0.806835337029131 0.808395366918464 0.439064074296584 0.577361907287513 0.659188733572056 0.771700633819096
0.601987991726539 0.571768767896629 0.586612327739262 0.626648764762169 1 0.578770578997449 0.53887274887003 0.483030162564355 0.444530612274729 0.695721134784103 0.311809392910802 0.319047324811381 0.570957640619923 0.449235033136746 0.494103720266493 0.60827008345986 0.330417627932954 0.360761731138637 0.520167874884507 0.43913029691698 0.0202374892100056 0.0454539822517676 0.49993207216859 0.390696751704159 0.304471155404493 0.362772912952725 0.369990554532576 0.189078137270738 0.250726865929538 0.239684818226587 0.250491119164255 0.178656849327182 0.496807849070072 0.400107633995113 0.491418233714072 0.358477801463971 0.530403088495387 0.505872966584893 0.471276666412188 0.480248501167979 0.430847654679137 0.296527376295425 0.315511573429981 0.267701223893319 0.298314146101391 0.27480549301653 0.325840373818298 0.314911627160476 0.367665599700834 0.431497719776894 0.490641021872948 0.456035827239782 0.457779871594478 0.543947245485775 0.501720507599031 0.527676528482188 0.577943085273967 0.578220376547498 0.573735778132817 0.539457999488524 0.561355065191445 0.506918789420672 0.414132121713083 0.226277850792689 0.416198686616047 0.546801230075858 0.521295536018725 0.394627132668398 0.562343108188936 0.42397756563732 0.586097439480536 0.538390314298241 0.427963272425642 0.477167925729872 0.0897492399742666 0.116668691649424 0.315784584890882 0.423981781360926 0.164550372331068 0.304640731108958 0.380892834470878 0.493753018845227 0.444621301461933 0.349653682986384 0.650280200809414 0.547399904847254 0.373420174505946 0.388598670282 0.622486678759443 0.625821371149896
0.711119902775983 0.664994741011899 0.421275022112124 0.678524443007008 0.578770578997449 1 0.687373764806314 0.800278217055677 0.561889482074331 0.744265554326831 0.531939576602121 0.64804457711888 0.624470370475378 0.683724490991098 0.606401337942166 0.692845147439152 0.505905223710468 0.488111022918076 0.602444289931485 0.574253067798014 -0.0772379020189931 0.139026226188351 0.367973367049608 0.312268863728494 0.194771041546885 0.317593874004544 0.277155595107553 0.114144908776005 0.49873619849704 0.525508061910826 0.401527390292259 0.42483325572345 0.620820245647629 0.62383642992377 0.27810493462282 0.284671060132437 0.531353672198681 0.509770349845328 0.486712676671775 0.513715069128253 0.469070656644357 0.246098482498704 0.405740401812047 0.44765614003622 0.474165039773713 0.526878823420364 0.531695606384564 0.49887282559962 0.470299231751853 0.549185535389741 0.556601062817896 0.540501207061372 0.563571316296356 0.552756704321363 0.63246954730347 0.640533760972399 0.518143556467575 0.481107542994535 0.641488066936889 0.640491817585716 0.739039752698035 0.724508280899152 0.598976853227681 0.553446233953644 0.202332496469717 0.512277110821666 0.487300041102298 0.48245286007063 0.474447974209201 0.439101167622784 0.562033888999656 0.54191132063527 0.392268885970801 0.530894691139231 0.217018753188216 0.241494171401801 0.317804863286108 0.438565893489546 0.42680257315602 0.525924889237593 0.569023625837427 0.661984988683675 0.49027501974338 0.461309942657632 0.625339641026016 0.582126736893144 0.352450409201644 0.576881312013586 0.635409981054176 0.715932067560614
0.72320245186801 0.63816757773283 0.665341001363742 0.757200097304086 0.53887274887003 0.687373764806314 1 0.866680027598851 0.77670443871811 0.591812554558039 0.601671090947543 0.550202966952958 0.740838302498191 0.622859759199638 0.781216199003399 0.642384810879021 0.448887803667118 0.455267224974524 0.641008404293333 0.536118029288228 0.0145381575729896 0.105792839283917 0.64375827795327 0.426117842155683 0.283306562751155 0.336017137978993 0.336346676343338 0.0732416718877143 0.45859613311024 0.506150032478872 0.575401490497882 0.564633908759136 0.710084754983793 0.658708279424825 0.298607310065905 0.349552931461095 0.522505485499396 0.492685916084973 0.499876989774385 0.487680071223456 0.423101013965064 0.323937285272189 0.525167172988808 0.511004240750142 0.619275994450816 0.588562250850925 0.583564393324104 0.559606141612461 0.54335130249889 0.577150489464206 0.503406180465615 0.499590186653521 0.435843120042328 0.4648807051157 0.574205164820589 0.584647445402365 0.58650512719966 0.586261564538807 0.670615602813715 0.62083411859502 0.830963120961032 0.692341637592613 0.61498333343891 0.506798307164017 0.324328040951311 0.531035843229413 0.65638564955872 0.572951933479715 0.583274680783727 0.467446909017796 0.699420670299698 0.630625595290637 0.403383729163622 0.491899835914049 0.205145416918443 0.257937811770166 0.382424206557762 0.503613498633614 0.448595271265141 0.520577071579698 0.570300052767512 0.622830040040365 0.517662974940903 0.515529311753436 0.701600742221969 0.609416115631656 0.324916396781631 0.550687192613813 0.622305504018906 0.662336014815657
0.736123656103986 0.694908863983009 0.464696789155677 0.765081652949165 0.483030162564355 0.800278217055677 0.866680027598851 1 0.751140557836378 0.669703561419473 0.616233516631892 0.747426797664077 0.631313248096023 0.745369519054105 0.74156600464925 0.680248235215826 0.55961769054523 0.56500460628622 0.656130842562947 0.613963138911898 0.0376284807511205 0.149032966949838 0.464159036579567 0.359732684538651 0.227951542139833 0.341260920620348 0.32626021452862 0.0416927524816772 0.594968014052327 0.659552004458858 0.572889585941102 0.625112755257836 0.724711273843888 0.767267893096102 0.216777422840525 0.324558380389534 0.543555678612672 0.488457703288497 0.567407986594775 0.571889267236699 0.450339362703875 0.260513638501244 0.603633086782981 0.60289063879202 0.668649745723398 0.669851933282907 0.691054477974856 0.639266291974617 0.619101719686063 0.650796624728327 0.601945242291976 0.578235961910233 0.555830217335162 0.532312028712856 0.698681338509288 0.690158741350218 0.521493101922708 0.521024666772911 0.71622768559702 0.70028206393558 0.813279757793072 0.814085264049393 0.633169237147722 0.670414549888421 0.0909307614944156 0.486622300373513 0.603356516938702 0.598040336926892 0.564670903512572 0.515754530708443 0.618912927335502 0.625458659201071 0.397515094279189 0.563060409235235 0.224214095404174 0.233680417283576 0.423265864041077 0.569690772565443 0.565866614135727 0.629275235165794 0.688354382659998 0.745724645038109 0.531060356652538 0.596368259021379 0.61680817025349 0.630333531746804 0.275978156923679 0.605870473112944 0.666588646963017 0.758273337448935
0.542359818661208 0.463696689535088 0.480032126709336 0.578334619346552 0.444530612274729 0.561889482074331 0.77670443871811 0.751140557836378 1 0.563099266950021 0.479731488583584 0.451084795787833 0.532555999940221 0.57309188115996 0.761292422863666 0.608535846922109 0.347819339570103 0.352563085449746 0.53076670710432 0.427033051962324 0.130760328545587 0.0820722736505677 0.600273142911967 0.367472397836901 0.226219320787121 0.325123141251288 0.274143337129908 0.104939504781535 0.402339707837223 0.472298382281699 0.58587833746682 0.554969557616584 0.531763086607957 0.571476040159726 0.266519347881216 0.248977381627016 0.424126653501217 0.319433640142784 0.452881613261234 0.333630817299476 0.358269330760766 0.235163968237471 0.43928004118441 0.397240581070649 0.447641547353657 0.397821008231137 0.455415373310988 0.427402495501164 0.362057855149613 0.424234785353547 0.329808717659436 0.341092641897254 0.371559295084463 0.347443694272161 0.441030021116299 0.435539999931937 0.380452891583427 0.394588883182237 0.503018235022769 0.477770971200123 0.628730300186373 0.572523298761311 0.444771969488328 0.386442410641462 0.169370603757802 0.388090126702975 0.478552254733171 0.418506922127888 0.515855901797135 0.411092306206204 0.622066434337703 0.615291093540416 0.396104150272728 0.44871628985163 0.228968343380499 0.166104920699091 0.469170587551563 0.47097888172268 0.384380948420991 0.447337849473495 0.43914149086615 0.477752689903372 0.394732300840654 0.364131879760626 0.469404728517201 0.388698359012671 0.244629445079003 0.484672049029271 0.484058175898046 0.524846356017967
0.620792192413093 0.60791867333899 0.584633045709527 0.73268659907702 0.695721134784103 0.744265554326831 0.591812554558039 0.669703561419473 0.563099266950021 1 0.335202012885954 0.398492995795202 0.525013035508644 0.517587844443943 0.580744556024229 0.728042203546213 0.376163634969672 0.377476385116675 0.545318433467148 0.467863393029557 -0.0621115374869094 0.073058342902258 0.493050249618696 0.436697363151173 0.344185084133987 0.36630694049913 0.437661592002542 0.242986168275811 0.272706895432843 0.315069344905971 0.329300380225279 0.302242244577696 0.521244354310516 0.479471982374143 0.447208639476325 0.40817991185591 0.563782951654564 0.554646956763091 0.557263524941036 0.541620706569723 0.399752574337075 0.227053794449594 0.348612718134629 0.329528339691457 0.372589690040608 0.389928629256472 0.374528381515972 0.377966848120145 0.39972896785795 0.478033428139182 0.524697767430176 0.487128352291145 0.538726658869952 0.570306225527697 0.534931610384073 0.548648061389954 0.542390289336943 0.539768305085711 0.585978121307186 0.566393629252626 0.599243338953969 0.617996857485456 0.410864008188771 0.303316622828471 0.397484750007481 0.620904578918867 0.521053703291819 0.44546034374718 0.542812057761661 0.431629218714651 0.592122425231796 0.541051031971632 0.356924090707947 0.483738270461215 0.163542552807874 0.07027597080671 0.26737800179988 0.46665979720669 0.273602580879818 0.395841777989612 0.462182390989456 0.586097534044182 0.450442602960509 0.45443011685707 0.652373743423226 0.607450594222074 0.392154366277599 0.551085010150069 0.625465166844333 0.690265610915811
0.737054703154326 0.626497032299605 0.21574000392184 0.366754275180651 0.311809392910802 0.531939576602121 0.601671090947543 0.616233516631892 0.479731488583584 0.335202012885954 1 0.758062890807483 0.664449403231563 0.688970173744119 0.618220450847813 0.500568004858621 0.605202543167766 0.582090925874486 0.689532466385168 0.624973450326565 0.0915510967946128 0.128471176427345 0.314079799851442 0.123398982326608 0.0200469912912276 0.14459603281324 0.0793864396923293 -0.0121856333250951 0.642621071929807 0.661492671462366 0.468584355310117 0.466434342692244 0.566084446470172 0.601274720133278 -0.0367733577999554 -0.00297610092229278 0.404450050490409 0.316103594916531 0.383038568096807 0.440043615662418 0.497344179549171 0.255854513125329 0.362322985219671 0.413639117452346 0.450942533779447 0.49472651887879 0.517913238874318 0.444066705259316 0.45626357117294 0.46842680490587 0.430640599233531 0.442142041932722 0.40872902505733 0.320539945615615 0.580677327512995 0.491786391719359 0.488331200065214 0.458391537187789 0.531856918326731 0.550887909065602 0.675584435564173 0.606067121701725 0.706720652163718 0.644103131486403 -0.144115446972744 0.107347539306333 0.27730139146724 0.274028071008043 0.421676686374379 0.412823630223945 0.528505976381387 0.508683568523774 0.486830813428184 0.555636800056315 0.213881216465916 0.359367032588344 0.38326863536915 0.447925254576871 0.555195719154641 0.57131420057724 0.627647192158236 0.583167189307102 0.477920953637996 0.4472553527793 0.465387179338858 0.356202865554031 0.0967687770119501 0.459352204557919 0.557689256033372 0.557751093034161
0.723483829230612 0.668652288029232 0.117531394675287 0.442802142482631 0.319047324811381 0.64804457711888 0.550202966952958 0.747426797664077 0.451084795787833 0.398492995795202 0.758062890807483 1 0.598051868562696 0.855183749780943 0.584899213866907 0.620515887007835 0.670016883936618 0.683327322402719 0.661971925523323 0.685677978166266 0.0569445570660681 0.113275549262804 0.231944521264751 0.202589755248267 -0.0346053897985119 0.213882816126427 0.115574529195382 -0.0868068941533996 0.734903296534659 0.809025759973372 0.509685866956449 0.560224617782246 0.630784547755238 0.748512907485797 -0.08709645306961 0.0569932691833792 0.37583994551201 0.322038567960074 0.487034092843204 0.550840336057312 0.491160754110247 0.160468776920383 0.482406565960041 0.566539057206619 0.553428127257075 0.61775857822299 0.655696672793385 0.566889428774243 0.563663831056947 0.55463433799812 0.531879660352791 0.51920265431529 0.481665434940113 0.379377664412774 0.694028617516133 0.633058133632739 0.426712068310451 0.434457682339655 0.564272341923035 0.63020826484829 0.666406336922804 0.75658575643256 0.705549127527833 0.818650291991141 -0.224650608004502 0.206070059128875 0.317715664086456 0.412962578738652 0.425000056752829 0.446650233654283 0.416311875030347 0.42509999004533 0.389182086981733 0.55332130920018 0.233970719862771 0.248423469533831 0.414806021582121 0.52678641596288 0.61695145876009 0.678899094001469 0.720340884513452 0.735661108342676 0.583025292981661 0.552527279842742 0.475411625688714 0.534019767161413 0.191388922413788 0.532900298545395 0.595563468594897 0.67202852659235
0.727882343890487 0.572983427284951 0.556332340747876 0.552377323560229 0.570957640619923 0.624470370475378 0.740838302498191 0.631313248096023 0.532555999940221 0.525013035508644 0.664449403231563 0.598051868562696 1 0.681822783176059 0.730377018973647 0.768542801636694 0.380462034187673 0.346448524360468 0.554562718231067 0.433247230062952 0.0604113730332502 0.0711254905971648 0.550910632454029 0.418525939281617 0.178288702711415 0.28818214532525 0.279229392028368 0.117694170087033 0.322879176915115 0.415962031349354 0.40818413626559 0.417373338740136 0.532224392881446 0.47553016666736 0.243809530856222 0.162132016915908 0.450778374073351 0.410436943218976 0.512082752095903 0.498072390868746 0.472662519777864 0.376281901664401 0.264947566403368 0.301590056546543 0.340020533150838 0.395673547272304 0.377171987149842 0.321535482033054 0.342824307340734 0.397048667859035 0.381956983049665 0.363361324895356 0.358061610312339 0.33782537082128 0.480451925939971 0.448070516463429 0.492803489000289 0.489826848192665 0.484748285076264 0.465191481568581 0.791148584520808 0.624157435335434 0.519272612148412 0.355054989132903 0.394353102080514 0.608259785011418 0.413527732611121 0.396214337608262 0.430606079846331 0.307213517169181 0.557182517850273 0.4054478246714 0.423638794038735 0.47919599192756 0.241367194928707 0.188433615448116 0.231911719623016 0.379827139050548 0.32113772445602 0.404632128569092 0.461429245009888 0.541407642013278 0.580022036455189 0.403900134708123 0.711163102827647 0.607382317932986 0.410750931818947 0.474630788091675 0.607454969205454 0.571782674005164
0.756565480906874 0.69136845900151 0.310980240371997 0.559066570084217 0.449235033136746 0.683724490991098 0.622859759199638 0.745369519054105 0.57309188115996 0.517587844443943 0.688970173744119 0.855183749780943 0.681822783176059 1 0.748038204603669 0.778435184504083 0.618496113101846 0.574179904607521 0.706711568011743 0.679449657594331 0.0694961576103197 0.119129544880117 0.509518278551946 0.480342496614635 0.149372965328249 0.397446220981882 0.252629824433907 0.151603731922584 0.65839168758018 0.733766414512988 0.629230375146479 0.638855004894708 0.677666605414529 0.730595473530596 0.155496633421928 0.194950841578677 0.523791669387307 0.459868475359624 0.644968357656875 0.622850504412545 0.546659725656228 0.243104958721073 0.374374811870377 0.428176259634755 0.452609954727322 0.487347536814053 0.532072518248682 0.445342864822307 0.455423350447139 0.482780437038033 0.486587654987535 0.47704408799661 0.562370300930125 0.441396950326274 0.662996179582207 0.595279540371258 0.517732984483428 0.496073595815273 0.5769714754336 0.573713242410627 0.667845008130323 0.703081095548835 0.684315192804803 0.684947051405115 0.00939083144078267 0.337633106704818 0.372934601360212 0.41125977906006 0.523064220469737 0.432418129184959 0.546659533137517 0.525886440454789 0.513521965637103 0.618334068409048 0.294537081761007 0.259517808568232 0.419413781340557 0.570226242502743 0.57992788903621 0.631908588504512 0.681865139534061 0.769607059236086 0.693485781950871 0.581967408018446 0.620433482010426 0.597347243682304 0.441675543867082 0.678950031246963 0.673251551312636 0.70975388427654
0.655252345232125 0.554786353679808 0.596584399958067 0.621604618064939 0.494103720266493 0.606401337942166 0.781216199003399 0.74156600464925 0.761292422863666 0.580744556024229 0.618220450847813 0.584899213866907 0.730377018973647 0.748038204603669 1 0.784701673561509 0.417715369847511 0.386964998004489 0.571247153968607 0.47765081054194 0.15549046579481 0.203316743886424 0.686977366707307 0.538928194797889 0.354600148564828 0.456852064458164 0.383752666529805 0.266474892672439 0.446190535284192 0.533880427316084 0.629703227255139 0.609392590381825 0.634394786857978 0.6464794968269 0.372847502848427 0.330962331401635 0.586875175938037 0.463868825703141 0.596722267989169 0.56164239682458 0.562567048842735 0.367138963893455 0.431323462140806 0.393154497334325 0.445288595839237 0.429513685246143 0.466009738691066 0.449746656171069 0.393136166637259 0.455757528298992 0.441771768576971 0.450429284775265 0.493265756921946 0.422298042288446 0.541752102210751 0.540755668383635 0.474777378060711 0.446109571686034 0.541814677801168 0.507081442365782 0.667092232181688 0.586828053652717 0.567566843035898 0.487131125239497 0.278235373517293 0.464267448989723 0.536298847482298 0.480977791095175 0.528353453720103 0.426001014037652 0.637731468316633 0.57158911651134 0.414630045635078 0.504029717296652 0.253586953669979 0.193967107976672 0.399525208172891 0.487841992008574 0.418320490226581 0.474481076462608 0.524852848752441 0.597399357039277 0.666467868163313 0.491394686766208 0.650518718783194 0.562287997135439 0.426001808507681 0.625137363383654 0.652759432645717 0.641293649489688
0.692631095440347 0.61141965119034 0.613397723811828 0.681275026503371 0.60827008345986 0.692845147439152 0.642384810879021 0.680248235215826 0.608535846922109 0.728042203546213 0.500568004858621 0.620515887007835 0.768542801636694 0.778435184504083 0.784701673561509 1 0.43621645336859 0.416650371510423 0.560487937116599 0.508193957465859 0.144442947724828 0.138967737280101 0.636097402515674 0.63487450523648 0.351469698080103 0.469198886167228 0.419891348025075 0.286500227487065 0.362372808172529 0.480302231072186 0.522154693609666 0.520003650650362 0.592138767255078 0.587999477266115 0.396915544287328 0.338736234489349 0.602703677543701 0.4909713379682 0.67171064953736 0.664496625644623 0.525637816652919 0.370348268631412 0.323437414407033 0.316922269565332 0.336296979969759 0.386242450815087 0.374425166026328 0.343163530672571 0.348486460234063 0.425895400128279 0.443525871515241 0.408641951330938 0.490300053785738 0.455169464144376 0.538774246726771 0.528909673528203 0.503392108813512 0.519638877802302 0.50762881320296 0.50047508647024 0.691660206340418 0.663941602476399 0.518177182633619 0.406296359716268 0.428143371526065 0.688446044964317 0.50806093916421 0.503651968122165 0.55191412308299 0.385647460337342 0.520871288018746 0.413304705891126 0.397943617865923 0.517772348824831 0.339873097997981 0.106565015300553 0.274879103464173 0.470565133930299 0.371073433414393 0.468814083633041 0.529493640087892 0.676143216954758 0.695022608612586 0.588032758443025 0.748657536570039 0.736959985197134 0.544649847963114 0.64325806594398 0.681067450335164 0.692746178621901
0.74499445679972 0.799741376322395 0.271465571506282 0.525925524905459 0.330417627932954 0.505905223710468 0.448887803667118 0.55961769054523 0.347819339570103 0.376163634969672 0.605202543167766 0.670016883936618 0.380462034187673 0.618496113101846 0.417715369847511 0.43621645336859 1 0.931454749837287 0.853860810216917 0.870494916882892 0.149015941395283 0.190065001397308 0.339608144434684 0.241594908440193 0.184054183463424 0.329169526589012 0.302452350661383 0.147583575412842 0.843755692805963 0.822403957915724 0.548822982681605 0.542874466611326 0.725321780502025 0.760305872751299 0.167007406975631 0.2704216263614 0.515330120991759 0.484599592499012 0.498928416322851 0.595871384571429 0.480722603078239 0.239404325703515 0.524794192412307 0.624823650080787 0.631763386671199 0.649226617172532 0.679763194213302 0.601842368661983 0.582251315697856 0.575478170204099 0.512818255777565 0.507164236101273 0.445305752742074 0.368142983270049 0.691136670138667 0.676345936570743 0.74226101823553 0.70787991647474 0.611576699074484 0.65856021734899 0.552000087382711 0.628751781896616 0.79697442042151 0.768265749053582 -0.0593400329043626 0.126832130317685 0.451371930796215 0.442403516352119 0.610506073668005 0.668007908072626 0.550963438045887 0.576700603599337 0.540113687741595 0.673941946490396 0.310563429622146 0.327554472086145 0.56058924589061 0.646949999872698 0.800952551610433 0.820801326833993 0.862490784860157 0.73756861790821 0.64001399106206 0.630276914420975 0.54649106984324 0.413773643047645 0.276036396817935 0.524198003418127 0.542123948031752 0.634149670652649
0.739281409318577 0.81685031004325 0.23288496552171 0.502576809987482 0.360761731138637 0.488111022918076 0.455267224974524 0.56500460628622 0.352563085449746 0.377476385116675 0.582090925874486 0.683327322402719 0.346448524360468 0.574179904607521 0.386964998004489 0.416650371510423 0.931454749837287 1 0.82809787655209 0.886325229321146 0.174451525987957 0.196465326156977 0.281805701081753 0.155373037398532 0.11875798955137 0.245402802600571 0.223313328106711 0.0250889040932154 0.840793793091167 0.832126507378489 0.502554237695272 0.489198887443567 0.720983645147004 0.773780454799174 0.115853147064873 0.236834902212679 0.47505668301523 0.464594048363543 0.463045853768215 0.572186609185024 0.477189054175704 0.185833916244009 0.559035769541201 0.653442154612097 0.654677939179107 0.654102694468839 0.696376194628611 0.621275891129584 0.620873526129924 0.613330489833652 0.558592140295828 0.541489181349823 0.472661244687412 0.429990240389212 0.687640177861741 0.68227664869568 0.71003343323692 0.747248089514183 0.628247358322018 0.701850041330792 0.575391464359959 0.661843757497725 0.800774008950628 0.817130836256541 -0.101821952293548 0.0977989374953591 0.454744102375833 0.43928016895886 0.592581788583182 0.665455224753966 0.551206575902609 0.551882395991696 0.498368444716615 0.645123341648654 0.28185295392513 0.306322928436727 0.569334320884761 0.691266508222897 0.758914883682059 0.812647377672846 0.818386095877873 0.710079282882627 0.603819199856294 0.592452000881931 0.516713197701581 0.417371260208557 0.205695480214306 0.488702277487906 0.57020723088553 0.683238302295093
0.87413454595253 0.866455917451445 0.436459028747035 0.659896779460152 0.520167874884507 0.602444289931485 0.641008404293333 0.656130842562947 0.53076670710432 0.545318433467148 0.689532466385168 0.661971925523323 0.554562718231067 0.706711568011743 0.571247153968607 0.560487937116599 0.853860810216917 0.82809787655209 1 0.90916622954552 0.0836225315459528 0.125403509643258 0.553924039028358 0.365624356223523 0.200351563037611 0.355488993094776 0.284294811778628 0.176037734630623 0.74523014907321 0.736414148366891 0.628143719558764 0.571608084866267 0.795475526902223 0.773691819863075 0.255673247865351 0.322871444664257 0.570596639010734 0.548019932122317 0.577245588068997 0.635581546278788 0.543622765646756 0.252519191201132 0.457654942064661 0.544795101801969 0.597049787342567 0.587582437191552 0.63083494968747 0.548457935273004 0.567929021420907 0.558509883464431 0.517418592981864 0.525219742328484 0.496389936633438 0.449925471179175 0.711968384050978 0.684310649183121 0.827635982254065 0.803803366180766 0.682632193383329 0.696646770501433 0.703251392219373 0.704015537976769 0.810677976367609 0.69090658021208 0.0781704884863645 0.243657966709558 0.500453625159346 0.434604753259189 0.691605420909431 0.631007402711569 0.716615518491308 0.679526309723152 0.624605371489488 0.729739221508293 0.282451357148195 0.342501460540434 0.56692704156056 0.681121208156477 0.697108813945741 0.750485171819049 0.802808793574061 0.75359593455769 0.657650921150371 0.620157358101954 0.686349707696853 0.508070743357363 0.409735614768435 0.619573994549395 0.64645355323332 0.742870476808919
0.834295463942816 0.873436923027547 0.357655553984376 0.627908635758058 0.43913029691698 0.574253067798014 0.536118029288228 0.613963138911898 0.427033051962324 0.467863393029557 0.624973450326565 0.685677978166266 0.433247230062952 0.679449657594331 0.47765081054194 0.508193957465859 0.870494916882892 0.886325229321146 0.90916622954552 1 0.0553772194340408 0.11086867964485 0.395269215031586 0.293960842698523 0.158492083767009 0.335579948381763 0.248803228283862 0.160225855924172 0.783473663327838 0.757636747973936 0.552002762313469 0.533379400189274 0.776375735971032 0.780027868713434 0.202367397008583 0.310994137696655 0.529633647510194 0.531417082539629 0.550702462467634 0.622674824591432 0.51188757142979 0.200593579491523 0.437453572602807 0.547892073598481 0.600189454089958 0.604719171868031 0.628132796253413 0.550009047025798 0.605214374053644 0.592400515597808 0.564465174811721 0.560265194415038 0.501349644159306 0.456159604405055 0.69897942820307 0.69449782090424 0.752061287003759 0.783638822102437 0.669685804767042 0.716573453234006 0.663723975349172 0.697703824443999 0.830811667644996 0.763185309161637 -0.00416455254266693 0.195917822712472 0.470800357879041 0.443464259213213 0.742608868536276 0.714027655373179 0.633608674277104 0.596602635926284 0.588087693075851 0.695798877015546 0.297985585543682 0.296874618398665 0.526306956743663 0.659030129394569 0.658936248772276 0.725859965509075 0.79401391413728 0.751439761252754 0.627151404599685 0.612077764452198 0.625548628132377 0.511734182403683 0.321429958116874 0.580925891357633 0.63881271009362 0.739164261000972
0.041907197908649 0.0375497517490971 0.0951064360793663 0.0412171093516484 0.0202374892100056 -0.0772379020189931 0.0145381575729896 0.0376284807511205 0.130760328545587 -0.0621115374869094 0.0915510967946128 0.0569445570660681 0.0604113730332502 0.0694961576103197 0.15549046579481 0.144442947724828 0.149015941395283 0.174451525987957 0.0836225315459528 0.0553772194340408 1 0.185730367089011 0.145669057141833 0.085344038532435 0.156050757472016 0.165722297213556 0.00442442853526916 0.0465567237947446 0.189128788786136 0.199767210655099 0.26579307555542 0.189309776479389 0.167406154390531 0.173988725053282 0.121270927292626 0.112886284685422 0.238740751953265 0.0840677847122378 0.245708564272686 0.114295179849246 0.204270089846167 0.318409222505952 0.245189210374343 0.16121541629332 0.0780447452132957 0.0692255660840843 0.131322223495601 0.121862196644185 0.0720741275208324 0.0811918174203413 0.0434885694284044 0.027329372279161 0.0361691749054757 0.004142987725066 0.0570338181401555 0.029630463373081 0.0596369986534715 0.0559822762733801 0.035115630152108 0.0910327412215407 0.0263721933390594 0.0103953601862796 0.0637404199565227 0.073334749138286 0.0584379621375721 0.0630711387298313 0.164162244557 0.153161105542343 0.151857325046574 0.147242390233408 0.193009422839418 0.179031358658292 0.15615835612387 0.138336226315515 0.177188619760642 0.0206990095152949 0.312144596417412 0.261215342006039 0.233090973004874 0.223180961705327 0.182184252282031 0.112794218493456 0.241158009764447 0.14690415826338 0.0988011807979086 0.0776591471688156 0.132509536800553 0.0121760043206438 0.0544557795256621 0.0904188039109576
0.0751388624733954 0.119224311886552 0.118819295166596 0.0926248094184468 0.0454539822517676 0.139026226188351 0.105792839283917 0.149032966949838 0.0820722736505677 0.073058342902258 0.128471176427345 0.113275549262804 0.0711254905971648 0.119129544880117 0.203316743886424 0.138967737280101 0.190065001397308 0.196465326156977 0.125403509643258 0.11086867964485 0.185730367089011 1 0.140930619710308 0.113286741698503 0.237952488330844 0.219417662989469 0.246647503445846 0.223345195081066 0.255960048987159 0.227121110525139 0.268401839467575 0.301683717453375 0.199853031088541 0.190042744756306 0.033597670293957 0.200565072364852 0.252409870841658 0.056357023337958 0.108158315904592 0.142220108364392 0.226037059990698 0.171741149646105 0.313966788837779 0.265359077586868 0.276302436796916 0.239504412288243 0.289205614074686 0.305443459000067 0.230582251776867 0.213717543932934 0.238808494392989 0.177692121598067 0.246425666141812 0.151439554410488 0.244831119939753 0.237888514999573 0.116228638107412 0.0429971196684466 0.12305690840275 0.0799647145547987 0.0420731186387902 -0.000816962523979209 0.125439080930329 0.137424123545279 -0.0275214933301401 -0.0356172566639103 0.254300586198111 0.228562434361276 0.0922291899083388 0.223474161169411 0.0996674636788695 0.161123491798304 -0.00352783858755318 0.0360467133028321 0.050341973628653 0.113806152973671 0.131745872829114 0.0444311308532159 0.357159335176139 0.276012051195195 0.269793943916038 0.237822583374828 0.212720571081665 0.279677094462778 0.0615575455410613 0.0588701252467095 0.0120959139587089 0.16522534077775 0.0761066250150155 0.097525474932623
0.470776527829341 0.448737365849401 0.774516005647874 0.662159289816402 0.49993207216859 0.367973367049608 0.64375827795327 0.464159036579567 0.600273142911967 0.493050249618696 0.314079799851442 0.231944521264751 0.550910632454029 0.509518278551946 0.686977366707307 0.636097402515674 0.339608144434684 0.281805701081753 0.553924039028358 0.395269215031586 0.145669057141833 0.140930619710308 1 0.837355993701079 0.569481172888657 0.612778542681888 0.526811802534231 0.439515379471434 0.284835130675976 0.33739143498535 0.72091855850612 0.63063591632558 0.599304096177022 0.472330602261097 0.598531989128528 0.47818764971447 0.587123663503738 0.516730610171252 0.597603247766718 0.501011508047508 0.372577392134603 0.302978151706655 0.273986650310956 0.261495374285301 0.308851593072123 0.257067702995863 0.266760006938272 0.240992332736793 0.200358031923766 0.214607550098384 0.20845864613084 0.205332110807028 0.258062300561855 0.262034914577343 0.337968633768233 0.339063651790473 0.542081188681085 0.546254886712204 0.335795289673687 0.320563782830936 0.430386009814545 0.373665364377543 0.398954519112271 0.185372910198264 0.602041962574694 0.525633971841297 0.561182981387636 0.445814169152947 0.54088548620971 0.35296451444803 0.561251981728931 0.469073737316116 0.337025178061714 0.379898226576175 0.210396632146873 0.15993778085889 0.346558966926375 0.410909611879907 0.367403906330403 0.428822759580217 0.431567320478842 0.514906853480004 0.630759753735684 0.462255886963411 0.679247941841564 0.53297296263797 0.5943183578576 0.590744574436253 0.43081866030345 0.46911477256568
0.315322361818372 0.320571377364738 0.697534219798589 0.629551652245903 0.390696751704159 0.312268863728494 0.426117842155683 0.359732684538651 0.367472397836901 0.436697363151173 0.123398982326608 0.202589755248267 0.418525939281617 0.480342496614635 0.538928194797889 0.63487450523648 0.241594908440193 0.155373037398532 0.365624356223523 0.293960842698523 0.085344038532435 0.113286741698503 0.837355993701079 1 0.62005247394273 0.694974788617285 0.589271989862867 0.52749138971558 0.171628562577223 0.218032915318271 0.608492066132672 0.566496579888715 0.506867459506521 0.386708873305782 0.601046500384724 0.550086818322565 0.536897651815327 0.526251363659315 0.637178601302729 0.553886059083158 0.295410915881538 0.251641872990367 0.153198457582099 0.158056165901697 0.194515338368204 0.183297688592664 0.14893670191331 0.111073271973595 0.0776716197038821 0.0769831993288768 0.134495386256075 0.0982134768277418 0.177298691574501 0.19429338069722 0.240986824100124 0.249109093721598 0.403984249831937 0.425435189042681 0.188877192870164 0.1743168956621 0.30093297357943 0.270067670702802 0.253333079964338 0.108016139424163 0.658355292686279 0.61732607920915 0.516055688636904 0.491866651861041 0.421714324278938 0.233931703665392 0.327567885262952 0.227284864168411 0.16346722309017 0.240597713943809 0.20186206136271 0.0269733495669059 0.168719222099929 0.291810306438727 0.273935995313071 0.311044389375448 0.362136361342599 0.52020150044565 0.630582533205522 0.480791354310592 0.648638169062073 0.627300088704526 0.656847944332879 0.621379913865198 0.324557092319746 0.390086177262783
0.181892737395973 0.221114835124426 0.692021644968186 0.565060890008032 0.304471155404493 0.194771041546885 0.283306562751155 0.227951542139833 0.226219320787121 0.344185084133987 0.0200469912912276 -0.0346053897985119 0.178288702711415 0.149372965328249 0.354600148564828 0.351469698080103 0.184054183463424 0.11875798955137 0.200351563037611 0.158492083767009 0.156050757472016 0.237952488330844 0.569481172888657 0.62005247394273 1 0.809747912065916 0.712800346809124 0.568888609807754 0.143045241747839 0.117248356207611 0.46887644428738 0.401726644712045 0.486778236413798 0.348215162199232 0.727956001447269 0.706378495823679 0.646569295293649 0.569915342031494 0.583133763550205 0.488686250270681 0.231320358150109 0.345202260719456 0.393622998879991 0.325834429708837 0.300340766778935 0.290037125836961 0.261466246451175 0.245164968061304 0.187783478945935 0.234126344635404 0.275531815020127 0.195122727201557 0.175944359695909 0.145905602019724 0.278168371516361 0.29438723486077 0.315866710992054 0.280221303236234 0.19908703396578 0.176093139253275 0.182852021721502 0.0683765813975737 0.0596401745815117 -0.0305135315436096 0.554898180568912 0.509543877744526 0.642952206338402 0.592259036350818 0.363194461448658 0.307448356271431 0.236672524400815 0.275445803900466 0.104403810767879 0.171161556500865 0.105635181163892 0.0552441189928805 0.310313173212496 0.368795410931569 0.187727015179022 0.299958296755512 0.304594540099001 0.426593132645071 0.376556059300422 0.299131360327343 0.492603820861427 0.475403458092016 0.258678512569322 0.365108926548375 0.252902295832513 0.310630858359566
