1 0.783663067204783 0.637618069324747 0.541922841712269 0.438547732404627 0.367486994449618 0.624719090705366 0.551361649651149 0.415118856449784 0.25473477081555 0.703898106384544 0.625269433776234 0.543638271022369 0.229742827781332 0.376951527821133 0.128279199770577 0.65302316376415 0.595857570326851 0.736231119556651 0.666683525675755 0.140845921387775 0.08819014058824 0.281471341391781 0.186196873055409 0.332504976840173 0.141840900648952 0.235109503106054 0.235126951114603 0.445217342646149 0.662269907500755 0.351867673335349 0.255671267420808 0.564431590360863 0.569007170562566 0.271381662048655 0.296159055830189 0.33247373092142 0.428931097600716 0.0617022388000619 0.330761695877897 0.371815629797607 0.455210294291928 0.525535517537832 0.492642961844096 0.452324963415856 0.563560901188122 0.507891482562607 0.566031996961187 0.594505180625831 0.518805724610602 0.585655578287356 0.570293395524522 0.587377726842064 0.489694246417663 0.503100001322278 0.581686755501152 0.786386489062889 0.658531094261811 0.796178579914544 0.753231342856734 0.737458466712368 0.485000133755424 0.739090192678979 0.65103382269359 0.156741583527075 0.131300496662764 0.372257316428636 0.382227081149157 0.567078516215259 0.604514020156776 0.470320830839091 0.467462860305306 0.412242356302239 0.567816330927852 0.148713507212185 0.367293249693964 0.522228497873108 0.682903260162038 0.469887982964603 0.45085248820358 0.657717117949258 0.679235419265943 0.0550676321626156 0.308440087057012 0.572405648426452 0.558977548178204 -0.080160514997715 0.234234933993887 0.662633891792811 0.491302449962318
0.783663067204783 1 0.696142148631943 0.593888870640741 0.368955737557909 0.285998418993161 0.631786550959326 0.610419150428933 0.594860941806124 0.367885469425474 0.50387741069784 0.627346000928532 0.457562172664633 0.313437335471545 0.447366957496702 0.321736644806163 0.612225806672698 0.763986811725908 0.792584645624725 0.767626406931805 0.25352018870034 0.0657259556294311 0.49492476444124 0.38812514945276 0.456648267669265 0.302968733715607 0.382934525860329 0.130443203243161 0.463678543820272 0.632680721549666 0.447406850179568 0.300543322604411 0.477297080422837 0.502945487583397 0.168279884718481 0.266909678041678 0.364643322919038 0.499301447804239 0.25137273708388 0.458426353763938 0.304105322819256 0.396152886450113 0.707891655202412 0.671322139079809 0.586778639608802 0.710509677040459 0.685601481758279 0.596036968272442 0.722417913836945 0.674372282034342 0.717936104108943 0.710903495391741 0.735310196932266 0.674492772789889 0.638152406526877 0.693526557567554 0.819248036878102 0.877154388773816 0.753156842137192 0.707823406653322 0.55074411808604 0.430180860616019 0.531385016032247 0.758174264645696 0.283500155258493 0.227929162953168 0.414425572674709 0.324064668160495 0.625093715211109 0.534709087921763 0.489464554583841 0.489076283555545 0.437943763751247 0.470126132828605 0.118869480058422 0.226502281949496 0.421826460461967 0.514029963146234 0.462030037949448 0.671098095804268 0.722052693150684 0.83041308912115 0.26839224737346 0.546510451310724 0.728639121622018 0.72628386815983 0.170650617388377 0.494702008200823 0.745405327928689 0.661942685211367
0.637618069324747 0.696142148631943 1 0.705939597137678 0.464494052127797 0.285657486779047 0.851291794565642 0.687349025082439 0.573940852020321 0.295610094135435 0.482326256680266 0.431971212363346 0.537717513767117 0.256971402097306 0.485935849882578 0.335525060608417 0.449861282821192 0.489999322497334 0.770581306709408 0.594780849033974 0.3037823965566 0.147760764578934 0.669441423202357 0.614975046918446 0.546069867169035 0.358514589092377 0.325718853135877 0.185766341140565 0.368568519460063 0.560601060939466 0.6782563143825 0.534120156590407 0.72062907276544 0.706588051610604 0.485177265333372 0.473787548204791 0.42396913286646 0.521035567076192 0.158777962340341 0.345044140620513 0.300433093260948 0.47437733341044 0.679712550952102 0.639343342067728 0.597449757265553 0.605934631513025 0.62929322246449 0.682280322002297 0.61931020118907 0.65545948797997 0.717958700973299 0.634268976102178 0.674930974360934 0.650626531432041 0.512582496728428 0.672367364690894 0.645069546204975 0.602396353878682 0.692042966588517 0.658906738032985 0.650905267712374 0.419016651086926 0.503631502220627 0.543103155849515 0.550891331443694 0.546958029970798 0.695062947796243 0.619216191716072 0.427937792425765 0.487993029652351 0.618155698804767 0.619872661643697 0.409328037038011 0.503907108043214 0.122058279378242 0.295336774400338 0.524850960839066 0.572020500981087 0.452143567637687 0.398986667532964 0.517167611812342 0.636000834113795 0.187211343770722 0.344902216020503 0.74355255975657 0.724869020017874 -0.00137727828206492 0.400849114490288 0.713012884553766 0.533206309990084
0.541922841712269 0.593888870640741 0.705939597137678 1 0.440993631180633 0.321112762718836 0.679744752788496 0.817436264357265 0.596853928366804 0.53151319386143 0.405600539600604 0.370298370414372 0.404214220165428 0.380456541289617 0.46883691421701 0.477404668379604 0.429102442760843 0.43054178485519 0.626052416705833 0.548191205810785 0.244110942868161 0.141075916160075 0.547852120557382 0.604263054551169 0.501832101390732 0.457303498778968 0.31345364249085 0.0783997287039748 0.327275130071281 0.515868775665903 0.614617967471871 0.525567779685819 0.623023439425307 0.686027684883444 0.345507211249727 0.317383383088557 0.465218301428491 0.412777510111241 0.0637761666934322 0.253267293012711 0.208215734350363 0.255131634006267 0.495539521323482 0.443988816572173 0.391449642085698 0.364293367538243 0.473112705804315 0.495914962833114 0.445501827976754 0.443066471353493 0.502793785749627 0.419275266711119 0.545263702372373 0.452518293556035 0.382551626677062 0.557409627108705 0.56265287394877 0.54192066428065 0.487569998651515 0.530826669705124 0.549503283996206 0.641842574298144 0.464665015760483 0.475335440091359 0.44227308522576 0.562894158816208 0.485277741197644 0.448754162600028 0.370360004825339 0.407523028109668 0.519693711174864 0.548316569610262 0.423482671435411 0.45316205681796 0.153381581315733 0.209248772316349 0.457010713327583 0.493611124833004 0.416521663653273 0.403843682570548 0.480724144443556 0.527956701399049 0.117976928407824 0.39176259083805 0.636783222481019 0.618122333802421 -0.00269343899242976 0.349202006731545 0.624209412684657 0.574930489174075
0.438547732404627 0.368955737557909 0.464494052127797 0.440993631180633 1 0.356979707821157 0.521402543739868 0.464264778037375 0.433119748810963 0.247388222448457 0.399273987822659 0.253088512150054 0.408835549402632 0.1052317092209 0.253952281120147 0.102845061919626 0.174506066664965 0.132399017425512 0.3870119967802 0.211762779702044 0.0805356407856805 0.0312101174042392 0.172027744997786 0.184041893930499 0.608227754983196 0.220992586542068 0.154932684328359 0.155925577767125 0.127346996991585 0.265223621560952 0.184043259570816 0.300788315406603 0.454034694092914 0.396016802650824 0.242346403100366 0.234111195139802 0.305460319760978 0.275339638248635 -0.0206067600573771 0.0727356354906337 0.255737954028816 0.272830395046029 0.267327761668619 0.213014040400696 0.209307828752686 0.217916248236608 0.172494198401932 0.370236724001545 0.259123684182985 0.264465637105253 0.309143587409336 0.271215779180546 0.32615367356961 0.219288430448439 0.149059832687948 0.311802632738997 0.344656994677738 0.278811755723948 0.409304580992766 0.410866554414852 0.519083486754922 0.393246685124942 0.257830070548627 0.158551214192625 0.107808072296008 0.192658945313951 0.306076819269229 0.337823120097293 0.325657152513195 0.369483350556863 0.371220689531908 0.446149622675601 0.0839716180412103 0.277958168769627 -0.047834744347928 0.295741149810485 0.139232870904929 0.44100104079603 0.18554856814541 0.0383267650084602 0.16652762249792 0.297809840608799 -0.12609691368773 0.129677985304644 0.283349206239813 0.319086707153547 -0.265856552838517 -0.0736695661398426 0.29363557931702 0.296830873880506
0.367486994449618 0.285998418993161 0.285657486779047 0.321112762718836 0.356979707821157 1 0.338683043504178 0.452894194859426 0.373153059091019 0.590832674126485 0.391149127042852 0.296913160700236 0.325759211957346 0.26106264704619 0.353232694693391 0.175333475025612 0.187356233894548 0.17304469533365 0.25276814539711 0.226154004851735 0.0256754054670584 0.0946933489505022 0.147542737573728 0.0899548044855404 0.381994464297522 0.23233014754474 0.3039175947054 0.297218797887125 0.109552851705893 0.332146409889053 -0.018847465895077 0.0858959193054879 0.32631850632469 0.218709949232132 0.111067468464238 0.210119343229528 0.145604031287655 0.148178021834657 -0.128748991064628 0.00285428268460826 0.158967094646477 0.308825055422603 0.0758013450774032 0.0912702237800606 0.00376652217360854 0.0580832397077853 0.112425863774701 0.150887045829302 0.142444263740801 0.222261778402861 0.250996687154637 0.278566832768716 0.292842499810655 0.242575862229702 0.177867086465652 0.17733913816575 0.234248639944535 0.178370614766809 0.241542373890525 0.282162058450488 0.350048292778468 0.411309006702138 0.222671404412356 0.177961904409942 0.120308824965718 0.118358433366138 0.0330754950620902 0.0593986017495866 0.32431620582376 0.362352645530633 0.295972290864209 0.241891665300751 0.0100250578355126 0.283252697816929 -0.0168299053005308 0.156996947404412 0.326766737673334 0.343736365388237 0.141288446009325 0.0572213022184988 0.100951870014016 0.181199472741279 -0.176499049166116 0.0550130945376053 0.232297583728659 0.286141312722881 -0.261442925699658 -0.00983867844360217 0.358994938616118 0.273381250785914
0.624719090705366 0.631786550959326 0.851291794565642 0.679744752788496 0.521402543739868 0.338683043504178 1 0.805979451651756 0.64845615035493 0.369401954641574 0.48876320798486 0.478133926936575 0.64581869281431 0.384767482740607 0.571682687114437 0.290892608617083 0.468247579308194 0.465923604489575 0.678421991867476 0.54306772353413 0.28356629218493 0.106516206704098 0.56186299222687 0.458985771784557 0.439090747351539 0.303168775966752 0.199706979219576 0.0141209917031016 0.390532426725501 0.539605968272755 0.52203684998644 0.333545331672889 0.680862540702587 0.66018615176937 0.420230075484449 0.350678533204671 0.390110173745053 0.474290167780331 0.218798496430004 0.326790834532464 0.202620804930514 0.351059721548965 0.637000102252926 0.593460223008619 0.586679497905391 0.558756937800051 0.573329220203887 0.608910367804686 0.580243930128312 0.615359241295983 0.664569304074898 0.664547159757755 0.652093075247574 0.612876414112116 0.513379025135773 0.624860396847718 0.547691156843458 0.540861913798843 0.698250021893158 0.704793565048656 0.777628117644166 0.613877082814685 0.486815709465128 0.558414932202942 0.595726252402707 0.540540575168433 0.63754138959976 0.553094465233088 0.349462843100101 0.421046820396747 0.566555040571269 0.509884017912425 0.478873671687131 0.491925152726772 0.0010167232693238 0.275569410580799 0.525550898047473 0.55198207689809 0.367483647478912 0.341834982971142 0.460398351094681 0.532796032281355 0.20336954224471 0.324877330934497 0.745426333593552 0.674212980835742 0.0210543776586004 0.31162101482356 0.727832618443472 0.579856625891843
0.551361649651149 0.610419150428933 0.687349025082439 0.817436264357265 0.464264778037375 0.452894194859426 0.805979451651756 1 0.683135879849524 0.553514979609692 0.481483630278432 0.5687969719737 0.548525449752757 0.598788305622088 0.605743654005523 0.496612064475126 0.51228359266566 0.49225154507283 0.589161083471181 0.543055286270406 0.290065190512766 0.00668959209855765 0.464954175810372 0.517712202936116 0.455276336269222 0.455869547435749 0.239852667617336 -0.0130895869085626 0.432642763205719 0.623525918756301 0.495007856249273 0.402859538045477 0.576473730417867 0.664393682466453 0.233886728953257 0.245364076080439 0.355454377450546 0.404203698673984 0.242395377475223 0.353465423341348 0.228119956410869 0.252410838143337 0.519950263603852 0.50514987626355 0.427544841065302 0.451976214763488 0.49628931181521 0.458492627794708 0.496736660246634 0.53368397413561 0.524498931182252 0.569578409424582 0.544043623377388 0.491395162756392 0.487414884680324 0.583129898709233 0.455486822993517 0.50528313458204 0.568192501238185 0.64142709800737 0.642056030465425 0.768004446465659 0.466475990490521 0.601534473348119 0.454053199834165 0.593568588500346 0.476561655339959 0.453174554952138 0.289396519722268 0.338688588776957 0.563344412903491 0.486082931699073 0.413758892821402 0.465865479114168 0.083861699851727 0.208739290981073 0.459245780450448 0.474863739001023 0.328489769043441 0.439039727617342 0.500710497534228 0.51829508172723 0.248650646109056 0.416228365651194 0.674356414478236 0.694304654395558 0.0936854520354778 0.379875688117413 0.710259561850701 0.710561355182748
0.415118856449784 0.594860941806124 0.573940852020321 0.596853928366804 0.433119748810963 0.373153059091019 0.64845615035493 0.683135879849524 1 0.582391114676786 0.292247008012535 0.327279215004486 0.378446574559556 0.322235137524659 0.528002660276076 0.345383867194983 0.330227940147659 0.426276553962678 0.5457778888773 0.430907265825898 0.27627091810457 0.0867761327802298 0.538991629618242 0.350120361606976 0.461348189956832 0.280469238124295 0.35300450330536 -0.00314435267956807 0.318060872353339 0.355501599620908 0.407426842217174 0.249542444159035 0.44295914061465 0.411187074767804 0.194103208927778 0.169852025967207 0.278617615712408 0.326871032057742 0.141843857709275 0.305235534568015 0.161349127581904 0.264891478062841 0.454773528510097 0.479708528961349 0.399511831462481 0.401849254431566 0.465634247548516 0.394597765894847 0.441406923473428 0.493434158963102 0.508767794297416 0.542838920440686 0.538381520400953 0.530438493799206 0.413314756153181 0.470156201525164 0.440631979894891 0.546429681142541 0.443067902345509 0.478486502422739 0.437415649607712 0.492275506320888 0.282509895395042 0.481652076685694 0.460767683093821 0.398897949133912 0.379687249031772 0.287165591941818 0.350363288736174 0.321498628139709 0.43228765993833 0.358857720143719 0.307951735894468 0.363268663108642 -0.0631134044814938 0.157175822438279 0.258736734398788 0.356604886125941 0.204012685854316 0.355214591131524 0.363615016101752 0.466168442434153 0.145264498856118 0.409208311842521 0.625273254945163 0.615419612513289 0.124238983963669 0.359939103201235 0.617141026285913 0.593533240959104
0.25473477081555 0.367885469425474 0.295610094135435 0.53151319386143 0.247388222448457 0.590832674126485 0.369401954641574 0.553514979609692 0.582391114676786 1 0.204067941680644 0.216263863315629 0.1872909818952 0.461367440664433 0.43014857021503 0.572959859696328 0.107832330645673 0.297512814502356 0.320008654422354 0.295039806450194 0.124029518925644 0.136836497955917 0.420116870912825 0.440075905029049 0.35755929667906 0.348655133305891 0.384203994852065 0.231356251983769 0.115401503483481 0.244869750236351 0.131337368029728 0.136528177922004 0.178768889691438 0.131353147948788 0.0353074163265824 0.0935842049955812 0.155770516074028 0.0986947070644481 -0.00859205165270628 0.127127940414515 0.111759271684661 0.169167336893745 0.168078465713826 0.181484573307807 0.0359150046962392 0.0308155486579122 0.164964514576999 0.0809417385231689 0.0831638649326897 0.149744430328783 0.220401340468472 0.25273530598014 0.313045493043528 0.32490947616553 0.218658046762944 0.27278116738204 0.278307913218423 0.387107671443408 0.127688220557383 0.18845746552421 0.159840293761113 0.427146192933971 0.0870786470216785 0.268088472088164 0.298769845703198 0.311545063278617 0.0725846099728249 0.0212002428078587 0.308205097256242 0.198781501487444 0.316421679327546 0.269196126235812 0.141743368649781 0.297087675634564 -0.0250794381542246 0.118806071686254 0.181349707623786 0.201103557865123 0.00358774026553619 0.237980230283351 0.22019047908701 0.275548420071534 0.107305115759781 0.4064638662008 0.452263604283935 0.497995229420691 0.104336679551383 0.382557059003701 0.409818580530472 0.530670104731276
0.703898106384544 0.50387741069784 0.482326256680266 0.405600539600604 0.399273987822659 0.391149127042852 0.48876320798486 0.481483630278432 0.292247008012535 0.204067941680644 1 0.599734624729828 0.679058584224944 0.392192810631619 0.482391859947385 0.219726674581771 0.519444153968066 0.415177712764589 0.57898339757864 0.441603510650824 0.154151809597439 0.120269456074294 0.260010217500409 0.156980408072224 0.225231108840573 0.123712896314415 0.132296499984746 0.118237284406329 0.526754482663767 0.616941536611603 0.343441115011958 0.375777231738583 0.472872200066786 0.521793735348555 0.0946149968119885 0.14348344004948 0.251416478518551 0.299741089158742 0.150418995020351 0.253690708598924 0.313731810760909 0.260365275704587 0.333070731967016 0.335345640781229 0.274946781945042 0.351211244594173 0.292979122319394 0.380490241738313 0.360490520280055 0.258589761390075 0.291879199166969 0.305500957089861 0.321637965132561 0.226549578081143 0.352280855912261 0.461166883170129 0.508928172084043 0.34281496858662 0.498970177637416 0.520125286699942 0.644490363372371 0.535744641386541 0.741270239596172 0.529706522069818 0.0838176287600468 0.089485773075292 0.195105698633002 0.25668071921824 0.238576381895127 0.391889857772052 0.455347950136438 0.492124144973223 0.37615863625521 0.431114664982061 0.157376079098117 0.247794235322703 0.366263001125084 0.502737102208497 0.384013855624014 0.304357837216402 0.471074423151622 0.417254123898441 0.00404339970331628 0.211649464472245 0.399648999125345 0.336983472824518 -0.0754590748711762 0.0559176756800225 0.540578728051362 0.383862733731675
0.625269433776234 0.627346000928532 0.431971212363346 0.370298370414372 0.253088512150054 0.296913160700236 0.478133926936575 0.5687969719737 0.327279215004486 0.216263863315629 0.599734624729828 1 0.441492848957368 0.588757859708477 0.47579938643327 0.365942577033079 0.629650816350558 0.71332113473363 0.446992369573232 0.656878254185381 0.240013110312514 -0.275650169303251 0.190882999683829 0.158218917006566 0.188168748015892 0.182699755129469 -0.0280960426940677 -0.0834281844959428 0.647349420712912 0.789851251490154 0.253740620465103 0.210788228542395 0.1710392567282 0.338917542577686 -0.193734143458904 -0.126638651703001 -0.0179037436649331 0.23367597552561 0.478135939684847 0.424784234661648 0.333992554283891 0.135656727259123 0.457218144317039 0.428504282812275 0.308647080610086 0.423461489090964 0.400232446478266 0.146514103955549 0.485584317290337 0.461659848280737 0.397983905390381 0.585359711684658 0.404450625914119 0.361800655004548 0.548301371662258 0.500264951240882 0.33115668378259 0.432511223905957 0.569777770215356 0.575909242190716 0.420356411981755 0.469685040347044 0.439418236792429 0.797521258915553 -0.00418352173299061 0.0658847607618773 0.0897686061895077 0.0176802183229563 0.100029952550369 0.0928601168807031 0.354473849517238 0.219996568028695 0.400559434537234 0.426859707504411 0.0832507652471989 0.0726289627949487 0.370254149580641 0.271004195810279 0.272733155784229 0.539978480824054 0.589491161368137 0.463017030334443 0.406424874767311 0.413564182740106 0.380035543593144 0.4401191736765 0.302232429030676 0.354839084910549 0.535443367139679 0.653426928240405
0.543638271022369 0.457562172664633 0.537717513767117 0.404214220165428 0.408835549402632 0.325759211957346 0.64581869281431 0.548525449752757 0.378446574559556 0.1872909818952 0.679058584224944 0.441492848957368 1 0.509353940478036 0.736346083494195 0.329562724500505 0.41304762270808 0.337655349499083 0.507454950590238 0.378086585028289 0.302433922184658 0.0858909768618717 0.4631078078005 0.285028675583036 0.280684306367654 0.221449551833252 0.167688792757836 0.0549003409803005 0.518897044799296 0.540624894022716 0.439391182659698 0.376356749714511 0.528755701800587 0.505074715628495 0.23145940260495 0.252468988898468 0.374470824036042 0.397719809540335 0.231630813233086 0.283044975548604 0.210162786436932 0.22100480248469 0.502191183935447 0.504294866845091 0.44082013406082 0.450039790731003 0.460951407598195 0.488962473305557 0.492417251339357 0.396909285052777 0.40414850398325 0.377322126877812 0.436097280735691 0.307908553347682 0.412936304254602 0.46417806471272 0.426221129997322 0.349922085008216 0.538260655655364 0.524612283278443 0.752775663379827 0.502567796581161 0.524718197289194 0.387495366718581 0.364490464670335 0.254249715100978 0.345503460504643 0.37396864941775 0.169806849708436 0.296249713376959 0.515968046448532 0.423573193235686 0.406559813956619 0.359808601163187 0.0604923945749214 0.170480172174634 0.414439698243441 0.422421046599416 0.321520422892478 0.246471007258997 0.376944423415978 0.366959516512122 0.143195210363055 0.265943787384394 0.479161548533069 0.364795841085046 0.0055630765987046 0.0981261966854151 0.595977342672897 0.336097002403748
0.229742827781332 0.313437335471545 0.256971402097306 0.380456541289617 0.1052317092209 0.26106264704619 0.384767482740607 0.598788305622088 0.322235137524659 0.461367440664433 0.392192810631619 0.588757859708477 0.509353940478036 1 0.666338436188326 0.719247784172741 0.345271989137835 0.463725602822961 0.208155578694351 0.405094983665788 0.333423076610174 -0.156842518791993 0.33214844853519 0.432885505977574 0.0384850418879148 0.379969661466778 0.0444930429802537 -0.112625897674028 0.446442079531951 0.53551809818303 0.242282121723675 0.247031804113026 0.0937859234437601 0.167284137821658 -0.177019697134262 -0.122446062583051 0.0530414981565692 0.183482080413095 0.36494912591031 0.284801244014845 0.113232358227081 -0.0954801804577402 0.245927979359998 0.279309724409115 0.0646140444802138 0.147739345759523 0.20901832115619 -0.0113778407361299 0.207799798984584 0.197230613174596 0.13034162475638 0.302828231541652 0.197241068804912 0.202958369713687 0.370696433591339 0.351847046656453 0.0851969720496093 0.293733990084063 0.196988837780179 0.28819932221413 0.249899730086846 0.520463069143834 0.202768022885939 0.494306320015212 0.249467358479726 0.31586985039929 -0.0340840078167414 -0.0606146172238164 -0.0198588510280411 -0.0794579277054051 0.379028162324792 0.154264793139328 0.268226204559711 0.305148758778111 0.0682133935702222 0.0437737623081716 0.265943832491416 0.127956202186831 0.0426598806601606 0.342294043528694 0.335376431112377 0.253449272204027 0.439850663737306 0.485753489216301 0.397645289229598 0.398460038067095 0.316418816710131 0.390248310572608 0.465218279963196 0.582481929923161
0.376951527821133 0.447366957496702 0.485935849882578 0.46883691421701 0.253952281120147 0.353232694693391 0.571682687114437 0.605743654005523 0.528002660276076 0.43014857021503 0.482391859947385 0.47579938643327 0.736346083494195 0.666338436188326 1 0.638272048752302 0.385931140528516 0.408864916367109 0.397366822918125 0.38633153610812 0.347803983128807 -0.0158857186439203 0.604277334833227 0.440593651908379 0.294142753891148 0.45651262553712 0.225472114908142 -0.00622890183226884 0.492819432793587 0.517554529558052 0.439821248686184 0.354834790474434 0.358115526712259 0.363120515397907 0.12208874227751 0.140329008736092 0.2786861406716 0.294459118671225 0.33738245217063 0.366448462616623 0.128371831927868 0.0740768320664311 0.429565155478791 0.462325770105303 0.284441025096811 0.29002655638152 0.353027496952858 0.240167669809656 0.38912904487467 0.363259083471116 0.377502273050601 0.427181743721441 0.391312096064568 0.369127685405898 0.419202780362574 0.453274889464229 0.259443912941979 0.333678905244761 0.407922759831299 0.424166930284469 0.489906287497083 0.458920750637643 0.33816714662294 0.456169479481416 0.416025060389129 0.322212015733741 0.220770591060207 0.18088382746626 0.0399681398393594 0.0663713450431008 0.550463210799155 0.287795526050393 0.447415374263784 0.345029575065384 0.114463561276892 0.0387133053545784 0.335627957693875 0.289979208703273 0.15971618031889 0.335762779982435 0.367494466953339 0.285152498051027 0.293281710045731 0.391451295308375 0.537601471066818 0.416856780537323 0.243910880169174 0.321447125222564 0.645644497883142 0.516235592978264
0.128279199770577 0.321736644806163 0.335525060608417 0.477404668379604 0.102845061919626 0.175333475025612 0.290892608617083 0.496612064475126 0.345383867194983 0.572959859696328 0.219726674581771 0.365942577033079 0.329562724500505 0.719247784172741 0.638272048752302 1 0.138075323550604 0.334587123448161 0.25165414541066 0.310826369518841 0.324288287275994 -0.0114665918312873 0.54867063398598 0.650652334281458 0.207578109103073 0.500958197784786 0.201305998872906 0.073704839576954 0.315979565852813 0.387765071991654 0.395169140455564 0.393875520061049 0.11828361833397 0.142019263996593 -0.0718664144762902 0.0380514391051894 0.145863667165587 0.134695808912456 0.274440307957383 0.305728140767323 0.119163357149724 -0.0596689896462807 0.254214272794633 0.272826830567771 0.0377234900566557 0.0665758899876445 0.150295432133932 0.00962144560845894 0.132223592047103 0.143925618977478 0.151174506276096 0.219744353617424 0.216580025386213 0.239138065556703 0.245592548357936 0.312297735665362 0.100523664429171 0.280229736475552 0.0855462566828694 0.130974647466426 0.0709941912383444 0.27204949920226 0.0954258477126606 0.345312089651251 0.278018472003504 0.316808624180408 0.0633101718052582 0.00609156663724951 -0.00885334031130183 -0.0768640941400099 0.397078622790858 0.271255327335909 0.230818228307317 0.265052057303459 0.170633867676262 0.00642333187133688 0.107744104886658 0.0873168203513819 0.013756256433699 0.301238761390459 0.251649333615488 0.214284891020697 0.354500172175686 0.49746271794857 0.404734739543966 0.431914199923859 0.303959070388607 0.521283557336945 0.437933211816339 0.542130322111311
0.65302316376415 0.612225806672698 0.449861282821192 0.429102442760843 0.174506066664965 0.187356233894548 0.468247579308194 0.51228359266566 0.330227940147659 0.107832330645673 0.519444153968066 0.629650816350558 0.41304762270808 0.345271989137835 0.385931140528516 0.138075323550604 1 0.754196665120749 0.597492761245976 0.630216258787983 0.2108422474229 -0.212467059351936 0.21927433273003 0.178655564879737 0.235349244565235 0.22462721007741 0.0107275588928198 -0.0529164658355182 0.644068865916442 0.747324416709836 0.374304189571762 0.208416648311734 0.334234573264982 0.510301241427236 0.0216940585952989 0.059112522960775 0.158331660521324 0.370213965246126 0.401953524626652 0.47928728655875 0.21998677229993 0.184762532737182 0.530870927353064 0.523332476877943 0.508844005537233 0.612759919232821 0.539682411451751 0.438619969825083 0.599091626556285 0.438326201818421 0.401840011364639 0.456608629004212 0.44867607593069 0.331578744564215 0.569884651580457 0.552773717755371 0.58894237968922 0.521777158795658 0.59698877287126 0.544297960152195 0.492712550589752 0.42909135029471 0.673666620973144 0.790525204330563 0.196554427558507 0.195040206195328 0.25714029358701 0.269737753073227 0.207116182763196 0.223848070263227 0.330715178399164 0.15305670796894 0.432335083433475 0.342243540303635 0.0748809796350111 0.112193157361427 0.465044706983953 0.39204033015959 0.567810279298589 0.580578349445156 0.75402773029274 0.560459556596932 0.409816333659695 0.380597241992325 0.489040355734345 0.38714132403054 0.244726830194755 0.290267102527034 0.529227597793205 0.452169508070986
0.595857570326851 0.763986811725908 0.489999322497334 0.43054178485519 0.132399017425512 0.17304469533365 0.465923604489575 0.49225154507283 0.426276553962678 0.297512814502356 0.415177712764589 0.71332113473363 0.337655349499083 0.463725602822961 0.408864916367109 0.334587123448161 0.754196665120749 1 0.582336045196059 0.761334398320853 0.254204679503268 -0.180222981242715 0.365128953607526 0.358302802270044 0.265667297535225 0.280408077331632 0.123806995813206 -0.00412736297170417 0.648143958271601 0.745115836160015 0.358020662850648 0.220812459561201 0.193346194858403 0.345805943020073 -0.138573396986031 -0.0672099380684476 0.115962134512962 0.34038356575171 0.490250121286612 0.501116445012419 0.270361927862141 0.229945540411647 0.550465437328837 0.572136164934606 0.459225182775847 0.570553152309662 0.592890687614983 0.313695232223548 0.588105498644052 0.484980985638651 0.445177293104518 0.531422529292771 0.538037704903431 0.425077394529584 0.654215079615111 0.61649460036124 0.626082787182096 0.741888671601172 0.518699884664334 0.491914040976279 0.301506806835306 0.366770351337655 0.465562981095331 0.874223809743274 0.220031575687436 0.177454079455611 0.151709383024985 0.0940764938289757 0.347025931038728 0.217213124838306 0.351373299587249 0.189577192204156 0.42146558528585 0.405218879918791 0.0109506205242664 0.05044228234217 0.368211521129835 0.310164967273321 0.430791843240803 0.721946792214163 0.818266139909452 0.72052090112577 0.508613716045502 0.640252385429921 0.595495654186915 0.549977367423715 0.3927047231408 0.491337723734857 0.581078870181999 0.630291267534156
0.736231119556651 0.792584645624725 0.770581306709408 0.626052416705833 0.3870119967802 0.25276814539711 0.678421991867476 0.589161083471181 0.5457778888773 0.320008654422354 0.57898339757864 0.446992369573232 0.507454950590238 0.208155578694351 0.397366822918125 0.25165414541066 0.597492761245976 0.582336045196059 1 0.691608824607872 0.247048972701005 0.146105536306286 0.568154191415508 0.379200703113181 0.510854727606305 0.181798695567967 0.406887835620992 0.190693282584381 0.502852067493194 0.601723288211233 0.576932548953266 0.414431955459094 0.639642850076028 0.651900624749047 0.334243720698149 0.369420087550569 0.444633217857728 0.542211557137432 0.240853396379829 0.449091459026038 0.313731022690802 0.474482752135469 0.700123267316775 0.636171752637423 0.626369249862746 0.680532227483735 0.681183611623744 0.682504811561472 0.704330114099312 0.629650705430178 0.667597063119498 0.58466645020617 0.64188351786402 0.589901608166287 0.537574307233785 0.602085536389531 0.775573929208725 0.691982748137686 0.727571187782063 0.669094318887057 0.609857231829046 0.384445279240978 0.628266202973351 0.644989486880179 0.382802160996498 0.302325291896098 0.582294113920665 0.497877658607392 0.519735036701427 0.51560496359794 0.520068448696955 0.569724371271915 0.454645730049337 0.376081845140153 0.125682401750526 0.218020937311246 0.476039322776054 0.565768939741536 0.489103838800914 0.518713133094242 0.575140809691814 0.686313098379117 0.189350483103543 0.364688040715433 0.691782546548206 0.664953158448438 0.123930604000436 0.407339357799365 0.692934735072644 0.493622751715706
0.666683525675755 0.767626406931805 0.594780849033974 0.548191205810785 0.211762779702044 0.226154004851735 0.54306772353413 0.543055286270406 0.430907265825898 0.295039806450194 0.441603510650824 0.656878254185381 0.378086585028289 0.405094983665788 0.38633153610812 0.310826369518841 0.630216258787983 0.761334398320853 0.691608824607872 1 0.233623697541089 -0.0607504089791032 0.389722367852177 0.333924457965132 0.332686692770986 0.227173713947154 0.175835972554902 0.0329226607017908 0.569147883818552 0.697940897902477 0.413122568754954 0.282146026883598 0.318994710293351 0.430576575325737 -0.0230632815229308 0.0109704403124165 0.220584024150704 0.428332872389041 0.429939989970021 0.432873639224138 0.346950154576047 0.312029924271883 0.557037315247423 0.560847454753422 0.444862890512345 0.544916516330315 0.556327962924611 0.367030178561945 0.554569164981675 0.551399550630325 0.488843617323219 0.557684203816579 0.49376032706681 0.491663057295695 0.588536311297805 0.562013562734821 0.597088889382776 0.680473036613225 0.589970625968898 0.544733184534481 0.396534841256074 0.362252775918373 0.451770034242349 0.744806339552655 0.195516130325604 0.147250407906919 0.280056858266444 0.169754563751746 0.450931869369305 0.34251518497675 0.450699936510181 0.291209001878358 0.472807128148715 0.452171042076559 0.0943318141194775 0.165774639437047 0.45690101080174 0.393038464288196 0.38465403729068 0.654075596815795 0.678033967010851 0.68421483537614 0.429331524631288 0.46467293155372 0.572103109905549 0.568595958355495 0.275953955812917 0.54663006860714 0.581020628921113 0.56453595801742
0.140845921387775 0.25352018870034 0.3037823965566 0.244110942868161 0.0805356407856805 0.0256754054670584 0.28356629218493 0.290065190512766 0.27627091810457 0.124029518925644 0.154151809597439 0.240013110312514 0.302433922184658 0.333423076610174 0.347803983128807 0.324288287275994 0.2108422474229 0.254204679503268 0.247048972701005 0.233623697541089 1 -0.139316896664113 0.313178660414061 0.338421392203227 0.257178742913541 0.265208972786997 0.131132264663748 -0.0535699055287455 0.326587483534607 0.278165113303533 0.346239516538377 0.300295654551517 0.147698945848073 0.188648282707445 0.0293358471959733 0.080359403669827 0.095635282826072 0.204681806819238 0.253604299000254 0.168379840592055 0.128301403945732 0.010282768660071 0.313068511585379 0.353152765940077 0.275313876730359 0.276823410203963 0.263942888976724 0.178391494323709 0.267003282264186 0.294429860539773 0.258618560253413 0.227469168122538 0.232246632221735 0.167069984520562 0.184215527024346 0.185025180335909 0.180719197879692 0.254501330353256 0.227688842702299 0.230153685765298 0.189709771059216 0.207620683311636 0.0786399680253586 0.253107345049557 0.19631294860078 0.266468575161184 0.204946669571448 0.151223745600036 0.114896092883144 -0.0041890690488586 0.319880878622841 0.191449158102533 0.242164126876152 0.127724658148806 0.0334316012956194 0.0283488909227304 0.152119728512446 0.120005582800276 0.11168206351625 0.185916382134667 0.274602969129104 0.239334388067718 0.243606336930035 0.207429804789633 0.274334196111047 0.243239118316701 0.18625673163068 0.21433718714515 0.234334258134596 0.229236965118763
0.08819014058824 0.0657259556294311 0.147760764578934 0.141075916160075 0.0312101174042392 0.0946933489505022 0.106516206704098 0.00668959209855765 0.0867761327802298 0.136836497955917 0.120269456074294 -0.275650169303251 0.0858909768618717 -0.156842518791993 -0.0158857186439203 -0.0114665918312873 -0.212467059351936 -0.180222981242715 0.146105536306286 -0.0607504089791032 -0.139316896664113 1 0.161304241268454 0.120165791861357 0.0237657054557275 -0.0414218648839535 0.348134809792221 0.377313424078202 -0.244074409909326 -0.205265370171709 0.110784875720344 0.117258020795441 0.391838295417675 0.23041145841196 0.455867558318351 0.434204268939541 0.287728723487486 0.152731981063606 -0.287946029773627 -0.0459264146767382 -0.207479362640356 0.156475717832452 0.0101832627880313 0.0411333632892895 0.112814850031735 0.0666328301602553 0.011643966969247 0.297309723215321 -0.0374597400752898 0.029757391326319 0.152289996869622 0.0132914227204083 0.103967737675071 0.203195385885051 -0.040241760902126 0.100767098252858 0.201084514631537 0.0529299685386661 0.0270519732498322 0.0628058422693347 0.196772428710386 0.0530490350492122 0.207207308309755 -0.193997661217871 0.239750848301779 0.208879555686517 0.332714088254968 0.377981087555594 0.267079193518864 0.361875653523235 0.0148102012362385 0.203128990238558 -0.00943381046052468 0.00866433951479081 0.0568257014015883 0.0901394289323951 0.102100507070852 0.295259485843162 0.0561680587238786 -0.138976955727096 -0.109564012167137 0.0627174353128866 -0.374526606131031 -0.0486576684150023 0.152607167178461 0.126810034137601 -0.318105073445418 -0.0637012883824858 0.15260945936164 -0.0760156905393218
0.281471341391781 0.49492476444124 0.669441423202357 0.547852120557382 0.172027744997786 0.147542737573728 0.56186299222687 0.464954175810372 0.538991629618242 0.420116870912825 0.260010217500409 0.190882999683829 0.4631078078005 0.33214844853519 0.604277334833227 0.54867063398598 0.21927433273003 0.365128953607526 0.568154191415508 0.389722367852177 0.313178660414061 0.161304241268454 1 0.703715360136244 0.39479002839226 0.409487294747457 0.444333802756938 0.171630209590536 0.312565066843508 0.344232296584899 0.724616819226906 0.509256426365517 0.480695374554348 0.434362279376689 0.390888038482716 0.338751604662255 0.370883797694858 0.312270867172317 0.18300420717013 0.296425786373146 0.0560447962200629 0.262803864494405 0.53542723792252 0.543921295699248 0.487301225045933 0.412795091316717 0.468079646350612 0.413226934970826 0.429894101825179 0.444218658590943 0.489357018761213 0.445896561974516 0.483855819477063 0.540915425415569 0.364436558902525 0.523239115856209 0.416678694858393 0.47020127070518 0.386497428429849 0.376237396456396 0.323858868555307 0.228207229092772 0.238521915437843 0.351421442175817 0.703095158818556 0.476350621084454 0.556537365800007 0.434302721371899 0.223236879833257 0.194356751930873 0.523679392523575 0.439177436311325 0.347972465561026 0.278008904780025 0.100450873536395 0.0999782517604266 0.2878569390596 0.239673777176161 0.225074132436093 0.307434781691241 0.315872524135894 0.409638374502367 0.219016636929783 0.39111410710709 0.690878995336578 0.621891647236781 0.161996329656788 0.485067468109232 0.578173184117244 0.427689359973646
0.186196873055409 0.38812514945276 0.614975046918446 0.604263054551169 0.184041893930499 0.0899548044855404 0.458985771784557 0.517712202936116 0.350120361606976 0.440075905029049 0.156980408072224 0.158218917006566 0.285028675583036 0.432885505977574 0.440593651908379 0.650652334281458 0.178655564879737 0.358302802270044 0.379200703113181 0.333924457965132 0.338421392203227 0.120165791861357 0.703715360136244 1 0.325046026441669 0.597076115236461 0.349184550450274 0.196370700016278 0.190816580489186 0.331252305879219 0.606024066188673 0.597087613062481 0.392420874898946 0.411870169097666 0.321778192172031 0.331411337119863 0.3269791761933 0.239646257691551 0.120277612815127 0.201209897934024 0.114498711852937 0.167939877972706 0.386963173044584 0.402791447412136 0.278083464671694 0.273133871305883 0.340739892536837 0.327838103095394 0.235950809500492 0.282346581546162 0.328449534477321 0.273879194379766 0.363860990449772 0.38146258242869 0.292098759843296 0.536828964555616 0.335575525230842 0.426335585168334 0.188513231510843 0.252918599520343 0.186030359414044 0.308017549065239 0.175189349598344 0.313872642023264 0.573901667357888 0.663821177230899 0.434319603680923 0.385676991935358 0.179899092489983 0.150643515562228 0.492348157567123 0.43309016695037 0.217524754393766 0.292755241659968 0.135463415751527 0.142319515783079 0.236515384933397 0.259080612112042 0.219520277167077 0.323288821504384 0.385400658040708 0.424203328579855 0.242621042412734 0.421936781017598 0.590071963481967 0.63694503004445 0.114694031883552 0.521696176377792 0.443476147035154 0.526935412653372
