1 0.815113989791039 0.653861447489509 0.617705157334278 0.443973310108338 0.478052359451919 0.684806120720582 0.613313209334736 0.269522434792617 0.322233277276334 0.743501780719687 0.594544387054909 0.695288232659017 0.511424350868645 0.460884840520363 0.461961819773547 0.703396910370451 0.581350581864716 0.676785243678022 0.758770478112002 0.302758905421871 0.208677384814422 0.501110194232344 0.403980358895894 0.467633336691585 0.461724573123591 0.38562555696161 0.322209897412001 0.67507828207654 0.611639574987492 0.564893621322692 0.493485067608842 0.597506555960071 0.57940461295159 0.193875706369327 0.162695117524417 0.243559179425614 0.360062169727659 0.271965442753377 0.403149889794492 0.283571686770907 0.366382119064725 0.730200215262418 0.684313778560259 0.701844594889432 0.492468821218428 0.566103492351295 0.739331688400824 0.610505005682049 0.548386397831718 0.66133379486649 0.524838770854014 0.702013758475214 0.51208405748809 0.496901659544407 0.5302475748626 0.804501997389267 0.81586514626172 0.612236884944612 0.565379496532282 0.707935088599708 0.463590675630574 0.66598028541753 0.539175263971986 0.283769350167598 0.421142528703256 0.271261973438328 0.275682873652663 0.502145411343947 0.44592305837935 0.366350387948338 0.492270328950155 0.42998898973701 0.256527522288568 0.153403665217612 0.11416918571649 0.220121896498158 0.358495967620513 0.606668494316355 0.591208353184756 0.68295128434785 0.646895365718645 0.465578958969125 0.372772198623087 0.654933729399659 0.599316414376167 0.277265608912639 0.316792217312923 0.622678533718484 0.638301594658177
0.815113989791039 1 0.575213516434389 0.581929381452008 0.405017940251897 0.423346382594075 0.637603469927829 0.583220977071284 0.333268624062565 0.315194383908214 0.620110882656378 0.577533818666593 0.591620600295349 0.536076512536335 0.436962909157702 0.429469031990279 0.757250392956567 0.732713065859734 0.629775958636215 0.770337157734052 0.361867822781126 0.0998054147124958 0.464074045368714 0.386677145201175 0.5292353925296 0.523912569451446 0.38074133706144 0.300022360632411 0.699879447740459 0.716197857512892 0.606174082282219 0.507246602346215 0.57943788686475 0.648979059311459 0.127147389639299 0.146962736815317 0.242209297833368 0.462775274407422 0.38361948751751 0.538260509784018 0.3616718618146 0.399014446694713 0.731812328505049 0.741939399790066 0.724901826240588 0.513215907808891 0.596187270259275 0.72731812382475 0.715217350032233 0.645414062188293 0.747131544682872 0.634485459837106 0.733578528660837 0.516847304214469 0.555571976230686 0.612502846012006 0.804307742101739 0.877999938199898 0.593194432793856 0.580032182092474 0.598538544463323 0.389513624064014 0.640068296370167 0.648114884032994 0.296683132196646 0.402310567236398 0.21137965352374 0.212216123303967 0.452589930432527 0.39515043423644 0.321973095015225 0.53083324498943 0.456701712375693 0.339473196421329 0.193812785479925 0.0820988256893696 0.154490833658695 0.243014264394054 0.599841727619966 0.626606019391499 0.667031736295859 0.726799012895083 0.509282140630375 0.507923099262748 0.653656422012578 0.699981637814476 0.391650240394859 0.406243416080837 0.605432991976066 0.693098095076766
0.653861447489509 0.575213516434389 1 0.805533296418222 0.607521215356748 0.363194176389361 0.851194416723012 0.624256689453033 0.383233649764478 0.331404270664241 0.447184369558235 0.265964380300951 0.640006829669647 0.577200569937194 0.655498524312041 0.570432588683129 0.556703317437551 0.376461953789096 0.750415764259488 0.712434300069065 0.26072464398125 0.232380483335589 0.85983563727969 0.739738065998627 0.515104237774106 0.546273378690349 0.429207302287813 0.289874057527415 0.493023555355136 0.436270564476739 0.715288191712653 0.762324247447585 0.708631765075376 0.624140239618226 0.539820536802695 0.368265467092763 0.377326222381465 0.219153852696257 0.0525254053377805 0.199801985387485 0.202697970355511 0.342593753092004 0.738919876057981 0.611013306710282 0.649553669976675 0.547333658015525 0.676343696056965 0.693370755756429 0.498951367971126 0.542229369947486 0.594217099352372 0.505340872770166 0.624903207637305 0.553267371510764 0.198876579394642 0.291656143273918 0.620932903199906 0.567908167363796 0.629231294263367 0.500553477392488 0.594658094287638 0.442503646345421 0.467248018535984 0.276831121686497 0.663238561413248 0.615328615803524 0.571448772724369 0.555737866179429 0.511596099480436 0.53540804057531 0.52983716361575 0.565694512922399 0.540904283981234 0.385921418345958 0.284790735716256 0.263178881506955 0.370044016454471 0.37853437479882 0.543941550233615 0.497149381512064 0.629201987393186 0.679142197714459 0.433679369317642 0.372334451168449 0.794472877958586 0.657305188582757 0.229502199030063 0.413648091472052 0.751434099094421 0.608957101462062
0.617705157334278 0.581929381452008 0.805533296418222 1 0.519985386352871 0.563092687643381 0.718473952720227 0.81291015233589 0.314882178867325 0.543359730240309 0.363906293424742 0.398851615689559 0.523161776757719 0.639499487909639 0.498163812744693 0.650074484253715 0.478910527091298 0.374465761744351 0.623709212768588 0.603071012984905 0.280342663118857 0.137655758085325 0.709973644189496 0.766709980139006 0.55839067322173 0.653911413442508 0.446949248636166 0.416980870620797 0.463739858750937 0.423589087739669 0.607266861613943 0.777672835412176 0.623128712766773 0.600494950398914 0.436645260747355 0.366055271818846 0.332845790047602 0.292517175035965 0.166160747415484 0.312956495364045 0.232368953882089 0.31943858563743 0.702921832077211 0.614676212234844 0.660004608506731 0.496639834382694 0.585737485184867 0.709436449984309 0.491351197636472 0.469107571795827 0.575040666034051 0.430723855702702 0.648021005205959 0.540234579122366 0.311378242098464 0.379694617860997 0.569732745886926 0.56623673763395 0.571002153481601 0.498831184395041 0.595139448364379 0.59607995971975 0.416878064904248 0.343816156458241 0.548322398270035 0.806750155458781 0.469491055747736 0.530347226490478 0.395493543824885 0.41424505168786 0.498683285125011 0.561883676518521 0.474787011519216 0.351875736999006 0.235900875476715 0.249316940876308 0.264956852714568 0.336408711176893 0.472838873920374 0.437029523602005 0.540163538110914 0.677817934369372 0.413819606192908 0.427459971144904 0.705794556804864 0.740585856616357 0.227580993029053 0.457428671784975 0.678193698172408 0.700446117982828
0.443973310108338 0.405017940251897 0.607521215356748 0.519985386352871 1 0.427564427114243 0.61762621882161 0.50456885116389 0.554382981449684 0.445472880617563 0.261078439705404 0.141923710873196 0.438247788419114 0.335426484065438 0.486835904390522 0.405194523949841 0.339766606872753 0.117731898930638 0.4517834632287 0.340554184771721 0.328653981550345 0.419149921077134 0.556996735316122 0.45126754801281 0.395491572204554 0.428954021430509 0.470922794244593 0.33751882660404 0.255172441697801 0.137590439036874 0.380615810330642 0.432977338588142 0.562784328943713 0.410225847422843 0.539925108921839 0.274637649824414 0.459612646745318 0.0816607108957321 -0.079586797966146 0.0664404730988937 0.208517384760805 0.296035301102689 0.609356755025744 0.513184949153888 0.542216009056291 0.599340380530286 0.537003747779351 0.535507762431465 0.423069017347361 0.567420470953876 0.490087870616459 0.498130084775146 0.429026286125738 0.520120340934807 -0.00310289770276759 0.164311869042463 0.465367442984015 0.349840347776086 0.595103459595443 0.517552879304456 0.491048418870987 0.476652364205804 0.243787259630412 0.0699367600696096 0.502253837115074 0.539585997834588 0.56718378301537 0.507191439499533 0.459435052235248 0.49281572561411 0.627944955439346 0.466014549422231 0.470462177411221 0.417728230037432 0.154707595271889 0.29067322823439 0.411352402010905 0.445657694154887 0.266930544387904 0.0877520641554269 0.405506874160345 0.413566683116444 0.166136947589353 0.16502039516485 0.570264546757558 0.498148155422224 0.0366379473680407 0.185930350183142 0.606861456587698 0.518939020195704
0.478052359451919 0.423346382594075 0.363194176389361 0.563092687643381 0.427564427114243 1 0.444589771167111 0.562596152583506 0.141189347499678 0.546239044408819 0.444285522866553 0.35232026612469 0.458828893488168 0.494617673780222 0.338777203559687 0.611255856127676 0.34708936176056 0.307426559720899 0.372422667920962 0.374985085868551 0.208026371845401 0.116694474757619 0.386619247268287 0.402039270841777 0.461688694341434 0.445466003021188 0.472468345654879 0.410406181297388 0.319406529495398 0.342982388135885 0.341541724343218 0.406635484847551 0.265788184842998 0.263901634189763 0.146167724833364 0.244785155600427 0.118528476524513 0.296377541016706 0.233871757722531 0.394960758769026 0.232147613202675 0.145815232556782 0.542222648168599 0.550736946378271 0.518818519473729 0.336619800216173 0.278066501792251 0.559367477935082 0.409661040282219 0.341983941293172 0.420295488559739 0.254659869402453 0.45814843158399 0.36245178847401 0.407347678523987 0.473423963709736 0.440063664405455 0.42203422301486 0.285147709528652 0.231633118017812 0.384549499420297 0.386200223333634 0.343307420320128 0.282555005409074 0.318974252162488 0.477291855463204 0.134612995606961 0.147911842813081 0.243680891825054 0.133816892484292 0.244606887820372 0.360135312825512 0.170188009997708 0.115961676617626 0.115667109751396 0.0896395380701168 -0.0398362031665854 0.100769922544674 0.371128734425254 0.349944357790255 0.387233352530636 0.502629360567576 0.303674028694327 0.309159886424035 0.512684704773298 0.524553259231684 0.231499762831927 0.309502664401124 0.379432901379979 0.517469257659207
0.684806120720582 0.637603469927829 0.851194416723012 0.718473952720227 0.61762621882161 0.444589771167111 1 0.773387654592434 0.477205166726581 0.409494522551067 0.533433485225667 0.40776421687985 0.738000824825806 0.623441971869236 0.581560849808478 0.516670500109706 0.51365947340181 0.388948292996368 0.69642245322277 0.698396658265709 0.234277294462884 0.150076431793792 0.663816933034933 0.51976403467461 0.295760546277651 0.332345756021351 0.234468186237394 0.12429209621421 0.525475145749776 0.498971403195981 0.634873830663874 0.589315216201877 0.659049990286364 0.595814979723964 0.292882700185218 0.13571243373651 0.214707344460069 0.18722112214518 0.125743054126504 0.232902939759277 0.19993018182944 0.358639943525152 0.749847343172155 0.667359722114949 0.650018055075036 0.540644610593972 0.645505667416406 0.721453515641965 0.567521607172084 0.572784499114453 0.649572674599599 0.552268179598237 0.651241807170507 0.553955242036065 0.277852213480026 0.338690138847779 0.593348217581466 0.566774186420763 0.657503109299816 0.555899336845286 0.739110443791187 0.540032047728854 0.604131987119014 0.476876666742845 0.509900902905057 0.540619579816554 0.447528754220029 0.41330130357472 0.432679240144522 0.458071381167847 0.465685874089848 0.517651302518892 0.454153557492702 0.338263765004057 0.189389707319929 0.185093758603974 0.27307754775645 0.292916870456074 0.547638909452908 0.497030254852521 0.603265291329706 0.635830915253427 0.353536412767206 0.300500001882354 0.658312001423114 0.600393420198344 0.200386976931182 0.211647077119619 0.633317759176372 0.590112948815578
0.613313209334736 0.583220977071284 0.624256689453033 0.81291015233589 0.50456885116389 0.562596152583506 0.773387654592434 1 0.457673019993426 0.647805674016369 0.447160282348678 0.638086190064377 0.657067309422484 0.718827020938885 0.442186949331981 0.565072998750684 0.379511752273458 0.302273528631107 0.533557309069854 0.540862357513603 0.202780961601826 0.129986507569904 0.498487882999448 0.526938005411116 0.247777024672979 0.334722736593847 0.179657747540995 0.21275522131038 0.504341393793857 0.499978994944042 0.505603710816224 0.593277699552753 0.599978615643801 0.609527251286136 0.215415540050281 0.0456793190916327 0.212514390931433 0.186691601015761 0.15556887997121 0.27522236627269 0.243922292987951 0.326440694707279 0.604075364870368 0.548815055539482 0.55219179419694 0.424882952426362 0.520465351753804 0.64607767851124 0.451159344238538 0.446792577927705 0.525936674461425 0.419406209964739 0.57155437212974 0.443922484534369 0.26641691269522 0.335993260391399 0.406713619829565 0.482039493294799 0.552509562756058 0.58034081394951 0.753217385940352 0.807571851288557 0.506673940242873 0.532760266026927 0.34953339646383 0.731830025643949 0.363731943681877 0.42315575411681 0.294767628014975 0.343157234206245 0.477814816236258 0.502995577858146 0.367467332077294 0.333890109079828 0.114152994577643 0.240201820400016 0.275342029258012 0.338813279559285 0.459225001915137 0.371281213714557 0.454783601084795 0.523372471017456 0.239901331189085 0.266382957027202 0.494898141076346 0.602749770032311 0.127750670604793 0.17809905445886 0.569635353248339 0.623587301032539
0.269522434792617 0.333268624062565 0.383233649764478 0.314882178867325 0.554382981449684 0.141189347499678 0.477205166726581 0.457673019993426 1 0.619158296953129 0.119725658058319 0.37252716224595 0.527876299182002 0.36713534027317 0.565251864347325 0.379420815377667 0.209093670511525 0.107148067946321 0.17827887412169 0.16865216229586 0.292489539799701 0.15429997168012 0.405790258919115 0.362601774676059 0.144673574834207 0.192466843522265 0.121078477532051 0.230530402586005 0.244789360511213 0.261154988956926 0.324454367929159 0.244338925201693 0.355982570325761 0.262683245380733 0.236850997799972 -0.0671265274645119 0.279753871172624 0.170009342977624 0.0997987141479494 0.181352861150514 0.151210763271653 0.27566705786649 0.325488736270957 0.272329186361535 0.25831764230643 0.23430549253574 0.365466128925587 0.316593177625529 0.243449656556531 0.284175246653142 0.277487315754205 0.280856495306261 0.275070538606023 0.23733508701114 0.0325382714830382 0.107481462183007 0.217638286293838 0.195251554969829 0.324032498592197 0.371168413606529 0.541276051574487 0.587042087409775 0.138469219363408 0.188241707186724 0.453063439503208 0.47145287458989 0.255595213476174 0.248307893692391 0.232036964160459 0.381911584006458 0.415243238479753 0.342442477866356 0.260242334391789 0.254838229643043 0.103914756535531 0.224923079423834 0.317960576500433 0.348360402369821 0.250232681491343 0.0599369610326154 0.301176905396785 0.303356562620842 0.103574320985682 0.13680286205101 0.349576117088021 0.376216541543642 0.170657725696412 0.0697971328178685 0.524098395138027 0.418766746004907
0.322233277276334 0.315194383908214 0.331404270664241 0.543359730240309 0.445472880617563 0.546239044408819 0.409494522551067 0.647805674016369 0.619158296953129 1 0.123005188681428 0.443733900756149 0.466609900191483 0.48071795948549 0.47425058705813 0.594256834105856 0.125472708840995 0.204382760103389 0.160372144201973 0.113781154063615 0.210516702392637 0.00268191070847334 0.420068822407333 0.465169519131006 0.369352854163221 0.374202450115252 0.335712607844221 0.39194838963299 0.147483393212737 0.23745376545732 0.207128640676971 0.285290989358385 0.172237077531912 0.138065047440502 0.178022659342154 0.150917068665226 0.126112108577106 0.328370069797359 0.29397737846878 0.39753792383369 0.15736815895883 0.151526813034654 0.397395897909521 0.463416158338279 0.393128797712771 0.245464950310177 0.231071388932934 0.513306683769013 0.349565644770678 0.279946140169 0.330652977933982 0.265490644631311 0.387206911905176 0.347074095111062 0.323601688256606 0.399923522433042 0.240745287932763 0.27887630930221 0.242509423401914 0.270695979530643 0.466190125682992 0.655939176466561 0.0875159755549292 0.216598917207453 0.491621179206817 0.652829286621659 0.0716451763038664 0.112630186736583 0.138273862128685 0.149361465943082 0.254310157999454 0.34752011530838 0.0518592533884201 0.0601566077997854 -0.0403508967638836 0.0350508277458486 -0.00327533483353561 0.0723032044501273 0.233515238780138 0.210348135804464 0.171639021169489 0.368765636388901 0.226042589191665 0.283869051280871 0.45842645894312 0.494913822980572 0.302928549092058 0.297774238606995 0.470014109568476 0.619936502799319
0.743501780719687 0.620110882656378 0.447184369558235 0.363906293424742 0.261078439705404 0.444285522866553 0.533433485225667 0.447160282348678 0.119725658058319 0.123005188681428 1 0.541591398002854 0.702863760800672 0.518725880225602 0.423044174610821 0.410705877889083 0.58927360634708 0.545145137590305 0.661283643619847 0.706673379127567 0.163202223579377 0.112741545189543 0.335412309531552 0.242478658649284 0.236712009766378 0.180348497261593 0.16856337717695 0.178873057451941 0.688015327793297 0.58733646895956 0.477415500584818 0.388931463242128 0.442631713028979 0.488982052926454 0.0475242080422122 0.0185372957963333 0.0735033713517451 0.329442506556702 0.282129576183261 0.362877111988607 0.203281838704826 0.227905151938722 0.529990314032169 0.493401730775979 0.484486059290011 0.271836636687047 0.373911373377337 0.508608573494361 0.39093451306515 0.311963469202525 0.404852174967305 0.258403718117166 0.480485297519273 0.274066144478203 0.44068683785318 0.417082079471557 0.523171852000629 0.613087070810912 0.327434530307776 0.301685770075205 0.505551660707843 0.216199164021081 0.755461991086969 0.601710065005422 0.100060905131495 0.144760831264612 0.0880876596021388 0.0796335372612683 0.276463042360473 0.212731078624902 0.188324140157041 0.402743225353803 0.289455427542786 0.135720104863618 0.189651100508134 0.0478005071444946 0.115053898696836 0.189467630460863 0.557623668406536 0.54418740998227 0.587891594464903 0.527665569069692 0.387503059355453 0.33770524102844 0.508298629360584 0.410884273408316 0.28202025685018 0.23448150224134 0.417842519769404 0.398872379937957
0.594544387054909 0.577533818666593 0.265964380300951 0.398851615689559 0.141923710873196 0.35232026612469 0.40776421687985 0.638086190064377 0.37252716224595 0.443733900756149 0.541591398002854 1 0.594158000926324 0.658109556394856 0.322579154098889 0.443392266870318 0.401703512992391 0.496460767886141 0.290300571541441 0.425528743023911 0.24991235051277 0.0234686316870267 0.192754546955855 0.283788434133147 0.211026540259005 0.206255226762535 0.0584371852070258 0.190263790887377 0.58948090214449 0.682708906131127 0.434634431190349 0.325544438813496 0.290708794592334 0.462055265397027 -0.137761417647183 -0.0619184132951194 0.0352221503724133 0.48703382514487 0.476599170592589 0.545542126968755 0.226874518975126 0.298803843120105 0.357393372598179 0.427138374525746 0.371152277173912 0.0625176192996975 0.221125406158128 0.424407843646159 0.318088227268091 0.202315400059208 0.363175202053239 0.240108640898933 0.467697692590252 0.13768247145429 0.50267454057587 0.526401858454805 0.290151694446008 0.489560145313692 0.202337536038008 0.369562836471795 0.595930414555909 0.585319457188173 0.549876960618264 0.720274210977785 0.056679941315265 0.370983430174698 -0.113746497206469 -0.0333006309912553 0.0310355697197548 0.0555922733644128 0.121690186740873 0.386308943740444 0.0653413231889748 0.0489667472526697 -0.0068909598308277 -0.0299305473065051 0.013069016288049 0.166912401346066 0.480511747832127 0.433589935022465 0.401199103116609 0.409402202625803 0.325061646020299 0.309176845917926 0.291881536681699 0.486294699493308 0.329419465008752 0.277863075971591 0.344227498807683 0.540862765730157
0.695288232659017 0.591620600295349 0.640006829669647 0.523161776757719 0.438247788419114 0.458828893488168 0.738000824825806 0.657067309422484 0.527876299182002 0.466609900191483 0.702863760800672 0.594158000926324 1 0.7207450414914 0.787241920151806 0.624991188969739 0.524277015982225 0.44116472895297 0.653979786249985 0.629684649863008 0.22427771770427 0.14479951006682 0.660645475470426 0.512429598964695 0.259018545226686 0.247208968672445 0.169060299706225 0.256143372060399 0.586649739258365 0.585872686230007 0.540126173072104 0.50066912264815 0.503409786485358 0.465570969218694 0.167367571198725 -0.0760850880718533 0.141110999763642 0.291524154588793 0.255786936176481 0.365573153467495 0.202024018067153 0.314298814272062 0.608414947612341 0.539290870927783 0.506740888917205 0.307866544206788 0.541131249748447 0.622640446568628 0.417526452268306 0.415819658161343 0.488800112490797 0.418442702470277 0.613679266016001 0.41615575935211 0.348440183667703 0.398954707384269 0.516615221599074 0.539212621423166 0.439575928045626 0.4413378131778 0.693412368163373 0.54421396547097 0.544314698346421 0.463945755525037 0.503046884433543 0.474585499738777 0.224576259974713 0.212408590587577 0.291750956762198 0.329344771439441 0.311736729915553 0.467878899426256 0.309127494751275 0.197106266395609 0.177110153872614 0.132379916946696 0.214534017265172 0.252766588909981 0.603648811813691 0.571630117311327 0.647956221191659 0.607943225411568 0.434696435858782 0.343565473461047 0.647193926158398 0.514489167215621 0.383226429152685 0.269578853204566 0.647699887820421 0.534065534479541
0.511424350868645 0.536076512536335 0.577200569937194 0.639499487909639 0.335426484065438 0.494617673780222 0.623441971869236 0.718827020938885 0.36713534027317 0.48071795948549 0.518725880225602 0.658109556394856 0.7207450414914 1 0.657927682562687 0.794973953457182 0.482066075518405 0.404521148537112 0.555949378289772 0.614750223841584 0.219154050447025 0.0997490170770849 0.578503553020903 0.688353149605721 0.315907165834571 0.37588348630131 0.154715776372179 0.230460184861346 0.56852700809626 0.603308389206346 0.639273866466667 0.676059662484007 0.498865405077802 0.575725012115971 0.158051932168084 0.109085689674746 0.098269291599453 0.327570424363952 0.287644751363937 0.42474993388176 0.18958536840856 0.281397197992264 0.53690749401116 0.52842083237783 0.482936233176672 0.272457529273138 0.426116822618305 0.55882259127831 0.364531544955321 0.348271547980099 0.45912697826758 0.34283677861012 0.575839775262089 0.320639109721511 0.355850981684609 0.41298994478262 0.414165366605955 0.434303489439745 0.329449512639299 0.346575426669357 0.552591266850256 0.485146040131084 0.551543161062984 0.527520241061294 0.411526683540946 0.56999989316286 0.186495394615558 0.237249525928437 0.167225091196911 0.215866158416673 0.255963938357696 0.450173379675917 0.185653714065087 0.157163328140469 0.143672632951745 0.0793504144273055 0.120878747768538 0.176596622781665 0.535967779432831 0.524438728317143 0.51992473606876 0.583452060341305 0.451720799424364 0.423352484453444 0.586527772832249 0.697683860200906 0.355609972021472 0.474962789063484 0.5679471793419 0.587047032453908
0.460884840520363 0.436962909157702 0.655498524312041 0.498163812744693 0.486835904390522 0.338777203559687 0.581560849808478 0.442186949331981 0.565251864347325 0.47425058705813 0.423044174610821 0.322579154098889 0.787241920151806 0.657927682562687 1 0.712006557881148 0.439625832805456 0.357883580995204 0.610320626190407 0.478072172238075 0.342113487978239 0.0925298743249556 0.808805465699182 0.678818113084636 0.402270241994008 0.382435445695322 0.336924248551971 0.376228881169346 0.433615381319843 0.418482725492125 0.529440115728504 0.567671081234915 0.432342072478993 0.3514924606718 0.342417867361594 0.0919216077599623 0.229025191956223 0.307803978692819 0.191905987327254 0.329952256428136 0.146758637969021 0.280811996147847 0.51931379112559 0.488811099801413 0.447033542145895 0.309273770856833 0.477932063122226 0.535880191487934 0.314300302209199 0.383704516293198 0.420727411659554 0.394461555218825 0.559615280299623 0.39846828367695 0.218042124185387 0.334033984607563 0.448324493484117 0.427732148989625 0.384760365812447 0.351190036205015 0.51797339307657 0.384615114501519 0.352869456092125 0.23367822455354 0.730921958140313 0.543703658056508 0.284181335125427 0.256488501404772 0.295032836487015 0.350704797816753 0.32910158318643 0.450913132291061 0.312445903880821 0.241937332511228 0.163533079499301 0.111146737555846 0.237191891503111 0.199761727593313 0.43897540458857 0.421891325660034 0.511648446614254 0.568215784548121 0.490983155976969 0.40231890735864 0.734584397915627 0.569451799236856 0.459180183905254 0.472999246788265 0.667413250056142 0.562600045764551
0.461961819773547 0.429469031990279 0.570432588683129 0.650074484253715 0.405194523949841 0.611255856127676 0.516670500109706 0.565072998750684 0.379420815377667 0.594256834105856 0.410705877889083 0.443392266870318 0.624991188969739 0.794973953457182 0.712006557881148 1 0.456302773751883 0.376501356329873 0.47014477296446 0.485472587794878 0.268984099072111 0.124010786779456 0.67242105844096 0.805899788662984 0.431004772809824 0.484016550525646 0.334389413755487 0.459165140743184 0.441181174068595 0.508398519969044 0.596593250121518 0.714877375326215 0.36920065733345 0.420866504573883 0.266234997652536 0.271021649517434 0.180469137190119 0.404990344580612 0.294358044917528 0.447499292969707 0.242872881854102 0.219329765097717 0.517857365601295 0.511294610651721 0.446620160801218 0.22156205024229 0.342234426605773 0.507792739501231 0.312629679345669 0.253121464340924 0.363251598863403 0.221279158546291 0.510910574393992 0.291762027917565 0.372190762773393 0.431408640070614 0.451003972561801 0.391485965824482 0.205497120133103 0.189305068644898 0.394931215206222 0.365144453148643 0.355069020386814 0.304450571736649 0.559406877614655 0.576728453134305 0.13090024940815 0.182041050566737 0.18381184732678 0.195434125129582 0.27111579306873 0.461023711292282 0.205395048521466 0.172531831578829 0.140770498397672 0.12692311102767 0.068659493019068 0.187471571715824 0.500594427670405 0.472738611154118 0.515412530651597 0.590077627573777 0.487278861308589 0.427010016451752 0.665819603768025 0.640132546125637 0.376476504769883 0.555314214284972 0.601219386518635 0.605257692295026
0.703396910370451 0.757250392956567 0.556703317437551 0.478910527091298 0.339766606872753 0.34708936176056 0.51365947340181 0.379511752273458 0.209093670511525 0.125472708840995 0.58927360634708 0.401703512992391 0.524277015982225 0.482066075518405 0.439625832805456 0.456302773751883 1 0.712700915190278 0.582290955794623 0.748025307290419 0.315488523738485 0.223725678048297 0.483797158775588 0.469937298672737 0.471505683667129 0.472259429927386 0.332561900487856 0.349905959022527 0.700520816381042 0.672439086373697 0.574361387838226 0.554056472594411 0.624305005105154 0.664083233290493 0.271085695415351 0.201745674837191 0.272718878410667 0.275863362534136 0.161145134437237 0.350124016563629 0.196195115333808 0.342813429373002 0.64207846507051 0.532707858494898 0.56228119484146 0.357584123886508 0.583937436072345 0.511795003190268 0.424591753283186 0.377595714444648 0.471485498560926 0.350971044463695 0.555688490670297 0.328346412486405 0.333656663629049 0.347785348599402 0.794628604138071 0.735853478252651 0.4757716345003 0.36339656350895 0.405308955566496 0.190978006200307 0.640383330162007 0.473262739896473 0.347050636072688 0.303237053734683 0.308037599506629 0.306848257581404 0.554677594115646 0.506705965905054 0.306657478059088 0.437822971591365 0.563030924905727 0.43851265996274 0.307278126240371 0.194407770023938 0.298229974132957 0.386393357751333 0.752661014414459 0.691697281173974 0.852349475885214 0.689936284254758 0.451597829072471 0.323187764730338 0.618983215657038 0.530571355637326 0.26414615641316 0.368613675887966 0.58692156371734 0.457040947201239
0.581350581864716 0.732713065859734 0.376461953789096 0.374465761744351 0.117731898930638 0.307426559720899 0.388948292996368 0.302273528631107 0.107148067946321 0.204382760103389 0.545145137590305 0.496460767886141 0.44116472895297 0.404521148537112 0.357883580995204 0.376501356329873 0.712700915190278 1 0.462356716496479 0.581809001209683 0.261770976513597 -0.102434202206528 0.326058005359147 0.274207497856096 0.531120539910735 0.399224149605371 0.329915717955605 0.213009699793633 0.691676080018203 0.778134212110974 0.480740534901062 0.370143056663342 0.253564389877799 0.407820783486926 -0.0934072601409082 0.2227391883277 -0.0461602013090316 0.683473794911923 0.66117734526451 0.729996231767965 0.172448324557819 0.200085631545333 0.468005694864378 0.58715334860473 0.487187513277711 0.108070878261557 0.224634013136029 0.521403602426526 0.441962150551976 0.235246164129701 0.391218752722817 0.21451262259817 0.489886948708535 0.186053078624981 0.742864303298284 0.713131083586694 0.59910723008565 0.764278333884939 0.18465113669292 0.134868279287134 0.321177004200642 0.0417736245910601 0.655250539005919 0.731729537944246 0.217153620095268 0.185244474437096 -0.193404549329048 -0.167862739974604 0.22050349410393 0.100675690282862 -0.0696413216407922 0.426467861662927 0.196763027030411 0.00531526923133309 0.0651573258652474 -0.221739014438763 -0.229209945009016 -0.0790766927760153 0.630513721384946 0.739026727241535 0.567102121185053 0.732081971391955 0.628958253827227 0.641786376247858 0.51255658045581 0.559584582231943 0.629821448323543 0.537856535523812 0.305700845709885 0.534298297443471
0.676785243678022 0.629775958636215 0.750415764259488 0.623709212768588 0.4517834632287 0.372422667920962 0.69642245322277 0.533557309069854 0.17827887412169 0.160372144201973 0.661283643619847 0.290300571541441 0.653979786249985 0.555949378289772 0.610320626190407 0.47014477296446 0.582290955794623 0.462356716496479 1 0.810104384245689 0.263013927130915 0.201483486232998 0.646970114309897 0.486713147668799 0.340901360755426 0.383855448967736 0.322883832568649 0.198638454900365 0.639924390278986 0.520082138487849 0.621883176179707 0.649493071822006 0.668502961515876 0.589030707820129 0.312847226304406 0.225802687593742 0.225583603993566 0.181686604843331 0.0928470442368083 0.192581655734657 0.183977879751732 0.30402039016079 0.642341163800599 0.578617883802486 0.551869045658579 0.465828842848987 0.547518294873391 0.617276637304494 0.474382193413427 0.508300181698464 0.54248767738864 0.502221707335 0.561126447950283 0.517303227065178 0.251785938611747 0.297903721272885 0.616315012865087 0.63674711418166 0.61306070628438 0.491535938366132 0.505171553103259 0.245514273164856 0.602644203960423 0.407305515962686 0.345542102822896 0.384905646634968 0.421824703468522 0.404536440922439 0.512034298926825 0.464659595708105 0.427881076488797 0.540224805729062 0.454348246630628 0.340475973968895 0.253089008200752 0.154122909015474 0.271502318115512 0.260770760636767 0.521453603034357 0.535897236413749 0.581557568440972 0.582858788638564 0.50151440608019 0.389898827874283 0.664598719712358 0.504507016746403 0.260735510051083 0.325316359079177 0.584788621060537 0.526291949149578
0.758770478112002 0.770337157734052 0.712434300069065 0.603071012984905 0.340554184771721 0.374985085868551 0.698396658265709 0.540862357513603 0.16865216229586 0.113781154063615 0.706673379127567 0.425528743023911 0.629684649863008 0.614750223841584 0.478072172238075 0.485472587794878 0.748025307290419 0.581809001209683 0.810104384245689 1 0.24933453318505 0.192579890449222 0.54978882073352 0.487426594389111 0.402790273443934 0.392122361844391 0.294025674899862 0.202314214422269 0.71357937943866 0.67607069323251 0.730941916228962 0.651877511100156 0.709473940526451 0.74115997598721 0.257447051253517 0.166096153218975 0.215243029399085 0.21684913209708 0.114854161440004 0.260246380188465 0.234798550213068 0.316787408404734 0.682377944824938 0.601911177854888 0.618890967436249 0.460814749978672 0.600494953063408 0.635714529556224 0.554393638113433 0.516365012836805 0.602494439691747 0.471853396602428 0.614838128032459 0.412012079799316 0.31627072198507 0.337344834339247 0.687130011846436 0.696399427581307 0.594524838289488 0.487946790359411 0.556867762054308 0.280856632507537 0.692428554565159 0.539356885264641 0.291101333240252 0.328056457117258 0.37695160906566 0.376379356811138 0.585675241135202 0.557461431419641 0.364515215694036 0.523250181520558 0.49036212373676 0.371342247728293 0.249255986291981 0.209215537753889 0.285492034664711 0.317311335639463 0.648884997112763 0.646609654837923 0.714072355916119 0.655298432426386 0.420047147698765 0.34618942964567 0.626658008902085 0.561904321561895 0.197931432649126 0.31040918681182 0.61220808673152 0.493185126135788
0.302758905421871 0.361867822781126 0.26072464398125 0.280342663118857 0.328653981550345 0.208026371845401 0.234277294462884 0.202780961601826 0.292489539799701 0.210516702392637 0.163202223579377 0.24991235051277 0.22427771770427 0.219154050447025 0.342113487978239 0.268984099072111 0.315488523738485 0.261770976513597 0.263013927130915 0.24933453318505 1 0.0484621952565948 0.292485002144811 0.312925883490483 0.363030226192627 0.394266618193772 0.362269664206445 0.338749440860639 0.323872784109122 0.272215936637867 0.377532793403038 0.303347417198216 0.329540498533586 0.307107729502325 0.233948371570178 0.167554323278813 0.285810230220878 0.258544211084319 0.148322875016234 0.236431015943419 0.291831332769267 0.323215976452183 0.32044563046601 0.348445080874467 0.317661320806358 0.238273619804926 0.19647590733486 0.336613386819536 0.266263177237021 0.292885058401392 0.301205539863323 0.27858856358242 0.319327496109188 0.252526990060047 0.138306005866661 0.264470736173114 0.346726313750357 0.304926119460988 0.251952328192607 0.275744390159157 0.202388290806774 0.198124572956368 0.216667429882271 0.17556048434197 0.179237060635151 0.277074298675342 0.182721747688701 0.186396642656964 0.301627942075562 0.310671759560643 0.293871995665581 0.347889755903067 0.229574752881306 0.209677662500114 0.0591878780876135 0.0879183545269545 0.178229764728045 0.290644749471946 0.206949916181084 0.166425921132565 0.343829344830958 0.375671943925203 0.326517263226248 0.273926445345203 0.3270922719861 0.377315761864504 0.138346348504525 0.298379758599437 0.369845364386786 0.376657278243905
0.208677384814422 0.0998054147124958 0.232380483335589 0.137655758085325 0.419149921077134 0.116694474757619 0.150076431793792 0.129986507569904 0.15429997168012 0.00268191070847334 0.112741545189543 0.0234686316870267 0.14479951006682 0.0997490170770849 0.0925298743249556 0.124010786779456 0.223725678048297 -0.102434202206528 0.201483486232998 0.192579890449222 0.0484621952565948 1 0.179344546765118 0.215454684938977 0.0784846003776458 0.19350507199656 0.177387750518926 0.186164955497349 0.222801111552988 0.0406200168993542 0.198210971135951 0.234675542457287 0.428021593500731 0.328726840140902 0.393893991843304 0.142753250058353 0.503341486697827 -0.1510311686329 -0.320141610256339 -0.196637799838597 0.322250989453176 0.270906803754012 0.233525616218671 0.0655283717237834 0.152992821439383 0.255510050854116 0.374758310180108 0.0948894799852995 0.119325363620017 0.222229831778001 0.163083019657354 0.200213428796282 0.114835471169401 0.160665107851268 -0.244149730939683 -0.187092507746883 0.1944839336109 0.0655773983902423 0.323900459137922 0.258036099188469 0.146388672349317 0.163247560281817 0.0453822791465937 -0.149965829351685 0.0754995645934411 0.176055919248304 0.454088005499719 0.410988045476035 0.326796577621748 0.368566288422005 0.480902430132117 0.132236193417321 0.379498537479461 0.366463284233023 0.128784294405219 0.389120749162699 0.502790521435683 0.499583784788548 0.150516390397674 -0.00337103213191254 0.354980124669364 0.135994453720637 -0.103643532028195 -0.0777525540713612 0.148685232483917 0.102638595107248 -0.32631097113686 -0.0589935125422953 0.311281380927164 0.0431871116761514
0.501110194232344 0.464074045368714 0.85983563727969 0.709973644189496 0.556996735316122 0.386619247268287 0.663816933034933 0.498487882999448 0.405790258919115 0.420068822407333 0.335412309531552 0.192754546955855 0.660645475470426 0.578503553020903 0.808805465699182 0.67242105844096 0.483797158775588 0.326058005359147 0.646970114309897 0.54978882073352 0.292485002144811 0.179344546765118 1 0.832502218006006 0.592065003512266 0.630013428738899 0.516020346416439 0.462307018556442 0.363909660668476 0.366397398160874 0.640957743975045 0.736459552677966 0.59659796392875 0.483764705142885 0.616094871427611 0.379450733882447 0.402987989080223 0.246759644300583 0.0782276531684424 0.244282312251691 0.196194474572688 0.309829450083911 0.648003230623034 0.558501738396211 0.562013130027254 0.465910309005765 0.640415656879463 0.626102886878513 0.400877971443778 0.482725095998343 0.494983876507031 0.456787020707394 0.594522614275671 0.536977433085177 0.15269034376617 0.295740994527071 0.562096543176186 0.452614205456219 0.468410969223442 0.358988534635422 0.43505249406126 0.390584037858518 0.245004549120129 0.0868883890091233 0.838126147020203 0.649863524603093 0.514044636988798 0.493389574835276 0.403738031667083 0.44471266606012 0.4831243148807 0.516724252249527 0.492305297390112 0.366087948892893 0.323419788880939 0.291455668324779 0.345932147170367 0.31186086728278 0.466032625201397 0.398388830801757 0.547220501220637 0.633702085958238 0.428231343033544 0.37079426994131 0.841541534090596 0.644893236521865 0.327467960589043 0.531300157478612 0.762754596410125 0.570705042134554
0.403980358895894 0.386677145201175 0.739738065998627 0.766709980139006 0.45126754801281 0.402039270841777 0.51976403467461 0.526938005411116 0.362601774676059 0.465169519131006 0.242478658649284 0.283788434133147 0.512429598964695 0.688353149605721 0.678818113084636 0.805899788662984 0.469937298672737 0.274207497856096 0.486713147668799 0.487426594389111 0.312925883490483 0.215454684938977 0.832502218006006 1 0.530693999502636 0.652800317297333 0.428899975424719 0.492567988031574 0.347740650002471 0.378089582299377 0.634121306314654 0.825041253894038 0.552834561246386 0.525472493870988 0.587049667449881 0.412102591590971 0.393134338910073 0.268151735418826 0.0483985310656745 0.241164217077268 0.19487205288431 0.290901306212972 0.573048322430592 0.44612558695684 0.486264463209805 0.362520670753091 0.530500288529401 0.512885595104805 0.271935731452732 0.312659427167226 0.379357781543245 0.280690552213084 0.497094870106064 0.391200017415549 0.110647633743042 0.218825623882169 0.477752878623025 0.377967486849661 0.377736890504323 0.302808434829876 0.360748963113239 0.413215678778063 0.237884473019615 0.10842629116553 0.713668436585339 0.724881865688197 0.474748052361207 0.512819369382792 0.315104249205533 0.39751790128856 0.447641511691082 0.489031948401693 0.423081357423564 0.34160517090936 0.313121121370874 0.289181977085236 0.3394101348197 0.374925691515404 0.459185244139314 0.399988580108744 0.538604328548246 0.589634304667042 0.381465609926391 0.341597538968081 0.724286395320908 0.670478286097781 0.255333886133497 0.586969745399294 0.737437899318349 0.58597742867378
0.467633336691585 0.5292353925296 0.515104237774106 0.55839067322173 0.395491572204554 0.461688694341434 0.295760546277651 0.247777024672979 0.144673574834207 0.369352854163221 0.236712009766378 0.211026540259005 0.259018545226686 0.315907165834571 0.402270241994008 0.431004772809824 0.471505683667129 0.531120539910735 0.340901360755426 0.402790273443934 0.363030226192627 0.0784846003776458 0.592065003512266 0.530693999502636 1 0.838601135076059 0.773476439547317 0.578691109049762 0.306705719167062 0.344700474042111 0.485237588971556 0.454874290134234 0.283917791175185 0.279203938025247 0.3629997969914 0.554016348480458 0.283032547665081 0.525600570940607 0.400900629968563 0.532220506652412 0.255339423138167 0.25115997775791 0.611722651149331 0.672668874431835 0.641015806660188 0.43008348471441 0.396655330518779 0.62670783271705 0.512160009752166 0.450651579822978 0.522872317102024 0.390529572699373 0.561442519900536 0.418379166454447 0.505624755383268 0.592049304214934 0.566893341189598 0.534187031777742 0.301071273416298 0.206072116180797 0.200431799673213 0.145755238705682 0.20921267456981 0.17728371489799 0.514738549545821 0.481353458074826 0.178817480174682 0.173567138450822 0.334301963446832 0.246392379930981 0.284602341463045 0.563502198218757 0.302197777771025 0.161988431724576 0.15240337925886 0.0405533349445001 -0.0330450645500994 0.0735716239735261 0.349654443346374 0.366351873320948 0.379888549164605 0.626378893761659 0.473885319208048 0.577127841141652 0.701653884769143 0.698737817805953 0.475119334941141 0.657473706918931 0.470181416967829 0.606423220048824
