1 0.588806879550802 0.419270628117907 0.477012413266898 0.23767556926145 0.214212814332984 0.561721022477422 0.524330310097087 0.467723324600463 0.434424655317102 0.724783083587651 0.477986531062561 0.778994115290293 0.273652787913646 0.277662899241694 0.199037248092105 0.381748257819424 0.256031320318845 0.305899660523364 0.377132674213528 0.0796608541897825 0.0339807161433915 0.23834322165338 0.251508575554164 0.270775348118168 0.211180675005533 0.15121549017387 0.0241521917925273 0.212392275653252 0.162859112737351 0.181187964801778 0.305487805202886 0.402522607167753 0.37919243077695 0.261411524397174 0.306782101583227 0.283818428432977 0.335805914542465 -0.0018173589964705 0.191051171862005 0.217017502491264 0.185819145094961 0.566920399089162 0.569930984699568 0.501104681424374 0.463359657445208 0.456464763877413 0.493823490612869 0.513474251107767 0.564850171209862 0.578969165135867 0.545571338095584 0.535159319594937 0.522964304849881 0.389970670509561 0.45961562336112 0.403202986218748 0.323828288704239 0.672028909900514 0.611587302319631 0.74732329076327 0.70435217820329 0.369244441246837 0.341675912719181 0.432957593231602 0.456251317968508 0.376489274546082 0.341286043228724 0.454986194222835 0.44638365405708 0.220911382058257 0.517468787306522 0.286115248227272 0.153010264942046 0.178082548343891 0.0394340460685556 0.290403048909142 0.143164617820404 0.323059358585871 0.375933222272784 0.420060430921376 0.482811028440347 0.00368967389389367 0.269153522233032 0.399218104468939 0.490223687973137 0.0135841174019413 0.101489940658181 0.551615938976772 0.579707261565826
0.588806879550802 1 0.415737503147805 0.554290452521095 0.322427310832085 0.244458572639493 0.456087971920649 0.476765516411925 0.388096438057115 0.232549713926782 0.252397608263937 0.241152611969157 0.333607783155836 0.301787992346928 0.253220963936008 0.207701008196951 0.477931908040908 0.494654041164165 0.505438615936657 0.546113427035177 -0.102990301592541 0.0949505418997142 0.22831191270693 0.25873442816688 0.208847907379283 0.260513145000034 0.243489566371317 0.197490562094386 0.124573958953157 0.0844333207484202 0.272613015700396 0.13185428285119 0.476055497823517 0.421653905684125 0.230838378197776 0.204080546147758 0.317126102025456 0.507496026694318 0.0841690957320485 0.271659243875551 0.270272741994839 0.313156853016488 0.699933654582906 0.641183964142409 0.597192528344728 0.59462530108723 0.5754543367149 0.670485723592367 0.69948366704987 0.743120511517919 0.696069200339124 0.692470522981729 0.577306521990699 0.570423055673921 0.45369512639883 0.585390058853468 0.791456991557515 0.727469996425784 0.746932432863802 0.780032560199813 0.513631596620371 0.472341013195181 0.413130692074498 0.469826111841699 0.296527072528922 0.303391217534762 0.456576992850943 0.464764530224518 0.650917585986871 0.592930315122769 0.298376241470861 0.559580766975555 0.367042569003707 0.220873742922261 -0.0123754795331711 0.104609222925163 0.205020888744776 -0.0402263432864039 0.314203840720707 0.417579443506581 0.435847811278841 0.601738223790561 0.0512872012083022 0.157668602686929 0.40166903777536 0.571179089216907 0.108688203792446 0.203120189741073 0.539517748519643 0.607386198051379
0.419270628117907 0.415737503147805 1 0.775841042399875 0.556832863578401 0.328771341785814 0.775888042240329 0.501112348362107 0.599018831333532 0.419419180954714 0.109698855799863 0.0107725630167446 0.375944891476743 0.227248414396021 0.56690984240542 0.542289993840433 0.22761913378706 0.198370720934049 0.240990413509438 0.397512962745636 0.163578377807513 0.139548349134458 0.739415509283367 0.745834933791347 0.618585325610654 0.65463012045918 0.534206957490399 0.301496166181355 0.0966500171795437 0.0385669237428807 0.573376335706537 0.554427898361842 0.475818055604824 0.427623026502327 0.583466235602527 0.412426179141516 0.290467363224895 0.426557964301894 0.209899734529699 0.367328839850782 0.0347526903881945 0.0821483925059938 0.651457505593987 0.658296112691799 0.676770516922188 0.609943208845526 0.626733183335182 0.596297439615439 0.474474592482883 0.499238489571403 0.601383095393631 0.552737687252292 0.549968528885237 0.546316376898128 0.602795336229843 0.623969418244308 0.319994057221188 0.355364005765882 0.49766845057389 0.433093365264801 0.412118069496077 0.265539585689215 -0.000975281654361101 0.122923627033957 0.791632385575109 0.541644226823156 0.709408836762584 0.499712713867308 0.42350761925661 0.370691623058758 0.462596372590574 0.522487578580271 0.374100613094759 0.345517872418109 0.179196517813241 0.00646291483052035 0.199412529295469 0.0931523668737579 0.32035004038813 0.102035794579587 0.39967355348223 0.328728603957155 0.112791888462174 0.364804730621094 0.841996716163559 0.658803507051253 0.325923556275832 0.483114130698313 0.626501965787865 0.647148663327919
0.477012413266898 0.554290452521095 0.775841042399875 1 0.523548960899095 0.428352273997273 0.722306420216859 0.788041268773569 0.514754782979738 0.560089628912235 0.198191490097898 0.196341863558964 0.387119852719904 0.401869163841372 0.380522035309516 0.556426997459983 0.169010923625272 0.257988481905344 0.236802070250898 0.375883969538898 0.0195275642358761 0.131849828962573 0.525414598832061 0.809702193094125 0.455204991271976 0.580131506915119 0.325948563209947 0.186545733905858 0.0567770744974603 0.112670017823893 0.438582417231938 0.557509703747641 0.537013884334311 0.543033782307487 0.548639796683082 0.484196176565334 0.325964961329768 0.411693978762668 0.129459618445846 0.277602600016708 0.162837217045521 0.0660052878416708 0.698738702858151 0.656378709234705 0.629352789184017 0.584457965061595 0.605304818729243 0.633619815398037 0.524271681601563 0.53448110956338 0.646621158288543 0.583815476717431 0.570912971016468 0.516634742681986 0.56442289145558 0.655839973934494 0.355176087815219 0.344603848047237 0.637843429301067 0.59441652966509 0.510994298128499 0.50778772621028 0.162741886926068 0.356165524492525 0.706752534093708 0.749145031820539 0.70462275960484 0.690768835475415 0.411312813484115 0.352666141869829 0.422547764001411 0.661240857527415 0.42320299407819 0.346677393313116 0.109732550812917 -0.00599238772093705 0.272191577855985 0.0486505531182289 0.270314281763277 0.144299367390466 0.361020362548647 0.479307529379345 0.152081287562436 0.347324572484012 0.711339026160898 0.782992546760483 0.23212156759278 0.465422203816505 0.631360723646507 0.705405893141522
0.23767556926145 0.322427310832085 0.556832863578401 0.523548960899095 1 0.554473732528216 0.540867199246652 0.458887286245242 0.639469320785104 0.530067302629952 0.0643270210975534 0.111289874745329 0.257812113008914 0.437474332785596 0.577002863073471 0.642625523540441 0.174615774668291 0.111745527742767 0.282380660279885 0.254296532892764 0.199878103382518 0.321801892855457 0.755839850067073 0.563881960029083 0.64325793975649 0.515946902745452 0.426833780364881 0.318763309635786 0.17130720190127 0.0794763075199966 0.465720501500874 0.456138907891148 0.280496989909317 0.292684210153572 0.285388494744108 0.185505615872754 0.272739521206929 0.305986381607419 0.332163246940528 0.157829893481572 -0.027468377312973 -0.0133163851330134 0.304171905352825 0.271663789801664 0.336223773212812 0.283343638809144 0.341520863560451 0.282041746096934 0.379013256785108 0.338366212932467 0.371390520262379 0.302568855875985 0.363403848253812 0.326436521718225 0.281368469708604 0.277955897385452 0.258843226454324 0.266633790143197 0.292571033717398 0.132246611046293 0.276734366719617 0.257256023958377 0.0828695259862705 0.268080195667888 0.502166579774555 0.350329726525079 0.354268458464493 0.245339047327753 0.334036997494346 0.277830730802189 0.533065077828089 0.401920851162677 0.382774161100205 0.36477611149787 0.154104757932291 0.0840424785584587 0.197738273598671 0.170660181284304 0.252430384354527 0.0477035521129373 0.268958378781804 0.23762939713564 -0.247265366715506 0.166937730297046 0.52502888274081 0.451410963039222 0.135994757892156 0.35703163491948 0.472637555500701 0.382262815051997
0.214212814332984 0.244458572639493 0.328771341785814 0.428352273997273 0.554473732528216 1 0.195499259516198 0.393232507657313 0.408631750280343 0.485912824338643 0.155602531165192 0.0259667566417941 0.216018344645334 0.283844580563533 0.339300129050626 0.518088371781951 0.0421992191620031 -0.00168522857307077 -0.0316087754757802 0.148100520918504 0.147766451532315 0.308136877080177 0.452799072394548 0.457064732718473 0.529603683166577 0.416516790446307 0.274833049729481 0.449214062454314 0.0973378504572885 -0.00820193024349057 0.227887557917859 0.360114287711105 0.162872402775616 0.221729923204943 0.215828090405387 0.15756239505269 0.335789200694755 0.231265451250535 0.245553579661585 0.0990041133625168 0.131505133089146 -0.0274920688866337 0.262231725565962 0.270514112735028 0.264080437142889 0.236108248574316 0.271968923605238 0.298748557879956 0.342395256164803 0.308602372694235 0.309311204287583 0.261229463218867 0.309953011630274 0.313172771850035 0.194940897576715 0.256757513465358 0.130972894605561 0.0711055046185111 0.206832439062112 0.170687337027572 0.168856912227141 0.171591279632508 0.0185190214347259 0.116108559244782 0.256835713453105 0.310789259440452 0.24257346047835 0.232309990183307 0.301723821186329 0.248697347893378 0.265174120265841 0.366110978914746 0.242177532454697 0.17258735376937 0.164057177052585 0.00182888210878465 0.0228672654809064 0.017067325091613 0.0600585212403013 0.0477544084880232 0.146306448793734 0.324557517886697 -0.130092440313412 0.159209144901651 0.313047204466778 0.390861888851465 0.0361280191861885 0.242275279432553 0.366391182693589 0.297170302620416
0.561721022477422 0.456087971920649 0.775888042240329 0.722306420216859 0.540867199246652 0.195499259516198 1 0.741216234950833 0.58133087662764 0.412375929147535 0.28259657322302 0.352334615831897 0.53945070195791 0.397988348435723 0.455647668300281 0.432454725240855 0.262439599085891 0.316991281115106 0.471746126070701 0.419151311463775 0.0146573713163409 0.0643740887151297 0.592803984762216 0.566396967342869 0.44312299309969 0.43909088760448 0.213987350325587 0.0076068149050466 0.265384223272916 0.324032171405299 0.567254890198045 0.554229724815527 0.505458683466726 0.474597518278339 0.435434140271197 0.316111448099298 0.102756541491866 0.338502626838365 0.146413797219091 0.300523826664323 0.00574262092579478 -6.48143512575172e-05 0.562089147794361 0.55795971480648 0.534049042873163 0.468292340524319 0.518412282285888 0.45214523771343 0.372306188334579 0.419266187911535 0.570352852901787 0.472488238374007 0.507623101709818 0.482001937359197 0.530891547837566 0.50441096731903 0.285860815119134 0.379878019954635 0.607592703399734 0.435945877994944 0.641250923705498 0.552191074866904 0.191251379086746 0.438482012586469 0.731024591566877 0.535570115592525 0.646700392932848 0.521712282339404 0.338868945256158 0.275797927094957 0.552410582133267 0.484513005960818 0.488159840730012 0.465708817343608 0.116625004338698 0.0713321853882202 0.286713854329193 0.178522059234532 0.319950301606865 0.162507162821848 0.39335345239251 0.300598961465552 -0.0093482806207041 0.250882610552804 0.657762893270531 0.588848532357913 0.190183494356326 0.336479160038873 0.565927378369273 0.605948924838463
0.524330310097087 0.476765516411925 0.501112348362107 0.788041268773569 0.458887286245242 0.393232507657313 0.741216234950833 1 0.467993567472747 0.557084221784773 0.340715474474384 0.50084390314576 0.484566070685654 0.557452464807415 0.271170957145695 0.454197356361933 0.176368118056382 0.32553022633555 0.346652105617158 0.384984789484815 -0.0655861796274743 0.0759292604454544 0.366670763142487 0.558948830571124 0.303686706429923 0.323276399419113 0.0341293485064803 -0.0146158412991018 0.225857932472393 0.370113597938438 0.355818407132116 0.53899030899815 0.486787107142319 0.589631503966501 0.295310719794559 0.317596880344218 0.0906072259762782 0.275091136057735 0.0952450569531666 0.202751602409295 0.00858087096368604 -0.0176290067295383 0.532955673369255 0.501754150020368 0.438098280346299 0.400440248484906 0.496149348656997 0.424152715122413 0.409170361618089 0.420246695537103 0.554406336871056 0.475698252062051 0.53577221163678 0.446186057637041 0.451137472124897 0.513545758109482 0.203875431254772 0.238219051402056 0.60769158256353 0.476926377989486 0.584864955579353 0.693815868782201 0.239726503158245 0.602415900579289 0.491912175238689 0.624774389571229 0.493382577738386 0.58955421846027 0.292356764979584 0.236976320707905 0.482057833249841 0.50890400639777 0.422747777244605 0.39294435214863 0.0623752280917072 0.0996803369066483 0.293643156275861 0.221041062302042 0.29244760123004 0.203010696348387 0.385730181579842 0.477259454539557 -0.00888142823948985 0.334189742114327 0.474890444307809 0.663736789277544 0.111899497416697 0.320850621455863 0.473082040448144 0.607885365754358
0.467723324600463 0.388096438057115 0.599018831333532 0.514754782979738 0.639469320785104 0.408631750280343 0.58133087662764 0.467993567472747 1 0.682854962021153 0.378162770997746 0.302823989692807 0.508612666219679 0.491700507351645 0.6819895294495 0.684987082145435 0.175316235788306 0.0335921332433604 0.204660348029526 0.169348409793174 0.272402755623749 0.275271046354106 0.633174326450086 0.556899819725326 0.675755158969099 0.62180985084937 0.490224342483287 0.309613641833496 0.103715994672942 0.0122032933272894 0.451670054054382 0.487426385078935 0.318670806010677 0.303181349629122 0.438442898779268 0.347511737306824 0.359828436593488 0.441639817042471 0.227282623584272 0.320062960996055 0.0343358719357581 0.0895325288346063 0.410451117465234 0.429809783520341 0.407368792884059 0.349586073647123 0.395025028567062 0.325656580023221 0.40901599935659 0.414254885305002 0.462065955522203 0.372601314884392 0.43166892792663 0.322128952310552 0.456495704284794 0.37644266493935 0.246265353980803 0.216072561832802 0.457489209821317 0.325038914543958 0.434894878951119 0.455058060170895 -0.0354628110040031 0.145978546042991 0.529467304694508 0.496338444895982 0.416586559607113 0.291316348901133 0.270982552179749 0.257696069480379 0.548450789183834 0.450479022653075 0.347295426344999 0.338998572874062 0.26474135280615 0.0858513200650911 0.215379396402666 0.214655151435003 0.301467631886268 0.173503688929901 0.346214933569224 0.286590374060909 -0.243062242990626 0.251505797928478 0.454196484552091 0.455817793826865 0.116869878817238 0.251152421071006 0.594544476738438 0.567429079529968
0.434424655317102 0.232549713926782 0.419419180954714 0.560089628912235 0.530067302629952 0.485912824338643 0.412375929147535 0.557084221784773 0.682854962021153 1 0.41453861902358 0.384756921725343 0.459353681198274 0.486096191680761 0.456240705991873 0.706627950080668 0.157658647810171 0.114232416807684 0.0823366249086664 0.0762221349937686 0.218933247643225 0.193227526317435 0.496796895395332 0.624494911996114 0.514122405165926 0.504172306710016 0.273774183314278 0.15708670115921 0.223204805071476 0.175240509050134 0.280311567672449 0.407063615853813 0.140831887299184 0.240180161868424 0.318866565436374 0.306089280433819 0.282840873858935 0.213220007489107 0.210318395574973 0.0708341739415705 0.050792527960431 -0.0683108404484062 0.319957226099615 0.298896242057123 0.228211318830624 0.177565529366333 0.329574323455257 0.209419780786664 0.287945178129283 0.246280687590697 0.306599706631164 0.247333794298324 0.362944594975783 0.236399671254031 0.32525262236352 0.308365000638817 0.091755220008622 0.0616174990574953 0.339239367818116 0.215090566647701 0.385654851707645 0.589945490193737 0.0315689255689485 0.28829190375188 0.455673402361889 0.647782990200545 0.240347380641799 0.232477415846385 0.103085667526117 0.088660911565866 0.442386953663102 0.414707333925431 0.370685978377767 0.397462802990106 0.27752896364043 0.0983399786744726 0.211487577726138 0.272444225288528 0.303519573209925 0.197223338017153 0.283581633574952 0.276016089803975 -0.125568009543955 0.242136807314388 0.38793241625193 0.493363100766183 0.0702726871516961 0.291416128915877 0.415115290276505 0.544480443974602
0.724783083587651 0.252397608263937 0.109698855799863 0.198191490097898 0.0643270210975534 0.155602531165192 0.28259657322302 0.340715474474384 0.378162770997746 0.41453861902358 1 0.435182219664407 0.782848160664217 0.231318135825463 0.0359554414871426 0.135153851933917 0.25750143071137 0.0900282240507268 -0.0842708600858126 0.0941258554322295 0.278035114388986 0.0901363166729886 0.0645413614346434 0.071144826683045 0.143925470790912 0.0640424145123066 -0.00996702200359108 -0.0998576905559054 0.385075707263591 0.0258707683947089 -0.0414030645983035 0.123279766991596 0.0575645151067898 0.207826594854368 0.0672453907691555 0.154344282920634 0.151926845422231 0.2190611995859 -0.0448933125484029 0.00966933150631754 0.0576565000059253 0.118972963591937 0.223797633959131 0.270414184384304 0.163722286907812 0.161063964890247 0.275595994517183 0.194488830406406 0.24699075710205 0.274195379948941 0.269967801032183 0.257199658014429 0.239797768422922 0.250751996250683 0.224002219140394 0.240386810735836 0.00337709649630245 0.0280207672260372 0.415963336399443 0.30521059953742 0.652747635270321 0.61566912331946 0.240634384210739 0.271236279463012 0.228926106957638 0.329629413959435 0.101496456738326 0.0720077286688961 0.18886351326731 0.181232251101733 0.113992726727418 0.294043573467102 0.0366553188823207 -0.0132507514358745 0.314688002167131 -0.0105381953642717 0.290435770360912 0.252546505414943 0.245255558375384 0.243388989213652 0.177102678011293 0.305390800292224 0.0477943847745444 0.147048795361415 0.116446437998913 0.24623189574322 -0.0325261850375393 -0.0989023903606087 0.28714459229621 0.323671720204973
0.477986531062561 0.241152611969157 0.0107725630167446 0.196341863558964 0.111289874745329 0.0259667566417941 0.352334615831897 0.50084390314576 0.302823989692807 0.384756921725343 0.435182219664407 1 0.555836413470837 0.677879379419124 0.169122723055027 0.26325762683117 0.117237314671874 0.194309857552951 0.394822885032491 0.265138371512623 -0.11551512487258 -0.0351676134821887 0.0516040525413915 0.16127732828884 0.0356200667603745 -0.00705264983049283 -0.0857198188742389 -0.193339131035453 0.193923040174784 0.517425813846065 -0.0439758738923273 0.169400030706557 0.177956835530458 0.189216146895258 -0.0681626658153241 0.0567486976491388 -0.152610324067559 0.10824852475795 0.183246396028668 0.138968648914809 -0.134963796023324 0.0237834054315313 0.131195932065392 0.106325234831521 -0.000153160652565925 -0.0163036694369483 0.111063239551195 0.0185176423944789 0.0336045948999353 0.0634559821046887 0.183040598750768 0.0935492855946755 0.135869196345207 0.0179490216520493 0.235951722288828 0.161134272196354 -0.0163771742842074 0.00710299914429962 0.299756055173227 0.191558131976346 0.427089238019684 0.715651296213389 0.188304743844297 0.490421783676198 0.114674597843879 0.383881821846776 0.0326213082658769 0.188773860721637 0.00295784004681822 0.0626312632559843 0.314871338022481 0.025668312447769 0.227671962896783 0.371813252608541 -0.0253209505865951 0.272870926213429 0.106371136506481 0.319712235047542 0.130422854932422 0.143779936932185 0.105624932148377 0.171754755117083 -0.145487993384833 0.215390291429787 0.0155386632387286 0.258841721606848 -0.0114697148543829 0.183521297229669 0.254920768009268 0.408697704359952
0.778994115290293 0.333607783155836 0.375944891476743 0.387119852719904 0.257812113008914 0.216018344645334 0.53945070195791 0.484566070685654 0.508612666219679 0.459353681198274 0.782848160664217 0.555836413470837 1 0.49549926481251 0.344492070397129 0.348405957912416 0.23131486566649 0.0696621956824111 0.135645934652912 0.246537272450569 0.176284819427802 0.124992087410156 0.300647309569544 0.296467229323911 0.288182895140311 0.181829139822787 0.122070967315892 0.0319397193706356 0.325213869360559 0.16851216155785 0.113819952149961 0.240544510108683 0.242515167176688 0.315182644654957 0.176990362078104 0.229883433650178 0.173317690686269 0.333802807483664 0.0867864321380908 0.115306161407191 0.0284339623482109 0.137199213353633 0.325271805817781 0.331353879942512 0.254410694214517 0.231975407404746 0.293372416698269 0.254886086503067 0.244883744229697 0.294102166477775 0.346031540160435 0.282986242029058 0.279329509918204 0.260611366180267 0.330334615862456 0.304922734287107 0.0226085866198238 0.054826722718009 0.474832752975658 0.35137333256397 0.667357606384201 0.648744419159181 0.1901359896324 0.269075485418925 0.423490868382957 0.437489874259584 0.285518829514936 0.236339904772836 0.199473862827695 0.267280734213113 0.300802084791668 0.394070520132381 0.139265229303105 0.167333517042165 0.230163852166094 0.0966984840863504 0.238449537443934 0.181208472292729 0.2067205587926 0.176053248805559 0.165630986335209 0.367611380681339 -0.0141162846272531 0.247356305199813 0.359740223847856 0.368724372435863 0.0752994867277691 0.030421460948013 0.464511938107769 0.442220432050201
0.273652787913646 0.301787992346928 0.227248414396021 0.401869163841372 0.437474332785596 0.283844580563533 0.397988348435723 0.557452464807415 0.491700507351645 0.486096191680761 0.231318135825463 0.677879379419124 0.49549926481251 1 0.406344697980623 0.633489862415828 0.126187144356035 0.150467939722416 0.358936426649164 0.316306496592757 0.078261484367528 0.260324641220014 0.372545375566679 0.435075835019348 0.347090202482766 0.279307061862284 0.139858200502301 0.190104566229301 0.130560031862546 0.370395298155835 0.145614350872191 0.295232549224636 0.261041765955787 0.352499835505284 0.00929232822608981 0.0604053047255643 0.108764124148337 0.366444524102153 0.363398808565963 0.178721845450254 -0.165483969939438 -0.0331007430949525 0.125639159575058 0.119049579001217 0.0746658629400354 0.0828613654039695 0.193480084911955 0.0817047580092294 0.149712454428363 0.1613040821313 0.263056670992582 0.171113797070003 0.206780766352202 0.0616828426517176 0.374663189755489 0.285079937100794 0.019121428449495 0.0102701164302069 0.338696821361597 0.163670768026794 0.341559777952772 0.494585384103424 0.0687854927653808 0.420675214590541 0.175975151839686 0.422124249104928 0.178355946845315 0.301698717793124 0.0612299803288777 0.170178352977654 0.643811838995894 0.257433275103581 0.292779551494191 0.51828065741672 0.111902619261612 0.338816835812544 0.13629410050744 0.276591104795263 0.211370020500851 5.35990064363008e-05 0.17507713818713 0.327804449262225 -0.287036763524317 0.296228647337373 0.234323987553142 0.420063778715477 0.0396443501165998 0.297802854472857 0.376118483769999 0.423122231222052
0.277662899241694 0.253220963936008 0.56690984240542 0.380522035309516 0.577002863073471 0.339300129050626 0.455647668300281 0.271170957145695 0.6819895294495 0.456240705991873 0.0359554414871426 0.169122723055027 0.344492070397129 0.406344697980623 1 0.697227296202942 0.0540741828416927 0.0408497725608998 0.281387406575932 0.15637435806553 0.107078777759981 0.148100247285678 0.70464410901001 0.526077378254568 0.63680126864711 0.578086801770143 0.540802778225863 0.300055305931213 0.0215406930301621 0.064296175004231 0.449997279488308 0.421739744275164 0.230733060777937 0.0561397333499564 0.386241837468653 0.20184507957626 0.221079574562276 0.24122451601053 0.197395100645033 0.394242833320443 0.0994093769796353 0.120048144743073 0.347360198881942 0.268484240373329 0.306523155912996 0.238907850395111 0.248223296478307 0.260096295853933 0.286640921548705 0.307882329936841 0.360088591739872 0.261694085670047 0.282024024159756 0.237203037019336 0.361366767465146 0.281848577064993 0.235807217155077 0.243500147252534 0.287847937116589 0.172443224786564 0.196562053085962 0.182121195821547 -0.114151740431082 0.00148833159293837 0.444323904768023 0.335204033006005 0.341908059964962 0.184416566639193 0.285519831749766 0.224884793644411 0.431255854354657 0.34286617761079 0.368774539890471 0.338665313536055 -0.0215878412390303 0.172528494375929 0.107836123937039 0.117377272642549 0.107015857764711 0.107898461435804 0.166956434388759 0.208707638376013 -0.189346209155508 0.293573529568588 0.528053964391029 0.382870647251816 0.223562177602116 0.35958282399418 0.574399781263276 0.448357825949791
0.199037248092105 0.207701008196951 0.542289993840433 0.556426997459983 0.642625523540441 0.518088371781951 0.432454725240855 0.454197356361933 0.684987082145435 0.706627950080668 0.135153851933917 0.26325762683117 0.348405957912416 0.633489862415828 0.697227296202942 1 0.10213657639922 0.0345218727457818 0.126722727175882 0.18407947783537 0.265898302827251 0.358794953073964 0.698085719872195 0.73249782819541 0.660764881589579 0.687235508052649 0.490589595538259 0.394456594504498 0.0968702990694942 0.107425458975187 0.369423096310328 0.420914860603744 0.169476108895367 0.237343860901919 0.278388163158887 0.200445154850196 0.260113212751423 0.363355034630133 0.407154334924888 0.241483881403761 -0.06090782593614 -0.00571649910751027 0.250277915134969 0.226605848882174 0.189328613599461 0.162427375489232 0.296718845876217 0.191491258351947 0.212146134104119 0.227254758266154 0.309494395811095 0.218396985023023 0.281354845329092 0.189844518066099 0.455103128613644 0.346622882605153 0.0492922101111696 0.0897691065601773 0.243637037268878 0.104006003232058 0.282497534766389 0.308618175008269 -0.0746345002609539 0.208948954009028 0.467222814813422 0.572787896117683 0.280025206479663 0.239613136701316 0.150870197686641 0.191337709010318 0.598697635473749 0.355100142865156 0.347727596034458 0.483558159514546 0.230702350124575 0.231002719221226 0.0874748863035549 0.251391246384505 0.203267879876411 0.0949139798112271 0.163211530543351 0.300117264655963 -0.185348093841166 0.262353488392434 0.519261867135775 0.51070753256119 0.223964440121243 0.430854444504333 0.485850087171145 0.481306024480137
0.381748257819424 0.477931908040908 0.22761913378706 0.169010923625272 0.174615774668291 0.0421992191620031 0.262439599085891 0.176368118056382 0.175316235788306 0.157658647810171 0.25750143071137 0.117237314671874 0.23131486566649 0.126187144356035 0.0540741828416927 0.10213657639922 1 0.631167344355391 0.402255383245082 0.412989761799574 0.0487373123831479 0.0902767468016668 0.123303978179643 0.0735789639386373 0.153921941388898 0.126543811083747 0.112868330084071 0.0504865891817335 0.451358000372653 0.254784391847696 0.105812736806404 0.0350824737203288 0.222122881004505 0.280917741829994 0.0158719366589556 0.0482597095181748 0.146261551453276 0.214125021636084 0.29896017831962 -0.0634752099907023 -0.0193294342378941 0.101520190566256 0.2775097040186 0.294239651984262 0.201075947600565 0.210389548035114 0.278058608415215 0.204028589733649 0.268071145613576 0.27499508131934 0.275262078791144 0.287552404976184 0.226862083816204 0.262920256883421 0.267618976272687 0.258056070492292 0.49166761233537 0.487282570780941 0.391749482693864 0.283446965300929 0.387036867398906 0.217471742594728 0.422564272107816 0.462851844143135 0.181170923325953 0.119403545610939 0.172901136089088 0.1302437253967 0.239502156768025 0.279695023151106 0.263399745129797 0.193668705576488 0.230624525428761 0.324208102582003 0.166802960183833 0.31791063577782 0.136300287114297 0.233209441015207 0.574897082991879 0.38095988533451 0.602631383667076 0.386703390521126 0.078866854158302 0.102678941677082 0.340470524473502 0.281461377693563 0.0855981265390012 0.113016062859781 0.23587789912924 0.28159036814487
0.256031320318845 0.494654041164165 0.198370720934049 0.257988481905344 0.111745527742767 -0.00168522857307077 0.316991281115106 0.32553022633555 0.0335921332433604 0.114232416807684 0.0900282240507268 0.194309857552951 0.0696621956824111 0.150467939722416 0.0408497725608998 0.0345218727457818 0.631167344355391 1 0.436440972535215 0.477960935211054 -0.163789220569408 0.0179502046242941 0.098608780644272 0.0891107832637329 0.0835046749228821 0.0785942319645814 0.0193043622441797 -0.153347048551072 0.448199626045368 0.488850818391085 0.0906108606117624 0.107004962629502 0.147885713864359 0.166377924463904 0.00958425913561084 0.017587201492581 -0.0704142101330872 0.0352009830273278 0.159321084663397 0.0324105191704814 -0.117240000780036 -0.0994344243274961 0.35485502418583 0.332123882914849 0.235396475232763 0.241680853667075 0.360430847253638 0.232151957796006 0.267564067340279 0.284884597572984 0.36654877927641 0.370464763322462 0.250725370283737 0.315668186911712 0.374258417986717 0.37487815250654 0.513371282776724 0.647524255402692 0.417395082846328 0.313669308209245 0.265425824573823 0.255454719876008 0.283887130177188 0.563511834580799 0.247816523936891 0.238893263568884 0.265699675061265 0.263412868453214 0.341089884231618 0.28366916662759 0.272624987146827 0.201694220484201 0.368959868010587 0.437245715919912 -0.0318187927412636 0.370181991627533 0.32650879319224 0.313686714812129 0.453052741086644 0.281819439013247 0.382292187790089 0.287183711045897 0.164054614416753 0.226739938445012 0.333508714775533 0.410977406608107 0.266817306995694 0.369459073128332 0.205354319665561 0.438156480761849
0.305899660523364 0.505438615936657 0.240990413509438 0.236802070250898 0.282380660279885 -0.0316087754757802 0.471746126070701 0.346652105617158 0.204660348029526 0.0823366249086664 -0.0842708600858126 0.394822885032491 0.135645934652912 0.358936426649164 0.281387406575932 0.126722727175882 0.402255383245082 0.436440972535215 1 0.463276948661543 -0.236289532752933 0.0424578308071751 0.272681578316483 0.070004543461279 0.09483403137049 0.111152350578027 0.045750750393505 -0.0329293788772824 0.152458876456788 0.383825493067789 0.376024763026107 0.111335319506921 0.458166628645044 0.259129920538504 0.031265199988679 -0.0486551610640433 0.0125505564272983 0.201731952590765 0.359202617177853 0.129950180932402 0.0914486159432335 0.158739800945552 0.279720934729067 0.269026811479131 0.222214279049887 0.181157862290908 0.101995650371975 0.227905061774271 0.250197203679035 0.257797171193216 0.314241723912417 0.269712397992358 0.264956795516497 0.240086177633455 0.214085995233315 0.199464061551122 0.475960588490608 0.439154514901323 0.421011924517219 0.319435051658651 0.366193481678765 0.310335244549569 0.452779640915068 0.498884640416716 0.131882629496896 0.0846808911968351 0.218294979418678 0.290456110962334 0.163517146207943 0.158347777173552 0.422924255562461 0.197230346372517 0.472855998055522 0.463455679240986 -0.23414479806073 0.287690417947954 -0.0139358385801246 0.0247191137748327 0.139532021758083 0.288718827528061 0.335048514209158 0.200116612304219 -0.269422632630006 0.0792073913288517 0.234977223572598 0.248711822215819 -0.0988516968335466 0.207085683155106 0.428723508943192 0.325047506698701
0.377132674213528 0.546113427035177 0.397512962745636 0.375883969538898 0.254296532892764 0.148100520918504 0.419151311463775 0.384984789484815 0.169348409793174 0.0762221349937686 0.0941258554322295 0.265138371512623 0.246537272450569 0.316306496592757 0.15637435806553 0.18407947783537 0.412989761799574 0.477960935211054 0.463276948661543 1 -0.00449200946958426 -0.00168187007829629 0.250108627085263 0.232326209546085 0.215935284517244 0.174669187709952 0.155532119099685 0.0859612005917457 0.185487756817801 0.342690390814384 0.13970896134621 0.313263002514193 0.398827931435278 0.414727105779428 0.0757345099534667 0.0559547218715457 0.0807415590422665 0.263487438722867 0.218169259543504 0.183386285950156 -0.146274126301478 0.0606560498375563 0.431720740781647 0.440939940376113 0.453103943035513 0.460312904556759 0.517630966941108 0.469382351114758 0.488359638068516 0.505457415622096 0.55268925975504 0.546733809255705 0.482872760269111 0.537614495549959 0.422725013637581 0.478485701068173 0.422087776920773 0.508325278238907 0.488041888449458 0.422820526212729 0.282184425034054 0.254935856602235 0.148170986428537 0.37259127475981 0.210865167030896 0.127562502317672 0.318501816132646 0.322249287338805 0.524055905358344 0.53727398771656 0.359348681922496 0.324034028171828 0.227416905093685 0.345305868193951 0.0114833430830424 0.145545258819328 0.0977308431683001 0.232388096511584 0.335881460946045 0.150186823835176 0.375039989306125 0.429172033242469 0.0581647115957925 0.357517008797759 0.373733714907404 0.510774873001556 0.223552138019476 0.360199234338985 0.291394753995983 0.447295398093411
0.0796608541897825 -0.102990301592541 0.163578377807513 0.0195275642358761 0.199878103382518 0.147766451532315 0.0146573713163409 -0.0655861796274743 0.272402755623749 0.218933247643225 0.278035114388986 -0.11551512487258 0.176284819427802 0.078261484367528 0.107078777759981 0.265898302827251 0.0487373123831479 -0.163789220569408 -0.236289532752933 -0.00449200946958426 1 0.4567161977865 0.361495496289865 0.16997038514722 0.468368510613293 0.308903675933863 0.185250785846852 0.309304628951207 0.166659165427973 -0.11026549401326 0.187548749546032 0.284424503406155 -0.045319581545469 0.166045747956246 0.0901380689522284 0.0911421876446933 0.185202036058714 0.223791986665906 0.149065623328159 0.00473053013299845 -0.0374563082161024 -0.0379827688634578 -0.0258422678913669 0.0738961732037563 -0.00716828755693683 0.0279697678730351 0.0963041645902576 -0.00583221527237838 0.0767040200507819 0.0582743327045509 -0.0160460452367606 0.0912391777713839 0.0485657269399446 0.105640404107317 0.052700443544667 0.0307937009709078 -0.238955311245637 -0.226400572293078 -0.0223250860001125 -0.0949876938532934 0.0618959176584671 -0.0279116647549438 -0.0803295887598543 -0.0856329079327504 0.0723585995355568 0.087194426944203 0.0530095080873629 -0.0149511115820579 -0.0514045351359409 -0.0650853607456139 0.224335777784072 0.206953993402737 0.0630478125140685 0.126567661385882 0.392001867862382 0.0143818636591766 0.138999115229294 0.216948547748352 0.147684823759682 -0.0378184307030545 0.165237706969853 0.109934161636321 -0.222297229820211 0.115669974406355 0.0804891295266555 0.0657722432629094 -0.191759158609429 0.0146413783942956 -0.0100843770397517 -0.0154112350573892
0.0339807161433915 0.0949505418997142 0.139548349134458 0.131849828962573 0.321801892855457 0.308136877080177 0.0643740887151297 0.0759292604454544 0.275271046354106 0.193227526317435 0.0901363166729886 -0.0351676134821887 0.124992087410156 0.260324641220014 0.148100247285678 0.358794953073964 0.0902767468016668 0.0179502046242941 0.0424578308071751 -0.00168187007829629 0.4567161977865 1 0.338503919053179 0.173177908578368 0.411973302561744 0.357795891693855 0.235720337395653 0.410241887327562 0.124541011603301 -0.00904622814972274 0.280042542999098 0.145550530864501 0.0646936066572018 0.262096711299976 0.0528454706375128 0.0194868080537694 0.276508582835617 0.31868469613728 0.234741279529571 -0.0148316550048329 -0.0276344551283128 -0.000257271420029773 0.0527108185688431 0.134013812668656 0.0286367051109487 0.0762677933911133 0.0581861296012563 0.0365503573586184 0.11775366415566 0.0937164852310309 0.0857911048179322 0.103471746970543 0.0788775487657334 0.0838930243816273 0.121940608097119 0.108924085232765 -0.0266317205478089 -0.0677071852264819 0.0883194952935578 0.00887720542226126 0.154127256089813 0.0632603158305179 0.0583001309017909 0.0839413565808351 0.0975496800489929 0.174497573059021 0.119762227161213 0.161318878684818 0.0637042444429964 0.0103277300450472 0.329640518018744 0.305045702073839 0.151620366835468 0.206557002907343 0.224144323471944 0.0907354847346163 0.135296155396823 0.0344859060491778 0.0916515335665542 0.0712196458399738 0.0839668493885223 0.183300735918567 -0.218703336529953 0.109559356375293 0.121013434501512 0.108495370911309 -0.153383725457691 0.0399607004927551 0.128818389357405 0.0614756046442902
0.23834322165338 0.22831191270693 0.739415509283367 0.525414598832061 0.755839850067073 0.452799072394548 0.592803984762216 0.366670763142487 0.633174326450086 0.496796895395332 0.0645413614346434 0.0516040525413915 0.300647309569544 0.372545375566679 0.70464410901001 0.698085719872195 0.123303978179643 0.098608780644272 0.272681578316483 0.250108627085263 0.361495496289865 0.338503919053179 1 0.674198343842243 0.779548490222798 0.688054992737655 0.506511035940157 0.320109676430634 0.163066257014503 0.11756740018445 0.639454450459726 0.577263854306024 0.352938684154962 0.318054862635098 0.487730569615669 0.312409272751715 0.283781986370454 0.354384800082701 0.355205584543491 0.253375630908366 0.0501526039505926 -0.0212978809445419 0.377708864568154 0.386056671557086 0.420425902793062 0.348134432820806 0.350635398984639 0.32310245626303 0.353322896288372 0.326584779776763 0.380183066863262 0.332110092611206 0.335863131051591 0.361394336162182 0.366425457570937 0.333452790328369 0.147749509930443 0.160890992243429 0.259141605571813 0.0988232086895818 0.215024321199286 0.140999801679556 -0.0414590650767745 0.0828038492336954 0.57167232788672 0.440012189052927 0.513426000329345 0.338811662507904 0.238068012817576 0.161267894338375 0.550755394761106 0.400090519119758 0.453593663596532 0.452569233274774 0.161396808696968 0.112154007523883 0.157728112878833 0.232945697942632 0.16247733821151 0.0353293329895668 0.254229829677933 0.210429851988761 -0.250347432291593 0.295391523127606 0.614093998298174 0.452122204016721 0.0927897286596443 0.448427109468906 0.556616360373195 0.419613841147393
0.251508575554164 0.25873442816688 0.745834933791347 0.809702193094125 0.563881960029083 0.457064732718473 0.566396967342869 0.558948830571124 0.556899819725326 0.624494911996114 0.071144826683045 0.16127732828884 0.296467229323911 0.435075835019348 0.526077378254568 0.73249782819541 0.0735789639386373 0.0891107832637329 0.070004543461279 0.232326209546085 0.16997038514722 0.173177908578368 0.674198343842243 1 0.6310658183491 0.710305163232399 0.393057717479863 0.218100890817238 0.0663051573215367 0.161352525563777 0.47371906017091 0.641008950899855 0.306138795813417 0.325432878534753 0.492995802153663 0.430184627842318 0.284859316184584 0.333275342935575 0.261490078957389 0.297188436986118 0.0267572211431654 -0.08848085677319 0.47337048558722 0.466325336455883 0.47799198059474 0.417184707006649 0.519519067733058 0.379154580444422 0.326718167397128 0.29915369939668 0.444893636989568 0.355811022383169 0.424878085293701 0.341650354199478 0.526595426354344 0.506597724116858 0.13232804388647 0.140042194439925 0.354494571441089 0.264253355924334 0.2781703894236 0.317271008082527 -0.0834634472425757 0.167596053123634 0.610242512052697 0.679843529827992 0.57310079133101 0.481609124679592 0.225206161350693 0.172878323538572 0.425135400758451 0.46893757864115 0.37637022724158 0.457043638239655 0.163219763230124 0.104924589906443 0.202401182560511 0.194928084992454 0.222093576033338 -0.0212216017193815 0.217839278016601 0.286222559366662 0.151283306553795 0.413153933984293 0.668025264146089 0.683778578459265 0.29418832339529 0.608175209665153 0.489582773373954 0.620871236802127
