1 0.688425893816604 0.582436755622828 0.555380501038241 0.114236815104583 0.00200855969520237 0.662524196521922 0.52478623905761 0.0845823905974092 0.0265710619182728 0.694965159794013 0.521873595489452 0.722847534471576 0.431880992096826 0.320589599278158 0.172273666025119 0.740120791545065 0.728677045743266 0.718671427572559 0.734130858764217 0.162380496863015 -0.0177632786562064 0.465602597734982 0.438666608853699 0.269342329540214 0.358993806196647 0.061095614993415 0.227495758376529 0.796074371370937 0.729770566327647 0.549068638422885 0.519497363935017 0.697470137518627 0.554808112768501 0.107964442592985 0.189840135771045 0.588999007299369 0.35970357382454 0.620672658610303 0.611596160991372 0.185466562506819 0.207895799930789 0.703640982990949 0.740746109536177 0.788975572378215 0.708606220969009 0.763898024451085 0.757849693775414 0.712979849269193 0.639580860478678 0.682232641736646 0.643865253007857 0.733467906947884 0.504438801365004 0.796470715644827 0.706388529380485 0.824639057603368 0.757470720099527 0.814225218857406 0.795449527273383 0.739338598900384 0.593983775325001 0.784751582558188 0.603568854229977 0.423013846425293 0.416855486095374 0.649084249697222 0.577632554462736 0.671146715293141 0.360663304067728 0.507232030776738 0.53080654062192 0.606724125396441 0.53216474946903 0.377348698363791 0.203940277817287 0.504881338838369 0.666288009843147 0.695046262099772 0.692026252486453 0.750518128234001 0.702061111244204 0.33226468071838 0.385497913438917 0.655477285730156 0.701950237828243 0.552700942753273 0.328756495691982 0.565573478402461 0.719577186782818
0.688425893816604 1 0.213507846842802 0.359382205946023 -0.210885974466229 -0.0132274247143139 0.194951999098794 0.242777817703042 -0.248788394018731 -0.219097570739956 0.344278225978813 0.451867609877882 0.287677386374222 0.297744792063924 0.0140233742071801 0.0265761908995546 0.687376133273699 0.788901919015355 0.501659735788981 0.79359910316019 -0.0610880885321125 0.197250902480284 0.195202424177625 0.163724603365819 0.15523907157123 0.120453418355984 -0.0518773933304816 0.125426268538247 0.551235492762352 0.529676991590814 0.247093013480072 0.215332766916037 0.525851670572894 0.449583966056297 -0.0941950231104705 0.200218311400484 0.410610927732358 0.0214117425170979 0.274442379701775 0.368292211661464 0.293746893797631 0.162709796961219 0.418566325714365 0.589968984634313 0.646224207741992 0.681795493292058 0.619963252594405 0.699231322990521 0.581743694822932 0.604142733532582 0.438139995287518 0.486815098296687 0.542118735862659 0.371840527801772 0.576129173048561 0.579482203402567 0.79385019157506 0.822926974228202 0.58532755494889 0.616604850171949 0.328542242708007 0.247077915182788 0.524957242631699 0.401972656482582 0.234094466898685 0.182337188270163 0.310884215170257 0.29988035445567 0.717545733280508 0.653803036777601 0.41709748072397 0.166004901982103 0.392665371865267 0.269126261997614 0.24174175320473 -0.0394417901544348 0.416555008866483 0.298206176847733 0.480914436149003 0.552214046904101 0.627248362467614 0.681270422010954 0.205450520180298 0.610605494966681 0.352926005734135 0.646532335910344 0.177853086161755 0.352812999405365 0.20581462142263 0.519815608746933
0.582436755622828 0.213507846842802 1 0.82435103577196 0.483312070826306 0.314642292921108 0.874202185193705 0.682951327377977 0.501200144311257 0.377951096153919 0.528645235742472 0.297128424342379 0.715485038832124 0.316832646680417 0.63030367543128 0.441756401363075 0.505606206514512 0.413043779217824 0.689721071809015 0.36244748411779 0.241142524709587 -0.011783192925479 0.86038938671324 0.843846730439441 0.506573572155035 0.69265434083284 0.455621036211185 0.486254670711317 0.591852203480467 0.614844866229542 0.8158954526195 0.836941487003519 0.770663283532427 0.547404485937825 0.627209842678184 0.471623213422139 0.515846806950714 0.491377878431717 0.488488013733929 0.523877970230255 0.138884290843312 0.143606960965053 0.672377863257959 0.613315904642127 0.593318950265806 0.459620111799854 0.614157809813241 0.531100005296092 0.569401093162719 0.494096170714247 0.681781420744882 0.597744997320853 0.668143482621533 0.602989082311249 0.585932365852225 0.507974308266517 0.424194317869712 0.416566113343767 0.551223350455667 0.46994206788611 0.780994321737025 0.771906244365216 0.602587549253916 0.58089808386874 0.77417468316989 0.740236714294587 0.788982796059708 0.704976154778677 0.377702186511449 0.0180676456936669 0.592412851342925 0.70942483628821 0.415472880270348 0.504495950670644 0.408650424761226 0.230596693223756 0.5855747394171 0.603935824228023 0.625749644605893 0.560303543247771 0.599120869337654 0.593147180362977 0.371537556696749 0.21694621412267 0.852635450952101 0.688364009777461 0.61835831533537 0.434199871936984 0.735273761563045 0.728280746031713
0.555380501038241 0.359382205946023 0.82435103577196 1 0.316746125466975 0.315889347329907 0.764997572966483 0.806287410790325 0.328682234311008 0.327041644873151 0.463023947475809 0.518229629320778 0.573834468467166 0.525253988335236 0.506888213591736 0.471319651764189 0.446267477456237 0.442127125042971 0.564744486264753 0.507219647188701 0.231125421381263 0.0522475088438978 0.808368168102641 0.806205797740867 0.49072175053819 0.600701409452323 0.260826508035518 0.352715345219048 0.555593398934709 0.621317505068302 0.73481825299299 0.784656857988393 0.794914739173572 0.742542883657963 0.572350506041992 0.56356122703953 0.385454835520741 0.325887009745554 0.38450774327218 0.480175363035882 0.182205148644599 0.136226924049376 0.667629839614043 0.602491533875299 0.560849971659195 0.431841906795602 0.558790744665362 0.519279938938186 0.529181030783041 0.468821309078091 0.663244960853616 0.624850945204333 0.574241736670152 0.558715274381981 0.512474459723217 0.459688662912096 0.406693108453672 0.408715414754345 0.525745046842882 0.525855226292497 0.702303095604447 0.760945437892852 0.573275535760809 0.660535846382943 0.684975803734107 0.774999701239982 0.775366971336462 0.7833880673801 0.297277124279451 0.00639256536547684 0.642667320962914 0.597444188517362 0.383451340574954 0.388472888791101 0.296732865522205 0.0761914424211333 0.591147257379691 0.523721030268794 0.554083874540775 0.515239711772364 0.546341726396591 0.602950289471388 0.23619435767378 0.329127333042674 0.697217162586924 0.765085501013437 0.468904174724761 0.476272278028816 0.547571255930009 0.700305330791315
0.114236815104583 -0.210885974466229 0.483312070826306 0.316746125466975 1 0.220902045434815 0.494906511810873 0.431741289242142 0.768643275822019 0.600897098357124 0.213090984793045 0.0486942797063633 0.327991577357468 0.197362470992401 0.623948839975522 0.431309916828051 0.0757366713803126 0.0572900970172583 0.244696767396423 0.0089996708745509 0.123448122716933 -0.0803889311194716 0.420801249354669 0.398376250922917 0.22158724131416 0.241499860947195 0.446654829865253 0.193378115961131 0.2662766904007 0.227482642736356 0.340117365011887 0.414968601345854 0.278957408594343 0.185799849904529 0.38664173171993 0.006547569488617 0.147791864050463 0.193837893498387 0.256018324261777 0.0845628762711647 -0.0246757059823251 -0.136088533588583 0.367423647738528 0.24242794419149 0.176729152984639 0.100557312949049 0.210946943617932 0.0772033571355614 0.201879020555377 0.126573451161159 0.255616159092434 0.134932947392157 0.174023332028631 0.298948811331697 0.148280829053294 0.116051274119685 -0.0221968568428859 -0.0482540857981074 0.0617260340865303 0.034925465333697 0.315198917936742 0.32775225446836 0.107915300753245 0.221739071605404 0.222085781147906 0.110040711984025 0.295012695447791 0.183125525348488 0.0311429927954267 -0.194567060370114 0.310545482753802 0.432647158345994 0.180432226404611 0.253364107093662 0.155588843005555 0.0184311565779933 0.294768997300106 0.316157800309285 0.198862212220243 0.186553007815289 0.174174873645226 0.144181195742198 0.228665813242601 -0.119062601241895 0.393404599533618 0.118017902075968 0.35089735881565 0.0729492517567532 0.355012921721712 0.286323324194781
0.00200855969520237 -0.0132274247143139 0.314642292921108 0.315889347329907 0.220902045434815 1 0.18714833210604 0.219183161435729 0.243905950100277 0.438746755535903 -0.0370921651188321 0.0429507414331823 0.121538785384416 0.102817104737391 0.30335337130647 0.441572690498612 0.0852799799279961 0.0486020398781981 0.16319614559461 -0.0366631531307305 0.10449142447066 0.0261428692615198 0.316677085512247 0.370747664165022 0.305649424380652 0.3917254180203 0.54057877256311 0.459097874285078 0.0193155881752333 0.149890537771636 0.282148448649293 0.305856285267363 0.207440128919686 0.15489145583408 0.39798219994321 0.217858977896175 0.141343486287823 0.175432749623226 0.12255180030879 0.140167674692756 -0.0342687032445302 0.0472595459802965 0.108933468933734 0.09697345306308 0.101525782813169 0.105374068610047 0.139130116928554 0.12282058404961 0.0687175296462693 0.0850125718336979 0.157591737425459 0.105659145216651 0.155741643860268 0.157842073174134 0.117821955761693 0.139763971889158 0.0232605381583733 0.0438905801609994 0.0734705877836832 0.0173861745710797 0.19731142214892 0.303643004313123 0.0213933654280902 0.0995522225152323 0.329314139555023 0.345970000460832 0.291298918133394 0.276130280629607 0.103082549162997 -0.047305914450937 0.309742657006578 0.196802325659556 -0.0822772824848207 0.0788781195926939 0.0974683139095604 0.0429863544016029 0.193514772726617 0.20384258684037 0.114756091962735 0.0761424933514723 0.197730162873182 0.136135327891723 0.313326242249846 0.0540675011287809 0.30727721072058 0.250461480668493 0.248268115379382 0.257967969809928 0.328016823264813 0.208675400984833
0.662524196521922 0.194951999098794 0.874202185193705 0.764997572966483 0.494906511810873 0.18714833210604 1 0.776081921527293 0.520901432380083 0.368509161378475 0.670024721699081 0.435597120020349 0.819590310553582 0.472332666560905 0.564845491285518 0.355423419889006 0.443447832901904 0.401933395737158 0.65445087777587 0.376678459209008 0.25518890487314 -0.0766343937216216 0.696806183932102 0.660274276934266 0.359901189442761 0.521763027174096 0.283675021077014 0.320342025309232 0.63125245386238 0.594212355994969 0.719178558949047 0.729425346470051 0.71980117403831 0.582285763887851 0.469732101897322 0.327750112711213 0.387534669135541 0.346212903184111 0.516063883045205 0.470379431898807 0.0239971190647543 0.0762483767788071 0.695722838688849 0.570730761590122 0.571205701496023 0.405396654625377 0.568475808450223 0.465063419346803 0.545404233775675 0.433248817866582 0.714034635615248 0.599808025603984 0.644652546158263 0.540510645531838 0.582411451289267 0.483652144175215 0.371765932020417 0.337456367796885 0.630964699059221 0.557682175092189 0.862300110158992 0.732169783988819 0.644527373954361 0.639154303387921 0.569724083160045 0.617405146542381 0.780073650012143 0.708914474652271 0.251854609363897 -0.11433274726499 0.624316510148894 0.722103609498374 0.474479845854838 0.502314382573989 0.404246892758876 0.181078859553377 0.588773259206059 0.669769514945672 0.593637156837942 0.520103534279341 0.525212251383266 0.500361601338354 0.26695033683775 0.112894267302623 0.736159015280205 0.574957649067021 0.542620400296226 0.256335637165638 0.735012443793014 0.643323412316515
0.52478623905761 0.242777817703042 0.682951327377977 0.806287410790325 0.431741289242142 0.219183161435729 0.776081921527293 1 0.450151609460605 0.53244454478861 0.488430096841403 0.655680520213548 0.579761599679996 0.680807589319121 0.425568219785406 0.474084227665446 0.329471831064741 0.383353595432571 0.544456729138075 0.467203940989474 0.173884717313317 0.0122256705859645 0.683920106248267 0.643854742566396 0.332882524557841 0.374655659425 0.171725813636944 0.153970769979418 0.5262320603261 0.620682869463634 0.698615165154165 0.749464866872747 0.750560138476985 0.732100267873179 0.465838495077648 0.424016351092622 0.265182017505412 0.226773638494387 0.363214525316303 0.323882101464973 0.0333832873837361 -0.010733070280138 0.686288164513887 0.552388851951295 0.48544396829521 0.344827371631087 0.502751258487087 0.45966187044251 0.522129418329277 0.430506317904146 0.700915432553139 0.587889100792078 0.561283646716481 0.628488724411931 0.439641753992817 0.387120749207919 0.251722027428444 0.246285321995258 0.536219097529004 0.499073895700192 0.689557024443808 0.761512154647719 0.468098551391616 0.710782655896453 0.369745999082629 0.480406680206448 0.686986528234468 0.698924561766519 0.145510976643803 -0.212441216622737 0.635312904990104 0.660536214496517 0.425835968293252 0.390675076121308 0.291379687423373 -0.0264456962390692 0.552841424224343 0.556879165564054 0.505754177563836 0.444889601563539 0.407926133927994 0.561748463420823 0.101374689808694 0.197677696598165 0.53367154123472 0.596184386935587 0.355261775071774 0.332053776612888 0.468947210188808 0.614095001506225
0.0845823905974092 -0.248788394018731 0.501200144311257 0.328682234311008 0.768643275822019 0.243905950100277 0.520901432380083 0.450151609460605 1 0.676611861387791 0.234719785774822 0.0936778319083845 0.3431370570492 0.205499070359527 0.552798333016574 0.401174511554073 0.0376655572930322 -0.0235203114029946 0.23075665001498 -0.0245103954498309 0.161623786970052 -0.0574535994277 0.409028673343913 0.356405229868303 0.152460484334757 0.175050317043904 0.466486372616441 0.198232514600904 0.134957419986197 0.119536385836293 0.381801231695824 0.419181391095762 0.276464555998316 0.219190444801331 0.434570952161508 0.0874828258069256 0.0273178935485252 0.185726764907376 0.135530187622094 -0.0022833211453084 0.00271315030013238 -0.0633933989829268 0.290398085507565 0.12292620819692 0.0736697036360811 -0.0449854254060192 0.0919793566402881 -0.0342691934544382 0.113365791214734 0.012689403121652 0.242800144963531 0.095646927783818 0.143941097278557 0.25418892368637 0.0330597805861764 -0.0431970655893004 -0.0586861687471919 -0.0661976443792443 0.0738407299219002 0.0183977330413838 0.395850640439277 0.412608332244245 0.140944230154523 0.267012710373567 0.190081723545185 0.163104875956352 0.2814304504711 0.238330839942284 -0.00013575821673078 -0.211831218910218 0.374756824561041 0.459978932140279 0.136625618507145 0.204162986135342 0.0706454109881904 0.0431160309729054 0.28969589760392 0.298077091797824 0.173576233364221 0.0621243648468983 0.135727806159428 0.0663806482822225 0.118299089903757 -0.200704488539939 0.33722882412354 0.105203518775278 0.249967311933571 -0.0118251929532852 0.399328754522546 0.248305374372983
0.0265710619182728 -0.219097570739956 0.377951096153919 0.327041644873151 0.600897098357124 0.438746755535903 0.368509161378475 0.53244454478861 0.676611861387791 1 0.0820083542014842 0.163847436871441 0.178413979902264 0.265754447158459 0.393218250571329 0.527724993932942 -0.0337593469254959 -0.0115394339899456 0.21904726618582 -0.0445260607559995 0.0681195899402941 -0.0421709271545272 0.392591561161857 0.407745889665797 0.125230194368453 0.150282541240197 0.413053000730543 0.165307293546491 0.0215047210167482 0.215966733348799 0.313700233763445 0.437186591032376 0.231796019228979 0.18484936625892 0.39116827588532 0.144453448828052 0.0147311629923065 0.199748776666651 0.130263434134741 0.0643023072387112 -0.139419568278345 -0.052939750380284 0.247142845605486 0.113522965686533 0.0632019516266385 -0.0225210793991247 0.0996426101587994 0.0104308207166167 0.102802714816307 0.0712974704522495 0.223177056422395 0.121773824192754 0.136423514376551 0.294896171993899 0.042067121484709 0.0504410152785356 -0.125384511195348 -0.108096387125739 0.042649590993694 -0.0165972732026772 0.236054821794314 0.46823470970786 -0.0425966559944484 0.228927420358832 0.130407940627001 0.171195433771165 0.261046433161147 0.25421390796204 -0.0167296124580523 -0.222208167971634 0.359683200813135 0.436180939455872 0.120650728947644 0.176550101845849 0.1094837236413 -0.0202073299852168 0.229278515583553 0.290595526152337 0.137063442540133 0.102012652201712 0.0874444404008098 0.161905673173645 0.18123687648123 -0.117699597844164 0.230271596875746 0.14252504473018 0.224809260560958 0.114234663077849 0.250618887290704 0.240496344791928
0.694965159794013 0.344278225978813 0.528645235742472 0.463023947475809 0.213090984793045 -0.0370921651188321 0.670024721699081 0.488430096841403 0.234719785774822 0.0820083542014842 1 0.564720387299838 0.860498405022135 0.553896139799339 0.4565891091312 0.224065802530096 0.455366215240059 0.429734171803278 0.643871361289501 0.483288586883976 0.0913158264802301 -0.0519779880125875 0.404393593963202 0.334005779309607 0.00651564900012584 0.163220442818769 -0.0107695374517121 0.101465908800682 0.637595755560656 0.54135359879188 0.411756134076355 0.395609573738899 0.514091775334346 0.430842710368096 0.0891179102792588 0.0630276197174112 0.222426104517756 0.0594575380578384 0.291378172979773 0.267078717986922 0.156567525899347 0.136005556219701 0.545229086705056 0.522658517485128 0.445095946555528 0.352142695278864 0.434975651070702 0.396950533258447 0.351034411149146 0.297735724385934 0.425809772534938 0.357000019288008 0.456365954473405 0.321748847941876 0.414279940246295 0.314741707820163 0.376164012468588 0.353329086590026 0.498376329210093 0.510646755649283 0.73944292517967 0.505320476405184 0.680473319958541 0.562680170067586 0.239790362309333 0.309108449406768 0.405465730818615 0.388887007564528 0.222488043901722 -0.00530941829977806 0.439053471084682 0.525166527403336 0.396834913570518 0.332159324766041 0.254770735942939 0.0697279837333169 0.490060395021153 0.442333212118721 0.547282049526545 0.463272543298555 0.421190079219735 0.425782046759456 0.186710288340716 0.212048749459541 0.464160191649516 0.46612686125174 0.248172514932204 0.134302597780462 0.546571227802387 0.496728809880302
0.521873595489452 0.451867609877882 0.297128424342379 0.518229629320778 0.0486942797063633 0.0429507414331823 0.435597120020349 0.655680520213548 0.0936778319083845 0.163847436871441 0.564720387299838 1 0.528794089747323 0.884993236271806 0.328504826148802 0.46294329159464 0.233360948503488 0.387314340408357 0.388041056258347 0.614862692870303 0.152961155632001 0.183081323422429 0.379888233193035 0.356420792425861 0.10977492892985 0.0996765545947647 -0.0992286132526662 -0.0653339630269236 0.507734345235597 0.584666970053326 0.430429464523179 0.387118459504148 0.512457528065349 0.602177112559031 -0.000903097254812511 0.165039558474302 0.0904238023618201 -0.169897721607743 0.292549278815291 0.23881241765528 0.128300973783393 -0.0138821397335821 0.509626534403522 0.444779020357162 0.335880907468484 0.271921214478466 0.366662304627992 0.382351226736643 0.313294844848454 0.248419844606675 0.425954062146998 0.34012408374735 0.348011042090632 0.294455499150624 0.374429168331818 0.302001638369972 0.24256140513408 0.24377154355588 0.377867070222066 0.435173713561318 0.547340193369731 0.463024954602837 0.48855968874365 0.534687326436174 0.150191224467383 0.251890958781704 0.382944263505221 0.449407160199792 0.102608812278153 -0.110118144986021 0.538994392839332 0.296302735785558 0.358820880913804 0.178685985344299 0.213858463008397 -0.275834033394692 0.401243323406602 0.370490756822097 0.393657309386556 0.367229976174727 0.250286148372929 0.520175590806426 -0.0430483885035092 0.475485342664787 0.286103002931142 0.570476520504737 0.187404161713987 0.430756962977779 0.2725967185206 0.475532005903766
0.722847534471576 0.287677386374222 0.715485038832124 0.573834468467166 0.327991577357468 0.121538785384416 0.819590310553582 0.579761599679996 0.3431370570492 0.178413979902264 0.860498405022135 0.528794089747323 1 0.578304619332996 0.586747789269961 0.392677996479555 0.448779794380113 0.436400155699426 0.700091352982969 0.38285160616087 0.171343430218814 -0.0749059606996149 0.586185363834952 0.5271991253756 0.206152765599146 0.408416961457654 0.130386285186782 0.241249404413953 0.686540238109342 0.619602495504615 0.590353891010643 0.558964475993341 0.601133406195624 0.454959230799719 0.241494375078519 0.189624006007025 0.364031139329217 0.247141077714363 0.46250579215725 0.4509133692514 0.0766036923200672 0.145755729630358 0.631691361841525 0.581038653314082 0.540370814602676 0.409825982221738 0.543418054973534 0.498040093008629 0.475136406722325 0.396519959789261 0.589704206342658 0.500360806005787 0.572685330198309 0.417851553371462 0.570255247754148 0.449082433628239 0.394003194899373 0.365870218843511 0.619545433887329 0.552650659524587 0.865992890128147 0.652864618467719 0.622635071921007 0.564236079166282 0.47343507929543 0.533364451128207 0.607452251075201 0.554007786666924 0.284531481450763 -0.0322110431535923 0.531054332670691 0.644555513313101 0.440672744500645 0.410486862974705 0.4212491474893 0.117139113555826 0.536670399243176 0.568923672690931 0.628057376702328 0.536785235802107 0.520122549141452 0.53207199752407 0.245003568849243 0.211674719554121 0.671188246484831 0.604820965275215 0.448267528906739 0.307177099858361 0.739992288360735 0.638600703718064
0.431880992096826 0.297744792063924 0.316832646680417 0.525253988335236 0.197362470992401 0.102817104737391 0.472332666560905 0.680807589319121 0.205499070359527 0.265754447158459 0.553896139799339 0.884993236271806 0.578304619332996 1 0.450960846239322 0.580432354155277 0.10185752378335 0.26431426286087 0.343623006901359 0.450590451790933 0.126115804972873 0.143335899078539 0.398700109035663 0.365933488123955 0.105670968143732 0.102286014276268 -0.105653695484087 -0.0847412998950202 0.462805209027985 0.50136472554393 0.430779006751751 0.406312942291388 0.493923387662538 0.560222369208595 0.0379786648905905 0.151186587901437 -0.00864665405700673 -0.178990809569651 0.249831038157223 0.202438358367319 0.0805069831006002 -0.0574244793893071 0.488073257215207 0.405822930900457 0.25507134914901 0.159410815751745 0.279801715791592 0.304122809242855 0.235075342732155 0.166328723174861 0.405060908024701 0.314588841322714 0.288299374858664 0.287170325870255 0.287215785472543 0.201643612986652 0.109502984525042 0.0953023669842253 0.327263835428244 0.376360725834808 0.5592587734377 0.485367599832145 0.377492460624088 0.522268365525867 0.141248839119833 0.290559103179331 0.336527483971055 0.406784754483287 -0.024688859857808 -0.247514180788755 0.530512347039168 0.383150044003257 0.325911692717898 0.133639986110606 0.237199254675378 -0.294953098565613 0.400967183747824 0.304510725201664 0.353446706234956 0.28215759538174 0.156401086673388 0.395101925447086 -0.0901893097992242 0.327856384291444 0.2518879012179 0.505468958633767 0.140494348374434 0.409678203651178 0.324654354496538 0.433790858184552
0.320589599278158 0.0140233742071801 0.63030367543128 0.506888213591736 0.623948839975522 0.30335337130647 0.564845491285518 0.425568219785406 0.552798333016574 0.393218250571329 0.4565891091312 0.328504826148802 0.586747789269961 0.450960846239322 1 0.707234054172496 0.177550751984858 0.118106232090867 0.484236056054481 0.262754773321693 0.293699551631817 0.0488192643500211 0.670382107353689 0.622637337920221 0.361613621174979 0.387877721102273 0.434411909077366 0.311105394057631 0.448535395443023 0.361433936239982 0.514660786120861 0.530373626016705 0.405749083042012 0.303955217346572 0.380192216009629 0.181469344514047 0.189946652830407 0.105999588868766 0.33270747901988 0.249122549652238 0.121294702827005 -0.0214478932788747 0.395369426222197 0.317181110567544 0.242827682111073 0.135935801970004 0.27588289674898 0.184783792416951 0.183708641524175 0.103796960006505 0.288769422033688 0.189410143586648 0.275255856225278 0.263400906263383 0.270389095465823 0.202795207978609 0.154952191343229 0.0867143494030645 0.119940964125605 0.0837365335967269 0.468040096389563 0.406814529772674 0.360660159952739 0.245599224343758 0.580534120651217 0.430092233501632 0.420775214799714 0.343298413862692 0.137968429718046 -0.0885792658269601 0.457695839571383 0.423410515265608 0.245835242432934 0.239918572290194 0.230078239891953 0.0419637531571564 0.330946177985465 0.279998362572783 0.347556508612872 0.277815900313107 0.311252787948919 0.329531622680034 0.377872254930393 0.274788028317257 0.628327697780837 0.422542689298697 0.465476655965012 0.40973759222216 0.518665810716476 0.423872758956636
0.172273666025119 0.0265761908995546 0.441756401363075 0.471319651764189 0.431309916828051 0.441572690498612 0.355423419889006 0.474084227665446 0.401174511554073 0.527724993932942 0.224065802530096 0.46294329159464 0.392677996479555 0.580432354155277 0.707234054172496 1 0.0252143028995692 0.101879161979986 0.299552108356823 0.185561425111343 0.281847663761204 0.273502500320036 0.592091367526327 0.599013098380208 0.369062699817936 0.370870854692876 0.42081488874986 0.334719774324279 0.290094929802875 0.436425509939321 0.514531724615345 0.498891049542565 0.337445946905104 0.303243816317057 0.28156757344611 0.246023734614783 0.177040526604407 0.0926006677273846 0.291607177075422 0.279649710989193 0.0692615524375654 -0.0152835176074318 0.366861879691432 0.331633958260321 0.157611957578184 0.109525379713915 0.242238262504635 0.228495038370075 0.163741524160903 0.132350547269891 0.263116079795898 0.193165679380518 0.193073740999192 0.2940992806879 0.237634312112508 0.256882655792725 0.0396888537127997 0.0205556872827522 0.0833905703267536 0.0342161488320785 0.313253213639871 0.45691795162496 0.0975493966590171 0.207239745092829 0.446248301657409 0.411469086415196 0.304217374524851 0.284690706314965 0.0275389034971639 -0.169304628995598 0.518564798099322 0.399236107193699 0.221413531879559 0.177534986939285 0.162498780265651 -0.0936817048600778 0.332304493720853 0.257330446048934 0.293673223372551 0.274955167526345 0.207163862383284 0.354895417804449 0.224157710133827 0.368377098998679 0.41468164392439 0.479041512779727 0.317026681698702 0.585815471430521 0.365293518229907 0.422476212552245
0.740120791545065 0.687376133273699 0.505606206514512 0.446267477456237 0.0757366713803126 0.0852799799279961 0.443447832901904 0.329471831064741 0.0376655572930322 -0.0337593469254959 0.455366215240059 0.233360948503488 0.448779794380113 0.10185752378335 0.177550751984858 0.0252143028995692 1 0.848298655059174 0.649234509132693 0.641946825364352 -0.0160931827474549 -0.0742089640433317 0.397502313265015 0.405705779804134 0.215192283635069 0.345050948246372 0.179060299166888 0.365017732178041 0.705345238628753 0.654922556177897 0.417753632568251 0.427472802085365 0.63565861703806 0.481333816527521 0.20304182510705 0.255206492499587 0.651163647653737 0.411670455021862 0.492989618273105 0.475993629765555 0.276289227051525 0.260285559682469 0.586985025675471 0.654171463525884 0.748417625957316 0.741984237451758 0.723830317933621 0.716503641824423 0.67909472231548 0.651280121533888 0.539753991957813 0.508970808833387 0.704080222082321 0.471274385204649 0.692372270366254 0.643085682965954 0.855050283101746 0.869811639358624 0.67268358315275 0.67477517868557 0.498910935223517 0.457949269111367 0.690887868656063 0.620473492884585 0.422718910551249 0.340452760314744 0.535070027526014 0.453309352645849 0.754482231779644 0.494941110242295 0.370856180966369 0.429533709092738 0.531506496550345 0.616609875069767 0.395371638337296 0.365250964379955 0.538080690867253 0.592347746933672 0.718585664151125 0.677690949212774 0.812196370928726 0.670646044036951 0.400896633602906 0.303997856647892 0.622976999141836 0.606740959627135 0.535134179689752 0.192247358662463 0.456862664895219 0.571786143071908
0.728677045743266 0.788901919015355 0.413043779217824 0.442127125042971 0.0572900970172583 0.0486020398781981 0.401933395737158 0.383353595432571 -0.0235203114029946 -0.0115394339899456 0.429734171803278 0.387314340408357 0.436400155699426 0.26431426286087 0.118106232090867 0.101879161979986 0.848298655059174 1 0.640487530026904 0.709936480263414 -0.0202054034507563 0.0529429339466805 0.355236049638958 0.361549643658978 0.213306427556918 0.286418124825761 0.0544855828946261 0.267115997545203 0.71769595185902 0.722354910352 0.426082995908826 0.393524882589838 0.639439794215184 0.591468308576015 0.131438955973899 0.268148193490712 0.607861865610033 0.331852844705018 0.450009838552671 0.474487731431557 0.241910480432231 0.189391020039919 0.635293666852405 0.717171889078395 0.75023180929313 0.759329357512691 0.734781950777416 0.753699458273238 0.708144812077899 0.715694178241123 0.598673883180502 0.582951905434754 0.716412403671933 0.560726258970137 0.709351110214139 0.670845130986404 0.793259484735363 0.856510272375534 0.682860397663355 0.687554425474602 0.474789169851705 0.443761086605401 0.605792598046795 0.650284629775957 0.325016064061432 0.27558568147918 0.502628647351224 0.420127036761754 0.680078201698945 0.4632443911577 0.414313826137705 0.395429331588891 0.530231063592693 0.524117684163337 0.405543014912615 0.142801930313877 0.626926036541415 0.603930474091042 0.698068671913224 0.753191705835486 0.726423654248883 0.703226561995932 0.332851147927088 0.371332446366014 0.509513369329059 0.627301452055255 0.419854557393335 0.211288473424069 0.421810073420651 0.623163509406005
0.718671427572559 0.501659735788981 0.689721071809015 0.564744486264753 0.244696767396423 0.16319614559461 0.65445087777587 0.544456729138075 0.23075665001498 0.21904726618582 0.643871361289501 0.388041056258347 0.700091352982969 0.343623006901359 0.484236056054481 0.299552108356823 0.649234509132693 0.640487530026904 1 0.601270260531279 0.102102675284366 0.0211623021363807 0.639113067302992 0.564893759456017 0.229709309047452 0.415627848932804 0.208147572566901 0.303414045520797 0.652200589653152 0.652409615525619 0.622484567814408 0.570522230269971 0.700472380139751 0.507201198951368 0.245046231877371 0.279026724069957 0.492245815732339 0.355493682539775 0.418937623024284 0.404819273253844 0.104313600180543 0.216707609241535 0.60389688997199 0.624644497853659 0.603302436690899 0.55427403615375 0.65086579133884 0.62419404571385 0.592174502598022 0.556012304439369 0.589098500975026 0.545966351425794 0.693725875393607 0.580713777320734 0.613683037481852 0.538761175731915 0.585279014520521 0.58305031366711 0.617958666831163 0.545339549250678 0.642727365778752 0.588796805309935 0.639840707042964 0.567939487792107 0.486321302179522 0.432069151936281 0.56466652188613 0.46414109627867 0.543174314060751 0.228142103955183 0.5546283468242 0.585676011147538 0.520853720022221 0.466960175629423 0.402474410455839 0.184788311405229 0.578897501091625 0.517378065413027 0.61062145986444 0.6422820584791 0.658752772940732 0.615961935278832 0.428304331490932 0.361720723363766 0.686850796445951 0.611735326038069 0.451037798590625 0.362105051697422 0.603443114540325 0.662042619019784
0.734130858764217 0.79359910316019 0.36244748411779 0.507219647188701 0.0089996708745509 -0.0366631531307305 0.376678459209008 0.467203940989474 -0.0245103954498309 -0.0445260607559995 0.483288586883976 0.614862692870303 0.38285160616087 0.450590451790933 0.262754773321693 0.185561425111343 0.641946825364352 0.709936480263414 0.601270260531279 1 0.0982762003915274 0.201105321710853 0.389467487404214 0.336195761760076 0.247656618757038 0.184694421930806 -0.0304047245410002 0.125823534830697 0.651093210724964 0.629649139824036 0.431813324947671 0.380485277249724 0.624912140751711 0.643936792592409 0.0360804914022585 0.245502407205613 0.407363022808114 0.0305463179494774 0.38059515043324 0.379932013684416 0.289466416518989 0.126378479950989 0.523165175902175 0.603252133963783 0.603589824369968 0.577120849975832 0.581944565182174 0.597136100860703 0.515721933706794 0.488021509778304 0.438278502387196 0.438025935187741 0.503487618646776 0.374583741989816 0.545290185488068 0.505008636326362 0.725878937943272 0.716033990113313 0.501206614891063 0.565358133766431 0.406292539287843 0.319134430911963 0.656853269480542 0.471767860265221 0.314995832368952 0.228948100772455 0.446068721510489 0.427772496504613 0.590824312029136 0.414918281863107 0.474842953637014 0.261219348348516 0.419517188834359 0.334058259495865 0.199377849977125 -0.0960076572105546 0.424680190903889 0.386293499564635 0.538953291820502 0.573822737740706 0.626898676126653 0.671637374722659 0.261080300886212 0.618804433249817 0.466277245067677 0.616285835631372 0.326982444613521 0.361412210976474 0.234304283134248 0.532433995979059
0.162380496863015 -0.0610880885321125 0.241142524709587 0.231125421381263 0.123448122716933 0.10449142447066 0.25518890487314 0.173884717313317 0.161623786970052 0.0681195899402941 0.0913158264802301 0.152961155632001 0.171343430218814 0.126115804972873 0.293699551631817 0.281847663761204 -0.0160931827474549 -0.0202054034507563 0.102102675284366 0.0982762003915274 1 0.163224639291401 0.329930562245933 0.32423577826278 0.425195796506891 0.366497463088604 0.180885366578236 0.25379000109279 0.144198993803238 0.108259164193521 0.353708591282435 0.302354990215778 0.159347364258492 0.122038893830167 0.238916026496257 0.162546771196301 0.203042364546429 0.177675953629709 0.277141852726621 0.259151077905489 0.0863141177815059 0.112246838817061 0.18893808279104 0.0716464650328121 0.0411425638781156 -0.0207523473220895 0.0486977004163706 0.0255937444087252 0.096109137399282 0.01268696795913 0.236505282559239 0.174483484556279 0.121215615433199 0.18770690898495 0.131998731060868 0.140398345832657 0.0687718272619545 0.03030872897688 0.0542651929311169 0.0490741266165274 0.159793929106615 0.202259062771714 0.0576116362457512 0.0571005299515452 0.340467677294761 0.282859693975954 0.270134673147504 0.243992021432692 0.075642296477764 -0.103596995865516 0.304194613792433 0.19794839651938 0.100211844027205 0.103488783178826 0.0391071828726055 0.0589854649329773 0.0656934883134769 0.213833409195233 0.0816044288325967 0.121515803459419 0.144070692243358 0.18323679312581 0.149782309363736 0.130681000803141 0.296857605748574 0.24125173743458 0.322734141393213 0.18458619890672 0.148806259058935 0.283882434966943
-0.0177632786562064 0.197250902480284 -0.011783192925479 0.0522475088438978 -0.0803889311194716 0.0261428692615198 -0.0766343937216216 0.0122256705859645 -0.0574535994277 -0.0421709271545272 -0.0519779880125875 0.183081323422429 -0.0749059606996149 0.143335899078539 0.0488192643500211 0.273502500320036 -0.0742089640433317 0.0529429339466805 0.0211623021363807 0.201105321710853 0.163224639291401 1 0.0814849361459709 0.0541765720608751 0.179412328745935 0.0505684947378974 0.0665213936048802 0.0168103941333524 -0.0357666427072878 0.0937667069638506 0.144243756442952 0.0868034249342469 0.0611307773815838 0.153434129459337 0.0215956631915852 0.170169112355658 -0.0332698300220823 -0.127747046974378 -0.0661059972681363 0.0337800521024259 0.00112920201670611 -0.0470594170981875 0.0181488687521041 0.0823671770219514 -0.0392405191573239 -0.0216904322989626 0.00237624084029247 0.0126664742390886 -0.033239489692825 -0.0221345549595345 -0.0418047499915431 -0.0279636763282462 0.0136039259429925 0.104823390421043 -0.0708866530056575 -0.0129858468263192 0.00342785623926304 0.0105348041974051 -0.0913271844115238 -0.123398653939455 -0.126547957322697 -0.0454714858834212 -0.0304324000851573 -0.0663912014711197 0.0842189269428938 0.022951290466581 -0.0405070363945283 -0.0502686297024087 0.0147571832033596 0.136290125770337 0.216742246627035 -0.0371790354967001 -0.0199298684414356 -0.041628452731173 -0.123825133835886 -0.173822894355186 0.0864631728002713 -0.177771620795188 -0.0719112592468979 0.0646263277003082 -0.0400858071484729 0.130869650260663 0.127857770516687 0.372641069505915 -0.01041406048139 0.136213018955816 -0.153156057507794 0.266588743901963 -0.0811548071121203 0.0718443028018055
0.465602597734982 0.195202424177625 0.86038938671324 0.808368168102641 0.420801249354669 0.316677085512247 0.696806183932102 0.683920106248267 0.409028673343913 0.392591561161857 0.404393593963202 0.379888233193035 0.586185363834952 0.398700109035663 0.670382107353689 0.592091367526327 0.397502313265015 0.355236049638958 0.639113067302992 0.389467487404214 0.329930562245933 0.0814849361459709 1 0.913512560823777 0.558338801988176 0.683810772195591 0.42773539378218 0.445541913740332 0.551686830310078 0.623054585151728 0.818217098606103 0.847661389329006 0.738071440812941 0.548773991882722 0.597535474245229 0.560738031666956 0.455063148334862 0.431110929488501 0.433950289453976 0.470796364136369 0.0707261625036154 0.189281080527105 0.647893702122752 0.589423915581876 0.501232975107214 0.387928415362391 0.534876037762208 0.50147901516882 0.493691608355207 0.450478218429699 0.597124683791873 0.538403671529233 0.589637903232186 0.614172298869266 0.499598161128323 0.460953500881024 0.326312107035475 0.328887854854816 0.390711292395577 0.32612880606903 0.59550353014344 0.690028182451423 0.426898575229791 0.494827298242188 0.77806394506703 0.690224698938361 0.702322355912903 0.654444813838297 0.298109788619474 -0.0516227723933891 0.579643908061245 0.657664933802757 0.376931692044715 0.447610186139294 0.319166425551826 0.186113847650313 0.562766722232551 0.507625993471072 0.583886695625844 0.534282942930743 0.504905606257557 0.603288932301275 0.366674900092487 0.319537989875695 0.774917920688618 0.69221267452326 0.570475253202158 0.569956995875807 0.556434518509077 0.69420661864628
0.438666608853699 0.163724603365819 0.843846730439441 0.806205797740867 0.398376250922917 0.370747664165022 0.660274276934266 0.643854742566396 0.356405229868303 0.407745889665797 0.334005779309607 0.356420792425861 0.5271991253756 0.365933488123955 0.622637337920221 0.599013098380208 0.405705779804134 0.361549643658978 0.564893759456017 0.336195761760076 0.32423577826278 0.0541765720608751 0.913512560823777 1 0.588556035629784 0.708261141501763 0.442059263828663 0.491809146851527 0.518547198794189 0.641728645546956 0.802418133647735 0.848968412574252 0.71162244790166 0.534071006270562 0.577942630395253 0.538362944253656 0.496313880424704 0.480000078182273 0.441466566013116 0.522505940529581 0.145438107394716 0.206169005152696 0.625238901871595 0.579902981757976 0.509965919037049 0.414529055864714 0.539932210070903 0.488091800238578 0.509666295011746 0.455608163034614 0.598201103706299 0.541524271092581 0.57174772605163 0.580841055139281 0.520590375421823 0.481315070325032 0.35511072545992 0.342654119234481 0.395314589948074 0.321387965399498 0.557506413485711 0.679028458652622 0.437765982495944 0.493390264113404 0.788434070667046 0.72584380709655 0.702468272007016 0.656612357230307 0.296537198647223 0.0019308623160989 0.535272269449237 0.654967850048241 0.343841596011738 0.452434892562926 0.317109943697403 0.225504126588236 0.529021501826743 0.534677982201157 0.531823989555126 0.536034848228945 0.485637307391893 0.596300968981885 0.390098885426521 0.30320564499089 0.777850998374068 0.711838064961475 0.597229222936389 0.579128373454394 0.549325544030115 0.694246101597522
