1 0.699837322315498 0.613362088802137 0.408794513831937 0.503515312680394 0.0828012420998267 0.627149562692822 0.41768424654224 0.560261737632734 0.352437634706601 0.538522022713473 0.435169102829372 0.734864025022219 0.324000507107988 0.527774085298302 0.0839307335358287 0.153174629369122 0.168562744530243 0.607929024766723 0.477812643169719 0.131070177906445 -0.123217589850166 0.35335259930008 0.0532276371158562 0.0611896501985398 -0.0054679541049452 0.0037731316334211 0.13258116834335 0.105373644454577 0.370734481187283 0.18118635720174 -0.00470611482505829 0.425517541625411 0.23480397740194 0.229328613501702 0.203214398022434 0.34954026170472 0.405439984179326 0.440463455641754 0.0814146965896328 0.273215024872894 0.300688118003971 0.5264555762433 0.534419215453637 0.410568297464935 0.330739131249067 0.505687323564407 0.577809876680515 0.434920205291594 0.456747449074075 0.615660714392523 0.48643867738004 0.603696524232799 0.442333903946712 0.562768270891768 0.37085594040009 0.488765829547751 0.516195846623431 0.728267868926999 0.503630349412718 0.761563224287177 0.356555422544276 0.311415846455483 0.132394573627824 0.34212166625258 0.249528780007666 0.444192956738587 0.355066078929362 0.512833814056768 0.306092005407971 0.457237785854636 0.354969950160804 0.396054784874051 0.346977546359655 0.016148555352525 0.205673541443973 0.3216038899525 0.417913806886819 0.0876267109253554 0.150604763458565 0.285425925897927 0.223993959855149 0.267288498457667 -0.014506363651618 0.409282743398368 0.160700742187266 0.0540513108607278 -0.017124029549935 0.678225485544347 0.465721770396283
0.699837322315498 1 0.512860063095367 0.506565842848801 0.422482970513883 0.152848840015695 0.526734031038948 0.464501338903106 0.369933157458402 0.267237635141239 0.417571304935197 0.355324420741497 0.460866162658692 0.408408858027327 0.430172682385371 0.212119825860239 0.329389860782503 0.461261657433631 0.656744543547407 0.697421911128472 0.156141301470882 0.0194373329783423 0.415037427405037 0.24617121251288 0.215945785633224 0.181450348282698 -0.0120185588237677 0.180146702353837 0.211995213920955 0.510213851876212 0.410006690857371 0.263293460222811 0.629384277702502 0.514792257932019 0.338998505002601 0.438671022794596 0.478727960382941 0.495517481112883 0.38765823554849 0.0973465845866966 0.302958399520228 0.35596935599413 0.626191656116315 0.646628875499189 0.605979430010648 0.570722181603808 0.679015038334578 0.698209808918016 0.653846181836646 0.64454555638773 0.621742388859033 0.465218360263997 0.597007516316513 0.578629834542531 0.577958865872301 0.426235735196467 0.69782038708741 0.70559654333348 0.650091221330112 0.514916735943827 0.437160938465116 0.370025671618182 0.283551859476683 0.360260961063258 0.248293489025885 0.225023650038851 0.526126800783102 0.471325143042418 0.566711492323981 0.426719009590354 0.538502138156625 0.473485627332691 0.396874178529626 0.371819649623092 0.0267765035193455 0.296952731310569 0.399063185396138 0.372031877235228 0.324803264753192 0.323134428212964 0.528921364908179 0.462047498372848 0.350517710040997 0.201661147297203 0.487223142728288 0.388383718481427 0.107896721238734 0.195703649242313 0.410127356915485 0.360203004793371
0.613362088802137 0.512860063095367 1 0.542475827221403 0.516093084002104 0.176660237863173 0.77527945249568 0.383145167432442 0.520367494646409 0.281167853345026 0.288236577472562 0.206036912690572 0.575008466086893 0.220955624759809 0.543860648599769 0.167790388683819 0.101102774710624 0.162131602371521 0.520680642765262 0.388879795784387 0.240328491061011 -0.00714842826465742 0.722558689903359 0.284067590414451 0.497642813323209 0.411171601386447 0.249348796701258 0.164794636836917 0.00519091758982244 0.21241590070285 0.406007694021092 0.286409696202205 0.574410151311774 0.441293044489699 0.49482359094975 0.477184869808278 0.451181945229908 0.478817300052804 0.419069675247297 0.0723164357399771 0.235981877272472 0.182215937431398 0.659895941177288 0.556792963860537 0.593711401665083 0.420833320340768 0.539351493290722 0.587815607031952 0.431568463996431 0.443393578644463 0.691478543721074 0.514936865405856 0.518007152043458 0.454504401762991 0.378753130722523 0.294645401116508 0.37779842074624 0.440591182470483 0.563725399377076 0.364811995566733 0.56806195311315 0.259823789722536 0.0924916946579274 0.0355439104623753 0.728108862986546 0.398689130913586 0.693974426148287 0.535445343433476 0.495637820092805 0.22046629117799 0.533450454217602 0.383299316270975 0.346997236911891 0.335902636929753 0.0507650850187323 0.0700271569976651 0.322857485635149 0.335438018805605 0.0498018673601148 0.154445801385817 0.299642362438533 0.326643320221566 0.176726822755809 0.0193388070720828 0.618058835051429 0.498734415069104 0.210261953060222 0.180647495020569 0.396998498324036 0.363953882274543
0.408794513831937 0.506565842848801 0.542475827221403 1 0.457768355333369 0.499561207453612 0.608325624932099 0.878413267536702 0.485660787293229 0.579107764376285 0.276149311697017 0.694956943010033 0.369801302431579 0.622854196445343 0.45138185063162 0.507296737335659 -0.0251938518982952 0.0599422649714973 0.395496173612696 0.48065385276211 0.215419219140326 0.0738605398887906 0.554428391836613 0.60723440917926 0.293342313614286 0.486499318035547 0.163986587686754 0.135561549510874 0.126614193996922 0.526399629808282 0.410180218236132 0.291330804852299 0.446198792411505 0.607408230015645 0.198970532715864 0.366598088628666 0.266303959814741 0.409053356986565 0.348249845772261 0.0736929361831825 0.0894382131425182 0.304315419256755 0.371418866558182 0.38305187200636 0.240767039908398 0.130157256884351 0.332962093206607 0.483893255397323 0.272299785636 0.257127559316114 0.4695995647554 0.543252551488716 0.383604134419059 0.315654243511444 0.307948581091927 0.22816544437984 0.225435722754633 0.227651188067181 0.432246972876362 0.629696954851394 0.515131697422839 0.773483452172576 0.224473133674383 0.258410096990007 0.4615543969421 0.840838751268146 0.369481259539396 0.540945803944118 0.29144697780729 0.0819966863443945 0.420289809203705 0.392885971856153 0.201876531252148 0.310987012425597 0.0325187649452734 0.173469830318155 0.377562198284197 0.240517316228467 0.139386500852245 0.196520811259155 0.268830747382656 0.168073089335218 0.19518912817593 -0.102435489529661 0.380731496809153 0.626966574120258 0.241985084320824 0.0981481516905309 0.281739620473708 0.561323059967335
0.503515312680394 0.422482970513883 0.516093084002104 0.457768355333369 1 0.368646189768205 0.601868157480479 0.457444730263191 0.657560468200479 0.483908521785298 0.287218021200734 0.276162809675772 0.624894887604298 0.334866980960456 0.639073245745743 0.389644600268833 0.0959335993636848 0.126781269675997 0.423878071282853 0.467219519728367 0.176792052656985 0.0120245571652305 0.541432543902439 0.260626075812043 0.284730143005545 0.250079349222125 0.305311664632356 0.0888917523718062 0.123395421768538 0.346846181133923 0.381142837758529 0.247113047845918 0.414229955724222 0.31807127169274 0.313993414849152 0.350723945427658 0.268816891035786 0.41909647649551 0.232794849864388 -0.100434799218492 0.147222406453242 0.27553130646028 0.338368456451178 0.255227869251496 0.296627233699615 0.199659605459102 0.36603027620531 0.379423287456151 0.223267443478543 0.318791580561653 0.368795052169976 0.201748220890768 0.358936286086242 0.382035716202515 0.186673905093218 0.0797822847201535 0.323321040428281 0.381414517659318 0.499426883736748 0.299984081410414 0.48359657339481 0.32440611302557 0.145684703337469 0.014698206260696 0.547090048358286 0.388010345725029 0.397423795244189 0.185430000102689 0.299771696005309 0.182250394062529 0.396425665242026 0.40971764965684 0.311041417889796 0.300973384709991 0.0625883891450567 0.0847185131321611 0.174832672031002 0.292972113423613 0.112081215103254 0.186842298564 0.261985756599871 0.116145251072437 0.0814730263461763 -0.193993334510856 0.457144521282486 0.240027567203236 0.213545498612917 0.062831728923938 0.420152545296974 0.236310120557759
0.0828012420998267 0.152848840015695 0.176660237863173 0.499561207453612 0.368646189768205 1 0.167626577717749 0.531109088617393 0.284811859839902 0.678873480935334 -0.0820443247674262 0.480540272361532 0.139424256359751 0.537138059081675 0.354350366418042 0.755301690835823 -0.0677483716135089 -0.0520106488816249 -0.0983788762283524 0.222924090057828 0.281049035210678 0.397835345713562 0.405444957614336 0.558021452392849 0.288040032928471 0.505246470644689 0.394151192242886 0.301715756013077 -0.115376613077969 0.331179501086062 0.313473851326516 0.218708018462223 0.205313196685181 0.388042724069359 0.100691556055552 0.223452503604187 0.124932612122263 0.0982248496212425 0.163574864549684 0.234684361127446 -0.00133463128408619 0.227921042377503 0.0741468853611292 0.00350734088102271 -0.0310341048987582 -0.177118737830959 0.0623154529108454 0.124534798783754 0.00986195873195947 0.0209594528396158 0.194092733955572 0.265930541442395 0.23892344045056 0.185070925028879 0.0687222363586954 0.267389437682566 -0.00307691056648358 -0.0138835182853763 0.0649851387292107 0.25448226393523 0.210361932900361 0.510505317477863 0.0871743000066176 0.0615926659187527 0.2451700204299 0.552291237915485 0.0197411662251017 0.092966251421093 -0.0455314032134451 -0.177401095203974 0.0776517656428881 0.325787021348696 -0.0232860671941567 0.17502268951895 0.147997512034322 0.185098203872243 0.254314646449369 0.0875012668736291 0.0533975787885213 0.175598764398819 0.176732175234983 0.0295114871186283 0.114973185725014 -0.109375943355093 0.126975438798006 0.445939778890827 0.234909103878596 0.253502419802122 0.203712752211835 0.503127698652588
0.627149562692822 0.526734031038948 0.77527945249568 0.608325624932099 0.601868157480479 0.167626577717749 1 0.619268707368037 0.661189570899236 0.324607618306679 0.528380163248715 0.392226940137597 0.636687614445532 0.345383354232128 0.603511983901755 0.125817665427994 0.125321936741571 0.258159893963073 0.677545970755289 0.557859428305862 0.111859136238136 -0.13748022530514 0.531043975292096 0.159687225649256 0.237589115725568 0.213603912552774 0.0746690231705712 0.0630890743510649 0.291056420792819 0.429043133912038 0.457550776232839 0.271444908088662 0.59828481169377 0.494094416386538 0.3345562273101 0.351179636542232 0.278669946404993 0.454248679557288 0.317777370032572 -0.0765520352327545 0.273662220922758 0.345010756005515 0.539031204198428 0.467116020457976 0.487418039275195 0.388343351151872 0.457549498063926 0.529173002460583 0.396209133638876 0.417557877558529 0.545213738857901 0.349418187651665 0.514167031153391 0.405934292229974 0.363625548037394 0.173284846130992 0.308486714142447 0.395260716644926 0.690217586823619 0.481998453962828 0.708908570650362 0.488492613244998 0.340111452473825 0.308942731035157 0.683775843813239 0.483398203679345 0.62351674543998 0.470880994934823 0.437049466828588 0.236492369394305 0.501518852295947 0.414393559985004 0.278918654133565 0.326817144611332 0.085322428060241 0.103660060477969 0.334683951347898 0.369743496187361 0.0922463157112705 0.223484728968974 0.308680635079561 0.305111572927904 0.234427804158025 -0.00885836354212621 0.615662875394803 0.442799505567777 0.174304198022288 0.0235562348539075 0.47869653997123 0.384240197706347
0.41768424654224 0.464501338903106 0.383145167432442 0.878413267536702 0.457444730263191 0.531109088617393 0.619268707368037 1 0.579126466765829 0.680231292286079 0.339137356024533 0.767577986049992 0.387208672095786 0.620618427592938 0.406734953383023 0.446513044732807 -0.013585984584813 0.0527902390271852 0.347657631002096 0.465225446170653 0.121099786417886 0.0754258524330496 0.337189516550193 0.404715394594056 0.0804854710597747 0.328698370367719 0.0926534095997274 0.14181443831148 0.176956775914214 0.545391020283635 0.299052859225312 0.185511332839634 0.378386246769991 0.547341562962821 0.0419837229238921 0.218764885626287 0.112866919149441 0.328657208535933 0.283048940885562 0.0373189396281415 0.00747686163732022 0.352596782006902 0.292711207975562 0.306446320075586 0.153605767151763 0.0813366331254143 0.235732511703588 0.40178408560208 0.198488152421728 0.233543637870196 0.346522015721752 0.455919294331887 0.344679937025106 0.232076755284963 0.289279974851259 0.187746025903514 0.133603859707716 0.13416908985648 0.46210900295571 0.676136169643483 0.615449434208027 0.870704436874301 0.362949467499275 0.351152554948667 0.373576290097751 0.855589672522794 0.261979422950255 0.447257419787831 0.167313330612722 0.0256313277083322 0.321404370358732 0.326786725949246 0.122903182692411 0.268261856883838 0.0368738949098907 0.128026843665848 0.31101959155465 0.216862675792007 0.159598905827903 0.20141406588214 0.265799244856749 0.138566820123553 0.128315177237513 -0.156466145402101 0.233788502971561 0.490464886421023 0.121554454133517 -0.0331222394625804 0.341108166164475 0.583133225954809
0.560261737632734 0.369933157458402 0.520367494646409 0.485660787293229 0.657560468200479 0.284811859839902 0.661189570899236 0.579126466765829 1 0.667556967222295 0.231970996088727 0.407905946232626 0.568587072741514 0.31225546006695 0.601264390053138 0.253937648265462 0.0370173646825148 0.0351594663949606 0.33836874582465 0.334181567281496 0.0461584101689874 -0.0621588672652988 0.444872016130904 0.144447026568519 0.190052357482713 0.1538748941954 0.275083927165718 0.153282739236713 0.0162572956768747 0.209459524570105 0.160957646199338 0.0113523343226415 0.304174525164363 0.225116731657329 0.199644680944229 0.241946779696072 0.281329032758426 0.379595053509221 0.344373963534757 -0.0268172582945863 0.122678357617027 0.316606020600538 0.319610638495897 0.256804502558435 0.161433088694337 0.100664560943401 0.288337967329145 0.40984012832164 0.153512821152113 0.278447361355137 0.42727484846665 0.330921317402533 0.430880408181573 0.313505046892928 0.308225367078834 0.0947608872649654 0.260478106779741 0.332149418571631 0.516432134798778 0.445596635713051 0.628994201671795 0.440678595763176 0.238132483252478 0.0233009834222023 0.497789145863167 0.480436606622203 0.34488305835271 0.240440191982315 0.33558882038707 0.146557791637855 0.338499386360764 0.338954904513735 0.215681386036696 0.24750539486936 -0.0229137045126697 0.0333011971787834 0.143814688042573 0.222246658122149 0.0530593230758381 0.108508094490844 0.275177540567773 0.172450859718729 0.105643720533808 -0.0759156208034892 0.34858778187592 0.206666706087761 0.0685063915090217 0.0147482862527009 0.563082187087044 0.489216967741094
0.352437634706601 0.267237635141239 0.281167853345026 0.579107764376285 0.483908521785298 0.678873480935334 0.324607618306679 0.680231292286079 0.667556967222295 1 -0.0303251769578781 0.574791357130399 0.309066937066287 0.460649168353839 0.468069849148812 0.585329347061405 -0.120212251604106 -0.118511819169433 0.0655047037050634 0.197151512549118 0.104720919179936 0.158974409079812 0.370016146523856 0.378485283085297 0.155652486263327 0.356015139047274 0.372474463487508 0.240532598593959 -0.174981457428446 0.207144654799291 0.0912022406702534 -0.00776815930574376 0.0820781535138308 0.220492339922177 -0.00657289931479391 0.160141250284478 0.210063131163516 0.267239312163465 0.338347979810587 0.138319663847987 0.00526960028442256 0.285643859342014 0.166548620160196 0.155818179738605 -0.0356992620822851 -0.111896083523125 0.135617124830514 0.312938084961755 0.0565649289434719 0.141174306674216 0.284027202997246 0.450627312560104 0.263139896395724 0.199315843105345 0.196486431848674 0.225451446915822 0.0931395495921536 0.115798800489457 0.239576071303482 0.404007690176346 0.405414874551721 0.552451447167495 0.102693334705743 -0.105943101916016 0.319311173435656 0.685460600939272 0.0186629353366135 0.156197929396867 0.0848640176556953 -0.0918327848211726 0.177094058313221 0.310192291615057 0.0864529858447122 0.203959688037014 0.0114111008194351 0.113054165310101 0.169285631163719 0.0703685916250395 0.0263204486739688 0.116258727655184 0.188897037703154 0.0469647234395545 0.101258118928801 -0.108676395060445 0.175007190965072 0.341236074993108 0.163288398047949 0.0813869293424539 0.463597616165782 0.664979437809715
0.538522022713473 0.417571304935197 0.288236577472562 0.276149311697017 0.287218021200734 -0.0820443247674262 0.528380163248715 0.339137356024533 0.231970996088727 -0.0303251769578781 1 0.355987941268937 0.494123761202917 0.350444727707421 0.309424112278976 -0.0908913531899969 0.196972660141765 0.301695903185788 0.621158992358744 0.502284058909043 0.0296694811477081 -0.147167755666613 0.0665597802234047 -0.0117878668616901 -0.0863066067647725 -0.14810871682764 -0.194752458088798 -0.0980126402716713 0.494177996182455 0.492527947043576 0.240605908322761 0.0819581062482696 0.360066226445971 0.201036390810389 -0.0434804333245057 0.0111526513544143 0.0677586864633358 0.254043312356424 0.131962437629028 -0.0273826579209646 0.290852693213678 0.253972207799986 0.250396102681145 0.30243404429649 0.254450936416049 0.30887002867289 0.325160380269459 0.347234270462313 0.229878209357784 0.294261381387118 0.198788419250179 0.173430269741167 0.32249239907773 0.27618575451288 0.317653264049183 0.134595304451959 0.28723336621448 0.285706328514871 0.501029490524037 0.318820558617193 0.490157240700243 0.363196658807555 0.542127038049834 0.425969513647706 0.152309344577087 0.152319931556938 0.225087390562561 0.174331443876405 0.362946018974178 0.207134684387136 0.356352910028397 0.23400754985024 0.320520314903568 0.289261659851245 0.00534108173434129 0.135320433453013 0.15549816809326 0.399730275671337 0.168532807283648 0.233929940748887 0.220159253194116 0.217109639056293 0.220790513339694 0.0392700591960361 0.388029675220794 0.169827742418615 -0.0229767928775485 -0.0816454689083583 0.317826403518318 0.152615354815149
0.435169102829372 0.355324420741497 0.206036912690572 0.694956943010033 0.276162809675772 0.480540272361532 0.392226940137597 0.767577986049992 0.407905946232626 0.574791357130399 0.355987941268937 1 0.431401507138269 0.773338412065036 0.393435554838001 0.478983654925445 -0.141497675620241 -0.0966378100283091 0.204368131026665 0.354525348174099 0.101388425993459 0.0649923891720642 0.218460526088598 0.396527918590564 -0.0509112898851062 0.181023453705622 0.118897965117689 0.170015976705706 0.185913570541312 0.592140105156154 0.204340364166771 0.0337783360293081 0.23080121053618 0.365137730608287 -0.110519121694315 0.0237282072959692 -0.00546819743793825 0.181811277779568 0.284436470717748 0.113784681251174 -0.0153457465531399 0.305476552781197 0.0585404855522438 0.131411970985067 -0.118475138219109 -0.190558572242456 0.072607296683401 0.274814094806078 0.0421444511313222 0.0429945083990053 0.229432489568448 0.427425890307883 0.323234783844679 0.105018860739958 0.307831408981844 0.226961467835743 -0.0189795575516782 -0.0619838076216381 0.274554291347795 0.579395047562444 0.606824016530948 0.837726104767416 0.386211469589519 0.325675126873903 0.112684996937274 0.63826551785138 -0.0327365017369464 0.221742609901983 0.061337645259779 -0.0871438249328913 0.203908107786726 0.254721473559016 0.17309037366485 0.185277623498566 -0.0128385019525889 0.186248256872954 0.225617672973393 0.178851037662673 0.118188377984748 0.121783149118264 0.0938122919787032 -0.0893944576160997 0.226113295139268 -0.172829416201714 0.0760275361140218 0.325926321047707 0.103973899898953 -0.0608130286908086 0.429842373758964 0.62499525706225
0.734864025022219 0.460866162658692 0.575008466086893 0.369801302431579 0.624894887604298 0.139424256359751 0.636687614445532 0.387208672095786 0.568587072741514 0.309066937066287 0.494123761202917 0.431401507138269 1 0.419249956423835 0.658384933034552 0.146716161800456 -0.0187457300325404 -0.00395659703280315 0.452336577659516 0.405626927931074 0.155715398256165 -0.122081825525251 0.431757950433754 0.139076333468264 0.14321113854634 0.0460051647167531 0.133796601045932 0.149483644180438 0.190014659186535 0.363654856633032 0.263134303066504 0.062492502761917 0.420305305346504 0.210757773454752 0.241802333365022 0.202560469870716 0.231573525723044 0.283767187222476 0.327744997129949 -0.0342857052917245 0.189229086515036 0.243592778122061 0.355832983434889 0.358128897705229 0.240624863267561 0.138463869508629 0.335805325218804 0.372067105434593 0.176024233229579 0.216851141247057 0.42740465889434 0.258024160889375 0.412173184486963 0.269755644558732 0.402691112658022 0.143680548466553 0.15744545581538 0.227236447169403 0.501857207048679 0.307760608865113 0.734106346001057 0.316442398562788 0.246708939515399 0.0485869570897882 0.431187577746782 0.256197046791938 0.361215211661272 0.206050006118172 0.31159544171378 0.0964487860069053 0.35651198255677 0.321573754797011 0.315213434404754 0.231786322463552 0.0672843753621014 0.171811039732773 0.30736901783378 0.361002748015999 0.119381405702515 0.1205546424647 0.121959595002915 0.0731099452083036 0.200019198768673 -0.218120931198514 0.385592217715229 0.11172587026058 0.0732754618541054 -0.0690115958466036 0.6232728192617 0.264166828225011
0.324000507107988 0.408408858027327 0.220955624759809 0.622854196445343 0.334866980960456 0.537138059081675 0.345383354232128 0.620618427592938 0.31225546006695 0.460649168353839 0.350444727707421 0.773338412065036 0.419249956423835 1 0.549619352381382 0.662061167081455 -0.0389234482833878 0.124259882001707 0.285621233833626 0.513143134630513 0.303534243909355 0.197631622624762 0.402214692305207 0.629577922166001 0.205039126948587 0.351254520304693 0.158648175021617 0.326175710318695 0.259492644715339 0.682979124178681 0.499635966526035 0.358637382825272 0.446984426481017 0.528003681088678 0.0742270121055359 0.245169464866794 0.206422883841329 0.365957786389386 0.330815708975646 0.161541781862264 0.177558854958651 0.364358083783298 0.160585980010426 0.186766492948288 0.0520929171746441 -0.0354508290388162 0.222516296044652 0.284126838563983 0.18264448926379 0.127572073885809 0.355074893749172 0.367561246798345 0.415779064354557 0.23439171529476 0.346988593730447 0.249589126263552 0.105856309847578 0.0658724764761015 0.267675713892978 0.419191868952082 0.417674038529201 0.682889319672094 0.376553118203347 0.39687813394857 0.16309132310999 0.496083031237534 0.0976208842572919 0.240371639328187 0.145725869659535 -0.00782314009010172 0.324103498153003 0.401651346467528 0.308800819596887 0.368893450492418 0.0421607277198821 0.288056307561636 0.292295471334117 0.242146371100749 0.269078577559101 0.316847596257935 0.251183413588822 0.13816749975034 0.330003826362483 -0.0441057782560629 0.29455678185421 0.532196926657443 0.121241422220837 0.196289308471914 0.35759605149083 0.496249574684233
0.527774085298302 0.430172682385371 0.543860648599769 0.45138185063162 0.639073245745743 0.354350366418042 0.603511983901755 0.406734953383023 0.601264390053138 0.468069849148812 0.309424112278976 0.393435554838001 0.658384933034552 0.549619352381382 1 0.470453726604481 0.0211060983646947 0.125591278631973 0.483722296079553 0.420374263817587 0.225141695858012 -0.0387063280864883 0.657484333532305 0.451462302781661 0.398568745267252 0.252906151268715 0.312342371580135 0.231618883516828 0.181837392794851 0.382951313571346 0.481999297569398 0.315155665606813 0.478167565522855 0.390239525570631 0.305621713879265 0.335885745276229 0.418960413412674 0.462282756841765 0.382603497882854 0.00174695529522492 0.338024799112303 0.303306982322033 0.309639180453215 0.272542050913999 0.238346210350769 0.125547915823452 0.313992984565131 0.348241788362811 0.248108672602537 0.243518727503026 0.431481262685154 0.277081639456727 0.444031192763001 0.410827419447293 0.36863923559318 0.148524088355741 0.234136228855645 0.298187041132563 0.383629431104266 0.192450132843205 0.415371414148636 0.326199436019366 0.109869670117585 0.0307632866119968 0.535041620901432 0.364356340754722 0.314420692041979 0.188180233697375 0.363502804166175 0.0976030332123271 0.444405387228182 0.42266354063567 0.426127341007826 0.341465041545513 0.0349001632658004 0.192084560090283 0.245337999264447 0.319202336331506 0.0696739154185162 0.267510870955008 0.271747582551929 0.223238707944533 0.357565112906468 0.0466341115239751 0.622430494493151 0.385725236295716 0.29909356679465 0.203194242539732 0.518242165235811 0.344100374633235
0.0839307335358287 0.212119825860239 0.167790388683819 0.507296737335659 0.389644600268833 0.755301690835823 0.125817665427994 0.446513044732807 0.253937648265462 0.585329347061405 -0.0908913531899969 0.478983654925445 0.146716161800456 0.662061167081455 0.470453726604481 1 -0.101485165544379 -0.0592111518057814 0.00862634771081395 0.270503188952953 0.288168637757959 0.395925746160976 0.540210635339862 0.805709551317431 0.448258082735039 0.616574136088193 0.404016593081695 0.303879428635428 -0.0287796194006734 0.410897147236826 0.451181163932498 0.435741395339931 0.266967479536371 0.401116813406415 0.194937805491488 0.326800285574893 0.285868141554636 0.26367910513746 0.289723046550969 0.210688744826762 0.0978343074498168 0.120096933100309 0.0593758404589063 0.0291413669484312 -0.0327481127875186 -0.131102614093484 0.0434844235628845 0.146107840296402 0.0539651610580868 -0.0132209917414524 0.263361045838962 0.248642897813605 0.230439275837422 0.212604932834644 0.138165706788244 0.189142751022546 0.0325779240314302 0.0379929255466354 0.0399724711884165 0.175522536216714 0.103711866175306 0.433317625154869 0.0402609184509859 0.0429730429540661 0.249920338081387 0.511424145373333 0.0328671448977858 0.0904520827251627 0.0227976267886688 -0.105859639945882 0.166149242618658 0.307757965548454 0.0942660001890764 0.219123486018211 0.0986517579545671 0.15859466872156 0.195247186844084 0.109946629168808 0.110781444263853 0.20033095779377 0.198717408071182 0.0435404661713652 0.161929142647058 -0.0873889666955393 0.215515717969471 0.53378385969545 0.267000803634289 0.405988951789172 0.176412541107034 0.4554743141621
0.153174629369122 0.329389860782503 0.101102774710624 -0.0251938518982952 0.0959335993636848 -0.0677483716135089 0.125321936741571 -0.013585984584813 0.0370173646825148 -0.120212251604106 0.196972660141765 -0.141497675620241 -0.0187457300325404 -0.0389234482833878 0.0211060983646947 -0.101485165544379 1 0.693932031894724 0.198467695266738 0.397077341119249 -0.0381143963813953 -0.132906572141948 0.0014186676137371 -0.0592655422658434 0.135375814789507 0.0516057580298579 0.0557817465149278 0.0421198521116197 0.376414421468048 0.279418910695598 0.20203654123232 0.207086626566644 0.375226779199786 0.227888226519134 0.227549431488496 0.254998550818706 0.241336818572774 0.253421142977147 0.0447863043663652 -0.04000723955111 0.241388817613241 0.211972717463337 0.286715502815221 0.232232285884682 0.352145454758831 0.443280176303859 0.434756328918989 0.235218405380144 0.326335829343364 0.297807903798325 0.188368173020681 -0.0168382237138469 0.26631682126169 0.249898025837464 0.33654108871462 -0.00423816415981376 0.619912959540273 0.528727908044108 0.248419481426591 0.0864381994873602 -0.0373810421273299 -0.133468648351131 0.395867490499269 0.370614754726469 -0.0611148407812027 -0.154186813893794 0.309373008064773 0.14584347251043 0.335199981349207 0.388842622262053 0.175515523101303 0.150789888028914 0.31223524905869 0.259942507174234 0.177790898888948 -0.0723475860193745 0.0765873756080783 0.0674203809668346 0.470143066624216 0.450007847878433 0.556650898340685 0.552474432514518 0.269559121931835 0.327704455181191 0.204223661648675 0.121304813300323 -0.0212474330724862 0.140127761634561 0.108762925393369 -0.0758332035456538
0.168562744530243 0.461261657433631 0.162131602371521 0.0599422649714973 0.126781269675997 -0.0520106488816249 0.258159893963073 0.0527902390271852 0.0351594663949606 -0.118511819169433 0.301695903185788 -0.0966378100283091 -0.00395659703280315 0.124259882001707 0.125591278631973 -0.0592111518057814 0.693932031894724 1 0.456456172880215 0.583031596518367 -0.0416981633935285 -0.126094121099139 0.10535468988348 -0.00589957112687834 0.127559553236143 0.10731616593644 -0.0255014786720329 0.0601846557154861 0.51608754124431 0.438859575766019 0.362839633726069 0.30379618344413 0.551404685355326 0.379903499334436 0.233640470321856 0.316123065163469 0.167553532214961 0.328846513272963 0.0662953268558599 -0.0897629767328499 0.314078762501105 0.237136527658969 0.347293668563432 0.340223456139864 0.454287965604647 0.53011983946798 0.428208805979677 0.321452199309315 0.473202297484385 0.42612459234602 0.244135412054908 0.0505956645990947 0.272465495805562 0.363958882036298 0.372613397399532 0.117551843280262 0.603763091931526 0.607762398424229 0.308238392421319 0.115663278634042 -0.0517484263171473 -0.0249877564902304 0.342416131558256 0.527839047488593 0.0491444904454952 -0.127478497949873 0.357956087748573 0.18861488659096 0.407279086755852 0.485841516660219 0.317158727234841 0.283699387692805 0.346170472513378 0.314458500654961 0.270273048257261 0.132144517627119 0.258963587818019 0.200553188301356 0.469280696810678 0.57227257078102 0.597564759562393 0.635144016552495 0.420720631585124 0.380855785547504 0.390313592544548 0.277889004068448 0.0906110602774342 0.231690880698151 0.0379294467834688 0.0125988481673283
0.607929024766723 0.656744543547407 0.520680642765262 0.395496173612696 0.423878071282853 -0.0983788762283524 0.677545970755289 0.347657631002096 0.33836874582465 0.0655047037050634 0.621158992358744 0.204368131026665 0.452336577659516 0.285621233833626 0.483722296079553 0.00862634771081395 0.198467695266738 0.456456172880215 1 0.66124793929876 -0.00608183881262706 -0.198262167031058 0.40013304456119 0.107609540175456 0.116239423462133 0.0375079475170361 -0.0516014761909378 -0.0285631110812765 0.35105665665402 0.423361206974829 0.44200220766842 0.296973469980103 0.586094204986718 0.444806825587078 0.278059040673168 0.294288000621716 0.356304807305779 0.470317768446356 0.26845937814331 -0.117988800018384 0.367861914262776 0.376410378442474 0.533160502666672 0.532304606564475 0.533205348399172 0.52272871293375 0.506252644469226 0.515542057115894 0.534286595442962 0.534971271364768 0.424581660171857 0.273370070517404 0.437697598722982 0.521415015390201 0.43400188901088 0.155253086313745 0.523443441759503 0.562373291043463 0.619357955669832 0.33378547454331 0.389569304594295 0.251705029894801 0.191596943515508 0.29062896209644 0.3667626652518 0.150558192380149 0.496055868752604 0.362236178981459 0.601026763422767 0.459366891565634 0.630198419792369 0.489497119224838 0.396161528141064 0.411603074251435 0.0219349271887634 0.237435614205024 0.269524919719182 0.440613886255039 0.155773140889562 0.261876753414776 0.328501182389252 0.357865786561277 0.300711432676688 0.162529399775353 0.581691249484727 0.300221552286273 0.108914020931571 0.0705533931387094 0.316415449078158 0.185206815433662
0.477812643169719 0.697421911128472 0.388879795784387 0.48065385276211 0.467219519728367 0.222924090057828 0.557859428305862 0.465225446170653 0.334181567281496 0.197151512549118 0.502284058909043 0.354525348174099 0.405626927931074 0.513143134630513 0.420374263817587 0.270503188952953 0.397077341119249 0.583031596518367 0.66124793929876 1 0.161003771537801 -0.0165611464850438 0.364347430911928 0.285313602023792 0.157909357546314 0.191190099272646 -0.0233118390829107 0.0671262029804695 0.496708431074411 0.674276120448882 0.573618834772186 0.405868332964226 0.699799887432091 0.578873811334501 0.263729617786152 0.354376876157072 0.329310609070163 0.493343076203935 0.311048640434176 -0.0560524558303971 0.292355765748698 0.464245021495787 0.431715683091655 0.390563809674411 0.449586401562596 0.417755662775749 0.484880147300583 0.435104081297725 0.477160902356234 0.473961404918948 0.414606397704348 0.255836764601457 0.48697167112116 0.496597406425412 0.495029849705387 0.205891042230613 0.564976204354917 0.520322443744196 0.536980259698264 0.401963779458908 0.351696929233167 0.390553446940866 0.419704663349461 0.53400669420746 0.256499297432787 0.20991336961689 0.459575871428887 0.325455215364206 0.491550310311317 0.462965700254621 0.504195470769974 0.534739311133372 0.39176917047439 0.506995676728911 0.137655370295657 0.304950640596444 0.397989003066586 0.306606170857481 0.42300586611568 0.502146533937651 0.517160293513135 0.412608302290422 0.343023175225852 0.145856756810992 0.486180436863498 0.383450861993699 0.120051378167585 0.165973342164799 0.269653368174075 0.2548266736206
0.131070177906445 0.156141301470882 0.240328491061011 0.215419219140326 0.176792052656985 0.281049035210678 0.111859136238136 0.121099786417886 0.0461584101689874 0.104720919179936 0.0296694811477081 0.101388425993459 0.155715398256165 0.303534243909355 0.225141695858012 0.288168637757959 -0.0381143963813953 -0.0416981633935285 -0.00608183881262706 0.161003771537801 1 0.286072233781444 0.283656028887299 0.355575839805238 0.345092451704006 0.260405668968893 0.131581680233115 0.41497164345403 -0.0190820898190271 0.180934003907351 0.314869139705367 0.307133830401741 0.202495899701407 0.170161850104606 0.114074696390323 0.191809311230809 0.161235508956626 0.264411994342598 0.175054248243214 0.194759929326809 0.0383070304302916 0.0923951228965221 0.140740511495468 0.146300180753095 0.117532979667734 0.050617164841914 0.180365338448362 0.152576571977365 0.0567001418337659 0.0234662541287857 0.225169068310861 0.158449303942417 0.223337003746012 0.180216375102795 0.115947000586255 0.325615761452414 0.130668602524774 0.0940174831464837 0.149679045013904 0.128424243602226 0.162348176183364 0.155245188476319 0.172211126541603 0.113725793885173 0.0966514888048284 0.134024708879271 0.164675171106493 0.179913789887758 0.10010548525145 -0.122478011843789 0.108955656260307 0.0164201994380252 0.125623144670988 0.184228312499673 -0.0264619954996178 0.100147619252085 0.205278547098543 0.197921977480393 0.0457725541765638 0.128959559019895 0.170181385237529 0.176748736805612 -0.0205189104411715 -0.0408160635674697 0.137341288106552 0.308100281196983 0.150736991769027 0.165886142913685 0.0442087765984198 0.213964632546829
-0.123217589850166 0.0194373329783423 -0.00714842826465742 0.0738605398887906 0.0120245571652305 0.397835345713562 -0.13748022530514 0.0754258524330496 -0.0621588672652988 0.158974409079812 -0.147167755666613 0.0649923891720642 -0.122081825525251 0.197631622624762 -0.0387063280864883 0.395925746160976 -0.132906572141948 -0.126094121099139 -0.198262167031058 -0.0165611464850438 0.286072233781444 1 0.16026483792078 0.299952114133312 0.196355780493369 0.346920316884141 0.119343114359985 0.210147354988199 -0.198055688883744 0.0752363720304099 0.133792750413791 0.213406616088854 0.015008979926143 0.159277702908031 0.0369583591179787 0.109665630750167 0.104785198992612 -0.00277859024795096 0.0923844404224474 0.290188052693939 -0.115849135890613 -0.130585411126453 0.0376665746488019 -0.0350157350476454 0.0400562067935681 -0.0758038372510701 -0.0517182772165165 -0.0194217126532229 -0.121301243643742 -0.0883592344192604 0.0495495641944802 0.015624138407442 0.0153624901466572 0.0421182924965413 -0.126285950720915 0.232151282358053 -0.069878585058079 -0.0845844076796471 -0.0746882027382611 -0.0292576150739961 -0.0328661964554798 0.142621644256488 -0.140164315407182 0.0285127474888829 0.0308108242434145 0.131557460518085 -0.0310107618750541 -0.00735821417266963 -0.160613326377971 -0.149304484405274 -0.127186190336716 0.0216888256154522 -0.160763269723629 0.0743038459255912 0.068897574024589 0.0813719957606769 0.143915417328748 -0.09960328230486 0.0278685366988862 -0.00946345651231891 0.0389421305438138 0.0243303291652398 -0.014886708468672 0.0161613112417216 -0.0264437829480601 0.312022376754507 0.113064923295745 0.324779594346948 -0.168059621639817 0.13979613049245
0.35335259930008 0.415037427405037 0.722558689903359 0.554428391836613 0.541432543902439 0.405444957614336 0.531043975292096 0.337189516550193 0.444872016130904 0.370016146523856 0.0665597802234047 0.218460526088598 0.431757950433754 0.402214692305207 0.657484333532305 0.540210635339862 0.0014186676137371 0.10535468988348 0.40013304456119 0.364347430911928 0.283656028887299 0.16026483792078 1 0.677710861881263 0.686949676634146 0.613787308477218 0.403004689586169 0.265906005160096 -0.0033639302606332 0.267578416893155 0.638996898543019 0.511024299856826 0.574004604873525 0.545002742174199 0.620647155551174 0.617322655253325 0.479110627760621 0.464421717936861 0.403460881460054 0.0607954746073428 0.282510044542325 0.17636588171164 0.442855613263324 0.370107448283388 0.452542790341098 0.24909109291086 0.377305174988247 0.43710429990222 0.348439230401948 0.309855954680751 0.550551212115376 0.352402994896398 0.418343428174169 0.471771384120369 0.294698819352478 0.21317425583853 0.278892240097148 0.374816835416612 0.31079110954259 0.173261819114585 0.288462023039589 0.241221875189257 -0.101801033804133 -0.0392641345544798 0.719535255317323 0.414168472967174 0.521729574258324 0.373098746088147 0.359784111171318 0.116872365302545 0.495985978996 0.450878852637619 0.291604403292475 0.295122669578093 0.0673380301808874 0.126551415911055 0.293268349643857 0.320585659003122 0.0799323725116999 0.153534065083271 0.276004693638845 0.24303741676435 0.213837634387211 0.0424393686114772 0.607709271250282 0.57431937036887 0.319619552091239 0.355035403372014 0.303225858012454 0.308692278610382
0.0532276371158562 0.24617121251288 0.284067590414451 0.60723440917926 0.260626075812043 0.558021452392849 0.159687225649256 0.404715394594056 0.144447026568519 0.378485283085297 -0.0117878668616901 0.396527918590564 0.139076333468264 0.629577922166001 0.451462302781661 0.805709551317431 -0.0592655422658434 -0.00589957112687834 0.107609540175456 0.285313602023792 0.355575839805238 0.299952114133312 0.677710861881263 1 0.594445300532097 0.680794856577396 0.306246113255117 0.2941806705261 0.0275152762553797 0.375886663655011 0.544669002073836 0.539772227003969 0.37096790238245 0.51114152715721 0.333126379635896 0.485208320722888 0.374097858195586 0.339638462978715 0.354591003591176 0.198532503938011 0.191281607052136 0.11694999357766 0.0939055518321896 0.109504071491048 0.102090587978896 0.0123859654673698 0.13153425937216 0.208536023863559 0.113124506444736 0.0546550154349755 0.308753926413914 0.283271328970458 0.182642883609737 0.236528919861556 0.220970411033752 0.189017731522717 0.0796552700331562 0.0983621927435427 0.038096676918242 0.139377984301018 0.0338531976664226 0.370908295303673 -0.0438967163529481 0.0400454561159594 0.331043769680308 0.51086302612822 0.183385358036233 0.269981848011509 0.0990599788627141 -0.0464968825691653 0.249425409437196 0.26754904139834 0.168010307053633 0.217694651690614 0.0830372653411059 0.175018907494177 0.266898107481219 0.134014324673075 0.135636103681544 0.159899845335954 0.194481872641114 0.132507542747192 0.20442185433809 0.00720095689224533 0.3322186433293 0.650890262008874 0.325060257711287 0.440231811033205 0.0743171949089417 0.358539751354655
