1 0.74819320438313 0.76508629916223 0.669604582880258 0.446986667778309 0.356939696995376 0.729219784989735 0.577333475642438 0.447390658260943 0.513216999482413 0.762251035867356 0.563458210181291 0.743520288628435 0.508687252373603 0.590972490637247 0.571692801802776 0.717079775027283 0.593864385659339 0.726907057609511 0.601243037020177 -0.0989200078377049 0.208104679001441 0.534097882803433 0.514953616764324 0.387278643935128 0.182054721985667 0.324512509570768 0.228385866181965 0.288240738342278 0.406854241465067 0.471597701730365 0.47118742059056 0.773571371086821 0.692229915689927 0.474681603572006 0.346183205450169 0.540121626450622 0.38090607887768 0.284160868314694 0.376167057521257 -0.238719836603338 0.0778090749972731 0.699535667055695 0.698499284549737 0.62810162286058 0.649569554394229 0.718639321596451 0.601396786160823 0.580419193716792 0.609644419955029 0.65672214851195 0.656794687074998 0.603457377141 0.535044698338958 0.587602420555675 0.642228769351983 0.780389566378463 0.754781673976946 0.725747323380972 0.709816904885434 0.748626375746866 0.577399630430495 0.703284364024662 0.660804091713586 0.510416795841724 0.529360752699283 0.670811204040815 0.570706389114465 0.381721390506979 0.434221123932434 0.512350204718998 0.513385313455006 0.526954596275781 0.623295013824174 0.143964838882072 0.328614105483993 0.486712892128436 0.533761901188344 0.441684311860582 0.452029642119134 0.640822309208424 0.63952820525766 0.46965717394065 0.600864412067094 0.650937405738213 0.625441999090394 0.498637784916106 0.475610577040954 0.658023373798485 0.706542818946953
0.74819320438313 1 0.604899279997129 0.607894199032114 0.446930680557466 0.438537566190267 0.517615124567911 0.479459656854809 0.325311923756859 0.494055403116364 0.602554302939402 0.614052436910734 0.571985175289358 0.510765440654701 0.499262496163039 0.621691272322619 0.596124560967397 0.634268171038892 0.654617666038633 0.659656964345082 -0.063568760146349 0.231275954594583 0.543390565491195 0.514146447487033 0.44212422197046 0.320507946736863 0.301023070013227 0.1392565541329 0.295458875267227 0.465692162044751 0.505712059857414 0.56329219390729 0.691246628972365 0.599772385260223 0.492468181300737 0.376356390469602 0.506539378351165 0.430540176782512 0.292936065525694 0.30410877004648 -0.109152417478011 0.214061929570738 0.692936826467372 0.743556100050609 0.714271687540385 0.742574817896077 0.71551491580816 0.720848108565886 0.736623248819836 0.743970322937678 0.679595540073131 0.747747607255278 0.638124713345254 0.682623227581347 0.668045925864813 0.724301470183668 0.790628593431815 0.849960334241636 0.671515488676816 0.685620346778319 0.516923309168253 0.437236895068636 0.494325945939613 0.501809971618376 0.419353784841946 0.460188877267079 0.57858937836577 0.470786810741058 0.548106687189425 0.544753980848729 0.455720323227089 0.493474555501011 0.307801359915922 0.569454561416369 0.0985011248442584 0.397539662013107 0.358429034844842 0.376070809409727 0.322153744208231 0.389112460848923 0.586681469372685 0.676118833003503 0.476473975984573 0.613918981218661 0.632623940027803 0.650404395370931 0.307457502882501 0.489130241173009 0.545540330578165 0.656202322899893
0.76508629916223 0.604899279997129 1 0.809854664042989 0.583344076214559 0.420496042681459 0.825991675096947 0.650034510053056 0.557235890048589 0.565765873414121 0.617544145164827 0.564473215766928 0.723273531882218 0.578429123112285 0.578922726177411 0.571770471939568 0.555418834254236 0.433312833769224 0.727515685097357 0.576832243388896 0.0207204205600325 0.29059315816004 0.692074368291178 0.62919366007627 0.456772198786128 0.277658155052662 0.415094140291769 0.235498942721299 0.206986469820097 0.36558879409444 0.646963962573899 0.622764460323007 0.773063855470503 0.666625832154531 0.590856060577912 0.484497476613562 0.452347857831756 0.362249020950711 0.439832467632139 0.496635460529071 -0.238323746537772 -0.033025563847718 0.689823335571606 0.663043863590288 0.628698410726343 0.618125206897559 0.605608775017015 0.515138134235081 0.482465794665378 0.545715891176752 0.580851221028207 0.599735788908591 0.560591521962971 0.498489367656204 0.56288629224452 0.588135747606108 0.550680809089936 0.592483274512917 0.710028356853501 0.635748464970197 0.761656617544149 0.615994596466122 0.631021882501389 0.624111564410931 0.57785167827423 0.63794669712748 0.777806207240061 0.704539948084263 0.325039927731551 0.451690986428086 0.580384802169901 0.533630783815478 0.458872328926536 0.572500851093857 0.219626591341974 0.349352184565043 0.411544514136187 0.432453896359172 0.244656147628451 0.411233421033488 0.583408820387595 0.598116206709244 0.469550257634544 0.654155138444171 0.708466634374961 0.72461426991769 0.499919320314834 0.535395200160615 0.670100773409313 0.715670520756208
0.669604582880258 0.607894199032114 0.809854664042989 1 0.548510907248757 0.542082856455498 0.822212716584184 0.860113231385104 0.518578083243107 0.648583643845667 0.550783447506932 0.603917869363817 0.650226529504108 0.698824406220701 0.535702878304763 0.717691255155773 0.493400162989822 0.391029161078283 0.581446442381867 0.592620649715361 -0.0842811067270885 0.32910904145831 0.696942798389341 0.793658578669275 0.424287050805634 0.383143093507589 0.322857242670621 0.255130981910802 0.172714137367228 0.438551905648548 0.642897944003218 0.765308885426893 0.787859142544368 0.708005202166566 0.66490880780858 0.624129337032248 0.441667456463409 0.386899868299819 0.378229008694335 0.502243308867118 -0.207501446703548 -0.0897258772723789 0.709723336571233 0.673686226989109 0.649724688821293 0.617197894640576 0.627555275542306 0.522803853237735 0.504635771819216 0.527258911832877 0.621524549199881 0.603332719869451 0.656666157590587 0.538195480249064 0.556766826650617 0.635300740784872 0.452445384082201 0.5227842435662 0.672197204933666 0.65991142756084 0.744382853059862 0.844379308197252 0.555857702800492 0.674421791949954 0.640563809147305 0.833241579148169 0.808100809344681 0.814794866821606 0.336857375241838 0.487805923716443 0.537172292020314 0.67998437084144 0.391227439593407 0.61871891808561 0.237456302076455 0.272061215248801 0.477402937683549 0.546666909034166 0.313931851424437 0.480531147752972 0.570247817698904 0.633357651268426 0.388258111542682 0.617336772434834 0.677055916194477 0.825546039360408 0.392802547369269 0.52015221045253 0.638710177903818 0.750368937463084
0.446986667778309 0.446930680557466 0.583344076214559 0.548510907248757 1 0.352746231281829 0.569276704503331 0.418645782002736 0.61105797689812 0.526823639248696 0.340693435839608 0.385438771020472 0.494041037843335 0.291925067219125 0.590799420194889 0.526428066049553 0.270091872937209 0.151001813580708 0.450659538593505 0.333718558086169 -0.0413677501408803 0.117412557196595 0.524619092896918 0.391889991705124 0.423488700233713 0.217482901094983 0.477640488728327 0.088347698273203 0.0629569835186436 0.224023884093065 0.335616743371273 0.428941055800007 0.427176111453733 0.328127683789997 0.390235040549931 0.264498917117521 0.388280080949218 0.23160293531704 0.297116995033506 0.184393914908207 0.0337675601936965 0.0382953953719329 0.356653860048165 0.333794172249579 0.279116015680454 0.29661825364901 0.295168000279387 0.201256380458887 0.263954864756481 0.308726055753592 0.392171971258421 0.368093788944313 0.445750662636491 0.387728626581164 0.32724493241203 0.286661493828248 0.350025466438882 0.381334713652342 0.352113629139855 0.385665907385734 0.456237531672555 0.438755830437996 0.290110656282631 0.303002400293699 0.455346148574761 0.437763309736435 0.443746757898681 0.32682979553427 0.191327587107347 0.262356645434685 0.405653880198727 0.409163566611606 0.216995711191422 0.374644883753121 0.117569348429807 0.197813482461067 0.187397426878053 0.351129614407138 0.0204311720093099 0.132120969817711 0.376629284565948 0.406501175876664 0.409809494782514 0.540450236921065 0.547778396616198 0.477440125252943 0.468407984808642 0.404544449764924 0.555580789058613 0.513017910214735
0.356939696995376 0.438537566190267 0.420496042681459 0.542082856455498 0.352746231281829 1 0.369122503101611 0.435604450317738 0.285312625949816 0.468714036311081 0.305611779297403 0.404027681726711 0.429804634865682 0.454562193030981 0.314506100892042 0.619359149511729 0.166913360012306 0.154803989873691 0.4351427725424 0.446518221006787 -0.1409931313399 0.184858387639501 0.4497405952315 0.507197507044595 0.143539383062644 0.19808103237274 0.132297365035069 0.163685432406437 0.0885268229545388 0.204205561411238 0.534640794728784 0.490621613029227 0.465020317471167 0.456461945887368 0.353228430514018 0.288347992202421 0.177997137769604 0.0901880598947214 0.241036854030994 0.204465654846401 -0.120870742926267 0.0274512823743765 0.350468194973593 0.386908779250921 0.370701423556338 0.339052027691502 0.336271645780552 0.325171511577404 0.300234876580145 0.305283225825817 0.313721668259778 0.290273945121331 0.389414862080703 0.365221221861329 0.284485494492554 0.353012198085062 0.258306798465236 0.326188544610813 0.303902715598978 0.297661485455673 0.328283122318372 0.407890171584268 0.192983460314946 0.26538281931776 0.274744952433023 0.387922486489502 0.361587067253786 0.370219672959458 0.0987165877415492 0.192602909064656 0.411347932684059 0.429898098641887 0.296792496459628 0.355956711925229 0.205548311247067 0.216644324525299 0.173535387238514 0.272328431649189 0.120587511520163 0.139685253085659 0.220407584927385 0.221847765579181 0.266076008313201 0.335116119033104 0.372119477620736 0.455466661271679 0.2268709501565 0.357059374023616 0.319705259517537 0.362619446973952
0.729219784989735 0.517615124567911 0.825991675096947 0.822212716584184 0.569276704503331 0.369122503101611 1 0.836682365831763 0.592537077263415 0.60676840552757 0.66180643947811 0.640336530247175 0.775309063517653 0.639640825745149 0.636452499780315 0.621396447857306 0.599297814939103 0.444186621433135 0.534566337754248 0.507759141449634 -0.091021483522931 0.27497870467936 0.604651512899856 0.580999901415408 0.331201493403178 0.221857571849518 0.248479802025747 0.18287502612453 0.256055881419764 0.408336146002933 0.536753616067807 0.580188604473067 0.704265753473272 0.524838177940742 0.561439502803026 0.436257353518318 0.476455731047538 0.406654546868817 0.356012889222633 0.555365973679819 -0.134705437231512 -0.0141604032745013 0.728098203833838 0.640140612025861 0.598101329418338 0.582826912037599 0.652332421484219 0.487316586017526 0.48662619083623 0.513873165966157 0.615456938364192 0.577215285571615 0.64914064789229 0.485799553664515 0.530375418604096 0.581443540064729 0.475272995359356 0.491557206729424 0.680073780260391 0.591609589260048 0.854063914941849 0.773491139870579 0.658258468639745 0.725178877904785 0.579993864363036 0.700262130101707 0.771909066680763 0.662634297512058 0.318179452129744 0.481416917346061 0.601065728286285 0.639808630993947 0.452864343005449 0.562681969157449 0.234261674813066 0.251855987891573 0.466364776957322 0.53709301565132 0.303462224885674 0.481576190592858 0.623020921790864 0.612019596688927 0.408889465394089 0.607173866142696 0.641447105589032 0.678816043592372 0.377891967752112 0.37328012040408 0.724525785032155 0.723513906730599
0.577333475642438 0.479459656854809 0.650034510053056 0.860113231385104 0.418645782002736 0.435604450317738 0.836682365831763 1 0.465936240247162 0.564896442732441 0.598424151332974 0.696606724590295 0.675822745729891 0.773610804903135 0.524481271003782 0.703122020036249 0.477269089611569 0.410319874022492 0.487889471654863 0.574779625499296 -0.0984731623222729 0.2856462144984 0.541516162457897 0.624131204154008 0.211307133088102 0.225021088278548 0.10849046114241 0.129150568911624 0.31028991113938 0.567287380403045 0.593579401318524 0.675713510403409 0.659093162709748 0.553198627655693 0.523602103761216 0.519619528989941 0.379985183668734 0.37536152562402 0.262901550917178 0.496379771883007 -0.11080694496374 -0.10955921905474 0.653130839618357 0.56615608962583 0.627453377538335 0.603288157212281 0.594373141183286 0.469732312710653 0.50214163520991 0.509170875353328 0.584703092902625 0.529495169839239 0.614921639662143 0.46032450998852 0.449417773536391 0.528754845645431 0.328374337484241 0.346328812586289 0.550986411597024 0.550541646539559 0.734607601567077 0.868311233130168 0.567919248763212 0.726689021817251 0.435602064228234 0.727470795750188 0.692126435917329 0.683640392430121 0.250937061673287 0.427374128873511 0.544290204193346 0.738728918922735 0.408173911321492 0.585102422121418 0.227929008801281 0.168983863022901 0.494097282725253 0.583469983802107 0.368314731271643 0.582331747645837 0.589805956743892 0.623068186861431 0.295043082140096 0.498957027358336 0.474387145458621 0.630657927782196 0.193608283307312 0.260710938381369 0.582828912376059 0.635757635028056
0.447390658260943 0.325311923756859 0.557235890048589 0.518578083243107 0.61105797689812 0.285312625949816 0.592537077263415 0.465936240247162 1 0.693443151636207 0.294793349843661 0.285549706591625 0.480521716224523 0.335434239684258 0.730335849069388 0.467428893949211 0.338509072673517 0.179794223996332 0.455345399052795 0.283725990785828 0.05937231845105 0.212324445905227 0.575956243015839 0.548129560781653 0.582067277672638 0.438874765400807 0.638912931574928 0.091015026451261 0.124109058259892 0.107005360172428 0.445219079649131 0.513867165908074 0.49436960358676 0.410978799716938 0.562546538817174 0.348820458017312 0.431319202692279 0.398212535008892 0.351898513765308 0.221277652282931 0.0377458739964566 -0.0349308085155063 0.380729384048783 0.337766569215775 0.270895913415097 0.244177584610758 0.365985626759711 0.247366987829003 0.185115768528883 0.237286244640567 0.350956760714056 0.324900500327981 0.471942880088184 0.360306089358238 0.321020116001389 0.315815901730286 0.295935429765264 0.331706965799351 0.378547506010395 0.330741092366751 0.47852102361964 0.480071088369545 0.312950607952355 0.345324914869245 0.565650446473951 0.447401713473543 0.559904307606649 0.39710514454611 0.0533545588923843 0.149449200950286 0.493833254673425 0.492079977267313 0.328242905498288 0.339055298912323 -0.0595160774764261 0.0656247138708653 0.260807930526133 0.439639339197639 0.167243657136711 0.225155432210995 0.443342366963766 0.383988188441016 0.452223292316033 0.592021018769759 0.587215615499385 0.519345868675931 0.571239249175558 0.490364347097834 0.569280232956744 0.563681313221966
0.513216999482413 0.494055403116364 0.565765873414121 0.648583643845667 0.526823639248696 0.468714036311081 0.60676840552757 0.564896442732441 0.693443151636207 1 0.344737693216685 0.381135502536441 0.554256716151613 0.528707316147476 0.635598494252853 0.695634067658097 0.263121509318309 0.16796926575211 0.4900971271783 0.40272116929281 -0.0861797902662453 0.260841738339304 0.652918433689692 0.680330982836965 0.560383445309516 0.563074967103999 0.603345655919199 0.267377022539079 0.00453364051838561 0.14930417819416 0.494559779734736 0.638884380928952 0.571097183461586 0.522292771689209 0.610656269248716 0.467001654310813 0.521260558841454 0.37213653017396 0.401601831266993 0.235487152341531 -0.0776658689568692 0.0373603133017205 0.46395960832174 0.463055269995368 0.418526999373322 0.32406439121881 0.452818231265577 0.352506559704789 0.335597283012494 0.357176559161772 0.419271989792919 0.452562214712206 0.535807719049473 0.498111310373142 0.420075838160673 0.489721528577118 0.355938825764986 0.391677615847269 0.417357266514546 0.402513616605224 0.429261882636167 0.585176696636914 0.198038990399332 0.323970592597623 0.638152569068691 0.587387838841009 0.602277793868548 0.477951281693851 0.125218139661936 0.186078553739312 0.545931515072675 0.582061149799898 0.359821629146843 0.432620378100552 0.00547265178791008 0.275290536061768 0.427150282053149 0.497416965338292 0.19952141877265 0.24369119355311 0.425910682367663 0.47001733788119 0.509431417662836 0.659591192150874 0.681807299536393 0.690595380467382 0.484553187145403 0.591506481862101 0.531094212748119 0.647854228196451
0.762251035867356 0.602554302939402 0.617544145164827 0.550783447506932 0.340693435839608 0.305611779297403 0.66180643947811 0.598424151332974 0.294793349843661 0.344737693216685 1 0.6614864190516 0.858285685562135 0.66747262384759 0.574179761946446 0.62257039019727 0.635242733038868 0.539675169125416 0.699162898928226 0.616143555401176 -0.102118113042813 0.257771209494243 0.445149020362315 0.40565689974686 0.252689202278885 0.085955265634439 0.0743550333366766 0.128761104672616 0.330769398555011 0.548108834598579 0.489111210916892 0.457982787490054 0.629450395422594 0.557657606430014 0.32248527313914 0.207871373358319 0.332981703644717 0.238426246224235 0.114260574292338 0.363794103798782 -0.274373352421316 0.00296432599042315 0.616700180200824 0.554398999843038 0.548289305456433 0.575892459542277 0.595096569358675 0.535057961554364 0.524013670378582 0.48696370217116 0.513288018407337 0.468077160963625 0.479235312187565 0.396546683553625 0.402414765560071 0.458120598293105 0.500513928293663 0.532848510776601 0.510927622281685 0.508090045648522 0.688504507927455 0.48468185732414 0.734614476081924 0.648684246820959 0.316690626319668 0.473812895845657 0.515617469276281 0.464322511806957 0.444249696000655 0.513483385181775 0.536917076022129 0.500913016421569 0.419758195039014 0.516680925682368 0.172662255205892 0.387865260713588 0.306138490982086 0.301235157000305 0.360362845971672 0.461930936388605 0.590291340615236 0.657677203486893 0.324474783345724 0.495487386256641 0.466661296407902 0.479415751198431 0.161306131742075 0.166961308860317 0.515369198887904 0.487343267870697
0.563458210181291 0.614052436910734 0.564473215766928 0.603917869363817 0.385438771020472 0.404027681726711 0.640336530247175 0.696606724590295 0.285549706591625 0.381135502536441 0.6614864190516 1 0.58628072747287 0.75588445750516 0.459697933235247 0.650768787718511 0.597970609350439 0.642984979717594 0.520762782623587 0.71143997615618 0.0251920696772691 0.216357234205408 0.39389023283668 0.435648473196831 0.15655852150256 0.0704495467813795 0.0391086285714098 0.113199879316234 0.497805007977398 0.734887539004621 0.50125728188774 0.487291191298457 0.570424372657972 0.394127356701117 0.266896743290066 0.273425207910962 0.297676019837846 0.247816267996335 0.264579504739526 0.312952105710939 -0.0810904005012564 0.0964870248613948 0.626116314653292 0.604587643443065 0.625661157958954 0.655803815391474 0.647727733230635 0.560343742168755 0.56471379804646 0.580850388776444 0.582799446091606 0.576085381005073 0.555268153072243 0.489053152101787 0.532877014850651 0.531476970611371 0.430828755232298 0.439691031370672 0.487785328530166 0.495203830189018 0.582706214479698 0.496316961137035 0.629897199966597 0.729950253965775 0.173591731940382 0.418112057684365 0.46134096688159 0.426899891437575 0.333699885877705 0.42685692597195 0.537149704294817 0.526195040377035 0.390873703089818 0.572803530389534 0.172716781721721 0.313374667906144 0.456290601613019 0.44720041254307 0.375765554475653 0.517794471015183 0.628766924461133 0.635123482905944 0.341215878488916 0.468170556377605 0.36570724386355 0.473334544455557 0.121443028377644 0.152119455939033 0.534069872522113 0.519506601018917
0.743520288628435 0.571985175289358 0.723273531882218 0.650226529504108 0.494041037843335 0.429804634865682 0.775309063517653 0.675822745729891 0.480521716224523 0.554256716151613 0.858285685562135 0.58628072747287 1 0.691902893474768 0.730241754187126 0.722941565356249 0.509826173930574 0.38404315767491 0.715464988853373 0.551082658963978 -0.0811649413233352 0.308719915689365 0.678416567281177 0.570038175912278 0.384840915906955 0.255504827641773 0.214889262302226 0.214264128548401 0.267878508090416 0.437333243033067 0.597892392916915 0.601359559885125 0.687428415231615 0.58949191713488 0.474642335015933 0.326094054014685 0.379389747242737 0.27652001024184 0.224939259367365 0.442297351090005 -0.205265768856948 -0.0628315805068812 0.63347183134844 0.565618068961749 0.53035186581029 0.536391811485876 0.569154339336328 0.475766560389211 0.470984341623886 0.488725310285012 0.537715106596308 0.496204406541624 0.554345922362051 0.494127118915316 0.440058642945878 0.493756604064678 0.4464567373089 0.475938205356417 0.502917356724672 0.496077089241249 0.70450629598525 0.579454991138077 0.584016991112489 0.546518870429449 0.516046659989651 0.5726228735116 0.629811655007549 0.523407194172265 0.355398248282195 0.446627350845692 0.645837014453419 0.611226783697343 0.48377436170713 0.535104830558828 0.223609767497088 0.401860909029018 0.314688264391323 0.354568397701674 0.308325741115566 0.421644216705209 0.542571878541331 0.614719453668152 0.435400646499047 0.581244290317106 0.649190217789957 0.605116340480335 0.299738459556745 0.341030729749333 0.594414289084487 0.577170831595789
0.508687252373603 0.510765440654701 0.578429123112285 0.698824406220701 0.291925067219125 0.454562193030981 0.639640825745149 0.773610804903135 0.335434239684258 0.528707316147476 0.66747262384759 0.75588445750516 0.691902893474768 1 0.490450025901184 0.798944065074251 0.428889354253971 0.41487411771076 0.540761323569209 0.633372059914548 -0.0850384340471367 0.27332301663457 0.586091218090917 0.68824227575818 0.280983915685986 0.285323073490262 0.101872325563429 0.170496691850512 0.40725538724141 0.606854455712706 0.649762560659508 0.689516300293726 0.625837632397655 0.543296324568654 0.476160653070637 0.473177287870803 0.316192089790677 0.251012357381753 0.193116568809837 0.413936350023408 -0.18669829888537 -0.0398913897176314 0.638734777495738 0.596144526662268 0.602552605197671 0.591308036437555 0.583129150956455 0.495255017758885 0.47834184888308 0.476782440998162 0.516437014474755 0.464399013181255 0.520431799158492 0.442059716362734 0.457137400915776 0.520888585381146 0.24368325996817 0.290150919434079 0.41503507746806 0.394277359670775 0.526157770792352 0.599383667272842 0.538655099016346 0.645413941038165 0.374078862388336 0.609844246245082 0.593927379231097 0.596143998681727 0.315360966664128 0.42997828123946 0.512122049614607 0.613117952382586 0.371832165076986 0.562001001559827 0.217788264125685 0.310137934483127 0.44510001836991 0.417670823953476 0.364184702422764 0.521120494678216 0.597128299139756 0.67658091750775 0.374939361364641 0.530621601800986 0.499798412666559 0.638048331702074 0.162556828839676 0.258395403294517 0.464803364632733 0.512319027235865
0.590972490637247 0.499262496163039 0.578922726177411 0.535702878304763 0.590799420194889 0.314506100892042 0.636452499780315 0.524481271003782 0.730335849069388 0.635598494252853 0.574179761946446 0.459697933235247 0.730241754187126 0.490450025901184 1 0.668037359247892 0.493842050221641 0.297072942360459 0.55903118203186 0.398182781164194 0.0739405393489816 0.263570137785846 0.698898193044342 0.571518505987855 0.649699488603262 0.43742271751392 0.497351778491035 0.25430855512289 0.284200171394893 0.336536529050876 0.585610773438931 0.606339687971871 0.612612776647749 0.480535462826776 0.583159125635282 0.346761323255026 0.430984050283153 0.393458499165988 0.271838358218589 0.289206089250786 0.0599030748291749 0.0784765050822529 0.554205601206016 0.498288163034664 0.444330334093251 0.418513560624956 0.493333313980192 0.364352039291865 0.426321278402038 0.45860535441607 0.512497489988514 0.468884924815903 0.547650626267976 0.495755984998417 0.390104608723347 0.399237809379903 0.38017845894217 0.408841916784332 0.437974051590389 0.447803354436084 0.558449530534347 0.478474075515366 0.444989120639007 0.387204372511103 0.625024440636535 0.475542836803954 0.596466189655676 0.403439502146756 0.23586653118708 0.309886561182984 0.648698387352495 0.609112502502364 0.414413159064181 0.418009240967175 0.0169596168524851 0.259468536089061 0.311539074140227 0.412709751131008 0.331201945897049 0.330811363073418 0.605009657168844 0.539321904193131 0.559022361147798 0.654151539376794 0.669388526950768 0.541134914287123 0.417886449775179 0.404438197077121 0.601217016032023 0.53505468289711
0.571692801802776 0.621691272322619 0.571770471939568 0.717691255155773 0.526428066049553 0.619359149511729 0.621396447857306 0.703122020036249 0.467428893949211 0.695634067658097 0.62257039019727 0.650768787718511 0.722941565356249 0.798944065074251 0.668037359247892 1 0.418806108827784 0.298240360790643 0.617099377749942 0.620986173138019 -0.0911061480597427 0.288531264776081 0.682265242640748 0.724112689462728 0.434541466010474 0.372019308113712 0.25130100421007 0.262931068222123 0.284739996926723 0.476928252252415 0.648708547158532 0.726592342141608 0.677869136367952 0.61158894440201 0.576016195535385 0.483375895423149 0.384308568950128 0.292908023090302 0.221858573503477 0.319347190852422 -0.0951097618400433 0.0558193372025035 0.643795390424725 0.616426704424145 0.604979182151034 0.563238636544111 0.563571352991028 0.507558785912913 0.534546352604663 0.51443454239339 0.550801429825842 0.501206093755234 0.614084582513388 0.556176448153896 0.465669896603966 0.542120836275147 0.361297252522456 0.397911379314377 0.43466003955069 0.440600123799765 0.526088012704281 0.640388684910249 0.402144634096683 0.479302944443578 0.525401192870659 0.655612567674111 0.609862309050314 0.566124554176621 0.33119611917086 0.390363783353076 0.594666368455144 0.707182430153656 0.423309224798731 0.578488077009994 0.204167670789549 0.404330581721099 0.371020891544035 0.435502109130638 0.346299137069149 0.379646939553058 0.567015701176036 0.609286479406503 0.486813977813982 0.622067145769051 0.616862899925375 0.685372801052065 0.230454941581617 0.393115907287164 0.509024524071118 0.566199878378334
0.717079775027283 0.596124560967397 0.555418834254236 0.493400162989822 0.270091872937209 0.166913360012306 0.599297814939103 0.477269089611569 0.338509072673517 0.263121509318309 0.635242733038868 0.597970609350439 0.509826173930574 0.428889354253971 0.493842050221641 0.418806108827784 1 0.759802789149289 0.477400746727103 0.510423990299436 0.00627170860935621 0.114652747647528 0.339973970321161 0.336519849986959 0.266070435216553 0.109398226021173 0.156753623857584 0.0491710746779133 0.537382598958414 0.580585838560966 0.476463147521981 0.428703169714527 0.641813152188376 0.515038641235273 0.339222996272797 0.241552751404262 0.460905812873839 0.38649551726931 0.296023196468853 0.372114146831727 -0.0693912716689114 0.170746612219329 0.656332025666881 0.624387922756994 0.559415618537257 0.612189733367557 0.681725647905865 0.572232245370048 0.535642482046757 0.52634993923338 0.564776627984046 0.545508927278501 0.474439217154823 0.423915697158136 0.516078471739385 0.539432453881903 0.712387609491798 0.669058747686052 0.617380823402561 0.511517486728844 0.609922120889506 0.41340349133795 0.735920263811894 0.696260737102203 0.278853591488231 0.351135396436194 0.5389750007958 0.470336601039809 0.316169938615509 0.442596305622767 0.492900672587869 0.456987779773987 0.532836532384535 0.60259039274258 0.154991284494339 0.281356886622508 0.47660061096313 0.46221463769611 0.545879554506149 0.559957313603385 0.702739134595468 0.60120898772228 0.343534907620517 0.494923597824934 0.387085847720044 0.386954112905947 0.2366007801626 0.176927838158272 0.467351447996404 0.506032710156315
0.593864385659339 0.634268171038892 0.433312833769224 0.391029161078283 0.151001813580708 0.154803989873691 0.444186621433135 0.410319874022492 0.179794223996332 0.16796926575211 0.539675169125416 0.642984979717594 0.38404315767491 0.41487411771076 0.297072942360459 0.298240360790643 0.759802789149289 1 0.405958461769795 0.477959626898632 -0.0195678345353264 0.0735771253404319 0.192349636015761 0.197813262854776 0.144064711013799 0.00827940853303281 0.0482970468862348 0.00249272868043119 0.533829199828135 0.656116253285004 0.337484637453756 0.28910730109172 0.54954745470047 0.326956408078482 0.263685657792507 0.209656512761897 0.336603542954698 0.325630802143989 0.221725873779716 0.367661624840622 -0.121212954338481 0.158580907213074 0.558889740478954 0.53573766548986 0.541203692575107 0.600996517531154 0.633791946219773 0.577868053609612 0.497364500872921 0.552504366691061 0.494152640751901 0.571880522558015 0.445877686337062 0.43096698931682 0.495024155439721 0.513857887170324 0.70751805123333 0.722186580735218 0.544055770850814 0.478545785365498 0.474998270385833 0.283031196075567 0.671687557362818 0.693481245690395 0.116651570717026 0.225851866226661 0.428453111702412 0.369646425154914 0.386731459669924 0.442261533178177 0.401580334245517 0.326799920434745 0.300426332987504 0.467273358693752 0.0810939199554091 0.163277646911143 0.458732939531674 0.43719629734595 0.428550215917211 0.617476319617522 0.571439832683293 0.590293347494197 0.232147189036785 0.403334913058442 0.275359578024324 0.290291444963627 0.186242985530539 0.16339010328598 0.307356274118891 0.459321844919141
0.726907057609511 0.654617666038633 0.727515685097357 0.581446442381867 0.450659538593505 0.4351427725424 0.534566337754248 0.487889471654863 0.455345399052795 0.4900971271783 0.699162898928226 0.520762782623587 0.715464988853373 0.540761323569209 0.55903118203186 0.617099377749942 0.477400746727103 0.405958461769795 1 0.681147428927835 -0.0271632761486067 0.267317074460062 0.56950570130848 0.466607345342506 0.367849947618631 0.196874144618068 0.366883569764025 0.208141771481059 0.238938380606492 0.44127898929145 0.544152969532285 0.525348698402744 0.675254448304044 0.648843826448136 0.42014752922762 0.272433159405567 0.353983549821448 0.267765798190631 0.244798645767146 0.3170512003315 -0.227618013838971 0.0215581245526743 0.535958807407881 0.547724733597977 0.549936312122248 0.546792392810975 0.510827257380379 0.483539920472292 0.492532399355074 0.508541217464341 0.497560687581779 0.520701686615751 0.430225719709725 0.448434986453961 0.437171360707372 0.508971116442107 0.550376335245555 0.554666177835632 0.553606607687603 0.514506400374055 0.519741589503463 0.406612078124221 0.513505516064496 0.448727715534873 0.341900599488934 0.391488803450626 0.517046230857544 0.428136160771085 0.390967282959643 0.406197949963666 0.548353446032843 0.508177500211158 0.421418666852344 0.581037673598695 0.128209448498443 0.343860311268647 0.293176183680116 0.275668304111407 0.241063123844627 0.317505003540302 0.452719661854089 0.528076361021256 0.392933450295747 0.571615309231087 0.564516251313588 0.544904259775602 0.328626569640528 0.440395285418624 0.511954952016087 0.558216942796471
0.601243037020177 0.659656964345082 0.576832243388896 0.592620649715361 0.333718558086169 0.446518221006787 0.507759141449634 0.574779625499296 0.283725990785828 0.40272116929281 0.616143555401176 0.71143997615618 0.551082658963978 0.633372059914548 0.398182781164194 0.620986173138019 0.510423990299436 0.477959626898632 0.681147428927835 1 -0.0222771209482163 0.257027531347152 0.415723228030755 0.4993974319635 0.173949857519647 0.070189619416043 0.102885125416742 0.139446857031592 0.388509209172635 0.603269541062292 0.525228111526147 0.502108998857733 0.640136058035569 0.706463951830128 0.328273846695472 0.382390981609543 0.328580763171376 0.253107635812362 0.295315662862085 0.207291202219867 -0.257109406978213 -0.015868831921331 0.610244485138795 0.607256165523016 0.677605926557908 0.687624757418394 0.632796108161267 0.547619627450281 0.646988196079967 0.592239455710537 0.611899635163761 0.559598093033322 0.485603946672795 0.408886188887147 0.527065090766868 0.54178061463701 0.494668566039802 0.489358261988201 0.503747188976636 0.501035903572721 0.483232572595046 0.498070350268303 0.562636452067227 0.647847099254906 0.194182140843419 0.41693799457503 0.477148956377212 0.522145380144491 0.312063385651103 0.494288402893788 0.392660974731806 0.398459078572293 0.419228525760735 0.603443032140206 0.120441374565449 0.369624425281211 0.28416721324869 0.35147311376287 0.303423702979249 0.384662160578132 0.517995291603892 0.563542253506387 0.247033714823628 0.448027822789502 0.397510372400377 0.517169429170512 0.175749312961583 0.281128309538697 0.440191715280559 0.514470845966036
-0.0989200078377049 -0.063568760146349 0.0207204205600325 -0.0842811067270885 -0.0413677501408803 -0.1409931313399 -0.091021483522931 -0.0984731623222729 0.05937231845105 -0.0861797902662453 -0.102118113042813 0.0251920696772691 -0.0811649413233352 -0.0850384340471367 0.0739405393489816 -0.0911061480597427 0.00627170860935621 -0.0195678345353264 -0.0271632761486067 -0.0222771209482163 1 -0.0254433129621168 0.0818812151600478 -0.0177179338610189 0.166838320224574 0.132931950689101 0.0529284551083078 -0.0145945057446605 0.121053625900778 0.0284850255955624 0.147103444951469 0.0460951642425191 0.00863466696804665 -0.110361724505416 0.0843369227939441 0.0943289942462783 -0.0152030890475581 0.0111966623324982 0.0853322747631335 -0.00135003474319527 0.199496561835917 0.0821970788173755 0.0343426940923763 -0.04126435268404 -0.0107636432129915 -0.0106201415689302 0.00453573216838696 -0.043720649097308 -0.021960058912379 -0.0391813587358572 -0.0408299161368785 -0.0175874825335322 -0.0150528087184374 0.000240301545837342 0.00582186320552861 -0.094090302460093 -0.0937278128018157 -0.0599508763483121 -0.0808550036057037 -0.066703249657268 -0.0656622801207978 -0.128784647268415 -0.0928290642574622 -0.145149097189391 0.00235373422398372 -0.11410428785387 -0.0301053331620573 -0.0284580625128721 -0.153944841978004 -0.187383321481257 0.128573765400824 -0.0239676525423065 0.00365971841196408 -0.0775731046854779 -0.0905763118259386 -0.0475452828128354 -0.0247208252926292 -0.0650551740290587 0.0595789500285948 0.00223238483333692 0.0672381337787465 -0.0393752101993808 0.211288562510604 0.0676918662604312 0.0134252753149032 -0.0707234479332606 0.0474277728170714 -0.0896840507615411 0.0231658270268803 -0.108740611212982
0.208104679001441 0.231275954594583 0.29059315816004 0.32910904145831 0.117412557196595 0.184858387639501 0.27497870467936 0.2856462144984 0.212324445905227 0.260841738339304 0.257771209494243 0.216357234205408 0.308719915689365 0.27332301663457 0.263570137785846 0.288531264776081 0.114652747647528 0.0735771253404319 0.267317074460062 0.257027531347152 -0.0254433129621168 1 0.236783655747897 0.295237149506586 0.237443394732198 0.19121906446349 0.179009618590434 0.245899892205273 -0.00914886006599436 0.141843983808067 0.278840001725661 0.299555706817931 0.277146148404937 0.302300174970782 0.263138757586767 0.131003762450652 -0.0465986826881541 0.17098671311754 0.0400970355812245 0.013020351432379 -0.182010716598943 -0.127954845058105 0.131562191926839 0.196487539686886 0.20750141596128 0.16179828258256 0.104737831482618 0.12213912806091 0.200327961220989 0.239534694875289 0.2562054842286 0.218403410681705 0.258527259329056 0.205015141216006 0.104594960863763 0.14642262261897 0.0738636178071088 0.105982920173774 0.273815425196027 0.286789008181576 0.284031062346174 0.17824663336351 0.202523584902751 0.168445776284833 0.214448572363708 0.248503932680717 0.241640895939824 0.231501249384418 0.206135984303239 0.255447598323749 0.182924016701452 0.233019212984869 -0.0320514563987103 0.143585558356814 -0.00508838403344835 0.256497183836249 -0.0504793959051682 -0.0374326549734695 -0.0776578864961486 -0.0228031366570187 0.12800893218362 0.202351621227764 0.0316669566594912 0.259129992957596 0.246919600879957 0.276785245965971 -0.0248425774715326 0.162461740235523 0.126668685760446 0.248443844430085
0.534097882803433 0.543390565491195 0.692074368291178 0.696942798389341 0.524619092896918 0.4497405952315 0.604651512899856 0.541516162457897 0.575956243015839 0.652918433689692 0.445149020362315 0.39389023283668 0.678416567281177 0.586091218090917 0.698898193044342 0.682265242640748 0.339973970321161 0.192349636015761 0.56950570130848 0.415723228030755 0.0818812151600478 0.236783655747897 1 0.813114431663531 0.670116434212512 0.571872049879401 0.463092279393286 0.369088284922034 0.182484753792584 0.255405195925532 0.660627079335953 0.722093466639899 0.707857430341216 0.547099949040221 0.772231436808538 0.586780590504901 0.473973410918489 0.319027204916217 0.405286247412134 0.326142189864338 -0.0180522386431772 0.0658725378613593 0.591532617908094 0.585947829731268 0.495093775465343 0.445382421513119 0.529870538565079 0.477138395343512 0.406176778363755 0.43909610109538 0.468574133583329 0.50898727519035 0.567674677192529 0.60836036144385 0.474827331946752 0.590225064909485 0.347299288225083 0.401708791444109 0.4799204003882 0.470525866076844 0.480321306173424 0.526809694032546 0.320318299760366 0.306955183383457 0.740789021922683 0.61697881456839 0.695051642144602 0.552169851865535 0.310124269624454 0.293546969536167 0.636282975404014 0.628739571317424 0.392571042219103 0.440674964466006 0.146980432515416 0.320816010729716 0.382073827093752 0.412491635863517 0.324281268475134 0.350195612536255 0.553512613552763 0.564926844070346 0.657962643321304 0.682380807830249 0.871587345651497 0.79551172634246 0.494745493326549 0.621915752666661 0.574840948593614 0.663636978803736
0.514953616764324 0.514146447487033 0.62919366007627 0.793658578669275 0.391889991705124 0.507197507044595 0.580999901415408 0.624131204154008 0.548129560781653 0.680330982836965 0.40565689974686 0.435648473196831 0.570038175912278 0.68824227575818 0.571518505987855 0.724112689462728 0.336519849986959 0.197813262854776 0.466607345342506 0.4993974319635 -0.0177179338610189 0.295237149506586 0.813114431663531 1 0.587506375049759 0.568946543134032 0.401395622979136 0.351030048145691 0.141285763153028 0.24358232234608 0.652061963442039 0.767913587402579 0.729157004370117 0.672872820128309 0.743518567379406 0.70416175720633 0.46869861449022 0.371715439443269 0.40353573704497 0.36047857513216 -0.10081571922712 -0.0290494881105601 0.619013391144891 0.60574754221082 0.532278867282898 0.472230748325327 0.557939211345859 0.472452147825896 0.392827334956218 0.413403509808148 0.503890253948676 0.483190619982548 0.579770556984676 0.528686187564205 0.490440090005017 0.595435840132024 0.309431807515417 0.385723433190939 0.487908405657741 0.48386559857699 0.524689930784249 0.672386358677647 0.343017712778541 0.444697039804188 0.731654596854039 0.773117884914483 0.752418964838081 0.733855603305729 0.217119471530049 0.29812931433935 0.48452109198923 0.595550656225833 0.376147423836449 0.481111300707327 0.160579664344513 0.245745793896385 0.391395898119631 0.465571824362018 0.370544107722577 0.356851162140275 0.517850673440655 0.559973238241285 0.525616365427101 0.653193312921802 0.756827324801778 0.874665777449882 0.46454620098434 0.638130804028816 0.561657657846354 0.684559994084367
