1 0.780789034757068 0.67280916380154 0.549599913596888 0.466219333838013 0.231740182974422 0.700601479381378 0.62682431989923 0.467814908345114 0.505453676816083 0.787735788221886 0.713620738702294 0.779807241988182 0.63174331002336 0.631337354191198 0.543648231530147 0.739905136271261 0.547788158180925 0.762771450328771 0.62900506199867 -0.0798544354621922 -0.0899652597657686 0.495550214246032 0.436142508613479 0.286872999619624 0.149068409807094 0.135368451186975 -0.0242733574795746 0.682136600465781 0.587413437832599 0.31584686162721 0.306495892323218 0.589301808077286 0.629600349349547 0.136623602173784 0.140291211436061 0.261409829700452 0.274093629588245 0.468092496416353 -0.276678014760777 -0.148814016293239 0.119283190577295 0.692611242477829 0.708155887249243 0.537256146902676 0.667811440840085 0.698585200205412 0.590823848734346 0.588854052315702 0.608465257169012 0.640139866809678 0.582145382799852 0.570979766952361 0.508169988373975 0.449343931606439 0.460473868657373 0.728923096214085 0.644214645298082 0.513705482713107 0.543580983933355 0.732624773726714 0.528774570819726 0.603603068206025 0.700932624817745 0.260444304382037 0.395606883428307 0.42785299569493 0.415898645227851 0.509983070251371 0.128424313097487 0.543961734924559 0.333705583725583 0.627094510189946 0.529864239957083 0.357722012199345 0.217620265543669 0.144103439640022 0.362813107695919 0.627340795931464 0.507286597045839 0.655818385196677 0.605886871259237 0.613590714917077 0.594983345755144 0.575615621420039 0.519693489850759 0.507451540244384 0.0079824103820548 0.716132774887929 0.662638813985608
0.780789034757068 1 0.555208403514351 0.526700875201277 0.425200787034364 0.158358797769798 0.523099626311779 0.529277997735268 0.439097749152478 0.311159528681913 0.643260714279453 0.721634236675367 0.502661622052484 0.596897977449943 0.502861654930447 0.490781199205275 0.67151529752843 0.684379943788103 0.67218840663255 0.72873036575966 -0.0471510056985836 0.0422401779455321 0.398832210778881 0.407891938745075 0.315961857684102 0.186212419848313 0.085705877894465 -0.014196353309124 0.691361515035316 0.622682670233236 0.350768756048835 0.331799526244924 0.611584014476513 0.673023756370219 0.189033485877235 0.221021103339959 0.369202366881368 0.357236583585809 0.407109969474969 -0.275912504677095 -0.0209392031745004 0.178260983424386 0.676417226994332 0.712755157483121 0.593129042894931 0.731822551201778 0.712286195248989 0.696191752588828 0.693491548535927 0.734141171716606 0.703646789517717 0.669828991228575 0.544610062256708 0.569888830634612 0.53194214165368 0.571135147860065 0.792435314814245 0.846006242337106 0.636778473010054 0.625523225737424 0.573979516183412 0.367175258897798 0.579447204051007 0.659124416073807 0.171822489155438 0.27804453728247 0.426313807447345 0.383065164771138 0.677557584083911 0.435343345340028 0.562023600912196 0.299001760728725 0.544340082414028 0.640686632275693 0.319853611827971 0.357295305546669 0.134201683477784 0.414157918706762 0.642900672776476 0.574504873255802 0.711893848896108 0.702473305684103 0.640961403558009 0.632752470534745 0.476735772740067 0.438001648139762 0.421573365231008 -0.0187349977759919 0.555539859783882 0.606203434553369
0.67280916380154 0.555208403514351 1 0.793985765082371 0.633699529978564 0.362094012217757 0.754160249297709 0.67841033079973 0.481332550631817 0.432852500103814 0.486900644752324 0.514599982751935 0.662510441667129 0.460018916132501 0.58255854296652 0.429887366578555 0.539057190058189 0.478044701407525 0.683554143980045 0.50673974551688 0.0484623508236217 -0.00327668000301794 0.683664012259145 0.589961523787842 0.372483330532551 0.2368468594546 0.161195862563307 0.0830541497975977 0.56171821336567 0.519690809169446 0.632165914438139 0.631233442952774 0.707268983500542 0.726734907090214 0.368267275479597 0.367760679834515 0.307919510158736 0.276224300485305 0.461652270866406 -0.0812211783562856 -0.065742953785011 0.152692991271548 0.769176926930739 0.618463104869233 0.617648196175344 0.635742398117836 0.635806583500269 0.580918170262994 0.519386964591084 0.5020869184066 0.626769166232592 0.581956219919445 0.538788219896425 0.475864447245618 0.494470420227426 0.462600738499877 0.450266014807447 0.511659309794015 0.561640893424202 0.564687117561312 0.713582407814503 0.537343966199716 0.458490291143217 0.604290297077177 0.377419351842397 0.54937765117703 0.662973875620752 0.641979143455291 0.364041313298776 0.207218702777895 0.614364756292332 0.357144760455937 0.507040098869081 0.447944936426665 0.357281445046543 0.169384361840631 0.357096752815019 0.423866614008692 0.490110314022705 0.529450194730071 0.506180409787757 0.499539962263661 0.549271107300457 0.547484457351048 0.611880219168276 0.60511970276981 0.472115601626713 0.208228131055064 0.666955099849791 0.712995563084941
0.549599913596888 0.526700875201277 0.793985765082371 1 0.493391622369176 0.300853412459864 0.728779509021387 0.8347258070583 0.534779231592405 0.633331112983938 0.409404733808937 0.534030566628408 0.459533266700556 0.542455148303657 0.485034136520948 0.498017197829051 0.473034754998428 0.539430854453845 0.517123692128104 0.467810766612075 0.0433885850552361 0.146788083966521 0.577213030222079 0.67105355588457 0.346298101724721 0.315413023795702 0.21773936867313 0.0767882411123252 0.483780420700751 0.511468987689894 0.54733533310283 0.695687923802652 0.726673604065827 0.790822565070961 0.488265058862201 0.523768967977083 0.335253310597045 0.31560267734731 0.450585170534773 -0.0473268433785775 -0.0107448986105576 0.0511476896427917 0.754923407452101 0.629384955074429 0.590892131098394 0.630410768166509 0.585476578181768 0.557570426802753 0.480453419810151 0.45539793256166 0.5684411911381 0.527196113591263 0.536985876683407 0.46204423674553 0.532620650376193 0.472211047477936 0.38852836105997 0.49672722766572 0.553039756027652 0.574390427740974 0.671184103357233 0.713370633694456 0.410164732091115 0.671261082713126 0.446699442376469 0.746971559186492 0.712190340840516 0.802901019275696 0.293500772536879 0.296299739517642 0.594048521701564 0.399271346764558 0.444401154210525 0.499825483320256 0.239974360284308 0.197462941004786 0.329059056770269 0.435238508695939 0.529346688689658 0.530358078801001 0.538937600134846 0.538819610033733 0.397163803300566 0.539724383846098 0.521370848251189 0.708443034028564 0.420714087826528 0.162152376650306 0.5662177317487 0.726932982301552
0.466219333838013 0.425200787034364 0.633699529978564 0.493391622369176 1 0.280090968155751 0.616791599912914 0.530549425001637 0.646750978360288 0.40794798311983 0.290953740700664 0.295319710614614 0.581883987756525 0.290799513050205 0.498022277375664 0.405395593771763 0.396673182426487 0.3798668698842 0.517450011687058 0.418722648204144 -0.0130792859921113 -0.0150832699871019 0.592817266267749 0.385920106096737 0.252889622732091 0.146826264092974 0.202682456767542 0.0757770159481419 0.36622158239492 0.419954870105047 0.474790198666902 0.482786768026473 0.448588254812009 0.497041858500294 0.256036996708267 0.136521388499899 0.131263268743338 -0.0207225142957597 0.167742276661347 -0.024717534330348 -0.0546230333119674 0.121902475717392 0.449012364129275 0.298704618985122 0.380683905502815 0.360182569372359 0.312207246069581 0.31019235993317 0.325156401409947 0.317356036555899 0.40629207663757 0.338064210128419 0.415171477879963 0.378417062109784 0.328495556857527 0.28472526629193 0.362447605049423 0.370131948932348 0.3475894945448 0.396795195600499 0.508226659495952 0.478138594077693 0.192498369789166 0.366210704280204 0.271288161311179 0.28232554170143 0.342995611121704 0.255994576657565 0.3311801633418 0.0571637982730636 0.49476392904985 0.338929838558882 0.378164226983762 0.424190795398409 0.288157272102058 0.193227427735104 0.256993694080934 0.189689230068111 0.363784965548537 0.518983399388657 0.404727090008065 0.32894163434199 0.386207767187752 0.286783085207747 0.480539504789937 0.389684820532835 0.421107848371657 0.155208213644596 0.510172838148194 0.494276951719192
0.231740182974422 0.158358797769798 0.362094012217757 0.300853412459864 0.280090968155751 1 0.261957073054542 0.364526850640173 0.193900943583566 0.368389895546738 0.221889635651522 0.264509809311578 0.313404365607222 0.412575872025765 0.218210036729831 0.454762789879011 0.106870764331176 0.0738900992141443 0.298608282569642 0.291879874928485 0.0567081296566819 0.0765103034328155 0.270970853215332 0.346310203418347 0.0754982882744406 0.017699802625951 0.0954745029080074 0.162711204991315 0.232992852259089 0.296013297140337 0.286327320103681 0.237970553730311 0.264869482818808 0.317922771736442 0.117379602835519 0.101359533488812 0.118068552926566 0.133087251908839 0.181858165780961 -0.0867428229699163 -0.0402364329834017 0.0926809623291023 0.291879576991394 0.243110415813746 0.237631663452441 0.275257791054457 0.252672537049902 0.245157255604696 0.161674216549251 0.15673196712544 0.190142610914002 0.148514839433222 0.159151775410753 0.0849522599708461 0.0301487125916991 0.0931780212910996 0.0639972602991412 0.0335074785857959 0.0807540758719845 0.131903076145544 0.169669687937927 0.294852518936397 0.0973326474314423 0.255345509175399 0.055002852414594 0.183379269516142 0.191544378175448 0.257163220626521 0.070178631066101 0.0337575791168231 0.196338414944081 0.281083908384632 0.146462882006411 0.169759129111356 0.190711927710714 0.128696408016277 0.099297697865717 0.117161347968652 0.0989396226421076 0.0908983579479446 0.211697418526796 0.185331657372403 0.140749203541302 0.244321778577342 0.175414304833224 0.219424178779008 0.224873863089661 -0.0465868818975269 0.226454102386492 0.221022117315006
0.700601479381378 0.523099626311779 0.754160249297709 0.728779509021387 0.616791599912914 0.261957073054542 1 0.812669384507291 0.662129824062782 0.617074545711487 0.589850314926639 0.504827484296116 0.754128426098253 0.469575154555128 0.687282529199868 0.385358635772736 0.588926862090601 0.510194476617172 0.613590876308238 0.440181420497029 0.0608759235959746 -0.0628588709364289 0.518681309023065 0.399639510324116 0.266456377551361 0.177185198359295 0.205489246774244 0.0879979489849834 0.530929369127998 0.493752600481015 0.335540317608574 0.453532166563212 0.62674663998482 0.632668379098677 0.270450478084421 0.251340852952182 0.225133285622836 0.12933121127638 0.415735537659961 -0.0833833512633993 -0.0327890556846012 0.0328186666044336 0.612871448466168 0.490818724766496 0.403797322964805 0.473864180419239 0.493537792437937 0.40684157858866 0.338380881248411 0.397674357244649 0.518750461163381 0.451388876084352 0.502999937409161 0.390645497785816 0.420440873265963 0.370069668739893 0.386944180555141 0.437999217036185 0.474192988984269 0.481355617222046 0.841891351063848 0.750648328313105 0.500095023270369 0.676109997208576 0.458691344761651 0.619166092697913 0.517357027715473 0.517729030902291 0.367327806296105 0.161045220036529 0.561608890355291 0.352404688461674 0.52052822906907 0.419623338877522 0.348391177501439 0.125736505715208 0.285198809054836 0.328241434547316 0.585184304378567 0.525721092346704 0.568858686298374 0.472163333893318 0.357832378648314 0.390684025448849 0.542928554192952 0.595735436475368 0.382321404767911 0.0624342324582233 0.681016165228446 0.691940859923879
0.62682431989923 0.529277997735268 0.67841033079973 0.8347258070583 0.530549425001637 0.364526850640173 0.812669384507291 1 0.552593147765408 0.699540989540603 0.57968347439409 0.700525913612368 0.640475976026927 0.695332604561169 0.516706442976297 0.614879877565331 0.561346733765478 0.528603645001872 0.619999236063012 0.562056221549129 -0.0662101755277811 0.0600683529665539 0.398031952442753 0.431426483376593 0.0854194772539668 0.0303016540635077 0.0756094092993254 -0.0421458744057764 0.613201275024236 0.661998484337577 0.415058635840517 0.550384128849571 0.646655028225145 0.735213198954525 0.211449216827732 0.270267764954973 0.230556992316088 0.190524345386092 0.355401511461639 -0.148576660298196 -0.0410890280586829 0.0146215111654504 0.646754631795627 0.587253206731942 0.523055190255072 0.626590236542909 0.523274259918706 0.492982401058381 0.465802414690766 0.453519991566908 0.554552639245196 0.472869231278848 0.561193701689288 0.454998618885918 0.420932036594567 0.327504709110988 0.372607991638485 0.403579537846468 0.441792521447888 0.545232074135201 0.72970950145286 0.82920879245047 0.518607373684363 0.793095356194157 0.230224540666629 0.638051086808124 0.506562821674263 0.624498150555924 0.340933582820365 0.270114194622872 0.553409375725512 0.476277007863931 0.464780127999116 0.534604204502093 0.281838135386235 0.165235569403957 0.306420727779527 0.452261463267604 0.570130181940288 0.564770559400796 0.645330275351792 0.610161887327429 0.323513351723624 0.458668525432381 0.377193124683317 0.573828870109262 0.31780884587206 -0.0607517898214772 0.601140981230792 0.674224618056482
0.467814908345114 0.439097749152478 0.481332550631817 0.534779231592405 0.646750978360288 0.193900943583566 0.662129824062782 0.552593147765408 1 0.432972045012534 0.279881966179197 0.275926303431717 0.49719474951857 0.352249681381529 0.65769102066684 0.35739106093329 0.400344727321096 0.430594924367308 0.440948276933677 0.379629966158579 0.0797357520254321 0.073338379180464 0.604191154531314 0.486384933982956 0.405351832393459 0.308007822231382 0.407632043933903 0.219297331914823 0.405118219507846 0.424976999480366 0.377229581224951 0.43951404784872 0.537120337708668 0.544473349415945 0.37145054430761 0.226598060788447 0.222694897229249 0.0941628889964253 0.242024458683003 0.00522332462080536 -0.0195355156684924 0.144043714967128 0.384416884503497 0.312895982943151 0.272053313618223 0.321445945233563 0.342875891015026 0.272918662034764 0.238855806117115 0.282953978280064 0.329445046500927 0.299907938777695 0.447573806055815 0.403347897509003 0.345910173367679 0.352418043887866 0.326347287475299 0.361964880609982 0.362489028724918 0.390735522862839 0.550678768632343 0.491304113110336 0.268730836320861 0.423459832151093 0.44964954303655 0.363512056615626 0.386557447996856 0.323875857857707 0.372454623397642 0.169669358671852 0.434497760467282 0.298378718082393 0.449835236485358 0.439942691334797 0.298515710744425 0.252447072110041 0.116331779938611 0.168959849412427 0.384867383218581 0.438476989542531 0.383641504473526 0.279093330305511 0.407211250468889 0.338851277043592 0.513990384162481 0.469393955083481 0.482242151627681 0.121372218197109 0.521715518513807 0.536051533732021
0.505453676816083 0.311159528681913 0.432852500103814 0.633331112983938 0.40794798311983 0.368389895546738 0.617074545711487 0.699540989540603 0.432972045012534 1 0.394185153008452 0.424259360120148 0.530395232181704 0.552276056565851 0.463123429055554 0.599281443034078 0.297008179768269 0.322406396838033 0.377767767504914 0.251525206573804 -0.0275816229756499 0.0269942462295892 0.418698919248658 0.546127797908526 0.299852656821709 0.238849720836545 0.225059200861893 0.135320491321056 0.261700219714621 0.316172995439766 0.22031448082109 0.421294065132632 0.413516458735972 0.416932321591736 0.331546468043479 0.330510196698065 0.205310840124333 0.104902574306778 0.363412782569111 -0.20344528868323 -0.0952098756191227 -0.0254645965241478 0.506104663616642 0.461073693542934 0.313216208744025 0.373501739542628 0.426180194917953 0.305254341744908 0.263945166370826 0.240350844291435 0.317952373483199 0.247109730664021 0.420244517616599 0.238798181414383 0.247709249084824 0.291753992844082 0.298121583616532 0.232409122144579 0.262270643987318 0.285330552292249 0.535157206271509 0.783828912200747 0.120225992796326 0.452447509153212 0.511110670912588 0.712486609382431 0.426364312626161 0.50917937568605 0.184048924831808 -0.0173843838837885 0.394684530935382 0.376113491837719 0.321975099637751 0.321842527206146 0.136400080836823 0.0433712594851424 0.16294220178099 0.2611039839886 0.45953113125653 0.367849100125146 0.454958396635238 0.412155484824906 0.282857656609155 0.386746569382153 0.499650285469843 0.67734349635832 0.405099450698719 0.106624311840119 0.529277289928169 0.508780056703347
0.787735788221886 0.643260714279453 0.486900644752324 0.409404733808937 0.290953740700664 0.221889635651522 0.589850314926639 0.57968347439409 0.279881966179197 0.394185153008452 1 0.736522547794167 0.750779824769158 0.665115675377015 0.520011754574156 0.515429065297536 0.664152007809938 0.498774679625894 0.732965511312534 0.593727707542945 -0.120872196062669 -0.113464904816094 0.230917606535443 0.217552583806075 0.0630587235234838 -0.100518004673805 -0.0927118301271216 -0.152214975717595 0.626471578928821 0.607831367076872 0.189823361396684 0.137265979785258 0.482360727687932 0.533077449709802 -0.0444077304286572 0.0392141907853482 0.137810838636779 0.195715678702026 0.444210652725577 -0.34542426046769 0.0110127679674419 0.0508373409991104 0.524272821285197 0.523195529383954 0.368796882974775 0.510015101626177 0.519707229677568 0.442096854983754 0.40019615743121 0.421920547769635 0.479512913071294 0.372614702959007 0.387237609824795 0.305729819931022 0.214622498850331 0.212076918571169 0.446098699584636 0.456065662890599 0.311013001577068 0.379857121362717 0.603791059925991 0.399076765326244 0.696942025580488 0.696198086999855 0.0409624590662758 0.245912119583455 0.284655237052308 0.309605095150444 0.32746633922248 0.245322647163301 0.534593477564085 0.292346671742755 0.502143663303648 0.459974027591569 0.358194619479791 0.193463653318061 0.0450114656780147 0.395289753818478 0.535941076256063 0.371712785728121 0.632210553759631 0.585460584000766 0.435002296576773 0.458156962044334 0.299479104328204 0.243757533510744 0.267724934999357 -0.190475421450131 0.560417310787642 0.454951163796888
0.713620738702294 0.721634236675367 0.514599982751935 0.534030566628408 0.295319710614614 0.264509809311578 0.504827484296116 0.700525913612368 0.275926303431717 0.424259360120148 0.736522547794167 1 0.516688014934027 0.803628201819804 0.40641293601952 0.6282315618107 0.667890710186395 0.641686705887209 0.696513468747781 0.717197702875296 -0.114769996266466 0.00834980605801417 0.197333346003833 0.287456738068612 0.0230306487267186 -0.0167414729789533 -0.1329970507129 -0.160219117258716 0.717482962898512 0.773742149803516 0.334191906000699 0.298624029672983 0.57553299308258 0.6226821393788 -0.0226103284289721 0.0974650551163508 0.258325848815514 0.305360997714157 0.331874342531983 -0.293527427349879 -0.0900791454645376 0.155984038637415 0.620626091085638 0.674318426972998 0.53180602391551 0.706660497455264 0.656775368343633 0.637673888760076 0.628525262181357 0.640906824431277 0.673376062839155 0.605363512720548 0.581719634066372 0.548469844720522 0.398518422917675 0.366334385745403 0.530993812248579 0.518449539054637 0.487453350669524 0.628243856698844 0.547101451847564 0.480530881529325 0.670200520242246 0.84009087333008 -0.0790759470799812 0.287390871435599 0.33184162518254 0.379993169253485 0.462842754798037 0.290616864681872 0.528054080245832 0.410705779095191 0.518291003713235 0.594298990497813 0.335590476782963 0.200274270763787 0.150586303449971 0.449385528906296 0.596123777005124 0.515886833197417 0.774676000927709 0.774504499642182 0.476674522895496 0.602110519800664 0.260476236568946 0.359044239981524 0.224482260788233 -0.120136311618031 0.574998002060359 0.587061981947079
0.779807241988182 0.502661622052484 0.662510441667129 0.459533266700556 0.581883987756525 0.313404365607222 0.754128426098253 0.640475976026927 0.49719474951857 0.530395232181704 0.750779824769158 0.516688014934027 1 0.554240733879007 0.714291955695878 0.564992421694147 0.520968344365452 0.327636032766047 0.747244128514627 0.518743751722218 -0.0615290718611466 -0.156877508780231 0.525956082573839 0.34149158202443 0.191200475834736 -0.0272866484201434 0.108286953224838 -0.00388562467030786 0.564190624281149 0.529623319819935 0.358214618577729 0.311860201717499 0.448395657042672 0.50722442537624 0.0385946605713579 0.0337656101991167 0.0978439222158573 0.0378642683803651 0.413719990274756 -0.210365547730578 -0.131199507174935 0.0645848062492492 0.484537908306558 0.445855715988338 0.336785378729073 0.427995599181485 0.414857028796064 0.322957206587331 0.29881356953415 0.296772478103783 0.389159906052917 0.283559681281091 0.387774286286917 0.280475023431162 0.217626388183355 0.229140118773574 0.379220964459478 0.336341335046333 0.245547984583816 0.331336024223288 0.706565684697712 0.527143878503021 0.447757382241002 0.520537235283612 0.25422033217153 0.352983305807837 0.325076378374206 0.311577000205736 0.31481603319915 0.0158754794432577 0.525040718026751 0.297058476666941 0.511943642742562 0.375733314338662 0.325630401648345 0.119392154807306 0.17558512475626 0.322588560398489 0.441473575724349 0.418764738375338 0.463731109512375 0.40321401112928 0.45717732690301 0.365463112600947 0.49838533748724 0.39408366319046 0.421687923032275 0.013740731090662 0.654628815663806 0.520311500581799
0.63174331002336 0.596897977449943 0.460018916132501 0.542455148303657 0.290799513050205 0.412575872025765 0.469575154555128 0.695332604561169 0.352249681381529 0.552276056565851 0.665115675377015 0.803628201819804 0.554240733879007 1 0.491561490644977 0.804462408767729 0.518670615252396 0.439992789018119 0.623558138558024 0.720042442031194 -0.0492491672011044 0.0805512005265047 0.336371749709642 0.519767492978848 0.122726110904189 0.0360449086110068 0.0590880142563378 -0.0675820477673055 0.632744714657464 0.704994928979324 0.373815970041013 0.370554091431847 0.559351625073377 0.612199532713279 0.0425539375711579 0.182095405403293 0.267165095834029 0.260067878237983 0.381574868865022 -0.212254341775767 -0.10308844760463 0.125724351167679 0.556952445796701 0.569102404049013 0.435798191189619 0.582600216432219 0.561416801417344 0.511493604696187 0.463414381751542 0.41029666425222 0.459875775119333 0.357209372469351 0.456895535794435 0.381037797287867 0.304658040446471 0.245722420127552 0.419977831819333 0.376947383093638 0.312592073760252 0.387561147584248 0.451595248164028 0.475837544752629 0.53655832814661 0.696569339691271 0.0429243230726776 0.356235379924431 0.330469982241553 0.445550554214134 0.318564959334706 0.180507710077618 0.481985283824024 0.454884416710238 0.482634769157651 0.581095341631382 0.262315444004995 0.164383787986579 0.113849011926542 0.495364146607509 0.523633817653446 0.412091988732577 0.641358221370723 0.6445089761361 0.447094668448554 0.625526813287647 0.304962198645612 0.482184279306339 0.255344990372797 -0.0386080282214133 0.485362856186065 0.510296351026209
0.631337354191198 0.502861654930447 0.58255854296652 0.485034136520948 0.498022277375664 0.218210036729831 0.687282529199868 0.516706442976297 0.65769102066684 0.463123429055554 0.520011754574156 0.40641293601952 0.714291955695878 0.491561490644977 1 0.498599260891504 0.496826872981702 0.443512719004433 0.641654950205986 0.411154725493095 0.14100538212924 -0.0438177996617952 0.628182759705601 0.498290005221708 0.49572831741638 0.254465634025179 0.248540194794964 0.0273561663202523 0.508946415330059 0.499847251357105 0.42376569500966 0.393796880459462 0.592860685618249 0.545298568264702 0.260551683460791 0.224839233174207 0.300049875175086 0.28617624161353 0.425741663027678 -0.119216287432545 0.0328502292768873 0.143548959438265 0.518641790625623 0.458166356311042 0.365821862536855 0.41853196364898 0.4422485704662 0.388366019263565 0.326986629407256 0.333624560473257 0.411931937464401 0.371184141630898 0.506795916898447 0.396451475483729 0.40109144518594 0.397104203226331 0.411843772044781 0.399177802663844 0.37559011951926 0.320456959510907 0.572003068740013 0.411529141735599 0.376263145580688 0.451993910935729 0.393799213618063 0.377326667274869 0.380560057441475 0.343379474263353 0.331274256926202 0.00624443684079688 0.526941142032009 0.334637200120354 0.561476135190314 0.44278514265042 0.278255327466771 0.0807863865844721 0.167885507900633 0.329689919810989 0.503995591769302 0.449487153553631 0.484283403731592 0.391261632477548 0.539654451859898 0.471146116335335 0.549999627947415 0.463125639265213 0.477454668696354 0.113448108664197 0.664317070625726 0.541549483011089
0.543648231530147 0.490781199205275 0.429887366578555 0.498017197829051 0.405395593771763 0.454762789879011 0.385358635772736 0.614879877565331 0.35739106093329 0.599281443034078 0.515429065297536 0.6282315618107 0.564992421694147 0.804462408767729 0.498599260891504 1 0.363428391240105 0.319115808974122 0.611273940431002 0.597410188775897 -0.104999737652395 0.0706403928412431 0.395608397204099 0.520640108605307 0.146049205366344 0.0161935519803299 0.0780764171416378 -0.170390077821584 0.500571032541651 0.644919691898902 0.46758992293836 0.449750424515844 0.498646336034771 0.536597782550991 0.11747457294266 0.232434272691503 0.228909258421652 0.180268728138427 0.337758249512211 -0.218711562746031 -0.146340926021016 0.106357604022592 0.517489379762734 0.547742690140968 0.457790825064713 0.55595508935207 0.458639796971154 0.474442986009321 0.439466709818319 0.378900356842686 0.362089176111172 0.305235316390211 0.396022615203672 0.365354343126116 0.275214149136539 0.243970929284418 0.357621553384395 0.268616611933489 0.270146520083986 0.35135052814676 0.38739882510854 0.45885489853917 0.281367267739853 0.47182260383205 0.0512481573689569 0.31965612359109 0.302810401926355 0.389722529405036 0.292097292866539 0.0603244032861651 0.499947586764108 0.473309954582234 0.343308123030378 0.49387630302838 0.121078606009887 0.21862284316968 0.210548797049135 0.448581779484309 0.392289706999828 0.394282513836731 0.512266617143764 0.537586422128918 0.397596365779654 0.580256355557074 0.312920951926754 0.437307357860388 0.329696042544882 0.0483341022969117 0.459563496910635 0.433190620589311
0.739905136271261 0.67151529752843 0.539057190058189 0.473034754998428 0.396673182426487 0.106870764331176 0.588926862090601 0.561346733765478 0.400344727321096 0.297008179768269 0.664152007809938 0.667890710186395 0.520968344365452 0.518670615252396 0.496826872981702 0.363428391240105 1 0.700950881176835 0.677536884217904 0.632441444658184 -0.0383558419825112 -0.0500111468439128 0.347317986134216 0.31100793454549 0.223011320046878 0.034070505926446 -0.0210507529299485 -0.15478323164693 0.654195735139511 0.633350994931561 0.278972209740758 0.28336629573985 0.648194609424852 0.659883868754886 0.132077057704039 0.183170607351566 0.223075959514214 0.250190995564658 0.414457725227934 -0.226489365992617 -0.130403258607939 0.138515647959634 0.632618383348028 0.600621281532206 0.532908347879177 0.607300736872234 0.561935856097364 0.541976996398976 0.526343259922426 0.50875819058398 0.544048307579274 0.459315357631431 0.479393451101077 0.496574209427151 0.400354793286198 0.406665178625679 0.613151503833983 0.610541657957625 0.426807420055006 0.455178004316451 0.540713010032396 0.441581260095317 0.683498044221856 0.74178810443748 0.133051107847136 0.295148555490483 0.379362326352935 0.399991316884309 0.510238535860881 0.24169833927042 0.404216272894142 0.275949289296506 0.619440107934161 0.550658800820508 0.461159539486786 0.276077322443023 0.100040526998125 0.374574313596817 0.631773805305163 0.596981283801821 0.671984352779199 0.564401877713232 0.480301658338313 0.482739677793258 0.371919212573994 0.372344336429863 0.365236542759591 -0.0925455164595644 0.508772534845731 0.550236856517859
0.547788158180925 0.684379943788103 0.478044701407525 0.539430854453845 0.3798668698842 0.0738900992141443 0.510194476617172 0.528603645001872 0.430594924367308 0.322406396838033 0.498774679625894 0.641686705887209 0.327636032766047 0.439992789018119 0.443512719004433 0.319115808974122 0.700950881176835 1 0.546318381435784 0.53049788734223 0.0970508368005027 -0.00769915816039124 0.368664827370671 0.342854384875688 0.311167499217291 0.245126217002056 0.0285015674116624 -0.102927401214922 0.580186877425032 0.68964689305527 0.342690285635681 0.343222959808331 0.694472868540781 0.632644089293974 0.36076839634563 0.336176282493775 0.347800556691595 0.26673992162812 0.311548516069789 -0.0942954219730337 0.0299637192037832 0.174663362039496 0.661153958761838 0.642968426382419 0.575692619587468 0.632819305394084 0.650245360965175 0.669827590777214 0.580688292814178 0.650451944454775 0.613299714605775 0.622196348792145 0.608968130809582 0.653427651818497 0.547595609579976 0.577763773578364 0.611024444797696 0.708544635616766 0.597076567535337 0.619849867618543 0.46970514609399 0.443085410043807 0.51482461945773 0.682145011855622 0.238589583167135 0.346472320949873 0.497311932737553 0.423359446763024 0.596475150729283 0.398725956239333 0.471056718921121 0.402062495736233 0.559446487858402 0.607014449799023 0.389905446804251 0.262733119152087 0.28210476734611 0.355020869035453 0.608723560316467 0.715297166940907 0.754992731665709 0.755837423649719 0.483698061349876 0.572094728951611 0.449762558621614 0.445548392186151 0.367173513709929 0.0814475818868378 0.519734353399024 0.66974547494902
0.762771450328771 0.67218840663255 0.683554143980045 0.517123692128104 0.517450011687058 0.298608282569642 0.613590876308238 0.619999236063012 0.440948276933677 0.377767767504914 0.732965511312534 0.696513468747781 0.747244128514627 0.623558138558024 0.641654950205986 0.611273940431002 0.677536884217904 0.546318381435784 1 0.714113649257262 0.0113263261055304 0.00777749048666514 0.477658661194267 0.375838738749859 0.183199606326607 -0.0798110460720281 -0.030867941746137 -0.13677560957822 0.746071027376359 0.73015738089689 0.485917808903413 0.344014347423148 0.656992800323109 0.72929550860663 0.0766410855483243 0.0929023040067489 0.179842866968155 0.334182498555489 0.393503171681383 -0.303682403058778 -0.0840955452402651 0.0976621086434046 0.622386672044802 0.602873493740658 0.551202708185581 0.639261403547704 0.585026323454783 0.559730106967365 0.519855313756008 0.530517529673347 0.517865850675918 0.470617956266017 0.560404251693821 0.50910628228241 0.386493577529345 0.32009847044924 0.494505384675374 0.462050489090932 0.390358008707809 0.457091427136112 0.546168465644761 0.408106120836458 0.555813660998282 0.632837522490999 0.0536205113371567 0.240771370927872 0.359325481375346 0.367411302377793 0.365481389483902 0.14150822745366 0.630491050710751 0.400724152371239 0.568912567543945 0.536333160943749 0.379761600350017 0.264167840448483 0.146965809308386 0.473191916704868 0.478591209910363 0.505922713387968 0.59051318627043 0.539254224046813 0.601240613597941 0.569940992721627 0.386799529120715 0.315413897738802 0.404393585716846 -0.073005618301121 0.608223691424894 0.541168315534449
0.62900506199867 0.72873036575966 0.50673974551688 0.467810766612075 0.418722648204144 0.291879874928485 0.440181420497029 0.562056221549129 0.379629966158579 0.251525206573804 0.593727707542945 0.717197702875296 0.518743751722218 0.720042442031194 0.411154725493095 0.597410188775897 0.632441444658184 0.53049788734223 0.714113649257262 1 -0.113702195839708 0.0846220497124306 0.353769226855768 0.385436880185513 0.109324026691715 -0.0683217198870954 -0.0128164730527496 -0.0671487067625669 0.727670359686597 0.726294195649944 0.388639331746479 0.314971741397858 0.543015025694954 0.704056738958213 0.0202490382865625 0.0876812491716222 0.226947728566629 0.196453341235356 0.316133798258668 -0.181998035920809 -0.092078763624832 0.13416973810688 0.523413278825965 0.544438174416257 0.494842330296376 0.637658720662199 0.552970423061025 0.555373526143449 0.538291301669231 0.566472532127798 0.506110726636781 0.477732274411239 0.448554099491969 0.494750194422946 0.406586694378498 0.349769385647436 0.533923410273669 0.532774434151395 0.396060972232795 0.484026686214478 0.423228746998165 0.305228381850149 0.526856447492662 0.650800748494985 -0.0576231880758692 0.115864046718995 0.271972376603416 0.28597033045719 0.500313466809944 0.259513593863527 0.409953814050504 0.333019973830358 0.511427040412227 0.644502990234383 0.309409544700237 0.289425491046375 0.085521505374222 0.393635508861023 0.505637844664258 0.48213171776149 0.531372426682026 0.513636150350751 0.499081075688078 0.500651606472527 0.297604624763623 0.355508485783387 0.281304071978872 0.01675586617667 0.410544501305221 0.531110223793378
-0.0798544354621922 -0.0471510056985836 0.0484623508236217 0.0433885850552361 -0.0130792859921113 0.0567081296566819 0.0608759235959746 -0.0662101755277811 0.0797357520254321 -0.0275816229756499 -0.120872196062669 -0.114769996266466 -0.0615290718611466 -0.0492491672011044 0.14100538212924 -0.104999737652395 -0.0383558419825112 0.0970508368005027 0.0113263261055304 -0.113702195839708 1 0.10802774494043 0.14717056093267 0.0919778761430336 0.235239094642798 0.215717425828517 0.203894661631489 0.0670847242376632 -0.127296917880274 -0.0172164385815233 0.135507507840816 0.103318893321742 0.190647130860835 0.00583832230471656 0.192409174958243 0.139180182384166 0.116312064605532 0.186830294415627 0.031604055313332 -0.00666484967976967 -0.0330186649034168 0.0209048800531157 0.0762844987618492 0.0315090161656799 0.0438293934910649 -0.0449152540457004 0.0518983868269944 0.0517578209982786 -5.63192324660759e-05 0.0114893204223267 0.0688189875350915 0.0328351478291614 0.103027031278029 0.039525128887866 0.136581571342601 0.0796654327196026 -0.0730765628996225 -0.0256174609319968 0.108286519024005 -0.00568354161524532 -0.0322292753659626 -0.0161391954524295 -0.131188776484364 -0.122784609560939 0.25150240327377 0.0917703578888357 0.162059012686577 0.0862974032949706 -0.00987314577064184 -0.0145164473806685 0.0991433859161053 0.066897356306849 -0.0688707859777341 -0.035980282601278 0.0446013361110832 -0.150458136485348 0.0611023592302654 0.0222134544378066 -0.0214635326882198 0.0831083552431491 0.00323540714540263 -0.0389907703644484 0.16919241832502 0.152054238637704 0.15594253309687 0.0640210243161223 0.181325984671556 0.127727698687901 0.000903119129286917 0.0137449074765703
-0.0899652597657686 0.0422401779455321 -0.00327668000301794 0.146788083966521 -0.0150832699871019 0.0765103034328155 -0.0628588709364289 0.0600683529665539 0.073338379180464 0.0269942462295892 -0.113464904816094 0.00834980605801417 -0.156877508780231 0.0805512005265047 -0.0438177996617952 0.0706403928412431 -0.0500111468439128 -0.00769915816039124 0.00777749048666514 0.0846220497124306 0.10802774494043 1 0.00228855830446656 0.0990210493255323 -0.0165218020221266 -0.0895161088673998 0.0562288287236008 -0.0788056476951158 0.0310172415733985 0.0263352201537712 0.135442327558509 0.0760032643000532 0.125656517384856 0.14336107740968 0.0504359911750218 0.134078692514763 -0.0114274791802668 0.11161218330505 -0.0377042049286827 -0.0431490288349111 0.00827479428018108 0.0414054610802767 0.0668601834250102 0.0488321850597998 0.158430315998304 0.13360210595711 -0.0102663647286907 0.121316906472648 0.0591559523407785 0.0763578223948596 -0.0269848010680154 0.0150199028983274 -0.0274169871299163 0.0572291361020807 0.020715353456496 -0.0418103651689413 -0.104804196306461 -0.0444408741623717 0.0320683989005178 0.00252560318055749 -0.111770225062597 0.0168629228930841 -0.020812865622489 -0.0292825379301177 -0.0148996139087272 -0.00675528729861585 0.0690304415060795 0.17740139915521 -0.105001846136905 0.176488472415915 -0.016834965797915 -0.0832123822966752 -0.0839577490147476 0.103379307859517 -0.0625485455026811 0.185586279306254 -0.0724850931942268 0.127777074540483 0.0248601491975423 -0.00886080696154164 0.0648291508216115 0.0107977071672961 0.0453355180147375 0.0746655562913309 -0.133305928083728 -0.0574685269775094 -0.0280449041245183 -0.139802174426573 -0.149674174948417 -0.075598600515749
0.495550214246032 0.398832210778881 0.683664012259145 0.577213030222079 0.592817266267749 0.270970853215332 0.518681309023065 0.398031952442753 0.604191154531314 0.418698919248658 0.230917606535443 0.197333346003833 0.525956082573839 0.336371749709642 0.628182759705601 0.395608397204099 0.347317986134216 0.368664827370671 0.477658661194267 0.353769226855768 0.14717056093267 0.00228855830446656 1 0.79858492817062 0.664320583775994 0.504753892854911 0.462850384558135 0.205359620904749 0.356914139696509 0.335228963996497 0.668488616426795 0.692010440953724 0.600624957510123 0.609120697881439 0.576778631622502 0.405366169079233 0.314684356570688 0.168282376248692 0.305240460894664 0.0418220263736545 -0.0984985377459545 0.203223533219962 0.551818331917767 0.415454958441495 0.431191532776782 0.385274287532439 0.488124040817612 0.391380722341912 0.334917979769958 0.331218612441681 0.33639146130286 0.338573440894752 0.441451911268274 0.449887751212654 0.364574300784014 0.440796144405476 0.382789800594476 0.409565336622067 0.346085425210661 0.325995975501714 0.427848110500605 0.384181280593396 0.112051609437717 0.272558293023364 0.612121246862696 0.434003451980644 0.554680900897741 0.409006601159654 0.271974879167208 -0.0435285231215725 0.449413932639054 0.353751829628082 0.382533541796123 0.427274069138242 0.297964445928394 0.0706611241497206 0.273961894352154 0.238353595219533 0.382390521594318 0.469674390099272 0.291713545046886 0.267777015067181 0.540692804714278 0.471578947637368 0.777123941930566 0.657510581710059 0.591706011292729 0.484466400064889 0.538916867499079 0.614154524639467
0.436142508613479 0.407891938745075 0.589961523787842 0.67105355588457 0.385920106096737 0.346310203418347 0.399639510324116 0.431426483376593 0.486384933982956 0.546127797908526 0.217552583806075 0.287456738068612 0.34149158202443 0.519767492978848 0.498290005221708 0.520640108605307 0.31100793454549 0.342854384875688 0.375838738749859 0.385436880185513 0.0919778761430336 0.0990210493255323 0.79858492817062 1 0.639885245597031 0.493480422794602 0.424927607809363 0.287904199395196 0.333506302126463 0.301631123733235 0.587897924196224 0.706100673682242 0.620623483205949 0.624430803270935 0.595035382721142 0.567499959974042 0.374339635836364 0.308401772912121 0.426807503889593 -0.00373550041693262 -0.0518537586290811 0.17637993440233 0.615952023260853 0.496683845260075 0.47213276851511 0.442660444236693 0.548085038956261 0.427001913754746 0.390366387714252 0.2974617462859 0.353595321725713 0.322069446491249 0.433273736276686 0.367967108666429 0.358839460911789 0.43348299956252 0.386877631839919 0.380644624570792 0.357619236219097 0.333683710304222 0.374601489858356 0.415540258552716 0.104776415135287 0.31981563152742 0.564286147918971 0.568853464461772 0.624716780663356 0.6144857804312 0.226945129219213 0.0670263610097972 0.446712016013586 0.37412430398644 0.413712491702045 0.453153699854606 0.197618137662454 0.0864055546880727 0.201941036116612 0.308014423033121 0.405507047150189 0.374157905775788 0.311580211856463 0.30927589267039 0.476530953011878 0.533372489434864 0.670491544070689 0.729594763375335 0.535072081208534 0.382432050099846 0.476325718347905 0.588828597987117
