1 0.839090764021174 0.238218797880336 0.183404802728146 -0.147931338354708 0.121579436251921 0.145415992157154 0.212960469238874 -0.172805358222497 0.141887349620405 0.62517685780153 0.307048259713053 0.394142687551732 0.489153541825419 0.122780079612149 -0.047118102474165 0.70905683470022 0.737948566048496 0.640657468426471 0.654031524719895 0.196456903346197 -0.0556832004797916 0.20107913035165 0.158595077034659 0.195855350807131 0.352886468326208 -0.00850041902032262 -0.11178804781758 0.626402035698926 0.634106344450991 0.364675881815182 0.355843243243973 0.360357053568948 0.314731828521605 -0.0697634044578952 0.188825998071036 0.380659141033566 0.27374044388446 0.338261623613043 0.488060457520381 0.22694936272274 0.108496223578999 0.541797235429882 0.569682912693171 0.458009067848243 0.528906880131835 0.523333669721863 0.533978918231826 0.445111640851737 0.466605453514965 0.404298213560291 0.353198114915757 0.429713313346921 0.360675820210116 0.555000724050073 0.526994092654302 0.763375276532012 0.712171620583862 0.544562406975149 0.390026246956463 0.524991563370846 -0.0200673457494662 0.58935194209215 0.466924619507356 0.0310930489240496 -0.188017695762029 0.125040599894083 0.21147168592376 0.47113354418209 0.479998872496699 -0.0632241625046772 -0.170244795088796 0.0281339628338097 0.0552997988253501 0.0805333445994214 -0.0539572642106939 0.00226101308868621 0.184475839921119 0.60028484390617 0.695106847745056 0.662342044438653 0.542258154156947 0.336160691741322 0.201863607816224 0.253215722218555 0.094378251183974 0.108624547395459 -0.0740970446399134 0.146611425770927 0.0237460475915178
0.839090764021174 1 0.346172940142458 0.330659450498538 0.0151506654619918 0.268333989077513 0.304154028026546 0.362593340165117 -0.00477246109482581 0.330960640383312 0.488904776483229 0.21426760497428 0.443790819468399 0.53974434077146 0.241612521213712 0.103489940112392 0.80123885912653 0.869655045189826 0.749978765815714 0.782034799610095 0.191116539109324 -0.13147255336942 0.327597022087917 0.273360391283773 0.155713595617334 0.347474851436033 0.0318498756623553 -0.0287913532758752 0.6401359646492 0.75839105721645 0.480090077557565 0.472874983729718 0.562447887035786 0.516088957085555 0.0559732432206917 0.31005829454763 0.449234959882323 0.453766417482006 0.458790692041959 0.542437759046754 0.16077418413183 0.0398499577725268 0.618920868612549 0.639447464906812 0.563826423712516 0.645853688129011 0.57346910895191 0.61052214921262 0.525643289120681 0.566142282363502 0.508887694306813 0.414605739615738 0.447956737819451 0.394238748851418 0.554808587384796 0.49848674530914 0.842671316073507 0.862842270109078 0.601518792005423 0.529672274346136 0.579860837117527 0.165385846326459 0.689581338205492 0.603039453742348 0.206615721886651 -0.0302828469342145 0.301564653540461 0.383291071009098 0.63945384694642 0.655255860754633 0.0088108720063391 -0.0661769190030492 0.10877842601958 0.174676015111797 0.0264990435455033 0.0256372651050267 0.0791693376900256 0.278880207679576 0.690569594447035 0.822560318291078 0.779987838081419 0.702943955809859 0.33834723984209 0.204851019534496 0.347988311808916 0.222043408338349 0.198842665640691 -0.0772647356745306 0.261807514139769 0.157544119501818
0.238218797880336 0.346172940142458 1 0.746826766381584 0.512778031658435 0.310925659062265 0.837124794739193 0.63545209778384 0.438557847762375 0.285863568565468 -0.0187601812983743 -0.106694955335911 0.601146740061603 0.34818408491006 0.589534418393198 0.471012571109533 0.245919389568762 0.263298713229163 0.625116399196491 0.57797201926129 0.337442872502433 0.0654668751720083 0.799312941388733 0.695396654907741 0.589362077888541 0.494726977473046 0.430617630847743 0.236104644488112 0.161250032619127 0.296211103726862 0.478077443683524 0.440774132215349 0.677907252486091 0.64237082244118 0.584361286534149 0.586168399275735 0.462699117662403 0.481399508931754 0.418774239665906 0.317372153367016 0.00937801132654107 -0.302343954879128 0.447695282073742 0.419169170819126 0.557100873608962 0.49810293078387 0.441473993931541 0.492277778771326 0.497178697051978 0.540095122231153 0.556453379081918 0.548553402530386 0.484689945575574 0.438352758152724 0.479069059171051 0.456678070976709 0.32454955554599 0.355632806303453 0.504047145726733 0.533548526601496 0.559757192885617 0.414010780085916 0.408667017099682 0.360362165222468 0.829736314920088 0.627041983425873 0.744738701346629 0.645850876174692 0.474729265149898 0.517997086224542 0.474186355612739 0.465106501488501 0.222242703369744 0.227691078532428 0.200048590224392 0.00765654870878331 0.488071856451977 0.497968417845067 0.169808445538363 0.258450139270383 0.381596176342016 0.49435698720383 0.44125260689104 0.166705638892172 0.712722698196946 0.583337162688281 0.41494294476136 0.233753288905078 0.592147098384235 0.525118372445814
0.183404802728146 0.330659450498538 0.746826766381584 1 0.50460610256815 0.353225220418261 0.803762167872343 0.720394475806633 0.380481608615532 0.15771811355278 0.024045190352889 0.145014998565808 0.392707359632582 0.308860109371918 0.28686839110115 0.542430230904367 0.256752516158539 0.290534315468895 0.577764053031384 0.538054694205245 0.29293644617224 0.120284259634378 0.706252186585442 0.640674336376343 0.552173670543788 0.522560709978915 0.390849099943134 0.255970646342997 0.27517158816325 0.349532349812322 0.498217651329333 0.496112349221228 0.713614614640583 0.785982168073226 0.53440722290738 0.586088469402754 0.438780347822752 0.524658979994746 0.429114170398395 0.315856972370934 0.0346209539177218 -0.292983027121948 0.473446742396199 0.417359089637575 0.541877787856927 0.507365823844784 0.458557123101439 0.499095827830573 0.587597278529505 0.595009273816061 0.626168647654228 0.646301307255547 0.42269772553575 0.375822006389572 0.461859048310129 0.43666345922507 0.309567551598726 0.372187540758704 0.563614551342829 0.627426997433644 0.596297337657907 0.612719912494898 0.452643357736626 0.557456670425637 0.637216937625903 0.7670512520673 0.720469495343401 0.705219597532314 0.418701646899842 0.429017470192786 0.476520681552381 0.475255754095361 0.258290122997319 0.315411345938699 0.0857133207405205 0.132917512299923 0.552768062694714 0.45214976253198 0.164857965208715 0.197138104650682 0.310557774007112 0.3893852220325 0.373392445064241 0.295336281715194 0.540290652616526 0.674060318123954 0.305220172287994 0.411490541832985 0.564082291275956 0.693879646732067
-0.147931338354708 0.0151506654619918 0.512778031658435 0.50460610256815 1 0.456070890343412 0.677264018805876 0.481586563630535 0.807262551074979 0.311357039511743 -0.113018037626797 -0.144140283534848 0.395654108627602 0.0937137958695311 0.438265013798455 0.461844374686846 0.0233268606856327 0.0095560817246691 0.360624128851494 0.286901442199666 0.295011516347975 0.17959791689954 0.590847201104911 0.505375005263714 0.408811174526884 0.29087294485769 0.50537514594129 0.270269732862514 0.0440381677384468 0.151166674594635 0.453187973509605 0.312261018618058 0.554125977849501 0.519390397724938 0.525122985274081 0.453600383199385 0.384362439211738 0.34773559182273 0.317267869710134 0.07755394806953 -0.0977617720983727 -0.159802981088016 0.203299266329698 0.170171387849052 0.294466574320807 0.246215766242012 0.181958793421686 0.201524983583734 0.259040002754144 0.265327749085284 0.304266245336849 0.341223082078392 0.202722229206146 0.141293365939044 0.200182483748491 0.149062837280699 0.0280186924272505 0.0775038078678646 0.275391713590098 0.344236913826641 0.35542041846687 0.458400182666509 0.276615571038014 0.26396161433923 0.494422988549035 0.5226074353149 0.614047846648677 0.523548909009602 0.223182466971978 0.261350607030655 0.57565321174194 0.538426477503012 0.27133269123083 0.368690839061853 0.0918809612164479 0.221776463066314 0.541744970790861 0.405871964322762 0.0567240639780429 -0.0237710030736292 0.138423709401989 0.154556303431722 0.11896793419733 -0.0866842377728101 0.325812283015597 0.345140639017589 0.19198526358268 0.0900047405093532 0.405233078263413 0.31260176047999
0.121579436251921 0.268333989077513 0.310925659062265 0.353225220418261 0.456070890343412 1 0.563837456210491 0.694272917442491 0.579520676958561 0.753345251114008 0.123558216698964 -0.0240455715038048 0.442496097282397 0.467191294139038 0.339440081454657 0.0725110460955089 0.16939990217924 0.210621492464225 0.370294832515712 0.305896380236215 0.123977709226809 0.183626734658428 0.515379110757786 0.454529648932677 -0.0338590275691494 0.307351491107078 0.13405368323495 0.18591586310303 0.274715856464756 0.327776172235161 0.522489360468918 0.513478017712823 0.490136753175742 0.494708228804359 0.217073524111064 0.331692801980569 0.322544755838762 0.251027827358467 0.299759430939292 0.0873777465774969 0.00813820198681363 -0.0517934300132439 0.278269374768328 0.271129785360743 0.262229103545143 0.281512117935937 0.213787060065615 0.257806003325544 0.273831467747284 0.253673678047159 0.346191858954359 0.233440390253696 0.34858260003025 0.328286004178663 0.19644847829551 0.111774753541198 0.110363149254548 0.151365745138627 0.372368681732106 0.34091855549656 0.480509052221142 0.554330737563866 0.443217356918817 0.503577510498067 0.294401291137451 0.350812907921653 0.402168780687935 0.444796136904845 0.136603362421214 0.224778926018075 0.443367409775628 0.397307419974433 0.289566171677826 0.397056224579708 0.14266915390456 0.117051651870512 0.425836626829039 0.401809312665525 0.146041066792344 0.180333805228386 0.229561942103567 0.196544108279394 0.160097229170813 -0.156333768372863 0.240417782111313 0.231458911091646 0.124053696388814 -0.21023176161973 0.318980056181593 0.197966234692614
0.145415992157154 0.304154028026546 0.837124794739193 0.803762167872343 0.677264018805876 0.563837456210491 1 0.818146090719658 0.650056718890956 0.424949539576953 0.0235096480816512 -0.0271390999026393 0.628277670438935 0.369787115876553 0.47609851980752 0.441489885479147 0.246552741092933 0.264284771061012 0.620123652161906 0.536067507211664 0.276232149751884 0.119537396033028 0.812887426671647 0.642330721607562 0.464625896518816 0.42222431565397 0.417390079517747 0.213191984336697 0.270057928190857 0.385338673898315 0.57926468380793 0.549562201898578 0.778122100279843 0.779511293120733 0.588006276276108 0.605393638751597 0.472337446891824 0.54131167660092 0.505922145310725 0.302099480282859 -0.0232365576346348 -0.324749476448014 0.430074873564039 0.415825940401614 0.532284716834973 0.504038304704717 0.418748464469687 0.477951311444333 0.509253520947761 0.528188584867372 0.595837646519177 0.561419261088611 0.462296665574433 0.412042416145893 0.44178165507749 0.386712140908002 0.262045756890577 0.307619842103902 0.568753824864135 0.59652514948507 0.7051408152633 0.653857940989609 0.536750831720733 0.557475007654867 0.759990916682527 0.706633925848828 0.803603558018018 0.741722668776245 0.43094467836361 0.472009780786007 0.621376965196553 0.614331283833787 0.345072129630279 0.440054088700441 0.194676669800244 0.127656391420709 0.639565495984136 0.574817005498135 0.199165099471831 0.229576133431017 0.370493701423033 0.41238151196481 0.343115351099058 0.113176057574002 0.6200158574618 0.588922463382319 0.325023639275991 0.173240946975703 0.607919941991141 0.566541769932047
0.212960469238874 0.362593340165117 0.63545209778384 0.720394475806633 0.481586563630535 0.694272917442491 0.818146090719658 1 0.523032350286047 0.605093429360398 0.198007075813243 0.155390900670494 0.623586072616957 0.594368694760144 0.339980118092067 0.324609851468744 0.273884258873112 0.314939619697575 0.527339355466496 0.465367469867243 0.188762489875542 0.126770048043838 0.702362628373482 0.64767295219756 0.168934352429941 0.380487588889214 0.115858545398135 0.0332965052165512 0.368719072699868 0.460092641122101 0.537570900304176 0.593655655679889 0.662005493199612 0.725794813671659 0.344849812869806 0.45780311672469 0.397163160320596 0.46113912117032 0.388004165110413 0.253273179835276 0.0101356520781971 -0.269910419650003 0.407583591693263 0.415817987229377 0.399965146158379 0.434057036122498 0.373746713826488 0.450692107316354 0.410581124793499 0.45204954569443 0.503701164611567 0.50076699784098 0.458264455958533 0.415843678966407 0.415468094705084 0.327203392569167 0.246754597393688 0.277681562963311 0.518939528490673 0.527250500099014 0.709996118421306 0.782597523042511 0.518633740635783 0.604904607750551 0.510410817315806 0.655804475266771 0.582273701470221 0.657943259820889 0.296161496639585 0.339814745945269 0.569286748211485 0.531040351102966 0.381810634624247 0.471867638173036 0.129953884722936 0.11560517600485 0.55749357739323 0.559764480543505 0.208196568575319 0.257960304265133 0.342779739375483 0.35216033663139 0.292295058820711 0.0600525080263772 0.430768046312544 0.50436567964785 0.161633452434765 0.0329920071958306 0.482702179138421 0.452031685103746
-0.172805358222497 -0.00477246109482581 0.438557847762375 0.380481608615532 0.807262551074979 0.579520676958561 0.650056718890956 0.523032350286047 1 0.454621008056229 -0.19534751653282 -0.228633065085935 0.363515564402805 0.0683575500719873 0.49704996773219 0.364750830838816 -0.0493102634556094 -0.0245940779746141 0.246574367782678 0.184026347450307 0.22911690722088 0.219712177294784 0.574203334256432 0.435885445147276 0.202421278252273 0.116431737961207 0.450257150933868 0.201296555192252 -0.0382640173592619 0.0897481037139192 0.351853565835371 0.255403470558754 0.447277225345668 0.415252439320005 0.364610624840882 0.334954167486582 0.322837029823976 0.242854950349256 0.290309151444192 0.0369649683667257 -0.126283915434288 -0.126816840597629 0.167043958426601 0.160931254837086 0.292489024403459 0.238013414742404 0.152179153130761 0.211533674648211 0.28729192652711 0.26856249464208 0.330328935048072 0.315023151400493 0.219262305090281 0.167050066260867 0.164902550026313 0.160137779720224 -0.0113808113190938 0.045462909573028 0.308413725766026 0.361897232082581 0.419324858509923 0.519409906632705 0.301968087966842 0.288937531077486 0.484076614295642 0.474675756602673 0.528531599297612 0.484896221050062 0.13509258163728 0.216230831394712 0.461530115678955 0.432118043814763 0.189106666476686 0.348577402085848 0.127312700513505 0.0970790221352664 0.492218771148571 0.382442086183617 -0.00446381512767468 -0.0792881751008889 0.0882130319519408 0.105190695774613 0.037228075256241 -0.212354069594985 0.324898783799643 0.291024377336808 0.211716371591455 -0.105852193698415 0.46433653333995 0.306071039808778
0.141887349620405 0.330960640383312 0.285863568565468 0.15771811355278 0.311357039511743 0.753345251114008 0.424949539576953 0.605093429360398 0.454621008056229 1 0.120192156384986 -0.152484020272749 0.366025006499287 0.544826024692637 0.409647039066833 0.0436509388888739 0.27417289832584 0.329545353340831 0.296326926323367 0.29938545474171 0.143421290881638 -0.000967216250128475 0.410952788550821 0.496889332911489 -0.164919681282114 0.286310716834929 0.0637354511594752 0.147665748663818 0.323886813822257 0.443974635493769 0.44691707426639 0.514264178831836 0.408633520235439 0.379747534942595 0.187127546748961 0.314634764659219 0.30895904543355 0.307994111907104 0.292080540262862 0.0872369076650642 -0.0615708379313287 -0.104830410999939 0.252604924959296 0.272093822105283 0.228347044451137 0.270998186373768 0.196990288359748 0.25508108662348 0.184693436226131 0.199303312118476 0.24624558003606 0.0970293284875089 0.261452430278756 0.240056856773657 0.16632362330266 0.083591736118684 0.164505139867558 0.217942243434139 0.297580415356193 0.266902104215278 0.370587242928407 0.357763006224033 0.337445541001938 0.347829268345969 0.291828688633447 0.212080930108319 0.307290807728388 0.395190095745582 0.215214438760075 0.298691295536322 0.294455614802038 0.253749345504391 0.256352386787219 0.330546438348024 0.173395562644423 0.0326448174259514 0.251574854380512 0.462106995554755 0.253064956628849 0.318013799615807 0.340586780942882 0.286573487596791 0.17936312587322 -0.15845446114761 0.287825732283057 0.150573235145494 0.144705159153915 -0.31562386925993 0.200264747392655 0.0179700769645129
0.62517685780153 0.488904776483229 -0.0187601812983743 0.024045190352889 -0.113018037626797 0.123558216698964 0.0235096480816512 0.198007075813243 -0.19534751653282 0.120192156384986 1 0.572219073300499 0.34144009394969 0.424031102728088 -0.164084694530628 -0.153843971199104 0.403091126109678 0.43427613361939 0.333972189361511 0.290998510693859 0.0169701613655917 -0.00410535556992977 0.131637288645745 0.0349115820811633 0.062029639588964 0.173328359122881 -0.228822733112149 -0.267943725270329 0.591179243644903 0.535395120465736 0.303774592577589 0.331223591091333 0.156540253601264 0.174187130523499 -0.106646461372835 -0.0431525149093604 0.135868018106782 0.185286510046862 0.101617406976552 0.169154469269647 0.225181504905421 0.122916714854127 0.0672892221057174 0.115727124826605 -0.0406806459269936 0.0805088857216315 0.0781150073055415 0.0586436263853811 -0.0534916228242987 -0.000562954794940612 -0.0953576318554024 -0.0559222709486384 0.0258810085745479 0.00553934086917039 0.0992374166982555 0.0789470117588138 0.327718218712228 0.291499885840257 0.0626767965070735 -0.00953776458756627 0.307320825124608 0.108057312690963 0.368387713347402 0.313152609698653 -0.228854769311151 -0.234243194917535 -0.14466382614914 -0.0629435145310229 0.109760772515801 0.0189127928055924 0.0510219978458455 -0.0452307416992422 0.184072732800045 0.177259955624931 0.0283788537465923 0.00215346107663659 -0.0151211652449165 0.0600361546242902 0.319324213694943 0.34441931670913 0.311254990132019 0.102649916994941 0.116745409028509 0.165234103935985 -0.173407694538661 -0.173947918522868 -0.146170289081372 -0.0886350851383215 -0.13798431423557 -0.12278651199286
0.307048259713053 0.21426760497428 -0.106694955335911 0.145014998565808 -0.144140283534848 -0.0240455715038048 -0.0271390999026393 0.155390900670494 -0.228633065085935 -0.152484020272749 0.572219073300499 1 0.227633444446132 0.477221210747736 -0.218085063856571 0.146629134876378 0.0641539433107585 0.122767012163367 0.107551592018942 0.130928009665112 -0.122273487924767 0.0232347130649619 0.0830021225738388 -0.0215031498617824 0.0424687027337597 0.0235360980140827 -0.261432782725538 -0.213298396554023 0.347503076024968 0.311121040615662 0.140778229697427 0.166215351524708 0.0581542818648013 0.130955863918559 -0.164646180777061 -0.138245774854446 -0.00195386713827121 0.148491527810436 0.0258396695940847 0.16078023571949 0.185972323134086 0.0775295950149232 -0.0650492365174537 0.00319235527200096 -0.188096403399432 -0.0591420863667799 -0.0234584944211737 -0.0496149069030298 -0.111063347248818 -0.0574197099257783 -0.100261531196654 0.0521029351957504 0.0370076559020288 0.0265989285139204 0.122608318663873 0.141240910265756 0.0201764865932253 0.0251750337112212 0.00130380634961651 -0.0212486863557769 0.130072346980314 0.243016853890021 0.182607131301343 0.316241591113384 -0.336239648271061 -0.0649119016538193 -0.197203797508883 -0.0748631579664615 -0.0653289072073877 -0.145847034130855 0.0490713103221535 -0.00190744818373231 0.144556941748491 0.130943680340396 -0.0797684089334487 0.0215922253783696 -0.0712491834283501 -0.0502727373247402 0.0332951446312635 0.0399440312692415 0.00435134555594468 -0.0117759515575174 0.0844380673724738 0.388209211670272 -0.182776429000668 0.0877041679943681 -0.140279635232669 0.276066221695387 -0.0493366273890756 0.140246782069029
0.394142687551732 0.443790819468399 0.601146740061603 0.392707359632582 0.395654108627602 0.442496097282397 0.628277670438935 0.623586072616957 0.363515564402805 0.366025006499287 0.34144009394969 0.227633444446132 1 0.669720714536706 0.592136630774356 0.355835606084549 0.375628870562465 0.387624491613168 0.631134525863086 0.606488852343687 0.273580567832489 0.0105432244725627 0.719949518814961 0.505183003059352 0.315185751187812 0.324788332393474 0.159615439805499 0.0161700951158309 0.453367436570142 0.521076034503518 0.597700773480438 0.541691048578968 0.618525311018149 0.549659745991174 0.243474754253634 0.377753870231008 0.469677538039678 0.478305533320582 0.481466150297967 0.376072528925578 0.107348398064834 -0.173224038843046 0.436125433810685 0.47484959041076 0.397432783775658 0.437025945915178 0.430088295960372 0.447875259186659 0.290628146847566 0.341815860992041 0.384945883811264 0.372554746265616 0.439845747222053 0.400090414504316 0.514312371397006 0.411727455036003 0.35306370991423 0.29025549095535 0.425173174376676 0.351428865389675 0.558711215962568 0.365568303665636 0.525313974763866 0.420880907371721 0.439015830404823 0.269162353439448 0.440153630160719 0.432859176952871 0.400736740602201 0.418882529923106 0.416717761353766 0.415336546343491 0.38633216336573 0.411750679436539 0.233684043847255 0.0520714443509297 0.443207729373815 0.427314200538297 0.374779034229212 0.398136283729025 0.498221637891102 0.495792890803528 0.423139711964283 0.165246638421336 0.489571766666681 0.378801036963253 0.272082033568674 0.0654736244384308 0.475469052189404 0.270367109679555
0.489153541825419 0.53974434077146 0.34818408491006 0.308860109371918 0.0937137958695311 0.467191294139038 0.369787115876553 0.594368694760144 0.0683575500719873 0.544826024692637 0.424031102728088 0.477221210747736 0.669720714536706 1 0.403356902096525 0.293539587588463 0.473527915207765 0.522126649024809 0.512190987326023 0.591630467195823 0.216027431726226 -0.0334379485149409 0.485037151957248 0.550293170911911 0.0730921694620576 0.401031257426452 -0.0520982634945528 -3.61718781990877e-05 0.594566869287774 0.661862623434127 0.56524069133025 0.606059748239306 0.469252618190201 0.467486624900594 0.0761716751019734 0.252167215109843 0.375231714093731 0.449780264062322 0.423764167125766 0.402756285590942 0.0878726667980867 -0.0386460633161608 0.396077788830778 0.448197400434209 0.275449958850577 0.377151892196934 0.387610983280419 0.396912684640477 0.204269520670695 0.242125890371185 0.318090912786464 0.250190683288856 0.425003160761089 0.393466122299173 0.502935457396451 0.392245773517427 0.390015532002678 0.351032364249955 0.355870510867753 0.259757002521204 0.4033927098486 0.29726732943071 0.510281739581614 0.535132862271819 0.143540966798183 0.144643902271154 0.207274846796764 0.368668952043013 0.306585252836643 0.342811853396454 0.267214813064584 0.181121686827614 0.293329138668884 0.353026111304356 0.130457183079796 0.0248744583093047 0.192629360045833 0.40046970563039 0.427165218421275 0.501592069855066 0.503979495138537 0.512522430076025 0.447645249886516 0.186007570031264 0.349370835527226 0.355141418811274 0.161075275242014 0.0045592055678201 0.238863454241493 0.1591048831025
0.122780079612149 0.241612521213712 0.589534418393198 0.28686839110115 0.438265013798455 0.339440081454657 0.47609851980752 0.339980118092067 0.49704996773219 0.409647039066833 -0.164084694530628 -0.218085063856571 0.592136630774356 0.403356902096525 1 0.589346827338726 0.214652801893819 0.232429892228485 0.429873895368765 0.443122561289808 0.403311771079639 -0.0375668330333667 0.6110230620729 0.59334165787177 0.367752626047897 0.297671582513435 0.409985557863363 0.319330075196972 0.173049224340709 0.285055805868044 0.453282126574289 0.344760045439562 0.470328006084672 0.376027581851774 0.352894368141051 0.442064511585364 0.467140536921373 0.39602441770869 0.474455642650138 0.227888240567826 0.0092989185778709 -0.124190959793123 0.379519692714192 0.377082646563835 0.411022391801496 0.359596833606181 0.335111391504684 0.370923405217675 0.308348978174771 0.304121377194442 0.378510493832344 0.32640590541339 0.383058454914177 0.361000763080737 0.427256439919298 0.379756714200395 0.235715483175297 0.220927956024723 0.327576905718364 0.313012174643806 0.228592892491101 0.111408450877682 0.283477899306263 0.1636932826145 0.596341149358191 0.269014022069759 0.446667099856238 0.43539057357573 0.325563786403852 0.423445724899041 0.258944129055313 0.33467540029156 0.246512218027578 0.270848063722704 0.182162276976075 -0.0108298155779299 0.333398249389294 0.410389320074145 0.203124831248306 0.279844507305297 0.376386601920924 0.478052267910954 0.476706084912534 0.0628941067392091 0.646361204369236 0.406607368722952 0.53634433691819 0.143113521787294 0.473446478305597 0.270500463788581
-0.047118102474165 0.103489940112392 0.471012571109533 0.542430230904367 0.461844374686846 0.0725110460955089 0.441489885479147 0.324609851468744 0.364750830838816 0.0436509388888739 -0.153843971199104 0.146629134876378 0.355835606084549 0.293539587588463 0.589346827338726 1 0.0730481789339352 0.101733199750155 0.324880648555128 0.31884490875196 0.388502531109838 -0.0342071547273837 0.531984805506662 0.557356178886728 0.465318271885353 0.211384554044855 0.321901609782278 0.354115266302915 0.138443664141556 0.23750500794541 0.352473740390473 0.229528373213473 0.42737925677743 0.463239351467433 0.362855487562309 0.441800109233647 0.337339504177488 0.478545151440049 0.394368069754008 0.208164158490869 0.119058670129007 -0.150723481853826 0.247921907806981 0.24686350538889 0.300459079138045 0.281069048495933 0.232370686121927 0.268820532740625 0.298279009925098 0.29384420063262 0.30933689026067 0.387112072406194 0.226005926778508 0.208240479744196 0.330400550125105 0.340049106774431 0.148950549080199 0.154973880875897 0.219732848241701 0.267734910381874 0.184709732609828 0.287513558518272 0.176174648230771 0.190553819192163 0.469498686294379 0.473110740675118 0.393768773478045 0.414985147166135 0.238148291357294 0.282823017545237 0.288334181885343 0.386480499425489 0.150376799484451 0.210841562699446 -0.00470268207388462 0.0875459226486912 0.37765494913069 0.34248885118911 0.136760799824298 0.0986630450933635 0.189467074957561 0.336101106067689 0.389158444379789 0.384311083596349 0.469743669816313 0.538272006723456 0.348245586861972 0.556349939796474 0.38725818490729 0.520334685527344
0.70905683470022 0.80123885912653 0.245919389568762 0.256752516158539 0.0233268606856327 0.16939990217924 0.246552741092933 0.273884258873112 -0.0493102634556094 0.27417289832584 0.403091126109678 0.0641539433107585 0.375628870562465 0.473527915207765 0.214652801893819 0.0730481789339352 1 0.954037473744416 0.688298848147548 0.730404298911736 0.27803774081515 -0.147679367022474 0.253166402661166 0.23569138203846 0.196879205060827 0.403488457224153 0.0735258079770298 -0.0443140411301095 0.793017600635933 0.811161611094083 0.522904497565695 0.524533054558944 0.606548347110114 0.534182550540967 0.116499571757623 0.395193960248661 0.4814250692606 0.422109151605611 0.493951349420556 0.517579615042611 0.147604958037472 0.0433584904928958 0.728824191997462 0.752414107185831 0.655523693240543 0.732927512732651 0.720992464140067 0.709807096162642 0.531344703504303 0.56678324050248 0.510427625796096 0.398270003608897 0.379866106850316 0.38655667290995 0.625157989592134 0.537967332159859 0.88078686564555 0.831655994536041 0.558069277349789 0.436646279892939 0.463181850012841 -0.0360199094518465 0.634737003738426 0.539626639724819 0.183451333897906 -0.081421100878673 0.313881303153119 0.434917251357645 0.65937084955924 0.6704031913093 -0.0469735517984727 -0.106676592044026 0.170036788720901 0.19631283336211 0.0153201594410167 0.0415906327972557 0.15180742873999 0.37772337902901 0.892490949696583 0.901804999178816 0.890885387552439 0.669355791452711 0.364779436414 0.143798673576887 0.337192716801886 0.170132027502157 0.158752690942618 -0.101775234473159 0.154498743052025 0.0726863188399995
0.737948566048496 0.869655045189826 0.263298713229163 0.290534315468895 0.0095560817246691 0.210621492464225 0.264284771061012 0.314939619697575 -0.0245940779746141 0.329545353340831 0.43427613361939 0.122767012163367 0.387624491613168 0.522126649024809 0.232429892228485 0.101733199750155 0.954037473744416 1 0.710118255998716 0.754879653549293 0.277824204457589 -0.198015527016138 0.278825202044385 0.248674956830948 0.169268676365979 0.379221908147467 0.0728517470653385 -0.0290902439188606 0.782308780633898 0.855351180921166 0.532793394385643 0.546730617153461 0.625832325821199 0.570568746829054 0.122023174656584 0.394192552037087 0.459028142631177 0.448278445299025 0.516149805735198 0.5322684414457 0.161971978035686 0.0447428733184696 0.716858087435595 0.73563031004983 0.64942014063783 0.732309686768194 0.693381993458182 0.693465487235768 0.547285269008111 0.575486907332675 0.520140508418512 0.416580278156566 0.405874437816615 0.382228677647358 0.623599151204355 0.54879302946796 0.881871556646249 0.869883801409097 0.577793750744379 0.470008817994179 0.525497944625688 0.0428062449048779 0.690589307889952 0.615442119444307 0.202403198928499 -0.0489493807919274 0.320546825664017 0.446193892296671 0.67224421946941 0.688541031226589 -0.043545946526107 -0.077899752527791 0.155591419355472 0.214212907732592 -0.00184804525217912 0.0740195565503261 0.138035294408438 0.364842881361923 0.859902903929325 0.89725082863127 0.891754632031507 0.717247160484083 0.374696125471683 0.177220002297305 0.354448051577607 0.222724367181385 0.157459094533096 -0.0983782635399737 0.220796002239135 0.129576611447725
0.640657468426471 0.749978765815714 0.625116399196491 0.577764053031384 0.360624128851494 0.370294832515712 0.620123652161906 0.527339355466496 0.246574367782678 0.296326926323367 0.333972189361511 0.107551592018942 0.631134525863086 0.512190987326023 0.429873895368765 0.324880648555128 0.688298848147548 0.710118255998716 1 0.907443557907044 0.346681280345801 -0.0488366475557033 0.625798075726685 0.498429265084857 0.384792234955793 0.484986083398469 0.211606154236437 0.0749348040293213 0.577904757886536 0.704736682332263 0.719370828592792 0.641392728120257 0.812130160629177 0.73654024696988 0.314733870276323 0.501742566329224 0.555651451584361 0.557339554625238 0.584661931374889 0.480448769165475 0.110323254920448 -0.151780462649226 0.66400047641124 0.658196143099463 0.653208975152452 0.675800302874077 0.633040185638532 0.624940889908135 0.557186109319735 0.556581516823953 0.561906122636884 0.493172015960502 0.470996185760763 0.428296425191051 0.610038530695382 0.53175087118576 0.701434486887988 0.658366354483418 0.614666146774967 0.550259463531589 0.61047450124547 0.261436931848996 0.702756194183715 0.610568793366215 0.435725791343456 0.219337359357325 0.554224844819731 0.567246478534348 0.702911676598672 0.723228561897894 0.303033715908857 0.27668961533558 0.285044575883211 0.315182319701886 0.0943926747729854 0.131677874773247 0.379220320787894 0.477029488252134 0.635316356718451 0.689405708268752 0.753878276315944 0.706601960168433 0.432655458630202 0.217337744803218 0.49365952713659 0.377302341416679 0.22046932903013 0.118368950813268 0.41034275437397 0.32318145446083
0.654031524719895 0.782034799610095 0.57797201926129 0.538054694205245 0.286901442199666 0.305896380236215 0.536067507211664 0.465367469867243 0.184026347450307 0.29938545474171 0.290998510693859 0.130928009665112 0.606488852343687 0.591630467195823 0.443122561289808 0.31884490875196 0.730404298911736 0.754879653549293 0.907443557907044 1 0.389348013967006 -0.08889502060289 0.580721059062718 0.540228085387687 0.367095357519953 0.495768591930071 0.210412439010763 0.113157472727744 0.601514984509286 0.72899526176318 0.714112087560042 0.654882677914629 0.789437572506542 0.705641992362111 0.285096959124803 0.489757777892963 0.536947298627279 0.568219436254839 0.579989280940141 0.582621344483153 0.104179267626034 -0.145884999391246 0.714856338796074 0.715901197944675 0.700827096523933 0.726122695281488 0.688417534276407 0.682799203187982 0.582778157206581 0.588820505739105 0.601610672638181 0.501800147632569 0.513473181416513 0.445602380631375 0.685711662239992 0.599577126228031 0.743037394040666 0.710981064581454 0.636375034571719 0.562161029209424 0.556367323236127 0.19456603392117 0.715164217687509 0.631780183270144 0.394884854185526 0.200375260151352 0.541663147567523 0.578499452944761 0.79184739876961 0.808773922700861 0.251934265278515 0.182948742039417 0.269622445361323 0.334144303095996 0.128964663753034 0.122649692526034 0.337449676110568 0.441353927963939 0.684733655934559 0.730910180828388 0.796441589881447 0.755572896626033 0.472714960966996 0.201587116806038 0.532487295619744 0.401670891320956 0.298793696341423 0.0918191726456958 0.430242046909067 0.299773234050399
0.196456903346197 0.191116539109324 0.337442872502433 0.29293644617224 0.295011516347975 0.123977709226809 0.276232149751884 0.188762489875542 0.22911690722088 0.143421290881638 0.0169701613655917 -0.122273487924767 0.273580567832489 0.216027431726226 0.403311771079639 0.388502531109838 0.27803774081515 0.277824204457589 0.346681280345801 0.389348013967006 1 -0.0367730172705044 0.369922165507259 0.427492754649258 0.313439070237245 0.381760523099185 0.21426995696784 0.223821373355683 0.276376788894027 0.313800329261262 0.412072203967971 0.327249747249327 0.359904202519872 0.317595429727296 0.326155476171378 0.267728575054971 0.355787019708655 0.268719742377721 0.336137278827861 0.0909898094693103 -0.0163704744495068 -0.151415395085186 0.321768121594305 0.295558390418894 0.353168934864399 0.315079053948358 0.307645292630255 0.313331624695486 0.271698030419233 0.234100312315513 0.200911844870257 0.181401394011833 0.1784539064123 0.177529325970383 0.311451812613658 0.246057380220861 0.316139552311945 0.26510324230269 0.168061026249057 0.128063032451581 0.213283374466627 0.106996429609691 0.266484813956312 0.209854560004296 0.368647409844544 0.236624041711279 0.237371124341097 0.2534945326881 0.270193582944236 0.322120463865964 0.157723912694568 0.160958003860294 0.015103983056562 0.0169610173180322 0.0825793653698858 0.0375445012511645 0.226420422215853 0.211512046669073 0.330412236116043 0.231908502053899 0.317328929747322 0.331206043516325 0.322234783820994 -0.0307011225954015 0.351535639513936 0.221606196775455 0.201915829593755 0.0804241667538997 0.237804265020067 0.158722494144712
-0.0556832004797916 -0.13147255336942 0.0654668751720083 0.120284259634378 0.17959791689954 0.183626734658428 0.119537396033028 0.126770048043838 0.219712177294784 -0.000967216250128475 -0.00410535556992977 0.0232347130649619 0.0105432244725627 -0.0334379485149409 -0.0375668330333667 -0.0342071547273837 -0.147679367022474 -0.198015527016138 -0.0488366475557033 -0.08889502060289 -0.0367730172705044 1 0.138985549011985 0.0517183022737626 0.141833205827549 0.132712978325012 0.111760052214583 0.177209206827102 -0.104944262826229 -0.153886462227018 0.103409278419762 0.0521362141654607 -0.0474007151750314 -0.0242968813150254 -0.0625091771964819 -0.0341255164762948 0.0574078241800701 -0.0529185170273907 -0.229825975630282 -0.0121274201393188 0.0258252261416678 0.0892348772719299 -0.0375848280417779 -0.0225829261987942 -0.0116948822468324 0.00244642162277338 -0.0158151401180396 0.0326239233046518 0.0109954639555812 0.00333850839448226 0.0218905562904371 0.0331789258292234 -0.0232521257831598 0.0368460601110188 -0.0787332578639189 -0.0685084019798151 -0.150978102872073 -0.167321533637047 -0.0363452743363754 0.0405288407960861 -0.0147009208165994 0.147149182464585 0.0218081262036682 0.00371603457716118 -0.040304001622608 0.05276375235031 0.0133667074056918 0.0797964627436753 -0.188666474859484 -0.172853437069521 0.248985211680514 0.15084084645184 0.0397722260872829 0.121691602116521 0.16335250502414 0.0959419181690494 0.205871157333242 0.0299626323136717 -0.170975018996042 -0.171696688741784 -0.151177816674738 -0.114398635212312 -0.113784462264385 0.0319713782380517 -0.0234995798319226 -0.0612142960223155 -0.086699861852216 -0.075709084049563 0.00994697092909925 -0.0188200811313327
0.20107913035165 0.327597022087917 0.799312941388733 0.706252186585442 0.590847201104911 0.515379110757786 0.812887426671647 0.702362628373482 0.574203334256432 0.410952788550821 0.131637288645745 0.0830021225738388 0.719949518814961 0.485037151957248 0.6110230620729 0.531984805506662 0.253166402661166 0.278825202044385 0.625798075726685 0.580721059062718 0.369922165507259 0.138985549011985 1 0.752202681777918 0.528111031208071 0.52473641523539 0.361849553341686 0.217699502630722 0.337107580154341 0.460529691406821 0.720578887591436 0.635007314829562 0.731188367216049 0.682959193610344 0.493549925495782 0.500130961782186 0.523177337014152 0.532299584270418 0.456202425638541 0.2859507226481 0.126043611035543 -0.223731841463556 0.392495459147435 0.405335205843817 0.481812367045784 0.476345363976842 0.387829853679778 0.44342713310255 0.432000518165169 0.46287464423102 0.461660183905056 0.432764393077618 0.378553563485107 0.376070710025348 0.40789819486337 0.375074464586619 0.257303497087875 0.245710871225068 0.434479204558949 0.445582852334212 0.543884693497103 0.500607023233865 0.487093133134452 0.458119695018282 0.648217400050159 0.509080507826329 0.624317886441845 0.558563008195286 0.40645898637183 0.449386687024903 0.549822836089856 0.527827125795898 0.347882718204094 0.431738550114174 0.226004668014864 0.111294063177742 0.557141276463744 0.553857519445033 0.252932416921583 0.271891870328611 0.386981644999835 0.428909712657069 0.433756929546311 0.156092568814646 0.537814925917818 0.460550186545741 0.344955394824245 0.181170803067774 0.50283180527972 0.452459228456672
0.158595077034659 0.273360391283773 0.695396654907741 0.640674336376343 0.505375005263714 0.454529648932677 0.642330721607562 0.64767295219756 0.435885445147276 0.496889332911489 0.0349115820811633 -0.0215031498617824 0.505183003059352 0.550293170911911 0.59334165787177 0.557356178886728 0.23569138203846 0.248674956830948 0.498429265084857 0.540228085387687 0.427492754649258 0.0517183022737626 0.752202681777918 1 0.398030350893478 0.596631049298333 0.296999719716862 0.330685483848584 0.244373162507305 0.387883454549419 0.583371583870713 0.589805876330045 0.560091128011252 0.557049569089959 0.506472189292195 0.516656926839708 0.467652486062175 0.497843038076055 0.409635963961388 0.233981845654293 -0.0171058441612784 -0.143128739421601 0.3717349756808 0.356237914135533 0.418337724160923 0.389060658068347 0.333146721332217 0.396887630691623 0.361231731860621 0.383840146665854 0.422067017708023 0.374974842965677 0.389624552985997 0.333014422848092 0.389321860036372 0.323625313377176 0.252133676259955 0.254281960925778 0.343917932934833 0.367645923322272 0.34293572776993 0.368563844411819 0.319634002143437 0.345212290246888 0.591018682411795 0.585559929378607 0.569682573302767 0.556233054477211 0.335126869657225 0.387518430904643 0.45997308833369 0.396190594706693 0.238201282011695 0.275460325191746 0.153620108581861 -0.0289236815189951 0.454548502199994 0.529719314518803 0.199320214636967 0.24532575647895 0.303406971863743 0.431343284517499 0.415263542260783 0.00494028654849289 0.533716054366478 0.503985636136522 0.318853901114358 0.169778474506214 0.38331694111481 0.344169177025256
