1 0.878014134593103 0.701828921403842 0.587641834617246 0.399711510463737 0.478013800656239 0.671529184349683 0.581421295554285 0.534771420332867 0.487641432084583 0.745612135955058 0.694146162886721 0.738853081229615 0.642900496777774 0.578171861376812 0.503900641960763 0.771871736976721 0.777958825475632 0.801645352074443 0.667702811729785 0.31610371558525 0.136566246445534 0.59890391369478 0.508238761390451 0.473046049002776 0.502623057951735 0.304526352464917 0.17730442042555 0.598589494207296 0.684244206000887 0.54736144432691 0.501551493646326 0.635258358109391 0.595402314144576 0.401415747062513 0.272443743732158 0.531790379972026 0.47236125382249 0.718467789563328 0.537489266517628 0.401455241003978 0.443516428114107 0.700909554179879 0.685136180231037 0.721428781790267 0.706472235093747 0.721678971940123 0.747674619068427 0.622301348916959 0.597340834967114 0.638256722546213 0.691498266586505 0.634009377730974 0.60999773257461 0.771622758690368 0.80609186642587 0.864233729522252 0.83640910819232 0.714359665429117 0.631211380395453 0.788304662346678 0.617648594919438 0.742073470600127 0.606561290995585 0.620486526281456 0.470756956569367 0.580326581143609 0.551766103601594 0.73721966306047 0.715820955492936 0.502604972885238 0.556453106121343 0.526704876753355 0.555013231764272 0.349221437596174 0.249072348123656 0.315808066525884 0.27820208594813 0.553455687444782 0.631546392915291 0.750994445439232 0.764127540281831 0.669502347532535 0.713879708458705 0.811590831307576 0.782087543143218 0.385136604070441 0.538721580312714 0.732148168101639 0.692977057381144
0.878014134593103 1 0.567058541579433 0.515446869498851 0.285301553950467 0.383640129042072 0.466691830024142 0.490072960032112 0.417845431212731 0.409722703366536 0.610250450960549 0.599401009713645 0.578042455602224 0.595754668541451 0.469356284381469 0.431889621111308 0.776910671798959 0.821577502742776 0.754871610123195 0.692734561971475 0.271388598977425 0.164502195353111 0.500426830332832 0.429844118220055 0.380246789310553 0.438897489653585 0.292612803050234 0.160447167590612 0.521140997773061 0.682480090642782 0.48497634392159 0.464342764196742 0.587817343488393 0.55257740711614 0.293845091434878 0.229891819005033 0.480264094939111 0.491330574197717 0.630210286655956 0.507263686838382 0.41735747780602 0.405825792925801 0.631885906690959 0.657759188924217 0.705858757629784 0.757904354355865 0.703742504431823 0.742164372254682 0.684040892618515 0.696461396962014 0.657516783978842 0.725490621071759 0.683092164388397 0.652606575439413 0.763116567998212 0.825772529028608 0.857187810720476 0.88616563744868 0.666488953576559 0.66819010100359 0.637577183091054 0.526969433955624 0.598460799049038 0.539560558515529 0.460901232032097 0.40117753636144 0.4887022593046 0.50300020864522 0.79055848599038 0.797504931190744 0.415544297730765 0.490535310269795 0.450214875022327 0.468292528619913 0.304100453309663 0.153075258395897 0.282343614111162 0.266690248838957 0.512352526214442 0.65075151537968 0.738421511497535 0.80048580084963 0.647301929956103 0.746031303524284 0.763657764463035 0.743336451339766 0.37252737503244 0.499706573822653 0.64847298075334 0.675950562504675
0.701828921403842 0.567058541579433 1 0.81017527389975 0.661667099430373 0.683409002985129 0.841306400514498 0.632590539868669 0.70736932300566 0.598195157361954 0.595236059603856 0.46914091590426 0.705718421351856 0.535666225858831 0.774227328408198 0.668140019191701 0.402448663175444 0.390896467346578 0.680325517177311 0.680976372909212 0.374829017773858 0.116160774436374 0.905343428793967 0.848445574044584 0.636223157036497 0.707680499982264 0.371669419714272 0.19896564407632 0.425526896449438 0.484043195620078 0.724736742925257 0.67057945560703 0.736760615874161 0.687146469604777 0.653493876659164 0.563858485449121 0.626082737484331 0.473985195568364 0.575210306288465 0.384182885657184 0.353810181835529 0.362766101898022 0.605368686405268 0.551972392219522 0.630123589113178 0.536507316658573 0.512637435735655 0.5132833046061 0.489100310114305 0.525840264943601 0.624154617277919 0.651338423588583 0.605420127475689 0.507638071856716 0.610083780312704 0.625396219611159 0.549579211726393 0.589479856450653 0.773277181798859 0.639500414558424 0.791697949074888 0.449768686095734 0.670006597042032 0.480667784000865 0.845703524222483 0.624317029106264 0.777802139647926 0.695450968956685 0.627042538551584 0.642835244240748 0.672266747720922 0.656816103862504 0.39142788505886 0.502704848289384 0.343640486150528 0.27889992369499 0.537353521990454 0.437656564734228 0.356384954863383 0.387969399959513 0.538832873424861 0.527694010027109 0.693821079482526 0.641192399102339 0.823157202413373 0.756838326492688 0.535900771478574 0.493576865518225 0.805854103533786 0.778590226989793
0.587641834617246 0.515446869498851 0.81017527389975 1 0.687335869229526 0.759781509818784 0.711318465776598 0.883621341961773 0.544273998091375 0.731106447142709 0.548019552081093 0.672290109204421 0.549935104804863 0.706416331535072 0.5676189744067 0.696150667934188 0.319042860978556 0.3364760786938 0.641219939191959 0.75292686314587 0.193317797960895 0.102524998286369 0.706135065472092 0.863471950360557 0.400442823851889 0.571264972714134 0.162947120517391 0.0878797343552841 0.369376578584555 0.599624392630258 0.616791391664036 0.739945464867693 0.753596293520883 0.803903810474763 0.503091049139415 0.633776884231145 0.508844620500409 0.435914781207238 0.446257917747144 0.289224599316744 0.245585820594137 0.268589380865794 0.557746910495682 0.544040684084469 0.63280900081814 0.555376483214456 0.463425915781433 0.458694963194401 0.53728172624423 0.567280197822948 0.68877541463039 0.71996652306495 0.65908314085485 0.598185457652483 0.569719648776829 0.553932352267281 0.40196553691265 0.462500239707049 0.750276782491559 0.75636168556581 0.68354646951937 0.667806402863554 0.619238545249304 0.693797490646652 0.640539983960703 0.806975391068042 0.780666058418178 0.820589182290151 0.530412201190044 0.589401873934697 0.729667194617228 0.709475924281631 0.418152016282675 0.554790778902329 0.299018737772827 0.323374260440902 0.628125815497116 0.432914482865114 0.317730185545374 0.356382426223272 0.492438562058369 0.47492571435626 0.504519951836265 0.561124997536535 0.711022252780838 0.737889861966806 0.291208476930593 0.346211529606336 0.674459036120241 0.790173261504512
0.399711510463737 0.285301553950467 0.661667099430373 0.687335869229526 1 0.654331296783185 0.633982046120415 0.596445351241153 0.61004246367761 0.606389674324021 0.389963336979325 0.432742187200468 0.451753605629501 0.468850654639171 0.572469064136547 0.58925381881173 0.192463210092021 0.189926925057641 0.388829097883777 0.4913525205031 0.146954043184521 0.0193304400196187 0.613098742634815 0.656776221550159 0.406437080639261 0.476334998354309 0.147007252521733 0.00220074728899201 0.281563099290392 0.426240262858624 0.474791575784741 0.546383497639977 0.593632738597202 0.572451810772268 0.357755490933952 0.422970932320605 0.356869307411525 0.315689118186198 0.373801004562109 0.204755331283147 0.0663057146597392 0.1974782057722 0.441987986092825 0.386565530256756 0.491807749976934 0.402606215047914 0.352560186514798 0.314472839280685 0.428338120448736 0.44170084228718 0.524762764329886 0.526256703089942 0.488402119537271 0.415199980653367 0.447335003924348 0.411114392297167 0.283874474266721 0.302074892053451 0.612189697947155 0.543621741494723 0.593311525159952 0.403993933989019 0.537465651545856 0.489007329393961 0.568271435927415 0.601647631693281 0.617628519052741 0.606326963549243 0.409417721751879 0.444360097417236 0.58489612878891 0.548694837358499 0.26672937280321 0.386488625516122 0.178154401994779 0.239044010502524 0.480768461969844 0.485823117832457 0.321028287876978 0.301612757750281 0.40693567291717 0.349702250291551 0.428665681454144 0.390161896018087 0.585475304589087 0.547194623330339 0.299007974859888 0.31803210002381 0.578248451644464 0.591257823658994
0.478013800656239 0.383640129042072 0.683409002985129 0.759781509818784 0.654331296783185 1 0.660077640815152 0.690369957857675 0.655456932550812 0.804738424250629 0.381664071882972 0.459364592773142 0.462756098889305 0.500808921209995 0.595505194947565 0.716118280467254 0.240156067205031 0.243279012932116 0.534646857538008 0.620284177941984 0.204788588130798 0.0471446374193505 0.636519610335727 0.751755709556656 0.491906561072797 0.62929830821549 0.248272464008475 0.0974582416966997 0.271997148539856 0.417095420718558 0.496483921831808 0.598137797688477 0.564611619294297 0.600904645224759 0.457998242062634 0.565629827428879 0.472347489498818 0.484360631835033 0.396227744166335 0.215375822595363 0.162499422180339 0.216225753982449 0.482574752914422 0.426931615748835 0.533571500228647 0.446908047029146 0.361077355278908 0.363350956229562 0.48909028033837 0.503976108918436 0.61546172083998 0.607203048013029 0.583732718405104 0.514715355503701 0.498404168608445 0.512452472979902 0.368059574967288 0.396023935619796 0.663040664769766 0.600629538063271 0.713484510358687 0.555030438236718 0.444598905113043 0.42626797686239 0.636825126354272 0.751595933665622 0.661909431732883 0.645629472585799 0.45310466899915 0.498456759087752 0.622910695893301 0.622917247204472 0.320039112335028 0.414392214310029 0.261958941354553 0.200178625614241 0.48993500446266 0.459313147536276 0.227019821875438 0.265996740352985 0.379788569410593 0.397373929332772 0.426003451146709 0.429472312695189 0.666587753962491 0.696128400486727 0.362346840935589 0.419725341152545 0.66706709704737 0.723156662847605
0.671529184349683 0.466691830024142 0.841306400514498 0.711318465776598 0.633982046120415 0.660077640815152 1 0.721564860832349 0.752897796517897 0.674849673524878 0.635127442579348 0.545118687309871 0.752016750184373 0.540677177384064 0.716636931189142 0.591464906687799 0.367590955140666 0.344397167602049 0.593256676979672 0.559749315005459 0.216596893097459 0.114052987194996 0.737943963523002 0.705777858031189 0.526300525661061 0.582774398843721 0.248018954622192 0.0956849527586845 0.46449355547188 0.473788805039131 0.603148147505495 0.55035589913591 0.636061772399653 0.616251100937776 0.512687576046676 0.440006403981988 0.526824804287532 0.33402629332865 0.537507904762395 0.271663606044362 0.334864554783491 0.295020015664074 0.583918972212717 0.555816185673284 0.563065122213864 0.504829069052066 0.456294478958751 0.487800462183707 0.408196314553593 0.452239339551561 0.566116011183049 0.599817829864913 0.549326609704068 0.549510179795796 0.548649186157148 0.563572565365982 0.428596630067561 0.476196193093372 0.706207346323515 0.554937277607189 0.860200583062401 0.562545424089071 0.60428511451566 0.514064362139152 0.801489545132676 0.619313712644436 0.677574414404037 0.613591287414939 0.499869903437518 0.516352342326491 0.6287007775347 0.601449085030984 0.384350492657608 0.540555416697811 0.354188517881346 0.343875407829115 0.539655153923754 0.403195011316529 0.370284375314636 0.406647234436997 0.484329819160531 0.455979107381686 0.544920815047552 0.474310698399225 0.732375894593553 0.709083851657688 0.402795971535601 0.411500960595313 0.771723133201299 0.730587663802691
0.581421295554285 0.490072960032112 0.632590539868669 0.883621341961773 0.596445351241153 0.690369957857675 0.721564860832349 1 0.45476245903481 0.748170329993265 0.576425823085953 0.788926814742286 0.539955956617615 0.750326277713473 0.416980044258805 0.579382950935907 0.353872540538349 0.361551941625555 0.57278906212617 0.647338871729979 0.121918491015688 0.128377907558974 0.501570614054654 0.691433277929317 0.304116530950675 0.453694648094315 0.0402738122196638 0.0084871963358308 0.428577172620946 0.651918014503096 0.537454130011076 0.658931250207279 0.704321890189183 0.785567518031356 0.39266978657292 0.529138927935146 0.467871770288544 0.360604133750885 0.380409853489619 0.200484335553683 0.243099194858776 0.199843669426705 0.561690365580771 0.561862471408537 0.629954339217896 0.583779558376049 0.475275792320166 0.481337927438262 0.527232604591963 0.557606003749015 0.665111897872822 0.704725222770402 0.647336807777731 0.640568044081386 0.576086210417822 0.536560022179711 0.341686787472707 0.410577072480624 0.68218261816121 0.731823763733132 0.691141763055779 0.834608293228388 0.594583252608844 0.804771645123706 0.538586595368847 0.780140859199476 0.709744016079536 0.782164217954315 0.43026200691752 0.5028072709346 0.672445891867632 0.640272923653234 0.432279316576641 0.561115261980253 0.293651176868341 0.348903046226318 0.584960186047228 0.394859547110938 0.358325838522833 0.428022969184501 0.506101161864436 0.46477017173363 0.36982275830344 0.456469014620031 0.636918281855257 0.692115742917756 0.122912774977219 0.208320398387448 0.611470781872372 0.742093216706856
0.534771420332867 0.417845431212731 0.70736932300566 0.544273998091375 0.61004246367761 0.655456932550812 0.752897796517897 0.45476245903481 1 0.720491547955078 0.427287806469399 0.316766897150592 0.563152639704928 0.351200716823156 0.831477674329192 0.66850080929128 0.327484181763872 0.330264776119282 0.527911896394198 0.586766657651426 0.212496845706687 0.134702741360987 0.741204152298271 0.626287805145345 0.580305224999556 0.590430760391547 0.523810666242178 0.290292464481431 0.356384431502728 0.348016894247788 0.539914074865459 0.451681119291494 0.517317725570748 0.45669578218061 0.385706360215613 0.385026056752961 0.394603930690368 0.349393636584582 0.487063112652752 0.238975418035078 0.188086092582885 0.23450756128706 0.482064568676323 0.432760723608941 0.45822431641472 0.395369644199098 0.345611922327003 0.379558883833974 0.374873118464376 0.427747218928336 0.47888566100176 0.491304086829657 0.502079366459248 0.421926598083108 0.533570792227121 0.533799696613898 0.442567623096337 0.43491352201538 0.63175884685126 0.462505936747995 0.746072589200262 0.338875425799358 0.419128555380037 0.285329206216736 0.710428148309883 0.523798622549457 0.500942305553185 0.42016281700332 0.57900647427622 0.612172631800988 0.621713683123253 0.538350488008 0.371806514164627 0.426188198055169 0.430837116912768 0.243287863958644 0.44821464850503 0.492210830040072 0.291177904102323 0.314492686293144 0.390701611234842 0.369236135146871 0.59803078204282 0.399428588214852 0.672379384815879 0.64341028430974 0.632672723857976 0.521582074582874 0.765261975772923 0.699726656417331
0.487641432084583 0.409722703366536 0.598195157361954 0.731106447142709 0.606389674324021 0.804738424250629 0.674849673524878 0.748170329993265 0.720491547955078 1 0.392059434925544 0.592144613857072 0.427461481441549 0.602290720015615 0.582296574424175 0.783475103590486 0.308114810640187 0.274232355266456 0.472130028883726 0.581165374077299 0.185043521753899 0.116852488643114 0.592717947517614 0.722241362128234 0.408284769114992 0.609485960835149 0.326780918004384 0.178785667067381 0.338101427508804 0.447683217781944 0.461503741289909 0.587252638165108 0.518725813527707 0.573091037418853 0.319264664276304 0.426343816119061 0.339269585411505 0.347933432223981 0.426943442564983 0.213261488283965 0.0768271059952742 0.151849708466739 0.469856253132657 0.448987749159444 0.438411467797879 0.393805148460031 0.314956125304235 0.356049999995872 0.34653418145095 0.386233929124471 0.497922655510361 0.514924590244873 0.536521959756932 0.481957628802236 0.491076598092689 0.507946572483989 0.37856235413535 0.421978356567337 0.568105837157295 0.545917156001103 0.699154667909577 0.664492777908516 0.435775520493612 0.495926907210624 0.603040224103856 0.790035416491179 0.512736360397688 0.522503490889453 0.464587412489343 0.502916785983807 0.609037482870086 0.578348108806087 0.321013610805706 0.356177551588822 0.30060164622424 0.229128778049181 0.480138889178733 0.521895617870873 0.271621164473777 0.30579068512859 0.39747027251123 0.402478634247898 0.43575697183694 0.378054362251205 0.607185138370711 0.718659832199976 0.400032601006552 0.500074484067164 0.667567898843555 0.740976653716077
0.745612135955058 0.610250450960549 0.595236059603856 0.548019552081093 0.389963336979325 0.381664071882972 0.635127442579348 0.576425823085953 0.427287806469399 0.392059434925544 1 0.657462169620719 0.834537317651211 0.712102484246335 0.581312226900401 0.447955573304658 0.577062719105431 0.543532519512563 0.71972726936794 0.531655058582236 0.211945305267166 0.0952878703894419 0.495531364420281 0.418794735046626 0.289445114210406 0.275211084170223 0.130148984952691 0.109075306869019 0.553478518869796 0.612940189916277 0.420270382272779 0.416176166527663 0.547276670645186 0.522973760894612 0.316936011315722 0.244766613486945 0.480957108944528 0.302146817516396 0.536137843775209 0.402532033167616 0.454535547404448 0.42146129757995 0.579994730721418 0.576750901313706 0.579108826602427 0.597410234168376 0.607689961004754 0.588724387871842 0.460009031928057 0.482094857333263 0.530312952933267 0.596825115604718 0.544262696182703 0.571047422161719 0.639827260840729 0.623009531955428 0.56862737978417 0.554158856839072 0.583426550010744 0.483170876948688 0.623448742000521 0.462344918975276 0.71221798130229 0.589190850339878 0.525717189646871 0.417565055047236 0.52278005236293 0.508085276398256 0.458562307989102 0.454508314471563 0.502625784382757 0.505795184485017 0.461749635051017 0.533827266512657 0.363784917206926 0.304765549939041 0.373712401723124 0.217052220392677 0.498356753754942 0.541696020699757 0.577613405725388 0.559785580359722 0.552244810596841 0.59996595032166 0.711927431214585 0.631460457711148 0.244395873390338 0.333003641622384 0.644262940322206 0.576932556803735
0.694146162886721 0.599401009713645 0.46914091590426 0.672290109204421 0.432742187200468 0.459364592773142 0.545118687309871 0.788926814742286 0.316766897150592 0.592144613857072 0.657462169620719 1 0.581707153278577 0.866105673550667 0.366542919305594 0.533882183499372 0.587384074016813 0.612065316889775 0.564835311253544 0.543544821630526 0.146395751160997 0.115782322131431 0.377038264818393 0.477376080983372 0.243474952460394 0.339178990292001 0.0629631642064599 0.0564017588264213 0.660039565949999 0.784532950796476 0.445692266077835 0.555700524356087 0.537098144265798 0.635871587469276 0.217223061993783 0.257655540006859 0.347302437402404 0.30533952433387 0.497119896257362 0.398514235355366 0.274089228289129 0.322872500200446 0.572608030429655 0.579328167853651 0.554012303153297 0.563815614827853 0.549619157621666 0.583095579980767 0.409498952988649 0.39224162319971 0.463365852352535 0.56009058497101 0.519710358019727 0.554957732801651 0.602178876277735 0.592946525911987 0.517514404567822 0.514583426491108 0.471391037444407 0.506660614558953 0.588235567862773 0.80586228771778 0.693932430192258 0.8230069335966 0.407063781583344 0.628860437362138 0.446455020818823 0.539439733963873 0.364317788509096 0.39835157106675 0.438563388558446 0.45039580253607 0.448959783989225 0.542970250132889 0.393878285614173 0.277805938076842 0.328638209025058 0.286882312641124 0.530969855533349 0.616190396873617 0.624351957504753 0.607108292829377 0.445164135019405 0.472799638930265 0.581288188125388 0.668882701410742 0.122804552934718 0.361258425783174 0.516636455453606 0.573297480354873
0.738853081229615 0.578042455602224 0.705718421351856 0.549935104804863 0.451753605629501 0.462756098889305 0.752016750184373 0.539955956617615 0.563152639704928 0.427461481441549 0.834537317651211 0.581707153278577 1 0.693517250106254 0.755093224409522 0.546891651156549 0.559305367333397 0.521197553181514 0.665932387441502 0.473246461786324 0.240024648688709 0.0980163484626585 0.701509377676679 0.526281911953788 0.425316079438546 0.428831425850363 0.275842743508866 0.164291717090502 0.519726245191333 0.531402258297709 0.484538520523387 0.471722766502504 0.51380118951803 0.453097684821251 0.378923281172737 0.249977038712163 0.485950519003824 0.283448342998102 0.535891279318993 0.333559784091544 0.38674934834965 0.367540123228106 0.625798580708921 0.60962395395296 0.59189192252222 0.580259858008312 0.592961414442372 0.607762062380821 0.403594284847086 0.460615938995872 0.502261380764667 0.574494011594207 0.551691605576513 0.577176885998178 0.626614984207853 0.628907112029966 0.566214882886055 0.573974626672523 0.626795679991888 0.430881261429199 0.745392603571941 0.445056374160536 0.655194310695603 0.461086506943238 0.713162115511176 0.503642534560398 0.525859847338164 0.455448863934781 0.530489153639074 0.477832953024509 0.480864486091835 0.425182000472873 0.361377107823594 0.49845816408581 0.38499790610353 0.292181547995044 0.373135361713985 0.231034726900935 0.506027411661498 0.536866645574608 0.553523769047336 0.594491069150453 0.590196126287831 0.59467871282956 0.778438438361838 0.672177881533678 0.348789757362812 0.433881501097768 0.711902733905299 0.596509208653991
0.642900496777774 0.595754668541451 0.535666225858831 0.706416331535072 0.468850654639171 0.500808921209995 0.540677177384064 0.750326277713473 0.351200716823156 0.602290720015615 0.712102484246335 0.866105673550667 0.693517250106254 1 0.493012736397065 0.668751822020216 0.630099951930819 0.604385452311848 0.594060773444047 0.540433793229798 0.181212113714593 0.0740193665098263 0.497483180286144 0.585676211943898 0.302751321059502 0.442458479159602 0.111653688794991 0.11067552474042 0.654620119433679 0.785630213790691 0.51813827033844 0.679806817133431 0.598735392245215 0.649649441349832 0.26220174511393 0.322613498086785 0.404912275039774 0.329096871753484 0.518515028335744 0.427726251050988 0.283100257197961 0.299210782745439 0.681983019928723 0.680921225581902 0.639501184030245 0.651203923156585 0.648597852523499 0.641861630766078 0.470862948076663 0.481673563485477 0.530640452350452 0.619371416850329 0.581230636930934 0.611786400925189 0.681509809116361 0.646791813467627 0.542356376888867 0.533241840286201 0.505248689385921 0.507917545230352 0.592775143488648 0.684137364242167 0.726616313304377 0.742160813753755 0.48333548560274 0.688325384402148 0.509801404024197 0.585598313639114 0.4173046887385 0.448916611580617 0.437681001754693 0.422521899551519 0.404763175039219 0.513180698517212 0.367633808224809 0.224749903474531 0.395529040832522 0.342016335854079 0.608441356898144 0.668213884909425 0.680018496023358 0.692655904730273 0.539877080815119 0.586703096151823 0.679216586360771 0.748084441933299 0.198706439043049 0.453657028178539 0.572638045173887 0.614334998039176
0.578171861376812 0.469356284381469 0.774227328408198 0.5676189744067 0.572469064136547 0.595505194947565 0.716636931189142 0.416980044258805 0.831477674329192 0.582296574424175 0.581312226900401 0.366542919305594 0.755093224409522 0.493012736397065 1 0.744239320734829 0.430194774937034 0.397134438862643 0.557911960730784 0.541757457126096 0.336065668634345 0.147656572594706 0.846579814755011 0.66268042688677 0.587353985413007 0.598302156798063 0.532615476174577 0.302739933370501 0.476414434221911 0.439090792062668 0.62857330652094 0.555103858063715 0.561973998667125 0.48412816400049 0.446235172409836 0.356737438561832 0.492017229917784 0.352283840940583 0.56473132024511 0.343715000372531 0.298242790316149 0.36992735384142 0.560888868520295 0.518005736793686 0.524900726752546 0.47808834744098 0.444915670747974 0.469570153242019 0.387911081996995 0.430604999298206 0.477516106310291 0.527889860877444 0.532170384285012 0.460948876433386 0.579092702094311 0.571919749412481 0.478178840652849 0.45508385550385 0.617583671935459 0.419104789234237 0.709838113311663 0.256370386502097 0.533552555767778 0.311167152625525 0.77217797542631 0.541348603301558 0.529881767481192 0.434061716855014 0.54946586808401 0.5461340124923 0.606648820639861 0.497665228571702 0.3803936265978 0.450024910823301 0.482863540844232 0.280432408919329 0.437922937163345 0.471601757961561 0.392878280267361 0.405696906726733 0.447033641466071 0.427063889397401 0.665611513119403 0.490458027992495 0.743202823936103 0.664306636553022 0.631123571600261 0.532123179950556 0.785548596389571 0.688001042100921
0.503900641960763 0.431889621111308 0.668140019191701 0.696150667934188 0.58925381881173 0.716118280467254 0.591464906687799 0.579382950935907 0.66850080929128 0.783475103590486 0.447955573304658 0.533882183499372 0.546891651156549 0.668751822020216 0.744239320734829 1 0.366330796038094 0.341419703585376 0.458749893684 0.529220126199925 0.322296386349642 0.0514263106454635 0.749057664630645 0.778293076482124 0.517502464631079 0.704965556382862 0.410023044643046 0.286318673015346 0.428565564356972 0.511136772581509 0.634572102450109 0.736954081603529 0.533213605552049 0.550813706948447 0.377200560890451 0.408496113079518 0.392797195864978 0.32879551501238 0.508027889932903 0.370421329370977 0.109482551986535 0.263373428438716 0.530865005842103 0.494181046642955 0.493259618226647 0.4264552235195 0.397274185315111 0.404072037070141 0.346576701609444 0.346377849097164 0.442701918539092 0.475635391843223 0.498639068301222 0.438307304412713 0.526359585891926 0.539690485114067 0.461024088065013 0.448009732298147 0.524242272872501 0.44467064534264 0.659658916159535 0.489522987731277 0.557189744243232 0.444322727998584 0.638654290075347 0.714754204531567 0.504435146748416 0.48126728401427 0.420929919899786 0.457856076782879 0.525155601717163 0.492143355959094 0.231161840301746 0.350071671244093 0.368831784201391 0.187382732120943 0.425318785484144 0.538591528325102 0.358410714749129 0.392131404013066 0.430132203324071 0.436941222394075 0.558216382891364 0.421929739248219 0.639468083508489 0.699745608848745 0.468318220717663 0.602284156251959 0.633715077323822 0.683041925135291
0.771871736976721 0.776910671798959 0.402448663175444 0.319042860978556 0.192463210092021 0.240156067205031 0.367590955140666 0.353872540538349 0.327484181763872 0.308114810640187 0.577062719105431 0.587384074016813 0.559305367333397 0.630099951930819 0.430194774937034 0.366330796038094 1 0.90969524077665 0.558839116112691 0.42686789855081 0.301287159001182 0.186149831461549 0.379477214043432 0.290589492442903 0.436179387200736 0.430085809925645 0.324584991337983 0.221330718052255 0.717458337241555 0.723169576960477 0.48117325552295 0.44376909363699 0.500926770665465 0.473206716212801 0.216796293785389 0.0846544213486331 0.426082995892517 0.41005965633973 0.691211772978573 0.573008383160767 0.408369240452856 0.407656828278622 0.725148759448583 0.713041826477189 0.675312417800505 0.723852353655258 0.772425472764806 0.790465424197874 0.567799671089093 0.528281469909731 0.477601572134487 0.537706041226111 0.512257808722297 0.508489641746699 0.782850934313513 0.753075825678906 0.841544298457044 0.774952239748671 0.42770983289147 0.407204315458593 0.524638401595749 0.455201733855917 0.644828918546247 0.500092081846728 0.401202267095121 0.336453024072226 0.330629825520702 0.334289618517402 0.588817622787946 0.567687140165655 0.206925480153507 0.279069170933814 0.421827261883117 0.410797663107169 0.334529874728482 0.0481330344571355 0.123833275382424 0.237349623439582 0.748420132656511 0.828574641786386 0.852065289423308 0.841720385916172 0.637392272666403 0.690408891630952 0.656248205384119 0.679187885432444 0.346620395685355 0.543059268299419 0.561284047773253 0.479344072381078
0.777958825475632 0.821577502742776 0.390896467346578 0.3364760786938 0.189926925057641 0.243279012932116 0.344397167602049 0.361551941625555 0.330264776119282 0.274232355266456 0.543532519512563 0.612065316889775 0.521197553181514 0.604385452311848 0.397134438862643 0.341419703585376 0.90969524077665 1 0.610094853284782 0.516760945040944 0.258701370647745 0.157571218327419 0.354554199508279 0.259805745580964 0.381685965440065 0.385492472484437 0.277538763340241 0.154243696322265 0.727224442653668 0.767412547939938 0.465951601162651 0.412839015851394 0.515801370005721 0.503737932333993 0.175484501166351 0.0693570289920894 0.396734870357806 0.433544004058308 0.648869281501254 0.581718924801115 0.443484599574304 0.431680173626393 0.662913544876557 0.67076482711117 0.664056408024558 0.730303834495432 0.72274438466322 0.771721600476258 0.582903103460515 0.544087440634221 0.483235329757267 0.546504610709871 0.508696176373293 0.519817358006293 0.754674514712964 0.766026084953949 0.820936377484471 0.78040763263669 0.433899140730156 0.43491889742699 0.514075076630972 0.466618539274336 0.638353843408468 0.543967187143656 0.339387585622326 0.27714601048247 0.320575304794172 0.360630751597982 0.572814527020352 0.593052647486552 0.267443279353145 0.340162120438181 0.505998887083031 0.512447788858895 0.400019751490583 0.110310502337606 0.0800001768855923 0.246214741869221 0.72046981342307 0.82472242789342 0.827742022786083 0.843996649219942 0.625448928290983 0.679926205233397 0.639435906683806 0.660615337673012 0.333189560110091 0.515994653095682 0.539271522869253 0.478059735668426
0.801645352074443 0.754871610123195 0.680325517177311 0.641219939191959 0.388829097883777 0.534646857538008 0.593256676979672 0.57278906212617 0.527911896394198 0.472130028883726 0.71972726936794 0.564835311253544 0.665932387441502 0.594060773444047 0.557911960730784 0.458749893684 0.558839116112691 0.610094853284782 1 0.842998783003785 0.255143527755884 0.159407593486615 0.578183328251223 0.53805054609634 0.37064913566215 0.397574055742659 0.228756697380084 0.104238525388566 0.435333908736501 0.626654212826584 0.522862975111252 0.479930355433163 0.670989169358964 0.630974548332643 0.373601826432537 0.382457758596513 0.51792933984076 0.419152431372516 0.546772124204372 0.37934820372975 0.401894652409068 0.403206559480961 0.556909788532522 0.569588712437681 0.649922151607408 0.657239885623092 0.585801449622016 0.598923799374818 0.642670352560139 0.665570302005366 0.688911236961802 0.721568872992375 0.650328150037187 0.577132327192671 0.651423044945814 0.71485488982198 0.656869216818546 0.671974176699818 0.739682717187156 0.683205722578023 0.669730062409805 0.493000816032402 0.582166612011707 0.518049884766115 0.53695289979763 0.443035340938377 0.604303222605598 0.614733478239969 0.705919657669066 0.715951578206974 0.651882305794773 0.673127938180358 0.547380983934661 0.559401597331336 0.355920904980204 0.256011004067396 0.436612426348976 0.223614120344969 0.416686280141059 0.470617384121299 0.599293216863184 0.615940686577848 0.612566723566557 0.667928262275967 0.762823747817126 0.70994284412314 0.380447135622596 0.390163592319484 0.69292207634875 0.691093130199378
0.667702811729785 0.692734561971475 0.680976372909212 0.75292686314587 0.4913525205031 0.620284177941984 0.559749315005459 0.647338871729979 0.586766657651426 0.581165374077299 0.531655058582236 0.543544821630526 0.473246461786324 0.540433793229798 0.541757457126096 0.529220126199925 0.42686789855081 0.516760945040944 0.842998783003785 1 0.18673270527695 0.159739682104015 0.576924143632147 0.629072177137963 0.393549835884409 0.427782794483615 0.246880339641516 0.0993458686829397 0.391763748963324 0.618873706521034 0.531233794170359 0.51361524969892 0.728331920075556 0.71662165146239 0.367951951016355 0.483844525813765 0.465327774197332 0.392682741094713 0.441943262858776 0.273398815621026 0.390707645266189 0.31075472760974 0.52271622316197 0.554475256645269 0.63753608022608 0.630345362157108 0.521038987254744 0.546811331992679 0.664116372259207 0.686887677592519 0.730759065055556 0.738037513012881 0.709138144241343 0.592692603423035 0.627908370296666 0.658386954160001 0.528088254091973 0.546932938871945 0.75384009667266 0.773203413505003 0.596828431788096 0.479515135152714 0.530688985809469 0.567780508243401 0.471802470214094 0.496110745181651 0.66509602413051 0.700336679800909 0.71734896346027 0.784107799817525 0.735841914042589 0.726249856083486 0.53654554856357 0.591412489057641 0.383730140493805 0.246745645323961 0.480017628271267 0.354356193954849 0.290623586221682 0.353179318980275 0.531865849630158 0.497911694500834 0.583604284296482 0.589995155682302 0.696866574416908 0.666769784139838 0.402554776561836 0.34546492057084 0.663893793860215 0.741773354665667
0.31610371558525 0.271388598977425 0.374829017773858 0.193317797960895 0.146954043184521 0.204788588130798 0.216596893097459 0.121918491015688 0.212496845706687 0.185043521753899 0.211945305267166 0.146395751160997 0.240024648688709 0.181212113714593 0.336065668634345 0.322296386349642 0.301287159001182 0.258701370647745 0.255143527755884 0.18673270527695 1 0.134669580269605 0.39039946893948 0.373638200758258 0.517983025396044 0.440740442272384 0.338838871802184 0.198046818854306 0.284375209277872 0.248081307363212 0.420644053281075 0.356095591232795 0.311745029533668 0.272399591622194 0.351462391031352 0.203945536973825 0.325788980363586 0.380311438553231 0.387271944839177 0.392819312260639 0.143461379562177 0.309349337267573 0.275623188921461 0.241103531408153 0.288212816357771 0.270431069873634 0.310659479720628 0.32616740418304 0.184542172546341 0.182692566471881 0.17976808690038 0.208699012621541 0.215624568927458 0.0930382905651333 0.335234427311988 0.348141107000311 0.358960914873575 0.316196469500271 0.24278476355094 0.216884640786216 0.285927742666232 0.177218622862893 0.354425903330686 0.129974504856362 0.395854542993515 0.16626130990184 0.291521884122229 0.262167534886308 0.202656277347628 0.238264027516493 0.164348881649848 0.172390004854941 0.182241110653593 0.105155798816408 0.243545182310744 -0.0542821300074461 0.142044490145691 0.267881231433319 0.253504933228058 0.221291491438666 0.336735064437431 0.336747804952919 0.531816407625317 0.366094888544796 0.37212372434975 0.374510897754883 0.374931526696371 0.422006212199238 0.355240059187256 0.269716533708142
0.136566246445534 0.164502195353111 0.116160774436374 0.102524998286369 0.0193304400196187 0.0471446374193505 0.114052987194996 0.128377907558974 0.134702741360987 0.116852488643114 0.0952878703894419 0.115782322131431 0.0980163484626585 0.0740193665098263 0.147656572594706 0.0514263106454635 0.186149831461549 0.157571218327419 0.159407593486615 0.159739682104015 0.134669580269605 1 0.0813521487136274 0.117324104564118 0.202067187747914 0.195073896070091 0.354346368267362 0.332212543116301 0.185182842557723 0.224773176426604 0.196274358659867 0.183827529319713 0.305812790773975 0.259756732483664 0.164583928937687 0.198647099812184 0.162015553979826 0.309587374225663 0.209100359648089 0.135930331208937 0.212030864104987 0.134933052299902 0.149082963897904 0.162299880275384 0.185949342284736 0.203050621535766 0.0740622146163048 0.142427861379794 0.141223703955172 0.182640371001772 0.16744868880614 0.233566981273656 0.241737140529338 0.241832612069772 0.239603471606587 0.176565832694948 0.129349141146192 0.0886944434776445 0.13824353297318 0.147505736138192 0.132235103691211 0.0694693204656459 0.132246456884139 0.191117205540285 0.212865621482563 0.121981072762405 0.22036713339762 0.226556748942966 0.148661137421539 0.201188378378829 0.134859396396581 0.0630212664866216 0.159055366758329 0.0679526786899101 0.224516024104125 0.0281190904725372 0.21499167136434 0.138657868029534 0.171004070714133 0.157778625042796 0.195938684195522 0.15193196956474 0.213203361145525 0.155702826120675 0.223807627084189 0.213199985398755 0.270939786907206 0.108018432888504 0.325532663649076 0.26027155954641
0.59890391369478 0.500426830332832 0.905343428793967 0.706135065472092 0.613098742634815 0.636519610335727 0.737943963523002 0.501570614054654 0.741204152298271 0.592717947517614 0.495531364420281 0.377038264818393 0.701509377676679 0.497483180286144 0.846579814755011 0.749057664630645 0.379477214043432 0.354554199508279 0.578183328251223 0.576924143632147 0.39039946893948 0.0813521487136274 1 0.852344740398524 0.663217135149593 0.765643060082443 0.479794922675801 0.291731131156591 0.364420770697316 0.408983387405021 0.744856824548931 0.693578430630417 0.628808675914086 0.546359915692826 0.611019637753009 0.510426520914964 0.527862503844695 0.401053265963176 0.534847340848343 0.309763369676722 0.261784980566036 0.302090665428298 0.556404252406803 0.510876306561305 0.545431908721163 0.460001502296187 0.451121018871176 0.456030256153961 0.389732846824754 0.465106353361691 0.515647915468615 0.544089012173364 0.568466088929845 0.45556793876818 0.560583322587367 0.556743684954901 0.515820172191552 0.562732861448781 0.702144110987984 0.536301001238052 0.765110021960863 0.355190445890278 0.551754006459201 0.320677454010144 0.823753434071575 0.632489329864271 0.636177407315016 0.523806792643785 0.619341941691671 0.608286290366084 0.610638717957467 0.553607289798842 0.283759828980455 0.404196992124152 0.360300803373332 0.232584864269074 0.494678342258019 0.441836083351893 0.346494059595731 0.379642081827517 0.451517625934738 0.478798570517316 0.66252606873874 0.570293159641036 0.763581042846416 0.703474585581874 0.591977988205012 0.563705080636853 0.760121218190754 0.737915936938831
0.508238761390451 0.429844118220055 0.848445574044584 0.863471950360557 0.656776221550159 0.751755709556656 0.705777858031189 0.691433277929317 0.626287805145345 0.722241362128234 0.418794735046626 0.477376080983372 0.526281911953788 0.585676211943898 0.66268042688677 0.778293076482124 0.290589492442903 0.259805745580964 0.53805054609634 0.629072177137963 0.373638200758258 0.117324104564118 0.852344740398524 1 0.600201455895024 0.800706342477678 0.328137913687917 0.227683946860248 0.303898555907905 0.424798755526458 0.689050133525953 0.77949302632739 0.692675528069851 0.683374621092317 0.636788144181989 0.68038438261503 0.519712257589895 0.505747493951157 0.521037183595759 0.319990851619084 0.209752860950089 0.295957112894972 0.559681282758154 0.507141657820789 0.569115755705911 0.468476352493601 0.414113622305392 0.420331315714803 0.43120240134811 0.483088825500582 0.596540283779046 0.614387111411877 0.598486499874804 0.484863347651865 0.540685650191445 0.519823504955614 0.414129833630332 0.466618716096323 0.69751530454168 0.632364300335102 0.716545445011861 0.529388745537089 0.533494744267551 0.440005839640802 0.780523972088937 0.807807625476614 0.737342153574739 0.706833169356479 0.522425159723352 0.554761812928812 0.642034598424654 0.598112817463445 0.328766070622269 0.420531421226363 0.32063698685777 0.233951118865785 0.583632929343073 0.455553913671164 0.306009192920246 0.305675192964119 0.429890884089864 0.453382976401494 0.581371614353239 0.536690640205728 0.719364755715917 0.760664366162644 0.469516964356748 0.554784174241794 0.712100697631112 0.780545646974364
0.473046049002776 0.380246789310553 0.636223157036497 0.400442823851889 0.406437080639261 0.491906561072797 0.526300525661061 0.304116530950675 0.580305224999556 0.408284769114992 0.289445114210406 0.243474952460394 0.425316079438546 0.302751321059502 0.587353985413007 0.517502464631079 0.436179387200736 0.381685965440065 0.37064913566215 0.393549835884409 0.517983025396044 0.202067187747914 0.663217135149593 0.600201455895024 1 0.779810900190133 0.54889221031786 0.353066985305512 0.400833058450756 0.35817709365296 0.647238440021282 0.534377608338286 0.51375817183653 0.455306596144289 0.596926529611684 0.424326718428604 0.442805684558597 0.466662482387415 0.512803842100567 0.358837323722632 0.233091312787352 0.255318159209219 0.504804484730577 0.441041169859534 0.495588946302776 0.402185843236338 0.439475558556528 0.457028830666079 0.34246459456054 0.349346303554722 0.406416360997049 0.418635029295897 0.442041505580611 0.341167456860702 0.523522724963516 0.492479369777181 0.484686090673711 0.435554783100042 0.509084113751113 0.368467133701112 0.568537534706337 0.275556771931503 0.455844081847052 0.2246688400058 0.71528676256422 0.427480446151408 0.581447471890566 0.463751736553454 0.417162009996434 0.445266591181327 0.330201703011926 0.298252353020741 0.274806357109148 0.331219696034935 0.279324434970705 0.0229873387308535 0.252553901767729 0.404055180965189 0.411249249104235 0.409416842408931 0.47611176981861 0.474353852303265 0.606995432748779 0.434305790999779 0.637725472057095 0.588551869514772 0.512878059004612 0.533641499953536 0.626493875976833 0.506417807825253
