1 0.823061435807976 0.767128120850319 0.69312146059809 0.574729068705037 0.565154087865675 0.771846843801139 0.679810847689598 0.626698293840899 0.527973060720839 0.69927218949908 0.69131574909801 0.641217689833289 0.54035581404131 0.611645132607475 0.515600041746821 0.760223322454363 0.763702506697479 0.895250808190002 0.797700908229786 0.436149864302789 0.0571199564498894 0.746169425952622 0.63243677279828 0.591493700360068 0.644026762217858 0.268658910951302 0.213290896487721 0.682809432200713 0.623586331020879 0.713817111168852 0.671119871477542 0.7405367905412 0.639908936239822 0.399282159700015 0.3627509602034 0.326512713746423 0.202947076178418 0.559148484937197 0.523934248502824 0.0902893305790636 -0.043961210421889 0.662014194620907 0.662560103816646 0.599270804934375 0.661463126900226 0.548218107452778 0.653070399963028 0.563919088733985 0.536376072258364 0.645484048370291 0.456618106718818 0.566075039764803 0.598772998000927 0.682761817559112 0.684200309300635 0.886438668468514 0.798318238495722 0.66173217832945 0.567929426829421 0.746914629897255 0.466354322347787 0.716597142695398 0.712035829924273 0.64446240286327 0.553683207899617 0.750262348658485 0.694004701427477 0.541250674956489 0.555289982577666 0.72026774678118 0.644653189141119 0.708764782204235 0.633335931078204 0.456560449138119 0.460737655529247 0.455694571244742 0.668345208375685 0.607551461055421 0.752994869471694 0.75605343404095 0.724760322629608 0.53769826685074 0.586863979727669 0.740591614151395 0.554440788621024 0.329985889595595 0.311963331736427 0.621069165506577 0.551769290063958
0.823061435807976 1 0.730028741386395 0.74618464971379 0.558884640648014 0.564721925586922 0.704573813397486 0.713797434330556 0.63099041478369 0.634660810656576 0.648639472838463 0.746611989373695 0.590683279787766 0.594390428967314 0.645927788909186 0.571261834255703 0.662010066512816 0.849002803350643 0.84096498071764 0.855423630893719 0.385402039488672 0.0726292044002121 0.742134922141434 0.671804254071062 0.594349879943695 0.638208857884443 0.236659508769389 0.206198896087182 0.655211755334043 0.721656188763027 0.704356997782469 0.64092122378093 0.646170284870392 0.581200980248701 0.328484540304097 0.298618898097086 0.186862638752056 0.0999227248285876 0.579947498058437 0.529315857833178 -0.0434955092664741 -0.125109182821599 0.60152602465237 0.676289183649224 0.561487825011123 0.622938223182519 0.477170373235425 0.625465921471869 0.532948214264423 0.486029057828944 0.632139655167359 0.437279885405048 0.553509637321683 0.588104775241514 0.576614991506097 0.67088003757226 0.785390577095723 0.918142965826574 0.586618579255992 0.608401443005957 0.636906647635714 0.468623520037024 0.629453745959588 0.728537368071513 0.604160296532126 0.531128448514158 0.688116752624156 0.663280690382057 0.505969711759809 0.604857137950377 0.767898453785172 0.669942291539125 0.696911825098448 0.694596348694953 0.404895886710942 0.50831223972478 0.358485578168078 0.682642657901682 0.515477040607726 0.716180684395807 0.671168911441113 0.784320537873044 0.550645381114666 0.602989105778518 0.708557275239546 0.578967596015143 0.445391002374907 0.41708580411125 0.523758022640822 0.611729138095559
0.767128120850319 0.730028741386395 1 0.809748797642335 0.778098348857211 0.506150806617354 0.87872844702032 0.708027391349449 0.784456548627265 0.58704246431206 0.680178846616456 0.514682105833059 0.698411010611671 0.509077041792579 0.789993544863948 0.60195622327524 0.439645797459524 0.54348458900813 0.774539109458459 0.668609036472216 0.479050868787175 0.0823060675656564 0.931846812302529 0.778882023433376 0.636559127767954 0.736717165159461 0.183396330428711 0.337591694485149 0.510921449930812 0.483884655793392 0.803399716145107 0.73264722110262 0.740579589557464 0.594703689501358 0.478627935548514 0.35275748416393 0.348903820227035 0.250077789884531 0.611522093554448 0.575810687742072 0.0805079511529967 -0.00808140918866515 0.557856876859669 0.524944798522253 0.569817059631909 0.556586370092953 0.391283808284992 0.517476475684901 0.477526744128232 0.504926645095965 0.608782573334855 0.444211203620116 0.552717828014 0.585686733298625 0.706187465667659 0.628265848302504 0.601009059638468 0.726649312649734 0.688372439292902 0.555297781192389 0.725908212366471 0.544698603914782 0.453598030994153 0.54791523298735 0.872732497784603 0.768600820565494 0.823765179759614 0.685315912739799 0.529373631317051 0.606095654509898 0.755756557757075 0.709098949915852 0.537853519405721 0.494567311746055 0.227081798031569 0.275577160187074 0.436821088470105 0.6290450381511 0.451996607760535 0.61741559828728 0.529266869452318 0.648641189118683 0.483956776061509 0.487152477826855 0.818781226651639 0.696208816031306 0.400110600710128 0.596423647891016 0.794356228678089 0.717301637429338
0.69312146059809 0.74618464971379 0.809748797642335 1 0.649840281270915 0.750106520909233 0.772980496037394 0.914152301889018 0.720670167585308 0.783340119052996 0.636716760447748 0.740543922141377 0.615832666994483 0.761838457636382 0.723517482854471 0.807671288463293 0.473733049854753 0.607382917436912 0.698927293075484 0.752470358795266 0.481259196828608 -0.0356541138450096 0.836274298975453 0.908727471138461 0.48279259662368 0.653278854306247 0.252947814684667 0.308283232131414 0.625413980357205 0.703550385109949 0.712393997246334 0.782926777173327 0.614169534934599 0.587260376101679 0.437689864793243 0.38639603158673 0.174053745708879 0.0899858969669779 0.660683932017281 0.587468533492292 -0.0427767796674475 -0.158258834506618 0.59019379124231 0.626430512205167 0.574213132977859 0.630135260642064 0.484813228198385 0.622000941204394 0.56230459995498 0.540674787782102 0.675413793320697 0.557585165965372 0.657031190705269 0.700823000346295 0.653652274675206 0.735666825418584 0.571035392336978 0.674160263085695 0.67307187418213 0.634753019311764 0.732296824855302 0.752606463281879 0.518730017697442 0.757676491781213 0.76216981059092 0.837011348528317 0.763859299439677 0.784506350514879 0.410628909766799 0.542083652697257 0.794219650275021 0.737849184690083 0.646993622632998 0.661157692166979 0.372833591959238 0.439017931916247 0.317790288979338 0.74975306257452 0.402683226766853 0.670136634084691 0.500895772419259 0.725225381299075 0.473315862595301 0.547286651878169 0.736813488231658 0.811789755568756 0.491560875056004 0.613807874706815 0.671408280215046 0.799179804232141
0.574729068705037 0.558884640648014 0.778098348857211 0.649840281270915 1 0.503951091193687 0.724094758562031 0.618218923273345 0.720655788777369 0.568435937585353 0.591887232097634 0.466144632146872 0.599502392111736 0.494661952774502 0.660077601987349 0.535785792928452 0.367469550324918 0.426628591170752 0.607777154637619 0.59446251761857 0.456936435499809 0.065531409325278 0.73391595674688 0.619317606571831 0.566555403537928 0.641797480462867 0.242296770471509 0.387605425119975 0.47024608162017 0.446300805263621 0.642106829976474 0.575823649133316 0.58878985530477 0.445410721599063 0.420501704607378 0.271347705904486 0.294904337220245 0.121428325176972 0.548522408129976 0.506673136332228 -0.0051103860148954 -0.0521328866843603 0.480511853639326 0.468622210277526 0.480976382863519 0.472533257084674 0.30532003776639 0.444899447926075 0.41357160695391 0.434254850285671 0.544514275102485 0.367093654444301 0.441540064224202 0.4723472115468 0.605321854833143 0.533237699336392 0.446052154561548 0.560845069314436 0.609799981813198 0.4619792563983 0.64513767161313 0.531659773780857 0.436101382872675 0.486415627040098 0.698171582322777 0.660068906371102 0.731030559247266 0.60321315760176 0.470896015619153 0.545995381673211 0.643608429183109 0.623015831940863 0.427581393072504 0.426627730456971 0.242014151421727 0.227107715233542 0.32625792695351 0.504373410908835 0.346880218664888 0.527607399857671 0.438715766767424 0.555685942671349 0.376939972806495 0.369445945213358 0.667616992519942 0.595520495145234 0.307517503131218 0.4245665615795 0.631161454870677 0.609371804413738
0.565154087865675 0.564721925586922 0.506150806617354 0.750106520909233 0.503951091193687 1 0.559952147865173 0.786480387892707 0.579761772997316 0.744176878552205 0.525495991332438 0.740205543372054 0.475194813746468 0.720432647558819 0.486920708997713 0.730968691400754 0.485786838158524 0.503505603620989 0.510281332390673 0.643133581209583 0.348993105100429 0.0348083796765822 0.536004854671135 0.673333743101028 0.366511576784792 0.446210049823288 0.327124065452724 0.325621789627488 0.53961227984169 0.545991018124235 0.502010031396587 0.606233527267046 0.491101257208129 0.544132973373101 0.262627102643279 0.279436664501771 0.227488787435601 0.116663130115861 0.384138902110706 0.417360682690252 0.0690665279779341 -0.107427127894858 0.55506428939102 0.511539083132737 0.48278322182247 0.538171703056678 0.462659873694822 0.532958318895311 0.533414154130298 0.524401233221942 0.582496827841061 0.552953761356212 0.549609991373781 0.606534824351206 0.531635982635712 0.599221080412373 0.451427798936922 0.505631207320626 0.583793342179286 0.530352028210027 0.607671174160404 0.752094097987244 0.534708547831454 0.687768897160078 0.47097248426646 0.652693459754332 0.581285997580984 0.637666547122976 0.318948840841232 0.411354087341277 0.629899491989746 0.688971840015611 0.522869509028446 0.580520503092628 0.405058659646948 0.499703894586485 0.425254879692243 0.650648765590591 0.411734744517864 0.573098386911765 0.500184876531372 0.514771903604217 0.378231342630496 0.51669996409997 0.508990812212075 0.581702795639339 0.252175769858608 0.334672553681955 0.479175683688392 0.525010235611061
0.771846843801139 0.704573813397486 0.87872844702032 0.772980496037394 0.724094758562031 0.559952147865173 1 0.815729101195789 0.810892777618194 0.679956689950963 0.773175211267097 0.690463760374151 0.815885023168794 0.650952865678216 0.692984214348935 0.596969101159407 0.5281674647139 0.563197820096075 0.767943510076497 0.703322277770431 0.428339495409032 0.0232908855236143 0.794497261541756 0.646378300696692 0.526984581773712 0.634237098348831 0.0905095636229887 0.204022351552821 0.631698062510267 0.59338515911845 0.756690340963859 0.659775259022444 0.654874521621699 0.556881227839955 0.401196716283589 0.249311699896321 0.285341102242702 0.128708507153237 0.620579207694172 0.605451137669002 0.0300672254831312 -0.0404813176526671 0.634013345006075 0.65774724328785 0.625328573846595 0.674710068817383 0.519175457939653 0.65864822701879 0.593184112931154 0.608239687134291 0.686727768416754 0.552027870797802 0.609908749840778 0.65763733540151 0.709822025534765 0.726679175273548 0.600483572492265 0.67110742068109 0.806909347172711 0.636388089936859 0.90334019972998 0.684397944404477 0.56742148148475 0.6653638937078 0.686721857897915 0.711633318151147 0.807242923140904 0.717536629353154 0.500814353870761 0.588852891333853 0.77475586462882 0.745661405066995 0.629101653726323 0.577045027408654 0.36231534461028 0.393637515841414 0.401775479761116 0.64669107737644 0.373158835477119 0.620137647731313 0.526922579452319 0.641550910836818 0.463236780014475 0.467975676560697 0.7179881462847 0.682280178280278 0.387251111631345 0.417238505800401 0.770256841671131 0.691327557598739
0.679810847689598 0.713797434330556 0.708027391349449 0.914152301889018 0.618218923273345 0.786480387892707 0.815729101195789 1 0.694950001514164 0.850053923252907 0.673035959207898 0.844195626252627 0.659024178017753 0.842391277001993 0.613999343299772 0.771034553266535 0.532399901203309 0.604926739976563 0.69295411926519 0.773102978003975 0.456611176883279 -0.0624508575057445 0.726901052943564 0.790579143714411 0.426154350003129 0.583185432343481 0.18523118892479 0.218598319476301 0.68403119534341 0.75697946911418 0.694295926047673 0.752269583499551 0.585593339925247 0.598670144397013 0.367478821194913 0.353503884687519 0.205754308446889 0.0940188223848408 0.612347038937742 0.614840964721433 -0.0221465932266457 -0.118054714015652 0.698535156090189 0.737463980790817 0.663786546434791 0.744852144144446 0.615428498553877 0.733323273791577 0.683833638313959 0.662365715846074 0.753559719537071 0.663507451462664 0.712751751029278 0.748436697381035 0.687298810322391 0.802224315667709 0.554451559448997 0.644905279093898 0.772381995405513 0.713888258421335 0.825452169087658 0.865937896538233 0.617949594359829 0.847955658969864 0.613257242066309 0.781539665831604 0.78561088963732 0.828128394292164 0.453869718765852 0.582036801157253 0.80572782917366 0.773277258829861 0.688424445550747 0.68532938138753 0.475345871423426 0.483617794506305 0.351490404148522 0.749693482988325 0.379087459175081 0.642014791077768 0.532904666679167 0.716719168066107 0.452091408130868 0.544291230264783 0.663911327806369 0.773278773187559 0.412997909555341 0.448534987388849 0.637700348353124 0.753496057699636
0.626698293840899 0.63099041478369 0.784456548627265 0.720670167585308 0.720655788777369 0.579761772997316 0.810892777618194 0.694950001514164 1 0.700183929921162 0.606400882682151 0.575679145722223 0.724301469937761 0.605667539237873 0.773250803715639 0.68692468577812 0.431949973952447 0.439685449814506 0.604605420224331 0.604586069540051 0.396932601736031 0.0831930106928049 0.777909275354194 0.675833828890279 0.602180830371765 0.674636472122315 0.210535384743262 0.326931172696759 0.564442121194835 0.490330475719343 0.745425742182685 0.638712485751866 0.601318855791798 0.544387175169041 0.360044773244895 0.249726214051539 0.313375088729368 0.172076180245338 0.546358157054869 0.511733687023336 0.0687937753044119 -0.0559775667208002 0.513264395228547 0.536507750388475 0.508923175761584 0.516798216900068 0.393389800699767 0.547050411565626 0.478161894804337 0.526802974122591 0.578493833200779 0.514327281368056 0.498285512349487 0.578423641909825 0.642253891847007 0.599075925659367 0.467088783992332 0.563971065519299 0.633771563327355 0.513677018408347 0.678862420197772 0.611447779219155 0.442216253396307 0.535240167224049 0.678396767050881 0.671042525791838 0.670072344219013 0.596732271165307 0.361352043043502 0.510859492989183 0.726045497601909 0.733835170986775 0.477270051625832 0.489112898083049 0.227148424699563 0.375131553538298 0.430082489552093 0.681227748511329 0.364603238618706 0.558042880490495 0.502374928756046 0.538304087937524 0.397872679853925 0.402261265282166 0.687982782972263 0.599092127039956 0.383153117105994 0.503112816401234 0.739692544987362 0.625491625461257
0.527973060720839 0.634660810656576 0.58704246431206 0.783340119052996 0.568435937585353 0.744176878552205 0.679956689950963 0.850053923252907 0.700183929921162 1 0.583265783025537 0.748298520933507 0.621763017314814 0.794164754545604 0.622185389042937 0.797687521594014 0.410561355259634 0.511648533900505 0.565819696429398 0.65984161243319 0.407361065230466 0.00188270805117243 0.646089055769583 0.698592494852042 0.464564820063736 0.572950835182132 0.257743383295449 0.218634954329202 0.616936194735874 0.661035587269949 0.565385660970697 0.591007784569455 0.410011741412024 0.397855300825777 0.288851545600463 0.190366948396517 0.0904038343119693 -0.0159254674028922 0.57161894515537 0.540753784838375 -0.124867143305934 -0.257988747165351 0.517177321705166 0.590937101605688 0.468189701333487 0.555721067194666 0.434400578274118 0.573950904442387 0.523172057702117 0.484704147478892 0.614594510062273 0.521514625436046 0.576038050886586 0.614965672798702 0.554653100504785 0.669055188330736 0.435495813297174 0.513760833598369 0.595454575845904 0.553106902920184 0.645247234543034 0.755755852402386 0.469207836838065 0.675464481940237 0.525578837247801 0.652727022340666 0.597925032070902 0.640684324322851 0.340718895040459 0.430566276459373 0.70723957312774 0.710910734317068 0.597375831978162 0.658327328320055 0.459978561618509 0.448121609356664 0.249209127863331 0.666300384109784 0.224349592586672 0.558283039486291 0.404325645613006 0.610380619551433 0.456074838273868 0.48950893676672 0.542155394723009 0.668394586662296 0.444249000726667 0.463960929306323 0.554608288890167 0.686352200959993
0.69927218949908 0.648639472838463 0.680178846616456 0.636716760447748 0.591887232097634 0.525495991332438 0.773175211267097 0.673035959207898 0.606400882682151 0.583265783025537 1 0.69384738836349 0.856632781442808 0.756203801127963 0.746947994147139 0.631052489669721 0.561397860416337 0.502326324238152 0.717129374308046 0.675459111299645 0.353752700399122 0.00283737130578131 0.669197547894047 0.552692808991268 0.443381228906519 0.529379968025088 0.0119861266688649 0.0638451658268101 0.724362139528495 0.618027462698761 0.555505543250706 0.529296265752866 0.432149754386745 0.34738606158637 0.405598878282036 0.0444400228510135 0.11338709471808 -0.0579518173965671 0.659564035883857 0.565088102466177 -0.0569520586326092 -0.117372229066051 0.524853388464444 0.540506962646398 0.456328835919449 0.504847682089101 0.426032063552585 0.548623373954872 0.496665291233756 0.470129172650963 0.591735302567738 0.424230301213763 0.48083416276141 0.5800945145091 0.572081631820468 0.622930571075175 0.526461519335253 0.53527731972508 0.621963690597954 0.448001106133954 0.721263419116196 0.539680645943427 0.580628570795284 0.589441836004198 0.499589978220082 0.465896637927719 0.6036905819001 0.484330269608464 0.430187590024112 0.453443390082219 0.701808599235059 0.717693365721227 0.57222324261826 0.645830581127751 0.39522664872563 0.421064372743071 0.265408449769756 0.496918890458139 0.326167106295306 0.636438986500938 0.532779831476277 0.638849087536421 0.60895973022723 0.446513919489322 0.711383143698676 0.535684368217212 0.487292893875036 0.258773593547295 0.553551557147373 0.526181770751968
0.69131574909801 0.746611989373695 0.514682105833059 0.740543922141377 0.466144632146872 0.740205543372054 0.690463760374151 0.844195626252627 0.575679145722223 0.748298520933507 0.69384738836349 1 0.635808099620905 0.862417702981785 0.514633044026105 0.700808012357224 0.639072478625727 0.691442175316621 0.699679713199331 0.811803852926217 0.400014401579963 -0.109845255496728 0.542694694789355 0.590679663225169 0.349821958982541 0.46134203964235 0.183026857000191 0.0810175046816384 0.757423502413581 0.815000243467307 0.558727064648789 0.589420408222394 0.435349941492515 0.472283558499156 0.244845296239608 0.187631478816881 0.0619924241719163 -0.0816601028315953 0.579261047242701 0.520387214877363 -0.0978844504446234 -0.224328094730127 0.670865366134609 0.749025935158796 0.579846023920713 0.709167794100911 0.60474885849749 0.722894381627106 0.686295123444299 0.583440160965217 0.716289328420623 0.589761520823234 0.605360353268928 0.652389167830451 0.5641438966997 0.771357262384008 0.59252585946444 0.614765915192654 0.681536025831121 0.65997218107051 0.753795640763488 0.696614834173922 0.71195631851127 0.862229623542808 0.366576663104767 0.509487539324167 0.613887175182938 0.67770537243769 0.342104155998584 0.466142680906015 0.718680323673272 0.67899254473995 0.725194866888583 0.757439157988396 0.534100704119355 0.646376719135525 0.270572161942119 0.672598246959927 0.33767871422496 0.637613551485498 0.541432964248097 0.685996523897534 0.488099988928907 0.530582548055011 0.533129148539229 0.6174497691137 0.41656005962838 0.264142876091857 0.442280541685952 0.59556395279566
0.641217689833289 0.590683279787766 0.698411010611671 0.615832666994483 0.599502392111736 0.475194813746468 0.815885023168794 0.659024178017753 0.724301469937761 0.621763017314814 0.856632781442808 0.635808099620905 1 0.745653814774175 0.81281838431178 0.684714538658419 0.472849602883102 0.401657464234483 0.639271617623251 0.622217545306637 0.376146822227779 0.0135186516401282 0.715399860931377 0.568289055797534 0.499326236339599 0.540869528653388 0.035654374128083 0.19253441974921 0.661816772276458 0.529460135409166 0.574270862214303 0.5124118326205 0.45382072939387 0.390453707801328 0.401547749101587 0.128612497284297 0.228680598698327 0.0155458242423704 0.632141065689598 0.532554300785468 0.0358861580518209 -0.0722264871369761 0.534221008054866 0.531872569127643 0.437656106474241 0.505987551706512 0.462760850369995 0.566253389977383 0.501571377537927 0.501794786166088 0.61553051007321 0.470322354882119 0.492272264638604 0.542535004851162 0.673693752065124 0.645824375081491 0.419165519696863 0.508667685794287 0.643179262365577 0.459809852455408 0.745463383147818 0.547159509276556 0.517390768731368 0.545438166625315 0.558840879957326 0.479110853582885 0.599059721466105 0.490902591002238 0.461975027419627 0.49137055833687 0.714892118277272 0.730772348661793 0.538470794668502 0.58128793290642 0.335251160751919 0.48105983003906 0.322423440350074 0.560117569394171 0.253141262295253 0.558518950857764 0.45605658207538 0.520066208156549 0.573487362415598 0.431382958649263 0.71345334849462 0.565650457975546 0.399811401315383 0.30922892266618 0.702740971886209 0.548268823497893
0.54035581404131 0.594390428967314 0.509077041792579 0.761838457636382 0.494661952774502 0.720432647558819 0.650952865678216 0.842391277001993 0.605667539237873 0.794164754545604 0.756203801127963 0.862417702981785 0.745653814774175 1 0.669598967371735 0.856524494364336 0.445235426653565 0.449813398117131 0.553917783169508 0.681881864436424 0.409050893688815 -0.137965897644883 0.571076297481271 0.65427336528013 0.355946119084288 0.474813065137925 0.154116330963469 0.113416716539155 0.723608943932943 0.742249384502001 0.504625436600658 0.564697941307705 0.329340804378601 0.361267007582166 0.337987489519453 0.181246054212515 0.0179025843743258 -0.123634666482677 0.637658459632733 0.572260264928687 -0.136730032175371 -0.227160194259905 0.560190612891611 0.619600339695782 0.468698329631827 0.571562587207748 0.505533009222123 0.638680542040427 0.581491598164034 0.524189923806325 0.659960757779359 0.561930860849944 0.579354898365485 0.635902165923491 0.572344372748771 0.720570399402467 0.396872572397435 0.448460841466153 0.616896350059917 0.543280542424471 0.699192603020692 0.747886441245862 0.574834792523767 0.763517899623791 0.427962987779412 0.556911405478352 0.581533113264742 0.626137289122213 0.316999784121183 0.40179207117879 0.710200577068848 0.709581714889053 0.625355189472195 0.700433575217035 0.507271311672327 0.568799736785695 0.187124137296376 0.650052383749191 0.215035085237828 0.554698371696398 0.417125250157892 0.656171720587931 0.487520163193069 0.465781548842347 0.600791995874299 0.701008472794526 0.474135996827823 0.314852677811637 0.48124442657741 0.642066587781467
0.611645132607475 0.645927788909186 0.789993544863948 0.723517482854471 0.660077601987349 0.486920708997713 0.692984214348935 0.613999343299772 0.773250803715639 0.622185389042937 0.746947994147139 0.514633044026105 0.81281838431178 0.669598967371735 1 0.791352278856875 0.402852530958722 0.422966214155489 0.621806817278427 0.59222572858563 0.448961356561349 0.0476682005432909 0.851908766514166 0.768776672377054 0.62522226322724 0.660848040840845 0.14044483691415 0.298593881079119 0.586161449634557 0.525480572087008 0.675356148628172 0.62407094797928 0.511276106115755 0.416814584072288 0.494867548217376 0.231414858645673 0.227783371822695 0.073044904441118 0.662865528393663 0.567380790225601 -0.00182474842997698 -0.108002901954571 0.446860180458621 0.458925700665403 0.410111850045088 0.41824518406597 0.334317417174951 0.472065987642214 0.401054431647099 0.408006463782461 0.547749020680204 0.401140202112231 0.491106524786727 0.545039064863513 0.627737278428053 0.587200850006245 0.448713592967628 0.553112789137918 0.507674573680604 0.391187897363496 0.544497957064244 0.45394597802462 0.39689050450294 0.492595956112539 0.76187706801717 0.593810562591253 0.623544664346085 0.506839853070806 0.404495466217972 0.482243517368513 0.741148022480437 0.727379393257198 0.482405156808767 0.559907070909613 0.210997658995646 0.391748223098328 0.312777675098011 0.605912521849973 0.346086069206962 0.589878668144679 0.467902447730327 0.60083117380442 0.595731102302524 0.4528261651581 0.833600396978075 0.652637571629139 0.534169376550969 0.585922118012033 0.694114665701467 0.653765439535279
0.515600041746821 0.571261834255703 0.60195622327524 0.807671288463293 0.535785792928452 0.730968691400754 0.596969101159407 0.771034553266535 0.68692468577812 0.797687521594014 0.631052489669721 0.700808012357224 0.684714538658419 0.856524494364336 0.791352278856875 1 0.393109742933079 0.407959445149847 0.495756774533524 0.604707457095608 0.435527464514166 -0.0767601327418156 0.716189629620473 0.812348206786772 0.492210743794166 0.577268119936201 0.274217961819414 0.290357163158001 0.653686460162249 0.643537976909193 0.598368520146493 0.666576397158871 0.424206977494371 0.416286128393663 0.416440098455231 0.253609267536995 0.126125232147527 -0.0300617665143775 0.625177870276623 0.547882375991347 -0.0758602566865921 -0.17385364482951 0.513090938460555 0.537822460680518 0.447262083458551 0.507311289611559 0.431663434342228 0.547820773193158 0.536224250106735 0.496281321257876 0.654315335752072 0.567640811758266 0.599268948853448 0.658761654902161 0.600943698523709 0.691401761516488 0.388046068536808 0.446804764317129 0.553339350359506 0.480044891098562 0.57575745263257 0.678145543496482 0.458393685185146 0.645470268251875 0.638573053160547 0.681054984376726 0.588841201135122 0.616188083213749 0.322895158921574 0.412594330061697 0.718339155701852 0.703924740494904 0.540116207752285 0.624033140948178 0.371382361280097 0.45901398136544 0.254143189658081 0.675089927807871 0.268087494718417 0.563921772355714 0.411631022933523 0.609182583361301 0.521200153076053 0.485087666946166 0.693436188253792 0.737501006519892 0.473890792034083 0.539515346884548 0.602720553764522 0.7169763042375
0.760223322454363 0.662010066512816 0.439645797459524 0.473733049854753 0.367469550324918 0.485786838158524 0.5281674647139 0.532399901203309 0.431949973952447 0.410561355259634 0.561397860416337 0.639072478625727 0.472849602883102 0.445235426653565 0.402852530958722 0.393109742933079 1 0.779015470170851 0.717610331381866 0.741431311331111 0.318672211600685 0.0677356957741101 0.505160828408905 0.42166410326968 0.289146667587454 0.33460274592525 0.0549911816069867 -0.00170794270505135 0.757070153736121 0.635021443804177 0.57718262293999 0.572882179348381 0.649571119360563 0.61444659621808 0.304002061233935 0.233410327111776 0.339481120015831 0.198433923514667 0.426428277183456 0.406664008652986 0.176305310738675 -0.00539167599937505 0.665487646076187 0.67849320856135 0.589410643472826 0.642727040963078 0.622042018477601 0.667394599099646 0.515316818306262 0.496560630538086 0.524983881663819 0.405014741372096 0.453751594044566 0.518624175301192 0.51606878145781 0.591826087106864 0.803989202478361 0.640958383366209 0.47394091021922 0.378962758461343 0.539424385727475 0.296114647788412 0.838976950971128 0.724881356156993 0.334569735294836 0.276772804191385 0.582158214437151 0.559554084881306 0.515255996627467 0.541384928505961 0.59290130677916 0.602303165748685 0.586508179877164 0.613144421166421 0.399201425387857 0.461961389227404 0.501163463477747 0.58191723604866 0.717360250578797 0.726869386656404 0.840649500572263 0.595486517228955 0.569564121234528 0.553490342607934 0.540583798974447 0.232100122215911 0.266638178365519 0.11013853460603 0.371818576221406 0.228549362213056
0.763702506697479 0.849002803350643 0.54348458900813 0.607382917436912 0.426628591170752 0.503505603620989 0.563197820096075 0.604926739976563 0.439685449814506 0.511648533900505 0.502326324238152 0.691442175316621 0.401657464234483 0.449813398117131 0.422966214155489 0.407959445149847 0.779015470170851 1 0.812452579287952 0.831997814529122 0.30935249860429 0.0414750718278163 0.58596754353463 0.52434654114669 0.424953853399665 0.456190161171437 0.190304437302857 0.124468375836433 0.642446636727986 0.745803480804819 0.578228903638564 0.544089099216303 0.623363438213252 0.554779082373537 0.297248094494687 0.262446695042358 0.120144804232087 0.0615278262010623 0.475727767298251 0.404854239493846 -0.0808391410769634 -0.211594892966338 0.539286658279977 0.640417607686899 0.466209371318543 0.572534134275567 0.439541621056393 0.562764117642272 0.399661553088633 0.338028143269126 0.484367422538043 0.285410485858339 0.44493603115644 0.49281430762651 0.414643367182158 0.546610579839371 0.821242004111318 0.82744783705042 0.435530439338285 0.464189005422118 0.541647876318681 0.320687785132051 0.713462559045836 0.767964219258981 0.451906372691583 0.398357088676047 0.597343937977396 0.615316689299551 0.471904712861013 0.562684447995566 0.611606127323656 0.512361781658867 0.725087513694116 0.674252192011632 0.458849920865411 0.541667375866854 0.30804824737796 0.591346387470982 0.561581479352585 0.753317563893916 0.701995112520681 0.738713749346728 0.462914505471129 0.58725784018628 0.539674445095522 0.423360916447922 0.35567167948457 0.272328328297339 0.314139044833096 0.438979891975737
0.895250808190002 0.84096498071764 0.774539109458459 0.698927293075484 0.607777154637619 0.510281332390673 0.767943510076497 0.69295411926519 0.604605420224331 0.565819696429398 0.717129374308046 0.699679713199331 0.639271617623251 0.553917783169508 0.621806817278427 0.495756774533524 0.717610331381866 0.812452579287952 1 0.888590401129416 0.46183037677659 0.0552889121398606 0.756054006292537 0.601708912252326 0.536095671458072 0.598892005759197 0.152347751163537 0.186316443307797 0.679556853028754 0.703309379192379 0.700868524143105 0.647153132795385 0.726806336352099 0.588410554051435 0.406330802477726 0.275469563956172 0.233243127218723 0.131437301558638 0.625214764436281 0.542525954855749 -0.0411246435967336 -0.124768271853589 0.643323927882473 0.694049840959123 0.613243705354281 0.665019572246616 0.500319662160627 0.662570991067241 0.505510278739598 0.48673328727703 0.604668703450205 0.368520889366323 0.532969737571708 0.575785868665381 0.610478202294605 0.678767770014678 0.804719642689768 0.788178800179842 0.601606720911968 0.538457812345675 0.691473554826777 0.403403458232349 0.704483920054123 0.733455786313412 0.594999735582409 0.491906682573651 0.749523474346898 0.676081042481635 0.578893172445131 0.62466466681892 0.766394477287362 0.660987170709683 0.766425458665971 0.700494729515134 0.445963301262569 0.480034655861762 0.357812866712723 0.645918829893562 0.521169734690219 0.734540885512985 0.68473541078445 0.75349688412881 0.566554695942065 0.568241583366223 0.719377529957397 0.544458682849166 0.401151785940862 0.384963470251436 0.539452848596321 0.569651478336218
0.797700908229786 0.855423630893719 0.668609036472216 0.752470358795266 0.59446251761857 0.643133581209583 0.703322277770431 0.773102978003975 0.604586069540051 0.65984161243319 0.675459111299645 0.811803852926217 0.622217545306637 0.681881864436424 0.59222572858563 0.604707457095608 0.741431311331111 0.831997814529122 0.888590401129416 1 0.440464096810525 0.0424220849065748 0.693731614904669 0.63789987666879 0.456847991191915 0.534150766466814 0.189260974967974 0.218918380347997 0.721518464270964 0.774270749065946 0.661063704928044 0.666434380162404 0.707494641678931 0.633386125353727 0.372803994928853 0.305611452062279 0.225874446427259 0.102950134441689 0.593058990299109 0.5223295897569 -0.00929753370199877 -0.135278100074579 0.705075328273637 0.758619597867285 0.618543380314941 0.707106691403029 0.581019620551664 0.719056407846234 0.570329487766512 0.53867813244846 0.667858928390028 0.471464207772576 0.574819458534865 0.62052336101166 0.599523051222058 0.724820475282786 0.706607442187651 0.782718796310583 0.62964193390309 0.610648921041018 0.693686086147291 0.526338424547235 0.785034557766754 0.845700765102772 0.532891822856701 0.503891115562613 0.73944725884806 0.717833099081996 0.632856378401107 0.727316285360709 0.776312897501937 0.729714609762281 0.742657716904636 0.749050055891987 0.459668650122812 0.57848619967688 0.397530116152723 0.723084422318815 0.494655513181714 0.750442965183405 0.696746914807711 0.751384399752275 0.576125924423759 0.616839576103754 0.674235675167777 0.572867868186405 0.366669999934368 0.355308259663792 0.491721966127455 0.572708465523114
0.436149864302789 0.385402039488672 0.479050868787175 0.481259196828608 0.456936435499809 0.348993105100429 0.428339495409032 0.456611176883279 0.396932601736031 0.407361065230466 0.353752700399122 0.400014401579963 0.376146822227779 0.409050893688815 0.448961356561349 0.435527464514166 0.318672211600685 0.30935249860429 0.46183037677659 0.440464096810525 1 -0.0227447800594554 0.495041717110783 0.489349695931312 0.321430444091325 0.500660915084908 0.0815820171262335 0.159944906888776 0.380209640336531 0.454200530371706 0.444039925501761 0.479829724643806 0.344221067731563 0.263790748082894 0.363379270786618 0.235995012861915 0.168761111865532 0.0175326152688348 0.529992675124238 0.501288343831938 -0.119194555274452 -0.133772342293249 0.431726303306502 0.438716061470981 0.411204405854825 0.417675003176117 0.353202701821797 0.462873331863888 0.398620438618267 0.349249166075453 0.419186915948599 0.285102092974151 0.413177298893852 0.404362894669501 0.428372374599688 0.511346481964437 0.395665173792367 0.336957006457189 0.403406667782672 0.29646480034485 0.39515389969003 0.275299558868509 0.261813735667255 0.420679184222996 0.457685985071417 0.409772254937923 0.512297048659238 0.481509283098247 0.35693449237355 0.333459064367859 0.495141299612208 0.436139412294916 0.394430790320775 0.470002225128549 0.176286558483571 0.197807340990324 0.145970749901203 0.3860307079959 0.237005777403174 0.495699330427542 0.275734789850359 0.4804032458689 0.350816177296427 0.361583996036082 0.472254123166358 0.453592762194936 0.355325703591931 0.473707149004602 0.399666724316414 0.475159016400987
0.0571199564498894 0.0726292044002121 0.0823060675656564 -0.0356541138450096 0.065531409325278 0.0348083796765822 0.0232908855236143 -0.0624508575057445 0.0831930106928049 0.00188270805117243 0.00283737130578131 -0.109845255496728 0.0135186516401282 -0.137965897644883 0.0476682005432909 -0.0767601327418156 0.0677356957741101 0.0414750718278163 0.0552889121398606 0.0424220849065748 -0.0227447800594554 1 0.0726458825652822 0.0278217470006493 0.0672684037878693 0.157690962886465 0.0688907052278125 0.163234519523965 -0.00728022307835315 -0.186497643463068 0.0988869209289834 0.0950444577945196 0.123739193967531 0.14608271263874 -0.0217261755306355 0.104129188184228 0.300202108118282 0.282013514483393 -0.172736812698422 0.0115415960053473 0.203117621015 0.17643650214135 0.0305903429142179 -0.0934404522822747 -0.135188695359971 -0.154415723321384 -0.113481643708087 -0.0820592459332999 -0.175293472159309 -0.0903006121899503 -0.11512976609148 -0.0652241409192511 -0.0965144559650256 -0.0439504090745336 0.0471073351359636 -0.0999766017770452 -0.0119857025476607 0.118018857308487 -0.00703908281592843 -0.0148289201070879 -0.0366947800216654 -0.0388047488548535 0.0119099277984991 -0.100781703489573 0.0468105526135572 0.0380457285891716 0.0322845223784805 -0.00420704467325187 0.172475325505586 0.0393633962905885 0.0207189627521485 0.157902975111289 -0.0767820694748808 -0.0441339883224383 -0.0135522955107091 0.00448476024323405 0.274189135303397 0.00830052075508246 0.176730337767356 0.0608706317244986 0.122511786615446 -0.125378156670474 -0.0235526077893315 0.135565188437549 0.0669022043022279 -0.10764803233776 -0.138538288137762 0.0812072234954219 0.0914222615393377 -0.135625983878967
0.746169425952622 0.742134922141434 0.931846812302529 0.836274298975453 0.73391595674688 0.536004854671135 0.794497261541756 0.726901052943564 0.777909275354194 0.646089055769583 0.669197547894047 0.542694694789355 0.715399860931377 0.571076297481271 0.851908766514166 0.716189629620473 0.505160828408905 0.58596754353463 0.756054006292537 0.693731614904669 0.495041717110783 0.0726458825652822 1 0.877873491869232 0.688146189904313 0.785349920421425 0.242770915254556 0.370825436390885 0.607357696709277 0.582677873099574 0.838176844858302 0.804614896405192 0.710356216165696 0.597683157212818 0.521687257971039 0.386308540137196 0.317430601565508 0.209813316140866 0.667826945976992 0.586483555703866 0.0300427818045585 -0.0812765707312292 0.579261539634294 0.561605045551126 0.5414234485512 0.557270554060173 0.434452571747951 0.536295731894927 0.476921325111994 0.480945196672731 0.624069255475937 0.451156557926919 0.563710231393882 0.583111847627148 0.691681054450176 0.651915537714192 0.609866626595355 0.704039015035182 0.61249599060879 0.495412331736871 0.650143081053679 0.523845718895866 0.499716937341061 0.598511984362178 0.898767731830198 0.748559782351645 0.79104881382247 0.692892310837567 0.49899086526015 0.579888557514482 0.782537561547692 0.732422469298842 0.591335690609347 0.581724230828617 0.292330961445471 0.347363163779093 0.399662542286221 0.665982863710982 0.462209224393101 0.680726342858809 0.58738186532792 0.692393954900461 0.538446119249466 0.542494170777628 0.846458299324694 0.693669018728985 0.473457646464956 0.629534199780167 0.756751533948433 0.708002996995157
0.63243677279828 0.671804254071062 0.778882023433376 0.908727471138461 0.619317606571831 0.673333743101028 0.646378300696692 0.790579143714411 0.675833828890279 0.698592494852042 0.552692808991268 0.590679663225169 0.568289055797534 0.65427336528013 0.768776672377054 0.812348206786772 0.42166410326968 0.52434654114669 0.601708912252326 0.63789987666879 0.489349695931312 0.0278217470006493 0.877873491869232 1 0.593020516781012 0.72894709963543 0.315062366725429 0.371609327340896 0.569267303606388 0.60448507575316 0.725508881998193 0.815930404011301 0.597421520670052 0.562467216121617 0.498258571599999 0.461986152417513 0.220467223949598 0.123545781527794 0.634213218488964 0.557499735125039 -0.0316786780338941 -0.169787385325173 0.542318304826578 0.539050315700717 0.525522530215393 0.54927085956441 0.43198608903414 0.51982425182814 0.495285269967186 0.463098890548793 0.632440999255633 0.500525392257695 0.62635622560189 0.629446399591279 0.644675843818628 0.659880003572056 0.536205338374409 0.62293009781979 0.551894754830977 0.496868278138161 0.58695444335632 0.614780268751092 0.425907617868306 0.636215120741448 0.856519751878922 0.823323497705654 0.729427333690166 0.731923217400304 0.385687702474345 0.506589399107575 0.729280332828082 0.694429309225289 0.528568056957405 0.576020373691331 0.274380863946194 0.345220003647455 0.302553383335688 0.696876543115029 0.401639769720495 0.634003639643983 0.482110968098601 0.677879512127109 0.478382807827852 0.517384268814997 0.768664376691377 0.782152210087693 0.505973897139192 0.69658499993052 0.668586849628112 0.766685663571182
