1 0.788038179333597 0.543652027507081 0.425908393016585 0.478947471572361 0.454502872308241 0.752115286840981 0.595323855578417 0.574675970468007 0.436998669700159 0.659001018768304 0.389773233335187 0.614347197253075 0.265509121718401 0.470794669578472 0.391631692762707 0.82484260841327 0.583409414402907 0.772499952394236 0.827102252009924 0.0596382522592574 0.119092669321325 0.469478987569101 0.392181168411956 0.311325179822515 0.355709280276359 0.106841158904016 0.220345556764882 0.763009896188746 0.742964806107256 0.609092267096459 0.547495002452725 0.604622455968951 0.546394672718853 0.173330530259286 0.237397562121217 0.360739377847201 0.312335574528734 0.0675258667086415 0.19341767493807 0.407923766088087 0.213111380649503 0.508876723488695 0.514806682033445 0.481946128804853 0.470698215226455 0.422224563323121 0.479011664859113 0.499837036254772 0.440011549647725 0.539905506607638 0.357405692298049 0.200368153530685 0.326313876987598 0.421865760308515 0.437259229750799 0.830743204424928 0.832254185479226 0.598262226264384 0.506036425491317 0.648508546599216 0.487083407142581 0.750514502633023 0.581907005182571 0.323245348052231 0.232060721717496 0.390327070464347 0.41374610911728 0.605053157170838 0.466896573693216 0.392485389830617 0.601875790770626 0.490460525335037 0.553758772668609 0.223162234705423 0.216545620680934 0.355044202016773 0.437718663724948 0.630983778646562 0.641675949728023 0.728943764598071 0.534524037098756 0.249506482144283 0.495207408597112 0.462676072140303 0.0923349083807314 -0.0035911624778049 0.0999958756990432 0.465624274690534 0.237439145149371
0.788038179333597 1 0.480713804354166 0.524807213548182 0.447984856533165 0.461516474442273 0.556625096053868 0.513008269465833 0.486384988731064 0.415478281513387 0.507251867997132 0.381063183192148 0.549158642841455 0.337476674359958 0.49500704665063 0.443313248362743 0.755089835271738 0.607224259381457 0.7158169614643 0.79066333952878 0.295067666979117 0.171485714614704 0.498594007821191 0.528344315886326 0.437896892623419 0.45402253123128 0.266777874868053 0.251085775004869 0.615292062495595 0.653563380139855 0.504339303652411 0.445116246527831 0.555533120729527 0.502169116457843 0.0907751286141932 0.122066199309663 0.36559294542389 0.228064120307066 0.205127818480023 0.151641766224821 0.39199084423866 0.352776845746843 0.645443937496838 0.675949057923277 0.618609138740604 0.653095619389066 0.612552407662843 0.494397364962542 0.646601370407872 0.562309344891667 0.599339388702006 0.486784397184297 0.285318524407455 0.439230978762343 0.493520700558034 0.470280979679715 0.853772072217844 0.901391401751076 0.559344283969993 0.567728210693816 0.425218716714317 0.325066285305486 0.639765625442244 0.469858124420342 0.401499048130669 0.332136784983472 0.474413886681098 0.511485296986922 0.569747542828654 0.45644620784607 0.536547626101127 0.51582121286958 0.560174993306238 0.593172096923131 0.263515722446505 0.32050680109608 0.529759379623564 0.389224335648857 0.608264147538695 0.655456149436008 0.731867727531582 0.693075952230652 0.410762094039573 0.64993632901837 0.58759822616295 0.120738671791 0.142854081482114 0.0820327979126347 0.385397507301648 0.170020821176408
0.543652027507081 0.480713804354166 1 0.569225174304457 0.336747010759876 0.153556294934967 0.687391022143425 0.539089290501283 0.589204447686174 0.493178685784022 0.407626734133578 0.452708293705654 0.595488354014933 0.556533095860805 0.607529051503966 0.671327604575131 0.597465781520762 0.531736342519532 0.383582633219313 0.507898829522124 0.0479629696110768 -0.218508470079599 0.781362619779535 0.767376579663155 0.396357671613335 0.572675421666481 -0.0831737412663123 -0.0235768968085334 0.524651144954793 0.498973226004646 0.728386899098674 0.728389705967242 0.786130909144973 0.698724873737742 0.609021301768753 0.551449139152647 0.419164544920977 0.328262288967411 0.149861717628364 0.424999156434453 0.457559392346191 -0.110788211427203 0.500533246849879 0.39118810624702 0.580402587559255 0.411911614675011 0.371044048320765 0.54364548060976 0.413269300731705 0.3849152604963 0.427690600167163 0.368238648528883 0.267528943428053 0.300895122561757 0.530663776370204 0.536429750454456 0.55839895554664 0.520625587538055 0.456127857578862 0.353005674647956 0.527795187670865 0.373288437838998 0.509441528304325 0.445315753159362 0.755726673562286 0.487748149872826 0.683706032058297 0.508171356036633 0.358227447912914 0.340079645389847 0.229389735541748 0.595560349636152 0.211575923427405 0.278378825953485 0.00126155049305802 -0.113039998497648 0.215858643140153 0.180813772634119 0.430599297917745 0.574747606003563 0.437059981279546 0.526683172845305 0.343000327542574 0.60593229870348 0.676256405551298 0.488773712169167 0.125942973928203 0.488636835167489 0.594948213407417 0.489425760640258
0.425908393016585 0.524807213548182 0.569225174304457 1 0.572315360723605 0.504935531122224 0.636231408388576 0.711371673324911 0.417059510102226 0.550734864182951 0.321522151497525 0.098100786119324 0.348490914452742 0.144310305635923 0.423172435426021 0.531796984463585 0.390580889402006 0.204001398433755 0.520692754459134 0.449033164753097 0.307339446535765 0.339377508533912 0.579971450914192 0.739744696627872 0.68842499051165 0.671041601472641 0.378288506677858 0.316690057128348 0.395081118580726 0.328629537994173 0.680904484428814 0.562338507872643 0.436103137635536 0.318450953730732 0.103019944283944 0.0521096708539516 0.253851236376279 0.16122921610771 0.349574673866521 0.0608593020163699 0.115795946116081 0.291204767092949 0.692035673616773 0.590918734322971 0.575676352418657 0.563136039100206 0.63229688029636 0.305017193718933 0.508865272149703 0.48101759572785 0.595483610948941 0.582752187670653 0.397845289252642 0.423373939227618 0.451641017800699 0.294604323316243 0.527025283642131 0.455940442649813 0.429634547413725 0.473337595772865 0.49743822029472 0.54815224842937 0.37975862831987 0.425995944815291 0.650967224009914 0.876996339800296 0.718718598353434 0.782829633519348 0.356083987171275 0.0693984061721652 0.549727521528695 0.49502105305566 0.438511609750926 0.404525679924895 0.233271110464772 0.356827485912371 0.317174458854612 0.383871405528159 0.366287805488039 0.392594413478114 0.555239552411663 0.410198824087489 0.234643074001446 0.539771815435176 0.611019190847597 0.0480202765946854 0.0908089707145489 0.0023920217795537 0.378136531625084 0.154250171560942
0.478947471572361 0.447984856533165 0.336747010759876 0.572315360723605 1 0.608508929025583 0.527813195159555 0.514918460097566 0.461847706309888 0.394714196060719 0.422817863414375 -0.0839123571515314 0.399207056205089 -0.14792120738782 0.406362583931628 0.285452909870838 0.451232842365673 0.123068212713299 0.614978946640263 0.472019807990507 0.0830422661701475 0.346992981764711 0.462298259862699 0.337345276625826 0.536080452115572 0.364384470136508 0.402510272126746 0.369482290205308 0.471461447902723 0.405790567603541 0.573432785253484 0.380496711144302 0.26081507693939 0.17998700186747 -0.0513409663123821 -0.0904421886230487 0.229508600591855 0.132622299922527 0.137702923656886 -0.163311520250475 0.13562527189111 0.299328028956809 0.57386566161013 0.515152290392977 0.477058520586586 0.505995832518644 0.512254004369771 0.212509528113001 0.493099678385133 0.384389139560284 0.475273511280519 0.347140774216818 0.277249034878819 0.431958614971815 0.267450713273043 0.175431658687218 0.531050692022731 0.442431341806204 0.305685596490309 0.403080958534278 0.443605691320816 0.370540746805822 0.418780844177952 0.368256351513528 0.366667502903765 0.391059703707381 0.43410167264854 0.451008283468557 0.451713336572787 0.119657267830064 0.451882200112854 0.447835272028367 0.489501286202487 0.477689126988428 0.3680040788691 0.430270888283819 0.219178598838263 0.527516774265471 0.366781499802254 0.361324210456641 0.575195082016466 0.223837093929233 0.093682577414465 0.286161441325893 0.364223435700704 -0.223401267910373 -0.126169114506639 -0.172645749056463 0.241034297216306 -0.0502198343175165
0.454502872308241 0.461516474442273 0.153556294934967 0.504935531122224 0.608508929025583 1 0.422419244838085 0.594786633906942 0.370058860471661 0.474486023780545 0.469888006544919 0.0846739974428683 0.352302197503905 -0.0838999083544209 0.339023733125149 0.335525794225533 0.336764233370054 0.108868483771131 0.636728687665875 0.488068257015281 0.122108940569664 0.373109370046138 0.369119011964434 0.310641247014526 0.467365075051393 0.207037516798663 0.444075718579661 0.560336362555687 0.410423852371532 0.41822229987274 0.374297275362966 0.298645019519591 0.172735207698329 0.0971112650139165 -0.205216967884793 -0.244069827285355 0.142729452756853 0.0106063493715543 0.135810413182447 -0.256826287092175 0.0592227677511545 0.424909402082453 0.547372032155375 0.500992760265853 0.356157005529587 0.403479950956157 0.522932821134665 0.153983428648577 0.418351716826842 0.349522302703504 0.434264235825445 0.322945957927699 0.175155795149241 0.323430635921854 0.225911035288503 0.0449317143342306 0.458920478267916 0.441269564801308 0.287545647696997 0.37655719855867 0.444382589161561 0.499672654409705 0.475542927392859 0.470544559273857 0.26050272647724 0.389414474306767 0.301780693522483 0.400510701589934 0.427198508968126 0.0556363159004757 0.415099537702579 0.448090535754348 0.413057615944693 0.473612883030223 0.333371895096408 0.354934687456736 0.233032902564104 0.437327553567862 0.415425997155952 0.336437502642674 0.545433178811157 0.290482719895301 0.087080895589878 0.252493400460428 0.368746721138152 -0.178038449184791 -0.101825893995449 -0.22937122073421 0.156977144380375 -0.0052398351393233
0.752115286840981 0.556625096053868 0.687391022143425 0.636231408388576 0.527813195159555 0.422419244838085 1 0.780233315425425 0.680750088506397 0.584648040088019 0.511914723030246 0.417697861770869 0.608822047064915 0.319849312004508 0.507298920838032 0.494800770399612 0.594616782501773 0.424048008347298 0.589536885063494 0.607260639506369 0.0462483210068531 0.0868316533499551 0.594848716375466 0.510724089971 0.34053442585031 0.375303516182963 0.0914919730124665 0.161303098796191 0.67821128733298 0.591770081522388 0.663241679855755 0.571342323399482 0.602895973422824 0.51598007530825 0.224477802194166 0.256875554077424 0.271054132850877 0.228238803502846 0.0876711845335838 0.197387892594941 0.232584396430055 0.122600112867204 0.528982000235521 0.476802336046697 0.481546831941888 0.436801002077369 0.428772527907526 0.414183965927232 0.466340130546579 0.428793421271824 0.571762719036501 0.459095001931375 0.269415910315427 0.319037172906486 0.418629291206177 0.386993566640043 0.591629726501607 0.593327287968125 0.621594362079765 0.510506926981886 0.848394540146417 0.649524005707202 0.696200896914704 0.629961575370405 0.556964235950615 0.482882434835629 0.558246836229424 0.584641837219819 0.404139059813526 0.268632842844989 0.436918631314349 0.58199535973297 0.468551358737216 0.44042465012415 0.155652980179434 0.164728163966127 0.300904726091313 0.319161395072144 0.494649365234291 0.509135828308995 0.596863647552956 0.493658929212859 0.208726568432927 0.420106918243431 0.553826648250405 0.19278766998267 0.00729727994237195 0.113309739447241 0.541122065245957 0.332774117695246
0.595323855578417 0.513008269465833 0.539089290501283 0.711371673324911 0.514918460097566 0.594786633906942 0.780233315425425 1 0.492305336438216 0.683561211580764 0.372731431678283 0.460218866174342 0.355990447692071 0.319624342182135 0.308776886973855 0.525391708617507 0.527650756785366 0.463642765228633 0.486353987410662 0.557581232599827 0.0375615549380383 0.139118435154098 0.441835788926806 0.521159545918809 0.297904126251853 0.340237108048318 0.0427529407775072 0.168355067949126 0.620625945513022 0.637284121858243 0.621470804743826 0.592684785120026 0.50961527692293 0.446859979936328 0.103316872827322 0.0837303333483497 0.148566441726271 0.0547650582434131 0.13097384146028 0.0277719727878842 0.123649539130789 0.120762178659539 0.515113029584052 0.447945997310058 0.437246150089221 0.431058910812105 0.426478783253383 0.28036789176133 0.434629782480034 0.393783168510986 0.487683522303591 0.423722685745367 0.302945600479618 0.37064788126059 0.30716069195796 0.208546941491823 0.548533675219536 0.55491816919002 0.49137998151898 0.544850854548658 0.734937923887455 0.821688651964186 0.66144861894561 0.796608585413282 0.386029341912402 0.592681040679335 0.467286987916484 0.608684856381379 0.241941785589099 0.10709934727156 0.41748808345212 0.505285252712235 0.442434086448575 0.384571198799714 0.217425192143403 0.130324900002189 0.181748521646113 0.213235426276838 0.430088711486862 0.472894173157339 0.542331434451337 0.480241065338525 0.222469418518945 0.361546462799144 0.436686366613989 0.214580759067849 0.0328005735540103 0.0744837611853377 0.374098796559169 0.371644452509239
0.574675970468007 0.486384988731064 0.589204447686174 0.417059510102226 0.461847706309888 0.370058860471661 0.680750088506397 0.492305336438216 1 0.550833068438857 0.521643528618948 0.228414503303033 0.669352561889038 0.208127043955673 0.687330778141714 0.542039832211692 0.461761112107174 0.300618224602405 0.426045002795876 0.382367387646658 0.099373588845128 0.024986801551359 0.617845469800847 0.453552953980589 0.298989378708723 0.389131964556932 0.165100376190014 0.0575818694593971 0.482937390467265 0.396947061557452 0.50456489474166 0.384991597814761 0.416911574439287 0.305499941627067 0.204808122076246 0.198653267025787 0.257018191378001 0.225583524082691 0.193150714527292 0.229148171795198 0.296993166128511 0.127073082438978 0.512242028498456 0.424184119317996 0.457713507123877 0.367955243260505 0.41103373814661 0.375305313124496 0.445325801839866 0.383367119853884 0.421301102687842 0.345745343716706 0.217000294272175 0.279734852057014 0.423396083570542 0.340564895059652 0.525001540636127 0.559027928743003 0.42707803397812 0.37800306243144 0.605616144748668 0.41132003822456 0.596413167524871 0.427031502262598 0.614751161187971 0.325378311432145 0.44806512120607 0.36700101321916 0.412158976210318 0.255082365532162 0.293141895711348 0.472612070600022 0.327522381557946 0.345332737513256 0.142508730127534 0.0966896136926172 0.288267453322141 0.327884988774873 0.382165651540161 0.495874830321541 0.470156999360198 0.352457439866795 0.201291209032133 0.420725207893418 0.527428006933166 0.127549787877363 0.156009763467493 0.126518702951194 0.509801469007197 0.273882486003443
0.436998669700159 0.415478281513387 0.493178685784022 0.550734864182951 0.394714196060719 0.474486023780545 0.584648040088019 0.683561211580764 0.550833068438857 1 0.416682448017992 0.48993856485089 0.456937029636723 0.319109514584122 0.449614331498749 0.67756884384613 0.433574489314841 0.313950953398576 0.439844115645066 0.407613758192989 0.0776528318127104 0.0350214840084862 0.54014739906372 0.586772394949751 0.279600905422419 0.374293156123238 0.10952097021488 0.12538651119027 0.474930134238438 0.477653417425177 0.386382554285961 0.399320345357945 0.395729628614312 0.335735693394759 0.144772565372942 0.141822641463993 0.0821623528419734 0.0525091225666491 0.0200548549469457 0.0302132158294999 0.178824076604955 0.0752704218123516 0.414312396738795 0.316431499900119 0.38362238370365 0.316429464980907 0.33178199295584 0.166600392504895 0.360329803780992 0.290500214981689 0.292416360379795 0.256937942698516 0.0903512728837456 0.246762261380779 0.208494116299438 0.134350620231561 0.402080409044074 0.444186217358147 0.330033576050503 0.329765805965695 0.59689475887583 0.658229512685749 0.520181288579479 0.626573674975853 0.542398988400768 0.559356214247252 0.399267811923375 0.413809861491394 0.282936023910356 0.140437342674669 0.285779390161492 0.429867062689077 0.404440917288324 0.302337072015648 0.203540907538736 0.0469794382502311 0.230191406483439 0.202413283578749 0.378037714030048 0.42603500951381 0.440592198258416 0.456817652209833 0.235180500396602 0.372495459601366 0.521474765714239 0.232903288262062 0.0629728363105201 0.169664380368876 0.358163057873586 0.280300433995593
0.659001018768304 0.507251867997132 0.407626734133578 0.321522151497525 0.422817863414375 0.469888006544919 0.511914723030246 0.372731431678283 0.521643528618948 0.416682448017992 1 0.143730588594913 0.730134704681063 0.00891009984621626 0.643195096174683 0.39800503743449 0.516809594874977 0.274955046140003 0.706194649272491 0.519668480969917 0.172528642912213 0.202975469017961 0.56071182616108 0.344022043847592 0.449759791189752 0.334093758675435 0.349230394597935 0.323387381396562 0.561788101022123 0.429674093551787 0.488518484185297 0.367392824133806 0.218569616191742 0.135737370781193 -0.103327589903875 -0.0969539169550139 0.143937376770815 0.0494758582374246 0.121093825887042 0.00418134963461247 0.303729806484193 0.251412810520667 0.436034287984242 0.409079272194981 0.31782130149588 0.313324744750624 0.372119911294371 0.177957485873016 0.302202301952924 0.269980493709926 0.277176479641083 0.201737076541727 0.0236556114381042 0.257618778240843 0.207690151226088 0.113324581969145 0.555218318241026 0.553622400350817 0.227089896953945 0.28201674962624 0.414365934095643 0.300132659510035 0.635247047168353 0.415125082385795 0.371978098707 0.214752932635791 0.244474714580393 0.216874758884862 0.486525168376496 0.190171701777425 0.296603955663946 0.433276072689358 0.412651959805833 0.391004014212738 0.276442538932564 0.221788189168176 0.183667924393258 0.343613004823959 0.359347021469707 0.442581475705326 0.547104234569414 0.273122364608208 0.223568051568996 0.442197930491001 0.53132566077053 -0.0663919215829711 0.0577006979041346 -0.000273308418268543 0.280814982548084 0.0833180060722501
0.389773233335187 0.381063183192148 0.452708293705654 0.098100786119324 -0.0839123571515314 0.0846739974428683 0.417697861770869 0.460218866174342 0.228414503303033 0.48993856485089 0.143730588594913 1 0.342025713576989 0.850997924428646 0.158648681832489 0.572691807629853 0.45149891199996 0.65457187282189 0.150603301555331 0.446996736879482 -0.159374122362452 -0.491741152696727 0.267795166222645 0.398767714963763 -0.228946308485419 0.0409930222120271 -0.46346344794272 -0.141213879128454 0.380921537731603 0.578398102232844 0.147189725465698 0.39943197589296 0.605074791221764 0.63920068926542 0.408010190131488 0.447347591901432 0.186708510720563 0.0697470642549793 -0.19508447528212 0.365412157529506 0.322594840217972 -0.305392333429663 0.0792815500918742 0.0649347833608705 0.168398608828869 0.103525771138937 0.0547818946551364 0.264391123798255 0.145585144900771 0.137776610150729 0.127198545048034 0.10242884120049 -0.0242233766172444 0.0629644722135621 0.195583829660546 0.279933047666136 0.286638119961292 0.374968405045802 0.336014768682489 0.212144978247994 0.404270516170426 0.359922508020682 0.463158741269077 0.541071610416403 0.200255140688899 0.0754877693536182 0.173324975136709 0.188183213601392 0.0472967585158197 0.335956143661775 0.01281474836296 0.269186205089148 0.0957171180553935 0.181592812404865 -0.0652807855142006 -0.406796445173421 0.105415537515431 -0.289258969393277 0.343839093091193 0.411234033607014 0.190977709075399 0.626688800351767 0.318504167774594 0.27861162615249 0.280379807817258 0.721665166894561 0.0140581470182868 0.550861972644608 0.329882118585859 0.545144175865892
0.614347197253075 0.549158642841455 0.595488354014933 0.348490914452742 0.399207056205089 0.352302197503905 0.608822047064915 0.355990447692071 0.669352561889038 0.456937029636723 0.730134704681063 0.342025713576989 1 0.360276829411935 0.829664084415096 0.589283400683671 0.531762955158003 0.318849550816139 0.574450413999343 0.461790905034512 0.0925626692903695 0.00969927507387861 0.754568770878537 0.55781289264322 0.414726952991429 0.384157590273466 0.234826942341104 0.217712424792908 0.493196664280662 0.436018326728349 0.465543653286451 0.392471076700098 0.442216311228067 0.343147683149734 0.181033932318552 0.206824336530841 0.294613427819583 0.185548417345115 0.129349349787942 0.143430029500317 0.418372793560883 0.171336412983198 0.451211335894646 0.392341245312032 0.375684812084535 0.293160936019924 0.361978810287837 0.338966238287503 0.326810828298096 0.306854245160871 0.372314871589755 0.266982420292981 0.0929251256320777 0.321072775021961 0.379752053929456 0.376078007792772 0.54778507722115 0.594819069268587 0.304518763902677 0.239799802505263 0.463132687260659 0.212383854543999 0.627803537344346 0.345569440519082 0.56081935300407 0.215206123850297 0.384032854223471 0.260861650270851 0.517321199698525 0.377075099687066 0.360699527596182 0.480892870411589 0.318510143510849 0.350122562877608 0.127474700377831 0.10333914651564 0.385977162282707 0.268819832287889 0.469530710247719 0.541722420112142 0.541779409015282 0.459030964940483 0.337850868577168 0.549613554486302 0.678022045013894 0.155183916460435 0.0930415981480367 0.169335438031001 0.521128835850458 0.195602729007906
0.265509121718401 0.337476674359958 0.556533095860805 0.144310305635923 -0.14792120738782 -0.0838999083544209 0.319849312004508 0.319624342182135 0.208127043955673 0.319109514584122 0.00891009984621626 0.850997924428646 0.360276829411935 1 0.237710154380311 0.624675914554655 0.379070282219873 0.643531571933941 -0.0276056140628538 0.292014069637674 -0.142420519168008 -0.588334366762129 0.316458011867126 0.512532329311721 -0.160978816439556 0.151583603057234 -0.541106409442836 -0.253889889020732 0.269234153347798 0.425796075833375 0.197155145846239 0.459164455748972 0.6279391817954 0.657891227550503 0.509569855110188 0.524208035587737 0.23756053289249 0.0766893000865604 0.00624004644864319 0.508446196753769 0.3949325724798 -0.412271378863437 0.126638441365598 0.0919593034207468 0.191705757574669 0.116704895851801 0.0762109561849901 0.336351105349619 0.141886527246694 0.146769656244612 0.188245084238443 0.175833047113611 0.0627308079140517 0.121682969214814 0.332627240737849 0.372460199505976 0.281328194578086 0.34134960612787 0.277709530409707 0.139323276444832 0.202306785294245 0.132631448958668 0.316272823985717 0.321233796853156 0.253636576957036 0.105932546381955 0.251493586221875 0.237203620543973 -0.0286559685008641 0.345236894027125 -0.0463557104813112 0.197066530907961 -0.0364211572760684 -0.00419510792741987 -0.121959195728023 -0.532209361116363 0.0708537863511818 -0.378108501050938 0.297868156276446 0.451123856325105 0.165206813036945 0.657266257110905 0.396469344974201 0.410062943731585 0.354200622292516 0.849022071647431 0.176429469620898 0.707470515634931 0.386409590831516 0.649603660549959
0.470794669578472 0.49500704665063 0.607529051503966 0.423172435426021 0.406362583931628 0.339023733125149 0.507298920838032 0.308776886973855 0.687330778141714 0.449614331498749 0.643195096174683 0.158648681832489 0.829664084415096 0.237710154380311 1 0.649712660255408 0.401229060129328 0.247563833631741 0.5153186245992 0.335611709964009 0.327571661825923 0.165185696505059 0.833649881024012 0.582826462177916 0.556495873663902 0.510806835021958 0.347640827273691 0.150002825876621 0.47377095036375 0.34277535233448 0.519240379816601 0.350087788581436 0.341261077067313 0.22411418261941 0.156969369986941 0.107994801302995 0.210335807777076 0.12562578410017 0.343424480418933 0.0498364686636668 0.293118122022561 0.221037645872568 0.486979564948155 0.40475895507451 0.377997385471536 0.299749915264629 0.381210779007913 0.28109951321984 0.331677511007141 0.291512228462145 0.39345533845641 0.349451738196763 0.196583784929984 0.321441724983398 0.42021742601335 0.319588130362232 0.48811149540108 0.504343549181239 0.249219465838574 0.246331380944051 0.396780371243143 0.212202040102903 0.533816993240542 0.311423744595755 0.647005014257284 0.340448535451457 0.459075406154395 0.312667634955358 0.372497660101736 0.151370438863646 0.396708977702756 0.359083910707534 0.363486474295521 0.279181059838883 0.130296271480346 0.194051281470386 0.379347344685596 0.250582739137688 0.33373544299732 0.440579724336437 0.467649880267239 0.369416081073161 0.469521104325461 0.585155000733313 0.767073685710735 0.0679522810958023 0.297149012847399 0.0995989118689614 0.462325545186638 0.180631288997323
0.391631692762707 0.443313248362743 0.671327604575131 0.531796984463585 0.285452909870838 0.335525794225533 0.494800770399612 0.525391708617507 0.542039832211692 0.67756884384613 0.39800503743449 0.572691807629853 0.589283400683671 0.624675914554655 0.649712660255408 1 0.408786400011602 0.43089395483429 0.319459195185999 0.34866960334677 0.118011018729349 -0.131477526080827 0.69618665408687 0.763348409078561 0.322706989577518 0.499328464225238 -0.0303679898784537 0.0316553342842355 0.450657459822452 0.466471770501532 0.54952265668683 0.598421560272543 0.499181181904184 0.414581079552223 0.282714268181253 0.24855493647 0.220068377894944 0.0834751582470875 0.238336521092091 0.279627259006254 0.29274134653309 -0.0879144544513989 0.472762172346301 0.341880684982137 0.37195225570373 0.306841999614504 0.380498394139002 0.24570335708364 0.323842386252476 0.321042706393022 0.350091347428689 0.346649747696414 0.118345202748848 0.281989740829204 0.433381076540921 0.284594018728474 0.413855005844633 0.466102977921034 0.260274030964031 0.255964426568686 0.445987633588669 0.441001070972848 0.474414031074429 0.504367139152098 0.620539516089373 0.520928440245384 0.473413400734663 0.458942329361437 0.216025510422915 0.149027720480508 0.185542183777345 0.37387537714085 0.259786651927508 0.185702470054823 0.121664095369982 -0.128403074301426 0.159750754309001 0.027202167379909 0.333941154913689 0.487559404762297 0.399706620845953 0.533348569617575 0.434211488747447 0.584247521143551 0.66308935622088 0.456891740566833 0.255159123649321 0.419427299399532 0.473066576886095 0.497125633986787
0.82484260841327 0.755089835271738 0.597465781520762 0.390580889402006 0.451232842365673 0.336764233370054 0.594616782501773 0.527650756785366 0.461761112107174 0.433574489314841 0.516809594874977 0.45149891199996 0.531762955158003 0.379070282219873 0.401229060129328 0.408786400011602 1 0.711006757514485 0.672814439204664 0.816989158679849 -0.0280150515528503 -0.00668565042615333 0.465782242616623 0.462685890475849 0.310765161071945 0.422609931653044 -0.0167365344217617 0.177445984098166 0.745564063269958 0.772351462256462 0.618824954928807 0.675138516324478 0.734414096796395 0.699939282688373 0.341607845713047 0.368740707495378 0.499108729945182 0.35526542759738 0.00859472533878984 0.265930024314226 0.56414345120704 0.117343417143921 0.507232352968067 0.478001694040116 0.543865389322356 0.503822424309797 0.398097482664464 0.494034927712563 0.47011879095527 0.404073211265522 0.430607559949845 0.270467797776407 0.140613261637411 0.379614773801683 0.392364832997329 0.465463872237314 0.853730939068584 0.793501771584777 0.463379884806059 0.39819230851025 0.440656319208325 0.344495296449236 0.663961696389434 0.519110446755947 0.323053444139009 0.225622010255788 0.432905168502737 0.402999139278934 0.584271151882124 0.48906054273162 0.323839828970298 0.657879923773745 0.409441897029978 0.551212801224294 0.232895644672228 0.115508777288386 0.35425198800129 0.357481396025445 0.656363761212512 0.708951163064382 0.694967426030943 0.61497168001156 0.265010370322269 0.493179730574684 0.442944166527429 0.22953911270229 -0.130874767109197 0.246617736522518 0.451593450972865 0.254190318829658
0.583409414402907 0.607224259381457 0.531736342519532 0.204001398433755 0.123068212713299 0.108868483771131 0.424048008347298 0.463642765228633 0.300618224602405 0.313950953398576 0.274955046140003 0.65457187282189 0.318849550816139 0.643531571933941 0.247563833631741 0.43089395483429 0.711006757514485 1 0.27996670418767 0.550643582479424 -0.0960165251318503 -0.292104702821365 0.294290454183413 0.330248413036319 0.0539664496722916 0.211984834191563 -0.336540376591763 -0.111750512214611 0.685344587644964 0.692809740301956 0.469003478477405 0.601612635480857 0.604925772569579 0.614819896977748 0.26981131124959 0.262915127961089 0.18804982310546 -0.0204672397819494 0.14400248399475 0.398795905582362 0.387759187426814 -0.283224982423278 0.428180110369225 0.445665933853751 0.419234953762726 0.412762971776329 0.312128510489267 0.350762732756448 0.371970934110845 0.284350376690303 0.363464498242642 0.233143373383214 0.113062521343983 0.300826777389624 0.32967284674261 0.283334490652961 0.670659908386197 0.660002500255362 0.454314122733485 0.444430687998661 0.323917436531112 0.287593349708452 0.622389484447289 0.570428311707731 0.190591052030275 0.117735740493139 0.328500922839251 0.390122666525993 0.0696774812434008 0.218655877633427 0.0696955404047092 0.287890827136287 0.338319285078627 0.173523962356522 0.233794912335692 -0.292774070429774 0.202335197111914 -0.119273084684438 0.382568594864995 0.659024878181745 0.492106198590221 0.729954996054452 0.496502371200668 0.496740881500867 0.443445761204396 0.62815800722584 0.213164843319901 0.584751884560463 0.289998187104926 0.633171552358501
0.772499952394236 0.7158169614643 0.383582633219313 0.520692754459134 0.614978946640263 0.636728687665875 0.589536885063494 0.486353987410662 0.426045002795876 0.439844115645066 0.706194649272491 0.150603301555331 0.574450413999343 -0.0276056140628538 0.5153186245992 0.319459195185999 0.672814439204664 0.27996670418767 1 0.78332305800112 0.260322933907731 0.382082116691943 0.546975378506286 0.442303089993723 0.601801326729869 0.463031167592908 0.530446528994951 0.489063081217799 0.589366823447442 0.587280517498916 0.522277103749661 0.382763341349029 0.448212103041125 0.357032633961452 0.0168633827420304 0.0188118441650016 0.325487272029013 0.291771851735502 0.0736628438194622 -0.110252619567726 0.281982726299833 0.521409358650938 0.589106279470396 0.55980960022326 0.520791470696515 0.505571443259169 0.549814049705847 0.33580544998152 0.522799477099286 0.436925870382846 0.507049773138467 0.395297001828976 0.234246653272676 0.366432597109291 0.35063445296854 0.321095712672882 0.697927809167386 0.650350241145064 0.490526900685644 0.463200277674634 0.486418183743744 0.382167600025304 0.587163612016812 0.418989555764564 0.405887339277509 0.359276757117011 0.484659553677995 0.431536030522404 0.684600741968179 0.340718116615875 0.631144647069505 0.63198558946359 0.557275558785822 0.716917418819885 0.303366063985996 0.535894313237497 0.475114134851473 0.634026549425499 0.548473717976154 0.478016890060794 0.700095964648436 0.399394175158605 0.169208641203722 0.463074075535719 0.512689106225299 -0.219677080361726 -0.173152919637323 -0.206331498854192 0.365812670284728 -0.105409738753618
0.827102252009924 0.79066333952878 0.507898829522124 0.449033164753097 0.472019807990507 0.488068257015281 0.607260639506369 0.557581232599827 0.382367387646658 0.407613758192989 0.519668480969917 0.446996736879482 0.461790905034512 0.292014069637674 0.335611709964009 0.34866960334677 0.816989158679849 0.550643582479424 0.78332305800112 1 0.0802392895207412 0.0972569704288583 0.454387443022282 0.482412948350292 0.348988161150412 0.372954823271203 0.182197316550708 0.357806189108965 0.648902881241486 0.761954962347654 0.54113647037772 0.542780329949445 0.674176682255232 0.659240192791838 0.238413483744851 0.278150319062859 0.438234280249142 0.369534324231332 -0.0927449279567278 0.137569734524789 0.471004100447693 0.301614583219695 0.468781938807191 0.483902529129989 0.515522887457238 0.510635333542057 0.440717198836209 0.48111490912127 0.492897445288946 0.396598927493215 0.434322070681953 0.273291220335239 0.142500052167733 0.280680137670136 0.342721773683444 0.439606514729839 0.756916751507703 0.717577521871516 0.523106866358596 0.426542249740472 0.466226855370746 0.375197211310637 0.646867750597976 0.542599534289399 0.311227245616314 0.240851918688155 0.417177123173552 0.405187326971258 0.662030676031684 0.54146564173786 0.473479899845756 0.719695395223742 0.496718520929832 0.735999422643421 0.207379890575723 0.312994046588913 0.398327689978991 0.474036769993194 0.574298027830785 0.570493035334466 0.662335091038568 0.561527092992238 0.185003503269761 0.448327315848962 0.398746634485644 0.0838625917653827 -0.214421899856903 0.0609619841300695 0.336140345437104 0.0649982280675729
0.0596382522592574 0.295067666979117 0.0479629696110768 0.307339446535765 0.0830422661701475 0.122108940569664 0.0462483210068531 0.0375615549380383 0.099373588845128 0.0776528318127104 0.172528642912213 -0.159374122362452 0.0925626692903695 -0.142420519168008 0.327571661825923 0.118011018729349 -0.0280150515528503 -0.0960165251318503 0.260322933907731 0.0802392895207412 1 0.505147812703035 0.157951253088034 0.174810447745163 0.424335217400237 0.400209079644155 0.416743255798922 0.0641046986725295 0.0523149722492708 -0.0251314883034545 0.0930320695524163 -0.179620632228266 -0.0666730187515179 -0.138019193303391 -0.0836832093956056 -0.133161129474036 -0.0127911716680685 -0.0500272723988278 0.45854376531501 -0.0432124647857027 -0.0606938634550951 0.455476177939001 0.168992223923535 0.158890719074439 0.09961549768489 0.0969596670477604 0.142619555794257 0.0297996878376756 0.073374383116756 0.0787808824042744 0.133817787110743 0.245141138721491 0.170161800375622 0.125835772689736 0.10449310632218 0.143130048882908 0.135547577587048 0.116214059280606 0.0250909115218851 0.0267499476189138 -0.0138359253183593 -0.0221425897801618 -0.00542881238471915 -0.0603793247251546 0.210870337708169 0.293108402904771 0.240123650683977 0.220615584169746 0.000839142891671703 -0.128076892543409 0.469809317897996 -0.0728481183331168 0.260856543895587 0.242989532002314 -0.03380024505791 0.464633152985461 0.365988027140381 0.177360227882808 0.00610120134286633 -0.049041189023066 0.13614721154104 0.0330185117428857 0.379267453368236 0.303871079745465 0.282340990402044 -0.279543301682672 0.508013276750144 -0.32537316079993 -0.0643714260536308 -0.329388403717085
0.119092669321325 0.171485714614704 -0.218508470079599 0.339377508533912 0.346992981764711 0.373109370046138 0.0868316533499551 0.139118435154098 0.024986801551359 0.0350214840084862 0.202975469017961 -0.491741152696727 0.00969927507387861 -0.588334366762129 0.165185696505059 -0.131477526080827 -0.00668565042615333 -0.292104702821365 0.382082116691943 0.0972569704288583 0.505147812703035 1 0.0641641261050479 -0.0161199324984349 0.485766612731538 0.256664314201958 0.701056320293473 0.446313377644592 0.188638892951117 0.0173010337747133 0.221259380498803 -0.145701915936356 -0.279580699889241 -0.385457927068492 -0.428363716556973 -0.443743432497864 -0.141946552074424 -0.0935231140778505 0.372822200898553 -0.472837744332431 -0.27673695054812 0.601018808944906 0.28756813886263 0.29958663989348 0.11324212820332 0.203041461528525 0.292459791937089 -0.0913367728908903 0.115938256547559 0.0826460304112407 0.203590896308318 0.157176391659924 0.156333269317653 0.136409945334333 -0.0396549419343212 -0.106215258454953 0.177668544882373 0.0848101019326587 0.00155451832569328 0.0964698402556029 0.120328280890844 0.128233956122991 0.094093083597389 0.0983261816691143 0.0019905636192791 0.249457624864768 0.146188203817262 0.267686057819301 0.133337167138337 -0.27757823601634 0.488140953463548 0.0308563630279543 0.491712325201342 0.329795675706808 0.2968801460755 0.804901224867842 0.335149526311048 0.487111652761505 0.0122436729989276 -0.12948099609161 0.309995217698279 -0.171157617933977 0.12715946346323 0.0857649188624763 0.119173059912799 -0.738311970767642 0.139336816565028 -0.70994232005222 -0.198345033963798 -0.522627975566787
0.469478987569101 0.498594007821191 0.781362619779535 0.579971450914192 0.462298259862699 0.369119011964434 0.594848716375466 0.441835788926806 0.617845469800847 0.54014739906372 0.56071182616108 0.267795166222645 0.754568770878537 0.316458011867126 0.833649881024012 0.69618665408687 0.465782242616623 0.294290454183413 0.546975378506286 0.454387443022282 0.157951253088034 0.0641641261050479 1 0.793752993104258 0.61750820574349 0.535660062084657 0.320945084435693 0.212715375321502 0.482357291374612 0.419502489712282 0.638189649510198 0.535607679636136 0.532599307570839 0.400889161168855 0.294535228285385 0.221278521825646 0.270996879511433 0.207324214501949 0.206891997187533 0.06941227030335 0.322410984121918 0.129151415257047 0.57763648230825 0.463427380054181 0.532833787644393 0.424843527741998 0.49736107278773 0.375914833211798 0.420011551485385 0.365454037297717 0.415740846248664 0.341579159514778 0.217323616830369 0.350580561187089 0.437241309781242 0.36263715429692 0.513980607594995 0.506388247236019 0.301534238935437 0.296694849921946 0.487776793149775 0.339003773718237 0.540447007680551 0.419252316155618 0.812180641905758 0.485325555984382 0.615133425806187 0.428411859394673 0.456737240424819 0.238610404487131 0.4569026996435 0.584038031617255 0.364804659688108 0.334505226040379 0.193928983309713 0.164164980670325 0.359375038906439 0.315087146515391 0.39169195615562 0.48956370367197 0.525865776300493 0.482070552581922 0.391219062337801 0.606445950297809 0.818003768901529 0.186479155077763 0.109234746345831 0.204527201143725 0.517681298870962 0.243287339279798
0.392181168411956 0.528344315886326 0.767376579663155 0.739744696627872 0.337345276625826 0.310641247014526 0.510724089971 0.521159545918809 0.453552953980589 0.586772394949751 0.344022043847592 0.398767714963763 0.55781289264322 0.512532329311721 0.582826462177916 0.763348409078561 0.462685890475849 0.330248413036319 0.442303089993723 0.482412948350292 0.174810447745163 -0.0161199324984349 0.793752993104258 1 0.55372709389493 0.664086056437741 0.205405042793776 0.200486841634673 0.352538619299204 0.422128015189078 0.609184259649062 0.622171416771616 0.648589875394576 0.544637954268038 0.431056374112674 0.376847148825493 0.345305421655449 0.299929585641298 0.220240779794038 0.211771046611007 0.345423796960926 0.108450598787006 0.561906561769949 0.449284297718846 0.565681141058394 0.451346937431396 0.52259519951542 0.431557800880061 0.433832959701077 0.418110138328562 0.432108659531939 0.412596961610063 0.263712925648864 0.326914133242863 0.502460991845 0.46117919212798 0.493184092595176 0.494662936121865 0.348984617636996 0.286965122180563 0.382340980224451 0.35511141266951 0.397478854146834 0.380818061660565 0.775664808446334 0.674270958715852 0.687473272863211 0.574476363902304 0.433933000145843 0.342181727621824 0.384504574345545 0.587494997501782 0.257595471190126 0.331542730553903 0.065244910880634 0.095553073379599 0.327817251333659 0.258689473539727 0.444655957219278 0.509575851461404 0.487884570293806 0.559425280402537 0.358065526863957 0.690435995771462 0.718831402735185 0.332552216798509 0.0904220650401514 0.316252674934186 0.510906065016919 0.294353620604879
