1 0.734137998652459 0.592681574094864 0.638991591639072 0.522353366996851 0.415476786984184 0.683391367561168 0.627720158718908 0.306633502787574 0.356587524303686 0.595910171821396 0.631172256659881 0.612351400185763 0.495373141086941 0.37027544587541 0.408523307737807 0.679943941377669 0.649509382139431 0.845785903448939 0.772415727548506 0.0434093225084254 -0.0230219241550397 0.365715370374043 0.240975744618494 0.219491881261926 0.271805808845667 0.072406831375766 0.0730944340948628 0.515953735550888 0.654678429138331 0.391108551280057 0.299418557072559 0.683716197862694 0.582104632852899 0.2942226788842 0.406367239111466 0.425325739783202 0.313926526842353 0.444367509978445 0.284073477028834 0.364154745974706 0.0588529142141761 0.768021580143355 0.730806364243995 0.660594567140471 0.705209273175777 0.766476297555588 0.73402695449183 0.715000777674185 0.744550290061114 0.732641343473184 0.747779420978116 0.537736691847949 0.586523938875613 0.716208045890195 0.703995435782254 0.713878350864582 0.689748118071115 0.841799638333762 0.710303989687498 0.845570411401241 0.670036215006491 0.66935839489273 0.712625940297868 0.242442203742336 0.349268827943854 0.612024234433427 0.639252980102383 0.607436620847497 0.692066601118194 0.503035618796073 0.501199455213175 0.541846386546604 0.504946696269146 0.306593819180318 0.351097483952803 0.594814125939258 0.581545241122719 0.665264296857979 0.64727584369691 0.76872258873893 0.658539967767444 0.607843975438916 0.596967583127771 0.629562783320982 0.574185965655255 0.378600043185192 0.333944985021858 0.23724125538537 0.518508156598553
0.734137998652459 1 0.418503122220889 0.530645367500561 0.450177184915965 0.422576116039531 0.431402264537187 0.486251382271337 0.276210990154623 0.355467774662616 0.454317913658031 0.554361531010585 0.393408800151449 0.493146225448247 0.266805631174506 0.448150444723523 0.812863477946472 0.867787041716106 0.652563587523569 0.772758218081873 -0.130817321658768 -0.00615869238333262 0.234141208508648 0.224149299405399 0.211759844770365 0.279802411797289 0.0099020193714703 0.128749547490182 0.514704811840766 0.640459223798873 0.211731481376773 0.189811596720746 0.466815275631957 0.472167923013673 0.318905807174351 0.350377469357642 0.317213278760395 0.276406167586603 0.287323047422106 0.296037559611801 0.250857187902097 0.116438252211266 0.709812425250997 0.648723399246589 0.725076645381824 0.727157503939261 0.701664516345993 0.688084901127631 0.771253047190036 0.729160016084471 0.73273251941249 0.735824709481581 0.328629874574649 0.505552381322065 0.636865827537533 0.602650536993853 0.892217100079201 0.931592397178452 0.718147720580409 0.714887073900185 0.684947928168884 0.574120410678961 0.739646719425361 0.704218390840775 0.181209530528493 0.355213564484161 0.520280618180125 0.510815398307487 0.771227594906143 0.782639771711742 0.38441708531623 0.299712765151985 0.384553713446859 0.366329006972874 0.125954772565717 0.346231790628411 0.371343104204832 0.340075548377237 0.780022790890805 0.867439027882436 0.820818452826212 0.849076181937195 0.527653887915966 0.693521736801049 0.565683945125675 0.633463585782083 0.363429269069763 0.35862034504745 0.104134622511266 0.392794033142947
0.592681574094864 0.418503122220889 1 0.793786540536386 0.691361879787193 0.534050845810691 0.823530139401983 0.625121656615578 0.583980656606155 0.42913526999886 0.143836955744883 0.180445577108965 0.650795654419819 0.447099528308398 0.653474617744029 0.492437511347724 0.289585246550481 0.291207613326393 0.542696800402019 0.543845185126786 0.0878416859531573 0.0676531526438382 0.860390842698325 0.663052376691618 0.634391115910296 0.681479628899644 0.213051009488545 0.241669009992915 0.263792191927725 0.488569750510332 0.704124139766303 0.610712431000961 0.647509933930213 0.666397831593179 0.639097747757018 0.5103791465434 0.488499467528154 0.327417025447753 0.463825504234669 0.314203169826479 0.254093940621083 -0.019421581457934 0.478489773859072 0.448964931874416 0.421901135273904 0.407420005114563 0.520378177833953 0.444056167785209 0.390697201159632 0.40028883006935 0.579211584582104 0.468922210148698 0.39476427872993 0.455728430362524 0.507697472816078 0.491810755526063 0.35881540064312 0.397315411983553 0.519655910675891 0.361897304759614 0.580443670442449 0.293745403380739 0.228980528391129 0.291673512499726 0.80461197679524 0.625127163781005 0.740399816004313 0.596929586972612 0.429549251379087 0.397229155086952 0.451440705320617 0.441293256956148 0.447771740364869 0.431229913891364 0.382496568736445 0.369746346400323 0.533518430073634 0.395111945180225 0.32737458034749 0.378759520857534 0.465090469380971 0.453477858029272 0.540653007299191 0.463976282639681 0.774576806377829 0.682410680390506 0.380234592963181 0.477229625172665 0.449922217783727 0.552762778354276
0.638991591639072 0.530645367500561 0.793786540536386 1 0.61377907770742 0.719418145654334 0.764358181545806 0.809280987634067 0.514383149187598 0.599374337292734 0.211842029700354 0.37674248673079 0.572612893216855 0.629894638778299 0.477792803657042 0.617894056175014 0.380079873082081 0.370159059074519 0.545986199444682 0.670816884527476 -0.0186895047763479 0.0811574934420584 0.665027995617008 0.711780967626049 0.479479924077951 0.631094530187884 0.283499997081857 0.260968696834629 0.333010124363098 0.593405027851362 0.549623159835779 0.578591279213458 0.594803180815164 0.725798277012966 0.552476678227523 0.591527962727815 0.373233101829509 0.279133215612084 0.367035145596395 0.332775523510354 0.223920285901281 -0.00159407792234385 0.581661497079603 0.521084415716795 0.561588067914938 0.563270762788714 0.620831163622807 0.565294240700665 0.525753067815611 0.546971938330259 0.637704965338059 0.593332688726397 0.410546449205096 0.441774466816973 0.579776341819107 0.562620372829829 0.446292367222982 0.463137882499275 0.629439826226172 0.562177909575789 0.637266211066003 0.503816314129093 0.372244898900941 0.470034446172685 0.597424405118804 0.757403094653123 0.756110824199546 0.706652995930895 0.455262016392257 0.471513507885259 0.453096466731933 0.505623636434032 0.504087120732851 0.503186639467239 0.320649746458926 0.457008527323565 0.4418671608513 0.382156174923204 0.401689676071975 0.430196863575148 0.508360977260456 0.567281995639483 0.464707131433859 0.490845113023908 0.68292797421528 0.744156664521718 0.283388080516932 0.438401897644541 0.354245789792178 0.589635672746028
0.522353366996851 0.450177184915965 0.691361879787193 0.61377907770742 1 0.554530962891949 0.767316092580752 0.567953708499766 0.776648846975982 0.546406653221548 0.408046052916655 0.276992356612995 0.608171211801607 0.399376502659089 0.631488553687768 0.412543308695327 0.186266460550118 0.260270165950892 0.478923398252332 0.367288025248571 0.0378013873085692 -0.0061432494633731 0.566579266720964 0.516517621786776 0.492837411021357 0.465432159311413 0.255268808462605 0.0829364734434029 0.195585481532489 0.472832689938245 0.387162130206125 0.303939999523837 0.511966336156654 0.430846756727208 0.524796517513319 0.451387658953742 0.501131722068384 0.379562946021033 0.430601618069536 0.290664214270356 0.283686213104495 0.16458376655768 0.48507718602369 0.427397610666554 0.385263930049899 0.388275031449362 0.491996166100304 0.406199377281811 0.409521347078608 0.422325121661017 0.519006519130203 0.439627578922282 0.429227571549454 0.441448758458442 0.455402682419975 0.350173905120211 0.345259394986966 0.405354467839455 0.548225916805114 0.408193323811993 0.557430411419745 0.439707870385838 0.194710294314133 0.320925051198683 0.489939162584024 0.609152904946703 0.601675901102955 0.533971508826408 0.292272385114984 0.368574703526127 0.512290679807891 0.567567342723646 0.453281991718456 0.350272413173893 0.144916172002068 0.177750620092646 0.455734093747585 0.348010666271167 0.254065218268454 0.327845120210377 0.373773612242092 0.365137161930322 0.420733451578225 0.424296847857362 0.563940192433136 0.460938511955181 0.39748994252881 0.287758778769989 0.394533719343678 0.446265909205756
0.415476786984184 0.422576116039531 0.534050845810691 0.719418145654334 0.554530962891949 1 0.485326965144308 0.654528489100612 0.663356004201945 0.827498131546492 0.0271853764863318 0.293168341593729 0.387512736647524 0.583035877588798 0.455078363820034 0.743459915746322 0.225892780123601 0.240968533536343 0.298619697562196 0.443613888364479 -0.132971052352639 0.124100832113194 0.498427387983604 0.70979412690621 0.329308694091549 0.58754403745029 0.494315002790006 0.394478232533363 0.105672995069273 0.363988452688288 0.329016636325265 0.391283407642264 0.376384132749423 0.468222285223451 0.538525321511678 0.420190175061782 0.238698584260207 0.224940363885323 0.161433202178726 0.317928208528 0.120997266861877 -0.0307637526559925 0.457988821845952 0.424607783785177 0.415194626950421 0.39648846849519 0.410081532387679 0.379608109539936 0.401167279835609 0.392289640367784 0.496622375326118 0.460361830396434 0.240682099225135 0.312816246570307 0.374895881336094 0.427233072680662 0.285829104230165 0.370899328112134 0.479290407681257 0.409257536412733 0.410616806149318 0.41083878126796 0.194674384183797 0.324305194432393 0.451517107054965 0.720234000104252 0.559072468731497 0.511544725000168 0.279294461866364 0.348047724171548 0.392430599950953 0.361453605357903 0.276748572314537 0.28329061885963 0.1152392589047 0.341092811074954 0.310549250129801 0.245037482786055 0.201434082846523 0.288773106313404 0.33018664970446 0.418238968054492 0.323746383284709 0.399840428188404 0.478635182180856 0.622344494062038 0.213542482937566 0.461682476313045 0.242191956943861 0.481345387889367
0.683391367561168 0.431402264537187 0.823530139401983 0.764358181545806 0.767316092580752 0.485326965144308 1 0.789031756642633 0.614915010752382 0.48943718198486 0.443104889794568 0.427894605439591 0.77333397721129 0.468303028752762 0.599609474175257 0.362826386250671 0.299234838124486 0.306085928479911 0.622778080244774 0.571122048469485 0.07347974610503 0.0150428786635137 0.690548704015459 0.550055229603492 0.502750659661076 0.475732407488142 0.179888442930695 0.0224156469303193 0.395016135139913 0.625764696913464 0.64734843579081 0.568335550607295 0.731768556209015 0.660238252914754 0.484750786255084 0.493504959565016 0.525157814542673 0.328979138295206 0.49066803599786 0.250426190596614 0.311453940283546 0.09918825364998 0.546941137001699 0.533736190209999 0.435207336155333 0.470691721555919 0.591834400211238 0.505535667572426 0.451609290954496 0.497085751874198 0.564867268754348 0.508680785994126 0.555343483840096 0.5455179461098 0.55373745103895 0.490762819948441 0.34654417631343 0.365396432905122 0.638546395733748 0.502582815473648 0.713864444325202 0.552451482782922 0.303769550726293 0.400155221188955 0.53829990449414 0.590955954732436 0.687060028416059 0.630320211719754 0.33608956726072 0.406067521997734 0.496824184511299 0.626788115625458 0.566875692797845 0.523353659353881 0.380234482604099 0.310265025439494 0.592888471891435 0.469155424396013 0.337102156491605 0.329718002868067 0.465826758988463 0.411271292627719 0.527364528907728 0.338830576546013 0.636922016031426 0.470027364725899 0.318155522241884 0.219566076828631 0.434319986318554 0.50834367108057
0.627720158718908 0.486251382271337 0.625121656615578 0.809280987634067 0.567953708499766 0.654528489100612 0.789031756642633 1 0.544335240163596 0.677746625775708 0.271032132915343 0.626990322879357 0.601980553469164 0.723257641873565 0.442479187968937 0.536309147940083 0.318310888119052 0.362134759177726 0.465131276501219 0.645857008163025 -0.0287675261016347 0.0520625465477369 0.509324298471732 0.685585721872693 0.262447193926392 0.37717803205796 0.179891845247304 0.0358612939833709 0.290093790214648 0.670447576844838 0.533759943512155 0.589678649743995 0.68427704331002 0.732942769813492 0.431317808309773 0.494760549606061 0.350267760309107 0.0621236599224076 0.338788111428372 0.0446360320317668 0.140365443675832 -0.0034670333653418 0.567376068075584 0.563708553638242 0.49436366154517 0.529178484800096 0.614083445383256 0.550415790602651 0.475108230645365 0.517705819288219 0.504439990410548 0.527154102148 0.477964965351654 0.462479587400091 0.494563649986833 0.447771316982455 0.359705934054484 0.377960609852394 0.613091495643516 0.577908328949019 0.653063622023915 0.646174694640735 0.361961041590888 0.502568489803276 0.392351622106516 0.681433269794616 0.644072816888409 0.683611748889676 0.338816437691874 0.430962774759563 0.352235157150002 0.444507266825788 0.444407462511174 0.506561020519468 0.394192219976731 0.373820779715754 0.511292373061754 0.466305270972442 0.323656149870258 0.365411089377296 0.407806325141503 0.446080406320691 0.416294917471026 0.340409211863126 0.494280901969982 0.559385525469567 0.10068527148219 0.234672584216977 0.342887580217946 0.497670327125858
0.306633502787574 0.276210990154623 0.583980656606155 0.514383149187598 0.776648846975982 0.663356004201945 0.614915010752382 0.544335240163596 1 0.730369493937747 0.103618973016173 0.162850294764859 0.519057282381457 0.435730528614061 0.710373956811722 0.55840559756863 0.01933125551968 0.0775720621640489 0.180835215486201 0.220879017585534 -0.00198876513886666 -0.00131142327343144 0.611088729483507 0.685749941563596 0.460149437575219 0.534502854226666 0.454537886330829 0.226651457080371 -0.0561488354296297 0.2886910344768 0.330511744376164 0.338551449733319 0.330514919852966 0.273857881569124 0.518855688919882 0.310044741310813 0.40050666193001 0.300860708609379 0.338455871243308 0.179999206829041 0.0957265691868011 0.0613363100130545 0.327936485898981 0.289919721393554 0.199220827216898 0.167200570168809 0.330125966294162 0.248533616888631 0.221275935677551 0.222364773147772 0.385974574306551 0.292387214448713 0.292413310245824 0.314586736028788 0.279180338636402 0.215974079038558 0.156067559366234 0.23889487963035 0.336199523383839 0.270936824810457 0.39569638581718 0.29844368252044 -0.00276009473504328 0.0962066135943733 0.548010049953058 0.656371449312776 0.431005125308052 0.323506497410467 0.119478588636151 0.158919442623213 0.335491054824369 0.363233554514539 0.257078681409913 0.188211028586932 0.147284134071656 0.126952868071106 0.3147128164936 0.13138609890673 0.0719863961210411 0.161119773342341 0.126104079080879 0.254107784129462 0.257345864564348 0.251836685038778 0.462688129062032 0.432793285910168 0.273845257801718 0.274115306228319 0.435906579924397 0.359160835784752
0.356587524303686 0.355467774662616 0.42913526999886 0.599374337292734 0.546406653221548 0.827498131546492 0.48943718198486 0.677746625775708 0.730369493937747 1 0.0764884085368986 0.351401437037183 0.333221441601899 0.541676444346918 0.47934795808385 0.732659559561702 0.150823226401976 0.203133808266119 0.22431773208482 0.345648491673727 -0.0526660675096696 0.112880782708832 0.425336735970878 0.727491791467046 0.212810087670427 0.504037640433364 0.404739217097361 0.220205496919933 0.0625560325341261 0.395160441529123 0.296001924647144 0.355889547338291 0.346382220330791 0.386948050155279 0.45130204927308 0.316359799348104 0.306075662764799 0.21063778812515 0.253987786586417 0.184926369456731 0.102023598161533 0.075169225113479 0.366338960613256 0.369160340234326 0.346424051331388 0.326084015464446 0.401797369078402 0.316669777189224 0.35188576611275 0.369959384572199 0.417618696054205 0.427856761643535 0.236279880606422 0.28982346089869 0.356936824724821 0.369935235442916 0.172903700500902 0.278848460099536 0.422999541348173 0.385502485996667 0.344481918179176 0.449427323740725 0.0957800579852726 0.2820609152917 0.336974372114904 0.694885259082158 0.437898309596076 0.431998158621085 0.177064042797286 0.269400060911037 0.253852079853673 0.292190751054973 0.201313775860187 0.183804763089801 0.114439869527588 0.189390587427951 0.380236814843596 0.232549740068333 0.176367045533463 0.220906668327387 0.216650663564491 0.328990881012646 0.315426984884382 0.266960820890755 0.343651142077854 0.484183272763874 0.204899499616523 0.322135290794318 0.297139505335605 0.420297829994274
0.595910171821396 0.454317913658031 0.143836955744883 0.211842029700354 0.408046052916655 0.0271853764863318 0.443104889794568 0.271032132915343 0.103618973016173 0.0764884085368986 1 0.52495280602012 0.346213014794556 0.173508276207317 0.210383228144516 0.035717511688807 0.493346982180152 0.46921559331278 0.625068640755614 0.345896862753312 0.0211535212721333 0.0228798346227243 -0.0426024616856832 -0.153911161306037 -0.0156616633808906 -0.0128494921383961 -0.00408314813287104 -0.10085503711975 0.577080557443283 0.551387585252807 -0.00684757816574662 -0.113492888825917 0.329528707094152 0.124998794278891 0.0414822359098954 0.23270657140554 0.332765296411055 0.413889914042738 0.358031474975231 0.279556486075482 0.458279730680164 0.2947918861097 0.511463743751592 0.482463003562186 0.433507474618273 0.505239172609445 0.508283858834764 0.458861076075913 0.527573852015323 0.556032225550068 0.457063101178533 0.464385331336104 0.421598254829768 0.386985040560185 0.482669385588662 0.393100851558073 0.408076040279842 0.403104492384034 0.572669511257385 0.47427208678856 0.561010165737374 0.634062582563204 0.479028888509104 0.583454853577764 -0.149623691464661 0.0763824429231706 0.278257915635954 0.391096486715642 0.227955463884024 0.407645549650581 0.46702529221349 0.581975568654354 0.510605037643579 0.229663568273332 -0.0326751131141246 0.0323073587848845 0.348935943074774 0.384812004759269 0.482897535018342 0.372294166173465 0.527764739015166 0.352688180125254 0.373453086524055 0.29400207691455 0.254491449477875 0.0962295647181052 0.45960025849188 -0.0487749752251423 0.0174349947905699 0.187918392294831
0.631172256659881 0.554361531010585 0.180445577108965 0.37674248673079 0.276992356612995 0.293168341593729 0.427894605439591 0.626990322879357 0.162850294764859 0.351401437037183 0.52495280602012 1 0.4806067320609 0.602839082562607 0.217816864510635 0.349710778360577 0.490813635118823 0.531841430629007 0.531083515185054 0.541941225461284 -0.0676847241107089 -0.0166442594411111 0.050861990847421 0.169571335682298 -0.0960466721517863 0.0240332472657769 -0.0716053755871938 -0.116961702490867 0.48086649297579 0.657588545958949 0.254302392854718 0.22904707588963 0.487690367602443 0.455451824516021 0.0347656665705231 0.253083299822039 0.256995912798562 0.0844618910986345 0.280055247295018 0.0858394024678804 0.282941063700675 0.0967683692202567 0.517358621176405 0.512729749153766 0.484556504925562 0.534935018797395 0.575161660311164 0.516226434734074 0.543207082324425 0.577811191275111 0.453386714643794 0.550410981633593 0.384206090971114 0.379422182912927 0.526561657770535 0.457485738560562 0.400287688356359 0.42874226216208 0.591909580408857 0.610242742290035 0.58526276771814 0.756962833717954 0.513288589821551 0.673864939815794 -0.143437343882674 0.231488158775985 0.316456587003875 0.469343123711707 0.358173978247921 0.454023108433815 0.292571727927048 0.360777829619299 0.349096438405102 0.340701744695739 0.32023850474522 0.213265830799846 0.431877983687775 0.487315557750239 0.423388326140913 0.47034652771167 0.502947794937008 0.425952117462549 0.438179522694833 0.423768870190721 0.293371457163769 0.376741385892515 0.19479004733146 0.193445550266709 0.10667646849193 0.41522102740312
0.612351400185763 0.393408800151449 0.650795654419819 0.572612893216855 0.608171211801607 0.387512736647524 0.77333397721129 0.601980553469164 0.519057282381457 0.333221441601899 0.346213014794556 0.4806067320609 1 0.609159925882715 0.660403228581692 0.433080187881353 0.161102014021541 0.180059612644109 0.501834067566018 0.417695201941799 0.0613039456531617 -0.041289410566454 0.656806285293343 0.480586704129303 0.454754880907867 0.326860186656633 0.13842087690247 0.081158346188476 0.227694603252454 0.424770376571153 0.469326400417237 0.414143796217831 0.500047966791372 0.417253077080046 0.34441043202681 0.321145707496812 0.452923994158031 0.297641342393245 0.423083930418045 0.324435629839394 0.244273303012303 -0.021453472853614 0.518860679032168 0.522184704564264 0.318937476477122 0.345875590306704 0.523272522755107 0.487092005828004 0.365908002701378 0.382889977074888 0.53985719541364 0.441974834572713 0.47037425008799 0.449839609720228 0.513655821312447 0.423062713991788 0.265927868467159 0.270721468381238 0.53881366998742 0.440914476623182 0.600716400859765 0.447101734704315 0.163551664606346 0.201078366349729 0.472407167526154 0.52043455006047 0.500614484034633 0.415175316098057 0.318485008643754 0.266821308780772 0.464764888373777 0.495613912479064 0.423008923584121 0.361185728524001 0.368326180890458 0.282061035969592 0.390335121686514 0.300407395524142 0.250208480562952 0.317854093275852 0.392629846004598 0.323790449680918 0.401474915098519 0.369557484912455 0.649194757930148 0.443583606728146 0.236444524285174 0.249713753980155 0.378327288919505 0.493461633685988
0.495373141086941 0.493146225448247 0.447099528308398 0.629894638778299 0.399376502659089 0.583035877588798 0.468303028752762 0.723257641873565 0.435730528614061 0.541676444346918 0.173508276207317 0.602839082562607 0.609159925882715 1 0.528313424797887 0.712462326879614 0.215381038226663 0.324079836179499 0.319304104813942 0.503787947532038 -0.0402085762903879 -0.011921098082208 0.490933064628222 0.684322482634953 0.26748661805951 0.356858436516014 0.173166044893064 0.152310609523842 0.0847814323677435 0.575200544749378 0.297035424043531 0.39206492819176 0.405030190265357 0.480107084382206 0.382854094207068 0.427231831952816 0.308818736917541 0.044859357933489 0.354921950441876 0.0477229823945553 0.0750282480353332 -0.0535505531396096 0.542799904724076 0.559415052620537 0.44991208128271 0.459250736306465 0.565436590325361 0.543436628890921 0.424309582901601 0.438327262889164 0.500021535006554 0.506583333959064 0.325686947930781 0.382745412054837 0.443689205845518 0.4001965051187 0.335541927585881 0.354876863206217 0.433439128663308 0.481231224327612 0.403552526610174 0.412249629897314 0.213190039328519 0.354365231504297 0.362546728175638 0.65460622855558 0.494398745125893 0.530302366965277 0.315068147491133 0.310887238957856 0.27472377139215 0.293552058589806 0.253180727454331 0.256158195941319 0.331294885307924 0.300296623174049 0.277798861466178 0.295737072335138 0.334749471816388 0.424154005671495 0.391121040774214 0.488441451946993 0.350391115257021 0.41958777216202 0.531261206083849 0.666000226247828 0.151515036411056 0.290837180809493 0.29165684237664 0.395866102565756
0.37027544587541 0.266805631174506 0.653474617744029 0.477792803657042 0.631488553687768 0.455078363820034 0.599609474175257 0.442479187968937 0.710373956811722 0.47934795808385 0.210383228144516 0.217816864510635 0.660403228581692 0.528313424797887 1 0.569462923725974 -0.0102886072455564 0.0853154820920657 0.220289574978474 0.238766529948057 0.142467427054059 0.0678574817752485 0.732220847197365 0.632567656820055 0.541740847543583 0.495476421500648 0.396616679028777 0.190679878072116 0.0372077472157223 0.386372488027096 0.479357110245633 0.451405766744462 0.386857348454147 0.297185264269397 0.478860343834917 0.242562181531833 0.558633727771906 0.297702525728145 0.494025942347828 0.18440539737265 0.198138987390337 0.148286500376102 0.386972607610484 0.370950955287598 0.249835341851048 0.200604263067335 0.442122021910147 0.360800666687295 0.26579666371653 0.24044399567587 0.458025300453785 0.349079978556865 0.361800177144946 0.411798316960188 0.398245662505657 0.332616137108023 0.111156095869527 0.18910622475222 0.322153443133001 0.305558570263699 0.314126133146974 0.219649222181595 -0.0205568658726104 0.0863883822616995 0.578917867335396 0.490228303562497 0.437712304656935 0.306492094945853 0.202895459782892 0.156384938202592 0.285171170136214 0.327645345782659 0.225466284673856 0.205241752930195 0.264845456406395 0.0771821295603289 0.330322681493934 0.158105666666092 0.161784538430677 0.23954179487488 0.224381943834133 0.302679302852841 0.384546876752554 0.332727387462981 0.586312073312013 0.496947800861844 0.260634919062007 0.312045773246091 0.555182990038025 0.366142187436607
0.408523307737807 0.448150444723523 0.492437511347724 0.617894056175014 0.412543308695327 0.743459915746322 0.362826386250671 0.536309147940083 0.55840559756863 0.732659559561702 0.035717511688807 0.349710778360577 0.433080187881353 0.712462326879614 0.569462923725974 1 0.242764738303581 0.308183891265045 0.300130341664041 0.421567549642091 -0.0809198073071464 0.165404682475536 0.519355261693075 0.690453755280239 0.311934853903035 0.526377657820407 0.323112698670344 0.48325074958711 0.123880346021506 0.428287419455057 0.243812084249786 0.361238469098753 0.224516120258456 0.346277707685379 0.422643243358759 0.315681590721204 0.252550043663328 0.280981194923536 0.214911570166702 0.33858201685644 0.0981612915750964 -0.0596741464288163 0.458292037381491 0.394048955487491 0.431212221616945 0.383555994373736 0.477282732536851 0.40649490853831 0.440791900662959 0.430309561505726 0.553337597376211 0.525812660761516 0.168270144628429 0.295761469885153 0.425901982325748 0.484261059858301 0.289861046066463 0.373351374407347 0.401794274318153 0.385984150789574 0.293891012415708 0.302044205238524 0.127139365775503 0.249724708355277 0.45794889722514 0.644394854705454 0.415534772631867 0.380248409337896 0.329553955396259 0.305800264075625 0.31258926880512 0.239074785145037 0.18619126040255 0.154443046908989 0.178340351112271 0.322216007162755 0.29906129289741 0.150921866607168 0.337025136695803 0.407561574103106 0.399776516514361 0.500454833350194 0.415141316470607 0.487927796244033 0.564481520904815 0.72507896256783 0.242365962199828 0.548972556575627 0.230562953378228 0.440562996485057
0.679943941377669 0.812863477946472 0.289585246550481 0.380079873082081 0.186266460550118 0.225892780123601 0.299234838124486 0.318310888119052 0.01933125551968 0.150823226401976 0.493346982180152 0.490813635118823 0.161102014021541 0.215381038226663 -0.0102886072455564 0.242764738303581 1 0.909750798341389 0.712382665651769 0.72541963409568 -0.0885826881526015 0.0930093856506463 0.0472237157735154 -0.0510820823720891 0.086132267872098 0.185036151132246 -0.0634727513587271 0.108808931371122 0.704577185998674 0.619477703481222 0.154815804114443 0.109704977981383 0.412986897215004 0.410684766550388 0.14891955360576 0.283053263631028 0.206526459710271 0.299304429642364 0.206539720884146 0.303770285382594 0.350312553578822 0.0519668994511039 0.581443465260517 0.520849758764441 0.60511234676518 0.623005697950458 0.570118409950169 0.547775061039927 0.664953765402734 0.645735399948372 0.580991564286833 0.63353054630001 0.279716048066625 0.450448140040909 0.548756378991986 0.575570082276274 0.862801479292717 0.846494679744597 0.610577754438484 0.541471716703089 0.614069145365676 0.521215790397301 0.859248682887728 0.777771344325798 0.00516687324079958 0.128005910831184 0.372847864000001 0.424176911434397 0.641363388875238 0.718305942507863 0.37839610841257 0.284805797158975 0.448237084022733 0.397381225233395 0.102176557413052 0.405495257673776 0.402616665650146 0.349624597488427 0.834589569320253 0.770325925022651 0.826534265850441 0.760950257287772 0.531029443564003 0.578999199713118 0.40882184345992 0.448534293491718 0.35980162922568 0.295510290650226 -0.0425255266604727 0.306677735113334
0.649509382139431 0.867787041716106 0.291207613326393 0.370159059074519 0.260270165950892 0.240968533536343 0.306085928479911 0.362134759177726 0.0775720621640489 0.203133808266119 0.46921559331278 0.531841430629007 0.180059612644109 0.324079836179499 0.0853154820920657 0.308183891265045 0.909750798341389 1 0.674969812641904 0.721480936128521 -0.074207393476535 0.0779679840053564 0.0733719211181167 0.0200212196837492 0.105073117333445 0.180234189846222 -0.0592806128286916 0.052447659571942 0.602867945002691 0.699281732122456 0.18743720209608 0.156760354719612 0.455518062515117 0.452259625744594 0.214317669551184 0.300100304524373 0.27744732732809 0.266024248918048 0.287352866521692 0.199968237572834 0.308480122453574 0.128559141562692 0.608903740704272 0.543941158124405 0.638274717325301 0.642448954118147 0.610262155160271 0.588771845508207 0.681058037185544 0.651223309948121 0.592509266717636 0.644897076999283 0.298555065434588 0.481873761796639 0.577923238492317 0.574645968028656 0.876450152914063 0.903502384465727 0.594309769762102 0.552235168783889 0.561006859438904 0.487953290597324 0.825982728580686 0.789206351358444 0.0354449887718879 0.162046945165952 0.406388583847752 0.442682650286906 0.664467504398635 0.745435569030153 0.308267344130666 0.235132674601935 0.346813005416434 0.348565468985205 0.084795515323532 0.315588534882717 0.435158386661236 0.371265117625802 0.841529826556365 0.841007296262965 0.837814527536135 0.811296173220303 0.598047282720804 0.639318287641991 0.464328007574437 0.514089167667249 0.339781031912009 0.288642880030695 0.0791295007813028 0.295749726405072
0.845785903448939 0.652563587523569 0.542696800402019 0.545986199444682 0.478923398252332 0.298619697562196 0.622778080244774 0.465131276501219 0.180835215486201 0.22431773208482 0.625068640755614 0.531083515185054 0.501834067566018 0.319304104813942 0.220289574978474 0.300130341664041 0.712382665651769 0.674969812641904 1 0.698415432908052 -0.0729110791024781 -0.00222211239629328 0.236958096990355 0.080461482023128 0.188444942078097 0.247700332149636 -0.0688356075560088 0.00615014583255292 0.682018897220595 0.655924658282853 0.309519211181811 0.176832869445564 0.567552957832227 0.495416978658312 0.249235567329165 0.432173593306532 0.364577106843757 0.465956709963616 0.417098340849079 0.409615227834821 0.498344817125406 0.0135601537801793 0.666727480869129 0.612793062959473 0.593130945386738 0.647522610625505 0.62739721627045 0.5707848892041 0.67521426033061 0.685265060421046 0.656089175267529 0.654637125704298 0.501658529465645 0.521685207777916 0.658370972922828 0.612134121995182 0.648756493219544 0.634220523189771 0.776474394206398 0.575755729871691 0.717702184709961 0.602330046459569 0.59963645960745 0.674606859350985 0.14777723297836 0.277266719789416 0.521909509283669 0.573494349596855 0.492877819639244 0.615099298499895 0.654496237529201 0.612026862997473 0.668255481452696 0.43728790483115 0.222652602042146 0.293016692399525 0.588922373887934 0.519459434060159 0.66177689254091 0.59387406559842 0.780918927304428 0.570149676925288 0.684564086183816 0.588516213877992 0.571160417681446 0.468954656689058 0.550856894490063 0.346469328204644 0.0512665086082138 0.481487443935979
0.772415727548506 0.772758218081873 0.543845185126786 0.670816884527476 0.367288025248571 0.443613888364479 0.571122048469485 0.645857008163025 0.220879017585534 0.345648491673727 0.345896862753312 0.541941225461284 0.417695201941799 0.503787947532038 0.238766529948057 0.421567549642091 0.72541963409568 0.721480936128521 0.698415432908052 1 -0.0994951505265455 -0.00229413820350537 0.324029669140966 0.306627732167415 0.218110335066044 0.261131229842683 0.0106788470009595 0.0762741402945734 0.544394621547016 0.696786023215704 0.46283920502341 0.42526141317637 0.69514833588784 0.690714255160547 0.264141159627932 0.416086427647258 0.202644976617734 0.10934879664648 0.264206689545529 0.163004365997989 0.140608887377654 0.0735782348466604 0.665410960994008 0.595018674537407 0.678711602152105 0.695371764142188 0.674177292358996 0.686452414018795 0.695624572360159 0.701136760908471 0.655642979628821 0.689861817923199 0.390469511998778 0.512124283230663 0.621718401385048 0.618300391671369 0.746731974675617 0.743724145879107 0.698995385421353 0.725563766455517 0.720393461250334 0.559056212535041 0.729786814945158 0.69782461008667 0.241740284923781 0.347477484814618 0.565632476524393 0.551725376120745 0.736126702488518 0.76368286105679 0.328571726389703 0.305825936946657 0.498062225688997 0.546967919426891 0.346739828561942 0.436436381547456 0.433798237535306 0.471677604046251 0.63551891380677 0.734917127386708 0.737190527283739 0.768526899868515 0.542933000794743 0.485261153300776 0.556877761370587 0.606230525470227 0.206574939711297 0.232157339650747 0.21582944719441 0.464872202229506
0.0434093225084254 -0.130817321658768 0.0878416859531573 -0.0186895047763479 0.0378013873085692 -0.132971052352639 0.07347974610503 -0.0287675261016347 -0.00198876513886666 -0.0526660675096696 0.0211535212721333 -0.0676847241107089 0.0613039456531617 -0.0402085762903879 0.142467427054059 -0.0809198073071464 -0.0885826881526015 -0.074207393476535 -0.0729110791024781 -0.0994951505265455 1 0.191954082322765 0.184920038093273 0.0141675292347384 0.128597697174224 -0.0308174903012196 0.0495626651607926 -0.058124236379023 -0.057969463452355 0.00980608164974653 0.195872525724236 0.168715804845037 0.158799159820876 0.109057648416902 0.0519023328789469 0.0347941903023066 0.140093160148764 -0.117962916000234 0.0886466269830961 -0.127025218356289 -0.0982205564303469 -0.0307285204391513 0.101761716225215 0.112207026378503 0.0718105336901534 0.0275842260480969 0.154643355611543 0.196728120078652 -0.0238573940465597 -0.0149023144953929 0.0316598289503504 0.0600635496334794 0.149569279689763 0.19995120645743 0.152372042253077 0.15010126931993 -0.0562218688841397 -0.0928440034785463 -0.0618468230168016 -0.0604025116587025 0.000316091519743564 -0.101590561668452 -0.0605588516636159 -0.0693482213892401 0.105343140266539 -0.0956836081802739 0.101035200587625 0.0489314041665529 0.0562616667908603 0.0666973125902537 -0.0241172975577942 -0.0190151723417282 -0.175543175844351 -0.00969010094562036 -0.00822865272070006 0.000749427906241309 0.0587979219541883 0.10292255438653 0.0616010759662447 -0.0799766060715499 -0.00913762168590902 -0.0108957848083381 0.0529033229824871 0.0886207900516865 0.13741554094723 -0.00248041050536224 -0.144104526000685 0.0841019947118846 0.340375203586845 0.123292790524579
-0.0230219241550397 -0.00615869238333262 0.0676531526438382 0.0811574934420584 -0.0061432494633731 0.124100832113194 0.0150428786635137 0.0520625465477369 -0.00131142327343144 0.112880782708832 0.0228798346227243 -0.0166442594411111 -0.041289410566454 -0.011921098082208 0.0678574817752485 0.165404682475536 0.0930093856506463 0.0779679840053564 -0.00222211239629328 -0.00229413820350537 0.191954082322765 1 0.12052086646562 0.110577289623309 0.0879040400801034 0.187930346339306 0.201066472304469 0.142895102825914 0.0637640580882366 0.118788990340694 0.112164851211954 0.202161737400538 0.113133884008023 0.14559809231576 0.116690113612559 0.0706027431381157 0.0879664108743178 0.066766627761241 -0.00706759543384216 0.159658152482568 0.0493214520270475 0.162687356943841 0.168117567214278 0.152382193371229 0.0762573313886937 0.0576848549916161 0.126683919461331 0.0692683462384656 0.0557076713554714 0.00369596384967522 0.135479304061287 0.0695100363534881 0.204614914496685 0.160578734209215 0.115878331179661 0.189240858099342 0.00793443768160248 0.00989488275114062 -0.072265473940309 -0.0839296943395517 -0.0667080801253471 -0.0699010130664211 -0.0108926434538395 0.0139371059739699 0.0872551064645479 0.083897373970581 0.0825093514315429 0.0758834339848966 -0.0984882876735538 -0.0224072845281251 0.0220275891335093 -0.0198561441651062 -0.0412857773683887 -0.0052797403190369 -0.146965249370995 0.12010507700921 0.110608066067435 0.0277690548948171 0.0514783817902442 -0.00187912473196576 0.0841150809284473 0.0493720391948006 0.115210206108693 0.0860952752335216 0.0935046880194102 0.0627181775603169 -0.0363031538190387 0.173203057633645 0.105799049562692 0.158313583633933
0.365715370374043 0.234141208508648 0.860390842698325 0.665027995617008 0.566579266720964 0.498427387983604 0.690548704015459 0.509324298471732 0.611088729483507 0.425336735970878 -0.0426024616856832 0.050861990847421 0.656806285293343 0.490933064628222 0.732220847197365 0.519355261693075 0.0472237157735154 0.0733719211181167 0.236958096990355 0.324029669140966 0.184920038093273 0.12052086646562 1 0.769597980795645 0.720149496237523 0.673245230171399 0.321698986091509 0.326255069041045 0.00377009696180199 0.292469660306385 0.637276813684679 0.6170458004231 0.471354501572173 0.482380192279606 0.633365134433368 0.365517306211974 0.489959090017805 0.270635734074094 0.38242686208825 0.239351960071041 0.119964514715367 0.00730708231151992 0.318421832930288 0.326471559308211 0.22387530162279 0.192039765273076 0.366073191869787 0.311211986916272 0.167886115636503 0.172209146915846 0.443446650754282 0.309124105221949 0.329764042954618 0.382626108063019 0.371295130762975 0.373914822977879 0.159411463887771 0.196515455609962 0.256818725578867 0.181042947358679 0.351267118084626 0.0587335647295096 -0.00211375448050486 9.47728536470722e-06 0.826215077884807 0.630955730628118 0.599510711587335 0.391099976060881 0.260597361792395 0.16817346097431 0.286077957271768 0.308223138619388 0.246712674235309 0.27686388869252 0.341311643215002 0.303695256302149 0.364896847410196 0.206356876840033 0.1734757773008 0.209562420094228 0.244396678392391 0.309281431248773 0.388436025972765 0.320005628124374 0.718107139384672 0.587216521310492 0.186885682515837 0.401838266036362 0.556958469280879 0.47344386242025
0.240975744618494 0.224149299405399 0.663052376691618 0.711780967626049 0.516517621786776 0.70979412690621 0.550055229603492 0.685585721872693 0.685749941563596 0.727491791467046 -0.153911161306037 0.169571335682298 0.480586704129303 0.684322482634953 0.632567656820055 0.690453755280239 -0.0510820823720891 0.0200212196837492 0.080461482023128 0.306627732167415 0.0141675292347384 0.110577289623309 0.769597980795645 1 0.49968868921681 0.668781262190119 0.385663548206535 0.278437256957605 -0.13369796020915 0.312967575730926 0.46304921718434 0.547411577262327 0.371814782344816 0.467243418044429 0.611073957774669 0.415659979815657 0.358581967489605 0.110370546994321 0.324369950102644 0.0947654809547398 0.00919534251443022 -0.0577128953041623 0.279575191910367 0.310527416881585 0.216323911421971 0.180354537970561 0.324817369136547 0.244064370237126 0.152876605816526 0.173074883774904 0.357305530562483 0.295141957128662 0.263579570549054 0.277444252749004 0.275432583563745 0.265436398185367 0.0683796442059189 0.134177989207688 0.243499242168315 0.235333405681899 0.268133587314687 0.200016154122988 -0.0773491916286519 0.0326181810425745 0.680956058953289 0.83553981064912 0.53111942160423 0.429655260317657 0.152272101027782 0.11363595568412 0.221576714550436 0.269932141141729 0.172176902491239 0.237488552766982 0.269491506974408 0.293706916974853 0.29445183282944 0.23098681376865 0.0624418968025019 0.132732019420627 0.0855599141404918 0.241555926959806 0.220377843027355 0.246239848402195 0.511095721089548 0.612562782261718 0.0892958607281692 0.383155093344767 0.48656420104157 0.417003466431014
