1 0.844096243414237 0.489687774120603 0.618547721117361 0.453827997509758 0.382127378653321 0.653471221670329 0.604577121859912 0.367362283297321 0.260326950568339 0.827911284461156 0.608386098272043 0.754600729389626 0.413907311194758 0.461093906031663 0.169816927918193 0.782108252860867 0.770228180938069 0.843696997655119 0.79125301299057 0.228218492751007 -0.352287803171394 0.244138802563549 0.050648967893674 0.181871307978284 -0.0960161900013268 0.193260589067187 -0.0235855300645547 0.847051198037696 0.745000315327869 0.316372515726637 0.0406757626133479 0.754340282278222 0.697602076549736 0.378272938306199 0.432774787738392 0.527301738197465 0.539028720362334 0.463388401028823 0.468745089378618 0.279914683422843 0.438739264112952 0.578381208511598 0.687522051923878 0.631387950051717 0.689603798186453 0.650432266984109 0.611055982109182 0.62406869406808 0.633903236361835 0.53785463372154 0.413611708471284 0.406170784714245 0.452325322063704 0.637290615062858 0.511646956506983 0.859337762184007 0.842516079899924 0.669522285955094 0.619615431561134 0.624406220552903 0.402291398804683 0.859772272825364 0.703324925577277 0.254273931415067 0.0859595875625468 0.494667966462737 0.545333015460217 0.598064914796506 0.6690557788992 0.624501546837657 0.488117335851864 0.627359090975867 0.576136893284662 0.287433114279347 0.346498997697782 0.696756213230019 0.670794972844851 0.696336055239433 0.693014797636138 0.691539830497857 0.604555391370396 0.426824363686481 0.128366332592397 0.482408052337274 0.487374570407989 0.323236518701369 0.220848993354121 0.467233025783258 0.547498134335752
0.844096243414237 1 0.353970422903379 0.654182766222142 0.300462312656397 0.29939349741234 0.548574893140038 0.587099142497982 0.245116430253213 0.293992456991441 0.713609296375757 0.583459937623917 0.538056747893033 0.365133275972209 0.26333948236271 0.133243371228011 0.78396493476203 0.901225060408001 0.76082145121981 0.840088921359662 0.16040344117634 -0.342416330581407 0.145156075135733 -0.0246289517321142 0.146943303086015 -0.12375576266874 0.044187178053697 -0.0235445674521518 0.819418266403343 0.808190462652201 0.319831424319349 0.0760030816131054 0.805755350829221 0.776614485464801 0.453320465281216 0.520409777215517 0.601342887882764 0.634711922224504 0.502227122894713 0.567619080090836 0.407749081672768 0.474789510772082 0.665340999655916 0.782535396115051 0.695448702232061 0.724758004856769 0.715389927866385 0.727869044968294 0.674944935296426 0.684678679833962 0.579960860879993 0.518829476021421 0.497838658353552 0.602563385089896 0.703335257713809 0.661940503242348 0.84399963214757 0.935650880439523 0.638574896458043 0.723304911408458 0.473983386739562 0.343732780064579 0.803879440956763 0.704543700744888 0.175419482443115 0.0343543648580636 0.515335689151041 0.585749278813355 0.55812322656513 0.728977845727002 0.619579243104542 0.522422101746092 0.67813468580165 0.627671456725337 0.315066977381572 0.299873463699211 0.664009118496142 0.711156690120511 0.711000257680919 0.741269486686801 0.681026356364681 0.627864478906992 0.453121480744882 0.154940291688718 0.370298526963571 0.509017720203175 0.3896549069028 0.276900498427641 0.432469174316716 0.622217069962275
0.489687774120603 0.353970422903379 1 0.66022854984444 0.504282063991664 0.388249024967239 0.780954982012225 0.489085666473962 0.628309637677965 0.407708967607 0.408316659514286 0.281387681432074 0.51699084192502 0.178659057543926 0.656783391354072 0.351322170367146 0.340851500104757 0.264074525559249 0.522144809382951 0.427552475170702 0.239140932370276 -0.201746062163937 0.80855101108823 0.599380982486371 0.577180068801039 0.429302705120131 0.231144186865815 0.174945033430948 0.36860268823815 0.263289295742799 0.454401153845625 0.306379465771201 0.553433112407498 0.447479542549301 0.559996421503327 0.410312650563468 0.358361707009791 0.345586980604798 0.377270548004328 0.277561305917884 0.151220004109513 0.292312523706488 0.405965863092839 0.362518278310024 0.474243263180116 0.424776896184101 0.430163575678711 0.430985484408783 0.407101357197743 0.390637057600038 0.419843092335425 0.271750141922496 0.226957506124236 0.248753783373533 0.439447261443879 0.206671780624978 0.430546760466209 0.370198169637298 0.392056232278847 0.262899157253848 0.596854139302736 0.433965845374576 0.526119586698969 0.386133289732672 0.850189651164547 0.617771099627357 0.643424387997542 0.469962916837538 0.446026840303848 0.467010171142562 0.296143735688536 0.264509962011009 0.292001347202884 0.263071306889595 0.17495721815507 0.17782197105653 0.457560561177089 0.389463577433422 0.417566833048037 0.36629244902934 0.418080608196895 0.522525306434397 0.41975007098396 0.187624753644912 0.795155426370319 0.599909374222104 0.342385879763681 0.346698942190314 0.57408451680759 0.531694998179133
0.618547721117361 0.654182766222142 0.66022854984444 1 0.393084944276292 0.458407274644654 0.758739815295786 0.796127342883099 0.437518747731681 0.555867486765686 0.552836961325392 0.614409923354925 0.472425763905724 0.449993051553357 0.404275973766876 0.423725696412351 0.529505094590754 0.542361465443305 0.600005439895466 0.612892218742915 0.151141651998213 -0.367332537808207 0.475660616941939 0.448374571038279 0.274885491467524 0.244332948960428 0.00670447457870832 -0.00580807335630997 0.606862719086377 0.609263331846043 0.572761292252413 0.427589149501134 0.776027613168749 0.769330755806483 0.659593431630778 0.631151670087756 0.567653362048675 0.611580859561442 0.567635343750938 0.51948052637791 0.225342216793102 0.320146024853375 0.638078519646822 0.677866069644519 0.672965680283384 0.681831230990293 0.646517916744215 0.667595001597342 0.588242974226951 0.602108256772195 0.598908934418013 0.558355406494878 0.415253781447475 0.53915167248716 0.65600430489002 0.530400637502854 0.621355571267138 0.617375542211295 0.519735094720501 0.530047742162538 0.604699036728817 0.577536011288572 0.703413968562439 0.711666808510864 0.537949395314736 0.533736007851391 0.733378009412474 0.790479208101936 0.42386414685075 0.604441795762435 0.447234185517906 0.47986164941263 0.436550564997302 0.392211830489254 0.168351525210647 0.159010681176436 0.516995177078436 0.585610325343435 0.581464097427522 0.554032076248827 0.521793098112219 0.683502271459998 0.453987769701613 0.316801866044646 0.56177827398328 0.735942788451565 0.379787689700047 0.460227053434123 0.605076854260265 0.706893968133851
0.453827997509758 0.300462312656397 0.504282063991664 0.393084944276292 1 0.507258772475902 0.493818938930708 0.421664860640242 0.592026932000319 0.512739666488316 0.427982404773928 0.281408457028396 0.52150653165642 0.270392053066198 0.591147021200105 0.383276266963497 0.279926843205316 0.165263982173135 0.354345480754881 0.20984762466141 0.350800658362835 -0.198878294440795 0.308940905056264 0.234558478670136 0.164442573917959 0.037193256130526 0.426876993098953 0.0386404571428423 0.306627799762763 0.166016425065273 0.0616466463932807 -0.0870856855688402 0.254318793570815 0.202146728714993 0.216444870059918 0.171570108620695 0.0849483302086744 0.0550269426807874 0.0567830886068868 0.0775214593558132 -0.14444669188094 0.135061461300068 0.142445515427616 0.19604372613086 0.307372202169016 0.294839746762623 0.266563583263341 0.142197784787621 0.305483047730214 0.324568190861305 0.327840546465938 0.18094422848267 0.278046823033751 0.163827652304572 0.269161839697672 0.0939393720306778 0.305901969397814 0.29224510769493 0.318483020040544 0.265816269762883 0.436792449962151 0.392581597738216 0.453384371735057 0.368779619283465 0.368336477045016 0.236479499677715 0.205115966226869 0.155838828506242 0.200317679021918 0.199180934164823 0.243516751047583 -0.0107071633672952 0.14809094244714 0.160185700775821 -0.0262134599671273 0.193473752859149 0.192989530075988 0.158281205580357 0.259205481659987 0.0790039327660412 0.22306998575228 0.174026693101944 0.113101508425676 -0.0133897500436124 0.461658841871571 0.303530557792159 0.0439261805559815 0.00666494633904724 0.343285628680407 0.412102623208369
0.382127378653321 0.29939349741234 0.388249024967239 0.458407274644654 0.507258772475902 1 0.441254304926144 0.611832363619056 0.591378493820928 0.662231043816596 0.452884883147058 0.568373069603719 0.512536611281792 0.586567912288587 0.518002026735666 0.617162060808696 0.377303384668059 0.147193607156715 0.401412275357673 0.302533790331739 0.0583428888723239 -0.252535368479137 0.314602548242209 0.443925058883435 0.272529679555943 0.159020606315208 0.196331584318313 0.296557698943991 0.357304387232721 0.342164869348919 0.101171770885091 0.0148475513880394 0.415686286289377 0.432250382558755 0.471667266745298 0.429223948039622 0.294904295274869 0.215162775439413 0.347686785965938 0.200557604560233 0.0235007475640977 0.335639396317769 0.328185757999692 0.348928808094672 0.312591172265073 0.410973155697036 0.41166785705167 0.308062790847487 0.32237563596667 0.38962237837935 0.335033573602481 0.260029328151016 0.365566733319473 0.303025867552708 0.44978822321864 0.181399507860985 0.39190444050632 0.260911787056206 0.273318031577815 0.277188624211273 0.448052235967118 0.621950984909325 0.41332149456403 0.452929042202232 0.344374155179075 0.422356273610097 0.235251068910397 0.299581848305409 0.472379221870105 0.378935063603724 0.368099771034449 0.110091725129735 0.311710414341686 0.379044507119305 0.258290885696734 0.329672261732855 0.297954587549852 0.321359306352644 0.460199404710241 0.337375081104014 0.463136654019361 0.467333148395024 0.307825229925696 0.0515816192528302 0.499060876190664 0.480965841195213 0.301210085053428 0.0992650838421095 0.425977220066184 0.46237003708774
0.653471221670329 0.548574893140038 0.780954982012225 0.758739815295786 0.493818938930708 0.441254304926144 1 0.78664543723353 0.682084842076367 0.494090096981496 0.535389599474299 0.602303610956626 0.630422451699274 0.319128289174133 0.550913075146615 0.314277009962978 0.399014784921196 0.454610003681024 0.606852042770105 0.523595603004445 0.0402932888981822 -0.284944490619147 0.46549491549443 0.317275211378119 0.17866354964896 0.0322746603254376 -0.00986501140655284 -0.096546065273637 0.500770912222642 0.424508230569644 0.414332631782694 0.20768084536559 0.658753895014439 0.603036857692671 0.505268732283236 0.41924825471427 0.411297155898632 0.418394932800445 0.423560228014739 0.381349638962568 0.261503345328271 0.22085323318635 0.55993823037274 0.573136224569355 0.627369835087572 0.597768418203847 0.562322803070596 0.556069295516438 0.581264037564312 0.622156625686176 0.607031382153209 0.519293351368382 0.317969697287459 0.435274291345876 0.553359820369286 0.410660060863051 0.575486079876079 0.557601088943337 0.597707853012094 0.476073470307921 0.864885967815146 0.620425035908246 0.690475525782579 0.725528729322303 0.659474258826962 0.495878826917567 0.738378109192227 0.680763006132029 0.404364614462843 0.508505056790016 0.339574259426735 0.385348830076148 0.299629600966819 0.245310225555435 0.139637393766227 0.0730336887686937 0.542356052113526 0.526833847054029 0.433804194791085 0.449213092500305 0.381341080410371 0.501372099901268 0.344908576993492 0.0665054639759849 0.665996380037181 0.657088614177431 0.261594467921253 0.256095056133035 0.671329390628921 0.636083393836527
0.604577121859912 0.587099142497982 0.489085666473962 0.796127342883099 0.421664860640242 0.611832363619056 0.78664543723353 1 0.553877673985072 0.664066574861636 0.494869656976258 0.751869470404402 0.497865621122757 0.544117322455042 0.382344675741848 0.446908900144855 0.457272375806199 0.459859588487272 0.55436809946322 0.513140254440852 0.0288848517687998 -0.346647466817654 0.222528753934506 0.270585564239547 0.0604132038329895 0.00568763057381433 0.016046240594891 -0.0647486020631166 0.53947585573301 0.545273453135751 0.428778154365666 0.260714815952977 0.62778123329027 0.669740412666209 0.511867718601256 0.450536624681723 0.431226837570752 0.440552434845664 0.405866573774117 0.369580188619876 0.214554431536473 0.229970099881976 0.580611080858018 0.628621440868683 0.651974028031072 0.70159754099991 0.617402660812305 0.549812947316575 0.619072340461737 0.697807145716172 0.632737770226515 0.625169270793516 0.474153887360784 0.547346833783634 0.60311033572981 0.443853704569238 0.57693237334932 0.545165025135956 0.576117509635345 0.575559241438196 0.737448043600345 0.810739317919876 0.624192854603869 0.82286736748983 0.40445061527917 0.48026920687083 0.595094091943264 0.708142324259369 0.461422902720398 0.522432418236222 0.397287169389954 0.410122867046201 0.36482975990965 0.365285596868879 0.129640513923599 0.203402352220415 0.49934824065945 0.521412493012473 0.478057634754474 0.452015973285698 0.438224728159487 0.514019162223592 0.242135251342227 0.0313704145203994 0.463329807892767 0.655438269060458 0.154278728600553 0.164368565030769 0.545322983248698 0.649937842281156
0.367362283297321 0.245116430253213 0.628309637677965 0.437518747731681 0.592026932000319 0.591378493820928 0.682084842076367 0.553877673985072 1 0.600754306317588 0.322125076761766 0.378452798322039 0.489675892812201 0.308259670897732 0.678652755066378 0.453853641644372 0.216389526362528 0.0731057224349231 0.322430358281066 0.176082315307259 0.183689112384827 -0.121887814198962 0.397160212131917 0.345230772504632 0.252935446762124 0.111862278954129 0.105703692332054 0.123530178026566 0.254614531072826 0.146604190728686 0.131559612104462 -0.0530510077345783 0.38050683501275 0.354827787961279 0.401989297855461 0.315831766765651 0.206942254548665 0.156657975279423 0.304434296111227 0.178110665655485 0.0646352863243352 0.223052351915175 0.335370691150492 0.301498081548871 0.318432682164934 0.309496622576438 0.357339440514359 0.310637147602368 0.402732624048539 0.438395654300878 0.420134017082025 0.318209617973859 0.270392218299041 0.20542250553736 0.37652280250791 0.173601917131375 0.318399748074942 0.245332485238379 0.458717037027628 0.352989842923072 0.653606353975106 0.516644438924468 0.402112747330661 0.388655144371694 0.549159321175133 0.476354524573317 0.410549422039451 0.321399284157825 0.291733130661074 0.314035420776093 0.216644374032665 0.0565734490510125 0.208785654012337 0.183702277984203 0.172887101422817 0.145353525686328 0.227989601999103 0.285351045351907 0.278094640981175 0.21447659080116 0.282321636471407 0.304313804320906 0.205506846827495 0.0077589557491236 0.624647064464701 0.474643629642749 0.243398790366941 0.0719843247936248 0.594821446785623 0.481135179121634
0.260326950568339 0.293992456991441 0.407708967607 0.555867486765686 0.512739666488316 0.662231043816596 0.494090096981496 0.664066574861636 0.600754306317588 1 0.274727594946837 0.454982312281516 0.29652113812911 0.435394426899076 0.427339925665825 0.645653501647038 0.202091105483671 0.135670005419718 0.214723968842599 0.19652963158699 0.108255291825354 -0.282173025916736 0.229841232669611 0.386233130938041 0.136789988842174 0.146540057991599 0.0571257312815248 0.131428274097184 0.236555878346989 0.232873742226086 0.155841144041842 0.0463110412857369 0.35457432641457 0.372313266906433 0.444888455088435 0.378513734270875 0.214543848800118 0.256481426369659 0.236832591357988 0.216730672990536 0.0049522058872543 0.193039377909301 0.316881680607521 0.305709087631945 0.372808325475135 0.382162595808474 0.343632326024421 0.31018670015995 0.415200114272969 0.464791382726372 0.451919963254466 0.429312518948064 0.406379152275039 0.423573523017831 0.397441973203977 0.260067455283872 0.275798656258329 0.274210037935344 0.339645649944179 0.41537907515398 0.446299641233115 0.707167181975156 0.366151223910841 0.528867122162237 0.368513721610374 0.482579798191099 0.332179159146976 0.312745393585373 0.205565028325161 0.282970830126785 0.228062803360274 0.0368508060236981 0.211511812456855 0.233633391311205 0.108167290016018 0.136828998204113 0.105048504576737 0.239141197591199 0.260461949027136 0.152461056167073 0.225160409841919 0.306220666305552 0.18892820280914 -0.0110546031855629 0.433509687404207 0.518449187599971 0.21091513025211 0.154237678165248 0.455598429033246 0.594282623711591
0.827911284461156 0.713609296375757 0.408316659514286 0.552836961325392 0.427982404773928 0.452884883147058 0.535389599474299 0.494869656976258 0.322125076761766 0.274727594946837 1 0.614913492890465 0.826653640496039 0.476051544189707 0.513519808486112 0.292211455090593 0.792163252140714 0.662235347538411 0.761571110903795 0.727459703450861 0.186994909629146 -0.479465703225058 0.307511898531719 0.131141283704541 0.193528434151833 -0.100193651320903 0.168680548642291 0.0418558015161705 0.876923946258227 0.786473961735301 0.315071895335941 -0.000424978228107791 0.727705370640144 0.668583772963437 0.408420703716303 0.497087017741038 0.572149992869427 0.570367697839321 0.566371313510541 0.465919531950605 0.19166478796734 0.5157005490122 0.521458444741716 0.674599086782987 0.484809372222981 0.587151073803544 0.553888358670532 0.613217767772157 0.408350934040894 0.454686461867118 0.33462999598103 0.234938697345222 0.294425073009611 0.347336157583267 0.576215610575398 0.483726390033852 0.688962707614152 0.665055639522394 0.385170037353219 0.409076311574433 0.445936614838734 0.366041420847705 0.832046631179547 0.582241861198334 0.204101117531816 0.0518516437327082 0.327212936808292 0.420823190322586 0.505287025841043 0.606988142866475 0.674324548178672 0.54298881292333 0.683092300301395 0.633754701461385 0.384191231054903 0.424972490028075 0.636360674439274 0.659180108537927 0.743027517962197 0.720664460806317 0.719001888685218 0.612430673397297 0.475641689508805 0.211051135377909 0.450132014574144 0.396488716768812 0.458926952202909 0.270279245508147 0.435128674171498 0.441174427392477
0.608386098272043 0.583459937623917 0.281387681432074 0.614409923354925 0.281408457028396 0.568373069603719 0.602303610956626 0.751869470404402 0.378452798322039 0.454982312281516 0.614913492890465 1 0.618798886425153 0.766365754023978 0.387602951964395 0.496289446110241 0.460820711796099 0.462607720977029 0.527309070503038 0.574738303181802 -0.0537778309564675 -0.270439132746783 0.189474870826876 0.252103448734156 0.0342128858653249 -0.0755531806315646 -0.131092443892563 0.00247304676089256 0.578859191726619 0.655355208665417 0.325697461805542 0.168863768360354 0.576629579817021 0.608982836828596 0.387950604642411 0.406156260521322 0.406450663289387 0.443430950431581 0.45630682677496 0.441957736714487 0.269058938930226 0.298039680830381 0.467811817064266 0.56424520770381 0.412163583543462 0.505394795811559 0.454268692595048 0.500024935653733 0.40168928825615 0.482253373944513 0.377512713974487 0.402500074207197 0.263381830578803 0.373239444144416 0.502480195801462 0.478478451480576 0.522811356455449 0.490001726342229 0.419027514081299 0.435291834861037 0.581150936918643 0.716172002869503 0.656466442853329 0.796136221301561 0.217984555058962 0.28042980300989 0.366210953753856 0.50393708500208 0.401525090906489 0.45462698757436 0.414723680749737 0.481172849799945 0.439319872302601 0.446851542029244 0.272907532287717 0.204906828658085 0.455280311417068 0.465644426596837 0.495335750014351 0.546970572036868 0.477912276782306 0.55862781666474 0.37033782817633 0.23682911882806 0.406622077721334 0.635317393499431 0.332611760015511 0.304166848297379 0.438982773351297 0.551779250846086
0.754600729389626 0.538056747893033 0.51699084192502 0.472425763905724 0.52150653165642 0.512536611281792 0.630422451699274 0.497865621122757 0.489675892812201 0.29652113812911 0.826653640496039 0.618798886425153 1 0.563377789342316 0.719065042530454 0.404754349636878 0.576257602545225 0.475383559672598 0.677325297123397 0.58907942870039 0.110597348692966 -0.31654001537998 0.421644743211945 0.279181239539246 0.226062142975983 0.0116756778892624 0.124421299857125 0.0952494705997226 0.674472820146683 0.579747643721577 0.242985641208188 0.00921864079938653 0.5910178808967 0.542170293408275 0.340065843856923 0.373443941028896 0.412565915972858 0.442327854238109 0.417332337849385 0.391277154716083 0.192674589880956 0.437734267674898 0.439261792831912 0.537883172248892 0.420800359482072 0.463801029647115 0.453419167502941 0.486665127225678 0.385567120401479 0.458028836530652 0.376044468472415 0.282685767003841 0.268344749617881 0.304530819036603 0.508993210932243 0.392601046726566 0.562558114329028 0.499482766503413 0.425709931885505 0.357449007465752 0.566100173004145 0.441778288956329 0.731955353638335 0.558857035569778 0.326625242961312 0.211585877091749 0.351042094737166 0.373783581850179 0.472702662338739 0.527125482815982 0.548924470594233 0.440983638885629 0.490914009881393 0.484589124753509 0.319305078103328 0.39323964770734 0.573542573854278 0.520955466008619 0.569950647605694 0.572998540476086 0.580166743652862 0.547644865975198 0.425502551065777 0.153401755929377 0.605956756425028 0.509770926682297 0.366916229205251 0.23798663516589 0.499224535698137 0.476078783685723
0.413907311194758 0.365133275972209 0.178659057543926 0.449993051553357 0.270392053066198 0.586567912288587 0.319128289174133 0.544117322455042 0.308259670897732 0.435394426899076 0.476051544189707 0.766365754023978 0.563377789342316 1 0.495663094692934 0.734926365905502 0.336840569734547 0.227648782524762 0.327889374206577 0.392530081967807 0.0609884757214101 -0.199177952446535 0.28626173732323 0.431915474584614 0.148745953381761 0.171799698624219 -0.0495551234542853 0.238591350319263 0.428474781658202 0.547003569458137 0.300468349952724 0.227161549002723 0.40890570340446 0.440314308928981 0.317607037385758 0.367004250383482 0.372229618996181 0.437774914561578 0.33908984746551 0.370384620427826 0.147008052532393 0.323970898339098 0.405392765199383 0.440555487615802 0.291967490697087 0.370336876088342 0.385044104871763 0.393280620921732 0.296914632433594 0.383496059760311 0.295515970505184 0.337966499991801 0.286022140235689 0.316409319207851 0.38531688413006 0.373473958205657 0.357662649856273 0.273377088100827 0.263602008590094 0.298276469663656 0.24079320426638 0.571193137416043 0.405894451025297 0.511403138583828 0.116613962332169 0.346802671073653 0.209653565945648 0.326354202838052 0.337615488857057 0.37593123554388 0.394083444533616 0.373614536624162 0.322981663984844 0.360282169281831 0.230307559107042 0.287678456135846 0.363173004920121 0.357143747049312 0.405474409642435 0.42102098934183 0.442995735311658 0.566219848288931 0.367744760230117 0.38102541190039 0.333381595475432 0.609620462281404 0.28022831378416 0.371777205712932 0.274933259309842 0.5063016468379
0.461093906031663 0.26333948236271 0.656783391354072 0.404275973766876 0.591147021200105 0.518002026735666 0.550913075146615 0.382344675741848 0.678652755066378 0.427339925665825 0.513519808486112 0.387602951964395 0.719065042530454 0.495663094692934 1 0.665551509447563 0.29416511773793 0.139428030157704 0.419628716376412 0.311906609049049 0.281339575597113 -0.246335575588151 0.678302194580622 0.6037839682794 0.424426045975712 0.305699131014911 0.178156534745741 0.284553980304411 0.358225189177792 0.273978328274752 0.27036948817426 0.115150044240559 0.367078011829765 0.338435167098466 0.340861743897291 0.320416470625274 0.296406955761557 0.321874657416637 0.313708359264984 0.28330621880525 0.122777025314842 0.354861745809818 0.279860139842531 0.279503972838275 0.238245773590052 0.263497382455111 0.334596992343594 0.31644993793276 0.263975002049532 0.352899704714936 0.303026899152034 0.210473602701164 0.295695180577133 0.245556188867852 0.395408849933734 0.207511444684156 0.362074393719967 0.234554508475204 0.277141916001363 0.235347213960411 0.39312659171633 0.464757299956807 0.441281537067067 0.292218947715764 0.516173019522062 0.481349164052957 0.26713388460274 0.172331387221906 0.36380901926953 0.373998654747251 0.326659589884598 0.239605720117955 0.300059948371978 0.31343516536772 0.271991941428398 0.274177059026722 0.30813113924307 0.306083443504177 0.365744549376238 0.325383760405484 0.407104501299404 0.451480596306232 0.455511863085758 0.230165411126078 0.731870918496346 0.577850543740256 0.365976249682254 0.340813266061806 0.513502452103819 0.531990003994827
0.169816927918193 0.133243371228011 0.351322170367146 0.423725696412351 0.383276266963497 0.617162060808696 0.314277009962978 0.446908900144855 0.453853641644372 0.645653501647038 0.292211455090593 0.496289446110241 0.404754349636878 0.734926365905502 0.665551509447563 1 0.128202988687588 0.00379366232681648 0.151816331462804 0.196763952492212 0.133885078733044 -0.19824207887944 0.506195171278521 0.725458138487468 0.26783936275545 0.410369784379943 -0.00477297890689246 0.358932157292669 0.188411892390485 0.271663706872079 0.27297964908402 0.269682481110329 0.243891131828893 0.270515432885257 0.287838792551657 0.274622851967405 0.217236882790263 0.311266889847058 0.200575384400494 0.257943399685401 -0.00129715935758631 0.283613420606647 0.220520301896743 0.218013117003955 0.130641884261618 0.178122263798504 0.232409605371291 0.251619013874318 0.137376215323248 0.236165053142568 0.188695211255981 0.21768665800354 0.207288203921122 0.236412884815307 0.223257171735972 0.189555110721545 0.177578668988774 0.0966825455855477 0.086309475606676 0.137513621905657 0.202393002063587 0.633906270444809 0.231840815711955 0.324991362230045 0.326431380352704 0.559551254463006 0.132202375777976 0.125028258330748 0.253424620865442 0.263258082021975 0.207207860430126 0.17290369305619 0.155980554096453 0.232139034706456 0.160035560616381 0.170178630135857 0.129038078126786 0.182170815122662 0.228817729502231 0.232453301049287 0.27329898530946 0.401795643155758 0.275045706524791 0.303863819745257 0.467188244979385 0.639327055712858 0.256442443344516 0.412177993228631 0.285986973836002 0.535643177143208
0.782108252860867 0.78396493476203 0.340851500104757 0.529505094590754 0.279926843205316 0.377303384668059 0.399014784921196 0.457272375806199 0.216389526362528 0.202091105483671 0.792163252140714 0.460820711796099 0.576257602545225 0.336840569734547 0.29416511773793 0.128202988687588 1 0.771290347096412 0.781342309456075 0.791786108568865 0.17196345299441 -0.405596094067417 0.227805504053421 0.0502567697342108 0.328621489174316 0.0179753072904647 0.215565952059526 0.137257226119908 0.921015216918421 0.847308691926524 0.263468626476392 -0.0219134960344922 0.804520512930381 0.778960164449991 0.519925477673011 0.550915142383349 0.655121351048736 0.599195989091904 0.583078228600992 0.502450938979378 0.221212410820343 0.614894376086375 0.612306244922065 0.737027655562841 0.551243779339849 0.653515387628608 0.680801947711899 0.690895974887944 0.499485602084032 0.495684479228306 0.39871572567891 0.292816528324776 0.441985057523579 0.421133599144491 0.662784056353773 0.47311388117195 0.796996731814994 0.776766750163366 0.446798892934958 0.476893595620834 0.380203598286276 0.265179332903171 0.773417846349615 0.501304877600719 0.194660619994373 0.0329472808494345 0.391872298634126 0.478608097093458 0.717941694338283 0.747616070534335 0.676448879510747 0.483182691924588 0.823126169922062 0.762223566139023 0.424066808219806 0.550214277929306 0.718099152940051 0.675016590683539 0.900103914867889 0.828109254511528 0.88242526634112 0.658692467823031 0.405941904574323 0.0857367483451385 0.383339480205482 0.343014240675624 0.435112949058162 0.136725215047367 0.309042043940297 0.431732795283645
0.770228180938069 0.901225060408001 0.264074525559249 0.542361465443305 0.165263982173135 0.147193607156715 0.454610003681024 0.459859588487272 0.0731057224349231 0.135670005419718 0.662235347538411 0.462607720977029 0.475383559672598 0.227648782524762 0.139428030157704 0.00379366232681648 0.771290347096412 1 0.734676945500405 0.873087783387233 0.120395381281775 -0.323784414952652 0.0729397089761548 -0.0958788004266316 0.0636187591840453 -0.176656372491147 0.0276413231409976 -0.103677614223178 0.805445953723832 0.81495161511479 0.256831494234685 0.0958367299857388 0.727145976345042 0.716025982130737 0.321975471237889 0.364271742045087 0.51309064675145 0.598401071494224 0.38049893545535 0.443794290016986 0.410957802118134 0.400879511377333 0.611892431961686 0.74537161783193 0.639770943862203 0.663919997594226 0.624318887166357 0.67824063346989 0.587100102631322 0.571048213878852 0.47120764641336 0.428984695417048 0.360343499295248 0.54001578322747 0.553202131658927 0.578176411085753 0.780438199395146 0.890589172414249 0.56104908738998 0.619833203232836 0.38395103546144 0.183727984262525 0.76214571608057 0.669544776728317 0.104709595605881 -0.0575059361674018 0.461418661214502 0.537088588108769 0.496819600067496 0.657085692676436 0.579464579699202 0.530575708784348 0.656979012531802 0.625762870504599 0.264778092831694 0.306217806249543 0.699168834243219 0.666001620437963 0.641738136289292 0.721512423650533 0.637457222338417 0.550196414376908 0.364978916173693 0.0722691085134707 0.244760510900999 0.381042572420434 0.254246133527314 0.19765373452103 0.259986460240499 0.443548224134621
0.843696997655119 0.76082145121981 0.522144809382951 0.600005439895466 0.354345480754881 0.401412275357673 0.606852042770105 0.55436809946322 0.322430358281066 0.214723968842599 0.761571110903795 0.527309070503038 0.677325297123397 0.327889374206577 0.419628716376412 0.151816331462804 0.781342309456075 0.734676945500405 1 0.8550496525557 0.0899236671636838 -0.319229446079722 0.349374261987428 0.140540271006798 0.273405386449653 -0.0189636900963846 0.127752793349951 0.0751827435090011 0.779093067708996 0.660780950388981 0.290033255787539 0.0699338525707555 0.743814544832337 0.706852907387738 0.391900955648488 0.361539008892068 0.39675492890706 0.411574607368257 0.372009195836857 0.303189881973327 0.274986816310461 0.481558681477884 0.545376905386067 0.635580882153726 0.559531283361677 0.662996525966924 0.651700962241462 0.560583399422491 0.542929648616327 0.528726560681451 0.406537313413214 0.3055447349814 0.366414744926805 0.381448128146747 0.555778450411918 0.294229576175063 0.778694708994688 0.742375300545501 0.496858730799055 0.459749195059394 0.54886256402165 0.334721676617617 0.772699902537953 0.622820406607797 0.279779138335689 0.120419589615883 0.429485473668065 0.493875321146084 0.734765185297149 0.688754968013148 0.63156551429535 0.459563788733942 0.688450865107605 0.660413109543537 0.392258351704393 0.472962065452558 0.747297924101257 0.650937616417991 0.697645311932039 0.69947316317603 0.758118853315951 0.625973575772486 0.418687578864582 0.0762764788301548 0.519055470016994 0.429875654418596 0.332755608333007 0.1071226997815 0.359552115277566 0.440781285019933
0.79125301299057 0.840088921359662 0.427552475170702 0.612892218742915 0.20984762466141 0.302533790331739 0.523595603004445 0.513140254440852 0.176082315307259 0.19652963158699 0.727459703450861 0.574738303181802 0.58907942870039 0.392530081967807 0.311906609049049 0.196763952492212 0.791786108568865 0.873087783387233 0.8550496525557 1 0.0825120776875468 -0.348835395686622 0.31691159644679 0.163551534766602 0.26141916828769 -0.0124680492281596 0.0048504254979137 0.0710337153770488 0.824188024685893 0.820402604679769 0.299239907628217 0.151473752361214 0.76977790138732 0.751457398986524 0.398974883830806 0.399566269303852 0.518484270365735 0.588519783989297 0.43745572578884 0.424545475320317 0.407422346939806 0.510284180319098 0.612105580993947 0.737345914998173 0.573801353173695 0.638430567237845 0.634188380261669 0.693101313369298 0.512657631271296 0.505349947172096 0.392230650239632 0.337325414234872 0.31830446789166 0.423766406512839 0.554180572025725 0.488660172515679 0.76463699522623 0.796206017848585 0.467935395682483 0.511745228896146 0.406388008036891 0.316733264847072 0.777797304885243 0.659981521224928 0.24130264049796 0.120866817894822 0.445649894124252 0.532349055461862 0.685640602590087 0.731940558098224 0.658580650184705 0.617105641274993 0.75431233672981 0.736530396707965 0.377772026438073 0.41560293405008 0.748599172846025 0.676989097494043 0.699839608662037 0.798899645112029 0.758788040916842 0.688188009583585 0.473983535204282 0.151384748657858 0.407132766442116 0.501325977257114 0.398560930645188 0.306613450124594 0.296590940210336 0.471623837433502
0.228218492751007 0.16040344117634 0.239140932370276 0.151141651998213 0.350800658362835 0.0583428888723239 0.0402932888981822 0.0288848517687998 0.183689112384827 0.108255291825354 0.186994909629146 -0.0537778309564675 0.110597348692966 0.0609884757214101 0.281339575597113 0.133885078733044 0.17196345299441 0.120395381281775 0.0899236671636838 0.0825120776875468 1 -0.062450272920397 0.223812569089496 0.118601949939089 0.204393198859328 0.223936978595645 0.378348027562448 0.106915787094785 0.205700983335626 0.115435877439166 0.23068366294107 0.139971793279797 0.130375747310076 0.110612728248035 0.0735083970658742 0.098232763279198 0.187821234557296 0.223911372985826 0.099926845012078 0.190908056829126 -0.147428503338379 0.184086425460268 0.0750558559598807 0.0654289560028015 0.212704286269155 0.180134594769246 0.141900141375863 0.0660249129687444 0.223695409856737 0.0921066813412571 0.167925236610616 0.00112539374383013 0.162438642654012 0.0276682217127823 0.191592223207487 0.043165729572108 0.193919727167337 0.189126336607985 0.169797719371763 0.185955435159879 -0.00706397543405094 -0.0530627132052572 0.176673308832449 0.00441569598428081 0.119931588110162 0.0289657976173242 0.116974105615025 0.03568829330053 0.0425861827174068 0.0853053934676227 0.183414011383745 0.0486581245135697 0.0768977892800571 0.0908521748826475 0.0297962548239125 0.05201223885911 0.0202164081358015 0.0969214354971023 0.21292990043814 0.0282317955106438 0.172833486962985 0.097740315083828 0.144360037062819 0.175302923537297 0.201729944169452 0.0604523832905348 0.113328926418412 0.0800771522593099 0.0993723350553704 0.139586737391027
-0.352287803171394 -0.342416330581407 -0.201746062163937 -0.367332537808207 -0.198878294440795 -0.252535368479137 -0.284944490619147 -0.346647466817654 -0.121887814198962 -0.282173025916736 -0.479465703225058 -0.270439132746783 -0.31654001537998 -0.199177952446535 -0.246335575588151 -0.19824207887944 -0.405596094067417 -0.323784414952652 -0.319229446079722 -0.348835395686622 -0.062450272920397 1 -0.142707829766005 -0.129433050728861 -0.0375908038664206 0.0687006214510832 -0.0333505556723962 0.175384858028054 -0.478785222741254 -0.460368603845628 -0.31962630010279 -0.0298599460334499 -0.424077264049844 -0.399490141792153 -0.306206239465731 -0.361320891375222 -0.415257441490617 -0.360142217399348 -0.391149938850919 -0.268498136316814 -0.0071082575845807 -0.124123680581633 -0.265568513836431 -0.412572348409784 -0.273108085730504 -0.361992312114028 -0.268090093567704 -0.406113848146153 -0.212491199221711 -0.260738719955168 -0.215699109718554 -0.186105054981032 -0.211213076763389 -0.296733881891089 -0.341798226514598 -0.398898721641183 -0.356891023443739 -0.32101867366292 -0.108735417702917 -0.204174420786717 -0.199794101201799 -0.337971458315599 -0.435145294596991 -0.289533005121863 -0.168823982866053 -0.160841371282902 -0.208065711334441 -0.263118786037193 -0.187718234763657 -0.378295653653322 -0.254419778399667 -0.287261937113042 -0.386950913747612 -0.28571546743297 -0.137397658751954 -0.157334253083392 -0.262552595795429 -0.360587965277781 -0.305601108580781 -0.395626517168455 -0.321937772193698 -0.318221219838152 -0.230692489020504 -0.00470846331099306 -0.175406336494222 -0.213519997359398 -0.30506760047982 -0.182445825648965 -0.280461309785023 -0.259681772149713
0.244138802563549 0.145156075135733 0.80855101108823 0.475660616941939 0.308940905056264 0.314602548242209 0.46549491549443 0.222528753934506 0.397160212131917 0.229841232669611 0.307511898531719 0.189474870826876 0.421644743211945 0.28626173732323 0.678302194580622 0.506195171278521 0.227805504053421 0.0729397089761548 0.349374261987428 0.31691159644679 0.223812569089496 -0.142707829766005 1 0.818422785706893 0.715415132983007 0.661320757774094 0.166740081788682 0.399896029450148 0.234281549154339 0.211382125168513 0.525839073887238 0.47133910004394 0.393652202098662 0.317537125927379 0.491599703827793 0.371831996208475 0.324676924464509 0.351287045685883 0.343134312651111 0.247578326426986 0.0990353804122116 0.353688941561199 0.265424645438961 0.2146297661254 0.238212451898816 0.218193820687793 0.259652648884426 0.312532993091263 0.139840032563967 0.130725762665689 0.138435487462068 0.0322078452589642 0.105157563604967 0.0983483225770928 0.279406705151215 0.0970837138265666 0.269482245164062 0.142422374632481 0.0578636977623564 -0.00483684485617244 0.234106494427076 0.279678646508403 0.300124493922673 0.100460498185204 0.746856497984526 0.626425924419068 0.409296048032871 0.230882634367558 0.383833896921685 0.37064345933946 0.230642911837128 0.277319346207118 0.232715027011179 0.255368874816908 0.202927337643905 0.217435242466015 0.355678041419784 0.264728555032984 0.359318458336437 0.320067571828987 0.398574083612348 0.527855107565409 0.453155025896204 0.368483654200723 0.72862954589006 0.536662204173164 0.418158171946445 0.516759743026793 0.393854446376751 0.38723033358557
0.050648967893674 -0.0246289517321142 0.599380982486371 0.448374571038279 0.234558478670136 0.443925058883435 0.317275211378119 0.270585564239547 0.345230772504632 0.386233130938041 0.131141283704541 0.252103448734156 0.279181239539246 0.431915474584614 0.6037839682794 0.725458138487468 0.0502567697342108 -0.0958788004266316 0.140540271006798 0.163551534766602 0.118601949939089 -0.129433050728861 0.818422785706893 1 0.592998647721199 0.762032060580921 0.090455605721735 0.46582981339297 0.0564322448915277 0.099169317142444 0.406445278758477 0.552886670051884 0.218507891501269 0.216499835489491 0.399627192198883 0.297826924583698 0.178129059334312 0.261713188801722 0.198763287677531 0.147243399768055 -0.0178337883945391 0.234966030985754 0.145620928670102 0.0909593596806373 0.11049221062051 0.144360417002442 0.166502882391025 0.181501384026822 0.0568898934534129 0.0860988550206543 0.100911619485464 0.0626421521960157 0.0876134857145245 0.0862593326755103 0.179187411776264 0.0144890158304625 0.125833519391965 -0.0443535055545957 -0.0144716656994372 -0.0699735690783238 0.168212682243281 0.440309981658472 0.135872686371182 0.123681178649086 0.641227833521986 0.79238122793747 0.2938072148217 0.197395997245048 0.266157053622238 0.209184533600575 0.0769692107581287 0.149940448478876 0.104501228024693 0.187506406034832 0.196030064475821 0.20299130130235 0.161940138219637 0.115990844999042 0.1955956747694 0.184410427157399 0.290338121668889 0.477307194936015 0.403790283983519 0.386728476839714 0.639699031632586 0.635296606608771 0.28952682910302 0.491079869839639 0.286317918563234 0.374539623589961
