1 0.873400727950702 0.698274157974576 0.616809653267523 0.396161027223708 0.391728973692032 0.546743862906844 0.432286734793698 0.245390094520714 -0.0247710300826934 0.633487096652948 0.262957264298215 0.517135823165438 0.379689312834288 0.49145217606574 0.527032938534344 0.798666070436871 0.747593047332593 0.85780702702297 0.774582483819112 0.225330035207011 0.209396695196095 0.68125518573703 0.520244908090136 0.723443022045329 0.363385044154622 0.496495839648683 0.538285372415658 0.660731727996104 0.557546127502639 0.574375424255151 0.309079191338029 0.632759862367113 0.62741507763959 0.471071659596797 0.410980918186051 0.62356917748353 0.419018874254332 0.443815426458056 0.557295924627858 0.541494069796969 0.500103322539147 0.73834601880475 0.698594938104605 0.656168706714369 0.69435604619574 0.726641507288747 0.673106325401026 0.701668471969749 0.657361386859933 0.662984602258385 0.601701532082262 0.678805175514611 0.60826476519844 0.664942355460376 0.680953680076818 0.92396916891583 0.812832040394403 0.6666171868559 0.502047741830288 0.49736770238977 -0.0126871631702293 0.772821787781729 0.401643484698622 0.199152915727138 0.270875587485624 0.561742761574935 0.469450356284953 0.798612313090989 0.666981963081509 0.201177405771232 0.289501859873096 0.039713958253794 0.10255945975724 0.118500891697772 0.246656970552231 0.149468825147683 0.224496645120549 0.588861256004879 0.675117544919565 0.717778168249094 0.711614783862743 0.63402494241791 0.641350139770113 0.618549087414816 0.554936651091613 0.334296771149267 0.575333770851285 0.55171275870164 0.490501135132811
0.873400727950702 1 0.573830580578149 0.570035596036612 0.342089824599 0.400142765937114 0.511900888787115 0.459338804871729 0.21718579002589 0.0418470896478963 0.527943420226029 0.3100157260119 0.47109324772815 0.450531493638586 0.499354786073977 0.569073358546085 0.855678915232603 0.885105795827842 0.856824035702718 0.86510086918039 0.211728190100731 0.242317685139249 0.634424714537569 0.488577127593953 0.733544502153994 0.340047708614489 0.538533293459278 0.559348516144681 0.744488676330615 0.705821409844928 0.622080774684076 0.363774783238794 0.644338758406782 0.673688731368044 0.460299790409732 0.462652362417326 0.664291445547478 0.441295096972734 0.429590688769068 0.539946319573124 0.620054910598995 0.563519027148393 0.767390471771276 0.742058443813849 0.65684806720696 0.718920181677724 0.751297314111416 0.709719514134904 0.659706389647847 0.655316136069477 0.622112728288534 0.615756154442348 0.681592022374566 0.646867917435842 0.646181544038009 0.699205289612698 0.899829653175533 0.875163058567138 0.572712626410785 0.503084318767296 0.394085054203518 -0.0295388702387155 0.798313807436903 0.526213646267502 0.110964189184801 0.183071222898045 0.534745475162548 0.482103904685003 0.831697978415824 0.669108101973012 0.197114717649303 0.274505328011347 -0.0261051169818545 0.182226308600793 0.100797769409936 0.347462150489277 0.193258993184407 0.280272363968562 0.687459966821134 0.746531342985436 0.739817075191565 0.659238374999841 0.622111473433821 0.608746246002951 0.491738134878159 0.509996862513701 0.334268751788278 0.454621155643455 0.495769422654268 0.504263606854184
0.698274157974576 0.573830580578149 1 0.813475322026149 0.722996926195035 0.574678145682439 0.789952823225403 0.566332503121375 0.534472549985715 0.12090556804218 0.576712754874693 0.212989704528651 0.638952422186378 0.33140623988119 0.644409253976831 0.531376988755295 0.44081979713111 0.44344845294786 0.629827140919708 0.504475723591861 0.144416165194337 0.237101879348592 0.861468495798965 0.662124311665825 0.752792777254207 0.599966532782861 0.466038728971269 0.657103887387475 0.337519496704277 0.221170771698469 0.542759761098332 0.320997524221821 0.63300415121301 0.533003708629709 0.600445733938525 0.476442226956127 0.460402801596707 0.275845723628187 0.276651813660115 0.391162763777306 0.339867197474937 0.255577747448334 0.558818891103796 0.510676659582755 0.505174437004863 0.507942015041875 0.570028442209637 0.511464905181342 0.562064413668403 0.478190182472573 0.618589613196809 0.467996081607518 0.572201346917961 0.500884474589237 0.530186664790435 0.476596107732602 0.60507133240484 0.578150452971613 0.600833831680415 0.469223912350628 0.694582305523824 0.20332682291725 0.599937605575021 0.189975844850953 0.625223286867123 0.570567327679388 0.686393590063494 0.557146990048357 0.606714340078167 0.591070887063795 0.301246390154588 0.250921376360212 0.121246535134578 0.108950099324618 0.0443163819168778 0.342507100892879 0.203257596287928 0.257471790810878 0.283253323455908 0.386479605810974 0.428175454154189 0.554221924128194 0.515551054561958 0.453688874487039 0.733380564132052 0.658670804232413 0.258491729615137 0.541128646362675 0.584431649320541 0.376907235212528
0.616809653267523 0.570035596036612 0.813475322026149 1 0.627203013865645 0.582364086849216 0.787744352621329 0.750015268184409 0.572143051256504 0.317857330888382 0.589977239862918 0.435842737331858 0.596362948311155 0.473610807463642 0.608844761171171 0.634946532446532 0.458947390099921 0.476800785874464 0.612782222551616 0.539652542432661 0.210707738057725 0.192504147722514 0.810005747120262 0.835276443750142 0.724058104125174 0.77290032687715 0.457954736903534 0.697218852116664 0.392664445002286 0.367780698943615 0.595940300127736 0.545350326946423 0.686461888922378 0.679656990054534 0.582807523134233 0.570341447491047 0.466296981632359 0.337651616518088 0.375888525754046 0.452790542990216 0.321042806247896 0.316782764889562 0.526701084788675 0.50148444083514 0.446942170093258 0.476291374439661 0.550161753029048 0.497656764000568 0.474741389222946 0.415281734818766 0.58045682297452 0.434043144746127 0.516125787180752 0.46637928682973 0.543654360442786 0.516361624235839 0.538908511395786 0.576405446673435 0.512628823592528 0.478486943715739 0.690808525284051 0.46111558095497 0.610910796452644 0.391983608170502 0.576493595887409 0.714542275870334 0.651550152613821 0.660767111458124 0.572277220333489 0.579838978643187 0.428706810323485 0.367603944387525 0.144450550622591 0.294087975313937 0.0956282490984322 0.363476295165626 0.320937692959727 0.338977362764011 0.377317148783485 0.437853113376704 0.423938853780641 0.56064549229696 0.457783303929488 0.483266063442203 0.637004328756334 0.775775329646404 0.207550284887823 0.445550487431256 0.544780329595683 0.493908585987797
0.396161027223708 0.342089824599 0.722996926195035 0.627203013865645 1 0.713519786267292 0.727717539688297 0.524021185930977 0.766158114227178 0.410003025949969 0.407702657847479 0.133470428586105 0.51261340685625 0.192158360903292 0.554506780019363 0.332043482866669 0.221539114856077 0.238275768456498 0.368253099298515 0.301065296415181 -0.0731052618942737 0.0684638235988776 0.538128326243553 0.39977667157264 0.493179501576728 0.545058178524025 0.390274481528409 0.517494470814858 0.121132541333548 0.0305452380863338 0.329782111809115 0.190901347666101 0.518874298312642 0.488950720395196 0.582729438227852 0.458868501077817 0.259571719105275 0.066531900023804 0.165732398075523 0.199846850897826 0.117516491482402 0.0104854223953183 0.380926653092677 0.328645379430963 0.450271083026213 0.406768933784688 0.449146961362419 0.41888105107484 0.426654176076614 0.39641695792931 0.497717905924382 0.374738966264867 0.436572136450781 0.408987963319049 0.436562218558104 0.295602082278685 0.364319045720901 0.419067676997708 0.449544909057916 0.3996677397719 0.646601264597306 0.377228553849976 0.336636128482997 0.102977508364955 0.636439433400548 0.568418172046543 0.638821376321192 0.582778637267947 0.435389414324208 0.447895950318793 0.35211760507504 0.166515502051239 -0.00283647981974736 -0.00160260924405669 0.0898616698705651 0.231470636731866 0.411133615680943 0.512511080457726 0.179685451920786 0.28338507183136 0.278934795178171 0.315156608163684 0.328798273593705 0.129854843058951 0.476098819677842 0.518884963325494 0.123229516989725 0.213803975358313 0.545983469085442 0.356172322351528
0.391728973692032 0.400142765937114 0.574678145682439 0.582364086849216 0.713519786267292 1 0.660337688984378 0.579362338455777 0.644425366484003 0.465730843599305 0.338538510621676 0.145940739116517 0.411330002610193 0.194907389129651 0.497625174233974 0.422746708149859 0.263543041894617 0.30069685627378 0.38976127076453 0.363927613615533 -0.0787974206761887 0.117563003336309 0.485034061712587 0.376872127483912 0.50445469051129 0.495236249404978 0.470035619048709 0.645580964211725 0.175948565972891 0.177914723016096 0.345395758675175 0.153266206351271 0.547753090430429 0.528289586643118 0.493998006900004 0.480278200163248 0.252427146202872 0.184658343658923 0.125381350949009 0.273049338793434 0.115887005398034 0.0790403005243748 0.407897779643186 0.350902292041955 0.478877067035746 0.464451383982451 0.46941414639906 0.461417555918372 0.463380620921773 0.472977091624789 0.527328204631392 0.462529115247198 0.502218552702769 0.49276855234797 0.445761628012885 0.350596132898806 0.376473547291641 0.446740487587893 0.437820890310068 0.415943651635213 0.536763416187083 0.391955043330367 0.407740614432479 0.237012957287795 0.499328058259255 0.48000914747982 0.613651625299208 0.603896277591117 0.47537685686408 0.518102041897316 0.391678712284629 0.180108296312639 0.0204664431908616 0.0332116931182339 0.0974503650438534 0.242975831712824 0.436910889046305 0.472919644420308 0.257886173413726 0.34352433267623 0.333764341209614 0.325993216676036 0.324229734446887 0.149507124668459 0.46196050222517 0.524329922977816 0.187887762091279 0.218554238397824 0.555152107705298 0.392002702363192
0.546743862906844 0.511900888787115 0.789952823225403 0.787744352621329 0.727717539688297 0.660337688984378 1 0.832491550758798 0.713304115742553 0.360780751100288 0.560034894159338 0.289652563331736 0.550117485337281 0.315724954417539 0.582317700229948 0.419015928603405 0.391358276893031 0.424799603642503 0.571789958347213 0.521574519984336 0.11031862675996 0.132841828461488 0.643471878777031 0.530136514361526 0.594570418326941 0.636022304512122 0.432187689943404 0.605260983602321 0.321850833101443 0.271541821765184 0.526114742466214 0.317579597035858 0.708881299260126 0.720485900591573 0.663194787061207 0.543954648597526 0.389386256145247 0.20838994106569 0.306599371546737 0.329804516589596 0.254635447523334 0.108042824219808 0.473314802803346 0.446429130579032 0.471311745888693 0.48074436841411 0.541774213743186 0.51155793309669 0.490231155655324 0.448332318291471 0.583456548601841 0.486382454175218 0.515424515562217 0.496932007972036 0.544584361161107 0.486660490430722 0.511348545614605 0.574449786428732 0.512498407104285 0.43855958473177 0.725834720813362 0.485637885906006 0.541079393957485 0.408168880964048 0.569555009188245 0.566915625994228 0.706290309304528 0.7253118903201 0.593459227489878 0.603111749638408 0.424285148696003 0.385124871126806 0.0851055537875455 0.26806470680118 0.0602620962378454 0.349710032247306 0.459069089857384 0.501678123840658 0.309983695385748 0.388482502616956 0.341797122254205 0.428467975359327 0.34549245208453 0.248404589375158 0.542912169670394 0.6356009399586 0.13902755758633 0.222697925570452 0.575807859636772 0.418216040331721
0.432286734793698 0.459338804871729 0.566332503121375 0.750015268184409 0.524021185930977 0.579362338455777 0.832491550758798 1 0.574687013208727 0.447314031402623 0.503297549785499 0.505957095943933 0.466854875375134 0.492287224339427 0.503308606541525 0.48745341743401 0.333712903215981 0.393956562226708 0.497373198831558 0.487468696885907 0.11976210097494 0.0465339399803387 0.481080071663211 0.532101696258444 0.44620376164397 0.590978759127597 0.277956443837307 0.536933791218099 0.361119658034678 0.41229633111539 0.469876802786591 0.388500118386904 0.593988597508278 0.696907256638805 0.451441135835888 0.404896341931235 0.31079472678223 0.162282414315887 0.237211107353584 0.226214744178856 0.235207448018623 0.169206719047764 0.333819180529203 0.361587482998176 0.286151817045967 0.325061327177274 0.377000626080333 0.359288496251764 0.278709674717592 0.26231004769835 0.37203270050725 0.293045092285361 0.33988508472269 0.374186285575106 0.385613369474916 0.384137151762138 0.383742800515042 0.491954576054169 0.274892550384732 0.284784957232571 0.522885618022213 0.594740551246406 0.487421392227087 0.592367160313123 0.340624686759764 0.426810056911802 0.438730395886892 0.563577576861366 0.429439328443435 0.443399357989319 0.409160511572254 0.424675149665921 0.150518535699588 0.400586508810743 0.0387698622706463 0.372266528509596 0.458099034152823 0.462102605566237 0.301348101385757 0.343111549661287 0.330825654780676 0.432379585081516 0.285696622482346 0.217576270638147 0.418444418319386 0.620408827625517 0.0416709339915342 0.1055992679087 0.395156401067288 0.374118566491372
0.245390094520714 0.21718579002589 0.534472549985715 0.572143051256504 0.766158114227178 0.644425366484003 0.713304115742553 0.574687013208727 1 0.650064997987337 0.346587890133762 0.204280135372209 0.431853540659047 0.254777956814841 0.582686774257813 0.280284934914604 0.0921770889109495 0.171940120306162 0.290665625055592 0.202472551529681 -0.0484509755118299 -0.0182623864417855 0.395178175754488 0.365394438143654 0.359343551936805 0.573250638661624 0.385614859593558 0.376875770101898 -0.00121604073526926 0.0241107253709892 0.226815609010171 0.204660549478249 0.528865935080734 0.499622500511458 0.572341306909455 0.450414981921438 0.18798148967795 0.0617900721735491 0.227391880259276 0.128791126389452 0.0318638407062596 -0.0762978856255689 0.255160743510214 0.201522022259306 0.334889219302112 0.327749780232087 0.362449118544768 0.328880308847663 0.344176039454556 0.355676103628978 0.460238166879925 0.354257031206438 0.370985043643054 0.395701770250784 0.39951882384704 0.264209797774113 0.23657364798967 0.343645777522143 0.358615422487384 0.365285333550786 0.629282751328423 0.591769746953561 0.25840715951176 0.1608644666923 0.690307042359573 0.544044699454175 0.558712859504357 0.55194882025112 0.330825153695947 0.325327535204792 0.393078001088667 0.244225697438302 -0.0557142976743196 -0.0121943394727997 0.0163475715985136 0.165615148336962 0.561640089116759 0.552956579624129 0.158137164327515 0.21595235694401 0.150077302631806 0.204212966462833 0.234634113583032 0.0983085441988514 0.4314981398812 0.51251230714116 0.161316836646805 0.099481717200692 0.573527274868542 0.443112942348266
-0.0247710300826934 0.0418470896478963 0.12090556804218 0.317857330888382 0.410003025949969 0.465730843599305 0.360780751100288 0.447314031402623 0.650064997987337 1 0.0219641667181217 0.246108633128817 0.141447743562155 0.22349079226304 0.350337281667336 0.254729728796514 -0.0211468212506825 0.0614788474654236 0.0800755776460237 0.108953201822518 -0.0938425065631106 -0.123230660476181 0.129465272695736 0.233921199028644 0.122931339256018 0.380668282027032 0.195935542724623 0.196185195293027 -0.0628308586276068 0.0402503787320415 0.0782240079769561 0.247961242911828 0.363555229339041 0.39186572951867 0.293933682420814 0.261354309118005 0.045309610606758 -0.0783407268626938 0.214664952565751 -0.0552624751950505 -0.224448812390175 -0.172924630217658 0.0788254723281553 0.077940140694873 0.103942319444273 0.13332066004587 0.136657320552948 0.140099757485571 0.0474860091081083 0.0961033037102099 0.132327382689224 0.0685278197849637 0.1323559463903 0.170415341421527 0.176636623826344 0.0458012131583274 0.00666314429710908 0.13154760345786 -0.0165210635466284 0.0936076506365844 0.28893233902255 0.628219071509418 0.0836487557323162 0.255250188579333 0.4756412479846 0.370356503832226 0.23921185112729 0.353071050710842 0.086344746837673 0.0816454287541956 0.202986963289053 0.12384252897253 -0.113437343543634 -0.0319976802410972 0.0698015753781789 0.0916330996084544 0.536236682786522 0.493733467546833 0.171176835305398 0.145044514002439 0.0627021251713048 0.0726918236545204 0.141679663584279 -0.0847886131436129 0.227906885864774 0.375969592321673 0.199879307812554 -0.0617883942642854 0.274474016673264 0.354287149663745
0.633487096652948 0.527943420226029 0.576712754874693 0.589977239862918 0.407702657847479 0.338538510621676 0.560034894159338 0.503297549785499 0.346587890133762 0.0219641667181217 1 0.558191935187548 0.739067179608338 0.575164432736649 0.555545175912165 0.506646328397359 0.553045361922655 0.528246918333318 0.598529702077767 0.522199167030081 0.264731678685731 0.132654479836281 0.555901037005003 0.502603169146592 0.534898408456047 0.412484154396477 0.516297215165843 0.377277161021945 0.540196401457323 0.540801021186731 0.564104900209153 0.437663677565946 0.586070377729391 0.586347383571274 0.455967777326743 0.372087309626348 0.323375262160996 0.168265972072699 0.348594226406518 0.298365022648495 0.418133835658567 0.288975304988739 0.374457903057893 0.344299821262261 0.281532476958983 0.292896823145817 0.389868587982365 0.347862567625496 0.347693486007534 0.30673878000025 0.392765680159337 0.332578185924129 0.400906539629247 0.361127394760295 0.422804557872607 0.393705244053796 0.524311552507661 0.555884629362678 0.45667251222674 0.333123608687909 0.585942742900562 0.245314494760463 0.620184460723394 0.428881487438374 0.20341360704614 0.285774201727076 0.384679706138546 0.337023928140102 0.469586642121102 0.330740507686599 0.317390363867475 0.324511288076257 0.132275750641062 0.239142347934168 0.237176182434373 0.26420276367816 0.290437858973863 0.252716312397211 0.497700598784021 0.512016506469441 0.48164924517381 0.386894275659041 0.418258089401109 0.39189167751408 0.359475459789569 0.341036166929807 0.216313382562153 0.280572800197964 0.448158629410246 0.434787804663125
0.262957264298215 0.3100157260119 0.212989704528651 0.435842737331858 0.133470428586105 0.145940739116517 0.289652563331736 0.505957095943933 0.204280135372209 0.246108633128817 0.558191935187548 1 0.628656573016958 0.847541254413428 0.444274114542859 0.586158897246143 0.254685584285465 0.331605607842167 0.330242356318161 0.405193402658654 0.303640348096267 -0.087372430736749 0.349137451867007 0.485799777995597 0.18990447805729 0.391341749848318 0.224355765771905 0.206588567158628 0.401201891656219 0.575860917197269 0.491750666151643 0.610405519081604 0.429659138475093 0.478530613946811 0.24764094689497 0.126030160009854 0.164956890081669 0.135055854696097 0.248622370048238 0.0719949734416372 0.218382096097617 0.265776720013974 0.110231538158485 0.176048607570056 -0.0406767018628931 0.00277193917142938 0.0803113852989255 0.0406700506971156 -0.0293841760046082 -0.0451429298491551 -0.00683251400591759 -0.0412700497992182 0.0520210091532327 0.0692526191283763 0.105925831792961 0.148416728404556 0.143036498322486 0.29151862216718 0.0500903082242312 0.094858038428053 0.352451835271626 0.488158396881911 0.411317617014224 0.559897595489357 0.0926194120461159 0.141192820194345 0.0428413051800067 0.13891364109517 0.160263391954959 0.00744533427619197 0.352849407700873 0.420070416152488 0.212832814127616 0.411196725947022 0.115547507729491 0.248814669749865 0.222203032724186 0.126944101293051 0.366801505463773 0.25260153541016 0.326711350133387 0.238037679370829 0.267448309845917 0.192913603354658 0.182587263310156 0.246877814681517 0.164963809764151 0.0595754134235129 0.097477111205991 0.370778414421488
0.517135823165438 0.47109324772815 0.638952422186378 0.596362948311155 0.51261340685625 0.411330002610193 0.550117485337281 0.466854875375134 0.431853540659047 0.141447743562155 0.739067179608338 0.628656573016958 1 0.726749019877571 0.751002272218367 0.636609398766395 0.434806798308918 0.441027302530518 0.492728650720712 0.463405163389059 0.238112298476676 0.14780865680601 0.679474701816734 0.58170472089893 0.51179221105121 0.536918562412596 0.501949032907169 0.47536171455429 0.491432012639136 0.46817332565393 0.59992266336029 0.48033690741038 0.584930259645395 0.519922406155925 0.504928157685552 0.330421752153969 0.371620965040853 0.257504907822671 0.241486230354479 0.268814490098244 0.379080502733583 0.291435696021644 0.408724400140077 0.394566772281095 0.312148637350143 0.307587424190791 0.420263627830371 0.356857155972341 0.321855055591977 0.277796777707041 0.354772961468683 0.262708608409028 0.379366649511901 0.338814914313742 0.393112889687376 0.376216890870025 0.388234175847556 0.45250936713793 0.359386566852844 0.300113221176174 0.642027579043193 0.298094592688615 0.607011207065429 0.372047087454573 0.368135580612262 0.340206742241554 0.392407064532327 0.34298503504317 0.416125110350899 0.298398263533547 0.369093029631307 0.325106544245182 0.183989059785575 0.173471412365664 0.213484865315931 0.279167169414477 0.238124777876521 0.207414535130573 0.495064293537005 0.426185271117426 0.484873882120649 0.390739624222674 0.494690765171113 0.340935675254406 0.453864819975345 0.389703860568511 0.31423078385927 0.308461733775678 0.405911686006595 0.447644719661561
0.379689312834288 0.450531493638586 0.33140623988119 0.473610807463642 0.192158360903292 0.194907389129651 0.315724954417539 0.492287224339427 0.254777956814841 0.22349079226304 0.575164432736649 0.847541254413428 0.726749019877571 1 0.666295488480085 0.752189695043945 0.392391163272644 0.464468902412634 0.448465087039742 0.485467621488149 0.318316091041926 0.0545288662497492 0.500078226843691 0.624256307710425 0.34714047074736 0.401919644538165 0.319796599760339 0.277335059045603 0.558419170972925 0.683729745280405 0.589854646472344 0.603395838776494 0.491973638377838 0.505088318364819 0.307091168597924 0.175575594152241 0.322862068670377 0.235301363452424 0.289693713302499 0.181297857260547 0.407905439498757 0.384099187766293 0.163599371445989 0.197476194458609 0.00629700777344693 0.0643892064541617 0.152635498155894 0.0919024507213991 0.0297576866518626 0.0261772720535336 0.0818502199356651 0.021418504389228 0.176798103894063 0.200183473559197 0.203682601481554 0.243685845987418 0.303803391498987 0.390546291666856 0.0809340252956556 0.105721486380545 0.321748179680818 0.350810227797455 0.569963598244812 0.614639744901481 0.0760560301794334 0.11787752343241 0.0491434183210614 0.0898200956870402 0.223105299962005 0.0373703144930984 0.317227263245362 0.408613263466875 0.222324213540495 0.309954443169872 0.120346968776507 0.218021286816266 0.288389788455175 0.122598495519155 0.46368253745931 0.385402705095879 0.49933212024112 0.453808600817065 0.493882013095589 0.431131104090841 0.307809910700329 0.382656144856776 0.335313647645859 0.267220832522935 0.20913617436879 0.468149142311251
0.49145217606574 0.499354786073977 0.644409253976831 0.608844761171171 0.554506780019363 0.497625174233974 0.582317700229948 0.503308606541525 0.582686774257813 0.350337281667336 0.555545175912165 0.444274114542859 0.751002272218367 0.666295488480085 1 0.752964781110096 0.435464375428864 0.503601677029712 0.570647709185185 0.472382161560368 0.174070795800218 0.226636650483862 0.728804450021199 0.677137960425245 0.61383656857116 0.594282514860044 0.593871515824846 0.510895399676039 0.419398191281189 0.475152441903191 0.587242665856724 0.459932707042804 0.634020945876394 0.54253335179654 0.531520873202056 0.412149894278001 0.435347212999636 0.208641460522248 0.325107015398544 0.249819410922471 0.392398495565195 0.258899650445135 0.329969919254112 0.294192917169251 0.231598128546469 0.258208800032662 0.365066029673333 0.299243732869669 0.280793296978928 0.229109653714069 0.358964457444686 0.217438260963323 0.426986894594355 0.386664685163242 0.387695231063457 0.28551985551179 0.440756161768421 0.428849824474794 0.218014419796762 0.170795234399709 0.443649368098443 0.272224589241132 0.646733758479519 0.403644076421076 0.420711957682175 0.320423621788629 0.346353017844275 0.313569165009151 0.381249967433199 0.251231464929367 0.388078798408961 0.356968284257166 0.181333060557707 0.149524805591229 0.123011462728228 0.282324249898887 0.409731642653751 0.258856634086435 0.481320155860338 0.479521425121758 0.541308863781866 0.543566449811089 0.676563938094796 0.454304528335961 0.612836247141723 0.537913596281283 0.459283892603267 0.405574477541735 0.484559896068927 0.46752625506632
0.527032938534344 0.569073358546085 0.531376988755295 0.634946532446532 0.332043482866669 0.422746708149859 0.419015928603405 0.48745341743401 0.280284934914604 0.254729728796514 0.506646328397359 0.586158897246143 0.636609398766395 0.752189695043945 0.752964781110096 1 0.530504898214572 0.584944269558333 0.568929416433985 0.571428134050419 0.231519946784965 0.177258441885407 0.720256132970889 0.787874876345023 0.560200047350212 0.523537003214996 0.519909073908501 0.539822757170573 0.564607229182236 0.654393835989363 0.61409419476449 0.583047613203447 0.557586466511352 0.533234276780631 0.332448112007832 0.314365604074947 0.441060196692277 0.271898417910107 0.382900722159496 0.343781881115157 0.385188378109705 0.338008124998674 0.374118865206446 0.375865187086325 0.185986115946787 0.254439134061811 0.3399402628001 0.277600434210594 0.240647547604024 0.177905021512684 0.270903201119495 0.172123779329146 0.389663745356857 0.362805308504681 0.334697508904543 0.318837120970586 0.476715186408252 0.426697577685627 0.174631542569358 0.12552888867262 0.326115082716738 0.218432564572584 0.691610151945447 0.510307260273958 0.234978000415922 0.27206338761531 0.215959656636987 0.241720846986043 0.409941950683669 0.247674534091526 0.293870418955723 0.326806702622104 0.168060628524777 0.231667070415666 0.026722963162155 0.297158507918196 0.248432712361695 0.133196596804104 0.532514288754704 0.517639607891152 0.59750760562859 0.63214991139703 0.661672026107151 0.545681626620927 0.556465717896601 0.564520142241991 0.356169193859886 0.503675731144756 0.286514136238047 0.378777026414591
0.798666070436871 0.855678915232603 0.44081979713111 0.458947390099921 0.221539114856077 0.263543041894617 0.391358276893031 0.333712903215981 0.0921770889109495 -0.0211468212506825 0.553045361922655 0.254685584285465 0.434806798308918 0.392391163272644 0.435464375428864 0.530504898214572 1 0.938122061585954 0.809586995539908 0.818777553726799 0.176919289342483 0.23322078868135 0.54716808490377 0.416870948568241 0.633245869558848 0.324493172491592 0.533597457145548 0.469978950682436 0.86066581229686 0.77151117274429 0.656538713658849 0.406262533479046 0.636122708317814 0.637142670658663 0.413333292877271 0.418130380188298 0.577286188463614 0.319256636801953 0.484231884351195 0.554861261826394 0.571580719171195 0.481508012567064 0.674162024443578 0.653446517340712 0.588307070497759 0.632342887823417 0.678318838832255 0.633754819594347 0.536735347951914 0.530090503559443 0.490880063033408 0.468443854089269 0.575127165795872 0.483535283660138 0.611755103221185 0.638904882699554 0.863607860317617 0.768225147513848 0.453465277158449 0.328842411536338 0.297241711850459 -0.0950820559779943 0.819676148272593 0.528582075124254 0.0110594013147577 0.112168987336148 0.42825802521049 0.410058272936452 0.732620745425639 0.548454825452084 0.117863972314633 0.181297478128674 -0.0261278990935572 0.104042942215606 0.136670666292914 0.282592963056073 0.170966035719908 0.233815508931147 0.814328330627425 0.8621297897118 0.831287026472161 0.646382214334312 0.671687475258337 0.636279335434999 0.370380196978669 0.338856770842304 0.351267845204869 0.415107909883449 0.404015015330874 0.43124797802082
0.747593047332593 0.885105795827842 0.44344845294786 0.476800785874464 0.238275768456498 0.30069685627378 0.424799603642503 0.393956562226708 0.171940120306162 0.0614788474654236 0.528246918333318 0.331605607842167 0.441027302530518 0.464468902412634 0.503601677029712 0.584944269558333 0.938122061585954 1 0.809351269636324 0.842539389687801 0.207533000103453 0.230438164258994 0.557485223119242 0.448066082715679 0.638836195165521 0.350429782111505 0.572261244390055 0.489270294578289 0.831180706152673 0.830614160522822 0.676180726559182 0.450850803080501 0.659435960489114 0.67171107881287 0.437298144699795 0.437254683753807 0.59366398531374 0.308628665470645 0.503775948206889 0.506423407505378 0.583368236797266 0.456679393246168 0.66287494887797 0.642501228191549 0.553162193839667 0.599101861223494 0.667236126666625 0.60248834357963 0.505560080314987 0.508901513468872 0.47640882768281 0.449468240709683 0.581142364699583 0.512640941937672 0.589183483904667 0.602199810987939 0.813055071281153 0.788510264572526 0.414455392121978 0.330811820673815 0.311703376182692 -0.0360565346205138 0.839854924569265 0.599322887577869 0.0463895564495306 0.0953888076731337 0.416313570927802 0.409529580351316 0.71331322099559 0.506358951233038 0.150410007795414 0.245872280837898 -0.0480769964742927 0.140136042607841 0.10727157194243 0.33218241785028 0.24209667357634 0.246617728935227 0.822408863778735 0.84926510095381 0.81222573571813 0.642301226509879 0.651407201396309 0.631258809689363 0.366513228373749 0.344149277924077 0.380023190819525 0.404588410079692 0.42606199276495 0.4747044982898
0.85780702702297 0.856824035702718 0.629827140919708 0.612782222551616 0.368253099298515 0.38976127076453 0.571789958347213 0.497373198831558 0.290665625055592 0.0800755776460237 0.598529702077767 0.330242356318161 0.492728650720712 0.448465087039742 0.570647709185185 0.568929416433985 0.809586995539908 0.809351269636324 1 0.846339158762808 0.196708732741345 0.188820464860987 0.671664793783574 0.537095993952257 0.697545806214149 0.428995155383222 0.567872841521411 0.546784402778644 0.668827434571362 0.658959121924151 0.652971923509606 0.44188877457065 0.734952603266234 0.695560858267991 0.51946610563275 0.496363261409727 0.595631446135635 0.369106870940502 0.460910156310076 0.45881465173347 0.516236347418194 0.496350233420756 0.640701117392897 0.621788584931232 0.571178314891402 0.624546475402603 0.645209710018083 0.598416273028118 0.558009184001691 0.534103696710535 0.539121009612123 0.476076974456651 0.596084796782457 0.508875299708375 0.599184568027788 0.605903955621557 0.844101798595245 0.759395789786044 0.529997921669728 0.386034579485687 0.42920831996479 0.0361951218901619 0.78173168806571 0.490486823545838 0.194991907750196 0.237548739957195 0.515836895355683 0.466893625614458 0.760776798638887 0.599689997006937 0.201582083595501 0.322948813829902 0.0430035715701179 0.247352033767857 0.0918610433572827 0.345954863778734 0.250252246309711 0.287868725139138 0.654716368284315 0.702834238324894 0.72228801278794 0.688744843804605 0.620201669188638 0.632203810858904 0.552982015158171 0.510183665832256 0.316289821291624 0.474414321228428 0.536712150902805 0.458634235046451
0.774582483819112 0.86510086918039 0.504475723591861 0.539652542432661 0.301065296415181 0.363927613615533 0.521574519984336 0.487468696885907 0.202472551529681 0.108953201822518 0.522199167030081 0.405193402658654 0.463405163389059 0.485467621488149 0.472382161560368 0.571428134050419 0.818777553726799 0.842539389687801 0.846339158762808 1 0.24419095149444 0.14949418981956 0.57024943484637 0.45675057039164 0.569873972426303 0.302819549839452 0.462598730318659 0.462152666567635 0.75986342336732 0.756968548101979 0.651769293772383 0.451986075734433 0.681265809445203 0.718543759507357 0.427491688199545 0.383990664433646 0.606352930735645 0.356848525011331 0.459817337442375 0.450162946893579 0.532300330070375 0.512198923115079 0.66996987828291 0.680594080750075 0.571970039988605 0.634294547008906 0.650171845888062 0.606351138173878 0.519206535396084 0.50381137958784 0.4632230857327 0.4594123382577 0.528047181313228 0.475804575333574 0.566719873427249 0.61810248670354 0.786713002888676 0.720018066501835 0.463517685858055 0.346349286687572 0.348507277421885 0.036257098733719 0.760666203717859 0.613451183686386 0.0916736941044128 0.12411967889916 0.494613209026074 0.464790169137026 0.831302698604455 0.65268123330472 0.184797785074109 0.267733094239585 0.0330653258368795 0.295807314328536 0.163907409922861 0.332533452154111 0.232335832042381 0.26537888269623 0.688035884997044 0.743226675858795 0.737627693970762 0.629952768410287 0.595374215489424 0.547482229572825 0.393274409909583 0.444394086221496 0.338953534369323 0.396671218883136 0.41180395608115 0.436302820982107
0.225330035207011 0.211728190100731 0.144416165194337 0.210707738057725 -0.0731052618942737 -0.0787974206761887 0.11031862675996 0.11976210097494 -0.0484509755118299 -0.0938425065631106 0.264731678685731 0.303640348096267 0.238112298476676 0.318316091041926 0.174070795800218 0.231519946784965 0.176919289342483 0.207533000103453 0.196708732741345 0.24419095149444 1 0.134790191116277 0.284655700664104 0.303431022711752 0.24289405034781 0.171551443328493 0.12558827213606 0.135121006671719 0.238436695229815 0.314333252414815 0.393217249745283 0.281995472591378 0.168195912679006 0.202531409429918 0.0800572982366061 0.0608043618979324 0.302524293482264 0.329037852979271 0.258017172606202 0.298109772122534 0.341520532400396 0.333115503810653 0.130472759379636 0.133828315765424 0.00101047971066218 0.0142887819502452 0.10946286341258 0.0427227284977123 0.144990637092004 0.0748437174732773 0.122763933256154 0.121983609600251 0.106430887623675 0.0782145408757355 0.0661005834796684 0.162472009151853 0.157332526942802 0.107209272891334 0.112084571540919 0.0868970517206299 0.0902767108891305 0.0126769682566368 0.210589709504736 0.185439200250903 -0.0224156122621217 0.0547771002151574 0.0365421319081253 0.04445251013619 0.18054666504125 0.112851295419402 0.272134679231048 0.205285074693269 0.263266338028136 0.290257139108707 0.080993584621885 0.0481702494711485 -0.074754920462631 -0.168967081646384 0.20676881785854 0.174895806699515 0.259462522670142 0.240903869884009 0.159734596260809 0.27551749847154 0.112794912358619 0.147636477202187 0.214005083955538 0.252166282798353 0.0437108841650063 0.151063552244062
0.209396695196095 0.242317685139249 0.237101879348592 0.192504147722514 0.0684638235988776 0.117563003336309 0.132841828461488 0.0465339399803387 -0.0182623864417855 -0.123230660476181 0.132654479836281 -0.087372430736749 0.14780865680601 0.0545288662497492 0.226636650483862 0.177258441885407 0.23322078868135 0.230438164258994 0.188820464860987 0.14949418981956 0.134790191116277 1 0.294237225614921 0.259977640887996 0.356947503617538 0.151160722630207 0.236460617992054 0.317254605641652 0.276851105630161 0.245251691579661 0.291187487932379 0.116876090763569 0.142986522547189 0.157113586405674 0.134992486428992 0.218325845051016 0.30411847365279 0.340161294882511 0.131517561513993 0.425797832668339 0.365718893859336 0.288311900813584 0.308502032631649 0.278545594628735 0.207311815663439 0.232762164565768 0.303688500931404 0.291623981100615 0.213505100267216 0.22538645643865 0.267099158217564 0.265028427217635 0.2492363604604 0.230024566915128 0.291578371363898 0.329804803531959 0.228565117249056 0.229532964474981 0.218734546167866 0.209945547848724 0.0928239744224293 -0.130240573437698 0.195017210441734 0.00211525586942261 0.0651422101993579 0.129182494637035 0.200044504195176 0.1909350787263 0.202484831770936 0.229254814648381 0.183167239351417 0.210460089889982 0.16076441622016 0.14992925134782 0.129672653529659 0.263864890346567 -0.0565462465169617 0.0230971565656823 0.125394972845051 0.223490364987171 0.134939192638617 0.147812527322107 0.18631355812157 0.294098065035632 0.2331450772561 0.148256419596275 0.206089926411287 0.218631041425773 0.171025242784635 0.139627651705334
0.68125518573703 0.634424714537569 0.861468495798965 0.810005747120262 0.538128326243553 0.485034061712587 0.643471878777031 0.481080071663211 0.395178175754488 0.129465272695736 0.555901037005003 0.349137451867007 0.679474701816734 0.500078226843691 0.728804450021199 0.720256132970889 0.54716808490377 0.557485223119242 0.671664793783574 0.57024943484637 0.284655700664104 0.294237225614921 1 0.827231543395905 0.811183791994541 0.674473551808446 0.595537001563105 0.689165474345386 0.499120324402674 0.439371038870462 0.707397807942267 0.528184967533012 0.670213850646162 0.561001380381418 0.556610710157054 0.470728397117076 0.53144425774039 0.38061739290235 0.400849948873469 0.457554934557842 0.434578991347999 0.357856685138459 0.571462712674876 0.534426751019134 0.44463610342199 0.462096648417597 0.559946131030684 0.485242213273291 0.497557398499512 0.400494027837366 0.546159641841201 0.393000417858811 0.529985242897514 0.477037049640876 0.47366348447096 0.462100757421232 0.635986103535334 0.566207734342996 0.487790920852933 0.373296765592206 0.567023667690873 0.157657622427181 0.693076698800163 0.306954994892954 0.535119734655515 0.507213168130143 0.59063099072802 0.479356034512501 0.601093298704422 0.540855419385221 0.308431912548947 0.261370458030292 0.187597483390034 0.194777296350707 0.108824429173097 0.325006441701017 0.139865365753691 0.126655070014676 0.458383352050317 0.494175435818552 0.570331151918891 0.650763561051872 0.649430661066048 0.589148503204854 0.736821556592114 0.64878998818286 0.404407201137368 0.601922082070285 0.485235889109145 0.391047912780881
0.520244908090136 0.488577127593953 0.662124311665825 0.835276443750142 0.39977667157264 0.376872127483912 0.530136514361526 0.532101696258444 0.365394438143654 0.233921199028644 0.502603169146592 0.485799777995597 0.58170472089893 0.624256307710425 0.677137960425245 0.787874876345023 0.416870948568241 0.448066082715679 0.537095993952257 0.45675057039164 0.303431022711752 0.259977640887996 0.827231543395905 1 0.670618605379148 0.724292823421993 0.471351035006963 0.587603184262515 0.428342275851328 0.44877769111425 0.626794455319103 0.679882762400621 0.592844296655868 0.548237611917753 0.477486842941238 0.452124231264593 0.445880841264834 0.347025636909795 0.399552954426176 0.383960561579969 0.377676056400858 0.340984026292743 0.387483306816569 0.370829391752015 0.218313619142258 0.272357404668719 0.359962733485603 0.296280726686022 0.281014896155316 0.201840241660209 0.397542539626773 0.226275787881029 0.371173558651863 0.372749524436673 0.366691582644513 0.35524917821206 0.4572216292457 0.419549393833227 0.264613249049304 0.218894702358174 0.468008986683288 0.298443265722366 0.628908446834235 0.41152684928499 0.41608908124765 0.52323867351427 0.385033582742711 0.385807329786227 0.388674284289554 0.333862033102226 0.390810572392238 0.353125527572928 0.195060280181446 0.258838197185034 0.017444145747177 0.284214125252531 0.216747011564018 0.132166810160905 0.393253614263957 0.40975541777851 0.44127653619137 0.632888054289903 0.53322141917696 0.608982116202901 0.617303924778033 0.720948389148854 0.326960657410116 0.585682550363769 0.382652325431995 0.400704943440458
