1 0.5443001136632 0.491690317975632 0.530513415194278 0.417149430275746 0.363486721190768 0.54076119901766 0.493047108586521 0.378964791962678 0.306800946843531 0.643372185507395 0.441379879598386 0.688293566447634 0.36914602976596 0.341557584969358 0.245806813935322 0.621941612469642 0.428369707123409 0.73645134953502 0.483361454408875 0.152364544190298 0.14535877610772 0.313088484728042 0.273303466301607 0.19712101395224 0.328393907051485 0.177909862429429 0.0331990335251057 0.460085015783039 0.396583458185203 0.326677205277835 0.263277627326002 0.599140660389312 0.429057085140001 0.438774073668772 0.357398770944814 0.230799959638999 0.178182406632971 0.274095899109597 0.230253364588536 0.214658746582626 0.026123553787545 0.514898821530024 0.553691544933626 0.440004252494682 0.408954821126117 0.560818005786069 0.493983803698734 0.354720023436989 0.314277575405874 0.456212064785907 0.326804053983875 0.590403013150853 0.405435744047659 0.477519410025129 0.482217179971152 0.790924834432488 0.649774108310935 0.624196743191626 0.489406688230146 0.768753910072251 0.470405416896299 0.469757220869936 0.330285550685674 0.443961550256765 0.399384722627077 0.450858448473684 0.40515102036175 0.538624841277529 0.00274363017129889 0.453706366942398 0.503679894278581 0.490280068752487 0.388246671569184 0.204442643254703 0.00704770753090189 0.54451743791275 0.429265151981255 0.401618993995717 0.374742424424956 0.451870826571538 0.407930571538981 0.383347055677571 0.214749112405294 0.445183037239998 0.402641369900664 0.199299344666517 0.17161873952972 0.495061457809587 0.470131647578143
0.5443001136632 1 0.383592946277435 0.518236395622262 0.415741053722155 0.181091395258137 0.478494020459183 0.564355706269683 0.363482567278148 0.276582676687678 0.467727341475255 0.476180964890999 0.435461790438332 0.465898714940866 0.190886433361892 0.146976416409386 0.531552245371879 0.754085626443404 0.542743540273631 0.671773304897389 0.0966854385032471 0.26455273804457 0.300522695879679 0.285307566272775 0.0625789723224544 0.218939038013761 0.137410381974785 -0.0616715907057413 0.465532612758034 0.564356801314152 0.416620695295377 0.285130822836097 0.685845098140678 0.568119879529385 0.313262904406845 0.363292238788564 0.218879381869571 0.213347762881645 0.224661993268987 0.250128745091059 0.230867525738978 0.216915496952098 0.517712129986525 0.532749925073903 0.455206383885884 0.564648609826705 0.671196473956712 0.566763102459132 0.563065452872213 0.544081196017719 0.56766619956898 0.47048311961959 0.579746860833031 0.524199140057025 0.580158838299934 0.573186579210872 0.495285350395155 0.792549637477375 0.563214917001436 0.625974222475189 0.446030890770247 0.324731471835195 0.455077639064885 0.547266030779329 0.203717024893992 0.145734797047867 0.361878605227891 0.391665489646149 0.631759757403939 0.092329672898417 0.47910130656809 0.456970134722783 0.300924478796108 0.345354585522789 0.117263520137886 0.102115245294076 0.533153163721326 0.397750514831079 0.324343808924571 0.539745852958477 0.541750870853755 0.571691465696205 0.462045960651977 0.415646601457416 0.28368840527502 0.358430567529366 0.115000668350697 0.132044819634028 0.387304672465908 0.5533613818712
0.491690317975632 0.383592946277435 1 0.833777669040659 0.605800972269412 0.355268041059384 0.855660317018237 0.602916189912913 0.597339364503179 0.469248141720516 0.415348938538094 0.261920710133197 0.515071612798111 0.251668638261727 0.494630044731184 0.364936334804447 0.23182111260845 0.184847234141559 0.585198978512964 0.348993540954416 0.180623136793234 0.100841529601229 0.766263500067359 0.609816509661918 0.433439773118412 0.556724241116053 0.226026195523392 0.16652389288041 0.299645853828529 0.235694787537296 0.687249328062875 0.555915508459628 0.716290353812127 0.52767811617667 0.641457240256503 0.46032013276661 0.440715299069931 0.285256148832038 0.338389660068576 0.287546743436822 0.172969522367591 0.112976618780371 0.695212742266958 0.623476085782885 0.566033628486593 0.453421738353888 0.566830200207647 0.668742982259551 0.434562502089859 0.445680336710704 0.512873058304037 0.528181303752552 0.6405493759333 0.552420436917113 0.578928634300774 0.590004960580082 0.266825665031486 0.321439939523874 0.547145761374763 0.381060023849705 0.621339341474779 0.467214068185192 0.0833773972020762 0.167172299141433 0.708788065067597 0.52973092507548 0.701489290376444 0.583833339483437 0.462089655085488 0.0604607711705221 0.567254070805976 0.540371739626009 0.51616186492837 0.465135046838049 0.262061580160752 0.221456132556503 0.506907602583535 0.232497403891443 0.363300811815624 0.310404701744577 0.440742139826004 0.431957512810991 0.412413617961349 0.309902053599941 0.722732682457646 0.567326452739524 0.330081130790957 0.328382731996262 0.610131958458699 0.586470452705884
0.530513415194278 0.518236395622262 0.833777669040659 1 0.667373651663176 0.448050817121969 0.799068111055429 0.800641353454522 0.607363709136587 0.582757160893474 0.391086828616556 0.431887320353828 0.492268053522498 0.442074902130275 0.431050573471302 0.445187875347439 0.273374051779983 0.243871976633062 0.654120395731777 0.475295111863933 0.22526167172974 0.218999923197046 0.723825829176503 0.693685432373666 0.392026086453685 0.625408818230025 0.178550768915135 0.227976191424046 0.33098197757685 0.351899457849659 0.7002307260701 0.620698721581126 0.772897620585425 0.724197580231212 0.67170777150179 0.57517803929246 0.444029808683816 0.321985935006342 0.297569784630367 0.313957091623763 0.24602861607741 0.216086947349314 0.750084632028669 0.667811645259012 0.622853205993323 0.592578476398492 0.626071139950985 0.762825821670439 0.56926987521019 0.528679675354546 0.644748263698877 0.626046589474358 0.746244729988273 0.7123658018192 0.598078955425554 0.622653979416723 0.309831675152083 0.45543496803853 0.607034117623321 0.537058998435421 0.609359451687062 0.65274560972803 0.181188905988691 0.324792053939677 0.569901749430545 0.603594498020685 0.723198688587685 0.702221611702234 0.601168152487247 0.149646951310759 0.598082225674503 0.621317977273529 0.489918260462265 0.488232829892537 0.221383758027167 0.25474821926905 0.55937781335312 0.366677359140115 0.365668628340137 0.32160421394572 0.504687798691452 0.582913548224828 0.468679848187653 0.468243985024686 0.617291501126035 0.718430806144371 0.275522460104011 0.426741658355371 0.561007366844253 0.749487528137206
0.417149430275746 0.415741053722155 0.605800972269412 0.667373651663176 1 0.512281517404474 0.690255484655275 0.613259769951045 0.715062239345071 0.684943198245137 0.424355282488539 0.315658270951886 0.451101585153027 0.277389608208069 0.428146623989405 0.360504842810973 0.287032718643536 0.27073299551154 0.464899832215364 0.330859314209212 0.207574037263313 0.0628965120009034 0.521453542344821 0.410978904091954 0.204856984168368 0.407773874903424 0.131165168763061 0.24525262747387 0.354667650844268 0.365211495683053 0.454565961611711 0.351047411489611 0.605042605312868 0.499878877903219 0.385265621409857 0.30639648327668 0.297262742187018 0.156294763390879 0.235791507453202 0.176717231024143 0.195727724148206 0.143840063150621 0.546326784294593 0.47188832432746 0.352628167253673 0.31266375946562 0.468466015331412 0.559880388639889 0.396191409011588 0.364638186376563 0.427504504832093 0.373264797463338 0.56113327800446 0.491355051909805 0.452323072421643 0.407409593547383 0.278052186484806 0.327475358709658 0.459967152187317 0.437189847217068 0.491851837415111 0.576481838971339 0.162607073343114 0.279683821161824 0.422838947813847 0.434539869617188 0.448812503427281 0.333838643037445 0.442201354032723 -0.0610330064171996 0.451224755454363 0.427881437863121 0.337563388294466 0.291539992753511 0.112102543981491 0.119679322696836 0.417699093335008 0.299232073111499 0.280122122731838 0.189343239084179 0.48142532152447 0.414428578756794 0.343780741133819 0.309643930269351 0.394962694253774 0.408761632265411 0.165369038673801 0.208097361456334 0.499405093022394 0.554536811245972
0.363486721190768 0.181091395258137 0.355268041059384 0.448050817121969 0.512281517404474 1 0.392386861976252 0.449599946727692 0.432040752892446 0.66913810358839 0.35476731405803 0.272505583872595 0.45460188905646 0.37902713363871 0.422639273166691 0.523441910348347 0.196444786407917 0.04155973917668 0.34010016093184 0.120017149065456 0.175534077160911 0.0374621736617238 0.341725289690114 0.371114348631748 0.217990865184804 0.465948852853547 0.092735062508784 0.495311879649569 0.142186527497023 0.240588881484212 0.254569076010568 0.278150336441866 0.351458976925777 0.397454434085666 0.407314618989854 0.286480804390601 0.287135451101461 0.205621149674286 0.144065992750541 0.143163510952786 0.116325743233751 0.0308618741998937 0.427259892862517 0.386238601215849 0.311666219497662 0.211574613817297 0.287720301398337 0.385281804739904 0.254360473709917 0.134268019054446 0.220706313099608 0.125133016587946 0.398460279298475 0.327384524121199 0.225930591131422 0.285395279993891 0.172179437198248 0.225444612882334 0.259387937514395 0.272293061205278 0.411511178824385 0.619839941826595 0.0324336453258306 0.0907151017709142 0.431027092855345 0.607915464152491 0.363434403012308 0.301975418905303 0.295237900423543 -0.0549943374995618 0.279486920266892 0.252858760945017 0.118820141767496 0.168111712600902 0.104615544333224 0.153400986969031 0.271396793421821 0.295125889183455 0.0970831264221498 0.136146076645275 0.282503554081113 0.265364214079254 0.146079356911851 0.189542949811805 0.337842398481696 0.441133710969092 -0.0241230581483519 0.0859366446176767 0.314461076016097 0.34757042261375
0.54076119901766 0.478494020459183 0.855660317018237 0.799068111055429 0.690255484655275 0.392386861976252 1 0.802090119652164 0.721337989422028 0.605546439085657 0.457020191666366 0.337396562614669 0.587651924863072 0.352148169684658 0.411776276778862 0.2400666437664 0.326141666046174 0.256624306642964 0.619808928332615 0.46968547769811 0.121076237175787 0.0554314269171308 0.650937872407717 0.510992461324548 0.216433397146086 0.393897094623571 0.100457984658201 0.049397357029947 0.395400132792328 0.365454165915726 0.70012324256445 0.465915643026457 0.778113435962678 0.586040849191022 0.495659173727761 0.396389066905438 0.376700845375047 0.159104609683689 0.201325894392712 0.216323118074518 0.145063310301553 0.101893927524433 0.677366989679116 0.642779458562115 0.568023779782537 0.45203749007283 0.6005966943658 0.669179540517624 0.507168665796074 0.481028723633905 0.595300722492989 0.535040699080167 0.68981001040025 0.616909925076361 0.514776660909597 0.542769852872126 0.325217527614743 0.348833096309331 0.677720809477803 0.556041918625245 0.710176811273892 0.567505215659986 0.298339477743712 0.373083517512969 0.553805825793774 0.452729837900552 0.635511128364375 0.515286690660864 0.490530851088112 -0.0360637285442838 0.52820456126556 0.529043450317506 0.412396316706417 0.366952093319362 0.154134845929475 0.205136501800557 0.579611039804807 0.308831241660897 0.384027187754937 0.27745936292268 0.490212229002692 0.432762635573915 0.429836641047055 0.33077742934557 0.585245274216091 0.434293860146357 0.197053401858286 0.163520219108276 0.58241900315309 0.619978141170218
0.493047108586521 0.564355706269683 0.602916189912913 0.800641353454522 0.613259769951045 0.449599946727692 0.802090119652164 1 0.593369680250525 0.641410354070952 0.434784588052779 0.424518930758696 0.567202710585035 0.562269303739323 0.232421900566967 0.196617151124348 0.299637111871577 0.321278758901185 0.627168613316327 0.522866923358225 0.0218837243948695 0.152251657313255 0.469151923014081 0.489122564467038 0.0837352869401152 0.335309773256319 -0.0217600625288696 0.0685833267219231 0.408224088482012 0.4968677648354 0.649697310033756 0.430380984718849 0.702082807769822 0.650252406286939 0.394760977783858 0.425118997588853 0.247817529639956 0.160029064336642 0.0806336061432354 0.242962992648102 0.124487649402616 0.162902808329165 0.652926237104935 0.621229233514452 0.609941241795262 0.583567379234312 0.601495375718935 0.679374924715959 0.575619430545205 0.516721227549525 0.589593428874338 0.523747105357708 0.661852957373013 0.671737143031613 0.449160282797208 0.500690161294811 0.28340634747498 0.401216228979879 0.629372807977781 0.647345908503534 0.604299790697338 0.631686576654974 0.379968404646139 0.530294963853179 0.309390370916698 0.400443690184415 0.552431707624412 0.581404572401342 0.521087617341085 0.0422484298049077 0.507678997030036 0.54865171443512 0.335546893715971 0.374153534360052 0.0781501000713343 0.177920520541537 0.569863397602382 0.391599810346291 0.301882543281788 0.290362748229962 0.489021090150523 0.542508398668622 0.409546446053451 0.444127784060031 0.414985615408915 0.438488397410684 0.0631173711546762 0.136382051992521 0.412293261324528 0.624551636229041
0.378964791962678 0.363482567278148 0.597339364503179 0.607363709136587 0.715062239345071 0.432040752892446 0.721337989422028 0.593369680250525 1 0.732047251202851 0.404430772680689 0.241798667020305 0.438203792568801 0.276314233697994 0.446069518000403 0.285555205722273 0.221102453427943 0.217838618060094 0.501595248681945 0.353487439242396 0.151397941728429 0.00880997587351286 0.463338879688197 0.311635975777696 0.118110648118393 0.333676448219187 0.0966134253165871 0.107258357801755 0.324900660898264 0.233165718791398 0.403432134984956 0.247701200761677 0.62170031931727 0.452361274901173 0.385190638442433 0.224016347682134 0.304758469451585 0.162384926848018 0.24778094750563 0.102480823546445 0.127575203325902 0.130690971493452 0.483088156929296 0.46457026721371 0.316107589277289 0.29492307966165 0.405466052283209 0.487685420215836 0.418406185441999 0.342305825309232 0.443823820091359 0.387863159000987 0.515132023276481 0.487686156034792 0.340497536958706 0.323023983266306 0.24999602655556 0.26102633018681 0.480711053336727 0.423282963558778 0.494624456274683 0.55960192370166 0.0807073804895538 0.2027181473664 0.409798424538308 0.377946031872961 0.389690431307961 0.250887591942372 0.494886066041851 0.105828343398185 0.379117741221061 0.329562721882146 0.282189652204601 0.1983536543393 0.106539806593129 0.198003989186894 0.45346899472464 0.213416788424322 0.265337955098268 0.16959214789049 0.355387589343926 0.341573490799238 0.306567687360139 0.194874499412813 0.392056505355084 0.361724190895346 0.18555631214453 0.110104722960184 0.512572204948579 0.518933113231503
0.306800946843531 0.276582676687678 0.469248141720516 0.582757160893474 0.684943198245137 0.66913810358839 0.605546439085657 0.641410354070952 0.732047251202851 1 0.316482940362444 0.222222632405302 0.37139388688889 0.318367878607288 0.440995252822742 0.399187543839016 0.210732089684133 0.112733562615487 0.465553451860446 0.323400570934522 0.0894190848570458 0.054374837691885 0.430204801362103 0.364130580909062 0.103202199458855 0.379970837272923 0.119192144968033 0.314958330077568 0.253516804526952 0.300203231674593 0.431755842436705 0.313646035077582 0.519283247830056 0.523972978714644 0.309794549364185 0.212596960805628 0.26230393297923 0.161605031374543 0.0924727611816643 0.0684077696353645 0.204307328140744 0.181169499235686 0.46827104259221 0.454784289960997 0.294196158408225 0.254716058327319 0.347309864944683 0.455638806561869 0.36637602087772 0.293172610662369 0.349694287970127 0.30266304502619 0.449838155106318 0.474962904841897 0.21953250856591 0.2336342557618 0.159106816286981 0.216724149510789 0.377286507428429 0.365720142533965 0.409636581356805 0.628886581069636 0.098436167581292 0.226389520014408 0.313518915053717 0.440998576105166 0.319816850192675 0.236413929428547 0.407353250504813 -0.0215197856358493 0.419199567928631 0.37432249083998 0.192094808246183 0.245157384679819 0.104247153553512 0.266846266667016 0.416721912911601 0.318973004439759 0.174296031639621 0.167283460070861 0.325887835608981 0.320149295376071 0.194828859973477 0.272885350963719 0.31004268147402 0.375623237294488 -0.000575147962539784 0.125683568906677 0.485843209576398 0.536118945437777
0.643372185507395 0.467727341475255 0.415348938538094 0.391086828616556 0.424355282488539 0.35476731405803 0.457020191666366 0.434784588052779 0.404430772680689 0.316482940362444 1 0.469449290416848 0.8075952079585 0.505757893059139 0.409576215585146 0.245530532584202 0.431536316773562 0.47368632815732 0.693416316603696 0.493631686778699 0.171971388029798 0.181470160930599 0.304222530497403 0.256310818381925 0.0972047763512524 0.285908881819121 0.0963837424086266 0.0585604847834059 0.60798439013757 0.485611635621373 0.355887501537092 0.242245679418263 0.49297889046168 0.326773198777697 0.224897669766081 0.171187282856311 0.266696227341881 0.284144110936142 0.343456973178 0.237393968152146 0.186160101213616 0.172075246371648 0.44966961310781 0.464297640451402 0.411797488496348 0.453160220863856 0.531079882227363 0.486287282038115 0.339386806231722 0.291916242553184 0.316913983457125 0.186807984737139 0.400154583024401 0.228046024986578 0.431785225098796 0.428925476460533 0.412918104746975 0.393150678950238 0.351069001713065 0.280427594644548 0.595014022628174 0.352811979526994 0.415436967623765 0.305497766040885 0.263352088723971 0.284759408884101 0.277783445890184 0.299419698445001 0.417015494407181 0.123483140335861 0.454358651699526 0.406304226238123 0.439702687620218 0.337416251846625 0.175981599156349 0.100335408470681 0.449764987009933 0.310863724283422 0.377103600528663 0.348290512377078 0.560668584163949 0.464864036272807 0.471453723083677 0.272925645651402 0.434137759778938 0.303628628932752 0.245629479751103 0.119414280748249 0.465501374547639 0.328412475101755
0.441379879598386 0.476180964890999 0.261920710133197 0.431887320353828 0.315658270951886 0.272505583872595 0.337396562614669 0.424518930758696 0.241798667020305 0.222222632405302 0.469449290416848 1 0.604102989269127 0.794174407575172 0.511314090813463 0.518991143162732 0.297806886627351 0.382531627094472 0.466768362383933 0.583524661434391 0.106259895381596 0.136431655249178 0.450588673503689 0.509980753775551 0.224086597342349 0.252614903250488 0.126616202019001 -0.0277928714405934 0.588073289587318 0.631026680544914 0.380291954395744 0.395799440845333 0.476898438306274 0.559217173983285 0.237471228284296 0.140070471141951 0.0799695147264365 0.119389444282343 0.249752817419698 0.101907180560473 0.150341278631303 0.187921491016425 0.29423456498437 0.269948345372672 0.355489537531277 0.492777037214023 0.408252277863226 0.394982400512933 0.393165766688693 0.339392371524592 0.380245970871026 0.290883416065644 0.456738642716804 0.315126723509722 0.410771333967334 0.4700662731621 0.24265625477154 0.362652248741044 0.301868852038798 0.322054390201394 0.444579450652432 0.436914762244491 0.37780313072821 0.535801838108178 0.124578236679496 0.213823284372986 0.149152931573303 0.23951190776337 0.364402885554466 0.268032394669977 0.377375234941965 0.385517628258852 0.313561431705166 0.416655926843316 0.027546984888077 0.173706687174046 0.335689593274342 0.229607206820947 0.394380977661788 0.350629364755655 0.494825655407444 0.517849776913087 0.521488397246334 0.337446848635205 0.345816670994805 0.438882553738589 0.239614567421533 0.158751569108752 0.324931616545329 0.442431109978792
0.688293566447634 0.435461790438332 0.515071612798111 0.492268053522498 0.451101585153027 0.45460188905646 0.587651924863072 0.567202710585035 0.438203792568801 0.37139388688889 0.8075952079585 0.604102989269127 1 0.682919549712272 0.530025085270733 0.394599441346265 0.387690940564397 0.330206188623727 0.676854519135541 0.499197611656425 0.134965789277842 0.141164374128236 0.428384510591614 0.424962251206586 0.207398775529059 0.374742479695884 0.136915286344558 0.100905895630585 0.588283034532614 0.52511430770715 0.445555313633502 0.349011040149597 0.550965677015955 0.433604320692746 0.299772936633625 0.268999089832743 0.259304224415332 0.234973642542439 0.273573658447893 0.269164707415914 0.199591109984512 0.121302526459723 0.519107081965009 0.517067846878452 0.507181019205382 0.479815185690275 0.567351323835476 0.539649451728395 0.354603059207202 0.309973148700028 0.383183337667634 0.219579960457303 0.529830936187876 0.30097341563758 0.506786511818009 0.476110014596631 0.362440199178459 0.386835110343896 0.439904062029937 0.391229712112005 0.763293822691527 0.459666624284648 0.394014130626673 0.326695932764374 0.397125552506276 0.39515942829591 0.364185657861531 0.398612209526493 0.461390644457866 0.152478662806508 0.502970041201311 0.437187124955886 0.371284041214612 0.353466437368562 0.0746926350058325 0.0746007529901539 0.489645065545414 0.33462126888476 0.392720264859869 0.406680729637722 0.542446005176944 0.494320253490785 0.491082546110325 0.322117347707041 0.528559758995599 0.400620846269529 0.171070718235567 0.0996361977319823 0.556914680274846 0.375337722860492
0.36914602976596 0.465898714940866 0.251668638261727 0.442074902130275 0.277389608208069 0.37902713363871 0.352148169684658 0.562269303739323 0.276314233697994 0.318367878607288 0.505757893059139 0.794174407575172 0.682919549712272 1 0.427396470104009 0.513008723898323 0.311614007329907 0.33588401614788 0.48300455788879 0.587416661009308 0.0596593359091417 0.224754465945253 0.434145987734354 0.589410746932292 0.195558028799861 0.303877250499101 0.111307098323622 0.0853327353392622 0.54388643817164 0.648702040736658 0.482643607796539 0.431042726430844 0.467628802517605 0.537937740068554 0.246483698636594 0.28240962921722 0.174832458543062 0.222773778155776 0.201322392100152 0.227187774197617 0.208971965923792 0.263428774365349 0.383857614557047 0.367246443844503 0.498223559302646 0.553902168401615 0.439301528192128 0.440253874234821 0.347844322239695 0.26134284461222 0.332054573834519 0.16985276784867 0.41028557357657 0.277656789563282 0.435923426888734 0.416901565060406 0.215632525016284 0.322121197602809 0.28315022975456 0.351815282146673 0.457335317247057 0.456978616282595 0.377935056078089 0.506402992011482 0.115518053348222 0.263567052878758 0.256998665739301 0.423268487373322 0.445311708657052 0.313357978145731 0.417002835563767 0.352849670173371 0.249713511686362 0.378390510740577 0.0253919302036121 0.13608710384036 0.374982149362162 0.287417102827568 0.372504461027101 0.440108540259839 0.586139615212147 0.626822600782754 0.594416403937744 0.499235691500915 0.37649209619748 0.462501707508191 0.125516672366274 0.146268042977868 0.32083774597494 0.394583362893782
0.341557584969358 0.190886433361892 0.494630044731184 0.431050573471302 0.428146623989405 0.422639273166691 0.411776276778862 0.232421900566967 0.446069518000403 0.440995252822742 0.409576215585146 0.511314090813463 0.530025085270733 0.427396470104009 1 0.777920856584823 0.158535372269014 0.099400249512914 0.512443898167439 0.417377879908995 0.299530625144652 0.110032143520676 0.719577399301309 0.605545964827957 0.484217213480542 0.413535538433485 0.42171814907467 0.134868125923775 0.332240321408122 0.245185554585664 0.407377705473951 0.444239889661473 0.44930064809551 0.39818089693866 0.433737978646645 0.144598467301855 0.276327941739832 0.304933195033052 0.370773495106012 0.117696608638785 0.299580536621678 0.202747757172838 0.356193867530324 0.373263548307263 0.287293895916619 0.326067179212023 0.341772312854797 0.411482815938535 0.338057408514014 0.321276494971759 0.386142674127638 0.32569857586333 0.517848303549279 0.28992063574917 0.430797096786763 0.395909812269405 0.19059383146768 0.189910201739271 0.26398796573537 0.191177696812016 0.409176561552226 0.410199590697825 -0.00997503048384251 0.0806778521785273 0.373691820463804 0.364529664524289 0.183370524435151 0.150247601219637 0.388226319995116 0.347404609148083 0.395075650670244 0.264006335367304 0.338587004276993 0.28467310258505 0.281836144630304 0.205442004005611 0.311859257091854 0.168160420897272 0.32934781923306 0.184085665272492 0.346172516626674 0.265669357530267 0.478451907369306 0.27535282796918 0.605044695259828 0.531132770532257 0.522663489509873 0.450487872880575 0.644197378423073 0.51121069955942
0.245806813935322 0.146976416409386 0.364936334804447 0.445187875347439 0.360504842810973 0.523441910348347 0.2400666437664 0.196617151124348 0.285555205722273 0.399187543839016 0.245530532584202 0.518991143162732 0.394599441346265 0.513008723898323 0.777920856584823 1 0.0648950201292106 0.00612496281763282 0.319693295080117 0.316972398596913 0.35289976733437 0.142212729621576 0.692958936288264 0.718298540379837 0.459767367016243 0.53360069112376 0.386536999547926 0.286833514308674 0.218449909292826 0.245178524328936 0.398610673965006 0.55650282305384 0.379727438328291 0.475021691241042 0.49878956587756 0.275800696293878 0.381408004494226 0.351021591835061 0.289129798196619 0.16601682247846 0.285491047536239 0.287499846505429 0.352662574154654 0.328605012424636 0.320340594269685 0.375245735893211 0.312791417810942 0.396402292181512 0.300046901680792 0.274376475168067 0.324166395756111 0.243343430480214 0.476603962430018 0.306368526019998 0.415640567042438 0.4000825979858 0.118262564493399 0.176100977894537 0.150815912420592 0.129683287432349 0.301455926700704 0.473784955340045 -0.113157226938245 0.019322981747682 0.32301753438087 0.453863388455977 0.228426504291732 0.237174610179451 0.344267163148081 0.355271088739122 0.388949839052956 0.311324950430271 0.24577783564473 0.310259217884473 0.27857564830578 0.136282823273625 0.269727841777968 0.202729915076399 0.275384404773681 0.196202783686342 0.368978437813855 0.364841836781965 0.466957566702941 0.349443280645157 0.513833478479959 0.655596371574663 0.391657924812946 0.536819672554493 0.469015776222564 0.489940584868997
0.621941612469642 0.531552245371879 0.23182111260845 0.273374051779983 0.287032718643536 0.196444786407917 0.326141666046174 0.299637111871577 0.221102453427943 0.210732089684133 0.431536316773562 0.297806886627351 0.387690940564397 0.311614007329907 0.158535372269014 0.0648950201292106 1 0.667050068713588 0.564886499987045 0.436234376167863 0.121790574403456 0.17003874823424 0.171654511097698 0.145801400021798 0.137081002841359 0.118159300636164 0.0635428472956872 -0.0136941463855814 0.53741039494913 0.524319447938283 0.314213489607582 0.153593960416683 0.516823752203637 0.358278415622231 0.182561418644115 0.210914785135453 0.0546822883666246 0.0408602678161392 0.153116723644432 0.132849034013 0.246648735939591 0.00410772583618474 0.309147910812284 0.337271819547288 0.217909759728648 0.189102908864757 0.422749506602475 0.276816081339657 0.137934835107868 0.0689415432244132 0.191975970289207 0.0507724275767909 0.287363997398757 0.20245827038253 0.323965621213717 0.264138506098474 0.763664509817903 0.635013925903575 0.334501054847322 0.275152101058422 0.355890673711018 0.0943469242712325 0.620088178808378 0.48331271479326 0.171202082015042 0.0423580314568349 0.210240915643254 0.20649678606224 0.345521951440475 -0.1062894233511 0.381480087014769 0.310466106372157 0.260633435591917 0.240735292364034 0.0809846949419275 -0.0187097375543437 0.419213261083047 0.35524595823786 0.580154125845247 0.528704380879799 0.611963993372264 0.431747629710968 0.402910650717759 0.330736315110529 0.227674605882355 0.156646043121993 0.0574863391354851 0.0553369396020225 0.200426687800709 0.231127104498794
0.428369707123409 0.754085626443404 0.184847234141559 0.243871976633062 0.27073299551154 0.04155973917668 0.256624306642964 0.321278758901185 0.217838618060094 0.112733562615487 0.47368632815732 0.382531627094472 0.330206188623727 0.33588401614788 0.099400249512914 0.00612496281763282 0.667050068713588 1 0.485363654536679 0.588133768818594 -0.00573175794008817 0.165340442666042 0.169599585634351 0.0916914304276945 0.0374635086519203 0.061138869966973 0.107408779260415 -0.166134448921086 0.5765904726214 0.600417329101118 0.314232610677733 0.169937830585286 0.538387644879913 0.406762070247229 0.118366620635778 0.118835518775576 0.0666933985662914 0.189929006957288 0.239569413659794 0.140623538892158 0.170998800867685 0.121167118211601 0.289667291343074 0.307527476332603 0.264009678787097 0.396086148030027 0.521580135445805 0.335234784042361 0.394716618513596 0.310562390840669 0.323128608053243 0.238443762616736 0.307792848611286 0.264677237253457 0.382267399033699 0.382581183204032 0.555830062295674 0.668837623544047 0.347640825691226 0.368479562836795 0.210838147518075 0.0470857751810674 0.497801617721565 0.551602742780875 0.0405904142794938 -0.0617850869014133 0.123362636251769 0.151817413028452 0.459056054700078 0.0957977809896965 0.428743720368934 0.35466559102956 0.279032626012143 0.304089603503707 0.0312832604364132 -0.0324538421577626 0.465596023055574 0.246422726023385 0.446577877233844 0.565557872707915 0.597344327649072 0.555395073430508 0.434291370421202 0.307324307626448 0.196591151854536 0.187690643603081 0.115914138375775 -0.0130762482897561 0.210787939491696 0.306137810099363
0.73645134953502 0.542743540273631 0.585198978512964 0.654120395731777 0.464899832215364 0.34010016093184 0.619808928332615 0.627168613316327 0.501595248681945 0.465553451860446 0.693416316603696 0.466768362383933 0.676854519135541 0.48300455788879 0.512443898167439 0.319693295080117 0.564886499987045 0.485363654536679 1 0.710705383223176 0.236359074640607 0.266304826492786 0.482702618674723 0.403488567988369 0.288380545048028 0.401202179643052 0.316851126499105 -0.0270942173267397 0.635932471717583 0.547111474884382 0.545887635716568 0.394819135369177 0.736528196180737 0.597358080932096 0.377078248921198 0.286111473184749 0.327310122594543 0.277892232275215 0.334251576558524 0.275546440051963 0.334929192845492 0.202100029049409 0.560435238555754 0.579518582406399 0.480845938503474 0.505081331068119 0.624790557878325 0.597413824300992 0.487830331866673 0.414896744566049 0.551145707145576 0.423390778339186 0.634574228861414 0.478924030364677 0.542312943340387 0.511009051285833 0.569973255327588 0.555649460287444 0.593402420313589 0.431155422016089 0.571351448952828 0.386872775741776 0.477674385585879 0.414973022321865 0.341175454532759 0.300797599171226 0.399271628667897 0.416654139095711 0.650860339675014 0.172750220621817 0.548174407040622 0.54944080340918 0.550908371940471 0.411446182489913 0.246581483981679 0.18753428998494 0.567990658134559 0.432321497322966 0.532294050872763 0.449031886685332 0.602653745261853 0.523677508155092 0.570686502958338 0.438772085341883 0.528301702475982 0.482715607804962 0.390022962830694 0.312209231291741 0.598293123519091 0.591214774513806
0.483361454408875 0.671773304897389 0.348993540954416 0.475295111863933 0.330859314209212 0.120017149065456 0.46968547769811 0.522866923358225 0.353487439242396 0.323400570934522 0.493631686778699 0.583524661434391 0.499197611656425 0.587416661009308 0.417377879908995 0.316972398596913 0.436234376167863 0.588133768818594 0.710705383223176 1 0.172585586850407 0.303794185397141 0.402988318402125 0.347152357666513 0.129424123310075 0.176937595272442 0.329991157284526 -0.17862457905398 0.652796468800926 0.6482608106548 0.496198818653277 0.307624916730095 0.685671558499663 0.654824608990563 0.182103220140165 0.145910416550278 0.21626975361098 0.223919438839036 0.251902366293435 0.211728521888416 0.291845468412187 0.314012303815523 0.364454806431912 0.394940785605991 0.39856854618977 0.524453742477463 0.542605697100003 0.477067105023944 0.495945447177944 0.435420239048269 0.532637301899845 0.377346069309469 0.553319971643223 0.38760592456698 0.516716596948148 0.485540440714457 0.378797251936517 0.528077375081814 0.509618894245497 0.436566688703115 0.377725689837729 0.228458441876982 0.508771908493981 0.550783518645406 0.0254043582300373 0.0249178293024182 0.189370411298973 0.259241761652636 0.675184177329453 0.328889094270717 0.403617745675194 0.436237156932198 0.363353882478008 0.394792530394558 0.146438479979945 0.179382514679352 0.487459185277179 0.335857491368103 0.486951862906686 0.490571804546885 0.611489806092476 0.546590007741769 0.617964263524477 0.515187659094171 0.35140577772243 0.340625154784469 0.321398394591833 0.198573153255309 0.484633958495962 0.535290994983535
0.152364544190298 0.0966854385032471 0.180623136793234 0.22526167172974 0.207574037263313 0.175534077160911 0.121076237175787 0.0218837243948695 0.151397941728429 0.0894190848570458 0.171971388029798 0.106259895381596 0.134965789277842 0.0596593359091417 0.299530625144652 0.35289976733437 0.121790574403456 -0.00573175794008817 0.236359074640607 0.172585586850407 1 0.204717246497145 0.200278281568275 0.205619899730578 0.342555930419714 0.319980528977564 0.269443374239583 0.161963766694712 0.244179571160939 0.0475490525948657 0.147081814230556 0.223932527616576 0.195363007292669 0.17634427016138 0.173847471811835 0.122602530007681 0.249233256608448 0.158054373816562 0.248366727459367 0.0186295002693638 0.251220265382319 0.234472281377493 0.107364541415569 0.135851884245125 0.0831691992203345 0.151034405149083 0.133119283549522 0.159669530895551 0.138276360017222 0.112405914687863 0.217967910478396 0.169659374940902 0.295828821209088 0.129661438482483 0.285355401738537 0.254809871644916 0.106972264365751 0.128259404431131 0.105211316314967 0.0196089495886979 0.0953493190304602 0.123135180418772 -0.0585902642860033 -0.112528907693616 0.120710081304531 0.202456562772509 0.0886259209143342 0.127143418341123 0.133137607390715 0.134597510837001 0.199943855244647 0.139562411055231 0.292145550071815 0.0865601486963205 0.375684079951259 0.139447524093386 0.0691225197304175 0.171518404095808 0.134712597204027 -0.0609542189425709 0.155863167428804 0.0671367156498813 0.247819246763373 0.218971947483748 0.120028015884771 0.287157688529804 0.388192337310637 0.431706765889861 0.223675747289299 0.311917201960386
0.14535877610772 0.26455273804457 0.100841529601229 0.218999923197046 0.0628965120009034 0.0374621736617238 0.0554314269171308 0.152251657313255 0.00880997587351286 0.054374837691885 0.181470160930599 0.136431655249178 0.141164374128236 0.224754465945253 0.110032143520676 0.142212729621576 0.17003874823424 0.165340442666042 0.266304826492786 0.303794185397141 0.204717246497145 1 0.0846591042055225 0.146939569209303 0.203936012152689 0.301885145502496 0.116515561400647 0.077182857439358 0.160167823649023 0.193833041377454 0.199104651796683 0.17362754301571 0.204891485368043 0.223104961425064 0.112987994396379 0.20704183565803 0.247776636236741 0.255792194261562 0.268328869065874 0.260351687427781 0.230014516265214 0.233110146638199 0.208200340601192 0.321801873785317 0.258131224855439 0.343509962514938 0.285358218466021 0.263020966589019 0.20658774603652 0.186824020171382 0.24529981276614 0.219987310227451 0.275744762181346 0.161067618891566 0.367575957129528 0.218886624899394 0.106075224211491 0.27486450454695 0.156766534699146 0.0861148682658381 0.0723548189841034 -0.0371923663673888 0.0736174937506168 0.0950064002580749 0.0364981849321032 0.0637838534971674 0.144614319792391 0.334887117991842 0.27377360290863 0.261054547856594 0.290151919810508 0.293825530055671 0.131927690907228 0.228863591507809 0.268891367752461 0.0661986557100819 0.0949702985901192 0.214157998158219 0.0862427856303571 0.161712549302783 0.157045586815916 0.244257484963839 0.215813642992118 0.283741611881496 0.144033012523628 0.31225273593152 0.180550949930441 0.246804701349203 0.248801154795964 0.230343299281543
0.313088484728042 0.300522695879679 0.766263500067359 0.723825829176503 0.521453542344821 0.341725289690114 0.650937872407717 0.469151923014081 0.463338879688197 0.430204801362103 0.304222530497403 0.450588673503689 0.428384510591614 0.434145987734354 0.719577399301309 0.692958936288264 0.171654511097698 0.169599585634351 0.482702618674723 0.402988318402125 0.200278281568275 0.0846591042055225 1 0.852577607848646 0.541957229150043 0.559557463409057 0.317729952068691 0.123149386893845 0.313243855695595 0.274445439894004 0.758656512176997 0.76695188258105 0.69265949552174 0.6306235389647 0.704246127331164 0.460859064979418 0.451267180524089 0.387775444728986 0.328972390631402 0.237216841842971 0.23771102807908 0.225971012360454 0.614321211115014 0.551776339225404 0.546566179165418 0.506034489104541 0.512984184505772 0.631137203812703 0.46874634665973 0.46944469594602 0.482847857048576 0.478262726168402 0.590025356113632 0.483801149837269 0.544203608925903 0.560466521120744 0.164479478129171 0.213534215053609 0.379355746808685 0.269168206631908 0.445235260984583 0.496609317538284 -0.040952953840632 0.14445341130389 0.572902073473362 0.504038638757723 0.563315998058125 0.472870427405776 0.391648345340779 0.216045348371284 0.563984820908831 0.461132272906277 0.414821796954643 0.452308702225338 0.316823668689527 0.270570609020718 0.480270430144824 0.198760743116792 0.401364725063862 0.265880885827606 0.475179436050758 0.447693970808589 0.540094928484133 0.422714459099387 0.721664241582999 0.672721181994785 0.461910190531439 0.51736092424272 0.577631763450937 0.619424041585033
0.273303466301607 0.285307566272775 0.609816509661918 0.693685432373666 0.410978904091954 0.371114348631748 0.510992461324548 0.489122564467038 0.311635975777696 0.364130580909062 0.256310818381925 0.509980753775551 0.424962251206586 0.589410746932292 0.605545964827957 0.718298540379837 0.145801400021798 0.0916914304276945 0.403488567988369 0.347152357666513 0.205619899730578 0.146939569209303 0.852577607848646 1 0.574873966489257 0.643644666106297 0.25691186852116 0.308787631677741 0.221961433215642 0.318750967051414 0.721226800175597 0.792069599607938 0.574394444084674 0.595682840168046 0.690660945526912 0.601539396825789 0.431633007571195 0.393565119088557 0.235135306118853 0.316985981369625 0.28693474369459 0.257871594472749 0.654986220436999 0.574428521937193 0.634785069541884 0.559817839583832 0.521036161130182 0.643897289753905 0.466636088134874 0.427379511612192 0.475593363661456 0.429245088728127 0.574034148045456 0.499671947527931 0.490683965379549 0.55007889553124 0.151118611719453 0.198348292964886 0.302840262232271 0.248618717334396 0.389554473670464 0.458112466839762 -0.0197227208681472 0.149632012874975 0.481051425752742 0.548506162107078 0.616954420074226 0.609027520060656 0.384925764795663 0.206933405937584 0.556840110285481 0.420399180070305 0.374995840563567 0.435694541374199 0.204326639488483 0.229619232683056 0.440991219769066 0.260926211140682 0.411348901560163 0.291180259834042 0.493947467271848 0.540423908212547 0.528982553586412 0.520595109599132 0.615870094560584 0.719861908739137 0.302330135573301 0.576735503393615 0.453278718287932 0.582224353386365
