1 0.749906626702081 0.584675188111782 0.251490214484273 0.265259110546727 0.305944135243566 0.666552129916096 0.29645690136802 0.264290774749807 0.0421025276156877 0.658728089761293 0.477499332511757 0.606432804118356 0.247362793766065 0.225958751814525 -0.0235745417582955 0.615353385617761 0.680650029715534 0.781609014787115 0.695701397257216 0.161356118009429 -0.0206457303663503 0.25882017240246 -0.076328166932594 -0.0401735910886544 0.00145396587220158 0.0807992496217329 -0.18302459039517 0.59847939335545 0.512739876590969 0.151211994686161 0.0107722166376773 0.514205388169046 0.358139182911543 0.106105472209682 -0.0183936180774382 0.266796477470412 0.358247680650963 0.127519295768584 0.00270717072103197 0.144002927373816 0.166925764024587 0.545690522381445 0.47339262226082 0.462549805662812 0.432188938125157 0.560142827023265 0.516178893618585 0.510609863174882 0.525438452390143 0.594622106051336 0.508080804432106 0.549705473600572 0.51475839338898 0.534392553202487 0.540173319607912 0.767969918312091 0.703527750804519 0.689312473877235 0.659391913481427 0.637402514419132 0.210597763238651 0.661875843766593 0.499785568918792 0.231303897775265 -0.0328253839676855 0.331379054011692 0.188741132011296 0.398230037710855 0.387712815350316 0.520403998815326 0.484161955859839 0.428790879578082 0.366902293083479 0.00478048452600406 0.204573851343825 0.304549264538737 0.43508618670687 0.226153445825538 0.510407945267232 0.477825811259076 0.481641086827659 0.213471832752646 0.369915930729661 0.507165973783035 0.229580619079365 0.24547865974324 0.131642588299991 0.620264956030971 0.425238827565172
0.749906626702081 1 0.405535330041244 0.372189000122584 0.167397315450444 0.331446860803878 0.397000903831159 0.404179326564237 0.20162358205294 0.138030881928316 0.508121689988966 0.550995813197037 0.394793719331848 0.392967774063095 0.159860768751842 0.215452026573502 0.585140911830815 0.719554490244156 0.647194896158571 0.718537274146807 0.0513164728186402 -0.0192088151752403 0.245856031340551 0.106983805429783 0.122165088288772 0.136045976763254 0.182627707524834 -0.0558604671490059 0.51974377593084 0.624166233782234 0.275434912344831 0.128661154370147 0.575474621638142 0.469480912930489 0.215803899597751 0.140244017730368 0.382119404987576 0.379279563928 0.23907428697459 0.10816038257956 0.272504828068104 0.058987504235381 0.717722686959055 0.646991797067558 0.617608156612586 0.618139793878216 0.74167471582524 0.6722300493312 0.664377860967692 0.680295667314852 0.759086406552257 0.725515687267162 0.7283691321462 0.661416735896425 0.670986748822693 0.730982773727989 0.692898362352306 0.731928374094749 0.504223875914133 0.592105813599439 0.390912165906115 0.20848236217415 0.578286422548073 0.573577066955152 0.139240980820771 0.048399174151508 0.341154797911916 0.315457568792213 0.39451779478658 0.415288082290546 0.468484418542271 0.537649793962785 0.359242939552524 0.406386533475757 0.0492043495244866 0.179699149956812 0.307123628215299 0.389811448190241 0.177419038491924 0.587772147772631 0.542416691003032 0.610433021885372 0.344623590129303 0.426087275959931 0.425888603983975 0.359020812306821 0.339041594667266 0.244559458194295 0.473726823327048 0.578881990211205
0.584675188111782 0.405535330041244 1 0.651995057664538 0.403984357966755 0.341183760196046 0.608353873769799 0.555841826445866 0.330482405077975 0.348203971241714 0.208887778803991 0.141211365738718 0.437956395231682 0.362254490590641 0.473495249591878 0.327868364308822 0.255925613140421 0.305157691358667 0.554085318652519 0.327686435406569 0.130933041804991 0.112029351718644 0.76964283850836 0.444688658461404 0.403542325443038 0.345667522185301 0.23469094222355 -0.0368498414449866 0.211612676081924 0.21585454818551 0.428158333215929 0.411403603819135 0.490813875414324 0.426435447269959 0.448279862447698 0.23584234465613 0.279157226628171 0.29213232721183 0.122123055102567 0.101318481432365 0.14956782814565 0.101292493532591 0.216924183049461 0.0720534441816687 0.155656898065182 0.0760331484712828 0.217203921480564 0.206839227856194 0.147323600392156 0.164498315142993 0.368599145690284 0.266667858085085 0.419612102174035 0.38768778210681 0.450707155997755 0.438869841620771 0.465616662672792 0.43791937571659 0.433914896865437 0.444206150201482 0.432456369227709 0.385339749701212 0.226613575333319 0.0986053391132907 0.560483652697333 0.383249997842084 0.522323437683294 0.404103931350324 0.429423158645974 0.388334344660967 0.505002826813031 0.410606177588685 0.385372497987235 0.318564078586864 -0.0349875269589114 0.0504846890523421 0.240568735343759 0.365464554114962 0.359381707692236 0.337260429618302 0.299276718999772 0.287059496177479 0.103800659570456 0.295804201513201 0.61863392539216 0.493223584583878 0.205994496482565 0.318296812680895 0.681122815545946 0.591095459293425
0.251490214484273 0.372189000122584 0.651995057664538 1 0.362406515077432 0.421591370232097 0.2761026277484 0.828748675004879 0.201198309679705 0.514499804042958 -0.22151895851154 0.256199894115974 -0.0262096894202025 0.510669989791578 0.257848355487451 0.606730364169361 0.20257229559991 0.200697605119675 0.24923818512283 0.150281089736008 0.09027304508872 0.137324520274604 0.718241593706412 0.781951810464501 0.718185688504983 0.703017840914948 0.414186926622207 0.192834628127356 0.00388980638136136 0.249560604662917 0.723569360772258 0.740699206044485 0.55511227675612 0.731339986755459 0.721459640591 0.560992019220182 0.466198424037986 0.406058463713428 0.322953782317694 0.220349282431236 0.156273840948881 -0.0923623472159724 0.255966921505358 0.0723844567904341 0.214466306287771 0.165122346133564 0.152979200104059 0.212789563268087 0.133835637134429 0.0527634976148918 0.24053985666669 0.213263511256727 0.351640572668499 0.288799139173 0.435669798622475 0.480641894069177 0.286026236458831 0.255317435615018 0.169905075141723 0.295241175582824 0.111751403279575 0.549887200209051 -0.0345713723110146 0.0567996310166486 0.539918462207262 0.768338160445394 0.742060380348717 0.773063633380566 0.250447976903276 0.236241760664409 0.447950800076567 0.503466413786843 0.190487880513334 0.237079968386365 -0.12197630697895 0.0118946877273412 0.380129152495289 0.389963608671426 0.361299381843593 0.313986259384551 0.348440576319781 0.362324846187909 0.20132670153654 0.364186744324471 0.451080069845627 0.787033978294174 0.307214081126485 0.517396969363224 0.402650858007141 0.73196959800477
0.265259110546727 0.167397315450444 0.403984357966755 0.362406515077432 1 0.563251619940889 0.506375776899594 0.532110858197173 0.534184693169647 0.541792069148729 -0.0467088556066159 0.235321756943317 0.163730346288402 0.296629223583574 0.219306100628708 0.223732473756435 0.075314047933806 0.0501147896534142 0.119464879571034 0.0164522283775745 0.100670501527356 -0.0636783918273145 0.37058836411822 0.26043019677329 0.247545650254807 0.230459609244549 0.0622090220859987 -0.0092278900613205 0.0722067916377817 0.192003897426565 0.323342809714859 0.344339885366036 0.331121657562085 0.330841290683344 0.372853443990994 0.0413618407722238 0.11347223353841 0.00887798321516731 0.207932336246993 -0.0296915219690115 -0.164010901493464 -0.0437208849104626 0.0225471087654027 -0.00915881393666867 0.0610189862831803 -0.000454829596836139 0.0229488959593252 0.0435524523813622 0.0232277487876947 -0.0345273168920747 0.0822088477665972 0.0123078137956794 0.131061651740194 0.153467992344385 0.20233554097786 0.141144335568759 0.0726241025710692 0.0704645564692199 0.219974178852379 0.240765150445985 0.42340351520524 0.554295276848794 -0.0184662644863019 0.079206024163162 0.285588965437433 0.316286439434048 0.330577991153046 0.208444585475249 0.0746524896714515 0.0812500426680325 0.234646148470802 0.283140743409728 0.199341872646854 0.107173998408415 -0.160046104275887 -0.00113120296403968 0.0863427331256001 0.213467983938998 0.12633366427486 0.121401392842676 0.046244053963897 0.0869644834850869 -0.115665850066918 0.0299156377595861 0.185886753455018 0.242555149947448 0.0229386546072735 0.0775567950043061 0.392709709795014 0.358781009448395
0.305944135243566 0.331446860803878 0.341183760196046 0.421591370232097 0.563251619940889 1 0.477548953579194 0.620435871094014 0.509355810762776 0.428075219262349 -0.0424379725325939 0.401479574539363 0.12889226706255 0.404174872747635 0.266491521006645 0.239466603795318 0.0823035584947524 0.0934041755098864 0.112709616685619 0.0584288595743555 0.107650736774414 0.0773022010364737 0.344116597732833 0.258509529718307 0.253606654865652 0.312826517807821 0.119215290247742 -0.0442034153665656 0.20155853168802 0.374356718721909 0.428464963031308 0.329285255964168 0.365161154264315 0.447715768451849 0.350977994972832 0.0686543424969211 0.0451423719729005 0.0774373718724397 0.213616265032404 -0.119434609862306 0.0290589325124205 -0.145682143128383 0.223116388382747 0.117889397307668 0.161791829016602 0.174472609703457 0.211081192249436 0.195705063847905 0.187904591887973 0.075561371347147 0.217037811081796 0.117328847101904 0.236850191085718 0.245638575612974 0.315479362365957 0.241790039075117 0.128517219601052 0.107901828642459 0.299221164322312 0.32334926544459 0.444337590317398 0.504866933433684 0.0383993402649085 0.20133158126021 0.172536141525101 0.343164742844329 0.396457550541381 0.277514620559244 -0.134641776706899 -0.0584921317301488 0.261471401693134 0.343743631998455 0.126016013522451 0.236257098723513 -0.0143638769284721 0.188654971514501 0.0959423166056043 0.225862264798031 0.270964953926895 0.13587648858263 0.184895582167716 0.185868381835021 -0.113962876147153 0.188039501897713 0.112362778217411 0.216165550233566 0.160776308212895 0.166536287658644 0.434747752880846 0.450836012258681
0.666552129916096 0.397000903831159 0.608353873769799 0.2761026277484 0.506375776899594 0.477548953579194 1 0.532920377044473 0.629595701489769 0.370116423466012 0.379622623226638 0.460066813085127 0.562760200916484 0.347262113158281 0.302768009750912 -0.0147017605807492 0.22966501443191 0.190753682492816 0.440059356343265 0.225713872565656 0.0737413729223148 -0.0133789522543676 0.317969312888493 -0.00013047727744061 0.0225741118269028 -0.0159650767929763 0.103534811072058 -0.279151530800365 0.474234507429824 0.335465395614167 0.11632027178557 0.134348649833822 0.415297254016954 0.306855758572774 0.0795981275079908 -0.11256288819588 0.122589779221279 0.0259333777390034 0.177740558826727 -0.0707859950651623 0.0548007562818695 -0.0214376779333216 0.304579412415811 0.207301928339326 0.276840343522466 0.154953891762442 0.308137094911375 0.29000522958023 0.264651576830163 0.222957272952251 0.349269298643225 0.233242921987892 0.310886301526639 0.34300395272838 0.382193278255495 0.274481964963462 0.278915602766653 0.259768940155868 0.624157566276662 0.452083949796876 0.816896354548106 0.532198735909814 0.384323272532371 0.343339628955297 0.344632024418004 0.191515739612591 0.376218427704544 0.101030323731783 0.0933587500994255 0.062761336993576 0.446688719694235 0.352150237240915 0.434795267711917 0.371765421099512 0.0823249494171897 0.0871427523931556 0.164691914041255 0.302482423767099 0.187629327529191 0.172424939602049 0.179034404430038 0.156520638132019 -0.0957330187576316 0.192437765348706 0.363071825053128 0.143160847088423 0.0896730300449537 0.0337123540595352 0.703789411096562 0.311605221364392
0.29645690136802 0.404179326564237 0.555841826445866 0.828748675004879 0.532110858197173 0.620435871094014 0.532920377044473 1 0.415443821666716 0.622894343462656 -0.15696716822502 0.468294630352201 0.0455520506250775 0.575220993134158 0.201372874813529 0.458054507708545 0.151786619956433 0.137191239153914 0.178868118374439 0.109110264758557 0.0910883820103201 0.0789992060717471 0.566433710508917 0.628961252149196 0.531473010641421 0.552337229869614 0.281231606902829 0.021982988254441 0.149418859679215 0.401185362765219 0.640468383939658 0.644504125430173 0.5517614691417 0.697031711272864 0.559845900835366 0.406724111616001 0.357989540173591 0.214625109446884 0.381099759052459 0.137398207310017 0.0912330408000718 -0.137136652044256 0.275862302985578 0.100013614777053 0.217563753684128 0.131113852911076 0.193072109569223 0.219300172888306 0.144362122467101 0.0435421155255516 0.242627954777744 0.19425646508811 0.318668756066086 0.302707714019466 0.459247721746048 0.420904425112374 0.173995071585279 0.150795652267767 0.282915645698881 0.353762269520608 0.390075197762693 0.770866090347107 0.0431009398304973 0.221499462107619 0.414737555099505 0.740022746445305 0.653031272086959 0.595686073866923 0.0610503429136672 0.0553086145609672 0.442288297232184 0.5093286309076 0.277427116986936 0.331978494933838 -0.0380980271853721 0.11449246654733 0.310973479776721 0.381742395939608 0.33538923270646 0.277213295011017 0.34232497025979 0.305975605864416 0.040641764029325 0.279828160314775 0.293727776968274 0.605530217955212 0.196249695132578 0.332528805244503 0.491896303253904 0.675498107675273
0.264290774749807 0.20162358205294 0.330482405077975 0.201198309679705 0.534184693169647 0.509355810762776 0.629595701489769 0.415443821666716 1 0.553828067961256 0.0840162589124503 0.253013186230795 0.355916821149401 0.328506036696144 0.411816120652837 0.14137443403171 0.0128019518711648 -0.0519128344525413 0.108541876862678 -0.0400192085635935 0.0497980409582542 -0.0791071908787521 0.332861877246132 0.136248407244045 0.171749300431858 0.139862908418735 0.174516734975701 -0.10951750486328 0.234424450815312 0.2317464845813 0.202282456046516 0.25021069082732 0.250558560298201 0.263198431736889 0.144977752280661 -0.0606608894577909 0.0626610601008883 -0.0481438612913653 0.193430952250609 -0.073574744785111 -0.0342080946111226 -0.0521700667789244 0.0969217979833178 -0.00711189145337185 0.0189517400205257 -0.00597329907204124 0.056823436035255 0.0500612352940192 0.0473175049592882 0.0548253013371895 0.113438586046802 0.0680149458860181 0.179364884796371 0.210027668718677 0.244404416829571 0.107482909294183 0.0320335730096962 0.040460647224391 0.289699124918591 0.168406238324504 0.530417712793954 0.425179746309471 -0.0123947059396863 0.0417029970226304 0.226002837924304 0.179535186822337 0.22596968776504 0.0482452833234323 0.0654615715933945 0.0906981639817436 0.174466081485586 0.188039598609853 0.187060067559062 0.275659480403015 0.0920303356662186 -0.00191774243510085 0.153294552811825 0.154493902221769 0.106202160740067 -0.0230996571740604 -0.0565194929019761 -0.0174740282148556 -0.185436261291375 0.0762313085617076 0.201237529511205 0.0761439987528524 -0.0020765770282033 -0.0348089705090183 0.544366206426295 0.245856456241061
0.0421025276156877 0.138030881928316 0.348203971241714 0.514499804042958 0.541792069148729 0.428075219262349 0.370116423466012 0.622894343462656 0.553828067961256 1 -0.205293897129502 0.0828264250060712 0.0755019116180208 0.396162654412078 0.372566542474751 0.50363449803454 -0.0950372154055942 -0.11803389683856 -0.00599062720758414 -0.169542682239433 -0.0127613711003438 -0.0951223584917471 0.434800636479788 0.49079279816442 0.631458560391808 0.437325102009788 0.253445563790071 0.0715910676994937 -0.147262695998965 0.00770167867756309 0.342188600173551 0.572041653731258 0.345102192756083 0.336946983900139 0.431241312589778 0.203709688528956 0.291222494113897 0.161756620414616 0.332943040706979 0.274139075354843 -0.00570422489895367 -0.138694174964586 -0.0690795506635841 -0.165190696250305 -0.0947863866362089 -0.166398200131279 -0.0814539330597322 -0.0905271571296587 -0.153239433957281 -0.149833388428074 -0.0294418246024539 -0.0650052872219359 0.102518740965029 0.100692734078226 0.22197020003552 0.185009771420229 -0.0319296239064848 0.0413708053242275 0.0789715866883704 0.115271348499128 0.19989084824587 0.619386904315043 -0.1629690229248 -0.12264434393537 0.498272618395487 0.599712039409953 0.439012963426461 0.373579034772088 0.0804334042608808 0.134982552819837 0.178842694941307 0.302248990761747 0.0689036196145865 0.125602221919333 -0.00159242791652853 -0.0170232293604477 0.237931110908569 0.294226519296964 0.0913755531689853 0.0461863676758629 0.0582302490844257 0.122100416129097 -0.0387122839237682 0.0403115518590359 0.294294899671319 0.48649725583045 0.179690661918655 0.226815937253855 0.406369360640766 0.520418311856835
0.658728089761293 0.508121689988966 0.208887778803991 -0.22151895851154 -0.0467088556066159 -0.0424379725325939 0.379622623226638 -0.15696716822502 0.0840162589124503 -0.205293897129502 1 0.439638937067003 0.738516340280817 0.21479621965927 0.220618215534802 -0.115812907240754 0.368185682655232 0.432942834689134 0.68219395363956 0.577308375857883 0.00979335070138205 -0.0231283315250613 -0.0197087729473213 -0.370940329786427 -0.362706393533416 -0.351793954680836 0.0345817726367257 -0.150820955631801 0.513486354886085 0.321467836374722 -0.126384689050561 -0.317547871785461 0.324102599661523 -0.00883521474149575 -0.219421381820314 -0.190421456483155 -0.035135435814727 0.13588916618435 -0.0862124123528307 -0.0602305579041937 0.164906731342249 0.0622272100410419 0.395988629929055 0.425242326176504 0.315848025279399 0.310680308943128 0.486526602418977 0.353866561681766 0.361071675283287 0.460564299186783 0.390663934683643 0.372965128282387 0.334392651874855 0.327211198498361 0.260479140978095 0.275151940482668 0.392634069194455 0.402952025561779 0.429926699115584 0.303985572055012 0.400768070895125 -0.171155825356813 0.628686439052861 0.457852190873879 -0.0628533315401976 -0.464583386214916 -0.0602594944605638 -0.194947891226231 0.19473751876779 0.143221802644951 0.31388579318139 0.242607242754729 0.371348448837079 0.340935349409419 0.192446447829797 0.195507783764187 0.109586820174035 0.130736959801928 -0.164599710543534 0.242747579015297 0.191185909025 0.210596414232176 0.256390720750671 0.0816776940857238 0.298895742536331 -0.122196808893162 0.123538758178109 -0.0619264087817272 0.286033662090893 0.0423524978545201
0.477499332511757 0.550995813197037 0.141211365738718 0.256199894115974 0.235321756943317 0.401479574539363 0.460066813085127 0.468294630352201 0.253013186230795 0.0828264250060712 0.439638937067003 1 0.357366261028209 0.627978064914858 0.0821453146349484 0.204488876588837 0.331294375398538 0.326442400439488 0.335230907488605 0.401436563942081 0.0970673789160675 0.0380703714963553 0.100695687515087 0.0678610584855872 -0.0525327323626606 0.00553244261641551 0.167883506884871 0.0604041233296937 0.525986582859189 0.663331957917935 0.312398380317396 0.0548708230373396 0.54179020177599 0.498614845428155 0.181599103302487 0.0829661938679383 0.0786178928810547 0.0860683463930272 0.257174379484215 -0.0762579420376156 0.144446119582388 -0.193615713385377 0.474437492455591 0.422285068405229 0.387006924536553 0.379503243509953 0.4671525615231 0.429909356975208 0.400739028416679 0.299360144471866 0.361144460021837 0.352592002371849 0.330894350620269 0.301983306424997 0.380584936680132 0.378105767656872 0.167076306309021 0.208338920563735 0.448615462500712 0.405848120493496 0.462768055471047 0.354241726036283 0.499933362227212 0.684664432926334 0.0056073226262639 0.087565071452476 0.329401658673384 0.214108693290517 -0.157270514108174 -0.180218010154009 0.39428581113751 0.401270853437598 0.33068496826013 0.385431486266265 0.0925601116786397 0.166222992368701 0.269423179774173 0.277304498461186 0.0624806312392831 0.258753078558587 0.298583688218923 0.204368577020725 0.222419524127055 0.178660425533196 0.108594097802374 0.197804301702885 0.23116069794263 0.131162910718815 0.278824281584273 0.326353092914369
0.606432804118356 0.394793719331848 0.437956395231682 -0.0262096894202025 0.163730346288402 0.12889226706255 0.562760200916484 0.0455520506250775 0.355916821149401 0.0755019116180208 0.738516340280817 0.357366261028209 1 0.435229085002153 0.581275679002962 0.130854835992525 0.140292785937772 0.186935122514182 0.587435196905212 0.304631831932814 0.0779901462872116 -0.0301793690243716 0.31246833111703 -0.118363522054471 -0.129787085947686 -0.205192840529834 0.0941992308429697 -0.0015234479007359 0.314607796239076 0.138303167319486 -0.0473676001678298 -0.152204357302843 0.266921024957916 -0.0591004394794125 -0.0530551124377108 -0.162561909085979 -0.00943076942475877 0.0682432612866904 -0.0387950820608042 0.0737546836048099 0.0690589016538795 -0.00200756179217448 0.218146272397505 0.213628559084027 0.164530447878364 0.109813741979667 0.317159363601913 0.205363076592125 0.207961583793265 0.31748070492372 0.313234440931175 0.303056150229438 0.250963030110978 0.281014338532972 0.240036087596522 0.230730685003269 0.266053149282808 0.295928242455559 0.444547762708902 0.280926478592525 0.503725219102917 0.0780207770462403 0.353365074378501 0.144953563165077 0.293603974097793 -0.158280710634303 0.112138840884572 -0.0923063427526826 0.24346287514448 0.195726519030789 0.35959752248929 0.208122392129762 0.351745457193388 0.283713610344118 0.190944930634928 0.078248606257332 0.122994417067882 0.0956331614485929 -0.153837740713642 0.119171281329451 0.0290455710079994 0.0796767289152646 0.220459609312374 0.0779316967222136 0.498903789404481 0.0436593513353956 0.13674051131662 0.102840297853823 0.495384224712267 0.118262158429943
0.247362793766065 0.392967774063095 0.362254490590641 0.510669989791578 0.296629223583574 0.404174872747635 0.347262113158281 0.575220993134158 0.328506036696144 0.396162654412078 0.21479621965927 0.627978064914858 0.435229085002153 1 0.43917092018382 0.66545258614162 0.0823233626373791 0.041780582089855 0.262049520035046 0.115983413242752 0.0764773948778178 0.0877332092520263 0.540677196817232 0.483160841518342 0.346969090692855 0.258666430589589 0.429309538829826 0.20113189277361 0.131228661568829 0.333908429200742 0.450818388752669 0.318144991717247 0.465293952152715 0.411113385763626 0.426360574254906 0.377298923171734 0.111758885065971 0.101438707992467 0.26362956661343 0.0853998283786827 0.216570309813347 -0.326643975871007 0.266407649008054 0.140674774380684 0.16407028846683 0.145420174365752 0.248567368444803 0.204121094304318 0.163295885634666 0.105697679505345 0.210128071064134 0.218039109923399 0.276989882433152 0.2694725453247 0.357104053879256 0.331741164099777 -0.0156464116613002 0.00916278104486277 0.165425270257247 0.145400115991173 0.250459284335273 0.435511584306389 0.0967986726804421 0.214148696106952 0.411965636903843 0.429257697089362 0.480129010294062 0.413385087771291 -0.0393223338356484 -0.026617115936795 0.285284546133096 0.337600870155819 0.289761821551796 0.344848777364731 0.0852731661561527 0.0129029200379001 0.20235640911181 0.17816068448641 0.0612325252757632 0.1288894208274 0.0847482073723608 0.137353720559773 0.218876038574105 0.204229015467655 0.388193744613415 0.493944434410521 0.34397141964034 0.460574821903287 0.337743849124771 0.496845745690084
0.225958751814525 0.159860768751842 0.473495249591878 0.257848355487451 0.219306100628708 0.266491521006645 0.302768009750912 0.201372874813529 0.411816120652837 0.372566542474751 0.220618215534802 0.0821453146349484 0.581275679002962 0.43917092018382 1 0.493281834160716 -0.073559626426991 -0.0513896835328601 0.26236650490608 -0.00128942747444137 0.0623680052994809 -0.0777884881193301 0.601157199289889 0.333664016424655 0.304339844881785 0.135828032068166 0.283388321837546 0.127156034906883 -0.0519827532101276 -0.0180040177358313 0.218134553059236 0.150342081733471 0.241866661785087 0.0485491672775061 0.304333248412291 0.0840926715626121 0.0716945476313812 0.153037980609203 0.0983568816142081 0.157984828557702 0.0431904122910716 -0.0247608610276215 -0.00275787424724782 -0.0605839259842355 -0.0705423390529354 -0.0844777208027552 0.0300204832243071 -0.000555296653945766 -0.0317993737482626 0.0643122937378993 0.123550319153126 0.0769320441295218 0.155431659532204 0.130729210427148 0.211260775326591 0.154858302956229 0.0705738492863125 0.0819390800948427 0.195745335275795 0.0981770650664253 0.210063748124965 0.203384686785014 -0.0365920543248004 -0.17725298115833 0.456528248173243 0.165797397812599 0.224487249051213 0.119848036898055 0.191582248432684 0.221553875531447 0.247068114889137 0.151878215274835 0.21867493302028 0.175851237828633 0.0288309756129283 -0.0239215017221587 0.0673504295998326 0.100234005821701 -0.102626937378169 -0.0648002159385001 -0.049674764269485 0.0159014961594256 0.254921589199421 0.0985852930021214 0.545821498152947 0.281590973852862 0.29818787401447 0.358250178460025 0.48421616816551 0.318368889311751
-0.0235745417582955 0.215452026573502 0.327868364308822 0.606730364169361 0.223732473756435 0.239466603795318 -0.0147017605807492 0.458054507708545 0.14137443403171 0.50363449803454 -0.115812907240754 0.204488876588837 0.130854835992525 0.66545258614162 0.493281834160716 1 -0.0373715685491516 0.000571354644326755 0.0352216180192251 -0.0439493618565542 -0.0111987748557908 0.031687731371614 0.638290025813426 0.696583637747362 0.610214003011204 0.472318299726934 0.495685529258525 0.343715566961558 -0.172994499107339 0.0437197474278439 0.433774104478197 0.417268955498602 0.390998671750396 0.376635266911302 0.569736082085806 0.466494950742665 0.232709826447628 0.259713922422167 0.223275876413134 0.245366807558162 0.22609523391738 -0.179800362950988 0.0725467037672722 -0.0279008546542547 0.026533943211446 0.0115777993702065 0.0426504435515709 0.0391780543620652 -0.00270320078002861 0.0129523013222808 0.06830548220315 0.120331308935834 0.167196307047792 0.140253170809492 0.169553553551242 0.311390639064152 -0.0091532512138714 0.0551956108975351 -0.0712929360916197 -0.0106841485738067 -0.124596220920028 0.266906126276316 -0.0610257125689627 -0.0339346003238536 0.497424483370785 0.527990522172466 0.466435016909451 0.470035573118249 0.104939124644125 0.188874018710569 0.199692782271237 0.29539660462513 0.0977067375759398 0.164268617175305 -0.0621505950273068 -0.0556022306290995 0.244588895292635 0.221837098216819 0.0249352521400427 0.0910255995526503 0.0720715292004849 0.168829643892661 0.337713072623791 0.233090779774964 0.455121945677951 0.67051711779901 0.423134982479316 0.660936434093708 0.183231623355182 0.568428037365202
0.615353385617761 0.585140911830815 0.255925613140421 0.20257229559991 0.075314047933806 0.0823035584947524 0.22966501443191 0.151786619956433 0.0128019518711648 -0.0950372154055942 0.368185682655232 0.331294375398538 0.140292785937772 0.0823233626373791 -0.073559626426991 -0.0373715685491516 1 0.783744849276931 0.439122037894704 0.631002225385623 0.225136424648122 -0.0294907697154466 0.0894685165779589 0.0757068673216953 0.00124177194292013 0.0344698715207169 0.134039650604302 -0.0210642780341268 0.525451555964617 0.496948035187378 0.177952891807195 0.118618253669121 0.392281722620352 0.367973133360216 0.134987571454622 0.187310635796637 0.298693350423483 0.408025688308834 0.266634853391817 0.151872602804006 0.184076555767087 0.0339079454735599 0.520004010710302 0.498660830133194 0.520174245154007 0.511664550788364 0.528141950208095 0.537055643942457 0.566237289273987 0.505821600063052 0.536989990708877 0.456525359683017 0.405410214793513 0.415198456031601 0.48667370604707 0.470391494575966 0.69361821953721 0.584615722571819 0.377241878637865 0.407606764978825 0.154583257129775 0.0287039618280177 0.612220976758562 0.538799633897328 0.016613153268608 -0.0987278851654607 0.161683258120267 0.191297246538507 0.341531249051732 0.329054702159794 0.306105506309191 0.309023526257346 0.303493255747748 0.2780826600238 -0.0740270586614533 0.216985511082119 0.310888705515334 0.422273338109329 0.391071772000717 0.62662002529622 0.68331237758465 0.537793062804823 0.342032959748601 0.463316718256036 0.341936856320012 0.297997539684616 0.213309847712682 0.102654602379612 0.251966793619876 0.323181055679861
0.680650029715534 0.719554490244156 0.305157691358667 0.200697605119675 0.0501147896534142 0.0934041755098864 0.190753682492816 0.137191239153914 -0.0519128344525413 -0.11803389683856 0.432942834689134 0.326442400439488 0.186935122514182 0.041780582089855 -0.0513896835328601 0.000571354644326755 0.783744849276931 1 0.552482091786388 0.750497076429221 0.105019711534259 -0.0984270954937962 0.0980990499793326 0.0189684251218294 -0.0304800685462532 0.0591471690315075 0.0806083347065083 -0.0965660524676093 0.524227983101748 0.567438194831851 0.172870880948643 0.0185403573897693 0.405758342369702 0.347724832817187 0.0921939205655639 0.0412304180486768 0.306269857881816 0.441332637172398 0.220888785697816 0.117921156088272 0.222482801550974 0.135671150960915 0.536618059098867 0.553180447461414 0.523479248198708 0.518351284196258 0.559511602753415 0.574867905330263 0.534918580531525 0.527604757950941 0.589434222528569 0.536172541323146 0.470214340508138 0.47439134995839 0.503945922164762 0.600947672490223 0.749614435671921 0.752524498372115 0.443411696590971 0.537227233270598 0.186283735380161 -0.0479266567733151 0.702720662684569 0.629559173734391 0.0259773177549477 -0.14408892472783 0.175737059370991 0.217492215527272 0.311595822456231 0.357941549537933 0.332662167218531 0.345156440157977 0.358252171156077 0.295822515623414 -0.0672098504595542 0.224009664573049 0.256676399074183 0.392101747072705 0.263910605771455 0.713384136824467 0.700253494729247 0.628378614559695 0.383198127143434 0.386575452841803 0.342819473149888 0.283103797029928 0.302596245365702 0.102468831614139 0.247519654797968 0.39017475600406
0.781609014787115 0.647194896158571 0.554085318652519 0.24923818512283 0.119464879571034 0.112709616685619 0.440059356343265 0.178868118374439 0.108541876862678 -0.00599062720758414 0.68219395363956 0.335230907488605 0.587435196905212 0.262049520035046 0.26236650490608 0.0352216180192251 0.439122037894704 0.552482091786388 1 0.729857327869835 0.0155428064952096 0.0533119539253111 0.274877644544028 -0.0570018344515629 0.00871802215674955 -0.00486650428143718 0.118221147968333 -0.127891154486107 0.41544450623889 0.394369574353911 0.201201694377177 0.0698476229600307 0.520020586552774 0.271138573458648 0.05144737985893 -0.0277698567646719 0.195903336406 0.358813532532979 -0.0290668421256934 0.0579257844662091 0.178344314216118 0.156164259292847 0.490849046506786 0.461142543783429 0.405221411656964 0.420398307599853 0.512124851184732 0.470456637588807 0.417367708778835 0.508187715962445 0.454759323764071 0.471326731148869 0.455029650318837 0.453728217397187 0.390125572375747 0.524326222012575 0.621768494318406 0.62068952096625 0.449607250125125 0.497965059773876 0.388318213877601 0.0447353297798524 0.501880485755846 0.355107446305214 0.183472874400587 -0.112765941619221 0.214219396977493 0.158153132883957 0.448809392138073 0.39947907919825 0.480060832738744 0.451917483853131 0.428745570477076 0.36588090890921 0.162350486125726 0.185966700417099 0.27735651784606 0.372253149406026 0.0441176284787997 0.412677833876267 0.323735418060119 0.415942503262969 0.276263779933042 0.293557030873262 0.464973961148171 0.218185448383161 0.18524796431422 0.209521681793289 0.403143903374384 0.364273287360758
0.695701397257216 0.718537274146807 0.327686435406569 0.150281089736008 0.0164522283775745 0.0584288595743555 0.225713872565656 0.109110264758557 -0.0400192085635935 -0.169542682239433 0.577308375857883 0.401436563942081 0.304631831932814 0.115983413242752 -0.00128942747444137 -0.0439493618565542 0.631002225385623 0.750497076429221 0.729857327869835 1 0.0277172207741393 -0.00688202639398493 0.0875724797641729 -0.112651362762993 -0.0828225642053574 -0.0290150672007081 0.0787277626026287 -0.0712289000238065 0.583663628891645 0.603437579041576 0.200282671358928 0.0193812215000494 0.500205394151007 0.358177602297476 0.047166145000319 -0.00513247357494161 0.14147798929519 0.348637264517323 0.000402875774570898 0.0401393704498489 0.232264341393534 0.16812177588679 0.540061571570263 0.558362684552956 0.482320567539727 0.53384431181103 0.561395807727623 0.541580239525538 0.503837595351689 0.538210411730465 0.527895433748846 0.501797049286925 0.488895515392622 0.475406195380745 0.402201134506847 0.508629802321276 0.649380788460378 0.656411956751661 0.422799634322948 0.503855729232475 0.275681020173273 -0.0326796697014009 0.607758022367364 0.587447972838046 -0.0910881592750367 -0.254018050718926 0.0846068982822811 0.102846197604309 0.390998289595472 0.35970527540847 0.407124681469395 0.459684289399736 0.428311012005737 0.369712088707287 0.0406950551731067 0.200921539062873 0.255449747335661 0.370134414485992 0.152672930072624 0.512017246624332 0.453861204807841 0.403595355846616 0.29717350742543 0.316505542122638 0.222955565138829 0.114240280110019 0.187829829857929 0.0894101364877654 0.20805960128832 0.322209877974953
0.161356118009429 0.0513164728186402 0.130933041804991 0.09027304508872 0.100670501527356 0.107650736774414 0.0737413729223148 0.0910883820103201 0.0497980409582542 -0.0127613711003438 0.00979335070138205 0.0970673789160675 0.0779901462872116 0.0764773948778178 0.0623680052994809 -0.0111987748557908 0.225136424648122 0.105019711534259 0.0155428064952096 0.0277172207741393 1 0.0934781244155577 0.144843662060563 0.189548521215799 0.176144797510392 0.235031898864715 0.187090638980002 0.134959181619793 0.0493560002733598 0.0629151559150957 0.185336647113182 0.159662601499087 -0.0155495257241864 0.153211396223091 0.15351408262167 0.214338913036978 0.210391674565241 0.120435214518499 0.314408038316775 0.113350594687885 0.0724787475100523 -0.133622778050455 0.123499396379477 0.152377276165111 0.161712774793208 0.141035875344372 0.130732803654279 0.178539648705001 0.153756249898558 0.14748167479009 0.185947441435771 0.239306355327926 0.178469024729832 0.193230548520311 0.25467854017512 0.187620189326145 0.240209607730286 0.092838939276655 0.0754426398774383 0.0862030181669632 0.0135910735286409 0.0174640484688484 0.0945524901822134 -0.0198627496371457 0.181634159981575 0.134945049306143 0.177541730228547 0.272772380247175 0.154715715936565 0.110876045001813 -0.0053708072391327 -0.0650883718544128 -0.0833333464729459 -0.187866958368599 0.00697115227989148 0.0253164947994945 0.0796130844747488 0.0641727938506987 0.305474052258298 0.150727667344728 0.200975732655982 0.206535384677574 0.0997784370354024 0.329709240694429 0.120345346819167 0.187242068313572 0.180693966458472 0.133800416413726 0.161873213725749 0.0925245251511581
-0.0206457303663503 -0.0192088151752403 0.112029351718644 0.137324520274604 -0.0636783918273145 0.0773022010364737 -0.0133789522543676 0.0789992060717471 -0.0791071908787521 -0.0951223584917471 -0.0231283315250613 0.0380703714963553 -0.0301793690243716 0.0877332092520263 -0.0777884881193301 0.031687731371614 -0.0294907697154466 -0.0984270954937962 0.0533119539253111 -0.00688202639398493 0.0934781244155577 1 0.153328143269591 0.095374294417619 0.115553693503339 0.041396089554408 0.0887699325691856 0.12019157605336 0.0327505613063457 -0.0331889318260779 0.232149351112463 0.141359251630073 0.143193170285007 0.159571563538147 0.0905442229180034 0.229602068153489 0.200963471942386 0.139944031276216 -0.0659477747534105 0.0742813347302138 0.150992869435024 0.0436341267721083 0.170984680941114 0.0805572574899235 0.12263553067925 0.112921609816258 0.157355110888813 0.151072754894151 0.104893244432684 0.0527890597265944 0.0291437944560089 0.0848550495575219 0.0959290831701757 0.088255557818314 0.0628462668098936 0.113929721993769 0.0623245113329005 -0.0276144958925558 -0.025945828755176 0.0560087853840358 -0.047229135026932 -0.0599424924468913 0.0183881305241983 -0.0230900733845601 0.00366404840193645 0.00766730436461173 0.118629547733575 0.106840773799232 0.118713146937309 0.0370300119913241 0.0982015406754493 0.138804575101161 -0.0250740722182321 0.0257534888587456 0.154601740150838 0.0710064729990705 0.259452534880889 0.0710379986742621 0.0654615828154488 -0.0319594981054511 0.0447565379912224 0.0182225722751716 -0.0329745380933305 0.124955252900682 0.0418333275652355 0.0555688136160728 -0.0848958860580505 0.117748521071453 -0.0412878590559624 0.0592135013565322
0.25882017240246 0.245856031340551 0.76964283850836 0.718241593706412 0.37058836411822 0.344116597732833 0.317969312888493 0.566433710508917 0.332861877246132 0.434800636479788 -0.0197087729473213 0.100695687515087 0.31246833111703 0.540677196817232 0.601157199289889 0.638290025813426 0.0894685165779589 0.0980990499793326 0.274877644544028 0.0875724797641729 0.144843662060563 0.153328143269591 1 0.749589943521441 0.602892613279819 0.484612443094366 0.466942468428184 0.285749638159875 -0.0910028317136354 0.0400557494913053 0.561350636982778 0.544492741609732 0.41720869841507 0.411918475563008 0.648184457315684 0.501930270809937 0.290446645991893 0.24786200592966 0.145220292166784 0.176244628398435 0.138411615804251 -0.0865176265328303 0.066052929413639 -0.101169071743874 0.00638708915499408 -0.0472820225523365 0.0194415088041974 0.0294399828101756 -0.0192989084757451 0.0184520814760081 0.152494569266548 0.141886771066192 0.248419307400098 0.228306374141309 0.332644721873406 0.345718529908386 0.203724542077028 0.195650334379747 0.100086688413855 0.138651149911589 0.129445942265256 0.334007830615545 -0.0635094556926668 -0.131161609762592 0.625072103595751 0.530018057270481 0.543029680834543 0.477867529636448 0.345438608945113 0.337813854141307 0.418574364306009 0.301288646143071 0.26400490284608 0.266470248687179 -0.0614013165028453 0.0285484430810587 0.198685073734976 0.219933194580297 0.259619636006309 0.170001320986907 0.170702904395221 0.202128020976401 0.149334376155348 0.308471153092903 0.623702594889604 0.625120852477866 0.216028902856528 0.484637284659329 0.495800580283277 0.561985776336241
-0.076328166932594 0.106983805429783 0.444688658461404 0.781951810464501 0.26043019677329 0.258509529718307 -0.00013047727744061 0.628961252149196 0.136248407244045 0.49079279816442 -0.370940329786427 0.0678610584855872 -0.118363522054471 0.483160841518342 0.333664016424655 0.696583637747362 0.0757068673216953 0.0189684251218294 -0.0570018344515629 -0.112651362762993 0.189548521215799 0.095374294417619 0.749589943521441 1 0.715673483953598 0.682452659693297 0.431253876390908 0.373171000800731 -0.273310733186883 -0.00480425424586303 0.605335085696841 0.674378005251526 0.272285250321958 0.476468166276634 0.67079879847648 0.628893469599547 0.34095061713472 0.271142253434886 0.309048724055888 0.301595660073985 0.104838045512137 -0.204659693837315 -0.00922209039187275 -0.136281557796386 -0.00430095473071416 -0.0743951261415545 -0.101178928102125 -0.00724253350596534 -0.100295468347699 -0.107173264321108 0.00684113778122687 0.0142298402720235 0.1131251947117 0.0498794425830046 0.283745561596183 0.296039022059814 0.0606810288434649 0.0234261994897593 -0.168171395013376 -0.0650134063396751 -0.194284449203228 0.405841386536124 -0.244924774959543 -0.189040370273001 0.499605438959119 0.715692690931794 0.497140768103145 0.581893374106859 0.195669351348007 0.218407452071884 0.219627175150469 0.199271302230297 0.0581441370841858 0.0612155300207236 -0.0980174895516074 -0.0300306158296631 0.1846367320538 0.163410716034069 0.313977802420056 0.16807151247108 0.245892819860555 0.219183679615828 0.187924060424996 0.282652446969514 0.382718969083742 0.753019042216944 0.268234996608632 0.489919825616002 0.242658763154799 0.553502709228299
