1 0.655462765680564 0.549306720779366 0.43209191829005 0.247592790049891 0.210978513338494 0.535163798945783 0.423271935440196 0.493638716683177 0.358828208032779 0.705696235025044 0.373682453740193 0.501500607566808 0.311429838573604 0.422707712091912 0.327821162582878 0.630610782936813 0.570229843246119 0.771948553375932 0.542863029973283 0.302100271126722 0.233068468372253 0.516768800271451 0.382598616727979 0.387607908155866 0.314584246582097 0.266587943754373 0.0863227345271227 0.540695598815441 0.621842612564802 0.459881946029005 0.323308500328739 0.684300769535635 0.572021889855864 0.249632957492171 0.218794888712154 0.312807080374772 0.316209482149911 0.482711233080899 0.414874368186883 0.471561712532152 0.0341085356383446 0.424498071743953 0.527326110910052 0.520583102917589 0.578395728959282 0.584596955408714 0.533701125547601 0.603191777335944 0.486956633751504 0.503069385723084 0.492335916378535 0.645790210336442 0.409927395126058 0.588995937457557 0.481394004258206 0.797409699311262 0.635579583453021 0.693138069580681 0.541111971981317 0.430793029185292 0.310720452556082 0.636598142407053 0.375002627908314 0.365565460662308 0.239043991464138 0.429265967924194 0.387304562036219 0.660585138274881 0.381922711518009 0.525841481067301 0.48222406362317 0.589844850501154 0.578548079768697 0.120811203686795 0.267010971748919 0.362124196409446 0.374622817410738 0.620259140550707 0.615177917171025 0.706299720536145 0.571569769923322 0.461346826639413 0.413471857306733 0.610633923987721 0.397480127557764 0.258749850696749 0.245719448760154 0.449318707476116 0.470574343762416
0.655462765680564 1 0.282814835507579 0.328570630455281 0.130271062006747 0.0490636752396033 0.223685441251013 0.366628709818621 0.158358673926004 0.198178761171241 0.457628365781698 0.666376097171302 0.121364621856227 0.402025435255815 0.128122432299485 0.133385780347353 0.70025880534184 0.844838071157958 0.559917132719103 0.772164392491451 0.246530369077717 0.202789648600066 0.231820803997978 0.185292024416569 0.128835224366314 0.0694952366433428 0.0466139450597809 -0.00963422539228692 0.591200628801437 0.635093931589599 0.327523549312574 0.356433592429527 0.472584395581016 0.516492236005549 0.049646720146445 0.101876276227178 0.205310270563028 0.259369968698939 0.371995583110897 0.278555219831769 0.390459197427538 0.280560073705884 0.221101589992813 0.370967444433091 0.371896812507247 0.554001428414449 0.51690288432047 0.375009110058141 0.575079479114661 0.615967197957857 0.37622402702282 0.488039882951244 0.529085277776463 0.319561334418321 0.49904402816077 0.545275477724014 0.660169323311329 0.860748679900119 0.634395873036155 0.586480282002603 0.134335725596179 0.291824395299594 0.53417068147256 0.583886086287398 0.0733270951611428 0.0306080102256167 0.261191855144346 0.266904676468962 0.590002031314453 0.34553261185138 0.35839191620208 0.0940619067953398 0.481703511397786 0.486460478354848 0.0550724158708621 -0.00480659848991595 0.348150108332311 0.498406241055648 0.557781119726719 0.491298546470443 0.628235252735724 0.459692952831794 0.431624947155902 0.490268681977563 0.360208315812307 0.414540563001853 0.194508716362554 0.308918241716778 0.146921973668337 0.47891282178561
0.549306720779366 0.282814835507579 1 0.685965556484071 0.43605360187153 0.29907335876887 0.815596435501179 0.591768794749743 0.582700054611525 0.447262208177735 0.407076180848066 0.19233608524128 0.624682758105328 0.330007335847508 0.618014009798216 0.489133597388793 0.395665906797528 0.394359441275826 0.506721372049878 0.279955029871767 0.502916335738565 0.219545856023939 0.840572775802486 0.727412930161004 0.561105925849102 0.621106932430342 0.28698837114994 0.0218954710924869 0.3930601207236 0.420887424341765 0.723337844049277 0.601059100161786 0.653089944139688 0.563903233951207 0.717037941554976 0.492331881681334 0.443473240697685 0.417828232436557 0.522697644808938 0.526453051317293 0.349744619849405 0.0425693932499036 0.568133430748325 0.553051078337823 0.579265054035525 0.421411881852992 0.571099379416789 0.59443652730561 0.425308315566581 0.283900769535482 0.410168399429654 0.385778820695473 0.475943778485496 0.491119172468326 0.618361706767677 0.580538478021225 0.360992787085018 0.38595885080199 0.349386922673751 0.239138450829178 0.603420125544696 0.251121768027543 0.365725610992955 0.214106050594908 0.773277733389558 0.482489216298638 0.726499015037006 0.534582697172935 0.483261790875139 0.253506812500716 0.572629364029923 0.399032734613449 0.361705213524515 0.334015686469859 0.144371465411287 0.146491110566033 0.481235220119334 0.453698822704549 0.51012109998579 0.497205848257787 0.505392590485941 0.542304090280638 0.438250498115604 0.482381864471515 0.698709112279582 0.657401838296665 0.359429932926684 0.433367472431376 0.533368698889245 0.554790402163562
0.43209191829005 0.328570630455281 0.685965556484071 1 0.477699058649871 0.453011361414217 0.757861591133878 0.897020556320702 0.462982024936338 0.710565320826335 0.361398496457731 0.406740028218975 0.473104336523657 0.687021921470384 0.465104483533198 0.710589702299717 0.479833697786211 0.424212942405509 0.32161370946901 0.382626304254251 0.332411042960415 0.105556803933617 0.539520861961699 0.811534779812851 0.39482001661639 0.567754223953858 0.129794077755531 0.0451731054873885 0.446941884775278 0.575341051808117 0.675269682730812 0.636503820015683 0.695518665246326 0.758036871351473 0.750756816644612 0.620127473767282 0.431265194322201 0.463696834084743 0.474757036291246 0.553474964456814 0.395956004651007 0.0282079161529412 0.699089224452595 0.588233427726051 0.641200180381478 0.382773515081629 0.663638586935831 0.628680607053402 0.427324996256913 0.152315683751309 0.429089156057982 0.294273540927966 0.455523334699713 0.378038786541114 0.613987755229503 0.555304753885724 0.423030701601151 0.455465360276531 0.395994920034765 0.257766101342626 0.606082924029648 0.704561746247497 0.429580291499374 0.488795165073604 0.47798819752993 0.808557931152761 0.73046696824252 0.73354802791242 0.511037961720405 0.213463852914835 0.501899398752437 0.487194415446929 0.29382207388454 0.461194001719929 0.0530320527447089 0.243671975347208 0.396628997330917 0.438376223816285 0.599695177190838 0.579905659385646 0.614666250866076 0.565834140664875 0.358994052984626 0.442967271434492 0.456761108779328 0.699017535940434 0.233882934506434 0.340803394185179 0.56597112966751 0.624441496816836
0.247592790049891 0.130271062006747 0.43605360187153 0.477699058649871 1 0.12727332150135 0.488949248842786 0.372723954622101 0.478138199408247 0.348472560668316 0.241860315423373 0.141805638281199 0.417176749223953 0.345739418901556 0.396184362459195 0.403030229721072 0.176499365194977 0.180777062169975 0.145423643179212 0.0235089152229339 0.301450205370152 -0.0677744353509896 0.28683249152262 0.347915853961349 0.184395793391843 0.365618306248589 0.184037756674712 0.0871222801580459 0.0207830915778329 0.241205171370498 0.241833115104495 0.21675657122338 0.268459362413899 0.24898228742989 0.400217093207658 0.305353294085744 0.327863670647739 0.326371976925867 0.222555356389663 0.271359063898723 0.224842171330168 0.0830757163867987 0.306477352724574 0.283916896066764 0.293554147583595 0.159648832669783 0.269988870792491 0.298799898315916 0.200162190753504 0.049234934317485 0.26838230153355 0.148929789154182 0.30664822510837 0.240240457543339 0.348879625984458 0.294692843569832 0.182964114873339 0.197050984406257 0.18794098350117 0.055367322280512 0.49651858583909 0.291195683224543 0.0803993681749934 0.0800995871205127 0.351521473942276 0.472113725171452 0.315306410524814 0.308597856203141 0.130727497417825 0.0760307711479066 0.363447475551483 0.307126901047952 0.217201135268292 0.235014385926046 0.251251653346231 0.213243848944294 0.272896914489647 0.191958322942787 0.253610472270235 0.328599771994599 0.321781464306134 0.325258006188061 0.213156241443169 0.195301714788931 0.31537877990754 0.358046371652749 0.24492132246905 0.218356219675278 0.391026372695271 0.316135541194572
0.210978513338494 0.0490636752396033 0.29907335876887 0.453011361414217 0.12727332150135 1 0.406436674393906 0.463977913521319 0.345325822532061 0.62889394111893 0.0916507142157978 -0.0138803928975169 0.368184691104149 0.232532203430184 0.3343511426853 0.526598444285989 0.0567591676333813 0.000638783834010075 0.135660678525491 0.212760317522652 0.0988210234560631 0.199114042302462 0.334883713561353 0.53196171033813 0.333357933425179 0.44909579883592 0.345164988064032 0.518368788981207 0.0443799221476837 0.156077242596956 0.303378639388066 0.299369919702537 0.395213803327474 0.480270600256674 0.407938906279543 0.393126800705976 0.278874603991711 0.256793605321756 0.0902008318439807 0.400748247870126 0.0892326211907232 -0.128116601026019 0.302960844250531 0.290299932913245 0.279005366901965 0.189765430670279 0.22916043381419 0.352873715236529 0.194541695165306 0.0952302471163343 0.231130628503314 0.0691112239446831 0.173461075687289 0.160014901814988 0.258878775056767 0.177134224313573 0.208756178121833 0.0302359148763073 0.176952163970552 0.197601481986732 0.240103525053276 0.279853680634503 0.262877140160165 0.202996044540699 0.278188546230669 0.388391599199586 0.324904117932845 0.442311759053467 0.288588227259023 0.390653577680327 0.14042606798918 0.544309718349726 0.0530890530519788 0.350923608792219 0.0436714099810821 0.379065496004446 -0.0142057230534531 -0.0450648786558153 0.280016253657664 0.264844944102696 0.237746334511312 0.291303890036117 -0.09024192047286 -0.024936176129697 0.258375132394669 0.235655665294995 -0.135704966468439 -0.116639046688661 0.309210543962599 0.110285867878994
0.535163798945783 0.223685441251013 0.815596435501179 0.757861591133878 0.488949248842786 0.406436674393906 1 0.766133895147077 0.671613709893389 0.631223440659902 0.485797697958396 0.210139133080994 0.68869868225556 0.461209013085065 0.596327117738096 0.56624642444385 0.374344313515815 0.292334140419754 0.410710961658742 0.254458658724294 0.337966788090023 0.209692589838967 0.716172158549583 0.740640113207699 0.453171100238588 0.511145782671657 0.256744190114704 0.0979011749687756 0.416862482968832 0.45140030165011 0.625617126411423 0.489438642641953 0.712323478189342 0.611077133576564 0.634767604802281 0.54088804132659 0.337042114781917 0.373353688052823 0.458928058409199 0.454387602496674 0.365187963699119 -0.0699410563329482 0.618785283871006 0.541754514010669 0.624475017957484 0.384701692972838 0.586359513572642 0.611562240693647 0.400720305034017 0.15709050509975 0.424042054952599 0.268622148194 0.451323776901866 0.397808161916693 0.602275123149886 0.483113538990934 0.410454885527493 0.288597306970671 0.407226248658283 0.187397077403783 0.734930984352713 0.472483007543861 0.480896488562568 0.364487340043874 0.60213209859788 0.626434991621467 0.705855043134948 0.597074534422152 0.401897291924474 0.212427211426771 0.525870912743677 0.540009396846635 0.354275934662646 0.457014754714826 0.130970101225719 0.283090517987108 0.376482755567054 0.359460683295521 0.51375900091841 0.51705535188849 0.498974279272753 0.487074799846529 0.303711744991718 0.33817900807288 0.554152796461701 0.55441722997496 0.253676878499724 0.253650128203075 0.59915454030797 0.496309927280589
0.423271935440196 0.366628709818621 0.591768794749743 0.897020556320702 0.372723954622101 0.463977913521319 0.766133895147077 1 0.438058406543952 0.785841964828655 0.398457924169932 0.498294179387658 0.465359452688111 0.754168182188915 0.444356591774212 0.701559304801206 0.47310044823934 0.434370723578284 0.311746665582999 0.461938158874271 0.251277127219839 0.149099277943428 0.498873495552848 0.795723785988003 0.339332987337629 0.467297315919706 0.0854216152696442 0.0193482276753414 0.526760810844761 0.600543039776067 0.635070911144319 0.612150513151171 0.692003434963489 0.780236980636126 0.605306824963858 0.561640003616763 0.334587753105224 0.403264774837824 0.447121158966203 0.507028237991124 0.335596483333217 0.0190635759815831 0.686480207270211 0.583505721974566 0.619404137803235 0.369841436123099 0.652101309482279 0.601577290738258 0.41105870928116 0.16010353230278 0.404935059318843 0.301340168808065 0.422416433642187 0.354964668254658 0.640004852056902 0.558898907899702 0.386736811476767 0.42039807365962 0.44826649381244 0.312717866219818 0.5509208540808 0.760128707590906 0.524215801589359 0.666658553957847 0.396583291205439 0.73437005914201 0.696471842020843 0.73373400618591 0.472399646731691 0.195290791602305 0.460183197918044 0.533485218025233 0.255089997666951 0.472075032917991 0.0458007673491393 0.155996025817139 0.358303500408733 0.437726456304739 0.594619866739474 0.557399406573861 0.544944218839442 0.497021349751181 0.338749461432325 0.442153423625064 0.405409731896227 0.654031388187958 0.19671670021063 0.303666504663883 0.531839219533953 0.6152306991691
0.493638716683177 0.158358673926004 0.582700054611525 0.462982024936338 0.478138199408247 0.345325822532061 0.671613709893389 0.438058406543952 1 0.564708507922215 0.340696095901723 0.0828119225506628 0.678924008895083 0.307485490169941 0.738804562267003 0.533031129959728 0.200742475764278 0.150804452894845 0.388877545973133 0.162090858197686 0.24792959199707 0.141921078220286 0.645442785073094 0.514349274862918 0.349253320143858 0.34787340845655 0.383127135759857 0.160258300817899 0.229026062471857 0.268789559379383 0.295179896598102 0.183923761225649 0.489232808359515 0.366572493866722 0.396567728140019 0.331376903780368 0.241095818862668 0.142741841601646 0.28072617700885 0.328389834927189 0.332226696593711 -0.103798377299656 0.361179235929454 0.340173429020994 0.30415693932457 0.121871173947592 0.335254599236785 0.346324089490974 0.240572203196891 0.0649670576548409 0.324992585785292 0.182083768183158 0.39163421297803 0.286374548576076 0.417253548660076 0.299691946234939 0.331627406223782 0.195601094588771 0.32350137591558 0.195732464242247 0.544382402275927 0.242190286100052 0.400609655737881 0.18563869759398 0.599393133621409 0.415844524098997 0.38499383202579 0.266730506341705 0.35345435337618 0.303662225645081 0.303890292240837 0.421686634005581 0.317739291730901 0.372093229948456 0.320696979529642 0.246119495044709 0.176402465512492 0.215023194795371 0.376988933641733 0.403151327315729 0.404154136666965 0.386934668961566 0.281925868293143 0.262619658768908 0.677637379955632 0.370192046200502 0.296514236360595 0.180307907025201 0.566157161148762 0.337395106360793
0.358828208032779 0.198178761171241 0.447262208177735 0.710565320826335 0.348472560668316 0.62889394111893 0.631223440659902 0.785841964828655 0.564708507922215 1 0.241782314999515 0.205048003006239 0.473907570031303 0.540052614048439 0.521917997015801 0.726078407916446 0.279703156400363 0.210306640481639 0.24899597630877 0.315403756203622 0.137491107845777 0.166977658635559 0.451223171314506 0.709793951501521 0.355070832116749 0.475789218953575 0.335625677184314 0.168378135660406 0.283630535542482 0.395024884883101 0.391276109897461 0.357639347596409 0.537934950378976 0.630453419261582 0.505650696997217 0.428756151738232 0.260219616036469 0.271099990772928 0.262129377447066 0.439984734780031 0.258827075711935 -0.0977560218494577 0.453029823500321 0.356563665076694 0.32791868462824 0.158945894450598 0.398561838336442 0.376612010127982 0.183242886585718 0.0107559782990768 0.275557971654366 0.0975940617325054 0.288540431103483 0.22629893163772 0.403481967384612 0.281418720483431 0.39536303369445 0.251344648061063 0.288659269936429 0.246865091231519 0.40933459809158 0.556641040446387 0.469411348463054 0.497989764725659 0.371255902048009 0.587670474214242 0.490175882404797 0.547646056584318 0.385333069736904 0.273928111133257 0.227689094055747 0.53307057368132 0.180296254855746 0.430993693348046 0.0219538885070259 0.339298338967914 0.146319874015 0.204325183144485 0.443038181725428 0.439013992641327 0.444541611156225 0.42655589742957 0.168316306507652 0.211868724346307 0.38093857091951 0.441441734229674 0.0803939823196641 0.0818268822976258 0.475039926886395 0.387965934448694
0.705696235025044 0.457628365781698 0.407076180848066 0.361398496457731 0.241860315423373 0.0916507142157978 0.485797697958396 0.398457924169932 0.340696095901723 0.241782314999515 1 0.55556902369879 0.542569473063083 0.426083541424416 0.351340492128507 0.267472373913451 0.566605645971272 0.443847719129174 0.624855733733811 0.408382863651563 0.196108710896439 0.121836311160371 0.358078540312275 0.287768110933522 0.130187411429869 0.0839739924644724 0.068096167539585 0.0599000435628252 0.633263087775877 0.640153037050248 0.375932811850907 0.25770897142026 0.560910289404683 0.402686908930637 0.135971536913505 0.0187140199862736 0.18066712479291 0.151304693162994 0.393978937476738 0.241079494140071 0.331766246819512 -0.0335107177826288 0.502242945831652 0.571717942650217 0.510867185708531 0.453084383737279 0.542378101302528 0.423801999978771 0.476190155074188 0.274767955627572 0.373578159265484 0.370573894988 0.420673325509545 0.221897374387815 0.435723496522912 0.407434558992002 0.512718710985214 0.461080354693159 0.560105329790078 0.327725617849625 0.612585441088645 0.474136115013857 0.542902464257585 0.427214165463172 0.18870147309309 0.320486065398076 0.351091019416191 0.304057946070087 0.401703912945924 0.114801547493611 0.507632772664936 0.338610370881742 0.57283103566989 0.447092801791882 0.0505155205266227 0.151933772983921 0.410467899460186 0.414630180500321 0.464187590176864 0.499743231152831 0.459080521559906 0.243976943371334 0.424500494537705 0.369215371529032 0.363767299536854 0.300077029100429 0.292451635420871 0.264180409943073 0.374785543174859 0.427243200229937
0.373682453740193 0.666376097171302 0.19233608524128 0.406740028218975 0.141805638281199 -0.0138803928975169 0.210139133080994 0.498294179387658 0.0828119225506628 0.205048003006239 0.55556902369879 1 0.208371298340376 0.791438118190561 0.122666492907803 0.302222546069046 0.612135003793496 0.680114237619089 0.375494466844033 0.576793635271524 0.253227477642763 0.0256967858882932 0.130008502208952 0.249594402575046 -0.0300183037386149 -0.0511793145069988 -0.111824454729598 -0.125319918292329 0.680583321134974 0.725268722586523 0.350365256173365 0.409551768778179 0.311419402428043 0.385098401190971 0.0254379102740312 -0.00429823543471807 0.0919771367498809 0.110833957468742 0.29162026805226 0.168045111753309 0.204624423045401 0.30919317434327 0.402779690456676 0.451918783314484 0.399062695228517 0.376607060300907 0.501705474347083 0.292740405714269 0.423661430739512 0.279691073108466 0.234861535481379 0.317289582770288 0.314447632068445 0.162362940641996 0.365233724938759 0.557450614323564 0.220082182156408 0.647118206243466 0.43794341344735 0.285799118325608 0.357428169269237 0.650942838596865 0.409296664669693 0.70647768679076 -0.0531650916961517 0.326552362080055 0.227790290911667 0.274522430184094 0.360571454054043 0.00726273807160015 0.424299617948279 -0.0231068009276223 0.372434689228407 0.262241969589299 0.126130670943641 -0.290715202369336 0.471913589700209 0.658641778176743 0.475982159129179 0.472239008005609 0.426738415370879 0.224512657570652 0.527016574673616 0.598475862402616 0.176173233191458 0.516339652363242 0.301779666404209 0.495727035407251 0.138043745619333 0.621531155396492
0.501500607566808 0.121364621856227 0.624682758105328 0.473104336523657 0.417176749223953 0.368184691104149 0.68869868225556 0.465359452688111 0.678924008895083 0.473907570031303 0.542569473063083 0.208371298340376 1 0.425187663529371 0.744092734419567 0.523077645426313 0.273082971360995 0.190253469819368 0.523086059028599 0.150403411344525 0.288184452176217 0.175189550850305 0.716878861989427 0.543169349168617 0.29041958696808 0.333851301491927 0.295533074640917 0.193281199503042 0.301187733805053 0.374155135684183 0.399011653959035 0.28492018220581 0.51811841816031 0.373559236892961 0.483047584750703 0.334533760155848 0.279012158727619 0.192793950750236 0.34708634256892 0.339267015189873 0.245236475824493 -0.0763376420256381 0.499968175423929 0.474891191405412 0.442437955588341 0.214382309575373 0.435828753541002 0.412657100567519 0.24859086086786 0.0624129300201961 0.275831440473333 0.173405481006308 0.352494559094082 0.325358742679706 0.401130604217759 0.345710963499189 0.300823631235596 0.223731896914151 0.210697661348761 0.083012120131408 0.770558132482763 0.370798054838095 0.403243390440959 0.161379400174214 0.597576026262687 0.574684631314425 0.436327237247262 0.339491511723802 0.378206833720223 0.270175129818141 0.404388494291238 0.448224144963627 0.247171729900842 0.274012866642734 0.176769133013069 0.137778296678527 0.302010004917687 0.266688458712542 0.444393516395382 0.489761879245346 0.372893019300938 0.346819283417419 0.294484204155002 0.288228392616221 0.636618032847579 0.408747077072607 0.257139657902305 0.207894942577308 0.559724423255248 0.381716197049036
0.311429838573604 0.402025435255815 0.330007335847508 0.687021921470384 0.345739418901556 0.232532203430184 0.461209013085065 0.754168182188915 0.307485490169941 0.540052614048439 0.426083541424416 0.791438118190561 0.425187663529371 1 0.340131511006669 0.705115007705212 0.509781525437827 0.509413474575002 0.23736845415033 0.407294507772597 0.281063800513869 0.0146484043159674 0.288162129634418 0.57307956910416 0.0782819752765239 0.153612123683102 -0.0775717990559222 -0.0858702339367687 0.550656199262243 0.687146971964173 0.441623260305126 0.531821473416373 0.431859927659707 0.530070140685511 0.333800856386365 0.320765937841058 0.250081864104438 0.23888213495584 0.352581824159249 0.310057133587938 0.254199341581017 0.220385671454777 0.595032780600775 0.528125242342129 0.489079097767904 0.270336946703354 0.582223382875817 0.436105606306802 0.327182166185946 0.0737859467915802 0.296766856632475 0.245105119901857 0.331711769374729 0.250362111867378 0.475157247591862 0.588303852568319 0.192160830668554 0.499043193872069 0.335640901717068 0.198908213668383 0.536182855293359 0.8225575382952 0.417328025928598 0.701794170687237 0.160373808575009 0.679900016000527 0.407237931361696 0.526035364491265 0.382228786276941 0.0592491768815633 0.447851164606646 0.187418084449486 0.237128873240011 0.266009268049844 0.202469396245242 -0.13638406874751 0.465808032603732 0.565117578011786 0.549657432619102 0.615901082824397 0.5172027934823 0.440249539036426 0.481694538165533 0.607270310571202 0.311390914284209 0.690532204785714 0.303969379186433 0.50126562403952 0.405477315931673 0.708168527249159
0.422707712091912 0.128122432299485 0.618014009798216 0.465104483533198 0.396184362459195 0.3343511426853 0.596327117738096 0.444356591774212 0.738804562267003 0.521917997015801 0.351340492128507 0.122666492907803 0.744092734419567 0.340131511006669 1 0.661701836173465 0.238052908852799 0.15870433746079 0.412072676061534 0.155606466234773 0.298498965435154 0.091920379568404 0.731074224937653 0.59380420224817 0.344177880233826 0.410240723338474 0.367149805006309 0.109386943651783 0.285016911533392 0.301161092523656 0.408234611392615 0.325237708893581 0.475183655830158 0.401659643000482 0.440965453029375 0.227130014914355 0.302556125209863 0.230284514459592 0.359250208478068 0.437204125272922 0.366610061690683 -0.0933681784443298 0.441328481591272 0.450855327071299 0.27547645658145 0.137778814565606 0.403613028409724 0.424195907174831 0.177375025852059 0.0794274357798014 0.221000694654474 0.241475147993348 0.309836735361136 0.30036103463811 0.449541484065451 0.390591980974477 0.30204259713882 0.227802049782401 0.189020088567757 0.18632107789381 0.540820873066405 0.292445693969861 0.412838116812773 0.22659692722718 0.659697366141019 0.429957413257374 0.363280705617645 0.263434895295833 0.293322580056641 0.194301935787485 0.313873063792768 0.430249882964198 0.272751051777302 0.327882720110185 0.154282909954706 0.219436797190168 0.21365608876498 0.203267823466842 0.321725869731711 0.404634756532542 0.304533673161627 0.334827814639565 0.316983770805491 0.295834695480787 0.685588394984409 0.379668261555717 0.366514936770237 0.211756002856001 0.601374321793413 0.336694283243789
0.327821162582878 0.133385780347353 0.489133597388793 0.710589702299717 0.403030229721072 0.526598444285989 0.56624642444385 0.701559304801206 0.533031129959728 0.726078407916446 0.267472373913451 0.302222546069046 0.523077645426313 0.705115007705212 0.661701836173465 1 0.330452943229221 0.215660548380482 0.162428280233989 0.210121196109192 0.292207655858904 0.0594424755749641 0.485613935571535 0.761461810192426 0.323020293124871 0.477190598800365 0.164990331041718 0.0953180813350233 0.277863388524094 0.446924373734981 0.457939956220231 0.50665021751463 0.499430918634184 0.575866153070072 0.513912979030865 0.432871049969417 0.388341990032531 0.372929438790026 0.348443283080792 0.522680658281145 0.360396022658639 0.055910416978823 0.596896704934969 0.505078111846287 0.397259120268319 0.1692861888562 0.502249722202639 0.515726696521334 0.216990835532541 0.00237200807583723 0.35287890530634 0.251656172387756 0.348262620759113 0.325798794798374 0.502804067761822 0.474400106156357 0.273882701087223 0.264517487419769 0.24366140650955 0.218580788221338 0.514891701884877 0.600076067634326 0.411086341934884 0.459062701841863 0.472830894453634 0.692328241091817 0.473048385749583 0.544764314760894 0.367064692000375 0.186867219451532 0.347306507987608 0.449177962139115 0.166048113269765 0.309599990197179 0.156100202906145 0.183056445633349 0.276403193762671 0.271726784292935 0.453247276332833 0.551417225300564 0.484337591275067 0.518814600834953 0.340399979235146 0.425259511250074 0.492722608893094 0.61094204845204 0.238650063129704 0.340868435688183 0.600978337046455 0.532537098962136
0.630610782936813 0.70025880534184 0.395665906797528 0.479833697786211 0.176499365194977 0.0567591676333813 0.374344313515815 0.47310044823934 0.200742475764278 0.279703156400363 0.566605645971272 0.612135003793496 0.273082971360995 0.509781525437827 0.238052908852799 0.330452943229221 1 0.853274109929307 0.513992917224851 0.668122413769741 0.254232086306026 0.102292272532673 0.368807336928274 0.377332431936095 0.244471917909279 0.187220860458532 -0.0165834470029634 -0.0571801420001336 0.805534362051305 0.865292898188976 0.583934971106577 0.497140607510628 0.638951414895098 0.625807209266548 0.225835195562551 0.0974651103694464 0.298915078047188 0.360145829758654 0.494255584820306 0.363698800583602 0.497346901398874 0.201405813317423 0.498636010174433 0.59683676783546 0.545230505201208 0.588980677511628 0.642147940834548 0.414227219260877 0.503777081137332 0.440939442700331 0.338641661550125 0.381004536964722 0.459357312008363 0.261961998115229 0.480892088890412 0.572286899506586 0.684889023598023 0.734142481883216 0.475662404940672 0.320758876222192 0.367809998148313 0.453285374806426 0.578956420968124 0.594601524999978 0.1929716854035 0.278738012904823 0.456204259357637 0.362273725434224 0.6217791616817 0.17662590954057 0.416603885095401 0.159903686538048 0.625332875293918 0.464111891953009 -0.0739973051502946 -0.0971915194269753 0.545006960184807 0.656603013751749 0.724059009723894 0.687784147763087 0.763653533171597 0.518951656120619 0.644165306153768 0.628786453989244 0.391364838471874 0.502134711644287 0.384604140885203 0.440142051509655 0.172889133314338 0.537569059857322
0.570229843246119 0.844838071157958 0.394359441275826 0.424212942405509 0.180777062169975 0.000638783834010075 0.292334140419754 0.434370723578284 0.150804452894845 0.210306640481639 0.443847719129174 0.680114237619089 0.190253469819368 0.509413474575002 0.15870433746079 0.215660548380482 0.853274109929307 1 0.482620793823695 0.704842547926057 0.344848434454924 0.171926266030379 0.348536577743429 0.306383375734314 0.201550594689706 0.142814356228297 -0.0334231765536795 -0.161124656614191 0.712753343750604 0.786747003026324 0.508080127829956 0.496948326714494 0.537176941448574 0.550555100246883 0.200693389608584 0.151184870647197 0.317828049399803 0.356366873374369 0.474079072091707 0.361584809778626 0.420986841597856 0.307683277809108 0.377505053671977 0.475913790868174 0.454818182569647 0.533568310648018 0.574287828552648 0.384369648569986 0.497826004059415 0.501986247734804 0.325229153848738 0.416266434256691 0.47249786866798 0.330281491536174 0.507922545746019 0.635933867519539 0.611959060865873 0.867145187956552 0.502738430697938 0.391991213130831 0.26240837124089 0.316271287644669 0.499700142792703 0.581584179399184 0.211031134165242 0.170948573412135 0.426212089014674 0.351065728412256 0.605211312993916 0.219474766458282 0.437193597982743 0.0183064388950595 0.536850398207902 0.436383324419501 0.00359857873176615 -0.168384816003321 0.558607576431033 0.695511727286743 0.677764071582518 0.662296047770283 0.739794643623992 0.586985126706174 0.645027382269241 0.692052233559935 0.423886738429871 0.575142542440152 0.408829600927012 0.52131549628323 0.150771737533078 0.609037999619571
0.771948553375932 0.559917132719103 0.506721372049878 0.32161370946901 0.145423643179212 0.135660678525491 0.410710961658742 0.311746665582999 0.388877545973133 0.24899597630877 0.624855733733811 0.375494466844033 0.523086059028599 0.23736845415033 0.412072676061534 0.162428280233989 0.513992917224851 0.482620793823695 1 0.589599792208956 0.185016413843782 0.248913507668384 0.534260963305272 0.256144826001907 0.235024493852683 0.149448014300476 0.265575409203814 0.0542312032434334 0.541957573775469 0.514871690698809 0.411679247349492 0.257293569787147 0.591837007785662 0.484322472427875 0.215976300571972 0.113879169498042 0.188360305257219 0.171196282779972 0.329643474848344 0.255356721725334 0.384335726441477 0.117653638188547 0.326958725948652 0.385395955301419 0.319323453761667 0.381377418967947 0.450790150055114 0.336199071857768 0.423202244642113 0.369653276544059 0.287240984034002 0.349685726139803 0.498152254628936 0.337376576503802 0.399702582966565 0.318532787169054 0.582309679209813 0.53665404814756 0.456691081703581 0.450437831116094 0.295774993625152 0.234591663940366 0.532550874111305 0.270697492326247 0.301627759641977 0.121415712419647 0.292183338041328 0.224518259013116 0.59138994465231 0.409919548455055 0.405276179866807 0.370214138928503 0.548551094019072 0.45438031253773 0.113161078441595 0.208460807931195 0.275776950397737 0.311516536231947 0.448574531785139 0.431203706812346 0.428288230488396 0.3421569119045 0.311948159706735 0.323458382905455 0.509779107681145 0.272167349397935 0.178592635233502 0.151692373222799 0.275169080232216 0.353069359631138
0.542863029973283 0.772164392491451 0.279955029871767 0.382626304254251 0.0235089152229339 0.212760317522652 0.254458658724294 0.461938158874271 0.162090858197686 0.315403756203622 0.408382863651563 0.576793635271524 0.150403411344525 0.407294507772597 0.155606466234773 0.210121196109192 0.668122413769741 0.704842547926057 0.589599792208956 1 0.0267159431662755 0.23311557528478 0.300316581243732 0.300645099976365 0.221074079036551 0.113063587738299 0.0948010686177905 0.0298471721277505 0.674398379564551 0.662908502059958 0.467300459706342 0.412737482524462 0.583669202522918 0.669597566459796 0.152133729962901 0.14543517744299 0.176329011835102 0.266706430438361 0.212619131840552 0.301422486789792 0.399695409717059 0.248946435815555 0.21167594225737 0.341834706690418 0.298893087408499 0.426859586961593 0.411993355373189 0.330018235464498 0.431298003499991 0.444034401108347 0.260442906852024 0.328333792983461 0.41994819121624 0.237137897065522 0.451841541894228 0.466106240850599 0.570101135081777 0.647105317548521 0.519990273025415 0.566904229741244 0.0313831250624803 0.376262188934003 0.6123546657536 0.688887047408567 0.0547486831071929 0.0172036485896844 0.262232518188354 0.330935942407514 0.587486999888418 0.490920784523247 0.30705199487016 0.243645183556406 0.441059240784438 0.508795780241754 -0.0242892031056249 0.130901448344245 0.247737917858017 0.430693006231189 0.555832959757374 0.411523572757887 0.539529611435071 0.386818137714687 0.328147694948277 0.415623955648029 0.333718620905567 0.326829794012036 0.0884201311634779 0.144729078335688 0.121930457481557 0.347729095350993
0.302100271126722 0.246530369077717 0.502916335738565 0.332411042960415 0.301450205370152 0.0988210234560631 0.337966788090023 0.251277127219839 0.24792959199707 0.137491107845777 0.196108710896439 0.253227477642763 0.288184452176217 0.281063800513869 0.298498965435154 0.292207655858904 0.254232086306026 0.344848434454924 0.185016413843782 0.0267159431662755 1 -0.0437292194826915 0.418709358978312 0.365028714382571 0.334811228660093 0.349764365828267 0.151858337970311 0.000102146569027319 0.202859895007141 0.245913676358164 0.340749024230337 0.45087187679925 0.284362684209403 0.241567365758793 0.378335573284426 0.357261492763188 0.451702769905924 0.346243367832366 0.488046291631525 0.425328554625438 0.158156184263992 0.14531099291348 0.404385007004341 0.380403276805034 0.383350459949201 0.343051463967562 0.415258988078594 0.393595661736437 0.382453885645147 0.282669860675434 0.388677477933114 0.388667729775143 0.374867505055033 0.404564921191005 0.384809823899757 0.460409971974318 0.104186101264691 0.361325963094449 0.215309783914363 0.0750937513112001 0.370708253786022 0.103460173829221 0.0910719204654191 0.0817764050047838 0.429953610458521 0.303558022546736 0.443629143469728 0.358227853926484 0.22579664609306 -0.0237274675412879 0.504502466981069 0.0390093785056523 0.23131858258985 0.119540980449096 0.213832938318655 -0.134416702315116 0.408626553708047 0.425210807106744 0.212602101470679 0.49357032390553 0.392672314411427 0.474255215856058 0.499953332870004 0.483650271962264 0.451662129371836 0.597674675946926 0.324833366978381 0.638188928840349 0.292702655199837 0.566831678631662
0.233068468372253 0.202789648600066 0.219545856023939 0.105556803933617 -0.0677744353509896 0.199114042302462 0.209692589838967 0.149099277943428 0.141921078220286 0.166977658635559 0.121836311160371 0.0256967858882932 0.175189550850305 0.0146484043159674 0.091920379568404 0.0594424755749641 0.102292272532673 0.171926266030379 0.248913507668384 0.23311557528478 -0.0437292194826915 1 0.308013980069441 0.230111788766571 0.214062046007067 0.153561287118402 0.205996270793748 0.223971690973773 0.179063763330882 0.153551046584052 0.278279351012604 0.153962882853131 0.290322725067643 0.212621397151355 0.137729887251017 0.238246955391813 0.140242375912158 0.130389096672543 0.0105905275779883 0.13422184868835 0.0653633679568744 0.0319496398098659 0.0385598845128988 0.0957029250394911 0.122601763083584 0.0852396242116041 0.103605965615909 0.192319650870864 0.0739359244645511 0.12390681896676 0.0401006384674687 0.0722598339557642 0.0694342050450749 0.174134352677187 0.112828657829626 0.0650962782983753 0.242662251651829 0.117394489177403 0.102750523026452 0.20033215481788 -0.00754353901084527 -0.0332834504863658 0.351983562425145 0.107039723366281 0.247087524579486 -0.0437530276563451 0.190491625248734 0.197405724736531 0.408906055866374 0.443468939574068 0.142206975583064 0.217770198787932 0.0581935871564739 0.187013623096681 -0.0417390550787375 0.296206577406747 0.0178558648238242 -0.0431347851956568 0.249782620977795 0.100493564154985 0.151304424783538 0.186325469368728 -0.0745926104359452 0.137709412874237 0.215063892526742 0.0805678916400944 -0.118355615819298 -0.0327940585064587 0.00258348284674389 -0.0416952250117797
0.516768800271451 0.231820803997978 0.840572775802486 0.539520861961699 0.28683249152262 0.334883713561353 0.716172158549583 0.498873495552848 0.645442785073094 0.451223171314506 0.358078540312275 0.130008502208952 0.716878861989427 0.288162129634418 0.731074224937653 0.485613935571535 0.368807336928274 0.348536577743429 0.534260963305272 0.300316581243732 0.418709358978312 0.308013980069441 1 0.743384714776587 0.590870483144082 0.530619649944199 0.395052149571406 0.150703202680504 0.431441300999088 0.414715949291655 0.72263888883929 0.56481289736895 0.648842155469408 0.53786623201834 0.63313605400156 0.434565378387943 0.385073318936053 0.322638880582026 0.45172171395159 0.487403505318524 0.336939882901744 -0.0284163679778725 0.510264835632073 0.508672565580417 0.46118106644374 0.29275889191282 0.494319929847619 0.504936584315811 0.29888741654631 0.205678602741909 0.305058456908391 0.271636488449135 0.407493641860606 0.431415854745113 0.52460296250889 0.49211802916444 0.343772186856775 0.332640626690956 0.246309288732987 0.171787619176341 0.527670039899941 0.176517292840773 0.45804656408229 0.211732319056659 0.80458051389786 0.369463173633677 0.6321460999372 0.409964949463675 0.484321167655333 0.299242856148887 0.487480618482938 0.392911579683802 0.294262440700115 0.282914527481944 0.101248329713817 0.182380801871595 0.397136126881783 0.430636203886239 0.500318394432608 0.485660193404305 0.444500870307452 0.481390265818102 0.414396708789587 0.480995278611991 0.808572166369854 0.567815819392747 0.343528391712789 0.385212693000878 0.486235413129984 0.457773189483346
0.382598616727979 0.185292024416569 0.727412930161004 0.811534779812851 0.347915853961349 0.53196171033813 0.740640113207699 0.795723785988003 0.514349274862918 0.709793951501521 0.287768110933522 0.249594402575046 0.543169349168617 0.57307956910416 0.59380420224817 0.761461810192426 0.377332431936095 0.306383375734314 0.256144826001907 0.300645099976365 0.365028714382571 0.230111788766571 0.743384714776587 1 0.603495565388879 0.688463993984283 0.311418049641807 0.159501223197016 0.380758112946711 0.475747721397961 0.748745876006286 0.700220955146851 0.672824840063927 0.687525170076668 0.757835036023125 0.644943152058859 0.465540575896962 0.43212719790604 0.437910135678703 0.576145440336859 0.303909257882798 -0.0762812520831804 0.664021635742005 0.58470199914112 0.607310131253132 0.341660943297985 0.592941413342585 0.659104728164899 0.371164452385864 0.159478287719771 0.424591544817767 0.302429366720851 0.398712926105552 0.409948573507782 0.569113917086871 0.554659557427721 0.32155958612794 0.326382823326775 0.274027178939564 0.158785005746201 0.539255454817187 0.465989761370546 0.430598025488651 0.443613675245311 0.697980417213874 0.659898589315312 0.758827242067745 0.679385775737138 0.453822108894446 0.226185633663615 0.469392795936794 0.465811980994251 0.148999898447386 0.286243704976045 0.0272477371541657 0.203783925139439 0.389997974060067 0.394928765758786 0.566204304927395 0.53281210883447 0.517861570378257 0.559305625907362 0.402629068351652 0.511367776557341 0.620518240494364 0.75068078537717 0.287138327299195 0.416743837724481 0.539468297921412 0.54841099392148
