1 0.523957029849695 0.571596326597048 0.482810673261811 0.329477291872471 0.383154988941054 0.526003383602859 0.461094152406853 0.33920627031523 0.305731118941933 0.621105176945668 0.188581219047621 0.659279614088182 0.340188519074732 0.353842235979816 0.105022552060226 0.431818264721735 0.40672141830756 0.693838970629606 0.371723893061534 0.0856893095281956 -0.00653703677745508 0.220169332799243 0.203885767331018 0.125944505345036 0.314885403097331 0.215433349556188 0.249987654663997 0.239995731678891 0.278336965303767 0.297112783872108 0.235204366333856 0.534859878713753 0.411258311525049 0.224841230996905 0.307247456297623 0.246826098241508 0.380938353927995 0.230257447926434 0.0707884504425854 0.238718784258709 0.427593054485487 0.561671996092829 0.545944506106111 0.397633127062735 0.375762388604146 0.528567836037656 0.545331357746014 0.289069649895322 0.3223243931135 0.365617585557335 0.300694214042791 0.517533455106665 0.402213071309893 0.49871484382868 0.423682803429817 0.746107564591788 0.656761502240759 0.606090619257817 0.544558745880905 0.631314838456538 0.37388233383821 0.367496243424215 0.300049166021382 0.290852125285622 0.423619980109341 0.509703109861673 0.410300881312183 0.490480478692826 0.339729842169971 0.322926944870445 0.51446228071051 0.41461898065744 0.411340166754919 0.10770214404446 0.145217476841921 0.399530407446176 0.261646483886102 0.2718218884264 0.344701640692954 0.4510018989737 0.309567377971565 0.206314415106287 0.166967264374202 0.378569065245889 0.325325773312834 0.255451448173937 -0.0200252414354645 0.588222305583322 0.435823075931318
0.523957029849695 1 0.411744181124458 0.537638363309939 0.410224379015641 0.224220591237336 0.58286975383825 0.605582582985906 0.199303851312956 0.366355414280518 0.445635736919317 0.466715516391293 0.361460125509381 0.50789535338039 0.165640506064146 0.146417999607464 0.566503082688812 0.666167366657742 0.633411580660469 0.706331243324569 0.0927168829111313 0.0301490252001896 0.398395263160062 0.33835512761359 0.137538968758757 0.171518784107888 0.15230834961955 0.151847481223568 0.472487699901058 0.610893668481661 0.491744887642702 0.288882485422157 0.754999512209077 0.705829600669544 0.247666138777451 0.332897978703701 0.292407322237528 0.281602073861864 0.12770669078012 0.0637179904440523 0.323520061077251 0.372834714065517 0.60114314763082 0.670839952997132 0.603286899155332 0.702593575514444 0.762302317602944 0.741484694267719 0.601448162090867 0.655749482419517 0.617569241582528 0.537613102450103 0.605134727370605 0.508536772598063 0.645694633875631 0.565170933466367 0.664466104375973 0.634497151144361 0.634290473601801 0.683936571511492 0.276547437886773 0.22419404261689 0.430075891724448 0.557805231291367 0.0145212185149866 0.0488443624989386 0.525097895499188 0.519768204347403 0.5900819816508 0.422653416277719 0.227845197059856 0.590312459486345 0.318336551292509 0.407967865955536 0.206604509756147 0.00710759629115771 0.493719897146554 0.354772726872078 0.374905888867165 0.408358394392385 0.642785372943843 0.617470645563561 0.438246929807654 0.509201618139758 0.299057838632912 0.339166292638437 0.254646960138255 0.0636527995719174 0.45909379983668 0.594232091091093
0.571596326597048 0.411744181124458 1 0.774162654232083 0.526065867924348 0.409539278837051 0.699335473308975 0.451266686076554 0.508739750910479 0.553866718792892 0.272316145642481 0.145886434964833 0.335753954953201 0.188266677245271 0.53351483171544 0.434352038741427 0.31011593767859 0.184015164351476 0.476229132941893 0.277482270508094 0.150981772400021 -0.00919122442877515 0.635526634429034 0.545472560000854 0.401995194618063 0.534717523889589 0.330881141302986 0.326116074412976 0.150515329078119 0.196357446962462 0.495151960412633 0.555968586319468 0.538720196815351 0.547741244034166 0.616886118174618 0.519304203266584 0.351826516792703 0.361810977481574 0.406465755819964 0.190693506684298 0.19072790347098 0.433695136067151 0.649994213762218 0.493029015598412 0.477180909531186 0.391892355073226 0.461412715675201 0.487653962269797 0.223626335031136 0.284384261633229 0.387942055430146 0.376313262187091 0.533237815341817 0.548624053890868 0.539949106417406 0.415846501860059 0.518099861647043 0.509365803742355 0.499085938452666 0.362248474546723 0.445272972625521 0.459073104245569 0.0676607645259781 0.088003744319174 0.620787217445214 0.560320232075544 0.720188138096484 0.577914984345688 0.408491652370002 0.330885094959129 0.184788803411355 0.471875801056806 0.353484132644531 0.435401818621062 0.169384165057367 0.0818627845632582 0.283893946181603 0.289457744875045 0.166479040986548 0.257481835916843 0.439507069675908 0.403935909924578 0.312076400008565 0.218797298035846 0.622241183933709 0.600674889344528 0.322905386528947 0.223313100049345 0.575600081152088 0.625947642460338
0.482810673261811 0.537638363309939 0.774162654232083 1 0.499464669165988 0.455988624993684 0.676232944959412 0.627481437691332 0.502050934887704 0.584147602724389 0.263784008199307 0.20992399078023 0.237850077826326 0.264777354023402 0.315930063508101 0.332173982892122 0.310277793998424 0.249592348125308 0.439881769208812 0.401799576731331 0.164851932030553 0.125070325862848 0.594405001110544 0.633226145223796 0.344927479389012 0.51565769766164 0.24273129897172 0.198141568644718 0.161906343443662 0.278860143544966 0.481482623529763 0.564382391858122 0.645301503715301 0.709702424365892 0.556497920900918 0.595597769511435 0.3830761399025 0.300907495335071 0.367465899569435 0.160700876377423 0.244286092713961 0.368437655631115 0.599006188754389 0.507311961953351 0.492464003209075 0.494251442762451 0.506491111539887 0.583776299313786 0.317780086219488 0.362533527744037 0.458066203048423 0.447231363648581 0.541264508857365 0.514237238226964 0.531429751890864 0.432730117349665 0.466408638071863 0.488883387740246 0.502002043629936 0.442135301331542 0.341421310285993 0.505862605903312 0.147264849825565 0.221600405710329 0.418611167010334 0.545939927301787 0.688484087250727 0.714948827117737 0.526435182058679 0.475733322293674 0.125985904620196 0.51364004800088 0.290700627227212 0.456609681541155 0.176094694164752 0.139279814443433 0.288561802971853 0.327347075422352 0.187978180866749 0.205521802689058 0.475185699419161 0.491448021770217 0.345744888244988 0.327492618065106 0.459011696319044 0.569765634782419 0.254135280696846 0.207922289805645 0.488919053297144 0.623852886758001
0.329477291872471 0.410224379015641 0.526065867924348 0.499464669165988 1 0.42162249427812 0.542267345032208 0.431995120860322 0.600274793820285 0.63415871386122 0.165891928816855 0.340655478748992 0.319089316686678 0.354087175486606 0.34793004372362 0.197826038672435 0.204711284606942 0.182562221119739 0.284575969642272 0.239974159106671 0.105487855408994 -0.13995805725262 0.385865116465619 0.380662710747787 0.19213341298446 0.253490891302696 0.133144139508485 -0.0401387800908504 0.159328998904071 0.312480712057211 0.33787927601263 0.320090813181409 0.525027838534368 0.51679835433368 0.371189045298016 0.370683323499909 0.160317863631822 0.212995401334087 0.159639587802683 0.0405149585848572 0.165621758504467 0.296148663258523 0.432926564132059 0.323145228444495 0.399291390781282 0.353141373394434 0.333343438488689 0.335286989323166 0.253137213648468 0.22066295898215 0.359237189430368 0.228888550314896 0.336217317256299 0.289533364993782 0.407950977039139 0.30272468045754 0.313274123371853 0.298565011817492 0.330814561417915 0.358531210663939 0.313657446981739 0.433735499846767 0.128785682375058 0.263682367958065 0.22903591888359 0.320284098636183 0.466524389056222 0.488079504800984 0.256511720775766 0.203084044364468 0.235844025747462 0.400388089106564 0.26796269070151 0.316342637481488 0.086373132082282 -0.0103300174207896 0.247256630112748 0.179654219038983 0.156072945527368 0.199143432148034 0.333287642879746 0.312938329623585 0.144337763329848 0.107170327507708 0.263982080298822 0.315822204481367 0.12141031117452 0.0182153699518814 0.357598580165836 0.425699157588454
0.383154988941054 0.224220591237336 0.409539278837051 0.455988624993684 0.42162249427812 1 0.461729598118276 0.358545815115405 0.443474148045881 0.594772490022958 0.36002106056215 0.261163967575395 0.484585099046687 0.37059901617856 0.333108273931812 0.347165409732666 0.0742844108294422 0.0493132323346704 0.320508841150969 0.254647288008221 -0.0521208409734382 0.0277142788005817 0.252717060644389 0.31059776085569 0.0874391241383071 0.252559477861701 0.0701528275122017 0.0831678265091309 0.101559920233782 0.171438313720357 0.138135546722042 0.193350504718144 0.315690943227972 0.300183771637384 0.21407915444395 0.311765089517821 0.0771966056282778 0.0753416932284811 0.0803312511585602 0.0449118640416166 0.10721353792576 0.241037682774424 0.252989939059186 0.215522823804825 0.215906057902716 0.221064150569563 0.234030316023995 0.208438583494639 0.0911737664521243 0.0819852214041351 0.244027675885345 0.0895391641322698 0.25045447417134 0.0782200479082686 0.352610527610971 0.193494426056537 0.258488943161388 0.331523390110206 0.348586745754082 0.317483276997712 0.417022172522539 0.485996676268343 0.196655390505382 0.176701393359906 0.281724100583277 0.389665205632237 0.358026305902559 0.365216496093621 0.291211518471558 0.284874632328906 0.140227600669262 0.366957507109517 0.271363508036167 0.271649081840325 0.262066708540593 0.0380801039500241 0.114895154799518 0.135379186818718 0.152003766634437 0.0773743433826948 0.261805838538956 0.211535458019727 0.0362213861536017 0.0551977728592619 0.307331948163414 0.263833885158154 0.115094454427714 0.022016927952421 0.381872261342217 0.292190277407781
0.526003383602859 0.58286975383825 0.699335473308975 0.676232944959412 0.542267345032208 0.461729598118276 1 0.786342039496798 0.52683671588715 0.625486325966667 0.417286779311527 0.442533616309203 0.572615847285537 0.555137951030934 0.420761250730352 0.234800762468732 0.375403600476935 0.36064195926771 0.537841847173528 0.48751256306936 -0.0496317160449813 -0.0210567076035706 0.485332889349771 0.374631349846691 0.0607137781059844 0.108726717397785 0.0164321119806593 0.00956884826431025 0.354289987670596 0.445853361850995 0.523222308681543 0.324248584506248 0.703832154212091 0.600609772624676 0.338935993750297 0.358883114034839 0.159789338158406 0.22241150995211 0.193511835188264 0.129266059444544 0.185993598077683 0.395156482677767 0.674582100873 0.582309501992154 0.566320501809524 0.588141060157469 0.630649108013515 0.645703823673257 0.40182298702702 0.457866091533278 0.570901229040282 0.429626620773601 0.616160965892019 0.439950681192529 0.651678789881347 0.475721247886768 0.460162405167501 0.45417669729145 0.651506766592522 0.617081849518585 0.680386258659075 0.625839155190925 0.433470684106535 0.556561570606167 0.264342837984198 0.304815670202455 0.599411394390883 0.563885649174271 0.467653418769849 0.287199028483826 0.123721649690157 0.475914884195932 0.236734223220611 0.316789947676168 0.0826943558773937 0.0634493341412185 0.454207068560106 0.37196479712327 0.228690286598839 0.24993928211239 0.461753188150225 0.389543353033818 0.247805573544264 0.347525771189493 0.392622891492441 0.327665808899548 0.195424270778208 0.0943432047786269 0.556630200496229 0.617966760315758
0.461094152406853 0.605582582985906 0.451266686076554 0.627481437691332 0.431995120860322 0.358545815115405 0.786342039496798 1 0.401597668727593 0.539257314809796 0.4583068497871 0.430586993241009 0.495393638014079 0.597757747564254 0.114490162623415 0.0119776323888276 0.309074262144511 0.374514895493411 0.558189732622924 0.519026829865368 -0.107274478947314 0.0287910487871505 0.273602490270629 0.268036560836493 -0.0717605937022204 0.0219301636322145 -0.0849578715238479 -0.177474291902556 0.351561940313582 0.48342744116785 0.491061335527923 0.207791771191373 0.664774106282932 0.62869851634776 0.192966897062317 0.321292226807275 0.0692781972826694 0.182242982279942 0.00849856759973528 -0.0287009526615125 0.103729868446638 0.233616295997048 0.587228120411271 0.586581829908747 0.534235000491729 0.603073420831743 0.637473717111063 0.655312326199181 0.506871493210034 0.553127520792626 0.572043595918261 0.486666319440296 0.607998405495098 0.411465771959423 0.527102496557096 0.397166388927272 0.372953529396138 0.337883604526995 0.536347611234336 0.661972524072282 0.572716287757035 0.577478333628158 0.395876955389398 0.619482765997442 0.00230892125674007 0.201795536957511 0.465598365592466 0.4884164554879 0.358651636556899 0.209898333440856 0.12191396319526 0.467550355767039 0.215531793942562 0.234668673311526 0.037005167700529 0.116506574366037 0.416540513868431 0.415559113828155 0.145149840491869 0.242361180449004 0.321172647873621 0.346992132470676 0.184330039443996 0.300635592172144 0.174745327244219 0.165468637582671 0.163062296205254 -0.0351815409227219 0.34699529646561 0.554819914227987
0.33920627031523 0.199303851312956 0.508739750910479 0.502050934887704 0.600274793820285 0.443474148045881 0.52683671588715 0.401597668727593 1 0.674235948758643 0.170585370491247 0.211317737628293 0.318641391746443 0.273192040146978 0.358827060520028 0.365535624526979 -0.0303385400394078 -0.0369826939968919 0.135169641926445 0.0319019596895766 0.0532206007198578 -0.0312276648861275 0.344359968112105 0.363944205811785 0.0881755105782137 0.297710222139576 0.116441814528923 -0.0803261621201919 -0.0210173852016697 0.0685738381072952 0.285817769582572 0.226280334692058 0.450492349929692 0.402437745409971 0.397627080894526 0.282023604781488 0.214214225783453 0.24699974145312 0.166027759647327 0.119965993488416 0.160470471325564 0.227273232194132 0.36044471631301 0.199402100278023 0.280833724168782 0.230939027382025 0.297302692614777 0.268719880745255 0.156456672245575 0.147509798410114 0.269850887257023 0.135091420072723 0.309549931524081 0.244909768701361 0.344817726670219 0.275420867382544 0.193632776618503 0.176230149104644 0.3428271687825 0.252776309205751 0.399719106221076 0.597548259779667 0.0324830919287027 0.122712983037289 0.302260365354129 0.389340269948996 0.362563338426452 0.332055853922949 0.303721912301567 0.114647359352889 0.0955574492706183 0.222134391359088 0.195856956267801 0.166415635052025 0.143590514576788 -0.0533981148892019 0.127625040096803 0.00869280559796789 0.054017938326566 -5.17869089971559e-05 0.189231193904055 0.165534250940873 0.116233080881062 0.113915245676533 0.241603286326727 0.298985217067531 0.227909299417378 0.104386443063735 0.317743132279452 0.445571219102145
0.305731118941933 0.366355414280518 0.553866718792892 0.584147602724389 0.63415871386122 0.594772490022958 0.625486325966667 0.539257314809796 0.674235948758643 1 0.175435063121123 0.268854296582499 0.304937880371259 0.320807566001387 0.383449429824762 0.382945007512907 0.104489624380287 0.124574609089517 0.283899574248554 0.237288943360965 -0.0128586888434346 -0.0318590772704093 0.434315233566128 0.432614060124589 0.233677659539 0.277205964627511 0.174960593490102 -0.0516702255704243 0.0920292564756726 0.215783911991914 0.336665731685607 0.292129850608309 0.502804041928075 0.554836064926464 0.356332046222771 0.456126482395788 0.202603079001314 0.251397274045088 0.113448891975622 0.173307592020625 0.175118957542881 0.27584116436547 0.445587023892275 0.361936795636574 0.370240522489422 0.356031909442311 0.424663593104352 0.421365655744414 0.328107908080011 0.311265430796083 0.444383721981471 0.320342342180504 0.436165188301925 0.320738775377675 0.431710150187076 0.381096028315429 0.304692749108092 0.319176879138044 0.458639254594768 0.42612812774193 0.383382810719003 0.596818758525359 0.144572034844622 0.277694270883076 0.248163708590147 0.349429438336217 0.468637599842337 0.456273543285236 0.409948540590268 0.284095387570763 0.0771018404728178 0.438671971745536 0.182907491705401 0.310831548938523 0.234178715763154 0.0254470861267587 0.149068830142848 0.204507730195634 0.0984313559995282 0.109024032591112 0.289038902678659 0.279259912806357 0.192552839333634 0.167040693910492 0.285439751813243 0.323049413661655 0.14228163592184 0.066992540412313 0.452340036733201 0.559525040699632
0.621105176945668 0.445635736919317 0.272316145642481 0.263784008199307 0.165891928816855 0.36002106056215 0.417286779311527 0.4583068497871 0.170585370491247 0.175435063121123 1 0.355044204103823 0.729537028314254 0.4615955273433 0.200662203746188 -0.0138776024010192 0.340099031943456 0.367284264182247 0.589160406077941 0.32366849420564 -0.0509397571859777 0.070439549362706 0.119713800273079 0.090450965553585 -0.0820972954062476 0.0248683205153659 -0.0658747851373208 -0.000455157067514829 0.408981264528198 0.410459525500347 0.138634389469708 0.0119549496584007 0.428714142913633 0.302143776453179 0.0337245469791335 0.0920131013526852 -0.0138767525777914 0.0745261304912112 -0.000729807585941841 -0.105154748320927 0.0741633083781805 0.122416054122766 0.355509946796077 0.363044710342453 0.237800249055356 0.243463176684873 0.319441176439182 0.353468324591186 0.164899938557779 0.1324479554687 0.163843588142162 0.0900568222385763 0.214716829024891 0.126291277935783 0.31393745292459 0.191225981851372 0.40031914918263 0.343252395614873 0.336619267556673 0.450705874557919 0.556064810327938 0.402213958727665 0.489720328014695 0.403138445635135 0.0921954415649801 0.251953601447328 0.25818438349409 0.215914689236712 0.188062866395735 0.0634904593888346 0.129154250770002 0.321389792083999 0.294516123822626 0.219152765675803 0.185190700497282 0.112407584116701 0.265015150609326 0.292076922478305 0.186889390805423 0.198345869310543 0.277216652078026 0.201294974909075 0.123811473850245 0.0135947278807127 0.261251718456557 0.0239726284531548 0.175274254398601 -0.00317993451234209 0.341637833114489 0.188725065190301
0.188581219047621 0.466715516391293 0.145886434964833 0.20992399078023 0.340655478748992 0.261163967575395 0.442533616309203 0.430586993241009 0.211317737628293 0.268854296582499 0.355044204103823 1 0.426301994502521 0.802126103217648 0.325963756623311 0.298325713395205 0.284768131013762 0.36237977329822 0.327880259083158 0.384992492778967 -0.0564621987182594 -0.0647773201071371 0.396531699481197 0.325367074992956 0.00303835786527675 -0.0204781997846339 0.096455525486028 -0.0597326567131565 0.559085635791253 0.661401323501727 0.329161140038401 0.0615437805881979 0.505345252589718 0.410043870030254 0.148157553544591 0.082184012684974 0.0153035849932633 -0.052412211114028 -0.0160804375176492 -0.0312238529845779 0.104464215855815 0.199447434876452 0.299883710642867 0.294928808062683 0.429300605264089 0.512503537452798 0.426676015291714 0.374520061609712 0.177045943309936 0.247999766560872 0.307930069154602 0.148284516190496 0.220640692938563 0.132127058280745 0.451924667856857 0.311159262125668 0.242663408793259 0.378670512228288 0.269546724551229 0.328162472113203 0.42380669324586 0.330656620451474 0.501773309825317 0.61902581627765 -0.00525366653512868 0.00858362282544738 0.19231140656157 0.274145108805842 0.168238993778077 0.22764176559289 0.031382443268497 0.247050677150503 0.289807846991495 0.270363821812429 0.198926474277095 0.0773274295094461 0.239581758135402 0.105501133482028 0.377489690994624 0.22752131327405 0.437414763346775 0.441320906941494 0.32816788357171 0.319089577673785 0.266400542559156 0.171287953983897 0.23104097813789 0.0455006390333883 0.302762821440458 0.266587905547783
0.659279614088182 0.361460125509381 0.335753954953201 0.237850077826326 0.319089316686678 0.484585099046687 0.572615847285537 0.495393638014079 0.318641391746443 0.304937880371259 0.729537028314254 0.426301994502521 1 0.657180966280595 0.431035026081832 0.1397771147417 0.308308640315302 0.32009717886472 0.606240046953999 0.353184173634722 -0.0657926531591162 -0.0646653998929848 0.0603024196848371 0.0138845859687693 -0.2267145736633 -0.111624517979617 -0.0508435232798285 -0.0548488456094348 0.443270156869552 0.37281022960962 0.169579686984107 -0.0340198226881939 0.38959527252803 0.224905033980828 -0.0255440790465176 0.0642980073187066 -0.114296390347398 0.0257167088149357 -0.00366676347749133 -0.0986956360650039 0.0946559569734828 0.24227931007943 0.428892424493041 0.428435453388667 0.323826064381507 0.326904021106449 0.388387667323804 0.382880720371985 0.21942370928436 0.204535442302909 0.263557691160573 0.107820301455271 0.327174639519743 0.113889047572681 0.450779442867594 0.258905683475205 0.355680642262283 0.325630577672716 0.486709761328014 0.501771994545414 0.758618285666276 0.516662897181892 0.483728155079191 0.472419987568004 0.0654612607627716 0.277523311084121 0.261455549512154 0.204806727377701 0.261051245136064 0.102613066425884 0.323072999956349 0.310421550464032 0.336355209779401 0.177757092254783 0.0504069024149517 0.0870838527654838 0.480289443128835 0.303694547191123 0.254472108403106 0.173054477014435 0.29357003548714 0.152344128134516 0.0733668757779678 0.07137500792209 0.208359312181083 0.0421191012677748 0.0628382418709486 -0.0732809152704034 0.512445915819706 0.271546388743009
0.340188519074732 0.50789535338039 0.188266677245271 0.264777354023402 0.354087175486606 0.37059901617856 0.555137951030934 0.597757747564254 0.273192040146978 0.320807566001387 0.4615955273433 0.802126103217648 0.657180966280595 1 0.309374717732719 0.246736067531947 0.304252196937482 0.401926944940626 0.443930927658309 0.452910226501769 -0.0866224811051771 -0.0315225254492303 0.234856725394409 0.19019586785865 -0.111392328520475 -0.122155035247958 -0.00941487097107487 -0.101180480725004 0.523150420805582 0.62023207073458 0.300370212368297 -0.0358489066265271 0.501465363504583 0.389356794501129 0.0371240790301743 0.0557587259549899 0.00635598035254171 0.0234701824709128 0.0536374850218351 0.00808429149343354 0.132582490302231 0.18550424390686 0.3826833685904 0.402976029954892 0.465440794729991 0.545919186824746 0.490642737902755 0.438618194644065 0.265046009702085 0.28836283582934 0.343479707018104 0.140267073452 0.296129349155094 0.121216688042528 0.533542460849342 0.335726826897511 0.305037617738044 0.394303866205666 0.40337194780569 0.500464993934668 0.569399293953989 0.451132684423959 0.508550751982094 0.656613858624915 -0.0728877565352579 0.0974305404713133 0.195667505652348 0.290349054108707 0.227908523724692 0.224619530834805 0.121146532423281 0.295451331847843 0.322848710794595 0.230616955193414 0.185968640071148 0.113460045079848 0.376623136442859 0.202492686913408 0.359937963663851 0.207319754748543 0.414424640824811 0.37704103456243 0.191046786477659 0.301353977284241 0.175254245446469 0.0985875351146494 0.13344852514297 -0.0545002721247883 0.405682499507356 0.288004363584469
0.353842235979816 0.165640506064146 0.53351483171544 0.315930063508101 0.34793004372362 0.333108273931812 0.420761250730352 0.114490162623415 0.358827060520028 0.383449429824762 0.200662203746188 0.325963756623311 0.431035026081832 0.309374717732719 1 0.592446908643968 0.204393666576926 0.118828306785609 0.294386878483847 0.189637296269762 0.255323601880146 -0.198190312682714 0.580517994834132 0.452520163058791 0.252016850259437 0.299543775419337 0.421136871516377 0.189798618985838 0.336824631155009 0.24418667989287 0.359346100795558 0.321235617416115 0.277531155484159 0.236780845403308 0.359119866378078 0.190755751701497 0.249754211374521 0.207453305357372 0.34200331243244 0.145871850642277 0.13986462018502 0.411394391066379 0.360230507320164 0.215323966694643 0.231192529545367 0.142277672012933 0.249171584773418 0.272870521961546 0.00591448126215375 0.0721899492636471 0.144707652710934 0.103249558480232 0.208142341589414 0.206701660184276 0.377079333996438 0.312335653908141 0.268859658609337 0.304141701327761 0.298155782804703 0.0889304233377033 0.341041544496345 0.346456338644655 0.194358064357341 0.0996782478413221 0.440658424464167 0.334457556581597 0.302879609495248 0.201294659927197 0.232439962780459 0.182045329659448 0.291487249737614 0.192678489439423 0.308818908820651 0.270648522619524 0.0299813313359478 0.0926300230914825 0.165211939287439 0.0985643201405383 0.345732006892129 0.18852484241214 0.390291344089047 0.257927563973699 0.466198661531238 0.210591764208983 0.600438034474865 0.464249205928919 0.27694836758267 0.242290669164965 0.486114658898325 0.362666319934143
0.105022552060226 0.146417999607464 0.434352038741427 0.332173982892122 0.197826038672435 0.347165409732666 0.234800762468732 0.0119776323888276 0.365535624526979 0.382945007512907 -0.0138776024010192 0.298325713395205 0.1397771147417 0.246736067531947 0.592446908643968 1 -0.0534001506481152 -0.0854019943058401 0.0170384458894718 0.0199897346403243 0.267877317454993 0.0328088563899076 0.592133804880794 0.616160919569028 0.427660248513246 0.434392257744449 0.393286311684067 0.226743004665851 0.0360136546656771 0.0614477832172428 0.341116194111396 0.431880397133454 0.212152372431682 0.222234786096045 0.428992371736165 0.265520051872833 0.398840529157401 0.268192427985691 0.326072686766883 0.364540051805039 0.228507079254058 0.175390020292265 0.233128166460109 0.111246154344625 0.277618710548703 0.19538144784918 0.203481561218765 0.150506185261214 0.0608979668014602 0.0694690606281468 0.163607797446594 0.111739239623526 0.200481580753278 0.232402281158292 0.379037867263951 0.338772303961555 0.146468723013033 0.241350585093038 0.170175263955487 0.00510194639596904 0.111102309549098 0.321416114854625 -0.0849006853339702 -0.0462896744937801 0.421505732166399 0.348614044070357 0.292968296634408 0.243565319715212 0.26160993484442 0.267640408034061 0.0377216389605458 0.148448795871874 0.119906192316711 0.161497585541575 0.234192995071886 0.0958506997867463 0.197369716147088 0.00509214736563041 0.249736780949442 0.114259657292911 0.29037346523299 0.327742064771442 0.403611104941158 0.369209248837363 0.538716769032833 0.622990619967257 0.395662862868204 0.524079938753139 0.482284220442582 0.491908050569606
0.431818264721735 0.566503082688812 0.31011593767859 0.310277793998424 0.204711284606942 0.0742844108294422 0.375403600476935 0.309074262144511 -0.0303385400394078 0.104489624380287 0.340099031943456 0.284768131013762 0.308308640315302 0.304252196937482 0.204393666576926 -0.0534001506481152 1 0.811198000352741 0.629436759795188 0.524562613714436 0.160882661026079 -0.0109435265492658 0.243228604927212 0.178948245525697 0.0276952725358437 0.0482604029238955 0.151329850130055 0.0828750513673296 0.595240758252444 0.59323489337985 0.300685184072819 0.170220923110291 0.488348868390123 0.46494761362125 0.270793690501959 0.29462563176351 0.161320854127259 0.0982607240561562 0.0915693983482877 -0.0345865144292998 0.143453063047581 0.3640647531475 0.409479643750391 0.453961840159956 0.431419551383307 0.430559869309775 0.436474211033177 0.439081727600008 0.24572275297858 0.274310227110217 0.28344981490984 0.272096320304326 0.287577324206123 0.324647286845465 0.376020335391841 0.371546027788828 0.662649099908561 0.57148802728617 0.318080982964395 0.365302763828425 0.21373930199419 0.0809647618461782 0.553934112491812 0.570094142218165 0.10726332619117 0.110930537412923 0.407267785409282 0.439268049373338 0.260123018418559 0.200120564905586 0.344699726785338 0.418313158843352 0.352073241132807 0.420336734346008 0.0361543362860166 -0.00354648155962115 0.333165533092982 0.287578587174946 0.565250101827363 0.573293593874436 0.728240013457413 0.576925155291741 0.427219385926851 0.382979335231251 0.33515451707685 0.267180530645194 0.268373187843595 0.0627662242680641 0.227357477525287 0.303153474960303
0.40672141830756 0.666167366657742 0.184015164351476 0.249592348125308 0.182562221119739 0.0493132323346704 0.36064195926771 0.374514895493411 -0.0369826939968919 0.124574609089517 0.367284264182247 0.36237977329822 0.32009717886472 0.401926944940626 0.118828306785609 -0.0854019943058401 0.811198000352741 1 0.57925302091723 0.581749817342182 0.109384991794239 -0.0583190037392578 0.159629150851407 0.090610949342831 0.0122557108839507 0.0041801498577205 0.144338791790769 0.0805815527302809 0.586057727630598 0.63071697109714 0.27686920242188 0.113796250550137 0.501139440746865 0.485924136631113 0.137363865559362 0.186159954325862 0.157841829151569 0.102350293553055 0.0265776051200295 0.0104356747297811 0.18525439611898 0.316779244214506 0.33344682786935 0.495329822200955 0.360933041423238 0.42096691645853 0.476889832706331 0.475720236939852 0.285827410874972 0.335254745393208 0.305435852151737 0.235131731563468 0.307556492439858 0.263814877953047 0.365904043647664 0.367916208050704 0.616959631705042 0.568612572776524 0.337576821632862 0.442367647572764 0.187354018801403 0.0550275647549726 0.552383800033979 0.65309388870765 0.0243292026607216 -0.0160976580398106 0.320984607986531 0.347864734410577 0.27735973289289 0.183686614746339 0.309246861810575 0.377860867432012 0.289589131832689 0.327820879616668 0.139980480465746 -0.0199766293319166 0.340975528575031 0.307352790369928 0.463250965999993 0.47297578683865 0.627365705221081 0.529314162996319 0.326041705069518 0.336995263473127 0.202115773142359 0.167579165423582 0.164348028528963 -0.0142702050514023 0.23999056506676 0.283739596408996
0.693838970629606 0.633411580660469 0.476229132941893 0.439881769208812 0.284575969642272 0.320508841150969 0.537841847173528 0.558189732622924 0.135169641926445 0.283899574248554 0.589160406077941 0.327880259083158 0.606240046953999 0.443930927658309 0.294386878483847 0.0170384458894718 0.629436759795188 0.57925302091723 1 0.688858928366612 0.0508445767013974 0.0709229993856311 0.279935038734809 0.190689013006818 -0.0565242869833505 0.0869536857586661 0.132477095442292 0.133415344477129 0.600786018842346 0.608546905574445 0.380573155924299 0.215855579366731 0.637868785679305 0.549394522020497 0.223768863201321 0.31981018252313 0.0928142220153203 0.200465176390487 0.136048629740234 -0.0697201235435383 0.13012528038826 0.356778677315999 0.596595870931652 0.631505692049418 0.519839236971922 0.549386939719566 0.617119235598334 0.612118623439992 0.453076477847888 0.495400997513338 0.471610250989956 0.41439631311587 0.502731366213022 0.415266325086441 0.538719112622952 0.454462657960618 0.594808671220609 0.518802166264146 0.545544269502006 0.59589818755311 0.436668824380018 0.25581837759592 0.543351864919372 0.523447419139123 0.0168009024760649 0.122461144266602 0.499972986440923 0.443275582374446 0.423671845708147 0.21699611198949 0.351368766303928 0.569825979266028 0.436819729560863 0.483617700674461 0.120945172848517 0.129116537221117 0.432216560246389 0.360074522064948 0.320277449014743 0.482371309855025 0.517342701594452 0.392993523237643 0.29346330412585 0.267537239913757 0.305013898792248 0.158537902327021 0.174356148377732 -0.0606153989608659 0.421298010083038 0.430141650898
0.371723893061534 0.706331243324569 0.277482270508094 0.401799576731331 0.239974159106671 0.254647288008221 0.48751256306936 0.519026829865368 0.0319019596895766 0.237288943360965 0.32366849420564 0.384992492778967 0.353184173634722 0.452910226501769 0.189637296269762 0.0199897346403243 0.524562613714436 0.581749817342182 0.688858928366612 1 0.0113482731541429 0.00610342111374464 0.277698042079114 0.21013012530336 -0.0465747823972893 0.0114688003456466 0.0134341767759226 0.070050325410086 0.58294121795265 0.638153744263397 0.397526485653698 0.218945969086852 0.64710854378683 0.608639160566361 0.140097631419118 0.184989002037411 0.0934125976085023 0.105314874411472 0.0466235222501254 -0.0897539014984394 0.16542540750013 0.29137594298111 0.471444231039138 0.590623025498691 0.44586768748663 0.590722668342341 0.620352895636131 0.562278725614415 0.525671889825158 0.569140820420511 0.549198223244368 0.482555439327714 0.471887385407236 0.367820110924531 0.473784009343466 0.378634394079327 0.446155792361115 0.41156398771509 0.504446735324889 0.553990257603713 0.2363281578921 0.165359609795457 0.455968109493367 0.554748878830307 -0.104356004557307 -0.0228731592100948 0.412875614448858 0.407011153760219 0.540801973271302 0.395108121336048 0.31953219090698 0.534263756193303 0.400279903139658 0.443898239816812 0.0663803280165445 0.100312332797221 0.39709998573949 0.360200372362531 0.29982003848517 0.366682401995034 0.53341851409855 0.46353029435841 0.31122195197978 0.452777698910056 0.15059497208523 0.121026831852977 0.0695575438533307 -0.118873028732279 0.253077792513746 0.3808742766297
0.0856893095281956 0.0927168829111313 0.150981772400021 0.164851932030553 0.105487855408994 -0.0521208409734382 -0.0496317160449813 -0.107274478947314 0.0532206007198578 -0.0128586888434346 -0.0509397571859777 -0.0564621987182594 -0.0657926531591162 -0.0866224811051771 0.255323601880146 0.267877317454993 0.160882661026079 0.109384991794239 0.0508445767013974 0.0113482731541429 1 0.0785531737233597 0.319966868522563 0.368477535329333 0.383339802876041 0.469157810990796 0.424663218487592 0.0768057821586472 0.0866459991002247 0.0737143728839072 0.295728195761074 0.414051856614614 0.137623697497381 0.214991646086443 0.329906973726513 0.271059462086442 0.339100249071169 0.248728470203312 0.324114967271371 0.260805672102487 0.0559977757736695 0.260219125174496 0.028192259557416 0.00137137893001 0.00939353321477802 0.0161675068570423 0.00969666402793016 -5.93119551748735e-05 -0.0588365906885592 -0.00911115667441725 -0.0230119629769713 0.0898192069961208 0.0452949879960638 0.231461502662005 0.0900228485027997 0.161001805622923 0.152164910391326 0.110485439185648 0.00993529694060639 -0.0784454223661929 -0.188902192080583 -0.00327976834418956 -0.0562090746536419 -0.0953300003243534 0.210635363128781 0.194857812282795 0.14800774470285 0.172175346439342 -0.00991475905252921 0.166268165494124 0.29429630236959 0.143069131375723 0.271077084861982 0.248322994004031 0.15293213795406 0.130061087857994 0.109075318357548 -0.115911862894373 0.319874206571506 0.166684975600956 0.274530829601362 0.168317439004938 0.370252940368164 0.189092174709365 0.288392853030169 0.331314907065022 0.319434744563371 0.334041089276791 0.11096278696035 0.15685935154933
-0.00653703677745508 0.0301490252001896 -0.00919122442877515 0.125070325862848 -0.13995805725262 0.0277142788005817 -0.0210567076035706 0.0287910487871505 -0.0312276648861275 -0.0318590772704093 0.070439549362706 -0.0647773201071371 -0.0646653998929848 -0.0315225254492303 -0.198190312682714 0.0328088563899076 -0.0109435265492658 -0.0583190037392578 0.0709229993856311 0.00610342111374464 0.0785531737233597 1 0.117726814300937 0.203628795598516 0.181507413716081 0.200842866261379 0.0613913462612438 0.26129637170817 -0.0488172619098883 0.0766949864043283 0.0886407980291574 0.218769669831454 0.0553651496902116 0.132730257504263 0.186823231276592 0.196124352177108 0.116549233886728 0.185837794552792 0.111896921531491 0.0888753593843458 0.0906829767408784 -0.108017172304682 0.082323564137766 0.0638641075416168 0.103161961991742 0.136022191667101 0.0875610988401164 0.0743060312773354 0.0437035890007961 -0.0108365729991769 0.0152297956520529 0.0365456498239496 0.0316131111218598 0.0503429157827573 0.0848458652246374 0.160024896349798 0.0167468556346003 0.0569492137822643 -0.0537168837275343 0.031247545339502 -0.0639453596643342 -0.029198295513172 -0.10897380476459 -0.0729841838732833 0.0397920751185832 0.0561948060281216 0.137642360226746 0.218650404402463 0.035464958663474 0.146983410886369 -0.16354492151596 0.000759180185125605 -0.120023660361293 0.0664441730509635 0.177012447739525 0.046284098080998 -0.0741715302433703 -0.0920616584093377 0.0259180670045972 -0.0326468419638343 -0.058300077014527 0.0886433620806841 0.0523132194842041 0.246415222992644 0.0282582033396565 0.0779873699708387 0.0268483893102352 0.245630492090998 0.0801945901690122 0.085622921014167
0.220169332799243 0.398395263160062 0.635526634429034 0.594405001110544 0.385865116465619 0.252717060644389 0.485332889349771 0.273602490270629 0.344359968112105 0.434315233566128 0.119713800273079 0.396531699481197 0.0603024196848371 0.234856725394409 0.580517994834132 0.592133804880794 0.243228604927212 0.159629150851407 0.279935038734809 0.277698042079114 0.319966868522563 0.117726814300937 1 0.839092653912036 0.550339312856004 0.561044309853235 0.402926452021116 0.264580919259227 0.322998075910812 0.444556969000912 0.653578783071657 0.732843676427208 0.567378914492763 0.572648878139327 0.623428722811687 0.449289312314456 0.496309877805576 0.328155172373928 0.359616387017499 0.265310032513343 0.179286701415801 0.35391060426101 0.43055915760204 0.262832049455249 0.428692455406004 0.350376880468607 0.398825323422887 0.357885347231543 0.141292704340795 0.215348945181798 0.260952577419291 0.278823983760648 0.299077116254751 0.419910435147268 0.409173569938887 0.396884058826058 0.354328933145012 0.407964894449433 0.238011004004529 0.100429141077874 0.161860696941482 0.268415144531898 0.137066947232425 0.170154613205773 0.49105185729371 0.287415867497017 0.539801810072333 0.488778487003879 0.313273258260363 0.361797977550122 0.0264464624018978 0.325795203656096 0.251384259864007 0.446866281683983 0.222759964067818 0.0806170308656524 0.120600319321143 0.100119200798271 0.384625751363339 0.327702773608072 0.535581759471463 0.564103922840607 0.577665286601459 0.42901335953556 0.657657024483136 0.61302512971967 0.392936765812502 0.403436023426554 0.409875000643861 0.542753152754052
0.203885767331018 0.33835512761359 0.545472560000854 0.633226145223796 0.380662710747787 0.31059776085569 0.374631349846691 0.268036560836493 0.363944205811785 0.432614060124589 0.090450965553585 0.325367074992956 0.0138845859687693 0.19019586785865 0.452520163058791 0.616160919569028 0.178948245525697 0.090610949342831 0.190689013006818 0.21013012530336 0.368477535329333 0.203628795598516 0.839092653912036 1 0.59498444325416 0.646321440546379 0.434283353437984 0.257556428935986 0.198629567864326 0.384934799580823 0.57636402794979 0.762565821936477 0.491471161316183 0.548053312265625 0.623307493949872 0.522464458550573 0.532779459723804 0.388711885485419 0.371795234269081 0.319794423462471 0.157137398072093 0.323201889239769 0.394540127172273 0.236999194535379 0.385379080350628 0.316099566209413 0.326547011855262 0.32356911420205 0.141257359479014 0.169428886688452 0.301551625777681 0.28971886289328 0.333942438275951 0.399371323757744 0.415175052698949 0.397748539602353 0.334689930622639 0.394859266205314 0.210043579658657 0.0685340214258507 0.0557259410360966 0.264716347849617 0.05376581704709 0.093397046233252 0.418413976310209 0.364435160396568 0.499302159512525 0.53629994341151 0.300082899711499 0.464717662561229 -0.031928583678849 0.350110475138818 0.24300208264456 0.492949373796873 0.257638792981082 0.198751295201209 0.10326029803016 0.148260665107563 0.339519836591179 0.252490301533094 0.505140070489171 0.517723627717106 0.56335140515626 0.472793346948878 0.599072187190996 0.624886825004086 0.446307026776417 0.548456267712218 0.40483669977963 0.55462791747217
