1 0.768681617332208 0.505110473608248 0.36645453228743 0.280963529878021 0.30079654568562 0.50221416162969 0.495624735365379 0.381189791868139 0.224981523184344 0.631677036924331 0.342197718639762 0.446613240441938 0.332422199073287 0.271206971301024 0.188400805042194 0.715497004433778 0.61814219464416 0.676868699341368 0.762600593818551 0.0451948541545885 -0.0673259866739766 0.267457151235927 0.255886743840868 0.227463654194968 0.181895616285551 0.269701107652083 0.137934193964859 0.581993325418801 0.576910664354305 0.283660625033131 0.137433979978554 0.463984382644631 0.496660872724887 0.0602055947014389 -0.00788109404449048 0.463564704270696 0.302051865351098 0.266585114433163 0.435156763248226 0.303170487224877 0.221836485215375 0.476535631488341 0.388072785725821 0.505240600869665 0.535094515862453 0.66948032761318 0.567068433821831 0.454982193178246 0.484991224842809 0.580313617477227 0.43910418769703 0.553447550915057 0.529765030785512 0.662038627820163 0.66502886718186 0.742189092864798 0.702076910508465 0.54367239904573 0.43045551894985 0.45922442817057 0.22535166996931 0.523718871902465 0.497386059396554 0.0890992312294932 0.171488531282969 0.42195359653607 0.459870269898696 0.598181434054975 0.511634823633245 0.501657816296142 0.487909690787848 0.463756064719316 0.457156087758952 0.314659303958873 0.345243043187818 0.507899131450495 0.462536976614191 0.617273052888916 0.407573968333271 0.682548355602684 0.600811487444763 0.382485849291717 0.298634280494625 0.455256955409179 0.314744336911692 0.173464730689639 0.233340798232875 0.482199954867392 0.501146093243961
0.768681617332208 1 0.441288565344629 0.395981037554696 0.24410221302608 0.234136669309907 0.371953561095203 0.389369865343206 0.289676678082719 0.197694495968787 0.315345486358911 0.364686934421663 0.338339643119867 0.346667102859353 0.196714691311651 0.141404728986899 0.688940121281852 0.700281178232339 0.517642052779605 0.658407519807189 0.0941924582457416 -0.0977641417868172 0.308290306464823 0.360541500316754 0.363752510164982 0.199990804007896 0.224361699552266 0.0518248606706658 0.520249280991068 0.429787127047716 0.222327057429714 0.187868934061493 0.350521130456655 0.422566971348598 0.171862981636199 -0.00628808673931997 0.561365317592378 0.277854618671159 0.389864726403333 0.33120297575439 0.311285881828518 0.155020892562637 0.25471151440811 0.167351017787328 0.436457721323626 0.473354424439772 0.536380853242133 0.448734225436696 0.389738820647313 0.492510681002063 0.447382047392846 0.304372213700807 0.446822641372793 0.431786748289671 0.583135571979829 0.573780248638212 0.865265481621335 0.884013031169569 0.430324562462143 0.352669736126789 0.288315592503235 0.343466841859189 0.198388365584339 0.32160181013315 0.212413136904512 0.247491136131226 0.4412814754389 0.339500405517736 0.744317218449839 0.666915158664356 0.430526781435416 0.462222763465812 0.26762254839744 0.410383752074367 0.237610075877645 0.247313712774327 0.505908549638709 0.479481643849864 0.633501467030785 0.462779296859502 0.657865756138487 0.704583348667067 0.474699171909503 0.404025299571989 0.610507544329007 0.391792789022367 0.306301063561575 0.297232105884458 0.452392916452276 0.558759826918516
0.505110473608248 0.441288565344629 1 0.777782708157724 0.562373839378582 0.457233881545217 0.897798390287216 0.620060753712808 0.639308266280268 0.336215344895663 0.377093962367514 0.0898050471093248 0.566845086117141 0.374881370961726 0.499329577830767 0.324041652091124 0.426579322525557 0.251658459587094 0.55031373709872 0.501439879515032 0.179737962188876 -0.0158233254501743 0.747216122044428 0.72530250606935 0.478426503341859 0.550083283827717 0.344194878689473 0.299615744923573 0.390830226387153 0.361040656574733 0.546303798832416 0.479052426799592 0.599084588429637 0.467343090391874 0.506471851854278 0.210122243950652 0.406249011017681 0.29814337219443 0.169771308115423 0.280120023807899 0.1692874293566 0.193569391309173 0.38269022505073 0.300285528329565 0.349871305250171 0.235398869313901 0.365499985668424 0.415501624872049 0.193644629638657 0.219584916282537 0.362499169081442 0.29318772524096 0.349717095276337 0.457946312206239 0.302649103769569 0.303004119342035 0.52928524077403 0.52224351388728 0.334137265950127 0.157194721319659 0.644585006107295 0.558843827375704 0.314581692593618 0.283085307432898 0.759567986293267 0.586922491636698 0.693251203440077 0.36772456800551 0.556067946763982 0.516522867714038 0.554708437467633 0.547865580639396 0.301265816737468 0.310049394476401 0.285267432042386 0.248102912828209 0.43705188640513 0.384221492590467 0.480810988613149 0.38454096651188 0.414119392221405 0.504708142386538 0.227276697075157 0.194850986988593 0.616811129591149 0.421880792270576 0.265251267661941 0.419862974510985 0.713578469106234 0.553319060397654
0.36645453228743 0.395981037554696 0.777782708157724 1 0.634876186744133 0.571950440885731 0.792851054477755 0.754647191334434 0.592011662157881 0.501205275327567 0.255650415405285 -0.0081665455886634 0.382106740021766 0.224373375772547 0.325131820470895 0.219251052043896 0.411377836432556 0.233319068472357 0.408806787336422 0.401110627797961 0.0881259688897847 -0.00155021467503722 0.554593918570263 0.565526970354652 0.336624647053585 0.460097642650232 0.291618483459635 0.270630634980471 0.277634733019531 0.249977230325685 0.344526583703402 0.369433527501575 0.5034674562262 0.45160118615732 0.484985985725506 0.181425789815998 0.302613096177555 0.228099647003502 0.0831252979683502 0.195956183442245 0.164449685456583 0.207617252126566 0.185272317582054 0.0916994600981774 0.174337629278707 0.109024955693613 0.214933530309816 0.228260809064758 0.0315904761327445 0.0472686096447224 0.253253119659274 0.13420483417458 0.26173065970673 0.294174346095651 0.31751122755404 0.229395523166677 0.490605940838574 0.493522433091348 0.263642746432903 0.0986755308505282 0.572807710633217 0.776139879438036 0.223626372446722 0.319378596523619 0.728567600690419 0.73024161886711 0.589582603495919 0.344272562345904 0.482662074701921 0.509075763607859 0.507081644732773 0.552573179038818 0.28041277051499 0.238051467900564 0.247505700931006 0.1618279070428 0.304365429018647 0.358548126231565 0.427882927703291 0.379870378136307 0.392844522109172 0.455507791148403 0.127879455926463 0.0427167039666033 0.542139684691757 0.374055186934715 0.11116417190974 0.282624012523162 0.597169188191002 0.522013940258784
0.280963529878021 0.24410221302608 0.562373839378582 0.634876186744133 1 0.548924064741699 0.624406525409277 0.56007486270213 0.569368956904877 0.495549314009806 0.225685840236772 -0.0254501957716229 0.33943853589869 0.255341101795473 0.285076953729044 0.234467310353451 0.336384297185305 0.191339969536279 0.35684317966227 0.338850055603048 0.167351763535123 0.0650473074866855 0.389840574301627 0.369727530942425 0.277402017391107 0.327571139140815 0.249699981307433 0.30443510304212 0.216821514067948 0.248002814426716 0.219164217770279 0.172579565564145 0.508346751096613 0.430831716566223 0.393601345170504 0.283040849362206 0.122935319289264 0.194144431794978 0.0449354345472349 0.0200445349425775 0.126149542135221 0.307006593196498 0.226287490914475 0.186681465041773 0.158225484723317 0.0518882225957139 0.210853484027168 0.244626895258936 0.030303637231346 0.0203063493302193 0.192988981641748 0.122201003358248 0.214406621407246 0.304259414870224 0.16900194867119 0.158280637670205 0.365823910258464 0.351832237044261 0.107217469310295 -0.0473500152394529 0.375494649441468 0.46022904919337 0.277047870627378 0.254096040679451 0.528872484016236 0.421260401855973 0.429516241508192 0.202924044123321 0.29426653930293 0.388737090588581 0.418518535547686 0.444074273277304 0.293198413927822 0.227620271106713 0.126288492770747 0.144108693798131 0.283597748241018 0.257695053038967 0.292641847700647 0.247944268425379 0.353394409541048 0.359262774203719 0.0576251107523316 0.0114232977591223 0.367017542076231 0.181371458113973 0.040630926434485 0.139748133648527 0.42390919793087 0.338309837411569
0.30079654568562 0.234136669309907 0.457233881545217 0.571950440885731 0.548924064741699 1 0.515577331027655 0.524209219932947 0.550576310163469 0.536063578347034 0.280628269568431 0.045865744476785 0.427416150887048 0.321358859372466 0.32430057583706 0.405065199315435 0.319097851297541 0.128465842628563 0.320200085937715 0.339093891724651 -0.0204223129465744 -0.0201517892179085 0.409417579390328 0.346701039448426 0.213185371060363 0.329253938680167 0.216411406481111 0.410858544538298 0.201749312152242 0.233167261064109 0.204158920858528 0.269099859856177 0.426342588719015 0.387392056482221 0.303602772211936 0.160711198984799 0.075867833627043 0.221090667913078 -0.0981208159182603 0.116845085062031 0.100838299431474 0.211102993886582 0.185617863066892 0.18155839549122 0.13855153746097 0.0817879373696455 0.182519813427069 0.225482651971229 -0.00533081033272172 -0.00875172425522647 0.168767756534987 0.0976209878889503 0.235663382908656 0.295462227682028 0.18053664903701 0.192850562181212 0.335205714728804 0.334125057427756 0.0888354883159076 -0.0807399497029062 0.327467759370233 0.415254907145393 0.246931031579674 0.236550900946416 0.42271680251199 0.467567253179988 0.324715774486782 0.141040247439778 0.184652742213264 0.25042098157352 0.350762679558844 0.363502325867042 0.256647751830866 0.286948866362616 0.198010663154766 0.285273574178933 0.155373864770234 0.273243097030504 0.291562631063588 0.186536289870256 0.288590764135713 0.335660020498461 -0.0502645234859907 0.0304696580624502 0.286700180549134 0.175841823369885 0.0458185235323511 0.193449608303128 0.372623852365233 0.293799394196057
0.50221416162969 0.371953561095203 0.897798390287216 0.792851054477755 0.624406525409277 0.515577331027655 1 0.796454330536457 0.67073906037074 0.450500881053398 0.431396831709757 0.10644629115547 0.548812671992996 0.344456850071439 0.438336981777982 0.295538093286238 0.436740191355874 0.227101732124479 0.597983107969758 0.553425712282169 0.180634070125956 -0.00475569585473644 0.626891020962168 0.57320991592937 0.324671232663229 0.471771043828323 0.3218441813195 0.289049219202949 0.388656403821116 0.432032964826118 0.519065630974874 0.401405577157874 0.662180454083996 0.577068251051953 0.449063362142821 0.297978619577494 0.320198104121431 0.304606506819856 0.114183735423069 0.25702271520154 0.061783495729967 0.281511009380106 0.411855816191457 0.353912311563745 0.375048374927939 0.249080803605175 0.40866801068553 0.429199563034228 0.191607283846613 0.186000546838297 0.390901270537545 0.332635092494831 0.374266155935808 0.506356157543806 0.309704893761352 0.337417337761871 0.464100938875289 0.449509871101179 0.36594818275834 0.158495989489979 0.73161783164458 0.628650505135071 0.43883069960583 0.444883236130374 0.690720553268523 0.577316496648006 0.660966469581101 0.458907921698118 0.455144268896131 0.441530165560676 0.600493077100192 0.612262248976026 0.394220994744718 0.320308910365944 0.285773236409131 0.328507676153709 0.410582994170859 0.377280566332535 0.47393458738029 0.388649181183328 0.442856167446648 0.467505557679443 0.153952024589796 0.0729862677792551 0.533329862220159 0.357641701629164 0.182712422193369 0.337190467894687 0.65935637929353 0.519374224583629
0.495624735365379 0.389369865343206 0.620060753712808 0.754647191334434 0.56007486270213 0.524209219932947 0.796454330536457 1 0.574719741988264 0.557613770059199 0.377241435516624 0.252176564600788 0.359194729937253 0.314611929414634 0.246248053025563 0.219931587960992 0.402513469733994 0.268037752630648 0.518708839355919 0.61014701116319 0.0364192844896326 0.0192202980260006 0.371355876657137 0.402737786287583 0.113562426426208 0.284232120722998 0.176104996249989 0.254319456404176 0.302609145269038 0.425039972100966 0.322468934046645 0.27608765068354 0.5925661371655 0.655493323412714 0.356831662232557 0.259919314589158 0.157133045735036 0.229008407956152 0.0555823049987842 0.278148070842014 0.0367992769184067 0.309889613537011 0.391203474737802 0.35659572224982 0.34517237183304 0.30293913435219 0.464599458993866 0.414730975909083 0.243364579407711 0.221027133761004 0.509146257971544 0.411703592015776 0.501478416847949 0.531663630237951 0.41452008859302 0.406359832382924 0.411308636387016 0.412352927225875 0.388150911694905 0.235664692121043 0.599765313038135 0.686325998826622 0.380287593343972 0.616905110053692 0.44797942147297 0.493914961691136 0.532433481646352 0.502024252171209 0.363836531934613 0.417231912149167 0.502440897704064 0.6063444645652 0.344700694420426 0.308662928391449 0.20965377609329 0.261878639933919 0.327155333785121 0.434082759091253 0.388480244366255 0.34453894021418 0.42745143473277 0.447097822326982 0.084499146878974 0.0555587219142701 0.343648385667285 0.307631547203826 0.031640655255561 0.217146025187865 0.518149453606479 0.581136659843158
0.381189791868139 0.289676678082719 0.639308266280268 0.592011662157881 0.569368956904877 0.550576310163469 0.67073906037074 0.574719741988264 1 0.633049810928558 0.389100405651094 0.0343789443531457 0.53156124810893 0.375512728301167 0.639126643444455 0.385754182861999 0.313884555202408 0.157444349981474 0.370187331097534 0.439302765121776 0.182105091171597 0.0318254380688802 0.435046701536317 0.428120232520687 0.19474326846369 0.296614980268756 0.254310449887321 0.42870408104183 0.276259354483076 0.323439934405247 0.215121119513978 0.0856358535578482 0.403120070886342 0.368962266051861 0.286377576558054 0.14091984018659 0.170336464066472 0.278460220663566 0.117704880517448 0.31498719597689 0.156779646235561 0.323829580686407 0.292275747529047 0.301319208418216 0.262162799863409 0.197327250749554 0.315568589709828 0.309349828890155 0.151288641029526 0.15236169140948 0.325981662624025 0.265947955840305 0.33240928112907 0.353238275495432 0.253361100412745 0.30090562678098 0.337905047653784 0.302458156716853 0.27707101164029 0.0941864102380206 0.485399654780903 0.445400068398139 0.26706410016436 0.321444885726454 0.477922947327384 0.408285570815882 0.353813086190928 0.266871593369663 0.348007615012113 0.361287231137596 0.317601193916649 0.459864392122009 0.318352264885958 0.291417491520943 0.20581031579857 0.209997101030291 0.322127497296651 0.357312977215 0.283562836085191 0.26147635291339 0.294386087376819 0.280712467548007 0.145767318791898 -0.0294601264169825 0.394271596898625 0.179413368059152 0.226641680889016 0.186897883257977 0.650056160342739 0.404211249475549
0.224981523184344 0.197694495968787 0.336215344895663 0.501205275327567 0.495549314009806 0.536063578347034 0.450500881053398 0.557613770059199 0.633049810928558 1 0.2759658225138 0.0652874887444667 0.394594445660889 0.39632768642364 0.42220752931716 0.400945308506505 0.214137803251635 0.0508527862985635 0.290139053196364 0.346600676010783 0.191654521137456 0.048881565209887 0.287375798755066 0.290472478843869 0.124233925898064 0.16696377037685 0.254058568276394 0.252765230647954 0.0850896080205268 0.284298887094999 0.0767297240112478 0.156400957215619 0.407892466450117 0.457049799579486 0.24727954038977 0.174276000565264 0.0809417138534115 0.31147012228983 0.00408813105890556 0.295959251390982 0.144739864608164 0.339412776133446 0.217480578834711 0.212822081686771 0.209361354149701 0.137905753689236 0.210422756672054 0.18870040484851 0.0629321369794808 0.0492566152998347 0.200409046048697 0.126749055715377 0.233923556113042 0.282294428103778 0.216232701298894 0.204044094672695 0.227418239283515 0.190854266548904 0.0536608228224082 -0.0731160608471971 0.322059643729778 0.493146169701524 0.183007199215692 0.33262671161906 0.397226602640466 0.341729443843638 0.210862708448549 0.152025828313209 0.173346418239413 0.187456081268698 0.299157152099084 0.350301402130057 0.374345048793127 0.280664215858026 0.122034626869684 0.245420654992497 0.234613353987509 0.287427799131656 0.165306855203311 0.232869491257706 0.245294750964691 0.224756201430007 0.0330995558499104 -0.123479963354145 0.235363522256747 0.0544058651608906 0.0506104758019038 0.0566410984489978 0.402082109083427 0.27561952829025
0.631677036924331 0.315345486358911 0.377093962367514 0.255650415405285 0.225685840236772 0.280628269568431 0.431396831709757 0.377241435516624 0.389100405651094 0.2759658225138 1 0.279447734211204 0.593636341024903 0.336310558442591 0.478049112571971 0.365655448169528 0.413732396374718 0.239249930316184 0.589551942720498 0.58435859489866 0.215250127413562 0.0817469266346832 0.290082897164536 0.242261260960929 0.00111786440827957 0.00395423445975898 0.200891804443967 0.119797631741194 0.500056735388803 0.545284412909866 0.209535760286253 -0.0173201631522757 0.460097189183453 0.335212457456397 -0.0398753700634815 -0.085195557136421 0.145578801706923 0.2357463825355 0.135731224603232 0.456263327456731 0.297824953558145 0.358438804289667 0.313806424863053 0.326534512651245 0.195308768132673 0.187249402231269 0.372466363438789 0.255093596306005 0.137258246797437 0.123354442420768 0.284696879801663 0.20984314181393 0.415270373977043 0.332361312353632 0.470686878504308 0.468659028047402 0.314277908547005 0.267825974382087 0.309834966637286 0.221042890669329 0.52099286116376 0.132582441738236 0.677050966981825 0.604037883581865 0.0717894206929597 0.100654833132758 0.156138513737833 0.200040290991132 0.204082746095071 0.163112107810214 0.251421057265267 0.19822251544659 0.531686435010514 0.390971578143351 0.274727019325432 0.37151191718305 0.266098935370956 0.326841974218023 0.367197624993557 0.257495652926453 0.384686638296497 0.194517365854264 0.131923231159542 -0.0554382865829461 0.152398255776375 0.00621262733097417 0.0562993156640688 0.0608749098839832 0.396878158552853 0.204311616564791
0.342197718639762 0.364686934421663 0.0898050471093248 -0.0081665455886634 -0.0254501957716229 0.045865744476785 0.10644629115547 0.252176564600788 0.0343789443531457 0.0652874887444667 0.279447734211204 1 0.104114801015351 0.398007316613142 0.0113169386699354 0.115667345429817 0.297904315918782 0.550757846323828 0.331708995239904 0.456581790262596 -0.1876531403365 -0.191827402995577 0.0635749200933534 0.200126795963084 -0.0536254796506062 -0.0320159430140302 -0.17015615416305 -0.284049008466461 0.525022974701689 0.4963447533532 -0.0190637080503399 0.0444757506995688 0.156225399953361 0.371267624678576 -0.0487480819891761 -0.119259431893063 0.216503189789676 -0.129423979757976 0.271281294888964 0.13492605542765 0.16567250713228 -0.091847737024094 0.299818068507495 0.365041847294307 0.249709197176178 0.323445923199462 0.419347713281891 0.402588455750368 0.194910040066625 0.233548366201199 0.207992371220929 0.214801005415433 0.305298056740143 0.380866584832989 0.238994026433356 0.299962020998672 0.253585582309802 0.202965384110469 0.342102636866445 0.302501535979851 0.129259300402604 0.0497320382509932 0.308320322579848 0.615753841113607 -0.0805719827235628 -0.0243039084400284 0.165101288579245 0.308760569037296 0.191419574159765 0.102320778864885 0.137613848091864 0.216473673892151 0.0245589799771289 0.355092446827123 0.0714439792453551 0.145731142634934 0.265799929819162 0.246343966020025 0.36002487334465 0.398436583704829 0.332698892793603 0.411297027531917 0.442631974722828 0.476489823560481 0.277944939031528 0.448356218271139 0.248902846991122 0.293502814596147 0.150478085257702 0.484159571065412
0.446613240441938 0.338339643119867 0.566845086117141 0.382106740021766 0.33943853589869 0.427416150887048 0.548812671992996 0.359194729937253 0.53156124810893 0.394594445660889 0.593636341024903 0.104114801015351 1 0.653637390505325 0.785498371339402 0.61559971128777 0.400128605972029 0.179029066676524 0.580497962394651 0.526234009968054 0.347884588321515 0.0483203366288194 0.762856127371008 0.59897249029278 0.361508855079498 0.327778014859847 0.410316038652941 0.317380729474732 0.411458108074242 0.45957722591193 0.478197066468567 0.345018390525561 0.451389175783011 0.320722854727166 0.139426718640531 0.0463926973828366 0.300241411769154 0.377974916710355 0.252944973006104 0.31716489137329 0.173323642888372 0.311957184558602 0.335175012425347 0.329342644737588 0.207655744354251 0.118324217522959 0.250284766505566 0.27492413906626 0.031119610662969 0.111503711324435 0.179309396086398 0.195697525113885 0.272408652392002 0.355861200684337 0.2898991457514 0.313397252831615 0.399274341667689 0.385530707154005 0.091439048297488 -0.0129032341675911 0.485522276005558 0.285031079639252 0.397344710141329 0.315907970097085 0.482552156234842 0.425236517664693 0.314378867957186 0.150441824647593 0.340986261601162 0.303394821663667 0.42684314225867 0.349200636566116 0.367036413381246 0.25230840899364 0.25598799981894 0.355279216306617 0.372882780938257 0.359791742228839 0.403003709942173 0.318695595284158 0.296807386230329 0.302696438550184 0.158366566410403 -0.00239481932954431 0.502465993562595 0.168891545700038 0.308488942750724 0.260587241988812 0.588844841229034 0.321299655698094
0.332422199073287 0.346667102859353 0.374881370961726 0.224373375772547 0.255341101795473 0.321358859372466 0.344456850071439 0.314611929414634 0.375512728301167 0.39632768642364 0.336310558442591 0.398007316613142 0.653637390505325 1 0.64228446662504 0.728452567853722 0.253145991548531 0.199136134727781 0.30890220396533 0.386452326118551 0.173867593430882 -0.0355568395008075 0.555273978012589 0.593869808535292 0.381898799095464 0.432290864290645 0.207456718397262 0.227313201067458 0.322655206747013 0.373304511348396 0.305698503780579 0.366379297447089 0.352554866332629 0.334200623031799 0.165113630330471 0.0259764514299297 0.324145339350368 0.291121147270863 0.355455736483078 0.353644267806774 0.225308036257501 0.229767809242488 0.369837775456936 0.359343582338011 0.187959362161416 0.0959100461020813 0.223837316353263 0.282328718758573 0.0249736179715048 0.0643548935036225 0.147516982999456 0.0954811403219341 0.280129303005931 0.254730474299315 0.291399834709129 0.225590732709329 0.306834440101016 0.279131592012157 0.0705844350435323 -0.0498442191063461 0.341163913175849 0.242429709721491 0.27723590755472 0.313102732354405 0.335957590171544 0.424051888496725 0.340573891137912 0.223237401847358 0.207883551593481 0.250338412117125 0.289476172790726 0.313008731261405 0.119191879964533 0.158064972476679 0.141733629710422 0.251304828191723 0.269859235412807 0.283526519217804 0.261706945847083 0.23000435272783 0.208577083758266 0.317260633153614 0.171184245534059 0.190561767206778 0.423221275344487 0.324511379261894 0.279156427895431 0.335100176677693 0.457987271589918 0.447809038546063
0.271206971301024 0.196714691311651 0.499329577830767 0.325131820470895 0.285076953729044 0.32430057583706 0.438336981777982 0.246248053025563 0.639126643444455 0.42220752931716 0.478049112571971 0.0113169386699354 0.785498371339402 0.64228446662504 1 0.652925464982659 0.175221328386029 -0.0139386455071688 0.291940075501885 0.301868401361497 0.332702610592449 0.073167924041188 0.633293335644401 0.579303726939093 0.33912892689337 0.369769574991851 0.292862930212494 0.397717611825191 0.226220484298543 0.251533314251088 0.420915438452476 0.231280415107385 0.321446804629405 0.145996752537672 0.198469192769678 0.00672197230968251 0.279478838494254 0.337346085543634 0.28225025948756 0.403111852782787 0.240196869823133 0.285256493376584 0.265601833062476 0.273486574250645 0.13676083145096 0.0354155522745103 0.141710705454867 0.16814505029454 0.00116052387584243 0.0589966170348031 0.148987148737267 0.127553223870142 0.234472936835569 0.225870258090896 0.272852736590253 0.203179414818028 0.211398096398116 0.184082303133802 0.0300398814845163 -0.0563154630420762 0.43990827235604 0.26580761449398 0.191280225787176 0.155102396494001 0.456744683336864 0.388642558237098 0.211872313230522 0.0585210396514273 0.228626413155096 0.243033442677274 0.21568854605023 0.292303209843392 0.244811181709253 0.129569479299022 0.169394093506224 0.207387880860674 0.259642867998224 0.277397316682741 0.183852441752607 0.173370793531892 0.0722166781546246 0.118220568522189 0.10628762184126 -0.0437361679683959 0.354428772209826 0.12101421170137 0.374858899700797 0.227978209310194 0.60518799093132 0.296869440695563
0.188400805042194 0.141404728986899 0.324041652091124 0.219251052043896 0.234467310353451 0.405065199315435 0.295538093286238 0.219931587960992 0.385754182861999 0.400945308506505 0.365655448169528 0.115667345429817 0.61559971128777 0.728452567853722 0.652925464982659 1 0.0984737241609744 -0.0469786314621608 0.167689677205504 0.205396329199264 0.229926709001486 0.211074842182972 0.531207068568854 0.537510327920743 0.224058512532055 0.350171519360424 0.288384089604222 0.322504020402518 0.168548573900395 0.217000937730373 0.329949066831726 0.365447158133999 0.294578673436811 0.198817687256197 0.121560275275425 0.0360701497755449 0.149207383400757 0.331318275388769 0.185342970476461 0.393392310143359 0.246985247832801 0.214508785512217 0.249934015374563 0.26023475445556 0.0250114487638934 -0.0638078692218811 0.0698655665316324 0.125357791250395 -0.098059977308823 -0.0898138240002574 0.0626237329278873 0.0297965330325319 0.191856095530414 0.151179710909997 0.218636521125509 0.180595680469279 0.139158863259774 0.122418920336269 -0.0593462731530752 -0.152206791790827 0.398846887469545 0.256636989916665 0.259880132756508 0.246362483369523 0.329338662704951 0.437564620242742 0.155149835875757 0.0410995873288666 0.073327606584805 0.14192776766119 0.148817402810843 0.169758904432168 0.133626213693364 0.100806571464057 0.220122312863432 0.25512419044193 0.168348395233224 0.207320112648706 0.0865890436206311 0.0539470323557791 0.0143544735054094 0.0562267266683925 -0.0143158359445098 0.0266585916623968 0.192862883010796 0.181735264495738 0.183567322404395 0.276567145765433 0.430005304097854 0.317432969332497
0.715497004433778 0.688940121281852 0.426579322525557 0.411377836432556 0.336384297185305 0.319097851297541 0.436740191355874 0.402513469733994 0.313884555202408 0.214137803251635 0.413732396374718 0.297904315918782 0.400128605972029 0.253145991548531 0.175221328386029 0.0984737241609744 1 0.833605114029597 0.680511080949518 0.74701127003158 0.111590595294566 -0.0346570334118869 0.315519331356366 0.245819003749256 0.329579513779007 0.179387051015288 0.365504306202988 0.124142427510055 0.754534485959587 0.708064127082317 0.223788540303893 0.149682659753672 0.472418471690727 0.539117539867555 0.162577957280884 0.0540412560874168 0.469870282588617 0.211898349233648 0.252753971925641 0.198059155679099 0.256745550372309 0.237414872951509 0.337885878206925 0.285440549399661 0.504486698136287 0.523350808613676 0.542326284460562 0.49622540547803 0.378335116944774 0.472932560180104 0.378293191477914 0.28298300655393 0.312680094068011 0.48329706961285 0.470507067373358 0.483902737548641 0.835729808333063 0.751149002729561 0.414163675056794 0.291031180652107 0.223399135238354 0.130530738518102 0.511139416917581 0.420346238920802 0.144297270577754 0.123497031733595 0.482531334333211 0.431305106761765 0.646936536302637 0.560763280440196 0.584385574204958 0.50581089737984 0.465242751672049 0.448354605682333 0.283297159067047 0.259137368118626 0.558489437725654 0.433263528040275 0.764178402821388 0.617790231650189 0.847576820571743 0.748889562196917 0.43394139441457 0.32727598830203 0.588950453648888 0.391279388413701 0.155105478060432 0.224143029871998 0.331881881267266 0.39315072648957
0.61814219464416 0.700281178232339 0.251658459587094 0.233319068472357 0.191339969536279 0.128465842628563 0.227101732124479 0.268037752630648 0.157444349981474 0.0508527862985635 0.239249930316184 0.550757846323828 0.179029066676524 0.199136134727781 -0.0139386455071688 -0.0469786314621608 0.833605114029597 1 0.540258953904792 0.603371254088765 -0.0552224350544909 -0.171151119534055 0.13555824466046 0.130579116705516 0.208606801747716 0.0854884376350316 0.0822295039611189 -0.144053106105635 0.757669758868326 0.637227996641468 0.0423800461084075 0.0541186742717073 0.25091092742692 0.44475077039693 0.045299808293258 -0.0437976209623126 0.484029809068262 -0.0215017525288764 0.342825961836706 0.140608063820885 0.308840674663766 -0.0191474485617645 0.234227605257857 0.19945984017522 0.395994006362681 0.47898060115307 0.481262540826062 0.453063691558534 0.306299669330299 0.417518297742084 0.25754133763264 0.20572316182751 0.231508757077191 0.406948922711295 0.361701078915407 0.391049024792941 0.719816350202735 0.64983300330839 0.405752637522805 0.314297276278437 0.0910481772315206 0.037849338720445 0.368645482892707 0.430239331123699 0.00642200513061863 0.0250492282708863 0.346551104292461 0.362506706418212 0.560730314403862 0.445237276589726 0.405700738396759 0.408528661356206 0.226576270374854 0.411105419285806 0.152280325324631 0.150974770974942 0.527680950655844 0.304775571214329 0.69635722416457 0.644538697559195 0.765011586031539 0.724385506785187 0.6154746528871 0.534979255186448 0.556906296056862 0.519969717260012 0.254430754422546 0.252608929518469 0.199879395372039 0.442067811986162
0.676868699341368 0.517642052779605 0.55031373709872 0.408806787336422 0.35684317966227 0.320200085937715 0.597983107969758 0.518708839355919 0.370187331097534 0.290139053196364 0.589551942720498 0.331708995239904 0.580497962394651 0.30890220396533 0.291940075501885 0.167689677205504 0.680511080949518 0.540258953904792 1 0.83080274754466 0.18284200004336 -0.0599314483682431 0.421216644674086 0.3330969563604 0.182149712481763 0.113558191114777 0.325580787606779 0.0603967865451637 0.62396101876186 0.719710703542773 0.439831903438496 0.263612445506974 0.638388640953413 0.667647192395459 0.102134884224023 0.0736814161684408 0.370118545739182 0.239279650953997 0.177976630003043 0.249942309250229 0.164110300422313 0.200558014449698 0.412564673966785 0.43090262745499 0.469429109825857 0.487061360673846 0.543420648831834 0.547017779489657 0.348466961699577 0.409077604079739 0.386380507664049 0.36203967838682 0.408683699390236 0.591754531128484 0.378896859812134 0.462632581917539 0.589468158466323 0.573409313077701 0.36797469510668 0.27189315403436 0.443056626230135 0.245162073607849 0.587210202402764 0.544518337814093 0.264989848856982 0.128324473422932 0.38923646636527 0.378191578660868 0.474746148662831 0.354494898856859 0.534681696793782 0.498717156087265 0.480050584309828 0.378670644418171 0.265728994212442 0.47322406533682 0.540287359728821 0.443967044409343 0.575443925119755 0.50051816016583 0.609919946343764 0.53055654719034 0.272052883486013 0.12703648066475 0.464158103691267 0.287020150432411 0.0703964865139864 0.212806580695855 0.423385283392996 0.392667167639291
0.762600593818551 0.658407519807189 0.501439879515032 0.401110627797961 0.338850055603048 0.339093891724651 0.553425712282169 0.61014701116319 0.439302765121776 0.346600676010783 0.58435859489866 0.456581790262596 0.526234009968054 0.386452326118551 0.301868401361497 0.205396329199264 0.74701127003158 0.603371254088765 0.83080274754466 1 0.0974276528921948 -0.0280133641182848 0.350670947456382 0.350315143490734 0.200432510155838 0.0789571130367932 0.304528370902071 0.176436207655635 0.652996888488728 0.735581557026672 0.335879570414465 0.166189134798768 0.643293676203969 0.658242717689495 0.159510933257727 0.0704145630338205 0.345647305753245 0.310931176388943 0.181096952641421 0.299968436954379 0.159776927746005 0.39100627876619 0.456961003264457 0.457738085543432 0.547563421273992 0.572259831947087 0.654639068699564 0.585817763523283 0.480885154070479 0.523870587276999 0.552971783639605 0.442296639486686 0.542167674113988 0.643231088704632 0.533233651342375 0.594601657792723 0.7004150703372 0.686465781910158 0.458465415939138 0.338835729959873 0.352716782226298 0.234475380147823 0.542071629484701 0.625837226501599 0.137443376200925 0.0694526561462461 0.456224463666732 0.456876761525437 0.62534937956345 0.544290872394688 0.546716214711632 0.53716546108449 0.513771739513981 0.492841687187064 0.294390418058247 0.399826242848853 0.499592411215837 0.578126828047229 0.632574366500382 0.465812875805063 0.688966691710932 0.627676432998881 0.313310564376581 0.153980220683831 0.44677204880423 0.245410843084149 0.11780445951785 0.200330709936229 0.440363243648652 0.45838806831899
0.0451948541545885 0.0941924582457416 0.179737962188876 0.0881259688897847 0.167351763535123 -0.0204223129465744 0.180634070125956 0.0364192844896326 0.182105091171597 0.191654521137456 0.215250127413562 -0.1876531403365 0.347884588321515 0.173867593430882 0.332702610592449 0.229926709001486 0.111590595294566 -0.0552224350544909 0.18284200004336 0.0974276528921948 1 0.335397279361936 0.267521589565656 0.221769427340393 0.204373193941287 0.0251810643374408 0.196425268156308 0.121540467720957 0.0463118995475406 0.121841759221115 0.206475981853614 -0.0143054968343968 0.20750606546274 0.0874893517653865 0.144153272616138 0.161043189019172 0.0753766420321864 0.243201035175566 0.0872390749273747 0.186245788286964 0.167385868981934 0.250732853404141 0.111135630991785 0.0842679206437473 0.170992600387783 0.070832238630788 0.0577382953865232 0.050807890469105 0.0479523196426177 0.0925801400760003 0.109530806234826 0.0793835260106711 0.0770665337095581 0.113283229311698 0.0933924102594082 0.147777701429559 0.141352675094073 0.139213406470487 0.0233228012364839 0.0392851956333122 0.152640353337676 0.0421749211674324 0.0814594539694547 -0.06184903179869 0.187448426686575 0.0772252849500581 0.124103443475834 0.141085965910414 0.117563545431272 0.165238270178497 0.221414779038761 0.110542378806201 0.208920250962854 0.0574647754450027 -0.0164262052862254 0.0767486183168277 0.17302080860211 0.0738788801107067 0.111928125826473 0.176705634978638 0.138945141131813 0.0769580688375826 0.105733239659502 -0.0984601789808752 0.197329101130739 -0.147096901990677 0.177234051462887 0.029877081141448 0.213273679227858 -0.00647338017213294
-0.0673259866739766 -0.0977641417868172 -0.0158233254501743 -0.00155021467503722 0.0650473074866855 -0.0201517892179085 -0.00475569585473644 0.0192202980260006 0.0318254380688802 0.048881565209887 0.0817469266346832 -0.191827402995577 0.0483203366288194 -0.0355568395008075 0.073167924041188 0.211074842182972 -0.0346570334118869 -0.171151119534055 -0.0599314483682431 -0.0280133641182848 0.335397279361936 1 0.0674155924252841 0.047756110646747 -0.00757557497692966 0.0242799483100543 0.0293781393189525 0.087591478955431 -0.0978655472453154 -0.119949370294037 0.112282260234435 0.0362080293450581 0.164825959794932 0.0704899837130205 0.0864082748783683 0.138387546435199 -0.158993498335066 0.146437937463927 -0.18357242939435 0.0534417006499336 -0.0440949062058529 0.113990449350217 -0.0108026886620874 0.0106157994150734 -0.0181734789886963 -0.0646019046637769 -0.122998273386074 -0.1065825983113 0.00576547501689615 0.0154419636365742 0.0507236211160913 0.127063938910364 -0.00366731358157787 0.0509147500225678 -0.101531950513885 -0.0740970319515194 -0.06002527412634 -0.0779631192213273 -0.0103286007158761 0.025208064394673 0.0149864497974375 0.0193305700901674 0.0176155099587125 -0.0718897091171998 -0.0230209921700457 -0.0396586276706696 0.0176831163336071 0.00578604976769216 0.0170062995384061 0.0837868125494338 0.0565027006469807 -0.0816749136723223 0.0480876848602937 0.0316199608344367 -0.0550330571066393 -0.0859200309961044 0.0277580176147248 -0.0581823659182628 -0.0729677011076118 -0.0738007283992142 -0.0316962757913868 -0.101181031613467 -0.0823351394089703 -0.0812532011284536 -0.136523747696467 -0.185173120632809 -0.048814237476848 -0.0440990221213915 0.010135527411155 -0.0637482691144734
0.267457151235927 0.308290306464823 0.747216122044428 0.554593918570263 0.389840574301627 0.409417579390328 0.626891020962168 0.371355876657137 0.435046701536317 0.287375798755066 0.290082897164536 0.0635749200933534 0.762856127371008 0.555273978012589 0.633293335644401 0.531207068568854 0.315519331356366 0.13555824466046 0.421216644674086 0.350670947456382 0.267521589565656 0.0674155924252841 1 0.871637047758613 0.619539560968762 0.631110115125766 0.353800032074194 0.251943168785214 0.321696997577474 0.283731078690818 0.660189801149987 0.634711133516237 0.481960556672317 0.284408236003435 0.453203110837438 0.138818544306669 0.322192920376414 0.293333395448008 0.213810441853238 0.183578737566555 0.0911540857955529 0.120257427031331 0.297284512080983 0.240756868431927 0.184344769028458 0.0626463687630825 0.163948960761596 0.256762575054965 -0.0475533803679592 0.0668890194416793 0.0910682291871027 0.0954588447269497 0.116956491985803 0.297761530834511 0.152625740095262 0.122960382761979 0.421890365871776 0.424220520539595 -0.00979349812885162 -0.122047814028613 0.434520240030035 0.405320252192966 0.226644584146984 0.142179569354787 0.773093249387965 0.595496286792566 0.52871316723579 0.156310634432025 0.392412308885102 0.397769415910399 0.440206569402282 0.410633998305857 0.190828492251563 0.198890409478119 0.244797172958503 0.217889008473215 0.366041844701252 0.263964587592175 0.364638237181437 0.29346716921179 0.228498861281804 0.393160038667499 0.133927490569403 0.164097968325072 0.632757732787898 0.352569011117356 0.361518588891469 0.403898165177474 0.586484910095269 0.416205986937277
0.255886743840868 0.360541500316754 0.72530250606935 0.565526970354652 0.369727530942425 0.346701039448426 0.57320991592937 0.402737786287583 0.428120232520687 0.290472478843869 0.242261260960929 0.200126795963084 0.59897249029278 0.593869808535292 0.579303726939093 0.537510327920743 0.245819003749256 0.130579116705516 0.3330969563604 0.350315143490734 0.221769427340393 0.047756110646747 0.871637047758613 1 0.545765359317905 0.617201178284943 0.252455252897866 0.211730864468896 0.283475070564094 0.22832103848159 0.612070869185724 0.593908624069122 0.459129939662583 0.287587030223217 0.445128158728734 0.100174589020648 0.369095746737425 0.232590775514739 0.273388338861287 0.235643142968652 0.193776983749279 0.103040842006938 0.255613639257172 0.196954202762677 0.142494221463975 0.0765986304038539 0.199774721873682 0.259508291456674 -0.0399332929448525 0.0776588592732376 0.155597550205095 0.0994674865215745 0.197382710504864 0.273418416219613 0.256614930015021 0.201679761586955 0.412187954694973 0.415122902211286 0.0666214258233074 -0.0371952277560812 0.417282048274121 0.420723667374754 0.181437222419312 0.199144483335985 0.70195083238182 0.561165693903697 0.525225557984361 0.196257031529025 0.406362735543271 0.440720778723872 0.347179332185245 0.441325846632279 0.15890625573963 0.258730938597098 0.285254568169072 0.19230756224681 0.279472214525524 0.254252858353318 0.318983390842868 0.292277351382621 0.22974230909168 0.452967552475214 0.176111799814882 0.260000788036687 0.605396982268096 0.410656326836239 0.37883799174626 0.4890489909436 0.592687531841611 0.545313610561981
