1 0.890488267210876 0.482026068257249 0.480242517433304 0.465283592799758 0.280726357646071 0.593041663134677 0.481749993230227 0.403284575062398 0.338264264154386 0.56989908078712 0.439383027298445 0.52556736246791 0.427887566502029 0.261710479207801 0.375676808335517 0.700045849740937 0.75748110384745 0.625533845436812 0.686257690302092 0.123484366771891 0.0923025104039319 0.307879836157713 0.221225466345054 0.249121307282023 0.296266525338853 -0.0582875213946192 0.146911778126982 0.571243141945758 0.599232002977531 0.353593777267805 0.353953333080099 0.627417863932877 0.570804342317695 0.054694100888651 0.119761351169244 0.417367595513207 0.395668244458667 0.430641751485311 0.351412660692385 0.299973991524672 0.28855651642882 0.639955622598102 0.585994277966556 0.643124697043198 0.676947509253798 0.675706189356307 0.67663209786422 0.680119376519602 0.640415913785496 0.672475605565946 0.614760882304627 0.446863550810118 0.447636745412095 0.680787866383241 0.67340809555689 0.793588950162621 0.7358675381862 0.691923236501253 0.60887059170742 0.628218751561553 0.366916894162645 0.547796246181991 0.572636334429065 0.179526890459575 0.125206519719183 0.364024915757415 0.339738817140074 0.585704695736949 0.549652183114478 0.475392273657123 0.437464596280094 0.406587107442863 0.361526297462077 0.137002376196366 0.384784590758301 0.41874219307404 0.446587710377696 0.331492690992346 0.637631738331372 0.694546104358576 0.668439959955606 0.399615632229215 0.459013855549574 0.550511867883204 0.601394545357311 0.300899743118437 0.165085207242485 0.533863928280422 0.557962819823449
0.890488267210876 1 0.403225859020411 0.442282102991511 0.408972968416409 0.158997364576521 0.445669064160317 0.428389095475348 0.345417688881799 0.326389070429965 0.35300851005982 0.360097543580909 0.355159644533149 0.376035298052567 0.231713635929566 0.301319579889482 0.718265204217239 0.813473847482207 0.551583307167513 0.764121451550603 0.0573638921401158 0.0331780327975171 0.285642625884406 0.176952861283859 0.205962673673813 0.261422229870608 0.00129137738637878 0.160967977427596 0.485638581504184 0.553379544931937 0.323961337824613 0.308249763118676 0.540386955834169 0.488357471661007 0.0531846152728866 0.10420778037103 0.416343557016104 0.390847094871353 0.380571452934126 0.28685061715647 0.217715410346931 0.273995643055976 0.646234605146284 0.606626445772556 0.715233336139093 0.709011053113744 0.694939616823775 0.659035529124603 0.734284133290281 0.654422153142547 0.661864404572071 0.609656611542898 0.458921422328591 0.451060449578982 0.63175520896293 0.683331409354335 0.87388838926413 0.874752087278462 0.648170286803942 0.666545043923445 0.502390143123712 0.328070529768498 0.429569344586976 0.539073119274185 0.126335793920391 0.0989869404218282 0.303554744614805 0.285059767068068 0.696922584563523 0.737437594995172 0.415646366401024 0.376251021243887 0.335520764380413 0.312071597277468 0.0944993209302394 0.355639374864195 0.422611847936692 0.46625126820314 0.346545886349699 0.711427926929551 0.701741694454211 0.702754294570931 0.387160337502519 0.497883276820011 0.53087023205921 0.619590251046824 0.282327090953243 0.16873560726226 0.449416077790388 0.531808951584918
0.482026068257249 0.403225859020411 1 0.658529165313192 0.626802960894318 0.304510094329817 0.801341731576712 0.454813845147158 0.622803129716141 0.238253360916944 0.382887608481822 0.0429207381873489 0.50487867071512 0.216514870191448 0.597970591933276 0.333915868838797 0.244423369251399 0.376015180174869 0.432395682636423 0.213181144158226 0.196047634215386 0.0803280862599529 0.854215819406796 0.49758780819418 0.502123768617447 0.454315633071134 0.35523871294624 0.417015587210935 0.209183546677916 0.212324225492574 0.471329973429705 0.48462107043385 0.627562983868432 0.403562312453172 0.562441852128335 0.432567576902705 0.319971742253412 0.329847360386784 0.184241660498434 0.215166908906307 0.0715551146638246 0.0324655813792446 0.327408329749291 0.244907893234342 0.355205631408104 0.330673565417471 0.33892024391619 0.489181529933768 0.274446853966995 0.397410169156316 0.366350630081801 0.389469263651442 0.309936320751931 0.464680727317293 0.477941805372494 0.473273599904069 0.336550128462961 0.375346016102782 0.236024747904947 0.244661426138999 0.566087981245605 0.246914202023312 0.361475818375626 0.169192381268432 0.757753763594809 0.45982863100552 0.573322591366282 0.449109732933022 0.263987812699653 0.208517372501467 0.541979097259888 0.483042995076233 0.308874552676321 0.194115975091507 0.0252598110493757 0.121664846105342 0.164372311086264 0.219300212889679 0.267397061111797 0.389091447557927 0.498903829448189 0.597064095441395 0.39112024399193 0.417473977952976 0.80616133382475 0.557182174309803 0.47068945581465 0.376828928402601 0.509980553053632 0.521333629495204
0.480242517433304 0.442282102991511 0.658529165313192 1 0.5666344018826 0.438298100792522 0.656636908808264 0.864096331849805 0.433836261040276 0.63111439055242 0.321168354798214 0.500219179979864 0.275310835934976 0.473467904946094 0.299394932579588 0.57477109551346 0.30931301787932 0.414878919503313 0.271928060522852 0.201524739343871 0.145016287751337 0.234698696543736 0.620653541173792 0.73808708786586 0.278943495772108 0.589193489239037 0.126338271723785 0.260290032007729 0.309862976633635 0.4280025076977 0.520093197437998 0.690765962006039 0.606657343298551 0.685152637309812 0.352784698255165 0.446852424419327 0.306853612111918 0.444861162849997 0.111236754787235 0.341603753407796 0.146229219954213 0.109801084908813 0.397855622559017 0.335898252892284 0.312979118620949 0.365290148268343 0.377609902905768 0.523649648743821 0.271613930716515 0.468637789299588 0.400261237590913 0.454132044886279 0.409965506152694 0.441810869179611 0.537833220615746 0.505811954402359 0.279879467324875 0.336356023650073 0.333140567867051 0.450756070709099 0.606230153799555 0.714522098723873 0.380365610229102 0.416493207934529 0.444294896611131 0.715221474649324 0.498447012540809 0.562982935567073 0.163565127979725 0.144257227134301 0.532319001021281 0.545573808995555 0.324078457222058 0.39157210900322 0.0366205366529741 0.270694723710833 0.306148314680665 0.29828808164358 0.288336438854304 0.417772640507265 0.494183120961554 0.547091886199807 0.214504275555012 0.418314897352054 0.462589422192244 0.644600416265886 0.284746552679475 0.373203887855711 0.372176580417607 0.729873265752594
0.465283592799758 0.408972968416409 0.626802960894318 0.5666344018826 1 0.544213680342622 0.706141389291649 0.513881276000983 0.602291861698897 0.394789884407551 0.489652796179324 0.319742821774124 0.577495999193201 0.508186053431056 0.62381916711859 0.588138155750066 0.321954390135978 0.405181620438794 0.375963309580816 0.243402339280376 0.0788097942528403 0.0731174515811484 0.596674380398264 0.426237804361572 0.279751361152211 0.376982244475119 -0.00524970639025914 0.386034088133789 0.334162026367334 0.385549263983849 0.433104968266013 0.456950466734985 0.599353877112247 0.473067097824782 0.289109215747199 0.250628885373478 0.137711349477181 0.215853934571631 0.187654466575684 0.225267007341327 0.0875806639774756 0.0765418770232659 0.42688910324667 0.328847585501533 0.348636563973069 0.420729522836549 0.393860358126147 0.472790228664728 0.358662569982844 0.41192283598582 0.357212242123726 0.379634018354368 0.326590468241111 0.407323585291448 0.457259536824909 0.494273940112245 0.301274090465446 0.326048302744198 0.228873481940769 0.205245299506463 0.537609133584953 0.379920044668512 0.437986855902052 0.338351500836345 0.343064072541051 0.326801118515151 0.331197508248666 0.380683208493177 0.240360894396646 0.105900858334731 0.502558550264324 0.355990888743182 0.217491012244052 0.299796271814549 0.137153526342661 0.232429394701709 0.135893550717781 0.22276810135641 0.30357845366482 0.490729409209074 0.504426801689625 0.487093388479146 0.341342179454 0.393830761252889 0.568941661099629 0.547582703849393 0.389018197520956 0.303499455034777 0.479936047120099 0.600439284680444
0.280726357646071 0.158997364576521 0.304510094329817 0.438298100792522 0.544213680342622 1 0.393549426032282 0.438526060774927 0.379718052658391 0.408569785821394 0.423928013178987 0.43793973923802 0.476444709149642 0.562260366750998 0.45894967677786 0.710294333318926 0.171315776479927 0.165799381952108 0.234818053015069 0.0459344534248135 0.0327660066717549 0.15616400845026 0.348540097346158 0.511798533272082 0.131454455918949 0.368482770787804 -0.0636423395470087 0.311422799808204 0.216689337662975 0.332021757659466 0.276888356617118 0.342220960200738 0.377104322619381 0.36109265350475 0.140250756263737 0.243963821643049 0.0118133178403987 0.108447181201481 0.107351575448862 0.260374082337025 -0.0286245165996663 0.0676557286724803 0.129905799250963 0.106175744613971 0.0216869055156296 0.116994922512489 0.109924521669614 0.203640835843431 0.0505770285956454 0.144055382631474 0.137557056967685 0.1411569730199 0.200753966260801 0.240628370044533 0.197316525268634 0.196543757122835 0.0192288253586269 -0.00306850304608367 0.147106302929851 0.12776450894134 0.433881539353588 0.418817617350737 0.351832960671496 0.304957527311893 0.164384670266977 0.32478868993417 0.186330838471803 0.314739805095113 -0.0604347691604965 -0.200326234438519 0.273776368124783 0.244852880954664 0.156576961767499 0.292041514780189 0.127737671476758 0.303584801874629 0.0333968992528398 0.1214063158124 0.244983559443603 0.190623021549619 0.257736285711995 0.203232488427791 0.221544594317986 0.241262304072458 0.280912761699175 0.299776838952764 0.387342333654019 0.264116163859772 0.365565674427522 0.46226334888287
0.593041663134677 0.445669064160317 0.801341731576712 0.656636908808264 0.706141389291649 0.393549426032282 1 0.671358376127178 0.7226242211771 0.434829623984708 0.640466963928924 0.390346659434947 0.621091312648702 0.381525703789228 0.399432963078032 0.384409560957069 0.229247089370278 0.369222823672442 0.339070366845847 0.152609462388977 0.183052337933656 0.0658029937578958 0.575085740835568 0.365882253488372 0.376831030231435 0.377112708565352 0.133422379147761 0.164795280499551 0.342851466497242 0.305631094474872 0.395105599927161 0.403391179223522 0.636632035988669 0.524348459849918 0.349591258431689 0.293356631123879 0.303658870249931 0.250606935375998 0.173830252318367 0.280123748521722 0.183952714364427 0.173921813789137 0.40266728128654 0.289334972239357 0.354079000241526 0.3783817697446 0.369956140747432 0.500010710256548 0.325968295999639 0.467184271663797 0.421079092453126 0.466410465241192 0.31047617942938 0.410507165303186 0.54265526712461 0.519924218950066 0.311889681801098 0.297673503354647 0.361477646155314 0.306594991535648 0.797405859491512 0.481869087372613 0.462982792413373 0.364999118545413 0.563438900420929 0.468072313608582 0.482232710737031 0.410613767319392 0.230705877139448 0.161286423062703 0.568707455875423 0.503647742794424 0.35261484798767 0.326549170761765 0.207548441424787 0.21296418405006 0.232562784464138 0.211282635426396 0.253026120748553 0.368020149616731 0.486896031306657 0.552742495454437 0.191792592246152 0.283443459229767 0.593695602669424 0.536998825325833 0.230301466348174 0.151987049375926 0.563032245295079 0.562607437940721
0.481749993230227 0.428389095475348 0.454813845147158 0.864096331849805 0.513881276000983 0.438526060774927 0.671358376127178 1 0.436317441999964 0.776050946122558 0.365871414077993 0.717976161463092 0.278553084029414 0.476744853562025 0.137874529860034 0.506635729120791 0.256562109284839 0.371091895389724 0.183870100470195 0.144329708068218 0.085105472748641 0.200139794058748 0.38978833257026 0.52289234917209 0.176074499432547 0.490855984009276 -0.0208777061471992 0.00687168296852141 0.345742414731347 0.427285429263044 0.440682631308302 0.608782739494532 0.535827711464062 0.713158657843407 0.1856875894553 0.305219890456943 0.265405440850031 0.350519192605253 0.0711094436356095 0.322409501747548 0.209816110996912 0.239879901539557 0.393265092820985 0.335564041564633 0.279261124159292 0.351322494883267 0.334560333232055 0.452296601725401 0.258768845346675 0.458823846598173 0.367748732193178 0.441383200116061 0.365160189957156 0.379447321227465 0.487503044951978 0.450355726471817 0.229518016268521 0.262779289667065 0.382587685807978 0.4905469857278 0.690462532204431 0.869618065924957 0.413128831028664 0.524136777897265 0.218592756383724 0.67597645185223 0.365801267710285 0.481784483582249 0.1433481208905 0.10636517005794 0.433305904070498 0.511092343004397 0.367533912104688 0.473025923740397 0.171609947016503 0.315193895805192 0.333209202316416 0.225843506087552 0.20807362806054 0.348161306427756 0.411257988923048 0.458638334740082 0.0218763716004125 0.259547088997608 0.231626906403805 0.514717330847209 0.104022637236891 0.112102326994124 0.344119915248167 0.669588828638294
0.403284575062398 0.345417688881799 0.622803129716141 0.433836261040276 0.602291861698897 0.379718052658391 0.7226242211771 0.436317441999964 1 0.47528829156438 0.475235708720257 0.22384050370486 0.486733640139314 0.17100494553486 0.416877091079156 0.282766940191633 0.00719218945019157 0.233566039674615 0.178780997376014 0.0673454611882632 0.0754718859834556 0.0282275891759439 0.477646121548924 0.28082157663495 0.100827637836813 0.132222499670637 0.251347243908953 0.177825323540774 0.0177732249807041 0.0180350158137243 0.0590188214283255 0.138306061044987 0.271472765217364 0.13946983597463 0.255488050024771 0.0777122618173357 0.0438058574434824 0.0488482928518301 0.0558279305207468 0.0788525286853957 0.021852349572242 -0.0932706619886081 0.114464826291764 0.0346492512352671 0.118113871809667 0.181699030845792 0.119596651097813 0.221740937685711 0.182147095206501 0.290797184588758 0.225185671304236 0.250613003087489 0.187356037649688 0.268182825467086 0.293100210951285 0.283390198482935 0.240936507429983 0.283337950896806 0.143252551551387 0.228776317870553 0.595882073731315 0.300469949253983 0.134117826653362 0.0933498630101697 0.511319231813534 0.409826512855605 0.202746606917588 0.10639783017447 0.255444660065321 0.245703542335696 0.267710943513558 0.210221324776816 0.0654278051070191 0.0319461544340707 0.260848094056233 0.0891899339703794 0.0576583630866552 0.121910554039477 0.250196131680225 0.237649700315159 0.302659797723071 0.380813288223394 0.0630922670665838 0.197746350153429 0.536774889311915 0.324412743537747 0.17867321792777 0.169571689453241 0.387826474842471 0.463325338502019
0.338264264154386 0.326389070429965 0.238253360916944 0.63111439055242 0.394789884407551 0.408569785821394 0.434829623984708 0.776050946122558 0.47528829156438 1 0.285000220707472 0.632187895629749 0.194023436287494 0.361841588531368 0.0992073615020633 0.477640430424743 0.147577149282157 0.283782712110899 0.103438914146648 0.091195195181266 -0.0411610764346568 0.163157936532405 0.224253809143662 0.423133457734775 -0.00262098118561871 0.290455660412992 -0.0299842126716186 -0.044947240576012 0.148456164499585 0.223319034796145 0.111048971812817 0.326558952243672 0.201940815872236 0.36310485031836 0.0632581578814862 0.104842952515855 0.0714190527143808 0.191723626960405 0.00960291331601329 0.153117129963417 0.201895187535748 0.0991140578046284 0.181892376766289 0.179018396226636 0.114497614382146 0.187018717888031 0.169490061590714 0.248072139589894 0.136555104463407 0.295484078449016 0.230214514370663 0.288685791377681 0.249955517732528 0.285303989972855 0.260829470469565 0.244233021313981 0.194594102646345 0.219798294528417 0.135029722002072 0.361014906075067 0.475368658790302 0.755257770417416 0.0996422754698972 0.257112570149532 0.117673840327425 0.644263431909725 0.0769325661466462 0.167903915279069 0.115225301819704 0.106193747475541 0.226793045245308 0.292977335514414 0.0983844534857598 0.291323764960791 0.236193410757166 0.228227005441542 0.105383051275821 0.211915542356065 0.114547422418096 0.210498143409638 0.272642817602791 0.261566820416031 -0.0542494435685379 0.174025920970793 0.107229490829644 0.299614964495106 0.0798300784446915 0.0817861737796716 0.15444110112724 0.536430634832953
0.56989908078712 0.35300851005982 0.382887608481822 0.321168354798214 0.489652796179324 0.423928013178987 0.640466963928924 0.365871414077993 0.475235708720257 0.285000220707472 1 0.491271702425413 0.791561304635724 0.488789155222639 0.262922352978366 0.390194251694385 0.281271701457229 0.306799746792499 0.482397045852469 0.249217860392756 0.0860625134831818 0.172579436171234 0.247553286012476 0.154403387622934 0.138056782120223 0.109877251279142 -0.137386650498863 0.0549414761897076 0.456458152243097 0.383866282239718 0.237548157286471 0.196554778253178 0.433972602512527 0.361285370144762 0.0337906217471071 0.0078768285496752 0.198306497576037 0.0998731107375721 0.242083065570487 0.26442767559332 0.245703807924364 0.102254204042678 0.342007752302392 0.277505724218263 0.238346092123089 0.274653990717014 0.316475060080536 0.34654413342309 0.275646923571007 0.271576261086489 0.340242771135801 0.303798294631011 0.146602148091204 0.191451934695567 0.411879334859175 0.347682593206714 0.206174222541861 0.154328382786561 0.312766581980515 0.191328141275392 0.685670868810163 0.331544782258889 0.461573683873723 0.347704979114012 0.226136231718712 0.154826603723014 0.210041914317363 0.173530317118896 0.0471177020169846 -0.013338089777415 0.40711768456089 0.315583603472554 0.180749215625551 0.225192058976946 0.280178004272046 0.325354672181106 0.159402384576661 0.239940132629771 0.292596844381308 0.240062258681165 0.321406616067233 0.27124117559768 0.25398886944588 0.254930049703826 0.384793390582804 0.309013384936565 0.194897516194345 0.122021218873812 0.473096121171686 0.375481797295368
0.439383027298445 0.360097543580909 0.0429207381873489 0.500219179979864 0.319742821774124 0.43793973923802 0.390346659434947 0.717976161463092 0.22384050370486 0.632187895629749 0.491271702425413 1 0.339447002226492 0.610838420667117 -0.0993106334936566 0.528474860345583 0.249555499008405 0.298808378112238 0.137908445016028 0.159679930669547 -0.0425408410447851 0.176278099934115 0.0120438842993779 0.287617739816395 -0.0718075079438784 0.162977890702623 -0.290038016103162 -0.200914629584006 0.398229680132588 0.504708921978475 0.188963622546404 0.33010606744217 0.2719007995487 0.507585873808645 -0.167250814693001 0.00698407037883464 0.0256546003182278 0.11554766500612 0.0459660095968125 0.263502579055065 0.138860755763117 0.302875060981582 0.366736238471371 0.34763827939718 0.195946623468067 0.268460852347143 0.292178923761455 0.283404878788626 0.246354043544928 0.324797437341092 0.333565751950569 0.32654636112553 0.248589244726402 0.172612964897715 0.335531882541628 0.266337100318282 0.113253715360271 0.117401356907096 0.338567339038872 0.398876264629146 0.587300785480932 0.790956409679188 0.329264545291076 0.59683480631081 -0.0857617470335212 0.366974485590897 0.0258890646165202 0.174379288168391 0.000797214366510213 -0.0306620165049659 0.2254975900302 0.267504167224323 0.196156816947236 0.322072683436448 0.201835719777277 0.393653039996478 0.242929780754574 0.157795789079126 0.161884315104387 0.211413018537375 0.227887351700814 0.195336403238461 -0.0299815156879056 0.0902935155322669 -0.0203793953919225 0.282822830964706 -0.0385506234761756 -0.103110913578539 0.280999814419586 0.447068095274218
0.52556736246791 0.355159644533149 0.50487867071512 0.275310835934976 0.577495999193201 0.476444709149642 0.621091312648702 0.278553084029414 0.486733640139314 0.194023436287494 0.791561304635724 0.339447002226492 1 0.625562592438844 0.607323357664666 0.56387249430735 0.310278303863971 0.338428503138987 0.477466736995598 0.286484140946959 0.113493694346498 0.173886277562995 0.49397186996306 0.294887837964924 0.27273804935448 0.235146684988968 -0.00218305319964436 0.266244320265078 0.479731929898269 0.407328870376954 0.382438242868034 0.318238017503905 0.525842590753777 0.364267646299482 0.148807368870919 0.113763731601376 0.205213712228841 0.169322838688884 0.298810817644047 0.292373639483349 0.291872108472668 0.147319646921643 0.366553271455027 0.346436908492389 0.304262178395946 0.316885687420899 0.333655870988293 0.36330325699436 0.250401343762116 0.254220709993487 0.334979301351394 0.283151514334455 0.225890320528319 0.291888356915536 0.392952891865463 0.381675275285072 0.238754819314969 0.20206319438334 0.226217342920408 0.110866665037165 0.630294802782307 0.220007763431918 0.503039551099997 0.331495117515183 0.315015069236803 0.123427311482919 0.24931576238223 0.244804529902973 0.102935164157407 0.0261163541372183 0.430036090406301 0.293146871067693 0.171436535031367 0.196013301268038 0.247895341652463 0.270312435250427 0.0757554846652834 0.312175076989316 0.340140924194166 0.337163031173158 0.396020467623874 0.410696885954538 0.482656241518979 0.383144803717278 0.598419543381703 0.445995475892077 0.451041486299051 0.315946736984568 0.558133788303833 0.401409468044818
0.427887566502029 0.376035298052567 0.216514870191448 0.473467904946094 0.508186053431056 0.562260366750998 0.381525703789228 0.476744853562025 0.17100494553486 0.361841588531368 0.488789155222639 0.610838420667117 0.625562592438844 1 0.372470980429961 0.83571733288782 0.334866701663503 0.327420001990761 0.352989617180139 0.318120434667419 0.0863231263989093 0.204488090464292 0.336346893323236 0.554089594586166 0.152117680555885 0.396905618496429 -0.207880755679877 0.281081101029558 0.515448325833232 0.577178771574066 0.465300504674407 0.519437229794106 0.507958684265284 0.545605992911997 0.00423902531154466 0.152478682377548 0.121965886757599 0.210169263177647 0.21338292941312 0.363490501967076 0.156375130265925 0.260339141522845 0.419243962362982 0.422624664384608 0.261098236427109 0.348876512100994 0.369835343410948 0.382754916797584 0.273899586944031 0.313154534268876 0.361221864371686 0.361099127530178 0.375831166111471 0.331352021232436 0.394422838806008 0.394567632381987 0.159582045315216 0.151279333904943 0.248282148665909 0.197333445690856 0.461247998669489 0.467868339216963 0.4807083235698 0.490916512062403 0.0188574153092542 0.240380353177856 0.132208790712304 0.318906461532818 0.0433591553132012 -0.0403494392551415 0.348004289024052 0.28422694211847 0.24377341237298 0.352272631364847 0.211191912979707 0.382668590949454 0.164277982517885 0.270058756294402 0.368554373273151 0.372097706233678 0.372270589454892 0.354293692643576 0.358977704951606 0.436494531886936 0.303839231899896 0.562782242529843 0.305754423437832 0.363683968786432 0.40000193365363 0.530096893358153
0.261710479207801 0.231713635929566 0.597970591933276 0.299394932579588 0.62381916711859 0.45894967677786 0.399432963078032 0.137874529860034 0.416877091079156 0.0992073615020633 0.262922352978366 -0.0993106334936566 0.607323357664666 0.372470980429961 1 0.52422806449405 0.211044920651744 0.242596233978447 0.330620932385836 0.187260463647606 0.10594580132667 0.0407230639825172 0.745004368107064 0.481204928135338 0.444358869878409 0.407780787033486 0.29280328527977 0.57766213354323 0.136024622537533 0.178934557562493 0.426343903883789 0.419504800902451 0.474007315244705 0.252577479441548 0.414279040575503 0.331765477386442 0.203975051019937 0.244940133305134 0.22912970997746 0.176899662261822 0.0205022172405925 -0.00858264404782336 0.202452670267378 0.184351931782013 0.227873719182105 0.27000414104116 0.231471367672516 0.353003271854175 0.18023691183201 0.223227270844777 0.150233195459656 0.165287550138104 0.217623433086986 0.31909009781763 0.281454518140998 0.356355387028918 0.22239487362046 0.250462855515379 0.0353743728989968 0.0278848851839611 0.240875268103752 0.0592142933909014 0.275847103943768 0.0267552269851939 0.394771456373781 0.195182917678841 0.275801951697259 0.330357187428909 0.136848053697352 0.0617922036748544 0.404669575935417 0.321911081402195 0.11987157762265 0.175383999880729 -0.040211880733074 0.126379476073492 -0.00863164038913208 0.238916012184346 0.286834218177347 0.350516814066562 0.376502513393878 0.443267259326029 0.471590221688937 0.446339155923745 0.688760128215895 0.444456374965974 0.658207614766872 0.522190769714974 0.473252541132423 0.468246221138887
0.375676808335517 0.301319579889482 0.333915868838797 0.57477109551346 0.588138155750066 0.710294333318926 0.384409560957069 0.506635729120791 0.282766940191633 0.477640430424743 0.390194251694385 0.528474860345583 0.56387249430735 0.83571733288782 0.52422806449405 1 0.311728390329252 0.353668428560148 0.31393696082239 0.265426454127358 0.087530517917165 0.239005454910717 0.515892632652043 0.762859999747819 0.174400936785095 0.504054247959591 -0.102764421092573 0.432706893526611 0.390692572245918 0.52133542349236 0.425438869836009 0.611040134955595 0.515054146199509 0.537605149320637 0.110571723928093 0.249519277022815 0.060568287350821 0.253985421921992 0.178462744951953 0.367987348809958 0.164281697843422 0.16636997670449 0.313006928579225 0.348666251279472 0.173396164411236 0.297310040118006 0.300686680051342 0.376126715560037 0.172453441527753 0.292263417813968 0.294688661872579 0.345126453058975 0.38669867140029 0.421657260517681 0.336548249590769 0.338049038726033 0.155687232045099 0.16088292499773 0.118719278175763 0.155438556190746 0.432727803337917 0.501501837140515 0.421208548325137 0.414451639054486 0.192932028873305 0.39657672869854 0.165844073779712 0.342902929742126 0.00609565930290072 -0.0947642488875418 0.340217347251482 0.285452352694586 0.139701562922561 0.34600964658783 0.161327492132269 0.334243652651469 0.105715647079606 0.345783614099639 0.396649827610133 0.405597299336873 0.419343442274007 0.363115074781885 0.384877068666549 0.496048255910707 0.400704201324771 0.557356934212756 0.479748756469454 0.501734976241414 0.3779062199581 0.594767584676428
0.700045849740937 0.718265204217239 0.244423369251399 0.30931301787932 0.321954390135978 0.171315776479927 0.229247089370278 0.256562109284839 0.00719218945019157 0.147577149282157 0.281271701457229 0.249555499008405 0.310278303863971 0.334866701663503 0.211044920651744 0.311728390329252 1 0.823511512244483 0.562016020197627 0.748693973286478 0.161101413460905 0.0815902946137416 0.195636288207848 0.148752097392008 0.222752688680655 0.261491651363019 -0.158929704490197 0.197089964849023 0.711168730945591 0.743924207691212 0.418448274986795 0.381354358419825 0.58734309235377 0.51406384555404 0.050588089130133 0.0932699674481375 0.343839411224475 0.336362712206099 0.374447564500395 0.328524999629522 0.251715032844065 0.345516561241782 0.581634606887579 0.574135099235041 0.598566007687493 0.591771823055197 0.604028160007557 0.540457720411358 0.555187677045935 0.420479197041734 0.468293016503028 0.359524193901945 0.303784865646526 0.308630795368763 0.480544212185989 0.511776838436232 0.750193150233819 0.672772111816712 0.54797348315231 0.4399862035363 0.314697044112445 0.183283575214661 0.600864573190974 0.608784183557627 -0.0205191216455995 -0.00411308646837007 0.301088615052049 0.298852051998361 0.600042340386364 0.514842296652021 0.344119570094354 0.236275970815943 0.291480219472574 0.276279886689233 -0.00203362731786933 0.337880596047407 0.533481432069566 0.516321953628103 0.372353743962396 0.694805651836751 0.723990418333855 0.567159497412166 0.547049620959251 0.438397121984118 0.410228390619815 0.475545107120959 0.348856193886762 0.175721364418519 0.334924498554624 0.383142049820648
0.75748110384745 0.813473847482207 0.376015180174869 0.414878919503313 0.405181620438794 0.165799381952108 0.369222823672442 0.371091895389724 0.233566039674615 0.283782712110899 0.306799746792499 0.298808378112238 0.338428503138987 0.327420001990761 0.242596233978447 0.353668428560148 0.823511512244483 1 0.635607646498926 0.78615728641516 0.0615496426599706 -0.0106910945779671 0.306464813645534 0.196739757408017 0.129671200748319 0.238284624076174 -0.146980432866238 0.223959290787857 0.644764699886125 0.74527246085858 0.390309477148254 0.38998767069347 0.593710258021498 0.559491376341222 0.0443538610217488 0.0484391552683195 0.350642704900428 0.301275771738671 0.290118767363588 0.262546387647282 0.257384543543276 0.25534499857641 0.565188050325359 0.581546568786239 0.633653710420714 0.630677339513741 0.614813552772203 0.580577734665787 0.618134788666997 0.496846122184618 0.533980874517109 0.461903084589185 0.388492812606154 0.42854816364546 0.507022285466919 0.525607645492341 0.796157494056834 0.778310244925388 0.574384925730917 0.560058205047205 0.413183845293141 0.26419724998511 0.575646136547785 0.676797787003227 0.0646037006445075 0.0670302671147871 0.299025249192565 0.241537083121732 0.599192138044308 0.567088792386392 0.40853139525464 0.332092999642459 0.300512206663045 0.333025159355363 0.0887199255939758 0.347731164659636 0.446668471075177 0.541743764430669 0.461642765594718 0.775254200640607 0.788724071927863 0.729337521459296 0.471920949129327 0.533317041915227 0.526226499521321 0.563041089438551 0.33019552410118 0.172862977805439 0.332771573018649 0.430129462169306
0.625533845436812 0.551583307167513 0.432395682636423 0.271928060522852 0.375963309580816 0.234818053015069 0.339070366845847 0.183870100470195 0.178780997376014 0.103438914146648 0.482397045852469 0.137908445016028 0.477466736995598 0.352989617180139 0.330620932385836 0.31393696082239 0.562016020197627 0.635607646498926 1 0.662968032091629 0.023270485458386 0.0707218072081762 0.36477278700454 0.0935741602187473 0.214819291543908 0.175142212606285 -0.104801987877687 0.255037580854278 0.5081188281897 0.549003757268763 0.358675098141755 0.29273921693289 0.584265731122073 0.447672376105697 0.0848958530434065 0.0526225641025835 0.251469485847471 0.161801083503311 0.33033029802686 0.166767043112752 0.250309028575114 0.177841378613293 0.403347828006786 0.420609383382331 0.413734516231132 0.446936711145801 0.491177200479639 0.423203006405565 0.461152109387917 0.329095964735894 0.410959027751374 0.355716462851353 0.302436677999409 0.368941556362289 0.373251378457374 0.408776595984919 0.508131684189562 0.447230545479739 0.412808098767276 0.296398650953454 0.297686884057778 0.0566141217978937 0.503702163823716 0.402474561254198 0.10532202843771 -0.0670227354921192 0.255302572691287 0.22935444619412 0.418158613744649 0.262629110551375 0.403808019969695 0.305432841296466 0.324149967834954 0.296169753364215 0.119427652349001 0.276342364045178 0.243362983761943 0.272742314949406 0.361142842571312 0.434396970872154 0.538984364382917 0.448256309937948 0.496840787262545 0.446595684668147 0.51416552878635 0.365784318136303 0.470461360021678 0.193632217319449 0.360098168153817 0.279135489909229
0.686257690302092 0.764121451550603 0.213181144158226 0.201524739343871 0.243402339280376 0.0459344534248135 0.152609462388977 0.144329708068218 0.0673454611882632 0.091195195181266 0.249217860392756 0.159679930669547 0.286484140946959 0.318120434667419 0.187260463647606 0.265426454127358 0.748693973286478 0.78615728641516 0.662968032091629 1 0.0856262717225366 0.0519579854864212 0.193535355888019 0.0766630723434046 0.107093796657426 0.160435116858634 -0.130191331733054 0.186807793897385 0.587625423265638 0.635525845530985 0.303468326944499 0.28685177669768 0.495998199882251 0.420060387061042 -0.0431611088663154 0.0053389193443873 0.408048315190611 0.30648517443734 0.230957019556028 0.201674737895813 0.232379755195371 0.312338219076012 0.500490026491876 0.529183461086976 0.590416075892921 0.577601838486827 0.600022923347961 0.503508188038106 0.608154649385936 0.4195898201043 0.474449467588473 0.396775493259195 0.321726026974467 0.368655340233075 0.433181781698771 0.475158749063091 0.756389093778012 0.69365899302272 0.46488156883368 0.421536627122704 0.186298334039105 0.0384293535937124 0.468105411388431 0.497555627739361 -0.0590676729939512 -0.153722176675254 0.179752377612741 0.176282373183738 0.643476910142883 0.617759900163117 0.288710213360166 0.250849511383854 0.301043292927704 0.282267487354942 0.0754169214396853 0.40945497849787 0.381601433758935 0.470889747171871 0.404934974077216 0.603834867775579 0.672203481703939 0.613498840720191 0.524173200483644 0.582093337737878 0.4606104917848 0.453743181088353 0.357156221532036 0.203313174888791 0.263598723362941 0.309376271002102
0.123484366771891 0.0573638921401158 0.196047634215386 0.145016287751337 0.0788097942528403 0.0327660066717549 0.183052337933656 0.085105472748641 0.0754718859834556 -0.0411610764346568 0.0860625134831818 -0.0425408410447851 0.113493694346498 0.0863231263989093 0.10594580132667 0.087530517917165 0.161101413460905 0.0615496426599706 0.023270485458386 0.0856262717225366 1 0.11114558232492 0.160541211818858 0.143170908125168 0.295917134653335 0.265576207158923 0.299863262073204 0.181831612731331 0.179183628961027 0.135928580682038 0.303442854713543 0.24102930573864 0.273628348639359 0.178803265351063 0.204431726145442 0.171772119916765 0.124949569128896 0.192342221046773 0.115037379041414 -0.0309425174761732 0.00782724835079991 0.150533893897644 0.0700605221586073 0.0740347080995283 -0.015499222096583 0.0423742363131901 -0.000752338892462795 0.120324721067069 -0.0470415805395652 0.0584216179727843 0.0414673192493436 0.0805003164668647 0.130506871521194 0.0924988476575373 0.0973332430853563 0.140025377408593 0.0674635779052409 0.0539794678880255 0.0608529815623331 0.05785010869188 0.057572179850511 -0.0723093100759627 0.158867385274357 0.100720468359352 0.132527074924085 0.0509295232776131 0.276227816322665 0.224152886992079 0.143472834474943 0.0799282382840231 0.223853331163226 0.11624543965262 0.173223627558259 0.0164811663762495 0.0842371614702895 0.0162196459158642 0.20297946141214 0.0972973703937077 0.160017775657683 0.111566666477725 0.174783913172501 0.162848378139215 0.12317573170278 0.218690099034026 0.105613752813117 0.154591557467671 0.063022024380371 0.17412592042093 0.160405948532695 0.16306386629848
0.0923025104039319 0.0331780327975171 0.0803280862599529 0.234698696543736 0.0731174515811484 0.15616400845026 0.0658029937578958 0.200139794058748 0.0282275891759439 0.163157936532405 0.172579436171234 0.176278099934115 0.173886277562995 0.204488090464292 0.0407230639825172 0.239005454910717 0.0815902946137416 -0.0106910945779671 0.0707218072081762 0.0519579854864212 0.11114558232492 1 0.12807044830358 0.276487396595073 0.12054797615732 0.204739684828968 0.0115030645179451 0.183369406129728 0.147189053777505 0.0582037846819506 0.128916845034765 0.209063882250094 0.161922161970671 0.218302687303797 0.0692507669948215 0.156281106752753 0.0725551281579351 0.0709181594198549 0.139217866263082 0.168542855698279 0.101818616212184 -0.125032340791477 0.0983546140717687 0.0965355886628018 -0.00524770389430454 0.0341640804159067 0.0703408662380567 0.125152399097496 -0.00864934866693271 0.0227639030283833 0.055646089848062 0.0749707141177642 0.102617614707373 0.0543215282667069 0.0799946062706496 0.0802252006795529 0.0026518216028657 0.0441459664959793 0.0706036374312347 0.108907763156653 0.17046591487535 0.168384052367678 0.142074224643866 0.124936469034995 0.0908966762543128 0.194511838774532 0.217951904159005 0.238413096602308 0.01237196203813 0.0282339709089672 0.0292532127014951 -0.0186106147574702 -0.0703966234462724 0.00831098357022193 -0.119661412813207 0.0265172896459937 0.082781408903105 0.172363548757147 0.179127665726715 0.0124864888022993 0.0682409640448789 0.00198704535934893 0.176513255018705 0.0944512310383988 0.0636983085411501 0.19123427926059 0.0629483546534886 0.233558823502315 0.0871482728989964 0.164951411360677
0.307879836157713 0.285642625884406 0.854215819406796 0.620653541173792 0.596674380398264 0.348540097346158 0.575085740835568 0.38978833257026 0.477646121548924 0.224253809143662 0.247553286012476 0.0120438842993779 0.49397186996306 0.336346893323236 0.745004368107064 0.515892632652043 0.195636288207848 0.306464813645534 0.36477278700454 0.193535355888019 0.160541211818858 0.12807044830358 1 0.68708793980522 0.497226961113446 0.566087264740784 0.398400363543153 0.571507242535909 0.184159962974643 0.220812143041845 0.591982971688613 0.672596000877464 0.611749121952886 0.406489553975766 0.589686729864091 0.486661131531966 0.236617880047904 0.290230417990876 0.111704317142174 0.216048411981309 0.0455554801939396 -0.0157179539871295 0.288029613768607 0.256298045781183 0.293282590703373 0.293715296755776 0.302468080121145 0.438183865921896 0.213998593062407 0.334562916328291 0.280128407269191 0.336124226385075 0.311168504093979 0.479185242965734 0.398292034445368 0.431629254975603 0.225762155493018 0.301485590809239 0.0841499533942738 0.103633985713191 0.41115254277577 0.237479288846888 0.299019904734636 0.103697110577956 0.666427834071438 0.482656878148132 0.461188829911216 0.435360201482638 0.151696758928445 0.116984302621847 0.478054615386047 0.474371370453934 0.197172011809873 0.19066896616106 -0.0130665871564811 0.123956136753461 0.130878006225 0.270076047730738 0.283408724292661 0.383833300465426 0.444472016419905 0.521369285192009 0.461216108137128 0.490090423206257 0.764975396210829 0.554620866868247 0.599080967489481 0.534344065777304 0.419891501027153 0.520615830008856
0.221225466345054 0.176952861283859 0.49758780819418 0.73808708786586 0.426237804361572 0.511798533272082 0.365882253488372 0.52289234917209 0.28082157663495 0.423133457734775 0.154403387622934 0.287617739816395 0.294887837964924 0.554089594586166 0.481204928135338 0.762859999747819 0.148752097392008 0.196739757408017 0.0935741602187473 0.0766630723434046 0.143170908125168 0.276487396595073 0.68708793980522 1 0.347052500611686 0.675510825651464 0.226844036345867 0.519724778532923 0.167035966759358 0.250481280238951 0.444131435563401 0.688265365667837 0.47745396866055 0.467353342313419 0.417172709421932 0.507459691590526 0.184537038304094 0.359684100544501 0.0957238528155791 0.352207711494009 0.0710487252533728 -0.0444607257126278 0.19199724996747 0.187322390681305 0.0795262941489565 0.160964480987709 0.183975716236389 0.354536587059419 0.042412385968329 0.239513834879064 0.221376061720858 0.295335920150333 0.357196468920283 0.391445967525404 0.340162318330749 0.307930283447289 0.0929358093138903 0.1385909724206 0.00599378158316191 0.105757719980881 0.335149355927972 0.48691150525739 0.195883268383915 0.159591440151925 0.477479382635469 0.670709049013635 0.398077847462649 0.495667275171389 -0.0150760120343273 -0.0346622279457268 0.345395853786929 0.373185031759209 0.0951537339790965 0.239105260066285 -0.0420202705107987 0.176204579051283 0.172122664811886 0.310182920585987 0.340586595189796 0.299917150371048 0.362579534202868 0.378330884173383 0.320138058241923 0.434848204308667 0.455232300942363 0.607270222206361 0.462447261029392 0.647517349434376 0.274738183227359 0.61304863947823
