1 0.799614266380101 0.676810722714539 0.611792676447775 0.377738167554906 0.251738921141507 0.649664969443722 0.431123643909835 0.402515686803324 0.255906437746451 0.683390479344196 0.506002541734974 0.662598443806819 0.559994529063226 0.522194243817328 0.339697966574556 0.59641530633842 0.578414179608965 0.794309276362568 0.655990786242436 0.0946465332888121 0.0596667541358749 0.469092215143057 0.360512039529406 0.263323304204649 0.304625377661101 0.095401348515766 0.21740874488891 0.553835417203445 0.503749908352426 0.399490849832655 0.413222161822412 0.563442358547674 0.446039431327241 0.295326521095718 0.216505511620377 0.320945660548755 0.419387717791095 0.269132327462404 0.0802025419166328 0.129589369481533 0.099823195440592 0.503475845919527 0.482788008650407 0.517679924035108 0.491404663921928 0.599233838390202 0.58921119405037 0.596818688803947 0.59802532271672 0.65128726069278 0.591428572358066 0.611776964505876 0.48570793077922 0.614704894638835 0.610344110511891 0.782848557519696 0.743520100341567 0.764315794585172 0.658031765719781 0.691614086769196 0.259562988103578 0.607948446012964 0.408882008173888 0.388688182845131 0.340095001563987 0.538354975794324 0.417985543713064 0.539758219124781 0.66145197061103 0.401606028354199 0.345382910682915 0.470399198115404 0.441111355686699 0.275106586591294 0.194591651634544 0.308285323855821 0.382977404763568 0.350592603721579 0.316163901924981 0.702172739252418 0.652694926765997 0.455969731301146 0.531780169843365 0.745277258991009 0.636263137474691 0.107197597804184 0.30250182055224 0.631829121292374 0.466611720274347
0.799614266380101 1 0.505188096305126 0.557665530965919 0.321136012532418 0.348230061463873 0.365608887967086 0.422786673689079 0.293640571154654 0.295794086573033 0.490457726529217 0.493225741501949 0.375951608309323 0.435123119406814 0.330015453181269 0.298454098354265 0.682135214268829 0.659259565789076 0.655800428875303 0.637831783241419 0.170279216464454 0.0559868160134987 0.339736254026483 0.341360455216784 0.402144244810179 0.351374065984301 0.174747319541677 0.240763951365842 0.438042407830856 0.492314856485232 0.267336926391002 0.330641929595169 0.370949797790354 0.326784317705209 0.266280748039954 0.23189721119711 0.445713282873438 0.487094643416036 0.261694900168623 0.165937266895388 0.126097603285733 0.11757886263991 0.387929723417521 0.389757343444156 0.507507207761166 0.488889064507942 0.512218508914817 0.53974614711625 0.590042900119874 0.628318748480235 0.623125553729973 0.611146024337984 0.575516494393464 0.540762636469593 0.544832692403356 0.564656381245084 0.869826888113717 0.886074119888854 0.722634674539986 0.664188951028756 0.474814805243243 0.238705403181506 0.395933366556772 0.394502364373053 0.249581629071617 0.28915391465289 0.492176750260411 0.388979625390728 0.697759193582269 0.743453231541928 0.379717279116771 0.330419605113811 0.472469657150906 0.503538992205901 0.275552900213405 0.186974353854853 0.189378475942962 0.314451246756112 0.377262150792524 0.288712022072845 0.661368859570326 0.719972222053057 0.405468787160542 0.589353079652839 0.599592595273921 0.702174066919036 0.143089897251441 0.373523159205683 0.556917869829188 0.522874017720097
0.676810722714539 0.505188096305126 1 0.628233203730791 0.45384248543014 0.307775867349127 0.797571538777571 0.441349483971308 0.581968898423166 0.377429163584568 0.358175542285931 0.195169388445167 0.69942710570352 0.449686557243741 0.695971450525531 0.462251936757576 0.224243165542012 0.165488514279492 0.512095668693586 0.384742759287222 0.113827615880504 -0.0185159458840679 0.828281417161056 0.589513530618623 0.345406312567781 0.394467226700983 0.0731565795670015 0.187424526310864 0.372508055473602 0.178672626932126 0.579045724424367 0.583644822839743 0.614092736604292 0.354517335840215 0.512432948297527 0.352524741530287 0.280972064658053 0.389245054602555 0.27170695842735 0.178630807053788 0.205719350119598 0.0191337172516473 0.498761923888712 0.469439112806985 0.38836179461969 0.318164023990561 0.462594958730882 0.397212772712875 0.414896665787427 0.497714380200827 0.553277710288987 0.51021345588111 0.575250391373182 0.45461215902919 0.516563819225538 0.471097122523547 0.440826464395351 0.427239367514573 0.629908577612848 0.499833942379978 0.584742288187236 0.253154550748825 0.292458804653273 0.0958624883731481 0.740269568812255 0.542855963050039 0.599078383030536 0.382836204673264 0.483521363126993 0.381069373421097 0.459715756632896 0.371383555539219 0.434322552124532 0.400609037143559 0.461002995342972 0.112385309269647 0.435141998881142 0.240275611404805 0.257585418243395 0.127496919467613 0.336485462693019 0.371913777706828 0.3758705128453 0.363420477801174 0.691051916067879 0.545183550990676 0.204702665521858 0.385253813794831 0.633314180232358 0.459195745867453
0.611792676447775 0.557665530965919 0.628233203730791 1 0.433911115532307 0.486595233921024 0.676698555640948 0.856171672824488 0.393190050163941 0.548534700084793 0.417040573243702 0.556024412008819 0.358718128516361 0.599716486155351 0.386579342426223 0.432150410136129 0.307222700533735 0.398581692701893 0.601636580118646 0.588174710528975 0.110636839011808 0.0870865268201624 0.501092165589338 0.538920902495492 0.149763747469082 0.189715660670755 0.046690094215875 0.134632236811005 0.527634179153934 0.51725616068141 0.492057922434981 0.592096628134494 0.673325757729392 0.646523600790922 0.279030955035016 0.526434730152665 0.325177368736536 0.360069225708279 0.200860534393192 0.146904941720312 0.149343339960318 0.164542433744459 0.53423841240052 0.551419161850641 0.549572366950391 0.576564393378141 0.500131214277675 0.537902572430549 0.505013864042668 0.59257802142582 0.591491943629104 0.6360628031746 0.558782589033382 0.544390711669924 0.550643921783764 0.512065222294384 0.399573863950265 0.35932168929641 0.591640174832504 0.643124266982074 0.698042705331673 0.694684023793228 0.508282856325028 0.535645713557045 0.349301664045672 0.702243207595122 0.668530368565787 0.728838474295128 0.427045846219354 0.416466129430349 0.623619989858667 0.585360833483463 0.474722677573968 0.503275250061477 0.262551864786519 0.271704762109515 0.427686822311287 0.347553503921334 0.295027676064578 0.235114347338823 0.496240908239925 0.585041551690193 0.39864142375756 0.33627252592571 0.553584802131358 0.653441785284921 0.110426048461484 0.220344744587154 0.574549045045225 0.475712935710595
0.377738167554906 0.321136012532418 0.45384248543014 0.433911115532307 1 0.377285010492928 0.433675548734952 0.330681270084973 0.666565984983245 0.50042600208854 0.249789388514311 0.237317216695429 0.370359443682545 0.355186742288153 0.35373586988632 0.409083931976541 0.255598433092079 0.393847662357449 0.408229278833739 0.274588168911178 0.343704619049824 0.12896777933069 0.461359942111116 0.329325173659214 0.290859521767287 0.432058800668346 0.467085352507614 0.258096226182801 0.21151609137916 0.292435851328931 0.429283675234585 0.44480058793044 0.475656466339477 0.326783289384541 0.251566674869208 0.286545669603803 0.248280826207899 0.155755039513486 0.308529976150623 0.159446864619841 0.143744885317255 0.054966181040377 0.357460653703786 0.358101392607578 0.31793597938621 0.317459307222232 0.372372469803923 0.294817835548124 0.315202568968307 0.339790160353954 0.358078466702069 0.316764594105031 0.371148695652248 0.328571792331737 0.43743200916221 0.362429346362171 0.290355693110818 0.263014525574029 0.331328003780545 0.293887457467969 0.46076414682621 0.386413630382256 0.369264765662025 0.246929558728768 0.435250259839562 0.445984218530081 0.395943088351062 0.354170995004622 0.246154570884011 0.266469690062183 0.177075351640269 0.302263556448674 0.308123843835094 0.171673455657616 0.248829515955896 0.221484402717063 0.214882165704219 0.330183426383593 0.0773769445666545 0.231840577641609 0.338720079076398 0.405317508560743 0.340466272511782 0.162780921869857 0.485507318890191 0.368992667191345 0.0900051039657529 0.201330681306791 0.420070310511139 0.398588713872763
0.251738921141507 0.348230061463873 0.307775867349127 0.486595233921024 0.377285010492928 1 0.238086986446146 0.439927353750237 0.474749850711023 0.703948303465072 0.0974892397132449 0.352859075979957 0.142977600362159 0.300024113287286 0.197454679728142 0.552033838738195 0.125013393115671 0.275362508273693 0.306192515494852 0.320990116172392 0.122023353965478 0.261324971023933 0.389508500633421 0.386492952370285 0.550366819701906 0.187443718125072 0.439356598433567 0.562661535248638 0.218736318722319 0.305462547496264 0.336332877287656 0.401977944840047 0.234220353545569 0.283290337487571 0.181170302792112 0.357801602107706 0.341603598539316 0.105869364172104 0.277239182237785 0.166904221585526 0.141440284295422 0.131926597174598 0.299977499821319 0.311074362913508 0.266167445619513 0.29390821704942 0.250968103826854 0.242045421971982 0.201024766150905 0.227997378200865 0.320427879377762 0.310571880250031 0.250713862450198 0.349062052661063 0.282718349505628 0.294911724548077 0.262191581908403 0.227732927088044 0.232530075280348 0.268165962523396 0.34146108991205 0.381493149220668 0.0896351082449443 0.206443620136386 0.194098455172923 0.395731936935302 0.347723732925458 0.335181543024811 0.29661678923974 0.193730512510409 0.420347184796175 0.479794259659817 0.315728542255977 0.296853311389724 0.154640319831454 0.106896299183453 0.17313439465269 0.314883947250675 0.109070821772694 0.173459553039577 0.221791777698356 0.269529370549445 0.171042365278888 0.092784823892875 0.144074851181399 0.298177966610029 0.270176876529625 0.0582224204339918 0.346216476187094 0.336044790293772
0.649664969443722 0.365608887967086 0.797571538777571 0.676698555640948 0.433675548734952 0.238086986446146 1 0.620624180745134 0.545619383514391 0.272543352772151 0.336752685847643 0.366539243507463 0.650392757133657 0.500918573748087 0.557029596869034 0.42579600475075 0.0977585238437291 0.163568027187973 0.533842134040901 0.422517967394567 0.0386436342084467 0.0510773054504262 0.624006950845145 0.355814981607543 0.0521937404015645 0.178095857722896 -0.0459599714223041 0.19866275817146 0.432455745847737 0.231681150295206 0.512841244179786 0.458005033915428 0.655662102438633 0.508745206307353 0.364050533296735 0.389980264150134 0.210667783665425 0.334263020026547 0.155240686944902 0.169801731785666 0.205418595458655 0.104837200722918 0.596732294626483 0.535196210484658 0.44532126298524 0.402248374230663 0.532269737135766 0.487719180127972 0.477880988941564 0.503000935354477 0.569635551425003 0.523540873363203 0.544860304078157 0.465338184035343 0.497824593232215 0.484490594758443 0.304510210870848 0.217329164198306 0.563467552968463 0.477810802705493 0.767333773581178 0.427208242831158 0.449290518357421 0.333951573504179 0.538269979608008 0.558776968365308 0.631759718791303 0.482518195249508 0.32832152531623 0.313497911133764 0.560974673934884 0.418313514831745 0.386698970151292 0.376657187110913 0.375155958624192 0.224818349331451 0.517101229628009 0.365309975968282 0.203555987559637 0.152851756645729 0.345754791182772 0.33135986631252 0.423434299046674 0.266342041974802 0.612386779376382 0.446318567816654 0.0135384452461549 0.169103928094921 0.565066460448352 0.352499676930704
0.431123643909835 0.422786673689079 0.441349483971308 0.856171672824488 0.330681270084973 0.439927353750237 0.620624180745134 1 0.281327454242508 0.474900003604791 0.255651705808448 0.608177157924015 0.175239194409755 0.50768024047714 0.163132379053403 0.309819723659292 0.12808540351529 0.298036410433649 0.468209891307855 0.424089685396789 0.124680699163424 0.0393776949317901 0.29552112226749 0.327967283130825 -0.00143016270147826 0.0828220960641546 -0.0174140108364009 0.0467818792514179 0.435055458755577 0.469631899946122 0.343566536793008 0.471358489312523 0.48724195528197 0.602830743526842 0.139098795307148 0.503705289823752 0.255875069465056 0.277111875462278 0.163003591712049 0.163538294293464 0.161194076679029 0.1624425480883 0.461544067391157 0.481250524127982 0.44599896322984 0.507648470596163 0.423469290065694 0.453806472592452 0.40352108507783 0.480921377025882 0.4924899136121 0.578620427096254 0.416323757735157 0.429586037826586 0.425262933034453 0.40549422228467 0.227377750291293 0.177593080775212 0.46867680280499 0.563334581247598 0.692094212898371 0.796573024592202 0.400175227595872 0.558572439317718 0.200200871832626 0.734974385963752 0.550993450237781 0.715823383423661 0.332718806452046 0.282739627847218 0.580280404131897 0.597092829629179 0.406269462360707 0.45700531314972 0.146481666870045 0.299922526008795 0.37926657691451 0.304011209609471 0.142175581369362 0.170188068038714 0.333490807510899 0.459373425663677 0.282897399098388 0.281035839129283 0.328623003974445 0.555596247354719 0.00655048025818504 0.0933993098336102 0.502969590354672 0.395497401010491
0.402515686803324 0.293640571154654 0.581968898423166 0.393190050163941 0.666565984983245 0.474749850711023 0.545619383514391 0.281327454242508 1 0.633443650660303 0.164556668221299 0.0546498370027638 0.433683307010207 0.255370496611447 0.41376993578751 0.539349969018304 0.1781352786349 0.183769790625493 0.301439013012793 0.155654845190384 0.275791921876607 0.0520680853083735 0.558026545745962 0.293740006574516 0.333824838931287 0.331818359075384 0.43303113870082 0.310050990244849 0.169567793225679 0.10106941079497 0.434818767550129 0.359390469166065 0.414196672318857 0.209819878780871 0.283748002905869 0.242816709024726 0.324658306963683 0.163248604522771 0.18238661676779 0.122269347856852 0.14615214587341 0.0955830204399218 0.339215958083676 0.338999167375002 0.251432121911942 0.213866723102124 0.31178354412728 0.236158935765671 0.262647434444238 0.297408553846591 0.358409345261824 0.317798726867003 0.391946286803018 0.348874334474758 0.285998150322276 0.346202190963775 0.295618504796448 0.224462718677054 0.35896503611393 0.281052981040656 0.433162881632506 0.243760176416854 0.181334101921387 0.00284914507811848 0.449761224742488 0.395843715098312 0.400526204675613 0.204632581656915 0.288882948378597 0.189088148564011 0.222215901048864 0.302021144161799 0.322073544336391 0.215739359193531 0.34220758354851 0.0574834424517905 0.260937379170641 0.255302075757692 -0.0105248698211935 0.155300624333447 0.229344838943646 0.240398436737936 0.247215021834784 0.0548690162626807 0.424838380682857 0.242171583692722 0.0698037309022333 0.0460695993935744 0.474228085017335 0.431030322097089
0.255906437746451 0.295794086573033 0.377429163584568 0.548534700084793 0.50042600208854 0.703948303465072 0.272543352772151 0.474900003604791 0.633443650660303 1 0.124643713597384 0.205604424248626 0.22385517304167 0.415678644460797 0.305004292839288 0.616809328402688 0.163533026988693 0.241999616220327 0.283080501631257 0.190556779771219 0.205980792639261 0.155257441037125 0.45555477911649 0.51298733508532 0.392691135200701 0.356659274808104 0.432199207971397 0.383074826900227 0.18464451186079 0.273177134622136 0.379595389521035 0.543776217827389 0.370510160429868 0.320309318699394 0.257988709297895 0.384426315868804 0.336407853204919 0.121389134531016 0.233119216654474 0.113000333127178 0.0697006357031193 0.12016155153677 0.258521720670428 0.304134195291242 0.196981055045018 0.231259764176608 0.217873927362415 0.181628757315981 0.157694164435622 0.230314289873438 0.313459375813276 0.308278416231546 0.317832701949779 0.334093070382426 0.240586463749639 0.232677036881312 0.23444569911987 0.197993226909236 0.284322165116228 0.307907480391164 0.350146948130113 0.507874355058137 0.13120875416725 0.0989155737932752 0.333630511050541 0.614398852528366 0.331445362552445 0.340648253617572 0.284178498974862 0.0863011990280301 0.3193102737603 0.406296663541575 0.349576162403137 0.271551866629796 0.230530395552895 0.062234614282821 0.250739581600381 0.267653017527882 0.0842501113743396 0.147679078903283 0.250440724344216 0.308944382034715 0.159375580905096 0.11002772293413 0.285398059297387 0.382920774315367 0.161665811763667 0.0926848402605457 0.419549935437336 0.421245542098522
0.683390479344196 0.490457726529217 0.358175542285931 0.417040573243702 0.249789388514311 0.0974892397132449 0.336752685847643 0.255651705808448 0.164556668221299 0.124643713597384 1 0.420183045413459 0.462530376885392 0.391927406072008 0.364301500609708 0.122106779906623 0.478387150605332 0.429353053887766 0.649404417857343 0.465219627591112 0.094986339345645 0.0194535245867865 0.182645977046112 0.110268907175863 0.0679560952938213 0.126696607215228 0.0789764720581271 0.0562011610322805 0.428912983431016 0.356390618307103 0.128167539828499 0.185091311825292 0.366352919984268 0.260613454839583 0.104014506696816 -0.00836765811710868 -0.0268191979534119 0.139369449036309 0.140901297107412 -0.131100150269936 -0.0546743893097379 0.00954512494856818 0.174831025371116 0.173162286291884 0.18951359897516 0.231894747290252 0.287569938105461 0.29608291659226 0.259988702414715 0.23141563362679 0.270322960068446 0.253267213838019 0.289016206970744 0.171802340256797 0.403761018028972 0.305962401441368 0.484710058535886 0.500313229628848 0.390865335409035 0.43232419133047 0.474323507855972 0.217168524258768 0.605940940890046 0.424478661184515 0.125280370811967 0.151414637788049 0.184581006339713 0.200776924962504 0.294988294089527 0.390999064432335 0.161898825377006 0.106821960891002 0.236107088155519 0.294722658921685 0.156467447900021 0.0829434167055176 0.120755031470383 0.240784488497346 0.193089649595172 0.105146198953791 0.489470083821198 0.478079492781889 0.358534102352831 0.3133963414488 0.524864001336433 0.464807939956064 0.106883562539793 0.32127648773004 0.422333955531063 0.276384030850613
0.506002541734974 0.493225741501949 0.195169388445167 0.556024412008819 0.237317216695429 0.352859075979957 0.366539243507463 0.608177157924015 0.0546498370027638 0.205604424248626 0.420183045413459 1 0.114834931598722 0.633559039897019 0.111688662525906 0.195126624392805 0.343729548072287 0.503728030604326 0.604546810097261 0.625337513145041 0.0155854477418475 0.108815849826592 0.0686453933631038 0.161696030955985 0.0331749832022728 0.136235501789097 0.0302146762704761 0.134870143246281 0.548879393211502 0.672688669952092 0.239752366956101 0.34741975266367 0.332671190412643 0.532311150552693 -0.0869970094426117 0.197557707578396 0.26586717346278 0.256213896974892 0.256185227012547 0.0945020235421626 0.196498478476998 0.0729133271404059 0.281615470501168 0.33253630315668 0.269601444631061 0.359635570570543 0.355532094084207 0.391791131455612 0.359826031998959 0.300879612325078 0.412535474204898 0.433362364230731 0.371108752677664 0.407852682113432 0.409089873825393 0.412551378189609 0.400631331793553 0.366213230476862 0.402913750837876 0.511290579587137 0.570046069319555 0.5720789981165 0.596639610099564 0.815701949274754 -0.112413662646197 0.265579922152008 0.242015242955099 0.42697595902648 0.168542366402488 0.41299695898498 0.476705378626192 0.395030734468802 0.363092001684482 0.406401954520956 0.0847954257891647 0.359716473905122 0.29388958050021 0.386940292394852 0.336285422729188 0.263445589234032 0.533323137380907 0.553341334906668 0.250240315026829 0.4103584732182 0.351731489308391 0.572016577278658 0.0483974685464408 0.170937131039035 0.394948381889274 0.322328868756737
0.662598443806819 0.375951608309323 0.69942710570352 0.358718128516361 0.370359443682545 0.142977600362159 0.650392757133657 0.175239194409755 0.433683307010207 0.22385517304167 0.462530376885392 0.114834931598722 1 0.483566378605377 0.742427555630521 0.511222035148549 0.188615588195346 0.123551530407079 0.504461411520276 0.380887333108032 0.0189703260777404 0.0579704499358627 0.664566193053738 0.420852098314699 0.20696549179673 0.275141685995228 0.100962288222773 0.335480395106276 0.263572484287427 0.104417220063777 0.378113064700873 0.37457615187246 0.488825412671534 0.231229149074746 0.48080247763498 0.152188985374299 0.137387837068653 0.270949089585914 0.140651834421796 0.00346878586216708 0.0713899974151178 0.0281848844015266 0.388156922249983 0.325793901404907 0.293030578378277 0.220168408551606 0.363800327380941 0.306796144369965 0.314534719086434 0.36410251198678 0.374115289683591 0.308358040632913 0.360276070696222 0.244639246212828 0.373367821209645 0.372401431611576 0.353266936741295 0.356275858888853 0.412775263087973 0.277456870530335 0.478615584284487 0.100360301191833 0.27515369667276 -0.0370880859379794 0.647649845271985 0.35103055849167 0.427698083599648 0.164451663959297 0.375007221543276 0.259864206007265 0.254436926897044 0.0910985997251973 0.254115411558619 0.129070841193896 0.286883381091501 -0.0824054286169765 0.24995908428537 0.208938941583311 0.178874687350254 0.0561538250027281 0.301854923248303 0.261873240310633 0.421838022142229 0.319360782257732 0.601811281612288 0.349654365322545 0.151763059638246 0.308759190355973 0.480596438877062 0.268283699882854
0.559994529063226 0.435123119406814 0.449686557243741 0.599716486155351 0.355186742288153 0.300024113287286 0.500918573748087 0.50768024047714 0.255370496611447 0.415678644460797 0.391927406072008 0.633559039897019 0.483566378605377 1 0.535014421812552 0.533206304923433 0.285713655425946 0.415590210108299 0.59198327645909 0.611564531564411 0.107860071754659 0.0524424977752752 0.444271647584514 0.571416616850394 0.123811311568522 0.267273479430544 0.0549752486901122 0.248961250451255 0.561578327286476 0.611872572455902 0.484051944718408 0.609896667024732 0.584760526409731 0.630569378257416 0.194792976130504 0.32453489397049 0.287271823488848 0.386713663715169 0.301930139575563 0.211121194142445 0.161327735454435 0.124177468508182 0.504369632218156 0.527711351682425 0.427999007922137 0.467035589513331 0.492882079104525 0.482875674899843 0.492819161609583 0.471799916017649 0.588685166608516 0.522297238558082 0.513956209554805 0.482173686463362 0.504257490898406 0.490628721391896 0.387971266124117 0.352670400213431 0.432748071452412 0.438032862786754 0.593015651435299 0.504646921795196 0.541164880525105 0.554451328502392 0.247117586686228 0.42322174223083 0.397811306631499 0.419670532478146 0.268704325219251 0.398920933084748 0.452326300656929 0.358244851500344 0.409518078100763 0.238772991786871 0.209790057165215 0.214548459822488 0.444364820999591 0.506563932926445 0.449032474955469 0.285866623974519 0.562579424955695 0.580011299362003 0.453534762566247 0.508371220742581 0.511840264537353 0.607607970765195 0.195836009133756 0.358924803562493 0.485728681096714 0.378704731983611
0.522194243817328 0.330015453181269 0.695971450525531 0.386579342426223 0.35373586988632 0.197454679728142 0.557029596869034 0.163132379053403 0.41376993578751 0.305004292839288 0.364301500609708 0.111688662525906 0.742427555630521 0.535014421812552 1 0.563383540481013 0.192082414582559 0.102726151327143 0.435189568938259 0.383559964777655 0.0532938570565673 0.0267376343979609 0.725424095824501 0.614921282399508 0.254841313970354 0.371714397387462 0.0225778175481736 0.243141987149227 0.380746740846713 0.184051654889231 0.519171992535386 0.526157008062183 0.557149329334366 0.342444338750946 0.578433024876086 0.339721240651107 0.196403957581437 0.456603056435444 0.264735680087838 0.0892094922779999 0.243448729860275 0.0657229691809859 0.397437515978138 0.360773434162116 0.270436057324288 0.231159632267082 0.335097520008599 0.314718277852817 0.294722229664877 0.352378593607921 0.410123689021443 0.347317686204005 0.454152161063924 0.379480936051075 0.387156422628773 0.346521018681317 0.383482949531846 0.319029985538959 0.368331857421868 0.285860931070285 0.411857021780572 0.123120163220749 0.24453079713009 0.0382390407644936 0.576626689582077 0.345041262391524 0.400158904704895 0.197949943787637 0.31150500460104 0.226677416421201 0.33244988417666 0.154796022263589 0.312164164045267 0.212293271499134 0.436778387551246 -0.0144083143804466 0.367938296150689 0.304053266694656 0.30864490236096 0.0512325066471058 0.343267216290136 0.259571522927533 0.388954590987071 0.336274870896623 0.567176316913913 0.36338313574873 0.24022899418427 0.437358807710308 0.428527871046509 0.239141697322444
0.339697966574556 0.298454098354265 0.462251936757576 0.432150410136129 0.409083931976541 0.552033838738195 0.42579600475075 0.309819723659292 0.539349969018304 0.616809328402688 0.122106779906623 0.195126624392805 0.511222035148549 0.533206304923433 0.563383540481013 1 0.130235710626584 0.10325142356558 0.352061305823958 0.331636646120535 0.032386066579516 0.16510375595417 0.606176733616629 0.568365533464854 0.365670441781879 0.339439395490033 0.38183628139672 0.490412602154969 0.259430672149894 0.265953390651843 0.434050722599634 0.544378455828681 0.485262175025441 0.362885274668046 0.436742884129248 0.427226199182049 0.471228203427441 0.383504831527464 0.130180886148193 0.213355147724295 0.241129555163552 0.177945744115709 0.441779476764484 0.407941338970383 0.289123322189 0.282883874601849 0.339938330253826 0.323968786146203 0.277889016842715 0.325279796100243 0.412411603495808 0.384916328992483 0.363463773710272 0.393258729419448 0.299423801881535 0.383799757282729 0.257785648709305 0.196946870560515 0.30328872857928 0.265756395388534 0.450706614487082 0.370922054445883 0.12010057515794 0.0538743998101043 0.497468999014116 0.500019738568423 0.456711811866076 0.319301187234413 0.312792801346612 0.142700445442543 0.431260198146339 0.320391529212541 0.222273692251854 0.145460099004158 0.345563153820022 0.0791357414347311 0.356242520027977 0.328394790128532 0.172007478909994 0.0312446760611492 0.275245195438998 0.231259883272935 0.337580871179136 0.288824494778101 0.385542471956977 0.336262494721426 0.206197229209477 0.233068804658463 0.430502031130078 0.397932121292783
0.59641530633842 0.682135214268829 0.224243165542012 0.307222700533735 0.255598433092079 0.125013393115671 0.0977585238437291 0.12808540351529 0.1781352786349 0.163533026988693 0.478387150605332 0.343729548072287 0.188615588195346 0.285713655425946 0.192082414582559 0.130235710626584 1 0.671611115912815 0.573432194390631 0.509544203607023 0.125939955268899 -0.102055729148157 0.109474482265011 0.148009120569684 0.232718826464977 0.236123461910695 0.125349268616172 0.038155414744787 0.527882796824447 0.545016076709157 0.187589663332302 0.188992989829407 0.333109124560474 0.30217289844999 -0.0229103160254448 0.0758915835038064 0.246655041277591 0.29490713648687 0.152138867822652 0.0157709054538726 0.0528859126717217 0.164758671800565 0.208378467573789 0.270464413534022 0.310224923035692 0.346302896110033 0.355990174618076 0.367693653160773 0.372660634249693 0.292647291204748 0.304033774926507 0.22202210953104 0.268910963337144 0.201783580092364 0.340603737705034 0.392356368384632 0.757111351134014 0.673484624949605 0.419234331386188 0.326079324675069 0.275698665263606 0.106000829584952 0.463658579455329 0.372107255453267 0.00469529270495686 0.0367694234051478 0.143429162337975 0.176829375518735 0.310903609840479 0.457962359360677 0.176674856173795 0.191046004049645 0.361758295430387 0.39804445061945 0.225248014828873 0.243381720943725 0.0566084746848113 0.193838280246598 0.386897468159297 0.302965688909611 0.666337363906637 0.558424554867581 0.234804355587981 0.357574302423329 0.339994740758643 0.349032569609349 0.0306006528778103 0.159847463937746 0.26936842797303 0.163304361379108
0.578414179608965 0.659259565789076 0.165488514279492 0.398581692701893 0.393847662357449 0.275362508273693 0.163568027187973 0.298036410433649 0.183769790625493 0.241999616220327 0.429353053887766 0.503728030604326 0.123551530407079 0.415590210108299 0.102726151327143 0.10325142356558 0.671611115912815 1 0.639979965802667 0.504100936981393 0.279519952922297 0.066420107739114 0.113599895070319 0.163812175417516 0.266305596512313 0.23714949171691 0.300121581166251 0.137239539016596 0.48834690654832 0.725341882570778 0.299815236310255 0.236267922745155 0.346116855192656 0.418737726695124 0.00959031389594874 0.263889431779713 0.312666971732714 0.203073210444211 0.448339764579115 0.144719146830475 0.147874049769151 0.271304187614396 0.394015653731102 0.431751013263526 0.490594164214355 0.50856597133627 0.515491100554672 0.50446757894738 0.512294901580897 0.389504310413775 0.474725508666237 0.371387594382513 0.399684727075602 0.336535064105596 0.547650210234798 0.521763091204442 0.704823010282265 0.637868442355923 0.437119007595421 0.373787318062372 0.409296234431053 0.176430511389997 0.687792191212828 0.568300284337524 0.0188503664006646 0.159220522056438 0.326206397828221 0.360413662266738 0.285425888885484 0.56147310202686 0.276293315262521 0.365186239279978 0.464719107487003 0.284660331289964 0.166420302923534 0.307318537834984 0.0738098901731692 0.410229467563496 0.350230558443624 0.657519996603761 0.747248321199819 0.78007879370391 0.349791961901772 0.42544451907658 0.40838364793022 0.516654645187384 0.224788543010051 0.144188868329726 0.395627676852687 0.351765450257811
0.794309276362568 0.655800428875303 0.512095668693586 0.601636580118646 0.408229278833739 0.306192515494852 0.533842134040901 0.468209891307855 0.301439013012793 0.283080501631257 0.649404417857343 0.604546810097261 0.504461411520276 0.59198327645909 0.435189568938259 0.352061305823958 0.573432194390631 0.639979965802667 1 0.699667710863121 0.17295215785604 0.0217573782326781 0.370335324170395 0.315439818190002 0.217025074698782 0.262565904563273 0.177614549487715 0.175307562238223 0.659766454631368 0.673136895436201 0.510539484058952 0.443683884916424 0.632586332259344 0.627694364538209 0.210268365338015 0.30709591576528 0.247420416229219 0.346369540181207 0.323879732555691 0.089489400488597 0.11844590770433 0.181566681466423 0.560005993876553 0.589846699880395 0.479899476453597 0.529433038063924 0.598372670350956 0.575752449687342 0.492503893332939 0.44708136257766 0.544869807043422 0.461764206995324 0.501242744718997 0.430960567261129 0.644146304976956 0.634859464722398 0.631908347515214 0.521576480586446 0.505037957176587 0.479371252542363 0.637129158326907 0.33072741755385 0.661077108970279 0.555842508099607 0.253727844782365 0.35239993294543 0.427797287615089 0.460396504213148 0.300701657648619 0.443651422191889 0.436910401952021 0.398085858191969 0.491905774796279 0.454390271513624 0.262146823906849 0.280006619763687 0.377973376205772 0.546909460521246 0.3703371984184 0.422207979097267 0.653845515356764 0.601766120096053 0.494024530643358 0.409551843705627 0.533169929644684 0.499921109535376 0.131973194350586 0.1776230480035 0.560611124049711 0.309178461513387
0.655990786242436 0.637831783241419 0.384742759287222 0.588174710528975 0.274588168911178 0.320990116172392 0.422517967394567 0.424089685396789 0.155654845190384 0.190556779771219 0.465219627591112 0.625337513145041 0.380887333108032 0.611564531564411 0.383559964777655 0.331636646120535 0.509544203607023 0.504100936981393 0.699667710863121 1 0.022851271325395 0.147893201033027 0.308998305401003 0.295633929707365 0.206062261508518 0.14986355019755 0.0804653428621858 0.29477038798395 0.603048790448327 0.583641527422083 0.385211121431267 0.360405596631884 0.517847856791693 0.560501285194805 0.112002100383191 0.259399221470789 0.310163796889609 0.400162519152517 0.201362591466745 0.165793375878516 0.110663397776793 0.0788434621129407 0.456729670133511 0.485529665448614 0.457830516449363 0.525327755611909 0.532525167168251 0.549152630656928 0.514488176832391 0.504901951249822 0.535305309503374 0.494438573191393 0.454395984621097 0.4687637346626 0.5478383494467 0.568546881728504 0.585178832340049 0.50843612150423 0.465011188451045 0.453085391380815 0.4816887289816 0.324337153717512 0.505973386894048 0.558019802197063 0.0730458780377081 0.206137019078645 0.340578426173647 0.371487401077514 0.410057760219995 0.512774437394118 0.44591712395357 0.370551061567027 0.377686760023311 0.412967349981626 0.165705871620067 0.227599856605115 0.283519742940167 0.450124033154094 0.46711286129571 0.263263059388246 0.604071403478155 0.554400569656329 0.346046318230889 0.389772945860707 0.438153906364852 0.487334679998592 0.0484260986847232 0.235552995512557 0.38792859069799 0.238003318467215
0.0946465332888121 0.170279216464454 0.113827615880504 0.110636839011808 0.343704619049824 0.122023353965478 0.0386436342084467 0.124680699163424 0.275791921876607 0.205980792639261 0.094986339345645 0.0155854477418475 0.0189703260777404 0.107860071754659 0.0532938570565673 0.032386066579516 0.125939955268899 0.279519952922297 0.17295215785604 0.022851271325395 1 -0.158413612310918 0.157891733283244 0.101171819188709 0.216369074244409 0.291893019200826 0.28623069019915 -0.126487717501847 0.083397238939606 0.19290564843175 0.234543779732571 0.240662314202901 0.167941443687359 0.193196218278395 0.0915206318419825 0.217360731720543 0.173567284681167 0.15718742573129 0.362011863345446 0.0988984184297987 0.0593377615926755 0.281178314124953 0.184966278353282 0.218529393120094 0.152216077909797 0.195155576187211 0.133247044863518 0.0917847672588653 0.14581538673341 0.162098641282126 0.187280896410866 0.148833011370834 0.219729237935274 0.0594377612592881 0.198362143142056 0.120052895653111 0.197367746191781 0.166320932527639 0.169956548760484 0.1858402681976 0.234529580228492 0.136651289164767 0.209633197235842 0.108890552871364 0.162879556241166 0.250194810935943 0.191101162681365 0.244015331884557 0.110224023205627 0.126162663883964 0.0577909869939857 0.126062270659533 0.254527400823422 0.0537117157443541 0.189756441348685 0.0735155907077604 0.0811581168115151 0.20220088619236 -0.086771216154736 0.149918960468006 0.0997153342229437 0.197320610700867 0.270093683154168 0.168630825087139 0.148608628696857 0.198102688591484 0.149259611747987 0.0932239282032731 0.307357799455586 0.231906097663673
0.0596667541358749 0.0559868160134987 -0.0185159458840679 0.0870865268201624 0.12896777933069 0.261324971023933 0.0510773054504262 0.0393776949317901 0.0520680853083735 0.155257441037125 0.0194535245867865 0.108815849826592 0.0579704499358627 0.0524424977752752 0.0267376343979609 0.16510375595417 -0.102055729148157 0.066420107739114 0.0217573782326781 0.147893201033027 -0.158413612310918 1 0.0511268727542909 0.0322921541189674 0.0865786644610593 0.0854939149834296 0.192835736509964 0.478902363361629 -0.122180178989503 -0.0058665066145528 0.059424691644157 0.127948807176585 0.00195209791903355 0.00900190093027447 -0.0232340449564618 0.159246772001607 0.171064777845961 -0.0124481823043549 -0.0777201331776722 0.0895796950739411 -0.00319231960804908 0.0314384309704184 0.0528050064898834 0.00661954412845923 0.0716234010191902 0.0283052137399849 0.0300325916211437 -0.0236778914189665 0.0113465040228852 0.0351157948840971 0.0905178428266274 0.0264698208884708 0.136499694921124 0.162523049942653 0.0856002979244568 -0.00481635063030812 0.0327481013121836 0.0437038436675895 0.0406274757903345 -0.025080248100914 0.0581794496058353 0.107213735725524 0.044033004491614 0.0661149152083046 0.0140319302553372 0.0350311645553878 0.116894650537934 0.106430641892511 0.114160774292376 0.176656681838294 -0.0234076263662652 0.140264983049744 -0.123417703529694 0.104632634323282 -0.0463197566895801 0.0491606133505124 0.075504881246725 0.116886660726991 -0.0223637804781866 0.109032465526394 0.063280388673417 0.0753483353947579 -0.0565449598601264 -0.0986563605424317 0.117008710230503 0.0674482581981303 -0.00655462406332358 -0.00100489721496298 0.0524158426095976 0.0951627880836681
0.469092215143057 0.339736254026483 0.828281417161056 0.501092165589338 0.461359942111116 0.389508500633421 0.624006950845145 0.29552112226749 0.558026545745962 0.45555477911649 0.182645977046112 0.0686453933631038 0.664566193053738 0.444271647584514 0.725424095824501 0.606176733616629 0.109474482265011 0.113599895070319 0.370335324170395 0.308998305401003 0.157891733283244 0.0511268727542909 1 0.765885278597242 0.492778259932559 0.553066723096403 0.221928321046024 0.340773405185161 0.24160714079987 0.146078244917786 0.654259814601991 0.708337353968888 0.587670719435897 0.352022899517713 0.610422543804217 0.440510258860616 0.391116554569061 0.407676883357993 0.30531652331746 0.203474544383282 0.202246591081624 0.0703788657858672 0.493480298047714 0.490487630368668 0.330329265043828 0.283890850622202 0.372076740757242 0.313216405577643 0.275435874614193 0.429882066525151 0.469756696333563 0.421211879798543 0.529112000776991 0.481923602964706 0.459140696224534 0.38265493530667 0.316518690076164 0.271545105111533 0.410024017190748 0.297119123018898 0.426519376512347 0.221490985105972 0.153624156066527 -0.0398384121164594 0.801550649767901 0.560253414302243 0.556607048015468 0.335701801764882 0.397235193189546 0.232369548507481 0.417194655256526 0.39186931651325 0.389261943188631 0.255211414064335 0.44449877619824 0.0937412185899889 0.422643237505369 0.281448410905487 0.216453215794227 0.14438863776365 0.238206982211726 0.263354540902508 0.365687332510822 0.301251695662572 0.558238118129117 0.427915350451361 0.338759063018575 0.378887523544097 0.515713138572297 0.404755862286846
0.360512039529406 0.341360455216784 0.589513530618623 0.538920902495492 0.329325173659214 0.386492952370285 0.355814981607543 0.327967283130825 0.293740006574516 0.51298733508532 0.110268907175863 0.161696030955985 0.420852098314699 0.571416616850394 0.614921282399508 0.568365533464854 0.148009120569684 0.163812175417516 0.315439818190002 0.295633929707365 0.101171819188709 0.0322921541189674 0.765885278597242 1 0.4196073182382 0.54257037709743 0.170128261520641 0.28489811747692 0.27588197898644 0.308398546893933 0.507160288547736 0.736092481592319 0.461261942034434 0.362668255608501 0.505823418205505 0.486814010078433 0.420890040665631 0.379499874151571 0.307663665945659 0.124883568674274 0.15962933531942 0.0587344249752995 0.435751149408804 0.453440634256619 0.341822906714683 0.326350910392989 0.353650594593788 0.310048751190304 0.296084873926778 0.44035670706885 0.495711062132053 0.467887888420898 0.517780742596815 0.499335755707776 0.452035825941073 0.371779051373858 0.28628378607193 0.293123037059065 0.358152355185616 0.313420510450589 0.311131890018546 0.333887806435098 0.137565537915166 0.0596660924051564 0.579484531536762 0.587101680649217 0.47966130656351 0.403063771930845 0.314273579093278 0.253194995404283 0.361484174948758 0.332260319835309 0.387859849582428 0.235562277974857 0.271112643381577 0.153775356013508 0.336173551045013 0.319487262643001 0.309302062808056 0.172726572462781 0.302533643853331 0.344582953418809 0.328979213051125 0.380290522947926 0.477192385309295 0.510501285478238 0.343449368134274 0.425427207606344 0.433787414323557 0.463228431007874
