1 0.872651660640481 0.602351004741743 0.469417177034762 0.485993980566631 0.349193044503574 0.705418108995347 0.488748574235139 0.514060456070386 0.220996626847008 0.669756900372956 0.518907967041085 0.620305169345211 0.471682587697926 0.41571827651871 0.350905108987515 0.755370924839464 0.737574822226176 0.780708748477886 0.654923490961734 -0.0603019013606247 -0.0612558657010561 0.413862516114118 0.081327705967604 0.440047526026012 0.323534741192517 0.11305519151325 0.0968337720248778 0.698171489720721 0.717341324693577 0.613446992019309 0.455644952001888 0.727271394660982 0.616436205261047 0.00800678199246724 0.224504273153704 0.398074772567624 0.455844251140938 0.456501594062279 0.402633000668932 0.43816466854792 0.387142136219629 0.536015763363307 0.584862241313315 0.609840755245336 0.540121803445879 0.562525083927965 0.505972179392951 0.603109010542072 0.541088348980713 0.68404179591099 0.620648643870742 0.45253637001773 0.467254539716215 0.557469094667993 0.596636484757928 0.805658568209649 0.756857068578092 0.739803942307719 0.646305533656038 0.721287356320701 0.330828979328487 0.654840117543063 0.590220358059772 0.18983272471305 0.161409292073516 0.450857386653384 0.475000575038914 0.374465786508209 0.437471735807811 0.657886377527878 0.685982284930747 0.645376779776801 0.629950736650055 0.098082895060796 0.451593935523452 0.447485206788932 0.518056243048462 0.454790589765433 0.570969042557756 0.692878059001996 0.574705336765502 0.386172863835961 0.378604895306154 0.586249341603783 0.554991562456178 0.290888725634762 0.0511359296925169 0.634561846929605 0.567796763482011
0.872651660640481 1 0.571493481726917 0.585672993674953 0.515029731879706 0.386632872770515 0.664740068753722 0.635465261283582 0.473987969700954 0.365921944395538 0.45224899227189 0.510324363145771 0.472330214484938 0.460560212631487 0.295137025674438 0.33775873594441 0.74077676176934 0.80527664742995 0.68450785920422 0.679854310381452 -0.0997043125883208 -0.000244120364737397 0.39676228496824 0.196382648324826 0.454118942432751 0.436246591956392 0.114592366725739 0.180378086214856 0.562815786912078 0.665790971069058 0.51817817012393 0.480819441048116 0.718412498062581 0.631354793043969 0.105090815337856 0.345801501595743 0.392129157565646 0.476562579249507 0.482489315496932 0.427530856800681 0.441350336994726 0.387300013926208 0.544431312203301 0.594962770648087 0.654980412037773 0.561350740351036 0.586210527105223 0.520516909563157 0.609608285998509 0.579231384355064 0.687130817129142 0.667409440471909 0.491194953219373 0.538084799664483 0.62104964372051 0.635970336671431 0.85854969537136 0.838679055708522 0.671271073039604 0.695956950159549 0.635186386306828 0.420849699518027 0.517109056243861 0.584063879990588 0.238713310966014 0.314558423064937 0.480767993427828 0.544301125963532 0.533202158251579 0.607391303038951 0.64878696166725 0.684274681821428 0.616462682476903 0.700997715833199 0.0284258954282869 0.441354231969325 0.429231242177617 0.545658836621732 0.447201005604702 0.62710971832786 0.765197810691867 0.717856770739613 0.398779268427439 0.449759533302454 0.583355507343763 0.671517379428696 0.277787956928651 0.126768030904948 0.507688978206793 0.634026954566585
0.602351004741743 0.571493481726917 1 0.638594460408733 0.613368940838587 0.350496409531 0.8363603029671 0.476761992871125 0.729837095493288 0.346300913238956 0.496169586170063 0.2007797793216 0.622900685143691 0.343327103498564 0.613447997694044 0.383257383570945 0.406676643254201 0.438972929331758 0.58060310656694 0.361567081733739 0.014896305836548 -0.0362218769932245 0.868624030103491 0.435651952537033 0.663234687746982 0.551172889691575 0.423994308170066 0.358765905403967 0.366397738738811 0.388907939436177 0.611989243938862 0.603810666614962 0.724982538399106 0.464572740783516 0.450424838074902 0.396664661574774 0.433965223190234 0.335092368475172 0.33741952249672 0.166042759140497 0.274946963462135 0.324819868526834 0.321632684967579 0.406424327913458 0.427701626705671 0.341524324382849 0.367612351235828 0.413130849028581 0.369194785222407 0.39959658393613 0.501359415779246 0.471930344834519 0.441108254799304 0.460449108756562 0.432486945552088 0.501890280788737 0.524521730769391 0.527354908097566 0.437794437580723 0.471441168386167 0.702177733356404 0.230974731286561 0.437900130154975 0.225394313496231 0.739772897606016 0.388544922607765 0.685917084098255 0.551914188906362 0.345400972265956 0.315353018379454 0.610219413723571 0.580058002473839 0.372608439555149 0.422427483577987 0.0968505264935526 0.252888028881502 0.173288444242983 0.450963603775173 0.233222821652385 0.350259121039869 0.499786267007908 0.482599054307386 0.381196275040647 0.197696731148259 0.820723682494083 0.584752053254663 0.472582157752503 0.258416434070123 0.63170890647991 0.550198269777013
0.469417177034762 0.585672993674953 0.638594460408733 1 0.534572184858389 0.56598051882701 0.655158197178135 0.877669211474897 0.433134179895711 0.656422566985367 0.120057400410815 0.461077140077868 0.145931826147229 0.347011005134751 0.176017617701922 0.495769453641499 0.392976489972596 0.440353071442116 0.311910267212404 0.271693350265375 0.0222130203752737 0.059545371480434 0.561461628289107 0.655320793684725 0.394265423643408 0.65022530668911 0.232195574837668 0.289912340011923 0.246307219614484 0.393076285024938 0.514562966634543 0.725856351853992 0.659887135564045 0.705383970193388 0.373916382685178 0.575110933263429 0.326871987237127 0.435554467865564 0.182159959499301 0.24553969552308 0.222397034464985 0.313618237442612 0.421086472314397 0.510780364728992 0.541206810035728 0.474644504147607 0.45582422448455 0.48162523224046 0.442459232376872 0.511785767901205 0.52437161688884 0.549078449102374 0.488841321232861 0.513419921376936 0.558627624620903 0.577333973391459 0.533513448970744 0.476427496841441 0.472014048442078 0.580850335762879 0.618050919051008 0.698050131956263 0.390670497952204 0.350921344241691 0.477149861479164 0.758438006870426 0.618006994935227 0.717478278779353 0.324907859853451 0.333288794100883 0.503288225332311 0.590369970601972 0.44668783319858 0.497480375419321 0.14499520274292 0.319221101599587 0.193826065207914 0.47845970947131 0.229147596268043 0.344952470810956 0.593437753041926 0.618132486754195 0.192698030958903 0.291455026322062 0.47797756169541 0.684660190870295 0.255810575096751 0.295915284160426 0.384839919225274 0.769832556988509
0.485993980566631 0.515029731879706 0.613368940838587 0.534572184858389 1 0.375206157548564 0.687726345869672 0.51985711912702 0.659306914682375 0.387627706539015 0.390037837363935 0.429930600058862 0.501259466860732 0.450768211566165 0.489828149369434 0.43519554052105 0.319374857450958 0.317295746891623 0.355022647474917 0.237873999752468 -0.0313930129025349 -0.0447589981211673 0.527466360023666 0.350225940949568 0.3512214561892 0.357701343389181 0.253923819782101 0.209991440854571 0.281374480680546 0.299238854478331 0.385837806719431 0.394575974818494 0.579728733123484 0.404999471421127 0.249478738776746 0.326633353764198 0.225509658465839 0.261681899855388 0.170374937665856 0.140503095149702 0.191519305745321 0.201930475147543 0.319258647606529 0.341043526962063 0.392972985066907 0.355152311284667 0.298519697854001 0.376687964806372 0.356202577378742 0.377173033359766 0.377874595846488 0.411067047994988 0.37267853885807 0.405409924973855 0.404517028938546 0.306131820076722 0.397832900799242 0.33194286124652 0.366058663769069 0.408615393196071 0.606994644796782 0.43361765377095 0.358240796456771 0.24034907110324 0.357213065710854 0.442489331104961 0.414730730484176 0.479550169631833 0.258397860512485 0.283786756372063 0.497790588682712 0.466309120804522 0.344802622945825 0.353451156564274 0.152522651437391 0.157542370822101 0.201246216370159 0.323860320732958 0.112382322724583 0.283481222255627 0.402580997261923 0.399847040135879 0.331271177508851 0.307047312578157 0.537455614566105 0.497325076016638 0.295175708901945 0.202321949891388 0.461310250682103 0.515058147392563
0.349193044503574 0.386632872770515 0.350496409531 0.56598051882701 0.375206157548564 1 0.434546728021768 0.61244246534916 0.30004114645379 0.434175567780906 0.153106904528468 0.409302322843773 0.205325945304916 0.4224517611012 0.142535945036648 0.616031240594991 0.207606080919424 0.335106429984351 0.142501849850125 0.144130040046988 0.110840314113466 0.155685637966146 0.318447483996266 0.517226582681248 0.315885862262142 0.569240940391867 0.196740800578566 0.246988078835547 0.245190937442302 0.338201572719782 0.450814666262546 0.533102986171118 0.534833624510144 0.608154752640292 0.295868979790162 0.566944100759426 0.245748585676724 0.329057660752049 0.329091217684258 0.290584033304851 0.181491967484 0.296404899821283 0.361419982103098 0.369592971374091 0.459781242902635 0.381568346204487 0.373329528839573 0.42050017635939 0.397896362629828 0.433240389040134 0.488464698282289 0.419956423013016 0.522897541144653 0.4625855750563 0.543832226410495 0.449361707463767 0.337481347291805 0.288968179623091 0.384809039090806 0.415999168376176 0.473107990867563 0.518819018665591 0.40022316857305 0.355184324046248 0.184446868310347 0.459911090876503 0.483859375163158 0.629161340395564 0.215371496223359 0.209389371336013 0.459049280548878 0.533093592864971 0.382728175378978 0.430027011983569 0.235346584205907 0.262468481862352 0.16852293229415 0.36681158080405 0.321107364355379 0.280073393802908 0.492869929362259 0.441818271461319 0.206346789952525 0.336392324537981 0.36526391443384 0.556019756470516 0.14684581812431 0.291750951138068 0.339387276828798 0.702990491579286
0.705418108995347 0.664740068753722 0.8363603029671 0.655158197178135 0.687726345869672 0.434546728021768 1 0.653843268392875 0.798027028016783 0.470089391403194 0.583861783244501 0.467465590581893 0.565954319361045 0.330329013022613 0.402705792527487 0.302393697709387 0.46172621921813 0.527129677178535 0.532385427694953 0.322705425147809 -0.0501466757047701 -0.0698795030675818 0.614767087642201 0.233399711865155 0.564707957097939 0.489154991233553 0.185649532348503 0.105772460882995 0.420320978950927 0.494255993022151 0.607877366048619 0.496757259770774 0.75310319092837 0.62395815991958 0.248501448781145 0.375834629261265 0.381538093412485 0.331798183750909 0.314583261912302 0.248509744819496 0.334510260375413 0.365496740444944 0.519396844615807 0.549240676809172 0.592865839102947 0.530656785641426 0.55521342952349 0.578837413886787 0.586046416838899 0.570324909078393 0.655725799501425 0.649787191977744 0.540671849122119 0.56208462065983 0.590427328627398 0.593708204318861 0.547010598024181 0.502262297404329 0.604828044842843 0.600753754490737 0.803653485263208 0.450646689822454 0.522864760916999 0.397720790064974 0.513285804113068 0.42425260073198 0.577121444161685 0.569662705430786 0.29545143789903 0.313613900214836 0.708216343473558 0.696863362602019 0.530211500066739 0.568796060022299 0.111371156406678 0.356753993718005 0.239715416858164 0.473548330576882 0.239715213008673 0.425086102125942 0.599877144693769 0.556692178972753 0.18454646821897 0.209635403514727 0.620576289365506 0.540954050489973 0.182688828589432 0.00516463271550198 0.629836318484802 0.579408357326343
0.488748574235139 0.635465261283582 0.476761992871125 0.877669211474897 0.51985711912702 0.61244246534916 0.653843268392875 1 0.457850694954871 0.779310626444792 0.175578588539852 0.699398369361958 0.129826031360129 0.364676507876676 0.0244270374001879 0.425059585845539 0.385385524876989 0.472328368199207 0.269831357551327 0.216312165459977 -0.0609367370702384 0.0477522324534514 0.331080370328263 0.456515667757258 0.303742572979853 0.582556165817432 0.0230355703693989 0.0759611110200412 0.21742475176819 0.407294236718449 0.40925817038189 0.547570099768407 0.576203737356319 0.706834584872274 0.232145057240035 0.543002151249143 0.24755168490632 0.385033827936248 0.258848565726361 0.314857689098509 0.305816604746879 0.339290525910398 0.480090998662452 0.534028931980086 0.574197596565932 0.524862991002732 0.505077131025867 0.542091340230536 0.496488567375161 0.549324474066271 0.564734577809495 0.599635526390704 0.501161802636154 0.529762475223228 0.616500890490754 0.573674294300469 0.499778498795404 0.425928709978185 0.509183686435725 0.628730361378387 0.636829869957257 0.844951280842285 0.383391363457522 0.446412025446663 0.302386594957658 0.778626088138485 0.485997964870867 0.678516471452315 0.262284392815165 0.295361148577681 0.514522715660513 0.600819769151703 0.519105170212287 0.572564554715391 0.102720095172046 0.339899178062837 0.200213852667261 0.486009705629883 0.231909227703604 0.367349240202467 0.614066792601082 0.606677605500722 0.0224858910092317 0.254267748412749 0.339133369016503 0.602964989065837 0.0160850490270581 0.105752432682106 0.36753209976178 0.781886755840775
0.514060456070386 0.473987969700954 0.729837095493288 0.433134179895711 0.659306914682375 0.30004114645379 0.798027028016783 0.457850694954871 1 0.553321926247378 0.586489960825433 0.36497059901999 0.632454211952352 0.213506992752512 0.502730679480248 0.25857439121011 0.354255378011475 0.324058960395874 0.352456479248333 0.218589299493288 -0.044192072230992 -0.120205889676401 0.58433814116744 0.205114152466288 0.470260491945073 0.408450239505887 0.244289784556403 0.0937234837224926 0.194800443885467 0.207823940779254 0.30473953485599 0.271100434729342 0.486303310443936 0.266419718846646 0.292375507512942 0.168273863342226 0.347280066131532 0.302638092501013 0.261466675306635 0.263603165131242 0.254026318357175 0.275941364160264 0.241440693809866 0.296576102052446 0.256366790967373 0.219978793381176 0.25442463703793 0.343542967623953 0.245723814222155 0.281365200065225 0.384161142407622 0.380267900653439 0.321860357584211 0.358770296032882 0.344047645825489 0.294799247390604 0.409851856310869 0.375518815304168 0.313825295754909 0.363855309121658 0.654543037251414 0.297979248935044 0.233043584073975 0.0953973426799876 0.572268469508988 0.404400108824449 0.341056276996466 0.263925014552356 0.246050837625925 0.237724131854265 0.497734085506884 0.504765770879077 0.408281617112678 0.377217615264673 0.0278705234783285 0.261289585991212 0.160595855510656 0.386459581374441 0.148570999665764 0.252338717620673 0.394789359056951 0.358653184352873 0.145768052926885 0.0754423244022452 0.542129016162052 0.314560247770969 0.239673665929196 0.0448156275475317 0.619249395279782 0.451725234805681
0.220996626847008 0.365921944395538 0.346300913238956 0.656422566985367 0.387627706539015 0.434175567780906 0.470089391403194 0.779310626444792 0.553321926247378 1 0.167925809689317 0.561827490680324 0.138335645219357 0.12108302396585 0.0483766870422619 0.312976581921792 0.190499118459422 0.200304224873651 0.0618008430782817 -0.0166268647640327 0.0140180321192551 0.0492518238466739 0.256227400323413 0.410433561262666 0.240445103755139 0.488698496856081 0.0380345918557967 0.0753220430770594 -0.0475007228672433 0.0239338179870318 0.0673194901816399 0.25181355769106 0.2758508061896 0.346751614556562 0.309450244630115 0.37450185456881 0.200471966368871 0.258738682336609 0.106754507410331 0.256579411903487 0.112050035015744 0.198793838933636 0.303984129615289 0.373488502555614 0.319083770939968 0.291779876693133 0.28695230258 0.384556375558206 0.205918852000521 0.29069467976566 0.284270721240135 0.345287697502362 0.265719932037432 0.366430930093525 0.351582672823934 0.308448734824443 0.323139694608 0.231175896039471 0.154899832179666 0.327921001049152 0.443444492575184 0.692036535958195 0.0115338939390299 0.0494858699617496 0.402811016135173 0.761150793349829 0.273632819946039 0.378126702065859 0.207841467824898 0.224520346250344 0.31787084346843 0.367664519017885 0.347127364909538 0.335968723278446 0.00777911954756116 0.221337882763049 0.0414618453709268 0.376677782693103 0.115361448355443 0.155103523585765 0.352838957743876 0.339949660015667 -0.0782022472574618 -0.0110367294665501 0.206290138996818 0.313133229374335 0.0384497073331319 0.0809587292386773 0.240580985260104 0.616867489108353
0.669756900372956 0.45224899227189 0.496169586170063 0.120057400410815 0.390037837363935 0.153106904528468 0.583861783244501 0.175578588539852 0.586489960825433 0.167925809689317 1 0.459443842595731 0.855792627032163 0.394985529921152 0.49280095283253 0.201507917763906 0.441470175393625 0.378279173596107 0.596780861763049 0.384921589905999 -0.0474395555385188 -0.207476617256598 0.304358680549184 -0.0816442017849385 0.276251112758446 0.0876505783926408 0.0859792764026326 -0.00889626424465255 0.473223204240417 0.330593000487156 0.294929734283394 0.127637086110175 0.407023860868121 0.235706292527622 0.00534146031003433 0.0257302855436731 0.145939158309885 0.14483397835332 0.243573808541331 0.182212635027253 0.112936153163231 0.149820189056426 0.263422433097245 0.297824871949044 0.273757201053735 0.208324729215192 0.226921381062318 0.25175219553401 0.221924858370788 0.177790430147446 0.337740284160453 0.274896060793974 0.155318469966649 0.190705615179858 0.218649062747811 0.208116739617155 0.366295183326082 0.345562196042322 0.39222341190838 0.333697355623168 0.675760742743846 0.171066316720576 0.43687875378177 0.251371283041564 0.257553765795262 0.0503992112804722 0.20641419201441 0.153024466733102 0.0635843090001367 0.0773271431877034 0.424779693209962 0.402024391153148 0.441350399906669 0.328293842774019 0.0512942691388861 0.277863177158015 0.263120331965635 0.344500841558953 0.202530151952417 0.305763065947453 0.28584401493311 0.227251534728748 0.205279335527907 0.0571249490745028 0.446767214891287 0.146941798186139 0.116642689894777 -0.0825986359588625 0.600206610680031 0.303845195013924
0.518907967041085 0.510324363145771 0.2007797793216 0.461077140077868 0.429930600058862 0.409302322843773 0.467465590581893 0.699398369361958 0.36497059901999 0.561827490680324 0.459443842595731 1 0.293228246308029 0.513850030388701 0.00821708368997429 0.350773408833896 0.360594520319207 0.337391243029188 0.277427284863328 0.255421025029489 -0.0797236386473307 -0.0989368891569961 0.00830328938961072 0.155993811516739 0.0234345878827357 0.202233224167588 -0.153673603582404 -0.196658747180892 0.284524290747783 0.358031719615293 0.177048881713786 0.204229663414885 0.342604966974702 0.463316917950617 -0.0370017193761206 0.265988558134328 0.0355333933317488 0.208739843544453 0.191465560416853 0.310186336381836 0.161288499321371 0.175988822773177 0.387588166554621 0.421344091707736 0.443816511961689 0.387984133386332 0.353414516295853 0.359886820129867 0.346083187175363 0.344058560543565 0.352139403906035 0.392500127876601 0.236629727231408 0.26846170392273 0.387916374076885 0.326282989983371 0.323329364238143 0.200040904148292 0.391243123657382 0.423388477344655 0.62147491751151 0.8129318039119 0.329381342623573 0.423365541419233 0.0446409171697136 0.534816580996257 0.193942938395165 0.3680544382682 0.0956658060356288 0.133613899003091 0.316225893752303 0.391028508189958 0.407174085427817 0.417109632237613 0.0478599128093353 0.298702366556915 0.246607515068723 0.405463057339205 0.203741937402249 0.23302339914914 0.39029885158382 0.346790884913813 -0.00334805713458718 0.166323378689131 0.164922159675353 0.307021804597397 -0.142077162966748 -0.0758414391708439 0.329925417990798 0.536725336179622
0.620305169345211 0.472330214484938 0.622900685143691 0.145931826147229 0.501259466860732 0.205325945304916 0.565954319361045 0.129826031360129 0.632454211952352 0.138335645219357 0.855792627032163 0.293228246308029 1 0.50942582199299 0.732797927052636 0.385243415621635 0.432696824462967 0.349924466603644 0.599501518736393 0.405892863716395 -0.0132452941083288 -0.124839916847217 0.53287998491532 0.127290710537385 0.433892090536546 0.245071998377049 0.296868368139073 0.246585161098966 0.433553255568848 0.296019516611311 0.359352533870651 0.232004970422176 0.482146623499917 0.192532797633521 0.170521576183409 0.0733060731689302 0.28423213389968 0.242527196740663 0.345914760775117 0.239919005959007 0.159927369630102 0.193223746760236 0.200843517076187 0.258794919455871 0.233884111562575 0.151992195105525 0.203687311139747 0.222215251188994 0.161087284226671 0.179621598761321 0.337709267144948 0.267485722090585 0.238511023741902 0.26544738109932 0.261918833250442 0.244958523949602 0.452537189531214 0.441907780306557 0.312586593603691 0.27028261374585 0.607838062000768 0.0249437631247108 0.386860821556593 0.171776204947335 0.416796398038161 0.0613677613035509 0.284307194747044 0.189314610247327 0.178033711986123 0.228055291221961 0.428978176092553 0.382605571606618 0.331115374455915 0.310842715770916 0.0889804905957703 0.224230865488152 0.286929548028381 0.335676574002472 0.240167145789864 0.344937476304611 0.312128200579795 0.295267109433916 0.486842627745505 0.19155131436554 0.680110267939922 0.339477012846323 0.412175505517358 0.220592518215901 0.669301935965411 0.380384579938045
0.471682587697926 0.460560212631487 0.343327103498564 0.347011005134751 0.450768211566165 0.4224517611012 0.330329013022613 0.364676507876676 0.213506992752512 0.12108302396585 0.394985529921152 0.513850030388701 0.50942582199299 1 0.449704603984368 0.758069216332298 0.28035254684287 0.282002292048851 0.450510752002956 0.527634276406873 -0.0686133768134793 -0.0486824698531301 0.373924222153698 0.493610481145225 0.106706938036325 0.309882310257975 0.176154132412368 0.324526135967393 0.404551227478679 0.414235758776585 0.421771995186221 0.467980153820929 0.499710607261324 0.396856590548092 0.0311958955127325 0.230881366945959 0.11821624293764 0.246589806243918 0.341362071986141 0.268356632095291 0.170768366710068 0.202298993920063 0.205012712989796 0.274293315364094 0.300948992231605 0.206644199808005 0.235334604899822 0.166811549037196 0.231804192048675 0.197025969627126 0.310169879081791 0.263806793251828 0.282866219460332 0.321514491464404 0.30786227744044 0.317407557403807 0.29753609065613 0.228387667747885 0.241201741054376 0.214024763292107 0.423106155944046 0.33201359349547 0.472221688211559 0.396075540331329 0.145884823056514 0.242663694441625 0.23117115153174 0.364827062901048 0.100013674478981 0.155301794780924 0.314506940316868 0.348451511977967 0.277175606211374 0.331429420334081 0.14924642541777 0.289793196206228 0.326066441473976 0.309937796663516 0.320145706223524 0.288769850855942 0.393002071168531 0.470751633511959 0.541062361034779 0.525010086859222 0.535296166706675 0.634384853211434 0.274316207935881 0.528917198059427 0.437929041137961 0.529893441797444
0.41571827651871 0.295137025674438 0.613447997694044 0.176017617701922 0.489828149369434 0.142535945036648 0.402705792527487 0.0244270374001879 0.502730679480248 0.0483766870422619 0.49280095283253 0.00821708368997429 0.732797927052636 0.449704603984368 1 0.497717270498493 0.290620540213985 0.185139951173505 0.56432815305444 0.363373520835539 0.0774081622399874 -0.037777747440922 0.713313837636932 0.344948216661062 0.461354331878973 0.29647562265781 0.506705648813328 0.401042594673699 0.331494106372166 0.169369935888398 0.370092594670435 0.280119671755795 0.437067913632905 0.120026144144567 0.19670671825213 0.06654281700864 0.342594146063078 0.229634352159156 0.329246453639037 0.160372547114136 0.140364321967608 0.200908498055852 0.122938371316798 0.178645835414601 0.107826204370287 0.0756275133095878 0.115571849592758 0.146699813265135 0.103401773649433 0.106780504108516 0.213022039244479 0.173728002924789 0.239575427662539 0.244765153487152 0.201966189942006 0.20168858069396 0.348530119957137 0.32984487477549 0.145947546906138 0.144696811372182 0.314249739039709 -0.12493743211051 0.296427161508297 0.0465337609682471 0.420704371034152 -0.00336906682748751 0.239730021995654 0.160343598617554 0.193324852889436 0.182133391347559 0.367987029203366 0.291998336968756 0.190414068389429 0.161564409265924 0.154661255798801 0.164389300153074 0.216855402247637 0.228971975122141 0.310631861228124 0.278286780394093 0.218912609454495 0.22256951512397 0.584050335725586 0.280209361083304 0.707815968748559 0.382319666968816 0.616551904624007 0.401362417153636 0.511378511770726 0.303370136610754
0.350905108987515 0.33775873594441 0.383257383570945 0.495769453641499 0.43519554052105 0.616031240594991 0.302393697709387 0.425059585845539 0.25857439121011 0.312976581921792 0.201507917763906 0.350773408833896 0.385243415621635 0.758069216332298 0.497717270498493 1 0.2077341075482 0.206794277366375 0.298356706865048 0.303358645983032 0.0782178839855824 0.132279433068556 0.521190788598749 0.731629253311152 0.257819358283914 0.519389938962412 0.370768603226992 0.415113939775299 0.308045291141521 0.309808288257609 0.454595795772123 0.570194486218325 0.532348064211741 0.433323942086131 0.219686819477034 0.341644839282953 0.320196714434023 0.344365776345011 0.293502780286055 0.323638285258642 0.160697693894258 0.241582369178124 0.19977527855482 0.285912161660232 0.283103850132389 0.186785134945172 0.235527047164191 0.22183011725421 0.194713472871415 0.212266172930332 0.30509005821814 0.250035148564542 0.376687778633945 0.38741754426656 0.334469914665195 0.340521896214864 0.285127029236571 0.230739543488365 0.192455640166922 0.199951184872013 0.383404598725524 0.33555889873653 0.389595780198617 0.270078283221191 0.283801337310473 0.368910196290118 0.331143740803013 0.452199280611626 0.10299532453793 0.172189094017288 0.288046173036283 0.335765471271852 0.226488487563722 0.278421266066956 0.273658045194865 0.251365864757118 0.183718709466982 0.321356114005361 0.349087372489977 0.230863314540188 0.375609852616073 0.413251623394114 0.49177484995877 0.48731646622406 0.527798682855336 0.668992239980263 0.415573748798526 0.662059362642782 0.418255526791835 0.672734509256186
0.755370924839464 0.74077676176934 0.406676643254201 0.392976489972596 0.319374857450958 0.207606080919424 0.46172621921813 0.385385524876989 0.354255378011475 0.190499118459422 0.441470175393625 0.360594520319207 0.432696824462967 0.28035254684287 0.290620540213985 0.2077341075482 1 0.794486402288903 0.607747042454776 0.662041807381206 -0.0254890493377512 0.0346623884296975 0.304767873830307 0.0839643215486995 0.325479904613788 0.261404915214638 0.13582860733261 0.11980264609651 0.695558845643274 0.69586441025741 0.439031921996147 0.38466710363177 0.587454145654213 0.484366212597823 0.023030973754525 0.073771621298543 0.295018816813958 0.36775356560868 0.385665252572885 0.341655924639953 0.361414653729578 0.298224718487637 0.395324107609064 0.455290444704518 0.451081335636239 0.361640479334484 0.439634647510165 0.389585706912169 0.398039184695269 0.363199784717946 0.459614777904989 0.42405518822392 0.297116637547988 0.333741953154224 0.399490804346931 0.451406810773695 0.794890164577006 0.753379177220843 0.574510188520177 0.539939067157092 0.485000056177581 0.250799880045638 0.497923168714147 0.550040000434024 0.142474056447933 0.152816181493611 0.326142283149253 0.286409211423133 0.435101038919899 0.468541851529423 0.394950765042659 0.401597685620475 0.548858299880414 0.491322286772658 0.0760191077730422 0.359280841922433 0.396078646075879 0.441881735706489 0.529500670870065 0.617435435352799 0.679331848620288 0.52227150091422 0.366340478387216 0.306380862474122 0.430250351076004 0.414227819436937 0.292613698096628 -0.00254237823023316 0.37923390794746 0.416352075029473
0.737574822226176 0.80527664742995 0.438972929331758 0.440353071442116 0.317295746891623 0.335106429984351 0.527129677178535 0.472328368199207 0.324058960395874 0.200304224873651 0.378279173596107 0.337391243029188 0.349924466603644 0.282002292048851 0.185139951173505 0.206794277366375 0.794486402288903 1 0.543794510162975 0.584647131562673 -0.0395514693702806 0.022886456798696 0.273906611568742 0.0644723322830601 0.396437379947856 0.353572896884624 0.0523574013783087 0.0302245076450348 0.6930450563765 0.794415308383139 0.516207008029136 0.430679984918656 0.639995126256695 0.628729410014545 0.0767983048729444 0.301776609513983 0.327762245265432 0.363890938638192 0.455408159235096 0.299683068654884 0.373563393754996 0.312047949922757 0.516680609021576 0.529401667051958 0.579204668406354 0.495052522000274 0.560069134124733 0.525817511001327 0.537632976498193 0.511576156554449 0.555825176385477 0.522577497172831 0.471659702525705 0.464842645216708 0.571362091401683 0.564228868526726 0.718029614379421 0.774826864171036 0.651421825540594 0.683899894687071 0.497626163523893 0.254508988404121 0.611960416269384 0.704274003098433 0.136255480993249 0.16051823060489 0.448821983610008 0.45904127929889 0.36023866914416 0.414307845700425 0.538936533636382 0.54054494635795 0.570369185743887 0.620544844776584 0.0990806994544689 0.38346793939492 0.331599444182717 0.529945089666008 0.528350847681273 0.694850329644711 0.800279192822987 0.661394221510121 0.297263372830508 0.391850643548008 0.443928778377631 0.539633059359848 0.22731193623495 0.0057969787581976 0.359029653018472 0.449213712582856
0.780708748477886 0.68450785920422 0.58060310656694 0.311910267212404 0.355022647474917 0.142501849850125 0.532385427694953 0.269831357551327 0.352456479248333 0.0618008430782817 0.596780861763049 0.277427284863328 0.599501518736393 0.450510752002956 0.56432815305444 0.298356706865048 0.607747042454776 0.543794510162975 1 0.676823730025672 0.0245879668233433 0.0379773541058617 0.496138410001352 0.100744450779951 0.409693669931292 0.236218225044678 0.189258143000749 0.257933543232701 0.606003444040808 0.578079705641771 0.548645183182612 0.383118904491478 0.630671222527499 0.456804147469167 0.000299921840898402 0.150095835852513 0.304410296517067 0.265963659250568 0.394014186600317 0.259946350775666 0.344744148522457 0.306018825136116 0.458737653237379 0.510859258725653 0.490401235261558 0.465430221630181 0.482690703027582 0.43077888845273 0.495068737271239 0.420036159207431 0.54852614500805 0.506311219920109 0.3955141929817 0.466830255781108 0.443448179631391 0.491590661415122 0.648054042728776 0.596560919826913 0.528124572030318 0.440963067506752 0.442057890711004 0.0729815407058178 0.508320721178273 0.393297435541079 0.181131980139184 0.00535605794731527 0.356551855895445 0.364147429019755 0.328947198765169 0.341796202522114 0.556600383313458 0.540056150987101 0.46540411948167 0.465139504619566 0.0766247421499234 0.331086878920773 0.384015679239715 0.432648875780976 0.416526699097412 0.418175019315047 0.454106519500556 0.385666660450544 0.440173892502292 0.307047686267531 0.610787046103388 0.464237026025519 0.391402531343831 0.140954150815135 0.491015360282872 0.425759729051692
0.654923490961734 0.679854310381452 0.361567081733739 0.271693350265375 0.237873999752468 0.144130040046988 0.322705425147809 0.216312165459977 0.218589299493288 -0.0166268647640327 0.384921589905999 0.255421025029489 0.405892863716395 0.527634276406873 0.363373520835539 0.303358645983032 0.662041807381206 0.584647131562673 0.676823730025672 1 -0.120261949855453 -0.0343325308718177 0.337782043326944 0.183560760361824 0.182049976782582 0.168951726979681 0.168539502101708 0.276023318211947 0.548437995958632 0.539630848854805 0.363405690442774 0.36826222663035 0.484465307167784 0.332941204655713 -0.0072838032429008 0.0476751391724376 0.188931411970749 0.250989140576673 0.371274968255915 0.218116202637429 0.287199603483984 0.187726394673174 0.196446371057596 0.267700330196841 0.32861407462961 0.213080012661869 0.251699936006879 0.139534998179044 0.281474853827622 0.214610492264165 0.32007342478158 0.263618802411845 0.189512952664755 0.235905980218753 0.264902202516835 0.292011733416847 0.634791897338292 0.623675176414364 0.334439729440884 0.329326684132429 0.314659384866359 0.100629837956144 0.371377857738617 0.393622462387837 0.120971818307571 0.0394380899134692 0.203438434798671 0.196766382397734 0.502284601537952 0.500672571796413 0.295846239332689 0.321231049676938 0.437284992443812 0.431993534404456 0.0391632357107757 0.351660606765725 0.382675335638513 0.3111396878188 0.47047998471059 0.424618567632255 0.498611143378901 0.514146095279984 0.469497254717486 0.437709010788929 0.487450819303658 0.441302683601993 0.337590501967265 0.182230909981257 0.31619691150299 0.294833598443738
-0.0603019013606247 -0.0997043125883208 0.014896305836548 0.0222130203752737 -0.0313930129025349 0.110840314113466 -0.0501466757047701 -0.0609367370702384 -0.044192072230992 0.0140180321192551 -0.0474395555385188 -0.0797236386473307 -0.0132452941083288 -0.0686133768134793 0.0774081622399874 0.0782178839855824 -0.0254890493377512 -0.0395514693702806 0.0245879668233433 -0.120261949855453 1 0.0859410680764817 0.0830420685665204 0.178044349665857 0.108852795678345 0.13606510373151 0.182314349249701 0.117978176321683 0.00931611767506957 -0.0622812915982168 0.0724512048552899 0.0735437437578346 0.0684026425748767 0.0501874239233763 0.170037182030986 0.0843916576744241 0.140556427461768 0.0338516949545548 0.00615482917111803 0.100657113118417 -0.111482496299635 -0.121818374274318 0.0752640987031179 0.12645721624512 0.0470401279891514 0.0887983760144891 0.0729248478322198 0.138453813409727 -0.0150198605713356 0.0557738896432368 -0.00798356473674169 0.0541036166325623 0.124599428519997 0.162945569205488 0.0830452218741874 0.0557361134828765 0.0343884344069316 0.00912094692758129 -0.0441767737499142 -0.00991744566150823 -0.0692761408966064 -0.0237734817811742 -0.0242122074745022 -0.129195746129249 0.141843385825769 0.0886564497908607 0.0913243037148236 0.0629744531019003 -0.0158254396922052 0.000642407999854012 0.0126871602410385 -0.0355960125795882 0.0520221410237537 -0.0993636302895942 0.0314073436453322 -0.0239453047501428 -0.0265923612290389 0.0785878441131536 0.0587766413842422 -0.131002888421767 -0.0677746426250802 -0.119450539906668 0.130189079804743 0.116901752694939 0.086986896254218 0.0586038628553638 0.276834036456516 0.178214954520262 0.0150326898041436 0.0670010241613864
-0.0612558657010561 -0.000244120364737397 -0.0362218769932245 0.059545371480434 -0.0447589981211673 0.155685637966146 -0.0698795030675818 0.0477522324534514 -0.120205889676401 0.0492518238466739 -0.207476617256598 -0.0989368891569961 -0.124839916847217 -0.0486824698531301 -0.037777747440922 0.132279433068556 0.0346623884296975 0.022886456798696 0.0379773541058617 -0.0343325308718177 0.0859410680764817 1 0.0382662798101097 0.127779891473647 0.0971288691518815 0.18522502897672 0.068969209282385 0.181396283147793 -0.01102551254226 0.011136329414023 0.08889868331739 0.159458271259514 0.0801948909504409 0.0575342373124047 0.11307603588662 0.0472312414021872 0.151962677795854 0.108497886477692 0.0778993691217267 0.126432982107194 -0.00863259500442278 0.0114066406951908 0.0454271435648193 0.0813187133674104 0.0508667460059951 0.0447076273442292 0.065065506849054 0.105596588696416 0.0559613040032313 0.0757246037132037 0.108773141130461 0.083508385907905 0.150274809347732 0.184955801905613 0.110189139708569 0.0698721552932287 0.0756507815744627 0.0534003833237056 0.0159554191115538 0.024420350737679 -0.123512423041165 -0.051085046226561 -0.0493464129849978 0.00225252111110662 0.00182629529889435 -0.0424527415991191 0.0948122156482207 0.122706624732016 0.0899279423934706 0.0427837284383898 -0.0317161252262796 -0.00194365991033752 -0.0334473584254343 -0.136651953662694 -0.111679471854344 -0.060532964989552 -0.0337575974853846 0.00647144912813565 -0.0838232399911952 0.115459909727654 0.076372707581516 0.0439507903914915 0.157334981928632 0.0820273617127911 -0.00274250391590852 0.123513007654429 0.0693676016061867 0.147563422936345 -0.0446435035707592 0.0593762827240892
0.413862516114118 0.39676228496824 0.868624030103491 0.561461628289107 0.527466360023666 0.318447483996266 0.614767087642201 0.331080370328263 0.58433814116744 0.256227400323413 0.304358680549184 0.00830328938961072 0.53287998491532 0.373924222153698 0.713313837636932 0.521190788598749 0.304767873830307 0.273906611568742 0.496138410001352 0.337782043326944 0.0830420685665204 0.0382662798101097 1 0.626893481998148 0.687075553319587 0.630346236550516 0.609787972863059 0.52995094995281 0.24656584865634 0.241461828167124 0.625924570080387 0.65235246034543 0.642037392108505 0.366153534325052 0.485381857472885 0.344734469342753 0.469488353103544 0.323848208768251 0.296711383679792 0.168024503899698 0.220795266990726 0.277489077995009 0.166518885268842 0.278228997749237 0.263230138858897 0.181881076893176 0.233758572093861 0.272444197678757 0.205608659602477 0.248253414315451 0.345945921941356 0.325804793370507 0.405566036075929 0.410986226221904 0.313192542780581 0.386318041458004 0.435206691964609 0.440764570044174 0.205642883235154 0.252160530633537 0.440433979803848 0.0883989184074871 0.275382503153651 0.0723705999718598 0.708797461361333 0.310314960998019 0.564024825716444 0.435571434399504 0.250444978047891 0.261725145982114 0.458010096020568 0.394143509337345 0.180176970532024 0.264991365627935 0.133059286961946 0.235191632506678 0.119354003209828 0.349854527548862 0.220456517178504 0.24411436829365 0.381620233466467 0.408941453620412 0.51834175627698 0.278372768454925 0.7976110784703 0.588646968522707 0.634396488543031 0.505582436856445 0.477703098818257 0.493915439429101
0.081327705967604 0.196382648324826 0.435651952537033 0.655320793684725 0.350225940949568 0.517226582681248 0.233399711865155 0.456515667757258 0.205114152466288 0.410433561262666 -0.0816442017849385 0.155993811516739 0.127290710537385 0.493610481145225 0.344948216661062 0.731629253311152 0.0839643215486995 0.0644723322830601 0.100744450779951 0.183560760361824 0.178044349665857 0.127779891473647 0.626893481998148 1 0.277505361158369 0.61727280388472 0.494146142423841 0.602501759360525 -0.0280378919490164 0.0341325366336747 0.3108231630422 0.639005626885612 0.390109690843642 0.317077504968513 0.48689179395498 0.461778528909237 0.256585406038205 0.271622315461857 0.111102387868492 0.162853156442397 0.0499643242964692 0.12232963827313 0.0746928546962883 0.18175377302657 0.183258034704465 0.0981459539729403 0.114832872182255 0.143515307854577 0.064695184213862 0.154732844697499 0.134745401050329 0.158090095490815 0.300155905292755 0.325487716623572 0.263867861565702 0.253522343079017 0.229475267057308 0.180578967360194 -0.0144843562805981 0.112126526351038 0.231486403195693 0.372776343076028 0.118261774411382 0.0121431704445419 0.510803159674246 0.601064508312042 0.391830719015017 0.44046177939852 0.201108334492814 0.204041890698654 0.167798069247897 0.215990741858852 0.129124437460883 0.14734155329277 0.196399457141502 0.147113755138932 0.0611738660220423 0.23033088933586 0.172585610838533 0.0699650799104795 0.309162218054669 0.394815624273826 0.448369254395917 0.351242500710836 0.515294010583844 0.650215395788546 0.516602555838904 0.72597782513959 0.213951416882692 0.587401767497945
