1 0.643433300916811 0.518749485047155 0.310862909274513 0.379711301095146 0.275169100175094 0.541490438590965 0.482208103746198 0.26911252693258 0.526431914004397 0.686677056005071 0.544258047275919 0.700484579805517 0.459961985709276 0.468360104009128 0.293265345935021 0.658364742822876 0.725416717010602 0.750696147579864 0.628516590113655 0.223746648512407 0.112603725797215 0.449769632001274 0.200068095885723 0.120463221563991 0.160533339711286 0.415066093349986 0.0794972338904136 0.625497609274138 0.715350385016102 0.140882966085724 0.168641939482835 0.412607570397802 0.506746737824988 0.115497041537645 0.0990396769251093 0.407456995228167 0.352828507129595 0.475542400034583 0.466919475563433 0.302560445219515 0.401197057230039 0.614851706925989 0.564465229571206 0.623677823101265 0.629294429806581 0.6403950835032 0.610873999678079 0.606499559403416 0.636625203769215 0.664161370504539 0.677939037698089 0.600716144472815 0.583241302049513 0.670190985342584 0.614244714955531 0.715587449938068 0.691115577961543 0.808412022199116 0.676129144499931 0.812236249492636 0.459474006695126 0.593965618320835 0.767393482346907 0.348873321522081 0.344844492399688 0.415018929084919 0.404574130185368 0.528292513952022 0.576826793495623 0.454751659655977 0.426763078127926 0.356698568657309 0.49417051181703 0.147538189396035 0.470274663931024 0.219206613245153 0.35918595570036 0.436187522959833 0.669649341072768 0.693900016321788 0.652733160828596 0.705105614398768 0.550633285666459 0.736416614505858 0.574675550050997 0.558542546419363 0.450464485620671 0.738004183013464 0.67182574076406
0.643433300916811 1 0.280351909880402 0.688705201420257 0.192466236467478 0.423141454559249 -0.0383061098098357 0.611590303955388 -0.190232333189384 0.490468593568688 0.174108367392885 0.811891657908844 0.359023133289964 0.786476095783495 0.359996753778394 0.665364518475161 0.532105673306557 0.813096962839005 0.269602556714451 0.745333911482827 0.26083930292687 0.0218331761503923 0.264804161353194 0.62823792919788 0.403544187573252 0.542301739798245 0.626755766114824 0.142008766755231 0.176427850256471 0.501044397257202 -0.197419736347015 0.343861103596036 0.0541963157932228 0.519903764905001 0.525125929793948 0.473201012029118 0.532021293206284 0.330914038395834 0.567417534499389 0.561842622995459 0.44577601419159 0.394116123370067 0.710540551127233 0.793670536962448 0.762737185473334 0.795554959588398 0.712962945527611 0.777450255736218 0.668282132126332 0.73973233142252 0.526211503329971 0.66648855427121 0.557347882413156 0.476527301842673 0.765829098977137 0.745785336403523 0.808015933221627 0.887162744289708 0.623967364156302 0.822329207073343 0.409052722576643 0.671481100047676 0.0956613458518065 0.721291928349742 0.461145685287021 0.733459066620525 0.555545068520231 0.702579197885111 0.782925002436554 0.741118930185211 0.013608526168108 0.0408992664039079 0.0108486395466097 0.291690408588957 -0.144643732114389 0.217046341986555 -0.0778270594756184 0.105379025510353 0.280501195421503 0.698542901140497 0.539429674941587 0.870631019544488 0.599991754324511 0.683187435907381 0.640962505823121 0.861426359588637 0.58736434438259 0.718816745326715 0.470434978963753 0.807920931965751
0.518749485047155 0.280351909880402 1 0.517050238619192 0.753677321763636 0.361375819960837 0.789152199329899 0.462628686788871 0.583525412139409 0.46772022284714 0.237648664940211 0.12852753005189 0.541207950855726 0.251686730448508 0.619505286670495 0.173300802204791 0.466312641955677 0.4664362848169 0.639358923158677 0.362756100619359 0.32041777233254 0.252962323187503 0.885011819291709 0.42575457355905 0.325052463348236 0.212056210048682 0.258758311596157 0.0908170894572692 0.485885021751655 0.538479768255594 0.646457678974465 0.656609321587834 0.678743841661235 0.692494100758814 0.419693554911766 0.351714314035174 0.352810163674197 0.349064075977817 0.34250521955323 0.277521054506973 0.0304223587841393 0.115589510481275 0.495331669886387 0.365888327358457 0.467515211098555 0.434429771483583 0.494131475478267 0.404302010760254 0.428969470564484 0.448697142045745 0.568840660559263 0.484023254547033 0.462823859986324 0.568727379580139 0.417739846037482 0.380983079531032 0.364826645285539 0.388971543088008 0.608071631755976 0.448046944135981 0.668173863939407 0.344162063990509 0.435267296298405 0.45781930801131 0.69750995696908 0.255934687480236 0.653675421283074 0.444029475055807 0.284846516093219 0.369838140221365 0.60071076773638 0.607927718783574 0.450132958691058 0.461007300676677 0.183559439172446 0.396666229371718 0.44001913330519 0.511987496973969 0.45164079455496 0.479297875058436 0.542301934076019 0.382366380556141 0.52331054959501 0.413092921171836 0.757277507247039 0.370181467232762 0.429061467850053 0.353715356000536 0.666701443532145 0.482561409269447
0.310862909274513 0.688705201420257 0.517050238619192 1 0.374187237154167 0.484080611434754 0.0444609313363455 0.728616510528451 -0.120593057343744 0.52903332084741 -0.211407491619364 0.539832115719202 0.123538059678177 0.699064566202953 0.347507603283416 0.676142550753896 0.339892962689548 0.585439769294496 0.14868474332266 0.616056652822768 0.37905396875662 0.0747967130148402 0.499089841391436 0.916386234635637 0.477817655038508 0.603156156139778 0.486785146481093 0.123314392593495 -0.0387967574455206 0.439863992277288 0.0165886962147709 0.672662068731493 0.0783585095694404 0.591838689013623 0.730955424360437 0.619470222077093 0.427197170363357 0.313817694117807 0.413797515177436 0.425443357243205 0.143739561150928 0.143402352702702 0.625667538666619 0.682356898982192 0.638634724733709 0.666103194037039 0.614323383178767 0.651407283317368 0.538259971842743 0.630181149667813 0.409338603919038 0.518148445650818 0.442010816499636 0.43897547423449 0.559013378230988 0.591411495953084 0.554361383100556 0.674032490203415 0.432418864427433 0.702442011109487 0.266552938808293 0.68783752978365 -0.0835753628921924 0.541410270510773 0.665920486983419 0.805351492896805 0.644340121517548 0.75082695425599 0.597209244000725 0.544702839887702 0.0713080949547125 0.150585930176346 -0.0653310212301624 0.174692061806761 -0.0673132571916863 0.109969333390908 -0.07680535313775 0.091999713962288 0.169965578149798 0.525136994195207 0.35147182588468 0.65188367955556 0.471104635945559 0.570581627912211 0.600671578177413 0.74764574961094 0.579411754973447 0.699544920372262 0.350174846655821 0.692007052562473
0.379711301095146 0.192466236467478 0.753677321763636 0.374187237154167 1 0.302877312999545 0.639722598912286 0.294992310518635 0.631746221508839 0.414775381491684 0.179540079125974 0.0340089391673799 0.540646074973907 0.212873539011719 0.593273454167788 0.165761201302356 0.235955604530919 0.349604021451892 0.414487012592754 0.231662249553085 0.226988053922915 0.147961868727022 0.752728822028122 0.317765963626766 0.196703531694048 0.0584410998602554 0.284924465505813 0.115327436982775 0.325189016213639 0.346103713317344 0.43337144712994 0.434232836649847 0.46140699257337 0.420694706474996 0.223325716072952 0.200563578223793 0.258008820366509 0.119852942682889 0.345040027403398 0.208700465050237 0.0978200676008064 0.112092962699776 0.401400197383551 0.324305738381061 0.347309850543818 0.347477005448434 0.385439039929029 0.305994642250553 0.288676799894399 0.337564782156917 0.351003005870391 0.313502601948679 0.312975820174703 0.38332317354035 0.278590271452535 0.244541659624036 0.216878687401404 0.211292536059792 0.440152879839381 0.287586934348001 0.543004924389918 0.246718608621252 0.282351212574614 0.251438847596731 0.615995934925386 0.130562202377649 0.416622862961284 0.244299760789899 0.180618747519222 0.322101888493171 0.381498375134877 0.437547426403091 0.310105009153809 0.269053818020986 0.0662001851370626 0.27037798232629 0.30439535782507 0.354447313225067 0.332138110751516 0.364241973601011 0.378475176853358 0.321357114862248 0.400437246697298 0.346520454772685 0.616404499327274 0.296192058091936 0.407740212980736 0.323101908828779 0.539534079440678 0.353669306879498
0.275169100175094 0.423141454559249 0.361375819960837 0.484080611434754 0.302877312999545 1 0.102405630432713 0.462632256461543 0.05821535965156 0.484656486131471 0.0777969161962646 0.441615119921394 0.314286408628145 0.544158032510714 0.396736418990098 0.566358819361444 0.223473957519943 0.386632427788441 0.135954591726732 0.328205582527344 0.00464828120826544 0.0661622340377612 0.30624656467125 0.420766978639596 0.327156686767841 0.251863656876331 0.30065025945897 0.334755705444486 0.0321176585043702 0.200429304255007 0.00174668459731917 0.314701259252923 0.0102601958175149 0.292791094918318 0.305383269571878 0.240235683500304 0.174398108008131 0.0454622406030066 0.114749903492843 0.196715388157923 0.181457094387161 0.0145461806714969 0.285826556956705 0.323941355919881 0.262771322269293 0.259333850752722 0.253847746706615 0.281591598658648 0.183952231475036 0.236066067283486 0.189979241120285 0.226257995994145 0.230836401916862 0.204106765148539 0.201706957343019 0.238841248209032 0.385510172774357 0.415212868351836 0.206263166151716 0.330084359006191 0.284210869593831 0.441987669835741 0.115677177419167 0.376836024324995 0.424296124028625 0.429067828064862 0.266053806022934 0.314529425888689 0.271472680401366 0.239561746673396 0.0399621140402475 0.0439319287915013 -0.115256909396083 0.0575252414115046 -0.149482446623621 0.0957647862735886 -0.0198598817780793 0.0907262911278395 0.0827263914024441 0.31234998995002 0.140399523121425 0.321301875896527 0.212497834682075 0.328590229799542 0.416144458274559 0.425265357998521 0.173260868788757 0.354679545237177 0.296861275946677 0.347600780983736
0.541490438590965 -0.0383061098098357 0.789152199329899 0.0444609313363455 0.639722598912286 0.102405630432713 1 0.281760775401698 0.772271022692437 0.370424396114763 0.508578507641416 -0.0700950352153696 0.642274924790665 -0.0222974324014738 0.479238878619456 -0.182901799835078 0.29370820966297 0.202919911644093 0.751501150312144 0.179072925186614 0.153909608833031 0.171982063241829 0.674025465134246 -0.0751570716853065 -0.0960874901442198 -0.199404259889745 -0.0140591497432033 -0.0373533326597381 0.639543076655942 0.453397615877495 0.669340441873347 0.286536755689785 0.72139280583539 0.46026837623136 -0.0572929425371149 -0.0540792429081892 0.103997235202285 0.189505640678624 0.229639911790903 0.124122453212343 0.0100159445094427 0.0775839710673865 0.260949498389721 0.0861473550962865 0.212657870397688 0.181366437545638 0.267451218471074 0.144389238896858 0.233890317267003 0.2272887597637 0.453127597927092 0.321012932243772 0.308782340407793 0.439545686303711 0.208030890985684 0.150600836821244 0.0888223301749866 0.0771341204594801 0.513153216826063 0.170383168125893 0.750087313323421 0.109408622542617 0.632647912963483 0.324318443867121 0.380978924485939 -0.134685956221053 0.326596512456918 0.0527434175348216 -0.0104158906358775 0.124425579302827 0.718241591016024 0.665110360598868 0.58288459234574 0.407465918056258 0.267366025209127 0.433650829416871 0.558383304788529 0.569737175378337 0.392288491945936 0.272801779858811 0.435712931758329 0.0991560659755573 0.378966342448372 0.182949897121831 0.529566088881464 0.0309645407726956 0.298836154785709 0.0601004804463253 0.674232168467333 0.232823695163732
0.482208103746198 0.611590303955388 0.462628686788871 0.728616510528451 0.294992310518635 0.462632256461543 0.281760775401698 1 0.0343283065453886 0.718906745437226 0.0783400665792151 0.651826339846491 0.337905141905223 0.721822176711967 0.260826740408077 0.502918831185071 0.314545079685322 0.516306739031076 0.357320080071762 0.650900536915062 0.292020320476662 0.0162271499689064 0.330707728736987 0.594472458266453 0.168843577576639 0.333213444274794 0.240155826482522 -0.052901499440892 0.185088100100797 0.534398062999897 0.0679699971319948 0.549489527299854 0.126292457871908 0.655390315871124 0.430073112074443 0.387432064741165 0.300339426317967 0.23464690883029 0.4017557420879 0.396297962465059 0.277509497602644 0.141736402630188 0.572226375635038 0.579226477452623 0.575931391075399 0.57940695165735 0.558656332130735 0.569930985936804 0.44652614281617 0.536855262982755 0.465275682194685 0.515024663604995 0.493757933719372 0.434103771400477 0.519027392462903 0.497563821726458 0.45440892949224 0.600513947928684 0.464673487329119 0.680086424745086 0.492685518303396 0.793334094428515 0.127661853364523 0.668969824917605 0.535518795921972 0.693974782657433 0.53125331369313 0.64296895690818 0.457733599709854 0.410490360352778 0.193912072329642 0.304075583323897 0.0703507129640076 0.261542740601187 0.0282653846627734 0.243592274377501 -0.0448282657740577 0.156394149017438 0.204835571820259 0.513239220239944 0.359139447664665 0.566794959327573 0.445047816173074 0.446057795004848 0.54088754892625 0.600577895927268 0.568400405620598 0.56522835410799 0.497968744089064 0.665200322288552
0.26911252693258 -0.190232333189384 0.583525412139409 -0.120593057343744 0.631746221508839 0.05821535965156 0.772271022692437 0.0343283065453886 1 0.283043009105534 0.333193258890657 -0.201989874005677 0.531380597714749 -0.106413063838962 0.551261907078344 -0.152684326483646 0.0113340188889174 0.019035494729767 0.428136264175492 -0.131604473359544 -0.00498919873951468 0.123765102650477 0.589778487743904 -0.153329617048809 -0.0498883413963034 -0.210187344030166 -0.0238587796058574 0.0157328005901405 0.408227973707575 0.132511653799335 0.556408510751267 0.165688967980505 0.536491624260729 0.216047327047804 -0.09016802722245 -0.068122239854127 0.0513083839026644 0.0638948114212085 0.16966239627041 0.0240859261595392 -0.0188686070594008 -0.0246462797536021 0.0154593050944369 -0.0902038428785989 -0.0244065306524519 -0.0570909721732242 0.0201328354946336 -0.065006307669729 -0.0135254743149633 -0.00892950270984218 0.181542237666415 0.0439153931847029 0.103943892292679 0.166219075311508 -0.0510366981507617 -0.0962253972534207 -0.0830094428088802 -0.130647892156042 0.243267317935751 -0.0846856516626024 0.582747414363333 -0.00633928223588721 0.35451028668842 -0.012883506717642 0.343549625497865 -0.243091738517652 0.118078863283095 -0.13422157766922 -0.160925772278614 0.00869372776897613 0.440707466008817 0.42255428202067 0.359790633075369 0.130594688486409 0.246131888313927 0.190793513649454 0.487797285045104 0.409188614007923 0.226306273091981 0.0705594704545717 0.188715154058954 -0.0263856709341168 0.172188258995984 0.110407813078752 0.365550074834459 -0.0801526941883852 0.10866030827132 -0.0368955512019301 0.514737210127109 0.0324983309808051
0.526431914004397 0.490468593568688 0.46772022284714 0.52903332084741 0.414775381491684 0.484656486131471 0.370424396114763 0.718906745437226 0.283043009105534 1 0.177563182844262 0.406550623060749 0.342007365330395 0.48778943852427 0.272829431386205 0.353055200399154 0.346914041329105 0.476786488911257 0.409496698302989 0.485967545175377 0.167951106495956 -0.01504183284945 0.374427020326922 0.374563222722685 0.0777844873241932 0.192592516855535 0.353814545012203 0.0566894315551147 0.237073634097139 0.428690656182669 0.145168047954639 0.389356556533177 0.224781087878799 0.534499660261564 0.269122555994124 0.183107425369748 0.340788472021239 0.189153070355078 0.368918325236561 0.4239988989107 0.220591371005443 0.111653099890049 0.506887917369615 0.474665579832623 0.490784832543899 0.470197500014507 0.507680835049088 0.494112992126338 0.427803137725205 0.494201196767813 0.490439292129993 0.490290238060809 0.511872519139402 0.468560696571934 0.43972554252114 0.448864757003048 0.454072294819158 0.476665535541157 0.514002445494548 0.543319555871132 0.559202067093214 0.619109946741785 0.143572984289964 0.516079544343409 0.43580869493184 0.424909263362471 0.408867533340675 0.437701763458588 0.310428016072079 0.38348062399577 0.245927242913825 0.361069962205969 0.154350096584004 0.290636003180731 0.0227482495105944 0.322308806529509 0.122779876160498 0.259222338151552 0.21689702175357 0.539778730243617 0.389929342910243 0.497879926235286 0.414812368097648 0.448639433020147 0.516174289377292 0.509320618254211 0.461832889767701 0.509422115786685 0.556497548018148 0.621427875666054
0.686677056005071 0.174108367392885 0.237648664940211 -0.211407491619364 0.179540079125974 0.0777969161962646 0.508578507641416 0.0783400665792151 0.333193258890657 0.177563182844262 1 0.263900505887117 0.707741235276467 0.110756354621671 0.327531714204254 -0.057038248066096 0.399916758672267 0.348383509899576 0.642212126200364 0.295040609205377 -0.0313928498999953 0.127080755285493 0.121594892867661 -0.276095172816248 -0.163419239901779 -0.167475668815483 0.0537491542350227 0.0175857711533041 0.649717147807459 0.449792942555692 0.182992570610837 -0.141172952260077 0.43003532514001 0.224076949507517 -0.244641935066783 -0.152203314463635 0.0305461281954198 0.150921695795149 0.191433958592549 0.165939319053184 0.176582072468479 0.261537734298769 0.206359354493332 0.126185118700057 0.171283307659006 0.167169085063328 0.23632383697972 0.165286975890779 0.206900540235566 0.190174441226423 0.283406275898869 0.254419417108745 0.225772505902574 0.225493562618068 0.235693725613145 0.196044969618118 0.253962460970449 0.189704310731159 0.463189269936559 0.202226066852349 0.551358924492455 -0.00546024965611325 0.754421670429698 0.496409502196966 -0.0570692802598353 -0.134649680873975 0.0591775654638062 -0.0441524954708646 0.0908476665049659 0.200770494501899 0.391110019753416 0.303202716334696 0.407245757184488 0.297060818327927 0.12162804232311 0.330482507814205 0.272009145120772 0.302944812675903 0.325129641412396 0.326012348459196 0.519686903958122 0.281445009249952 0.447634308836116 0.29249083004385 0.422513542864357 0.122205772796963 0.226368040045277 0.041079370360892 0.530861493739879 0.198303408186832
0.544258047275919 0.811891657908844 0.12852753005189 0.539832115719202 0.0340089391673799 0.441615119921394 -0.0700950352153696 0.651826339846491 -0.201989874005677 0.406550623060749 0.263900505887117 1 0.428024758739644 0.846449143863875 0.327834448736001 0.668779269486344 0.359709908175086 0.655437013240038 0.202792906122334 0.644180151385614 0.134647880793214 -0.00523040024035719 0.101184447186253 0.481653043196625 0.242797868434437 0.397395574530486 0.401355503394154 0.0662581639038669 0.135015578660361 0.451791592038139 -0.265599077200976 0.215542595505925 -0.0695034962285912 0.410472399478823 0.36891804910294 0.417601265019775 0.271447251179764 0.200986808551353 0.390840990258436 0.420395115909652 0.432190616664047 0.307163462054124 0.508987156942673 0.613225371521865 0.542918668489235 0.577481176713275 0.491281511178357 0.577726660580124 0.405073380296992 0.516163905354433 0.312041527415107 0.45650212570637 0.390502359715704 0.257943625913876 0.565943059941693 0.537968114169907 0.586328458097043 0.726692695418323 0.404020120874354 0.715769402210316 0.402291545531388 0.701480937136972 0.142871668787901 0.731179452075112 0.338804350081558 0.707470560639331 0.366277265969102 0.562363257186421 0.609903813742922 0.495146808935776 -0.114429076101572 -0.066577648708253 -0.120124545147628 0.174959649134878 -0.188173344767248 0.152977219980249 -0.220828149426917 -0.0183575946407533 0.181476812020735 0.535639702762982 0.369432525856153 0.712385543534209 0.450403734282097 0.543372878253408 0.490361915221168 0.697370863804994 0.407423742803613 0.561034351583501 0.378102366734781 0.664355265020295
0.700484579805517 0.359023133289964 0.541207950855726 0.123538059678177 0.540646074973907 0.314286408628145 0.642274924790665 0.337905141905223 0.531380597714749 0.342007365330395 0.707741235276467 0.428024758739644 1 0.415382723235706 0.746358076779065 0.257952911704408 0.402878638645062 0.502157456329653 0.614874959197177 0.403944075100904 0.0813438565276842 0.135317062569029 0.523109158300625 0.0817084196436064 0.119104736741583 -0.0140237236161598 0.23243720056093 0.102529169776069 0.64564085865007 0.518839897045824 0.294045144176123 0.147742235900739 0.515134001428206 0.448438380682704 0.0753056501365125 0.0883373362153272 0.224324836978214 0.137519177019066 0.42461120606145 0.277590979439268 0.308510946781778 0.305303522666757 0.446953447388093 0.386964667793692 0.377125934401863 0.375763248491142 0.421036035238325 0.365982160829726 0.329376641904548 0.387143455012627 0.40764061336624 0.421267940903075 0.37003502442749 0.393380836730491 0.388220401367658 0.337314267864328 0.364033359139478 0.371853889847094 0.573612678682061 0.414431559631701 0.738964389537443 0.304469046606011 0.557917756295136 0.544705577204027 0.415985273234187 0.136504619542547 0.374042772742144 0.208637227464152 0.283605429731683 0.374879928564483 0.420975928724572 0.40634187802344 0.365321458546697 0.351749010532656 0.0413988241825172 0.345676192781494 0.327723061328377 0.416117714558996 0.495939320475035 0.526737295211275 0.597147539248081 0.483903521046444 0.574501340847452 0.459166425391162 0.683329185713246 0.339709534498725 0.401012158907021 0.28165470090672 0.710099951777997 0.431708616551174
0.459961985709276 0.786476095783495 0.251686730448508 0.699064566202953 0.212873539011719 0.544158032510714 -0.0222974324014738 0.721822176711967 -0.106413063838962 0.48778943852427 0.110756354621671 0.846449143863875 0.415382723235706 1 0.46733336279378 0.80051557807367 0.277401602433219 0.620832579203415 0.166797873366227 0.671125759202248 0.198111234268665 0.0631634821586561 0.25750070693485 0.675822698189243 0.346065365803668 0.433113105700423 0.431302053914411 0.153061964547868 0.0389788311742596 0.444085847505858 -0.226815947643666 0.379172932363777 -0.093886667230182 0.43215058716849 0.496194611820083 0.488975452677726 0.292540064038358 0.163260422664201 0.409055037628084 0.383832496355286 0.377739173813848 0.173487696634473 0.534743425536107 0.660710296804138 0.557428156791734 0.595764520069335 0.491032886575661 0.587647412584409 0.407954672061164 0.531596631499431 0.299445757342176 0.446730679785306 0.391072109415645 0.289329521676572 0.541083250918789 0.530070590457041 0.578614157658744 0.690138149750685 0.382497795240519 0.658235878024947 0.360432924678667 0.731185391643926 0.00991601873807667 0.621095229780776 0.522005014297225 0.739507718337417 0.412079059247077 0.586439604302839 0.649744944414026 0.497675426683682 -0.0839775488060654 -0.00974670162947381 -0.175142416323439 0.0967859832040059 -0.203610662872251 0.126805283192762 -0.27012290651496 -0.0692634928906557 0.158816334343169 0.488593170328568 0.312802203284505 0.731281016973377 0.454775891743707 0.555406234979014 0.55773110342965 0.734591335329185 0.489554090560807 0.637422790972575 0.394848937078697 0.666758041845103
0.468360104009128 0.359996753778394 0.619505286670495 0.347507603283416 0.593273454167788 0.396736418990098 0.479238878619456 0.260826740408077 0.551261907078344 0.272829431386205 0.327531714204254 0.327834448736001 0.746358076779065 0.46733336279378 1 0.515219577771148 0.260213619874784 0.433119021052538 0.346843343354465 0.226047806990883 0.210357892939933 0.170996185109185 0.699607759672453 0.415159777955564 0.436785171115647 0.260957941662047 0.327816325286037 0.245745535704898 0.355465687503121 0.395571003826608 0.297843704819505 0.345464486776901 0.378583613174395 0.402924515719512 0.34871231083755 0.308697352297349 0.302742094535601 0.20207667907371 0.372072345114984 0.251029157351342 0.148877680147932 0.132241382732995 0.356444842452191 0.371441988633716 0.32988346223184 0.33565995698063 0.325860432260586 0.328724170081931 0.271880353673751 0.344290725816621 0.296466885270599 0.310667816640324 0.249016679452287 0.286778886054047 0.297143147363195 0.2926585549988 0.358639307247464 0.391977777178734 0.421972940356964 0.371268943366908 0.573899710959344 0.357196059060229 0.265287849296889 0.346078275089388 0.618369275526094 0.301736637729839 0.413818866280899 0.285691872605923 0.367866174608278 0.407410236674295 0.298677498741904 0.259852509451531 0.170708377409201 0.193843071258973 0.0736950846336758 0.208873699062379 0.251210922375352 0.330572722323846 0.332984618461167 0.418533179235048 0.429001432770018 0.441682526342117 0.493781069362667 0.402570120178851 0.704631460553777 0.40901207245589 0.30091783595461 0.322142275100859 0.584507072918543 0.390976593325615
0.293265345935021 0.665364518475161 0.173300802204791 0.676142550753896 0.165761201302356 0.566358819361444 -0.182901799835078 0.502918831185071 -0.152684326483646 0.353055200399154 -0.057038248066096 0.668779269486344 0.257952911704408 0.80051557807367 0.515219577771148 1 0.231596999271446 0.536972302493581 -0.0812552104253006 0.412653172969209 0.183618554829082 0.0116996915837379 0.290528958180875 0.756809434528384 0.619517693599225 0.613414905064193 0.548198257430504 0.275615512306695 -0.118948323335185 0.260354320663801 -0.260021625586195 0.351437437704493 -0.173934456175815 0.273737909317521 0.559926259859298 0.49690164326674 0.347651882235736 0.128710249091174 0.295442884864637 0.399534836251832 0.283794199174592 0.0750365386606397 0.425320970943698 0.565584233224077 0.464791362054151 0.498878577690844 0.395285453969135 0.489449511787151 0.336080774097677 0.459326996184411 0.206705758688553 0.352416636242141 0.279037400847485 0.210587951264268 0.402333788797856 0.46494607916595 0.522600611047475 0.606219750209556 0.277587161716529 0.571280151682649 0.214232369424865 0.703397866846214 -0.148424158502411 0.441224086494052 0.548560507067747 0.790827476719953 0.395828786487518 0.554866501332862 0.56091237378091 0.480930815889764 -0.192199445219181 -0.119433252942665 -0.2809895729456 -0.0107567826153416 -0.149608533812645 0.0570634712649306 -0.215944964341108 -0.0818618353961781 0.0381339135693031 0.406275567105289 0.199164621055652 0.627629606596557 0.39612577031899 0.523386452530106 0.501517310431678 0.735492268601108 0.388148044535147 0.621906713787616 0.267159426079601 0.58509187145976
0.658364742822876 0.532105673306557 0.466312641955677 0.339892962689548 0.235955604530919 0.223473957519943 0.29370820966297 0.314545079685322 0.0113340188889174 0.346914041329105 0.399916758672267 0.359709908175086 0.402878638645062 0.277401602433219 0.260213619874784 0.231596999271446 1 0.742522696989851 0.599301236939602 0.547805673293943 0.23403971072507 0.235756022859005 0.366839956514273 0.279671711971444 0.280274844052128 0.259354004927863 0.421823074337055 0.227264591747334 0.582417026501705 0.654619726120222 0.199940209334544 0.301963746972602 0.455528607126989 0.53290636746685 0.226843593284355 0.177116850779725 0.414238428425743 0.329280563866542 0.294093685368211 0.350317304926653 0.216485378669247 0.382199282279887 0.559019186803136 0.484887728309933 0.530312468322755 0.529655025828001 0.576143938168937 0.51823038963437 0.550448106101784 0.549856396866311 0.601415656008039 0.606270646437364 0.559407049054826 0.602218367101259 0.564990852598114 0.549072987329653 0.761224825867955 0.622271237186168 0.63761460692494 0.555144003846731 0.40914921951937 0.257206115228263 0.510079189952145 0.667380319276862 0.283785363130067 0.29232693018602 0.4794528756807 0.42378732206698 0.440907085059981 0.557616853663473 0.315529489646615 0.33470860031719 0.26506928804319 0.480131896445488 0.141554231738879 0.392993288357909 0.257968402719664 0.348336868923406 0.623423093735818 0.710365975177289 0.733670049510462 0.546689236947783 0.619965189554496 0.492077255116528 0.60739892026454 0.470217662884423 0.358208178638687 0.372666537836109 0.408550810501804 0.557151676817664
0.725416717010602 0.813096962839005 0.4664362848169 0.585439769294496 0.349604021451892 0.386632427788441 0.202919911644093 0.516306739031076 0.019035494729767 0.476786488911257 0.348383509899576 0.655437013240038 0.502157456329653 0.620832579203415 0.433119021052538 0.536972302493581 0.742522696989851 1 0.488375538534067 0.722480846970633 0.302687673729075 0.165126056986368 0.489109776310495 0.532430383393412 0.426486109881025 0.449951796571452 0.580671104686194 0.217447987594109 0.458511001858931 0.667264271075558 0.0834488071619382 0.456881052564722 0.351546955050859 0.631744343775309 0.409588769318193 0.379771017372409 0.520742867735532 0.301254293554635 0.560428049123261 0.543974116438705 0.351244322360643 0.414701751283354 0.748457011691417 0.752882295093232 0.744159464230606 0.747387530120536 0.755385970173161 0.743755480352056 0.661556291639805 0.731522546832961 0.589943492691074 0.705642792003662 0.592516463151704 0.634048733694117 0.731379033788726 0.728500484006557 0.822599157819141 0.820224963636089 0.685762662962048 0.757947910072779 0.515296473684205 0.497328964025812 0.333164544456727 0.80280208696573 0.469349664399403 0.553027211754023 0.598103320124478 0.62527338545666 0.673901457317664 0.764858009374564 0.165271196712518 0.238128714706769 0.165438908583319 0.429094733716709 -0.0458699293420855 0.350158886363456 0.159855508482731 0.333235631430553 0.529000326162892 0.847292124578073 0.725316552817367 0.852866269127614 0.664710940192369 0.736498047799923 0.738552542818138 0.76053508228171 0.565431237700327 0.656981768945258 0.523272055098058 0.772595100395762
0.750696147579864 0.269602556714451 0.639358923158677 0.14868474332266 0.414487012592754 0.135954591726732 0.751501150312144 0.357320080071762 0.428136264175492 0.409496698302989 0.642212126200364 0.202792906122334 0.614874959197177 0.166797873366227 0.346843343354465 -0.0812552104253006 0.599301236939602 0.488375538534067 1 0.568317545258255 0.163379239172015 0.276746194084404 0.476543908446461 -0.0207984749707616 -0.0952748389276014 -0.0889709131116222 0.0934277820014229 0.0175865442529907 0.80498608326793 0.738870051820861 0.540619453688025 0.278899705691998 0.699718906262427 0.600013873057142 -0.0557806335828796 -0.0458329930289767 0.213378594883067 0.280307893660871 0.277963839156235 0.256727817030274 0.0737858035397926 0.344603604969031 0.450269470358139 0.285369359847438 0.390586607177492 0.380707532460143 0.489696206015969 0.369387622771772 0.448656517567104 0.42985692928665 0.619742273099873 0.541782910592011 0.497631815490538 0.588551919116132 0.461847469945576 0.370673463894801 0.432827348198495 0.354991371280686 0.669975976078305 0.389436360990184 0.666856278906409 0.135450894269859 0.713565312537365 0.579126390641558 0.16230367667991 -0.0236883110853025 0.31108869941377 0.180035460014565 0.245613292394299 0.368390243642963 0.705261779339142 0.704726633846867 0.581343328343202 0.567892555358831 0.253481102089598 0.555613229701964 0.449302836782306 0.55819614934599 0.549532355736193 0.533795393440474 0.664975810463078 0.353822942723166 0.562454187407106 0.336678215676467 0.572411033763738 0.219927345071254 0.358161287713369 0.169191947834424 0.650186753780697 0.409545597793009
0.628516590113655 0.745333911482827 0.362756100619359 0.616056652822768 0.231662249553085 0.328205582527344 0.179072925186614 0.650900536915062 -0.131604473359544 0.485967545175377 0.295040609205377 0.644180151385614 0.403944075100904 0.671125759202248 0.226047806990883 0.412653172969209 0.547805673293943 0.722480846970633 0.568317545258255 1 0.232330590095443 0.0802640868795729 0.26872034666758 0.446612492480648 0.16443426898923 0.275945458759013 0.359240276582601 0.0651446059717771 0.389148212164508 0.640507424294785 0.0668765030979337 0.38638375542408 0.302289103317752 0.653436817801803 0.315405350259631 0.286924124979953 0.377032094863763 0.338473704868681 0.453006539800478 0.504166999233438 0.26866624670479 0.330478666639293 0.689776234140778 0.656664457930576 0.6475694755665 0.670447279207579 0.673585622733799 0.668135536667728 0.613175645024538 0.651552557463978 0.52435747786258 0.638254259750262 0.537195862452591 0.565817035787192 0.663126203246789 0.623344335264513 0.624042677644969 0.648227473313273 0.60891991300329 0.678675239234697 0.379205203644643 0.469853874934421 0.268638040119724 0.704490046751498 0.29043014922319 0.456915825769501 0.440990394525144 0.526161942255995 0.627380624213559 0.603279690422588 0.27436839744614 0.365998605883671 0.218627623997786 0.413493492173976 -0.0703259961171532 0.271849511587885 0.109605963748662 0.306179627249938 0.389935196629319 0.668921840880884 0.575999357691016 0.704824827503158 0.585744824607447 0.556536425509544 0.530148861780288 0.626743104277451 0.547386136652571 0.516852555871186 0.442255578323736 0.658166905943712
0.223746648512407 0.26083930292687 0.32041777233254 0.37905396875662 0.226988053922915 0.00464828120826544 0.153909608833031 0.292020320476662 -0.00498919873951468 0.167951106495956 -0.0313928498999953 0.134647880793214 0.0813438565276842 0.198111234268665 0.210357892939933 0.183618554829082 0.23403971072507 0.302687673729075 0.163379239172015 0.232330590095443 1 0.150416716986554 0.28899490197681 0.393475030737235 0.220332381182512 0.27409654990502 0.185094649844916 0.140305478646561 0.0946483172646786 0.297679957263623 0.156862989187158 0.34906783629345 0.18213232782303 0.345839561999892 0.268752426450846 0.284955303340361 0.328884752257344 0.175856743407946 0.255744629575658 0.235158228057581 -0.0674712561025172 -0.00404921431319654 0.359634355855904 0.366665436545151 0.368384917602065 0.371318581630165 0.395742523377175 0.383884187944573 0.296156955527348 0.367116718888331 0.248471437691065 0.329086829157876 0.230801106647646 0.30658207598794 0.335075284711923 0.376038864951211 0.249921655892601 0.307137054708746 0.271445478622716 0.332592526642009 0.201793037854826 0.274219418141098 0.0836496491759324 0.304977365467366 0.294592335195265 0.309915603120921 0.360291391116727 0.348551362660391 0.281934972607349 0.339892007246393 0.191648395737048 0.204456178166074 0.0681190412486384 0.110798924223451 0.142851176666542 0.079570996733353 0.0103809882979384 0.111710496116726 0.115800546333665 0.26575153951965 0.215031302153558 0.24467351913315 0.246357754216343 0.184492720064695 0.31521149434118 0.280810206667205 0.221084646282481 0.264793217017575 0.176371454853835 0.3481666080638
0.112603725797215 0.0218331761503923 0.252962323187503 0.0747967130148402 0.147961868727022 0.0661622340377612 0.171982063241829 0.0162271499689064 0.123765102650477 -0.01504183284945 0.127080755285493 -0.00523040024035719 0.135317062569029 0.0631634821586561 0.170996185109185 0.0116996915837379 0.235756022859005 0.165126056986368 0.276746194084404 0.0802640868795729 0.150416716986554 1 0.229153677196972 0.050824102512266 0.104246037739059 0.0847625519292275 -0.0792951565828965 0.300117790461586 0.302787986889121 0.296656835366985 0.248815998068772 0.223341236559618 0.236331263852588 0.269934457583291 0.0104223536372318 0.0914119553649135 0.159501523020276 0.0775653035705653 0.0357782892608409 0.0299143765907231 0.00879785661896418 0.1570768840135 0.112596532776152 0.072319622720935 0.0653941341731493 0.0763950117439671 0.118400456619812 0.0330885320360024 0.0731717823805687 0.0682884504320934 0.144923343258121 0.123011062279662 0.106925408496629 0.164339799680885 0.0789475113970505 0.0603575571160694 0.183754186666279 0.114504590484724 0.175211687766695 0.0291668794309151 0.0577399388488978 -0.0788050625775137 0.138657697014058 0.115885712157245 0.0348390500718014 -0.0140930492328351 0.113704766925109 0.0606531387120872 0.104782977070474 0.141437788149035 0.135364805010435 0.230596652965111 0.121588776303197 0.162619748301746 0.103345222337149 0.235199882908882 0.036326768141725 0.126979535536081 0.269719868358039 0.158392639989944 0.209028942112285 0.10490758207688 0.17859996673713 0.076480292662654 0.175519062807498 0.0262286419969316 -0.0377248743939199 0.0242312116377861 0.0944938375671934 0.0648882905678261
0.449769632001274 0.264804161353194 0.885011819291709 0.499089841391436 0.752728822028122 0.30624656467125 0.674025465134246 0.330707728736987 0.589778487743904 0.374427020326922 0.121594892867661 0.101184447186253 0.523109158300625 0.25750070693485 0.699607759672453 0.290528958180875 0.366839956514273 0.489109776310495 0.476543908446461 0.26872034666758 0.28899490197681 0.229153677196972 1 0.497129490373279 0.442196505115079 0.27836728638408 0.344512875747553 0.184456468967753 0.421208120131275 0.465900918866581 0.606853260546153 0.658820455825512 0.612049030996257 0.599633893569499 0.433428808552577 0.359015589105317 0.41554585702085 0.241802159257193 0.3737033178395 0.289940901962134 0.0496584818294184 0.109553781809205 0.461133799372088 0.377324837155311 0.425826156852165 0.399918531149352 0.436093278817429 0.367688628514588 0.355838542490353 0.403498416636924 0.448334958184051 0.412459804310203 0.38014714778952 0.50652958398479 0.352497476335622 0.33476909192608 0.331541641224736 0.356046200096003 0.499372955964669 0.385386875714602 0.609170292581238 0.30589370297118 0.284274410740755 0.364407438521496 0.727551824220963 0.268459927934722 0.595525086107935 0.404273472624215 0.306685716428534 0.408062885131157 0.474962605732313 0.514164716397342 0.352488307770668 0.398373998054865 0.120678202184258 0.348448470163024 0.422390710580512 0.503169539593156 0.446129905704479 0.457259897221572 0.470009173225262 0.406165193271018 0.505727800926142 0.451950714098194 0.721400187949829 0.391076524447124 0.422937235732245 0.393986545660385 0.599071060836291 0.441862319936343
0.200068095885723 0.62823792919788 0.42575457355905 0.916386234635637 0.317765963626766 0.420766978639596 -0.0751570716853065 0.594472458266453 -0.153329617048809 0.374563222722685 -0.276095172816248 0.481653043196625 0.0817084196436064 0.675822698189243 0.415159777955564 0.756809434528384 0.279671711971444 0.532430383393412 -0.0207984749707616 0.446612492480648 0.393475030737235 0.050824102512266 0.497129490373279 1 0.600286299308139 0.683597708329569 0.489315564588779 0.178761342178666 -0.125649175928285 0.349131587288516 -0.00952861219270962 0.695502908652411 0.00298955991736821 0.496024761083621 0.780482616571706 0.685327841630448 0.413566537821507 0.275516927251048 0.357455415328983 0.363404592189644 0.0988447754720971 0.0704046702337492 0.520695940670965 0.62395923389372 0.558738759250493 0.5843608463369 0.51585765058874 0.570556699306601 0.433616064616846 0.536860842277518 0.299492776957218 0.411519874691046 0.331830652121144 0.311089575721542 0.466350012810544 0.519687464715808 0.508244095799403 0.610768798464416 0.303812078511096 0.598230720406957 0.170809990004822 0.639182265035642 -0.153685687576989 0.439872471496109 0.677822861553151 0.796707248018775 0.622228989851685 0.727436340520245 0.561956032772687 0.509617573624429 -0.0806670701476882 0.0256209101712998 -0.156099339102222 0.0808643800999727 -0.096895119140126 0.0447714896250121 -0.144697018748994 -0.00366038973097675 0.123546092797588 0.451674765936496 0.286443134056635 0.60954505274051 0.432073393591457 0.507154449109043 0.562397066245675 0.707162758476725 0.501189287292149 0.662899186835006 0.25256654224388 0.596073819733197
