1 0.827691150181159 0.579176229850007 0.603451014051045 0.30562892493843 0.472871202246961 0.718711482131175 0.607156288544334 0.406202396664675 0.224212389165282 0.731736280484438 0.529843769222516 0.739786574958469 0.561286643178725 0.437681177900922 0.472883358617816 0.66715160607678 0.611424258727561 0.699676171190575 0.568348463852312 0.151232559567987 0.0436874520493974 0.443258555744219 0.380598679575688 0.370176981768398 0.497641743834311 0.337115619547292 0.246919874152252 0.520964952187382 0.473968081707205 0.411433702701896 0.32588182048895 0.600225063852195 0.522924464949764 0.305457024565558 0.130491901087087 0.517155512574979 0.445344190631581 0.288831878126596 0.376125405185706 0.356962487214857 0.520104467896179 0.453957978254749 0.480645105307557 0.653985215335519 0.528320899130021 0.538132783720634 0.567036162202339 0.510770076309953 0.643440481517211 0.62304558912268 0.670928287839009 0.626750637169982 0.50809546177752 0.673319768631311 0.562827892550266 0.803662554284588 0.710360811468934 0.736497335188675 0.670957104019684 0.785723051946139 0.534384122658486 0.694215676547122 0.575159356482331 0.393485916304874 0.304145666762101 0.593333950855146 0.478804371091864 0.53767560668538 0.543307817674685 0.484911007604356 0.546577631158855 0.381123200095411 0.486803302702141 0.296331773929975 0.34677316404388 0.0806291004213372 0.303973372719078 0.511920071772086 0.441948022792774 0.7221762533301 0.718324170810035 0.45918864192346 0.627305109960149 0.646211680906727 0.695730352769211 0.294910038086683 0.470481957728653 0.687140399223994 0.692233742805894
0.827691150181159 1 0.506123917239443 0.520382401573681 0.198794611878078 0.347289710830351 0.547038701815673 0.488888480882171 0.253697324851939 0.102441717801649 0.578757809737054 0.418434140907016 0.502899770799057 0.384053012021202 0.310534717162463 0.354512828942427 0.784545240026332 0.72206519440106 0.700985123125521 0.723334473938147 0.117777703033693 0.0715691927521032 0.278168061400793 0.247324659197671 0.306784037391676 0.484715142989077 0.241935794389442 0.236058832278039 0.565187680189405 0.429505582511618 0.325284938170127 0.249626898850817 0.555252632689029 0.479889515739153 0.204176835350608 -0.0295052117077439 0.603888645131654 0.486755343293354 0.359406593237541 0.552739988398334 0.387271202432364 0.522247057651096 0.567535392800614 0.581888758311154 0.778580630966272 0.747477331101561 0.654483849035904 0.73504839609494 0.699994611043014 0.723536664541713 0.666488626471957 0.784443527780595 0.718775082143637 0.642578547910745 0.743528231949887 0.7340336000506 0.909306468892163 0.900671736076669 0.794394984514457 0.800587152984925 0.574067008407138 0.444699239936195 0.637598201757351 0.620019096048122 0.204644123833655 0.17237028710908 0.538112320365418 0.482787626471012 0.666181263591343 0.749553818662751 0.493179873877117 0.592301221019859 0.442495064988828 0.573107209633138 0.2339830957858 0.387353868002529 0.0252299214885486 0.34205663051141 0.524181735014846 0.440894970846528 0.865480857073248 0.873616298872406 0.569287235238436 0.784256967975382 0.654261126015834 0.691918696227444 0.286152233885126 0.531273498413232 0.55749886449173 0.635441209687714
0.579176229850007 0.506123917239443 1 0.801755449414767 0.66196195340899 0.586472025850403 0.74806514561063 0.443968149081433 0.706546329682625 0.386075600873759 0.337631187744528 0.0843827920277301 0.543790798119942 0.39321831241546 0.76098548212024 0.585691135170783 0.379967151397915 0.33646529034628 0.695181852896443 0.509001401407383 0.238140109574145 -0.0751764653202364 0.883917079435972 0.740543244690434 0.760164248590995 0.726107563317961 0.639704043185499 0.425810318945589 0.229910217086007 0.18157441184816 0.789654685245523 0.607574701907848 0.693397764032097 0.461620543685361 0.773390088518166 0.583004159474212 0.352626419459868 0.309028738818535 0.325739264331823 0.18251940407272 0.249999812192305 0.278045622180059 0.312637795473846 0.270230816496899 0.546033038423156 0.298900453286869 0.276060579545377 0.352584412799124 0.22605270352522 0.33226879754089 0.442302324524854 0.608194044784356 0.492847886462791 0.436142853506778 0.455553375261705 0.387321166774668 0.560625618148817 0.542066628758232 0.329695198966166 0.285334223343459 0.488847700112723 0.228268940151336 0.355410522238082 0.0795602768145186 0.814230499224069 0.600122765061185 0.588604213775735 0.532977220441603 0.367584854584941 0.331149774670963 0.358185090399518 0.399709604536326 0.224345576668708 0.31916215393256 0.121540299788996 0.299760382779352 -0.0583977883820252 0.157085980816249 0.338034148288842 0.260530341435175 0.449282350539241 0.545882676290802 0.409496176138193 0.464254268126208 0.849083322884932 0.741929393418767 0.416182711024844 0.613533921569388 0.705735950119565 0.557551861250506
0.603451014051045 0.520382401573681 0.801755449414767 1 0.620789873795157 0.605454187708567 0.791342410983484 0.729008521116109 0.688790084394908 0.603632118385355 0.325894535626 0.336076781154063 0.496348031252308 0.5196630035418 0.611672350943407 0.56809476432615 0.397724969368841 0.35401812256974 0.635265465033697 0.516053820132182 0.183387835539554 -0.165177988685961 0.793109753399131 0.826011758272683 0.564205984066703 0.770979398863569 0.555868297660704 0.257472433481386 0.284913467706671 0.289192300174115 0.655726229775881 0.619779818777295 0.659629749790874 0.577899344706149 0.642179829879987 0.519381464618011 0.348301791076114 0.23317818615317 0.296916502957256 0.163070572498933 0.290167880093385 0.222399009576681 0.365057658664959 0.313522138915108 0.551305054506935 0.333129575675498 0.32365811955723 0.383864410109318 0.247985335466683 0.417815002746495 0.442672419878258 0.631919729123644 0.439032887375238 0.416987021748175 0.417861816906133 0.380507103112146 0.543379179394041 0.494922262386033 0.374358380739593 0.348906243451126 0.592823093820237 0.493592829470359 0.450656423182613 0.233483623904504 0.744017807426176 0.799352214028668 0.584239720726636 0.61817799048348 0.357368762431482 0.340787937374384 0.295159563989815 0.400085562891365 0.259732685831226 0.332374345096803 0.128745709175666 0.353628430039761 -0.0181324417399186 0.194412489323129 0.367886683124619 0.289497912814102 0.420442576241933 0.490327232989497 0.298615919303759 0.415303284017005 0.693632627058405 0.782064465769216 0.341373216966228 0.542363551771409 0.669376657484848 0.693739113806513
0.30562892493843 0.198794611878078 0.66196195340899 0.620789873795157 1 0.467349499804491 0.519773909548072 0.327627866233037 0.738306647588977 0.557406213445222 0.0761152518520427 0.0431656114479737 0.307732132743563 0.259278803653795 0.654064207764887 0.467936137870472 0.0567028490870772 0.0492997723962946 0.346953893784543 0.274381935181808 0.0971993246678635 -0.16708588467417 0.721678314931553 0.649005883859476 0.563014042998734 0.561537141935244 0.635263581506898 0.21171485265844 0.0411143501937919 0.0829724171531266 0.563489482118223 0.576953343864838 0.507070458215806 0.309715399302256 0.59539456593939 0.475823359195322 0.113710659114897 0.165898307772094 0.135750027564663 0.0341390476024155 0.200721169925985 0.073195776255658 0.0955201228668674 0.039054107304003 0.215148847208672 0.0360187763017649 0.0256183658076912 0.0741405486761475 -0.0188810157223896 0.0930608658827965 0.184996840744568 0.272120367362212 0.17986366231936 0.148546427032781 0.121396624890767 0.10611969500063 0.259543436437965 0.262976602537277 0.033705144719568 0.0203259159227302 0.287614158508819 0.124549680611518 0.080471028787285 -0.12277436927442 0.657482298519103 0.560767621429325 0.300538931034688 0.283411957874604 0.153456885565128 0.0303099094231731 0.17234627608588 0.237519766355746 0.202971728525492 0.190681172097791 0.0147525853674399 0.191662576009826 -0.189456110218518 -0.0402793399814852 0.216309562667995 0.0450086664825919 0.133651655813583 0.203162421597373 0.123328901113348 0.0953414367593222 0.492491001331307 0.442652504254053 0.235177863647436 0.318973183899736 0.453065950774288 0.318019988363934
0.472871202246961 0.347289710830351 0.586472025850403 0.605454187708567 0.467349499804491 1 0.497682141060837 0.486787230616539 0.575537279545143 0.693066998059744 0.209520601640287 0.285421207140578 0.405844681696077 0.545311091874923 0.513123170075269 0.612339021649441 0.228267271486892 0.192502847489613 0.424638892066702 0.26000842362394 0.135524772624532 -0.205011869388509 0.618322159030918 0.651963791855775 0.472653852045494 0.499665978444713 0.464254358891509 0.351306372124587 0.176561202047564 0.216677975632271 0.504170184795643 0.454754786995177 0.434782344792409 0.362687851324512 0.529153887958165 0.492122452310489 0.212355778826272 0.167586902728441 0.328182811239958 0.217538917993077 0.215810885431062 0.152038338915768 0.203098758716789 0.205364535579765 0.365659831751308 0.178715202231402 0.191554300462309 0.195549173174784 0.130999840332812 0.31459630268971 0.274955645302417 0.424680777534223 0.271203104704362 0.216580223586662 0.301222320056765 0.191327060378866 0.431728341413265 0.355934781635251 0.180354624111642 0.232818927938756 0.436833551814035 0.463091379524119 0.286979262314125 0.0855245002820482 0.595110738282185 0.642999017306298 0.384447185709496 0.41753751323272 0.245178666098971 0.188439669171134 0.208361852911178 0.291249540542429 0.0174665173143933 0.0839365973616509 0.0573845858319024 0.196812680256146 0.0466617942714804 0.134579533310299 0.157753789232729 0.308868164133615 0.269828336894326 0.309275589866871 0.239237896500603 0.277683851026829 0.546825132254239 0.583824502019991 0.333392669914959 0.454170074356789 0.58009525357592 0.576305697088594
0.718711482131175 0.547038701815673 0.74806514561063 0.791342410983484 0.519773909548072 0.497682141060837 1 0.759813466184108 0.674827704547527 0.391092198510661 0.617673547914809 0.445093160815472 0.744993780446196 0.506691111559323 0.57376908929039 0.509293322084528 0.485546228626658 0.466526367266949 0.714849577264476 0.542906228482358 0.155195272853618 -0.122284939424533 0.707591034870456 0.578846609377821 0.417270581595237 0.573174427614406 0.396920948243698 0.234788637079125 0.435398802154209 0.427176491098733 0.607890377021232 0.491827302396576 0.74111472607651 0.622330225810286 0.541271006951318 0.338385636274543 0.412795214819006 0.284006797991196 0.227723157268399 0.0839841690990211 0.226341365881915 0.29493739801803 0.421713371602148 0.393704354597317 0.594191893367116 0.397281108748413 0.424713831671055 0.435439406368432 0.326602226136013 0.516633891911963 0.535552550313027 0.619498845770972 0.502351652571752 0.457058363028699 0.498869382453657 0.421676177336645 0.561063536525136 0.45894309723012 0.485965298710734 0.435179907116634 0.805562776291028 0.520756516773865 0.590233862166214 0.406103244498946 0.666761535368664 0.595826631673385 0.7242185352667 0.623642647819642 0.315373763394752 0.352779627208947 0.46631844213701 0.495911092246177 0.349696278504657 0.404137818704594 0.239471792088602 0.335226994436647 0.102167831602339 0.301234983843562 0.477614116331433 0.34471897431357 0.449078740956589 0.468639049471535 0.281330238405266 0.405665517461218 0.596761660680249 0.63112247199847 0.279567288648538 0.441203310862639 0.646260476180739 0.683400545335189
0.607156288544334 0.488888480882171 0.443968149081433 0.729008521116109 0.327627866233037 0.486787230616539 0.759813466184108 1 0.492165010839226 0.533057062116119 0.502015712136374 0.772073956673968 0.586361962768787 0.687694552149949 0.303302328642527 0.475884850426766 0.550026070531735 0.56245417208485 0.61370991956134 0.521226162995179 0.0593865009240637 -0.127197465043836 0.444861816146323 0.52186598011548 0.0935395092858891 0.449294684748275 0.180700847692607 0.145644908386785 0.550022629462774 0.636025815672973 0.412676633880082 0.427234156759211 0.677359140209594 0.780613890231291 0.331728988836801 0.215649083473562 0.46564200643041 0.223938568124514 0.277117484209721 0.102845757240112 0.285237396084699 0.272469983194859 0.53666100702576 0.513905199441365 0.587186897924133 0.463955465479886 0.543342330158343 0.485296236127973 0.427197300073453 0.638374745452118 0.591964817977101 0.610475202333753 0.490442107065403 0.524007384323431 0.514228592344576 0.46116662354565 0.456623190006024 0.313555736739687 0.519885340541631 0.536984013425824 0.7182730847834 0.79563531267348 0.696024448491857 0.628731711265566 0.404962637921807 0.657227176086464 0.700538567394495 0.721637176018716 0.256211143741511 0.378564698231314 0.429880838127263 0.511388107595441 0.396492100016502 0.421972040282483 0.260204638971668 0.333575944677423 0.29997924792866 0.42570710319731 0.459407504157515 0.479826054469417 0.434707361930763 0.374291152070743 0.246975697699029 0.351890550506476 0.36133312357548 0.545807310891061 0.284213049699446 0.403878226014543 0.535622938274869 0.810094219469617
0.406202396664675 0.253697324851939 0.706546329682625 0.688790084394908 0.738306647588977 0.575537279545143 0.674827704547527 0.492165010839226 1 0.632254899149076 0.241392020426642 0.148964161071141 0.486779458538788 0.397058744874171 0.737840838312754 0.567072845871452 0.122421622190599 0.137309832193298 0.473185225831857 0.267728790557639 0.0752382611502329 -0.224095769452169 0.77186293486538 0.668000043767543 0.536263602749711 0.562569495596178 0.606022041934723 0.252740832765258 0.107067503904087 0.116094058752094 0.642228417624573 0.625378858226712 0.607567847859462 0.456868726801846 0.589989601363047 0.488329778592732 0.225252713638692 0.157514959385127 0.267518304181335 0.0613089191224557 0.228524217595415 0.105476453040934 0.144120255577283 0.105147994091308 0.271680420837152 0.0531637264005817 0.100451438083829 0.129959805108363 0.0148172479067977 0.160390830981189 0.215462137045117 0.342394821578397 0.234875445123711 0.189692935993573 0.197638298228133 0.114792510987649 0.352627132951361 0.306172374186494 0.0920460688314849 0.10364334206766 0.46827146291375 0.240724171047844 0.215089188456347 -0.0437076857453875 0.741152343885686 0.672383178103553 0.436908405824877 0.416791417224469 0.217003350230855 0.153952964901535 0.260738101933525 0.257399836589361 0.109966607079679 0.13255454574268 0.0581325611973471 0.129877455532928 -0.0811187591653521 0.080500634378325 0.267337475825716 0.221193221927712 0.197556341184934 0.262149992467803 0.214483412374306 0.212764399849799 0.577135620885864 0.550603167931504 0.383185580912555 0.433975880436946 0.608367912207662 0.493204965442783
0.224212389165282 0.102441717801649 0.386075600873759 0.603632118385355 0.557406213445222 0.693066998059744 0.391092198510661 0.533057062116119 0.632254899149076 1 0.0549993987835141 0.289990956870742 0.248642084050624 0.489751198798327 0.494686875298654 0.602039469839047 0.0409433903840166 0.0804397729212422 0.271974913105583 0.186183474752026 0.0297055964598815 -0.248169051120355 0.525632756293845 0.682671501732168 0.26038743338123 0.39172736731564 0.448084654830461 0.151473635056034 0.116746872981484 0.212137680574741 0.412016359676275 0.426186065321121 0.35039607959831 0.369522636022481 0.392203419558578 0.429619923362267 0.0851166236773597 -0.00751548836017428 0.202195638397351 -0.018049400252425 0.112971618129889 -0.0519091725387581 0.136598925125378 0.106268210984546 0.159592837127604 0.033242244436868 0.0625827635347321 0.0380008257713941 -0.00212850633794278 0.120815826532535 0.0878707637272516 0.226057799080034 0.0316750626945279 0.0968576503829832 0.0388025041526167 0.0127289839015013 0.193122030539303 0.127535436207877 -0.0784258979517248 -0.00230004716943436 0.262496586576935 0.385305613921359 0.166754297670473 -0.0306165953354568 0.49523312109363 0.735331730141505 0.198718104068496 0.316316868471233 0.131964843833734 0.0502743498194475 0.0710780939158709 0.141000123352979 0.0343039058638234 0.0272589860634542 -0.0136738525096893 0.123337387560064 0.0117424747775013 0.0391965301109218 0.0714275149874976 0.169202045170889 0.0344111079979106 0.0533098128466985 0.0652908613386229 0.0149425315026275 0.263981483232479 0.41588794262982 0.211340698249343 0.299915150545622 0.380499563524548 0.484240844748861
0.731736280484438 0.578757809737054 0.337631187744528 0.325894535626 0.0761152518520427 0.209520601640287 0.617673547914809 0.502015712136374 0.241392020426642 0.0549993987835141 1 0.537500657832332 0.766813010104218 0.503199696458606 0.32340450568279 0.347319206035738 0.586070973479399 0.548763961418893 0.556677590199885 0.43506426510706 -0.0131328709608771 0.00986657643595365 0.20656240917662 0.110774797056565 0.0815406051448465 0.126412054367953 0.143510167354738 0.147666712111754 0.560087674832709 0.518653245475188 0.219008477623699 0.130481088340742 0.453830400256887 0.428259518742655 0.0294690576953704 -0.137001999560254 0.36001142491247 0.252086265175947 0.188907342073361 0.128500207699298 0.261738699006209 0.451267082618286 0.379096761608494 0.428592131421589 0.462883988337671 0.399692981332238 0.447055112383699 0.446607842498342 0.403747469720808 0.493252335193673 0.413666960806955 0.395133432864151 0.425593186944611 0.326746823254728 0.450255418781697 0.373596228570535 0.521002672523335 0.421600757188673 0.577948275733333 0.511128308552964 0.66864673876203 0.422218279841608 0.654752764522234 0.600244087848093 0.141513253535002 0.067411869519225 0.456753328046651 0.332835385588373 0.269889465265747 0.35990947193418 0.3804966505676 0.424474670139027 0.264074184330846 0.432007755439017 0.234742834693237 0.208909102928265 0.153494092883882 0.323774126500244 0.422651313285653 0.318782135177007 0.526396688485758 0.453762221524646 0.316629566926279 0.416863977243174 0.358245594241511 0.407225770559016 0.206908866026211 0.247248673692122 0.446831140084339 0.504987207983415
0.529843769222516 0.418434140907016 0.0843827920277301 0.336076781154063 0.0431656114479737 0.285421207140578 0.445093160815472 0.772073956673968 0.148964161071141 0.289990956870742 0.537500657832332 1 0.51271270960306 0.712631309623301 0.0536021150182158 0.369045592747479 0.533376659838476 0.549645070436208 0.426593543020738 0.386516548080277 -0.0825895448734505 0.0407475225299213 0.080281979166641 0.213673155049471 -0.182940165179243 0.111114177688364 -0.033821382642878 0.0543715298676094 0.59845439040348 0.749402655734574 0.160787770251285 0.182616445085253 0.438154982784978 0.59754810283661 -0.0304155524835406 -0.0830047690402393 0.382030721221341 0.209131945280519 0.213286604546013 0.13638982244628 0.298529693706188 0.329556225917072 0.473100306413071 0.538182015615624 0.467600708196073 0.446557696185135 0.532775152853031 0.439405345317058 0.444002743221192 0.579072177845825 0.521148308342528 0.417989323851205 0.436855026891705 0.426285218721774 0.496772683252725 0.376262427849306 0.296131601778001 0.145744898007787 0.509715020753364 0.553609023695352 0.596665220393434 0.794581458577391 0.653415710755451 0.748801476577996 0.0321264439093261 0.293249996583411 0.437296236315929 0.458760905855792 0.0996015873872218 0.311943366609821 0.361337473116184 0.4819386590399 0.409661972692701 0.390818836476851 0.341106810703352 0.195579285184611 0.365630013451821 0.433215603428552 0.354853035677144 0.442321207827929 0.396470294765634 0.27232965490271 0.215009396760813 0.2910060691631 0.112247692898759 0.297076208502999 0.16711646160648 0.208176264155656 0.334467366396766 0.64224019543835
0.739786574958469 0.502899770799057 0.543790798119942 0.496348031252308 0.307732132743563 0.405844681696077 0.744993780446196 0.586361962768787 0.486779458538788 0.248642084050624 0.766813010104218 0.51271270960306 1 0.655476057870163 0.56056150129776 0.541747807477056 0.483480720704466 0.448976464103705 0.585487914408036 0.423013281118847 0.0728661973090157 -0.0603689011049078 0.507628080386945 0.387142920179257 0.351241481062398 0.368697327919144 0.349761550218439 0.300001702038922 0.51328458173979 0.55021230088969 0.443262365031885 0.333083597036531 0.582992244954912 0.494321066320677 0.349055520252583 0.234827579071601 0.350636849849421 0.325813815880548 0.206449281581003 0.13952531005624 0.220831236150051 0.356632308841915 0.30037232604196 0.3635068792157 0.479032784630157 0.305681758387101 0.329572016887102 0.341941166355702 0.259877260667517 0.479134373659534 0.386950061329774 0.439817557867261 0.33773501708381 0.279232223481308 0.432964492684709 0.292393382205916 0.474603545061322 0.373594684584103 0.46154767973543 0.399550112581129 0.768466938787088 0.423654619472946 0.603797721390408 0.452660044468534 0.470338822903876 0.299799449427723 0.60117883109571 0.454806587499013 0.31020999099062 0.280017317332117 0.397837554278527 0.431929213368517 0.227398971880806 0.412776823916513 0.194817635888695 0.296310588507909 0.153553979864535 0.33090897819192 0.411078545995688 0.339224764842586 0.432571415963959 0.409589791059029 0.313934353480179 0.406278855206897 0.500326738061433 0.508239185152121 0.347233435772516 0.418507739323878 0.579238647623031 0.571500421836008
0.561286643178725 0.384053012021202 0.39321831241546 0.5196630035418 0.259278803653795 0.545311091874923 0.506691111559323 0.687694552149949 0.397058744874171 0.489751198798327 0.503199696458606 0.712631309623301 0.655476057870163 1 0.426768757047937 0.713607102650702 0.438613518354988 0.44568901162859 0.51356867952036 0.376357227407945 0.0615800791186217 -0.147756626221028 0.436690805363138 0.560338870350786 0.178529542479927 0.323884291876224 0.247631329035935 0.308691833677686 0.495073980626173 0.664702612731425 0.37851610427203 0.370234890302435 0.519166691285653 0.594511068583132 0.281754782014229 0.294020808042327 0.331319807466233 0.233242456182322 0.351093312379213 0.106276331641792 0.316736350784231 0.235562119963488 0.377202510866493 0.468540644000449 0.468987998988902 0.334409631999843 0.398406163726319 0.33943284887051 0.287321726388156 0.531674699429182 0.426606277754959 0.465414706049947 0.346142576575231 0.385376864528039 0.4239797267656 0.279878628641303 0.344589821392667 0.21534158071835 0.387115523126098 0.425845620651012 0.578482451853051 0.624670495028964 0.577346679794767 0.483229298587545 0.387278668967666 0.496110586993261 0.501307167073375 0.527511801165337 0.161493348882118 0.263707476684107 0.333658099577419 0.477658641615709 0.251225727522294 0.341704400934808 0.319562671928662 0.219828936333879 0.35110371744172 0.429647154393198 0.308653510549531 0.384910391203766 0.347077699247316 0.28028491446429 0.286160306029773 0.313385459392049 0.389374846329027 0.527803732449536 0.441171601654462 0.478428336337878 0.473913301560599 0.686269942970072
0.437681177900922 0.310534717162463 0.76098548212024 0.611672350943407 0.654064207764887 0.513123170075269 0.57376908929039 0.303302328642527 0.737840838312754 0.494686875298654 0.32340450568279 0.0536021150182158 0.56056150129776 0.426768757047937 1 0.639206251607232 0.191920396545148 0.16085538444392 0.568823540322828 0.392184733620183 0.0623533245093862 -0.146211128277756 0.792590571717675 0.660769686818653 0.66572471123427 0.550385158538336 0.664118712254119 0.369932439487341 0.160464789093326 0.170625942920955 0.692906920231644 0.572578891407111 0.544863293118173 0.343491888647663 0.584961579205697 0.550467145336616 0.191948293693885 0.278572857106513 0.213933516830137 0.103878394515151 0.232879902266509 0.158559507176403 0.0949450878155361 0.0867808433098178 0.289502432833827 0.0908693051714048 0.0742862199086462 0.118280330671818 0.011230081922588 0.149561995747892 0.160195858654531 0.352704887777856 0.236418581523417 0.224504817380984 0.229951143183789 0.15903239779676 0.358921836009626 0.357489485627487 0.0848549895561133 0.0738403375853269 0.340762824501708 0.0909450184036859 0.197291440394229 -0.0919157254643437 0.701947817418649 0.484844398920244 0.290478318541615 0.275427978085502 0.322850325985209 0.183348269010314 0.2584432268195 0.320147172682386 0.056869968550242 0.183619969480874 0.0127289825975497 0.278921867462947 -0.0862318050224533 0.103074184403376 0.232203422407865 0.144374826965385 0.240413519060534 0.343114677792265 0.324681539589233 0.338448899165944 0.6577446347242 0.566774049335879 0.441522944532376 0.522431635602331 0.593332371714007 0.395049868020951
0.472883358617816 0.354512828942427 0.585691135170783 0.56809476432615 0.467936137870472 0.612339021649441 0.509293322084528 0.475884850426766 0.567072845871452 0.602039469839047 0.347319206035738 0.369045592747479 0.541747807477056 0.713607102650702 0.639206251607232 1 0.327907289292665 0.385793874579576 0.582005598586917 0.425308752627964 -0.0586447424781816 -0.185130898981903 0.61749038599675 0.651853873482942 0.369009379522521 0.428160898692359 0.446486908151661 0.436802446481251 0.37137411911082 0.493737049302853 0.51659599392992 0.482540947741645 0.530207835242398 0.483453529550344 0.43190697800579 0.375413456101256 0.250063899331846 0.268329409896009 0.272933079627504 0.193552559202707 0.258691248563168 0.120806058649751 0.294653315992213 0.341209833564773 0.387046664700064 0.239552560163901 0.255268297813182 0.248301597239198 0.17610569977506 0.34695897076311 0.268881561183314 0.416188259768718 0.256258671791582 0.35750962214079 0.304663858406096 0.22537130931004 0.391816895575091 0.329943164701504 0.207951993865144 0.219624083929131 0.396055909914919 0.333711868173098 0.339828820272624 0.193734908106422 0.493297362679231 0.506139264919252 0.385295585964776 0.398309697848841 0.307487785897657 0.323881007417788 0.251566797166265 0.40226859947409 0.171360124345146 0.31517244246327 0.233071790899162 0.24729503507865 0.212068448911768 0.321538207972077 0.25632104622444 0.375023377494489 0.312756202044431 0.344530434681871 0.348833166539754 0.360971861938221 0.478039184415448 0.530845288966195 0.389680856835774 0.555240563898526 0.504985757766786 0.579560297620036
0.66715160607678 0.784545240026332 0.379967151397915 0.397724969368841 0.0567028490870772 0.228267271486892 0.485546228626658 0.550026070531735 0.122421622190599 0.0409433903840166 0.586070973479399 0.533376659838476 0.483480720704466 0.438613518354988 0.191920396545148 0.327907289292665 1 0.839241685549597 0.659178203836601 0.669768895487715 0.00546563564654751 0.0311772346387225 0.150698866445906 0.162447634021191 0.115115147855906 0.293066771303535 0.0630617092269536 0.20017248999216 0.693291701816669 0.626547091911445 0.231618955595697 0.153842278361243 0.576617259570961 0.599999785048867 0.0972542103752605 -0.0933351738076485 0.590081841944247 0.473727168225274 0.363317293914803 0.397693101265098 0.366746551915659 0.483507775236985 0.658295339754768 0.705748026830932 0.763276238459125 0.779455568563752 0.741944729999487 0.771896206650995 0.731660617328072 0.727181464638156 0.704405012006383 0.693813063940728 0.744457394150083 0.690293028019312 0.767104715022411 0.726981183166419 0.712096246800671 0.657501551014692 0.797384545025438 0.779591461017765 0.534781754479357 0.453689595349085 0.78917876406407 0.784558925764944 0.0434619471003878 0.0719776815099574 0.592745734803414 0.52039635168677 0.463091675359969 0.694098476923463 0.49313923262643 0.60595639517979 0.519599366042651 0.564205504844327 0.32131828249928 0.304076663791586 0.228186881070477 0.492777822312857 0.607264669251888 0.573702436844766 0.835952187774685 0.74768246733654 0.508307341204798 0.710752174770215 0.471560085164039 0.513049700104822 0.296101659406305 0.414112475930305 0.434528527345771 0.605306975752614
0.611424258727561 0.72206519440106 0.33646529034628 0.35401812256974 0.0492997723962946 0.192502847489613 0.466526367266949 0.56245417208485 0.137309832193298 0.0804397729212422 0.548763961418893 0.549645070436208 0.448976464103705 0.44568901162859 0.16085538444392 0.385793874579576 0.839241685549597 1 0.615278699134373 0.617489177204393 -0.103695740695708 -0.0651220308000494 0.153241971369658 0.143182623545409 0.0367554037552116 0.253877073335785 0.0345630512242707 0.211298955291532 0.67074263484521 0.703326304324016 0.227719540858106 0.182616082266331 0.587543820051489 0.646406876760215 0.0665665561615238 -0.106762140488414 0.620317294730018 0.438130907115546 0.291034243440817 0.344683154438197 0.354933629425873 0.49635753179267 0.671719725252598 0.68884702218346 0.662795493670639 0.68136557171787 0.721059486412978 0.703663680149665 0.648833554568527 0.669548891637649 0.61249648515303 0.611942053549655 0.628294421197326 0.672972660418677 0.635933023331522 0.640484801818265 0.681342744706767 0.629096418640945 0.718159117563865 0.698117064997252 0.507065256119492 0.459103420658666 0.731502318341075 0.777370484889878 0.0159889972521189 0.094569177022205 0.600000171076947 0.530338162138685 0.465713407483278 0.661252028937042 0.527755752857021 0.562544756807985 0.473419951816534 0.492655875061471 0.375283593700477 0.268021462874016 0.377692570763593 0.52360378575606 0.53040211843933 0.682137494191829 0.746942186634596 0.688089148913689 0.507828488840893 0.65684672231228 0.369151069246069 0.44760458845809 0.246191647788015 0.403538933700258 0.40462944030842 0.610840758971947
0.699676171190575 0.700985123125521 0.695181852896443 0.635265465033697 0.346953893784543 0.424638892066702 0.714849577264476 0.61370991956134 0.473185225831857 0.271974913105583 0.556677590199885 0.426593543020738 0.585487914408036 0.51356867952036 0.568823540322828 0.582005598586917 0.659178203836601 0.615278699134373 1 0.802849821713177 0.0353821527845084 0.0454020117906367 0.557044873077393 0.462741137509809 0.301974560363671 0.445282639734693 0.273527271526282 0.366342144598821 0.570971252316208 0.533060136934683 0.635255541514423 0.430025524190478 0.749042807083656 0.64342411332006 0.430756318600327 0.208118424034744 0.506963085915804 0.341100799892628 0.304554127558376 0.208650605966474 0.303799598295316 0.34486193020275 0.567834946400356 0.578385668699946 0.697090753489428 0.590124399169891 0.627859173992665 0.605136609560879 0.548413560516781 0.59359558837067 0.61120514142438 0.676657067759977 0.659023664379827 0.655729815574178 0.669177488927362 0.587037552598073 0.674465488618911 0.598195086685518 0.580112505292936 0.603963212185907 0.522479996733589 0.452537281400381 0.54829188970287 0.443623912353035 0.400522414790983 0.38831536421732 0.573528955734308 0.555044004238919 0.546382959713153 0.609600091386404 0.534092939757527 0.690729439975764 0.439968115887743 0.4908230789322 0.257352245826436 0.413771611629257 0.232935652951099 0.386638373953776 0.494878147266148 0.441322329999914 0.630947141402464 0.61972019845898 0.484447437813763 0.585010586142335 0.63509151944466 0.610950169870634 0.40169059552773 0.582762633846522 0.585487995204501 0.685379696126587
0.568348463852312 0.723334473938147 0.509001401407383 0.516053820132182 0.274381935181808 0.26000842362394 0.542906228482358 0.521226162995179 0.267728790557639 0.186183474752026 0.43506426510706 0.386516548080277 0.423013281118847 0.376357227407945 0.392184733620183 0.425308752627964 0.669768895487715 0.617489177204393 0.802849821713177 1 0.0776915032988311 0.144304990768085 0.363771415231304 0.344137823473241 0.189309425475793 0.401312433480621 0.128058872626349 0.303227735041983 0.55794956446552 0.505906892852749 0.468237129599333 0.345561483061938 0.593292393049065 0.531906622591338 0.255262071382173 0.0579271208544088 0.47843280764209 0.391768649405187 0.199219908429098 0.271826166236908 0.200839493973077 0.319260413813076 0.531304598246288 0.551545863189099 0.695115833093195 0.664369724247672 0.60154711483411 0.616023165557066 0.611246793404861 0.602714353654876 0.578733271460995 0.673066725355312 0.571793320234512 0.653850357414434 0.612589241751156 0.649674730551748 0.646694848734034 0.633596246602423 0.540163692082378 0.587936991481679 0.369168858503147 0.365547684714212 0.463842427374352 0.476749261222666 0.216659322101976 0.252394240412951 0.415473031091204 0.388238853912955 0.64599116460526 0.593134199958918 0.514156179045215 0.695102450588661 0.507691290931078 0.5829179009034 0.206844143110457 0.504937758358001 0.114100840605025 0.33150516548885 0.461588226936096 0.332083456120938 0.63247438717519 0.641142524254219 0.452921348985213 0.623027585504223 0.533756969723185 0.523865286435017 0.304178910142774 0.49704347761932 0.381694492648524 0.529990243255003
0.151232559567987 0.117777703033693 0.238140109574145 0.183387835539554 0.0971993246678635 0.135524772624532 0.155195272853618 0.0593865009240637 0.0752382611502329 0.0297055964598815 -0.0131328709608771 -0.0825895448734505 0.0728661973090157 0.0615800791186217 0.0623533245093862 -0.0586447424781816 0.00546563564654751 -0.103695740695708 0.0353821527845084 0.0776915032988311 1 -0.0743342823840572 0.254729070058155 0.198946787976181 0.244701763901389 0.281850059480185 0.21804126735301 0.065288551533851 -0.00863619844753486 -0.119392655106041 0.137007546023825 0.12315620858058 0.182857243873543 0.0452524433047163 0.350638625549997 0.230295805060359 0.164882118026338 -0.0853085098215491 0.279790624895952 0.00173682267550649 0.0861641338323251 0.0318797086883432 0.0931862673536 0.0512280493769558 0.188132280099547 0.0902055089409227 0.0912689783728205 0.0696828948098391 0.0854096333694436 0.158545861258515 0.137932402898005 0.236881434983499 0.0973035269530908 0.112321642736805 0.100016977227996 0.112027464779275 0.101038088665821 0.112108211014361 0.057741325083696 0.111281002968622 0.150232562727454 0.061064261527739 0.0748586775360781 -0.0724798441670051 0.256659017122609 0.191333522338217 0.123234810570138 0.175943266931826 0.10319735311699 0.0851183821799001 0.165626052875184 0.0440235287354746 0.0790224699454729 0.147040306965677 0.0286609180112843 0.139180950481669 -0.0341094573751346 0.0505826754404975 0.00767573305786761 -0.215957641529121 0.155711169548097 0.10300897316116 -0.0615226905834633 0.0198384806442577 0.217555797254187 0.23294566968997 0.123785251614507 0.037000688644158 0.15294765005586 0.202361587839812
0.0436874520493974 0.0715691927521032 -0.0751764653202364 -0.165177988685961 -0.16708588467417 -0.205011869388509 -0.122284939424533 -0.127197465043836 -0.224095769452169 -0.248169051120355 0.00986657643595365 0.0407475225299213 -0.0603689011049078 -0.147756626221028 -0.146211128277756 -0.185130898981903 0.0311772346387225 -0.0651220308000494 0.0454020117906367 0.144304990768085 -0.0743342823840572 1 -0.152595765256988 -0.164757552951827 -0.0625279783301292 -0.0642784256742081 -0.135283936646028 0.118422144416912 -0.0146904466314836 -0.0588534925723257 -0.0382720899177287 -0.0868883969089645 -0.11070133983669 -0.0949457569185898 -0.101084211114458 -0.146745487322846 -0.0875245406461689 0.0907088480815021 -0.231392218917878 -0.0416554704224225 -0.11136386453848 -0.0691269216272017 -0.00460458516373397 0.0651956909538819 0.054827959335348 0.0937992575998385 -0.00981982965010978 0.03979875552424 0.152003633444453 0.0679829822184269 0.0820418178411427 0.0484559393063095 0.110676455570134 0.108220495503575 0.145808067717848 0.0866008035552599 -0.00539497811028007 0.0216128913207553 0.0686347245264397 0.0756579850301111 -0.102621656298727 -0.0533135729186098 -0.0516653174161177 0.0841273792694937 -0.133340315682832 -0.239055003651179 -0.058303332150844 -0.181338101183754 0.0969773362234547 -0.0378841604579893 0.0570409256814325 0.0693848168896307 0.0616201512493819 0.0562445448836944 -0.0416405088992071 0.0457616494464559 -0.0166737131725706 -0.0868717668517173 -0.0462894535487951 -0.0600430589523265 0.0715531214638318 0.101718082280043 0.177110691154244 0.0784223199603539 0.0161475797377541 -0.0303064144500477 -0.118234884405476 -0.0988871701171644 -0.0537299714961145 -0.121873380706437
0.443258555744219 0.278168061400793 0.883917079435972 0.793109753399131 0.721678314931553 0.618322159030918 0.707591034870456 0.444861816146323 0.77186293486538 0.525632756293845 0.20656240917662 0.080281979166641 0.507628080386945 0.436690805363138 0.792590571717675 0.61749038599675 0.150698866445906 0.153241971369658 0.557044873077393 0.363771415231304 0.254729070058155 -0.152595765256988 1 0.851760416045882 0.750837596933417 0.713472435256849 0.707509254286738 0.419242599782798 0.125772776494963 0.143027854925734 0.819380706385598 0.721623549417884 0.64330948369825 0.432746393848946 0.777652797132745 0.707360330273147 0.212249896528315 0.23559748656831 0.241171993590879 0.0331499473833196 0.202674818781611 0.122620264830234 0.178628308604345 0.153442715334409 0.35994923217425 0.0821373145432837 0.110902187835288 0.141396445099761 0.000875226060149297 0.171459436044772 0.241581333740249 0.42665004188803 0.252851074313116 0.252966441628591 0.227430427386782 0.171788319702469 0.348890478035085 0.314034477893936 0.0937598008386874 0.0487078872626225 0.444519746805904 0.202664525461316 0.195443190135873 -0.0979726802765748 0.868692327660685 0.690043890031246 0.456756279589747 0.432493363064379 0.252167958876478 0.145415197679004 0.314381154655018 0.345598149143466 0.134883059100503 0.179978625471547 0.0750272459888608 0.249962718707024 -0.032007598630196 0.153175198205762 0.222480965105505 0.161958044202539 0.229230755769962 0.324189974485849 0.257084953143548 0.277730510743638 0.708663167763268 0.6445161758858 0.352365827608871 0.508346331391235 0.628938398748005 0.484629151216131
0.380598679575688 0.247324659197671 0.740543244690434 0.826011758272683 0.649005883859476 0.651963791855775 0.578846609377821 0.52186598011548 0.668000043767543 0.682671501732168 0.110774797056565 0.213673155049471 0.387142920179257 0.560338870350786 0.660769686818653 0.651853873482942 0.162447634021191 0.143182623545409 0.462741137509809 0.344137823473241 0.198946787976181 -0.164757552951827 0.851760416045882 1 0.612705978497821 0.689627541307531 0.624319811711379 0.275577621952195 0.166930231210186 0.230478550112678 0.702238369620978 0.68830895299501 0.54736204521414 0.455458780307282 0.661745145831868 0.674553587721071 0.19279156933713 0.13275203614538 0.257557364013482 0.0669895491104218 0.237611538968025 0.0560370345055346 0.205868960460104 0.200356552339316 0.351619699061864 0.124624007452813 0.123727443521627 0.152777623451487 0.0281701774280636 0.189339222685533 0.244200463890273 0.409333428175064 0.223190828111186 0.230494628111101 0.187881761614242 0.138098482171187 0.287213846647659 0.246598598617624 0.0547892017895755 0.053579451802086 0.364363000807539 0.34752468777762 0.22078234187045 -0.0423551319636157 0.756048069031632 0.803787065560613 0.370743818102243 0.426435540786814 0.194760882148086 0.109145761207953 0.181773301063549 0.292439105885699 0.140908574436926 0.171013087831097 0.075926397898716 0.25747522943313 -0.0114997790330304 0.114519345712177 0.196717505155944 0.160162792558607 0.226446745215576 0.299080092968098 0.25003048107112 0.278056977448622 0.640615698448747 0.680876956458609 0.322452154791013 0.508065993875431 0.552250235071005 0.530140811476832
