1 0.890521032043322 0.454278396044963 0.434786118952522 0.139446935204043 -0.0686395707523438 0.586252746250648 0.354931646375759 0.270043560724606 -0.0642556587834291 0.783738709624784 0.506510366889739 0.688668245252815 0.476475716019122 0.366998323454886 0.2164770288555 0.809902107171997 0.794280692664348 0.745538769393661 0.706530877250924 0.0232818234602267 -0.174570479703772 0.341867842786024 0.283700216363847 0.305892559764798 0.253046337911641 0.202733467932822 0.00958836875663382 0.682220106832417 0.650336385704152 0.333863636426475 0.341355879542202 0.447328669619751 0.229375021298375 -0.0169731720972592 -0.131465474738293 0.511230382885082 0.456924040460187 0.5150840902626 0.478221732197552 0.339762077093937 0.213490185252344 0.803026668542518 0.786597933030305 0.643826713403669 0.702233457119982 0.80246532563222 0.768838572178035 0.656726683184753 0.656424784510902 0.68321662205313 0.641043504514228 0.70734203118882 0.609261910629287 0.760281781166017 0.727647566608325 0.905285593058814 0.813661270133285 0.56819821902232 0.717077453217324 0.758838759622873 0.377093914547826 0.543914678649965 0.652073728249011 0.271524370573926 0.2135677005134 0.269428170448418 0.315903843240991 0.774432906993022 0.713683352484325 0.212402340964102 -0.129798081502638 -0.0145655874837531 -0.0048876712931594 0.217046545530113 0.240079151492416 0.212447724857383 0.422327380666027 0.466325311283985 0.689050761253295 0.796656931116372 0.811280348964374 0.471794565388587 0.666502643972989 0.695870490069641 0.58911514265279 0.283714513449393 0.477082849836826 0.794423166288568 0.640134312996682
0.890521032043322 1 0.285289806681345 0.305575066452196 0.0150435078186999 -0.104943773934689 0.395130236821996 0.251347391300557 0.210380056628213 -0.065160539436369 0.733159094209888 0.516179776101386 0.589992023310797 0.430265066735268 0.285270954351146 0.173690586123387 0.820142155374965 0.858371409490441 0.662580761478753 0.754930173329455 -0.107773840884485 -0.164671526421718 0.204522280198459 0.193404157059429 0.200507973672221 0.16895043178974 0.195595058808043 -0.0110241661739268 0.647851106838603 0.651081708002377 0.227596611149542 0.237022592192635 0.354509796790359 0.173283065351054 -0.0826745904743291 -0.21467254953336 0.485016833003431 0.433287554017226 0.509266606123769 0.474554938240831 0.380301624366153 0.222835165543428 0.764075399331616 0.771298800883421 0.611239800039954 0.730118882484674 0.798008781419798 0.762852647617792 0.603198706497541 0.650516768526856 0.629752288030422 0.630578345628779 0.680189193646734 0.570593991786513 0.752996444698923 0.756443191640257 0.910802800667377 0.875243790342235 0.456169219056197 0.677181341942642 0.642732302512596 0.33075112093894 0.487978955972689 0.689041542377936 0.157155269487149 0.055650885255977 0.162324547281493 0.230215752189404 0.784999126902205 0.755291167706376 0.0535963974068868 -0.29893181241756 -0.0445771610858201 -0.0245845941148383 0.192506103341134 0.210682780970015 0.0412296021337202 0.349297173465702 0.46620315631905 0.635173012864941 0.781474897476213 0.795128808061765 0.413516312737718 0.707463801132236 0.608218859487689 0.507949945846734 0.22735586424141 0.46655966616996 0.727308159983216 0.545751509758378
0.454278396044963 0.285289806681345 1 0.676744125804829 0.224039680242531 0.135493377051958 0.762454652136633 0.251345733874664 0.480568054458119 -0.00535549436348727 0.163000550537912 -0.127009937274358 0.332828761070661 0.0459676417759762 0.585135031885082 0.276027975762308 0.365275628053828 0.324452818082721 0.573394306593845 0.253156407737146 0.193779887995836 -0.0497299027418165 0.796585717292049 0.670251069353591 0.613916136744837 0.603640952221843 0.619620740378136 0.422296443577609 0.217892559776809 0.189621718105801 0.676042800950688 0.613283581219221 0.701994939703892 0.478392576343252 0.58755377126626 0.480081895166158 0.461240399199077 0.334735333128261 0.251402881187887 0.297276231773171 0.263313217531789 0.108086926954452 0.46734596093991 0.434076755460491 0.515671417550073 0.387803350608334 0.422341545010218 0.445287583612353 0.507195962916531 0.451813243538823 0.552723706279116 0.473430818602801 0.531207896871872 0.495370437420846 0.500392811997535 0.452045612856539 0.389767399516834 0.333825783799809 0.656250424203859 0.537619543391313 0.431545103275303 0.0926345388990957 0.422392585659811 0.289759347001506 0.691433822137229 0.498887512455589 0.718220911652326 0.591613640179496 0.446729026310983 0.544192908596086 0.287882656150585 0.152632351219437 0.000343081422451966 0.00807502213707518 0.148949252381023 0.115087741731233 0.47909815130432 0.497050511814654 0.402877663675052 0.407227923974048 0.45287553739921 0.417567930112991 0.415428476212209 0.196624096033837 0.669746832176418 0.54003301831397 0.438914787548231 0.368485121567384 0.549187978091396 0.638258156732541
0.434786118952522 0.305575066452196 0.676744125804829 1 0.261729871834961 0.312716874416365 0.665690670607894 0.638121945776315 0.388194390680798 0.278835645968375 0.138217169188787 0.095808189643757 0.314709606317852 0.383077793565087 0.484058500764694 0.582800682793936 0.38932137790695 0.372434531021845 0.471186619991658 0.326516250861175 0.163316178425361 -0.21928307659648 0.633022513100575 0.792322879810921 0.551737669757111 0.674038672733228 0.515952511832973 0.378419796674707 0.276049568512813 0.348732966923849 0.544256322603488 0.674964615140548 0.572876862776609 0.487904169574639 0.431923550809059 0.457013976554527 0.404412874439535 0.352708479123173 0.376919434384401 0.309359410646793 0.128272172040048 0.070745549836659 0.502625302307237 0.462584791806424 0.507926815955352 0.415904995451465 0.446990593031882 0.448968367587524 0.47272410868304 0.418892161641639 0.469013958592036 0.417141020406307 0.469419849585347 0.420851243146741 0.469524273292852 0.39839268813423 0.395141297558664 0.342459613494663 0.534424686267091 0.46431492386581 0.369513494194957 0.231909544423543 0.41092166660804 0.276084758892975 0.621059197357901 0.816269564721232 0.655627175889 0.679143915851524 0.4245250154694 0.463835846230475 0.354307638188367 0.269978378927918 0.0512404540962236 0.0497546732929934 0.191154613218409 0.143506747633955 0.515847033215289 0.612782986129211 0.342564880035584 0.437380419641606 0.475440813099361 0.527426777266362 0.343380437687514 0.24963185662158 0.628395280430058 0.783712350638141 0.403133147645011 0.493754198521272 0.471255228649581 0.6423500927731
0.139446935204043 0.0150435078186999 0.224039680242531 0.261729871834961 1 0.202425295900167 0.387484870233596 0.370582156010454 0.421876351982687 0.309258828330275 0.187007901926384 0.131978346763272 0.314189264762876 0.274563955724482 0.14708021311128 0.0272363874016083 0.111944857199311 0.0972601413432386 0.228325274418798 0.116409330662237 -0.0522583318270356 -0.0805825560532292 0.0503111606497804 0.0898661422299013 0.0227630621163947 -0.0147744289975357 0.0608146101848185 0.0074189007056404 0.236632525555332 0.203978256778346 0.300360119892237 0.159639165803108 0.315323925721202 0.294996965525462 0.0502274862123413 0.0484917421128095 0.117385968936047 0.0855970308347052 -0.0118725742640085 0.108136228227238 0.0135146415211777 -0.0501977760012232 0.109124563974424 0.102319548195858 0.122444649165497 0.036685019165679 0.130863860440777 0.181952378290536 0.165104800338288 0.0993830553134134 0.170954300352536 0.158909227741791 0.165426338631303 0.170558117906809 0.105379794668125 0.143574573846412 0.0494254625819105 -0.0210551794570899 0.293011540809839 0.154177949668094 0.255490179457476 0.332750492126771 0.276256321922044 0.21009600549804 -0.0147910382978453 0.22665086572734 0.187772005755735 0.239965871941336 0.0655864313998914 0.0749863754528928 0.266545375611838 0.29168147401893 0.00667445083665338 0.0415107444378774 0.105617889762077 -0.0461600329684381 0.193359841446272 0.135084081241771 0.193848308307123 0.124614030069463 0.168273636470572 0.170191500108143 0.232445004929183 0.0984786382601836 0.0548897517982205 0.206914746042334 0.184128516875415 0.0125210058727224 0.138365810980085 0.296099727205214
-0.0686395707523438 -0.104943773934689 0.135493377051958 0.312716874416365 0.202425295900167 1 0.130840173387982 0.175041024792786 0.249595171558846 0.372433144265887 -0.121767961810574 -0.049041391385987 0.115689995935318 0.276405543108287 0.381170405474506 0.461424856712348 -0.0510200686198008 -0.0183393602270475 -0.0118210639090792 -0.120877705509711 -0.133956206263254 0.0222547407877096 0.285136281388662 0.315703651623887 0.195646389874715 0.18914863039981 0.384008982318158 0.511362784260763 -0.108506646742632 -0.0539631239096379 0.16076908862036 0.150198102975205 0.0739963802939847 0.0496835019809387 0.244549660927246 0.194802808549759 0.0247937439099268 -0.00925741079516418 0.10368376351788 0.142705914001587 -0.00630126321050891 0.0645623015666546 -0.0649072752978364 -0.105065235765313 -0.0470837194437612 -0.128386823381542 -0.0675969575332027 -0.0669817491339142 -0.109122225241879 -0.150725440644376 -0.115757311695231 -0.164143020847662 -0.140456983229748 -0.192038370313791 -0.031196734643 -0.0705641287623525 -0.0268792688883551 -0.0232838105289461 0.0136094907203866 -0.00493562385284435 0.0207016906186113 -0.0462214987053668 0.0203922094725792 -0.0281938688604702 0.276131175548361 0.28410592810231 0.144225131684218 0.106362169724514 0.0114190764390259 -0.0165309290671705 0.213195795997116 0.203942908457482 -0.101997542671865 0.188928996358359 -0.0241537819508699 0.0605259582297697 0.0824037808282219 0.0977223852715199 0.0772966628504706 0.0548915198350846 0.0240949684726462 0.0699607948618636 0.0597509706043177 -0.0443785344675175 0.157888815892915 0.141286585911475 0.296127219768363 0.256745509699535 0.0213964114734605 0.0489319859178735
0.586252746250648 0.395130236821996 0.762454652136633 0.665690670607894 0.387484870233596 0.130840173387982 1 0.595137114035951 0.530782078195085 0.211320629407561 0.416932404881371 0.265848359678111 0.637108323492225 0.364669882469372 0.444543134968498 0.262991129934306 0.471578690008761 0.430044642144669 0.657086868268571 0.403098366010623 0.0412139104728056 -0.0512636053298542 0.565110132953804 0.503777308283228 0.3734947136549 0.351688619540689 0.343682085341832 0.283194105454979 0.458137331136084 0.421779483722553 0.559532864363033 0.501277270478625 0.59576172788786 0.422249085607655 0.278012685501155 0.184777824988737 0.304151427823151 0.175358477047514 0.222863719311813 0.216641811833626 0.256167534578943 0.149416048581051 0.484873798706139 0.479635894540913 0.443313641125754 0.403906495598212 0.475689742442104 0.484286843798615 0.507534320031804 0.444114717578262 0.546844506647523 0.476050699107364 0.561568161761407 0.533144801980905 0.463130819230699 0.468761845177909 0.464145660968061 0.366503853831293 0.617794918895606 0.556562563212195 0.653751379149325 0.414071599716698 0.467786114405526 0.436651052046136 0.54233863848149 0.527022182908035 0.499378676988413 0.471592375922142 0.405688335413817 0.459525685038889 0.365164423703814 0.201738042854904 0.0480659171991826 0.0100758358648753 0.197055317503046 0.137427725279473 0.404589912190419 0.449140722091496 0.435973973180965 0.498351193553868 0.518806442478852 0.549824713653913 0.317310370515219 0.268001809398147 0.616611692266122 0.622838610883214 0.277860756555331 0.333823355944264 0.623632488390998 0.642269806208996
0.354931646375759 0.251347391300557 0.251345733874664 0.638121945776315 0.370582156010454 0.175041024792786 0.595137114035951 1 0.431041062661018 0.599576123699086 0.395281932105512 0.641980729595888 0.466162164260812 0.651184847758753 0.0839307834369231 0.344701199286694 0.312771774626456 0.30747054536236 0.442897395120862 0.430353002711295 0.0205145400594383 -0.0808811803849549 0.0932963964402689 0.364514172246299 -0.0353074766326233 0.0792105313198902 0.0107904709327716 0.110871208595299 0.431157324640374 0.507730666420543 0.300569427812992 0.395866299731318 0.371975522788536 0.506608197436777 0.0132429866203611 0.112142118306244 0.06773510198677 0.0361081930431887 0.0842107255367942 0.0503015386259848 0.0150796279772846 -0.0255906297520436 0.230564605601456 0.222199454321002 0.182030215161818 0.188654421641742 0.207083526239869 0.227975686234998 0.273296598081991 0.192579786052658 0.220914991263665 0.199362832555327 0.26850100785674 0.272789846841208 0.162823857695556 0.195797298561824 0.217681287972354 0.0849393471816745 0.390290327114009 0.290906466843383 0.460719904038916 0.71007859034329 0.370611963936389 0.371568615370249 0.100559365956261 0.636957110101365 0.202689321680108 0.374274682742347 0.175232656110516 0.174610423593048 0.363667322723302 0.38717449069414 0.207795777625907 0.189822662224808 0.227883784200436 0.153200531578329 0.318502076907791 0.435442357665522 0.253108312709468 0.362607694291107 0.364745682695772 0.416019910664991 0.0394417027703191 0.174208856536377 0.186776190831441 0.590922780782966 -0.0359775828902302 0.133718151313545 0.336365394545068 0.471190730261522
0.270043560724606 0.210380056628213 0.480568054458119 0.388194390680798 0.421876351982687 0.249595171558846 0.530782078195085 0.431041062661018 1 0.419872223010056 0.250911367549498 0.201749771693831 0.527345341434887 0.262849278969785 0.463880182431172 0.251111923972827 0.303754322429044 0.346310088579558 0.396517355047516 0.262834761105409 -0.209113717778957 -0.0349062060299435 0.327567024087071 0.262109513822962 0.0816060834151924 0.073092763229086 0.39673445569993 0.291355434024693 0.224530758797544 0.267767425139425 0.365596490076721 0.213713491339698 0.508179688413951 0.430043904802348 0.251130732947316 0.168572574377922 0.186696894086018 0.0306785298414193 0.174595106721212 0.00185415794571961 0.0789833795925039 -0.00492568828183131 0.236063740483365 0.250900773894508 0.249979211108141 0.233168743017758 0.25709906826174 0.32970272740598 0.317523322384758 0.28567460380497 0.331747571900185 0.2853152857328 0.354098158606957 0.35639663112165 0.294932140936649 0.293605829650273 0.268316284456902 0.16112259999051 0.464654884889003 0.399089867758168 0.517766659118675 0.376687227181287 0.457215020692167 0.402962903998233 0.317780499764516 0.271593684910557 0.302006640710171 0.293648800145762 0.286913186538894 0.281143844614226 0.122817654697736 0.164388124876022 0.0191263857189028 0.0220033014160768 0.131209911239883 0.0522069498790329 0.392619276786529 0.441885185957132 0.359778256801919 0.36358207683477 0.385074701864516 0.280328946953366 0.146981589547581 0.0935621229219842 0.302350038185768 0.338575602312011 0.196929335679171 0.105215550773512 0.427816105075113 0.495820414348535
-0.0642556587834291 -0.065160539436369 -0.00535549436348727 0.278835645968375 0.309258828330275 0.372433144265887 0.211320629407561 0.599576123699086 0.419872223010056 1 0.0621803376115739 0.38161363908613 0.21636271635624 0.463112277316523 0.101262971692721 0.274124791880228 -0.0174630178352764 -0.00187924294752472 0.14754825631455 0.132765533913732 -0.346497316252884 0.0290932626206971 -0.0339172197053515 0.215991443531441 -0.272364560909244 -0.137032867896231 0.035352143244595 0.209997271778156 0.0856086265919761 0.174265557034694 0.19811019233446 0.173427357003645 0.141417182572643 0.292695204968136 0.0517065892623944 0.128890593265472 -0.110798511633742 -0.121512332279924 -0.209282664565749 -0.150324919027223 -0.0280114009901562 0.00864592507662967 -0.137836683065961 -0.140866065088426 -0.154903448226277 -0.12038912913462 -0.133916342526494 -0.0940209592076645 -0.0739412862238604 -0.123863531575725 -0.16141008378795 -0.163451203900724 -0.0714531376926291 -0.0722724376596023 -0.204257052924341 -0.1273812210871 -0.101477764156236 -0.179630847366213 0.0695214563677485 -0.00895643777745118 0.14964509088711 0.46428657759225 0.150648841828341 0.154648185792136 -0.0235357494103957 0.21689273624483 -0.00810776729126936 0.0641936780141838 -0.0609704047750136 -0.0575752674402259 0.201690708813998 0.401433005625763 0.0972623896420975 0.232719679006382 0.0468622511454242 0.114225861109107 0.123698814628833 0.18408108492298 0.0993216924225758 0.045149414089257 0.0793234918622264 0.056067666131081 -0.162712698213964 -0.0483986173656964 -0.088484501373871 0.153260461994105 -0.0979780503399369 0.00886764758962873 -0.0380557801362055 0.0997675738497087
0.783738709624784 0.733159094209888 0.163000550537912 0.138217169188787 0.187007901926384 -0.121767961810574 0.416932404881371 0.395281932105512 0.250911367549498 0.0621803376115739 1 0.728004402841522 0.73093700036025 0.522359851504846 0.112764877632622 0.0678826347557128 0.663475483382334 0.663097997800926 0.554269962853822 0.585085632386458 -0.0167133182026973 -0.0836260426690945 -0.0311978652936233 -0.0241123855680338 -0.0834189615472946 -0.138110380900207 -0.097618905201245 -0.0948362241230138 0.689194675679305 0.651612560751168 0.134943358389876 0.0422006743260223 0.24258674443738 0.186795141089742 -0.280553121613994 -0.398447650008874 0.197515939626799 0.202835980376792 0.237548576081821 0.297132930003029 0.243204903348344 0.171614122115983 0.468575806134685 0.467585822057233 0.288506212850655 0.403040965320522 0.526816239687664 0.498588134623806 0.370041620032753 0.382652568780221 0.379131890227102 0.372310506133946 0.4650587293503 0.402259412633045 0.462594757343394 0.501578716226057 0.668694996244599 0.584903659049949 0.333788211236311 0.502810644493625 0.743605301106487 0.579772562058525 0.456283407004325 0.659597645292801 -0.101585776267216 0.00144986424511441 -0.0927245279407909 -0.0233565942550342 0.490363762931282 0.429343598102395 0.0766623863784487 -0.155062352862694 0.0513815257919737 0.087971679393446 0.135624631976722 0.23641651196639 -0.0350898444947752 0.166936112990962 0.321068173090747 0.522368343535383 0.608713080731546 0.57457433322382 0.215566445623969 0.564782391889273 0.320408511627315 0.331394670410663 0.0227797660860388 0.223546953400639 0.605913431193732 0.38481453342771
0.506510366889739 0.516179776101386 -0.127009937274358 0.095808189643757 0.131978346763272 -0.049041391385987 0.265848359678111 0.641980729595888 0.201749771693831 0.38161363908613 0.728004402841522 1 0.59612184553467 0.748177785050634 -0.0585610967468869 0.118539486120962 0.451440202302624 0.478250496640563 0.440734511132954 0.61700513108479 -0.135319895712556 -0.0358113036256305 -0.194678168442882 -0.0304391752466459 -0.275844009671104 -0.273203088389066 -0.272382176370989 -0.0971526999116826 0.61455390023645 0.687780314291573 0.0481684900705005 0.0774059168856072 0.122111594503588 0.277612982381299 -0.290624487472349 -0.272383399317109 -0.0277543960087685 0.0215875670406049 0.0468199714078901 0.0807673196357002 0.00381249899974579 -0.0297741067075211 0.208683548210283 0.235807946405854 0.100572931534018 0.22438599973278 0.25130208400151 0.258668604494675 0.21730829554421 0.197775308279927 0.171140752139801 0.183391123387299 0.250687218921144 0.255435370846397 0.205332221446288 0.266604608404991 0.370761770475189 0.245658325885522 0.216801635216492 0.309679864181174 0.541796339090276 0.779284786029952 0.333821510948467 0.582811702337039 -0.233544406247724 0.0935709611008932 -0.179628556773242 -0.015627645066571 0.232782455301105 0.139088677541873 0.134551374859044 0.0109378139621646 0.111810480733725 0.161265681309246 0.145850456458527 0.230550613820878 -0.0202576161356569 0.199112285465159 0.256494141443595 0.378496249662546 0.433696625795731 0.44728210936816 0.0176497070349922 0.42281579540947 0.048696784431601 0.337191773425175 -0.191464708397042 0.0796363509732613 0.389321239089498 0.292008479584978
0.688668245252815 0.589992023310797 0.332828761070661 0.314709606317852 0.314189264762876 0.115689995935318 0.637108323492225 0.466162164260812 0.527345341434887 0.21636271635624 0.73093700036025 0.59612184553467 1 0.658888419887687 0.467414225264374 0.289370539764406 0.574497559757568 0.574740437503074 0.601018174403893 0.501049439569025 -0.134570872717147 -0.12557487625394 0.281289671066389 0.2234246502232 0.109682160524333 0.00339273135018108 0.127048830414425 0.0628331376258661 0.597461700884333 0.621049163258706 0.291901101240446 0.222889047946596 0.371672762898453 0.224121640020451 -0.058695917496964 -0.203049120017031 0.162135357487167 0.133024039391736 0.268870895615588 0.204641605857958 0.149917968208808 0.088489925103978 0.439548916854756 0.457452971516815 0.299118732188165 0.366526073939233 0.464648881899661 0.492612436717625 0.376089033559215 0.367337155698098 0.421887431525123 0.373974907365864 0.478381904698776 0.44708842794112 0.463698770033287 0.44742686230811 0.578719298172857 0.501308636982027 0.409214578658034 0.540581609187629 0.763030284801753 0.503790421689316 0.4592113582814 0.603402472219392 0.239162739176153 0.158598364812839 0.0993579140817236 0.112515300743778 0.466307459655646 0.404372905880384 0.206583145840301 -0.0224326543181127 -0.0196239256264685 0.000744232332463056 0.138532987131509 0.203872448748056 0.170575079819877 0.295089543802397 0.402583068945368 0.566567290048441 0.594590073865294 0.571685291806045 0.305138206375908 0.41991440291294 0.490262249554943 0.430142147862759 0.187577936948686 0.283200302076665 0.640031720573874 0.467758491885599
0.476475716019122 0.430265066735268 0.0459676417759762 0.383077793565087 0.274563955724482 0.276405543108287 0.364669882469372 0.651184847758753 0.262849278969785 0.463112277316523 0.522359851504846 0.748177785050634 0.658888419887687 1 0.275237143174452 0.515363535174147 0.468096457239162 0.460395682317059 0.446711901232533 0.535623799207778 -0.0715558020996355 -0.204843008636162 0.112420238824298 0.333696947630959 0.0216901251858783 0.0561842338142886 -0.0197471368548205 0.0664300749017368 0.529731770158099 0.684909054216544 0.205947444640576 0.325456451110719 0.2746473522692 0.305834639364293 -0.0879462262474952 -0.0564481327381836 0.0903731784520645 0.142057083299389 0.159330794847581 0.171421369019129 -0.00129671657604773 -0.0084858481115516 0.286425761456222 0.295988256907824 0.203920177519958 0.218983599498178 0.273354369077895 0.297095698426347 0.219833044719525 0.18245594024391 0.195375875635472 0.176117483334402 0.281393853668412 0.276270372555983 0.283047698672563 0.250107350822233 0.382103446903737 0.278905257241819 0.19581453670239 0.276329710383441 0.469810923649796 0.566922013565474 0.406686143278177 0.513810396274373 0.111555870280145 0.343997525531819 0.0791660645965656 0.200276558031081 0.308038258400979 0.199175544331044 0.297656352573922 0.108989631523688 0.0824937299117814 0.153327910778908 0.157203726675681 0.183161567061831 0.131512993965308 0.339234648683816 0.344999475143681 0.462394841955656 0.495889696666686 0.583837856570283 0.275911601697282 0.397951168561891 0.315193479172277 0.561110541006221 0.0670763515643451 0.302371270027587 0.382227265589785 0.390677586438865
0.366998323454886 0.285270954351146 0.585135031885082 0.484058500764694 0.14708021311128 0.381170405474506 0.444543134968498 0.0839307834369231 0.463880182431172 0.101262971692721 0.112764877632622 -0.0585610967468869 0.467414225264374 0.275237143174452 1 0.559248547720719 0.298141618808387 0.305258165225183 0.452330624102209 0.157218682130603 0.0287471940950821 -0.233245309602904 0.765115686139837 0.610435744160246 0.617969293524983 0.467554732870632 0.609828557020437 0.337545879221265 0.137790515260149 0.174758454682066 0.463366759941762 0.434386798581011 0.379374584358347 0.168805430493973 0.370933252977691 0.248686722534373 0.306051063097663 0.313691199368531 0.339454395942498 0.3241457253793 0.107469651011917 -0.0136613824377409 0.372344454118175 0.340888173857714 0.34317230833701 0.307680649385346 0.361910897797417 0.373763238154693 0.283746717796446 0.287605347853873 0.328739570839452 0.290813582617457 0.367903161395841 0.263276297377984 0.464402881362641 0.370546767841967 0.365673825557006 0.356003132322313 0.267613026401152 0.363120574607453 0.265137023818846 -0.0591452227936803 0.222988142835192 0.19387270240666 0.670871439514265 0.263536978497643 0.406771690878373 0.285155051447949 0.498183451649351 0.42092452846202 0.230936060490884 0.0541045322760556 -0.0452817823659859 -0.0901248354396515 0.0709688907623483 0.0744536936771674 0.275942803597564 0.371143375456451 0.329236343112546 0.304327867869798 0.354217868991964 0.351627481980785 0.489725695499915 0.266797374950393 0.636546313388562 0.415475610050135 0.651396062805942 0.509699685477411 0.443270532490558 0.43925559550656
0.2164770288555 0.173690586123387 0.276027975762308 0.582800682793936 0.0272363874016083 0.461424856712348 0.262991129934306 0.344701199286694 0.251111923972827 0.274124791880228 0.0678826347557128 0.118539486120962 0.289370539764406 0.515363535174147 0.559248547720719 1 0.261697139028916 0.237242855395618 0.171942591357801 0.117529140704283 0.0806833557033867 -0.251020458253767 0.440065438492521 0.602916971816666 0.426219831196826 0.45469222155249 0.459201470296458 0.328459802519285 0.0912233092520789 0.22856559081879 0.214868056022625 0.398167532821763 0.210938010887791 0.141393719577074 0.177919428770739 0.160050267289017 0.240245613433453 0.24072354926017 0.206095620513285 0.277737293226692 0.0467614878192938 0.0633115056783577 0.229616392497318 0.192237021518921 0.163071620999138 0.123540570827236 0.194672381347274 0.138266710886765 0.0899754558732708 0.0765847368689812 0.0836874431111844 0.0592189425398302 0.161456684365991 0.0789175247421537 0.248626654237116 0.167736724848392 0.270329579203985 0.275298944968914 0.0487285770755803 0.0953179362691895 0.143872122614227 0.0599982107408393 0.191421744132417 0.13297518945815 0.453302232372852 0.506184640761054 0.211108798473554 0.197147642751876 0.280308186226929 0.21802479621644 0.198068871264128 0.0807435972376559 0.0410735189680016 0.144678307908538 0.0298095243482087 0.156423352592907 0.181190459169965 0.233910041576923 0.183994210557135 0.243077131393277 0.26995222760818 0.334318930330905 0.287343216115698 0.267243242379137 0.435020078896171 0.498772553161342 0.369498340818274 0.517331035002111 0.281280373339628 0.332318677077915
0.809902107171997 0.820142155374965 0.365275628053828 0.38932137790695 0.111944857199311 -0.0510200686198008 0.471578690008761 0.312771774626456 0.303754322429044 -0.0174630178352764 0.663475483382334 0.451440202302624 0.574497559757568 0.468096457239162 0.298141618808387 0.261697139028916 1 0.940563623479723 0.730774904677875 0.814246622796793 -0.0461185283883348 -0.221655267847549 0.279815871569612 0.299433007245117 0.305450607769502 0.335429033056341 0.225662157203123 0.0601137674344121 0.80062258744933 0.786442622765495 0.382704684409586 0.388983995505811 0.628831601576701 0.467187656076665 0.120380310479838 -0.0163617102945977 0.444096729297262 0.37041115144013 0.454784675055655 0.315362131886791 0.3348297210379 0.123672178986339 0.755644248924737 0.772894017219199 0.644178164908623 0.656295887782027 0.755678457385543 0.754415742991816 0.644594928220528 0.641114429744414 0.657116764991319 0.621062595007273 0.691566005005549 0.651726391173183 0.752468461763387 0.729397707478323 0.835312624540135 0.67398841205325 0.560379326558081 0.632363786411638 0.691121718435473 0.402819243307773 0.800312039217967 0.827829476468322 0.277159687262936 0.216520019880927 0.375105240990809 0.428456301842199 0.689201833142121 0.656008284288904 0.174616375088437 -0.17931154987953 0.132349317704025 0.125752745349765 0.215858753207056 0.26950145567721 0.260089478745603 0.525771636713782 0.759651550135304 0.840606719602355 0.913676592112198 0.823545015608611 0.524038398185215 0.555135310693357 0.641543259099721 0.627484664497659 0.193583841513464 0.374331562623706 0.774080732465773 0.690675525613197
0.794280692664348 0.858371409490441 0.324452818082721 0.372434531021845 0.0972601413432386 -0.0183393602270475 0.430044642144669 0.30747054536236 0.346310088579558 -0.00187924294752472 0.663097997800926 0.478250496640563 0.574740437503074 0.460395682317059 0.305258165225183 0.237242855395618 0.940563623479723 1 0.69290890141598 0.78337028522289 -0.0847617778654034 -0.205164396439836 0.252724224714102 0.270023323141419 0.267578688740156 0.282630839024061 0.215979085137491 0.0780491431905089 0.772834603475463 0.787450777181263 0.378195675025764 0.374977853942324 0.575751853464526 0.430629962213617 0.0961187599893992 -0.00455495652240882 0.466210158384685 0.39620077257883 0.457874140815878 0.345174436446187 0.363264480231587 0.14660100221176 0.731632681245471 0.737240736506634 0.634733188732352 0.656386671564535 0.745211455315533 0.741370091326516 0.61451483808203 0.627848069402021 0.627366611874455 0.598201875634451 0.690086436608859 0.630967904500238 0.757931501568785 0.719284636583056 0.842899421750362 0.722613455022305 0.544738410129305 0.679608161028694 0.699953221748739 0.432925049326739 0.768378315798535 0.864639487998218 0.250917465084899 0.182425204618353 0.334659775095565 0.387683028022767 0.714203064364098 0.680335943926469 0.11949437168096 -0.213668301104177 0.0633748241299758 0.0700766248411396 0.256540400208109 0.23394806276173 0.217414266223795 0.523026759741693 0.724521640298887 0.821144931348264 0.897536113175282 0.819423227602043 0.497142581253378 0.581687541790854 0.611651191893148 0.58874586422103 0.198149188933495 0.410407787339527 0.764197679461421 0.684116180538342
0.745538769393661 0.662580761478753 0.573394306593845 0.471186619991658 0.228325274418798 -0.0118210639090792 0.657086868268571 0.442897395120862 0.396517355047516 0.14754825631455 0.554269962853822 0.440734511132954 0.601018174403893 0.446711901232533 0.452330624102209 0.171942591357801 0.730774904677875 0.69290890141598 1 0.789468961134463 -0.0516262488140591 -0.10846783417891 0.481913423111339 0.422482126002318 0.283931166784754 0.28964870545272 0.256420413566623 0.0672788598635801 0.684863315267585 0.672947253155811 0.605311440842498 0.549553524672777 0.696756004991314 0.585189793991331 0.273609788055889 0.164757843861244 0.370039985752655 0.337792817022807 0.313825485702949 0.262356619984336 0.254253999953074 0.0693546059810568 0.617362133744637 0.637319240802907 0.551470990220458 0.529955653655029 0.593113329353884 0.627661877099172 0.608244428976167 0.540101520518013 0.604068715820176 0.559522524434681 0.619876131067148 0.579007259900952 0.618920455554706 0.606291963147914 0.63608651524879 0.462018122402515 0.659014509673748 0.634701359832574 0.617527926937351 0.431589789584556 0.653135906967734 0.655406035827884 0.375429124142893 0.274796176509016 0.483151417148051 0.495674723096547 0.64758748116043 0.60148010709203 0.378574711010201 0.0980749229600838 0.118830858221182 0.0797487274072029 0.287889233230884 0.218765109836672 0.400737371503496 0.581642614495666 0.621515832471097 0.698565962186054 0.715377332100248 0.649734911276278 0.440174724063622 0.385381158603891 0.566025827995452 0.550431915709314 0.194662084510922 0.283555824883243 0.678125970609795 0.696123577076992
0.706530877250924 0.754930173329455 0.253156407737146 0.326516250861175 0.116409330662237 -0.120877705509711 0.403098366010623 0.430353002711295 0.262834761105409 0.132765533913732 0.585085632386458 0.61700513108479 0.501049439569025 0.535623799207778 0.157218682130603 0.117529140704283 0.814246622796793 0.78337028522289 0.789468961134463 1 -0.124782776100244 -0.156939892773315 0.178580218442676 0.237612589057797 0.121744445229628 0.195388238017588 0.079397150506426 -0.0369536429915623 0.742722417967234 0.807454186939939 0.358565455712188 0.395284228333499 0.593956448626465 0.573779077002006 0.0902823735636297 0.0279743018038844 0.33011604512085 0.304508397002581 0.297183603598717 0.182595014628665 0.221316582630866 0.059487654116745 0.620108374763412 0.662028115033454 0.568719542953743 0.591110383902142 0.612047552968415 0.649297680630178 0.622430800574559 0.586787660125598 0.579560869672384 0.571740585850277 0.596898213562833 0.589504324406139 0.611430759303588 0.619089171356837 0.657943441249485 0.472198931182626 0.552732360743653 0.581744950377184 0.593272753119584 0.502098011517469 0.688069116559041 0.75551450114914 0.139512469208068 0.192243416119847 0.32628902142245 0.425666164329724 0.577435824140626 0.553517112711978 0.241659272630515 -0.0512605328408803 0.172124271814202 0.152512224491213 0.284712952632539 0.278930293236274 0.308220374801205 0.53538612596467 0.634228496670676 0.719642218015915 0.774587621405427 0.710839107820882 0.378603201474004 0.486607655010562 0.457327095021126 0.576008000052918 0.0626171489876259 0.214108230173614 0.660845495604766 0.633021746528328
0.0232818234602267 -0.107773840884485 0.193779887995836 0.163316178425361 -0.0522583318270356 -0.133956206263254 0.0412139104728056 0.0205145400594383 -0.209113717778957 -0.346497316252884 -0.0167133182026973 -0.135319895712556 -0.134570872717147 -0.0715558020996355 0.0287471940950821 0.0806833557033867 -0.0461185283883348 -0.0847617778654034 -0.0516262488140591 -0.124782776100244 1 -0.18257050784286 0.186161897347321 0.207727274937565 0.388130190416588 0.285416818444943 -0.0270566030056534 -0.0708295299487354 0.0031929422729387 -0.00822537459734995 0.0822708231009329 0.23434120360233 0.0628664404380067 0.0874922507479021 -0.00306947556548046 0.17530046696129 0.0597381359376905 0.121960179593992 0.0390111898842944 0.11004732261193 0.06514819974037 -0.0974422127561698 -0.00595151444502066 -0.0509810160611048 0.0459007109399044 -0.0574599002520057 -0.0222740326585454 -0.0731336884816328 -0.0323275971921561 -0.0437823759945179 -0.0318535064176706 -0.0805612486867222 -0.0288104541783575 -0.0562520194301062 0.0186913786209192 -0.0893887363895999 -0.0463714706748316 -0.0501650989693124 -0.00085678236992521 -0.0277915557162706 -0.122526767882136 -0.0715126910829488 -0.00780979774425067 -0.108744133270676 0.13916172497889 0.214138894627561 0.153610623674267 0.122086702294314 -0.0636612195187588 -0.0359047421748593 0.183147678285365 0.108632907581363 0.175995038172966 0.0858402461686051 0.0144964558377655 0.0596441047326604 0.12534582494998 0.103685150389487 -0.0876466757056686 -0.0496123306790964 -0.0569136970469875 -0.0279674877434414 0.0148408367326781 -0.00978985581970753 0.0613796773982245 0.104475066537666 0.0562272927518523 0.0041489403898321 -0.0275072274120281 0.0188368911402794
-0.174570479703772 -0.164671526421718 -0.0497299027418165 -0.21928307659648 -0.0805825560532292 0.0222547407877096 -0.0512636053298542 -0.0808811803849549 -0.0349062060299435 0.0290932626206971 -0.0836260426690945 -0.0358113036256305 -0.12557487625394 -0.204843008636162 -0.233245309602904 -0.251020458253767 -0.221655267847549 -0.205164396439836 -0.10846783417891 -0.156939892773315 -0.18257050784286 1 -0.180864046426773 -0.239922332171266 -0.23723444473921 -0.293386608952717 0.0322467627345205 0.210602364472093 -0.211583115274181 -0.233193178003374 -0.11835491027609 -0.226155191455999 -0.116150964297083 -0.102588596669642 0.070286480231016 0.0327450207428623 -0.0744147253035698 -0.204499553947037 -0.206014719756998 -0.0313972275754941 -0.0106205109642774 0.0546767110025948 -0.242632044608032 -0.215042088950627 -0.168956051799185 -0.180024758596588 -0.23094289472053 -0.221712990282676 -0.157250668194198 -0.181995403550309 -0.156116872533016 -0.176588408135546 -0.185850269338635 -0.180556100944036 -0.237636482725861 -0.168667843232441 -0.157831449391729 -0.156102033560299 -0.0508716810597585 -0.137961701457746 -0.0579213325436102 0.0189127595975348 -0.176657515416268 -0.160052593589626 -0.106751564901398 -0.0424703666073052 -0.125923383809513 -0.124295610749854 -0.192312072626023 -0.138380579518785 -0.211057573359748 -0.0417691251993705 -0.0577310269671039 0.101851559685847 -0.0374099567194164 -0.149907857419763 -0.040111728926014 -0.236825951815298 -0.202040296342514 -0.151426443964457 -0.193183826918017 -0.22210819166005 -0.192265249094234 -0.157346631540001 -0.202401799940105 -0.21165310426618 -0.216619921912405 -0.232834990879513 -0.132574301377905 -0.240017022292759
0.341867842786024 0.204522280198459 0.796585717292049 0.633022513100575 0.0503111606497804 0.285136281388662 0.565110132953804 0.0932963964402689 0.327567024087071 -0.0339172197053515 -0.0311978652936233 -0.194678168442882 0.281289671066389 0.112420238824298 0.765115686139837 0.440065438492521 0.279815871569612 0.252724224714102 0.481913423111339 0.178580218442676 0.186161897347321 -0.180864046426773 1 0.809746440308146 0.78977431889967 0.726090556670969 0.651350578888966 0.419402280062744 0.152954334914463 0.164699896279026 0.642662129107799 0.6594453988632 0.581015174381832 0.342122483561205 0.631500272776703 0.55427034423385 0.358064790217734 0.287875583778771 0.263408304309987 0.24649994050079 0.106837795575608 -0.0410863073569035 0.415579682150309 0.363236724803758 0.456179499414898 0.320827368652484 0.340482365284131 0.350751191483258 0.399485659480321 0.356813225756806 0.44032353322545 0.368044750487967 0.406628149050946 0.355517002312264 0.45906066086123 0.328111765720603 0.301722950438906 0.25928008519831 0.45656369610436 0.416695798457207 0.254270959705089 -0.111963755504945 0.312438331869074 0.172655916731369 0.866132125752166 0.432903096344105 0.721849296345311 0.550725188316126 0.388631642152653 0.416469443870361 0.333242707947467 0.190820573418983 0.0129492098623084 -0.033765922668873 0.135935100573557 0.0586077602300098 0.466578093750536 0.506558546129331 0.379350742250599 0.343166421029619 0.362156498961585 0.350757737128411 0.479416319288073 0.140720172404186 0.702711063470777 0.497867760411041 0.600023684274519 0.489982809783155 0.43499575474487 0.514276963900213
0.283700216363847 0.193404157059429 0.670251069353591 0.792322879810921 0.0898661422299013 0.315703651623887 0.503777308283228 0.364514172246299 0.262109513822962 0.215991443531441 -0.0241123855680338 -0.0304391752466459 0.2234246502232 0.333696947630959 0.610435744160246 0.602916971816666 0.299433007245117 0.270023323141419 0.422482126002318 0.237612589057797 0.207727274937565 -0.239922332171266 0.809746440308146 1 0.665581744503938 0.75914004743655 0.529229237461386 0.35221701727438 0.213448933507357 0.292194333051348 0.630417233527595 0.763499256164329 0.569244776335086 0.440127081689139 0.53965482162443 0.574282316948375 0.329505775522552 0.288041549849265 0.286666064311798 0.188980702610682 0.0693016800815795 -0.0599472015908092 0.360745696829737 0.304353579127997 0.380254723522609 0.249197363703909 0.286962684553944 0.283007962120469 0.317751048404434 0.266132866742146 0.314188003460969 0.260960023289304 0.329123455030186 0.281720685009157 0.365919508503607 0.23533375050683 0.285275189767085 0.228570036088605 0.426329762470634 0.326660501414532 0.213837036470512 0.0490517505842193 0.340294011346867 0.203775169306284 0.733240010813801 0.614701509629452 0.674856345830522 0.605486730273315 0.329486240203323 0.358232774406514 0.384232400003512 0.307053442726463 0.0791454728652545 0.0475848605521432 0.10558426689938 0.129843682114708 0.461562264215881 0.571113603000712 0.341405519054131 0.369793994611902 0.406621396075776 0.419576588144806 0.424519933484914 0.185867567172975 0.604624443268329 0.624374170541885 0.512516624385168 0.524255657186434 0.368222845004331 0.492868179536459
