1 0.610325410690601 0.417461898472772 0.416163772828147 0.20022243060894 0.140988913893318 0.61089444917802 0.363170782734486 0.465922068671727 0.193528452233648 0.770724893166717 0.401365004213818 0.726429140788319 0.527292776500245 0.475876932908292 0.241247719542003 0.604310210626339 0.536510086920761 0.68264119292637 0.29135506306262 0.282771631508215 -0.100482327405664 0.292417603270779 0.220235281350874 0.168696805205868 0.190536466925616 0.0861388518256703 -0.108884492964877 0.485543129366767 0.305889631140514 0.314997697792067 0.13816982923234 0.485870791036305 0.358263213085088 0.203158355468432 0.212410093913456 0.316843791874171 0.244630296576346 0.377607770919846 0.263639456145512 0.203494431417145 0.118014644054745 0.548784492436032 0.508042336699555 0.397416485794759 0.377305801016623 0.518578198398299 0.473253100785562 0.401907830389982 0.405531841918741 0.466022655818764 0.305747325940893 0.212710509020845 0.215156196579962 0.448253000776557 0.382422661044491 0.681240571003505 0.594225867252194 0.483922438561906 0.400247582807806 0.764783743778986 0.302093084553572 0.631788429613018 0.514884264221992 0.225344810206603 0.398668916762104 0.41926392902338 0.373498986893741 0.60124917349554 0.462433589095203 0.507203731440035 0.338779919660376 0.487796956131326 0.274871641956584 0.175216410927364 0.0365037518152407 0.436219378769185 0.499361259705506 0.500512125316793 0.49159277885484 0.581011776168057 0.544262272981933 0.507161419475843 0.469140671364677 0.599919790259706 0.358337637984754 0.231765091854068 0.159463812746009 0.567938736201253 0.340383310519877
0.610325410690601 1 0.518605786587317 0.574831994455468 0.332352743034367 0.254334119319352 0.592087550217794 0.435082619961796 0.350225607610164 0.335474339097344 0.446899843259836 0.356106942630319 0.52436647723473 0.499660786543169 0.481023725450747 0.319660200376068 0.79728297655941 0.82743019225853 0.590011804313125 0.507003373080984 0.400203982909815 -0.188673139221972 0.479122625340934 0.501852941978614 0.35411461402308 0.419106907297987 0.21551432815663 -0.0662019820804545 0.603240645179327 0.572028427157573 0.538880235253029 0.457669385533286 0.736569670045793 0.761730951938978 0.499528725734459 0.521550244240449 0.506838450037507 0.586599630208445 0.700670654412998 0.472378666980753 0.35581815111018 0.170615541619784 0.702890499091382 0.721887212456957 0.595924439948814 0.627151115306165 0.623443220649533 0.678099396537985 0.561416934775126 0.63902271195288 0.609393815370068 0.567485144592345 0.456818487972191 0.572762396245185 0.677297406582002 0.623197586313227 0.79890200563824 0.841495872976541 0.382870768098744 0.417059878683134 0.408755657524013 0.361517502494772 0.528503391706127 0.776640737393471 0.309250818935526 0.402150412753906 0.442132214874324 0.399744512176297 0.713543623273223 0.78294544183445 0.552267421436263 0.499419618810396 0.657784425549372 0.495149623990177 0.157461923480564 -0.0462088158194816 0.537471645319507 0.669867641876759 0.453302466135027 0.636074549211081 0.704464003619827 0.772996585913392 0.674728273364767 0.588491772219942 0.683305082267126 0.535070953891846 0.50537760017317 0.4158165928532 0.453931276557122 0.571479433098533
0.417461898472772 0.518605786587317 1 0.704664741005207 0.609155754136404 0.194083619497286 0.860347935742678 0.321025572870352 0.658745328511617 0.276279170515746 0.313515402472052 -0.0462823747017252 0.496853913999591 0.268693550156096 0.770097515767199 0.422717749864065 0.490069917270769 0.458750243216406 0.516291676891519 0.226669289638153 0.383307778445023 -0.0391961640782717 0.899861216049048 0.626053152845831 0.695141733323034 0.595883327488216 0.449087416444133 -0.0859307538812653 0.368773659131876 0.238582366585505 0.677346311319615 0.490277546383791 0.601017070147255 0.507892716635183 0.765548824024835 0.539303855626898 0.574690669814049 0.451059340029054 0.495273820038976 0.364457420137975 0.433290557911856 0.0932219315824942 0.616011260206391 0.508542834444565 0.486303940757428 0.394079559093222 0.473992392175458 0.538247529549706 0.40248441365777 0.436767284341694 0.57662164069993 0.386511258562402 0.354356817743281 0.450836121268005 0.571695704374281 0.429240218494538 0.515088627660191 0.616446640833169 0.316402590204438 0.301700982167729 0.455253457251899 0.179286249142834 0.4230518045258 0.392004800393823 0.777951725578091 0.511815631943565 0.718849564001576 0.431184293303045 0.636116525704642 0.593177639568972 0.591401242986711 0.434271407224597 0.3458596946738 0.247922141511861 0.109748287355753 -0.0243787104297429 0.494122736257424 0.492072913422733 0.33256178474053 0.362396661111411 0.356923095386029 0.52278914713753 0.544613013426288 0.49668344190327 0.789756663279815 0.642012078426103 0.48229483706967 0.604994356801814 0.639281439842889 0.586348326337828
0.416163772828147 0.574831994455468 0.704664741005207 1 0.575857465480451 0.529431445464542 0.742387936382246 0.683068408242517 0.537686964856208 0.58028848026278 0.292782673822475 0.229620649429997 0.480806991476713 0.530490864609195 0.54416726181939 0.62794226847368 0.496069790868868 0.51464495626931 0.513510005852293 0.221231185629657 0.313242210914382 -0.142141834757736 0.672368328014905 0.773647467244255 0.452820507662917 0.492568807976447 0.400377281722381 -0.0737469856609904 0.346190611627481 0.361138113801086 0.556608253005281 0.569673698052143 0.588133268183381 0.613098616568479 0.660283528998041 0.689106484652664 0.492750484502597 0.456635141856798 0.50990585853603 0.459526928828969 0.389469674629588 0.140503166692729 0.68506008627791 0.601115722427862 0.602785572266141 0.588604707334109 0.594027438279497 0.685148174648993 0.443937412584664 0.490674551853656 0.618117681326331 0.466286350185457 0.450357284123092 0.486075474535581 0.626698821585318 0.572134810501095 0.504858643161487 0.572870457003019 0.330233765024303 0.395643931961538 0.465417727943642 0.672614400641849 0.351307916894111 0.560803125898017 0.6659688183443 0.770697676577064 0.635139608271814 0.683051510504798 0.653518818397477 0.62984602611077 0.559360863005379 0.554401914408172 0.356707619818908 0.361157763295252 0.199868350198809 -0.0457025425396424 0.519886682268147 0.63259561654849 0.388498104205549 0.455396281468704 0.409350343313055 0.625261035684859 0.509300393901077 0.533713727884907 0.685534449904057 0.833316340121624 0.337563218119958 0.568454745000155 0.631479053929582 0.717637282587211
0.20022243060894 0.332352743034367 0.609155754136404 0.575857465480451 1 0.307299494967964 0.506009663179506 0.336649539719757 0.528745833639573 0.507493893517964 0.174813503697991 0.0772729395938788 0.242393880232938 0.267342446945965 0.558287729319819 0.442060318188063 0.248025695921257 0.252520830579207 0.24968241736103 0.0860597821462148 0.299532176591685 -0.151749905079542 0.570936071723617 0.507766476723119 0.559147341704486 0.368308221456752 0.345599081587897 -0.147675656038891 0.127082763405101 0.16108364418043 0.329041089322138 0.318370913586332 0.314943382471279 0.308641571724328 0.514957238198281 0.368874679392983 0.301525769512519 0.239257252023233 0.321268313667937 0.314346872946474 0.297162674291813 0.202206146006187 0.445888012658894 0.35914470058113 0.372191669019232 0.298844416838181 0.36718088214488 0.408505356012178 0.390465741024284 0.369391674102209 0.519928469524174 0.366381598343217 0.309399339610967 0.334364318471577 0.44839707549855 0.407899294789951 0.272351654430759 0.387122313665334 0.219455661587516 0.234637248645229 0.369920461053629 0.345503177786608 0.190094763109871 0.244688131286561 0.648172519962805 0.449150170728213 0.429764072251812 0.311986017476371 0.450221285605582 0.419552526313907 0.314860837458723 0.329443317901902 0.286983368249532 0.153362379586005 0.0874422809773281 -0.163819261813335 0.318114755591409 0.293497366899399 0.198435389352721 0.197312482222095 0.179251609767698 0.285848438139196 0.396287498703981 0.268025109961616 0.576765819511282 0.552191673635919 0.458712696432866 0.444939142130655 0.50123608813155 0.522914458248432
0.140988913893318 0.254334119319352 0.194083619497286 0.529431445464542 0.307299494967964 1 0.298579281354285 0.597766339914792 0.317415805924845 0.660601947521028 0.0636431422753934 0.13444298847635 0.145930129654007 0.358567996693406 0.184911413875151 0.564468697589291 0.170347985073913 0.254867356754188 0.140638207814576 0.0706274939242231 0.329912753787563 -0.0666273083443515 0.304923136435018 0.573498974508452 0.131447037614744 0.155290408592845 0.450558134888727 0.160709269184777 0.06332513691532 0.255540576242554 0.234534302026444 0.457906219426811 0.243029285705117 0.370860191278079 0.24309737185932 0.367251728869916 0.14746378019471 0.19192021437889 0.296284750899296 0.346439169946214 0.229329273826077 0.198254719650345 0.25980304335477 0.283746326201888 0.236626705309487 0.286999397977563 0.312678133301388 0.33349281740388 0.147943542012205 0.138989046761323 0.213299259561113 0.193618067617096 0.240164907939925 0.318480714607819 0.2621519055409 0.229085458603549 0.158346380162793 0.263356590262634 0.0737077504106912 0.0824243944670573 0.151763917158836 0.553721380318125 -0.0367039566695123 0.266172275256121 0.320865723226061 0.395377724873682 0.21134743801661 0.357643034789387 0.320755756863228 0.328806631468485 0.254594940725542 0.378310049986771 0.175624547817915 0.190784287547408 -0.0181854559135059 -0.0919420361771078 0.279291829810117 0.394142511050885 0.10252492265735 0.346700913416526 0.145598144783081 0.327259009123496 0.235723986165109 0.149560791135749 0.194340690780887 0.383245220399202 0.19383323099114 0.237108555038449 0.163429256464854 0.330417837802659
0.61089444917802 0.592087550217794 0.860347935742678 0.742387936382246 0.506009663179506 0.298579281354285 1 0.553223128560097 0.696380497637691 0.311936380870395 0.547939327949852 0.127304067231029 0.692142189587774 0.426392397208325 0.635871276979742 0.327455731655718 0.614517553759762 0.567883327801532 0.561025336002304 0.270615180139116 0.355960542971147 -0.0743106490285452 0.772933165347549 0.566942268753166 0.444483835802288 0.387074898417777 0.309574115602491 -0.106608919869557 0.492020100469818 0.348460968678924 0.648904073824546 0.454672105764884 0.714409537508181 0.593116433175135 0.62710575732998 0.499168053120815 0.57247417873144 0.423992815898377 0.490774363307396 0.328759455690677 0.402510021129578 0.0202138937920746 0.728766487964364 0.57175521156561 0.629162819704505 0.515725891849038 0.580592914782057 0.63570284993588 0.472040205351956 0.504924471292511 0.618257677398707 0.390747118203942 0.33842203562245 0.405370141736616 0.537314611780779 0.41224458400953 0.613041356940855 0.641428706321636 0.446067000878177 0.418625871154949 0.673027228923375 0.357256925199269 0.595252485564305 0.571321215325853 0.639287769155668 0.575414579187301 0.744929754357854 0.552891143462321 0.729974420127565 0.670726454121074 0.63899433374514 0.486823110883981 0.402032734855736 0.307786233547782 0.170887388313495 -0.0149996650034867 0.575935629794283 0.614620991858248 0.451282922908511 0.459383446495486 0.514623854639348 0.617366699067317 0.552659893770546 0.554023938581219 0.808136700377868 0.651306156532973 0.308067184173851 0.455483491270669 0.64257198677488 0.52901739245784
0.363170782734486 0.435082619961796 0.321025572870352 0.683068408242517 0.336649539719757 0.597766339914792 0.553223128560097 1 0.39767544454463 0.575370120786666 0.353533320473101 0.507265942156036 0.262638898622646 0.552675631744945 0.140228172097588 0.295996215235534 0.35123462552717 0.394169333069909 0.326278286732126 0.38377538900347 0.278279262242243 -0.104035825687091 0.287598718261564 0.525682964408969 0.0924404695388665 0.208317426302744 0.185196594826037 -0.0614192101609816 0.353504359708599 0.436624294907253 0.381673821974758 0.464530773220415 0.469760930744344 0.561809190807889 0.239997328230999 0.406914654556887 0.359870662347496 0.199199603997022 0.258679747283579 0.230256847256932 0.214797715047453 0.0393294539337406 0.573683984156735 0.46762839142974 0.509969748511392 0.476292426959884 0.458008417921943 0.601061663156558 0.391159139510339 0.47317284711182 0.4325282719524 0.407442163693837 0.365449567010778 0.439896944024995 0.432071614070879 0.358250952874183 0.365013457769617 0.387787067140212 0.404116998803391 0.495108740863522 0.47031646811504 0.777423933589695 0.30374543362659 0.580870643289836 0.211527629409532 0.542396567466247 0.386492386726318 0.543946191627274 0.575592942187535 0.479491712036096 0.353781798985445 0.434588457956484 0.328382742229976 0.36003263562222 0.100850918999086 -0.0562565839072505 0.430539384829581 0.491080326405831 0.284304298818871 0.318174792815292 0.407066262023026 0.463768684997622 0.319401537074953 0.362886981497192 0.352998119054811 0.496241783831191 0.0686778883229846 0.202917093212655 0.452443736343598 0.549147865127468
0.465922068671727 0.350225607610164 0.658745328511617 0.537686964856208 0.528745833639573 0.317415805924845 0.696380497637691 0.39767544454463 1 0.512397260813016 0.464633657153043 0.221190712700605 0.551946721412654 0.464331562230325 0.703406818609783 0.449947056759868 0.360123570877624 0.364144315933707 0.372045602847883 0.200833878547694 0.35249796976386 -0.136991084114569 0.61722400559969 0.498836325089908 0.297522020360673 0.281779533236449 0.325443139296708 -0.166804064799408 0.300782509755266 0.204689227878225 0.365637405555908 0.289972682408923 0.37205045742523 0.355577443799987 0.351836475315545 0.294955958832736 0.369116227038825 0.220348136157942 0.366491350870871 0.287577677305327 0.30553524451147 0.0385514336868669 0.452615662788899 0.400670240606533 0.291224526824854 0.250622835684032 0.405959266581389 0.41810753088984 0.184727400751858 0.189163479431389 0.319915480407146 0.136377427864151 0.142855281323253 0.201308937497099 0.424367429485715 0.287216124097479 0.393821879050761 0.423637303618995 0.20697990986356 0.128151488012615 0.592314751068644 0.36560014377212 0.419138902704042 0.318043682406389 0.610099487166663 0.368655089092179 0.36792799165643 0.266089513226751 0.514461236321186 0.446693935575507 0.417368281317093 0.368250970327034 0.33451868942072 0.205499914080691 0.171494906188253 -0.109372934887126 0.458391728440326 0.397230691846943 0.27881787976 0.317037179515921 0.315670571719414 0.364523412709636 0.447652153429493 0.345757837624507 0.631366260414896 0.498667222504152 0.299781934143468 0.319872603913507 0.524524259275746 0.445083846716903
0.193528452233648 0.335474339097344 0.276279170515746 0.58028848026278 0.507493893517964 0.660601947521028 0.311936380870395 0.575370120786666 0.512397260813016 1 0.125742882493195 0.290143878349101 0.205500602420411 0.485457092494115 0.370704478207833 0.647076320561387 0.216861362798546 0.282873791235756 0.251962226929554 0.163465582613509 0.276398614853011 -0.220325928471149 0.307211686204566 0.546116821682969 0.187141920152136 0.212667541543695 0.325757045141617 -0.172673373608022 0.0540330220529233 0.160375254568324 0.107560591927568 0.271185955864049 0.184620944249215 0.338547665540517 0.229448701795862 0.341544289617523 0.196378971509385 0.241175421012502 0.329395818900178 0.367255008432287 0.21457937063857 0.139083860949024 0.277625175695464 0.265391166196832 0.193053531365397 0.220662344688258 0.255995273717956 0.298534623626741 0.134091697162829 0.162336783755544 0.238354048355772 0.182475708935748 0.145819989626012 0.287147323733106 0.29394474961212 0.248416062130138 0.270500385236849 0.366876464811727 0.0345048185325707 0.12056311733006 0.245302991163437 0.663726275091991 0.0658654152696306 0.271443005663651 0.418547469847721 0.443893305331833 0.120657980218041 0.269324387220269 0.432342827574763 0.375039570424149 0.222563039385133 0.353194410418444 0.279956266474413 0.213244746828649 0.0163282027962809 -0.165975271971801 0.272066809649491 0.388758542076412 0.108381751357291 0.415133996064011 0.23261380706619 0.33411742880173 0.320949901754636 0.245627704909051 0.353921971181387 0.513622016744202 0.326644622896482 0.225698193002707 0.316552489024927 0.463735129899377
0.770724893166717 0.446899843259836 0.313515402472052 0.292782673822475 0.174813503697991 0.0636431422753934 0.547939327949852 0.353533320473101 0.464633657153043 0.125742882493195 1 0.525387140040637 0.691909421077415 0.49065400121178 0.363896401213801 0.0812862804815295 0.476682338946505 0.42801185886992 0.415741829811686 0.234586206466291 0.217792733695633 -0.0708729487241438 0.204393358086989 0.0799909698369361 0.047175529253571 0.0720149294729245 -0.0856328926709853 -0.0738110421443301 0.475494736340793 0.323799466419402 0.217654347946939 0.0255700524763398 0.390677410055187 0.297814761756331 0.0791670150903907 0.0722101414676563 0.270416217066251 0.209818094829806 0.323804604298139 0.217041137959637 0.252904717501938 0.123379183501328 0.459757029622105 0.451598822004503 0.294639466739774 0.315930631079228 0.445261694533369 0.411858179950279 0.254993542136855 0.277906917879499 0.337503451025333 0.169278255892319 0.100820446151988 0.0756403937284101 0.346619600079458 0.308576161102119 0.49302073894426 0.446032477918971 0.371509422320016 0.318248169420431 0.793449472632581 0.334775836879301 0.564574401872394 0.491545684717246 0.12361602855832 0.310572090444542 0.278545509936678 0.274985738255838 0.418940531734241 0.370315912012098 0.430070655180734 0.31510673780213 0.436135188377417 0.308586676472722 0.27223071262037 -0.0176534450814189 0.351032805626093 0.365983679921507 0.399967469051149 0.368814675870047 0.52301198357655 0.433795280149577 0.420238542238364 0.455990613744956 0.483245820277017 0.267586790715065 0.144740838100023 0.0737592195119041 0.502318216619702 0.285212523000023
0.401365004213818 0.356106942630319 -0.0462823747017252 0.229620649429997 0.0772729395938788 0.13444298847635 0.127304067231029 0.507265942156036 0.221190712700605 0.290143878349101 0.525387140040637 1 0.248230345597611 0.679473154244477 0.038683902284521 0.133304642620251 0.218465273599882 0.268767569750448 0.16719562480586 0.403480180704456 0.155289859874577 -0.22148538908802 -0.123516105063644 0.0923451842241473 -0.134277513382149 -0.0367535962317771 -0.128648609770924 -0.0758946224156784 0.38355280860361 0.417094810155654 0.0170950748008363 0.0944994133898747 0.15112164314222 0.222708361495674 -0.158610137599502 0.0314727416572609 0.0744189407608182 0.0783611384449252 0.236309818662724 0.182161745888602 0.129919114570479 0.015440696944369 0.266134636196815 0.346038696031053 0.175781073691644 0.266376335843971 0.312291898944939 0.348980267414981 0.163888778431417 0.224898113340043 0.188766225845273 0.227293123677721 0.185136537956441 0.167299342439625 0.309025880534495 0.372432104041235 0.170385015148127 0.190612631395672 0.237438334486587 0.2850772746334 0.460195103697327 0.606591447112373 0.240703653403833 0.49438935775629 -0.120109138973947 0.255213221423109 -0.0199441857954085 0.204833375407671 0.243274313450599 0.212679535488887 0.229332126423894 0.316854474255842 0.404038821936262 0.43278978863913 0.170244897779183 -0.00280144315701849 0.141076740053134 0.146353183425465 0.141818007065638 0.1911924661342 0.352650918283899 0.315883034736429 0.216810624814424 0.290349968335704 0.164053982284606 0.245925395334724 0.0889214172877474 -0.0136714697879289 0.224356141159784 0.306705708898941
0.726429140788319 0.52436647723473 0.496853913999591 0.480806991476713 0.242393880232938 0.145930129654007 0.692142189587774 0.262638898622646 0.551946721412654 0.205500602420411 0.691909421077415 0.248230345597611 1 0.573829545763194 0.643456059903113 0.299880529077983 0.610418015180782 0.561932568949067 0.598608767789045 0.104417581946604 0.249327204934908 -0.0625823523053761 0.475741359338011 0.269702229902622 0.118381760253769 0.123736991225503 0.0655199548445909 -0.167842826638258 0.49217754520161 0.313987310574327 0.387077392718198 0.114763128989672 0.506082363129887 0.356261821231273 0.273765063936735 0.220882830448621 0.260495629796497 0.255500593802834 0.396616809593268 0.244342503957729 0.310934197141252 0.154487295354136 0.501418934952827 0.473668471811862 0.334216346329877 0.331668865036259 0.397012069733631 0.426361024960594 0.212635943621937 0.238639092440768 0.365214601491502 0.128632457855028 0.129992980909116 0.110857108540214 0.364907058008951 0.296675445315816 0.584349296277644 0.52966785908324 0.179086657954825 0.174944590355798 0.691759290965986 0.287624083322159 0.59434636423106 0.470905787320908 0.373286840723241 0.363801297140055 0.379590534682236 0.326939631661443 0.535933474410449 0.510383071776283 0.596735426176441 0.364142544103063 0.429812099819006 0.266738228241153 0.254966949291632 -0.0580336416463082 0.452753209273371 0.583656602316371 0.458702416286796 0.529357972629235 0.556526651097756 0.604012081193575 0.499608227942069 0.519062128234456 0.688647408200042 0.504694844456226 0.201831443453 0.237405505415685 0.459887164121774 0.301920669652216
0.527292776500245 0.499660786543169 0.268693550156096 0.530490864609195 0.267342446945965 0.358567996693406 0.426392397208325 0.552675631744945 0.464331562230325 0.485457092494115 0.49065400121178 0.679473154244477 0.573829545763194 1 0.402017891837114 0.50811157917697 0.42164888242984 0.473593302180542 0.41700002274923 0.341526026670731 0.382537818972977 -0.239267532034841 0.303013106755259 0.46590946611745 0.0553854869208582 0.172870232218666 0.0764178195430777 -0.128928810995608 0.461759257605091 0.541568496108298 0.336876059660391 0.353336519932703 0.442743859074897 0.446838964028372 0.191080538610661 0.368014944940796 0.212550214256831 0.163788224939642 0.414264851152024 0.258380904901721 0.317536512339344 0.101811391545747 0.431565843324294 0.533697468699468 0.319702920797274 0.455535452043133 0.444133707971777 0.473280317938705 0.160398120112706 0.254683669316554 0.29542550131636 0.218318081943677 0.203811428876822 0.257315807536714 0.475881983233849 0.409189768514048 0.335360126567378 0.380837147606933 0.0438957965334334 0.109417314151669 0.492229430028005 0.659164169481064 0.393396843988507 0.562795888839681 0.235709073203322 0.395215432838405 0.234140350006836 0.418546330628212 0.471124220136586 0.421427701092078 0.503370915025204 0.533910741528362 0.543294453031726 0.466915755253667 0.237224228511961 -0.0400247278368 0.435328213517891 0.45626261129064 0.316269871872845 0.471830385701943 0.540091770377197 0.611340391079828 0.46250357634886 0.491814563984467 0.472758514692365 0.559107302138021 0.275157790752914 0.314652114372937 0.34601375559765 0.378553605487036
0.475876932908292 0.481023725450747 0.770097515767199 0.54416726181939 0.558287729319819 0.184911413875151 0.635871276979742 0.140228172097588 0.703406818609783 0.370704478207833 0.363896401213801 0.038683902284521 0.643456059903113 0.402017891837114 1 0.602097130132614 0.462223170719548 0.469346857526692 0.557781641343053 0.122617117560445 0.447930680720739 -0.0690798173400697 0.777431835792915 0.553360309921318 0.559865033011611 0.496008807252718 0.352284584268057 -0.0811652712150115 0.371026504019869 0.241381106435993 0.517998762409993 0.344708817113065 0.442999277306729 0.385250711249469 0.564006851020627 0.422522040540625 0.412730302054059 0.351230925360026 0.4870838110374 0.312020095316136 0.416441963530701 0.215619307606572 0.462269523664388 0.436668316568876 0.2656792611039 0.298419330105758 0.389516686524545 0.401481144590082 0.219085287231841 0.254651992289135 0.389392549818594 0.198342230537773 0.19061170232061 0.260508044197893 0.517325443193169 0.366697104318066 0.494598819149073 0.580515443149129 0.120771520592614 0.0810886856248777 0.442330375855169 0.157631148922787 0.425007910754699 0.302500939905388 0.715314352773328 0.343702752813902 0.432466851705641 0.254586301493851 0.529980593251395 0.513217874018206 0.544986658817031 0.419863652140999 0.387587367114301 0.195346198472551 0.107692379941196 -0.149658761158523 0.45157467605205 0.503166130811981 0.307382598096778 0.42931728927488 0.365470713750114 0.510418636424722 0.581242432506754 0.437704463566414 0.77095719656175 0.592128539174686 0.514571307860816 0.536359169235793 0.550154460730382 0.475754728963087
0.241247719542003 0.319660200376068 0.422717749864065 0.62794226847368 0.442060318188063 0.564468697589291 0.327455731655718 0.295996215235534 0.449947056759868 0.647076320561387 0.0812862804815295 0.133304642620251 0.299880529077983 0.50811157917697 0.602097130132614 1 0.233990900237353 0.283862157765507 0.360058192144437 0.0740790511160317 0.423481269568324 -0.073575296556163 0.494570203428063 0.713293588769728 0.385838646343696 0.456160806513633 0.470142589703073 0.0436799262524688 0.118273123546182 0.224190116040173 0.281988242795884 0.458179243476675 0.300388205298747 0.335309269511841 0.518229101854949 0.620158407335622 0.229142722584208 0.250814765668374 0.39931541880366 0.373542698011503 0.387396849747914 0.237451040703575 0.316178707011691 0.382730939518021 0.215005490739813 0.341629953529767 0.35087083645635 0.350841143698591 0.0952621498871909 0.111658032082477 0.290286901643757 0.160403334909951 0.191491875010524 0.284676112330519 0.453488893002742 0.392447854282427 0.238232186755742 0.361944688437175 -0.0253769408012572 -0.0369957931882058 0.194323602831711 0.441635718166408 0.105464930820826 0.246633564914187 0.57815915590717 0.511074974296084 0.349156678878394 0.479807396767139 0.353929681751337 0.363656569950012 0.361275785979385 0.425748745429615 0.265405604008666 0.259460578094527 0.0438153849468301 -0.0297824976147649 0.372904829922385 0.432670050279097 0.118511626176741 0.432137931763892 0.18198652366696 0.413990386919302 0.418755095796316 0.297164115753646 0.476201264748987 0.635385175450476 0.400721054619572 0.48018048229242 0.386471037110643 0.458645420497461
0.604310210626339 0.79728297655941 0.490069917270769 0.496069790868868 0.248025695921257 0.170347985073913 0.614517553759762 0.35123462552717 0.360123570877624 0.216861362798546 0.476682338946505 0.218465273599882 0.610418015180782 0.42164888242984 0.462223170719548 0.233990900237353 1 0.898081641360205 0.579314589901171 0.44606332094892 0.335708970765078 -0.0633991843374159 0.452232297757398 0.401976481766497 0.246247618512733 0.292966570832902 0.116681556482874 -0.188890634656129 0.691432114915513 0.559701381165158 0.538630843703772 0.346486635266874 0.721295151925099 0.655061253617351 0.37407263793457 0.410587090083343 0.47939191195119 0.541913723462289 0.554431361500059 0.345829228802365 0.370840085899133 0.190002511800624 0.607942463957045 0.597626574973594 0.47662519750038 0.476917473895216 0.500441048666684 0.532260459674103 0.381845377957795 0.449068728700518 0.440214308433633 0.30329767343933 0.304772299542527 0.364702023418369 0.45911046924359 0.382128546533718 0.857040859650782 0.800825493474166 0.339228961090437 0.316277437010466 0.390838411407192 0.215881884398587 0.698947482417092 0.681407710057098 0.221384435902511 0.30734095225677 0.396893068860022 0.35571684011196 0.694836424849046 0.715573943854152 0.582473071589595 0.489612331815535 0.610839829586833 0.426867182603594 0.174265686425008 0.0269810734791184 0.547278170505132 0.667648972111872 0.601237709430843 0.586236065495588 0.816953073884217 0.759113433936203 0.692862402186422 0.621842457788114 0.664917998235239 0.419105679416924 0.310624396538133 0.334003334573339 0.417778432955829 0.376117264583881
0.536510086920761 0.82743019225853 0.458750243216406 0.51464495626931 0.252520830579207 0.254867356754188 0.567883327801532 0.394169333069909 0.364144315933707 0.282873791235756 0.42801185886992 0.268767569750448 0.561932568949067 0.473593302180542 0.469346857526692 0.283862157765507 0.898081641360205 1 0.544270140298662 0.462341660864409 0.366112421003701 -0.157818779445199 0.469870941791101 0.485352935818698 0.231621148024586 0.295605618471771 0.157986802513915 -0.177866105706912 0.744390284511848 0.689123335815208 0.591772242222984 0.435075001245127 0.724980055319708 0.72835092564847 0.366568316224014 0.457838252096761 0.456160630582106 0.56605359741814 0.580820947582319 0.365377412817943 0.412522763837771 0.192940263126434 0.602967290003863 0.625906364356361 0.477221409801206 0.526982001886195 0.517636099447208 0.605402332956926 0.372652067400253 0.443928178705164 0.38050031616144 0.318889282756158 0.289759466735564 0.413816228163642 0.512691518398167 0.422337904848016 0.796749535796306 0.814151127656377 0.273068545421327 0.258711465989356 0.332308814601886 0.284219367841725 0.655263425036519 0.75351255087396 0.235402065900973 0.246374885367502 0.309169048824527 0.308018995615265 0.660868943543302 0.750652086821727 0.559390300872589 0.536639847065425 0.625918633164229 0.452270938585166 0.188122534835574 0.0142537174825375 0.5794228811547 0.740119203599057 0.572588634005866 0.661319610583334 0.801927545285975 0.783400957098953 0.663731531829395 0.592115270027897 0.638597544156141 0.432008549962846 0.335333225672491 0.358120135155342 0.331945663272317 0.380512771274164
0.68264119292637 0.590011804313125 0.516291676891519 0.513510005852293 0.24968241736103 0.140638207814576 0.561025336002304 0.326278286732126 0.372045602847883 0.251962226929554 0.415741829811686 0.16719562480586 0.598608767789045 0.41700002274923 0.557781641343053 0.360058192144437 0.579314589901171 0.544270140298662 1 0.393403764398847 0.303925225046222 0.0222521696702335 0.508395670176336 0.360925125238739 0.334001542353778 0.312751827900685 0.221738263861009 -0.0835239318586059 0.525598275854024 0.385416361100875 0.49528307821429 0.255487379487856 0.550062932845965 0.433078315809927 0.407506595073394 0.351084981527971 0.280240349431596 0.255880855138314 0.333542078997364 0.153439405911987 0.24298355039551 0.0887972585664738 0.569482770292255 0.473095567199738 0.413683287511018 0.382677770992431 0.453057398904374 0.482928765555703 0.345063569259559 0.368704366035707 0.426398123934686 0.309348774529665 0.280127957489983 0.33829249209342 0.462075258148563 0.338311116925603 0.627990726851192 0.565687871746659 0.31769906318312 0.265139199036582 0.41340414777855 0.227947222772482 0.51318340475176 0.508022781164868 0.330236802698417 0.313373329126933 0.436696673288286 0.344983344096705 0.639694725080778 0.505908263196006 0.615004229553275 0.346799874492275 0.493918243875038 0.399377382667284 0.172091080352354 0.03933280880849 0.417090795342125 0.526667207587941 0.449461157998517 0.475962323230497 0.551662471054041 0.570959242182657 0.497386277790373 0.440772446318287 0.574824920993327 0.375754737793808 0.246289042037739 0.264543879088107 0.509293132416143 0.33719234220508
0.29135506306262 0.507003373080984 0.226669289638153 0.221231185629657 0.0860597821462148 0.0706274939242231 0.270615180139116 0.38377538900347 0.200833878547694 0.163465582613509 0.234586206466291 0.403480180704456 0.104417581946604 0.341526026670731 0.122617117560445 0.0740790511160317 0.44606332094892 0.462341660864409 0.393403764398847 1 0.273405572463219 -0.0811162438918849 0.273125905453735 0.284193300027593 0.208695362941233 0.161134450436533 0.108872119254668 -0.0520827726085715 0.595377096039155 0.597782958849092 0.498626728066722 0.401978058121317 0.553221003415428 0.584628003427729 0.204373272561047 0.176601333672403 0.240595550599845 0.229747800102671 0.391485398577827 0.13819348418922 0.118768984715153 -0.171265303672266 0.383829128667451 0.402526178123888 0.356357657561502 0.373534072020258 0.332686081525574 0.362555136570307 0.246381128890433 0.307818390528772 0.160400789538336 0.183828596865863 0.108529148581877 0.268688834389568 0.28888897626856 0.24244950250386 0.360677168345573 0.420454618119411 0.31312424293624 0.251342582744024 0.0996653846820544 0.19799472448656 0.298134883376693 0.558438199770604 -0.0403423870686125 0.0638320125016526 0.140465650717919 0.129224012864477 0.426030125698616 0.41594689636297 0.31519614528093 0.447377940238642 0.54720195030122 0.483464102891099 0.114846500602254 0.107533094923621 0.335914836426877 0.212837231873471 0.192148986715086 0.355597985561572 0.420134350809333 0.368376611574203 0.303973723909605 0.225812695503295 0.169770808436674 0.108120257493874 0.250686490188596 0.156875746306467 0.115357869454396 0.24691810735101
0.282771631508215 0.400203982909815 0.383307778445023 0.313242210914382 0.299532176591685 0.329912753787563 0.355960542971147 0.278279262242243 0.35249796976386 0.276398614853011 0.217792733695633 0.155289859874577 0.249327204934908 0.382537818972977 0.447930680720739 0.423481269568324 0.335708970765078 0.366112421003701 0.303925225046222 0.273405572463219 1 -0.0565658743720137 0.44627812212974 0.425763609529587 0.4406810928041 0.485100552695782 0.340156216951102 0.0952201908706572 0.302926647294182 0.322403842280934 0.455213947231127 0.48859800884464 0.473596558581483 0.446489860754481 0.438146559101441 0.421366321072705 0.327945424917455 0.310512391767477 0.487863649487476 0.306795044401486 0.353502021826981 0.147337811466923 0.436200186718006 0.391431854621708 0.266750221821555 0.323411794449193 0.288584795067867 0.338890603988934 0.146387135067686 0.26945276698154 0.242538179399281 0.180130955723725 0.086901646004089 0.342068651583043 0.3811161490855 0.250764818599363 0.323840005473287 0.416084378357151 0.0706412413953487 0.0544422807536526 0.213774241753613 0.208687276531746 0.20882259162489 0.264109912268163 0.337332849049194 0.246072193517556 0.326339430079424 0.254660699692702 0.410888021665694 0.506690640015232 0.385735956371411 0.442995392595269 0.422445313189865 0.268468785077842 0.0777878950118995 -0.0930818198756008 0.46057792853375 0.338252125756394 0.101555866469793 0.29938439894008 0.354283465860104 0.401437037383407 0.442857736007437 0.307479339430575 0.419480146660124 0.337259704447425 0.475671867193523 0.329180495309213 0.334372829521262 0.280071653888933
-0.100482327405664 -0.188673139221972 -0.0391961640782717 -0.142141834757736 -0.151749905079542 -0.0666273083443515 -0.0743106490285452 -0.104035825687091 -0.136991084114569 -0.220325928471149 -0.0708729487241438 -0.22148538908802 -0.0625823523053761 -0.239267532034841 -0.0690798173400697 -0.073575296556163 -0.0633991843374159 -0.157818779445199 0.0222521696702335 -0.0811162438918849 -0.0565658743720137 1 -0.0275496449074351 -0.112819629083554 -0.0161578866563606 -0.11467704555998 0.0503215075625745 0.193979122931496 -0.0441838122518455 -0.108924923863617 -0.0138119042149038 -0.0551119010364904 -0.106433929187695 -0.180176893448208 -0.0297239671290089 -0.0512683937939909 -0.142617392190959 -0.171049016165858 -0.242251678998807 -0.105818547098273 0.0123276678182098 0.168322132637259 -0.076854588723027 -0.090460310349839 -0.0135760369473014 -0.0499943795031915 -0.0482353709402261 -0.0908254022321085 0.00611952139391255 -0.0761282310309731 -0.034161425511353 -0.0354786527017533 0.0179641091225062 -0.0258826932387704 -0.0682274462107602 -0.0352617388517552 -0.129541720421981 -0.171793697887443 0.0558339064288858 -0.0197598043388131 -0.125342765913202 -0.24347878587888 -0.0372086626132928 -0.111720025481403 -0.101517657239255 -0.142514503305002 0.0434607562342101 -0.00678993371220161 -0.142154926755194 -0.205105496414695 -0.0110948727600865 -0.112838510981898 -0.189788168294104 0.10925781334729 -0.0155700299170512 0.212609747064021 -0.0860436629244138 -0.172006836681017 0.0367682626131002 -0.100150101362093 -0.0741717710226782 -0.107116148896392 -0.149460726068376 -0.0673620702733719 -0.0899296501476756 -0.165845753822302 -0.262927274960024 -0.0311206074063298 -0.023104397168167 -0.0891076135821198
0.292417603270779 0.479122625340934 0.899861216049048 0.672368328014905 0.570936071723617 0.304923136435018 0.772933165347549 0.287598718261564 0.61722400559969 0.307211686204566 0.204393358086989 -0.123516105063644 0.475741359338011 0.303013106755259 0.777431835792915 0.494570203428063 0.452232297757398 0.469870941791101 0.508395670176336 0.273125905453735 0.44627812212974 -0.0275496449074351 1 0.687768631863934 0.670789709917831 0.571442442478004 0.496000824433476 -0.018517422979269 0.426694417986335 0.378804372870716 0.79023554544504 0.60335221374631 0.658328602599866 0.59233266271464 0.783341473352541 0.568200758207253 0.465605780847798 0.394231513186285 0.530946676451364 0.309925920542007 0.415209111364353 0.0693624676051794 0.556016214899214 0.499088911687888 0.451513751002984 0.447520324947269 0.44972202565005 0.516817828495888 0.309364267037942 0.343399787802557 0.456931142447261 0.290558452284893 0.265082907136239 0.407010806462327 0.548233653272088 0.380656632222902 0.418388621362426 0.550083099535378 0.155168492992012 0.135220842522738 0.281349011978994 0.167286977856194 0.340168644567645 0.378133768962993 0.783923110641511 0.363474174560622 0.594506194674967 0.34743061079699 0.528336660709184 0.571930691712398 0.632589679146831 0.519264981565601 0.373232335330409 0.279030359370412 0.145050506983935 -0.0528576365995396 0.532193249544846 0.51116030322672 0.286981847655725 0.43550516783571 0.318908563879841 0.528198030938 0.498297926471247 0.427063330526843 0.707701081593188 0.583404751397093 0.506473796866622 0.62009166802904 0.496404615390071 0.473237028074553
0.220235281350874 0.501852941978614 0.626053152845831 0.773647467244255 0.507766476723119 0.573498974508452 0.566942268753166 0.525682964408969 0.498836325089908 0.546116821682969 0.0799909698369361 0.0923451842241473 0.269702229902622 0.46590946611745 0.553360309921318 0.713293588769728 0.401976481766497 0.485352935818698 0.360925125238739 0.284193300027593 0.425763609529587 -0.112819629083554 0.687768631863934 1 0.509860884466578 0.581642058117757 0.514407734451636 0.0623302257365571 0.338219695844468 0.452538025645185 0.623439334363778 0.765523380902801 0.564424839440568 0.657565039070707 0.653241422620045 0.73253123296935 0.367030828447352 0.361301260728614 0.500080546952975 0.42055549478501 0.422802672108299 0.209978635623521 0.533004592548596 0.548877879909171 0.461286651891178 0.551741137407193 0.500038234320294 0.5667275708636 0.332612323766196 0.333199169394464 0.438805639256576 0.346168436312067 0.3510395758071 0.435913107713352 0.602365231195539 0.500399174886304 0.393644377469408 0.502724427310411 0.185666551127785 0.16414063482193 0.192949341341483 0.4273380139734 0.296177271782095 0.472823297243257 0.537880691105835 0.546352725553399 0.52714322758877 0.588238268801548 0.506075100353796 0.540599115920976 0.411935585689694 0.52407603825759 0.386128537218366 0.356746971276372 0.0774459414581121 -0.0711985504539594 0.546206713052094 0.594542666715785 0.274253073873228 0.459499570317155 0.353861953995227 0.554152146195286 0.513891392315258 0.444865119348362 0.553386727472219 0.651397163287854 0.452426447478833 0.619962380169907 0.406921408567222 0.55759639023644
