1 0.856464710133335 0.545797354919007 0.494042168427323 0.185533918678351 0.346371270520416 0.681609314578837 0.643710315466876 0.230642158972045 0.174552778641881 0.519197515673421 0.638444811104556 0.445897922642291 0.462622462228526 0.0653027056354921 0.446768075506018 0.76086534761424 0.779846727300917 0.823543783135454 0.798302672529812 0.119167128175035 0.385678237354453 0.397012888493413 0.474448206261468 0.369298147348514 0.480535352296415 0.125800220470193 0.117729247573061 0.293012012552255 0.765199423087273 0.304008584697729 0.326702866391421 0.753046269283915 0.723212276665283 0.266284111589098 0.314152812478685 0.509324427691098 0.477628442256436 0.509374582133637 0.627073511862501 0.423241607891552 0.445811049182139 0.499297104965929 0.533320559336842 0.684411105490372 0.653382342196691 0.674801595915849 0.683914709621301 0.665269052188002 0.520719365630472 0.579410488901919 0.503127456801984 0.550416477868846 0.454167415264256 0.732435680160397 0.676832803449691 0.88255632945773 0.796624177024513 0.721555574638623 0.729045938380387 0.577330219971675 0.567695085837699 0.674764132180164 0.730810081367174 0.370453371812291 0.468400011486789 0.547137186229522 0.513096844859912 0.728489866947845 0.684755317670046 0.368994760331141 0.332869952195985 -0.0121200114230958 0.324626939682772 0.0750842676208883 0.168865237449217 0.236653258838714 0.412588591250286 0.693245502691748 0.651452824258123 0.586967264517579 0.780046168051963 0.373373438164101 0.67980030298766 0.479945645750444 0.754985241681985 0.0105116435179378 0.533439429201032 0.594225613072066 0.658902085059933
0.856464710133335 1 0.45942862214315 0.554960097790432 0.134147029684882 0.439716369153563 0.60118614496061 0.708025211808379 0.213051989739395 0.17942777932164 0.498489597286857 0.668927289503572 0.484359620833052 0.460756246171183 0.160792121395755 0.584162881083197 0.819381778188631 0.897028042436073 0.698924716039539 0.800774026883804 0.0759026790838546 0.349954175606211 0.346406979259452 0.580714419103507 0.386324808832141 0.453584225745599 0.03600698685194 0.131813105497984 0.419088996487415 0.79835904415247 0.261857188315022 0.379541512867107 0.657818116154122 0.636020174409977 0.163702583322464 0.263637089396186 0.61615707393607 0.512790228181505 0.594734834266023 0.607049625475658 0.55174262516904 0.558990822676682 0.446446753521933 0.595517949183747 0.70371791740921 0.712962007052415 0.689685863995951 0.730047820746675 0.729965713797941 0.548861234749963 0.626118679338793 0.498242965587968 0.547943775919228 0.522819583883799 0.702669366696601 0.653655126554806 0.916084134289554 0.939744707585432 0.685145065527102 0.735684468173398 0.460430964832544 0.591550275074014 0.663342905342221 0.744950933874022 0.30856849023839 0.480977331078816 0.523815429247554 0.485721383007706 0.765584894509999 0.753772080141884 0.319865045158745 0.425401083960895 0.117049565981366 0.266462633101299 0.184928402652891 -0.00779211531623338 0.325640027686284 0.313980488406304 0.761247789388331 0.725336380094543 0.729082850529577 0.85386430061188 0.460733456042829 0.711050978746645 0.542467107712601 0.757768341773336 0.119388651670039 0.521322964623701 0.62574271534217 0.691189113566492
0.545797354919007 0.45942862214315 1 0.499712595585188 0.0577075857918807 0.495932017487678 0.74645645970411 0.500450991063051 0.213170359019012 0.180771424545942 0.163754883375697 0.135290134194373 0.287820470893018 0.115876422592414 0.0520047222401038 0.393293290985874 0.345517259935451 0.383380541222746 0.575515122012324 0.600937018300557 0.108749783396058 0.492341059244204 0.579825842883462 0.671695844586289 0.453860315235141 0.479553513339678 -0.0267506367159155 0.297131253718103 0.0569636685529878 0.384239645925573 0.427720308492754 0.62860987045695 0.696368029779854 0.47643357440155 0.386775337868288 0.294792885882741 0.304778442486027 0.3753361377166 0.278218180488027 0.375086522142256 0.314779813890962 0.273390810430268 0.426433632491155 0.422096018027331 0.464929362605391 0.444290422573059 0.413205536316946 0.436895708330704 0.444522177496822 0.481666937537735 0.477583202658939 0.452895008985303 0.467589068627008 0.427271411343783 0.488422075402786 0.524940389392015 0.511943758847943 0.444787346218496 0.526706164185166 0.513201011144448 0.548990585475983 0.421506312779312 0.467377027545863 0.322123040584094 0.674772037038277 0.564916071920317 0.553855339079043 0.467887320360906 0.502569017941697 0.362293357128382 0.44169938098493 0.440830123393213 -0.0688976424246807 0.237606325926269 0.04180165380745 0.105882682063245 0.287463096427313 0.302262912791065 0.362047384107504 0.59778492673945 0.249039362587014 0.449750503079661 0.138447240237445 0.3658144247716 0.466860135176158 0.55449560906481 -0.167575728783932 0.4338662012084 0.578985112612267 0.549033947935855
0.494042168427323 0.554960097790432 0.499712595585188 1 0.375776053644084 0.28734007396842 0.596808186977669 0.856145205058541 0.262893770785703 0.630462735081169 0.374182759624725 0.567467686513738 0.372696291216585 0.507042069340458 0.304051856052326 0.539448665642434 0.495564508892968 0.445439975362409 0.420799847044169 0.430046276688721 0.0162424609627917 0.195486258418756 0.556238457550825 0.601395200048645 0.533237366338435 0.541522370135521 0.268087579844644 -0.207610728153152 0.369730435752217 0.536977863844502 0.428584674755467 0.420719418763668 0.524759643271636 0.619085091951568 0.338198976276843 0.22232181244702 0.447939008424452 0.376159389088052 0.530328851963568 0.390080998339851 0.397026551812732 0.235613982764523 0.451685001482491 0.45962261450282 0.513206786353986 0.496867504947526 0.523168851702022 0.475621591633876 0.481653857137428 0.515925436608769 0.538210753330617 0.537218042415297 0.606228588883695 0.526712210792295 0.609939920405114 0.422827708227944 0.503093740162056 0.519785827251909 0.598409377214698 0.610648130818588 0.639690304777972 0.682228921981026 0.473376265715345 0.368523971125796 0.604897952058259 0.77463861646837 0.666917850238898 0.582847194831706 0.426047648238285 0.317550417869712 0.508336319473259 0.553405852644877 0.351480376345525 0.429470396240296 0.176669227517217 0.0884503397288868 0.344347082910969 0.320719713610456 0.370217364231217 0.473877168991352 0.390510750889715 0.504023859805184 0.389093002967471 0.431900241420754 0.571229998259387 0.664684866295232 0.249492795578505 0.442392490014404 0.665023082340672 0.617111939429425
0.185533918678351 0.134147029684882 0.0577075857918807 0.375776053644084 1 -0.0175850783810636 0.072195494760711 0.209850299988732 0.255431675786465 0.583806774266197 0.335556444004843 0.305101828676515 0.182694804130189 0.460775001693558 0.261440725980781 0.25697221374889 0.244641336503081 0.148709215070196 0.166764531540311 0.125859743064133 0.0400426596535617 -0.122023330077371 0.515682391956116 0.0804896842347703 0.334734472102569 0.0491364200751963 0.254873829256617 -0.279002953578686 0.28157812418053 0.323507710456978 0.278338810051402 -0.0270767267513208 0.123485780439376 0.282184189337178 0.218608801672569 0.0114903700567416 0.258432060377578 0.198262335826383 0.219655600066099 0.175266014108516 0.184784829039484 0.161485289561517 0.162553666971903 0.039318639531293 0.156076809854617 0.0989205303628782 0.185322555773674 0.0844305348717596 0.157153744271157 0.150259035841173 0.167653782754546 0.163743694960217 0.216817902921762 0.173670083406817 0.221005933138839 0.0506774262325519 0.142555348899072 0.0544067211811637 0.214802313929746 0.162362633524661 0.357092186831835 0.323885630165967 0.34827806024036 0.188933546411882 0.352887400837531 0.198443814081821 0.28030719836767 0.0759247490197807 0.103167096978945 0.0835103887657681 0.267739289541589 0.209951173135494 0.312393269381556 0.490692961569113 0.147801819814886 0.144895170686508 0.104028431766181 0.245629586534916 0.0719306659036853 0.0546329747107733 0.151563738948609 0.118510516106247 0.301144307406639 0.140765332280885 0.328249551669378 0.224750254674226 0.316504833058497 0.121839167923111 0.379790799066757 0.125855381073573
0.346371270520416 0.439716369153563 0.495932017487678 0.28734007396842 -0.0175850783810636 1 0.508353287864575 0.350752961070143 0.222290710936815 0.224188556658272 0.155901104610959 0.14571708686338 0.264423863855195 0.133691178189956 0.0404700168663601 0.463822128670617 0.323336212877399 0.444616590226592 0.353523426608236 0.482955414942382 0.0875138474206091 0.463587858760894 0.251237005958877 0.389994656518733 0.320239224970876 0.377474042353077 -0.100491291985214 0.571434126805194 0.198932234152383 0.338655200531063 0.291004577143759 0.389680378146055 0.508063500622604 0.227419135985842 0.0779582393920803 0.141709319528462 0.235099140566968 0.323845157602421 0.201431567734266 0.235494059090093 0.164452885143638 0.330431691785724 0.296637177778334 0.400035644392924 0.425240443123543 0.364377974701371 0.391476109058738 0.310629683803255 0.412037270659933 0.334820368526026 0.393899539664358 0.300117702736518 0.360139816444332 0.283148267728123 0.305582610302853 0.306549323385977 0.469758993029927 0.464567258755168 0.391452855246076 0.430577948956312 0.314541267522848 0.312591920455841 0.424100381893136 0.335088762181831 0.332284702078454 0.362723437668775 0.342484687993204 0.32939106630276 0.367181459038026 0.388026331482035 0.262791190258969 0.373100669536773 -0.0187549765653845 0.0288108497072395 0.134917693225818 0.0481958922567167 0.436561263371388 0.176267171623492 0.442470460419569 0.521976961955252 0.316032777467728 0.353055896943684 0.0920671858946963 0.233753060047481 0.263578831951226 0.38420901071406 -0.306522351082997 0.174026598460919 0.375441181263576 0.35242013505051
0.681609314578837 0.60118614496061 0.74645645970411 0.596808186977669 0.072195494760711 0.508353287864575 1 0.756091088172676 0.259803871250814 0.155555415908281 0.301683036084248 0.355047373956871 0.390901190824997 0.236712077474085 0.0361655157455442 0.378934421089731 0.383253871667541 0.436298710918228 0.658995358784957 0.65846334323622 0.114501027670292 0.455914643971153 0.383785969168353 0.511338916702642 0.449443491327094 0.60702335088787 0.02606262122621 0.23234290374023 0.128841164817263 0.48554784951589 0.408442654967568 0.511526111485727 0.75095011697657 0.522257208978976 0.295123089910097 0.315344798644433 0.407124576335798 0.37458427950454 0.412341405098626 0.31791825686404 0.328074225483655 0.382502495080748 0.593262014364568 0.570492563608308 0.650628965061597 0.61966730238913 0.574778233329288 0.547113008173848 0.626312314862253 0.646571807764658 0.69786707387208 0.671063398922661 0.672241986079829 0.606187757883651 0.643005270920776 0.559428506569682 0.623744353687014 0.545584862177765 0.732042020546968 0.759583862610669 0.668383544030654 0.602503400503343 0.596417043931392 0.542415132902834 0.505206710255696 0.666916918540227 0.640803993928243 0.614258106122638 0.453352725539102 0.365296965518323 0.56676136214976 0.564864589166438 0.0691690442170809 0.377946157165033 0.0685408723888445 0.247079417836635 0.412054350992036 0.333884852578576 0.418939107131807 0.571453480694488 0.260748362051301 0.49786883955183 0.0717446519126906 0.379338954634941 0.353223093565307 0.643363103458499 -0.161499963990566 0.331640861587839 0.58712295763881 0.681098433380173
0.643710315466876 0.708025211808379 0.500450991063051 0.856145205058541 0.209850299988732 0.350752961070143 0.756091088172676 1 0.33108323147805 0.383838386238621 0.458840848727719 0.617561500785413 0.521239298286065 0.489110674331543 0.31236221966055 0.535292447596478 0.556232160902996 0.542627908090708 0.544341745780083 0.561810487592751 0.0959600417860533 0.311033964871488 0.417318438415449 0.618115059135131 0.520873203483433 0.630048060220604 0.241883337273532 -0.0870883499445619 0.373093609574854 0.613839131902638 0.372360748403846 0.470676203393387 0.600964720303983 0.674175182889949 0.316359858334281 0.32870969885053 0.513329546529942 0.48924146185229 0.570998721963237 0.481179239808378 0.464037067865879 0.424453267645213 0.505569181450479 0.532247667037486 0.625803981094056 0.629704797928796 0.606103342322876 0.618541407185338 0.588597592128655 0.565397785485182 0.632023351263299 0.576425137178112 0.661816667111979 0.58597249365939 0.693329094162489 0.575114022701139 0.607058533216651 0.644691276089006 0.706703513951301 0.749062058440028 0.638132748926862 0.750931340873646 0.522229896520468 0.558710326506943 0.481552701959993 0.765823624393178 0.681926892853492 0.660875717837574 0.546476663446357 0.450998063189482 0.549456021800016 0.574221337554375 0.327610319477001 0.446539469115321 0.157152996074207 0.139610900690469 0.294403172177149 0.307003195979702 0.467217727555779 0.528265294865794 0.496253442715632 0.63158765860284 0.36407941652716 0.52915190301096 0.546457268972296 0.753045383622322 0.143403285851878 0.485607719563076 0.633538154026662 0.742488764019861
0.230642158972045 0.213051989739395 0.213170359019012 0.262893770785703 0.255431675786465 0.222290710936815 0.259803871250814 0.33108323147805 1 0.163103523800225 0.341155442562689 0.128297338807215 0.399630648788333 0.137489795308231 0.497406317849912 0.145237028356792 0.162745920982379 0.132631868026119 0.187178767847832 0.0740838498468018 0.183330501911862 0.103663742179362 0.251789077094317 0.197431396111487 0.459431764358472 0.451521973627081 0.174817048813254 0.054400448834848 0.279325160906039 0.0619139002008368 0.280257637642608 0.215986808653771 0.133731594737634 0.126452312560272 0.0440343230139946 0.232825818323926 0.189634139689687 0.247298748266021 0.224171989947804 0.196682075323275 0.0857222450270333 0.311294822531336 0.0726893591815811 0.0638077886534289 0.140763703475009 0.147009776052359 0.119538080411565 0.0936360611391654 0.153864098862607 0.178195801979946 0.18065812937828 0.216427993685901 0.206142374267148 0.174550599752912 0.216996428225848 0.162986585110029 0.16706523435484 0.215475171674007 0.257721896344427 0.211842458655119 0.228945673596582 0.155940722940696 0.0908512506178795 0.0486665644197561 0.226723060481497 0.27450487419384 0.246505623145591 0.139280855034562 0.250440046256067 0.135024738224888 0.347617997991168 0.35661855576069 0.305744782731133 0.240171551796002 0.0220293275834528 -0.0024769195646245 0.0158731839445018 -0.039378673341107 0.0748291796411801 0.103353245814151 0.217724385413456 0.121866191107645 0.357134981078014 0.20595900104168 0.330611679776198 0.180732798448413 0.199984196622966 0.283240895602524 0.261935039743014 0.191633372843999
0.174552778641881 0.17942777932164 0.180771424545942 0.630462735081169 0.583806774266197 0.224188556658272 0.155555415908281 0.383838386238621 0.163103523800225 1 0.221457591553648 0.367739503197519 0.106406965493361 0.531395323133469 0.234071049850556 0.343777554649243 0.260777536192142 0.20152270849827 0.184985340037824 0.151228345585202 -0.0389327645602919 0.0398737480830584 0.579979172299048 0.239880713053872 0.356000534867511 0.16368497727686 0.330983285149595 -0.220979571352099 0.306563070484388 0.323327665294733 0.289410465552284 0.0971688566476505 0.254442278999006 0.293620990780057 0.210628472356547 0.0806839216739018 0.244407632376742 0.239470999632674 0.269103164205944 0.207032646632033 0.173040562314762 0.0514533617610086 0.235148671107969 0.193055696156946 0.217594280368931 0.149716912257034 0.267920473958797 0.106204114230709 0.205117859100768 0.258333116715225 0.243625974619576 0.295230979267952 0.277327530476017 0.287698051901171 0.281023291018333 0.0875801659027743 0.20500301076415 0.138887196872212 0.236483020286605 0.232321329246364 0.376353441443717 0.404513071866465 0.334803422949372 0.126348212701844 0.493949869682463 0.414733080636334 0.341971863872833 0.178577998523749 0.143957546893221 0.143048206475458 0.284849763770933 0.288922802532013 0.260509768335586 0.396775095105131 0.0531829656310755 0.150700397712065 0.361825705938065 0.350223236275517 0.0930624513226548 0.132573334989689 0.107359193887349 0.121361706010596 0.257956142789502 0.106338525647451 0.360575987600087 0.329293839883251 0.176142352211112 0.211563641984006 0.438488010650522 0.281293884475241
0.519197515673421 0.498489597286857 0.163754883375697 0.374182759624725 0.335556444004843 0.155901104610959 0.301683036084248 0.458840848727719 0.341155442562689 0.221457591553648 1 0.570507493291298 0.762270248891007 0.49504191777372 0.583835717266188 0.446612462132951 0.613435613442316 0.486021773568856 0.340863120698834 0.271497722614075 -0.0646283955109164 0.108690813493608 0.348782990683991 0.36502617658933 0.361287029859986 0.356566219910788 0.193485641605545 0.0346083722614648 0.775755608153357 0.490635958692834 0.398238171559478 0.226995413327152 0.228283187222063 0.403191017942028 -0.0715526173711833 -0.0542376631065492 0.315391378862483 0.230269540661375 0.620237514049937 0.467952326527623 0.35775149453917 0.391055974089242 0.262160719968978 0.35345141169912 0.358748928692695 0.377460424183998 0.558032859632471 0.465957537098933 0.34944984737849 0.139265634531364 0.339744153556589 0.20097365202587 0.347241804732826 0.193149464686521 0.50199604050325 0.40933701924003 0.434935260188673 0.467122272718424 0.485643739309636 0.438500174227533 0.498412046654317 0.411686500314757 0.635719735715725 0.554660365424593 0.342061419819098 0.27586452475851 0.391792916463567 0.353203068059423 0.325830700168284 0.352409629519596 0.165736142959926 0.283129961909432 0.41007296479663 0.287522391716111 0.133026688663575 -0.00729508489324942 0.166284043859834 0.186834016939692 0.415866568634013 0.407748156144718 0.6733711914811 0.398912037508186 0.611514419624043 0.357978631908244 0.623777218416146 0.373530238782953 0.370452373194415 0.253899872683084 0.540690186658949 0.282595766587739
0.638444811104556 0.668927289503572 0.135290134194373 0.567467686513738 0.305101828676515 0.14571708686338 0.355047373956871 0.617561500785413 0.128297338807215 0.367739503197519 0.570507493291298 1 0.504754542580393 0.8045387872109 0.29706100945107 0.552505017152027 0.662728170472392 0.636393359066497 0.49699246029844 0.518842779704894 -0.0478570067767029 0.0768604944948239 0.409096906205349 0.410299969979552 0.232636560738016 0.271337460917102 0.287316509596251 -0.213912043313777 0.436735198823486 0.704663072564601 0.227064204387851 0.0547732885958374 0.41340251127825 0.593640513086005 0.0851251834419736 0.106557054453882 0.390215095097755 0.286013269465993 0.498657176819144 0.513236558584521 0.398095059913956 0.346974355794795 0.294554411699795 0.323369133372907 0.400587220921945 0.380839840778031 0.53342257267299 0.48196760227269 0.395332148079286 0.215409685212142 0.318473095124349 0.225462516722337 0.346693552186192 0.264138391066341 0.550286327148069 0.446024521026749 0.540416943192531 0.572310652683761 0.465453781940998 0.497951233860027 0.441201520113679 0.522780767501084 0.604009843622642 0.666354446929051 0.290919372073992 0.286939693367978 0.373431761003981 0.309415169618422 0.446387994062731 0.458752561010401 0.236265672994488 0.302115627245288 0.31246977543137 0.404588425316885 0.269279633686008 0.165113786720618 0.205631599373128 0.230458629126794 0.485282073933218 0.389835350810254 0.49009119462741 0.587041142436471 0.371698384378029 0.474501129854076 0.443175106415493 0.586410268561862 0.258042403425718 0.370593648619418 0.471706467756501 0.40976076923517
0.445897922642291 0.484359620833052 0.287820470893018 0.372696291216585 0.182694804130189 0.264423863855195 0.390901190824997 0.521239298286065 0.399630648788333 0.106406965493361 0.762270248891007 0.504754542580393 1 0.501663425921021 0.717190833212538 0.538910785506458 0.524764992875736 0.420848815482131 0.336251388932611 0.319330294489703 0.0386635465795967 0.24790239048062 0.414782585842191 0.510532123848808 0.450034613728814 0.441120073501405 0.125807582486875 0.194678008383044 0.703775501031672 0.439783985206538 0.426776478734453 0.39241538049791 0.310686474462249 0.374814986907712 0.0095793839050798 0.0638146796819774 0.324854253988175 0.293554457974163 0.549061924314307 0.361181380571152 0.342585386501063 0.381242204480183 0.294534585476315 0.354242181416098 0.356888067057776 0.364668220131677 0.517149270626463 0.434028599794349 0.314746259563636 0.146009086630618 0.339575275523185 0.200590290679638 0.369315369203484 0.217169269396012 0.470836392872038 0.373116052618863 0.377404855129161 0.455503216503405 0.439330226507195 0.391802243878177 0.469997532222348 0.431934852625842 0.573353003036838 0.4764334773762 0.40225848884221 0.314007760743769 0.425416121081694 0.350295670454221 0.416270882566729 0.328657900608093 0.165637121181375 0.304049420223909 0.314415233023188 0.20029156241603 0.16875425933118 0.0427976010252412 0.125201363815692 0.130532975477229 0.44843824720537 0.429654837141865 0.68262515391886 0.458802949927652 0.55562030915271 0.348586322301337 0.668374343271495 0.432871245448815 0.239710410121272 0.222021834851987 0.559075994611998 0.342670374896264
0.462622462228526 0.460756246171183 0.115876422592414 0.507042069340458 0.460775001693558 0.133691178189956 0.236712077474085 0.489110674331543 0.137489795308231 0.531395323133469 0.49504191777372 0.8045387872109 0.501663425921021 1 0.341491838049199 0.646176399179875 0.489797579498167 0.415263980426344 0.434453751157147 0.458057546230406 0.0324025194265672 0.107447846116743 0.590680584284193 0.378903704310028 0.278597560856236 0.233193934848128 0.295466219160287 -0.203759036967322 0.366504154258607 0.669472958966955 0.342996060255708 0.0638822084834121 0.33654538238865 0.529004851027405 0.164135146982827 0.0814020362027952 0.34074437791059 0.247455078660946 0.403773424816979 0.428818717787758 0.327806528733371 0.266866725727726 0.251631880497724 0.184413433288864 0.271125374694454 0.181649972818328 0.430909763882256 0.273882079569303 0.233137755420689 0.114745522483553 0.203408072460367 0.13415957740062 0.336660105665992 0.237940484159535 0.422613809434138 0.258153741819652 0.36241785173834 0.323976906203781 0.302350024603374 0.334689078983898 0.444427391595961 0.563888491526208 0.603335120785985 0.596057869886802 0.346274867212352 0.259455457908232 0.310521114244462 0.144775929336405 0.354882682637696 0.289105602199412 0.246009644734752 0.270076457305881 0.252520512858806 0.393736594165952 0.232048147583878 0.276594374418883 0.157352908586046 0.342216189288579 0.344543159076372 0.276129799938336 0.361419208700791 0.462135247601826 0.323301663687529 0.360488739692423 0.42580024687485 0.521710774771285 0.227226169065838 0.338902039502968 0.44400270422392 0.347142008290939
0.0653027056354921 0.160792121395755 0.0520047222401038 0.304051856052326 0.261440725980781 0.0404700168663601 0.0361655157455442 0.31236221966055 0.497406317849912 0.234071049850556 0.583835717266188 0.29706100945107 0.717190833212538 0.341491838049199 1 0.404473795450295 0.258510014856406 0.140104874835605 -0.0275890037855203 -0.0804715411840664 0.0312111088630084 -0.00552442096929371 0.405976749089214 0.336837778199455 0.434070993420809 0.250831516492151 0.222340399904911 -0.0421244795893871 0.666956283169213 0.172277571758361 0.318248518228632 0.240646023898419 -0.024751220960381 0.189844499012429 -0.0251298204956749 -0.0884003024172748 0.183281567641174 0.184271701102836 0.387188862491808 0.236916525382742 0.198751604139317 0.2777522729076 0.00330491547106171 0.0526273860381226 0.0488134567245508 0.0781844713718889 0.210688423651044 0.163798677889881 0.0368371150502752 -0.0340614224549921 0.053328065697092 0.0199048550201234 0.128131785389565 0.0534498152493678 0.170866688751717 0.161105721600806 0.0180893464750038 0.151820373875133 0.142781944548782 0.077639634666925 0.211913730145485 0.18306117575282 0.195780450377446 0.0857607566549679 0.353301022444553 0.212210828837078 0.215299998439687 0.0872927931671236 0.179929668413431 0.118442279120017 0.134422708488651 0.263450728202851 0.466516484071734 0.204448084888567 0.133500421218411 -0.0779092410356311 -0.0262355121905699 -0.0434053210442408 0.0836067067269586 0.0925613449831033 0.458539896960651 0.151974908286754 0.586708446154306 0.135607906377505 0.5815551955772 0.158069290782943 0.423477844896464 0.184792771326233 0.36894216380837 0.10936128130103
0.446768075506018 0.584162881083197 0.393293290985874 0.539448665642434 0.25697221374889 0.463822128670617 0.378934421089731 0.535292447596478 0.145237028356792 0.343777554649243 0.446612462132951 0.552505017152027 0.538910785506458 0.646176399179875 0.404473795450295 1 0.522444196196977 0.55454317690841 0.39816655153987 0.549353830461753 -0.039612041780877 0.336427715771643 0.594214159626545 0.657260085110403 0.420741203828571 0.359335499683128 0.0547760896462898 0.0839647343294459 0.440699680001633 0.715541240792294 0.502252109325125 0.454144570402683 0.496542589435707 0.535796463123807 0.240004146984156 0.0964857629237809 0.485857165849161 0.384286037336891 0.491939767703916 0.46048210183452 0.426839677650987 0.365575355533335 0.339729110853103 0.433519512138802 0.466835236985793 0.414358064489034 0.565328039490069 0.453379789137637 0.40565081095501 0.268895331039068 0.376301305759179 0.267024888704943 0.438641981203511 0.359761665037978 0.506964995209744 0.385655305159447 0.517202370980725 0.542876137020415 0.437217102519706 0.472172338172233 0.453967943731458 0.607493950808016 0.642857722520968 0.596739272246373 0.468247885275909 0.445155414970724 0.450815385948304 0.373034621700597 0.478708382989578 0.386126205196855 0.304372728989648 0.440432707868051 0.194238632891282 0.177604520148956 0.25128152972128 0.108967759891493 0.251588505498263 0.250651498386338 0.481747716720864 0.51526393374334 0.54395882655553 0.571558415334509 0.408760687057668 0.457562521756692 0.598817552966771 0.653704220052263 0.137178905130809 0.444953783902467 0.585660183740322 0.502964420852934
0.76086534761424 0.819381778188631 0.345517259935451 0.495564508892968 0.244641336503081 0.323336212877399 0.383253871667541 0.556232160902996 0.162745920982379 0.260777536192142 0.613435613442316 0.662728170472392 0.524764992875736 0.489797579498167 0.258510014856406 0.522444196196977 1 0.867348799397247 0.597859022486559 0.654147314203049 0.00689344716651182 0.206007720192301 0.383862203439059 0.527847800938013 0.30649802549903 0.314068698518735 0.167672122902511 0.0553921205526588 0.599834675288468 0.795094479220294 0.262368762267333 0.295000295407859 0.557668098172117 0.640798900666476 0.0865067501862765 0.12166174120277 0.535757021812458 0.48005552462869 0.58006686044965 0.605320550270284 0.515116362094816 0.494455722543711 0.349329901649097 0.503433094030189 0.554895478029621 0.569487099193861 0.631793327904532 0.646490505166117 0.60082919540979 0.368960685784375 0.474142301823385 0.328557805507957 0.418755833910685 0.32177784735277 0.596363095800022 0.531609986925105 0.817318656517939 0.831096978795213 0.558460044609579 0.565811376281409 0.395147719977795 0.464495983239639 0.638995758250639 0.658626119831694 0.306592827534811 0.31461495971974 0.422931720385117 0.376389565890726 0.688504174910282 0.677726726702816 0.207468238180928 0.275535573575885 0.164615678102188 0.258659129602264 0.146773489633273 -0.0465431857313974 0.209372166231172 0.27531749972872 0.778906268419439 0.650830202854271 0.810760221167484 0.767682091693557 0.621573842222565 0.625989075254865 0.597220454386497 0.602716242718939 0.238041412658838 0.457257863808986 0.608995736722715 0.514947474265719
0.779846727300917 0.897028042436073 0.383380541222746 0.445439975362409 0.148709215070196 0.444616590226592 0.436298710918228 0.542627908090708 0.132631868026119 0.20152270849827 0.486021773568856 0.636393359066497 0.420848815482131 0.415263980426344 0.140104874835605 0.55454317690841 0.867348799397247 1 0.624333918267274 0.754779834373043 0.0382462285292105 0.323598379132103 0.362057818796337 0.521026971853591 0.302374734880282 0.339296942289171 0.08328228298849 0.16782294461416 0.470770454243575 0.809642038956585 0.264890308160765 0.348035835000506 0.628734410910034 0.598569263472315 0.158043098601492 0.189250490442483 0.563566885728584 0.519173097951531 0.531987343607552 0.639725563354077 0.492194978037109 0.509259668140234 0.350938642382843 0.522432083387824 0.632337016338921 0.627847424946774 0.631418490399822 0.691405199982338 0.657095374017771 0.418476775637228 0.504394396029768 0.353397677780387 0.400265204217271 0.350090708928919 0.644784797779103 0.590083655834522 0.873475407942667 0.902440023269651 0.579133092793154 0.605446290839977 0.347530720005884 0.450005799994033 0.628150103193632 0.679869014531041 0.275191843835338 0.32736691246577 0.443409528025241 0.405930726443053 0.74225187188397 0.764173656137919 0.207461533439876 0.293977960564245 0.0562165164437744 0.196314366692567 0.183497559934508 -0.0349564926036902 0.334209982388336 0.324461698949782 0.757409428788148 0.69158417809564 0.730489450860628 0.813195011288715 0.526991560884711 0.691672010921143 0.512763982803735 0.663924238997671 0.100376883487499 0.508724050155815 0.554132527223671 0.555647650108037
0.823543783135454 0.698924716039539 0.575515122012324 0.420799847044169 0.166764531540311 0.353523426608236 0.658995358784957 0.544341745780083 0.187178767847832 0.184985340037824 0.340863120698834 0.49699246029844 0.336251388932611 0.434453751157147 -0.0275890037855203 0.39816655153987 0.597859022486559 0.624333918267274 1 0.776552643979603 0.152988056524739 0.437328839261446 0.478688120389256 0.44654956514491 0.325126488530315 0.44287162006392 0.108339741991692 0.229132736356416 0.119893523322139 0.675332443622966 0.355271741822565 0.360641451126686 0.744621325688053 0.642414148603615 0.262224514478935 0.313290960832744 0.423084413586339 0.418795474028147 0.380346448695243 0.492976159732395 0.289215890536591 0.331744603231133 0.528951122810286 0.52074595436615 0.653016230686405 0.594611514405407 0.583884314520591 0.545764840774625 0.6111145299685 0.545588965677261 0.566632151518836 0.493176924172239 0.537687308785357 0.515627032636616 0.610436413422403 0.545241381413384 0.733405323289331 0.625448836193872 0.573751633730002 0.654179998452147 0.48575210745411 0.449643579327648 0.578655325101039 0.607962681581797 0.379541950961571 0.475370169442295 0.517113801194313 0.463641851513509 0.637321293234066 0.489819217120769 0.392911439635476 0.311428603955322 -0.12554932473206 0.262490134325337 -0.0294745942068216 0.241812520825048 0.196827927971651 0.504230589422919 0.549898767831203 0.59404906333048 0.440378730913198 0.662615375082785 0.256754555415032 0.53351011517135 0.402425444651781 0.708782604359663 -0.130161623104881 0.491180401108112 0.525620709476246 0.637973961958181
0.798302672529812 0.800774026883804 0.600937018300557 0.430046276688721 0.125859743064133 0.482955414942382 0.65846334323622 0.561810487592751 0.0740838498468018 0.151228345585202 0.271497722614075 0.518842779704894 0.319330294489703 0.458057546230406 -0.0804715411840664 0.549353830461753 0.654147314203049 0.754779834373043 0.776552643979603 1 0.164748370778761 0.438369874108572 0.430140615259382 0.546126012233136 0.306196165494997 0.364598384090392 -0.0302825253590486 0.250019556719754 0.138853382026323 0.786569628807986 0.286871170626321 0.375137796922391 0.776253673066257 0.626862086685959 0.300964120063612 0.348817964370544 0.504376872043812 0.50420246686331 0.382869329429283 0.516924957378104 0.416414862090307 0.464547178991134 0.457526755800931 0.51102660397348 0.637442988547424 0.590997394888029 0.580798109666252 0.601149125326994 0.663020737627013 0.543137383613934 0.564561537651167 0.456956460149938 0.531902907761478 0.497627298211322 0.614432385389971 0.591271650469115 0.793889354217662 0.728842890091949 0.611933661540049 0.676252173425468 0.471017461365592 0.591922065678434 0.665052428488148 0.756869998624909 0.335255182573109 0.414311913844486 0.470376104536045 0.410975566129962 0.746559292065476 0.713051840730419 0.398207975645561 0.373718963978857 -0.0854701239212938 0.271484054400427 0.125434516442075 0.167237513404786 0.303821337348428 0.413093727683699 0.684540992101472 0.714423743577826 0.480517691916171 0.778872139091494 0.220832792525495 0.594280993554466 0.383304274557598 0.732668224598518 -0.120440340683984 0.513928117327874 0.532198363580646 0.656905715437634
0.119167128175035 0.0759026790838546 0.108749783396058 0.0162424609627917 0.0400426596535617 0.0875138474206091 0.114501027670292 0.0959600417860533 0.183330501911862 -0.0389327645602919 -0.0646283955109164 -0.0478570067767029 0.0386635465795967 0.0324025194265672 0.0312111088630084 -0.039612041780877 0.00689344716651182 0.0382462285292105 0.152988056524739 0.164748370778761 1 0.11748479245 0.0600175371680864 0.0700526012329173 0.132754054435429 0.134086618261959 0.173111088642656 0.062141247392108 -0.0819154560055076 0.0671881493618683 0.177255190556644 0.059094636918343 0.162063706222607 0.0660331378018681 0.159159682145423 0.103397640776226 0.1476840086707 0.166767128846537 0.0212434321879368 0.0899644052569146 -0.0551335868105971 0.0906322527810854 0.132940072349257 0.068246762286243 0.171051579421713 0.145514168680994 0.0761609007299548 0.136214451458496 0.100703990292365 0.128403769182478 0.0476735105180076 0.0341655689684352 0.049195737986133 0.0789056501241464 0.183666148532954 0.127846187324744 0.0651981902745881 0.0642232104234165 0.0586812951760349 0.0489104130323589 0.0052879554896864 0.0404393608889038 -0.126099607470641 0.030839569923866 -0.0305754700841464 0.0983050169269628 0.0352033378433704 0.0218563530033663 0.140647841755597 0.139908255138679 0.189239649758008 0.0370385793143372 -0.110752162631735 0.00155636074159348 0.139802129941907 0.0266796620041743 0.0069423104776668 -0.0290532412659293 0.0596867205183425 0.0524218599348387 -0.00621640674837306 0.101668316224422 0.0865681390795616 0.126708009804711 -0.0189382249141703 0.103450533276347 0.0614074646121872 0.224511801316441 0.011772543511457 0.179446091080998
0.385678237354453 0.349954175606211 0.492341059244204 0.195486258418756 -0.122023330077371 0.463587858760894 0.455914643971153 0.311033964871488 0.103663742179362 0.0398737480830584 0.108690813493608 0.0768604944948239 0.24790239048062 0.107447846116743 -0.00552442096929371 0.336427715771643 0.206007720192301 0.323598379132103 0.437328839261446 0.438369874108572 0.11748479245 1 0.321977601989696 0.486242831703661 0.332837160537771 0.501430999353361 -0.0542387538572866 0.420804999901671 0.0460779554071536 0.324439998428815 0.277083452374566 0.477070073585366 0.528137034604453 0.320393968164085 0.265118116590762 0.300054720371733 0.176592020300189 0.296599964928297 0.158079677392481 0.264972184648157 0.0713149119853264 0.167389780317431 0.380708759941399 0.413460789923767 0.421518707106469 0.345168782538044 0.357855058444709 0.327696557068219 0.384882385350911 0.318828543541192 0.354647659932147 0.301991233842025 0.310873599417227 0.284542644800242 0.410357335911848 0.319841419698434 0.36246155381766 0.313833280326555 0.30261772901141 0.323881948873157 0.254610023097999 0.225784335278333 0.305542503566454 0.287072404601718 0.335572461267276 0.329440975715752 0.379137031727948 0.355116907694011 0.352943516765237 0.291730425301149 0.202667618780504 0.218897015527682 -0.239036625307955 -0.00853972984812527 -0.0303386053123789 0.130836022471116 0.174473284449403 0.260310259113397 0.419187866451308 0.492678301313346 0.249516130664297 0.340746622920932 0.130553126519876 0.257535909120183 0.308098667296784 0.382403448365125 -0.283676661720215 0.351048717954288 0.280001220980733 0.403766456109041
0.397012888493413 0.346406979259452 0.579825842883462 0.556238457550825 0.515682391956116 0.251237005958877 0.383785969168353 0.417318438415449 0.251789077094317 0.579979172299048 0.348782990683991 0.409096906205349 0.414782585842191 0.590680584284193 0.405976749089214 0.594214159626545 0.383862203439059 0.362057818796337 0.478688120389256 0.430140615259382 0.0600175371680864 0.321977601989696 1 0.630525689463139 0.553030789076233 0.3453656483632 0.231590141845864 -0.0049858253847922 0.275964452125043 0.539029367179571 0.562638949885069 0.412771498152348 0.532044218409784 0.531055945507355 0.382501021168491 0.174857334316832 0.319173936249035 0.308065930571762 0.369012434727055 0.379917662640735 0.274196735678607 0.174766986177057 0.391669707748727 0.322656563801002 0.377434900849166 0.298424211874026 0.446033976561053 0.3376803618177 0.304394374881711 0.277843194444297 0.316023847054074 0.291752970100492 0.335195772384625 0.292525158725133 0.453585778023829 0.287726190347758 0.347539520394286 0.284289527617542 0.351877176020614 0.336999809554514 0.495527558386973 0.392178797361706 0.551667706326303 0.315796255337194 0.719843253095163 0.447990208677178 0.544997441296162 0.316679077765473 0.378907836099939 0.25796149794971 0.283311162084888 0.315220164977503 0.0996483187845441 0.350433612241525 0.12465072848046 0.255659399317009 0.239235632088254 0.396941441304094 0.275044525800905 0.428669857035224 0.291696127084251 0.39657439015499 0.381122634125897 0.337219917201518 0.640705823503378 0.535022593655146 0.181814650644711 0.474756612948065 0.594062291203689 0.401046411773227
0.474448206261468 0.580714419103507 0.671695844586289 0.601395200048645 0.0804896842347703 0.389994656518733 0.511338916702642 0.618115059135131 0.197431396111487 0.239880713053872 0.36502617658933 0.410299969979552 0.510532123848808 0.378903704310028 0.336837778199455 0.657260085110403 0.527847800938013 0.521026971853591 0.44654956514491 0.546126012233136 0.0700526012329173 0.486242831703661 0.630525689463139 1 0.542937295531846 0.47542342703456 0.0853786026698217 0.0563806576838612 0.351642103793671 0.550576300684039 0.469007516170662 0.64495686301133 0.525079947751801 0.560540489005374 0.308186381959679 0.247846218397621 0.352480547479704 0.392331395434832 0.482409030056875 0.465100814263968 0.496472196885175 0.32334293146006 0.355641552397552 0.49501529046158 0.461185275996462 0.502914721261538 0.511693601578673 0.565054707907937 0.420226706081686 0.330367436696321 0.389831994239389 0.309892511548772 0.349488630427657 0.311181674614297 0.54889956993844 0.532425425260766 0.489039896429685 0.579126225527271 0.470461170625173 0.497645034362784 0.380589047355163 0.452713391186779 0.523387763670173 0.461940543154736 0.527350100836809 0.537845520828978 0.559763876654945 0.523209550683334 0.526697024946734 0.407195045806318 0.286301180228574 0.434122559853749 0.181269994315839 0.219665811134689 0.160183819603113 0.0266911604287807 0.204628110249497 0.22978532597017 0.527440801513965 0.657833301351942 0.570261719153968 0.627980344229291 0.445878198193801 0.537060833474769 0.681218274603106 0.653489157719646 0.147440245474844 0.59021694064115 0.556451155513806 0.555956589741735
