1 0.787088854474271 0.247859994330924 0.322887085471366 -0.00262771642313629 0.207461483503724 0.237247298181129 0.16797802037076 0.0361001260847071 0.0681967956954346 0.473403265199303 0.286194326386421 0.505794882475866 0.285705776178665 0.228756352896644 0.214104895599784 0.694012257516875 0.584873930208751 0.664053281038039 0.705798268127733 -0.0447984695140013 -0.0403029862287416 0.118690551749346 0.163375568997624 -0.290988885633419 -0.248830018521921 -0.0569721183072717 -0.339092180272699 0.57613128518065 0.508750920579577 0.0572750881791437 0.0703867004591343 0.332445863948662 0.336101587991733 -0.0453492962994561 0.0977932379884262 0.391540782752199 0.403221166871506 0.317678705592222 0.534794598750654 0.249476435569355 0.317185542398331 0.634727326250703 0.614669842232717 0.607803439725127 0.585346363541914 0.610539293159102 0.609539092522533 0.622730780329917 0.569305671705373 0.618084513583507 0.574619193459473 0.601547683605647 0.551803359270269 0.589376702157673 0.555080387260669 0.853654987746846 0.782350452568368 0.605572129700438 0.607444962749906 0.307227116882344 0.106110435866665 0.680776137899711 0.432972480933031 0.105451351192814 0.249045092822938 0.322776547532201 0.43020506295014 0.757435945374985 0.682554453878154 0.133696458767025 0.0259783591291976 0.238175344716196 0.251436336023517 0.111441177939297 0.220541364064376 0.030697904390554 0.0419684146080034 0.697142362150821 0.595138965898605 0.722835585025903 0.713669039627524 0.506137177813464 0.425171847512412 0.624732362107769 0.596580281208521 0.372895907651396 0.403227275919834 0.508590384646928 0.614893039870343
0.787088854474271 1 0.0309849349742811 0.199098645350168 -0.197875412057214 0.107478820983665 -0.025656213754536 0.0279127868601835 -0.119984317805481 -0.0328309550355979 0.260749005687052 0.322092623963461 0.234019182958676 0.203730663512633 -0.027678543041364 0.141697723808309 0.729373004536166 0.662124239635409 0.495076235038058 0.651079271930529 -0.146288739154769 -0.171978961593084 -0.0906576586121543 0.00331293238728021 -0.33048660493098 -0.333835660879007 -0.134882436113367 -0.437734064261485 0.520186022288749 0.513763728524436 -0.0592302620903744 -0.00698158770998333 0.210092630085752 0.257735395927885 -0.222725825223029 0.0139526891003383 0.381544954597889 0.427886411050927 0.307882058802977 0.602136913451823 0.234167566994442 0.394210844507467 0.721166633682046 0.695005405850959 0.674604201615704 0.665864496253956 0.734333503882643 0.696792669569274 0.74278332617478 0.683815807603449 0.717865444062122 0.727291184509818 0.646948300406881 0.669479519757789 0.559118495056338 0.645817606233486 0.877278134783754 0.919264574732921 0.626978436618263 0.738899169580204 0.122550728216753 -0.00861202455253228 0.669730733177871 0.46418917469446 -0.0933448307947612 0.18634008680855 0.227023258960595 0.370472058405154 0.777079439183511 0.678565833170015 -0.0937097844280361 -0.226139734959378 -0.0210905483223211 0.159548173259793 -0.0255606822300831 0.196273111141454 -0.0865499111031904 -0.0728797563663424 0.718087746258595 0.641838826555361 0.798534426744335 0.785791615144792 0.428552225566392 0.560049788818699 0.525896943757861 0.571989085469616 0.161925783253816 0.300522002183579 0.397173327793154 0.616970176190682
0.247859994330924 0.0309849349742811 1 0.766557830292623 0.61593239640694 0.379133334263398 0.801004732926915 0.614292907305714 0.584095180926221 0.35655478474922 0.385860148440721 0.334092635149884 0.573656434155158 0.486093132515163 0.662997735484583 0.528855653500648 0.0862555647403303 0.133359392707968 0.575610029890003 0.464624835566549 0.259626563755602 0.32419431800129 0.770094166400728 0.688446820310628 0.381132672123124 0.380937145945986 0.256384431542172 0.078542718099827 0.324171597843181 0.29039876662433 0.564708164347345 0.596595149932352 0.454282372476539 0.484892120002095 0.539109586613933 0.478683774995834 0.0476708643748185 0.207524625048519 0.227058483679795 0.181438598319939 -0.0378335972986828 -0.0437704507207621 0.0335176087709913 -0.065942400138087 -0.00537323599772667 -0.0537236124146215 -0.0274294935959203 -0.0437203610942095 -0.0442771247886214 -0.0317627658841459 0.0171192518318713 -0.0496060047232773 0.0677195068000203 -0.0706389054857481 0.169165336157125 0.0872716349125517 0.0471442572776377 0.0404095393796883 0.219257148084914 0.0374527088099841 0.518551534185719 0.432597641292637 0.22013918524497 0.379859840447236 0.654963270203862 0.395186009688829 0.495480878124988 0.376607723641416 0.0542607803152334 0.00110610544803828 0.597712947600862 0.54326127347783 0.474503024998982 0.396462906622924 0.281623943730296 0.261011108310364 0.482631681753734 0.359890986460584 -0.0312413065741678 -0.00799299923916835 -0.0349243324447168 0.0654738752159732 0.335245339383371 0.0282942382248752 0.462991580722027 0.315835559382435 0.436507140315894 0.41496265891873 0.505735240250668 0.352117400066553
0.322887085471366 0.199098645350168 0.766557830292623 1 0.506806363330009 0.451132616919417 0.738986896773205 0.849595791580189 0.438449990381022 0.40458526485784 0.42126457373297 0.4655920230693 0.536800237398454 0.626193631774504 0.592228292213075 0.60301629618623 0.227616830604756 0.224616475238937 0.54231773701932 0.488585312331918 0.211502302406565 0.299420448276483 0.659308972129242 0.784414082369325 0.226683679431493 0.382638586522157 0.217926837014479 0.0801031057632335 0.409105414015931 0.447260736651142 0.470588341454399 0.670136668463041 0.536190674210902 0.639568151038607 0.525641908734751 0.629145787513659 0.162398744846554 0.336729500117899 0.370780565849728 0.369707550203821 0.0388311858030825 0.0272102984899643 0.24094550555001 0.099884485921577 0.157078627408458 0.0667504925828095 0.201361466807939 0.161842740293815 0.109715881301105 0.108888749990493 0.19687414825134 0.108511213979107 0.206321154577753 0.0734743651810749 0.319329442541812 0.246256805810936 0.19137685110307 0.217286097314509 0.398599977206381 0.208159807130163 0.647490276489282 0.69674906574288 0.29548146574125 0.543952109744656 0.590414840326264 0.696308083820893 0.632722319015745 0.63089464303107 0.187490224907355 0.147650199869206 0.585839578553065 0.56583280652891 0.502218496107534 0.462362615430433 0.335916194934107 0.393715862990355 0.445618924378666 0.482101699685513 0.149000646952723 0.102139917740909 0.125839815024756 0.211164834712749 0.434314138390972 0.180045504414115 0.535515003825716 0.559453500160499 0.422480732341366 0.554104157157215 0.569184624845214 0.504545034915665
-0.00262771642313629 -0.197875412057214 0.61593239640694 0.506806363330009 1 0.578312146682463 0.616216241685186 0.59775737310019 0.781128715237522 0.691540684847052 0.255089158319856 0.264056419423324 0.439543113369991 0.347443434577786 0.45949976511412 0.357626562275892 -0.143487213511902 -0.114395527760248 0.145901560135739 0.1171428742622 0.150426058991169 0.201210426545566 0.48951369009851 0.527392947883876 0.221039030417333 0.488152713138491 0.204595885788588 0.244024191937687 0.0472109671312791 0.0665444236160395 0.314996748829673 0.396802506625884 0.246077397468679 0.246426777843409 0.44883672158824 0.379157824919413 -0.129509356479191 -0.0545471591283204 0.0695330691771939 -0.0631539711709533 -0.208187430511475 -0.24087532609628 -0.149080086577133 -0.232545303093599 -0.190692038514986 -0.229154316043301 -0.211846141098269 -0.26503033328188 -0.268330723337711 -0.258175045722346 -0.170454461025591 -0.276886286514989 -0.113850908309418 -0.268398760822975 -0.104792268285064 -0.240408920369065 -0.199711649132909 -0.219172481874813 -0.0748885381333807 -0.220109264305774 0.458095734517628 0.477798519629181 -0.0394361645175126 0.246440035041124 0.486267630319516 0.323900287216773 0.281416543973717 0.179231902698091 -0.152666820013219 -0.190360982859757 0.452749660013064 0.455372628846955 0.330357684131673 0.217815321723018 0.261269847825488 0.122224581048241 0.372503796553168 0.359515809628935 -0.175653730740626 -0.113877554881196 -0.185089609575761 -0.121441335885545 0.0990008765903385 -0.148725296164993 0.221048778067043 0.169269507982288 0.281532230005852 0.189403706436969 0.224799719622123 0.0537896129807794
0.207461483503724 0.107478820983665 0.379133334263398 0.451132616919417 0.578312146682463 1 0.415866971912023 0.46399133719613 0.567182476898311 0.660181060595323 0.263665990946326 0.266899897792178 0.477499987716874 0.448022612027545 0.399395663026054 0.518524676557313 0.148327912011599 0.105816105184204 0.224372505279451 0.230763521731113 -0.00219073951178982 0.197386635976241 0.377305475611595 0.491991504404686 -0.0196783209904683 0.217772571966936 0.224026581098484 -0.14450919102085 0.190805380599577 0.222220339257654 0.0901732216961232 0.238787687656916 0.221036515498323 0.250598395462245 0.286024611967282 0.29345648896602 0.00449664856855957 0.0403413692725088 0.141745359393074 0.253946073036548 -0.0745244446696662 -0.067281816936674 0.142111236941306 0.0673635603425667 0.155751120940193 0.109900395976988 0.0906616139121404 0.0921252983833315 0.0751751585748372 0.0974759109876825 0.156294636098842 0.121422467247984 0.286413198070369 0.179460707701833 0.253855939760286 0.0784331709150084 0.147332327545302 0.106193383028118 0.136019675535941 0.0100738987639991 0.314005597558216 0.378780231097769 0.132739451789376 0.289146561217123 0.297608281417704 0.347004491704254 0.268309559585186 0.249409350435812 0.14355640453348 0.145616291314506 0.372706678594289 0.214761721082458 0.257590844152763 0.26756352925386 0.0878113137372012 0.244692502734248 0.168197412433484 0.263031918208751 0.129017647464984 0.205239727551152 0.164022240420109 0.238456753967717 0.297751315983842 0.222838746045533 0.394125030637231 0.498903892291969 0.3057307836037 0.334125997612909 0.353900867871924 0.418496653484115
0.237247298181129 -0.025656213754536 0.801004732926915 0.738986896773205 0.616216241685186 0.415866971912023 1 0.814121894327108 0.608482845015731 0.445699415127036 0.593770422778846 0.455833179446324 0.670420221195603 0.506878252817575 0.617327126071697 0.453489816984704 0.112782979691341 0.209261456761183 0.520038845036299 0.466594811518864 0.311506085411705 0.312770550594108 0.678468655255543 0.647217168352575 0.167301984830528 0.324688206064335 0.118144051866024 0.153847946661193 0.465353471988404 0.443482113753849 0.629517246157991 0.618307456023806 0.581618528445094 0.633942469685231 0.512172341952697 0.502688946279525 0.055596386759035 0.12056630648141 0.190788782337213 0.147644735214882 -0.068660749855513 -0.101908467969623 0.0913646994065933 0.00973677883314672 -0.00964449168680365 -0.0292970868531614 -0.0165922013515697 -0.0208344284824378 -0.0704583312758573 -0.0420280546697723 0.0330043486031326 -0.0521386633146186 0.0560937599831606 -0.0874287754761622 0.160624854107052 0.0313434017807498 -0.000544181476696602 -0.000741903868290038 0.205207919412039 -0.0288079425120559 0.710811276661027 0.590504387757642 0.293222236730952 0.521638149974673 0.553871794558787 0.482325175393335 0.532417409938641 0.446006066216106 0.0107507228449996 -0.0285132322587695 0.671275527045081 0.682120761394072 0.658523566405175 0.520266548696536 0.453932171885437 0.293305736258391 0.567426287613943 0.52661509708844 0.00135634169898068 0.0490012400405428 -0.0424711617047977 -0.0759606112646297 0.312942849164516 -0.204549059214881 0.359834169270641 0.336875354135091 0.349396896466013 0.299755994319507 0.441569609671371 0.27953305306239
0.16797802037076 0.0279127868601835 0.614292907305714 0.849595791580189 0.59775737310019 0.46399133719613 0.814121894327108 1 0.513832164466373 0.522409191422999 0.509556767340023 0.573136348172412 0.55965443190373 0.622774220618561 0.529848694910212 0.541015777437838 0.139678457536879 0.159001893512792 0.375598995394831 0.346051138070563 0.315864675085723 0.282194956067466 0.603846876664219 0.736696160963348 0.175105368540324 0.461210370460112 0.166032249033552 0.244697064349751 0.423238097403751 0.480469896170666 0.561800184754069 0.741408726848163 0.58516133205402 0.696894405065243 0.523531238330583 0.609806051025528 0.113190966548244 0.203168029975235 0.324376640847949 0.245261363407951 -0.0622583868266719 -0.0940515506116899 0.177291667180446 0.0429562146832137 0.046254834190246 -0.0226789432541989 0.0838012469052993 0.0422229501086327 -0.0392012161631898 -0.0296408944173889 0.0775676477241693 -0.0302142363564064 0.0839746575296137 -0.0548475230873121 0.177664453516046 0.0614800583537079 0.00332536213199878 0.016898197953195 0.278315505060022 0.043201243925185 0.769688674223201 0.83356806638928 0.235885458376149 0.589350234394318 0.539338836196937 0.704259826555498 0.572718923973668 0.555371885795705 0.0293575350048143 -0.0185069960259243 0.597835304829873 0.652549866154736 0.576358971611154 0.475792295938016 0.431969140520511 0.341003447713924 0.51402998346349 0.607935693439814 0.067268198098719 0.0376258803467663 -0.00713529386315895 -0.0122767457738666 0.32449807052988 -0.0659328611373797 0.370201578203112 0.457741310438267 0.304848479005434 0.377951976791912 0.434832591783821 0.320265560324398
0.0361001260847071 -0.119984317805481 0.584095180926221 0.438449990381022 0.781128715237522 0.567182476898311 0.608482845015731 0.513832164466373 1 0.758987285222303 0.325954058741488 0.281397977267413 0.501842849999197 0.315763387500698 0.550707245225275 0.432285191590044 -0.0912841876161937 -0.0346836625983744 0.23061749812802 0.167078092954914 0.210142269189048 0.268116086348292 0.430541153253345 0.525144184861206 0.183032797437638 0.404059728687126 0.0896784906523702 0.105656494223185 0.111071812266753 0.115047945463686 0.327342841178611 0.333137776705621 0.212522593256153 0.214511157284391 0.302601475743835 0.284134250052325 -0.124985598443268 0.0680389135675448 0.0589642312589083 -0.00372884291864924 -0.180071504783786 -0.191622730761637 -0.12744455566184 -0.168950871534483 -0.117223392614721 -0.127279463356891 -0.192018591482483 -0.192277413912129 -0.191110818310292 -0.133746555059575 -0.120436045958058 -0.168653563200959 -0.0533705052000008 -0.225409631894144 -0.0359005663332532 -0.164297580621843 -0.135447247227351 -0.132008556387161 -0.0660665157220521 -0.143770707020482 0.362277630677663 0.372754061915469 0.0664148066967978 0.243183120138143 0.408459998404143 0.205815060585666 0.214076166364527 0.121051503723933 -0.0532526226482532 -0.0953801185685921 0.497468237125903 0.428003898641009 0.364341780182196 0.306912286521579 0.292058867172047 0.128337087214223 0.317968204679369 0.309523286600683 -0.175859556003066 -0.104918607913771 -0.138084764404043 -0.0825978771011496 0.116728619369535 -0.168230465145939 0.213060972916595 0.167501177404568 0.348394824685707 0.139218841872162 0.259688354293102 0.106536656764158
0.0681967956954346 -0.0328309550355979 0.35655478474922 0.40458526485784 0.691540684847052 0.660181060595323 0.445699415127036 0.522409191422999 0.758987285222303 1 0.267453255981469 0.306759780822812 0.417335285890517 0.42623939681285 0.4078323169597 0.488684186518521 -0.0719355396095363 -0.0674041454259293 0.183740750828945 0.119032909505465 0.0867747955615767 0.159749398114315 0.321525271496751 0.552145179850131 0.0602325060747394 0.358062904697958 0.0644390885008381 0.103801657551181 0.0635751066713952 0.109574296989924 0.192080578775085 0.318400569418854 0.148271610557618 0.180025946182228 0.246247143459773 0.246746814837779 0.0434608663064521 0.0885438841185868 0.126764795625424 0.121955538715451 -0.131508730668144 -0.138082055238199 -0.00342061048886443 -0.084042587975731 -0.00921102961843672 -0.0501624047902034 -0.0369145194212586 -0.0458493953821041 -0.071966160654957 -0.0314969393209133 0.0275120144907629 -0.00524582978368124 0.0829746589169826 -0.029806319748042 0.041861152733556 -0.0302228150506964 -0.0742973584045512 -0.0948792184342988 0.0692466806844372 -0.0461097697352454 0.344635311571526 0.422748901520612 0.0473840266760714 0.240849130657369 0.393899911217635 0.330941071756019 0.214260781163367 0.164105615619396 -0.0252877575251525 -0.121004208257666 0.413813132725506 0.34520763109612 0.249169422060869 0.182408675459571 0.249343244542866 0.210229253554906 0.226939893082427 0.278312187644577 -0.0596672272371134 -0.0509993872828948 -0.0278097099427307 0.0389175762021965 0.0922651828427129 -0.0151313329648622 0.293582198706452 0.263004523207624 0.244288780493416 0.219703554654769 0.25582745186579 0.193055034864089
0.473403265199303 0.260749005687052 0.385860148440721 0.42126457373297 0.255089158319856 0.263665990946326 0.593770422778846 0.509556767340023 0.325954058741488 0.267453255981469 1 0.653882436077514 0.770457641417116 0.474441019987052 0.582812282997795 0.485417845302167 0.382373211373796 0.448378096133265 0.516121531303465 0.508471124401565 0.335432579470321 0.398262758921692 0.459217864462166 0.476405884787668 0.0781143975720339 0.132289064879866 0.205465519929511 0.117947032894434 0.621285721107934 0.613695365349821 0.481527304822058 0.479377612259304 0.608707013326812 0.628917012739348 0.257069560303316 0.305491903099102 0.234332141915892 0.18872562960886 0.292776381910412 0.292554514805913 0.216199326726367 0.182706756502826 0.269614952353409 0.209368840078869 0.137365803697338 0.107868993091771 0.135245165513124 0.114933181089036 0.0601098036966289 0.074350983369396 0.141089274484414 0.0880666063671222 0.199502418233219 0.0857119538548348 0.307503138277473 0.143807935752455 0.246850850173065 0.274781468939867 0.312722311441313 0.170031353532016 0.584004629633218 0.446460162668636 0.474488119050833 0.489803842183843 0.278779391035458 0.359015661976364 0.367305601513754 0.378665318784309 0.194154854177254 0.15997407949731 0.505999278424583 0.48825265246768 0.626446313478865 0.597246285712846 0.363422534723734 0.38965875419031 0.392030297026065 0.461230532578023 0.202178079984266 0.251363588661786 0.175592886406719 0.109790053577162 0.449358114789354 -0.0615403886746772 0.375703614957671 0.465688313344352 0.330928992351861 0.379082683800235 0.511079787572089 0.389586736524695
0.286194326386421 0.322092623963461 0.334092635149884 0.4655920230693 0.264056419423324 0.266899897792178 0.455833179446324 0.573136348172412 0.281397977267413 0.306759780822812 0.653882436077514 1 0.612790056488335 0.695780108151133 0.425907794494481 0.594521512763381 0.210285308190393 0.247254272344864 0.352224673651522 0.434071208637919 0.237526701177426 0.18525810603449 0.425957815844148 0.539860583273588 0.113885730485279 0.230196409606725 0.137153530827613 0.144159117126509 0.385008237305208 0.478124224504366 0.331420746147959 0.477580801770306 0.385632518478285 0.535888024280865 0.175977174734035 0.275509911149442 0.17572231223991 0.204780292889162 0.242849378834984 0.293939812358439 0.058621941294093 0.108360183817339 0.220748027657064 0.145866546745651 0.0608663092675285 0.0559727253156609 0.0894207517310033 0.0718087300426304 0.0661641929306119 0.0617825135366088 0.124353098390717 0.0962053888751817 0.191493113749216 0.117072703546075 0.160598419450811 0.129276903615102 0.12112988687335 0.243006617509483 0.28673016544998 0.196825486947991 0.535704806334504 0.570351110335905 0.392167505693164 0.61781201533805 0.282435425478389 0.41119767638947 0.245926527553424 0.260972983229739 0.0779404334164491 -5.19601084825765e-05 0.403166864066837 0.338859960652727 0.371990301254995 0.389588831160428 0.263023784244551 0.30730708807992 0.312575924429891 0.371671326558169 0.149597009915865 0.129066868649114 0.141220175533084 0.147075186360468 0.300478186036699 0.110185758797528 0.400775201728371 0.468539933543215 0.151279296590283 0.361733910065547 0.410637482606347 0.386059847735546
0.505794882475866 0.234019182958676 0.573656434155158 0.536800237398454 0.439543113369991 0.477499987716874 0.670420221195603 0.55965443190373 0.501842849999197 0.417335285890517 0.770457641417116 0.612790056488335 1 0.705905516402151 0.754212849460913 0.666931022586211 0.313065233765434 0.302107750286979 0.585871563110057 0.570983962579171 0.321294819864173 0.290497115411998 0.682023707032563 0.674740132379677 0.079821659299502 0.230199804983895 0.243854890636174 0.0234090926880113 0.529452689060903 0.515878652696413 0.417758614745055 0.499087458589494 0.518932946557877 0.595939724397933 0.347990239899291 0.392216978055438 0.280820333370471 0.321836052985654 0.386205843423201 0.389223300305171 0.170113172319428 0.097887683600924 0.310962226577632 0.236209528572249 0.216951562941424 0.173884804512862 0.165474443496683 0.162700493704082 0.137407649537258 0.151612501891845 0.214317660910836 0.151424432474374 0.295064387242625 0.162705582433926 0.430250204091752 0.254628693952551 0.235336350357287 0.210150983351525 0.30276155463981 0.157216068337883 0.562375264134603 0.501443049388723 0.414304930294408 0.49443062865537 0.479689563330736 0.466038039168608 0.418541871833964 0.421075361395543 0.228512605183964 0.209628722593923 0.597381170954797 0.468559753345194 0.574118082859549 0.528507588941545 0.295652631845767 0.341048385939551 0.334066004007664 0.451507267266112 0.276331035162006 0.302624366110955 0.2493702007128 0.293119403881535 0.569165681437192 0.186950756811007 0.630887353353521 0.590821293756531 0.519552771091036 0.572696199123921 0.609631409000683 0.541544762259883
0.285705776178665 0.203730663512633 0.486093132515163 0.626193631774504 0.347443434577786 0.448022612027545 0.506878252817575 0.622774220618561 0.315763387500698 0.42623939681285 0.474441019987052 0.695780108151133 0.705905516402151 1 0.680510843655642 0.841853841858442 0.243068796559034 0.212272859244431 0.509723645564122 0.520616729309051 0.2701253411859 0.243198034274199 0.715202522139405 0.812152001041334 0.225576429565993 0.312848601060027 0.311554603800644 0.119423335666379 0.408608379554806 0.489302618879878 0.38195023922931 0.591765326776489 0.485744048697671 0.617111521114038 0.434719496763422 0.501540679534672 0.204594698670331 0.302482524257235 0.366690756095301 0.342339735686492 0.0895846566729704 0.0253848076671996 0.274318757989637 0.179560429243878 0.118498092489207 0.108852631122288 0.176696166901518 0.152725542912637 0.104595473363111 0.0942848455671194 0.172273782052963 0.139794834482951 0.280445541547333 0.194721510294334 0.338708306590892 0.252820590698308 0.142137451573741 0.130636435720463 0.289352891031718 0.101496143434792 0.512912634409729 0.632344355979003 0.288153655858668 0.614040584411198 0.608287999965933 0.63366898705582 0.437946259679303 0.448370766239149 0.137183889375937 0.0845955732428292 0.559113946633271 0.406983057122625 0.43269204907003 0.418665329311013 0.20918404615409 0.403367500753065 0.28784044770765 0.478646188735173 0.235396129990711 0.219428655124641 0.144002162553858 0.266632423674016 0.49021198125395 0.344801643821717 0.604310762999432 0.61658206855108 0.414445679196478 0.642528460906909 0.533513332239298 0.579745621338816
0.228756352896644 -0.027678543041364 0.662997735484583 0.592228292213075 0.45949976511412 0.399395663026054 0.617327126071697 0.529848694910212 0.550707245225275 0.4078323169597 0.582812282997795 0.425907794494481 0.754212849460913 0.680510843655642 1 0.766371221885714 0.211055650138887 0.238611813751409 0.533889221737838 0.480531210236458 0.464903604803205 0.512031910988929 0.823020136262135 0.781664034340808 0.408644997579728 0.401880642686305 0.395146437786403 0.173048609256005 0.450356425277881 0.450579061559822 0.597548796138728 0.584578651209797 0.604914704785151 0.614433882918445 0.566857492105676 0.542330035685791 0.142706086905845 0.348333762766378 0.386300170581299 0.290184758610972 0.167591997876223 0.0915793758242921 0.152004916477944 0.0815464110123424 0.0664405344792729 0.0163514449733516 0.0441622419245861 0.043078228102459 -0.0490479506418306 0.0140802559329747 0.0698284720605264 0.0108640889148247 0.175590453481318 -0.0232572843515933 0.369884813098082 0.193476415043219 0.0246083380786123 -0.00897651461486898 0.150606386371734 -0.00454135261239548 0.441919745184918 0.465596192565076 0.272103060382284 0.443898534411436 0.640143622442257 0.481431581213839 0.502132717327611 0.438204475338166 0.109283740061634 0.09144297765763 0.670588003286116 0.591458726315815 0.629152047330149 0.563198827100947 0.295350439456947 0.356613371577287 0.424188474331555 0.560816406049903 0.0646622083377721 0.141093533713402 0.0387609534892849 0.102031595154129 0.607504123953824 0.11839662340539 0.521543525686103 0.496658427121125 0.662572601757267 0.665354271881361 0.577718995760049 0.496911341935265
0.214104895599784 0.141697723808309 0.528855653500648 0.60301629618623 0.357626562275892 0.518524676557313 0.453489816984704 0.541015777437838 0.432285191590044 0.488684186518521 0.485417845302167 0.594521512763381 0.666931022586211 0.841853841858442 0.766371221885714 1 0.215566658913132 0.20978160893879 0.488490018211924 0.425261631137068 0.313552282611462 0.402956009047272 0.73701213390978 0.834879198719539 0.331759829442972 0.396026198381782 0.399948463116117 0.0667351955387061 0.367024925545376 0.454649062079799 0.388752378018284 0.545999475098933 0.476872751214284 0.542201688463711 0.453004181505835 0.505400624228338 0.165605146608484 0.358666343428123 0.437315253996474 0.375826618540607 0.147884217594433 0.0963445207251899 0.194747251617294 0.121160781172635 0.106610323118993 0.0739169274437837 0.107468617580672 0.122158025074287 0.0503778371940814 0.0762326375524153 0.111560363159582 0.0755348161549795 0.230526385546424 0.0930942169157305 0.337843772860041 0.243000111418655 0.112452240532198 0.131469274094944 0.224982536917152 0.0751545857039531 0.458839625121818 0.572342869755208 0.279086771232701 0.520601364436132 0.598329749089869 0.565081545533703 0.45687688533018 0.418636634457992 0.114831656528882 0.0520649035723523 0.583340470883447 0.432745240710489 0.445717835343216 0.451304668557368 0.128003456864533 0.400426504204605 0.29106340405466 0.502625683477438 0.125908171995431 0.146809870896014 0.0941688820042388 0.222587247718855 0.524756959274481 0.312607437835434 0.567466226695426 0.589782033366564 0.522481306555454 0.657784779028499 0.573996608313667 0.558016940857239
0.694012257516875 0.729373004536166 0.0862555647403303 0.227616830604756 -0.143487213511902 0.148327912011599 0.112782979691341 0.139678457536879 -0.0912841876161937 -0.0719355396095363 0.382373211373796 0.210285308190393 0.313065233765434 0.243068796559034 0.211055650138887 0.215566658913132 1 0.924299897689357 0.571387650331673 0.664972957951093 0.178306569085032 0.107936199429825 0.066531753363405 0.0953156756435577 -0.225329490543812 -0.259391933125188 0.0245929908776822 -0.302133395414992 0.848806162563007 0.780738250044071 0.315735229745992 0.189130279215991 0.603987627773637 0.553961130050645 0.0706560625581458 0.288697244250983 0.370196471649837 0.464995280837552 0.438074109117673 0.538405105901273 0.313417315609476 0.573846422607156 0.759272217305305 0.703432981263252 0.712061303016502 0.651334033028754 0.736530106693106 0.702417832535157 0.638061535318766 0.603383090596648 0.659108119989487 0.626539063452271 0.66959075111686 0.587766643659623 0.675744211890263 0.616470059705023 0.848470516457216 0.787770490471218 0.590450435095057 0.552345543045085 0.236613803309795 0.110206107717101 0.8319408453924 0.65635501266734 0.0668894593191546 0.319454805146686 0.491522829963727 0.592855078052037 0.807809528836812 0.746883398017897 0.066664899242651 0.026487217124011 0.346511200532424 0.386613202409538 0.115940295991233 0.362103684317405 0.204655227344205 0.322164529852339 0.749112532204503 0.765280058328456 0.812318676295619 0.697128125468462 0.689453416591901 0.466476112617276 0.534332583309787 0.634172010583854 0.32192156672597 0.370612727999887 0.492977204731585 0.662662226737376
0.584873930208751 0.662124239635409 0.133359392707968 0.224616475238937 -0.114395527760248 0.105816105184204 0.209261456761183 0.159001893512792 -0.0346836625983744 -0.0674041454259293 0.448378096133265 0.247254272344864 0.302107750286979 0.212272859244431 0.238611813751409 0.20978160893879 0.924299897689357 1 0.587545448261026 0.684839490874861 0.289675426454625 0.194149445289929 0.0867809298937803 0.0783977997317544 -0.157811008540384 -0.23337109062725 0.0638209714238532 -0.238996296038502 0.87230329918384 0.841550554902357 0.425745087877264 0.22064564350718 0.684076709841258 0.62668699835953 0.147948580603897 0.301786359223219 0.283854304785072 0.427582031093068 0.378407457967079 0.415197074750741 0.280073719605842 0.546579066064724 0.674281399639149 0.60691181273565 0.594690084757134 0.550827244126972 0.607926585043372 0.579878923990873 0.515996760309521 0.503774751005425 0.54452663593849 0.523875683135736 0.567989214829868 0.476856135607375 0.57841421413563 0.521907863716509 0.743895072556566 0.737148909543391 0.51901117087638 0.469594195078134 0.239722971656997 0.0874384303576209 0.829122101553068 0.691108658328388 0.0547645854064674 0.260815770126698 0.514275286305902 0.554923782967015 0.706726486845698 0.643080481576025 0.122475775789347 0.113572199267402 0.416998636595225 0.469896758680688 0.189233328199835 0.338393831678568 0.300533124884836 0.392513164316325 0.605470417401536 0.730558365793741 0.690431171915881 0.568955014352898 0.663096675294554 0.317084414394828 0.420255812257237 0.565733004815454 0.326993800814882 0.330375933036028 0.47601460487973 0.586243308464212
0.664053281038039 0.495076235038058 0.575610029890003 0.54231773701932 0.145901560135739 0.224372505279451 0.520038845036299 0.375598995394831 0.23061749812802 0.183740750828945 0.516121531303465 0.352224673651522 0.585871563110057 0.509723645564122 0.533889221737838 0.488490018211924 0.571387650331673 0.587545448261026 1 0.838259216568332 0.205641298953971 0.19322853511327 0.512318471802009 0.494769036685169 0.0795436897658363 0.0114508057970294 0.138662192439565 -0.111073659272219 0.664060946600922 0.597868153876055 0.458038608773552 0.370765722599845 0.570004835535988 0.576438210035926 0.223740345050452 0.286296804273667 0.204492864843716 0.336313277347266 0.293587167362109 0.356703153569272 0.152624834212175 0.225973977820292 0.382377911636426 0.321676977579398 0.317222380584427 0.315159007527465 0.340671928361812 0.340173257601176 0.265265645165369 0.290587475888516 0.309855524646013 0.308408106569054 0.373907299568569 0.303655283838589 0.402373809227038 0.374466747203999 0.553154754848501 0.504123349906887 0.373701444507328 0.288519664742479 0.365616333489799 0.232498062759722 0.613354081728621 0.562480931795268 0.413617563445533 0.315736378556161 0.449162442676749 0.459745031984741 0.491526240397557 0.392334460170643 0.41619986228379 0.298298884792139 0.468193877145835 0.395957593448765 0.237474658405941 0.379013569172974 0.268725315823232 0.279896765158487 0.406228055179099 0.393039854234017 0.376639348479443 0.443766109008745 0.526476330706261 0.2565780405776 0.534054619812323 0.510978703445969 0.459321032689154 0.448611292925431 0.551930129968835 0.59153860997404
0.705798268127733 0.651079271930529 0.464624835566549 0.488585312331918 0.1171428742622 0.230763521731113 0.466594811518864 0.346051138070563 0.167078092954914 0.119032909505465 0.508471124401565 0.434071208637919 0.570983962579171 0.520616729309051 0.480531210236458 0.425261631137068 0.664972957951093 0.684839490874861 0.838259216568332 1 0.181286777080869 0.121991450721009 0.378617079409399 0.399856654419125 -0.138145224581824 -0.148725822569628 0.0210528057039618 -0.164675956477568 0.745678975714879 0.712104562836172 0.366529028691114 0.303348690319344 0.527240655307192 0.579257938603625 0.100253153128696 0.212509352675738 0.230772265562856 0.307906054713018 0.275655291649031 0.420709621656616 0.231022150245398 0.268441869416373 0.521056571368296 0.490447573169662 0.431624973019228 0.444113841024659 0.487161794394038 0.456324430345799 0.410474818490802 0.425000942663987 0.45712779617873 0.447863076803451 0.467020991325009 0.398970426512075 0.480587907986327 0.452561155850906 0.652064180916849 0.617211184922218 0.460220630007429 0.409050977605775 0.299070770906888 0.192374586643095 0.631550532742945 0.659216389082975 0.236436946429139 0.274354088919972 0.357159962595396 0.443737429414843 0.617367070242814 0.568017099135131 0.338502844004427 0.230557904143957 0.430626720230442 0.460687848151972 0.273092709223277 0.346682806007011 0.204412521513562 0.265046139198071 0.523431183716387 0.582713167338055 0.535383912004979 0.525203580281958 0.612468514970175 0.304068535907039 0.53632181358859 0.599608741187705 0.4613061294236 0.474662637611295 0.447723492141308 0.630664010266388
-0.0447984695140013 -0.146288739154769 0.259626563755602 0.211502302406565 0.150426058991169 -0.00219073951178982 0.311506085411705 0.315864675085723 0.210142269189048 0.0867747955615767 0.335432579470321 0.237526701177426 0.321294819864173 0.2701253411859 0.464903604803205 0.313552282611462 0.178306569085032 0.289675426454625 0.205641298953971 0.181286777080869 1 0.461746862131556 0.407826831634346 0.340221624244942 0.368397186787263 0.401666091478367 0.353764194415136 0.434146423384066 0.415223005659293 0.439098730615489 0.623791959011614 0.50435825641275 0.554539996583001 0.556785352644456 0.479582315911171 0.392150734633313 0.0686683003172667 0.342308833735071 0.378430901396132 0.0478434498121706 0.108915078214107 0.0400754531074527 0.0762286141210451 -0.0310190729405488 -0.0230671012180635 -0.122012921503475 -0.0897236780795193 -0.103797699888559 -0.175484570929955 -0.182949464327316 -0.154647693301134 -0.208881113556061 -0.0952792363784496 -0.222611056045329 0.120945320320475 -0.0389103054285201 -0.0969244398108175 -0.119549720133711 -0.0471447412755121 -0.153743028171972 0.237357784609408 0.34139865941796 0.138824239760655 0.299460336663304 0.218259432146807 0.317529565804175 0.354003592546586 0.25675984305934 0.0424712531114767 0.0796369459706528 0.409612200188977 0.536849082949259 0.497302363427725 0.437463783358291 0.366233015300589 0.124545381005603 0.336439053822017 0.461646801158338 -0.0274368014919464 0.164125829424187 -0.0289235726808083 -0.0450232309874183 0.450710547460527 -0.0976580025098558 0.113414205779205 0.24369289844868 0.417648785027727 0.312932100111071 0.238190876543502 0.14084872331727
-0.0403029862287416 -0.171978961593084 0.32419431800129 0.299420448276483 0.201210426545566 0.197386635976241 0.312770550594108 0.282194956067466 0.268116086348292 0.159749398114315 0.398262758921692 0.18525810603449 0.290497115411998 0.243198034274199 0.512031910988929 0.402956009047272 0.107936199429825 0.194149445289929 0.19322853511327 0.121991450721009 0.461746862131556 1 0.43679871620779 0.408363480977724 0.401137244275472 0.387133661540534 0.381989677846988 0.294825106833791 0.285122376407884 0.309570958753849 0.486419874501845 0.476261451504267 0.432189557559055 0.395414842116215 0.406627610052782 0.364818027101957 0.16753462425948 0.214973353228717 0.207172850278915 0.132178885284115 0.375007991019272 0.24345811310432 0.0113135866122752 -0.0797245667736705 -0.0517016609268855 -0.136445990867587 -0.075211647716179 -0.114639710176745 -0.226283253874672 -0.177040752744932 -0.142617901348911 -0.149623900451714 -0.0329981835388865 -0.156767982032351 0.0971350496139063 -0.113023756165216 -0.0520771610270167 -0.102614482149575 -0.0232399234569013 -0.174387742639219 0.224463240816603 0.176350469696828 0.113964257975271 0.184073496399716 0.250815873807129 0.251942505337705 0.364619774954126 0.281908369083036 -0.0723696795012185 -0.0467503227617773 0.535446052312362 0.525458403455734 0.4769303119046 0.46520346196511 0.303569674684748 0.264503104108912 0.426019310257092 0.434060006750358 -0.0905092042428832 0.00451130130784163 -0.109943686188064 -0.131260739938083 0.361602312936435 -0.0552708824397035 0.127995793628695 0.204283045378325 0.306803754930672 0.330004467503564 0.330865412078421 0.150252483415648
0.118690551749346 -0.0906576586121543 0.770094166400728 0.659308972129242 0.48951369009851 0.377305475611595 0.678468655255543 0.603846876664219 0.430541153253345 0.321525271496751 0.459217864462166 0.425957815844148 0.682023707032563 0.715202522139405 0.823020136262135 0.73701213390978 0.066531753363405 0.0867809298937803 0.512318471802009 0.378617079409399 0.407826831634346 0.43679871620779 1 0.844716519752191 0.496753979419912 0.523630145367274 0.479978451852538 0.226204274397237 0.325128820600632 0.350472676008395 0.598615317806847 0.674610176720811 0.559498816349935 0.604149381403908 0.646248708468904 0.584386051043142 0.132615567453653 0.27101771259004 0.380410257403485 0.253054127289661 0.0236446712476781 -0.0458474429440456 0.0875508909313714 -0.0135489422588662 -0.0238441144483486 -0.0682773175158517 -0.0259416121153279 -0.0388681740206131 -0.101061853313063 -0.0706135124567073 -0.0257395875041429 -0.0893858849284106 0.0541785553881792 -0.0754968104738828 0.240262341702659 0.111226552261139 -0.0708106808676653 -0.0903794410253397 0.151134849277141 -0.0676609790494879 0.571997577865796 0.577140400127671 0.161259789936833 0.396190784720145 0.7712706144553 0.561222854502457 0.5218719515956 0.397405508853327 -0.0669113042197377 -0.114085870250344 0.670427299962979 0.604379981210104 0.503964598580522 0.456795058629671 0.213211299372684 0.333703599391938 0.483501204498278 0.530688180176289 0.000654475634194998 0.0363772330401511 -0.0917262011632488 0.0530758140984922 0.451608825594694 0.127029206738212 0.532721843230628 0.409247893366628 0.503077612630399 0.599794524660235 0.570167275150017 0.396667238386421
0.163375568997624 0.00331293238728021 0.688446820310628 0.784414082369325 0.527392947883876 0.491991504404686 0.647217168352575 0.736696160963348 0.525144184861206 0.552145179850131 0.476405884787668 0.539860583273588 0.674740132379677 0.812152001041334 0.781664034340808 0.834879198719539 0.0953156756435577 0.0783977997317544 0.494769036685169 0.399856654419125 0.340221624244942 0.408363480977724 0.844716519752191 1 0.35126330716759 0.564718953148382 0.425561666675288 0.252611207028506 0.323753833082334 0.375599770432583 0.49158623943712 0.695986819487841 0.512436721920218 0.606346219387934 0.570071010742694 0.632253006132437 0.136053165219704 0.330607729718404 0.38590814020572 0.350540939578216 0.0559299970666228 -0.0407161065759471 0.132972849897523 0.0187018973672562 0.0427087901209415 -0.011903462478343 0.0665958250501339 0.0466226515708667 -0.0360275336483449 0.00522302576001502 0.0491783001436035 -0.00853470652125074 0.120004394405066 -0.0480015970597367 0.262978255955846 0.165621390372363 -0.0118693685961443 -0.0230062949120571 0.234144498044859 0.0150963533380953 0.575202713035677 0.713521205263526 0.176907829789364 0.479723682339301 0.71998241906313 0.672955669555076 0.525064053247168 0.492675603427234 0.028168731235997 -0.0305839627406722 0.682557685755939 0.610913380787376 0.525198749579871 0.473542093758886 0.279265364816936 0.464059681864662 0.437884744647509 0.557009033318686 0.0147213217913792 0.00815588531208859 -0.0413502563926908 0.0967116546584642 0.42124589031101 0.157849372254437 0.542885211678018 0.526937837904839 0.492681813013414 0.663144131134032 0.555123548767892 0.461937337371537
