1 0.884432170370115 0.731003285720931 0.795451948384096 0.404803288502687 0.493087256852146 0.717537924085995 0.729642529454335 0.514836737430909 0.482616663105431 0.709331292684805 0.806224779249536 0.754504420403767 0.698281267481868 0.657852147069788 0.583809490451536 0.821970233492578 0.815640736809041 0.902387165701592 0.914493715363992 0.473901751632737 0.404877122634839 0.719269585238492 0.675375235914062 0.618366186733032 0.599892186991125 0.317982544660955 0.078463121786632 0.655786312912536 0.716875904201254 0.632709714193662 0.582937523087208 0.797917667638629 0.784327769175887 0.59039301546424 0.703849007854288 0.617614231269515 0.588477127862798 0.573469582939735 0.508910366239843 0.532375113623637 0.39693200414819 0.642167651443029 0.596926629600199 0.736409299790214 0.595117552252771 0.621190443833025 0.666687146352493 0.70197238196312 0.58028073261777 0.593250303847489 0.469710559012509 0.481033635964354 0.393975705624639 0.576652085800916 0.536530784541875 0.829270206453788 0.812703710729588 0.640406881721648 0.678920952217691 0.757079609204213 0.546330191271417 0.734417743396105 0.775241238128915 0.559718877863365 0.547889891349345 0.732165063598723 0.794463932428094 0.730509555296056 0.732268255983736 0.540532546852098 0.57067886238037 0.319021130131299 0.602083033329861 0.392355214651678 0.391146203777106 0.642325392648182 0.613803188764211 0.7035982895342 0.695922180503275 0.83696638589273 0.800160940412562 0.667429932571857 0.669752640245476 0.74711304844522 0.695433747319225 0.449037981315287 0.606671459638889 0.634695650332185 0.672635186886649
0.884432170370115 1 0.661934277750001 0.742683235519672 0.306630424770153 0.353235696470909 0.627036185558699 0.614844016903585 0.42287015720298 0.383870417476017 0.504980270549365 0.665993856481758 0.613000565529003 0.565368102954837 0.582956496038747 0.513185335046931 0.810071410865009 0.861081389095785 0.804297012430709 0.882221829540979 0.434334420286088 0.328336970062464 0.646639846465908 0.577826416102814 0.482288283974896 0.524871177028641 0.180513059505294 0.0258439584315225 0.57960362610252 0.657671997774237 0.563865997412471 0.544362543117623 0.764481312720461 0.72288500352122 0.567943752412943 0.682724007276386 0.564677700813195 0.570945499744481 0.597183406653054 0.483781274086695 0.48954575614816 0.351064603975065 0.735129564282361 0.626717676096906 0.858018247703776 0.720273007914985 0.679488118398858 0.694873584083501 0.725245525538767 0.515960052112794 0.517876838214093 0.383759459395197 0.384582332800975 0.269269997419823 0.542324710787943 0.489558654749963 0.924043739349902 0.944977576972916 0.57546851491577 0.619502893831048 0.638774056582965 0.403461607004928 0.635591330839338 0.739369882067368 0.495059275796305 0.452352030057895 0.728290419730904 0.8066933209466 0.826957823473049 0.846932340198737 0.470211785852764 0.518907531766024 0.27998852819032 0.578389640581 0.364228084751161 0.310476089875935 0.650652098093279 0.617902134293923 0.689371601191149 0.713345482030956 0.774299737898842 0.769033184007429 0.605023709229701 0.586437333124484 0.680885508863868 0.656393471543593 0.437045982965037 0.526799679280219 0.561889385992944 0.617237712858794
0.731003285720931 0.661934277750001 1 0.931091567708747 0.699611503855959 0.707419967451973 0.924148127667235 0.869903322446127 0.759469391354214 0.724350689542607 0.614644110676545 0.715433928583389 0.760852114650538 0.712893562392159 0.781934471545828 0.682878261379372 0.635575083145555 0.652049528410918 0.827125747890346 0.705208217542761 0.527217443755086 0.304665681974372 0.909090806349205 0.872579250785713 0.650529394405891 0.740833508650889 0.439500061570753 0.104285103505237 0.54418945935677 0.672542581878721 0.78027364934431 0.747492441228706 0.881120157347377 0.868765190097148 0.837496282362801 0.864765264269585 0.616387840073733 0.66626359704035 0.662858169109093 0.637231822610852 0.595590943150518 0.413186423186386 0.532956570421768 0.566887952123714 0.65335547635847 0.458400053191501 0.523127617861307 0.690753829642222 0.687682800522779 0.653901358555892 0.785887839935452 0.693091941987063 0.6836240372894 0.642677832451794 0.785116453305154 0.720355484096255 0.614864452949349 0.658906472007823 0.593388761878493 0.70960665853926 0.804987509570006 0.711429259738652 0.630258817139234 0.721618420970949 0.857343094646676 0.813929478138954 0.887360243945023 0.839692041566071 0.494716534453323 0.508710941022518 0.648553067096214 0.689155495955233 0.456194319097512 0.684108902653607 0.467654535117475 0.475866044283969 0.739882681251318 0.738424080289972 0.572589746494609 0.537282362577659 0.674256864988666 0.701496659415433 0.658187338129927 0.687159126614947 0.832879118382669 0.852964033766793 0.56693790277614 0.65904575813426 0.819140294485233 0.853269602302859
0.795451948384096 0.742683235519672 0.931091567708747 1 0.632157532820574 0.709689314006699 0.920155538227608 0.931388118150736 0.752894372858279 0.746532472808896 0.624755053055172 0.750279695979275 0.760273766290053 0.729899555451764 0.747481204483004 0.693644324426103 0.685756375026072 0.706833618518414 0.844791845980725 0.78539119796354 0.496076090504678 0.350435617769557 0.843476656062014 0.860063145449298 0.613590331633031 0.696951159487384 0.397111580087688 0.0271701784142727 0.541021352373084 0.717082826139878 0.703013752828847 0.692898267565829 0.896115511647234 0.872589231784861 0.834922274938048 0.877785556084582 0.685783617363834 0.712579878822808 0.722599747705986 0.661186264942647 0.593616469886689 0.433649946999577 0.563968182917817 0.566770118824939 0.71573721140103 0.504396073999529 0.545475164979401 0.72791031800461 0.749451451652872 0.682765023140309 0.751937461712542 0.673132970336654 0.671534106098848 0.607329992144286 0.784667295398685 0.722167149974743 0.664830352841154 0.719019366646066 0.703246633885594 0.776769225618462 0.880879442941388 0.794736354692412 0.736621175983196 0.837493229381606 0.802721285068837 0.786395086659864 0.901206541411842 0.858949908624 0.593989131867272 0.590884899990591 0.621331579970231 0.707566711998829 0.446149851683522 0.700341051886557 0.495140359690294 0.473565678662259 0.777675615643732 0.791542905300668 0.607312454720262 0.59307793112744 0.725368699018665 0.740892607301244 0.687864998312716 0.723216255476852 0.829944730458986 0.866438717804364 0.595269369202708 0.689171365607466 0.822682512224988 0.886140256660531
0.404803288502687 0.306630424770153 0.699611503855959 0.632157532820574 1 0.8024003378434 0.7100804438657 0.70136638049854 0.815780734448036 0.694196460408268 0.365686047101716 0.504824072833586 0.4507872050663 0.50757209056464 0.596924421195505 0.46748275229272 0.353379586598001 0.317396967769641 0.578335258993341 0.427883015521212 0.461839049646052 0.364621878119722 0.608799078515612 0.592261296951675 0.332803322773053 0.510311229477169 0.496198877712242 0.153736130414503 0.317820839244896 0.469719957055103 0.553999131362947 0.651768734508606 0.590015153525461 0.611236465663132 0.523933065371074 0.514471557512074 0.126076299416821 0.195249924995972 0.170119272590928 0.272574838924004 0.387063773811199 0.270043323924156 0.217208178548658 0.248619122059859 0.356822350478048 0.216135357970687 0.196177542860187 0.353110572713164 0.450500098598787 0.4555427188451 0.491661718397283 0.458927415530149 0.45556763611377 0.384279382180697 0.430141187325913 0.405231749410069 0.317438672948691 0.324311608707108 0.360306419720472 0.503316576300257 0.578544483221756 0.629263721393846 0.479528929191008 0.468044146455559 0.639243411042935 0.599257684123051 0.560049863254078 0.469479270550369 0.226176121287489 0.227433335636372 0.452599381499046 0.508830699818274 0.323210668993904 0.446523157313188 0.262788943709096 0.341470300694011 0.358631229532503 0.435473192354813 0.349840962861944 0.19525687910261 0.346931216821822 0.27018032699543 0.273788418785287 0.342996701275613 0.468014068800921 0.507628642501042 0.258834991212202 0.28190110023642 0.648173847704835 0.602098127147869
0.493087256852146 0.353235696470909 0.707419967451973 0.709689314006699 0.8024003378434 1 0.748821249081142 0.764627127577723 0.800314886024166 0.800111444821676 0.460158968093978 0.573938483424871 0.550981626585298 0.602664262012583 0.596457794472727 0.611573257905002 0.467259352213844 0.42943743582827 0.638563809005242 0.528105692529417 0.47020406674496 0.408128918376254 0.653579664985364 0.686076965286018 0.444175672232009 0.563219355673208 0.43624643321943 0.134046359317489 0.388033993008884 0.562600760548288 0.574313056659244 0.603265157183312 0.688260681583847 0.701831004391071 0.613588512425437 0.613269981998807 0.312997502888685 0.371710192474712 0.372466598882957 0.446242350985647 0.402614761547046 0.294485418134685 0.359487011393304 0.409635251606127 0.447847400695333 0.300529002919487 0.336565819722689 0.476801609886023 0.498999090050414 0.467613304376422 0.519934413690374 0.459894303450649 0.482250076409986 0.429163979664845 0.52548377987873 0.503785941204034 0.368079992955195 0.379428507628986 0.443969280366352 0.512967281359521 0.685344044607653 0.734704144494029 0.619544249892025 0.63423854784116 0.690722950387067 0.682769461626272 0.629961350089213 0.556421441936283 0.31511947084057 0.298727205235914 0.490741414383911 0.572614043772827 0.437957852140419 0.539284596728608 0.458221486564047 0.424338347398028 0.493113010531885 0.566787273175883 0.465387093975023 0.339642605337859 0.474996661170413 0.421069509702443 0.366379308726602 0.457279782817541 0.566689877952746 0.614440626672608 0.356763632601973 0.461259482113651 0.681851088632148 0.713133306752886
0.717537924085995 0.627036185558699 0.924148127667235 0.920155538227608 0.7100804438657 0.748821249081142 1 0.953413085125768 0.813610397797054 0.75161496264717 0.667931626777564 0.764363999086783 0.747272636247021 0.778846399917085 0.737347179344169 0.697395628321258 0.636868761260375 0.63890944005287 0.820780487110858 0.723972753874926 0.509318515140843 0.335331936291212 0.835336716684695 0.842971312169662 0.556513929192057 0.646862670343605 0.329693654722947 0.0347018334957694 0.577940966610556 0.726038705688718 0.727595165543672 0.740387867597287 0.875631984855947 0.866311783119434 0.784277609673382 0.822799021390683 0.57793338013547 0.597829716336093 0.643016798033815 0.572753625789567 0.583498640547286 0.390007563048228 0.504650526944451 0.535822438791109 0.63481281090007 0.430056549658365 0.454693640891372 0.636196224066263 0.664861625308708 0.599221214720138 0.7138484039949 0.630698748855915 0.617842903114497 0.577543577225427 0.723132265274147 0.650261109835974 0.561007893209944 0.608706515004489 0.550228140645547 0.671037607949537 0.828054391392441 0.804786523168728 0.739504343320507 0.791077875823897 0.832117022244425 0.828750261404869 0.852761219925547 0.823532850482366 0.448190822297479 0.46881891520547 0.649646148864821 0.704465185492543 0.509541405220299 0.705228513784653 0.491198725265573 0.505384324923358 0.725062699218422 0.749026178567777 0.570369577838182 0.550269756359559 0.659466704423084 0.66348561482535 0.576182485170301 0.627106235965047 0.74904209137313 0.81400287434828 0.501844433363873 0.600634196898471 0.780868902663695 0.817048985835113
0.729642529454335 0.614844016903585 0.869903322446127 0.931388118150736 0.70136638049854 0.764627127577723 0.953413085125768 1 0.822715456587849 0.814591356685216 0.652678303441888 0.787699732077847 0.765306445270484 0.806612591528449 0.738964288379645 0.702003854578468 0.6242902169963 0.611886182998639 0.801679197187903 0.73221848443005 0.482408763587726 0.375130070979042 0.79113231062677 0.838347902696087 0.55431885858904 0.627964681896361 0.357598518938453 0.0202589378860123 0.553799574052196 0.73327027859907 0.670669612975868 0.699531017485726 0.842505548955913 0.844446066300408 0.751490977332404 0.799345349045656 0.585305016136274 0.599159336590042 0.624377686813304 0.579482572472362 0.565327746375988 0.402775607048803 0.459043533004727 0.49869103053609 0.593887518148365 0.411782404236755 0.435915936006312 0.626623700738974 0.663127147744274 0.624156776232472 0.701086926555058 0.629950444623306 0.635074783263018 0.574723366701884 0.723703059991839 0.658919732572277 0.534739450132536 0.577759692941517 0.601055081702217 0.718608883571835 0.853612251010062 0.879743312935724 0.767296358849767 0.820980719663275 0.797880994147156 0.822990365704119 0.809030623721087 0.781694578249908 0.468932449222774 0.457257391948147 0.630545659355169 0.712314087720914 0.484423149178287 0.682612256325567 0.480695707435513 0.482107272124089 0.702057275215866 0.744196832449936 0.551267965595988 0.523782242793352 0.661181542502244 0.669411074541375 0.615196620812825 0.650499151983555 0.756255115764152 0.824486039004636 0.5164616922148 0.622555323118361 0.79994513973875 0.832621079178875
0.514836737430909 0.42287015720298 0.759469391354214 0.752894372858279 0.815780734448036 0.800314886024166 0.813610397797054 0.822715456587849 1 0.864595536305873 0.491169435194124 0.617599942313849 0.655524649273261 0.658536103777285 0.748672018851273 0.677159689811579 0.469856068478429 0.445317731273418 0.643106039706951 0.524522150367592 0.479532197699035 0.357065647949655 0.699248345478028 0.737173644842597 0.370859312158454 0.523366255176655 0.447498933236131 0.0963708605045381 0.427847641132121 0.613833924662689 0.579764383289562 0.667422403969094 0.712870925190645 0.690121784296599 0.652826879466623 0.64276032139757 0.353890921082235 0.451372686749575 0.459880437630085 0.458443676097803 0.451948640247597 0.315055325198189 0.285838913961532 0.323227941598841 0.464579803989 0.280787044310021 0.274650603111649 0.454833936080806 0.564844899640803 0.530088565737918 0.546812808566733 0.527492074805217 0.532054103317789 0.474014051028302 0.576199466595726 0.513843150359173 0.395384961272843 0.418477358496223 0.504322507346217 0.612873295622383 0.722582257171719 0.764592473304329 0.646201202446655 0.666176669066539 0.675567465035312 0.656185484937644 0.657397352352735 0.561837000694942 0.311626231821813 0.318975017322993 0.490331537210582 0.558935543626152 0.353761335967111 0.481974219072509 0.404457385897859 0.299078435445878 0.554063483412853 0.607346316763624 0.454282657201488 0.366779036846159 0.482263463569901 0.483005513250863 0.468877514534578 0.54114903945425 0.618985204810318 0.681538526322929 0.546103846097632 0.484154161482013 0.766350856512363 0.755737620427701
0.482616663105431 0.383870417476017 0.724350689542607 0.746532472808896 0.694196460408268 0.800111444821676 0.75161496264717 0.814591356685216 0.864595536305873 1 0.513317287108013 0.605391467195866 0.674435000285316 0.70657268762665 0.715760286101884 0.747113191337067 0.451830249355053 0.43837736383475 0.562344581285391 0.470555162802177 0.448575989707404 0.319890787237579 0.697732316028659 0.768762138647116 0.513578751964913 0.57400473562214 0.439354810289097 0.0323369863900308 0.414235695242242 0.608992564506276 0.563728001871211 0.536982332421133 0.663701234171322 0.667200704637675 0.637102283493866 0.650792363656452 0.498344674554829 0.51798346273865 0.542625939458144 0.578515826814472 0.434439059969887 0.404405481604574 0.347229058178838 0.398986823988469 0.422457642961131 0.314292670124204 0.367216438767042 0.513566026019693 0.531292776751099 0.541908659286848 0.590866242222863 0.554998055417004 0.566761344058228 0.535201985327526 0.650935873806532 0.612031514853409 0.34603852242485 0.392316979588361 0.467185377243949 0.596922324063918 0.687448842407389 0.755642422300413 0.573183292358374 0.650230355267342 0.721539727481491 0.73999132057657 0.630151225000875 0.56515014518972 0.251798563331487 0.258776549420699 0.504889509010068 0.606292359676344 0.444657719669433 0.555230714823242 0.470742184150722 0.393290014322779 0.544428166224156 0.637583736882536 0.427916107875645 0.382159869060457 0.465692141129705 0.506842841810588 0.516787909836513 0.590777280853142 0.639823933574709 0.74598446447258 0.531381200853688 0.602225761663402 0.736636911660235 0.789349355118222
0.709331292684805 0.504980270549365 0.614644110676545 0.624755053055172 0.365686047101716 0.460158968093978 0.667931626777564 0.652678303441888 0.491169435194124 0.513317287108013 1 0.806107622416499 0.793940091475352 0.819459838381485 0.612219680816999 0.667320016391904 0.644335147548682 0.573960649541063 0.713005214323767 0.625221333653699 0.507630703854557 0.340774894306143 0.700790459839028 0.693149190242586 0.590958769695202 0.563870924812117 0.280441110612576 -0.000419099048865497 0.736933930664582 0.74611071201813 0.630769872125451 0.54807348203381 0.666490498226613 0.686853443401421 0.498040668639135 0.550973264826243 0.601374320732508 0.551097308763157 0.52397306964857 0.542707216568692 0.521783846961516 0.339444649334941 0.432267720142653 0.449435070202856 0.427997151817423 0.342504829866183 0.417306206124468 0.50617443528847 0.451300097576289 0.402516577925305 0.500724724244327 0.403699937985381 0.417079066801779 0.399420032593463 0.539207699126703 0.492031136681787 0.43617302822894 0.411575965098131 0.333436780437619 0.424430621902362 0.532423454678229 0.507764581887436 0.67259463800302 0.635865937574616 0.473938126422433 0.560298802556836 0.581372889469396 0.628135524555612 0.323991822697028 0.381098539665912 0.495533626101544 0.530791472235336 0.470946260661576 0.594342583842677 0.418465887369442 0.384145221604418 0.560797800796495 0.50351617028882 0.557811176056406 0.596235802381297 0.64650268067997 0.628497882372065 0.539489038379434 0.552781342573438 0.56211242670188 0.584860568027248 0.397551957218293 0.534247592645556 0.499332983782444 0.544720963115511
0.806224779249536 0.665993856481758 0.715433928583389 0.750279695979275 0.504824072833586 0.573938483424871 0.764363999086783 0.787699732077847 0.617599942313849 0.605391467195866 0.806107622416499 1 0.770863949893568 0.85781736290654 0.693185570611306 0.691557392562887 0.757684663542229 0.710320009397222 0.789758017317054 0.747530563347354 0.581932601791754 0.396547557511262 0.771023712716683 0.767412443851812 0.533654661834322 0.642928436702381 0.311736186506648 0.0810658869408685 0.739437399735504 0.82081490750474 0.698173194594772 0.675084447623966 0.767976627454966 0.797035343825524 0.56381878170003 0.63495587725825 0.53357836458919 0.514632879378169 0.523793008117517 0.524390961924585 0.518306167696387 0.348498414599081 0.507649488658996 0.499970865467196 0.583293361832915 0.476772640480974 0.490261284133321 0.561779643842653 0.561752916061287 0.490028656806817 0.550329847184718 0.443255271126803 0.454066196979745 0.37487708266349 0.591751308050686 0.522516507309113 0.640466183802592 0.621738597547778 0.425287153413329 0.557763950039026 0.687048823185264 0.646727686341606 0.762979096440545 0.784478308404212 0.575425324170602 0.671810145402719 0.665941636915976 0.738529327718582 0.486808066303124 0.522936747381018 0.551734885330561 0.592057281179582 0.459986238438949 0.642776089224632 0.438853546328479 0.423287340932606 0.568871868388897 0.537550632570423 0.615534490727585 0.614503043382806 0.704096536493694 0.67964086552556 0.530519232494495 0.570511552193562 0.659188915037071 0.695105749946822 0.385077483854742 0.523888619063737 0.599231046486116 0.642170487562545
0.754504420403767 0.613000565529003 0.760852114650538 0.760273766290053 0.4507872050663 0.550981626585298 0.747272636247021 0.765306445270484 0.655524649273261 0.674435000285316 0.793940091475352 0.770863949893568 1 0.834184999750609 0.837513136829658 0.752104785766931 0.632515856786948 0.633941759977953 0.776201718743887 0.692302165481952 0.505258415349939 0.373792349347497 0.804545724611729 0.788901023725483 0.67319253945062 0.626604271005908 0.389732855992219 0.0693647564808839 0.636936546306268 0.71788718405102 0.656874361429141 0.625394414420934 0.758448860480949 0.76047354276114 0.620219837873182 0.697120644409393 0.658903805735831 0.635088000197378 0.649323561631104 0.617058441495341 0.522381712691035 0.368303781824073 0.508354087436985 0.533754330172036 0.560115527861315 0.445991447000668 0.536260492939205 0.61718549371476 0.57285672371888 0.560147085838639 0.607865682972726 0.508739849303794 0.536036544753853 0.482797609299999 0.665326755223642 0.622806701533099 0.519823311378895 0.547811861302204 0.495707716620225 0.612573889354806 0.68539874241459 0.651957142880473 0.665526504754277 0.709299154089121 0.662767976447465 0.662782066917887 0.673044825302582 0.702909809497069 0.451839613894806 0.4645133306506 0.546316876890658 0.613840839728195 0.429054340698997 0.608661545473668 0.531669582801344 0.370080460535451 0.665248036381269 0.654025011882816 0.584172225861115 0.598721623371799 0.76846086830566 0.796591933325794 0.768562851454751 0.741475656799476 0.81998735992565 0.746656186328523 0.638810621752441 0.698950198119222 0.711900144002422 0.711197575512737
0.698281267481868 0.565368102954837 0.712893562392159 0.729899555451764 0.50757209056464 0.602664262012583 0.778846399917085 0.806612591528449 0.658536103777285 0.70657268762665 0.819459838381485 0.85781736290654 0.834184999750609 1 0.768621878511259 0.852886723087379 0.634157997978069 0.607386182939695 0.71231787244075 0.682229898701456 0.571475263311158 0.3921029053688 0.781457205418339 0.842915942676176 0.609732314807857 0.662266221021445 0.335541506475559 0.0681975316479735 0.67705759233214 0.781431661291064 0.652755767018213 0.604143699504154 0.743403223969834 0.763343451835914 0.581655517035491 0.648719636013686 0.580857154564832 0.545053479191435 0.592132010972029 0.628150157971095 0.532765871239373 0.387204916279301 0.508069192694322 0.559664361213918 0.51964496138613 0.467139929533989 0.514488644213847 0.613537309841924 0.531692467204742 0.50934945093804 0.602461816590765 0.484087050880354 0.507115320503878 0.458700631579726 0.665993968498525 0.620787636967721 0.497645953371507 0.505088340766952 0.355353945616184 0.553177348503853 0.610216834420299 0.654387331954963 0.706870159971624 0.73125224182816 0.62703779488443 0.736420565762518 0.666458133485333 0.746647910627173 0.404202579880591 0.45117879531936 0.546692002956392 0.606740938437186 0.514404549155116 0.627866174723903 0.495240744527569 0.429021985769509 0.596888352410515 0.613572647177409 0.574612582732826 0.608277415101106 0.686765908439039 0.728333184308991 0.572713204912007 0.658027944252019 0.682042808175978 0.761195179861655 0.455882518047399 0.643605624485942 0.637665713426282 0.685737097058591
0.657852147069788 0.582956496038747 0.781934471545828 0.747481204483004 0.596924421195505 0.596457794472727 0.737347179344169 0.738964288379645 0.748672018851273 0.715760286101884 0.612219680816999 0.693185570611306 0.837513136829658 0.768621878511259 1 0.802490419273407 0.587408981326859 0.593236197663325 0.714093556967503 0.604165007171047 0.667520526535318 0.377381210773228 0.86753104384235 0.816554555158519 0.626891872615378 0.697456043779335 0.427928734253178 0.264998965198168 0.542442210040063 0.670152554875724 0.635848120735025 0.679468881557044 0.776459337153894 0.760277900330604 0.718067955928809 0.679719331977027 0.473043884768091 0.542669579164272 0.541805437923497 0.500694931819606 0.439313999868064 0.315060722345594 0.382400818245414 0.405546945558198 0.524945737125086 0.362215245532299 0.381407977617795 0.508641791350341 0.53549182061416 0.500891627693367 0.551576800990943 0.507822712041197 0.487649579150715 0.45957718772305 0.591581091363715 0.51468812107721 0.517989964896661 0.544627392132228 0.437756611633255 0.604387411787411 0.631487464710797 0.598406998051148 0.623053764729328 0.666106742522904 0.698130506609059 0.704431522164934 0.690959508746365 0.669812627532882 0.372647459813734 0.420967638114609 0.448888897254998 0.524839786345386 0.297771088790028 0.513603622673253 0.468879342406289 0.267609816376299 0.573201204896795 0.568174930587309 0.547290596678296 0.513252822005651 0.660548160932398 0.687074437112664 0.67362445887993 0.659954691078587 0.807624926181239 0.748907760782182 0.616000314349746 0.608565348297364 0.740159692642154 0.70626690655171
0.583809490451536 0.513185335046931 0.682878261379372 0.693644324426103 0.46748275229272 0.611573257905002 0.697395628321258 0.702003854578468 0.677159689811579 0.747113191337067 0.667320016391904 0.691557392562887 0.752104785766931 0.852886723087379 0.802490419273407 1 0.613632752024969 0.616337861242359 0.613798944459422 0.571470328330115 0.619091668518974 0.377068310242213 0.790768252854914 0.86992945258867 0.655078206204608 0.720321511334533 0.386189666957934 0.13088011393117 0.598338552640456 0.74180760814432 0.65486417758836 0.573796190660783 0.7355416733417 0.725932595020937 0.648431298243667 0.659235358151389 0.625521743627348 0.653644917907358 0.675354509886663 0.724850739924331 0.522099538423755 0.424093267080908 0.472190071691977 0.476429609706169 0.499537357926197 0.388960492586367 0.467208500482562 0.551801932889773 0.477685422591373 0.426764280205736 0.513779474523468 0.441257105891443 0.442099115814425 0.450597953257469 0.627512831851515 0.579408532108839 0.4694579002027 0.493819573430112 0.355156433634547 0.469271526385576 0.543909554318727 0.550244333813242 0.618413721760673 0.689897204814378 0.617757605685832 0.69682229406337 0.634463044672506 0.678229550581598 0.325912046321999 0.397370278152891 0.514061585001105 0.571366231695811 0.510878030762663 0.611436568582716 0.552896690755115 0.40768288614087 0.635766149622571 0.625280498712347 0.57111012090722 0.599049219258043 0.629951038503156 0.679698855557432 0.608416513064197 0.670761828421473 0.680299957001135 0.755533063648179 0.527869869822715 0.705682868540189 0.625886919317705 0.712859598959755
0.821970233492578 0.810071410865009 0.635575083145555 0.685756375026072 0.353379586598001 0.467259352213844 0.636868761260375 0.6242902169963 0.469856068478429 0.451830249355053 0.644335147548682 0.757684663542229 0.632515856786948 0.634157997978069 0.587408981326859 0.613632752024969 1 0.948589413746674 0.781877583290702 0.820347054386992 0.580256528397947 0.342331235512289 0.710879492880161 0.630507721732613 0.546454126949498 0.617833142141706 0.204456582925598 -0.0501989194784791 0.831585251632304 0.868822081156891 0.730255729202298 0.660192328752287 0.797838472767117 0.800665902190501 0.516401523169799 0.603240720752428 0.578130780034531 0.557228975820713 0.592468951740904 0.557759710743325 0.497820426362708 0.335327907529013 0.686911661941136 0.565313892303524 0.712746629272865 0.582373090138397 0.604768680104597 0.587512805111413 0.572628184546151 0.366518683223128 0.406275977443267 0.289870998320151 0.265605027102592 0.209399143787702 0.464476125114603 0.405845786239952 0.834595592929094 0.815949320806221 0.387224792570697 0.432745657138053 0.586710860626979 0.468542016404569 0.7576557683512 0.814248983721194 0.488372003924007 0.534948051044111 0.633960819005215 0.738731779530636 0.627122261629306 0.674387032131857 0.492383508539814 0.498535987669463 0.451912776634274 0.652190076924712 0.423745211272401 0.456666471096661 0.630078345613824 0.590111668581671 0.875633421579586 0.822430725157818 0.8278759883575 0.733204069514414 0.614161460083655 0.581054602817378 0.611687232368473 0.596655317446019 0.361687460116699 0.520359498456543 0.47288326881041 0.553471961875977
0.815640736809041 0.861081389095785 0.652049528410918 0.706833618518414 0.317396967769641 0.42943743582827 0.63890944005287 0.611886182998639 0.445317731273418 0.43837736383475 0.573960649541063 0.710320009397222 0.633941759977953 0.607386182939695 0.593236197663325 0.616337861242359 0.948589413746674 1 0.76895468463717 0.814859838845149 0.565092170728613 0.315843038329865 0.716502423618242 0.635181276662082 0.547838418701573 0.625139264788991 0.171372501364074 -0.0368270597136956 0.76476512267227 0.845758002036886 0.720946269428364 0.65883271755824 0.810628959070531 0.806768514589111 0.563639275282434 0.65471555222397 0.618635131207952 0.603222863475603 0.673371915528145 0.577427587527027 0.473062823029988 0.314169430197621 0.733469276565339 0.608326974503467 0.753150943631745 0.626277939624289 0.64935537446062 0.620786306687387 0.579433336075939 0.388404156775731 0.427350074240509 0.308728056529382 0.283242820888808 0.242715482872916 0.503663064917176 0.44665422880029 0.869518514581023 0.890015546541633 0.394942459655327 0.457390711244531 0.595476453447637 0.425115328665622 0.70588489697805 0.815088286121072 0.52861186123444 0.551943785759512 0.657379811182723 0.77546403975015 0.647714517799787 0.687372777762422 0.507816837742018 0.516426290107626 0.443712958446838 0.674244555740048 0.451550442463629 0.4852470569448 0.67693150335622 0.639553091960591 0.842182378425477 0.842556841144612 0.846470971624534 0.796174219901641 0.66953787018584 0.63051449222315 0.671040981744697 0.63755341326281 0.41460855272201 0.572845180799512 0.50171516930548 0.581442413623065
0.902387165701592 0.804297012430709 0.827125747890346 0.844791845980725 0.578335258993341 0.638563809005242 0.820780487110858 0.801679197187903 0.643106039706951 0.562344581285391 0.713005214323767 0.789758017317054 0.776201718743887 0.71231787244075 0.714093556967503 0.613798944459422 0.781877583290702 0.76895468463717 1 0.896282096383333 0.553288330268372 0.447081019865103 0.810674340022129 0.742173980356313 0.611056106440949 0.652911484151182 0.378157506070621 0.112934531802196 0.661542685968852 0.751499211784214 0.740561243073534 0.753195815037244 0.896846248260666 0.880228876557894 0.703185695964403 0.780298510038341 0.569630791914476 0.572375761816598 0.539935209504459 0.51464931649497 0.591881293684884 0.393006683953299 0.596550222885973 0.572501079716819 0.727602795725691 0.518591466403589 0.547984447693451 0.653456655977548 0.689677686444873 0.552998007003732 0.610010748623927 0.515630813102334 0.529637127944848 0.463596651894945 0.597610829234942 0.549289776899833 0.754220457458294 0.732316829423128 0.588981260074783 0.641355103785245 0.755477748640745 0.62195938950899 0.752319702551603 0.772105805549621 0.639983253318869 0.621803475333183 0.796954873835167 0.793090125985119 0.688259555778165 0.663701769978677 0.623675409203574 0.656812669385598 0.405463491819916 0.689239014487408 0.413343204773266 0.442791639239324 0.713347571516394 0.699509708423029 0.71114636865147 0.654710008119088 0.809556286920986 0.749235970579022 0.636694885955419 0.626961329149833 0.750136365139021 0.701871053269825 0.438800770996913 0.535587058191773 0.709814839682899 0.727789122427694
0.914493715363992 0.882221829540979 0.705208217542761 0.78539119796354 0.427883015521212 0.528105692529417 0.723972753874926 0.73221848443005 0.524522150367592 0.470555162802177 0.625221333653699 0.747530563347354 0.692302165481952 0.682229898701456 0.604165007171047 0.571470328330115 0.820347054386992 0.814859838845149 0.896282096383333 1 0.439889653631669 0.423609224327068 0.677870838842551 0.645374945085182 0.563030938083771 0.553101819604706 0.295594461799112 0.0159272830778963 0.636341959903019 0.729523294561368 0.62796441038245 0.613981413170651 0.81099166618196 0.803149426235696 0.566603885081663 0.700030839312983 0.572201613865203 0.551852792401395 0.560431322343292 0.527040462074261 0.554953640415163 0.39850277991321 0.697808285551158 0.63373238686954 0.790100907034635 0.640770443935866 0.632178157569208 0.670055161654948 0.687734521063099 0.513327426760957 0.502945069000946 0.377517124409358 0.396423191834815 0.298785405471147 0.517508378686926 0.48361727263466 0.811905761466687 0.804749097431117 0.570945472684834 0.606354912548351 0.70681783244125 0.554023471823062 0.75500578982141 0.797134939027814 0.53769446563167 0.506894654519221 0.716775733758977 0.783137603640909 0.842251046731575 0.815566808251544 0.527950137886185 0.59724160657213 0.37122997602186 0.633237908657795 0.374478937683372 0.384155942400119 0.666224422137819 0.668888358463336 0.743363215456022 0.729644994981133 0.837999704990334 0.777124112077025 0.591918183802952 0.588421686843407 0.666401757354455 0.635326797234968 0.373203279644676 0.510281126226052 0.578250255196621 0.637807623250577
0.473901751632737 0.434334420286088 0.527217443755086 0.496076090504678 0.461839049646052 0.47020406674496 0.509318515140843 0.482408763587726 0.479532197699035 0.448575989707404 0.507630703854557 0.581932601791754 0.505258415349939 0.571475263311158 0.667520526535318 0.619091668518974 0.580256528397947 0.565092170728613 0.553288330268372 0.439889653631669 1 0.390010623859764 0.676682640267287 0.611316972885747 0.489929154305357 0.732358010846137 0.302101339406996 0.290157022411888 0.53016343422472 0.5982797996212 0.62663129819126 0.672872319206299 0.660435358395709 0.643819130658975 0.506685605316251 0.436821644700512 0.294461236557233 0.312119440280469 0.347292426735362 0.310513947987802 0.324405418626677 0.201139279115142 0.320225827722082 0.277675621234411 0.389148535111493 0.248206285808064 0.254764293139381 0.311594898135089 0.299346730492263 0.189284461516094 0.286135931339774 0.220045020982289 0.22550476395004 0.191558802595803 0.344647716285799 0.249375869601736 0.414393422396949 0.414624231832687 0.158705396468556 0.294108383002937 0.371760963166041 0.319529267833144 0.576112428194548 0.534264622940074 0.438752551769122 0.535902144716334 0.524907160965989 0.534910610475796 0.237268636548272 0.282566333535092 0.381133728457213 0.345108239081306 0.344040932218931 0.455513049369677 0.366060166033761 0.329923850303017 0.408640127689331 0.376646958959803 0.539801745258406 0.503100045957369 0.590224714212301 0.537720170798635 0.430940021338831 0.474954479808169 0.534191569522266 0.497494403098311 0.295067779054194 0.365940178853634 0.464398985988548 0.438460966926432
0.404877122634839 0.328336970062464 0.304665681974372 0.350435617769557 0.364621878119722 0.408128918376254 0.335331936291212 0.375130070979042 0.357065647949655 0.319890787237579 0.340774894306143 0.396547557511262 0.373792349347497 0.3921029053688 0.377381210773228 0.377068310242213 0.342331235512289 0.315843038329865 0.447081019865103 0.423609224327068 0.390010623859764 1 0.309894851132525 0.332147714508296 0.384627632583868 0.343544994789344 0.325255989901401 0.174764017400287 0.252951079044219 0.350966353606047 0.286901786579601 0.319220652792607 0.447005531245849 0.442040151440724 0.312274187564276 0.276821314206678 0.175503093442247 0.155936225361102 0.120164938293632 0.251279086187212 0.398330742526331 0.412651914228469 0.258893369948326 0.241628662159582 0.324257894993919 0.194757576779548 0.195069204612018 0.272522659054328 0.250101092119975 0.176252707867701 0.178579535677669 0.156028215184461 0.169972173481452 0.14424683148512 0.189030890541265 0.220482984747707 0.260620251638002 0.24085765735779 0.169315278493645 0.210288527783409 0.258599994260997 0.276153279501209 0.40992169846466 0.394867667864068 0.191636537895234 0.197885333330111 0.369634031929552 0.349306632891039 0.354234903011452 0.316474632243083 0.333337329819316 0.280373422069856 0.136930420681121 0.291667538673859 0.188313984889887 0.185103146502014 0.263807244846502 0.302058752158521 0.410274666276267 0.285247533439082 0.449207794321325 0.327033519727289 0.221715200850524 0.333233696814365 0.281531602794501 0.262540345535628 0.00269063497716333 0.200561193899336 0.319157508328886 0.315672373893157
0.719269585238492 0.646639846465908 0.909090806349205 0.843476656062014 0.608799078515612 0.653579664985364 0.835336716684695 0.79113231062677 0.699248345478028 0.697732316028659 0.700790459839028 0.771023712716683 0.804545724611729 0.781457205418339 0.86753104384235 0.790768252854914 0.710879492880161 0.716502423618242 0.810674340022129 0.677870838842551 0.676682640267287 0.309894851132525 1 0.917189379590791 0.711544219517239 0.829060681035639 0.412620812341438 0.17031521068698 0.663548230664916 0.77166688178998 0.839346902083193 0.806645424289422 0.88397762842006 0.886130983910641 0.814405191469319 0.821820985244844 0.603242975846349 0.65726883736254 0.643547374090626 0.640310248215807 0.541312394026948 0.395445341606076 0.553279873308853 0.564092817053544 0.637583756539486 0.465513349506706 0.531665869244344 0.648996198709623 0.621823511781299 0.563298408069844 0.684805835663731 0.622544158959698 0.590510259849775 0.585278134127309 0.713230725713893 0.644420038579559 0.614749810712244 0.634733243703214 0.459698328145493 0.615635508694442 0.681285000182873 0.619509811955275 0.639459054067771 0.717381925910386 0.786721546964692 0.801049940284497 0.817351470865623 0.813719803833798 0.418805573918246 0.454514546881071 0.619064572681354 0.663297124209263 0.517323043601937 0.711460956169307 0.531486770109705 0.49064189868644 0.708863637375485 0.68129320965743 0.633102201738594 0.610346017103146 0.710946877732852 0.731448489632916 0.676369532384669 0.692550835237907 0.833842403106368 0.834010294363076 0.554453965884457 0.672419452714481 0.765161870463104 0.799785809212598
0.675375235914062 0.577826416102814 0.872579250785713 0.860063145449298 0.592261296951675 0.686076965286018 0.842971312169662 0.838347902696087 0.737173644842597 0.768762138647116 0.693149190242586 0.767412443851812 0.788901023725483 0.842915942676176 0.816554555158519 0.86992945258867 0.630507721732613 0.635181276662082 0.742173980356313 0.645374945085182 0.611316972885747 0.332147714508296 0.917189379590791 1 0.716120787479973 0.816088431502761 0.467763394372879 0.124078885212002 0.589589019092594 0.744043876178437 0.755608241897005 0.704147973489458 0.842675959144067 0.842419790966025 0.792691023435558 0.806447164497376 0.648056485719538 0.689834461202777 0.686147822233171 0.703053766950357 0.552837073247072 0.454285415617355 0.486161693759143 0.515783623324643 0.560659243021616 0.407567465513921 0.490162957391683 0.62506961287989 0.575280711754728 0.557230272274996 0.683421433991317 0.599418594949125 0.59861151832171 0.586089272036552 0.738772842931465 0.679921043581972 0.540897443535397 0.568159070749699 0.494231285236756 0.614265140414943 0.713542822006052 0.678142573970456 0.660460510611707 0.728791557898369 0.779210306823263 0.830653664913677 0.799197295000305 0.793018962303825 0.390585225127244 0.413456367559414 0.596572629118736 0.671457524444374 0.53832345355007 0.698671126188105 0.504063017999524 0.510262260505964 0.70235319642371 0.697885951862372 0.559698751963932 0.549600101506744 0.658109188716631 0.704106531736327 0.65084855430025 0.716386339869113 0.803192007331933 0.868622057129959 0.558031633808271 0.740528487422901 0.763717594724866 0.827598224390116
0.618366186733032 0.482288283974896 0.650529394405891 0.613590331633031 0.332803322773053 0.444175672232009 0.556513929192057 0.55431885858904 0.370859312158454 0.513578751964913 0.590958769695202 0.533654661834322 0.67319253945062 0.609732314807857 0.626891872615378 0.655078206204608 0.546454126949498 0.547838418701573 0.611056106440949 0.563030938083771 0.489929154305357 0.384627632583868 0.711544219517239 0.716120787479973 1 0.72422182285662 0.527605862089101 0.146966339449049 0.436827522378774 0.533749154667515 0.59947403389912 0.425166643534378 0.654899638151256 0.656940612917352 0.638021914223934 0.612725443394291 0.642886343800487 0.545666584361496 0.56544681785088 0.643056404533398 0.572048792891176 0.526468441605745 0.492758237172577 0.44131006383229 0.433612292338392 0.302270428690866 0.458914268488122 0.479304125342012 0.347987233164437 0.363029426448962 0.493010668710081 0.41256037184592 0.400704571704772 0.44404495606768 0.550677856068771 0.538464207723878 0.423967571166494 0.435989668312144 0.287796086227383 0.372819268495825 0.454670836493385 0.396115707813421 0.439438963978528 0.505897256602946 0.610466373311924 0.624518730705916 0.609101429541744 0.621847999260183 0.323448306692432 0.324999971688082 0.525728102488218 0.531091745318943 0.448034721734458 0.620463371248257 0.396210968072053 0.506244755350347 0.555954895127531 0.584992726443088 0.523797107857403 0.461881870694022 0.639205646160498 0.643257865376354 0.630977019642876 0.665843753783479 0.7210786932174 0.661958062225129 0.362636468267668 0.68455183715625 0.558500976866402 0.604127996982315
