1 0.845306583831206 0.567849186882176 0.496907566029249 0.305253886299568 0.127815046988586 0.477050192243021 0.466337500317236 0.328855421183765 0.277327751389859 0.785503849202047 0.576469238209421 0.670954574002024 0.281782061980153 0.476812930329778 0.319376175236102 0.829549826289212 0.770876255671777 0.827170297225891 0.685384545361489 0.221715041977605 0.0802900969225139 0.540275218197806 0.353191973222529 0.390618809949205 0.276584036801432 0.188466282979683 0.232167853666677 0.631811491179072 0.632899573256409 0.397554445771318 0.326370286216252 0.596250674607889 0.55331988965563 0.187562233148897 0.157822969370616 0.557805371232118 0.522903934901393 0.303050968537501 0.425209439707796 0.562954247089656 0.591001625826358 0.437698018710825 0.352447082167995 0.479747257628853 0.446723146217955 0.559141235022302 0.587595060461884 0.508602254235685 0.524576234060085 0.514113051140085 0.530859937115252 0.505390955096942 0.497195840182663 0.570534736466918 0.57965687532591 0.829196735753765 0.79969529056072 0.652191622497534 0.585735506073101 0.471498378077796 0.260613592361207 0.782794275125792 0.691501859057721 0.312361037210825 0.157137256465673 0.423352484305271 0.262138341849638 0.796957940774109 0.667775847151117 0.512650512288405 0.406832076986944 0.587472629366172 0.456196332794854 0.237742419236006 0.21259130214785 0.380097232884852 0.354722294036568 0.684647051873508 0.691451703798458 0.814359556523334 0.757238173342051 0.545603200516441 0.59883024629034 0.708018953931793 0.485436711644731 0.302680579794005 0.376627363799898 0.642383507810977 0.5334189504967
0.845306583831206 1 0.525305951303686 0.560049668138889 0.284199923549071 0.107339089242105 0.419043088061056 0.50194289204288 0.254686759513452 0.238726807154035 0.675632643527288 0.71135077511184 0.546152400797104 0.406180637155816 0.461647529661975 0.34274967832394 0.808725859773731 0.857209544430907 0.739879787308336 0.779553124754939 0.264969579308391 -0.079758728086406 0.524561171425528 0.407651383183596 0.34933250017057 0.266962803461425 0.0498346995872789 0.18345965519118 0.673155165467976 0.746554614421138 0.416564656044235 0.392577435619296 0.530465519754772 0.52241858716261 0.0780450114954168 0.117693974924084 0.53252437465544 0.525744767619874 0.412220107538527 0.493105033734572 0.548694202841592 0.646533988654917 0.40725882040133 0.357109950273167 0.41252802476718 0.45935545429379 0.578943093389074 0.575022535849709 0.516924477915507 0.534496599608223 0.471715655939375 0.555321541722449 0.469178244734606 0.52765523548516 0.568546398845129 0.574234489098131 0.78766077253679 0.868299559041075 0.579047540830713 0.600638688036215 0.372456679006314 0.313676464987704 0.778559891352065 0.774141871905213 0.272902922487064 0.178801209232526 0.307464017422967 0.171690411474901 0.845092185615875 0.781824505716771 0.491142670848282 0.5053851951763 0.598560673841431 0.568431374982843 0.310028624181594 0.220441894740705 0.265003479238421 0.396760185702936 0.711626083004003 0.749233534410547 0.797488062652274 0.814576049155011 0.622733362847322 0.586118055379031 0.656366907609468 0.54693178957531 0.493932057935767 0.352159123130891 0.535325291945278 0.597360579765509
0.567849186882176 0.525305951303686 1 0.714258648251947 0.528845176388226 0.377218554165413 0.765244280735335 0.500260042202312 0.356559608605757 0.262805291123467 0.492686445515041 0.286559755120051 0.769686905324733 0.421510985922508 0.791738195259005 0.551475763915108 0.468718106125128 0.376927320363262 0.636268832293761 0.510131506319292 0.421592073097999 0.152786051013406 0.938453272612398 0.783885099061647 0.705644966849247 0.651911483666482 0.263924647276344 0.58121559948062 0.376313747264049 0.287627138020335 0.660239844350943 0.578209582380668 0.709366403516008 0.588413996913361 0.601052332443741 0.527164744777869 0.520248148108398 0.385159570926828 0.259405102889157 0.362065348503012 0.38083523336434 0.325973717373865 0.507382957868943 0.418029384029708 0.475090396094826 0.38778065325817 0.428720678066235 0.518830053395865 0.41701102028405 0.41229914522207 0.540745910169914 0.527612891335377 0.510815165319441 0.434413594743464 0.459892863708711 0.535159814915078 0.449814549720939 0.453507790723692 0.588129270734509 0.455293522161853 0.591600446071852 0.397263761590457 0.418809053566973 0.363853215960571 0.804019089339881 0.520997207883685 0.719477384863755 0.54556804131241 0.504170814976773 0.424382508089217 0.634083701306797 0.522547260118812 0.508722362986397 0.375761878324789 0.190213544068817 0.0594535079918467 0.532268496667711 0.388371116878654 0.447725914010825 0.439729227327758 0.455389041306471 0.545673157941918 0.484847477943294 0.536134068337876 0.684689569673424 0.709485905377005 0.230415491730548 0.547453804838612 0.777829887604741 0.528893109533051
0.496907566029249 0.560049668138889 0.714258648251947 1 0.571001870078457 0.465203451664183 0.738352434735595 0.827613207104576 0.465593853989407 0.509585693069719 0.36203042322001 0.449746114736879 0.476622961088987 0.592847423699859 0.526865295703408 0.571429122117675 0.416254085925269 0.370149918454438 0.574710775965029 0.611616141991495 0.463666563001967 0.170429819243789 0.684940652096527 0.824548210243905 0.443176883147063 0.451899130691653 0.102746861788837 0.438519146908782 0.424539611373872 0.462747395683145 0.646059776191852 0.730544015329059 0.662628594053266 0.713593666655624 0.501650029200059 0.530301626493073 0.472937788962457 0.44269938319316 0.248849859311708 0.28186497216301 0.361710059983279 0.459773135713228 0.441010327077145 0.447578623402884 0.324272376351842 0.335297542055578 0.324477722087609 0.466467361119273 0.343299253600973 0.398238580411712 0.526889270315056 0.59110894007793 0.479732735236923 0.471076027240016 0.268045151120127 0.45743821832698 0.324009439931046 0.349958833658873 0.570697286873315 0.431383930753387 0.603468054306442 0.704944922010509 0.401028138316229 0.47339405754376 0.52818044577724 0.692065880324965 0.531871705520632 0.592537076532304 0.479896642112093 0.444250705570734 0.757178705505397 0.768094307361061 0.658615244306254 0.608871599315996 0.175738077402997 0.16684394993443 0.550535716226767 0.609928897232826 0.44180081387428 0.421598448644682 0.352341316986045 0.494046394629867 0.398871029234688 0.442484237222402 0.436317999060675 0.672712706385429 0.208319724404549 0.351480117268444 0.562557853657536 0.641780433540248
0.305253886299568 0.284199923549071 0.528845176388226 0.571001870078457 1 0.636202306572802 0.697489674249877 0.592927866093879 0.749284107366497 0.634512632185804 0.297271522087659 0.325958217604258 0.420360348281359 0.488705625713699 0.606509476563031 0.630261261133896 0.269518216870036 0.234702357986979 0.419555808340555 0.362388492633768 0.380426700325902 0.37353113524173 0.527581242467318 0.504447264898931 0.45902419695481 0.312508423096555 0.34858701331888 0.359262923659881 0.267658299860413 0.269530416885243 0.467719958908676 0.504524827695829 0.592921280654067 0.576907279147591 0.46804441275897 0.410655351994351 0.391568344245827 0.242965569925637 0.0502110231922371 0.110342553359709 0.253443554489569 0.197260429298401 0.405794263943186 0.372779447571372 0.30821480528164 0.274863801418545 0.177381279959502 0.333687582192854 0.257235844230787 0.302420636510257 0.4021325490849 0.378683739230436 0.37561351438666 0.349459097773428 0.221861674877336 0.328442564389531 0.216112316159954 0.211517370863147 0.42970024195332 0.250018279745557 0.591028042414914 0.578061314261515 0.297723395107887 0.381165754640886 0.440027982507055 0.548951558814514 0.404558777209951 0.395761774423162 0.232243952260385 0.182573954527883 0.606755206619211 0.488504879475725 0.454386383816228 0.339493859114628 -0.00233006068214897 0.197693234129341 0.542817549247053 0.544922973690284 0.273335161795171 0.236293992258544 0.187340189412462 0.31151466949387 0.122484399818624 0.24330026376406 0.287799567891122 0.480722856645071 -0.0693431532143329 0.177248445068801 0.390269368401848 0.503277257181963
0.127815046988586 0.107339089242105 0.377218554165413 0.465203451664183 0.636202306572802 1 0.591127211923841 0.516217602518286 0.58627852397587 0.56332751244868 0.219829889473948 0.225426464788298 0.380734190694523 0.45105429143108 0.471711761926504 0.646965202056659 0.151780038999565 0.14503477940046 0.294795315040287 0.265860664776153 0.449112262458899 0.415099910048818 0.434187343573183 0.516261046362491 0.465957263073368 0.440383284535811 0.36227378457167 0.492160512030282 0.182270387266729 0.182685847425671 0.294314848218186 0.466187329546068 0.563608709219324 0.550075647855196 0.513811851921159 0.481939083297791 0.272681104137011 0.182966790125135 -0.0429755224887812 0.0549111444393717 0.180226868983075 0.156797556029946 0.245276083362863 0.25842377584641 0.142128809675317 0.0873187966548364 -0.0117454821396045 0.149701158355853 0.0355059515418655 0.0797585602304194 0.289905393497778 0.252788807888716 0.218061113643665 0.158941208081887 0.0724587004442969 0.104518916160185 0.0893067390929482 0.0737152964594116 0.287743264899877 0.0622269750120986 0.553213084177443 0.49342157508734 0.174669398712331 0.238625662614605 0.502051911597815 0.619440543907402 0.419073076426649 0.484832750850438 0.119675161396065 0.0542619160277774 0.513298484030299 0.405036665758477 0.232209144982867 0.287550224096461 -0.0155131676565944 0.149268746487862 0.459345204453953 0.484337592701416 0.23228708768882 0.215963940536472 0.107310605660926 0.266125884152738 0.0628818273389496 0.237209455782531 0.222908683385851 0.498061164896335 -0.168156457664041 0.20499219563869 0.380096244500495 0.448970498341492
0.477050192243021 0.419043088061056 0.765244280735335 0.738352434735595 0.697489674249877 0.591127211923841 1 0.748328105869345 0.725366803271465 0.623830080744332 0.451516377305669 0.322811810034761 0.667924934127473 0.524143827247569 0.693230827610146 0.583521922075687 0.352179969575875 0.292037241527355 0.558871584013372 0.453421039343363 0.435489669246505 0.204838584111781 0.74896268026793 0.687028512215642 0.542074433820084 0.541493796961079 0.188635392872618 0.499528326362573 0.346435676461875 0.312844768361717 0.545663092190963 0.618911890546021 0.682390157103775 0.618105307366587 0.539200924039657 0.41511381859346 0.411985770984182 0.29573549258174 0.183498899509713 0.240142854659622 0.264688197895274 0.288018230847673 0.391725523618688 0.36084647300899 0.252973322563589 0.17892962623134 0.196578047680807 0.335657168390012 0.213397865871449 0.270196420988442 0.467616798752895 0.492245791991438 0.381162952398782 0.342106941308772 0.273589225507232 0.34758697331886 0.285179311047659 0.287124393134485 0.5554114506621 0.258346008460595 0.837961310807823 0.681969531260851 0.271521546478473 0.343921604260625 0.71056150186212 0.745201121362832 0.570124727680036 0.49735287120425 0.365235768930904 0.290343792977887 0.705288258566329 0.607295200212745 0.461694793747214 0.375974908793193 0.0782913343500357 0.147646915841528 0.605865107360396 0.533181677739135 0.340026248578136 0.360080471115771 0.281012102749846 0.416362051072354 0.257701159513865 0.348066944322342 0.427007077693205 0.576791080737782 0.0613020344274607 0.249223565025591 0.620916542659006 0.54070076351525
0.466337500317236 0.50194289204288 0.500260042202312 0.827613207104576 0.592927866093879 0.516217602518286 0.748328105869345 1 0.597482537354437 0.692185833939719 0.394686725770041 0.599854388515328 0.431088005634971 0.726155352432502 0.460857020844791 0.637371918494317 0.348722353411067 0.35591623716595 0.538185371604025 0.627300130870815 0.411656136984675 0.155356546384189 0.540416768584963 0.647199232871917 0.258459652477127 0.299829439122741 0.02525028807666 0.270972615134564 0.508117774507776 0.575388912578369 0.534164284738277 0.688834494263911 0.629276128352346 0.702370403429522 0.322971032766863 0.341482858436922 0.36630220077661 0.318730204431229 0.258230769489254 0.273315179197649 0.337673419132281 0.46982903897585 0.40779173151756 0.448479391246918 0.191692714017159 0.23052967065867 0.237800913301269 0.382220408751977 0.239032024295559 0.31500030012432 0.478489672384158 0.582050322573304 0.397386128257612 0.453199180125307 0.258389433851265 0.390821702325332 0.166593522300727 0.213717931963955 0.536849364294431 0.33661328397265 0.707033914349712 0.880366445185161 0.384566693910406 0.565838173580711 0.365309427840536 0.7455203962543 0.358959137641707 0.486169855637423 0.369601140548169 0.361793236370157 0.711081927181122 0.785200871550951 0.585667170867901 0.619066674061816 0.124171496374437 0.279672939369943 0.514333114209877 0.711712936991921 0.409168385802769 0.409957118236226 0.270758384164183 0.414618646915596 0.283677954218818 0.308388494520952 0.267467276710706 0.528065475804629 0.126500766097545 0.127010256786056 0.468729583073653 0.67618059528015
0.328855421183765 0.254686759513452 0.356559608605757 0.465593853989407 0.749284107366497 0.58627852397587 0.725366803271465 0.597482537354437 1 0.715229153014281 0.280306852404579 0.253316922874591 0.390260475099579 0.35209058374012 0.548705868347402 0.510451334247048 0.205398671659583 0.222786612070602 0.363838778616669 0.262951242482567 0.351282577041356 0.262626972340644 0.397788367710257 0.362582936434424 0.383064599060949 0.33989963213174 0.308425662947677 0.315507973562249 0.247980329029783 0.261223857947358 0.373480750484077 0.404630704221088 0.481243953744942 0.508437148952817 0.324463678428203 0.193977788499083 0.335746904343628 0.293505845857694 0.133878467160764 0.110616513631407 0.250638392327781 0.223043507203589 0.307334334296068 0.281568308409507 0.167782779249997 0.133917081987067 0.0963297913441119 0.235031811192434 0.130816184686433 0.227424233196061 0.351964322466111 0.375986717677489 0.257008932700098 0.238537455168781 0.209290431557706 0.227036632773024 0.182000832065398 0.195680883753561 0.437231896100516 0.165675522013285 0.673598870147082 0.563485435281427 0.167417405731676 0.286824643500354 0.39137743078293 0.557569705149671 0.31703138643083 0.334237816322942 0.215467434859756 0.163179622785505 0.555197638856738 0.452386587060845 0.349675008748876 0.317818274710673 -0.0122543747147996 0.143185738634883 0.442186014225783 0.544064174951929 0.23631061559554 0.208829495259387 0.130513956031411 0.239778482178996 0.0673945165223703 0.206079189318146 0.194780671100555 0.356835762986828 -0.0379589699690738 0.0701748553658646 0.395041982267113 0.505666665433161
0.277327751389859 0.238726807154035 0.262805291123467 0.509585693069719 0.634512632185804 0.56332751244868 0.623830080744332 0.692185833939719 0.715229153014281 1 0.186160443394196 0.241052894977248 0.30594716666105 0.401792063197341 0.357969496961698 0.545846331938087 0.117351741101885 0.154739743612734 0.274041785147094 0.210407777604365 0.210331409092213 0.248657866457363 0.257983606188979 0.324136496971551 0.162409877318429 0.200665761773442 0.169376865916215 0.255696208407814 0.159057130749945 0.244341653519397 0.137142171894693 0.30730502280768 0.322934526851303 0.357698411846589 0.220984730260218 0.115722326611899 0.240378595255032 0.265441113716199 0.00293719034605261 0.0559530669932127 0.171002353013812 0.215629137138601 0.155322821673882 0.147714615147334 -0.0315181074488172 -0.0231933732730776 -0.0296089791878501 0.114912401238306 -0.0185678617193724 0.0802706959511832 0.207083022124706 0.283729822215219 0.189498649297007 0.216059162922407 0.00766739943010636 0.106693309418519 0.0877770394801155 0.099343842107235 0.286908638278269 0.0654311801041298 0.625212057690989 0.712625343011083 0.0852667180601306 0.23391777848385 0.291186646171165 0.625300469199083 0.140602279071683 0.188339163795893 0.127668924040399 0.134869975293699 0.465694444668421 0.477876758714122 0.267725122217161 0.30898159058433 -0.0448429108326885 0.136074753348678 0.331548060558453 0.470548810401868 0.148434327102465 0.155824313342175 0.110762188345246 0.200550548732555 0.0151413075643388 0.159301621878052 0.100705067693752 0.252456319782281 -0.094517181492023 -0.0313145319251803 0.280391355968668 0.511587548188029
0.785503849202047 0.675632643527288 0.492686445515041 0.36203042322001 0.297271522087659 0.219829889473948 0.451516377305669 0.394686725770041 0.280306852404579 0.186160443394196 1 0.625014837628314 0.740715452150886 0.351800672722567 0.493273006218454 0.384162667472796 0.744513519133967 0.691242555147853 0.803418252066111 0.675378836027889 0.247966525751044 0.108521903763996 0.531838310246277 0.302011633747853 0.321868690523399 0.183170633639999 0.111207315779651 0.131858581162687 0.612177619207461 0.593051470284916 0.364106995466624 0.321049233745274 0.546349057536227 0.500611866039376 0.13891959838584 0.193999647882151 0.412860762481791 0.287936816107068 0.143384431783854 0.286128865641391 0.48346340696203 0.441135685378764 0.28997838384473 0.265818158624067 0.360521956225807 0.312773539458527 0.384516842632236 0.407445764165325 0.348650658280098 0.345072326320674 0.309930361786641 0.303251694877384 0.301588512926661 0.319652604844551 0.369082836203704 0.370946894190786 0.647826421422446 0.630764217460842 0.417947206216301 0.376682730585522 0.395100468133106 0.220662144588674 0.742846384788595 0.648887068445165 0.272805332001109 0.0846414276918384 0.304203176229044 0.171067659064743 0.612016190006897 0.513059554207182 0.471533963107192 0.344065155999338 0.476578256739201 0.436587564725506 0.115425271509045 0.227478420914648 0.381221838223032 0.305333483591527 0.574979060961473 0.620561472821819 0.737227712937049 0.66952315955307 0.50399442137417 0.489375054154015 0.639754013484217 0.41800416496644 0.132563359321974 0.332021521791967 0.473277742377809 0.352109802380834
0.576469238209421 0.71135077511184 0.286559755120051 0.449746114736879 0.325958217604258 0.225426464788298 0.322811810034761 0.599854388515328 0.253316922874591 0.241052894977248 0.625014837628314 1 0.379171359497738 0.693209435493758 0.351798631011014 0.524812887308767 0.633158849415192 0.702165219652747 0.675676442764633 0.839155450083805 0.280528438606653 -0.0379185875514825 0.373149724451706 0.360775289855824 0.143877554146193 0.00967893340118865 -0.0742085339291766 0.0307189918624502 0.745350045972035 0.845969277363321 0.454428243867766 0.463822881043192 0.527830573829892 0.579993981020272 0.0289905815471291 0.147506357038784 0.332288813753993 0.320702172970076 0.300468861550114 0.356576243214635 0.370423569204345 0.54936873205706 0.336233935126526 0.389568645504738 0.225691800778691 0.328512549617089 0.347312771386439 0.402702730661486 0.323440512632297 0.349172498555403 0.313167989494161 0.40613686505622 0.313030475081177 0.402078748423285 0.355121252055553 0.421377720636595 0.416327402573998 0.46529120439748 0.375982001616033 0.392000963469592 0.2980201248668 0.40683920408211 0.76468017490397 0.84326012255547 0.0567117597282884 0.170343085592266 0.143860171028699 0.167456257538688 0.540771129885945 0.47408048051245 0.435243085133613 0.543662170613705 0.558994364252643 0.624776507491776 0.18589266769322 0.272570288090894 0.309430616352813 0.503584268772136 0.623848003477239 0.69100076668969 0.557587346977451 0.635735917041442 0.399520718955398 0.378231687454367 0.362929861537498 0.411069929693911 0.259729255086753 0.13214123099173 0.328566502312063 0.522651660928748
0.670954574002024 0.546152400797104 0.769686905324733 0.476622961088987 0.420360348281359 0.380734190694523 0.667924934127473 0.431088005634971 0.390260475099579 0.30594716666105 0.740715452150886 0.379171359497738 1 0.391121480060549 0.771005559963248 0.528406334271539 0.555943244293461 0.488346092139199 0.718852082875932 0.520180136272469 0.272001014117181 0.172648407466449 0.798895691940404 0.53399011875235 0.540741873053495 0.492948570622402 0.310687383133082 0.403145415773718 0.402171890106904 0.314118570020884 0.442256612827361 0.371604259185203 0.61934740345641 0.512874210709207 0.383893649554773 0.426599937068562 0.522890231515164 0.382321229892645 0.194473132175621 0.33465324289314 0.395371404357151 0.322657879993978 0.40436517852964 0.31972660981823 0.429900043868225 0.331257013326908 0.409054883068946 0.469420408373723 0.383712781481403 0.363438354138036 0.461342942748556 0.45899220246838 0.463416978842797 0.385576346949735 0.50336469311942 0.494815743918199 0.513064373121303 0.514167091842273 0.541737585720446 0.401409436368894 0.572186413230833 0.299224924300057 0.506723945242523 0.420649763055293 0.659296847126728 0.369568639745584 0.561508096414472 0.400420986135898 0.518940664619722 0.44440051415141 0.545304202140178 0.414001786260744 0.402790410966005 0.285323110544928 0.1669501679133 0.133005678417622 0.48046575988124 0.305762093854777 0.468872692020639 0.487366138856376 0.594078152683049 0.618098514981038 0.50036579914859 0.586591086260812 0.777559566406614 0.609783493034658 0.188939649059753 0.554753407649776 0.737324868163744 0.406610715904051
0.281782061980153 0.406180637155816 0.421510985922508 0.592847423699859 0.488705625713699 0.45105429143108 0.524143827247569 0.726155352432502 0.35209058374012 0.401792063197341 0.351800672722567 0.693209435493758 0.391121480060549 1 0.469600369508841 0.777986602305885 0.286817886700805 0.35524897758792 0.475302394971606 0.66382865940385 0.402951757469086 -0.0441645092148483 0.538274628774204 0.663318301037315 0.232668951114819 0.236077222411179 -0.00727908336538409 0.2604537999249 0.565871796594113 0.637111486674274 0.580376190271193 0.637881733096188 0.514077836257117 0.5391877096427 0.193748667672934 0.29349133382737 0.277808473434432 0.227395561163843 0.323301126396229 0.373625556120673 0.199961120592852 0.350170717896357 0.314552335432009 0.380022094477593 0.0762344136492506 0.135234296172784 0.165844091245837 0.279556697227182 0.0855006106525751 0.0980242506608581 0.240665605418346 0.314598980813273 0.2034097161891 0.208686236934309 0.186919674119733 0.311259696606135 0.0709178568734685 0.115812034215424 0.286170688320696 0.103500603779949 0.556272731698526 0.635237423432241 0.399159805010725 0.490628667789936 0.388411862292284 0.628151210481558 0.255505304562277 0.344330646259082 0.308365964027106 0.275532403631244 0.503062028393409 0.693325614154755 0.496919935745269 0.579863213672061 0.169361518106437 0.221081687969693 0.359028589639198 0.614186804592953 0.434430014642019 0.486598032289835 0.213833564942144 0.455161355445286 0.266914581604232 0.331198763630639 0.228124601560975 0.561770815309654 0.251426869353938 0.268242419722764 0.367302824103612 0.51536391948976
0.476812930329778 0.461647529661975 0.791738195259005 0.526865295703408 0.606509476563031 0.471711761926504 0.693230827610146 0.460857020844791 0.548705868347402 0.357969496961698 0.493273006218454 0.351798631011014 0.771005559963248 0.469600369508841 1 0.663923736660138 0.417151100528579 0.355543539499565 0.58716349233932 0.444327335332544 0.458526648723932 0.166887266909426 0.845624199831595 0.651067681533195 0.620406084374837 0.535098685622186 0.339492547680267 0.503151338229475 0.371344330861039 0.272788753211065 0.576671894546108 0.448553432642034 0.678634409543019 0.574404272088731 0.533900309440087 0.445174643314354 0.498518960449314 0.360439773230635 0.168200483374192 0.261800898290192 0.365468309816789 0.260756494908544 0.476118240813524 0.404267151862389 0.413299592856207 0.356489461153271 0.350814271436687 0.456354945500045 0.372766460122117 0.404704867635296 0.49920606538267 0.51534033273729 0.477308326524012 0.411706648498577 0.442590763282263 0.464685231617961 0.401303115621741 0.4173247735094 0.515506263447222 0.399473607025866 0.577474100959048 0.386277753625248 0.390252474040112 0.372838644789316 0.702268184388122 0.458581229402184 0.594107215186908 0.463010330633634 0.412227822223179 0.319181694338034 0.595706195945396 0.458466203446315 0.371035306406546 0.317996520151274 0.166304579298398 0.0943213522130648 0.508753166992517 0.465957985734109 0.41105751916793 0.393257858739137 0.376050272920353 0.477089244995612 0.402149597133507 0.475301416008774 0.597715130391292 0.643363589181366 0.170023369238973 0.470000644514748 0.700516688942913 0.532133725121871
0.319376175236102 0.34274967832394 0.551475763915108 0.571429122117675 0.630261261133896 0.646965202056659 0.583521922075687 0.637371918494317 0.510451334247048 0.545846331938087 0.384162667472796 0.524812887308767 0.528406334271539 0.777986602305885 0.663923736660138 1 0.283177733206304 0.315476383159677 0.506448595426615 0.528447787467328 0.525361980426399 0.251136928289146 0.638575917854053 0.686228663089689 0.456160277054308 0.408645905535389 0.304706246526955 0.468687505428224 0.435118173264494 0.478844449513039 0.567905383216405 0.606888927343627 0.59945764325347 0.607075389683482 0.39876668397594 0.460332263342799 0.430417729426946 0.367559827086528 0.183021714765539 0.301205294512472 0.33855947755656 0.371978602571386 0.39763392198933 0.406529610413668 0.200667425218779 0.211794161076987 0.21616720770202 0.354375551375118 0.184667719220999 0.220193279304395 0.363987547477251 0.364476700976119 0.370916981107964 0.288614997991114 0.243196195584268 0.337373632682527 0.168330689359076 0.191563559545961 0.37738250913446 0.193401265642284 0.58523655712695 0.590926181002348 0.379248354882431 0.437352171766205 0.544995270871534 0.631166811282303 0.413598078516329 0.423737168210307 0.307451430548051 0.237264766723809 0.570299743900754 0.577589998161424 0.398741018190688 0.482296879331688 0.0902698421011418 0.11433043363338 0.508397271488055 0.602349319621599 0.425444923792875 0.434760281267535 0.265528370678832 0.441463741819286 0.265483691075378 0.456613242882497 0.368149135561776 0.612390895329841 0.0775792771242204 0.381389811700594 0.539056278626027 0.619700806518075
0.829549826289212 0.808725859773731 0.468718106125128 0.416254085925269 0.269518216870036 0.151780038999565 0.352179969575875 0.348722353411067 0.205398671659583 0.117351741101885 0.744513519133967 0.633158849415192 0.555943244293461 0.286817886700805 0.417151100528579 0.283177733206304 1 0.881327607058249 0.77843223671121 0.739239936991655 0.254287254097068 0.0479906013021413 0.502102594243484 0.335945669998398 0.376977499933569 0.226376350586875 0.117232325809758 0.151486141414285 0.726119384958501 0.718272123570489 0.422250905851827 0.397290410757715 0.587871185338295 0.572567581093004 0.114082440813039 0.153337104763259 0.546692975393537 0.494262042469337 0.3522251037446 0.411547464798558 0.565741115804374 0.55638478364429 0.421915242647306 0.35549744443259 0.492938700896079 0.462306351455559 0.517821411919678 0.539706740806131 0.470915838330655 0.416145018360568 0.385604086352805 0.38957022475091 0.350979846517641 0.367399884108388 0.516753611547687 0.487775780477283 0.834088048830308 0.811971514861703 0.453144928980815 0.471511678347843 0.288800861104207 0.135447767869621 0.857184481052767 0.778086538300942 0.236591403843602 0.0583996423627424 0.378998333455656 0.243184838411913 0.762822666026677 0.623239288386333 0.514022235215061 0.397105048011914 0.575339789086874 0.477884118800655 0.324766546498029 0.241393269448868 0.388498816489076 0.352732439257265 0.803927173201917 0.799672634405838 0.855978031535368 0.820712750133623 0.602843130748496 0.552178704403251 0.661443081711573 0.476416097526624 0.329332479626515 0.349595812509102 0.477095806391429 0.363114830480588
0.770876255671777 0.857209544430907 0.376927320363262 0.370149918454438 0.234702357986979 0.14503477940046 0.292037241527355 0.35591623716595 0.222786612070602 0.154739743612734 0.691242555147853 0.702165219652747 0.488346092139199 0.35524897758792 0.355543539499565 0.315476383159677 0.881327607058249 1 0.722793233023662 0.78227600184479 0.283015672129585 -0.0717566913109628 0.432631785605255 0.294418096944265 0.325868877546401 0.222582214573615 0.137177891648132 0.1217149414364 0.738425071831243 0.822649461370089 0.386345633290188 0.396795883381811 0.534783766206741 0.523149774284716 -0.0207742363428921 0.0584899267373336 0.507091534117652 0.533366363055922 0.435339866220683 0.535701209779157 0.500670051357581 0.575420814640418 0.387878080827526 0.351582099830169 0.398395222399429 0.423468046429764 0.521173404547581 0.530508358635026 0.415375068706489 0.375013780776153 0.35354220002751 0.372690889643701 0.325432258397269 0.365328281869439 0.532972989792358 0.494413579955556 0.796460283937752 0.844592931020273 0.406115594861599 0.394590116958912 0.250598257034133 0.125552483143764 0.866652761534313 0.834776819652853 0.205155088552974 0.070253711280486 0.271582699048019 0.161926406793792 0.767752633654269 0.68063808298641 0.415848416211907 0.387961843690876 0.52387782004157 0.519918390324489 0.313172498487447 0.240248156230159 0.252165469964508 0.394987728540293 0.8078486976813 0.850956190251794 0.835508770210141 0.878321092082957 0.575218105450839 0.573938587854146 0.639935555155421 0.499184929912178 0.467763708564097 0.340012967999312 0.444417104656406 0.468403992786751
0.827170297225891 0.739879787308336 0.636268832293761 0.574710775965029 0.419555808340555 0.294795315040287 0.558871584013372 0.538185371604025 0.363838778616669 0.274041785147094 0.803418252066111 0.675676442764633 0.718852082875932 0.475302394971606 0.58716349233932 0.506448595426615 0.77843223671121 0.722793233023662 1 0.830526677769438 0.365969986126937 0.156557763395992 0.666686359502692 0.50273945881689 0.390793628990921 0.264013429093161 0.147628649290731 0.238077087556083 0.635880631591993 0.668018640693595 0.509803271505914 0.458063818897453 0.695471414041505 0.672929099083033 0.311335550634798 0.321513540408874 0.438124671953929 0.405827137874335 0.199672117653048 0.324854706349465 0.463443542055294 0.513671158152918 0.395572372874356 0.375747535136599 0.396758513284122 0.378200579273234 0.40645501020256 0.505047758491176 0.370156913734248 0.382656004772347 0.41242098717742 0.446627975197124 0.427483191262092 0.42852315324861 0.392334034982013 0.462682321440184 0.671448182124796 0.624757145276196 0.517472394723337 0.433314345915031 0.491641786291085 0.316662326682907 0.755153247959166 0.699641698819254 0.388207830915479 0.238547167321314 0.46288374356002 0.355177937875702 0.729754092940503 0.566106113677215 0.637761642532398 0.528470228066625 0.653564369174361 0.562684635976592 0.161182250311262 0.271350366684598 0.501392840515458 0.44633380001316 0.644596934159093 0.718908336532879 0.717045304655736 0.731847599284951 0.474286860158953 0.494436890183579 0.621776672382361 0.505988321249296 0.176348684372343 0.345248722467521 0.576856878623106 0.469468566799816
0.685384545361489 0.779553124754939 0.510131506319292 0.611616141991495 0.362388492633768 0.265860664776153 0.453421039343363 0.627300130870815 0.262951242482567 0.210407777604365 0.675378836027889 0.839155450083805 0.520180136272469 0.66382865940385 0.444327335332544 0.528447787467328 0.739239936991655 0.78227600184479 0.830526677769438 1 0.366747860171694 -0.0472717775569972 0.577267409197596 0.536027256806608 0.280087595091812 0.193540184790458 -0.00891784350533556 0.180144373323431 0.787273704012641 0.840766856124885 0.567181603521334 0.59645364331049 0.637797589571403 0.675531767518156 0.158064412817779 0.251608783444179 0.415972414745301 0.37292681031068 0.414144233416456 0.460039768116275 0.40219871380838 0.577354440661479 0.389041137872731 0.410963586136257 0.338560277916601 0.376579146757369 0.413149888201595 0.490685117021075 0.344038465430992 0.348067320759322 0.351462111229423 0.420494629078623 0.334122958928314 0.381944584359646 0.39541189191935 0.474151332132626 0.536337595834909 0.565467012871743 0.445344514783216 0.377146024677649 0.414284052834375 0.393850831065225 0.793742273268895 0.803721910000091 0.268248792253049 0.294336599993975 0.348164932981426 0.322261262588542 0.678432764108472 0.587478004631828 0.576231247263534 0.633282078208355 0.683582045156 0.681023091851844 0.22330805782197 0.23702436764465 0.370770701507166 0.541007649100722 0.730034252544329 0.787766666460394 0.648816660480521 0.745780656359791 0.509716551190915 0.467949893177969 0.499406570402161 0.527278378815122 0.379972626832771 0.299916611359654 0.476547593783786 0.500255463214807
0.221715041977605 0.264969579308391 0.421592073097999 0.463666563001967 0.380426700325902 0.449112262458899 0.435489669246505 0.411656136984675 0.351282577041356 0.210331409092213 0.247966525751044 0.280528438606653 0.272001014117181 0.402951757469086 0.458526648723932 0.525361980426399 0.254287254097068 0.283015672129585 0.365969986126937 0.366747860171694 1 0.180833948311309 0.467463042593201 0.51655976149435 0.364846255022644 0.40921553701456 0.157989818353376 0.424001657150997 0.353602688215288 0.286143384843054 0.475876618395533 0.50583195534925 0.511510958893588 0.530547722904622 0.376826843978023 0.352601734674745 0.347498985426547 0.244813986400489 0.115370649135864 0.195974103725376 0.225889762821095 0.251132334262754 0.323164737804277 0.357289216591237 0.257283498801638 0.247059833836498 0.156091873799497 0.270132022150436 0.183549553114579 0.193517713501868 0.315024614177717 0.287436111343559 0.201978441833077 0.187125553414499 0.201352086674203 0.202981844910709 0.22589828828928 0.23284569332322 0.273251153202009 0.167907732305104 0.399250076186288 0.337758671253341 0.339085043501029 0.365356533239752 0.358067292859556 0.420831208453007 0.444315427770872 0.461178011030676 0.262961598148653 0.159104626874003 0.46078453070078 0.416568668239189 0.280961864576802 0.340056337856019 -0.0267335915199156 0.076647689665949 0.326485114307644 0.418543587438873 0.327317881300172 0.350742921804878 0.218421669504846 0.322417369830292 0.287142046309559 0.262666744139967 0.27932398240736 0.480240928819752 0.118216980507182 0.194124281882606 0.34525762189238 0.430780686690457
0.0802900969225139 -0.079758728086406 0.152786051013406 0.170429819243789 0.37353113524173 0.415099910048818 0.204838584111781 0.155356546384189 0.262626972340644 0.248657866457363 0.108521903763996 -0.0379185875514825 0.172648407466449 -0.0441645092148483 0.166887266909426 0.251136928289146 0.0479906013021413 -0.0717566913109628 0.156557763395992 -0.0472717775569972 0.180833948311309 1 0.143211796347088 0.134596356439433 0.323638126151047 0.172449471106159 0.465889921059422 0.25366438959837 -0.11729358452736 -0.0955047278630847 0.192840821487491 0.208487957340361 0.341242401688587 0.367668748974962 0.41309899702411 0.400602450750421 0.228635256911789 0.133735125628583 -0.304695366252135 -0.180720915718583 0.21218605909306 0.0383197179408859 0.183133907972232 0.175945590701832 0.325063816022743 0.253992147617502 0.124170861815045 0.20609371371721 0.299169536402006 0.230561113193323 0.332620219709959 0.237794664982946 0.325677484151311 0.215587200918046 0.0957944965454384 0.180074352701459 0.10597691700821 0.011063183857231 0.306505960760151 0.277571904820164 0.13049749113565 0.172365984481884 0.0887316420796771 0.0906667167683368 0.126161083316291 0.157002837361914 0.285700112305103 0.302306686120198 -0.0508120313858831 -0.056105456074559 0.216303588785666 -0.019295428811196 0.103809849884623 -0.0128526921971429 -0.183491719662302 0.111664194173803 0.375347959904487 0.095790328675609 0.00664193540987312 -0.0629036210742114 0.108567887369205 0.0628196933210231 0.0442008891108171 0.208096170646061 0.226603118004638 0.205389277675161 -0.50220807748199 0.159440435814671 0.176967892475008 0.162449962843733
0.540275218197806 0.524561171425528 0.938453272612398 0.684940652096527 0.527581242467318 0.434187343573183 0.74896268026793 0.540416768584963 0.397788367710257 0.257983606188979 0.531838310246277 0.373149724451706 0.798895691940404 0.538274628774204 0.845624199831595 0.638575917854053 0.502102594243484 0.432631785605255 0.666686359502692 0.577267409197596 0.467463042593201 0.143211796347088 1 0.815160622940986 0.708145144204356 0.668147330279883 0.293010893305654 0.566909119718703 0.465539931144442 0.390494120782353 0.721195556710729 0.642036687342306 0.732068050949455 0.629230926631214 0.560130263528764 0.503999955690016 0.54049872689076 0.414400975949558 0.34265845165328 0.432298277314939 0.396786754094211 0.364850687246876 0.534304320383692 0.469277472528708 0.461083548112021 0.395701177575804 0.431570855798922 0.539228067304982 0.395111916054322 0.391521464482766 0.504797624457047 0.518729670447264 0.452243458252653 0.396491947326683 0.463596292782698 0.538032807303938 0.39910378896075 0.418377805806095 0.522821396883426 0.375625549785824 0.598222031398871 0.400926883552492 0.453395075183646 0.406521045584858 0.798751621859526 0.539817419161101 0.69356349082837 0.560450917715752 0.483566493569616 0.406585067810902 0.670846332535295 0.589279255224383 0.530676266319648 0.457837065997893 0.243985602156162 0.105016581821688 0.548992834353229 0.494269900808477 0.531113220691176 0.519792671999094 0.454598180779854 0.58690078777108 0.525194172754927 0.574803132156524 0.697487985304615 0.735291857899434 0.273115630935233 0.597237166522565 0.766811628039285 0.511362352528556
0.353191973222529 0.407651383183596 0.783885099061647 0.824548210243905 0.504447264898931 0.516261046362491 0.687028512215642 0.647199232871917 0.362582936434424 0.324136496971551 0.302011633747853 0.360775289855824 0.53399011875235 0.663318301037315 0.651067681533195 0.686228663089689 0.335945669998398 0.294418096944265 0.50273945881689 0.536027256806608 0.51655976149435 0.134596356439433 0.815160622940986 1 0.648900996286814 0.700303828004341 0.245212239580778 0.608415614364742 0.370750435623193 0.370379991592197 0.716503339799076 0.765545471314922 0.69954326880275 0.679916169615669 0.608100542135596 0.622891277306175 0.498853675001418 0.433524623042294 0.300845366875788 0.384534919698256 0.360569450138527 0.328327637458516 0.513487075746309 0.514744718294298 0.363535216617548 0.340227029689383 0.336996113829305 0.484911478466743 0.289691644922617 0.307290882756103 0.49962201982737 0.520443333313256 0.443574281974937 0.381458671317325 0.315577162503152 0.461122912833797 0.25142576015027 0.255839495866474 0.464208864175338 0.275382622382538 0.584376286480554 0.552299478556149 0.325828646740757 0.329972919933902 0.726098001741175 0.727123412741535 0.674532097584527 0.676890471990038 0.399626806649178 0.325277146150981 0.682588680443439 0.689993364761407 0.555168630929772 0.526435814836919 0.227448400708174 0.107611255055681 0.544406346836852 0.604137892369405 0.419911205312061 0.423859524290627 0.261957233411524 0.469910399316745 0.441469408432251 0.519909147069166 0.46774187926703 0.787985324450063 0.259376418218015 0.574052998715201 0.633701603413676 0.583262059055814
