1 0.90715675240799 0.612487953889168 0.616349288033965 0.430452455374748 0.347459116810174 0.580533809235553 0.452168402886519 0.445979041817974 0.361174352805862 0.763132797852956 0.582926690753413 0.74170312325544 0.507944890716227 0.562766914218143 0.527259390593998 0.713679963920618 0.716085693106659 0.798114519625347 0.809383750699701 0.0958382551252136 -0.0271892636412639 0.523547293942658 0.423352512177236 0.27903634284465 0.150179914411776 0.440161083209079 0.327135998998546 0.650012203646134 0.569858564418478 0.30321424330542 0.253875704657586 0.633343909991707 0.53824671658137 0.320304499092367 0.182371046419486 0.45733561103733 0.624669386899258 0.508643450817315 0.579777222360693 0.297400869494673 0.355719673748117 0.488526332132041 0.59589553291806 0.676018548464529 0.685732596485869 0.657424010297617 0.570948812284112 0.6165251924864 0.535546208773892 0.459972664541141 0.540709778843882 0.490665048554709 0.367768153376872 0.643349603331911 0.562571698795838 0.945414983408885 0.890564053247368 0.773792193517459 0.693371068868912 0.707507983904964 0.165537558954591 0.804424520250915 0.315614765306107 0.498099677870876 0.357592232761863 0.639887836937406 0.623307332627066 0.847176754101962 0.767066737503067 0.16717899454732 0.244065789646573 0.314158862182264 0.404676506071543 0.494015902716006 0.226014224848023 -0.0737462015989211 0.0829300703171161 0.657628596711445 0.548138189770311 0.7491109472824 0.746956566493365 0.603156512894655 0.674919520939977 0.74046954232634 0.576555961940021 0.561995983758295 0.484853454972836 0.554783154003086 0.47415251053338
0.90715675240799 1 0.554076618433324 0.630063034224207 0.456249965978576 0.376035346095932 0.581946185073523 0.511654344017731 0.458156464747207 0.455324523544333 0.670708897520419 0.62781245909943 0.664830273993053 0.499815630371024 0.586214449555619 0.565856261038434 0.764924727525771 0.771582757416101 0.807098884969861 0.850832966107285 0.167123380457337 -0.148757800056067 0.52510679146775 0.434086106829842 0.247541039216351 0.137288959028924 0.364150624374885 0.313067585504879 0.694054586735649 0.645491956393549 0.3712840887088 0.318733731609219 0.694327504337423 0.657442920559066 0.353976053928397 0.252917092621629 0.577254384101218 0.666957070677836 0.567859019832648 0.523071051455298 0.378358132400105 0.441235106819151 0.592396349641227 0.710445484377917 0.792189624289595 0.797844262443646 0.756366701911855 0.696127696054763 0.719034650486486 0.637311302517617 0.52414448354887 0.616998227285473 0.560910088951775 0.438174742950737 0.709265115544639 0.681291941765807 0.916397670552549 0.929217790711094 0.782382690695225 0.728081379221844 0.62028529498212 0.309279591583141 0.743872406379421 0.420520050548276 0.403818351917592 0.380670166886415 0.629666855881406 0.637452679908104 0.816026223695224 0.860268136665867 0.23174697954126 0.286554214339869 0.308004852158777 0.387057202766741 0.37737834436769 0.203120261613626 0.00278637223072191 0.194094100627687 0.694942844869228 0.635330922537826 0.794939139951055 0.78825177324375 0.60636059382697 0.681564761467907 0.697263640775197 0.650266283797498 0.543806695427887 0.53423001576042 0.560812186309526 0.551433146156109
0.612487953889168 0.554076618433324 1 0.786891512470972 0.567335975591928 0.606539853052209 0.832275515927358 0.545192737978812 0.517148768607496 0.503937539833407 0.476080569958098 0.404474089484904 0.676547663742511 0.472797404337975 0.670652712632631 0.64565360676853 0.627270755514869 0.54293650541659 0.611135520024806 0.647476997646025 0.233156542463888 0.052262827566155 0.788255047567876 0.682071494398186 0.628817572804603 0.571308690097973 0.471545227733085 0.295683817126016 0.607345932467623 0.508128323908349 0.65930768536561 0.579709305667 0.731226804263887 0.556378268400908 0.699898111743737 0.597581798350405 0.504733285960651 0.60917824783321 0.630914659910951 0.540512611331163 0.231731512821666 0.388307567583923 0.669897027530459 0.637176072800309 0.603787177140381 0.5949653989085 0.633127474780409 0.650624703394587 0.591028138212296 0.58029997067053 0.66066412848862 0.636145110888671 0.684698763783777 0.633936479945896 0.709355580436678 0.562784952336177 0.636669266922324 0.557210357999531 0.58808362869875 0.420309194470392 0.7301755669874 0.337675792373764 0.617340108962012 0.229575218865673 0.740534726163087 0.65072585223415 0.782747146930855 0.679865884362502 0.593363322954358 0.574554270311182 0.409149139724726 0.54152642577923 0.504967904674238 0.47998007156334 0.288169742664214 0.154007389491703 0.343739631083714 0.409448754262149 0.549268430457236 0.507697991825119 0.591940473143827 0.589186826574952 0.687981863991871 0.591161150086037 0.784462037856345 0.67967718890086 0.684684243080551 0.558899837218563 0.777729373494562 0.697341028878082
0.616349288033965 0.630063034224207 0.786891512470972 1 0.639469514921076 0.668359356717456 0.786902042798505 0.822783642691822 0.622027144706033 0.642832751455533 0.430874419282359 0.611068177849141 0.572767970751914 0.641240967303939 0.659192449090323 0.787313930147974 0.693385263004799 0.707111962813444 0.614213430867274 0.738310348575605 0.337754822422222 0.0119839362452031 0.682401825933221 0.795372926157794 0.588873049533663 0.607718287390937 0.471205841887437 0.267318427705307 0.672478468919033 0.681307167985767 0.71434037576783 0.738472310569723 0.801262008877603 0.720328536438119 0.714312754063486 0.685559206366327 0.4770191734258 0.582209970201522 0.607871373531998 0.51869432144364 0.182582353835993 0.385868768052782 0.689408556978435 0.675431037777936 0.629022281235869 0.642250731314196 0.68950407279312 0.671752141766107 0.584341753518331 0.620633660254744 0.627853313796943 0.64610187222146 0.681844506266561 0.622347290385098 0.748365837185578 0.66887515190606 0.646389956524297 0.603463858741443 0.601568044447333 0.508895915617102 0.720416225203236 0.550779837947694 0.674091453858531 0.449367814461397 0.556206815109521 0.748889974760162 0.764414199360334 0.778850479728586 0.616293359206453 0.526363641690643 0.489767244826264 0.572023568309747 0.549524798598686 0.632378985577237 0.266510150341643 0.304130340253773 0.382338680418372 0.491027508481571 0.657412679365744 0.698903896578555 0.70811548312884 0.703060976266702 0.658061150578565 0.635021656382289 0.715339253778225 0.77861379183292 0.659573517767256 0.592167300914394 0.741735767324526 0.730832500211874
0.430452455374748 0.456249965978576 0.567335975591928 0.639469514921076 1 0.434812303575701 0.737473891044556 0.603634537449732 0.767936630247147 0.615530281229855 0.468506990674066 0.49153730434878 0.588829194183239 0.398003705916247 0.729286740110691 0.588401456510377 0.61372950282358 0.55587473924743 0.60908569972574 0.509812177038954 0.500264034296131 -0.0432353161446929 0.673134281311754 0.580169367827701 0.465358905407521 0.406028409529245 0.409099091186615 0.252849088997487 0.586718531915606 0.5697162185806 0.559379504963283 0.557768487220564 0.705880698584632 0.647694095493098 0.646988851841978 0.58628949511206 0.521729116668479 0.535336769409591 0.477824509406026 0.344151059822107 0.34466468418139 0.425551093962893 0.55700303757876 0.490282893926605 0.48502410985072 0.50399356232041 0.570335716316444 0.53945504607739 0.490419170096133 0.57454457691222 0.557036882588088 0.545256468081661 0.58441369449314 0.553890277050911 0.637091695947332 0.543342600358926 0.418087807350633 0.423927219892701 0.510677001920996 0.410506921995077 0.668112198374642 0.589382672524991 0.572593931569854 0.455597645391933 0.466587253323018 0.589413310623374 0.645072775039439 0.577119977035671 0.346003021330254 0.422086670915843 0.641324666665129 0.642593839071481 0.558024335989544 0.605420367421261 0.0686118912679578 0.236377855174401 0.540044075596844 0.581907554428305 0.551664142735774 0.576218325501197 0.539299000563556 0.539643439903656 0.401752319432895 0.338524789625407 0.571303460567885 0.660789739084819 0.418928733257008 0.390183651309437 0.680735746346282 0.600263882051088
0.347459116810174 0.376035346095932 0.606539853052209 0.668359356717456 0.434812303575701 1 0.595730685438757 0.651498013136283 0.426849413628475 0.603668697112662 0.215961046464271 0.519217425969962 0.462152108865536 0.679664516229709 0.493110898017188 0.687523903965075 0.487400812094331 0.475989364758069 0.315718630021324 0.580003798967085 0.110859708834288 0.1048674505114 0.480174728173295 0.624341660210702 0.373532124822452 0.517165461195813 0.322816123762626 0.0559492022134379 0.480224271902572 0.558037486538396 0.588821100685449 0.683583838385945 0.601464418655347 0.526454130985277 0.480869739549913 0.551710403348932 0.243003956888665 0.407922498425861 0.457046782556918 0.367350290850369 -0.0709685242131016 0.231543193372478 0.587582959618945 0.542366170133512 0.419607631492877 0.453255518036856 0.481073244924082 0.537924520453205 0.457905335412973 0.507321453913999 0.596624368873883 0.577845596475169 0.585757421596566 0.581510369007844 0.551405691663459 0.503794343934584 0.39109016711166 0.351562327554122 0.349726145920847 0.346895236838877 0.601520478810022 0.510353276844069 0.511689512950417 0.345321229837132 0.363548643024767 0.551543533848351 0.506638421891759 0.564101824577799 0.4423864559967 0.314489387738613 0.259877759469367 0.410328937547358 0.324796834333922 0.413746003929605 0.116636911901652 0.168868180888351 0.381294389029396 0.436981916461711 0.440907575512612 0.556360510695861 0.538692197146166 0.530381458923059 0.571018785196826 0.54363901659084 0.520039446414645 0.650899977543802 0.534661453478136 0.486111851088248 0.576752266710291 0.636714252504052
0.580533809235553 0.581946185073523 0.832275515927358 0.786902042798505 0.737473891044556 0.595730685438757 1 0.751237349303246 0.590774943736174 0.58361376347013 0.495171078206394 0.595245587784817 0.681427870042216 0.509401372530874 0.724842401224526 0.647382270933262 0.744702347280625 0.642449801208477 0.681622793876428 0.661092443251439 0.389269189775629 -0.00123764366169696 0.767085190611581 0.643897180400008 0.540895777884868 0.513168988924044 0.316877170786234 0.134299782688636 0.775571158225874 0.693323973452336 0.767188705637575 0.701271017126747 0.848111854409205 0.772621550244429 0.664360381760036 0.624326447481296 0.624587583644836 0.67871071836902 0.606761753495975 0.495205500987042 0.337570566698175 0.459833251332222 0.70220707658707 0.650390845469379 0.627494701101046 0.637027839635707 0.694408463826696 0.70845750348199 0.618879716685206 0.654891573652863 0.694784515964347 0.684162226864137 0.732297669954901 0.702717464072993 0.766428885409769 0.681596069471806 0.561564605010733 0.564173526714945 0.613525405140189 0.487409544381104 0.784179898827951 0.615229752273236 0.683547260060839 0.548512063176679 0.51455243915687 0.632195193913995 0.721957457130699 0.690523598855296 0.472455144201225 0.523238330325668 0.527876517668877 0.646893719137408 0.590720025525216 0.571296683789976 0.17779718234751 0.155881645650412 0.540560439248075 0.605870952516015 0.656269261074692 0.642270389063095 0.638686038949776 0.625207105786806 0.630770038068776 0.508496310041175 0.682747546941324 0.754775210315545 0.583556112803857 0.49496232712193 0.763324173362364 0.758055451649548
0.452168402886519 0.511654344017731 0.545192737978812 0.822783642691822 0.603634537449732 0.651498013136283 0.751237349303246 1 0.599023033204661 0.738791732899939 0.228844438760186 0.724157039660528 0.369390245592116 0.611269286539879 0.516849820357939 0.618283211322447 0.650357998454587 0.67462395056664 0.49806608962382 0.662641365713211 0.364895032638056 -0.0726110669033851 0.468541829898233 0.646648977450404 0.399290397765611 0.460569158418553 0.202571098897343 0.00410541945799348 0.663255247685141 0.770578990880739 0.669037793141055 0.751504242481234 0.762681258888697 0.790384120164125 0.508422755418425 0.613899118577038 0.438231820296544 0.503580189310225 0.51326082882306 0.38153272614478 0.110117493286254 0.363757300680901 0.608092023687454 0.577803946161534 0.503828810100714 0.538589743370161 0.586817810581307 0.609775620122133 0.501828946487614 0.580577289882572 0.583794618635277 0.601730974538041 0.637213813097595 0.61018801376795 0.671100326573798 0.6434474965979 0.462975070957653 0.488690713450658 0.489943371624444 0.473701908496736 0.637756945599921 0.770675779153852 0.589779742694287 0.71809537417289 0.204060647344216 0.587430555136049 0.518517839481685 0.62722155175859 0.408062144748889 0.33860267989877 0.462353147257031 0.573726759424944 0.508862921374969 0.626998482576017 0.186685955110782 0.18284137985471 0.531077736301555 0.621780377830586 0.580192172014212 0.669817844383163 0.626933019333144 0.573641911795541 0.565748770749574 0.479044169952348 0.46865557856825 0.710183656010035 0.517081638524545 0.407202975351946 0.622512097964248 0.709811032229605
0.445979041817974 0.458156464747207 0.517148768607496 0.622027144706033 0.767936630247147 0.426849413628475 0.590774943736174 0.599023033204661 1 0.611177473483782 0.370966372987721 0.443221318999197 0.522155219818886 0.4309813050976 0.699220174870446 0.538716842406161 0.491523018429574 0.526918165094842 0.481337362021266 0.464584359701329 0.259811698682057 0.165648000146784 0.564118876512302 0.486189910846085 0.424163100381677 0.209989978475872 0.500175223028592 0.334826551058302 0.479274393005427 0.52063065897272 0.41941886477864 0.379921928235109 0.554845849691487 0.471093552482414 0.52103681716262 0.421781428352794 0.261304787591435 0.362738040010423 0.3253013873645 0.412742628206768 0.147859615927435 0.310970258774141 0.408711155138526 0.374928104607085 0.397974763086701 0.428996244426319 0.490779637795397 0.410281226649371 0.447892942174172 0.497574607352835 0.436741993133743 0.481726336015794 0.504954563311988 0.453195138650755 0.531275790787262 0.466797585484723 0.460072265569201 0.447573337758206 0.480087458104614 0.455753797920018 0.650357308568808 0.408764537108183 0.546141782919441 0.29184374169344 0.476930549877735 0.456364448450014 0.517948709171825 0.460280074660181 0.436102675153858 0.346092627915739 0.569681155787182 0.437984833651065 0.485074621678024 0.613743012040392 0.2334212683195 0.354821213074604 0.316196810673128 0.343354025796955 0.427008256846228 0.476187933235577 0.508470896731134 0.489288588669934 0.368509565083671 0.398991770224078 0.575667230898674 0.546001502608242 0.350462860346357 0.30963026987535 0.586371451981411 0.511817791769354
0.361174352805862 0.455324523544333 0.503937539833407 0.642832751455533 0.615530281229855 0.603668697112662 0.58361376347013 0.738791732899939 0.611177473483782 1 0.260151709508626 0.546140037698449 0.401788026600207 0.594326924232036 0.586163590486039 0.660906553773539 0.516360147725085 0.486132671983731 0.447761246467191 0.550098196841513 0.276954569312429 -0.0494799954702731 0.494053315020235 0.700323808416477 0.379256728054002 0.465471593847135 0.245703328576485 0.125636779282281 0.484153798395665 0.582783029473779 0.491428883956453 0.632775902677864 0.614007224389984 0.594493511254066 0.511832653102884 0.61858981147141 0.453586641765295 0.453913394853952 0.510767155681546 0.217002008409932 0.140419854257693 0.398871786841851 0.5641651053462 0.56995463555764 0.433932456797692 0.495037890199573 0.502873239325658 0.56459631547436 0.444703309919027 0.525455309849231 0.541072958556328 0.555481364128749 0.556952689626147 0.554301604911115 0.554947409595346 0.484239570180737 0.395901755246051 0.375171924938937 0.341644162283829 0.2992610472581 0.546563052933035 0.752807531353765 0.474653180909444 0.469917408440685 0.330880815545306 0.655574369120911 0.466623075076969 0.565136385134617 0.358756535679778 0.353177871191996 0.447035966342944 0.533636546993577 0.438373979319277 0.520368159930345 0.061612104023714 0.192065727863779 0.456199816748683 0.549550353279931 0.451899801173093 0.543492445919292 0.546817669984725 0.49019764017378 0.500687037140447 0.383093906395143 0.475817494025634 0.671017542412113 0.524428432447983 0.370141284942753 0.568043757073208 0.599248985664589
0.763132797852956 0.670708897520419 0.476080569958098 0.430874419282359 0.468506990674066 0.215961046464271 0.495171078206394 0.228844438760186 0.370966372987721 0.260151709508626 1 0.43910462141621 0.835357556708851 0.419122885868537 0.647371599870035 0.495744802623077 0.603100109246022 0.485189964714795 0.752450963579261 0.592888104699181 0.11547245198319 -0.0729607052039324 0.60891506278181 0.363552514451653 0.235138527891687 0.0769417102814108 0.390065211490912 0.396117609203947 0.568236740340501 0.402618116120787 0.211924682829935 0.152420166248056 0.502797338434997 0.408405263161508 0.249211631728439 0.0684153662450701 0.437540233662919 0.529459818378959 0.344131339807835 0.452102512442331 0.407097172186867 0.295930183357208 0.395690831677559 0.460061780042807 0.519330789708859 0.51824227532997 0.52553613196795 0.459480955563561 0.500393493253936 0.460802179436904 0.402133166826187 0.458294842648133 0.406242126042994 0.331314876831354 0.527603224755306 0.460036366375096 0.684220115214811 0.672113608718421 0.619867937082866 0.542451606188869 0.575789290743727 0.109402078633717 0.742660467437684 0.234011148526956 0.471547408157104 0.329311045699032 0.514197607000638 0.459774421518491 0.571956151590775 0.62833357567714 0.1961987390787 0.278579898219788 0.318483446608439 0.344025498140662 0.216703812626826 0.297891288802037 0.00663237412725363 0.0700103007945556 0.545192782582131 0.400007525517312 0.571666494777893 0.608095315395332 0.439609804423718 0.452826062152491 0.694321322640785 0.471459714498722 0.455960934423025 0.398246350210355 0.461071520239502 0.36132222179063
0.582926690753413 0.62781245909943 0.404474089484904 0.611068177849141 0.49153730434878 0.519217425969962 0.595245587784817 0.724157039660528 0.443221318999197 0.546140037698449 0.43910462141621 1 0.521750104882614 0.806701763050075 0.553749096411422 0.637913729325148 0.728204667214896 0.814367869580857 0.598723181375171 0.748673793326904 0.274037440038165 -0.147660123820927 0.415893463264173 0.45116928551151 0.31325149321617 0.322670722153452 0.181921276231507 0.125754047847895 0.741841513024382 0.860953293992306 0.518511345134397 0.566051664945469 0.714129739416857 0.698232172635315 0.320582166038773 0.382848041984513 0.4616637476319 0.549357041282137 0.495808801024897 0.414965894903029 0.170192294364323 0.46356718194126 0.553804886214904 0.584680366467317 0.55005344523447 0.555706790320326 0.593454106984367 0.585677050982437 0.518950700746853 0.516424320104211 0.494966439861029 0.559540006242684 0.541996517795467 0.515913033829888 0.631941592656025 0.650273974846848 0.571871943407366 0.60834366413127 0.505725798158554 0.514019578769134 0.590082290187448 0.478040305941399 0.698030756608711 0.76133696188913 0.134418325715992 0.336259483754853 0.452688611636387 0.579495196018483 0.509931180409772 0.442951150801206 0.37874105313297 0.413670911522692 0.475018952407257 0.585068399705664 0.242335256237243 0.217655254074348 0.39139517236698 0.532582268682921 0.66520689417967 0.71738212341549 0.73306508682233 0.727925096839999 0.611874352229991 0.654302444603234 0.492130611273736 0.704439381644252 0.503134988896908 0.542261590632806 0.551420211438784 0.641878918298127
0.74170312325544 0.664830273993053 0.676547663742511 0.572767970751914 0.588829194183239 0.462152108865536 0.681427870042216 0.369390245592116 0.522155219818886 0.401788026600207 0.835357556708851 0.521750104882614 1 0.61487467338622 0.779069755821283 0.674447444306659 0.659295113135287 0.565771416739344 0.706697460091933 0.642751288395726 0.120346797057789 0.109227035949379 0.727267101065875 0.507060127602132 0.420224800633215 0.248764421860548 0.515647279025946 0.399075812745609 0.657143319530401 0.519973883542154 0.43501261452553 0.335425063843442 0.633726503901131 0.501326472715056 0.461924269826165 0.281790712873228 0.518844579894312 0.555647521431332 0.496460166874882 0.554156385740885 0.366862007692811 0.349737621290086 0.574614758970682 0.605685367119172 0.620603130625867 0.612065687065373 0.672408624100382 0.607662424590606 0.61821850109004 0.576781825183305 0.603204534432869 0.625089079377493 0.615854165288094 0.533893567585383 0.672925319604628 0.577727931445508 0.698750493041917 0.646365470270047 0.634375859244253 0.535357735918621 0.78743747365529 0.233456762647663 0.797808124940633 0.250464868621397 0.65134614969845 0.483283144310284 0.694272665867141 0.616970613622193 0.630644014584407 0.5917967782288 0.294719089958579 0.323109626328698 0.391055872817382 0.420619561569178 0.279178242056568 0.301116645231243 0.164218508446821 0.235177286310657 0.624316193705722 0.537666407075724 0.66014107180343 0.683187428122198 0.570843775722764 0.572553387952178 0.813249239733999 0.640295253252053 0.544675594488138 0.498614716492229 0.678364767800614 0.540453046424827
0.507944890716227 0.499815630371024 0.472797404337975 0.641240967303939 0.398003705916247 0.679664516229709 0.509401372530874 0.611269286539879 0.4309813050976 0.594326924232036 0.419122885868537 0.806701763050075 0.61487467338622 1 0.582833464436927 0.805014182670351 0.582340240114938 0.632201619881476 0.426372820763377 0.642285662791618 0.0609066148507252 0.0506334323054237 0.445988054680127 0.572424160795317 0.419476539374672 0.46751880450618 0.318305470130321 0.186544148492589 0.596216059575967 0.699307793642021 0.487148727844354 0.583939725394116 0.604000807384624 0.507425015499907 0.373610318074223 0.419637347847894 0.334636254887149 0.442400124929749 0.506840003772122 0.408649422691882 0.0490119173115252 0.366633137556027 0.57594287356571 0.606913399064065 0.494266458433706 0.513180583858874 0.575216453702054 0.563469533887221 0.477044124464214 0.48151207923353 0.531164897807685 0.562580383035586 0.545750033578592 0.53167410439792 0.610591136715854 0.544584630707347 0.510556085929185 0.449882973807554 0.388054856257552 0.374845243195877 0.648762112807529 0.405969513562657 0.688517845793755 0.461150208051973 0.345033343217996 0.495030827870641 0.512835857414913 0.629673083852663 0.506919140899702 0.325662489319119 0.273645636410688 0.275218891077964 0.334522885400223 0.464415912782491 0.304353782953766 0.268308585378201 0.285082632944538 0.412527502280836 0.600046548209567 0.656992832938487 0.692371366022943 0.69846564167488 0.65440848505708 0.693415598355338 0.584991461563824 0.704294644074916 0.599738938887199 0.57705485377322 0.566576383739435 0.579115781749319
0.562766914218143 0.586214449555619 0.670652712632631 0.659192449090323 0.729286740110691 0.493110898017188 0.724842401224526 0.516849820357939 0.699220174870446 0.586163590486039 0.647371599870035 0.553749096411422 0.779069755821283 0.582833464436927 1 0.759520680734286 0.711861072875057 0.581321769750871 0.734887912563667 0.624970251329417 0.290311715965158 0.00410160714939677 0.845974216991694 0.636277074985789 0.580103388161454 0.424844797279526 0.415683804391557 0.391723037635486 0.721747870169316 0.621514174227864 0.62373218105822 0.501329341242256 0.750164008689588 0.620210437200916 0.614914751612976 0.491383357131428 0.597814844781505 0.556202648600582 0.536759778573696 0.420116033800111 0.356142377522762 0.462908211654821 0.642555713205336 0.647656052532395 0.563926256527885 0.57277871025698 0.637015615717874 0.635745392795803 0.580633097001531 0.615922874062705 0.612041398437392 0.63140289974305 0.649638990783012 0.614385848896229 0.702101253696265 0.600591240737919 0.562385742388684 0.542982931467165 0.526914025802079 0.427656595364523 0.661314279124551 0.402324254992753 0.703864299898821 0.41703025372593 0.571094942330675 0.537840424863885 0.657564792980019 0.597001191303838 0.52170869047151 0.570890342840338 0.530457103691234 0.527404166024156 0.518618340810976 0.528579316858362 0.156027460487361 0.305001731479363 0.443093552728895 0.497815040685881 0.67183021152707 0.6314306481332 0.660232704902175 0.644707048896258 0.631388756995246 0.540861312384704 0.740845821491499 0.70430311187273 0.596667332825196 0.56857695844318 0.726653524260987 0.647935803270534
0.527259390593998 0.565856261038434 0.64565360676853 0.787313930147974 0.588401456510377 0.687523903965075 0.647382270933262 0.618283211322447 0.538716842406161 0.660906553773539 0.495744802623077 0.637913729325148 0.674447444306659 0.805014182670351 0.759520680734286 1 0.681822223474815 0.615246374977395 0.58767662006073 0.685791434883733 0.250404723912625 0.0635494680665075 0.714141252940467 0.807396315982855 0.556536539377355 0.5698704264855 0.509194542440829 0.413082030945613 0.708525811762334 0.67235092596046 0.696985392504717 0.683467650805211 0.736122173829741 0.624039904516437 0.594197373730644 0.591391546222082 0.530782868440714 0.536646274832273 0.627682660718932 0.386784746170261 0.185733552620171 0.431719098877963 0.701533196474513 0.732315098649525 0.598131010990721 0.606233158342268 0.657516326249884 0.67307435374971 0.561127715942073 0.582747931689189 0.612374677130762 0.641674714445752 0.657988394700975 0.629493705465961 0.721850341767642 0.623335905985129 0.572318021661246 0.514337978566328 0.431486740664913 0.360141241719724 0.641662373300657 0.466604172746215 0.685901953143383 0.421894610715191 0.484852459573905 0.669312289575104 0.671835334259421 0.713090780286507 0.553781635197641 0.491517134599456 0.406868822692821 0.447600212044567 0.445828789301585 0.512133489868534 0.217647998599624 0.308909499392097 0.334976425246742 0.485880511747689 0.694216311256994 0.702415997886324 0.723273762283129 0.723721997667513 0.701080775028428 0.669429554471868 0.704571637699255 0.790086151058071 0.716812921004288 0.679680757567787 0.696099554581914 0.682376921732374
0.713679963920618 0.764924727525771 0.627270755514869 0.693385263004799 0.61372950282358 0.487400812094331 0.744702347280625 0.650357998454587 0.491523018429574 0.516360147725085 0.603100109246022 0.728204667214896 0.659295113135287 0.582340240114938 0.711861072875057 0.681822223474815 1 0.868457856095935 0.846261086479114 0.84572925850552 0.347574879897033 -0.212453271340974 0.702892711483589 0.572649119704438 0.46955735754343 0.414150203561733 0.266151745182473 0.238490272166953 0.906056771190945 0.844986455330429 0.68191494696372 0.581703644525297 0.914402957647394 0.878160440628369 0.526089707790437 0.513461567236761 0.746572609174251 0.650976250309753 0.676812380843458 0.408779100732754 0.397864872203697 0.595804888546364 0.770432568815491 0.807514437016662 0.759567744874236 0.756255572844888 0.779464456162231 0.773757555128974 0.691320371959631 0.683577212901578 0.681735555870163 0.68533722798368 0.731278702616309 0.705587493515659 0.821910600184322 0.745339134551327 0.773958400464098 0.757883696423407 0.670590529689023 0.551219619373366 0.582032182283799 0.431807189043282 0.817887151938537 0.718453688823629 0.319165859200848 0.423323966276244 0.70162869394381 0.729579777992146 0.644079341655681 0.742317869879583 0.396337622248381 0.528054651943628 0.561441278664592 0.573892340954642 0.21964463460757 0.13339275594893 0.459596647527645 0.616958024672307 0.87985294068626 0.850882495549409 0.903041575325927 0.836489161663379 0.76342587265216 0.651150484680118 0.709143109798041 0.768852524202261 0.695505368470639 0.666156096745752 0.750137554803261 0.788778409046488
0.716085693106659 0.771582757416101 0.54293650541659 0.707111962813444 0.55587473924743 0.475989364758069 0.642449801208477 0.67462395056664 0.526918165094842 0.486132671983731 0.485189964714795 0.814367869580857 0.565771416739344 0.632201619881476 0.581321769750871 0.615246374977395 0.868457856095935 1 0.723497799962645 0.833417200405146 0.281794419904167 -0.191536226273368 0.515313436659649 0.461125035625952 0.386997951659647 0.342964906639453 0.295760452418218 0.205517601890482 0.789431686913768 0.879493430315983 0.558639489954041 0.536781871542707 0.809330021378555 0.782800118636653 0.477177582359949 0.466320324609281 0.546446768656598 0.623182554160733 0.579251267290223 0.487265157981136 0.285451141020932 0.527763361663094 0.643854182082056 0.690252003015421 0.732619021143127 0.73226074449247 0.73755950357073 0.681289792866038 0.638201615881749 0.623366313044496 0.547154747617933 0.621566753656296 0.622863667438264 0.576917131151217 0.734377910148274 0.720378956167801 0.778721156377968 0.802111474673929 0.670143633555464 0.631800188374097 0.600846790276717 0.355114263662991 0.76545453646773 0.667465313328269 0.304873295723748 0.36340702003492 0.66344924560595 0.692232196608294 0.689503978984323 0.663300827697244 0.407007003822645 0.451176232598642 0.534150702349108 0.621195861885674 0.345446993118461 0.196483301281775 0.364170940259646 0.495249701757631 0.779288137156372 0.83593543262475 0.874235570801923 0.857516214079282 0.678544102332516 0.73676119236695 0.650535883873774 0.724330434944415 0.592664155662333 0.637008986965325 0.673780303053166 0.72688360231006
0.798114519625347 0.807098884969861 0.611135520024806 0.614213430867274 0.60908569972574 0.315718630021324 0.681622793876428 0.49806608962382 0.481337362021266 0.447761246467191 0.752450963579261 0.598723181375171 0.706697460091933 0.426372820763377 0.734887912563667 0.58767662006073 0.846261086479114 0.723497799962645 1 0.821083402213548 0.301927306080912 -0.215186534212363 0.752558169091537 0.513968471094297 0.339903560015183 0.266484056976018 0.315089939653338 0.277683873261682 0.806467517831581 0.65631923747201 0.503242373019967 0.413436688323332 0.789757458756909 0.708322251495831 0.415671328966942 0.316800334658291 0.698459816150853 0.656017385341265 0.574473111554278 0.379686239033286 0.43120952480391 0.541436983829354 0.604451696864026 0.677894400485186 0.677276074001986 0.668062129233288 0.672042184290354 0.654576255095732 0.606790615523633 0.592600335143049 0.519348347633335 0.557723696745079 0.564826489615587 0.505075610551223 0.699315415539887 0.613250901289526 0.780911224169595 0.763823363947818 0.673844107566726 0.539293163504712 0.580083599446712 0.340226307398388 0.747195272937516 0.508987969989565 0.388424860258608 0.382122853646102 0.615999850270072 0.56660145171572 0.68477594636731 0.790293104722856 0.345935451470836 0.48547730147893 0.474051307020946 0.461421644516609 0.236040901214103 0.116466509963421 0.260283006738172 0.401715833692368 0.775154642783011 0.646017377245449 0.749786269693752 0.703892025692373 0.635266103403265 0.578787091170569 0.690612349646927 0.639475327361128 0.612754096412156 0.588631393537378 0.636440445144325 0.598041324024118
0.809383750699701 0.850832966107285 0.647476997646025 0.738310348575605 0.509812177038954 0.580003798967085 0.661092443251439 0.662641365713211 0.464584359701329 0.550098196841513 0.592888104699181 0.748673793326904 0.642751288395726 0.642285662791618 0.624970251329417 0.685791434883733 0.84572925850552 0.833417200405146 0.821083402213548 1 0.263977363296043 -0.143367059054569 0.612488588312643 0.573023517068559 0.375300438604656 0.364456571733444 0.355052450658172 0.213097424895739 0.801831402977449 0.783794867027322 0.564820103778628 0.561363072221355 0.81449695550634 0.760491994232978 0.429695748264894 0.402593967306757 0.579279449516413 0.63322753778939 0.623266625936208 0.509813970209363 0.279155041798339 0.467014307769715 0.68087113657233 0.74680315813044 0.731306789392645 0.714432142854586 0.716525476646546 0.71323600388517 0.667914376598962 0.623160003152062 0.59774143912828 0.641869870092866 0.65017561705453 0.591109774828939 0.747563704859836 0.697358235156289 0.841394804558687 0.790234925235159 0.659683221120214 0.579497397028722 0.612999866876959 0.374768836389809 0.777085675167968 0.56014115497682 0.351838392369426 0.405493456451687 0.642818168208618 0.670615782478214 0.833228849020146 0.789026909455518 0.264491412049719 0.433759166355334 0.460746375513616 0.53331881325722 0.352871143978329 0.141309979372681 0.226041948616094 0.409733249034452 0.765680408804392 0.736483290615499 0.848891224282888 0.817634591400397 0.766727595635373 0.733182139852498 0.692018690594795 0.71924647808674 0.648522956631326 0.620845875193072 0.673303948128928 0.711445007772218
0.0958382551252136 0.167123380457337 0.233156542463888 0.337754822422222 0.500264034296131 0.110859708834288 0.389269189775629 0.364895032638056 0.259811698682057 0.276954569312429 0.11547245198319 0.274037440038165 0.120346797057789 0.0609066148507252 0.290311715965158 0.250404723912625 0.347574879897033 0.281794419904167 0.301927306080912 0.263977363296043 1 -0.213216263248508 0.333986929620896 0.329259380422318 0.30317488061719 0.304424092818428 0.147720131146368 0.0115053854667934 0.356290190352898 0.374083882043336 0.40468251555626 0.403881158586268 0.414355319685399 0.421846050712517 0.333416875145876 0.361098106166914 0.380724366094251 0.246296730392648 0.304772294150298 0.0648119339270972 0.303720612387685 0.246326001029161 0.265228591188081 0.223527087756313 0.169882415250305 0.158236427259262 0.150263836178711 0.243264241981355 0.109017222557782 0.16045514332579 0.15332810862199 0.149434908805 0.222137457562398 0.254995587718546 0.242261594769195 0.211946763122209 0.0822955428648739 0.111400224392936 0.108579879196911 0.0324954705072707 0.150104894333949 0.362210667796607 0.136387559321613 0.418413271538388 0.0236983854954462 0.215385092918926 0.214825874162433 0.205926757917112 0.0614962171274623 0.21401649686607 0.345720865865008 0.469440372672301 0.339390536399119 0.313312861733243 -0.0420070097597171 0.0722619749121763 0.389022609318213 0.473044010882664 0.284141454004152 0.296190422652502 0.212785393830408 0.17151857774272 0.186306055406701 0.0416711040925885 0.0763768622700309 0.288835326017528 0.190412547039612 0.119999063383293 0.28702364968249 0.333199320240267
-0.0271892636412639 -0.148757800056067 0.052262827566155 0.0119839362452031 -0.0432353161446929 0.1048674505114 -0.00123764366169696 -0.0726110669033851 0.165648000146784 -0.0494799954702731 -0.0729607052039324 -0.147660123820927 0.109227035949379 0.0506334323054237 0.00410160714939677 0.0635494680665075 -0.212453271340974 -0.191536226273368 -0.215186534212363 -0.143367059054569 -0.213216263248508 1 -0.0229473343598863 0.0466388179677147 0.0480164277144351 -0.0700234142372939 0.28285027852127 0.213155905835719 -0.134158616183993 -0.13936956136228 0.00600463932502833 -0.0823839621505522 -0.156449168432785 -0.206464758102054 0.0736785875240137 -0.0362087388094917 -0.252237457719733 -0.187453779602419 -0.2499811844393 0.249860972869612 -0.298281306601329 -0.216112495757202 -0.123140424456722 -0.158626948645986 -0.17301939072466 -0.133141149172705 -0.0743300626254281 -0.124579667607328 -0.055087622598989 -0.0838836663578808 -0.00301585444691867 -0.0219104493059307 0.026472320336527 -0.0326148494010608 -0.094568959185752 -0.0844080805603948 -0.0408920689900608 -0.100342174045961 -0.074197711127446 -0.0399885286952721 0.152667971648409 -0.125088526674235 -0.0365200648909048 -0.329830645224226 0.223644507890052 0.0882839544048473 0.0150801298842692 -0.00653584330877329 0.0512272029927116 -0.212976935343415 -0.00100319296321911 -0.135481337102811 -0.0883166696857996 0.00519742734035231 0.0304443633893138 0.167489206204569 -0.206747913653793 -0.265793812523586 -0.171884629542114 -0.126993958034104 -0.111484182513384 -0.0586077158938929 -0.0849700336825387 -0.00867476603269849 0.0775713337390354 -0.0531026910407549 -0.0603696524344062 -0.112983031777508 -0.014332637302282 -0.0728598431912564
0.523547293942658 0.52510679146775 0.788255047567876 0.682401825933221 0.673134281311754 0.480174728173295 0.767085190611581 0.468541829898233 0.564118876512302 0.494053315020235 0.60891506278181 0.415893463264173 0.727267101065875 0.445988054680127 0.845974216991694 0.714141252940467 0.702892711483589 0.515313436659649 0.752558169091537 0.612488588312643 0.333986929620896 -0.0229473343598863 1 0.742863841626787 0.587370289971599 0.51083360742468 0.425386693376099 0.35950596332583 0.693384749492091 0.544682010591143 0.681427504301751 0.584393633255793 0.740188399993925 0.60264990546694 0.674855986662709 0.536489684044485 0.606804855937929 0.529457252649386 0.565493457734155 0.380393261243462 0.380414590473255 0.451114535371798 0.63357124244995 0.627532657742826 0.531537784544866 0.532947884307004 0.602049453542488 0.623990858437776 0.549681287426721 0.575223359554686 0.608173896509941 0.576147433960117 0.645428539712074 0.611293669487842 0.691704743196952 0.55513898112222 0.523953212608171 0.4762240249244 0.47562575539955 0.32624158244988 0.620006078387896 0.401331562874783 0.64254930203129 0.32404395464053 0.608537650207975 0.553960364554191 0.680000375499605 0.553242815018732 0.478390087547184 0.558093406541982 0.457368989414192 0.55457402399145 0.519738172021287 0.475723159427779 0.132568262312908 0.210132699636104 0.421254843920851 0.475074698611352 0.619348942681208 0.576852913674284 0.583784157672506 0.56987789988179 0.601285569484303 0.441415760330804 0.705542711437216 0.636319389778536 0.619152435322216 0.547135431315323 0.691090863285097 0.613935435524265
0.423352512177236 0.434086106829842 0.682071494398186 0.795372926157794 0.580169367827701 0.624341660210702 0.643897180400008 0.646648977450404 0.486189910846085 0.700323808416477 0.363552514451653 0.45116928551151 0.507060127602132 0.572424160795317 0.636277074985789 0.807396315982855 0.572649119704438 0.461125035625952 0.513968471094297 0.573023517068559 0.329259380422318 0.0466388179677147 0.742863841626787 1 0.579059917642093 0.658038106431407 0.370573413944858 0.313363541375301 0.556108227804602 0.529963432269244 0.709753736534237 0.738819245067287 0.648909537876571 0.610631294879023 0.6907844456321 0.713400740810466 0.462693195833201 0.437249247975255 0.544342571835784 0.318114747386766 0.130505440604604 0.325458400499668 0.582166128809535 0.593044499299227 0.410749526074646 0.463012418663621 0.514507765362376 0.553559369383918 0.439981943955694 0.501509327053119 0.56841359278416 0.550476154452771 0.589291555999736 0.565052827057989 0.629645821267714 0.523269772888542 0.440112457296079 0.364927243939341 0.342561798097099 0.248394699870967 0.55521483144274 0.593539412922064 0.512604811509657 0.337298565961935 0.461462679951105 0.725644790841642 0.605862897855387 0.63317876733142 0.438269087988272 0.400025645784025 0.382046590293747 0.519531113202933 0.462085767565389 0.503963993462923 0.100788761494537 0.232755033480892 0.37839490891343 0.471865517193639 0.54301893815081 0.57540104230056 0.555646568720131 0.543136658175829 0.539280394934466 0.393316030716527 0.543361474533998 0.667447966028299 0.597076385464742 0.480247199048178 0.578693309289258 0.583202469652131
