1 0.948952957602592 0.818050765540578 0.849266501273272 0.379628977171241 0.30920306503666 0.723630106126672 0.684481853134654 0.316026603573923 0.366653825023445 0.789622981976238 0.710833459944084 0.750806252246321 0.678568589317528 0.552559347954531 0.664445446966186 0.814099993168926 0.811478946111803 0.920994609433545 0.871731792124686 0.211883891623419 -0.0550332357699265 0.672065824294677 0.668180053309808 0.61252332092187 0.573138104385906 0.621635335805677 0.434380753240099 0.576833219830722 0.640450409038017 0.510938920587599 0.449041988463057 0.726966369306003 0.675398224435386 0.566029441264009 0.480100132269093 0.774006818720759 0.695387858215693 0.713023071017268 0.722749675254618 0.621966395272463 0.530035718011843 0.315631414764149 0.500520243550152 0.662224092140559 0.740590374429068 0.514083181771925 0.458510047393505 0.629124861234151 0.644276439686008 0.604031167766933 0.611200371833911 0.345815356762651 0.0286868564387805 0.709802709795544 0.698590372592277 0.898521147368123 0.896964557760496 0.707443970708251 0.777631333347322 0.889976228238611 0.820179505563673 0.872270253656822 0.755986059828254 0.637559422324158 0.59713793911575 0.673996061652337 0.668804774650288 0.753159678418819 0.747548179192603 0.378980705184702 0.337357771612955 0.456555335395604 0.523584259733764 0.351960391511633 0.203614070615941 0.221245049142157 0.35315107018933 0.576214147248405 0.644182424846129 0.811521257163967 0.861194557113495 0.76776022883999 0.823623518368662 0.883554901174691 0.832807122326773 0.645928888844464 0.73563992853526 0.708575529680514 0.797280669480962
0.948952957602592 1 0.776345792609287 0.847787986175817 0.374668680662949 0.320433237706686 0.692129061600587 0.709678480470688 0.300170598538672 0.374948520662505 0.710863802649993 0.670798299453218 0.62743673026982 0.663747246885883 0.507718880638513 0.628965500471757 0.841936124247103 0.846487755092984 0.908962126605773 0.892591852402139 0.234022161083863 -0.0703312995639619 0.63466878670665 0.630371614680303 0.611489393536917 0.580239222014597 0.609933770349153 0.428153529091552 0.565344310720236 0.644828099286594 0.512047905951317 0.446401482938343 0.748331539334026 0.719866532296708 0.538260646563184 0.499645397977921 0.799294673672285 0.736054975764913 0.710983643035068 0.738104743540098 0.609185961813543 0.518368948742106 0.384687557872396 0.555969201864882 0.745414079551321 0.8146948902679 0.582587877646481 0.530082603543895 0.724669472109075 0.75784268085594 0.691064572762172 0.716051982865775 0.447825889335473 0.119181716680188 0.774531355136927 0.773082945112294 0.915394179833979 0.929283256689074 0.775089234770918 0.838503480008563 0.837373243881892 0.819800486906568 0.834570697879231 0.78880443954538 0.556135256241382 0.551206220427419 0.708146878498776 0.682020151482281 0.823345085206892 0.800589059819383 0.426331571966485 0.399950776717169 0.472135172422159 0.549112730759767 0.395271460882959 0.263091049753348 0.248947324337914 0.387984870115209 0.587616821978439 0.685792092860671 0.822409465483349 0.887386267847276 0.761907179713146 0.831497148944503 0.850453353125475 0.835428329450783 0.626899025605418 0.738877593081108 0.740754985492792 0.844886941795456
0.818050765540578 0.776345792609287 1 0.883724986341289 0.574511056654435 0.304907826565083 0.807636206633377 0.638445767439457 0.445220638376704 0.373872856136575 0.578386968486306 0.488393672879311 0.712789534850941 0.547079444033941 0.643877347317877 0.705247704681105 0.680944588945132 0.638570726015092 0.77066993736824 0.649712998707793 0.293828130294674 0.110577550943014 0.832100053360908 0.817554919697509 0.794256216729599 0.731493252472988 0.702460956109012 0.535084230604535 0.448494177304962 0.495312668220051 0.606234584376842 0.533953407108477 0.759494691570214 0.692365137024987 0.829373449770372 0.705522951964228 0.732862250327406 0.660691916914207 0.686536963629233 0.650974949786724 0.518312655152477 0.419434304487166 0.423374470452926 0.547314555943925 0.642053149388602 0.654867657827305 0.513257327410069 0.511709287054396 0.5585989851483 0.603443910823015 0.566184373133543 0.552382550761058 0.36036551001779 0.118147301160815 0.661004175425688 0.680688581300086 0.806075183616708 0.791549608910852 0.665291299415769 0.646029899311821 0.815037265983468 0.656437104950132 0.69255057448469 0.562119420327686 0.853653207926042 0.71982814365705 0.82349069788966 0.751692364321654 0.743345095248407 0.683491641710898 0.415932765542582 0.347860715967264 0.358847167398584 0.424308325399959 0.338814888243661 0.138361104166883 0.291681908209313 0.417306161541834 0.508878664039568 0.593054055980833 0.66672632913593 0.765917687673953 0.722162951998225 0.723182910722811 0.867985820381749 0.793361722034089 0.671813913497763 0.721151796343907 0.721167130329542 0.723829428014199
0.849266501273272 0.847787986175817 0.883724986341289 1 0.52422782412951 0.472709394179184 0.820762027890981 0.814503851669628 0.469227395551061 0.515057783397444 0.639383868468913 0.659617204859874 0.697141672381008 0.699990406802998 0.64642727576547 0.770618995076822 0.753282159816118 0.710625445148939 0.815460372594118 0.739351983245993 0.315762539348417 0.0373483737873219 0.74692499812686 0.807302644644312 0.712750920787694 0.754262301872804 0.619949278198831 0.448504759730428 0.540464902147478 0.63051161728963 0.633318035201012 0.59993288926411 0.811954576828673 0.799706998486992 0.68433773939949 0.638877768601563 0.794009175484818 0.690072431951577 0.716081591301752 0.724524069464076 0.648994778120496 0.507180839513476 0.479861727485009 0.621451202175001 0.69939980357551 0.719546869665523 0.602263882067668 0.585512008613381 0.645565006239261 0.670745114143039 0.641818095258726 0.637788241185235 0.447673945774768 0.195426143657842 0.743558237262808 0.751815966532782 0.808620133909151 0.791536962224393 0.713045059096998 0.731369460442124 0.847655349288283 0.791552919168983 0.733273988194057 0.712615787279692 0.686254642993719 0.807298137150969 0.811089108385657 0.819622787475034 0.753415058273143 0.690249116790835 0.533433964226315 0.516324219083188 0.517254078845403 0.591311529117321 0.448892545238886 0.261019332965799 0.422261841030382 0.474274880722797 0.57576045121126 0.680200921415961 0.725800085475218 0.823627626120153 0.768560884837007 0.719501623646825 0.839253346943221 0.857664886839342 0.666842829768497 0.66963700107401 0.765490155965055 0.827059573431188
0.379628977171241 0.374668680662949 0.574511056654435 0.52422782412951 1 0.599230728982367 0.706913571646607 0.592227926051628 0.708163834206321 0.607855984897352 0.298884430769513 0.380049716371257 0.507425948022946 0.511274887790872 0.705261724970733 0.535799587854929 0.41512268933291 0.338583319161591 0.374742598416779 0.20969579973538 0.412909749852643 0.118697885408644 0.582972054942276 0.552648745832565 0.597182916207958 0.585652244143852 0.464550564178963 0.324957820179661 0.394618698441808 0.390306107404421 0.531428854926852 0.501064107066288 0.631315693407341 0.581473800198915 0.574070716813258 0.453204893485068 0.433579268422213 0.393659579224796 0.503519177029351 0.295554930218864 0.345663220663368 0.270089267615343 0.631463585625296 0.588262519393396 0.484396397878214 0.404046933363219 0.579963931124401 0.613494880891128 0.47428732878856 0.443113000740554 0.479054071669083 0.430769383999047 0.555391395961213 0.470590684523994 0.495186652954253 0.538031970946998 0.46153334145113 0.360943871684956 0.519121282157679 0.40083399833061 0.529026054934403 0.37633071136801 0.389213542337155 0.33975911531542 0.45347928325161 0.520116145356629 0.633393925684239 0.553429216171663 0.45726546988036 0.395299762350643 0.567525173492491 0.475147087011342 0.342853327582915 0.308627492487178 0.188618428605713 0.179182068148636 0.508967359044959 0.535915620341529 0.486958506283553 0.524181760777636 0.412914291370382 0.466381098151891 0.46439624726418 0.338753380338333 0.485289181777808 0.436590052593956 0.509754365707027 0.342794319692022 0.653328310044976 0.536446338117484
0.30920306503666 0.320433237706686 0.304907826565083 0.472709394179184 0.599230728982367 1 0.580759366408989 0.702399652303504 0.603928627790166 0.739978001690058 0.385515818864673 0.555269056417832 0.399398705813192 0.588537516000273 0.602837104760425 0.532548389204509 0.398571462114592 0.323091310844308 0.31277970185303 0.236669318244367 0.239638467536958 0.154249305896491 0.330664207041872 0.387201057005155 0.332050947311702 0.452834055859994 0.172166010372656 0.222501227106498 0.418657167064352 0.450292013120384 0.379498353111819 0.402481794065847 0.512947265407446 0.571309593711288 0.238061552039204 0.196854074611701 0.387604698214179 0.30664494899107 0.427133545889512 0.246062467975418 0.504233316102438 0.346489800799522 0.517084524732301 0.479215290182066 0.37481248205648 0.333564354642638 0.540960587654043 0.516145481797478 0.384677479886153 0.323765551404314 0.398868074154676 0.379033158114369 0.559424652537945 0.543922933675464 0.409031275735545 0.438077419232153 0.311115473421773 0.21104954713608 0.36847504860527 0.336534397448465 0.39345795191067 0.385545633322185 0.345859832303648 0.480301924849707 0.150348277607372 0.4358529583192 0.427429909162673 0.461552976934822 0.231132431508413 0.175817399144081 0.618665172535788 0.591390460423645 0.507778743258822 0.464989670917137 0.318682626655955 0.328169141280068 0.634067630240453 0.458570661120224 0.42055214527622 0.440353849290213 0.385481431061474 0.410225509896936 0.404660081173469 0.30162098309511 0.361595848447605 0.381262493085151 0.371402546976567 0.109640742241173 0.536377676881096 0.479638993550707
0.723630106126672 0.692129061600587 0.807636206633377 0.820762027890981 0.706913571646607 0.580759366408989 1 0.859895890821995 0.74338863013097 0.62877209104003 0.652081296592811 0.661184055703431 0.765500282339288 0.729898993748528 0.825957448508641 0.758392036050222 0.659851339745849 0.607637004734686 0.698165462596361 0.534713832128854 0.356692937821146 0.148546104526508 0.76223203842182 0.723350082674538 0.618453724245866 0.654026515581155 0.498805218010511 0.308270815948479 0.560512345295475 0.597088486664434 0.661054717269029 0.621985826457146 0.813181024476312 0.80359097435966 0.657472961169643 0.591318915159397 0.660676556625401 0.524393570717399 0.645750458558803 0.52422790090361 0.577517971193971 0.4193839320439 0.614896613674216 0.667021708636105 0.643277522503552 0.613116473423294 0.673166612844288 0.680009099964368 0.581574436509865 0.582373827460302 0.586042161238536 0.565096952418786 0.570199100896426 0.386867881220595 0.686669954481746 0.733169601634928 0.701346844396417 0.643139664575094 0.651759978988107 0.628125661687154 0.847550989420534 0.734387743747661 0.709798735143975 0.689615321807425 0.593943167303674 0.728493776266232 0.792325518091812 0.759503855849222 0.667068404411855 0.564701585270658 0.614697087796743 0.537312727624017 0.505988127483076 0.507734596936947 0.411154370353414 0.284528237019732 0.539427662064067 0.596853254255821 0.596409923130915 0.653457518346597 0.649714229038446 0.740245308495674 0.673326895709245 0.607947746951086 0.744416190969172 0.723719084491777 0.579609036149661 0.55282666151052 0.775996468792564 0.750098413713751
0.684481853134654 0.709678480470688 0.638445767439457 0.814503851669628 0.592227926051628 0.702399652303504 0.859895890821995 1 0.662887536180714 0.74526411050544 0.606423019354614 0.771957681503113 0.592021818010591 0.821929799280189 0.741294726512346 0.740598323204007 0.684586631314262 0.631195117259834 0.662683395927124 0.573684796776712 0.305050186033002 0.0716524673443968 0.61637500662241 0.657930769520721 0.537640863783146 0.642985664682404 0.400399935017857 0.270655617879941 0.591068906114007 0.681949589374572 0.621158008084679 0.647234107842209 0.784189357763778 0.830509362295967 0.462216386946541 0.466529854404707 0.678990296098074 0.526168080060321 0.642837662733747 0.56896896242116 0.624612322354709 0.463953852018553 0.623630278446528 0.686246929764974 0.67717494323129 0.659314678900541 0.724345751950298 0.706327604550784 0.65760892855272 0.634098535411837 0.659443191305351 0.632778891385434 0.664684587830245 0.482689215845139 0.747665483876077 0.761221191916977 0.636377474817706 0.577140433071004 0.650629721401817 0.667926527105196 0.740786615643314 0.813042371283045 0.671430569662278 0.80330474654683 0.355222715522578 0.685527812931562 0.703366412434361 0.742603312689589 0.603535845898294 0.504622244197817 0.67314918848142 0.655511657095686 0.610081101898637 0.632107599117971 0.494482130953676 0.384933683608529 0.598031166980176 0.603330311968132 0.612747790647977 0.685860626233456 0.696134389413651 0.761250143647401 0.68671443876042 0.622877719429421 0.653739241756583 0.736765785183217 0.556996110436306 0.483810103071145 0.789128457082652 0.812013823180702
0.316026603573923 0.300170598538672 0.445220638376704 0.469227395551061 0.708163834206321 0.603928627790166 0.74338863013097 0.662887536180714 1 0.694233763542463 0.413162279795713 0.406256347811309 0.495450590956319 0.553897504855033 0.78159056866882 0.52862292056297 0.363393073501465 0.307334322585802 0.342800847042351 0.166637361743832 0.306310948410741 0.17033037101766 0.53104523232705 0.47517092637322 0.309301797364147 0.429625617615942 0.196017960587661 0.0138162854057408 0.399647525385005 0.383392437540083 0.496404561436985 0.521904301665817 0.507752590354531 0.557246330022938 0.39008479740216 0.320469636922945 0.316125959479128 0.177249676395551 0.327902151192085 0.118437280023084 0.316800488939361 0.148428851798187 0.52448861723884 0.467931952058093 0.338996215723063 0.271896453250796 0.492323652206962 0.523464979989093 0.334312489942627 0.335829749842789 0.339458003462152 0.349635631741857 0.556594629895942 0.542799951305836 0.38618093368718 0.436615430204366 0.358894367860675 0.269638282559226 0.366570550706745 0.300345393855746 0.44558531045922 0.405516992908849 0.391556866265802 0.403751850597268 0.229695567577974 0.452276970900738 0.44479054471795 0.432761670314401 0.378098377540691 0.218125570823811 0.585898176947025 0.491825526376135 0.398410417504693 0.337188586252219 0.271787046523782 0.242399433834669 0.486156233128636 0.495058056401616 0.42445668226919 0.417919874152856 0.333217823453357 0.369812007788948 0.347844051442549 0.204165302813905 0.309986547116476 0.310313371615824 0.332882711773244 0.205907591768556 0.493009997113465 0.428783450202604
0.366653825023445 0.374948520662505 0.373872856136575 0.515057783397444 0.607855984897352 0.739978001690058 0.62877209104003 0.74526411050544 0.694233763542463 1 0.379373158916238 0.524167921214556 0.418117730339894 0.600191871976183 0.681276429071144 0.634056445718273 0.384670131355103 0.330239106025767 0.356003171999082 0.265957254572537 0.148808185969856 0.126582604218621 0.456340199491899 0.483247906200943 0.353050494379886 0.43816399898985 0.320276648608057 0.221959783665375 0.329745655067158 0.414221620648908 0.401887092271576 0.457490191088819 0.510070553320837 0.550917042019318 0.312396776862814 0.206177991011634 0.345612074007232 0.224643338327102 0.393348646353207 0.263027433461499 0.36585249194165 0.210990130678166 0.50310256378332 0.501598264486441 0.399588309578279 0.366126922470432 0.498948801020719 0.504790441702752 0.380400352537251 0.372671011704548 0.409263913234155 0.409330083140155 0.535539389187131 0.485373919346995 0.445310631685212 0.457658046416481 0.381898908038413 0.302050573905496 0.390492881026412 0.374145182646646 0.44634095831866 0.51991550900397 0.358263659734732 0.481088701631955 0.2114589121803 0.506795942208362 0.424248034925174 0.425732429217359 0.352686529898635 0.23161262645061 0.563353321173585 0.475329899203936 0.410214309904712 0.42879800895926 0.370139023715095 0.315434471110544 0.55808425672059 0.484144262752318 0.358237881065147 0.423988731148963 0.367237279790455 0.427639657576206 0.395493429246103 0.326851567548195 0.37357650419448 0.444859473186015 0.393325284177702 0.224530805642347 0.597736024598083 0.565356921958561
0.789622981976238 0.710863802649993 0.578386968486306 0.639383868468913 0.298884430769513 0.385515818864673 0.652081296592811 0.606423019354614 0.413162279795713 0.379373158916238 1 0.775968463511917 0.763850800020184 0.7052030233644 0.580827703827525 0.598955878224536 0.702415405899639 0.695233750131053 0.783785807295786 0.712762517867723 0.189361291859635 0.0102581166493214 0.605376035933746 0.577209993073465 0.399752136911636 0.449211146929253 0.383456940976661 0.222558681476049 0.653968918798428 0.668445051592548 0.509965487680422 0.441325710181391 0.599615221186014 0.604810862690282 0.391508652066246 0.316733458662372 0.560916046747644 0.450825259007875 0.56068445187775 0.469912916191654 0.581791033610386 0.388953114605262 0.197359384913972 0.347599391245367 0.389330464014215 0.469386013048671 0.371671807682652 0.302023970320901 0.344153705884074 0.341133141071935 0.323183052991939 0.321307342524394 0.271793326616406 0.132311657923603 0.457359064760719 0.440353865388838 0.659227745699984 0.613568478872016 0.353349853903228 0.451909982202391 0.665089318896451 0.631184629013541 0.823922463205124 0.697219966466509 0.425990647897845 0.460461747106074 0.422370422046567 0.495325196730113 0.494592980620437 0.476580272049466 0.435158583883576 0.387015475957327 0.553571913533147 0.593288468921076 0.311346078002128 0.3363544557854 0.30411129224228 0.294074530068165 0.587041052761438 0.589861481595659 0.731256312165103 0.739722365595184 0.692278105944218 0.629989546586419 0.718059411081979 0.61119723260279 0.516178244207669 0.517713952809764 0.454391088089371 0.55196254038485
0.710833459944084 0.670798299453218 0.488393672879311 0.659617204859874 0.380049716371257 0.555269056417832 0.661184055703431 0.771957681503113 0.406256347811309 0.524167921214556 0.775968463511917 1 0.667744289067036 0.893788765139824 0.642085710028917 0.687721554899212 0.739801920488109 0.728486268741261 0.712753918713288 0.677435632776798 0.286876551305138 -0.0509513361819012 0.532263552635387 0.613193595996777 0.464366778853892 0.566374727738969 0.375919258003301 0.251713695732599 0.772119731920996 0.840295258597348 0.630389593592022 0.641466923369281 0.735139827882023 0.766712371301359 0.293891161269683 0.273064301536875 0.601860696969807 0.481507165880891 0.650879751917874 0.623030523887185 0.66786495937831 0.49643592758508 0.410305364318688 0.530666283069314 0.538146526537551 0.594277465719097 0.59215839826432 0.507958868134109 0.488514807666488 0.426926863357598 0.442689199136706 0.394342637436591 0.426335119709784 0.249589278365937 0.608998159735886 0.591802092176106 0.604648439733118 0.543865904553318 0.42061355870772 0.509984078447573 0.687182707287779 0.737156343292986 0.769364500716518 0.849617546114681 0.287238713202363 0.55340544956022 0.506328116705208 0.632098005788416 0.441862034500211 0.48582677712869 0.51082682508174 0.54171161019687 0.675306734408059 0.716461524185231 0.407862869338261 0.44094320771471 0.501912028162079 0.414297567431158 0.704843874605786 0.711360557646064 0.776470832883216 0.771865901815052 0.743556402738995 0.589637719985231 0.672326381016202 0.701522839306355 0.523054318396013 0.447812652438911 0.579666896465458 0.664815547283179
0.750806252246321 0.62743673026982 0.712789534850941 0.697141672381008 0.507425948022946 0.399398705813192 0.765500282339288 0.592021818010591 0.495450590956319 0.418117730339894 0.763850800020184 0.667744289067036 1 0.707266189190735 0.709728065062077 0.76260110719358 0.529328366152535 0.510021816314198 0.67925325732983 0.550034512045861 0.245995875882455 0.0392754797898658 0.728186860851827 0.721408852538224 0.509318049622707 0.524634118750487 0.502394956653605 0.306706670353819 0.488334189608029 0.511195782252657 0.531100834030082 0.502520187095262 0.615337330733719 0.57073001934588 0.540848173248064 0.440961915065288 0.551281727600688 0.460802198705974 0.586405288427469 0.459325359331254 0.601392671973287 0.364720035201013 0.28936445874049 0.406575970512942 0.43111636786565 0.454190297012432 0.411800234187631 0.384361446870168 0.370695666510373 0.359455364537412 0.371418892789388 0.32471293594688 0.275435706211578 0.0843008017087774 0.483679363391449 0.501169895598255 0.606726601763705 0.585735666103414 0.444611827802853 0.464224863246885 0.797941528972996 0.628310237322058 0.687358654042209 0.520436051939994 0.682407056549104 0.704316483575006 0.560441854909612 0.585445501889974 0.532444745557158 0.461857848025844 0.39820541545117 0.301267788970245 0.450983737936309 0.4689778630901 0.301097021914321 0.229756198393573 0.306211027959203 0.364564341182894 0.481739609493381 0.496226429490952 0.604268684607218 0.665920080372995 0.67394928634064 0.581313452049541 0.778248290196439 0.689859416921407 0.627306083363579 0.598794870097962 0.558290743184431 0.562123380763468
0.678568589317528 0.663747246885883 0.547079444033941 0.699990406802998 0.511274887790872 0.588537516000273 0.729898993748528 0.821929799280189 0.553897504855033 0.600191871976183 0.7052030233644 0.893788765139824 0.707266189190735 1 0.745219066725433 0.79607254163912 0.680810287677993 0.647397587526272 0.668828200315628 0.612618660749906 0.36058136849649 -0.00772114560443451 0.658809394975903 0.720210043114409 0.529373189955264 0.682768618012717 0.420808945795684 0.277325638174917 0.721583159217608 0.812747761810185 0.745725801890107 0.749939189044334 0.759933672110338 0.802944335656839 0.342306515633406 0.341470679345214 0.64453468216665 0.476459730507724 0.703182255381218 0.602512675535988 0.692064111530568 0.448550622411658 0.508287878552677 0.60501093247181 0.60503396172659 0.619881433735244 0.6652209068355 0.604618463361433 0.575867386607442 0.542338978551664 0.555807162327596 0.519601646449 0.584347442489012 0.372910736253673 0.686448380798425 0.670670942232099 0.59012581950677 0.526949353580296 0.509978527175909 0.569893433789796 0.697371734909081 0.749453654808891 0.717247417334404 0.800876194881741 0.345524697838717 0.63411405101785 0.584586132429108 0.687269683428324 0.516018382214093 0.477947442634379 0.585797461593865 0.626583983970503 0.687443660964076 0.713944367400959 0.460296774658969 0.473110738284727 0.529478300551749 0.513004185699956 0.705006919864644 0.723286874939097 0.758630331684714 0.776422550894774 0.762870615695565 0.616524162284184 0.673217726149604 0.735852786124647 0.612386845025597 0.521344713107957 0.652827902173991 0.723706841347467
0.552559347954531 0.507718880638513 0.643877347317877 0.64642727576547 0.705261724970733 0.602837104760425 0.825957448508641 0.741294726512346 0.78159056866882 0.681276429071144 0.580827703827525 0.642085710028917 0.709728065062077 0.745219066725433 1 0.760313911162984 0.588909823120879 0.528065258373898 0.553528524389251 0.404020569831431 0.387780873079809 0.150385407432682 0.679458198552866 0.70626011594275 0.584325953714252 0.658593128054712 0.471902980364928 0.308908464571597 0.611297456436011 0.607862596142763 0.678854999520719 0.688927998816709 0.731393197938071 0.736217737318627 0.520794581533666 0.411479314906802 0.558643265910938 0.410820221895519 0.629751999224101 0.431671445994545 0.538850012079285 0.306042394287665 0.608319083013518 0.62640166535573 0.531772686336882 0.501809544161045 0.643703251772391 0.626868035697454 0.462399121993179 0.443193503354114 0.467937835832457 0.418032403991657 0.545282042510656 0.420607016618419 0.587883591577009 0.607943428939039 0.577327820289107 0.480932869355145 0.465688217341895 0.4189413594988 0.663334190731989 0.584706472418034 0.602591419265133 0.595672011461739 0.457884022740927 0.642324964173397 0.629485298411519 0.651755084659637 0.478350408055904 0.411297559347382 0.600440771724373 0.527458957617052 0.502175701941602 0.471168675460702 0.306085556037741 0.325365429780824 0.616093864218699 0.549928348641575 0.613288195500449 0.634735788118366 0.60022392420768 0.61005359217866 0.653728482577724 0.466761853538477 0.607924001829734 0.597004653699764 0.563056632972652 0.408240240430565 0.680001007858063 0.625053497794011
0.664445446966186 0.628965500471757 0.705247704681105 0.770618995076822 0.535799587854929 0.532548389204509 0.758392036050222 0.740598323204007 0.52862292056297 0.634056445718273 0.598955878224536 0.687721554899212 0.76260110719358 0.79607254163912 0.760313911162984 1 0.574869540725775 0.541847117844538 0.61762161139987 0.524361450591732 0.306806238970528 0.146571808985883 0.726498356088231 0.807982814031613 0.605019026304039 0.683230278957456 0.545543790679864 0.398831809177963 0.475215867897844 0.590755063040286 0.661070936808517 0.617312092489128 0.727259970333714 0.740900318578196 0.572883778014969 0.567947893077286 0.633906693914022 0.44849701753193 0.629402105207077 0.612378498413464 0.620768963460689 0.30290439018151 0.435840614578085 0.531184039867637 0.546583112497664 0.537565954750866 0.512193106431244 0.511732619702193 0.458404472459597 0.478019914188915 0.481485419111724 0.452921580765157 0.427855638371356 0.232897199560805 0.596783858558452 0.632774341973845 0.597467327743499 0.58488395432759 0.502604250958116 0.51969596043881 0.734418969151973 0.713165764057996 0.639109073439543 0.678266447685155 0.596674954020878 0.771214669670234 0.679623879488763 0.708913934138717 0.574657520863699 0.448584757192047 0.472724200543816 0.408559319161152 0.462419271148793 0.531215115714112 0.396554743108589 0.327346822226405 0.457108503109775 0.546158612360543 0.540272810648611 0.590665506328009 0.625039697331087 0.725638723619809 0.705254250470152 0.606227471906364 0.723298583758586 0.763851343798907 0.600552071748953 0.616253115181323 0.634499320148327 0.708641092849191
0.814099993168926 0.841936124247103 0.680944588945132 0.753282159816118 0.41512268933291 0.398571462114592 0.659851339745849 0.684586631314262 0.363393073501465 0.384670131355103 0.702415405899639 0.739801920488109 0.529328366152535 0.680810287677993 0.588909823120879 0.574869540725775 1 0.952158435694285 0.883532806294807 0.850071562906375 0.338157682878993 -0.0656508442108482 0.611173616616304 0.645735054716929 0.64809583039842 0.672521771634769 0.569377292446797 0.460658115818343 0.830723248360261 0.843740958086263 0.677909999904023 0.619145016349763 0.847716162449748 0.832227434676783 0.510548362964815 0.474166643435368 0.751855437836999 0.651016095206002 0.767874550762427 0.704874584763844 0.647134356508774 0.499375663687982 0.467696942015744 0.629745624069203 0.695292278360549 0.771287653630062 0.648620192942483 0.586776301059995 0.617336184859208 0.614153605452737 0.548018686053566 0.546764148091064 0.397962957381243 0.172674868501554 0.734432856960111 0.716701374995321 0.891843186507499 0.83231848962037 0.58908448611404 0.643570671952879 0.732012982338141 0.688512583405376 0.874922424070459 0.841974559204992 0.45679534505261 0.49330724730817 0.683572525727133 0.72539264228445 0.687535197320236 0.794627591067769 0.47842730859807 0.491788334730073 0.623106166603887 0.681421545091882 0.406797134371814 0.411634556794648 0.44935103306095 0.463093155377013 0.826928581631997 0.844439219720595 0.911162700987056 0.86623201337719 0.825699411119354 0.724555253948315 0.79634262111872 0.727034734372797 0.627518718849968 0.6001568287585 0.673393972405243 0.758148061763588
0.811478946111803 0.846487755092984 0.638570726015092 0.710625445148939 0.338583319161591 0.323091310844308 0.607637004734686 0.631195117259834 0.307334322585802 0.330239106025767 0.695233750131053 0.728486268741261 0.510021816314198 0.647397587526272 0.528065258373898 0.541847117844538 0.952158435694285 1 0.899603546026932 0.879387472188272 0.248979958296405 -0.0618944659838488 0.584423619462329 0.59388523189235 0.572878526395021 0.601974091388278 0.513849947041738 0.423112753978937 0.796217037009134 0.839720854509013 0.608587660803884 0.545609767992853 0.791369861551194 0.775625417547661 0.468348903587624 0.401724873755354 0.70247395030922 0.626895802911922 0.703874216388038 0.689581088802881 0.57146677205747 0.475912003363418 0.382387065984623 0.550608004554067 0.628017321277054 0.720461812968404 0.564537296403155 0.491801765226332 0.548749165141229 0.556909145251508 0.467489720125646 0.488165103054891 0.327162395247687 0.133440449580373 0.678306307268533 0.661597593674974 0.877128871588411 0.856313570962291 0.545003746260101 0.619161981773844 0.711222008807167 0.674015419831009 0.885547541335422 0.852128012178542 0.427693083577418 0.41925941401729 0.614423375140331 0.640002644417175 0.668903284849303 0.760135475025814 0.423545500033635 0.439842867061765 0.556117551256978 0.655330556543745 0.342803730890242 0.361965641096541 0.380483482135072 0.415766520745913 0.772477200951483 0.81711797888444 0.867883509148256 0.834199042941412 0.772204777099729 0.68536623446293 0.751712419358411 0.676447864472188 0.560188221965443 0.582695960809075 0.623371754533332 0.721752502761504
0.920994609433545 0.908962126605773 0.77066993736824 0.815460372594118 0.374742598416779 0.31277970185303 0.698165462596361 0.662683395927124 0.342800847042351 0.356003171999082 0.783785807295786 0.712753918713288 0.67925325732983 0.668828200315628 0.553528524389251 0.61762161139987 0.883532806294807 0.899603546026932 1 0.925655803607471 0.243603375047137 -0.00232710227578183 0.73318043918785 0.698738833886778 0.602667800095767 0.602378970944191 0.591159230331466 0.450522567052982 0.696499137933091 0.740869976379276 0.618916490852421 0.541690233281725 0.780548609438381 0.743721380057399 0.550581168995891 0.45323124193069 0.748122808967782 0.68850649421996 0.725403358807813 0.702508265614972 0.592450742154218 0.518195379200592 0.333697572938821 0.533357345947775 0.649098910231029 0.734350815766283 0.53030966263396 0.476315802639969 0.579934845032533 0.602205793069464 0.528143750057662 0.555876208261951 0.313790729795952 0.0478264138108948 0.702189346430108 0.686194794144057 0.896030542548596 0.889960580129089 0.624407731333287 0.703105158022309 0.807929181309341 0.755587739403975 0.911764881422141 0.798650014589623 0.591673619056993 0.540595070787486 0.654398630047758 0.661827013850325 0.741056019775907 0.781668366372288 0.443613462726019 0.435063535288329 0.562322270435859 0.657993434611345 0.408300381630059 0.365914251584358 0.319163144054028 0.393718906878554 0.677385010260626 0.725077829661773 0.842364404112479 0.861348757843372 0.805072530375321 0.777183810873027 0.868986223892325 0.772327099597626 0.672245981316325 0.728181000657573 0.682995324575884 0.786161403700131
0.871731792124686 0.892591852402139 0.649712998707793 0.739351983245993 0.20969579973538 0.236669318244367 0.534713832128854 0.573684796776712 0.166637361743832 0.265957254572537 0.712762517867723 0.677435632776798 0.550034512045861 0.612618660749906 0.404020569831431 0.524361450591732 0.850071562906375 0.879387472188272 0.925655803607471 1 0.137317041256587 -0.104158237441639 0.585953596360941 0.596896469465881 0.49696760004453 0.523502364649881 0.519773761792824 0.406682726147843 0.632442566617672 0.701144731151232 0.494519919291951 0.435762962449164 0.658009812879167 0.650528690886849 0.41153759581673 0.383654018785791 0.672199599776916 0.660739427662583 0.627710445674245 0.649625620479678 0.538011916426369 0.490337778231396 0.188556762377658 0.408319426254235 0.574486282188149 0.687221693198397 0.425820336245969 0.358785922679549 0.520009931033726 0.552179370160938 0.461549917695841 0.505101542506724 0.235007632766919 -0.03013404905794 0.621341598515869 0.600741432152915 0.837985263638304 0.859020213736369 0.534569568462488 0.646002441164541 0.705287240634326 0.703222077267716 0.866919254785311 0.786538742161603 0.471917300875877 0.426499768477065 0.527105084796194 0.563111378593081 0.71167188056748 0.766097205867785 0.360998466022555 0.380947842065594 0.529316791979232 0.642262177568459 0.403313513025774 0.359771632904361 0.188700708178836 0.261489154904251 0.599007467420435 0.644484665534587 0.799482145190957 0.810394856156162 0.74135334333904 0.754014809624583 0.781581106759399 0.710128463437736 0.596328424570062 0.674400864136601 0.571938765827829 0.702109369885301
0.211883891623419 0.234022161083863 0.293828130294674 0.315762539348417 0.412909749852643 0.239638467536958 0.356692937821146 0.305050186033002 0.306310948410741 0.148808185969856 0.189361291859635 0.286876551305138 0.245995875882455 0.36058136849649 0.387780873079809 0.306806238970528 0.338157682878993 0.248979958296405 0.243603375047137 0.137317041256587 1 0.21878695551987 0.303460288444692 0.384516148833221 0.496645689022329 0.517589630295082 0.250561310911141 0.278136671173798 0.393048567496782 0.363480918893512 0.550930034030067 0.488763583310427 0.511581190281469 0.489087260014528 0.372898400867971 0.405221461935683 0.482215649749629 0.288755584766319 0.463708647489059 0.331744777824138 0.391730611586034 0.263859595834047 0.527290345919508 0.471204031428341 0.382291293616793 0.330787311552803 0.490080796287074 0.463081288495358 0.349229853009609 0.32597294984845 0.365614781481107 0.307384903636858 0.475526713677339 0.328521271229851 0.373350746137295 0.382236197317289 0.27951313698642 0.178670998027517 0.307709675520178 0.286937939221313 0.260687142601458 0.244034793261927 0.23546659958484 0.248758993698627 0.207751832122323 0.34735764402867 0.459861968427196 0.50925754330263 0.24032079995608 0.325735209036134 0.48849370167733 0.443411896214894 0.436193188195718 0.306845614028336 0.267901969591722 0.14653377041224 0.411404492839454 0.428438475024365 0.489245273423136 0.449556677103233 0.366474859157354 0.362628043761167 0.424877598601934 0.227808514575703 0.298410640888332 0.331259964681431 0.283840778860756 0.192389979314877 0.332323477526301 0.352930304793898
-0.0550332357699265 -0.0703312995639619 0.110577550943014 0.0373483737873219 0.118697885408644 0.154249305896491 0.148546104526508 0.0716524673443968 0.17033037101766 0.126582604218621 0.0102581166493214 -0.0509513361819012 0.0392754797898658 -0.00772114560443451 0.150385407432682 0.146571808985883 -0.0656508442108482 -0.0618944659838488 -0.00232710227578183 -0.104158237441639 0.21878695551987 1 0.150716536469393 0.116060910568578 0.0538653229489996 0.124029997305182 0.0377426140398733 0.239126230780817 -0.045512265516009 -0.050771150691991 0.169217299092494 0.0856310479571861 0.0809437622564223 0.107136943988762 0.197824338181383 0.190089015742116 0.0806858632981625 -0.057041359451717 -0.0728497694242162 -0.0650964664710165 -0.0582979792005446 0.0158849459935261 0.125749609880824 0.0719664011689581 0.00674883554238692 -0.0464583432218862 0.0297064733680464 0.0897793173390595 -0.0464763067411545 -0.00840215388238824 -0.0342012153430224 -0.0107260577429387 0.112317545739435 0.0972669024058836 -0.0210684371725194 0.0145514664449387 -0.0566663156377496 -0.0463118772545874 -0.0327072142027316 -0.0494965486681166 -0.0147422371931433 0.0162835688919707 -0.0166901083437342 0.0329595918122707 0.117598359097195 0.14723857790731 0.13368840685096 0.0978083292492321 0.0279353893507016 -0.046295577574409 0.118628841509127 0.069670325697361 -0.0549811069184468 -0.0728622902514305 -0.0918489385328244 -0.0806063884046166 0.10899957224277 0.20218441507764 0.0814886051859954 -0.00643022393902737 -0.0336650740861481 0.0229680308971706 -0.000382955890350444 -0.0175087520348171 -0.0121423523289164 -0.0125646103377293 -0.0599582211797638 -0.0490334582029309 -0.00620298721368502 0.00922652247665916
0.672065824294677 0.63466878670665 0.832100053360908 0.74692499812686 0.582972054942276 0.330664207041872 0.76223203842182 0.61637500662241 0.53104523232705 0.456340199491899 0.605376035933746 0.532263552635387 0.728186860851827 0.658809394975903 0.679458198552866 0.726498356088231 0.611173616616304 0.584423619462329 0.73318043918785 0.585953596360941 0.303460288444692 0.150716536469393 1 0.910449820198799 0.697580239705876 0.732519615828697 0.62799984165623 0.474058604536132 0.554264856702856 0.600874754429083 0.767599455904676 0.6916924170746 0.720719614147557 0.700545174387169 0.727740903633188 0.538878087696005 0.605232323433901 0.494404445655678 0.649668004409325 0.499034085256172 0.438115151082362 0.328685309188582 0.40570527805956 0.53319876631189 0.54667909214725 0.542179582442522 0.476426682920358 0.471805425568805 0.452071917196471 0.493552475359935 0.471368473389046 0.467776718117971 0.393231238121043 0.186438043675445 0.615929208719232 0.597913425345952 0.657005436095182 0.617831358398347 0.503241257640832 0.50082228434579 0.674346575966987 0.607380368446638 0.654390421221185 0.548181303002046 0.770976159721974 0.668314838793205 0.683001726346696 0.638314937375623 0.600812462095503 0.534612208185788 0.476956802100708 0.430678783067586 0.4408667869698 0.548220009760289 0.391798540938528 0.314123309877878 0.370177504220361 0.471941778524271 0.580420983043727 0.634070408587966 0.640547931797246 0.702703705788151 0.745242337415313 0.62503807499599 0.797297828932415 0.681147858832789 0.761274260212077 0.707868492647774 0.619151357545805 0.668379427994573
0.668180053309808 0.630371614680303 0.817554919697509 0.807302644644312 0.552648745832565 0.387201057005155 0.723350082674538 0.657930769520721 0.47517092637322 0.483247906200943 0.577209993073465 0.613193595996777 0.721408852538224 0.720210043114409 0.70626011594275 0.807982814031613 0.645735054716929 0.59388523189235 0.698738833886778 0.596896469465881 0.384516148833221 0.116060910568578 0.910449820198799 1 0.777370260057296 0.838457941151754 0.669072081203558 0.524338597175393 0.586519325782499 0.64371214222219 0.780471687527714 0.752276094079636 0.763068579567876 0.749791678092298 0.710852258247156 0.590845953670142 0.642709885599794 0.519746283371311 0.717173400777668 0.604501423418848 0.547096209899928 0.359687526706298 0.41802856372871 0.55270115387811 0.571435423587213 0.571866357111045 0.505593248937916 0.490261235107408 0.463530932361846 0.484198341125517 0.473415148789299 0.440264284022696 0.358434420909301 0.139867427394287 0.628718050215167 0.609682295479299 0.661248364977455 0.61609611267291 0.474591783954905 0.471648139360387 0.681223926626002 0.626587555108564 0.639961409455762 0.593044481129493 0.759752236704026 0.775482225243577 0.708364514660028 0.728607645305687 0.559578012897146 0.539605892483499 0.48203648533963 0.459763287123745 0.484804540566109 0.588749197021477 0.416441455049655 0.307125100257643 0.437302401038388 0.469402926462271 0.58891371314284 0.661113683181566 0.658747403896351 0.726609596811427 0.781980918701972 0.620984936558966 0.796773675004902 0.772817179029547 0.760084481529268 0.676356478637601 0.61892245480858 0.680352360225847
0.61252332092187 0.611489393536917 0.794256216729599 0.712750920787694 0.597182916207958 0.332050947311702 0.618453724245866 0.537640863783146 0.309301797364147 0.353050494379886 0.399752136911636 0.464366778853892 0.509318049622707 0.529373189955264 0.584325953714252 0.605019026304039 0.64809583039842 0.572878526395021 0.602667800095767 0.49696760004453 0.496645689022329 0.0538653229489996 0.697580239705876 0.777370260057296 1 0.880464518707177 0.769183488656538 0.659156055088109 0.547343174981201 0.582969243275865 0.717337440710087 0.667542881935173 0.791162932125787 0.698992739887527 0.74936428167141 0.606780455769107 0.723006223336177 0.676148241466018 0.760619947017177 0.689978801274815 0.558452200494971 0.415862735965299 0.57276503336434 0.650047152387092 0.664737499428776 0.653959985478567 0.62250897021776 0.590749947393926 0.575117161525733 0.581574063415745 0.577791877895808 0.506944045001159 0.410930301414867 0.181299434202378 0.669315268937309 0.649457859856148 0.700538958447379 0.628401612082996 0.56739203291997 0.53071786553513 0.643342583730872 0.514471868243471 0.534770636267238 0.486497423118788 0.719283553331037 0.639208839467147 0.792684222396986 0.758705641308758 0.554349155886996 0.619770002067019 0.424157081581193 0.400728839352532 0.38482286396468 0.43305567258223 0.310245814797426 0.183276101567017 0.435914558390784 0.491672201328597 0.578756314089329 0.698615263092703 0.672342810252883 0.709190080799954 0.705635703609405 0.613707492528512 0.761004542251409 0.740685057118283 0.627518124338942 0.564044540056852 0.678592789304185 0.665451842775855
