1 0.757354772549824 0.50854485854098 0.294267594465021 0.360028250542018 0.253791627576251 0.553211705424486 0.111775737744563 0.374416476430313 0.202453625980141 0.732909294974353 -0.0467856738288741 0.650588278565931 0.0766992850551581 0.397314212678905 0.218503614341894 0.399207679809228 0.332879829769546 0.661504340104282 0.47621107356002 -0.109255307981809 0.119537192607485 0.454543845892583 0.20433018958676 0.333327003434638 0.141135907418393 0.413232546858801 0.276088762882906 0.332869163200655 0.288559476988599 0.163022336851082 -4.06789764677566e-05 0.314180621686653 0.379771485563683 0.182299427373247 -0.00613018759763787 0.206561334912421 0.126868135159458 -0.0264584692257667 0.252064146783306 0.378626981831417 0.169551032155816 0.143682867560067 0.103933046876947 0.214939281274836 0.267258509633946 0.268707586933192 0.291125676843155 0.255670075264193 0.30508578911944 0.39900367210513 0.363020256179939 0.461967258395774 0.149472838391567 0.538621038284042 0.433263468157695 0.693312097990691 0.613965114167772 0.443461266514264 0.194347460508214 0.489441162329433 0.175708726842951 0.421343329842881 0.394707852019101 0.324390637066587 0.216574698451405 0.199447381959442 0.0947118260789404 0.450164778218962 0.497943516338175 0.300917870175658 0.359596963841677 0.136065369802845 0.12644627618151 0.341529993606746 -0.100365179783446 0.0492239034482113 0.0606278149021716 0.224321564153624 0.24756705132357 0.535239692019946 0.59080824954332 0.165795104738348 0.14629875738067 0.724959203852571 0.268794250904736 -0.0123539044228835 -0.0489327100868413 0.669251679099393 0.305723411419727
0.757354772549824 1 0.325752640746746 0.284604882534473 0.158673650770787 0.172222489784417 0.362003202530893 0.0957459842491353 0.214464746577263 0.152995085838956 0.656727316800043 0.0750245713890546 0.42719401437294 0.0928474704935705 0.128857589046283 0.0842584779771922 0.631615679869969 0.640848943901966 0.798971377319886 0.725050139446971 -0.084849559869556 0.0941233232594292 0.2141662262877 0.0642992262685703 0.157257805785123 0.031752072250894 0.259367891078276 0.16543648257726 0.555817045767897 0.519197292195597 0.201170863870091 0.040492435019933 0.342534356958126 0.501566817932534 0.144998070802406 0.0755897153564529 0.212746216280102 0.181733569029105 0.0437795872880641 0.226236165703843 0.390481308509863 0.257939810080239 0.192097318668203 0.178126142749686 0.338523911043593 0.390210157037994 0.365187752942195 0.406731059955555 0.419019266785021 0.478463842511192 0.421192969408544 0.43719809148261 0.54766292368216 0.189975911856374 0.573248974952873 0.48983959636532 0.811350972795229 0.778535214871326 0.421120091019033 0.330662332795757 0.292994882666759 0.0803040411109202 0.611285105213501 0.671002438192984 0.0373054713731738 0.00789153646016152 0.182555526755765 0.164258593058528 0.511060232628122 0.680342588100352 0.329415345607174 0.4245522116676 0.31311994548576 0.306903879548357 0.318904953376187 -0.0498623611904397 0.130261365950682 0.187128255301903 0.391477298460442 0.444639880366141 0.760402224792842 0.735995466448934 0.324786243822138 0.268880749686311 0.58126764578287 0.209729820884334 0.0439160989314869 -0.0188784188547682 0.474786943145541 0.345877746008218
0.50854485854098 0.325752640746746 1 0.71700014037901 0.584222928003702 0.526071992756722 0.735542154217247 0.381705761368241 0.535733716254139 0.278714315188771 0.48250869220284 -0.169068753260368 0.480478579370306 0.153283091975544 0.416242885738934 0.410627070635498 0.235350839898987 0.0671120061586256 0.515443963390863 0.274731591101886 0.182777751750323 0.277501868317912 0.818802033973284 0.652933888802303 0.682534890886931 0.632401605013305 0.542912540189305 0.50801419995745 0.185610044834429 -0.0204510682550961 0.590373393632744 0.471425142293346 0.663060658129672 0.628446695203689 0.637726448449231 0.464465937129498 0.260537664664024 0.108898040819085 0.0982561099425421 0.229017188001968 0.26452592183368 0.0521906017631567 0.383693670435547 0.346961376898657 0.341818551885308 0.315174889018162 0.374992350817421 0.338946677259178 0.2747934325023 0.194279791340399 0.3269037391712 0.264652943466607 0.367021901161579 0.132520434834002 0.429774411531585 0.3519409998434 0.329079301765165 0.329541665289965 0.336580810319454 0.151621687141821 0.264187348893309 0.157112596028597 0.161746952101555 0.185521995025934 0.66435741508419 0.504709119865314 0.67866552707949 0.552339720020685 0.137667081523411 0.319339119915301 0.350405257514716 0.466424494417155 0.273044720074401 0.141685914003477 0.335385897866 -0.0914534898953305 0.301136788330874 0.252037774609433 0.14044499272861 0.16318956820292 0.186956023750293 0.283219797917475 -0.017435715847746 -0.0361140134212187 0.539995793219492 0.249254408766675 -0.00128550753792779 -0.144712402687606 0.541423817944692 0.12441707027187
0.294267594465021 0.284604882534473 0.71700014037901 1 0.39333310946796 0.597563552517984 0.745250739160321 0.763702255127709 0.53288146235045 0.489143784474102 0.333026059284055 -0.0527441113527803 0.163933921665161 0.175326748251321 0.116760904540795 0.314108054854587 0.328952059121797 0.165750697959856 0.476565900279225 0.284344022008229 0.0570044722133698 0.319299812045707 0.542368801937868 0.545917713659265 0.351113645313701 0.483799337265269 0.373635931291663 0.282946493732104 0.295718202553035 0.226531598170287 0.515707206157442 0.499770330289452 0.574292080536781 0.680658967971783 0.492147409848682 0.4148113258212 0.000696612881756 -0.0873801268117906 -0.00620913899254972 0.153719850455873 0.14756003101947 -0.0841143344104023 0.453170099002491 0.468108746962198 0.398859689092921 0.381557537984235 0.355641695866813 0.364614430379265 0.300589587313031 0.256450913284759 0.318974977573397 0.340679798670392 0.415278743626401 0.136725079611941 0.24815752735372 0.222311245564362 0.243760216585629 0.346331193873797 0.453503178516698 0.408521240766774 0.362371321699772 0.481633331189664 0.284443462706184 0.363943551718449 0.312724293109791 0.609886029059734 0.581915258135125 0.678583016835467 0.0249899895842038 0.255760245038744 0.470654726333726 0.572448514962975 0.382994397898363 0.377586220763175 0.3468440234494 0.0472065099135577 0.232062015598536 0.309065716000549 0.217339093835595 0.185027581604738 0.169870548567857 0.161504963226359 -0.104438038155382 -0.0759694432695222 0.173299990010992 0.154545405920149 -0.219321190028419 -0.20383405763915 0.267689360678664 0.135421512713175
0.360028250542018 0.158673650770787 0.584222928003702 0.39333310946796 1 0.587140590454871 0.535111171917972 0.225058723502874 0.748267961402833 0.522386202119006 0.30075422632074 -0.278881251322834 0.411936226070918 0.123063165720296 0.477130512412014 0.531766270698174 0.0398899011338677 -0.147133465982491 0.140905832083362 0.0362466378935201 0.161448784227664 0.21134959558125 0.595848252250734 0.563095650115539 0.574566689921725 0.532221872371106 0.541675174262745 0.385747804978022 -0.115645682222226 -0.215187962502623 0.175792411886983 0.131381110793511 0.328464080556251 0.356112123807461 0.51942707584572 0.269044433303146 0.208615955646945 0.0490612764501186 0.234965411754234 0.15502137744927 0.178765291183758 0.0624647333319174 0.0954248454857027 0.0568510558599363 0.0782523578385661 0.0559373735992113 0.0921740977235701 0.04344905539338 0.0467060695102709 -0.00206924292144605 0.213636951935416 0.0950233967537537 0.153614789887267 0.0161665684066588 0.325718208100706 0.170319111239554 0.0430850979207199 0.134139041825546 0.162774716811492 -0.0106842959152362 0.236357586736037 0.227983530227122 -0.0613287963783781 0.0164505694944426 0.634685296038376 0.52304114032211 0.474811666836042 0.300152851531388 0.209730489153488 0.174403862754707 0.0314868559990968 0.217658343250089 0.0882485138661957 -0.0995798404263042 0.283801550372286 -0.241602497767721 0.156396827927564 0.0496741729999413 0.00339566946960561 -0.0462004722018646 0.0497630359244768 0.0914010071663427 -0.106587723922339 -0.0690009018699424 0.400326630932068 0.166740319072661 0.0419881959086368 -0.151630503393227 0.479885316114136 0.0923066185111042
0.253791627576251 0.172222489784417 0.526071992756722 0.597563552517984 0.587140590454871 1 0.562556130480885 0.575808167147495 0.677971998775823 0.728870994479207 0.339699377134229 -0.168617651318912 0.35453718968484 0.299794903370003 0.305229127484719 0.601982316859305 0.162350894739409 -0.119307764203103 0.214331102437028 0.0379030714412333 0.187699736106502 0.455671138744229 0.514156626667451 0.624164594049076 0.436824058211019 0.626812874244378 0.556004324299255 0.502769481199063 0.0461560983328968 -0.0576920615224661 0.275068721307544 0.361440813672597 0.371748012593121 0.490440403869277 0.445663970786764 0.346643184131726 -0.00341439748348627 -0.12066549607844 0.0636604501597332 0.181895116149492 0.257135122930754 0.0344723896805149 0.245399103013406 0.263708182509981 0.180255693133315 0.136903966026101 0.185159212581375 0.150571679985823 0.162515941045768 0.109228971276831 0.325516933821934 0.244185449746886 0.2707160520938 0.125475881612752 0.270408465435913 0.0937586285034339 0.0494183368043239 0.173274271352651 0.276919919290535 0.158142868180209 0.28918352883421 0.514688961434392 0.059871701260711 0.204534233400087 0.430053128999698 0.630605664325968 0.447697935956935 0.456077090398424 -0.0431833789036665 0.041013916534823 0.210920179025168 0.36684719848315 0.290069899349103 0.106187355135156 0.389184673761754 -0.141319498067913 0.174881601923272 0.156948916881347 0.0485911971280259 0.0328068167294319 -0.00893230961832796 0.043976765681338 -0.128930910610471 -0.153543201494436 0.206416463980186 0.138796562479445 -0.129058886625163 -0.208783790753422 0.33073471431078 0.134197813462613
0.553211705424486 0.362003202530893 0.735542154217247 0.745250739160321 0.535111171917972 0.562556130480885 1 0.680624368534432 0.680353305495036 0.493479908895746 0.575251124481052 -0.203817778649657 0.412431361723275 0.0737143037037827 0.282172706757467 0.256425797186355 0.387647118072933 0.12467009311668 0.481779021227254 0.202475388260637 -0.0263806534314834 0.318839929221642 0.530332955190704 0.406200783750889 0.405876064134562 0.356904453665869 0.468297824859132 0.260105937769232 0.392367693989433 0.181992571471211 0.331950096893459 0.24841869660945 0.511441140876495 0.624951985150678 0.379855564360359 0.205477240420941 0.0336017968380358 -0.124375960007892 -0.142664796687508 0.109746213827942 0.209012166937229 -0.0951932094638166 0.368098946544887 0.431921468068101 0.332274303854331 0.347187746392098 0.349560092564774 0.357549203036286 0.291988097766473 0.279848340800447 0.466514760664852 0.399743903968346 0.509025140535446 0.171879905827876 0.316108019301625 0.253435878588287 0.347459301916155 0.447888239232452 0.631938348633533 0.412089581128966 0.683129742011029 0.536632697212033 0.355273251835536 0.3828403256515 0.384338833787549 0.632089241552632 0.508642633214942 0.533709850228831 0.0476565118838987 0.289538471976854 0.400855354953219 0.539589496651932 0.330687604414676 0.215278004947306 0.405171225891433 -0.12681984210963 0.159491211286061 0.243568154049296 0.192365641355736 0.139088409821705 0.266536349719578 0.1939039573755 -0.178083184594009 -0.151092299471096 0.350980751428104 0.041963182525799 -0.235967058205234 -0.342310446508393 0.522880233487114 0.0920423435225138
0.111775737744563 0.0957459842491353 0.381705761368241 0.763702255127709 0.225058723502874 0.575808167147495 0.680624368534432 1 0.520330352340371 0.643234971477271 0.186809283852204 0.0682785374194939 0.0828239969192185 0.309118605146361 0.0727224527140981 0.254557569955413 0.292226515329233 0.130081919374379 0.214453488102917 0.0996515259345249 -0.0472576613070406 0.262039652678317 0.2735489230726 0.378362596517961 0.0151713947871675 0.24687305148904 0.141774164962774 0.00263158088704636 0.326047238432852 0.317757584593931 0.266493792153206 0.35272948484092 0.450154131200893 0.488791618999149 0.288224010692433 0.173089037077167 -0.134050204778713 -0.285943021090956 -0.0752365278556841 0.0226010349774836 -0.00590052426497368 -0.166838714762802 0.407616963192433 0.492937836786046 0.279449258699835 0.295552148158187 0.328208643416415 0.273674626296093 0.242404270269649 0.220853449660762 0.353643953210473 0.345510342269119 0.379691306506554 0.183631129764583 0.0968064694961536 0.0687296368144342 0.0413402308695529 0.145823536894111 0.506617435350958 0.430957514699473 0.544821534609308 0.823272364897348 0.277647885479679 0.373038166952266 0.132578127202835 0.715725952229343 0.443855670846939 0.619574219937089 -0.147226456447442 0.0369258062182379 0.408512098240025 0.470815542411966 0.330297480005189 0.268497400391287 0.30002965020699 0.0349218447844 0.156813828277627 0.315618269000331 0.215566010970232 0.149835952942727 0.0746545195981344 -0.0515249777871131 -0.213055200454399 -0.120210724666149 -0.0527483393795343 0.0362693162448989 -0.283214480567838 -0.231219748679155 0.15435970504055 0.131298952322084
0.374416476430313 0.214464746577263 0.535733716254139 0.53288146235045 0.748267961402833 0.677971998775823 0.680353305495036 0.520330352340371 1 0.746231252416288 0.292853954925814 -0.175750164389566 0.316026024872793 0.17802941840089 0.460365937438913 0.546933311741774 0.155747571092404 -0.0328702682363848 0.245387739940414 0.132592894342622 -0.0334434629242846 0.310315562968886 0.545239535290072 0.508522002936796 0.394851909315121 0.449994178131729 0.443202740296668 0.223476188018346 0.109115621628662 0.0494930526304714 0.282839478073349 0.280898475720512 0.380996142034402 0.396582326785456 0.317951280583075 0.147885994370659 0.141628003037441 -0.0234209669399796 0.154839350306409 0.155710763002873 0.206068314278995 0.0392852206094202 0.18923584157765 0.145502246369591 0.117103414636081 0.111016021727488 0.135745931715815 0.0647134977556792 0.0983800607568503 0.109588238023191 0.329235512776981 0.183365602508462 0.311723045085098 0.0813735801491298 0.307475802779603 0.159089027622854 0.175205191960619 0.191854984468202 0.295771237921266 0.11715755824173 0.392020882280073 0.444439489648133 0.0567914233550682 0.180022310943822 0.411333133902751 0.566410560568239 0.36938971077984 0.349404728715421 0.160953434588333 0.136841688469505 0.220550423259796 0.341923363204143 0.212545317836471 0.0884326221421773 0.38548023512043 -0.151248704245195 0.184727048218964 0.0852110385013165 0.0976418809984355 0.104610295956128 0.146327908586199 0.156900492063583 -0.0565839699174613 0.00815960667417606 0.292503310416023 0.129859039133413 -0.00445898152767097 -0.142015807992538 0.428251743226663 0.218356694443616
0.202453625980141 0.152995085838956 0.278714315188771 0.489143784474102 0.522386202119006 0.728870994479207 0.493479908895746 0.643234971477271 0.746231252416288 1 0.197959075060706 -0.0991297452801722 0.212979726758264 0.230941219118309 0.354517763180658 0.53857131059014 0.127259637045758 -0.0169823950270606 0.126727904905363 0.060045217434304 -0.0351814415388653 0.267711482975437 0.314176283442128 0.453347208469714 0.198882399798006 0.362252247542417 0.362834943860574 0.178044983812741 0.0516594970827256 0.05667305899918 0.111623365109801 0.138405042568202 0.230035833107635 0.32769186094031 0.19524633950122 0.0453086823542425 -0.109219341242092 -0.240745127993702 0.0756623572013197 0.00135984193655562 0.0880724140211682 -0.0164308365370487 0.128845376799836 0.151527981542726 0.0603163236143202 0.0533480981694284 0.122505675247372 0.0421735778157722 0.0891506356951552 0.106858107949703 0.277086050080142 0.215481807930094 0.284227909589686 0.159071734339362 0.21057815764621 0.0363561213511296 0.0477393981242074 0.149519042602052 0.267757134997916 0.198886756418339 0.355108988157593 0.663321984876281 0.0884231958796232 0.223189090892862 0.233937805035327 0.573649384094335 0.216334007477686 0.269494951222377 0.0636873576920332 0.0239562728852056 0.130812865601404 0.288716503059454 0.245007097853718 0.0525528742986714 0.346731012812514 -0.147981235144685 0.0747157732711858 0.0358700916768883 0.0639485246819173 0.0171745240909397 0.0579068536683777 0.00933150452937924 -0.130472498146834 -0.0310924787606589 0.104745359254856 0.0666238537671441 -0.0743297067798761 -0.169426161724327 0.269709172873539 0.183195524344902
0.732909294974353 0.656727316800043 0.48250869220284 0.333026059284055 0.30075422632074 0.339699377134229 0.575251124481052 0.186809283852204 0.292853954925814 0.197959075060706 1 -0.23840427325725 0.625883280855475 0.0382475100275497 0.198451893128042 0.146306440049173 0.530526702074363 0.233461743933399 0.70804036832166 0.35606537335278 0.0441925932494876 0.250607958347755 0.421912580041834 0.25782847594828 0.352043277971617 0.156200025190728 0.551700592058514 0.316116001570613 0.504173929564605 0.260127261018245 0.25152721844295 0.0646452986489102 0.350791291255686 0.67444101170672 0.292815208763441 0.15809401861805 -0.0917429102734237 -0.211657776074754 -0.229194223005669 -0.00141757839123753 0.362687537026605 -0.0181629089642418 0.195808168407723 0.280657899276627 0.217684208925003 0.260684493718373 0.30050980689402 0.332973728472182 0.295916234716736 0.277087467477769 0.384177633680497 0.343050917927727 0.529211120159386 0.133365909280919 0.297502824432642 0.230858975780888 0.520381161921315 0.674271647338511 0.394235748192458 0.249926123331696 0.425433317650708 0.172632219783727 0.562605936168053 0.520919611310145 0.177906441716388 0.168949312805967 0.279676545696978 0.233126508529035 0.228198427076602 0.474666840290264 0.238271109927731 0.569397795438142 0.324543780636506 0.146402069985958 0.428697389435678 -0.216045160253021 0.180119376668694 0.0852065828058849 0.31146883811162 0.15688870484536 0.457447130458596 0.42791989411858 -0.0336544418102252 -0.233878745001214 0.522199064205384 -0.142304705302905 -0.296023692540416 -0.441128387578204 0.541982539539832 -0.0710646845090876
-0.0467856738288741 0.0750245713890546 -0.169068753260368 -0.0527441113527803 -0.278881251322834 -0.168617651318912 -0.203817778649657 0.0682785374194939 -0.175750164389566 -0.0991297452801722 -0.23840427325725 1 0.168782170243578 0.638051647187828 0.232991750758808 0.247116797161007 0.00967613657126623 0.392403913831898 0.0345145487326335 0.361284419158633 -0.236499308846162 -0.195109405683078 0.00414944376892118 0.0629061844318688 -0.2391705970108 -0.165611387792546 -0.428489155823807 -0.179969395734849 0.221373631255304 0.523842023040698 0.13849057359947 0.163173853527143 0.1550141423721 -0.21434408894451 -0.153244123212703 -0.0509574387257479 0.211773312743888 0.273025631647095 0.274921319295873 0.22108046388463 0.0396921711943827 0.270840116065022 0.166986640088932 0.121181364383355 0.0965894551200711 0.0908277795484846 0.215899509036003 0.153169758271963 0.163532387982771 0.140305706369125 -0.00538850692550296 0.0927792717718157 -0.0397719736126655 0.134133352047106 0.11261817012486 0.128255045492019 0.0120842394001871 -0.276580386688605 -0.0191404362023189 -0.0259427062815341 -0.0774441863162263 0.0898987663282392 0.056652169127446 0.223343688035163 -0.141185995149433 -0.113944517425413 -0.105732052021585 -0.0932522310321478 0.0391000794660056 -0.0279494711919315 0.39616784551489 -0.0815614624241769 -0.0713529565274947 0.263966283161881 -0.136714125697796 0.364829092030453 0.12533871032664 0.263328013337881 0.061715318605964 0.396622845916126 0.15996716231817 0.213655612656152 0.460826628177651 0.584203123107303 0.05565440026713 0.520648639666379 0.206842236186048 0.634862849553812 0.0246739802270737 0.491995702767659
0.650588278565931 0.42719401437294 0.480478579370306 0.163933921665161 0.411936226070918 0.35453718968484 0.412431361723275 0.0828239969192185 0.316026024872793 0.212979726758264 0.625883280855475 0.168782170243578 1 0.481565757211046 0.68641830087781 0.507007387750122 0.251959335687721 0.136715518153596 0.408052275563028 0.291042894474021 0.00636284723534575 0.141683734953216 0.611069341026531 0.470770644994763 0.509597951285139 0.345494022527054 0.452978348510365 0.472137234020173 0.282047169928829 0.165308447903468 0.283723756133282 0.121311206325849 0.368813625609883 0.313544099551777 0.263804000152153 0.118567608563686 0.192526932813986 0.13236743031832 0.146781309684646 0.287892115951301 0.394408815803002 0.262991156611092 0.245984959043525 0.226776481858732 0.144294570202117 0.174156878139647 0.327353111880618 0.253179295207993 0.201706132426072 0.159473633231734 0.322354209515497 0.222037061413944 0.2366294405031 0.132409729257524 0.427316501001466 0.289919942008965 0.28510433560989 0.23418977763625 0.201476986313091 -0.0386298724143973 0.30245127483209 0.162634997169957 0.186823604379128 0.281810424875941 0.545619765059067 0.304184995183647 0.264163240725663 0.113043358829753 0.202251750436658 0.25774400020997 0.198544674755608 0.208138178017764 0.105033245906921 0.000546587892440729 0.234938847042053 -0.154030053693827 0.191659159835367 0.129608728215881 0.194455178588762 0.232753101286621 0.301495421946331 0.418010864077537 0.193775066233516 0.11195503487102 0.646107187336407 0.353248346136314 0.0611029382554653 0.0609507690707645 0.666032676940225 0.212419536164426
0.0766992850551581 0.0928474704935705 0.153283091975544 0.175326748251321 0.123063165720296 0.299794903370003 0.0737143037037827 0.309118605146361 0.17802941840089 0.230941219118309 0.0382475100275497 0.638051647187828 0.481565757211046 1 0.478922354969605 0.660933126320696 0.0477136397418183 0.107973616494823 0.0615093022169634 0.214509432587987 -0.0728446709584849 0.0735525518212852 0.392666005963969 0.558769089028554 0.15909850493563 0.33156658589386 0.0822796790390491 0.22458265553783 0.134837037729758 0.330117124189285 0.368660220296941 0.363906106326385 0.338909234125991 0.137076466259929 0.171516492548457 0.181280203397748 0.214338687635068 0.18521871480635 0.321249206507938 0.359646954926479 0.216486707324103 0.277646970385595 0.386129919515763 0.310926017233338 0.191108094376167 0.179771637169128 0.332447381960093 0.213423976983133 0.193328919252838 0.102372093961177 0.118642904738408 0.0667321941551498 0.00528542226556998 0.115728336113736 0.217500508173406 0.133517194138567 -0.0648860812075559 -0.209539256109243 -0.0420257206765069 -0.155403730688686 0.0149336985579885 0.274949560732543 -0.00741332910036236 0.223376492140141 0.33271781627962 0.314643991133158 0.248782463024156 0.22594407323964 -0.00183017983312759 0.0081805003392318 0.250103183941843 0.0996205125122109 0.0136728646029587 0.168204748896758 0.0565782999359778 0.0941678403293432 0.208816572460748 0.278764308639868 0.176421874313661 0.309741895220158 0.103639162339359 0.248213194063757 0.279898803885234 0.316971945039134 0.280620044168895 0.551952126712945 0.0919688615245027 0.399617112867867 0.307972896825344 0.316361089342746
0.397314212678905 0.128857589046283 0.416242885738934 0.116760904540795 0.477130512412014 0.305229127484719 0.282172706757467 0.0727224527140981 0.460365937438913 0.354517763180658 0.198451893128042 0.232991750758808 0.68641830087781 0.478922354969605 1 0.717082925979813 -0.0387420628318086 0.00821950325760325 0.13368645752162 0.147468965374348 -0.0284401697928773 0.0390340630214976 0.642580222907351 0.566444702108365 0.541862280828752 0.43135703760633 0.308472736213015 0.439460947227815 0.0190533709912804 0.0167079393593292 0.299717742573866 0.188921897660625 0.33668479016699 0.0857778751316355 0.2384457969524 0.0981682297910062 0.246058057759835 0.222596597833559 0.328768406474251 0.277639598234395 0.246013919948857 0.309658564902947 0.145373996261605 0.0600151075687967 0.0464739968948706 0.0234989319367605 0.177642475109724 0.0271433132037093 0.0632176576480467 0.0477626396655717 0.156853309233162 0.0743664535680217 0.0304143419915172 0.122198079371273 0.374827590608125 0.237588671021276 0.0926502886035393 -0.100203892582167 0.0137431223176006 -0.211788860868874 0.108763167617939 0.12966790322401 -0.116445428944575 0.00605633162107215 0.597095250338818 0.332259968100977 0.163117834125499 -0.00652546559108064 0.214326817856333 0.0583477667383226 0.127534392265907 0.0653773667198646 0.004918368977769 -0.00230200775975122 0.120452074000974 -0.0620423864032468 0.159367378549821 0.0292637873447389 0.00760298048923499 0.13519891400295 0.059108166817147 0.217878569054808 0.198510232528979 0.261442985978664 0.481875646523585 0.437068198029432 0.259716446500799 0.229192014793007 0.517687170000093 0.297315598720977
0.218503614341894 0.0842584779771922 0.410627070635498 0.314108054854587 0.531766270698174 0.601982316859305 0.256425797186355 0.254557569955413 0.546933311741774 0.53857131059014 0.146306440049173 0.247116797161007 0.507007387750122 0.660933126320696 0.717082925979813 1 -0.0717954335612983 -0.100261480752244 0.133908434462906 0.155553137166491 0.0714984307087424 0.177421679764071 0.669762819227652 0.782524313531569 0.488290871241746 0.589429917137758 0.391955188330213 0.502441130332129 -0.0726386311572896 5.97983817939271e-05 0.405695947726306 0.401564075077244 0.341781089042908 0.245157629571829 0.304449344039998 0.273049144998707 0.199735116688411 0.173260004032818 0.320305926219357 0.298697819596828 0.248147897105306 0.278858706576687 0.22532048172489 0.113807519733279 0.0855371125025224 0.0277353126242786 0.179315884911099 0.0415189297861586 0.0669688227887289 0.00345021946796888 0.0917665479483733 0.0114033152060946 0.0180765143799163 0.121202029084704 0.280335508777407 0.135838194676112 -0.0145235803005935 -0.0983749702257957 -0.109097112789542 -0.223671713591837 -0.0471078677164498 0.210781416058038 -0.149839782143205 0.0570745921484333 0.535408239008481 0.410205178124095 0.226030219239976 0.133659117345926 0.0967855728254028 0.00279239868027971 0.155135695146751 0.188090449387687 0.00858883291114949 0.0305671638646785 0.287679138755416 -0.0674569736613081 0.235468037509368 0.026459635383719 0.0246469978338505 0.13018901870206 -0.021452127423936 0.14769709460336 0.112394173491195 0.158325774765257 0.341727353732572 0.397414820084877 0.0958587527662388 0.198118742795217 0.345482119639871 0.236052323689679
0.399207679809228 0.631615679869969 0.235350839898987 0.328952059121797 0.0398899011338677 0.162350894739409 0.387647118072933 0.292226515329233 0.155747571092404 0.127259637045758 0.530526702074363 0.00967613657126623 0.251959335687721 0.0477136397418183 -0.0387420628318086 -0.0717954335612983 1 0.735716625900795 0.659497004621051 0.468607803036138 -0.0914256798255327 0.0269062774203129 0.0517979665721364 0.0240132699990713 -0.0513969682549324 -0.0123939232405698 0.132401018000265 0.0519078212355231 0.748486671865493 0.556973054209595 0.260662875685976 0.135149261459014 0.483866336442135 0.603979721013677 0.241799417742132 0.239603062261735 -0.0370068661528698 -0.0663711691860795 0.0266760378995227 0.063446589999853 0.267195745677578 0.0527797701519706 0.405358497526474 0.470318454071253 0.450760834532424 0.477104838774851 0.485765052892711 0.438699430539795 0.453075607426288 0.429916111078405 0.328959725701652 0.350580346795778 0.55908455399033 0.159601697539004 0.338946089003747 0.317351449561489 0.669253958954816 0.724821036164746 0.379340173034088 0.358840422044748 0.332242354903557 0.141839321217445 0.791794730782628 0.812279605767686 -0.0552754303657348 0.046017705954238 0.342488629382295 0.394692014486472 0.286440731422368 0.586094159584043 0.322661808223094 0.428799691687405 0.324656806814445 0.268198369505114 0.193765748532008 -0.164274198873906 0.243072491476995 0.436305020783809 0.704710118564644 0.500786021766533 0.622746473575997 0.431323156672767 0.205556333537608 0.0732580341697849 0.27259241419804 -0.0427964126245255 -0.173995585713472 -0.159517832038234 0.336381011471296 0.180901966460511
0.332879829769546 0.640848943901966 0.0671120061586256 0.165750697959856 -0.147133465982491 -0.119307764203103 0.12467009311668 0.130081919374379 -0.0328702682363848 -0.0169823950270606 0.233461743933399 0.392403913831898 0.136715518153596 0.107973616494823 0.00821950325760325 -0.100261480752244 0.735716625900795 1 0.582462114604815 0.651044728404588 -0.229481025062616 -0.191152679181658 -0.0635463275381788 -0.157316507830653 -0.189357086355977 -0.213014453123244 -0.233280744972171 -0.182196798484711 0.643522786521614 0.726746353991679 0.189551671824619 0.0620460452102649 0.388678461151095 0.276373625362012 0.0230159124500679 0.042393638336184 0.156227888675208 0.203916625320349 0.115967573793087 0.0917877364246049 0.216693367565602 0.184043333026311 0.286779499875682 0.285716274821746 0.383482933437418 0.398323347409204 0.443101731388431 0.413586661520228 0.407531922457748 0.408989622251541 0.25438192446936 0.348541740634386 0.470108674501419 0.220839105589242 0.380769433081598 0.397511996914341 0.668130561915552 0.568085075991959 0.312238419250616 0.347339093825707 0.204132289556473 0.0173828693348806 0.69509595520086 0.736877699660276 -0.194694690684202 -0.136806879484262 0.157410630418709 0.205525304096242 0.362185112647268 0.555276844840188 0.443602448974919 0.266116244973267 0.185160349930649 0.335262674572758 0.0649327261375448 0.149340650640249 0.194019882897428 0.446680343430788 0.546233104294317 0.641015110058561 0.66991023483751 0.524619664367769 0.433984859263511 0.48025973127486 0.255919818771345 0.21343115568391 0.0861017147267159 0.24603885749744 0.224940662052526 0.396851639655102
0.661504340104282 0.798971377319886 0.515443963390863 0.476565900279225 0.140905832083362 0.214331102437028 0.481779021227254 0.214453488102917 0.245387739940414 0.126727904905363 0.70804036832166 0.0345145487326335 0.408052275563028 0.0615093022169634 0.13368645752162 0.133908434462906 0.659497004621051 0.582462114604815 1 0.726065849959599 -0.0393631786581443 0.11106476914111 0.414789140704725 0.249349562968846 0.268240437305376 0.159729272923485 0.335144280573888 0.231064463724235 0.636654700222161 0.495780425523994 0.448209959646164 0.269770367491528 0.492093752346792 0.657497506265727 0.254699422175007 0.190481492878881 0.134209041482963 0.0476924551069393 -0.0245222445412561 0.139141322131159 0.288449715969044 0.124498558930842 0.296717288247176 0.285877399350473 0.352166880149063 0.373384623537693 0.397996248089111 0.371485511144212 0.362648113294382 0.325973504639876 0.266965571172462 0.270874238658458 0.522093243706976 0.113426148205614 0.391980143866759 0.360394385248122 0.755881649275204 0.708314148212547 0.31595045035685 0.236693141033767 0.197724503262221 0.0349160334133208 0.626630456128607 0.617157665699411 0.0972092227354611 0.0676949210299044 0.261662721814831 0.267529142407843 0.422966816884535 0.647747328735198 0.480249737649821 0.616841159180297 0.442671199190038 0.397455973172735 0.395786423836554 -0.0317605331400133 0.158529124207235 0.215450004988019 0.406137233403072 0.429511271076603 0.653819905611619 0.632678476391969 0.215100926326152 0.127276662252262 0.515742192135612 0.077576268045257 -0.0926693196535988 -0.0893091310000145 0.412539010607151 0.196618427718687
0.47621107356002 0.725050139446971 0.274731591101886 0.284344022008229 0.0362466378935201 0.0379030714412333 0.202475388260637 0.0996515259345249 0.132592894342622 0.060045217434304 0.35606537335278 0.361284419158633 0.291042894474021 0.214509432587987 0.147468965374348 0.155553137166491 0.468607803036138 0.651044728404588 0.726065849959599 1 -0.17845113139993 -0.0120425203694041 0.215403555233713 0.177091591786088 0.0580182156115673 0.0250945888507299 0.000363956333923762 0.00993881642261102 0.470924638780059 0.532447679280392 0.299987071661126 0.223860762496588 0.411739671015671 0.365610208498067 0.0992374890362141 0.108860065667661 0.254424012955215 0.287131988749365 0.164270593552605 0.266039056063568 0.218050594547018 0.27367770320546 0.187267289294276 0.144578954360298 0.284039689591464 0.305211972649903 0.30839430085012 0.317202750181761 0.314329511540369 0.311095301722431 0.194022516434128 0.220910460500711 0.345910829127486 0.106437823298475 0.431206754545782 0.436276521051619 0.61948292637676 0.463453927549303 0.194628152842996 0.140108174632813 0.021652200257997 -0.00809015007079109 0.455572243846995 0.549969005793135 -0.00206199159882596 -0.0453818560584175 0.135525625906193 0.134208730507033 0.61391198530566 0.671746927223296 0.382834014793609 0.317249559649219 0.233370421955379 0.364669766521615 0.305243371249443 0.0809423544116253 0.139875001347776 0.175999350187855 0.31160546303806 0.481273491857765 0.679537974214177 0.656509957228255 0.446264899994027 0.428165904590408 0.458651191618285 0.296531951994207 0.168630353001965 0.219518596830956 0.352949409496492 0.388582655151016
-0.109255307981809 -0.084849559869556 0.182777751750323 0.0570044722133698 0.161448784227664 0.187699736106502 -0.0263806534314834 -0.0472576613070406 -0.0334434629242846 -0.0351814415388653 0.0441925932494876 -0.236499308846162 0.00636284723534575 -0.0728446709584849 -0.0284401697928773 0.0714984307087424 -0.0914256798255327 -0.229481025062616 -0.0393631786581443 -0.17845113139993 1 0.345930608574792 0.16311679825185 0.16147970946239 0.328567754746721 0.291437647236432 0.294642899802076 0.381976058938408 -0.108044465960944 -0.144136812049688 0.202560978129126 0.168134256010694 0.0582504222634326 0.0744970658573717 0.131705655114744 0.105411233313402 0.00369194045014509 -0.119787016588046 0.0215674957230887 -0.105258045190506 0.0349381803702782 -0.0953195155292939 -0.141750781084607 -0.0738732706150336 -0.169756339578049 -0.151063048420899 -0.123934390571353 -0.0463362418116676 -0.143293442709321 -0.180758155140559 -0.111443953733377 -0.134734464287538 -0.0771811879523537 -0.0640917108491462 -0.0915378264903315 -0.195155055362259 -0.0768749373405214 0.00319376642400999 -0.159097712320917 -0.138224084769019 -0.146712297382927 -0.0932892491860279 -0.0869101658027914 -0.162054793323471 0.199070850575412 0.0277350987571301 0.0701556676156767 0.0330383119713481 -0.14851762417092 -0.0657305148039476 -0.0822085314165744 0.0742738034414954 -0.0576662457951707 -0.0374795593383414 -0.0042448925614632 -0.12561675387516 0.0537077635198127 -0.0581897246901943 -0.120035813239825 -0.13792521936383 -0.104727304591937 -0.113068506336349 -0.0421423557619041 -0.171330846977078 0.043557441583693 -0.18696055440813 -0.0693288945545569 -0.206784158622697 -0.0467201505005497 -0.149055591463213
0.119537192607485 0.0941233232594292 0.277501868317912 0.319299812045707 0.21134959558125 0.455671138744229 0.318839929221642 0.262039652678317 0.310315562968886 0.267711482975437 0.250607958347755 -0.195109405683078 0.141683734953216 0.0735525518212852 0.0390340630214976 0.177421679764071 0.0269062774203129 -0.191152679181658 0.11106476914111 -0.0120425203694041 0.345930608574792 1 0.270587744219126 0.251438470035745 0.341474075427822 0.319475976053523 0.47178685785331 0.316139905231248 0.0875551059600952 -0.00667461431834369 0.253989307292529 0.203820291495384 0.111432543730823 0.262322215678675 0.144356271126332 0.0655673784914972 -0.110732625553036 -0.286631050831214 -0.245187865990765 0.0381527088960283 0.113819607675093 -0.123002125844104 0.0753973374827699 0.121713900759261 0.048785921437761 0.0418769086917366 0.029403478036395 0.0905478572346692 0.0495473490655656 0.0366924475956131 0.21812459816814 0.132605786160145 0.230872618586721 0.109979731776856 -0.00300742899692864 -0.114233290428279 0.0454960479795042 0.12266883685655 0.168444606622103 0.0972837225682659 0.208705819854671 0.213380974171492 0.075779786832811 0.0547711287342937 0.131889596881795 0.236300674278956 0.139114504184706 0.177704855765934 -0.10334337604388 -0.0382312254973259 0.111469143735689 0.136726211572811 0.0931855843945202 0.179089386849515 0.214791571321976 -0.0266959143767309 -0.138113200110266 -0.0042543370899828 -0.0192677810376443 -0.0861522594059237 0.0297830044112325 0.00843887654664073 -0.239307164166434 -0.15944386575914 0.105131404233481 -0.052115846262451 -0.293536427796468 -0.253173397614731 0.0756708508192655 -0.0604023073897528
0.454543845892583 0.2141662262877 0.818802033973284 0.542368801937868 0.595848252250734 0.514156626667451 0.530332955190704 0.2735489230726 0.545239535290072 0.314176283442128 0.421912580041834 0.00414944376892118 0.611069341026531 0.392666005963969 0.642580222907351 0.669762819227652 0.0517979665721364 -0.0635463275381788 0.414789140704725 0.215403555233713 0.16311679825185 0.270587744219126 1 0.804835105088765 0.706262337553331 0.676351608592793 0.535261039383774 0.560376501382042 0.143240949347832 -0.0292425431095629 0.6753648717479 0.52275275998191 0.615393770835427 0.483405399288933 0.567517770470481 0.41278491526674 0.25997796081081 0.115735053475957 0.170478011916729 0.247479475195299 0.273028581170463 0.111420783212894 0.359910509669871 0.273427282456399 0.225166438632629 0.188437551189044 0.310683072572104 0.207791277845623 0.166173070960245 0.0543073362498148 0.185836255745186 0.0951480249649858 0.154272564946515 0.0990029215439566 0.3265048698706 0.196913887471136 0.165347526319055 0.0995159923220738 0.100741827491953 -0.0947760004586321 0.116697777444642 0.096753144683328 -0.0018308547715315 0.0475081565284076 0.672540597029137 0.438798662366628 0.51048511110516 0.373199429435824 0.080340695303011 0.135066763544467 0.352610794262567 0.41581152951232 0.165502068809869 0.137201925999277 0.268328379811703 -0.0252322614285533 0.288986623625645 0.187741940768503 0.102688809059403 0.132508827246524 0.0415059004976547 0.228535298331659 0.0507790367121684 0.0364220005978338 0.497508830772588 0.278836976417798 0.0151270552498604 -0.0194415418640275 0.483913678693961 0.114632072912571
0.20433018958676 0.0642992262685703 0.652933888802303 0.545917713659265 0.563095650115539 0.624164594049076 0.406200783750889 0.378362596517961 0.508522002936796 0.453347208469714 0.25782847594828 0.0629061844318688 0.470770644994763 0.558769089028554 0.566444702108365 0.782524313531569 0.0240132699990713 -0.157316507830653 0.249349562968846 0.177091591786088 0.16147970946239 0.251438470035745 0.804835105088765 1 0.57203861131438 0.729343132048703 0.531730587049238 0.552196261611124 -0.0260142976451499 -0.125567459297012 0.532389436383505 0.528270504136794 0.537851845238169 0.453205745903372 0.56376690772896 0.447272961582549 0.159482001635388 0.0465176621137773 0.286006144587946 0.263027519280056 0.182810693759694 0.106486703295735 0.321825587912064 0.290751336348673 0.16129719902629 0.115203226001582 0.265091307305974 0.158207105822752 0.122993766976222 -0.0208013202592781 0.0996746281081381 0.0120301130546444 0.122532568933328 0.103801115033546 0.300332034342668 0.154410793221361 -0.0160407591003919 -0.0348642447749143 -0.0538097401626759 -0.172906657165544 -0.0471262777149781 0.215782864255311 -0.124746530304159 0.0232028045413596 0.616048555076393 0.505911584046349 0.506903432705015 0.392766588066867 0.094194106973361 0.129723512646349 0.159757121621703 0.333556430244225 0.144150848756061 0.0683561872533105 0.219018384873039 -0.160363899616408 0.280074811104644 0.191612010923693 0.0939294798606877 0.0703814198327701 -0.072719281001264 0.103769437120389 0.0526269221141253 -0.00607156264229977 0.344809447039845 0.301312880204232 0.0499184471996512 0.00796409196470026 0.412564795726199 0.14199515972907
