1 0.852028858847895 0.800413352174483 0.769924451240036 0.556582123937432 0.532745763767357 0.845478308296084 0.753938700596689 0.611251947192486 0.491190676774101 0.720389469298994 0.72410799412422 0.716629894666729 0.541634764779379 0.550790033512343 0.466145907613698 0.548353058761292 0.451318344025071 0.764687968274548 0.58172079981844 0.0453347584295106 0.274087827529637 0.662374441295106 0.380575834493192 0.526023970283101 0.454042992451498 0.246395842398816 0.147210868415016 0.486158266143809 0.552569764817384 0.464556665846957 0.427029635323197 0.758788144966666 0.773121383928425 0.558619793202933 0.575052014222805 0.519758771085811 0.471344088280597 0.377404581193623 0.326215742878313 0.353194047414568 0.359391433293743 0.748203835101981 0.708822628884412 0.703738191740776 0.670995639651178 0.674734173923509 0.718474524936462 0.725538514580783 0.64854450117822 0.811758627288133 0.756832874414283 0.760077487215868 0.615181554534339 0.716637194885682 0.717541217582532 0.709122875197606 0.745784040201859 0.835568851515339 0.695692649370794 0.762505900074056 0.586256874178171 0.635547160161979 0.610577108958336 0.476352924246118 0.529817915515312 0.804381708418991 0.710535630269822 0.7642760772149 0.763730715633792 0.632136848945442 0.66373845673403 0.597354530646051 0.607867449530672 0.294650565794852 0.288953453644424 0.633552429243246 0.586392490490951 0.532943816322555 0.509862869484907 0.752218876547807 0.612019373565175 0.639392510646084 0.388876555096231 0.70357727931442 0.689373237082928 0.264512409593611 0.28773222799774 0.758123948067864 0.678840155084597
0.852028858847895 1 0.751237184044598 0.744943372651009 0.469226827739998 0.454908041267993 0.746085289538476 0.664313152466356 0.507861284101136 0.443199848094244 0.597521080065836 0.637808069708481 0.519636927074782 0.382879686186836 0.49123738614016 0.388059616203224 0.725553450641522 0.70935881055916 0.739590173516893 0.640726160559759 0.0860911321184944 0.238192571576097 0.585539749530485 0.377880363124872 0.543596817413728 0.441998956091919 0.313356798832178 0.0859887314714771 0.528150107516414 0.619950903490152 0.504015432437861 0.434072064817886 0.777373591815968 0.801049205746455 0.556963378138911 0.566872003305401 0.503675739891838 0.506476024817201 0.410508464593239 0.26432379070775 0.418050832551217 0.383364615949904 0.840204544350333 0.811607643066422 0.815311383647307 0.797707531818396 0.757705050290155 0.818212030247917 0.810276253875744 0.792242668794866 0.850981745898451 0.819777128144116 0.785609321577897 0.747069366273982 0.660635457941773 0.696934730988582 0.857722708482609 0.917408204465083 0.801019512493255 0.631833339273174 0.573178386212129 0.436378614626467 0.733867191382733 0.744398370276786 0.421270529839632 0.44645126213725 0.780867089610591 0.628751215848523 0.747393092103115 0.782006964845645 0.615723287527185 0.611857344818445 0.570673347463583 0.578086214852834 0.300268266173898 0.261046187382854 0.625059178197924 0.598898440621642 0.548791968808117 0.688045322186105 0.786593653028815 0.668855376225864 0.669146045136353 0.41684060278412 0.626063547631184 0.601463634218185 0.286686122073039 0.215118972841177 0.681689851105077 0.569643765264158
0.800413352174483 0.751237184044598 1 0.899251993642996 0.669391470519885 0.465572041149955 0.932098027463258 0.778844475087676 0.727446871968961 0.452591279838165 0.53133778008113 0.562890767539317 0.65965907953331 0.454312193663984 0.662319705170615 0.406826192043905 0.502779216297622 0.578019889792529 0.766093507834653 0.591393618870088 0.0420345327021832 0.162071588558063 0.840455928261101 0.522906484845211 0.530093575817287 0.490268282593937 0.284844244315012 0.139410517595288 0.522865026398806 0.530511063070671 0.592637239730954 0.586180235986624 0.823702600558329 0.806018534044007 0.661881999534843 0.646884948551729 0.492830520694421 0.508252876049154 0.464350511576521 0.211053849955135 0.423023370070881 0.361364256793396 0.616311879478209 0.586125040307742 0.706802878766782 0.662228026632968 0.601930477194586 0.670088602070793 0.701312889189946 0.645231522619513 0.786013705255458 0.763090281265436 0.759003828077716 0.682568436666469 0.702117179075587 0.673163269327025 0.696463152290315 0.745393610917773 0.739367455533084 0.594566147861951 0.726712367267272 0.579830824624773 0.656254111561133 0.684751323364262 0.678434092323558 0.663200287325895 0.854289454460125 0.762812226545267 0.654577168488727 0.730087700806033 0.699871888880683 0.710282252511745 0.625238026494306 0.596090263703076 0.288315096200193 0.175881820907658 0.633539944344964 0.640657477329349 0.57847659593618 0.599661250602296 0.751705902370072 0.709462924789001 0.62857909285126 0.448697142591639 0.83051442714241 0.756577835067131 0.399917082338946 0.379722587969091 0.818728197478646 0.701218098187632
0.769924451240036 0.744943372651009 0.899251993642996 1 0.70205449950819 0.621426823729738 0.873778115890354 0.904451492317188 0.742809880904896 0.580040577057536 0.60878802053338 0.698162776516438 0.646761244266882 0.634138275712602 0.644174282669113 0.498328274312021 0.510746772933241 0.493837169197121 0.680684457628712 0.562967847341521 0.028416711689936 0.212522536177183 0.780491493463961 0.553095816327208 0.506726528210362 0.514464675920445 0.235549405128079 0.19572282847326 0.538930787677196 0.617966959424182 0.585546523209803 0.677627538314868 0.79157276196615 0.881735001973288 0.595112250597956 0.599358514017785 0.461940373866478 0.471495197205952 0.410303629314078 0.189949714142418 0.38562718286939 0.313950285820243 0.635568058372883 0.586344458499579 0.651157971157751 0.631333938371335 0.629146536906847 0.669112340547075 0.685804500908884 0.631547124946668 0.816298404873306 0.759880386362482 0.782922630886377 0.618179407983921 0.709309755530053 0.685355309986866 0.637942337346504 0.717499468691086 0.725389706119224 0.65772346619842 0.757706926405241 0.75411723446999 0.618738734572832 0.689397165204925 0.564113442925698 0.737867438113536 0.779700196940332 0.777608239880845 0.615249477687053 0.723036171418615 0.730757686678391 0.749804178225456 0.605284227470049 0.611380524018398 0.269209074421615 0.229012852778669 0.694813272875159 0.644693062300828 0.549589839314548 0.559797730180851 0.747299048380802 0.627269298271869 0.54165178212411 0.307544491529168 0.718928638013727 0.788441583050208 0.308967231314287 0.264072001403551 0.807912504961659 0.774544380199178
0.556582123937432 0.469226827739998 0.669391470519885 0.70205449950819 1 0.627720578886419 0.703620611353723 0.70316997327706 0.818576129988713 0.625234596682962 0.420942987089064 0.552178381419909 0.55617185971576 0.491362903573525 0.647027130702864 0.45178533991563 0.383272591613671 0.397620577568137 0.4890063797506 0.27186401085198 -0.00525738064570484 0.0863211379723215 0.611569045665534 0.395565390133877 0.406089312228853 0.357450383984407 0.243985291690719 0.161216344828255 0.37579980692531 0.410177955914062 0.342644839919823 0.522468039813946 0.509775812992621 0.589524141025421 0.414616675721694 0.379861024465058 0.311306980436523 0.478460993649048 0.412188152593684 0.0927009555759667 0.358538899625509 0.224258858602443 0.419101853931833 0.330941423425134 0.401942983298893 0.348674968149528 0.399258346325565 0.39562694420432 0.434681043324716 0.384508040449018 0.559073154630695 0.462141495752789 0.613971018204349 0.344148598465189 0.527363420950497 0.42719521768472 0.504630498416788 0.485055842644366 0.50672790988941 0.456770676204587 0.643020764704016 0.600654530348591 0.418872878644382 0.38860787967414 0.471040159690062 0.638094688093318 0.511034370746059 0.510426296062353 0.407697162436906 0.445020350873962 0.531805767671352 0.564828495152618 0.499010432946811 0.467743222146701 0.289821806764492 0.0664466276964711 0.415261785350622 0.463420732841087 0.430360866184425 0.461017700511097 0.4855888800132 0.383886345841861 0.422891754817803 0.218058123963353 0.557020906274724 0.620964412732491 0.265683625091948 0.277710477119816 0.713728976609388 0.659795413396463
0.532745763767357 0.454908041267993 0.465572041149955 0.621426823729738 0.627720578886419 1 0.51843239042364 0.681304243827437 0.619509500181511 0.801389658201527 0.430456711098622 0.589416828521786 0.504935595126105 0.558524046830295 0.54029267490472 0.712571955016544 0.40408484678402 0.238976302688208 0.340347247952201 0.240449828659956 0.202163689155057 0.45119836842027 0.491579258565075 0.463574295180058 0.541431349283067 0.532936661341392 0.382605316227082 0.53500461764206 0.298377018660681 0.392231358635299 0.295983843974468 0.51445264870779 0.448141029735733 0.588522819809701 0.377944852983776 0.357254001314156 0.404911966367186 0.305266742847308 0.223123674830994 0.381888141868464 0.23766272659577 0.207109462684495 0.460184192851509 0.381727236960359 0.334603915059866 0.318710974480608 0.429807767395875 0.371691682544745 0.360102427170084 0.283798366473079 0.501430094059313 0.395265816030422 0.48092123432939 0.245641310372472 0.507205405834671 0.426710942418964 0.389589068131272 0.415935189765814 0.439637473981218 0.456648211616234 0.5724410939155 0.613221959918159 0.294631294416297 0.303949159159261 0.385319950107523 0.657023740858019 0.471554322013499 0.554477179300709 0.400872093295107 0.458685319197357 0.525081586034242 0.498084511274647 0.397622536753887 0.470511879369727 0.0956539834090541 0.27872528618838 0.449636361374353 0.384858305713863 0.411650698527052 0.326573808642758 0.523513367094932 0.34469997571013 0.352623555756791 0.265438881756743 0.50223687191337 0.671913666195332 0.0580749637693051 0.251395945304126 0.560573014190272 0.658188279434284
0.845478308296084 0.746085289538476 0.932098027463258 0.873778115890354 0.703620611353723 0.51843239042364 1 0.859564758962999 0.763501109977501 0.528106944340929 0.668625161506069 0.692050158896037 0.759455846425411 0.515387657476024 0.63418124713953 0.377497861472503 0.481341156497439 0.516037760249906 0.730315434907328 0.488927271846959 -0.0542673524761672 0.129456459055407 0.723430900452963 0.360768498539581 0.428997685919185 0.382837534608719 0.201905035314391 0.115419575685329 0.551020788533319 0.566623395076463 0.444654254382281 0.463823811793627 0.731640713921153 0.783802458036917 0.535780723945871 0.549067545833603 0.429138081644183 0.469866675480616 0.473813468682437 0.178799869233514 0.407023794431043 0.361610792544201 0.640051326485267 0.600177331393207 0.680830005613976 0.642111116868909 0.625073639729265 0.680769591148453 0.690192905133931 0.617605910600576 0.811953432091944 0.727848618958308 0.750694965218469 0.580560026343788 0.739944096041853 0.687217301405877 0.686668658912058 0.728781183794616 0.798527887343753 0.690248274147017 0.83679114941688 0.681077471652043 0.631058983527647 0.656570421697559 0.607506027710593 0.66948186183504 0.841444803607142 0.758154453758225 0.646625428368277 0.730341698874434 0.672956685565487 0.693592106082251 0.621866520282362 0.567609583219753 0.337047412159561 0.138828736625434 0.592357025974769 0.614025595721647 0.546643248845636 0.563946617813164 0.709229120736851 0.63796229812122 0.574830478239863 0.334940809219257 0.791244252087363 0.715002689120377 0.378621266300132 0.262579815039201 0.875533309376301 0.708056111636233
0.753938700596689 0.664313152466356 0.778844475087676 0.904451492317188 0.70316997327706 0.681304243827437 0.859564758962999 1 0.75477265068788 0.658097088850966 0.707838173632912 0.82561833437391 0.693408585141034 0.729838403145998 0.572507395934635 0.491481405750455 0.421909058161486 0.369671468203573 0.556691716528481 0.383195362133162 -0.0517655958577847 0.172455568553897 0.638217692314504 0.406351571559606 0.392055433974848 0.428397449832686 0.103843320779883 0.203435710112769 0.517855725560058 0.60507911162914 0.386566560294681 0.533116640322753 0.646343057595964 0.806586344020448 0.488619940669575 0.502588413193011 0.371728445709974 0.419868537380153 0.410945017296508 0.12959238997675 0.303441012235065 0.28799723741042 0.586580885974455 0.518017778077649 0.559861876315875 0.540637488232419 0.601516124233305 0.601659172423021 0.630950590216848 0.550517568296358 0.810420017315611 0.708171679054394 0.719761991255814 0.440547633475375 0.702649584152439 0.658896966997639 0.532524584815971 0.60067108752479 0.75304051549315 0.786765604185187 0.846324250172462 0.869433631140054 0.503061453125677 0.600644074727676 0.47311487671903 0.764397273893412 0.746162877822867 0.77478575803059 0.558886337431418 0.654061671525163 0.654386005713613 0.687050554546805 0.517883755785408 0.53020858504526 0.275079056384272 0.160739111468213 0.59841553317431 0.530798807039475 0.52532914530854 0.480860329639851 0.65636515420434 0.532752396664317 0.431727549102467 0.187631040341379 0.646174877317222 0.782653261292864 0.22596280911849 0.203394383629225 0.839863193714073 0.827129424134702
0.611251947192486 0.507861284101136 0.727446871968961 0.742809880904896 0.818576129988713 0.619509500181511 0.763501109977501 0.75477265068788 1 0.702738910391343 0.484527766244996 0.6667643450743 0.594259357764196 0.523787802671413 0.687224810802726 0.535183692793169 0.314241450750111 0.354907725768263 0.480221250202683 0.243975157131651 -0.0195511481775699 0.147448308681295 0.686620337823538 0.456540053457798 0.48047592080767 0.44178878563848 0.317145578995614 0.28360536796097 0.385332115200336 0.431420905512352 0.319221959661972 0.531260456367789 0.523479593875988 0.616813596451147 0.536669476258705 0.477100030198093 0.412846015553209 0.532263342653827 0.500292661146863 0.184669217010647 0.429742824647489 0.278039699942272 0.386324845075326 0.316971446994691 0.387726456461296 0.321625940748771 0.341758820136756 0.365021001150004 0.427764683861217 0.362453413574709 0.595823181050265 0.486803602343303 0.604034619454003 0.301506967426454 0.576958400364272 0.467488514018016 0.503889213306937 0.525360442018512 0.594634600988422 0.552082931871916 0.728089062038294 0.712915742214081 0.358979863117422 0.395188365731264 0.567471864668991 0.72366826286768 0.640683167247876 0.634082410962583 0.452280888330325 0.48239986595567 0.592613673539429 0.614964534024015 0.503586198326882 0.481691346218901 0.264702686387319 0.085659984600409 0.466386523569527 0.526308040843326 0.442805402441641 0.424687736971563 0.54574703150634 0.446423273191808 0.451526126500385 0.278362359367039 0.609708510641835 0.727813071803009 0.330693139079059 0.301544292931338 0.811661971031813 0.747627251623113
0.491190676774101 0.443199848094244 0.452591279838165 0.580040577057536 0.625234596682962 0.801389658201527 0.528106944340929 0.658097088850966 0.702738910391343 1 0.436222717275083 0.656992801159136 0.446812075914016 0.458686784860459 0.470020375193015 0.587057438442245 0.353355564013544 0.291330664830132 0.340287163499282 0.126331976970275 0.0946461235065764 0.28878511916222 0.461494678335629 0.331453962047407 0.445293010169094 0.42233985423063 0.400644443067203 0.384378242293436 0.26219849027424 0.333070813176343 0.157576959083226 0.402710942439151 0.341778713868644 0.468692501947627 0.311366091829792 0.26819902344497 0.311234578410864 0.446480147110185 0.368808614360642 0.276196289188553 0.222608185872889 0.179290458187436 0.408973485666772 0.342631581631215 0.298992042816675 0.287331566856814 0.379401892313637 0.309512861072734 0.341701260683917 0.32419165901194 0.484936229438753 0.393626994691829 0.453071677522161 0.202226454374721 0.439405136483901 0.37526678859835 0.441702846832563 0.445824108537548 0.442334717330232 0.470207276681219 0.586695435382788 0.658171138065983 0.240285055705152 0.268257128265366 0.363304454846355 0.619067275674196 0.403580687425623 0.435290561805529 0.306026319018726 0.340853114684167 0.478464934621389 0.470284447608118 0.373380973729352 0.387212873437484 0.165079395762033 0.168178675475695 0.348873660477885 0.437468581795675 0.354326894688429 0.31281807685315 0.409612360377056 0.258811136172075 0.238702581369943 0.166324335166463 0.426484861660729 0.611321750549834 0.126080371502534 0.168436831983271 0.572103870400478 0.64349619168956
0.720389469298994 0.597521080065836 0.53133778008113 0.60878802053338 0.420942987089064 0.430456711098622 0.668625161506069 0.707838173632912 0.484527766244996 0.436222717275083 1 0.80199780597663 0.738870679458671 0.660426264641458 0.422299269166878 0.34595012997247 0.46102131807122 0.333328472125476 0.507519279409775 0.452769176111095 -0.176688374496883 0.0515254116547439 0.386978859602264 0.143821809220943 0.255663476046071 0.175077710272236 0.0776527839788993 0.0539906374774914 0.635423945476964 0.666817217122928 0.245981642791199 0.246405238755682 0.471315477930657 0.625371250599875 0.228226649886851 0.309020749480448 0.172972561268825 0.258409136004074 0.330819242678985 0.124127887401244 0.321705454571642 0.309134845965789 0.564903743924666 0.554279257072233 0.510750487289738 0.496345497694188 0.581884044692191 0.552681999373906 0.535823959593758 0.426853308114698 0.603009154705296 0.495354550376625 0.534294046481366 0.282929550284635 0.661271818989181 0.571385394608651 0.436829897323775 0.481484127653281 0.674706252630189 0.61047964075668 0.68644685837202 0.635010939827993 0.554572335958108 0.571976338281134 0.17086229333314 0.369312210314228 0.531307369994465 0.500430725663943 0.44557473469373 0.506129956926126 0.495940354004006 0.533894810854124 0.450212189955854 0.458020926527938 0.367927791631804 0.170229045121344 0.41700136287106 0.43676786805637 0.540992024644826 0.409639904315972 0.562670323640982 0.477269607415288 0.455644854557508 0.154631872154165 0.488727029210276 0.476187795205972 0.332567376065961 0.0866288318506972 0.640858566055092 0.520525858672753
0.72410799412422 0.637808069708481 0.562890767539317 0.698162776516438 0.552178381419909 0.589416828521786 0.692050158896037 0.82561833437391 0.6667643450743 0.656992801159136 0.80199780597663 1 0.629083804689856 0.705669432697287 0.47178520350631 0.483616219899544 0.459930732619254 0.329672997519592 0.4605943810434 0.308684454464118 -0.121431405390571 0.13130701418392 0.484871400567277 0.297633678992748 0.367343370594389 0.359538713771686 0.163345611414606 0.189907558988249 0.509142782700454 0.617490882724571 0.233547309809707 0.374777746167213 0.454836641731763 0.671183344886987 0.392285759430648 0.410821658580045 0.317761365266008 0.401351403975472 0.41440638046478 0.207791254311133 0.336345721658522 0.261375487164681 0.550293455633572 0.482723978784495 0.442179085414435 0.400764342467859 0.501064661566778 0.485430077826593 0.513664991977538 0.427658900577606 0.688475669594123 0.564052971044001 0.609520029809754 0.238830426671924 0.652948579984773 0.563353649977937 0.485522641204541 0.54102734340784 0.716868486188091 0.750339491734712 0.783998164629965 0.84791979511826 0.408898831498051 0.481803249819905 0.315960870351628 0.597438322650376 0.622712004190367 0.647093836328766 0.505698943417398 0.528315437231043 0.504493654805877 0.547555242968258 0.461241632111916 0.45100467474101 0.30922399472748 0.1384809302133 0.461634876463099 0.461216307983198 0.49857269335704 0.39973805884265 0.568549632719704 0.381843156907047 0.393544332755683 0.168936739823324 0.466640856286291 0.638989894881243 0.2605959222782 0.119464786817833 0.719770786814821 0.684171091452472
0.716629894666729 0.519636927074782 0.65965907953331 0.646761244266882 0.55617185971576 0.504935595126105 0.759455846425411 0.693408585141034 0.594259357764196 0.446812075914016 0.738870679458671 0.629083804689856 1 0.713833153378984 0.736279642905908 0.563482350975596 0.353432102044925 0.255724518866099 0.538967566496775 0.495341025101115 -0.061830747640434 0.135333754859247 0.670657896881286 0.394591545996212 0.325190859690499 0.282072047518001 0.210115543755043 0.181886762799354 0.52522730210921 0.460149494768145 0.291451808028455 0.317234832008487 0.544114292769334 0.571783324925117 0.40738680313205 0.411980346041556 0.331317527163014 0.282580665146621 0.342549174630819 0.267178688007914 0.361875886776341 0.371030548290689 0.515321137503309 0.472448815714129 0.494490507459905 0.453503915600538 0.514282060639611 0.498598756591798 0.515813917025369 0.361392581551027 0.572521868938693 0.475739995037571 0.592240367439133 0.305765605113663 0.723909664510615 0.622088897266143 0.372518052984683 0.430339542311564 0.602362832339043 0.531440067169352 0.751448725855853 0.564260854431459 0.469952471610475 0.450348516846114 0.497807594635728 0.519514340790921 0.59797496379538 0.587942389114455 0.47208438212503 0.54306926385514 0.600318849465905 0.577248068967174 0.486373146620279 0.50127613203517 0.334494881840341 0.149793550953395 0.5095709972886 0.473361307899476 0.512831838416715 0.371828250434923 0.549886141388719 0.542872120598589 0.517998249027727 0.34680460305888 0.733993656169698 0.632961773288789 0.374703953023903 0.286461499702593 0.737887222116715 0.58390055241873
0.541634764779379 0.382879686186836 0.454312193663984 0.634138275712602 0.491362903573525 0.558524046830295 0.515387657476024 0.729838403145998 0.523787802671413 0.458686784860459 0.660426264641458 0.705669432697287 0.713833153378984 1 0.593023030470775 0.706427447039901 0.281202911069016 0.0508429150682458 0.278871317275715 0.385710443700629 0.0317206815786952 0.243277610129824 0.547022227100716 0.543618095751458 0.322648257329222 0.409953716923124 0.084470661936033 0.335757957640958 0.436566750755741 0.55104941537809 0.399385783223479 0.508831423453886 0.430358194519714 0.60705644394079 0.337458603385314 0.375334767593469 0.313283289958271 0.266003136358161 0.254183361330256 0.257427565935714 0.269407538873292 0.340594418225603 0.368318953415713 0.293065512369712 0.248378611658774 0.237067868627456 0.3733191273487 0.304977772698453 0.330582509033367 0.174205967774702 0.490507341712906 0.38452945171324 0.50190423207561 0.104796102927716 0.598174622584434 0.502522824886437 0.1544018576823 0.225761091066573 0.441782749337198 0.506235998403064 0.625192478909638 0.668839227987454 0.290012928181046 0.374929261954949 0.272072373064614 0.563199670965703 0.428770661202592 0.579421091455399 0.273806807698025 0.351207622027158 0.574198706712134 0.581428431281889 0.437380777326262 0.497083521065821 0.290611685236837 0.24805377843932 0.523775836534597 0.362599377971337 0.469804783084668 0.275750677817438 0.490596312916529 0.418269011282711 0.311164494053002 0.206941645067239 0.434793413359295 0.635045415298779 0.165886978476117 0.223055097049314 0.586722822192832 0.615836418433364
0.550790033512343 0.49123738614016 0.662319705170615 0.644174282669113 0.647027130702864 0.54029267490472 0.63418124713953 0.572507395934635 0.687224810802726 0.470020375193015 0.422299269166878 0.47178520350631 0.736279642905908 0.593023030470775 1 0.72580625919659 0.392875990503195 0.354447219745302 0.431558555565284 0.444545051263867 0.0612695454233172 0.168656434508982 0.827912107607798 0.723281902448769 0.528692521543091 0.532507801227321 0.522256700194286 0.382417690701746 0.401007882154374 0.357799778846766 0.431957188528302 0.564606008143404 0.54035498094128 0.554376000404804 0.579972412714556 0.550979875490125 0.500139644979257 0.40703712603269 0.404840136706315 0.273484082718029 0.437749681104248 0.36019868680121 0.382903171523059 0.297817765852358 0.363436839125643 0.3030559751284 0.304790482645367 0.307499583313347 0.401300463439742 0.275064533753673 0.513035620709498 0.432500088629984 0.583476534740805 0.33017171923711 0.585355030760464 0.435237087623865 0.440742022678282 0.450664024313099 0.432845422284916 0.335440403669324 0.583832909762913 0.456286607551631 0.364487172207471 0.302544266573834 0.695232206466594 0.653616369423309 0.524674097966904 0.541487124365368 0.428210061077738 0.485800056050087 0.607961352021022 0.544400348184249 0.463266403127309 0.485313709256703 0.218001708972417 0.123340071782414 0.538470235549968 0.490239679888197 0.437340408831392 0.394523825155744 0.507567528535858 0.481345543982826 0.525816275814869 0.448940118767711 0.719072469603888 0.727036789892174 0.411619061893157 0.36084796909052 0.721198877922993 0.603577756530918
0.466145907613698 0.388059616203224 0.406826192043905 0.498328274312021 0.45178533991563 0.712571955016544 0.377497861472503 0.491481405750455 0.535183692793169 0.587057438442245 0.34595012997247 0.483616219899544 0.563482350975596 0.706427447039901 0.72580625919659 1 0.328174550044851 0.129468369304631 0.209524933280528 0.330100842176134 0.342793066176499 0.45324853944412 0.648511601783736 0.75785723583162 0.627409207125697 0.697128685174233 0.504465603402417 0.621180795825249 0.264686100861832 0.358285473886397 0.461387974085771 0.600623777383144 0.444906312520526 0.517850745858794 0.521268945804946 0.498936077730295 0.569623805847475 0.400016444981504 0.243436661082336 0.560861554165275 0.326601565786632 0.364786658824359 0.354298397287526 0.275138854797794 0.220789102973565 0.194055447367215 0.277296025290705 0.224319767454257 0.264794542836373 0.136982835854754 0.38459530865518 0.325865566582143 0.450358310899759 0.16916039266 0.500863493506596 0.425522314886187 0.256580616257218 0.281830168276035 0.314839970854411 0.291285625641966 0.443533761862775 0.403693376099832 0.211626233686082 0.220694261163322 0.461688466785516 0.582725845312081 0.41629760955096 0.548102154392688 0.311069047687431 0.357220510653423 0.587699567414967 0.544909645703183 0.425634445144042 0.547318096082073 0.118127994931528 0.349183806602116 0.503145244457345 0.41428737613528 0.411068861779257 0.27094102373227 0.505643657547746 0.393454112340126 0.353969991581181 0.521898813072758 0.488673456841514 0.704179832320026 0.126846838050276 0.438677344237367 0.495464025401314 0.570097730860365
0.548353058761292 0.725553450641522 0.502779216297622 0.510746772933241 0.383272591613671 0.40408484678402 0.481341156497439 0.421909058161486 0.314241450750111 0.353355564013544 0.46102131807122 0.459930732619254 0.353432102044925 0.281202911069016 0.392875990503195 0.328174550044851 1 0.787508813059522 0.536472710617601 0.598328550578244 0.0601621483118301 0.186720372644851 0.426610967622675 0.31761055407258 0.481456904808817 0.362325730968643 0.319472642542503 0.126422937703974 0.605716827647943 0.666197843370815 0.476246834551225 0.383576753588046 0.587287701878843 0.631377686650775 0.305842834611012 0.362481748321249 0.266236806942408 0.335061648681922 0.317812224455304 0.232588331574551 0.42126935183976 0.353984242451244 0.720798183095096 0.683176345602018 0.640764865246542 0.604478007796536 0.663891874721891 0.644679739989712 0.570114300280069 0.539397822582851 0.568179540886592 0.50568710328929 0.580446453556708 0.542483677256149 0.492098950450323 0.477500185176122 0.726659670817014 0.671200809836373 0.464779324473092 0.309137247308647 0.318682073311093 0.229770541778939 0.728213623591054 0.637278542940355 0.296300134073504 0.298391366751086 0.48446372898222 0.354965571185776 0.468274255320007 0.55650484488739 0.464666745155256 0.456132817576741 0.510148770949468 0.513246802463159 0.396933848951131 0.223303024173718 0.448869168717724 0.479176679488733 0.660222264722217 0.731195809861284 0.709242733405766 0.56499596819478 0.617903825911727 0.370817380039954 0.479304232059761 0.372199974305777 0.310132929017643 0.104553090607747 0.456513351368032 0.316681818408446
0.451318344025071 0.70935881055916 0.578019889792529 0.493837169197121 0.397620577568137 0.238976302688208 0.516037760249906 0.369671468203573 0.354907725768263 0.291330664830132 0.333328472125476 0.329672997519592 0.255724518866099 0.0508429150682458 0.354447219745302 0.129468369304631 0.787508813059522 1 0.598677443142456 0.557914413944777 -0.0631169773234815 -0.0165110795413698 0.432414139347349 0.260823514701849 0.428243471434854 0.27603769354501 0.283270851597717 -0.0698406909879529 0.586491450994671 0.620693516854097 0.449076614079225 0.387028559645771 0.543355166797558 0.55487362791047 0.377434388402457 0.391481357035086 0.271493623340078 0.483895838371445 0.524716804708916 0.0711441955302397 0.425126543985193 0.326312354330212 0.631432255345864 0.620986617459634 0.673887309166784 0.673820147344141 0.598009283829664 0.630974042239105 0.605441630151373 0.629477605204569 0.536037781343409 0.55179073140511 0.541801008576038 0.627152082189412 0.490270128782948 0.470992995360979 0.778404476522811 0.755481296210852 0.452287827643717 0.229844066996452 0.266324150161376 0.158935059394515 0.746556109055373 0.693223835685096 0.349480284540368 0.271688425877161 0.466652859926499 0.285850848914076 0.4029621703257 0.482336966762083 0.388891837293915 0.39452422195437 0.511185780260952 0.46420051972496 0.387630264776446 0.107553184257727 0.366217689614834 0.517892236629345 0.586038759223321 0.84097006521985 0.677614673010783 0.677247612681435 0.628176022413296 0.390255886690124 0.51198793698896 0.362620821067032 0.476201865698999 0.226347008340585 0.453276217292536 0.302957333253019
0.764687968274548 0.739590173516893 0.766093507834653 0.680684457628712 0.4890063797506 0.340347247952201 0.730315434907328 0.556691716528481 0.480221250202683 0.340287163499282 0.507519279409775 0.4605943810434 0.538967566496775 0.278871317275715 0.431558555565284 0.209524933280528 0.536472710617601 0.598677443142456 1 0.731559898984271 -0.0535018853070173 0.0676509924572563 0.605703778348988 0.300942466011961 0.40701975251104 0.258482846172426 0.18864200921931 -0.0240721781035181 0.488693655863019 0.476236549390568 0.487576882878147 0.377606579357105 0.690854468482251 0.617495458697298 0.415313338682106 0.412414048758496 0.328745755753888 0.429924608193159 0.430837256714457 0.176962550368479 0.350409467380112 0.224062153769828 0.675271499242894 0.680801582647147 0.710327213983654 0.691008246144445 0.641083964853173 0.69677547495426 0.662514546127134 0.676292083939589 0.658680198416177 0.685081785824845 0.649679799001407 0.695315267895573 0.599497621320099 0.637301466586629 0.711595950203172 0.728085606523498 0.624000570573449 0.451310998794954 0.495223254627363 0.369143434557092 0.748334953639652 0.648967619152573 0.451080094386115 0.382755187043882 0.617830201103995 0.481026315987997 0.589873724574553 0.631384730215729 0.561539081109136 0.579339085692221 0.616871818610706 0.576680315072621 0.392211555887797 0.295475999651673 0.53561780073038 0.610732564618381 0.48302320726806 0.568887033751828 0.660883795654593 0.656761442164432 0.670627616392152 0.389956470313705 0.704909245127735 0.523214036288709 0.430464731337919 0.300509426591104 0.57721155064501 0.506721826945322
0.58172079981844 0.640726160559759 0.591393618870088 0.562967847341521 0.27186401085198 0.240449828659956 0.488927271846959 0.383195362133162 0.243975157131651 0.126331976970275 0.452769176111095 0.308684454464118 0.495341025101115 0.385710443700629 0.444545051263867 0.330100842176134 0.598328550578244 0.557914413944777 0.731559898984271 1 0.127271438426749 0.210884770199999 0.526485811997458 0.399845517556887 0.434043177605012 0.341856954996153 0.187104736918388 0.0461164152388142 0.573394877270418 0.553621819713368 0.655798045091049 0.462879804113348 0.687307666798319 0.623517083359786 0.364034870076373 0.408489894147336 0.371713850503146 0.340829717953686 0.280106290525771 0.286360963463513 0.362897937297137 0.383219267207078 0.616338250085864 0.651624599838065 0.664686740578236 0.664174655818514 0.63042250717481 0.649925594111327 0.610227672272368 0.561841424395593 0.506876661880227 0.561238360318298 0.527199011364594 0.613321371218816 0.625177220215444 0.622390869480543 0.497501612203368 0.560185784068781 0.47351042734504 0.227376236346545 0.283843324343411 0.14511629178258 0.734754683185354 0.723531580647375 0.26628314171478 0.175835619412367 0.469299057574742 0.379579420556724 0.499506585409058 0.607694935417524 0.56662482254258 0.567229349456564 0.605232911538459 0.638464736806408 0.341957870003461 0.351600431828202 0.503096437229376 0.574765575739106 0.53000342509087 0.571743753863866 0.698424952710235 0.719002974701634 0.621666316659134 0.49105466667731 0.561208427668208 0.400653597577138 0.346768138330378 0.320963615906163 0.365134988857047 0.318321031389501
0.0453347584295106 0.0860911321184944 0.0420345327021832 0.028416711689936 -0.00525738064570484 0.202163689155057 -0.0542673524761672 -0.0517655958577847 -0.0195511481775699 0.0946461235065764 -0.176688374496883 -0.121431405390571 -0.061830747640434 0.0317206815786952 0.0612695454233172 0.342793066176499 0.0601621483118301 -0.0631169773234815 -0.0535018853070173 0.127271438426749 1 0.481974073305987 0.147819544227488 0.317241233163318 0.345549900947594 0.423175133645097 0.270294537735506 0.349716908081184 -0.172290548160218 -0.101512976845212 0.248213459363934 0.300997180802099 0.206809066744585 0.125147175091687 0.248600391742512 0.158719259151869 0.328626792477892 0.0565092478665282 -0.249048118282184 0.415802778995238 -0.0221135029495853 0.138684381579577 0.0569753266556694 0.0474104510350422 0.0254477018081273 0.0314857729219819 0.0173928316789432 0.00759413999574972 0.00907387566221044 0.0149660222896448 0.0106808552545879 0.0536554320549281 0.0140477005098803 0.0820161466757433 -0.082248585849847 -0.0219571071720851 -0.00477976202977694 0.0504517357322678 0.0348524154757784 -0.00573333431478203 -0.0394651338967926 -0.104123056984495 0.00744875319107452 -0.000211438642722974 0.160131019430954 0.144832980536777 0.170342557996122 0.187644930470039 0.104897303490128 0.163377855378359 0.160258663957789 0.113390998411482 0.0182320762971633 0.115133690246878 -0.304718054011933 0.250649775945187 0.117493907230043 -0.0182265457757672 0.0227519974501498 -0.0347660731417404 0.140135792481449 0.0327563459598719 -0.0976564946755393 0.264210299716423 0.0711062376856555 0.156194811305475 -0.333848098809642 0.106742074737473 -0.0912567579177811 -0.0384756382812997
0.274087827529637 0.238192571576097 0.162071588558063 0.212522536177183 0.0863211379723215 0.45119836842027 0.129456459055407 0.172455568553897 0.147448308681295 0.28878511916222 0.0515254116547439 0.13130701418392 0.135333754859247 0.243277610129824 0.168656434508982 0.45324853944412 0.186720372644851 -0.0165110795413698 0.0676509924572563 0.210884770199999 0.481974073305987 1 0.153075233283776 0.265181225263696 0.384354543587172 0.429490739829516 0.218887537274833 0.516409700919846 0.066654980652156 0.190109396328757 0.414678708278529 0.331598314045335 0.311929982520402 0.361024860255575 0.201499204965011 0.222806340911387 0.317649391911119 -0.00539236573700807 -0.305933211559293 0.41975860062661 -0.0124481771955009 0.089306892485797 0.202179898282577 0.208833851829427 0.156558129342073 0.155398571019479 0.188458565586131 0.140405392550592 0.15834328624031 0.116889098918461 0.164866210035263 0.159413776011579 0.172213586743659 0.171785691713586 0.118226328369422 0.106929960353277 0.0758764215138526 0.167265420327479 0.201855863268015 0.142889636012011 0.0702754198254075 0.0748244018304688 0.160606234841232 0.172033117579874 0.0350504761305606 0.140821154120786 0.221520876825267 0.253654345516222 0.261263386877603 0.323327298986752 0.334375084546635 0.280460858181593 0.222481363802573 0.270714381222041 -0.100187349327951 0.284438978234038 0.257837608468466 0.0559400939635913 0.125316107823521 0.124455175436867 0.402862948724964 0.229332596950368 0.206606978133581 0.320856912953742 0.173885019538369 0.225795137066033 -0.297326597830099 0.132158310560709 0.0593405672682149 0.126729042807779
0.662374441295106 0.585539749530485 0.840455928261101 0.780491493463961 0.611569045665534 0.491579258565075 0.723430900452963 0.638217692314504 0.686620337823538 0.461494678335629 0.386978859602264 0.484871400567277 0.670657896881286 0.547022227100716 0.827912107607798 0.648511601783736 0.426610967622675 0.432414139347349 0.605703778348988 0.526485811997458 0.147819544227488 0.153075233283776 1 0.800341902133672 0.665028087712371 0.663725316381364 0.473915442971711 0.288325879070558 0.422024838656813 0.419060955358039 0.601558132177273 0.701612165773162 0.737884027463443 0.674806365067058 0.774281380384345 0.697792148997525 0.562113212567655 0.517812582997035 0.451803251617244 0.338831790284993 0.387935406085241 0.335158264623307 0.489762675873261 0.42766250733436 0.521129747302337 0.456591122952302 0.425603634255653 0.459162154497964 0.531208658944451 0.434381265529878 0.619639753606004 0.620659927344682 0.651005699845756 0.524970196391863 0.614357864299502 0.574874321439985 0.518353473419206 0.556275491229305 0.524570753645225 0.422981331956437 0.653357270070696 0.508895904544614 0.470734288646482 0.439869218781585 0.827667965837916 0.742034747102271 0.69823526302779 0.70107816978836 0.518577313226646 0.546337954823583 0.689592726570224 0.66682645195539 0.552661175548419 0.588694345981048 0.221329337964215 0.235917112716064 0.676781257678364 0.608919404439459 0.545104139362245 0.471312411175533 0.626784593860466 0.596395396876941 0.576716183195624 0.518800426242789 0.828244142542978 0.822416077385073 0.396686158296439 0.47939362621811 0.723978621385143 0.681101716771353
0.380575834493192 0.377880363124872 0.522906484845211 0.553095816327208 0.395565390133877 0.463574295180058 0.360768498539581 0.406351571559606 0.456540053457798 0.331453962047407 0.143821809220943 0.297633678992748 0.394591545996212 0.543618095751458 0.723281902448769 0.75785723583162 0.31761055407258 0.260823514701849 0.300942466011961 0.399845517556887 0.317241233163318 0.265181225263696 0.800341902133672 1 0.69073693029758 0.750650601055271 0.467378487577573 0.508308059657337 0.189167941906678 0.257584749347318 0.527352910753641 0.712948400494084 0.481063724378693 0.513386435971959 0.716648748790931 0.649479853942959 0.600278144993909 0.396716578144553 0.301646477389647 0.404338102743769 0.302581257487653 0.282225432033808 0.288798268585908 0.200350432689955 0.260232322165871 0.218019647037347 0.193842172934035 0.192681912733068 0.272535678546609 0.16159556426378 0.369764203538949 0.361022273803775 0.435460208326622 0.298197571341493 0.389402371238366 0.34290421985991 0.297163751963683 0.326080861614612 0.228943779408951 0.159400457576932 0.361923089605114 0.320549793473537 0.227417943425915 0.214495128630944 0.706078445140175 0.702488145580118 0.460375010211232 0.582806376024075 0.270814260315166 0.351045449116323 0.550277992805685 0.493988890955183 0.418470724367025 0.468347254716414 0.0636851750408354 0.248635638470873 0.579856070235701 0.418075355268113 0.397539992872305 0.31601438706034 0.483193391626449 0.446096346077961 0.392875001501418 0.496398821506396 0.572725439414115 0.745097717800902 0.29899739721548 0.460286705642661 0.443685182301505 0.497879116175335
