1 0.804862833473011 0.753488720272292 0.635942700378979 0.0989811946795478 0.254854158308813 0.738007800705868 0.645940218655788 0.460651840946478 0.16791552063505 0.728440910281088 0.696304961916803 0.711696178416093 0.571493971984097 0.499072647424948 0.32575310513955 0.729242229286423 0.749402938311992 0.875246138029831 0.760316495381094 0.435705433281731 0.141685315432463 0.596414808559472 0.544386153057381 0.354825865636684 0.206408598851401 0.293205492774666 0.336852219721596 0.5769168180216 0.432073460222095 0.238782683490252 0.129753694616552 0.704663463061164 0.67827564623491 0.423307543035835 0.451621958280045 0.569785007535842 0.451754771243776 0.484187009876967 0.583440361246479 0.513587050620497 0.387789877016378 0.640077221233378 0.62749869958178 0.453216478023801 0.613753921646081 0.622286512305623 0.645281820155155 0.429316456870366 0.333634219552717 0.531760396481504 0.336213839252221 0.505451154538735 0.335718461857978 0.626656598564133 0.564783486781521 0.900548659611189 0.873923064057668 0.795592573992504 0.670685879784689 0.810684267725596 0.402080161306131 0.799478254908812 0.663875300342992 0.504190681276134 0.572185819573374 0.681037682749767 0.629993396887175 0.769157544469731 0.733683850159929 0.246582986199729 -0.0684842799520183 -0.173275778265709 0.0163962317362167 0.231780108025765 0.214510861532116 0.0535419923817049 0.0127206636251899 0.55513356343554 0.506388409470738 0.753696320011721 0.784039512690135 0.629382072401151 0.620534963084421 0.756247128095524 0.685874113740818 0.54917286674504 0.569643261108368 0.664575679956977 0.661731568220725
0.804862833473011 1 0.653944368445773 0.494532077620754 0.0516606962283608 0.168753041463493 0.62354124495052 0.590165406020141 0.313517479560769 0.122074267909384 0.576966518730883 0.723164503596221 0.693042296895735 0.56927140543138 0.274774291993051 0.248023600438245 0.70968692283759 0.730173355802492 0.757054041069589 0.788615362270671 0.24590936099251 0.0949230929661636 0.481958722046124 0.475866771721574 0.205053283336303 0.111905291010892 0.121972799817393 0.288398974715463 0.546479024613165 0.387729308815356 0.164307585408844 -0.0232879539405222 0.639148780993173 0.64253026235589 0.302358945413388 0.407608053730052 0.488258595969758 0.338816544483324 0.438453875290934 0.564570449582563 0.403238283763595 0.193683006545575 0.522103385355198 0.533100252356788 0.341311709033702 0.544042951779147 0.525187357454983 0.56611673449977 0.305725098535198 0.204162035081998 0.407979773682914 0.232585000184315 0.473078436171402 0.245131606118768 0.545217960897096 0.464776159075191 0.800688254082891 0.926010380045751 0.596215784648006 0.545620649958427 0.616529536225442 0.290499848259473 0.673543734521083 0.639539050840203 0.450769487428412 0.519362817384392 0.574833886861947 0.604687692584208 0.742561493278035 0.746216501816177 0.075796170905228 -0.167153768816391 -0.155054538123524 0.151498843817147 0.194162660191392 0.253648787535462 -0.107638961563866 -0.0372700704231356 0.481620574093523 0.453834715794409 0.704930881068878 0.799783996444628 0.735042981113842 0.620471908482524 0.673850622900564 0.731647345382132 0.351411164233844 0.521191536674093 0.456111943291878 0.545267291588279
0.753488720272292 0.653944368445773 1 0.598872824481348 0.0828311579929259 0.126449917254458 0.896003571024124 0.611882257923231 0.432146880997322 0.110323815759819 0.539258631244697 0.458232165447912 0.658939690582128 0.39879938112759 0.540957949893835 0.213402951087727 0.566717871416793 0.55964598881023 0.715456757298235 0.586979168957763 0.399288262846536 0.0493640798428893 0.626025829706705 0.494360594802159 0.357546677004735 0.137356459819799 0.262011320271636 0.226199070590831 0.452444700339102 0.248473109030754 0.302308016139123 0.0755936939669799 0.698040839030271 0.639142818087019 0.591363977154901 0.547829030916943 0.531308331471106 0.365505037090337 0.426715993470044 0.475480795354561 0.347735125722664 0.169199096414265 0.623028814808647 0.628648044764933 0.539141504789703 0.626606414533528 0.623835638110702 0.63608826387386 0.471827749966312 0.384117709325334 0.543821817487714 0.42185106576024 0.463282389688963 0.340554110486514 0.605100137976028 0.554321832379861 0.750135416498896 0.717417315179602 0.621744952907075 0.50621280478093 0.648551673390173 0.385814157090516 0.53863237651196 0.464624299063275 0.659492625934586 0.633373534315478 0.75850078710558 0.65612282825145 0.717057742643296 0.685133806069854 0.331777951814106 -0.029109933334006 -0.19825087845593 -0.134817197349953 0.164303227373058 0.154575826755752 0.200037587012724 0.161175962498662 0.528201070198271 0.520136616061827 0.624599333630252 0.637463396829474 0.521014795206672 0.388181845244928 0.624673799512378 0.588335777306579 0.496527953451523 0.36445928715359 0.539653166032723 0.559641931884828
0.635942700378979 0.494532077620754 0.598872824481348 1 0.419933253539946 0.645284987785961 0.682659993151195 0.900493837877583 0.634020134778775 0.490668885505377 0.433930081564871 0.561101966172555 0.514705673639861 0.643246979314383 0.607237480575882 0.71812494323285 0.61435596394007 0.656185125969253 0.579695545519343 0.522347944084072 0.680045842923428 0.498242260462852 0.576185597007945 0.735174491365719 0.692534824175256 0.629490607475888 0.463879913446742 0.608938507109191 0.558744087279755 0.713793536066853 0.617014034358906 0.619167518545965 0.649710089406761 0.657994725101814 0.482138822443967 0.492113216607287 0.54290989524483 0.632682214360713 0.560832215704663 0.685825077259568 0.174520176305189 0.435660693951437 0.599016456179487 0.605441945331376 0.443906185442081 0.558991027270259 0.577022478697742 0.559105838304332 0.397038730887671 0.318339112795781 0.443271646399147 0.358920612901292 0.414096897271466 0.359326889995346 0.575581567013246 0.562759630044989 0.631556242816205 0.591206837342773 0.548653141064402 0.509025416814586 0.627891057668357 0.647766163305339 0.644011203329612 0.717401723407384 0.471442479364083 0.603817096395088 0.618687554683284 0.619071685258385 0.618475858551243 0.600710311445107 0.407287999271164 0.383236525523588 -0.0583218563657659 0.336526159698986 0.20094075277016 0.398144174567288 0.375525864018474 0.325822990396751 0.589234254603183 0.524361558911209 0.589938624669964 0.570290067926392 0.386515071105526 0.670326797501665 0.520944339771267 0.553983737675327 0.501205054850496 0.648031683085142 0.494132544276014 0.683487021915948
0.0989811946795478 0.0516606962283608 0.0828311579929259 0.419933253539946 1 0.420834925062502 0.223247504494058 0.389654834245185 0.439343521490164 0.41737769197571 0.153903142779787 0.166891176381281 0.184632312913245 0.319706924395306 0.361125350690929 0.504034211388348 0.204525693257698 0.210498440272357 0.11948783879803 0.133215124344274 0.408800158829427 0.2804142166232 0.260011732122355 0.316919868172444 0.433210588232435 0.455405389382259 0.218040101216654 0.239021206383942 0.265997296742227 0.426229925499243 0.45108130114579 0.450245716766744 0.211766081058612 0.227019804138915 0.113150522330134 0.147475090815724 0.279921994584263 0.264134390373442 0.362472179673635 0.364165051247259 -0.0609005493076907 0.197013056078639 0.224375921694709 0.20747673490489 0.154302518453916 0.171165640557428 0.19897993817154 0.171803509385357 0.10841820012569 0.0655882533461088 0.10758334494286 0.0523869067558039 0.095104131347271 0.0304510312395942 0.222158173640766 0.243881297574704 0.103390870219566 0.105711795162501 0.0918239180043968 0.109156457726661 0.261609044169808 0.327392639951223 0.227789751998525 0.258858152975378 0.189180460703018 0.119016197335754 0.147223835334895 0.142452735630069 0.147851978679167 0.152731834353561 0.191888972933668 0.346018907495571 0.11708786398297 0.332228005525722 0.135433846426098 0.260665784720283 0.264777581992209 0.257146526833361 0.199623322668098 0.163022574331505 0.143813306182565 0.0814685968534357 0.104948922654311 0.296561486463371 0.0790852995879149 0.0255087179827367 0.21011766617865 0.340022935628774 0.131445698342595 0.22450783455554
0.254854158308813 0.168753041463493 0.126449917254458 0.645284987785961 0.420834925062502 1 0.241224497702316 0.566481531792625 0.654506848895696 0.783601469761265 0.144968416864811 0.308695323491537 0.202127249461655 0.48549952036328 0.374811577226035 0.826095685916783 0.32419669515569 0.336129497694538 0.167113136018516 0.188779849594178 0.519545757517899 0.678276978209839 0.268123652139417 0.661754659881805 0.727068253263357 0.881807786612358 0.418746061456219 0.685274412220296 0.274670953401203 0.770078383079051 0.497036336550731 0.785209303165832 0.269353897582094 0.207999850762539 0.0973690471599596 0.171892747021977 0.277449865981637 0.542732937861358 0.388781657170561 0.643169260261582 -0.0339902314515313 0.426107222304017 0.20652490890097 0.210133808943958 0.139372449187577 0.172591349040807 0.169699081983444 0.147499341602748 0.161186617251135 0.093953235232234 0.184053380057785 0.121976067966556 0.158675744353391 0.0923826776152674 0.28220427544058 0.310534232779757 0.210694582740698 0.199921502816452 0.244015423737055 0.278243859618454 0.308981523049828 0.365841453790927 0.352406667728718 0.42937223318419 0.0856365216724815 0.134917090661512 0.166626128487482 0.16857477988149 0.162240328769806 0.212646126380004 0.299620811628199 0.620874792027441 -0.0427429387997528 0.513717640624989 0.109674915982161 0.411442907971225 0.310191850708114 0.282594391993324 0.291919857244003 0.233328535064894 0.224547598731299 0.198593093009453 -0.0225420400771188 0.634937908335235 0.137303379690954 0.155622263803288 0.139551901021641 0.628982557430426 0.187708539832057 0.451831354818759
0.738007800705868 0.62354124495052 0.896003571024124 0.682659993151195 0.223247504494058 0.241224497702316 1 0.753341126388561 0.59615349158557 0.228954746721012 0.561184750264932 0.548846768396888 0.744460021727825 0.542887247003533 0.639145005317774 0.363170442125068 0.611376471754567 0.583630998689308 0.687743181933974 0.586115165042629 0.448224155402941 0.118369560853944 0.676339751036959 0.530175548563499 0.404499974812466 0.251829874136007 0.297059135036721 0.24426853997488 0.531738617258298 0.390741034182583 0.438575099384054 0.20586632940414 0.757803807544801 0.685861074050738 0.579734797508811 0.529541868336705 0.5675452873413 0.378272427189104 0.490119941497801 0.507067011638663 0.292582617192418 0.235825756299202 0.692480895844904 0.69088558019399 0.618738366203261 0.664265240518784 0.709773140772562 0.719746655322046 0.549296229314882 0.447001223354381 0.592283071308567 0.474297671043455 0.535653340333642 0.39375049447149 0.695905103675266 0.633448662941372 0.726390260043566 0.684819838802854 0.608665285101712 0.519717058075403 0.700311440708774 0.522661785923416 0.625143728576778 0.616850497280759 0.661888785037108 0.661440034731501 0.770191016879737 0.678565188204445 0.701193356772557 0.68340860696874 0.409745605129 0.0903041592490789 -0.0812646466687136 0.0370960625144636 0.180567900677258 0.283252027282931 0.333152712469525 0.30249552666247 0.615100285380379 0.539812282899054 0.629423286349196 0.635591336053738 0.526004807222423 0.456942322499898 0.668873763209606 0.628400633560903 0.527701034005443 0.473766716936755 0.593199878340895 0.619453082983008
0.645940218655788 0.590165406020141 0.611882257923231 0.900493837877583 0.389654834245185 0.566481531792625 0.753341126388561 1 0.639865527197209 0.384229372113831 0.548930781121144 0.749646057756354 0.675774085396192 0.810814400398911 0.621430804078791 0.678962367862376 0.707940234319985 0.698481932534664 0.637413153278971 0.618263113434404 0.566971070877512 0.390418142738802 0.615318288610913 0.699408636645924 0.618489776988065 0.539464465145537 0.416972777335375 0.518456890505658 0.684004318392972 0.744172195680488 0.672169026675838 0.572737235979292 0.741479376875087 0.743172734990398 0.459554158567192 0.4969003398648 0.564387907190739 0.575868894162956 0.59350067387748 0.66613400013683 0.22689869246571 0.389194279014935 0.646174971753694 0.651361375935183 0.428301933787402 0.529299827064432 0.61135754719147 0.601990720482908 0.35787044161539 0.242038692231365 0.403955673776775 0.293203774395971 0.433973705200175 0.332842967141572 0.607176720669871 0.554653893766195 0.630157924668912 0.610339287207619 0.489204745992321 0.437109583309412 0.679331175246728 0.672587585006624 0.714706750524786 0.840145830298208 0.490887446071299 0.611242434587023 0.629900596103532 0.647630823920323 0.639810307435432 0.594017027522824 0.416949438966045 0.330200723983608 0.0524721931760931 0.396718895386871 0.229600494297182 0.474357601195809 0.38849083685595 0.346774137442059 0.676023301002965 0.554806412133102 0.640289616606342 0.610702273936366 0.509753712491787 0.653763739155294 0.56776529545296 0.599046553988537 0.494724389859656 0.627542481682783 0.477138728236129 0.645467544815006
0.460651840946478 0.313517479560769 0.432146880997322 0.634020134778775 0.439343521490164 0.654506848895696 0.59615349158557 0.639865527197209 1 0.577154287750065 0.388945532617566 0.424142837259288 0.528225179055616 0.540388650947452 0.644359488332851 0.618721179284892 0.498261907660808 0.460602221859323 0.413231287803007 0.347417072835451 0.470976798695788 0.357312783142352 0.386671317811666 0.528865081370287 0.538147626616351 0.597374702351063 0.352902141879916 0.438626983066301 0.408581224339254 0.627840707628503 0.485877576055779 0.554201587461832 0.477432159867317 0.409357997230012 0.221469816591559 0.224510435328627 0.477963111973372 0.370878714872811 0.485654355601583 0.556620182128114 0.14156018324508 0.399983235191283 0.374699126917161 0.380812450375643 0.248241466955457 0.293354343447904 0.325918664118425 0.335339786253579 0.280520995718772 0.181058705795528 0.345000138819526 0.221914817040103 0.297273547019753 0.124972045280046 0.483057269534258 0.436146231707862 0.41436875556168 0.354115804874801 0.38126667479649 0.325324564452815 0.539997318795657 0.473454665714789 0.52374744351476 0.540938781833167 0.228356973724763 0.267863938961983 0.360330801462117 0.328797079519188 0.292997302799268 0.323401256871353 0.437482516879477 0.452022935868036 0.0652124200929959 0.378232429870849 0.149585121260894 0.396318108309074 0.314203017316161 0.282977547937355 0.429586814044478 0.363239108026681 0.378585396155056 0.306031948833488 0.23074879131789 0.529891217407285 0.318893138106905 0.282598146304147 0.398181338073113 0.514099853384219 0.433945731092133 0.441964131821337
0.16791552063505 0.122074267909384 0.110323815759819 0.490668885505377 0.41737769197571 0.783601469761265 0.228954746721012 0.384229372113831 0.577154287750065 1 0.0882590772757451 0.165649296052663 0.134239519376645 0.353847903185742 0.401476955060005 0.770653268040621 0.110912917870673 0.148425694782217 0.100810505379039 0.108742916771384 0.366519879449025 0.530960008375688 0.284183491722446 0.624793031057511 0.525923259260987 0.770118186791442 0.3784797977173 0.564496551963935 -0.00373935695284492 0.537167025920396 0.238602552838181 0.55049363084277 0.0545645513975194 -0.00520015776139701 -0.0790065940598198 -0.0960389067914443 0.157519136868358 0.378485308775887 0.170934154860513 0.503678105710594 -0.0231444569050521 0.349849759495671 0.00267397942895499 0.0335649117449653 0.0497202390964617 0.0802092360122894 0.0214302562192871 0.0117520280669188 0.0703666690991783 -0.00356669564561561 0.0703505729457261 -0.000458212725360247 0.0164868316806284 -0.103315599728505 0.10429107596553 0.165236144845987 0.0761825067455347 0.143520359243782 0.112615661331234 0.171650497293748 0.183566110000362 0.279531466587129 0.200559574552773 0.295036393310944 0.146760559607379 0.119419684439145 -0.0177578289666894 -0.0294912940152615 0.105036820417442 0.138134529109374 0.165815327807263 0.465850098971677 -0.163208948377755 0.361271906751115 0.0928071367652012 0.349485987801388 0.152459273497777 0.139106041570971 0.0311043680868498 0.0471617403294805 0.0671695539931648 0.146206491425413 -0.0489130861655813 0.539246029723424 0.129290400036563 0.119612607464853 0.0583940303243043 0.601301815756896 0.161345226226936 0.336281970464541
0.728440910281088 0.576966518730883 0.539258631244697 0.433930081564871 0.153903142779787 0.144968416864811 0.561184750264932 0.548930781121144 0.388945532617566 0.0882590772757451 1 0.697438276238923 0.846848262520238 0.685880012499417 0.613803020706007 0.345392328222837 0.658876163561151 0.578039209856063 0.775011345770599 0.649113690857504 0.295539648449039 0.0415610350477811 0.685771770042023 0.527829853873972 0.293799693338095 0.107227908837836 0.268569602589434 0.272811139707265 0.562185183105833 0.378055526474367 0.227526428466548 0.11160504091733 0.518020011694148 0.540667670518839 0.247226043369754 0.229707653725203 0.495320710973134 0.241395326106729 0.365110569648229 0.437157648008315 0.506318846062469 0.273864926094643 0.465714435207915 0.409141852767089 0.20038435746796 0.31800346739593 0.436398091908009 0.416342214795958 0.131296152067336 0.024774823588024 0.201135269001818 0.042018660932585 0.238774592950035 0.0541838356658117 0.381913400841405 0.334824078302104 0.634658731015979 0.62081585033732 0.420922564153545 0.27812602044882 0.672378420359936 0.330268218102383 0.687498218256687 0.566332162633492 0.516941198359031 0.450605044362675 0.449007393624664 0.379900465519428 0.57167019518353 0.450597769056869 0.148351807289453 -0.169706363092571 0.0181745711200274 0.073225462941624 0.129538147099543 0.280882805993378 -0.0128344347768795 -0.0987217945568647 0.506216912879288 0.398674224005204 0.631614079081976 0.624425075762911 0.61790934728359 0.47611993773766 0.675993039518223 0.48599896018818 0.54499537496515 0.433797489991531 0.469394772398248 0.424487592347621
0.696304961916803 0.723164503596221 0.458232165447912 0.561101966172555 0.166891176381281 0.308695323491537 0.548846768396888 0.749646057756354 0.424142837259288 0.165649296052663 0.697438276238923 1 0.737371503916994 0.863363522165721 0.443064877843091 0.457759229089124 0.748335993448929 0.757117826486366 0.690210954889042 0.741910706816083 0.294228087176624 0.213093638930094 0.592126492405577 0.521391669165161 0.33011445191151 0.243535849996893 0.275796810604702 0.313302490597157 0.705882623858112 0.623153120196185 0.427904184477461 0.279413542018495 0.634446448419182 0.670444019840642 0.230365135725738 0.312781921742765 0.511340303798128 0.45200694593293 0.482712986445347 0.596336403987419 0.448729059414323 0.31244086631715 0.546387528076029 0.54330536807994 0.223281337859387 0.397622470830068 0.490303670304398 0.499518455575645 0.198690320609633 0.0732272261017587 0.260956555969651 0.100270691409173 0.339964917353287 0.164748604651457 0.47663712649954 0.406919143429327 0.63193463338307 0.688452372348592 0.467098016174656 0.390756226928554 0.644703756683708 0.46437762880394 0.779206978081901 0.829695765464747 0.353445113020981 0.429853938755741 0.473630110230709 0.51109255724206 0.583135136670243 0.568706299549415 0.258576186133463 0.0747586584886476 0.109233161283051 0.333765496976574 0.262971831954748 0.397088194055302 0.0590855643804983 0.048718206230249 0.58744938738606 0.467392186895714 0.689961857493048 0.70702253258942 0.671290848967849 0.60718681327174 0.643438969346396 0.610368490034131 0.434449424261725 0.536936528095681 0.438670137617688 0.493134895576284
0.711696178416093 0.693042296895735 0.658939690582128 0.514705673639861 0.184632312913245 0.202127249461655 0.744460021727825 0.675774085396192 0.528225179055616 0.134239519376645 0.846848262520238 0.737371503916994 1 0.735928185155236 0.629728333040477 0.389240322758821 0.690506651205378 0.632865961925143 0.738020550312365 0.652426941968775 0.326378196067338 0.0451037363279068 0.702822079038671 0.54453145994371 0.341556480596599 0.153451285537727 0.267238583017229 0.272335650754034 0.595120463496569 0.425082404887772 0.337961098137979 0.138404568333312 0.640391983220592 0.620609710463304 0.350183596130014 0.358478727587797 0.569000413243778 0.291700078225295 0.464689435234137 0.471856167991432 0.433885934510333 0.242051733001408 0.571577523647219 0.535974906292899 0.329165520572472 0.445153793928446 0.559758201037302 0.537500677719314 0.28802988696046 0.171787099195159 0.364730264644897 0.214167902165104 0.397656618211572 0.129446053861758 0.532523486750236 0.462796547806169 0.653686876167349 0.68933045488827 0.450834315337382 0.356189959997489 0.712416188134492 0.467572662679861 0.691967002205648 0.658111803217713 0.586737348440513 0.556807050599188 0.570448117819821 0.514566511524345 0.595782755288381 0.533008907257119 0.257671865719024 -0.0645809491984178 0.0594283768975508 0.178619203052385 0.168482313811741 0.349774149943662 0.0761683510998064 -0.00590799278578263 0.60171015851531 0.472366452110102 0.667321276763342 0.648613303247755 0.696323930795863 0.48570533119149 0.683105756355415 0.541939303357787 0.486753879054039 0.422129390291791 0.457396271841565 0.476197647803022
0.571493971984097 0.56927140543138 0.39879938112759 0.643246979314383 0.319706924395306 0.48549952036328 0.542887247003533 0.810814400398911 0.540388650947452 0.353847903185742 0.685880012499417 0.863363522165721 0.735928185155236 1 0.583352386471368 0.714929759328673 0.69197063707687 0.641786661259103 0.62536167732378 0.649951505193959 0.456356032016575 0.306931343966229 0.661292892800705 0.70374183196824 0.524938563678597 0.452972738770705 0.372842302682958 0.454720527714218 0.666447755060979 0.741638465266306 0.555722315754507 0.527667655013826 0.596560683430118 0.606445380228077 0.246205272766197 0.350811002287126 0.51080894658683 0.434319106156777 0.514877139360034 0.592493865450616 0.295376965581128 0.355028362569038 0.500690968460526 0.490170520216149 0.200355520017202 0.339249900125519 0.440483334748213 0.420914971478169 0.169619794712959 0.0286749243201258 0.201684376714678 0.0655093751241344 0.26096121233157 0.0822514238897967 0.435934750456973 0.38449661609229 0.510143332183884 0.551911785840683 0.316015845414981 0.249689502565178 0.589978759413956 0.526720183393091 0.673337389098712 0.784034427469477 0.390137550805077 0.441350016090885 0.418169202694967 0.449996507345855 0.500573519368526 0.451001904099259 0.264806110968953 0.238639232336118 0.164387068161485 0.448265206078827 0.21014858859944 0.501826154052868 0.157238598593361 0.121529614136988 0.580678263571024 0.444313925834143 0.590460936377665 0.587967023138439 0.54245941219767 0.645040621554637 0.541352324582778 0.519577157268378 0.415438260588367 0.597942604869203 0.346152484303433 0.506808146322936
0.499072647424948 0.274774291993051 0.540957949893835 0.607237480575882 0.361125350690929 0.374811577226035 0.639145005317774 0.621430804078791 0.644359488332851 0.401476955060005 0.613803020706007 0.443064877843091 0.629728333040477 0.583352386471368 1 0.555535766307472 0.504619518717571 0.444982621208725 0.528571854938355 0.40330138610467 0.441414864436483 0.151146972955613 0.714948620936919 0.605183320010378 0.50761761287472 0.349237711392518 0.34832778111535 0.33010146506185 0.446192669632201 0.441382421363726 0.414532577537759 0.391844251286166 0.505809154567627 0.459547328192586 0.360589343183057 0.244229279117429 0.514717472074758 0.343020840227824 0.467272380465313 0.414162320962827 0.256080571611693 0.358472849434928 0.447392208571513 0.427076400525563 0.321826913551615 0.339921982604937 0.414098036304758 0.410712779633887 0.283062155919252 0.205483039352997 0.326714514893899 0.211935031669461 0.32707041023679 0.206718107935754 0.485672914619565 0.410280459915739 0.464995301106814 0.390731756487841 0.355762967722499 0.255133173600576 0.537302760327366 0.455260995429628 0.549065565338905 0.488627384018775 0.512710502073353 0.390225953501351 0.427899754131965 0.343187308573897 0.400867885741541 0.333769588494675 0.378030534835763 0.185220118564213 0.0560761454381241 0.103848007917886 0.219701013367443 0.28896058804023 0.325288387448115 0.232422302322642 0.468456684925061 0.347448221345505 0.450955683302323 0.383281091046377 0.386800673695454 0.425191652244458 0.529948017172499 0.370326857828103 0.666972781750188 0.442407806061654 0.512204186956648 0.473125679593435
0.32575310513955 0.248023600438245 0.213402951087727 0.71812494323285 0.504034211388348 0.826095685916783 0.363170442125068 0.678962367862376 0.618721179284892 0.770653268040621 0.345392328222837 0.457759229089124 0.389240322758821 0.714929759328673 0.555535766307472 1 0.409890688352578 0.394444314059027 0.320468861177773 0.314702920010333 0.593366060870924 0.623480967464992 0.533815758263744 0.833473891475442 0.754337877363658 0.84255098022191 0.487252569215539 0.702808963962842 0.36774540767105 0.800616215884971 0.553243341503416 0.78638057273425 0.345687479026663 0.315866619012607 0.202115665856146 0.250575696715062 0.386527102029109 0.540085078218839 0.442875849932866 0.666117392468295 0.0857509982293494 0.454453339742293 0.289589936203528 0.289421469592508 0.165534434363457 0.239824187028615 0.252246443673421 0.227263278942787 0.157463075228813 0.0643009840304614 0.158163222460898 0.0784628709489323 0.145456857650447 0.035129958201686 0.289970445682616 0.321987841512697 0.272701118434712 0.291463810066967 0.192507825400108 0.199662054351811 0.375674415143478 0.482636387109843 0.425236697218937 0.53947993420862 0.352546096247731 0.355514113943747 0.251179297508474 0.244090824201853 0.296701564161657 0.265643412258482 0.268105976788642 0.520288724234727 0.00194741688349881 0.500867986530572 0.155521560650287 0.471337589378831 0.267449780633822 0.205133729392132 0.368065444729745 0.315271386769659 0.33282834013749 0.339147387633364 0.173597167947274 0.691235744737439 0.328605908613556 0.289952591808407 0.294111892339237 0.711886647504064 0.258660715536875 0.506247743144806
0.729242229286423 0.70968692283759 0.566717871416793 0.61435596394007 0.204525693257698 0.32419669515569 0.611376471754567 0.707940234319985 0.498261907660808 0.110912917870673 0.658876163561151 0.748335993448929 0.690506651205378 0.69197063707687 0.504619518717571 0.409890688352578 1 0.917925826943807 0.793115003839503 0.80917256685188 0.434088676260389 0.237633656015224 0.583733416185813 0.51352974877542 0.427435356664361 0.267273925484059 0.357102055137399 0.335621992634953 0.890962350261334 0.687340062262273 0.579153480674798 0.356342939501148 0.827386865013913 0.828710288312753 0.438720885634765 0.447502350944573 0.610024374592569 0.497516331486964 0.628013591727448 0.614891108600641 0.418333580924407 0.410962604415839 0.681416510644046 0.668485143354687 0.42116800986821 0.546555150779895 0.635645147430451 0.624607239819001 0.322931718333891 0.218925330781218 0.353439825286519 0.216777813410297 0.414683178029998 0.325528466217033 0.590023063228195 0.481757262963248 0.795646798685307 0.740936031521504 0.520411506634086 0.401794752556788 0.625417098724669 0.438438619856609 0.817006163300703 0.738648192517072 0.384956108828044 0.445492205578697 0.627236783324605 0.636784904773023 0.684074848669675 0.688404112717115 0.336057906661487 0.0949346683631396 0.136450434338137 0.314949134113359 0.307690928405092 0.344802902187175 0.223423595217256 0.181233953151213 0.842157396208032 0.749865833686435 0.865031239605911 0.744443782802814 0.686943723219879 0.605529453807938 0.616113577711396 0.560853073129952 0.5353976461279 0.4959265986722 0.430048771297783 0.532333238447815
0.749402938311992 0.730173355802492 0.55964598881023 0.656185125969253 0.210498440272357 0.336129497694538 0.583630998689308 0.698481932534664 0.460602221859323 0.148425694782217 0.578039209856063 0.757117826486366 0.632865961925143 0.641786661259103 0.444982621208725 0.394444314059027 0.917925826943807 1 0.785112743805708 0.826008266727973 0.427196481135819 0.293690361424886 0.54509128454207 0.478740342736962 0.390386392840627 0.25318308233879 0.348929435931117 0.302888910961993 0.817693859924924 0.672154835172052 0.504306391992482 0.282406418947157 0.806092151472926 0.835061538842082 0.393600009438409 0.424932310102356 0.571993020362073 0.53732233121552 0.586793988944406 0.631934872956618 0.442070094381108 0.389030682839815 0.671578702429222 0.677141813888598 0.403757265628196 0.546920554544591 0.624179870425808 0.618391948645576 0.297377792050174 0.18788164189708 0.334988824738534 0.201609144527609 0.380400564934817 0.297194474222562 0.54915681317525 0.466723202670565 0.830074996198611 0.798750921755953 0.599086602411133 0.489455550795437 0.656763183580918 0.448867704257612 0.866261583452416 0.786167811799493 0.352045258741364 0.456988723144425 0.637505013353007 0.662063263133197 0.721874520573718 0.760818436867115 0.325273171204302 0.0776824309059184 0.0664762737935558 0.267705747208473 0.327241971726362 0.27802268387326 0.147892086298286 0.113683067713294 0.784259041985799 0.742921410572082 0.864131934145109 0.778033121037434 0.653455676567671 0.628258271244294 0.621725348084554 0.577016745511526 0.499925533278418 0.517336008157978 0.463840502488877 0.546797171457421
0.875246138029831 0.757054041069589 0.715456757298235 0.579695545519343 0.11948783879803 0.167113136018516 0.687743181933974 0.637413153278971 0.413231287803007 0.100810505379039 0.775011345770599 0.690210954889042 0.738020550312365 0.62536167732378 0.528571854938355 0.320468861177773 0.793115003839503 0.785112743805708 1 0.862824836125304 0.383855554702219 0.0825282967209578 0.69955598120712 0.550368661970999 0.296311552429488 0.122456117223795 0.30184030864947 0.289051214539508 0.656171356905201 0.428638573763508 0.306960021157815 0.0897342070526445 0.706558130159802 0.723413256404053 0.402608162369635 0.440865126879957 0.557542638391315 0.375263200985357 0.459463241238509 0.519266786916407 0.540976863583976 0.302935241677079 0.607104036363721 0.578412779654962 0.401728104366289 0.527179453994424 0.580188117788756 0.554797043295124 0.296784053154511 0.15313383466813 0.318479885907035 0.171564857143984 0.344830815392058 0.207441513403144 0.493042820632786 0.418264305792361 0.827910022838352 0.806625473220699 0.551440692195316 0.442089709716091 0.678143532198709 0.382283528108905 0.729967767983271 0.618184821198799 0.511971768897198 0.533280609327685 0.604013232150999 0.573904911542284 0.772268510468162 0.689002412065216 0.220335098239239 -0.127604546972392 -0.00386234336967821 0.0262163216207132 0.230898107507561 0.242335719901146 0.0422414382567732 0.00354863237696658 0.618460138208806 0.571302396501821 0.769608035222918 0.75984832059277 0.648493359259258 0.55099725206981 0.678563939003738 0.588730229919806 0.540084163955395 0.453357111126202 0.450452642756804 0.496494062169981
0.760316495381094 0.788615362270671 0.586979168957763 0.522347944084072 0.133215124344274 0.188779849594178 0.586115165042629 0.618263113434404 0.347417072835451 0.108742916771384 0.649113690857504 0.741910706816083 0.652426941968775 0.649951505193959 0.40330138610467 0.314702920010333 0.80917256685188 0.826008266727973 0.862824836125304 1 0.2935484136737 0.109718858479365 0.612564558577218 0.477422238514823 0.214731934398645 0.0777317035947654 0.21728534361813 0.188793203755071 0.734531652269603 0.485884483010215 0.371132376141621 0.124862202549292 0.73569432481213 0.789597651641189 0.347031652831604 0.448618483659029 0.492272142441844 0.350699694746692 0.494820910742282 0.510613959798653 0.479483151825718 0.283342324259935 0.609668213205402 0.586453417607583 0.373158304266664 0.507881402234289 0.568864539385614 0.549173300975688 0.235561635560604 0.106317694530531 0.272444340269666 0.124207093481325 0.326861144299061 0.206761834058335 0.490329288497208 0.388533001207783 0.783088196991535 0.788780455832139 0.454284956329983 0.378532618990529 0.564323454473229 0.30169319099722 0.740157808258738 0.666397015489403 0.405044558728826 0.430131422752828 0.57477938812074 0.602621814128345 0.802660123294752 0.762903563574384 0.237485776491237 -0.100901495331403 0.0924282037252288 0.161477302878498 0.320924465888493 0.252965520317071 0.0341563909786349 0.0556989946927153 0.65985267541873 0.580125767984057 0.766816641701048 0.748355812450506 0.672410272313672 0.534835704721603 0.628029343151819 0.589415344182805 0.469699523287487 0.446251947673023 0.381030318036649 0.442956770641352
0.435705433281731 0.24590936099251 0.399288262846536 0.680045842923428 0.408800158829427 0.519545757517899 0.448224155402941 0.566971070877512 0.470976798695788 0.366519879449025 0.295539648449039 0.294228087176624 0.326378196067338 0.456356032016575 0.441414864436483 0.593366060870924 0.434088676260389 0.427196481135819 0.383855554702219 0.2935484136737 1 0.44670453977307 0.443868297157787 0.609878022779139 0.695471220635096 0.574719649837026 0.434200431191781 0.551877612688106 0.425400392352164 0.5327287576188 0.515158630070656 0.544848747815633 0.475594787744857 0.453458649901618 0.507787004607524 0.467687199631338 0.50857233386784 0.475989818955682 0.493065559142169 0.509268635810471 0.190230256466451 0.394837002066326 0.457753559318214 0.457424661212272 0.309275123628887 0.404518530135753 0.420323139622612 0.389608657790765 0.355907810696338 0.325317457182748 0.400232013966958 0.328677689790279 0.257276683696143 0.223610709083209 0.437997287048816 0.439882448564296 0.43394184149014 0.348330608207292 0.414108247415279 0.359564380320741 0.425288872398064 0.404793812712925 0.433123469044367 0.415897655209647 0.387085388018953 0.455529768282128 0.519566900701274 0.468463546524372 0.415920966850576 0.365693099168907 0.364384088959617 0.336631839598402 -0.0470493304749096 0.259458443116209 0.138496056126114 0.257594980495279 0.334781488872443 0.282104543386541 0.493055762349337 0.402460155085959 0.43971275130428 0.365737287485575 0.209633107478272 0.506816494085647 0.378381126499333 0.313259179137387 0.388314476912664 0.499957742072291 0.355122377186479 0.565876791790477
0.141685315432463 0.0949230929661636 0.0493640798428893 0.498242260462852 0.2804142166232 0.678276978209839 0.118369560853944 0.390418142738802 0.357312783142352 0.530960008375688 0.0415610350477811 0.213093638930094 0.0451037363279068 0.306931343966229 0.151146972955613 0.623480967464992 0.237633656015224 0.293690361424886 0.0825282967209578 0.109718858479365 0.44670453977307 1 0.171795868847303 0.486232971388296 0.557164564908184 0.737598036833252 0.421381080085423 0.597412520981192 0.227583745564461 0.573316732941677 0.431131292601632 0.578084193151983 0.212749844901263 0.202214826231134 0.159015694547835 0.181989671638495 0.244570874516304 0.514683687624312 0.328399026179889 0.54485583258053 0.105347266683401 0.388915641120147 0.22645714720127 0.217170133140354 0.169089524586273 0.220692452911887 0.204929001472778 0.206251032583293 0.157526449344149 0.165797818095219 0.17281246353274 0.159742412955312 0.138448356259674 0.188558407216298 0.223938161626001 0.316313674020398 0.163099771402207 0.154527938366984 0.22608740833602 0.278186225675762 0.102372986699892 0.151578762115193 0.262314304255996 0.309123927641496 0.0841693443759288 0.210411640783613 0.229432316542351 0.243899913931077 0.160681476721097 0.217087253214104 0.247183576478785 0.447733566752094 -0.00986330350082522 0.431508599380922 0.0755025362662238 0.279473256492533 0.282618467820883 0.219620186096063 0.23413315478958 0.26023521155231 0.206790656084425 0.232457763558359 0.0178498141425379 0.531458000040587 0.19079019385312 0.21734385938333 0.102053063680805 0.558911750874179 0.190750990632307 0.448815136711428
0.596414808559472 0.481958722046124 0.626025829706705 0.576185597007945 0.260011732122355 0.268123652139417 0.676339751036959 0.615318288610913 0.386671317811666 0.284183491722446 0.685771770042023 0.592126492405577 0.702822079038671 0.661292892800705 0.714948620936919 0.533815758263744 0.583733416185813 0.54509128454207 0.69955598120712 0.612564558577218 0.443868297157787 0.171795868847303 1 0.724424034538889 0.476398880290921 0.272034913778166 0.401557651727318 0.363579654631319 0.53577292359467 0.446088982848793 0.459930054654797 0.272907620511807 0.575048707866816 0.565602706667512 0.484801476165482 0.434791789776462 0.481014115744789 0.379831038907572 0.394086687721407 0.469944580167923 0.421713783529831 0.224508315060457 0.544457579528628 0.509418471020025 0.376683777800151 0.46458852745671 0.532324438071004 0.499129750704824 0.300340001466823 0.195629792893473 0.282226087696403 0.195635115441322 0.308583024958157 0.158678862030019 0.424318010104363 0.402715312111107 0.583980444829176 0.583817953564994 0.331754757912303 0.288913519205756 0.508826671073228 0.387400349993933 0.555026577559958 0.526548087939816 0.72444105204496 0.528021515756434 0.544206409214806 0.46865146289105 0.57641840124645 0.516365746534592 0.30571338946917 -0.00964633149694382 0.0643421009669496 0.0428932397365071 0.196697732931903 0.327294826552989 0.148925183968039 0.0327996957637257 0.550882178609268 0.477482583246811 0.636157287454292 0.633580528798664 0.539419626107401 0.470978827337009 0.691064207521491 0.481316412025761 0.552608605223269 0.44127739548783 0.39056862360595 0.456207473961112
0.544386153057381 0.475866771721574 0.494360594802159 0.735174491365719 0.316919868172444 0.661754659881805 0.530175548563499 0.699408636645924 0.528865081370287 0.624793031057511 0.527829853873972 0.521391669165161 0.54453145994371 0.70374183196824 0.605183320010378 0.833473891475442 0.51352974877542 0.478740342736962 0.550368661970999 0.477422238514823 0.609878022779139 0.486232971388296 0.724424034538889 1 0.737506178977857 0.675837810654484 0.459868683211135 0.757510907995239 0.383194683943086 0.644790628757261 0.405610571947866 0.565522655452539 0.422888042077241 0.403080746604678 0.365181036178242 0.393205988482696 0.425594285047132 0.501185259895471 0.466022274463921 0.677868548820042 0.251168979642455 0.399116124863638 0.355293152622033 0.361743219872159 0.174181011369408 0.31972801328007 0.351688920679077 0.328047334458128 0.181195785633422 0.0828843435932573 0.228215173368387 0.109730850872698 0.253977471762811 0.057935706723919 0.377975085729982 0.380985784517628 0.500135029045483 0.525731454944609 0.332018977480196 0.292923429509035 0.502895022923354 0.430787455395753 0.54737236097289 0.592190603467683 0.606372930706289 0.530885820607399 0.402953659642859 0.372231357077689 0.50039768279371 0.433757723859337 0.172690254562443 0.210601576890592 -0.0963788902373393 0.260232436747932 0.112525532916299 0.415950617821667 0.119093144909252 0.0345490471860504 0.409332483676735 0.34822317467797 0.488733290998306 0.54360138834779 0.358145466654201 0.723877276965438 0.565514619203146 0.475946431709324 0.418457857852669 0.700267705936671 0.370511630299805 0.59642469743392
