1 0.800913661859767 0.404425255621682 0.556024548819437 0.0799563008532352 0.105858023592483 0.630531851193304 0.547546877065767 0.385584733468549 0.165855534659136 0.667434345722176 0.654911696425844 0.701804429951399 0.556759835930386 0.408477464295534 0.315500945894183 0.425822924447586 0.497142147478207 0.664928130801684 0.731156594807118 0.0269037061813467 0.0961525690675891 0.184811857692234 0.220835991598573 0.244346919315506 0.161372121116906 -0.0178515900461867 0.116414275941509 0.411677228808962 0.398192329767465 0.149237811940081 0.163468339823708 0.471714233819368 0.301358078390896 0.116025190127196 0.136297252970006 0.369227903532604 0.339499180394347 0.28833653061185 0.329226464747636 0.296306611184391 0.15339722669224 0.160026522524552 0.160499642890702 0.334868464596387 0.386286034831661 0.422502281433454 0.287554634019891 0.368327118650015 0.461940737845398 0.450927010699723 0.491366009653844 0.3594667464913 0.357744401117895 0.438636504150409 0.4688456053283 0.726983079191437 0.7164549820479 0.601941876952076 0.580859955245305 0.742502817623412 0.491737814634629 0.536489570858123 0.42185702037885 0.265639034032017 0.398687301043762 0.304163059001613 0.285303726285653 0.667145055973955 0.590732118252048 0.284337733821094 0.178945396101642 0.413087699825716 0.371604331188738 0.160982384614677 0.182199908972341 0.341339346319802 0.112607567152225 0.022936346471974 0.399559827994067 0.597234281953194 0.629432095215924 0.287858500882888 0.422308140048281 0.64300536272553 0.615849590601462 0.325286406279148 0.176778797494835 0.566154701395167 0.538325689360169
0.800913661859767 1 0.301030452826331 0.562143193136384 0.0675577259871652 0.0389566470892008 0.482345301310562 0.604771302445171 0.341866234993183 0.226590297524977 0.629757483664265 0.727416145062745 0.547521347799593 0.55480914904317 0.407625753430693 0.34753995034491 0.503447770022119 0.67072117139665 0.585450177724473 0.770577726644323 -0.00905157820023026 0.131256486064046 0.142241123630252 0.213787733931062 0.147861878463299 0.0848182971059915 -0.0797490599228261 0.113696618177873 0.426821597693617 0.474700634049247 0.11010351536881 0.203291007510031 0.442031766474732 0.39342290604791 0.105920776894663 0.15757210565981 0.479293163075274 0.517915912441164 0.34238878818319 0.38589053963445 0.280499503267344 0.330701714132635 0.104441325469996 0.182934544177179 0.425828824128971 0.588040616362048 0.453888652524462 0.424614614124216 0.52169918891242 0.594157875692928 0.454872386103027 0.530969141249907 0.268321192389911 0.287260696210786 0.457774118092272 0.604094638866391 0.836196170253075 0.848676643308875 0.630133624822373 0.619677883952684 0.593824130092854 0.503838404243589 0.448898982829091 0.463944907300009 0.147106528434126 0.358713821129325 0.262947087961003 0.294194071521511 0.744972764205311 0.588060905678341 0.360701245053818 0.126517831255208 0.40793313425471 0.436993518127169 0.151771367668583 0.128067243018884 0.373957911453361 0.101090327595674 0.107325276104276 0.436857869379024 0.661475220510637 0.735671256121324 0.207308053491895 0.607974822506414 0.581247022873561 0.65052228586872 0.213856374702311 0.172122941773328 0.474541479725095 0.500042262801315
0.404425255621682 0.301030452826331 1 0.523328289607319 0.365565695126949 0.00259938857087208 0.761708098611009 0.284399334593475 0.507694365257546 0.265399779577331 0.071854024395918 0.0875634556017899 0.539189818746948 0.177445164127395 0.561227137967992 0.382663710483076 0.0714998088369561 0.225719256149554 0.519471745058609 0.355990654751529 0.114629898098186 0.0697276511203782 0.790564333568579 0.606842826425853 0.597536140673224 0.466353427647996 0.0917183324677602 0.211319225243149 0.0205222330855151 0.102744745515845 0.68195501941354 0.600944194089372 0.68795371612844 0.363033371588806 0.542780208915009 0.481915406988614 0.210363730447713 0.147443024312649 0.376372933106528 0.257062314967457 0.0785728365106167 -0.0449675433082217 0.471242954769431 0.37128336220736 0.506640220056405 0.378501406425859 0.507282471181853 0.400613060342193 0.416182523705767 0.416827635778078 0.601332502674752 0.494738714368577 0.544492109365011 0.481139280199329 0.556181112541445 0.490201155560416 0.285852673142033 0.275024616985627 0.201812747797206 0.272359166405075 0.532579523324139 0.305898026908533 0.157809308387976 -0.0418406372696469 0.764992571389034 0.508573585948213 0.689007559669553 0.475039686353667 0.311881888539094 0.364805553271405 0.363658851397084 0.364182944593673 0.395019325785879 0.169677160822852 0.228515782048363 0.0682034548831774 0.325498930199048 0.339515315388987 0.0591670746890737 0.343070117169376 0.28122594380992 0.321441947952088 0.181935990230648 0.274843604114408 0.673768317408774 0.451412664827573 0.495249158707668 0.474989837952473 0.418299748951398 0.50279734853596
0.556024548819437 0.562143193136384 0.523328289607319 1 0.071702163823908 0.279065031634169 0.702391696859747 0.779850177585185 0.536679712892808 0.585376476296211 0.299451049113971 0.50603559328288 0.524437196580004 0.587547239315019 0.526844619756663 0.55822540937638 0.140409688551691 0.237896921159612 0.432054956412819 0.44317921676249 -0.0879568587008755 0.0421877682315083 0.421454831186627 0.594918406574331 0.305104873023154 0.382309954420958 0.0654888396999667 0.29644057229886 0.0778599007707887 0.154902337578323 0.312771850494374 0.466222810868677 0.473449178555481 0.377095549844241 0.450850705901851 0.335510644261333 0.282362721079949 0.253218610285758 0.332073942564152 0.259535934894958 -0.0728780519807072 0.0840800372960176 0.361740580682711 0.285191551768932 0.292745579120484 0.278836463985227 0.394410500980261 0.332742118370237 0.205219331715645 0.287551940169139 0.447967131510171 0.447539860960315 0.479138302162382 0.424135387492524 0.473136768177215 0.437856594784982 0.422890505719107 0.456791872480116 0.470873488086229 0.536037290619622 0.681995423352547 0.707148224322488 0.365514040799952 0.343629936929351 0.547044411352204 0.830452195944378 0.547992566204851 0.532514803906721 0.510309349386081 0.349658265136684 0.366362774382382 0.237280320276533 0.416407045734063 0.310557510040368 0.138860183416866 0.135311370282379 0.386629480885795 0.182477810904673 0.117362585446569 0.255761103074153 0.2990034084177 0.398695500360716 0.104458038715555 0.295493708893812 0.68889260058539 0.708283064869001 0.263569511551589 0.377644262824192 0.522311136624405 0.629039287690416
0.0799563008532352 0.0675577259871652 0.365565695126949 0.071702163823908 1 0.130875465245126 0.286459922109718 0.0344667423764971 0.319921967568794 0.29808909770397 0.103454676552359 0.00398829587014704 0.215620180174105 0.135976503868654 0.338458677729391 0.328486855006843 0.151056654182816 0.0603979027398052 0.204825717718304 0.172806997368446 0.250038264054281 -0.0170191429961321 0.465028109044669 0.302216493851307 0.242025476421322 0.216531799325193 0.0645251125836474 0.0487040908858129 -0.0359097494520575 0.203278058510383 0.331664144746045 0.378408663759144 0.373623190760228 0.281834562687017 0.143958519480027 0.160674658839234 -0.0379500298921855 -0.00998214425793391 0.218765362850734 -0.0330758349127155 0.16743058457619 -0.194956292480667 0.215828156043706 0.239799636849297 0.142164262307264 0.0695543867119777 0.289632092191997 0.179425406557051 0.17091419032289 0.141305370157813 0.223879914589605 0.194941109936673 0.290397885353705 0.308914875922222 0.248981305385253 0.159707820637493 0.0438112325444089 0.040965651794695 0.125375526160059 0.1800756036173 0.105794452646827 0.136556947360791 0.213060043535409 0.105715348981339 0.153116109616214 0.0370420225223679 0.278507878415401 0.103705038974497 0.0688599368843953 0.104222264424481 0.228208301053377 0.246629028115047 0.194733486533983 0.229512529844197 0.165868775039576 0.135082528434179 0.15082835790249 0.149027912625399 -0.0143995947678231 0.14622819901742 0.0906670863939281 0.203566346588832 0.125350354503783 0.173858816115552 0.210542863519961 0.143223954992872 0.23940700100208 0.382395395476887 0.25637091936564 0.290506732581433
0.105858023592483 0.0389566470892008 0.00259938857087208 0.279065031634169 0.130875465245126 1 0.146778046539986 0.293875170312705 0.331705135350632 0.325177073928502 0.0422745319361834 0.0677790505377045 0.106017885649991 0.325678433415528 0.241495195351278 0.231058165807266 0.0550778158156194 -0.047323190592101 -0.0329472926827616 0.0323510662072063 -0.0874161262684934 0.10045267761254 0.198732242297215 0.178869656407159 0.194069095269032 0.156215799883276 0.352898714317986 0.385916232636713 0.132195872791364 0.110958314180386 0.102101270753582 0.253964949831741 0.0458951900071818 0.104778958298883 0.227590394490164 0.181039245535131 0.0752372866325127 0.0335362821087308 -0.0695759880897785 -0.058852750587043 -0.149832251020401 0.0130921304227481 0.0375814567872979 0.0738601127887208 -0.0511245299250635 -0.0680987313320026 0.0930406338463469 0.00455503981851351 0.0154452612005107 0.0260038116407482 0.0858691060063744 0.0769772574591526 0.169164666124537 0.159168768988189 0.139628205702638 0.0305791430032969 0.0304336435331424 0.036538854723561 0.0762947494197529 0.195916922838652 0.214519249427696 0.447701896400422 0.273224377259406 0.231787684287085 0.118709334289735 0.264228432656864 0.0742609727399764 0.0686206079011186 0.08016292202154 -0.0519512484746819 0.111115809626445 0.0697477941855438 0.212097521917718 0.225266117752562 0.261759059413007 0.0536191497494665 0.144833215984351 0.199820535597115 -0.0440136107972562 -0.017878978478046 0.119625503107647 0.0638500845210511 -0.143509621855065 0.0397340987384188 0.0276584659201207 0.195151544506552 0.0618871133280996 0.210816594302828 0.288136894184725 0.325488490090722
0.630531851193304 0.482345301310562 0.761708098611009 0.702391696859747 0.286459922109718 0.146778046539986 1 0.600395626035425 0.674188088592682 0.489295759905768 0.221774621790836 0.376300837974781 0.73324422762494 0.462872890508357 0.604787840403405 0.432647821670802 0.0909885794850797 0.22878465036596 0.570356702317114 0.489495873256388 -0.035669716409313 0.0222583350239528 0.551900292532494 0.553714604819009 0.35782388992399 0.396834335638532 -0.026899993318108 0.102413087866993 0.123010017243874 0.177017195259168 0.467457371862547 0.431174066428168 0.609358404703538 0.389187025408739 0.469179179069662 0.313188550470735 0.246823621358138 0.136991352516074 0.355950877817821 0.380317735107007 0.0239001553663341 -0.065717568618885 0.498627853492445 0.381381191266646 0.431686203683099 0.337677889393114 0.549426836268192 0.398437570371831 0.323820719210728 0.391289883791237 0.611014503496331 0.573738500313446 0.557914961376798 0.520139045051264 0.617414732554215 0.515651936800051 0.376438053593533 0.392414578799344 0.526410708472416 0.546708959263775 0.794259658584098 0.561505099352373 0.436642562587961 0.290444120683928 0.656962704018291 0.657321767086394 0.651349311677664 0.516567505833159 0.455072255917605 0.36148704163275 0.451670694547316 0.444958414070699 0.500232968960455 0.283342676796334 0.243528097039711 0.0832416139636281 0.428576557952099 0.330841889804436 0.0749321436053164 0.315266233282696 0.270232822927565 0.374125647791857 0.0551575098417444 0.25199196313174 0.714846659535271 0.677856288685753 0.397489260824008 0.34070241005802 0.631232220907741 0.603025890091032
0.547546877065767 0.604771302445171 0.284399334593475 0.779850177585185 0.0344667423764971 0.293875170312705 0.600395626035425 1 0.427080624173169 0.604808939380173 0.248746135068632 0.59793399557129 0.476932097285716 0.738772447672341 0.332131070343184 0.531372369176532 0.196717435396798 0.311465852192152 0.309396686949179 0.522922616189726 -0.0728552964722947 0.0791971682695551 0.131896196466399 0.399303104530534 0.0539743195280815 0.358623301159618 -0.0729463907909157 0.0583194557552465 0.252239359771518 0.344347657580435 0.221578132745905 0.338255154653863 0.408181760848495 0.508427867081002 0.31868933777678 0.262566161024133 0.384555700076387 0.27553326545675 0.369340607672089 0.353134041464931 0.0223940595019864 0.110410231567762 0.418366370803197 0.366526391212088 0.377761468362584 0.374547137071245 0.464374118938324 0.379498103992448 0.279968400042704 0.302972707134395 0.457598357526654 0.494022966960159 0.408986331229596 0.392674191028724 0.521603362938326 0.469618225842687 0.448168529778553 0.530484159423672 0.620889143912981 0.652378806700047 0.654370992745181 0.818672860497372 0.49159177275121 0.622284604246271 0.221881333392 0.726100024517273 0.499940368072681 0.578121090134894 0.574557570083233 0.40961612650959 0.46881779753742 0.342583167758583 0.399980615372662 0.323262696779099 0.197022992249014 0.187158836820237 0.438017784366061 0.257835025160875 0.169251068487264 0.302345924939022 0.350638654381409 0.473651295026273 0.00569423857624265 0.299682367168386 0.427732917327246 0.778858754679716 0.131757059389807 0.23804636262699 0.466491819865337 0.599301807904037
0.385584733468549 0.341866234993183 0.507694365257546 0.536679712892808 0.319921967568794 0.331705135350632 0.674188088592682 0.427080624173169 1 0.549433024338864 0.182612300564828 0.265963928767113 0.506622052076562 0.406944910596017 0.607874823665859 0.466581697958335 0.0645166336785263 0.0644821923729852 0.371472563091502 0.311857666700781 -0.00867170658029315 0.0239236502642765 0.468836930957265 0.349998070495742 0.359143266425962 0.302223052269346 0.109030952415275 0.161426406987042 0.0801797310720052 0.0185507408818609 0.287081097718949 0.303623732283826 0.376170743961659 0.211924487893549 0.329669875237096 0.158361619490222 0.117647771487941 0.103211562946633 0.267489784286605 0.157446326820715 -0.0311448544496217 -0.105083737980556 0.307678012042309 0.220915273402079 0.24177107021959 0.178847443965751 0.366240104546484 0.241195826539762 0.245210401805194 0.289884259469535 0.470555222379984 0.390383531270979 0.459685899926815 0.340798233099337 0.453781505182164 0.364550450530052 0.194457832882942 0.192306090988624 0.34602447282898 0.414060040504772 0.51854269032066 0.485713465946055 0.299354624277044 0.188200600816194 0.483517003035474 0.44116791638475 0.325689434516675 0.216052635808207 0.265922943406741 0.184290012790265 0.339086092661642 0.303546111566616 0.367436316716913 0.275599740066648 0.351676272810601 0.163402679473789 0.197227053161947 0.257418055442064 0.0447265778032421 0.201306021089068 0.212949068656826 0.271119424585066 0.0520490834080962 0.293283590338539 0.523859120822862 0.430034121994008 0.370624968454338 0.219715688373931 0.56181273918767 0.501698931429977
0.165855534659136 0.226590297524977 0.265399779577331 0.585376476296211 0.29808909770397 0.325177073928502 0.489295759905768 0.604808939380173 0.549433024338864 1 0.0864285179994033 0.290487721426125 0.326058670163577 0.56259921440788 0.473803917063255 0.748156851727295 -0.0440674559052113 0.0651315981337974 0.159967221833175 0.204495218526512 -0.0267292727094958 -0.117031095995209 0.342714056889575 0.535142836166263 0.105792076980352 0.377949133086144 0.019221728841832 0.0050512511460135 0.00638857335670111 0.162577672900846 0.313888028979072 0.409270202147346 0.345554193281345 0.389269450903877 0.259927509673613 0.140580370835151 0.0520964077207074 -0.0934567410864754 0.266135442563299 0.201864867689816 0.00307621865147182 -0.0875084861197088 0.391794547841437 0.331097705587582 0.131302068359689 0.078791575001984 0.320809274293769 0.247686899063173 0.0516425239989017 0.127248271929857 0.279934835305012 0.260840637938949 0.390553880875627 0.345698282057815 0.399488899351733 0.309639852599645 0.0215457237142888 0.121899229258252 0.358253667512409 0.461964494157339 0.356252209720902 0.560944867710691 0.251471597091261 0.431208195864049 0.22365882110425 0.491668673990585 0.292734964629421 0.31544857007761 0.211321682174453 0.0946017244719232 0.413647761545177 0.282752798045606 0.319685568607488 0.293156417491036 0.208483399994621 0.0763081687284763 0.296485022397815 0.206063517121142 0.173565758426125 0.135143868520607 -0.0251708643337319 0.175336686604046 -0.0942111382994831 0.0786915614879637 0.307455881015987 0.521344866169587 0.167436241110104 0.305187221558939 0.3076769300806 0.412079882384876
0.667434345722176 0.629757483664265 0.071854024395918 0.299451049113971 0.103454676552359 0.0422745319361834 0.221774621790836 0.248746135068632 0.182612300564828 0.0864285179994033 1 0.631382498796559 0.552302100273956 0.462077750615751 0.361661335227768 0.233116056211339 0.494515783704299 0.407031667645058 0.544430728787596 0.522867421242647 -0.0825478174390537 0.0895968539441397 0.025118266144716 0.0427775783816842 0.0849025387773922 -0.157536093897684 -0.0260727347998734 0.0971554241550977 0.407370803999654 0.367302929788865 -0.0302990826647652 0.0689371213707711 0.331301115116478 0.221892557177051 0.0470306208007297 0.101179498398147 0.203220566076152 0.268968272359573 -0.0667182269918328 -0.00397147318724031 0.266541624010891 0.321519210786412 -0.139836753258494 -0.025652945834515 -0.0366795091525327 0.124432766567885 0.102188479839668 0.049483533605645 0.0426749595783652 0.192536844830465 0.0351319042584723 0.0864576200712812 0.0695859123664384 0.0670797320662853 0.00680949292684704 0.145798149960538 0.544579781053596 0.526166431189109 0.290178880901124 0.244450103212523 0.381635149683251 0.226983845290247 0.434081438413957 0.39242952940794 0.0599835864779626 0.12718995972333 -0.0374598006783979 0.00431281764766092 0.350035790371724 0.287407168315622 0.113611226534954 -0.0759505721434962 0.246161933794205 0.421050846412098 0.145360718946073 0.140096577539607 0.301833600100786 -0.148179517223356 -0.00188147725645558 0.110403199314915 0.405908975250846 0.409058032042754 0.190092973088571 0.308386032474048 0.436509376417987 0.251937257540362 -0.0279718249129666 -0.0243491196526474 0.298355340636929 0.196577392116817
0.654911696425844 0.727416145062745 0.0875634556017899 0.50603559328288 0.00398829587014704 0.0677790505377045 0.376300837974781 0.59793399557129 0.265963928767113 0.290487721426125 0.631382498796559 1 0.519225065763503 0.773256535687477 0.318140366317113 0.358306617506957 0.350457422341002 0.47934233723723 0.453989793871916 0.773839275584879 -0.094375258193053 -0.0617952110122156 0.00734155085055827 0.247556480406906 -0.0833217287601213 -0.0326687261764267 -0.122188382305757 -0.0613879528697941 0.424269364610187 0.503520823823909 0.0607056599179691 0.16438736632943 0.35635868332587 0.437555339782249 0.0520644032947934 0.0634182783363774 0.278792201323297 0.267638000473671 0.134720603527878 0.278900399773991 0.144614219389281 0.257302143534332 0.0670132304898856 0.206491765161795 0.205990719972715 0.277603361061037 0.267269221465066 0.277983044598072 0.242076255257522 0.320954910720415 0.182910127737626 0.27579764034331 0.173172031662818 0.168649487888678 0.300598430967552 0.39688345142172 0.56272854885609 0.62165809209767 0.545958690191759 0.489797466749737 0.585121932468419 0.560091851723223 0.500079332033631 0.620985993680538 0.0441241814012331 0.367250590897611 0.0750472136234131 0.163001271350053 0.518702754561525 0.387913673933374 0.197377869727242 0.0747294724976111 0.290999810007248 0.378636120000534 0.195599141368265 0.0627102178082377 0.309746984314735 0.0305505357994198 0.0942524217018612 0.260298637168585 0.437544976899838 0.588434635075961 0.0815136165106739 0.395596614477203 0.431944658332646 0.602692746235852 0.0486405554528164 0.160089771895771 0.387477815824902 0.414428922386893
0.701804429951399 0.547521347799593 0.539189818746948 0.524437196580004 0.215620180174105 0.106017885649991 0.73324422762494 0.476932097285716 0.506622052076562 0.326058670163577 0.552302100273956 0.519225065763503 1 0.583154549099539 0.674638264545171 0.468074554534975 0.117698817572796 0.251963395660723 0.698524567873802 0.54775846450864 -0.10635905261094 0.00207025307310461 0.422334664655263 0.373887803592221 0.337614556370019 0.304296918133478 0.0460389263373032 0.00207113485597623 0.284486856259011 0.221953738080788 0.358376371462079 0.284799522840982 0.497202318843009 0.278860986918636 0.307476477489768 0.183954167708281 0.221915620154647 0.123097436112691 0.262593508822756 0.26450999259631 0.125290910884891 0.0331976327450136 0.318178256093962 0.263134766062498 0.281982132605679 0.234665007090459 0.37432336812776 0.231544919289314 0.201674768757729 0.279799695565541 0.416065753673304 0.375779466983696 0.357764407977897 0.307903527412547 0.373802423166555 0.387312454993506 0.406897667973964 0.417289689213613 0.337929951060115 0.378751173017979 0.722756729685524 0.492399551700323 0.388459828274769 0.267499943275079 0.461767823528678 0.478856301501149 0.383065800978768 0.313938520609558 0.409213085484785 0.383968937253559 0.375595768854849 0.233391883672791 0.411892180174626 0.308425110645734 0.266553912623434 0.0711223971549895 0.410896943172603 0.118118747773692 0.0180622302052454 0.195066776103794 0.2495231772487 0.330839369540464 0.174917460526227 0.311090041335374 0.675118764011383 0.50303734521611 0.229304207535038 0.209929330153238 0.554161195261346 0.420905791530969
0.556759835930386 0.55480914904317 0.177445164127395 0.587547239315019 0.135976503868654 0.325678433415528 0.462872890508357 0.738772447672341 0.406944910596017 0.56259921440788 0.462077750615751 0.773256535687477 0.583154549099539 1 0.492312001252749 0.696022284314404 0.228396148488089 0.30851008730788 0.371048855882244 0.62415464772178 -0.0306840158764228 -0.0177566224035571 0.210614078967282 0.45288381793031 0.0751992064043275 0.235444200180861 -0.0237469877559158 0.0331657727454065 0.372528554227569 0.478341750272565 0.239542165828801 0.376682791116907 0.424735188595276 0.528008961846313 0.128183854097027 0.182212968927465 0.248182202616333 0.170372316704613 0.270503499070095 0.302229002385363 0.0719970673615115 0.0879871362712176 0.264599840881123 0.338433807972081 0.225868749674375 0.22066685769816 0.321161844035684 0.268166948954564 0.147770912413875 0.187938455424609 0.255364520260028 0.302150647630082 0.284983011011759 0.2563599935653 0.404704279007512 0.352458042731367 0.383302072629301 0.495242945817479 0.535142634289825 0.534522623414228 0.592123569686646 0.724407762391487 0.604247713295594 0.692153238691604 0.150611051149066 0.53221304282408 0.218686844549275 0.359249608597121 0.428588624222996 0.328074100382345 0.284172326589784 0.194129683089971 0.250113335198618 0.272986935915195 0.259027980611532 0.108429261294794 0.371118754943346 0.184762505678316 0.0957393976030315 0.281451307989169 0.344554303400667 0.501165411709714 0.0493837393386799 0.337488153752867 0.412404217176171 0.693460949826922 0.118562828213198 0.280341687043018 0.479202448541439 0.544593854661609
0.408477464295534 0.407625753430693 0.561227137967992 0.526844619756663 0.338458677729391 0.241495195351278 0.604787840403405 0.332131070343184 0.607874823665859 0.473803917063255 0.361661335227768 0.318140366317113 0.674638264545171 0.492312001252749 1 0.644979225318695 0.112677404763148 0.162137095777203 0.468549805499527 0.342430196317401 -0.0848546465389834 0.063044927539161 0.637822865507037 0.481132185092224 0.554736119990183 0.429642237154577 0.209433632851555 0.19589163249092 0.209340734208259 0.137481667979735 0.447787685327682 0.434246646777758 0.576359613983677 0.330709180379143 0.358458624277151 0.230562113575122 0.22264772015355 0.183781619242862 0.34273746600631 0.30170595734544 0.0490878149910363 0.107890711394822 0.337571195425495 0.320754007970984 0.232442635846044 0.255235635302803 0.362996007929318 0.315920878565544 0.183586055316459 0.264475418953129 0.41383327361455 0.345840947166752 0.365805392215238 0.289254978923879 0.372627741277309 0.374413363702486 0.244003498460379 0.267790746436468 0.264244191590638 0.319604367236649 0.538549634853446 0.387953727471376 0.333914540948886 0.202929275264573 0.596342309766013 0.425669847509428 0.349121971219272 0.295389332500094 0.298703326433332 0.206212362858606 0.344087584988775 0.252465047063841 0.39261640911716 0.301730390941697 0.353168183541358 -0.0665858905896781 0.37844181892783 0.209630048192534 0.00980375295591556 0.201186405228334 0.165447506500149 0.243599796447165 0.0648726072581776 0.366541333097434 0.629298855055997 0.448647836429053 0.277522151180605 0.290916191967717 0.630209048818817 0.427762287647439
0.315500945894183 0.34753995034491 0.382663710483076 0.55822540937638 0.328486855006843 0.231058165807266 0.432647821670802 0.531372369176532 0.466581697958335 0.748156851727295 0.233116056211339 0.358306617506957 0.468074554534975 0.696022284314404 0.644979225318695 1 0.0851361644959907 0.211609929836192 0.299371026169204 0.360906362964663 0.108375774994561 -0.0431692789458326 0.490427986993261 0.627687778128572 0.32346680721536 0.49985782439669 0.0709678706070866 0.0693343097579092 0.15025307688149 0.32838458862327 0.411224203352274 0.534073462468179 0.48202709710755 0.491679774948704 0.174043761006163 0.218759820090467 0.177631742100797 0.0920854439100814 0.429761005526781 0.353269652982458 0.118595272798666 -0.023446701387027 0.441782208413598 0.457686157430498 0.271436033034539 0.244657782070779 0.394813366544099 0.353972493615363 0.17421380892958 0.199678961146942 0.29767080672927 0.289922227365875 0.351711027458069 0.316790797681982 0.465582782256363 0.407161375581976 0.196705131998525 0.311141285158446 0.323879797199582 0.407714421918801 0.39831267779152 0.54185094049553 0.320481197436294 0.411605073820072 0.291854313235186 0.514560164103294 0.322507150338209 0.404781597107015 0.31805353058158 0.31930470743256 0.367198225790796 0.231764899339444 0.246153230634504 0.14062989634686 0.218044405918846 0.0485841003503585 0.30898170211784 0.28580001335151 0.171114732800967 0.320227645574037 0.155997232649431 0.353446867901055 0.154602332151343 0.304955374737902 0.472478703498099 0.602486820248282 0.292123896826515 0.43001977677955 0.425667840812607 0.53799248413582
0.425822924447586 0.503447770022119 0.0714998088369561 0.140409688551691 0.151056654182816 0.0550778158156194 0.0909885794850797 0.196717435396798 0.0645166336785263 -0.0440674559052113 0.494515783704299 0.350457422341002 0.117698817572796 0.228396148488089 0.112677404763148 0.0851361644959907 1 0.738414199632906 0.229916313072767 0.483192553314656 0.149736744210411 0.24990940806568 -0.0364844797068568 -0.0232521691304011 0.0840777083661572 -0.105127173732601 -0.0116321825438848 0.0851407115351532 0.538837783284923 0.652131805782077 0.080914850964887 0.134261034084392 0.314907613671916 0.378750268290928 -0.0814061227062738 0.109647464746047 0.277502157209945 0.416794448188591 0.151925392748283 0.152469664391384 0.30750009431257 0.316659565411085 -0.0448890159117017 0.130659230578697 0.303195328828926 0.433030840018591 0.286983269270729 0.273791189422277 0.345707189882153 0.367831526119403 0.144037203519729 0.201089957164466 0.050058816477276 0.0965286580074965 0.239397531573568 0.270594513747342 0.625963979283195 0.614720213006 0.37434949095898 0.334573049552954 0.18574947568488 0.182628116772935 0.379036572947579 0.498606639517552 -0.0879828483119453 0.0172746819933578 0.0569799200061728 0.0992201211449516 0.386928671752704 0.30811118559169 0.0113011568004447 0.0755507939653031 0.284989104132659 0.287673022936296 0.214453768293981 0.207125555984929 0.302192832715907 0.074567971840786 0.243347309783854 0.52901563314807 0.677241032831779 0.625468910540359 0.268287696482771 0.428394368169132 0.158493715243783 0.283952159209652 0.243519579254559 0.0799712389305628 0.164811953908775 0.317486985587801
0.497142147478207 0.67072117139665 0.225719256149554 0.237896921159612 0.0603979027398052 -0.047323190592101 0.22878465036596 0.311465852192152 0.0644821923729852 0.0651315981337974 0.407031667645058 0.47934233723723 0.251963395660723 0.30851008730788 0.162137095777203 0.211609929836192 0.738414199632906 1 0.389562183610536 0.648280986911074 0.0715100184851152 0.212636610497407 0.10973685699067 0.186648171304192 0.0552456223167683 -0.0246702283544472 -0.0913128141101087 -0.00542046506700262 0.529269374900122 0.721493745641867 0.16870560352889 0.232575320105129 0.398910169159537 0.477171398002248 -0.0254480676460486 0.16640856656839 0.338138502430093 0.430122184180136 0.2754514977855 0.427734439316558 0.246655538053949 0.397265059476664 0.0590815114290352 0.241787010702425 0.482816049485123 0.628724243040674 0.381165572518743 0.436316730750514 0.553982061644678 0.555437489793932 0.274857527450982 0.336594890651262 0.118257603056023 0.159262735207315 0.443720552964603 0.543668488813438 0.741934869516424 0.785501187260752 0.401979536922688 0.394402237500043 0.266813444466814 0.254960468147773 0.288917385504828 0.505348631415496 -0.0219923988357933 0.137583376587276 0.145090101511896 0.192686150237754 0.584630131323063 0.501623968460087 0.116391279734225 0.11458384483896 0.355108285277278 0.296194399520718 0.293113899500475 0.0540707212196506 0.334072776044059 0.13770953812768 0.309308124411576 0.643419577412835 0.749321995345633 0.785585109398795 0.263636372839331 0.543649734323027 0.304831733228174 0.475617674314589 0.362035905783287 0.278944659436321 0.15607650256967 0.359479301423663
0.664928130801684 0.585450177724473 0.519471745058609 0.432054956412819 0.204825717718304 -0.0329472926827616 0.570356702317114 0.309396686949179 0.371472563091502 0.159967221833175 0.544430728787596 0.453989793871916 0.698524567873802 0.371048855882244 0.468549805499527 0.299371026169204 0.229916313072767 0.389562183610536 1 0.602123870917734 -0.162027544946698 0.0553523412809607 0.420931479804857 0.326646514830814 0.223469120185402 0.0122953613491635 -0.0505750347252286 0.0359834985537108 0.254532224986232 0.243244865474824 0.362325560271224 0.26092933745815 0.486029734494964 0.193590752736537 0.220894414863315 0.149438561144667 0.1487685694663 0.182579371120926 0.118797189115318 0.216346399676667 0.0343462089608092 0.0825394287517657 0.241986879934791 0.201922299846436 0.299328362598904 0.313935872729813 0.33541066360726 0.271431138977565 0.260747040982021 0.39728879134388 0.337726086482788 0.368968921947319 0.320825833066233 0.352008811453206 0.330142073179807 0.41329165996171 0.453312177848557 0.484973027871691 0.328321164008762 0.392549151969391 0.49425433823015 0.258747498403621 0.284651067077688 0.195657959197929 0.375497551501877 0.344491122659907 0.333963975933628 0.236171147597947 0.420133813331723 0.320137521070052 0.315469829182409 0.195053431061724 0.443601406809853 0.275704981736877 0.188339352658575 -0.0193309075948362 0.403063445930485 0.0700498901517293 0.0985281640610296 0.257070099895576 0.323373162132597 0.368378024966061 0.185306670112453 0.43452821180039 0.704925186898252 0.429945851986884 0.29323856442729 0.283268009535117 0.407744432242218 0.41181929517249
0.731156594807118 0.770577726644323 0.355990654751529 0.44317921676249 0.172806997368446 0.0323510662072063 0.489495873256388 0.522922616189726 0.311857666700781 0.204495218526512 0.522867421242647 0.773839275584879 0.54775846450864 0.62415464772178 0.342430196317401 0.360906362964663 0.483192553314656 0.648280986911074 0.602123870917734 1 0.0727838885992403 0.00457046712163435 0.257837049550998 0.39029764886358 0.0796467784422396 0.0559470055658762 -0.083935834675445 -0.0356736879754137 0.503128861933392 0.647249382974123 0.299784192349121 0.309205213250642 0.518519574711786 0.578620817662998 0.068974667831606 0.162075083485753 0.349224291245269 0.299519564290913 0.30111047558475 0.398979979174501 0.25277000920083 0.121935988900112 0.183023578181899 0.326575978722081 0.437348667645261 0.473296471857946 0.418231583968732 0.408235390318998 0.441385943015812 0.477537476444832 0.331068675028567 0.41170675056648 0.223937288808066 0.281334736356886 0.493905511313577 0.534766442102047 0.663622984909525 0.711717473047133 0.551152186922639 0.530338558717317 0.565675567939629 0.490907545620713 0.599061670820942 0.589149467149305 0.144422332819423 0.328992206871611 0.22925459464436 0.282064416830202 0.598846751939062 0.530103624711977 0.250000980008028 0.188535160693321 0.412827431537135 0.371460853018375 0.300363590524838 0.0902798850835155 0.3593316704195 0.201926486738823 0.126772943242949 0.515455110574488 0.636387672088581 0.756118320504725 0.225101356368754 0.559726084614445 0.529506623814527 0.629987673669544 0.320748748379522 0.375489335262968 0.375526847481964 0.517441948258798
0.0269037061813467 -0.00905157820023026 0.114629898098186 -0.0879568587008755 0.250038264054281 -0.0874161262684934 -0.035669716409313 -0.0728552964722947 -0.00867170658029315 -0.0267292727094958 -0.0825478174390537 -0.094375258193053 -0.10635905261094 -0.0306840158764228 -0.0848546465389834 0.108375774994561 0.149736744210411 0.0715100184851152 -0.162027544946698 0.0727838885992403 1 -0.0524767435957998 0.0089331606043322 -0.0350437616812642 0.0920250503418246 0.128262315755631 -0.0540737219171807 -0.0262247832713189 -0.128847009870707 0.203049707904631 0.0676438843288241 0.0467164788591807 0.174765774386916 0.219876096871714 -0.276902396666749 -0.0129078991796517 -0.112539059564026 0.11161143342166 0.34661124982903 -0.176981115318205 0.50762219843541 -0.149657054992162 -0.0266385050859396 0.0537371985187829 0.129694490265539 0.0953727564081315 0.0760826747168137 0.0310993765494638 0.125112413669963 0.0273192911220844 -0.025379868014307 0.000849892953698588 -0.0215252143893722 -0.00298314443485126 0.101921866752371 -0.133849722818638 -0.00384449036836339 -0.0125275528122464 0.039508061233136 0.0339223818633865 -0.0152766077244594 0.00958056578116273 0.114257483169502 0.0326658704829695 -0.0589409668598766 -0.11978231198443 -0.0392096131389187 -0.0429230047428658 -0.0665972382290758 0.115605698071688 -0.0775665832388878 0.0271699137738872 -0.204216764018908 -0.152411575006986 -0.0217832891136022 0.487897394625992 -0.0763584500386619 0.110898590520349 -0.0666674577364065 0.266023719768387 0.159227489079561 0.243457529384305 0.347598921266892 -0.0774654135580171 -0.131603683098509 -0.0386667947821618 0.187018702001647 -0.00485226889462596 0.0356786923154915 0.191314514533941
0.0961525690675891 0.131256486064046 0.0697276511203782 0.0421877682315083 -0.0170191429961321 0.10045267761254 0.0222583350239528 0.0791971682695551 0.0239236502642765 -0.117031095995209 0.0895968539441397 -0.0617952110122156 0.00207025307310461 -0.0177566224035571 0.063044927539161 -0.0431692789458326 0.24990940806568 0.212636610497407 0.0553523412809607 0.00457046712163435 -0.0524767435957998 1 -0.024519816727137 -0.124098835150853 0.279514137524104 0.0915988483412744 0.152861109070648 0.336087804987724 0.112013446883806 0.159776252650385 0.0614753810850233 0.0607377045511691 0.155425364669959 0.0366587243879799 0.170940745732676 0.250898890367269 0.373438536092728 0.286972641176212 0.128310553967171 0.17898266636785 -0.0411208456087646 0.286940110582595 0.00692728963805553 -0.0309152913365957 0.0985178586943678 0.212432761771323 0.103667910825384 0.126298935811053 0.19167114175662 0.192455281172879 0.213043439520724 0.195533811620353 0.129419659160787 0.247498262064452 0.135892737984827 0.161344132953249 0.208867826689555 0.229608748685684 0.0820444835429542 0.126656593344126 0.00193010887739197 -0.0257863037118401 0.00621138673306529 0.0963204335773018 0.00521966823638087 0.0022155247945833 0.176632644312418 0.121125588077961 0.184690085839722 0.177537110434926 0.179078749746531 0.202404609221747 0.227358003433662 0.189938261464936 0.158216928458717 0.14305946277472 0.167819826836146 0.0615479595246761 0.0645113652963965 0.14031014824925 0.281540484072172 0.150128243246958 0.180448551415209 0.15315888382669 0.00478433748402181 0.138392790257444 0.102412501020257 0.0458448314518388 0.0656467961567009 0.112797864608983
0.184811857692234 0.142241123630252 0.790564333568579 0.421454831186627 0.465028109044669 0.198732242297215 0.551900292532494 0.131896196466399 0.468836930957265 0.342714056889575 0.025118266144716 0.00734155085055827 0.422334664655263 0.210614078967282 0.637822865507037 0.490427986993261 -0.0364844797068568 0.10973685699067 0.420931479804857 0.257837049550998 0.0089331606043322 -0.024519816727137 1 0.744014254556494 0.646795706187707 0.439710264733547 0.284959612224418 0.286938380602837 0.0033898358780348 0.0914238415300162 0.676618738849192 0.665754327460803 0.612489023654429 0.350841545120779 0.48576559103905 0.405902610036828 0.0757541096176929 0.00135342466000336 0.284231420598209 0.231067441056834 -0.0299717922171533 -0.101746958860752 0.434924335988963 0.399481506263568 0.338629975646362 0.237959077204449 0.378797369665907 0.354317517849734 0.241925997215331 0.268520988659382 0.403921401014096 0.326745616024756 0.346187980903118 0.318745893518674 0.443251701357143 0.408980451427728 0.0945872529279899 0.114328485371709 0.0422861463565673 0.157424506642717 0.318080018434074 0.247456513428858 0.191258065084649 -0.0496729958924601 0.672210862284779 0.425918418141292 0.527417382908382 0.357774556247634 0.135945717646529 0.130534429615701 0.223113166121523 0.250073523099469 0.30437733721025 0.139855540964004 0.278169803470982 -0.0798505199745267 0.288541527898251 0.309887533739788 0.00779990947619626 0.250089445537931 0.135708219037758 0.213749916888033 0.0599483897115387 0.224682904816127 0.598939404539538 0.355285643465504 0.414941627884719 0.589832649634061 0.381707668270008 0.429157599725888
0.220835991598573 0.213787733931062 0.606842826425853 0.594918406574331 0.302216493851307 0.178869656407159 0.553714604819009 0.399303104530534 0.349998070495742 0.535142836166263 0.0427775783816842 0.247556480406906 0.373887803592221 0.45288381793031 0.481132185092224 0.627687778128572 -0.0232521691304011 0.186648171304192 0.326646514830814 0.39029764886358 -0.0350437616812642 -0.124098835150853 0.744014254556494 1 0.329815479152038 0.405993501161071 0.0850123854264401 0.153172239254208 0.0876598392781814 0.263967348286185 0.561201696660161 0.708699259137005 0.545010463065123 0.513801551130014 0.384261974446431 0.403251836108341 0.106589859677832 -0.0187995845259322 0.197571269638627 0.324438856255777 -0.0232492588037011 -0.0816424842138923 0.418977281145501 0.43942121475674 0.292415852922118 0.231133464261752 0.326111987511787 0.365830677103123 0.142282942205254 0.188290855032787 0.249310439144823 0.25554880656957 0.301592902119373 0.325621042671089 0.445040987702551 0.425736627977596 0.142952713705835 0.235681526880253 0.207743752970621 0.26019092776225 0.387147836160937 0.417022897489698 0.317750934836451 0.247309386740228 0.561476416334185 0.596525940177622 0.504749877958586 0.501942679864842 0.227851913944877 0.197244499230599 0.236222490070104 0.201272492243037 0.246300371298182 0.108713689190025 0.198994023734117 -0.10350026196606 0.321297141981829 0.311058849926108 0.0580952608985815 0.260319229546811 0.142325063482816 0.311396075131826 0.0484105223018501 0.185575998980948 0.567013083668758 0.571401425907956 0.378253560222845 0.664168356168811 0.306997359261813 0.491848020638969
