1 0.828575834468493 0.568039372505924 0.68688480433721 0.459343980872084 0.120564492457146 0.617244853352732 0.650340990318269 0.590332297521114 0.416604761045922 0.710704438615967 0.618713583398045 0.746769949534796 0.596417594587848 0.54988764826925 0.257770001903324 0.786099051209198 0.740935130838749 0.865029112463031 0.82527153370535 0.100567735867331 -0.130258050760987 0.546101604078474 0.473061280553062 0.593504813876878 0.474117086934104 0.420083800860229 0.17946389720916 0.752053869830711 0.696537345172215 0.636576197666228 0.513047621794267 0.819474003098573 0.815865265221695 0.168372258509654 0.358832075802545 0.598908586585005 0.537932893623823 0.628157377356616 0.585888247876516 0.586153770760432 0.460656629408064 0.589183056876787 0.656997466840656 0.503673444364216 0.630805269434535 0.630056685581226 0.547808509365411 0.511611539087027 0.533550406237189 0.698980506909092 0.514082265156531 0.647782167267088 0.470190805005906 0.690832068907454 0.687582015353491 0.851966244314434 0.766347254811908 0.534803258866404 0.50834947402417 0.759853131398458 0.690552876154 0.748821115510992 0.738766162933573 0.366269772509091 0.625031826862774 0.315465211999035 0.517432868125746 0.650816227680873 0.53467718820712 0.383014080822932 0.437948359603662 0.652384895065109 0.558937174505906 0.42941084116381 0.502424038569607 0.485752515343072 0.734135104601817 0.709741237466136 0.667889776093994 0.745978645246678 0.660467734712316 0.388273201098254 0.444483665714219 0.798729235671884 0.520583512488613 0.45789575721997 0.358057066225375 0.709485076131378 0.605345084607189
0.828575834468493 1 0.294652277251418 0.461999129081242 0.229206149962552 0.0489457613104522 0.326021162477328 0.419235740943593 0.363920191395673 0.331423412720675 0.463838734809205 0.554184199919313 0.490199598730629 0.501902233687815 0.396112214618287 0.331806677672215 0.789095686793224 0.838767622599714 0.741946618868412 0.805003159291401 0.121754963836216 -0.10720385999665 0.369523141884914 0.306452377259827 0.473754711708124 0.409456017682886 0.396468752726531 0.218792227276063 0.654189892917681 0.688732756866535 0.46430297109299 0.45279986808468 0.641216732029521 0.632322534620469 0.0385115785296081 0.193190091082691 0.487720148262794 0.5269978302376 0.51313265239852 0.635606494334162 0.585132834370483 0.479573227971554 0.437681704998093 0.516799981263415 0.425981608256535 0.591245212990899 0.548743684267159 0.512748452168072 0.426270890327802 0.521800179647665 0.593674757249686 0.498120934106328 0.560306881127054 0.430060179497993 0.58471795019936 0.666404517783883 0.876551367605287 0.940484871152924 0.323714156537715 0.36997145385003 0.48184644621572 0.542199783790449 0.562484634513812 0.641036753986172 0.247545409244586 0.411808434055333 0.140861958915605 0.33695704849365 0.726266569504307 0.516788228407326 0.166745575968364 0.25972074350415 0.410732733194125 0.463790309205968 0.29739077219851 0.470111670646803 0.349874920680492 0.678467359838592 0.721063045905736 0.709932933961281 0.76506138316463 0.842022413490028 0.369511967471546 0.635743169882116 0.682775790346045 0.708975746348313 0.383455789243188 0.501107778791819 0.504319507177523 0.643914178130572
0.568039372505924 0.294652277251418 1 0.888258976294843 0.676665812019379 0.401030980970712 0.938879920686365 0.771224741873811 0.718765545356812 0.520052362850205 0.584694330135892 0.314106324913028 0.745842464170901 0.404414484149983 0.556206937640482 0.213016518717815 0.190793696534144 0.158675556472545 0.557237730422719 0.288648438393933 0.199961727469896 -0.0854696318012211 0.853490579075643 0.745905510040619 0.595570163765424 0.63569492622983 0.430839989285748 0.0767018347398388 0.313502993268927 0.206537287012392 0.768800453856609 0.52989523176009 0.733535618233703 0.658735809823222 0.671400318240724 0.707205916022834 0.510523560398499 0.427795336571573 0.415660859067048 0.299186609951594 0.381877809326586 0.228712267200249 0.688748048458897 0.681189342789221 0.604484449805987 0.485058915205167 0.605532084657572 0.469801015525913 0.614482120569022 0.467756505080719 0.652815455287579 0.533100935959673 0.5167015111815 0.588971592811198 0.571506776290894 0.431952053355003 0.283092019236528 0.212148887379887 0.639920725314585 0.645275941291204 0.822075637562011 0.558019109845987 0.412658970419447 0.319437036445738 0.702217177628396 0.823219444688957 0.799241507656677 0.801225961150512 0.395794052052987 0.560377778314461 0.631644179302505 0.606136661786502 0.54470394601829 0.438314311633063 0.282707413799319 0.381123282333389 0.615724649811993 0.507899549697401 0.267180567175748 0.239984152774831 0.204588307259995 0.167859187291624 0.0915385079568079 0.182562149752006 0.532517085834891 0.243118900106846 0.271181838652342 0.217668327236214 0.595717232290357 0.446378955824759
0.68688480433721 0.461999129081242 0.888258976294843 1 0.638803131157832 0.343270626157909 0.88185555896357 0.877246403957506 0.725980764867031 0.567175611181543 0.534933201976286 0.445513516922971 0.771393455498466 0.562925564687061 0.63718231115787 0.366749160921138 0.361411159489824 0.312371734730572 0.678347097005644 0.497643465763233 0.256955660995309 -0.140588109244266 0.816735497364088 0.783505108355502 0.65078516668358 0.581414264552618 0.480267113077385 0.0925607107630621 0.479146458231797 0.347912805339986 0.751635408489299 0.629165522348535 0.764879042566303 0.731888175313951 0.548083025152269 0.62294292487221 0.608350294877051 0.526139797998444 0.496453818331192 0.436643906172141 0.414320741041701 0.302903284496392 0.695350474179718 0.70460542650751 0.615008760241908 0.57929874402801 0.660427513081688 0.505493460068155 0.643251441066216 0.539149122795033 0.720987384963614 0.588210025453826 0.602257640509093 0.591167521616323 0.676353921627446 0.564905265169122 0.424957572906482 0.381763202321235 0.664315342373871 0.684537770776815 0.806572435754129 0.70825977013706 0.438530784776189 0.436166250101075 0.678076112088313 0.873145651285434 0.687214263415392 0.781369167747097 0.496687276729344 0.532673005837447 0.560887418880137 0.56882680418162 0.551991172707181 0.536883593470878 0.242681277679297 0.451505943747573 0.558138330780488 0.607849378510213 0.412065844325632 0.356827426262729 0.377125141578466 0.316944106513462 0.270885247790031 0.328996367075749 0.637879129421571 0.416466939655257 0.431884735597605 0.365039295400455 0.68428757173865 0.570369408546725
0.459343980872084 0.229206149962552 0.676665812019379 0.638803131157832 1 0.417995271085983 0.753950853542939 0.648734580166543 0.718057190609809 0.532581426585577 0.408587344754464 0.168192595483686 0.576063068493803 0.315973238801574 0.538433929845642 0.0725942672667335 0.175135527634128 0.132614587609726 0.418503315119597 0.226454359042084 -0.0278424054766122 -0.174590152656227 0.700076963399573 0.735604937750444 0.368526550222939 0.366088193294131 0.469183091014981 0.0436013463364599 0.209140541929712 0.202942043672717 0.573092172614997 0.48032054589883 0.631599087341197 0.607160208434822 0.484254955068006 0.566338711635184 0.404715006288933 0.340688571942954 0.343123630470448 0.194028682654814 0.311286730377437 0.206015480212737 0.660422628125355 0.636444712885007 0.545756170594091 0.491022261550651 0.548801132695345 0.534985967360218 0.605768597999125 0.505791562915435 0.606603185384088 0.516348239636898 0.546934944132177 0.483760593805435 0.532217773912137 0.486187094265179 0.253876026897035 0.158871280944613 0.504453062002524 0.505348197887892 0.639765187224444 0.561633460079911 0.341478086005804 0.275708262396432 0.453440805973652 0.565783292076317 0.542250953614825 0.616567193980253 0.3096049485317 0.529853915452981 0.553137413790806 0.510962069290503 0.374762756959802 0.238457669070487 0.321144217981981 0.25562566981873 0.616436917827883 0.363491985263669 0.278696553377898 0.294582292719641 0.159167690150238 0.0791872935824355 -0.00480777222373233 -0.0265456128805039 0.404423047388907 0.0300462991514249 0.185185098206963 0.195055616535205 0.571652370167781 0.362476284410976
0.120564492457146 0.0489457613104522 0.401030980970712 0.343270626157909 0.417995271085983 1 0.439365352990023 0.332385747043846 0.126893922681384 0.286244529179794 0.0815716369426029 0.0696906740007684 0.251148886484879 0.0972872966933846 0.298760723916652 0.16712070195039 -0.0923918464029911 -0.139322499653009 0.189217362156522 0.0210181970172398 0.0367299840076517 0.237648563245073 0.390606932058209 0.378542150441551 -0.00754825033152325 0.329822626479176 0.21914667943463 -0.00696200497861987 -0.0245680771438904 -0.136890083288856 0.219104201390864 0.114280716314585 0.232042649543136 0.158470101391548 0.422829919853652 0.337437008980036 0.0460364546859724 -0.157740367579256 -0.0779835067866525 -0.148772288181759 0.0422030451176158 0.0130517849540611 0.267319811480073 0.226141271076334 0.292851320540411 0.12123280862885 0.174461088832559 0.0703513212854856 0.334106984042589 0.247935745061192 0.281148389493638 0.325617153884467 0.225405377931853 0.340825997374771 0.124408635587487 0.0157442022216315 -0.0249527676100709 -0.0565742837116838 0.390841216571926 0.392439861796987 0.299064092303279 0.191190965715077 0.0374277870085019 -0.035805374304266 0.425295621512895 0.329136685884292 0.469016402622137 0.353931973191282 0.211266287185929 0.271899930669569 0.369417545015249 0.219610717124657 0.129169271665681 0.237272858401913 -0.0149257129745441 0.0412231413895527 0.284713752960506 -0.0239598154472283 -0.114609162124744 -0.192161467280346 -0.101632825835657 -0.0864240494209481 0.00490547016377591 -0.076135214423456 0.234458896656303 0.0511425758675309 -0.164685478660265 -0.00589774815944929 0.228621427136037 0.0793204184094849
0.617244853352732 0.326021162477328 0.938879920686365 0.88185555896357 0.753950853542939 0.439365352990023 1 0.874057430133003 0.779370195479632 0.583499489003432 0.61253146047963 0.426405634956535 0.829679572406645 0.519731104534604 0.588366054277358 0.202217334324839 0.220577287253994 0.196325621947472 0.600596957196506 0.347263805118157 0.0962278627212596 -0.126469215196227 0.813943560011254 0.74815473493089 0.498597157238701 0.542276089982978 0.400592517520353 0.0175113559036072 0.360818226380343 0.28636629789059 0.771126883822493 0.521467777643668 0.777351754949367 0.734254940239502 0.589200530855608 0.636741544470007 0.496965631703753 0.415465537870506 0.416937345314287 0.2804792478473 0.396588709650537 0.272851683470005 0.770027315228452 0.752240817791266 0.66794981796019 0.567680562023094 0.683562215254831 0.561867952209426 0.689078115787295 0.552882747593964 0.712669209426774 0.601240588719724 0.571967435473238 0.624524993076002 0.627105718777946 0.509944317874231 0.286416753978077 0.223631284692392 0.706438488763891 0.685034427290792 0.854580702841452 0.663531322059572 0.444302397413243 0.385124121613807 0.618212576629023 0.812674832112089 0.769031874587906 0.794708141175231 0.404895658608625 0.595804658442814 0.69684054347573 0.651769354368028 0.580246531056438 0.487993705498239 0.32128829925391 0.440099487522085 0.678486630661174 0.513060377225413 0.26448210650487 0.286474147152489 0.21991584088032 0.163006655251925 0.0715879973130084 0.1044584411973 0.527175975345598 0.21707230185945 0.238088077739728 0.207033504038103 0.630102468802642 0.455951003568918
0.650340990318269 0.419235740943593 0.771224741873811 0.877246403957506 0.648734580166543 0.332385747043846 0.874057430133003 1 0.802270194119836 0.700729551176489 0.589103179713777 0.60310523511553 0.829403174692776 0.742547214630358 0.577255099658388 0.350282780540401 0.269587401180043 0.261314793907472 0.623396387148872 0.461719549063596 0.107431309836904 -0.110111362093234 0.687678042917695 0.707988489082301 0.44503363387202 0.404393821791585 0.296151701491833 0.0430478939264242 0.459943211001805 0.443409212597854 0.726564090506366 0.545608245999559 0.744930804537224 0.745784249082302 0.378071880503354 0.466367424434349 0.504167723109493 0.472720346815105 0.478576778061508 0.337287057148705 0.382804953230908 0.335084458142332 0.762479991448244 0.761773451248334 0.657462494655147 0.652281248846581 0.699896829387158 0.599285991613823 0.694735178360949 0.604461765730748 0.73224644144 0.630248535430671 0.629315791263273 0.582536269771838 0.689766758334078 0.620664417843443 0.324976284087029 0.301303833318473 0.684393545084476 0.680696826220599 0.791451505551279 0.825112507973911 0.394833812159516 0.445634530710394 0.417474771095636 0.741668992044701 0.597099342757273 0.713091739057362 0.419264791699362 0.529159706748831 0.637251983254226 0.632849231055586 0.586388136550648 0.540465269858066 0.285489856191716 0.474483751488002 0.610881520161842 0.578778982287962 0.329754419749008 0.338746709386534 0.29016778341893 0.235807743211613 0.152889482149082 0.161213918585571 0.472957537335073 0.308912205558264 0.297118312616589 0.265393434185901 0.626982025693898 0.547740557625568
0.590332297521114 0.363920191395673 0.718765545356812 0.725980764867031 0.718057190609809 0.126893922681384 0.779370195479632 0.802270194119836 1 0.670978206690237 0.552565974784809 0.393965774727033 0.703349455538397 0.543203872967601 0.495962111482867 0.140323022797129 0.259517532796766 0.260593905913617 0.53388932377818 0.360773831732755 0.0823037653919749 -0.0626513834199827 0.611192859449181 0.632409324949555 0.50892357206887 0.354836305267906 0.340716349730789 0.166348401957363 0.357453762589954 0.383525156677756 0.641216896440651 0.512109087618468 0.707171130203476 0.712234955281069 0.404369420860857 0.511910316177245 0.432330395045804 0.510081649134709 0.475266467716558 0.329115441037371 0.426910111023779 0.296363684391738 0.699081633380046 0.70337161149377 0.58925174667941 0.6073708434232 0.655682516354629 0.623052584693382 0.656567757921294 0.590938433036648 0.700931490713027 0.591715167413199 0.633541761037481 0.539295263410773 0.637726327246141 0.62885351489832 0.334573553009607 0.279684892705015 0.558844533117438 0.564147481230222 0.71473545197421 0.691092072767745 0.358834311923495 0.390494759735884 0.304321002017002 0.618515340017136 0.543316517998618 0.65772273480099 0.397979792225339 0.60609168062805 0.58340146620325 0.60662129554156 0.475602979472002 0.350696774468605 0.369286016026289 0.295997596945781 0.566739724768124 0.524329399461251 0.352691934734757 0.403611213461935 0.306741044042059 0.270037346943923 0.0791866480035971 0.120505981784676 0.416574005540427 0.196280977492685 0.266883528202782 0.250972059856415 0.612732757517122 0.536339517030779
0.416604761045922 0.331423412720675 0.520052362850205 0.567175611181543 0.532581426585577 0.286244529179794 0.583499489003432 0.700729551176489 0.670978206690237 1 0.425894116939105 0.442546655691617 0.562018831810576 0.590382805727749 0.440737612514096 0.419158943946993 0.175700440846061 0.22690673990659 0.446130524262231 0.30111993010229 0.0937397352108166 0.0596223460576111 0.527668048827273 0.467120850292625 0.243596242657839 0.217358398332211 0.241396070325689 0.189610574512964 0.309635082718633 0.347689315116155 0.579105595755226 0.518059797910657 0.585960857079652 0.584143762853327 0.329554068123651 0.394435014586082 0.342020915129167 0.30862605045457 0.315395494925706 0.183671583277451 0.263170043109946 0.275111107644611 0.566761015134817 0.556298094424119 0.518035117087711 0.504894561152727 0.55592395103464 0.444606519763769 0.52355953067081 0.489781506097477 0.533881885724324 0.496965056930566 0.453916959172449 0.39222592983133 0.471935729816252 0.47811142631297 0.217851660287688 0.250014433790387 0.435397759297295 0.477012416238947 0.543197039055792 0.602000087995042 0.279274142276005 0.346321192503601 0.20471797158948 0.468644424351554 0.439171387904518 0.523879925228581 0.264806864657363 0.355479803590194 0.488711984664367 0.509321943847827 0.341200351450027 0.325671551379156 0.156892551665742 0.321312018000993 0.488227018685236 0.498144593664334 0.211754792481276 0.262004415073611 0.206878877374795 0.206740625839629 0.0871804153256191 0.218029243420752 0.310185559266416 0.312982055894417 0.115634376728692 0.24167033737987 0.459674811368751 0.525840559418533
0.710704438615967 0.463838734809205 0.584694330135892 0.534933201976286 0.408587344754464 0.0815716369426029 0.61253146047963 0.589103179713777 0.552565974784809 0.425894116939105 1 0.624617726641297 0.791923445269642 0.628224356923738 0.387837546827341 0.203377424812225 0.428648329409335 0.464357169069194 0.566484637887686 0.445428861029743 0.0300262127011047 -0.108593671301288 0.518849223520596 0.448481226280266 0.444357309806303 0.460696385323776 0.263520613275929 0.160149939886622 0.509097764613877 0.561618609967916 0.603926263886697 0.4925342581451 0.634965847735619 0.646719611708551 0.17243322519614 0.304336841343696 0.422867326900919 0.427688608832367 0.495837786614695 0.343139066168194 0.451097695333354 0.387221601549139 0.474288049836928 0.515220693185162 0.30297179348387 0.358484217460512 0.414314297556142 0.351140419007372 0.274251159410372 0.239764715832447 0.430110027966501 0.229363872539918 0.320164449658498 0.281629352843486 0.399221124249903 0.392675756008681 0.468492835850388 0.401993876389595 0.335505017384166 0.266232278857295 0.773758346001766 0.570228863289243 0.746725211336997 0.610629443231422 0.258115487418732 0.524887453398284 0.252838155886721 0.360896595342143 0.292151405891299 0.282664815993217 0.363666450835634 0.424010968411102 0.610648569335518 0.426409973901641 0.311933298308799 0.40312669270835 0.515261039523735 0.634267777990367 0.407624927739824 0.410411726260641 0.358377006358375 0.288246488541326 0.10248686588006 0.183804769482374 0.469570257818872 0.29471190062907 0.205171820212565 0.220727054923702 0.456828612566455 0.362390562949393
0.618713583398045 0.554184199919313 0.314106324913028 0.445513516922971 0.168192595483686 0.0696906740007684 0.426405634956535 0.60310523511553 0.393965774727033 0.442546655691617 0.624617726641297 1 0.679994851746876 0.880931437316868 0.400193556813229 0.481144931216443 0.450335287200585 0.485112061331391 0.641041281215029 0.618929649562959 0.200057047620186 0.0609724448801785 0.278078648260701 0.237858205444418 0.166853960797727 0.159614894706218 0.106789999808974 -0.138821668963376 0.656394013658822 0.676215922572146 0.479213118397503 0.345177064983821 0.551944754079762 0.568497732064708 0.000707172151722255 0.0757604781153589 0.268839523868499 0.324057253085342 0.425657187554564 0.30356597078547 0.281635032198641 0.275658652390932 0.38508845942306 0.400789420575678 0.301371311340787 0.348240879677082 0.405103007760821 0.230961181787111 0.264290752115026 0.261871047825178 0.341174489405714 0.284055016119299 0.266927700321328 0.258606127893084 0.347046732315351 0.356130702388709 0.418436110804085 0.477456488205647 0.276012164443206 0.282522275546112 0.490178543521565 0.572114405520334 0.504072616875454 0.594649092449545 0.0791470616282149 0.372781258228137 0.150072897414814 0.240106377433965 0.308050348913452 0.1386018428395 0.296018700714439 0.313596082467179 0.576079290427502 0.628520222488914 0.276082269493046 0.623500117245928 0.300545546939655 0.605117348183659 0.335367569085586 0.293323723623014 0.395654994355314 0.36557604393864 0.282488686855948 0.296408537209817 0.380568274842774 0.522318091835768 0.210087357821566 0.335287627657095 0.252848549116148 0.412633609641321
0.746769949534796 0.490199598730629 0.745842464170901 0.771393455498466 0.576063068493803 0.251148886484879 0.829679572406645 0.829403174692776 0.703349455538397 0.562018831810576 0.791923445269642 0.679994851746876 1 0.76990728219963 0.709990258550757 0.42420734443904 0.40074036165763 0.386294484111277 0.739077177089957 0.574585917931355 0.219920673328705 -0.054386797426755 0.72160685579747 0.617397612093439 0.529908487462987 0.509716030529112 0.441867633766176 0.070391308882839 0.63460333858836 0.567020550287704 0.77268021282164 0.581776733926858 0.757139025873688 0.73394611002319 0.328573221104099 0.447207972361196 0.557691225664836 0.466881641966132 0.552369647955448 0.424054881236803 0.42333173489064 0.307332243232925 0.675669010997711 0.705156381996644 0.559631249854643 0.578445268115685 0.638801759900372 0.475219702343154 0.556506649432776 0.490093711779266 0.626706636561194 0.507187847094267 0.491685975970267 0.481908612769961 0.586408724861437 0.511341728965465 0.410640212014028 0.392522087763657 0.500241261018756 0.476583227952558 0.811112967710537 0.653634243664349 0.551811876483821 0.481775191087304 0.512273943569734 0.681460179781512 0.474188938171552 0.57348031958375 0.462356772793578 0.41559030806947 0.553103972306695 0.559840902535856 0.701940295299656 0.633143200022419 0.364726344063012 0.544227925648821 0.52017134763584 0.691720547999711 0.396528441734595 0.421321199770915 0.419660192205405 0.332232420124759 0.308763783406417 0.237722239343966 0.597832769843805 0.37820051794927 0.380038027474017 0.326509416003882 0.522583904361112 0.47971312907392
0.596417594587848 0.501902233687815 0.404414484149983 0.562925564687061 0.315973238801574 0.0972872966933846 0.519731104534604 0.742547214630358 0.543203872967601 0.590382805727749 0.628224356923738 0.880931437316868 0.76990728219963 1 0.587426445404101 0.641665485536502 0.372971729062342 0.412585309205343 0.636792813766221 0.601635950856117 0.279002948649047 0.0747391208728411 0.451246030520916 0.435924406077538 0.276566518057027 0.215273516831154 0.202702913291238 0.00105136730793878 0.646638371612578 0.667374841818929 0.580217787247622 0.543270860463405 0.572724213612864 0.593239887340426 0.063036110889075 0.154323580276573 0.394494934814291 0.426991395719982 0.483044925280421 0.338770094590978 0.322558698862819 0.280868360793311 0.474497721674783 0.491668535482697 0.354735243600014 0.431432887235115 0.470380895372519 0.306545286719849 0.352128660175342 0.341853680184349 0.43354195284864 0.381304703357708 0.366105183951632 0.354313728631407 0.46170238072856 0.456700968049886 0.360263251485274 0.42017293335504 0.274063098390406 0.311538918554822 0.548164433274108 0.658188295146705 0.459626364154532 0.513325098624944 0.180300567467146 0.420589048850668 0.171201281554037 0.302896749806099 0.355301823421009 0.173848199005222 0.31044063373972 0.382532970844426 0.531397204884715 0.606666735019593 0.259728268111725 0.561663870150315 0.336324732669836 0.616781762094478 0.366163076827461 0.330002143471526 0.394469568027691 0.352873872588671 0.383253827879707 0.313010554000925 0.426008838554957 0.537664138141191 0.350585567755602 0.458396902608673 0.370078018819329 0.527818903085393
0.54988764826925 0.396112214618287 0.556206937640482 0.63718231115787 0.538433929845642 0.298760723916652 0.588366054277358 0.577255099658388 0.495962111482867 0.440737612514096 0.387837546827341 0.400193556813229 0.709990258550757 0.587426445404101 1 0.669950529675074 0.331076577848407 0.250970603309564 0.710892131490946 0.610731377901944 0.412386560641069 0.0237756306922395 0.744500702520748 0.613609215511449 0.480821423545763 0.388746013734221 0.568434517233053 0.0836244838652716 0.60344707101629 0.35667804587188 0.623492116430128 0.615853898788356 0.58383222392807 0.535301099977962 0.360846806046653 0.40715653627421 0.575970326377168 0.341742528634353 0.42617532602565 0.418014223015178 0.256454139342254 0.0753643197138655 0.522624448951869 0.533365904077362 0.433485678323434 0.46825160148537 0.522117420534034 0.312012649545945 0.454511765968522 0.437397207328698 0.496284724924055 0.484737179517081 0.446987474536828 0.43471484613358 0.517604611210009 0.433827445038031 0.364316787934768 0.359415462138155 0.277530238671547 0.366629596815315 0.49552204316253 0.419770386500598 0.334887499554417 0.271359551744582 0.584221797776631 0.486253579056302 0.350983227012903 0.421746070109174 0.521518303637097 0.317781267712153 0.360910474150051 0.363348419567486 0.504901038705265 0.529200663270125 0.271237570512314 0.412772128295339 0.256191568640383 0.498622833871417 0.36159622161116 0.318340795103447 0.45093421723562 0.341888357220819 0.646382782817273 0.33935048789455 0.65555870309463 0.441756875136608 0.603703374105625 0.486972603907646 0.459201231864289 0.504833732070837
0.257770001903324 0.331806677672215 0.213016518717815 0.366749160921138 0.0725942672667335 0.16712070195039 0.202217334324839 0.350282780540401 0.140323022797129 0.419158943946993 0.203377424812225 0.481144931216443 0.42420734443904 0.641665485536502 0.669950529675074 1 0.17692354159953 0.194972942249966 0.466674574968579 0.463513984480348 0.580492092523257 0.250284076121988 0.424493504154025 0.313015406398125 0.213811530533433 0.221535543129548 0.310733786888007 0.10088501881836 0.44174941400365 0.329605294243711 0.355157034834509 0.498825724486985 0.207421310315937 0.183237570048169 0.108972182758432 0.0916755409644472 0.325045558938768 0.20442956474694 0.224384047733701 0.305800471427818 0.0966218019009078 0.0431827373962331 0.128835366682116 0.143259709204448 0.115689066905386 0.177968022598052 0.215636397958787 -0.0400843842094761 0.109558122357989 0.139933074032894 0.153164302458922 0.219244086860577 0.108872382549897 0.173510076582483 0.181537306363772 0.180967207666987 0.151992975592034 0.298354047150245 -0.0925874884562042 0.0304067422515855 0.154385657490965 0.18892062066578 0.0993526370535865 0.105614831628788 0.371033483718867 0.206275173799533 0.0142815615567501 0.0610415314499843 0.35394718648951 -0.0892009111023151 0.0204836746497075 0.0747419025133322 0.211056395858759 0.497698386847853 -0.0153450479172662 0.420588004820545 -0.080779238822005 0.358496422765927 0.169621981870704 0.111347708015932 0.292151094687636 0.340493342157369 0.586948325815565 0.521009115069924 0.367517839911021 0.657027805996372 0.423380200228259 0.602524178278289 0.0689210044123285 0.444779529772983
0.786099051209198 0.789095686793224 0.190793696534144 0.361411159489824 0.175135527634128 -0.0923918464029911 0.220577287253994 0.269587401180043 0.259517532796766 0.175700440846061 0.428648329409335 0.450335287200585 0.40074036165763 0.372971729062342 0.331076577848407 0.17692354159953 1 0.927418226779749 0.728140941872681 0.810325293016435 0.077697172061746 -0.167143504657319 0.259811212223846 0.207193628254237 0.436697458914265 0.273745525682875 0.399423807978432 0.105023352702764 0.807665209056936 0.794920712356565 0.405335186766115 0.393432686218307 0.620658895497018 0.656628499009926 -0.0712864748637169 0.101559252482499 0.520646633908068 0.473337070419551 0.55647316832057 0.600062396294574 0.566326335517663 0.406122297184912 0.311194399560726 0.391484394082734 0.245667588096445 0.433663493594317 0.429036795162231 0.359583781059791 0.236606775553766 0.318675635628647 0.431016722707878 0.280743254250641 0.434254434145132 0.26492671400229 0.537494098678549 0.575725488161306 0.920891880230825 0.866104112602822 0.207606546679791 0.233402388444314 0.4251130246628 0.47702902182231 0.693293382632307 0.7829584580696 0.183981440277083 0.373252921336802 -0.00733758259858277 0.205951699306742 0.542964295514578 0.323301282462078 0.0376110854920999 0.0945902986279184 0.383009893113859 0.345174976387163 0.331705820928897 0.36374591725372 0.271446079500216 0.680399691139853 0.839654582070711 0.750744024439613 0.870811103810368 0.74734158204144 0.44249682085927 0.544177662073036 0.684786493657543 0.509391569989719 0.446977750460766 0.322007651827083 0.491259786012034 0.514982779735161
0.740935130838749 0.838767622599714 0.158675556472545 0.312371734730572 0.132614587609726 -0.139322499653009 0.196325621947472 0.261314793907472 0.260593905913617 0.22690673990659 0.464357169069194 0.485112061331391 0.386294484111277 0.412585309205343 0.250970603309564 0.194972942249966 0.927418226779749 1 0.666222213428754 0.76042701074826 -0.000262533068935947 -0.159224342366159 0.245838844460516 0.18284119348313 0.4170801196712 0.298692234923105 0.342055421787498 0.196001365943175 0.725356140979048 0.818350010222857 0.422977335184514 0.42645374959696 0.599410264210979 0.632130329922217 -0.0868574626730961 0.074322336019296 0.465613293392645 0.509398116085433 0.524704922066509 0.593200550539866 0.608294033952878 0.487519832475487 0.308578987044513 0.383625928913781 0.247092708476585 0.449266358283744 0.444993287975853 0.427133681654611 0.222121921083933 0.328502431064948 0.425492337352745 0.285149544740973 0.411954070969378 0.256185397891513 0.515923897825309 0.600801340220581 0.875477731927557 0.910331361981152 0.147956121443153 0.175137763675897 0.389885132245794 0.459364399658375 0.686624605441185 0.796949849497594 0.125067391492629 0.314108571957304 -0.0541766613942736 0.16750480742137 0.554578236115832 0.352587027580893 0.0098197946328886 0.132834963012441 0.293483611517849 0.297188857747054 0.26653913778166 0.384024391578817 0.324083540454352 0.689918148980093 0.825165221504001 0.805431992425541 0.847961606448073 0.835079410019225 0.341423790785948 0.598788922236564 0.620189991599872 0.580364472810269 0.351579346588287 0.408451012381955 0.430783556218584 0.558610524540395
0.865029112463031 0.741946618868412 0.557237730422719 0.678347097005644 0.418503315119597 0.189217362156522 0.600596957196506 0.623396387148872 0.53388932377818 0.446130524262231 0.566484637887686 0.641041281215029 0.739077177089957 0.636792813766221 0.710892131490946 0.466674574968579 0.728140941872681 0.666222213428754 1 0.887281166698453 0.274921629046072 0.00869395682126647 0.592201441186163 0.449426165073716 0.508943383746369 0.378484054673685 0.445961462351463 0.047759688826835 0.818010990960838 0.662956850031539 0.675745980279949 0.504726944738008 0.826652438180321 0.788370432797974 0.251359126375986 0.372679233493342 0.604009687542886 0.449791809418832 0.542474896521389 0.555875294407141 0.49592694940084 0.319456192071437 0.599422517035841 0.63484899283016 0.534847274563809 0.612426381105217 0.655495685048562 0.47271582916268 0.528194342276738 0.555371043129302 0.635343467831764 0.560411280985204 0.583569490811306 0.541398347492709 0.630087415326675 0.620143225211466 0.74228540000668 0.701192714623016 0.446936479837518 0.506860105128591 0.625336701683674 0.569410608633958 0.60936895929028 0.637413658005155 0.422593456526899 0.573562270689261 0.393112853148197 0.522329044204963 0.672098275739593 0.483650976496317 0.392026134428407 0.458823279152649 0.663058641133678 0.667845260754908 0.420394648556143 0.584219950406894 0.393127530526747 0.72701940255603 0.615260340896628 0.561994082281578 0.71920678587274 0.624658984916405 0.552808993908792 0.487701658616748 0.768477462397002 0.579893603945656 0.521310444151637 0.404661259674887 0.581852097598701 0.64748695841771
0.82527153370535 0.805003159291401 0.288648438393933 0.497643465763233 0.226454359042084 0.0210181970172398 0.347263805118157 0.461719549063596 0.360773831732755 0.30111993010229 0.445428861029743 0.618929649562959 0.574585917931355 0.601635950856117 0.610731377901944 0.463513984480348 0.810325293016435 0.76042701074826 0.887281166698453 1 0.248301823069728 -0.05240287538779 0.393266711484147 0.286555999963396 0.460949389618452 0.28196732030192 0.385455271548148 0.0615580475288775 0.847772813169232 0.75114534780083 0.52142628211446 0.475207816717608 0.668320144857288 0.691113348489108 0.0187038233087699 0.140260856527486 0.571449570414301 0.442518763163641 0.54404319597387 0.598547345457639 0.481400465505464 0.315668027273278 0.442232658590859 0.503399093080292 0.389858170573224 0.570934940280691 0.544616925729594 0.420524650925963 0.377086884990092 0.475276767363123 0.53100474970438 0.45861683798833 0.520939004096159 0.396667895663942 0.585534275446799 0.637736792410368 0.797487940876015 0.802286852282614 0.268458674322125 0.330018272408416 0.460433689331835 0.529556721953151 0.575392829095483 0.661691383952176 0.28139969892387 0.408635230659553 0.0999725993229606 0.300289299978057 0.695797327559408 0.387577334295596 0.196670568961381 0.265189996771761 0.537670238570575 0.58249561362243 0.348103944958227 0.509182287523053 0.212163901207998 0.673850056193957 0.701832288641487 0.647253842901322 0.8331904894272 0.72670529272439 0.63865630073473 0.5299792056887 0.73299471277157 0.604876092744311 0.581330549518348 0.42805340470307 0.490636553091035 0.605954643815141
0.100567735867331 0.121754963836216 0.199961727469896 0.256955660995309 -0.0278424054766122 0.0367299840076517 0.0962278627212596 0.107431309836904 0.0823037653919749 0.0937397352108166 0.0300262127011047 0.200057047620186 0.219920673328705 0.279002948649047 0.412386560641069 0.580492092523257 0.077697172061746 -0.000262533068935947 0.274921629046072 0.248301823069728 1 0.327039232983428 0.241919117411111 0.124669106262503 0.134380311588178 0.248549480804615 0.31840912641329 -0.12548729283693 0.258410096530488 0.0404519474623352 0.188513125903207 0.203384869793579 0.0588291867701743 0.0431653671832183 0.20588823592826 0.176563884975778 0.106263070643328 0.0768930459138457 0.0690771771738176 0.141289415990005 -0.0457437007639672 -0.116109749067954 0.0441141629447974 0.0390128353001465 0.109981051802715 0.0808660312181872 0.103046115912663 -0.133748566958722 0.0948968779915472 0.058206868905702 0.0386893637633831 0.10304514310904 -0.0237733976359359 0.0770292803072252 -0.00522621098307085 -0.0392022732218123 0.0559004036546644 0.0880000384002298 -0.0632326537785928 0.00693513321476349 0.0415132612942003 -0.0408960397768052 -0.0696647127243998 -0.102361554279108 0.36801960987295 0.175953784954473 0.121810583922676 0.121540822511067 0.186333423064531 -0.0786198603584399 0.0186707991700564 -0.0253737263821367 0.193558875464272 0.423148074778942 0.162803650522481 0.320312067341019 -0.272035831169752 0.187664157079896 0.0516203070833746 -0.0190002994193052 0.133632820867641 0.142067559729798 0.397748030267243 0.346649264274734 0.208486172984347 0.382215749465558 0.285451939828521 0.329760915987252 -0.0641643174496147 0.12749242525853
-0.130258050760987 -0.10720385999665 -0.0854696318012211 -0.140588109244266 -0.174590152656227 0.237648563245073 -0.126469215196227 -0.110111362093234 -0.0626513834199827 0.0596223460576111 -0.108593671301288 0.0609724448801785 -0.054386797426755 0.0747391208728411 0.0237756306922395 0.250284076121988 -0.167143504657319 -0.159224342366159 0.00869395682126647 -0.05240287538779 0.327039232983428 1 -0.136789117994846 -0.241906264666293 -0.192808028547143 -0.0794697898862462 -0.165554422769247 0.0353050526736845 -0.0645046509986053 -0.147155812052089 -0.139647833716617 -0.123004865751729 -0.174176473871974 -0.191212084256621 0.133377734664411 -0.0477592861381287 -0.31843874164256 -0.314651232737822 -0.228576987717267 -0.231728873509625 -0.149045177037795 -0.12975280211014 -0.162572305840795 -0.208333737992492 -0.084549908215348 -0.145484489012857 -0.120483325194451 -0.238971461990465 -0.106140583614761 -0.0632998100834646 -0.147063037488418 -0.022421033408006 -0.0859290061255533 -0.000942009148442365 -0.237784961933282 -0.232992180618833 -0.175391140705867 -0.12274682386154 -0.158071581921011 -0.105956325377289 -0.147270009675586 -0.236471797723811 -0.167416993709805 -0.172803328332386 -0.0171268015366346 -0.158724740614108 0.00577234810023226 -0.0937733115107637 0.0307237348315329 -0.0994184385056432 -0.0623775726046107 -0.105139325804403 -0.0736703139029613 0.168253908452309 -0.16175040240609 -0.111358984094953 -0.293365126181118 -0.140613222626861 -0.156987722198039 -0.263337679131697 -0.075002398069304 0.000440471508470165 0.142033108524166 0.0628188514789786 -0.0210643524775044 0.123291026654924 -0.223598649805507 0.0212183940762004 -0.206733207001451 -0.0435270555155309
0.546101604078474 0.369523141884914 0.853490579075643 0.816735497364088 0.700076963399573 0.390606932058209 0.813943560011254 0.687678042917695 0.611192859449181 0.527668048827273 0.518849223520596 0.278078648260701 0.72160685579747 0.451246030520916 0.744500702520748 0.424493504154025 0.259811212223846 0.245838844460516 0.592201441186163 0.393266711484147 0.241919117411111 -0.136789117994846 1 0.850367296020451 0.68130589537225 0.676777551855038 0.555339159430176 0.248293759471078 0.387840006223865 0.289857818001565 0.801430605323236 0.727357526038434 0.722955602839343 0.661931477568504 0.626542621372543 0.647502527683691 0.629695488119969 0.463046778527052 0.48459957899945 0.383402498569436 0.438444573844013 0.226033222935212 0.674227716777765 0.676326303304928 0.540479114762524 0.498515132569657 0.602601001502928 0.474411047186362 0.561526900138048 0.468137659829412 0.633018474160373 0.535749525665796 0.522273128450576 0.589373422159652 0.620844718412357 0.499570191789506 0.338087830659641 0.324437751629456 0.429334434865857 0.489401066022698 0.69581003707922 0.495674123313412 0.421528872387827 0.309866981429391 0.758888711097218 0.725903210083308 0.62933348592984 0.689419975748815 0.481864961956944 0.52993847000809 0.486471186986796 0.519312866820226 0.454709971983274 0.385384850177596 0.259938055418769 0.373285073990133 0.586320266244659 0.552800592924443 0.379007314850945 0.370066016488714 0.306743627183268 0.291889698356575 0.273109763655845 0.310982661364206 0.649074659643553 0.373322775632109 0.447908498582967 0.423247930367702 0.567927609301522 0.542261995469945
0.473061280553062 0.306452377259827 0.745905510040619 0.783505108355502 0.735604937750444 0.378542150441551 0.74815473493089 0.707988489082301 0.632409324949555 0.467120850292625 0.448481226280266 0.237858205444418 0.617397612093439 0.435924406077538 0.613609215511449 0.313015406398125 0.207193628254237 0.18284119348313 0.449426165073716 0.286555999963396 0.124669106262503 -0.241906264666293 0.850367296020451 1 0.57215769201081 0.562948900135147 0.515197190733277 0.154811718959517 0.268923457009101 0.269968913824721 0.650292820962189 0.623591995952216 0.600030718832941 0.589520562110653 0.522012084931869 0.600941164166054 0.573178254435086 0.497266020276409 0.453794149671538 0.342763518616906 0.355477281548537 0.223909314586726 0.618441835574622 0.612031477972266 0.47493700560113 0.442452410790736 0.538683112187018 0.467331694191154 0.524593307331169 0.426021966725883 0.599560569845481 0.482267665892785 0.526372669724705 0.523061849980334 0.593403210891709 0.505342184738784 0.294350342090826 0.247204705143772 0.451328480538539 0.461718153925993 0.640041747534876 0.609378281693067 0.309747053161621 0.25228747698125 0.592207581618213 0.666252254856678 0.513149580619846 0.591093130936146 0.425391250560726 0.511726416420658 0.429494808288956 0.458008545913772 0.339294816299351 0.259730279578341 0.183846482414731 0.28592717914042 0.604040018065457 0.436998401579963 0.351994942698484 0.294638797247496 0.227623408540217 0.199054927183887 0.157292090791142 0.168419768473413 0.479681365617987 0.240417916674593 0.354073702455553 0.331375233565809 0.601267779801511 0.471603498579847
