1 0.913493315868947 0.917696064001929 0.928296712968395 0.729286864865603 0.722323573365965 0.947690275087089 0.929383974861009 0.79022037985061 0.768414759712826 0.84399048262149 0.85745715346106 0.89336483771533 0.876301871162257 0.738389869517203 0.808356370684191 0.903358561843845 0.857465245498208 0.872899573289888 0.839156326011106 0.535213180849731 0.332726291319061 0.872879486725966 0.828128902101014 0.843848702326627 0.818968270506742 0.455777920172439 0.471964075093686 0.832322306117803 0.893760684445047 0.858561527069802 0.840895800012937 0.922656642095138 0.911739478963826 0.493946386476558 0.699066342638244 0.789197177539804 0.788538301687735 0.748716177235973 0.7749372220702 0.444034267763811 0.664695175731881 0.748899454309274 0.737930632105565 0.735297366809583 0.767559336590702 0.777137483248805 0.825485462757777 0.722630365116393 0.707248058527805 0.781771792918533 0.677795907829385 0.640488027849176 0.711620114857782 0.878558466146725 0.872006916140939 0.917997917100482 0.86370069817144 0.826439884493145 0.739709720741361 0.848784440705343 0.807414103186293 0.899440221798654 0.853803783365693 0.701730836992117 0.727130519137853 0.8057764151333 0.808528778035751 0.758812851439875 0.696466831537314 0.867730993766286 0.869751473133257 0.867237422898752 0.809054462630372 0.381038013385031 0.602020452750931 0.789212735563707 0.705837270515687 0.797454101278979 0.791291724855636 0.91726854610183 0.853606490832267 0.704030232517548 0.60998286987191 0.8880977747667 0.786205739421954 0.596084189405568 0.553828673375614 0.80224528161578 0.743267543386702
0.913493315868947 1 0.808529674218756 0.870145164131004 0.632310532361224 0.623713666028042 0.83029224865882 0.883487990390674 0.659675869295288 0.674419360036834 0.713797110451926 0.843673368491243 0.748006214129453 0.853325375647651 0.579836167102341 0.774286872143924 0.855322803271591 0.928549179911949 0.786674863735974 0.76916810511489 0.50858821293246 0.26922417486874 0.781243791051311 0.749955694703083 0.78647929489766 0.79752891862996 0.489264803715004 0.3805956065874 0.747298239073502 0.88749897769407 0.776589452955581 0.788130043152911 0.863329344877119 0.851239018059396 0.525689392004656 0.665484785770126 0.706234227517377 0.696842812997413 0.700027675183016 0.738449363948794 0.349729136386654 0.563984916288427 0.772853867902303 0.725143907191573 0.717378991415124 0.72132156346852 0.808378305365768 0.79258673226661 0.694288138552264 0.717289588168508 0.769068783212708 0.74399725302134 0.610826989998371 0.733579324617118 0.873977739558169 0.869358011513291 0.924032413090305 0.942569075979029 0.828929577542347 0.769012170227039 0.82628167803997 0.834558452343797 0.851274142719612 0.909095149686196 0.657618224878337 0.741649149313215 0.786436552833894 0.761930089121686 0.813827909047904 0.724726607377593 0.818329020674152 0.829442220358968 0.805233125523452 0.775122362115666 0.43663985983634 0.505551794380713 0.712646087503634 0.594043886857886 0.736237579293664 0.812250239740414 0.840755927328533 0.899815423523464 0.549494807729134 0.586664805666875 0.792888867185003 0.82163780226459 0.525476840243566 0.496791585678981 0.706693868371908 0.71197996318667
0.917696064001929 0.808529674218756 1 0.950725270367038 0.77162332415417 0.753475099685049 0.959288584400407 0.913062592689729 0.837226734403108 0.856886607486127 0.823525122962147 0.803936362431357 0.896539564466107 0.863342208996248 0.832293255135877 0.877384784141763 0.839329736463467 0.76301239357459 0.872736198632808 0.849677638205839 0.554610745147019 0.269546122363629 0.953444064708051 0.93287295749136 0.885447527491243 0.856858651597371 0.467949875057502 0.432313443220699 0.814881425229539 0.850282608126491 0.914189014534792 0.894559442290814 0.895350485269484 0.896889674381895 0.504227499508905 0.671001530554839 0.774445028333641 0.779188486835411 0.724221940611964 0.769985562127387 0.448604443914573 0.678100797533785 0.58376821458392 0.591297645725924 0.589138407800153 0.616848478036955 0.607756445990241 0.699981375647707 0.581633858077393 0.553192533083983 0.672782389834031 0.53336135962542 0.548847839004981 0.636138307455952 0.79013763673769 0.768513876395316 0.805614125636214 0.734058588073459 0.689348335156112 0.596516759642597 0.727445983816131 0.705849368759259 0.815453586938741 0.712970646806045 0.749850972627148 0.672764860846832 0.71657625113263 0.750594411873254 0.633866787736245 0.585433928543235 0.869804207363413 0.852855088121384 0.855501689292439 0.827338466780501 0.361078321258622 0.584470215296476 0.75373666081265 0.729548820665224 0.730828962444394 0.762556255103366 0.878722314811217 0.790642498832079 0.763238708017303 0.653867743652032 0.889204081682742 0.762597862317766 0.636218679025677 0.675872812653952 0.790535618862002 0.744155884957745
0.928296712968395 0.870145164131004 0.950725270367038 1 0.760156248772245 0.777496296621729 0.948513227083516 0.963456519741252 0.797110294091225 0.847622023220945 0.802510064991207 0.855698210992592 0.868420683726178 0.894507815258128 0.752395532399445 0.880184574101951 0.8629005770054 0.833071963508579 0.849840686963266 0.829214239174154 0.605945052827139 0.319415171189995 0.928205060571203 0.91851038174679 0.877779621757689 0.891412586792978 0.525561376621579 0.467959648723252 0.807579156198149 0.890356588429187 0.894119893462583 0.892127879155737 0.916655309109929 0.923480028658123 0.511408154447165 0.71363586335052 0.773477351567393 0.806318102466938 0.760231197084496 0.782451076884306 0.389231290344111 0.658703388244806 0.653972937179595 0.635235626330543 0.643182053748341 0.658579776723898 0.679532775026231 0.744261718672933 0.637253632309913 0.613494837796629 0.745078525456528 0.628569150099878 0.603534715970998 0.679957798926115 0.851971527664854 0.83108438391732 0.853950445145962 0.812457663489153 0.773409053283773 0.694743413048363 0.81943849580886 0.824964727352738 0.843209768848266 0.803572655742712 0.755220247791279 0.778149108415844 0.780147451953355 0.822895321838259 0.722170823767782 0.690187096466398 0.903738262570966 0.879992021749878 0.875515051337581 0.823399299194749 0.393007362120308 0.622227573324076 0.764793328919867 0.699876473928536 0.767444923954105 0.79755118055417 0.893779640280758 0.850056872727278 0.688245681312202 0.632973015379863 0.873266922971485 0.807533126907436 0.600130638066686 0.619659543156491 0.802570483747089 0.764659380150547
0.729286864865603 0.632310532361224 0.77162332415417 0.760156248772245 1 0.610221110227625 0.766814527766929 0.76629111804632 0.866472071445802 0.784538041876374 0.712675358588559 0.708465950232387 0.78399173096563 0.730730330377375 0.795103945048084 0.783604992176673 0.67370986000063 0.63764254276344 0.747541603316742 0.774312365130933 0.560446332996707 0.092027912833324 0.804087019681225 0.754751628716556 0.746384417205303 0.78000698887517 0.447690768270746 0.249372175282463 0.708874939853301 0.744929229771241 0.704517083940428 0.743553797461626 0.681452523709682 0.729402386957603 0.400449173595047 0.485757721686402 0.706629370370543 0.67052723786216 0.669570961235574 0.640974360541401 0.482861231786744 0.689084970910639 0.366314738355651 0.369840319949354 0.38009256510935 0.401607633699474 0.448187662574346 0.506010464836812 0.388108019795902 0.376783324696457 0.437596568397693 0.343181785639869 0.406933781312866 0.451213509649523 0.601800825278231 0.587369860943498 0.637639448584374 0.592599642224301 0.487734108728033 0.420510681492402 0.527794886240339 0.551369217904396 0.611342176066168 0.530345173727589 0.557006864936713 0.528658234033352 0.552558784076481 0.532066406484212 0.506202895446966 0.474146391081344 0.669774649767068 0.691621921756536 0.66972211534857 0.724039806444474 0.240258493004327 0.50042653374335 0.717357047951881 0.646713256469104 0.55919630173766 0.598875648143445 0.730319131778357 0.612131184449442 0.717386812796126 0.604062866966819 0.684290011250214 0.604197354590075 0.642046591251962 0.544628301705227 0.609435935506505 0.634596976818208
0.722323573365965 0.623713666028042 0.753475099685049 0.777496296621729 0.610221110227625 1 0.771721887669024 0.765494078307681 0.704356165932962 0.787160016395676 0.704711827018744 0.641887685747228 0.756270253113478 0.702067684409263 0.725923852553301 0.730315809692883 0.668760722164978 0.529161091409959 0.699863974642356 0.704656358336388 0.508148450369046 0.274717841297853 0.776225436113268 0.734358000265388 0.691525824034494 0.687894448435491 0.446427406463603 0.560590970102267 0.68520156710141 0.62673131922209 0.784599557180207 0.717227526434309 0.754975252751542 0.75259756102226 0.477867977301684 0.475699773301601 0.663700599216193 0.670390232515954 0.618406160632922 0.58980653805007 0.522536059820124 0.511519927506066 0.438824831243887 0.449820526493663 0.450244119571083 0.476210642264824 0.438746907259789 0.570691961760439 0.501134160039815 0.454210088696337 0.543922124007946 0.412485282175685 0.471464364924849 0.490697839427283 0.591384073951272 0.586721175843101 0.600591510020054 0.541149134049206 0.555506689538559 0.491130972533638 0.579002010198164 0.614155171236164 0.613084256163641 0.562475927463371 0.525656839719424 0.550906652386037 0.525205542887777 0.605390210040052 0.561091771457028 0.552855507439932 0.694729886669612 0.686034487225176 0.748206079766897 0.670953783431267 0.337720720342712 0.641052574264881 0.676935350072807 0.663166484757077 0.538672618457779 0.535526149078908 0.70594282460202 0.55804982713542 0.662122661130339 0.488742197494704 0.698620866164016 0.6012189177012 0.495074175453473 0.579364054975475 0.639696088558456 0.608582741484895
0.947690275087089 0.83029224865882 0.959288584400407 0.948513227083516 0.766814527766929 0.771721887669024 1 0.951432934197822 0.866501005699308 0.857606533310237 0.839795530006127 0.838786092770137 0.914084020911461 0.893406330654514 0.810596036302964 0.846437039660216 0.859999615471347 0.777630238841603 0.882759832472899 0.858160866779165 0.54487474845648 0.288004014566805 0.914028401013369 0.884882623943307 0.857606158953574 0.818037881708752 0.429541572179375 0.453704254635929 0.835489570428385 0.880014682754573 0.908680476159891 0.884756566914216 0.93618962116392 0.938281842491925 0.481726165524043 0.691399150790208 0.783360547369496 0.811663599848614 0.756584462369499 0.809005298908305 0.460618673275395 0.702915661827732 0.648113006188506 0.649877993423414 0.644608638556876 0.69326507535726 0.653557414770914 0.754672260372398 0.648595484297055 0.600070363000968 0.722187800646234 0.554362057827826 0.60721562543202 0.627452569838027 0.832038050235284 0.816294667476915 0.836669990763176 0.765521532014783 0.757933461062055 0.655061300628875 0.803908317166276 0.771562145295369 0.853691228714446 0.777923272624431 0.701070838347906 0.687707240012518 0.750808485608305 0.80350094938507 0.685184832553316 0.652954744287408 0.883216631387363 0.87244257552453 0.858636173376864 0.813348118127388 0.37605581142046 0.593626777923949 0.75624295203981 0.759846788173421 0.769368477446367 0.762190133865109 0.911422013690928 0.79971654971859 0.756133572255802 0.672899418740785 0.863813391467542 0.747724078384164 0.628430387446443 0.639888032809272 0.807273866074182 0.770161170127831
0.929383974861009 0.883487990390674 0.913062592689729 0.963456519741252 0.76629111804632 0.765494078307681 0.951432934197822 1 0.80842691724587 0.867563026932166 0.792734242748258 0.904738604807676 0.862880391368748 0.923281282099527 0.741665934557601 0.862385629130812 0.859006639326033 0.849801678254352 0.84822032743268 0.833520719796419 0.626719487169857 0.241139774167989 0.90172396002102 0.875543603416471 0.851813790845589 0.853048893128711 0.46088459360578 0.390501750448081 0.820988531646567 0.910940912368073 0.877949848708722 0.894650511158514 0.925452520845434 0.93292808871138 0.576344616834863 0.697123260786366 0.761994726498055 0.777183857305215 0.757733521165727 0.799968491071141 0.415043008160869 0.675701496995714 0.664730795558671 0.641952145394679 0.657250310868114 0.683751129398204 0.695860828608889 0.73981615260498 0.664706849351052 0.635396277712916 0.749423443287944 0.652095732360618 0.596201264647711 0.680534070882008 0.85049573832616 0.828962126958818 0.849354033200643 0.831700294011572 0.786819634025677 0.707691224503958 0.822687268845312 0.862633550331123 0.828010719855236 0.835601649925135 0.691586441408508 0.781140481795635 0.776430306796081 0.81061221592076 0.728271000474883 0.680578690328727 0.873603623573059 0.88045048672137 0.845336409069873 0.83019797224466 0.360237111523364 0.58213554064667 0.798061237123859 0.723370702013521 0.748672661527125 0.810723478636074 0.905116514639462 0.866428119609102 0.675621764403526 0.675166031799299 0.839822046421667 0.826589560804726 0.610680083732101 0.610072966461305 0.774189594890357 0.783058773733517
0.79022037985061 0.659675869295288 0.837226734403108 0.797110294091225 0.866472071445802 0.704356165932962 0.866501005699308 0.80842691724587 1 0.840302550057492 0.749001873312405 0.672341832795577 0.821911398488319 0.765237019766232 0.880737632320578 0.772515014812544 0.762949689088429 0.634465684022404 0.820824355066212 0.836039275567076 0.434529512515768 0.158874978291399 0.822823515531671 0.782197468780678 0.765696918833719 0.761033170138164 0.332128924326755 0.340523015449096 0.792740696503016 0.750159728914028 0.799446559368123 0.778985662173402 0.797869336573376 0.817555953960833 0.325725916731632 0.480643833466193 0.770728464443196 0.780464115833564 0.688126328885284 0.735385178954217 0.574001753619028 0.735495972995919 0.441879025904226 0.464315301484083 0.43624835990715 0.516221476184556 0.480154961042536 0.601338699339967 0.492840776450002 0.426371690142493 0.531127785281671 0.337824979869461 0.50718381484992 0.46246608034605 0.663540034584901 0.670815397294835 0.701839091642493 0.605012222398874 0.565755705132537 0.480909341638585 0.584336194672516 0.540010964187436 0.693287182066834 0.581087914224511 0.500885128080718 0.445063443331359 0.563986647051349 0.612410893895568 0.540796166925919 0.532516746549179 0.72959772612196 0.731132246195453 0.728742889641361 0.717489559238898 0.262070609089625 0.552317004119887 0.724920467174039 0.747658636330158 0.628790995956285 0.563051557018623 0.812324571757847 0.596977301433399 0.823212182360941 0.637010867408824 0.732593255604667 0.554725889085243 0.681117206084305 0.613950646389297 0.682797044479827 0.657021097646915
0.768414759712826 0.674419360036834 0.856886607486127 0.847622023220945 0.784538041876374 0.787160016395676 0.857606533310237 0.867563026932166 0.840302550057492 1 0.690210863002253 0.762473287211063 0.778762661650012 0.820569287213215 0.792181466274534 0.861011627829383 0.72994092099467 0.632131866333248 0.814239386166764 0.797789639803532 0.580753399807976 0.156608611920879 0.859200210652342 0.865468527970468 0.788129477501462 0.792266705053822 0.415971862885222 0.358985087944357 0.74003666197334 0.775364312630678 0.826551766887342 0.843536255903543 0.784675829478746 0.810978954407639 0.552638936411488 0.538904446545167 0.67117661873493 0.679268795300502 0.648271685457115 0.729855463328895 0.454433314215199 0.639603234520417 0.426073355827151 0.435834744933051 0.448299516410609 0.475607061061555 0.4674657310335 0.554156785357776 0.491778004248264 0.439140107255251 0.541677084602382 0.403770983452329 0.429868528412442 0.515481091787401 0.626199003317373 0.623076983622172 0.642365056610028 0.607020591286281 0.551173238504371 0.476739923244793 0.588585348018364 0.635703716424488 0.642518677073018 0.57429462918193 0.596119867466611 0.616167509025332 0.546498179567363 0.60708275474924 0.533455401641045 0.524114047847962 0.75925597425198 0.775162538801322 0.727565706199185 0.782206907364704 0.256580956058951 0.542013660497116 0.71383810629967 0.718768087503383 0.615940916975805 0.669152950793937 0.76614123070746 0.668585225357134 0.705966060980238 0.630690302075849 0.72262120842413 0.681800537086345 0.592785635857769 0.683489197698719 0.636130894540653 0.666625418670681
0.84399048262149 0.713797110451926 0.823525122962147 0.802510064991207 0.712675358588559 0.704711827018744 0.839795530006127 0.792734242748258 0.749001873312405 0.690210863002253 1 0.761018009886929 0.933733077570386 0.785428675350493 0.825703310760133 0.7321342309563 0.834296992240364 0.680745093349448 0.720576897334821 0.765779160626585 0.522482613433242 0.214729710765431 0.807106031188583 0.765597822059362 0.762584748050018 0.723080237416542 0.396191181546755 0.433166752571594 0.887315395452123 0.748631995419561 0.80761227942326 0.774461054007533 0.7657417525042 0.775993517602644 0.479699584787799 0.517149144506442 0.674828533781777 0.6560081751269 0.683539876758124 0.600881539344628 0.551935394974772 0.584485954734245 0.493588077184862 0.492272317901855 0.490529200463138 0.526399725402072 0.539247216494413 0.642967321237758 0.473142793750438 0.457241796198518 0.552339729108578 0.425519454254197 0.459661846826551 0.542618487967079 0.66273612454347 0.626780301094511 0.722276391346599 0.642264333243195 0.616643919250348 0.511032052553373 0.645769423696406 0.677443935627952 0.815342701948435 0.709944304543429 0.589308488081637 0.584906379514497 0.595980312527163 0.574347258107791 0.536944362029274 0.463915011958386 0.694709912017314 0.68291640436482 0.849207953563336 0.744466827711141 0.241630620227266 0.566444853803509 0.738225391682579 0.655857629488753 0.658277995783292 0.643846679467454 0.819940436656577 0.670848112438995 0.789509157287702 0.427428711442903 0.796553740486639 0.610999669033948 0.612807558090067 0.431194500886318 0.678470950593686 0.52023345337406
0.85745715346106 0.843673368491243 0.803936362431357 0.855698210992592 0.708465950232387 0.641887685747228 0.838786092770137 0.904738604807676 0.672341832795577 0.762473287211063 0.761018009886929 1 0.811435593231739 0.93038285631366 0.639066539950603 0.833810994928117 0.807488341161811 0.832305712616329 0.779773722257359 0.776701444002372 0.63587268529547 0.126795560313281 0.820482362088502 0.806962920176603 0.767180347167441 0.770597508551617 0.446270181430806 0.304809773063702 0.782281546098258 0.906161014932945 0.803737346045794 0.826275000634804 0.815474814797531 0.863631662647527 0.610785550617374 0.646442026474022 0.63879990025656 0.622368524148289 0.702942916565949 0.739299912898299 0.357443418324367 0.580850244461986 0.563113646044631 0.54794407650321 0.55620929116975 0.567686437047843 0.63198475713834 0.623600491611428 0.510645457273907 0.514732620897416 0.610729772878178 0.567785758452252 0.420774632579126 0.577941252506866 0.752459629560393 0.719090331662709 0.772817565480377 0.795853193191072 0.692756372960591 0.594056162333705 0.759076503179151 0.856716669437301 0.790392858634438 0.832020255401025 0.629094294968089 0.764757260174403 0.672142287738746 0.685779677065756 0.626509115233558 0.560994901441794 0.790010727937192 0.807374680525197 0.7708953567768 0.835511599150826 0.347066499552755 0.511168568984857 0.741999166631649 0.624911596009535 0.704357109716413 0.840887253931919 0.806385629119057 0.845645929606405 0.58071300845139 0.645143131128568 0.716509582338795 0.810725874010952 0.5587814527575 0.564377943167385 0.630297623619769 0.712296247633534
0.89336483771533 0.748006214129453 0.896539564466107 0.868420683726178 0.78399173096563 0.756270253113478 0.914084020911461 0.862880391368748 0.821911398488319 0.778762661650012 0.933733077570386 0.811435593231739 1 0.867283289704967 0.873560348616749 0.8070129610818 0.837631014584335 0.70928565738983 0.833016927294581 0.86407829898909 0.572088943455702 0.181683997172455 0.890285175331309 0.837839187788713 0.826773224593436 0.773804855812625 0.427405116817001 0.416432037369955 0.877120279935014 0.82384258444808 0.882652412026519 0.843897685129244 0.847054533781731 0.865488138260576 0.4901106744568 0.59685716772698 0.744593564366004 0.753439094298796 0.755316559106573 0.697334712894918 0.555984765238759 0.694453239747353 0.540564980469304 0.55961195304847 0.546389409652905 0.595040047744703 0.567173775397501 0.685393281879485 0.530431066834769 0.498686194829 0.595129827527447 0.449537705863781 0.493034220962391 0.535341862474036 0.731650848103544 0.705014280068086 0.752671257379746 0.677234929812159 0.652866151906736 0.542118732530301 0.676674177687049 0.694271635249081 0.821717223231847 0.710589686197107 0.606270823386376 0.59711611913325 0.635067159567372 0.675725848534127 0.580641590770024 0.542611653345955 0.782730653753959 0.786337538613462 0.866306308188108 0.817332527162295 0.315018900384895 0.579808901317254 0.75333386567439 0.739989518800569 0.675164801648988 0.712155014625211 0.873463765329726 0.727123013101991 0.821573302450381 0.595845050973321 0.827872102873477 0.674328599652559 0.665285422367408 0.589220861765742 0.73625840408831 0.661531922894287
0.876301871162257 0.853325375647651 0.863342208996248 0.894507815258128 0.730730330377375 0.702067684409263 0.893406330654514 0.923281282099527 0.765237019766232 0.820569287213215 0.785428675350493 0.93038285631366 0.867283289704967 1 0.737186721040426 0.884879365857719 0.812470408277102 0.795707799463894 0.830799044968729 0.852521458227566 0.577128342910172 0.11974482837778 0.880284365796725 0.857827191420183 0.799372106779928 0.790415520826175 0.428224746497675 0.354653506328636 0.815625740797154 0.907235606570641 0.873194514142334 0.852658802772228 0.88097246947542 0.90803981215305 0.553311930497042 0.635965942173218 0.686881877726018 0.690558382014748 0.723477867563655 0.79021895848024 0.437027062834713 0.680502459707062 0.569589160830449 0.559351213818595 0.529619793331337 0.564204991479762 0.602260471167614 0.646652073759126 0.523073252219709 0.490825801960293 0.629535618026136 0.534943576980167 0.451166526055519 0.572302732068663 0.773222317194701 0.74629937051042 0.769299491666051 0.757221736356895 0.675522555842252 0.568864317446428 0.740945059981656 0.805821074698015 0.823706003670212 0.820945169235048 0.609486516194628 0.681153901390204 0.633756294509401 0.721587769562823 0.599330345193062 0.572920686609788 0.846492226169659 0.854694254914636 0.816505952656275 0.861820453962518 0.420995324768128 0.569256600382695 0.732046173148975 0.68570404658045 0.662674011057398 0.782865462942591 0.832929096215236 0.825111421970999 0.667070114501408 0.701035634359896 0.74479977954083 0.796714033370522 0.598478599103969 0.668212031009388 0.66509110422117 0.749206976924577
0.738389869517203 0.579836167102341 0.832293255135877 0.752395532399445 0.795103945048084 0.725923852553301 0.810596036302964 0.741665934557601 0.880737632320578 0.792181466274534 0.825703310760133 0.639066539950603 0.873560348616749 0.737186721040426 1 0.778064875218892 0.765074998580149 0.556811948057096 0.79331602332702 0.834666912691433 0.500595273218699 0.0700242188585251 0.860343576449436 0.794309272495659 0.768850708795099 0.725388981464921 0.344798157629518 0.311882302443252 0.862554893368174 0.681971018483398 0.826829295095374 0.764017219488075 0.741295060449781 0.738252122055217 0.450131322801734 0.377699822450331 0.76356865145011 0.71340853499469 0.697953829446399 0.650883529910738 0.712778471922263 0.70983302725263 0.333034751653052 0.379463427088502 0.332983171064764 0.403476536559618 0.380618378517519 0.553111553715095 0.393896667732542 0.345879748825262 0.430080673240092 0.256710711653023 0.399134401068189 0.417391614782227 0.569618362949778 0.56209352013335 0.619160998086363 0.499081757150543 0.456273222049886 0.3659595772567 0.450870001234694 0.46277381241042 0.663440411746918 0.496698014226684 0.491471887693208 0.382152249097485 0.435657801431049 0.477010246728608 0.431616779791888 0.398364871259528 0.659433295077441 0.668253101038953 0.776295361486264 0.744179594605931 0.233019436184905 0.523870386174598 0.725963089436669 0.747729850626097 0.564905669919286 0.544616684104153 0.788837774163479 0.528443253272618 0.890601696209473 0.59526794052449 0.755015075187533 0.533321627415808 0.7516630222453 0.650577236799446 0.671916223348124 0.578611704322815
0.808356370684191 0.774286872143924 0.877384784141763 0.880184574101951 0.783604992176673 0.730315809692883 0.846437039660216 0.862385629130812 0.772515014812544 0.861011627829383 0.7321342309563 0.833810994928117 0.8070129610818 0.884879365857719 0.778064875218892 1 0.764965188763364 0.725189296431455 0.797585108342226 0.791502909038961 0.566756976719958 0.181249773212366 0.897234641482978 0.92226801398441 0.845760594387024 0.843914827685329 0.514139093969075 0.358686821227372 0.758103299519945 0.836293534473268 0.846507498066975 0.841534356521602 0.819856402304638 0.84075040752114 0.551254885865925 0.607845832564492 0.711266468644425 0.658710474408345 0.697492066688762 0.735067461320755 0.431492088638054 0.602780310265089 0.469035288192147 0.460901354615579 0.43248124359412 0.437231320925767 0.531546918195734 0.576923830653412 0.439443697334083 0.421021042657536 0.548507887643368 0.459798198714144 0.412056636933439 0.569683071258792 0.706878604719944 0.666434006063668 0.723909478237296 0.681990392551445 0.563943541690748 0.46574791219981 0.649752509681804 0.699053409326093 0.729054458661207 0.654374195681135 0.708042747822173 0.682434156651545 0.595410436414255 0.627518239668173 0.551595217006867 0.520034003730951 0.809101070807134 0.811612638080591 0.780147761645942 0.832683279652106 0.418632225611819 0.608683523731038 0.699818711048158 0.636364478544346 0.624515666321389 0.7554084251422 0.789659441811119 0.776897300291855 0.67147219988579 0.640580092224309 0.778564487388557 0.775938901609227 0.596735653901979 0.708976143156569 0.658657295636083 0.7048738438455
0.903358561843845 0.855322803271591 0.839329736463467 0.8629005770054 0.67370986000063 0.668760722164978 0.859999615471347 0.859006639326033 0.762949689088429 0.72994092099467 0.834296992240364 0.807488341161811 0.837631014584335 0.812470408277102 0.765074998580149 0.764965188763364 1 0.875338240352088 0.850584510383549 0.834702257759341 0.527129162189464 0.249292276820311 0.81824841802003 0.778467740803861 0.798727893501808 0.799677415291607 0.461800880376216 0.409726285166195 0.920167797706445 0.878869895771088 0.821167734821346 0.812804197435776 0.857395789343885 0.852141377785107 0.48929037420204 0.574845484628368 0.779391921815342 0.784907406998739 0.758800103790249 0.73300226611355 0.530005535459241 0.632121025545194 0.643776003998445 0.629618464012853 0.59722039212408 0.656883120802116 0.699055787832888 0.77837051529029 0.612197395411377 0.613060522862459 0.663139823308908 0.560385601457517 0.568454797224185 0.629125557519276 0.804352347336715 0.798954876257231 0.895187046905587 0.835787496743724 0.740413860580982 0.66636054470359 0.735869720214443 0.729705305573865 0.884647956465865 0.84675919557729 0.580954483221987 0.63143487265545 0.671333149409822 0.679881179197138 0.749176421374167 0.682365830837627 0.76346653130466 0.783010816202852 0.88012116136012 0.81096825224131 0.264944132227621 0.548498583068571 0.785577411774729 0.727492828249242 0.827311368477909 0.788561621042623 0.924788130158625 0.796504937362545 0.740934645257616 0.543607334163927 0.827246657732657 0.691546053102701 0.648760987193115 0.507192833234383 0.756366017113258 0.640958949302039
0.857465245498208 0.928549179911949 0.76301239357459 0.833071963508579 0.63764254276344 0.529161091409959 0.777630238841603 0.849801678254352 0.634465684022404 0.632131866333248 0.680745093349448 0.832305712616329 0.70928565738983 0.795707799463894 0.556811948057096 0.725189296431455 0.875338240352088 1 0.748130158276302 0.724700133241397 0.53118558057105 0.246788371767471 0.747311116583765 0.697599065340274 0.757442956109679 0.805711593484452 0.466422455254384 0.313610660753896 0.75625164335357 0.909933376981293 0.720342883467551 0.772697038635882 0.814790729221261 0.813196865714382 0.454597812680163 0.619521774521729 0.658548665842815 0.672394555318825 0.683277693614878 0.722227983371506 0.324860238357768 0.530842041510734 0.700714414391673 0.648926791365929 0.6671158273338 0.65351919832815 0.778732821002255 0.731394768324561 0.610102784173505 0.657187982089878 0.670538621840156 0.675499192434552 0.532830021883685 0.637682584122419 0.832989312624011 0.83360970209338 0.911690955765263 0.94261946634715 0.784027297037909 0.734516810369146 0.801749179547168 0.810817017811588 0.826708843118254 0.899888142189487 0.628871101776229 0.723685001070098 0.766432791815861 0.713188357279094 0.805604198597624 0.728314378838085 0.743079881268166 0.755567832898286 0.783346344427571 0.737159249730443 0.32820864547781 0.479664271248036 0.69419811924834 0.547267040026743 0.766488075576071 0.831096344241193 0.843205849015511 0.904626107558198 0.502574673367945 0.523844772394479 0.748289977210338 0.733203924972542 0.546554258527462 0.382483068181588 0.682473965062902 0.636261965096063
0.872899573289888 0.786674863735974 0.872736198632808 0.849840686963266 0.747541603316742 0.699863974642356 0.882759832472899 0.84822032743268 0.820824355066212 0.814239386166764 0.720576897334821 0.779773722257359 0.833016927294581 0.830799044968729 0.79331602332702 0.797585108342226 0.850584510383549 0.748130158276302 1 0.946002640698845 0.499737301301481 0.113611157371024 0.868577138660441 0.81986807328204 0.767798201662067 0.74075021214385 0.393310653831977 0.336288200317385 0.80187770106836 0.862036083209942 0.852005596349754 0.80868586452372 0.884972285341043 0.881866956585537 0.487493470863192 0.623066706212489 0.784852126149857 0.798441046482229 0.761248024074557 0.805254910852316 0.536247144390558 0.73232317421903 0.581799773499447 0.618712742865886 0.557303256479423 0.640277228077629 0.578419584079577 0.738235129334678 0.602334686672321 0.572944006611034 0.615069646246933 0.473180241124025 0.5617621349517 0.586214742930011 0.776649492980764 0.765858954602032 0.781899240393548 0.737979653713486 0.666456280400271 0.593061846792022 0.630884912600824 0.601654724923529 0.780822005899988 0.694441574874984 0.530136307617345 0.509143977350705 0.606669933657743 0.6994457039343 0.707507911495926 0.672705883398801 0.83964452059095 0.863800799493396 0.789236302576789 0.876414114472546 0.287041951050942 0.536623136741134 0.766828926095782 0.846363465975035 0.687241249291585 0.766061863014835 0.857366641504767 0.724716983287656 0.78114085407225 0.767506661692629 0.793911988935595 0.739202721873807 0.684633332574347 0.743383909298389 0.757626220802653 0.809923330323059
0.839156326011106 0.76916810511489 0.849677638205839 0.829214239174154 0.774312365130933 0.704656358336388 0.858160866779165 0.833520719796419 0.836039275567076 0.797789639803532 0.765779160626585 0.776701444002372 0.86407829898909 0.852521458227566 0.834666912691433 0.791502909038961 0.834702257759341 0.724700133241397 0.946002640698845 1 0.515749052558372 0.020456746786527 0.874840944518877 0.798708899560234 0.768492535247693 0.737293630688062 0.381689926364402 0.28522729731018 0.837278104953767 0.851228143826753 0.857538949183202 0.814184287221496 0.851733718887526 0.868707598159326 0.480686626272189 0.535224827219832 0.771816099304704 0.768268226370788 0.775862746143569 0.787069949227023 0.57054494585311 0.754152518744051 0.530269948845714 0.576644883501887 0.489352327334997 0.579251412213725 0.523665755714681 0.687505012970602 0.519387019868603 0.490820817741779 0.538580758199757 0.398269434541744 0.47668016130519 0.518259371610598 0.718655955423987 0.714975847367868 0.7401783717024 0.69428017678724 0.604749560267812 0.517873952213018 0.559809078217244 0.5819821602141 0.775332803315277 0.696871065886927 0.45901440898829 0.449426658409915 0.526628807501124 0.634378661165778 0.634602238950708 0.601279645390107 0.784998056764005 0.830011174583844 0.813187212831777 0.891405004926326 0.299330569967603 0.526702404958266 0.748069594467869 0.843375562833125 0.638803888805494 0.735730542190781 0.8388341344429 0.694365203001293 0.81771276764181 0.75269474372692 0.751929932111795 0.69882659385964 0.720506353228939 0.71761881115206 0.684877149027034 0.76749220728634
0.535213180849731 0.50858821293246 0.554610745147019 0.605945052827139 0.560446332996707 0.508148450369046 0.54487474845648 0.626719487169857 0.434529512515768 0.580753399807976 0.522482613433242 0.63587268529547 0.572088943455702 0.577128342910172 0.500595273218699 0.566756976719958 0.527129162189464 0.53118558057105 0.499737301301481 0.515749052558372 1 0.00651228130379064 0.63189483028008 0.624574592379345 0.618529378270373 0.592765560114192 0.41023355564147 0.134377703924323 0.546089027563773 0.618406860956349 0.623896295901236 0.654428380804357 0.493197522820397 0.54256488699877 0.468372452358507 0.398881345399936 0.476754816826379 0.453576723096696 0.564968430695517 0.468964994832961 0.264691112813942 0.457989376092593 0.22899113458342 0.197147949582587 0.291582460082829 0.276752918783927 0.314351734319454 0.290718076117479 0.275970123947322 0.266955419131104 0.346584060517775 0.307594833067589 0.285808837543394 0.377131217108345 0.498501906532546 0.379211195309358 0.448244777546679 0.49782785438088 0.382060718244648 0.371445176260889 0.395560753781875 0.555736872067152 0.440830114128777 0.491855387986506 0.373553267313939 0.50853400874064 0.407578160070956 0.414901574036978 0.393523540834799 0.296755303873333 0.492752242599546 0.525735453292687 0.563311170353225 0.611026164336789 0.12730066492548 0.233974225388704 0.59479581008041 0.496829820882329 0.450446024347939 0.558977084025083 0.554187209971147 0.539427477658384 0.466565454468969 0.477992160197796 0.489050841443247 0.563838391022483 0.499577175109516 0.42872381984734 0.452198396514008 0.502404430271566
0.332726291319061 0.26922417486874 0.269546122363629 0.319415171189995 0.092027912833324 0.274717841297853 0.288004014566805 0.241139774167989 0.158874978291399 0.156608611920879 0.214729710765431 0.126795560313281 0.181683997172455 0.11974482837778 0.0700242188585251 0.181249773212366 0.249292276820311 0.246788371767471 0.113611157371024 0.020456746786527 0.00651228130379064 1 0.165596397093341 0.213474129185935 0.225168133973228 0.2712551788235 0.309654635659554 0.564140971066353 0.083537898256823 0.142735252672776 0.164548627182026 0.103191371194008 0.247390909271687 0.195227131647459 -0.102021761376408 0.170413883605665 0.190855349855828 0.244997983127768 0.0598657972078616 0.155674551935238 -0.0456053417128199 0.0176274186392174 0.384838631459987 0.326554046250386 0.384356879198418 0.3563952050466 0.388503607177149 0.362945604890105 0.388146645379307 0.402499959332678 0.450770035083647 0.406216844577702 0.418001515123337 0.330121059961382 0.336680309744419 0.369958733517478 0.369520104226531 0.30493731155679 0.419983062371191 0.423694339543541 0.459919321902875 0.306116443105052 0.270585502801233 0.264848048801882 0.40040993348694 0.366300641652442 0.439832553569788 0.339517219856857 0.391915092850369 0.453252869790786 0.284641267545509 0.214483913134593 0.266566369749507 -0.000501777188621484 0.112112511270403 0.388526346349334 0.119716512032619 0.00562075458302863 0.304823017092493 0.157318641307724 0.244017704152499 0.23773273301705 0.0372292242594704 -0.0976116366357101 0.325130625037617 0.169200660860433 -0.0853943309398792 -0.0354953868416013 0.356517292088244 0.13196044332794
0.872879486725966 0.781243791051311 0.953444064708051 0.928205060571203 0.804087019681225 0.776225436113268 0.914028401013369 0.90172396002102 0.822823515531671 0.859200210652342 0.807106031188583 0.820482362088502 0.890285175331309 0.880284365796725 0.860343576449436 0.897234641482978 0.81824841802003 0.747311116583765 0.868577138660441 0.874840944518877 0.63189483028008 0.165596397093341 1 0.937228137604366 0.882350025312518 0.858787504805882 0.442850570990957 0.381946053732753 0.828906180550471 0.852425998005153 0.933314619768854 0.906842744620606 0.870432891037337 0.872866040876546 0.544062037511814 0.597443186330909 0.764711070670688 0.766053059245185 0.735529222585335 0.740724095448906 0.48627176532223 0.695971154476588 0.502950500984689 0.513020947799372 0.502906608309996 0.527919579106111 0.542728118399115 0.627798801985382 0.50890125876442 0.484156129583184 0.589998867571491 0.473630891008507 0.480627173395256 0.572941973490151 0.732951484387006 0.711475210932848 0.749440172804541 0.697033741573662 0.626164458628722 0.549234267674342 0.64967822212585 0.683941462814254 0.773124826406412 0.678791091410208 0.676773869081094 0.621900574679374 0.637628170545472 0.679356199075508 0.588452755032755 0.535205268910456 0.849417184236956 0.84672086969033 0.850299748865938 0.871444484340532 0.379887194250579 0.581607280611741 0.787616152677388 0.743466091910889 0.671205089280325 0.755793183507422 0.849872755505038 0.751111112258888 0.767078651279961 0.684883429957691 0.83482204614197 0.759352538856204 0.655237518289304 0.701047018203834 0.733455036100609 0.747857931804777
0.828128902101014 0.749955694703083 0.93287295749136 0.91851038174679 0.754751628716556 0.734358000265388 0.884882623943307 0.875543603416471 0.782197468780678 0.865468527970468 0.765597822059362 0.806962920176603 0.837839187788713 0.857827191420183 0.794309272495659 0.92226801398441 0.778467740803861 0.697599065340274 0.81986807328204 0.798708899560234 0.624574592379345 0.213474129185935 0.937228137604366 1 0.861851259639752 0.850298597113752 0.489164054272755 0.407553528242831 0.777531174452106 0.826537471040087 0.900858623307707 0.890022728534591 0.823650758805292 0.848724247777581 0.502779516199528 0.614887938317351 0.709716689526562 0.707137619108362 0.70314660336717 0.721085273223904 0.414999013605583 0.641950155873555 0.443505624380987 0.437586971183287 0.437396682841283 0.449239461405199 0.510737345658043 0.561481615814105 0.432861109940569 0.402217123817062 0.558897489767373 0.429494443038841 0.441870676154614 0.57476824387216 0.712800069912802 0.66702634152383 0.707733327297771 0.653453662698202 0.572952204540685 0.483704887723565 0.637033689625371 0.684868980542858 0.746031089150512 0.638028285789913 0.714821623272811 0.679296641203365 0.606441326177015 0.660656697781238 0.543890607823318 0.503563027203812 0.84482721275493 0.808065364862412 0.806021280156665 0.831677533015716 0.368606046468234 0.582976333042994 0.721232763761952 0.688497450817826 0.658735641002422 0.7487199813804 0.810152463113636 0.759783694687127 0.74672678903859 0.645547605998577 0.825943799796958 0.766392613234759 0.612291684256236 0.730509446306376 0.706512146555696 0.718991442712491
0.843848702326627 0.78647929489766 0.885447527491243 0.877779621757689 0.746384417205303 0.691525824034494 0.857606158953574 0.851813790845589 0.765696918833719 0.788129477501462 0.762584748050018 0.767180347167441 0.826773224593436 0.799372106779928 0.768850708795099 0.845760594387024 0.798727893501808 0.757442956109679 0.767798201662067 0.768492535247693 0.618529378270373 0.225168133973228 0.882350025312518 0.861851259639752 1 0.885943852359655 0.466170853756493 0.388808184960898 0.782445674270079 0.82114605536274 0.876659037519082 0.871283779486419 0.818054905846241 0.832932696931432 0.545679843491669 0.618913122837663 0.785128853305571 0.742794953378297 0.747583527514234 0.726376411137904 0.472490252839675 0.619257615339909 0.525202022098715 0.513606841640481 0.525602483296436 0.527555945874439 0.585685563884842 0.625992279204012 0.482898394135769 0.477205302299734 0.582071060228468 0.471427484944864 0.456373246528937 0.552766078116671 0.743132517092205 0.712982977910491 0.768475979318069 0.717332789068682 0.607315775306892 0.53270870231856 0.647717401697419 0.654716641739381 0.723297430823459 0.653436646946428 0.71827376997572 0.658468009652436 0.668457979154897 0.669761910281676 0.594912349144218 0.520197765469406 0.772485365001707 0.78973558553036 0.809067417357504 0.800816038488846 0.312401812643464 0.547662016167475 0.732909507608739 0.632696049766875 0.682643345379177 0.729677464674519 0.826431010508952 0.763716950967073 0.712769851462163 0.585736830708524 0.828410286783903 0.74377400711076 0.616380619354962 0.616665339209002 0.695369664162688 0.658709181029275
