1 0.660550803269058 0.537787877684376 0.434977735829485 0.412336217925244 0.166024586989003 0.680113854761897 0.504189638917011 0.503078557936507 0.231047184874386 0.627264992456685 0.719887303378095 0.680916872205472 0.520842956968705 0.4359977439882 0.349477924523755 0.690440495841486 0.687655549859775 0.836518569580074 0.643684931064774 0.19799329231723 -0.0159531716577875 0.448636193272305 0.273512364427314 0.261114292290449 0.151093823803066 0.180743791885911 -0.0228220591986564 0.679305483037882 0.707823956284172 0.468532512899838 0.318868007225483 0.454160242936371 0.305433833612542 0.223920812710007 -0.0846071569080972 0.327112945869438 -0.15255282222962 0.573208774930363 0.409247251738886 0.224772053930046 0.176870382179443 0.533219957187687 0.506102052741803 0.322738385202683 0.499184848344496 0.448435496824486 0.309472392306353 0.482439588029474 0.472205238234384 0.61115995796291 0.383281903056113 0.438668403277743 0.472501656255166 0.638149160839109 0.637088456959593 0.915029367163574 0.672042169837654 0.621307814968399 0.603487201436236 0.658520198004732 0.349884211042703 0.652803340232062 0.659895854532972 0.38426326340364 0.223685836519846 0.476585690920574 0.302526722467335 0.596281269246257 0.547128881496321 0.611034565665895 0.570037875878558 0.713297325251346 0.564521304704027 0.309875512301478 0.200815517549867 0.413779777275065 0.581003275963498 0.432032019565325 0.672152766475969 0.669251796584379 0.650432342572398 0.478301508041769 0.246204674508426 0.618570642987728 0.42573357324906 0.468708692794879 0.274272666639353 0.476227140085927 0.552821397808698
0.660550803269058 1 0.418757754431798 0.377317801017285 0.300860227643828 0.120738829546038 0.505161656307079 0.436655660851693 0.454379574059467 0.274709549930184 0.453978561825868 0.685031437625185 0.479229297993609 0.428053446684496 0.42566695652736 0.302560299417673 0.559621121603367 0.834211592053372 0.655073034521643 0.680230628265201 0.251432820992406 -0.0369214110228255 0.390775525642476 0.259230870894645 0.22259088823072 0.165287036394402 0.0891299732399279 -0.106571637063853 0.54615295393368 0.680169846308191 0.425753717767224 0.29962205678706 0.47917118377663 0.408349351221219 0.261601090816597 -0.0276697887994095 0.297524201298785 0.0812632505916351 0.481619542351375 0.442259505131966 0.376907214510442 0.384644585591163 0.610907158013089 0.594026986242343 0.436183931253799 0.545816895067504 0.516644230338235 0.54957932146678 0.562623775982696 0.548492741556447 0.609627544024542 0.500100245471434 0.4636729867156 0.511823291052311 0.600838162324244 0.632374166286348 0.649144180668465 0.890748262177954 0.477160970675812 0.596466479650964 0.428417091014779 0.200180256890819 0.58780550080757 0.658310541207618 0.296433001247828 0.175400767538386 0.407554638572729 0.327274877197209 0.537542134834529 0.552791738662576 0.524172617067008 0.529097966352842 0.582384471277667 0.664878166724519 0.342141678789272 0.225578702343049 0.429326054209656 0.59499929800478 0.538659522969645 0.645666102362204 0.622793193002994 0.636410301589062 0.520749471367174 0.325522041814023 0.511932520372235 0.384526758218731 0.369114431237855 0.277045105023385 0.468828059465084 0.498435709887221
0.537787877684376 0.418757754431798 1 0.699438786484096 0.682610027236867 0.169564314692956 0.829034197756984 0.513652899463139 0.63543206653839 0.337985980506143 0.53008671260306 0.301346669315987 0.53494580633381 0.395123247695415 0.549203869099978 0.472165157813818 0.337557569253833 0.370506233333396 0.501683523999578 0.314689360612085 0.322303268754948 0.115213297878557 0.867544121568706 0.677887415368454 0.63574917374397 0.534200465683638 0.413160887241171 0.0815233069518232 0.519453295694171 0.4544955992658 0.778579689781073 0.588301765898423 0.684339773204056 0.398278310119964 0.490496297174804 0.056157684589045 0.461196103063748 0.140248494450387 0.549262290709186 0.441688459151123 0.124084234377491 0.222824034740116 0.490646676069982 0.355122004716054 0.344395138302512 0.370887989903401 0.28819264215702 0.306997176455165 0.362383038965585 0.371780685208737 0.488198917031135 0.38528828884229 0.409623870634703 0.449670390972561 0.515457528561391 0.545021468449924 0.463373813585572 0.467497266746813 0.467633037313328 0.387707954464444 0.520570907763004 0.322845493697244 0.293685327556842 0.393238942017695 0.875676018660614 0.590678470733554 0.675645957439668 0.453826576565601 0.555164408878081 0.581196145739884 0.652791919133076 0.626842895561404 0.390521378238193 0.388702491030925 0.188898225580832 0.196319895661149 0.485585608283272 0.498145955440303 0.297273138729831 0.45646094478967 0.398513251032346 0.529513257122273 0.367070890483617 0.352383833621694 0.752156467846923 0.649854107644693 0.453159541980128 0.451424078749366 0.668243678882629 0.598407115977812
0.434977735829485 0.377317801017285 0.699438786484096 1 0.587889224207579 0.480062136430747 0.710187893927868 0.848158733105736 0.428717354028408 0.545936321711708 0.462161460356473 0.399518743064832 0.324859846524358 0.593157084250134 0.332398821435673 0.613525276899441 0.174333253546685 0.321236273995571 0.39535487975367 0.362894477152459 0.279906348271998 0.237237847265943 0.546892308533356 0.754515391838864 0.472140037853988 0.538800414595898 0.361401018765356 0.115521739098457 0.305329463402013 0.543709925962381 0.575725005687779 0.609080129335111 0.520557044099488 0.438650403629452 0.403035889870523 0.160735835018514 0.199040856030261 0.159687113330512 0.441711175947703 0.554316731921316 0.0260619472977674 0.357515453967556 0.532853361179125 0.451983521094858 0.461656158646546 0.524682681926779 0.396657968972052 0.388036981226098 0.478709686242511 0.404872672104713 0.523122430148674 0.430809470100911 0.363713047960758 0.401187024977919 0.491716577616333 0.59716466318572 0.355620597501972 0.359860364724273 0.593118230914375 0.483509880586901 0.611837897022014 0.701337641762543 0.215867628813649 0.46491287779607 0.635968074108138 0.810202840649105 0.663754994831904 0.613521544101113 0.478221028185887 0.531151422175971 0.522807785668566 0.654956764253988 0.306945511577182 0.477829421013339 0.134308005305172 0.185666634571783 0.355732787947634 0.479082096663254 0.198457053001529 0.407176897510184 0.368125506339618 0.572535031583413 0.250583324089502 0.52319411376757 0.599973412043361 0.744778550623 0.30818077626636 0.539623965847516 0.518718943143377 0.700061861976085
0.412336217925244 0.300860227643828 0.682610027236867 0.587889224207579 1 0.489513741517122 0.624777997683381 0.556082674334889 0.620736554618558 0.532202539480286 0.422259964300871 0.277972037385383 0.448389580043437 0.466434165876564 0.408821663162967 0.592166355422581 0.288616448512155 0.247234197587438 0.401342747201252 0.206285199042299 0.216642641089958 0.30206471556984 0.610425231425609 0.604833430894596 0.565837360917542 0.589444027892938 0.470709254373258 0.327322247212598 0.401170173511169 0.498734892682495 0.631964296843243 0.56332415817307 0.527840296533695 0.350837579006164 0.386330493638459 0.0312955490758438 0.333366202065926 0.255988346835564 0.433175075404259 0.452693716157086 -0.0272454829466654 0.354917226748524 0.497702354946706 0.378391299260935 0.388198723032024 0.377039881751541 0.427443523296701 0.416769873373874 0.450551620937967 0.440823435959094 0.533902972096944 0.500559615776474 0.382699670481882 0.461489950910317 0.455041581659248 0.555217413956641 0.378603574968037 0.335174103944489 0.44399066702549 0.383029290752294 0.454720124573664 0.369330186699145 0.296867193287054 0.355730605779792 0.563831812684991 0.447963173166646 0.548081250412777 0.361141611320196 0.454993279335974 0.491754565513497 0.539514553790483 0.510712712144495 0.273328056221574 0.411198763035942 0.0450995840211007 0.145053408601104 0.482113581203521 0.408485026544865 0.235254166621586 0.287068061454645 0.385940009261988 0.42609088806786 0.248457158949327 0.457999841960841 0.583714624994186 0.556818760736233 0.307995425832246 0.485339496957853 0.550771799456625 0.578308302487326
0.166024586989003 0.120738829546038 0.169564314692956 0.480062136430747 0.489513741517122 1 0.252044032101152 0.514949781266306 0.327428905443866 0.692331350686657 0.318004463145852 0.167797681100361 0.15786025825942 0.43675682240003 0.130046185094183 0.678652444992151 0.156822840481943 0.0806708288346086 0.180207311093175 0.103313182152694 0.153517764568219 0.435752058758278 0.146749317979888 0.480588105693979 0.442288258214491 0.634231948245102 0.563018526793686 0.591037474267566 0.0166803181688775 0.42513310973352 0.173493470734968 0.197118397152501 0.0439386601576751 0.121839373239686 0.0314509655752214 0.126874463647192 -0.0530821339789266 0.371252367212493 -0.00706561976202072 0.434843979536805 -0.279855933469355 0.444267285732108 0.195756137566893 0.190962967730008 0.129957779926463 0.171562495943211 0.248466061591126 0.297627505075161 0.281464644010131 0.191070834496779 0.230397359384383 0.256271368454613 0.0727237243153176 0.114421661938988 0.101065646194647 0.305981059683522 0.131777652461039 0.108058341732273 0.200218913235905 0.161056079088751 0.272176250844479 0.398694685097806 0.1506923632946 0.142510220676111 0.10976371339245 0.286060528756133 0.0783664222948535 0.116570066988571 0.195712507761247 0.210301104114724 0.26943374860633 0.317777532415306 0.00195119263330466 0.425074367519927 -0.0785219264497769 0.299468132455431 0.22801723739794 0.141479013660271 0.042987696820004 0.0680488794426787 0.200043246569202 0.202849503115778 -0.0306667216009986 0.656108921502878 0.214958003538956 0.286570283006443 -0.0312383848200242 0.547219136494969 0.195087953541796 0.311608496915805
0.680113854761897 0.505161656307079 0.829034197756984 0.710187893927868 0.624777997683381 0.252044032101152 1 0.738055265174482 0.695254031584011 0.420092452558235 0.614286430475948 0.570994984605015 0.63761147693044 0.577877515773167 0.441923053611878 0.445112544768114 0.411173783454297 0.476844709616596 0.608318280774322 0.437987176323922 0.281234417271856 0.096353214828978 0.667059519938099 0.526180685557172 0.449888005122035 0.402398372347511 0.263395735629406 -0.0222714370805927 0.612456036100948 0.663333740008594 0.746073770726819 0.583956482317773 0.653881972130171 0.427309698302834 0.427770890582923 -0.0104148400591054 0.372777651116705 0.0496689957936828 0.590604325448142 0.553054058633427 0.092787987345103 0.249597811383907 0.577933951103631 0.498741380274372 0.421396326638296 0.515590303843031 0.428834704875074 0.383505382686213 0.494253042972414 0.478012477104759 0.599279740908696 0.482997405239099 0.463687695496382 0.540928406234879 0.622342951160195 0.658323947565649 0.590306518335082 0.533154558328459 0.699806223746967 0.56808624630468 0.810440321874703 0.566171398963966 0.443782249618017 0.613168954854993 0.665533164577632 0.580962339689733 0.722717829776608 0.536652522036029 0.547139614123242 0.630419611352047 0.648879425764815 0.691202664782585 0.495788537185397 0.503856379092648 0.216006558347321 0.164806769763766 0.48194896337911 0.617641513753457 0.33362213564383 0.546332549395162 0.518102526017017 0.657010243436392 0.338224178933195 0.370646849066069 0.67202985377078 0.675696960128534 0.40941316036468 0.361889617530421 0.637790608347073 0.673608072528833
0.504189638917011 0.436655660851693 0.513652899463139 0.848158733105736 0.556082674334889 0.514949781266306 0.738055265174482 1 0.491172737814217 0.64286076446755 0.466361352863693 0.61166630686348 0.381976769674986 0.766744095266774 0.234358504662577 0.566944714398241 0.221370239851202 0.369027340601896 0.4253136314259 0.382364185074144 0.237934419375944 0.141923264681644 0.37368796375456 0.589494098433161 0.305982885908305 0.399853743368718 0.169321246308373 -0.00641994617977545 0.3609676425192 0.699653662627206 0.524466880227636 0.547798160564877 0.467288295998559 0.376688162253048 0.365390682246576 0.046398322847235 0.135077997960181 0.0961106859927515 0.476413301461933 0.604909343061514 0.0204597742921597 0.418279473165478 0.589211866289257 0.575514212266043 0.5059707468918 0.624001725234543 0.509970320501102 0.478804400341714 0.605551917005351 0.535653716031909 0.640342745813793 0.566020995635478 0.474821261227269 0.518184376048509 0.5767492704979 0.669745293477616 0.426758671257214 0.373934722439426 0.696924602328284 0.582348593736679 0.736389734371117 0.864939425816138 0.32843241982326 0.632822825897303 0.411289060062677 0.695995461650691 0.630750907130061 0.586378982793688 0.459107034379784 0.53206930635296 0.461493229649017 0.679780206740869 0.381787054111779 0.48681581208166 0.188842359969729 0.114793828446144 0.362034273966711 0.530709548551609 0.195581835924755 0.437237589399908 0.411314614841456 0.64308600058731 0.238067530046664 0.509791869872811 0.485072781316795 0.711701015033196 0.314451975074308 0.402909151651709 0.473332790681115 0.731716637070063
0.503078557936507 0.454379574059467 0.63543206653839 0.428717354028408 0.620736554618558 0.327428905443866 0.695254031584011 0.491172737814217 1 0.535890326558079 0.500987578597273 0.432817943299553 0.696077760505175 0.589862980725121 0.614883555115666 0.582343038868108 0.34032400775497 0.404428191260027 0.440861205583638 0.226944920627658 0.0970833430355444 0.0624692259693393 0.565905414866623 0.465094613192451 0.517295797034601 0.391029710225992 0.3333273276815 0.0901712524968935 0.425166342345691 0.586980650655578 0.568090588648242 0.33893108943508 0.482085323709701 0.241493067460183 0.292391499256038 -0.155935577701548 0.405362973337358 0.201049278559902 0.473846697462874 0.443159705901762 0.110397226070738 0.394519468985179 0.357951973185476 0.328055140607732 0.182339783203634 0.273046263117437 0.249617546938258 0.310476958636046 0.325332839572748 0.41453543391802 0.468275128125505 0.380254220582056 0.377835622517777 0.466846437496089 0.504780495839601 0.561393991752889 0.485449077752108 0.501611705347007 0.380196474292193 0.342635409281083 0.503049815385857 0.319907715339791 0.417563161499016 0.469497304035273 0.517903265590139 0.327211703522629 0.348989876171084 0.135852507562445 0.460911815571545 0.527235117516295 0.494474643351129 0.455034063338054 0.299459378504346 0.347625209603687 0.155459661074521 0.0795824981733577 0.444978867917303 0.5222299095323 0.37103143176553 0.452899355979642 0.400200413592261 0.491913939741284 0.318458566118686 0.370956059891162 0.587154273792303 0.549940462162212 0.352723360618863 0.378121504919088 0.687817300891627 0.618507008383568
0.231047184874386 0.274709549930184 0.337985980506143 0.545936321711708 0.532202539480286 0.692331350686657 0.420092452558235 0.64286076446755 0.535890326558079 1 0.275493793884959 0.23829042891703 0.293359327541896 0.589368251129941 0.241696152025898 0.74976817320722 -0.00744415851437396 0.212580140122329 0.121243677899621 0.0148117522589147 0.229692261320499 0.15808674919254 0.318189508474848 0.505571508301297 0.549753759553167 0.614181114433547 0.386556847430019 0.254426012253847 -0.00384428599603209 0.560100474511026 0.454280518334109 0.294316233899926 0.179428502920828 0.00669983295876083 0.307962691248261 -0.076442079885901 0.204724132700638 0.351813263277268 0.335584656221121 0.641954994829275 -0.0181924229871866 0.698751619824263 0.296725803287428 0.284692765951792 0.262349844932745 0.268095119707924 0.261277505225818 0.33787835367874 0.388272974186046 0.30028305643733 0.389819153513626 0.369402196791306 0.313397622004748 0.38451611143866 0.431210463641199 0.548698694862067 0.191344739949974 0.287943853286441 0.32377857457115 0.282964774135012 0.387450918656229 0.515430762110913 0.123885712839651 0.327582906849855 0.293913875043625 0.363160629514702 0.304748081144056 0.174114156756239 0.268580271965991 0.397696680515384 0.305653455204583 0.542480938405621 0.081668577746126 0.379268989173806 -0.0143784198351157 0.0887627187838173 0.270467767670947 0.361823154005552 0.122359357650312 0.302337567627042 0.199766297252729 0.451532939811767 0.102716928114667 0.731206340813242 0.363602904624784 0.470651779251289 0.167792409488784 0.609263635673452 0.423490517431712 0.616185744621974
0.627264992456685 0.453978561825868 0.53008671260306 0.462161460356473 0.422259964300871 0.318004463145852 0.614286430475948 0.466361352863693 0.500987578597273 0.275493793884959 1 0.420876323665965 0.690239164616649 0.531392966797247 0.526352602861944 0.483358290951014 0.516150712825769 0.34979030538862 0.687909590239184 0.479485947309951 0.156654982277988 0.03760897743165 0.497917080921273 0.39520971089241 0.309794647660723 0.229906444701141 0.327690436211265 0.107356594435398 0.538223754266643 0.469005587491495 0.331888805403097 0.259727316198909 0.29973971456623 0.249798359636829 0.19042998778327 0.00567027497274439 0.19841895697128 0.0161272753482022 0.29192395522527 0.314285129869426 0.0686563857106259 0.172785555818388 0.37725235485407 0.260435960645227 0.164829820441702 0.271364935400741 0.307193033933122 0.171553279416972 0.308653612104943 0.308378684971833 0.388270563056716 0.232808293584002 0.21042761935373 0.249306929657285 0.354681446641235 0.4169306636753 0.497987837628756 0.423194759527919 0.38209545101014 0.327615265843862 0.485708874230218 0.290592572358535 0.509803545365699 0.384765533624492 0.422866883570765 0.285374799649116 0.281424962497438 0.182019374858529 0.476493998432296 0.411034100786395 0.568047613207633 0.495317673606441 0.414782941256972 0.472565135761221 0.270154185042629 0.263811802573971 0.377104330635759 0.351874714067793 0.206344411595063 0.373790911430092 0.5122192241655 0.407356270360228 0.357223019998796 0.309025200638371 0.673423983179375 0.406940802096382 0.335986231225666 0.328430235993103 0.437659165079283 0.408281301842438
0.719887303378095 0.685031437625185 0.301346669315987 0.399518743064832 0.277972037385383 0.167797681100361 0.570994984605015 0.61166630686348 0.432817943299553 0.23829042891703 0.420876323665965 1 0.513459961265479 0.678161348831061 0.320243767508068 0.328226485486537 0.46652366199037 0.686561096045887 0.574167624541865 0.600305353469938 0.277623181603939 -0.0277970958318158 0.2331250493835 0.218871763739751 0.130099560000492 0.0984787863516162 -0.0496139081760008 -0.189341670935864 0.649605620218865 0.784959973831159 0.380992482488121 0.3381729361152 0.296220761543875 0.288258557274823 0.15890595113916 -0.1503911699294 0.259299358556033 -0.242033250594139 0.573066148385637 0.42258336075059 0.335559327705647 0.239930389688093 0.556989956644102 0.645034151957936 0.377449371821014 0.596546332230747 0.529019581726261 0.413918788819281 0.581134930422524 0.551220789234605 0.636612507930379 0.514209722004501 0.475056447826894 0.482630390288382 0.668936953249221 0.657766373308221 0.629617411246649 0.604049169744807 0.642528724735448 0.665096403110496 0.624172979647317 0.518544141005583 0.562668309508356 0.783768010212886 0.161104670284606 0.259030154987048 0.425355679787235 0.360379397673448 0.357691236416031 0.402165756137359 0.482036986390929 0.529260050541228 0.624060574731604 0.504201133117563 0.376423377619241 0.159347090493939 0.308773078900684 0.553951919617963 0.362341783834087 0.60125499134862 0.514601623379949 0.682826341648781 0.428986385609905 0.276452222354629 0.39436737163709 0.525731064372965 0.419004541974043 0.203775380159184 0.389922562077419 0.610981320562181
0.680916872205472 0.479229297993609 0.53494580633381 0.324859846524358 0.448389580043437 0.15786025825942 0.63761147693044 0.381976769674986 0.696077760505175 0.293359327541896 0.690239164616649 0.513459961265479 1 0.648618408041819 0.783727166458768 0.517471000287827 0.432039374511856 0.450865331001278 0.623930098015206 0.407962395235579 0.238389300560715 -0.0128314232655816 0.603300787662649 0.384284684114835 0.424087936285231 0.207285019253825 0.234986871696112 0.0469149272172433 0.573537654857327 0.531473875986842 0.489049870647051 0.259611638236464 0.333706838097999 0.16069304529342 0.268749859185701 -0.143076833544876 0.428176816954065 -0.0970812192998532 0.539818648778286 0.36938963263196 0.262831479385132 0.237355005015388 0.33605313454324 0.35820310873556 0.0762963371123933 0.269363327194894 0.260911247927017 0.15014621392088 0.279728394189303 0.393674292691165 0.455076161200706 0.28195762817393 0.332502343084096 0.360858133506291 0.56607877625955 0.524626800354693 0.564044127786196 0.481735039336126 0.35768834295368 0.347574194940771 0.491533469426246 0.199863062779944 0.45484622476219 0.416932500153748 0.457333694267922 0.181729934682746 0.275678589290118 0.0846210303430543 0.488710080681801 0.457606094859023 0.563387004654796 0.408932898446431 0.506751041142963 0.385936133336458 0.273018182453255 0.1630244822555 0.274957132750354 0.461410260644448 0.259617858047101 0.468628456523088 0.438561930629003 0.475022758718631 0.510379060194796 0.229527417957097 0.716181544017511 0.456344635050216 0.531866657025314 0.304225488935098 0.613291401417104 0.527570978970026
0.520842956968705 0.428053446684496 0.395123247695415 0.593157084250134 0.466434165876564 0.43675682240003 0.577877515773167 0.766744095266774 0.589862980725121 0.589368251129941 0.531392966797247 0.678161348831061 0.648618408041819 1 0.535667874816643 0.736106464762225 0.160483012355506 0.368475303538678 0.399743094339807 0.33824489268124 0.310321267953749 -0.0211844032197803 0.399589215433191 0.547174026528509 0.343776332583387 0.288109748274544 0.140542370109687 -0.0390709939971025 0.423365450085963 0.690930375298148 0.476406549126703 0.401284886043775 0.214093175402794 0.111162849450244 0.292746149849849 -0.11180994766808 0.219396011281896 -0.111212561090487 0.518928167785657 0.533625228325667 0.200458649442315 0.436417108243712 0.418090864385102 0.519242437806528 0.248094984331233 0.487707662020523 0.362386022093814 0.292223558897175 0.474703546193294 0.504803213873743 0.576392950287527 0.479550729832435 0.420997719900398 0.443664781173181 0.595965124240234 0.623626690128591 0.398296659253616 0.339431689096336 0.468043513453274 0.418252987557729 0.541039253922737 0.630556497535524 0.349560678608911 0.610776755068116 0.321292193408888 0.426238980244507 0.386028438906015 0.288119319638766 0.319791577560639 0.395635337511681 0.503548029950461 0.612914020804373 0.428017556003755 0.382244428912704 0.285770498460636 0.0737127644112432 0.247392355909529 0.462628892897926 0.097102831865558 0.419474288116714 0.289973414157376 0.608469316786474 0.356386551903102 0.447359785346909 0.518531037146968 0.691489228244821 0.477170761627168 0.403702165238563 0.444427152688265 0.721042405922259
0.4359977439882 0.42566695652736 0.549203869099978 0.332398821435673 0.408821663162967 0.130046185094183 0.441923053611878 0.234358504662577 0.614883555115666 0.241696152025898 0.526352602861944 0.320243767508068 0.783727166458768 0.535667874816643 1 0.600325475136968 0.221184420387028 0.345986371969208 0.46835210961552 0.336149989728202 0.248166912281124 -0.0449513470601373 0.630104151402236 0.448479167493665 0.458504367625514 0.266858555988942 0.263984446979575 0.121836306278776 0.452100189427814 0.40481521769149 0.429215283279424 0.268145254345272 0.28851853951233 0.117287078843656 0.209457343343754 -0.0637620668575268 0.380879133843609 -0.0773583631554523 0.466475912833429 0.325857174630183 0.330912336742471 0.315508728377967 0.264289564367248 0.30062577122732 0.0595600383412259 0.232180094654955 0.202762017302318 0.176997377444988 0.225048300847532 0.331387264101081 0.363879835854482 0.259427756788965 0.249043121946589 0.261997860980229 0.441690226710333 0.419257964936749 0.328832377699987 0.369335288810941 0.174584171676536 0.225565822431354 0.194578496284968 0.0251529651910183 0.294227947588753 0.290187916103404 0.485984497983836 0.177658033305448 0.188285384935812 0.063978261936029 0.343965089313494 0.348986960848851 0.5087432005491 0.337138343089211 0.380669435734083 0.341350694030824 0.268129710186935 0.133192154920039 0.186745125054584 0.376077673675563 0.207636436288362 0.37138695320631 0.287903986544045 0.356355538159421 0.575042978018435 0.31039571056884 0.712046798879895 0.451837307580006 0.514589760254526 0.405944828751101 0.554133719402359 0.456798514086056
0.349477924523755 0.302560299417673 0.472165157813818 0.613525276899441 0.592166355422581 0.678652444992151 0.445112544768114 0.566944714398241 0.582343038868108 0.74976817320722 0.483358290951014 0.328226485486537 0.517471000287827 0.736106464762225 0.600325475136968 1 0.0960027391916569 0.227409304957234 0.265725920620837 0.181738211013025 0.32331766398253 0.191947582647666 0.517404817368035 0.704746530910497 0.590559153913313 0.633136884896694 0.45176722986418 0.336115301580536 0.229923714938952 0.591745202164327 0.460976553507923 0.429527961407555 0.178754348893439 0.109612478135079 0.277834721889737 -0.0180389100666623 0.264431341393059 0.186626239959461 0.346014236481472 0.54902021627345 0.0796124281593597 0.552800504910091 0.291950552973752 0.286574870254676 0.141945354559732 0.254717415011825 0.230939151616321 0.255530409249744 0.326693665154511 0.301636207351411 0.411922487477242 0.325065293046013 0.278017302999234 0.288363098493555 0.40217194850298 0.499613207017446 0.232955913155408 0.246128544974805 0.263016168875003 0.222712533285021 0.363342379413512 0.406151471807606 0.252916494257224 0.327530470385164 0.451855997773534 0.390169967876558 0.249846502020055 0.137452943826569 0.314798789288851 0.358045088205809 0.47840352396376 0.532512649186824 0.182646293296491 0.450163473904859 0.148259461501061 0.215627014741314 0.235466363097001 0.353504237109792 0.100937873485483 0.28995849735686 0.262969764838224 0.411471397590033 0.289516919098993 0.704860683677631 0.566886790896714 0.579586236508959 0.298398159159953 0.687338127560501 0.493121638507735 0.619558312296609
0.690440495841486 0.559621121603367 0.337557569253833 0.174333253546685 0.288616448512155 0.156822840481943 0.411173783454297 0.221370239851202 0.34032400775497 -0.00744415851437396 0.516150712825769 0.46652366199037 0.432039374511856 0.160483012355506 0.221184420387028 0.0960027391916569 1 0.608770898455948 0.71564645255479 0.575863369231523 0.00366965247520234 0.096507285998343 0.287489572732895 0.154645735864871 0.153869020087335 0.101684524033274 0.223135889250592 0.164874621820794 0.641823583931925 0.469369748028509 0.227421975433678 0.13071318181017 0.516141906242772 0.565855096056456 0.153514499254237 0.130372702457457 0.260545358952804 0.131019581284252 0.2428859332272 0.183305392028576 0.117930333034232 0.0413626948264447 0.447217722775586 0.388243495808241 0.278131247821865 0.32027230261755 0.461281693168379 0.363390950826471 0.357048376726961 0.370407592810432 0.419186905510817 0.284300227526116 0.351354175180604 0.305385379686535 0.328570885972872 0.349885091029023 0.760144464675483 0.531993841158819 0.336550856042689 0.340307850329832 0.390281527741357 0.0283810604436253 0.780037410524891 0.490512152198811 0.229495514585949 0.00858727959967917 0.272224650602858 0.188513770314036 0.596621725428365 0.40871551676172 0.393206533801929 0.275066002388911 0.468226112062091 0.456956515415502 0.127089620011724 0.315401618158313 0.427982398473777 0.328509071468696 0.629801730703222 0.546911063068304 0.796498084429261 0.410835637398401 0.314292071567839 0.0655354265184696 0.40588046800007 0.0644655035119954 0.17519598019059 0.057148754722936 0.326714008895646 0.160766146310974
0.687655549859775 0.834211592053372 0.370506233333396 0.321236273995571 0.247234197587438 0.0806708288346086 0.476844709616596 0.369027340601896 0.404428191260027 0.212580140122329 0.34979030538862 0.686561096045887 0.450865331001278 0.368475303538678 0.345986371969208 0.227409304957234 0.608770898455948 1 0.602322883510893 0.592102013521955 0.198604671649317 -0.0873472399498876 0.317579765386915 0.177016561234 0.229727211135724 0.139436349326833 0.0823131517495449 -0.0971534150481912 0.58918871891457 0.706154715573211 0.414034643425013 0.244311591293334 0.456383004611874 0.400211617352701 0.284221954455898 -0.0142413246252214 0.353401278471477 0.011675500117134 0.555063684477584 0.413693779580715 0.416063868624294 0.351534419625812 0.532791065156274 0.594815642947161 0.402539406482549 0.535364277175013 0.458565704089326 0.46597995682873 0.458656022962547 0.500397559420516 0.549414246493685 0.435115255254218 0.491231761503151 0.52149387580455 0.625058096374494 0.614173384751734 0.724193711862924 0.833996324434237 0.410473661098696 0.491511122748668 0.409546562209977 0.150677061334208 0.616275011037682 0.710490159113181 0.287428469123351 0.139602929590733 0.446303930209439 0.348572004413693 0.448057555474848 0.47850015140265 0.432681547650705 0.495316487589804 0.587695157077954 0.571630564169819 0.279260857831338 0.185200990455895 0.356308348069934 0.553211727933601 0.598130378098576 0.739578823681278 0.691052615105212 0.737937951760368 0.520777166577492 0.294856708437537 0.487374850373423 0.324236090846218 0.387037671714764 0.219633352425499 0.403611659132976 0.452363147175466
0.836518569580074 0.655073034521643 0.501683523999578 0.39535487975367 0.401342747201252 0.180207311093175 0.608318280774322 0.4253136314259 0.440861205583638 0.121243677899621 0.687909590239184 0.574167624541865 0.623930098015206 0.399743094339807 0.46835210961552 0.265725920620837 0.71564645255479 0.602322883510893 1 0.786135080077071 0.17411257743306 0.0663013414274663 0.423332986114369 0.242394089370246 0.170769025771912 0.117210492505103 0.217517233429178 0.0585156937425621 0.656500325261405 0.560612749912561 0.393814882987597 0.273105067201898 0.533384883942159 0.424529631470395 0.147196010154334 0.00669190134964984 0.184156520686319 -0.047471802834915 0.394339075109604 0.296698912110251 0.172227264174658 0.122840891772966 0.532261055170381 0.481942238241351 0.295570996018375 0.449598463815066 0.491059768422595 0.3779066502525 0.410398636433943 0.399474879691923 0.453715716280975 0.347378501238971 0.311720310103742 0.336687747048146 0.427819835460388 0.511674881442686 0.765733048152294 0.600019085433085 0.544776965075667 0.550568687606537 0.549272378030027 0.243894234042129 0.624807418661863 0.511369678503774 0.300194025341632 0.212055851123654 0.369589179758161 0.28708417433641 0.603255001198963 0.498895421006259 0.622266993558697 0.491119979533132 0.678386687711773 0.610003100996127 0.292514420214379 0.27847718674007 0.459953485249229 0.51322138271991 0.391719110024699 0.524118381268971 0.643747462596119 0.46199004525785 0.421553311720168 0.164841547827483 0.560324910550758 0.318726773479138 0.333784944910183 0.205058180633809 0.411108880702084 0.372015062856085
0.643684931064774 0.680230628265201 0.314689360612085 0.362894477152459 0.206285199042299 0.103313182152694 0.437987176323922 0.382364185074144 0.226944920627658 0.0148117522589147 0.479485947309951 0.600305353469938 0.407962395235579 0.33824489268124 0.336149989728202 0.181738211013025 0.575863369231523 0.592102013521955 0.786135080077071 1 0.130192787775457 0.0849191279712442 0.272161257919284 0.144213712592491 0.0118364355959874 0.0068652622228871 0.0453892566740522 -0.0218777753739961 0.614349180943001 0.519807019095141 0.290013131541474 0.216954836482782 0.468747171796754 0.536587628921429 0.105409842951629 0.00866310591019824 0.141936776333794 -0.0576485790585406 0.27112469784059 0.230254387344605 0.148833983385272 0.0698833478197113 0.578054283437157 0.524482455958665 0.397626180858884 0.51280945473878 0.576724277547458 0.446476019350185 0.476274411532392 0.389432267853017 0.427015792299115 0.312113465563819 0.249030202369217 0.238389137380002 0.350515325927524 0.436703301881942 0.576440199335806 0.568174848561668 0.522480424912583 0.574689769168068 0.440790536947028 0.197149024012525 0.562567998216274 0.501728957307423 0.139366831228754 0.139308152269389 0.31953955519034 0.321423270016149 0.511098014665429 0.442207489814296 0.542869583851129 0.424589639765518 0.604296647205195 0.593985005239298 0.287946777634277 0.305827876711978 0.39289042642279 0.422331361924275 0.344424722996077 0.439392847464325 0.576149548052371 0.381638298667662 0.413022714586244 0.0856511031475376 0.384065606019138 0.255468713179729 0.132485370979725 0.0773532807015773 0.272892122739216 0.250683062949381
0.19799329231723 0.251432820992406 0.322303268754948 0.279906348271998 0.216642641089958 0.153517764568219 0.281234417271856 0.237934419375944 0.0970833430355444 0.229692261320499 0.156654982277988 0.277623181603939 0.238389300560715 0.310321267953749 0.248166912281124 0.32331766398253 0.00366965247520234 0.198604671649317 0.17411257743306 0.130192787775457 1 0.104882159049837 0.405415141086923 0.394029052407897 0.399342125542922 0.459364162277507 0.166787522491298 0.00573082247086895 0.163117673876107 0.337411681260905 0.468286148077841 0.448019415183263 0.242520520567675 0.190933924222777 0.329940816202429 0.142473868583594 0.294783906889971 0.0478069784721356 0.371860855076259 0.417437803476894 0.217478525182562 0.281191496164719 0.298442103690942 0.365250247051179 0.223833764687422 0.295326203351053 0.26030534792147 0.310700159558352 0.301835811812227 0.260448670889825 0.248607968446238 0.294710044027248 0.149140479627869 0.195576067734011 0.326178289207133 0.367015112667311 0.106828055386076 0.150787475036501 0.242052004449675 0.224698421180485 0.247707623456931 0.139196816497683 0.0167681841479345 0.201406769207966 0.304533255639663 0.242217457171262 0.348646616753743 0.34954911889662 0.120990918236296 0.175807978868779 0.455678537110105 0.41402157539227 0.241388260690812 0.353958673330393 0.197150130376753 0.241715611922473 0.165065923982854 0.340681695984184 0.0501178665394874 0.240130239714234 0.0903175013305081 0.309806770471143 0.332322442661818 0.341704151641312 0.356863769962697 0.422524823752187 0.341403338822252 0.388367448481441 0.306372902726059 0.362855856927651
-0.0159531716577875 -0.0369214110228255 0.115213297878557 0.237237847265943 0.30206471556984 0.435752058758278 0.096353214828978 0.141923264681644 0.0624692259693393 0.15808674919254 0.03760897743165 -0.0277970958318158 -0.0128314232655816 -0.0211844032197803 -0.0449513470601373 0.191947582647666 0.096507285998343 -0.0873472399498876 0.0663013414274663 0.0849191279712442 0.104882159049837 1 0.160798450731141 0.313423195493476 0.313851147924418 0.465673597354005 0.370063959264541 0.45624794620477 -0.0209316521984869 0.0499397573965148 0.144965213965067 0.22707384960152 0.190406035799096 0.375609935279281 -0.0356730386571828 0.292055463213034 -0.0997635809116463 0.330626636045999 -0.138484042972234 0.163372604146213 -0.342117848750385 -0.00858474916790811 0.105179234917548 0.0359846619180257 0.0228017658626305 -0.0134612014058098 0.0979899946568256 0.182783341676216 0.0397045452314502 -0.0515304337175631 -0.0355793657388237 -0.0205826303733007 -0.119439745233306 -0.120793300721592 -0.0693893049688074 0.0754502508028127 -0.0172731819141306 -0.0407500425001515 0.0849236186025435 0.0247295442213996 0.143022691102414 0.0949463439686049 0.0455594278372058 -0.12269184975307 0.10557491532773 0.215698037073405 0.087092477323632 0.182579474157687 0.136214385062484 0.148409786793606 0.176259171891368 0.0673325938313363 -0.0319556915427517 0.283928879284823 -0.223515417841403 0.276320584299729 0.125293100915532 0.0360450755440009 0.0552930065847637 -0.0921695837170683 0.112717017681567 -0.0861973041026234 -0.0646243787774681 0.198916997969361 0.0813479100736022 0.0608481278047277 -0.229321575352554 0.226294619942455 0.101712660866318 -0.00630254755813502
0.448636193272305 0.390775525642476 0.867544121568706 0.546892308533356 0.610425231425609 0.146749317979888 0.667059519938099 0.37368796375456 0.565905414866623 0.318189508474848 0.497917080921273 0.2331250493835 0.603300787662649 0.399589215433191 0.630104151402236 0.517404817368035 0.287489572732895 0.317579765386915 0.423332986114369 0.272161257919284 0.405415141086923 0.160798450731141 1 0.737217618360158 0.675825248797316 0.511922226139403 0.435997200077157 0.165715208778219 0.483750862583292 0.390755755021952 0.77497427413694 0.551024280057727 0.58289378066921 0.333389707005532 0.426609973302359 0.0291845958679413 0.462171242763612 0.123286487813409 0.465132424111842 0.379660790321186 0.153975190119381 0.214521444085613 0.366594533016843 0.266720707478712 0.195952432764309 0.229859512464287 0.190858808989981 0.176808387650368 0.262089844974061 0.278938886506026 0.396650646982847 0.259194324648997 0.317960989429182 0.346954375794453 0.451958976081285 0.445517916354425 0.393082014736669 0.417946336487134 0.248626007917542 0.208456581136662 0.350246675841663 0.139835563706601 0.263952037923202 0.298663598228784 0.829583111679626 0.409079679312883 0.521265902365488 0.290056797804843 0.499527145570401 0.511527558563938 0.623509066226083 0.542605208888499 0.385479081402858 0.351176226663447 0.229385441551103 0.253328701213707 0.43449298468999 0.435680875932882 0.256151459662065 0.389922355058454 0.341051943623693 0.439431319786082 0.381074344083805 0.303923544389391 0.728280612204997 0.531128866582016 0.448499610182093 0.421176917435654 0.61048269986425 0.521407911344698
0.273512364427314 0.259230870894645 0.677887415368454 0.754515391838864 0.604833430894596 0.480588105693979 0.526180685557172 0.589494098433161 0.465094613192451 0.505571508301297 0.39520971089241 0.218871763739751 0.384284684114835 0.547174026528509 0.448479167493665 0.704746530910497 0.154645735864871 0.177016561234 0.242394089370246 0.144213712592491 0.394029052407897 0.313423195493476 0.737217618360158 1 0.65143751748326 0.661834853583603 0.449427143891507 0.24362170398776 0.242615513013312 0.420350996772893 0.563113697439807 0.612079866776243 0.440222166083933 0.375958800360336 0.446710897173766 0.168771564342603 0.236831872530799 0.225942081059788 0.336161785944439 0.460916829230792 0.00993073042528997 0.318035450482919 0.319965077866291 0.256571321913201 0.186144968302557 0.238059816069441 0.190439507987473 0.237010118257235 0.284398347991716 0.256479823679472 0.374577312826055 0.312566544020526 0.291347806271256 0.272803169142557 0.369572937219899 0.39217504544427 0.242297910570548 0.219225504259807 0.246768154237995 0.145465859545791 0.365163317880016 0.439215651985827 0.131955738600837 0.243445622497216 0.726223434528407 0.653416127300437 0.443924527959882 0.334657775856122 0.426128316245294 0.438469583878167 0.463673017579603 0.501245586076995 0.177902610608722 0.340230941224869 0.0906860456232918 0.175336592399519 0.277704099710149 0.30509164241182 0.159684668737807 0.241693899740617 0.224032956845971 0.377387990217137 0.19146258051098 0.489909382089611 0.552237395023241 0.646263363855957 0.351353315100249 0.577637048509837 0.52615279291513 0.6042301799908
