1 0.839755375548494 0.689341630675184 0.59846437047189 0.423711762339942 0.243736031198175 0.735128367143748 0.65581788571756 0.343938298187519 0.456563779673324 0.671514608104351 0.688164958606249 0.759665711154315 0.570847857522468 0.49455682594974 0.560019949628695 0.746518092983427 0.72309626711508 0.85423332076523 0.702680417601837 0.133646855168839 -0.10370815554301 0.565791675301704 0.504784044176029 0.492703512369549 0.387799303894906 0.187183577334879 0.342333297846622 0.535259977889448 0.666864005833113 0.49490398971955 0.368564834654992 0.556832907243494 0.554069335170288 0.475610072989581 0.331385393339852 0.531746337182927 0.322374391425765 0.395648429744804 0.239654725782333 0.468291049019469 0.333787549472579 0.777034012968249 0.75454775326365 0.709981274160805 0.705972239980774 0.740028795328525 0.741244498101314 0.750292973603606 0.711336303705446 0.717839195047407 0.705851942908417 0.717170014346738 0.650389011401515 0.759390495462697 0.71223406695745 0.887058494312364 0.837744897052744 0.818135788811903 0.791098669233724 0.646604460400211 0.500029699060537 0.765273996598161 0.586727041636011 0.465972287979211 0.485692027949342 0.584527211883678 0.574214346950786 0.575636128127989 0.643905536459998 0.429334391753068 0.362248146196641 0.633199690841376 0.7034593208075 0.130805539740376 0.513531827016918 0.0789550634313036 0.302246774873087 0.621546899724769 0.552797052314616 0.792190906633104 0.717040865577698 0.624235004484727 0.440338231879044 0.769399820553524 0.726280416617655 0.375917034147194 0.586283679615633 0.668184795720388 0.68800717749906
0.839755375548494 1 0.525670802400721 0.547511176596063 0.261452716929491 0.171449159677271 0.519580369667112 0.567774547704753 0.161472286304219 0.326978557845936 0.451349745597288 0.609297998584593 0.527299594873339 0.511364134223956 0.318417447247099 0.498011686075569 0.683536278580152 0.813936445847283 0.709262742182711 0.690532913315286 0.181442345007967 0.0139563078454095 0.42688250234683 0.478676175008602 0.483084682535446 0.443165866882721 0.186487979023054 0.312475822915949 0.413637282027666 0.609751086643253 0.444215836757108 0.365210543855851 0.457090438249329 0.55330822554119 0.417435599899814 0.333428774223548 0.523915328403862 0.437786372459883 0.408318210298839 0.26103516805316 0.426329447246745 0.364926657319428 0.78377779358936 0.763106464974164 0.731908257689767 0.747829479469351 0.732454995278668 0.756776225228124 0.762615255571811 0.736687767529895 0.664883385738193 0.692343686625914 0.618223229609137 0.636382524946269 0.737064061516026 0.750018867490811 0.822849190273659 0.886658708106971 0.725843079291147 0.761086019041032 0.426599669537312 0.409680038832196 0.633339628303535 0.605375920130335 0.336073225747197 0.424527215024527 0.510166970493431 0.534315487513194 0.512494979500027 0.5815870643053 0.419441981942887 0.337504044367632 0.565671560261809 0.651439265451776 0.107645605126436 0.505544707527276 0.219502903029539 0.274780653493667 0.60646301204881 0.638780823256039 0.768830282128447 0.806010541047556 0.6166361743038 0.555686965811909 0.678970982071044 0.755549984575654 0.39818806110713 0.560980966956618 0.587665032633197 0.707906819363013
0.689341630675184 0.525670802400721 1 0.756779569793112 0.658302259299438 0.411679547727328 0.853712651662927 0.771173345012973 0.547164211371547 0.603625134516694 0.498591797263177 0.440636353125286 0.692063347818402 0.460866668828624 0.656082240226671 0.719976390519045 0.499618639780112 0.51791135545846 0.69931018080171 0.501847736942393 0.179877217484657 -0.0056643776242887 0.90290168254701 0.77522777375043 0.626852901203707 0.537596084215287 0.457586240835062 0.444195760406395 0.430268947967024 0.550383062418057 0.608134620839875 0.580199795062437 0.670494603948269 0.59672109808847 0.743687114766701 0.538229982657953 0.410902226764546 0.305862003481766 0.233301017507406 0.12935440473738 0.302880993393315 0.283843022031285 0.606391150936326 0.576196680445067 0.569967386824585 0.522250354059533 0.569252866053731 0.552615164155887 0.5082639467992 0.491426385179312 0.554587726843471 0.538139377582616 0.607787491564421 0.52068527617282 0.523763746895531 0.488534648622343 0.663870164983522 0.602435164836452 0.656169435674921 0.623276941794978 0.825547570027952 0.707155769434314 0.622328551462528 0.498200736308353 0.767442922348551 0.737440783652163 0.72802939113663 0.66852607834987 0.52278109219491 0.562998785717296 0.476776078550265 0.387980419658074 0.507930885078421 0.54207975031623 0.0894209859472119 0.328001553766974 0.0551156909354877 0.319463259718369 0.556315801144108 0.408576897215032 0.615431959317404 0.580097217391034 0.473948072903087 0.368885843544909 0.804108903663143 0.711850934875313 0.480179348101142 0.58140900541398 0.662272690781235 0.657181186829457
0.59846437047189 0.547511176596063 0.756779569793112 1 0.60522755072927 0.650739808523435 0.719557287409035 0.834621227867954 0.559822105586682 0.711130484305061 0.480930005269112 0.410960517786341 0.455206114204675 0.487073037644492 0.460998512465929 0.710193889731876 0.537583600170063 0.51891174081479 0.604881076786865 0.628643168045597 0.0585863842256975 -0.116075283757291 0.6976700221391 0.664234421115884 0.413080013967985 0.48610005644087 0.296099631625763 0.320544674639007 0.496436060611718 0.692215749990688 0.601523980888242 0.646420914189578 0.692823578499439 0.732569511174099 0.65743271302473 0.530577447630494 0.31617086072955 0.266477280145783 0.189823513392172 0.00700697091322374 0.266714831944945 0.237478231563759 0.587939727364741 0.544526393108036 0.587794924649991 0.50147220894317 0.57163228341329 0.533168096005768 0.459718765616122 0.401573489223685 0.425266720242028 0.397433993870856 0.462948552506839 0.441368535587189 0.425569613551849 0.379232401943247 0.546476382786021 0.504801631562554 0.481445547510911 0.526984744263402 0.620785270635959 0.752429962909423 0.608739043932472 0.67488954539893 0.456161302514263 0.555095256491739 0.629733579549504 0.617769904824946 0.434869508082863 0.47930135580236 0.441841995240492 0.438897875701746 0.538839310885171 0.609381824771574 0.07428271969548 0.482447951782795 0.0717653297589599 0.414597318318415 0.436757041742478 0.401747797158758 0.583300530659586 0.501466945186955 0.371416825132809 0.217411494526298 0.603935583804729 0.590645350510618 0.31100026242092 0.387249330657585 0.466661172778496 0.537358169427362
0.423711762339942 0.261452716929491 0.658302259299438 0.60522755072927 1 0.458214545851157 0.723471998022618 0.647888799660683 0.806281439342991 0.708096819111179 0.413776650547632 0.258628487279948 0.481366291820835 0.361787542377375 0.696724812982331 0.61597332561541 0.365394258641757 0.344593422635893 0.483515215495431 0.476621971613832 0.162622752654331 -0.0518491173470864 0.676250084517892 0.463006071745934 0.431332915191704 0.412421418531452 0.287185103995191 0.211590672711239 0.491157892639853 0.465990772981537 0.592652347045006 0.487955700003226 0.690726801222778 0.589191172775026 0.660051294982449 0.586783000834032 0.394839647147669 0.28949799480509 0.178415257605604 0.0243333520070494 0.278690540693327 0.289065243123189 0.478044260715623 0.424894644804402 0.487345637359296 0.357380219744088 0.456197233821033 0.380111320351391 0.331536926106033 0.324039635809781 0.455950260255494 0.386148456341673 0.5030093152736 0.438701409993264 0.319166434742323 0.288002975092097 0.401540144218595 0.324202534800427 0.392651790216657 0.39415652768476 0.614649905412345 0.580272432005949 0.460112665081315 0.422100946782779 0.547007006367515 0.514564599891564 0.633474103148181 0.546501490762209 0.363534435340897 0.389522095323173 0.524886902541264 0.445125153556791 0.479939754498095 0.519680959498755 0.039617259923007 0.309698993899224 0.0907485285953714 0.525076166862991 0.456305811555982 0.390338496894498 0.451592854848031 0.332021661299979 0.285641152691617 0.137947835244683 0.587515349944314 0.459077592992957 0.223057468158858 0.283278029615302 0.55566057655303 0.492800429326486
0.243736031198175 0.171449159677271 0.411679547727328 0.650739808523435 0.458214545851157 1 0.397924221971587 0.515673939922662 0.534675120749216 0.688882968150655 0.212076439187594 0.078197325905303 0.149007810434428 0.0704626780980195 0.214858923072429 0.476849534782125 0.178834103675233 0.124611955573948 0.285133943009771 0.302331650235826 0.013801090711985 -0.165240547471372 0.411094526797805 0.304212097397119 0.250216127411524 0.331586983295986 0.200162903137844 0.313175354398228 0.26945069204018 0.303562646553035 0.400235644711943 0.30666333595749 0.493404228934176 0.493523675303935 0.535726906361779 0.479613979596538 0.141593539557538 0.0441718489414115 -0.00647773987856131 -0.142003777510776 0.191055726884061 0.0386729791862772 0.269633157107431 0.187799060362874 0.324745715888375 0.201508634043717 0.313700490354021 0.220464445853772 0.162541692587006 0.119391485422177 0.163599420077546 0.128566317288598 0.250007131725534 0.221443667986033 0.150571382512042 0.0731391516858666 0.20061682976716 0.124176438083866 0.149311293059074 0.22069689881457 0.361650390879696 0.490544961708654 0.221449942641774 0.311724808417859 0.277404414842936 0.339570339547504 0.389923693672633 0.3610089915409 0.31854779100741 0.272295872650807 0.324872891092691 0.30343173061249 0.320637835730645 0.389427298680792 -0.0452086701811692 0.277742373934155 0.0472512952264885 0.362380816255057 0.20233833992553 0.097585387835139 0.175490618919506 0.0889945350862471 0.112308647175258 -0.0471517126306755 0.294350970509341 0.225246251554838 0.0237873006575426 0.17274308566459 0.248494414123302 0.22108162692403
0.735128367143748 0.519580369667112 0.853712651662927 0.719557287409035 0.723471998022618 0.397924221971587 1 0.83275762460023 0.638995810972411 0.659812074854179 0.69379536350743 0.592996962552352 0.764905195497194 0.590381385778625 0.626510011943258 0.698023270100622 0.528131564424224 0.484921741395439 0.768324129168831 0.623024693379257 0.144768050571488 -0.0413001561118825 0.818490749831142 0.588860553612076 0.517849458597068 0.422396336904571 0.280076893321288 0.297823427944268 0.579614629337048 0.655173866453258 0.64669176702669 0.556307327601428 0.727656251782976 0.654620427239062 0.663153606213607 0.558131276091126 0.458997868396084 0.272019358055471 0.235515475529885 0.0782985640200787 0.36889225371418 0.342798368312035 0.649222478662743 0.611867937172852 0.640451613145664 0.548334270769841 0.626472253546136 0.577512362960502 0.540975077592968 0.518086312265605 0.599152033844062 0.572090880286968 0.62015011489779 0.568763804698844 0.559328586759515 0.47772138470491 0.632617609306732 0.561352578251841 0.681781018894607 0.622815691580706 0.89162638917177 0.732107363988541 0.705360282387514 0.598229303129219 0.612519671286362 0.594103403430881 0.748406936139326 0.709221079306105 0.537175439355168 0.568698789278164 0.585660628428736 0.497540725431474 0.630944879766694 0.655280715249128 0.0420160298525964 0.443453413319156 0.0603291736392893 0.474528090067573 0.508136508037754 0.41615711034161 0.608221956139737 0.492736265587833 0.445534767661959 0.235815912968498 0.757733144673236 0.603251559424367 0.32913412725712 0.475988021501919 0.660708795167161 0.634767584819989
0.65581788571756 0.567774547704753 0.771173345012973 0.834621227867954 0.647888799660683 0.515673939922662 0.83275762460023 1 0.584135794427104 0.792328930941958 0.632393386040161 0.635781864544556 0.563604921803137 0.66926402451624 0.513835962849644 0.789735052283382 0.598034134529793 0.610283280396648 0.658600839165332 0.644064424887769 0.149848569297522 -0.0263466569484842 0.695281745451821 0.712198794383574 0.469795289712519 0.53410557019347 0.307608118118907 0.317482566003005 0.623005616079197 0.718270435666791 0.672125222412126 0.679502879367723 0.718310391931971 0.744030668881901 0.624799643448174 0.565373676641318 0.431609319000445 0.307413005158931 0.265420857088804 0.142767919104989 0.385041440076482 0.274007213865796 0.656234587442299 0.613817378151888 0.644574314343668 0.542320650097249 0.629570256302099 0.585992467700715 0.513472609574087 0.479996378468446 0.553944935574396 0.543832455091851 0.567743096367496 0.545453659091947 0.521882749452883 0.486756558865733 0.576430176729868 0.569959392328851 0.608947021547105 0.625680037483144 0.732356476202235 0.863893944507421 0.697111657057538 0.781218435316796 0.489236549129522 0.659417055286886 0.683958539817668 0.715614284056884 0.416324019762579 0.462161187510545 0.588700041931693 0.562873416640462 0.641551799066325 0.68943432778062 0.037097759384661 0.49377928067087 0.255487256591842 0.556395722243529 0.541859083938434 0.504747695239323 0.663870281397105 0.580285918227528 0.48349164675032 0.330734364909871 0.675884462590637 0.68136545491533 0.327933722894092 0.45189398197133 0.606335349380308 0.704652031829867
0.343938298187519 0.161472286304219 0.547164211371547 0.559822105586682 0.806281439342991 0.534675120749216 0.638995810972411 0.584135794427104 1 0.722440430706882 0.433535088422203 0.304479909349949 0.472740358584604 0.410065438212226 0.682307014373949 0.596423957926853 0.328059741448 0.226526799418596 0.408107137400994 0.39978844501452 0.0334609550326656 -0.0399588111637466 0.547718947106928 0.360907014423817 0.235309488805665 0.206150458520812 0.119137450605325 0.0926731887767083 0.520065467332304 0.444061636823787 0.46950581930507 0.344094257843343 0.5697823887487 0.487103693297952 0.530176077720402 0.454553730834127 0.300813510083204 0.167393863652048 0.0184408715223346 -0.00725230984541386 0.245241694395249 0.227598104579929 0.327707035941606 0.299507535075796 0.349804488148909 0.221855728178022 0.301525370101375 0.253376220695218 0.207947462227135 0.189738237641454 0.351706436439323 0.286644784374786 0.449327758329507 0.370833500506992 0.197865853762213 0.160556657728419 0.333846925203571 0.239478395120407 0.304011801700471 0.32009757951187 0.543914679543369 0.513095613141567 0.419823353702674 0.356426149042384 0.411258332793861 0.402854300295128 0.507394950781782 0.437817202679098 0.300978723824737 0.332094326984849 0.455648814758244 0.404453788981552 0.420748691178437 0.44872394863894 -0.0228857223934244 0.305528863780371 0.0294442064548875 0.469616994354966 0.357581877374355 0.235474672288539 0.333319163721479 0.168275553462011 0.231225473201938 0.0786530855859216 0.466509733423583 0.314259193793958 0.0823677334405588 0.122911883504845 0.425492592450801 0.36940000590629
0.456563779673324 0.326978557845936 0.603625134516694 0.711130484305061 0.708096819111179 0.688882968150655 0.659812074854179 0.792328930941958 0.722440430706882 1 0.496828807574069 0.421018152138319 0.493641546141594 0.511927525336639 0.560690858362165 0.752484678685824 0.424578991653644 0.383438066397025 0.418686192789926 0.394751208410706 0.0416555398668699 -0.101988950221669 0.556846691110966 0.606671730835802 0.373407337382879 0.422826006696847 0.307392457170071 0.268536771751633 0.493894072449641 0.502779022243005 0.425026108137355 0.45559807519291 0.528649309313268 0.527208364544271 0.549219331997641 0.485394065729723 0.330001405658383 0.206147917084792 0.132032938595405 0.142841954850594 0.305235304166173 0.15243336146607 0.470745850435099 0.409929838230616 0.456079938260174 0.350581216046575 0.445830379403728 0.39172235388466 0.31853283404716 0.303919546774445 0.391717915412951 0.351498815460655 0.4549086020531 0.393698276498014 0.301569914132858 0.293823295236946 0.432911666370692 0.398131248068521 0.395358397438751 0.426174727707511 0.630583594516344 0.769210614483422 0.49496619294824 0.522908786099957 0.463231757223177 0.627925580469784 0.511280131362562 0.489601852931255 0.333330993049445 0.359450278882387 0.452624107192721 0.439300245775458 0.46511777731786 0.509337847796794 0.0386210815143134 0.368541855360789 0.173890481400784 0.478283729963698 0.421730857171311 0.292192052855962 0.46547928062603 0.359961918508836 0.357985323835735 0.164833696820767 0.573985469525914 0.504840300260389 0.210685889699412 0.298569248564442 0.51829250557301 0.527044037907615
0.671514608104351 0.451349745597288 0.498591797263177 0.480930005269112 0.413776650547632 0.212076439187594 0.69379536350743 0.632393386040161 0.433535088422203 0.496828807574069 1 0.706927411865736 0.751362612023502 0.727965681561426 0.532278458613597 0.553693258990155 0.668157463773094 0.479232983907236 0.562459521131135 0.51528259611891 0.101262148422491 0.0202386579526561 0.415134166539368 0.353628220796428 0.118140963015981 0.0500210947556815 -0.00240811349493864 0.0632720567570229 0.691938432269957 0.653774085667459 0.363787789888432 0.365470291215338 0.41390109993341 0.393837232833815 0.208805037582826 0.146925211289097 0.262889672411343 0.0367255936363793 0.160468904352372 0.123998770166752 0.355633834169745 0.0733259512656658 0.488602599237423 0.449280504302107 0.428098815057041 0.369340024618065 0.429783775925953 0.431032483647162 0.380311447092776 0.347039177175124 0.374643485389344 0.346671842873545 0.39483459349796 0.365140682632238 0.371281154447049 0.347477862945612 0.500455185490883 0.428507703033191 0.444769523158108 0.397047781176515 0.610938220882213 0.567172467103596 0.779214002212922 0.645620207968513 0.150211448502439 0.240065926089874 0.303279232994099 0.308724828238596 0.16903407186485 0.210427689416172 0.403615651371645 0.470231586050887 0.57133939498017 0.546397284987929 0.128201110146763 0.47866744510838 0.18373000854295 0.37993567987228 0.440390163425841 0.279549815567701 0.527587591858574 0.394812338043605 0.491586087627591 0.257663492372771 0.442493602465905 0.395639277052152 0.184195792555671 0.219120111783673 0.396523533633282 0.383560847911264
0.688164958606249 0.609297998584593 0.440636353125286 0.410960517786341 0.258628487279948 0.078197325905303 0.592996962552352 0.635781864544556 0.304479909349949 0.421018152138319 0.706927411865736 1 0.623238364910292 0.78663874256465 0.375115065712158 0.481870074003165 0.564816778398129 0.537725235203416 0.598132096605475 0.531403833088764 0.0326385080272486 -0.00642265055794568 0.348378222918433 0.372820014730749 0.215080787891185 0.159559538440616 0.0732223428813786 0.109152195529309 0.494900702029581 0.637379021382605 0.340860893708581 0.331771627460178 0.354290606514462 0.383652457847625 0.215407290213223 0.166323190613639 0.32844231377023 0.166374647642866 0.233965060459499 0.261485008190867 0.296241571220762 0.205573682340473 0.516790098866594 0.518407891364587 0.44335869856338 0.427673464197866 0.472404802951911 0.48016939476194 0.469267451586032 0.4704148743057 0.495829431161076 0.52824002588703 0.49766414944246 0.448036686842573 0.50099571544078 0.469809205774674 0.541741692725726 0.594179749554131 0.585424517721675 0.614971639570338 0.485224967358526 0.527722435114796 0.632530463574834 0.626634829036112 0.18406284851753 0.293838444784066 0.340767739698768 0.390542768475181 0.296765053034026 0.386502423697099 0.396648992791378 0.360657334941905 0.487764126554339 0.526162044314105 0.00565236049055184 0.483477128791469 0.19057270296344 0.290532779165413 0.386716394438657 0.389207371104483 0.519186109736082 0.462329712657017 0.410498561708374 0.301049796855263 0.456677372951574 0.465433067735393 0.174399803300583 0.297273679626235 0.440028194729081 0.547334418880942
0.759665711154315 0.527299594873339 0.692063347818402 0.455206114204675 0.481366291820835 0.149007810434428 0.764905195497194 0.563604921803137 0.472740358584604 0.493641546141594 0.751362612023502 0.623238364910292 1 0.714331255871847 0.723628272943088 0.659233275763083 0.568988511646071 0.485340499788414 0.683419860057504 0.405091349148343 0.0516409580904356 -0.0138813456964154 0.634577709234016 0.516329572519635 0.397745723679408 0.179183082512338 0.220453488070082 0.276532664579867 0.475869475748031 0.557911975183062 0.282262770694559 0.282350211503905 0.346944250824458 0.281328565678719 0.373524119901708 0.167281263089776 0.412844839031755 0.139119655658434 0.203605537252273 0.222656643596418 0.385762013382595 0.205893505142372 0.501260633284663 0.473164283174119 0.404454833457642 0.406320122792093 0.448042975702683 0.449208492707866 0.425294590150273 0.427318781789019 0.476078915005834 0.476096249377925 0.543934768469359 0.43341960475244 0.506400231029588 0.457340070648428 0.702848505263237 0.63991026743949 0.584833271564757 0.540193484478702 0.770030020959976 0.510199999947729 0.73066484085785 0.419930005956642 0.499136244886921 0.504272251658286 0.428476000589381 0.375397155034019 0.386226200764606 0.44932233855128 0.344211957373749 0.273737786544971 0.436603828694198 0.479311892080254 0.110553865924036 0.335043472989541 -0.0283998346936336 0.159489828974662 0.476646064543786 0.328213135438442 0.581572857335514 0.524464056648455 0.556808116480497 0.383653736429221 0.712483595734064 0.584957633280883 0.353314776310016 0.505550134569471 0.569141096219513 0.538751912301073
0.570847857522468 0.511364134223956 0.460866668828624 0.487073037644492 0.361787542377375 0.0704626780980195 0.590381385778625 0.66926402451624 0.410065438212226 0.511927525336639 0.727965681561426 0.78663874256465 0.714331255871847 1 0.561619796386888 0.677606159021409 0.583149086872334 0.552981708767581 0.515197764117749 0.474988720514602 0.0436594829940506 0.0441405077947097 0.423789222861945 0.537174306399966 0.210762419840185 0.131827755637468 0.135382538202498 0.0885450823065496 0.529897269807818 0.693785970512259 0.300195761757119 0.453339682207734 0.320308902228354 0.347949662831173 0.200705221240167 0.129906957171176 0.265516528487091 0.117789186286528 0.175457245109332 0.272728152614708 0.274795727205055 0.160899129001665 0.438237493809984 0.433462195543247 0.33461331747146 0.316327026945677 0.352255199488092 0.362660048485993 0.299121330424385 0.307636018255758 0.358425883066344 0.363447266995799 0.375874881800115 0.335138628232519 0.348254322142308 0.345496156764472 0.498342950144153 0.525942789936383 0.394912349686061 0.41413951051237 0.538455015300878 0.589236478570229 0.714910552879368 0.679907668963613 0.20576246126063 0.36348156342629 0.300187572551031 0.353913878448354 0.167300663967259 0.263606414847684 0.379938518449619 0.372251001002947 0.417969334201821 0.469326988352503 0.062291178452826 0.477929146877433 0.187189387764835 0.282655233594583 0.392103963020937 0.397946499393137 0.531507042469347 0.496119198400174 0.441451348997292 0.339323358082493 0.444800898910561 0.509837760064596 0.21021892781417 0.273018258098388 0.379393034967566 0.501412508644895
0.49455682594974 0.318417447247099 0.656082240226671 0.460998512465929 0.696724812982331 0.214858923072429 0.626510011943258 0.513835962849644 0.682307014373949 0.560690858362165 0.532278458613597 0.375115065712158 0.723628272943088 0.561619796386888 1 0.704953400745537 0.507727185218057 0.39696262711047 0.438040851143782 0.283229685533152 0.206472001462186 0.119107023736345 0.680564874152387 0.569023520703971 0.40923571963817 0.264173891049681 0.33341093891858 0.30983125071139 0.528974654944698 0.436449900762767 0.337187609805043 0.340262302713538 0.383922250694031 0.27828538135373 0.474884457129326 0.268863148778653 0.390064432985301 0.259289087226641 0.222645631467518 0.230520646351589 0.331413324227692 0.181225301888088 0.363149638197679 0.357231147271238 0.304286450214152 0.286188181519747 0.286569297098707 0.287781722603779 0.222264701057533 0.246369093757017 0.353093171312348 0.326374185821556 0.450708883625662 0.355082387400987 0.311576399460973 0.303453401751115 0.47428822773947 0.412563136953691 0.33126035768338 0.29751773478926 0.576753976613265 0.506407266660341 0.56717662608025 0.364131916629194 0.55751820763187 0.54610820884478 0.41158109224035 0.317800966599583 0.201305095866343 0.222071951661091 0.31730157718966 0.393448830821299 0.3909618215785 0.374461735056235 0.118451732262587 0.308365429492725 0.0747941923459068 0.296964003160648 0.47501312129854 0.307336014473331 0.485356734891553 0.423367451219122 0.577661324833279 0.365798927858393 0.622936957595197 0.53677154624975 0.371433114929089 0.370396990189916 0.523835735783003 0.423261496143001
0.560019949628695 0.498011686075569 0.719976390519045 0.710193889731876 0.61597332561541 0.476849534782125 0.698023270100622 0.789735052283382 0.596423957926853 0.752484678685824 0.553693258990155 0.481870074003165 0.659233275763083 0.677606159021409 0.704953400745537 1 0.569467250788403 0.576597758317573 0.564440943830971 0.463960959220872 0.171312459522857 0.0980095287484914 0.7336636749115 0.779844424626593 0.499345724062699 0.469672632793553 0.418305407926613 0.425726686953063 0.558113201007107 0.644144806730213 0.504524977477874 0.613682933885899 0.549068392906543 0.550572150571818 0.593132366835295 0.464270409742943 0.399326675976929 0.270169594020734 0.261042421706912 0.204558016669619 0.357290021894881 0.203742410598233 0.517582026864082 0.467238927317766 0.459577990805483 0.381007467955455 0.462932103684922 0.43307763900684 0.345684955657184 0.32306722015159 0.421323675987139 0.404808478191923 0.499649479480848 0.436237296226822 0.396767401559872 0.382489970557161 0.589660899615726 0.548070263725339 0.445034281265799 0.431257528120626 0.694361743107321 0.756695616519262 0.61053654885557 0.599136473735662 0.550636714728597 0.705823098258035 0.549908127867287 0.534290858331001 0.348940599929118 0.381992833435864 0.492092034967842 0.490572936093336 0.499677938660364 0.562649107462757 0.104492087845582 0.458890779068979 0.202173551077493 0.408036311840349 0.575422120192447 0.4564826812912 0.604956770225221 0.558154708938909 0.549565459001069 0.419742111964832 0.663661652122085 0.676306220942243 0.373899786253842 0.47173739716367 0.551019007590384 0.610926344778099
0.746518092983427 0.683536278580152 0.499618639780112 0.537583600170063 0.365394258641757 0.178834103675233 0.528131564424224 0.598034134529793 0.328059741448 0.424578991653644 0.668157463773094 0.564816778398129 0.568988511646071 0.583149086872334 0.507727185218057 0.569467250788403 1 0.825863647700829 0.557196258179231 0.59310084004309 0.256707010262484 0.0015125823977927 0.389706851016557 0.444341444053285 0.255992242237562 0.253607682616531 0.0921882694477753 0.166530326403731 0.737862548807772 0.743535392943159 0.449814266713557 0.462586930348133 0.457360553624696 0.530485043672021 0.301584297165477 0.152586733987725 0.36712218452107 0.242107409357344 0.368447343800346 0.278591733492069 0.375004436707889 0.131974888938464 0.638316720478996 0.600369575504321 0.539986975649428 0.518396375297041 0.542339944296903 0.575722997137722 0.492154643041109 0.453107283886225 0.458409342766285 0.439287965224556 0.470823424911371 0.417961905551279 0.494291596535563 0.478221493062181 0.725943975487165 0.695499183614231 0.52980329336444 0.503219724352815 0.442278166524376 0.548412029610478 0.786820590080889 0.735545899397355 0.237213772590365 0.378936958849958 0.365393652423335 0.395625572440064 0.190213256468362 0.295188108072844 0.259971204678498 0.357666118576032 0.55142452094805 0.579724752043684 0.264911881937325 0.531548619851695 0.25688414432234 0.335252697543685 0.695929663722078 0.601602049863866 0.808938591498011 0.700546732666264 0.681080303738703 0.497386661635966 0.533644799934553 0.581325753482731 0.271271980485005 0.311301376574782 0.403696793164964 0.456083609943274
0.72309626711508 0.813936445847283 0.51791135545846 0.51891174081479 0.344593422635893 0.124611955573948 0.484921741395439 0.610283280396648 0.226526799418596 0.383438066397025 0.479232983907236 0.537725235203416 0.485340499788414 0.552981708767581 0.39696262711047 0.576597758317573 0.825863647700829 1 0.573941474490301 0.604817725725273 0.286112039158226 0.0143549590185339 0.40225485020265 0.503853595723034 0.366464984613475 0.387757856390743 0.183026952453785 0.218955571329027 0.565792389995123 0.657540558521056 0.471820665279226 0.482826527364734 0.443576609579511 0.532994627971484 0.355972158702808 0.241329362443587 0.405653491133981 0.329772442598055 0.441211098029885 0.348675196105535 0.384674147899391 0.154483162541813 0.699158274984438 0.690739706825022 0.61770179926056 0.618884878695086 0.578034419964517 0.622779885604876 0.557953698398361 0.524335137988644 0.495236621188366 0.505723240073891 0.465422355464062 0.476282975341932 0.549431469100011 0.590453847747586 0.736643830119014 0.805726067662848 0.573640013626898 0.570165726032291 0.426260485083541 0.516432087827313 0.736171679030595 0.764835015262398 0.294832820543566 0.439500814967285 0.394973208414601 0.439931897638788 0.20071400310304 0.33853101534102 0.335657025382922 0.308851295923695 0.518941073094112 0.568527336775966 0.210834020635525 0.518222433877984 0.42989295646991 0.279194090458426 0.716901275221321 0.74005353972701 0.830239920398515 0.865392020394385 0.652485570611557 0.642764529592393 0.57281984071842 0.710657594996242 0.413450565510026 0.407551048213464 0.47295968301626 0.612727275220307
0.85423332076523 0.709262742182711 0.69931018080171 0.604881076786865 0.483515215495431 0.285133943009771 0.768324129168831 0.658600839165332 0.408107137400994 0.418686192789926 0.562459521131135 0.598132096605475 0.683419860057504 0.515197764117749 0.438040851143782 0.564440943830971 0.557196258179231 0.573941474490301 1 0.762373663646942 0.147371405247456 -0.140947506890881 0.646837429522917 0.469080716947407 0.519810174481098 0.398820533485309 0.221166739681873 0.336459730691431 0.500712459694945 0.686672473615979 0.630842396919631 0.448747724929627 0.684017907729652 0.657989099348537 0.545878429393871 0.476445473768457 0.531599697702019 0.337885108198653 0.35276179662321 0.133491729333329 0.421017057472702 0.394097260898653 0.687637349281936 0.679292025811446 0.641417766756634 0.587891079585889 0.675366217493606 0.628539417331732 0.625318508793764 0.59987593302309 0.646270621482619 0.623642789141757 0.649361919604964 0.603515492509329 0.664739157342105 0.588856217079677 0.766350403073077 0.686580118411092 0.72836983296605 0.686109000439632 0.679889158541299 0.48238013312061 0.603833226524179 0.472919689812592 0.493976995602186 0.477397309236024 0.666599155106198 0.653777709819404 0.676945175467832 0.701287833549703 0.553006250131861 0.415453478958034 0.646443753248344 0.735232316019394 0.0123011945417517 0.527168093491021 0.0102076357314942 0.375938990270618 0.576853568115576 0.543994346019144 0.645162504289227 0.538065878032623 0.448088893774348 0.332213650203748 0.706684184225279 0.609993053095968 0.262801693232286 0.579638998621952 0.631703565336255 0.657321831037583
0.702680417601837 0.690532913315286 0.501847736942393 0.628643168045597 0.476621971613832 0.302331650235826 0.623024693379257 0.644064424887769 0.39978844501452 0.394751208410706 0.51528259611891 0.531403833088764 0.405091349148343 0.474988720514602 0.283229685533152 0.463960959220872 0.59310084004309 0.604817725725273 0.762373663646942 1 0.163741794726092 -0.0984765727619898 0.468063988226743 0.353080047664725 0.362293789821631 0.342076045538202 0.0933413896738013 0.216726404818625 0.595364622812864 0.730553170802561 0.710518882587468 0.540960011682464 0.76683469578997 0.772819369049805 0.518088412331057 0.568896034262093 0.466474791921402 0.286291725876141 0.30937234252063 0.0530592518008443 0.394971776967098 0.407197318754738 0.741922833168008 0.710721884553184 0.747456903484175 0.651204463434499 0.730412012536568 0.695438081857515 0.657477205457489 0.595245375100244 0.614327397131094 0.570299411810428 0.589545219359144 0.620343689734309 0.606736830705545 0.556881581332745 0.588339680724032 0.539902288975832 0.60343286508241 0.596088501128721 0.421702786258206 0.41352210863037 0.598244830692825 0.65708957921119 0.23678774613728 0.238354909215098 0.646144409884159 0.656875613368673 0.525513861788917 0.564351071082548 0.567861017363397 0.482276255455562 0.704447764559789 0.816707319217689 0.0890637159661414 0.625726867279471 0.189490781573656 0.57925703675148 0.51236245539122 0.555946997908509 0.633569758296813 0.492833661157967 0.436939446800711 0.248986095778991 0.540432411127294 0.51196792502296 0.182825996793614 0.370093001181166 0.535623729222835 0.57609614497499
0.133646855168839 0.181442345007967 0.179877217484657 0.0585863842256975 0.162622752654331 0.013801090711985 0.144768050571488 0.149848569297522 0.0334609550326656 0.0416555398668699 0.101262148422491 0.0326385080272486 0.0516409580904356 0.0436594829940506 0.206472001462186 0.171312459522857 0.256707010262484 0.286112039158226 0.147371405247456 0.163741794726092 1 0.023894940095693 0.225312278810789 0.228733170544125 0.247657941023694 0.328466660387375 0.169543228504285 0.198515290185698 0.318034207087324 0.164352008859358 0.364034698194805 0.231312804392276 0.247137760307101 0.252675973860989 0.216915939882953 0.242379696058378 0.342157708380507 0.315470544878665 0.484403097447091 0.222837741178939 0.149001979265623 0.0612013978061608 0.196175510666435 0.202363407742843 0.187216301170576 0.163740344043645 0.186733490203124 0.172496788520541 0.115802199154008 0.119402070691364 0.0975325770411801 0.102589854200704 0.0756715518029495 0.08581859106667 0.0961206762058504 0.132380307768941 0.174719507193226 0.194330740498425 0.146157182037159 0.0978042819701263 0.0315726962099812 0.132729776630128 0.154278664724068 0.185409441105362 0.177519414247953 0.181091227770818 0.195067620209272 0.185325099561649 -0.0144197576821758 -0.00391242360912191 0.200130694395129 0.329694036591987 0.259087425325295 0.1596434583982 0.179666299860567 0.105658029762514 0.296703085304309 0.299085539043276 0.364953846047305 0.345710931482255 0.238458116829623 0.271132214354233 0.349762878374114 0.325029231329679 0.152565498124006 0.204433560249209 0.204148761741787 0.0853397189973847 0.190022764835389 0.0974040604348516
-0.10370815554301 0.0139563078454095 -0.0056643776242887 -0.116075283757291 -0.0518491173470864 -0.165240547471372 -0.0413001561118825 -0.0263466569484842 -0.0399588111637466 -0.101988950221669 0.0202386579526561 -0.00642265055794568 -0.0138813456964154 0.0441405077947097 0.119107023736345 0.0980095287484914 0.0015125823977927 0.0143549590185339 -0.140947506890881 -0.0984765727619898 0.023894940095693 1 0.00863519693717725 0.0158829109261158 0.0385906468751392 0.0196487346596104 0.0509292356742312 0.0671064995601422 0.119817235647509 -0.0479932671992754 -0.010095832300517 0.0730814572836263 -0.0500858801048672 -0.0631503952449194 -0.0302365215922052 0.0140570503119258 0.0274543641411412 0.0405298150546028 -0.145553010043646 0.00927996572583101 0.10773348868108 0.133701401782007 -0.0126684053963584 0.0419649522625577 0.0135208393866962 0.0571904980088115 -0.0235023683871826 0.0561899692210222 0.00587327820457049 0.0375368848019097 0.060663351615565 0.088830749497564 0.0588946996921924 0.125680142097337 0.0797681599865376 0.125586740063596 -0.0567690286122258 -0.0215807029737569 -0.0211126165903743 -0.0627815666849275 -0.06375746624149 -0.0251209885336133 -0.0288587007789093 -0.0044223026498552 -0.0124064570548183 0.0298141810183559 0.017817309115467 0.0276986197104834 -0.0525291296839968 -0.117427506231906 0.010538824825338 0.0792482472022396 -0.0332683894516193 -0.0837920668713071 0.0448742950698205 0.0168690887924721 0.125071014639998 0.0273748536229075 0.0908620820447669 -0.0623544142345051 0.0914957028199403 0.0713414653540203 0.200323970966735 0.18597039095494 0.0542330194888403 0.112724755229541 0.0854997442672351 0.107083331220545 0.0306078623649234 0.0962572915679091
0.565791675301704 0.42688250234683 0.90290168254701 0.6976700221391 0.676250084517892 0.411094526797805 0.818490749831142 0.695281745451821 0.547718947106928 0.556846691110966 0.415134166539368 0.348378222918433 0.634577709234016 0.423789222861945 0.680564874152387 0.7336636749115 0.389706851016557 0.40225485020265 0.646837429522917 0.468063988226743 0.225312278810789 0.00863519693717725 1 0.761713154613359 0.679325582422661 0.582670478655583 0.520454747130509 0.504531997662654 0.413376295328073 0.54785169368273 0.644414434794887 0.615587168566666 0.703929016405169 0.600071065974225 0.810983970756578 0.599621123649321 0.406189346343498 0.336311349039473 0.272256063051748 0.0690704087378743 0.283783479986531 0.392905278384637 0.540329684442682 0.494234649465857 0.53783695787159 0.441192569832305 0.518853041792829 0.458888386986882 0.410665528582946 0.389764891468374 0.486802247690957 0.46135792696638 0.574316532818963 0.47379792391934 0.45602910915287 0.380714399037403 0.572640041421162 0.487453930645574 0.541537879711997 0.497962881239204 0.790101891177725 0.629858501685391 0.493873447295659 0.382331178677583 0.797323768887178 0.715716809176954 0.769913510480341 0.685953315680532 0.547952875455475 0.564634706986117 0.524360320085715 0.427063457236128 0.48219639408373 0.54487691209945 0.036193377047419 0.325954255220517 -0.0182722305560973 0.343967586655849 0.49617243693901 0.402067787662905 0.511683456615914 0.445024161411581 0.375152416069981 0.262847089934944 0.743098866765745 0.620302617374278 0.452912667062636 0.536872867983904 0.623335360576066 0.576420010989623
0.504784044176029 0.478676175008602 0.77522777375043 0.664234421115884 0.463006071745934 0.304212097397119 0.588860553612076 0.712198794383574 0.360907014423817 0.606671730835802 0.353628220796428 0.372820014730749 0.516329572519635 0.537174306399966 0.569023520703971 0.779844424626593 0.444341444053285 0.503853595723034 0.469080716947407 0.353080047664725 0.228733170544125 0.0158829109261158 0.761713154613359 1 0.596182291467721 0.614684843850351 0.59224918184438 0.522516748095056 0.331612116676482 0.507855881736987 0.484819821211454 0.615553935338995 0.474651939954819 0.498791023815516 0.606575926706563 0.448826745461562 0.352611445647514 0.355411930042576 0.271878577932864 0.226934647597112 0.230122851936493 0.261912547846835 0.491956757984715 0.452863043884332 0.41220317997719 0.392611848131469 0.446181339309539 0.435445191593518 0.36287630940557 0.370443066772309 0.440941307039354 0.43352434522076 0.511201184829711 0.417715010704483 0.397390542082566 0.408294412771318 0.56396376967281 0.546933090297236 0.459898138918696 0.461047519116929 0.602475670049136 0.669567982416212 0.491321759030753 0.466121263236077 0.675195651395131 0.785034450944844 0.558390188033174 0.565720669661195 0.39034165280454 0.422495963530963 0.361135924703867 0.349929923798174 0.364645838575418 0.42295663654117 0.0494444845716393 0.296241886090664 0.112229655990802 0.250781464820499 0.484517102656084 0.44175925201275 0.568484579756157 0.580470142539294 0.458080561720647 0.399002133493864 0.673400939725553 0.726699888075408 0.475645366759676 0.551792242118002 0.571129373054069 0.61536943173044
