1 0.950864821924105 0.601176953880584 0.768242798077671 0.131682348751742 0.226403702212947 0.591544881391925 0.66900757101683 0.302693962094587 0.369891290276131 0.753806229444547 0.692549959198739 0.743761471389976 0.623930321394559 0.390306794502937 0.565893343290569 0.918129009624168 0.893055725061887 0.921148507152025 0.838340029269498 0.360907878959937 0.483750254317378 0.550947373543003 0.568244602031795 0.479060005471016 0.540313332949753 0.387783350282979 0.144496745582269 0.750617784318279 0.739804390373555 0.522085868921188 0.543097575703548 0.843954867300888 0.839604681741839 0.51423583376651 0.391497262025152 0.576968648004163 0.456443932685978 0.739387361001098 0.681826142223042 0.210205064093763 0.53797384690434 0.705949659214744 0.726068337417323 0.814634561007833 0.792433557692987 0.834068553069778 0.82097341312206 0.7303281277057 0.808242552507975 0.714560517443537 0.768838595764066 0.552946814437775 0.556206703372818 0.795142623172877 0.836105634554407 0.965679054303745 0.948064107569825 0.913567172048458 0.881557493149862 0.844124367955113 0.638545914718648 0.883992416805839 0.719860363051305 0.495403006022697 0.661984065716383 0.7529671588268 0.740610887586641 0.887272600557889 0.838372294185343 0.537412002265052 0.56077742145945 0.69890350293134 0.72764596290663 0.537935825078606 0.514836058348947 0.221575331811228 0.189024182348241 0.704217171104698 0.784834019526275 0.90192496628159 0.893734982660959 0.543635260900389 0.621131988755883 0.892096247345651 0.841367786998716 0.501843153911953 0.537788588085919 0.730016183613782 0.651186438115992
0.950864821924105 1 0.52083174253973 0.746125530966345 0.05409451188154 0.230432099239628 0.538167269170459 0.620534814084537 0.260469961308629 0.34002374183168 0.680633151049751 0.724865785747637 0.6489266672561 0.665815908548747 0.360209155169006 0.583273939234156 0.926585879944141 0.937823279886331 0.925960955497191 0.890493775951343 0.334704148511798 0.510332278913629 0.464695580068187 0.536730173525905 0.407634127394405 0.479458181663028 0.369831438427223 0.142107312793053 0.72659419759138 0.747745435662785 0.47455308939373 0.508184233878153 0.842939800192204 0.840399444947881 0.453518858242515 0.347307612922075 0.548078237452194 0.4563920786543 0.70615291961741 0.683557792083255 0.270081533511485 0.562627350839154 0.675124061524165 0.701838041350908 0.797874378899646 0.780092211966818 0.815886586185542 0.805839391165386 0.709760515566861 0.794640022953319 0.682462583967482 0.752447181301486 0.503835917403518 0.531014766794686 0.747140677928913 0.826316808606245 0.968409649225793 0.976018443651335 0.878044991142139 0.868278137841575 0.782966582122675 0.617274710728913 0.883814146004612 0.76700549179339 0.456401843565673 0.667096517635649 0.711487303609741 0.703532540650262 0.926061380456451 0.866654678072485 0.518692145425141 0.517877482089816 0.649910141971796 0.717910200181223 0.501837118618431 0.537669233017811 0.169486759146597 0.130850319971157 0.72160973595186 0.806635950003904 0.892029095848366 0.90569439007572 0.517304499491331 0.654436416764483 0.870133055148881 0.851485621132273 0.495430045972964 0.558077813768327 0.66871625761731 0.64961019766993
0.601176953880584 0.52083174253973 1 0.843584294123737 0.642716751147345 0.465808469134431 0.920455540946542 0.907677734351153 0.723701788081284 0.672488201080503 0.732204915807719 0.613496858007949 0.835416388544714 0.667439980680827 0.673835462966052 0.629933838455301 0.643040102644638 0.558833649467722 0.537730834341774 0.271453895714359 0.573119856021295 0.498744698980957 0.909116010413066 0.736815309211245 0.81113565748976 0.705475680250074 0.297572168863323 0.120017323846439 0.746823673993631 0.71691112494759 0.867169582660264 0.870396290266672 0.798045821045327 0.780145754116574 0.846687955585414 0.662585734413491 0.584835877012029 0.461729702605127 0.735444464927795 0.387896202508834 0.231275751446926 0.157755942716648 0.831607612551273 0.80437665988775 0.761147029027937 0.736540963723951 0.731226593702492 0.720606964807698 0.749985745015065 0.71836902499045 0.777943591118518 0.71800523491023 0.795116667843136 0.708894282728384 0.814510142761331 0.665918252671081 0.59620202625023 0.486422822442034 0.657000427265423 0.648045387101347 0.780298173267295 0.750274637086688 0.628456900242294 0.620146755696466 0.753076325429389 0.604423787995893 0.837053880556218 0.768335398488814 0.384449046812346 0.200071997951964 0.756802104896348 0.78111480673058 0.673521150809911 0.58128351125903 0.434252983728459 0.289846378135309 0.709582658605537 0.707194156365317 0.721068930671017 0.725043520992925 0.693044041674977 0.651786110206386 0.647787104689481 0.502243958474909 0.726583474104537 0.692266544893456 0.636149977701892 0.457840167241923 0.814085047395165 0.787473762804392
0.768242798077671 0.746125530966345 0.843584294123737 1 0.325430756166465 0.409807670253268 0.752144500103224 0.894948789513567 0.513525806642809 0.621000510966153 0.729151431935181 0.801359070148713 0.741020708211376 0.802533082990869 0.56996433519459 0.796078982901855 0.81639373292119 0.75523715442551 0.7293023651176 0.557233848033247 0.460720056366822 0.605457497268329 0.816922881969242 0.896814590109266 0.740013142875747 0.785152368548086 0.490959557800341 0.255049022857953 0.781883884073908 0.766686175757363 0.778641814483631 0.831693504387467 0.871725970242255 0.878087256416635 0.74638424067695 0.673964138074847 0.644878089266899 0.550999284434062 0.795636606098353 0.60579720678324 0.380276939577575 0.37131667542819 0.852388895293537 0.835984587151672 0.840394586435861 0.818210683922964 0.843104912246223 0.822710670227669 0.79230319915648 0.810130892775334 0.801904544004446 0.795164873606378 0.749225249322619 0.68055609509716 0.866345939871511 0.826159325451907 0.783940105504929 0.715313430396321 0.779786514195852 0.778475420410197 0.763879997531017 0.793343701568654 0.799391816676416 0.736072981156334 0.676354371631837 0.803818652881775 0.825497929214272 0.849183826185411 0.644723812975886 0.507288281052651 0.717856388043512 0.741192428311538 0.71515971071517 0.662733536092353 0.418612321219075 0.411719791627996 0.496140887155448 0.497629924545991 0.77190090703933 0.815183990506985 0.836424531842434 0.826681013834052 0.649074596664626 0.627914067258741 0.853353137301103 0.881626493317174 0.716902005773085 0.635295808428403 0.809324914447607 0.82646403984024
0.131682348751742 0.05409451188154 0.642716751147345 0.325430756166465 1 0.472906159382283 0.717699237271687 0.566511699618453 0.812198247556013 0.584652543109184 0.394258140233268 0.24102606869016 0.59894246391874 0.266157770896826 0.620212031215695 0.233659895720775 0.179016194824413 0.111331382747239 0.0763525591931856 -0.12433243101868 0.435746642149124 0.178111335449436 0.55987431002339 0.240610689280332 0.546348242724833 0.355456156700151 -0.00354207489508188 -0.188201409133754 0.438687076922002 0.401955726634176 0.582600554980868 0.553948621920772 0.388549530788644 0.358935310084733 0.566151054330719 0.415388468475878 0.332111048944717 0.180393300802971 0.363154047963737 -0.0518129543076351 0.0327935036086515 -0.160295800079266 0.429966161434914 0.391892284576277 0.291361101767132 0.268820373478403 0.255400142942175 0.254838914837331 0.341967206776446 0.230539624660148 0.398299870585582 0.326349733592157 0.492244870586015 0.455935897454695 0.356239861919394 0.178662980382863 0.102140755764618 -0.00837856703839958 0.19955870774469 0.163080206505969 0.454712013074402 0.453478459677406 0.17069975948041 0.295782186209579 0.478211201999972 0.140555152169691 0.453958642967081 0.352344311919342 -0.095746058002089 -0.223400509934168 0.563942384067027 0.57990355968527 0.358106888657104 0.299213524834618 0.274804813288481 0.0851294707009774 0.654239138828213 0.670361691427844 0.380881278738938 0.294465045966945 0.21579885920799 0.147664053296082 0.39022126110138 0.0990167628191237 0.231173874441873 0.164389204432605 0.301418234136763 0.0645289432177224 0.469138384351221 0.437606363072996
0.226403702212947 0.230432099239628 0.465808469134431 0.409807670253268 0.472906159382283 1 0.551293255111148 0.53304408861273 0.557463175158838 0.631414593959912 0.279314003467509 0.419215300916409 0.421186534884714 0.410768207498648 0.582535703190727 0.484873641463366 0.347825999289811 0.308736428478277 0.200517049289424 0.0484594736745755 0.375214481571806 0.503109152552145 0.408855738633586 0.352645598807769 0.500937168137645 0.519143369033403 0.324858616426619 0.158941130533782 0.450563291123777 0.435974481086791 0.517050691022153 0.493331435684923 0.438967694100579 0.435046010735489 0.521028781482834 0.482340221997048 0.393994565873292 0.328438033339669 0.345128389571801 0.248349174994753 0.220365241562839 0.139711667681926 0.481595963274054 0.461192790380305 0.389968901427223 0.379268874083488 0.389903122307208 0.419582434523743 0.451170026804903 0.382632762535959 0.507647043979084 0.47347948684385 0.545207381472459 0.518135722709225 0.437078071960759 0.385209840546729 0.260920257350785 0.189533281155971 0.32550408174591 0.336884096351528 0.381456050381169 0.456559947228066 0.345556163535456 0.426789117751231 0.342923195527799 0.260917162245855 0.464444766296885 0.435513481305315 0.14089814865742 0.0412770553988714 0.599185806031759 0.503849404083874 0.372000190530577 0.384467899842044 0.302101080978925 0.179707413371423 0.46565087825146 0.470398646082761 0.360277222838913 0.393407849364868 0.319795486054955 0.25911165789243 0.339771033314016 0.294361346832241 0.330136097191472 0.360625917771218 0.312907247291615 0.381206442868627 0.491225404983921 0.538407778597364
0.591544881391925 0.538167269170459 0.920455540946542 0.752144500103224 0.717699237271687 0.551293255111148 1 0.902543692587587 0.783617254744781 0.679205416195782 0.664777645909717 0.608345012100117 0.845303561757524 0.652397010365867 0.671979513495431 0.548051301303642 0.668325511915297 0.61819802643849 0.546233793971335 0.297225538852815 0.62317815377676 0.46263336988272 0.815036386228843 0.584616267549534 0.726419494158571 0.605846976281228 0.166743195573488 -0.00429189574680449 0.829750685001729 0.805621115974855 0.858380207685128 0.822265901487612 0.829559501066682 0.811630325337274 0.806650655249184 0.620478646643268 0.572886930661137 0.425645953394477 0.686044764256181 0.307983598869526 0.228985865513332 0.181454667984633 0.828774921282504 0.811927895852386 0.770423479715908 0.754247317281801 0.742036694565621 0.738613158329529 0.773751197235341 0.733598466319096 0.801769697517803 0.757972665178827 0.816103197783081 0.764321955943946 0.798877578307425 0.666667481527115 0.61027971374393 0.495664235178202 0.683343622177635 0.662642376532941 0.807371635482078 0.740956330052607 0.665582320330908 0.744930623267782 0.669869385724681 0.499000844231816 0.849634542350766 0.745096964586658 0.368472301358555 0.185532418472905 0.810768820215781 0.813448496695849 0.72748833680627 0.668824985029969 0.509350435290822 0.361965289491289 0.767144955536934 0.739864227772691 0.748743274051628 0.741030271890456 0.699161823689897 0.629102269750453 0.681752982430858 0.450767838940424 0.673609240420954 0.652632629184857 0.518220931729249 0.403549201063488 0.799907881994945 0.788671252921252
0.66900757101683 0.620534814084537 0.907677734351153 0.894948789513567 0.566511699618453 0.53304408861273 0.902543692587587 1 0.702474400481841 0.690615738815698 0.705845730931929 0.780263506923456 0.852934947935545 0.788280279406511 0.696014709794685 0.716185571552547 0.754417243322711 0.688947494644418 0.5920456504103 0.377845416955219 0.508380898376729 0.502457272531701 0.850604598452262 0.781602268046939 0.755262964745885 0.752564387508902 0.320404118036165 0.128983690992539 0.839863928264687 0.821468672218525 0.85941430069296 0.875099192426433 0.873330137629865 0.872375845216147 0.824987062718413 0.699372866402122 0.625712112430941 0.499010025359412 0.7571834105753 0.474471037470772 0.294978799141986 0.273598364196432 0.894551990161302 0.871501683976695 0.833427190932217 0.812441616882247 0.825724980174641 0.811454665491581 0.809347459185387 0.797204851604918 0.829635141285135 0.803953124518221 0.821025245634937 0.743570481617516 0.878864834881385 0.778657552387365 0.686348096610514 0.585265838745585 0.741589899027281 0.729302822024536 0.815201157905808 0.875229513572334 0.737845938537201 0.784336720850737 0.695260351918596 0.711491184099541 0.872500781060281 0.848334048571618 0.47196952564155 0.310272323570044 0.783842081043067 0.814166808337011 0.739385297738573 0.659754874858135 0.48500459800452 0.372703317123153 0.696928892299674 0.700719385757954 0.79109297416469 0.808505587017043 0.780736393078412 0.720940762042009 0.686864309913217 0.523548838115982 0.764146706248444 0.797556748242598 0.633397707867051 0.525990870305423 0.849329386517209 0.867239327656449
0.302693962094587 0.260469961308629 0.723701788081284 0.513525806642809 0.812198247556013 0.557463175158838 0.783617254744781 0.702474400481841 1 0.769534719782278 0.502311918028065 0.468939691938943 0.690960964086837 0.474138070204368 0.733190997054101 0.449414081338451 0.386519053507648 0.334912955060994 0.284886134855874 0.0523933345021575 0.463065053876423 0.345660738093995 0.647613975817997 0.422587166660925 0.606762182851733 0.425906340782905 0.202038823338066 -0.0585160737499801 0.593308603305441 0.589907833919743 0.690953189987529 0.643873505815551 0.554631682910163 0.536073560793594 0.677091460149129 0.501252280208141 0.404407506196157 0.283735293790704 0.48813270133626 0.0601987281009054 0.0708937102136089 -0.0660955832202104 0.594179607110446 0.572127459154388 0.48064247866091 0.472400521832031 0.452244369871798 0.451807631677052 0.542169349423496 0.453525988708759 0.577375572117837 0.495215994676052 0.656653364775676 0.588295854092987 0.520914283921785 0.394811566114508 0.321024765210023 0.207899856780811 0.3984901129605 0.386437965476357 0.579121760594418 0.598666135747006 0.428751919311085 0.520833195700486 0.509214977801785 0.312465410828331 0.56299915927678 0.503385724161922 0.106862916045115 -0.0470748694994898 0.709893072834761 0.707028244110591 0.507571476653378 0.454703131291633 0.34878002041063 0.213900392004481 0.683610798666037 0.710292445860691 0.553864933476918 0.487943988229852 0.429442131492346 0.357051913016919 0.512847513997411 0.276172220263503 0.452474521108401 0.404611821527946 0.409782395183085 0.258690995255081 0.658544274917958 0.627166105105944
0.369891290276131 0.34002374183168 0.672488201080503 0.621000510966153 0.584652543109184 0.631414593959912 0.679205416195782 0.690615738815698 0.769534719782278 1 0.501991661399046 0.552391239898037 0.60225761852557 0.56821921028068 0.714734347875715 0.685868442307995 0.475444173583916 0.40674504598314 0.360829504491696 0.132779469282921 0.459296567747933 0.523096516425596 0.656998521137474 0.595443075417431 0.628599288521898 0.5349315188699 0.375554285854809 0.0371016678985115 0.606249453116591 0.602650112639963 0.723261637148 0.694514159972631 0.597244900206045 0.617739935150632 0.7526394675477 0.624336055661207 0.457515949754959 0.387373397677718 0.507348934452774 0.178902619829745 0.190134642884691 0.0433736579017956 0.68514134608999 0.658784828964251 0.61078342185462 0.58420670153294 0.584317347882108 0.584750847362119 0.667313785313945 0.571648820825751 0.690324655361388 0.610964089983365 0.774341280351633 0.7249839446162 0.618643927609115 0.532827967175826 0.413556865939504 0.287458991538804 0.463181788555903 0.480455564511312 0.51798750151115 0.569649198807819 0.528797303290068 0.560745108279555 0.424142735312842 0.383134883391143 0.567998066813121 0.580599038672574 0.217213680241937 0.0588581278482869 0.705829491686132 0.686769826457608 0.53957105569881 0.496577025779121 0.286414114113534 0.197560650981752 0.676804879598743 0.712736021046463 0.591936313637935 0.531764941720311 0.508306453637232 0.448973461944638 0.554142244360368 0.413780393004638 0.526070705502633 0.550081161942038 0.510858528886028 0.547880191110579 0.702532034240704 0.730381440220033
0.753806229444547 0.680633151049751 0.732204915807719 0.729151431935181 0.394258140233268 0.279314003467509 0.664777645909717 0.705845730931929 0.502311918028065 0.501991661399046 1 0.690542549546199 0.847916515851339 0.690417855086561 0.661667735750357 0.624420905510759 0.707039451566841 0.659859742534661 0.759152732888639 0.553412285240984 0.435480517629407 0.433007711936232 0.758533340103835 0.62771410622929 0.516191667106406 0.561810545356168 0.32972483936931 0.117032721592718 0.688034124414643 0.686705613386717 0.627027564026437 0.64345847337181 0.731649114788626 0.724982172413334 0.591294990933903 0.451333112623138 0.469281377992621 0.333000490489696 0.671404370805819 0.476293210584355 0.153533749427958 0.342527963431044 0.708565540292741 0.69757860690306 0.684500174068054 0.68246875774878 0.693251920703045 0.668376065097133 0.626880682890464 0.656014147299121 0.620792294800292 0.623317219978946 0.555093809712286 0.529042366258002 0.704578569157471 0.64433141951779 0.700011588713462 0.634070301439685 0.652495274943356 0.639041859843681 0.788474505562705 0.641675729229241 0.723049488882672 0.577544947747706 0.582048874668821 0.596134417807858 0.67422066071893 0.642236135111307 0.583656487931369 0.488447693906462 0.640798473913787 0.664867863445351 0.574067990868757 0.5722154776286 0.420680095451042 0.334380041782468 0.420521582482207 0.406763471376388 0.668184866974539 0.693769670996681 0.701922209793245 0.695964388216182 0.560707331988612 0.58492471140656 0.776131988339525 0.690615056452242 0.528589246314632 0.508751652225848 0.746366132363512 0.674087856956057
0.692549959198739 0.724865785747637 0.613496858007949 0.801359070148713 0.24102606869016 0.419215300916409 0.608345012100117 0.780263506923456 0.468939691938943 0.552391239898037 0.690542549546199 1 0.681379242662282 0.869991141055776 0.660584549369827 0.779312343336032 0.76624156853964 0.764806631348075 0.664634704647149 0.58669379023252 0.305013834640259 0.47054274717024 0.642758292394791 0.731879990256127 0.515443391973938 0.584890234173774 0.358339724804437 0.238519619488515 0.731474476960666 0.781192417774789 0.606017162902069 0.653627721112754 0.791593002800197 0.806446370110378 0.595036265528212 0.538799322895124 0.511387330793264 0.45713629332714 0.664385511665397 0.568435514430419 0.357144680981254 0.3591314898179 0.722955724670064 0.718781375854905 0.701371803730568 0.68634323720843 0.741157326181227 0.712717978029388 0.643952950644896 0.690232757373824 0.658383534838695 0.689212859219699 0.589689126236946 0.552868582741085 0.73293002299561 0.731614942600766 0.715569895687015 0.687440915254794 0.699455053360371 0.693624151337318 0.722280859280835 0.818818020243796 0.817058168537468 0.836611111303956 0.546919314016929 0.806170849428377 0.665952118410029 0.684807803534536 0.599129874005803 0.508784492055694 0.635159863780976 0.635720895369793 0.550143832956299 0.558714533709006 0.399795916209539 0.360248056586647 0.402962489017965 0.399084810196397 0.693632076182209 0.754311336589439 0.764637619389242 0.728642692891824 0.617549464000315 0.585650834868997 0.784108029791654 0.837982020977158 0.617810662193505 0.630453917671637 0.697484927199014 0.799378138633765
0.743761471389976 0.6489266672561 0.835416388544714 0.741020708211376 0.59894246391874 0.421186534884714 0.845303561757524 0.852934947935545 0.690960964086837 0.60225761852557 0.847916515851339 0.681379242662282 1 0.68694664333438 0.715414794565183 0.578477113397821 0.755365725081015 0.69289561082939 0.676210410326066 0.460237914752067 0.484214356934644 0.421933077173526 0.813330581462601 0.601687520759989 0.636988270927647 0.60992197374239 0.21234737113268 0.0338710686765776 0.82848041208855 0.810035271511925 0.773078477221705 0.752901197820714 0.816770126659934 0.793553148167182 0.691622597492619 0.507202157344424 0.545187167106877 0.367988367826068 0.721300034342489 0.430915992967613 0.122521795763154 0.279146051754319 0.80275116406264 0.789157888288217 0.759343680968589 0.748529108489163 0.767060114378487 0.752328844533494 0.739425085464234 0.740305407783979 0.739331241520069 0.719741237242795 0.692566772633258 0.636154528714445 0.812848122722836 0.69896244101473 0.70457007796977 0.620386865839007 0.734973340855034 0.703542856353082 0.872213171650195 0.744323384130961 0.729186525742664 0.691317679297093 0.567441440756325 0.55094276971497 0.771832062486325 0.704047593263095 0.511812827979985 0.393918514848747 0.724745935361619 0.765621889259095 0.690530424349373 0.644709510129114 0.562218661961099 0.390691133965829 0.616172551973173 0.605304465689868 0.745696326825346 0.766871089599738 0.781691602348912 0.723458150775773 0.649913845093402 0.512668868053749 0.754400678739585 0.706145784578328 0.519733452403981 0.428025357151567 0.811839115847127 0.734865948862948
0.623930321394559 0.665815908548747 0.667439980680827 0.802533082990869 0.266157770896826 0.410768207498648 0.652397010365867 0.788280279406511 0.474138070204368 0.56821921028068 0.690417855086561 0.869991141055776 0.68694664333438 1 0.679842608795084 0.864231603046196 0.742592212440096 0.715917397131645 0.650471493559238 0.511624275618832 0.402858411757979 0.553362694541605 0.726790428035389 0.781266509551519 0.552940892504855 0.631346683558796 0.312801358833855 0.216066880124114 0.759129743466696 0.796138085480194 0.693188931607314 0.723182863047092 0.801768715725824 0.800899291604252 0.588891244166049 0.514394508947969 0.597318871730565 0.479085725019968 0.675746916616272 0.548928843987801 0.419011062842058 0.399703893622535 0.783523551089908 0.776182692519465 0.719753664076418 0.700509617162511 0.740903701009968 0.72087993119673 0.68618359526832 0.700661098861275 0.698662763233844 0.715020317242006 0.64942732073987 0.619300241436296 0.754642730384336 0.719986213426806 0.679137043397477 0.609191088531498 0.636868842539186 0.643440364091757 0.627970565552679 0.697585508522464 0.764697756441023 0.794070307665674 0.49368559919551 0.720226735618179 0.662028434952 0.653214054760144 0.539662836079236 0.415400657634107 0.699283888182739 0.704308204170478 0.591663802964034 0.562673387524595 0.354744595783643 0.352156777825829 0.525195618704746 0.515413943134536 0.733274557907704 0.792498527136054 0.73220616837343 0.708189328359826 0.659195593132568 0.650952372429306 0.746219998952881 0.817989766735532 0.632608871071165 0.671063867797637 0.711674325374861 0.825771014096073
0.390306794502937 0.360209155169006 0.673835462966052 0.56996433519459 0.620212031215695 0.582535703190727 0.671979513495431 0.696014709794685 0.733190997054101 0.714734347875715 0.661667735750357 0.660584549369827 0.715414794565183 0.679842608795084 1 0.690376500334138 0.488067311356596 0.439316035599351 0.379163610884655 0.170220251729797 0.475961809631245 0.431518396992642 0.719517503827299 0.555154675097662 0.586794307025789 0.575212822686586 0.335633473727219 0.125853754960714 0.624468327676074 0.617164058516331 0.664662246406734 0.658643971873166 0.595665257797095 0.585465768401281 0.642961350985565 0.481853015014933 0.487147495448273 0.341107366118356 0.550675909038407 0.274272710892414 0.152052341475152 0.129155354310112 0.6476601665144 0.611386326438468 0.50658502431972 0.495048575236724 0.526199666697961 0.510061581954052 0.522310078911962 0.484553615419007 0.559788745793002 0.521480490082502 0.593783804720308 0.537811867593597 0.601476238039686 0.475913310650234 0.396370024402385 0.305103262669781 0.40751315395237 0.403758898450288 0.562795465979167 0.605588064014521 0.529107380939284 0.548239904858304 0.511061188783583 0.483988065167034 0.530343231769489 0.509992788687606 0.214394544910968 0.0995084792912041 0.719510608200959 0.680465677596034 0.456079699167613 0.435024075281208 0.401889246704401 0.235900968883056 0.601199479808075 0.650806037570513 0.587117487000489 0.579856094649553 0.500932718178569 0.443958215316205 0.601456276442878 0.46690535835042 0.560570287981593 0.542971414874117 0.591109309035005 0.531474953551357 0.686666824453236 0.711725684227194
0.565893343290569 0.583273939234156 0.629933838455301 0.796078982901855 0.233659895720775 0.484873641463366 0.548051301303642 0.716185571552547 0.449414081338451 0.685868442307995 0.624420905510759 0.779312343336032 0.578477113397821 0.864231603046196 0.690376500334138 1 0.675216462827766 0.609111589943754 0.561133649719684 0.39527917653167 0.398990315709422 0.660543483494463 0.71953158516776 0.862211054053332 0.613702745642513 0.72180565623662 0.504335113772365 0.270162996172659 0.66773371535741 0.679206826328613 0.689358613555341 0.735088786362785 0.715549377016804 0.729521295515466 0.649740552586004 0.596873770598691 0.616053134190254 0.529885478817324 0.693513848503953 0.501367935755991 0.373381756036333 0.318921557768404 0.779302237320061 0.763626931699444 0.701275329610335 0.683658816697939 0.717242710763907 0.703511985416163 0.692700241980709 0.679323056470988 0.711367965612573 0.697656641844365 0.689376789817803 0.642695295119562 0.728211749651914 0.70475587720034 0.617131858578736 0.535622519218133 0.595539852913083 0.601236652527076 0.540012709321307 0.628553322550984 0.690866480709431 0.647672922359751 0.487804991246288 0.719124865127259 0.625847291197914 0.6774043990064 0.496314597790268 0.357359853484524 0.679942192379139 0.653604236837129 0.545487530460721 0.501681639871907 0.27547833784834 0.281459215773226 0.497986271201271 0.539255389808198 0.695394736512555 0.720647659890132 0.657531066774876 0.650603052553547 0.617360443138437 0.657745917957863 0.71535688543331 0.815005446653829 0.712301198735655 0.78970937650288 0.722365858397841 0.824207830605233
0.918129009624168 0.926585879944141 0.643040102644638 0.81639373292119 0.179016194824413 0.347825999289811 0.668325511915297 0.754417243322711 0.386519053507648 0.475444173583916 0.707039451566841 0.76624156853964 0.755365725081015 0.742592212440096 0.488067311356596 0.675216462827766 1 0.952462406700568 0.879274294874759 0.790894581383576 0.42843494470624 0.563921141959825 0.621480111876169 0.653218935637702 0.558720283477551 0.617880602657781 0.381810588058487 0.143800979201645 0.853018986444966 0.862116500020495 0.650533284450575 0.663964297233066 0.927920067223357 0.925320271758904 0.607705866875081 0.493816560719353 0.634185006904549 0.488176281895242 0.763619934910012 0.664427767028259 0.281859958263122 0.533545349688127 0.812403404871177 0.82275677002352 0.873803860034315 0.860699212635651 0.887856957263727 0.866585345150052 0.802074515149204 0.858377305518375 0.763371226865292 0.800889743508118 0.6304337126115 0.627609583519806 0.833117223775549 0.857795776039964 0.960456658621702 0.921294022363999 0.88919014927157 0.876184974582886 0.824613600018801 0.687368487041562 0.915079665266011 0.829528263314681 0.508408053370282 0.690432777904363 0.799877780681522 0.796319300083241 0.835580145004622 0.750726002355485 0.658779848273835 0.671554612904372 0.772665749257788 0.783471410420489 0.580328953808702 0.568510867220296 0.398031384558951 0.354530511346319 0.836051141420317 0.890702526835117 0.945939814925132 0.926315573390811 0.611762683612213 0.660224371546545 0.880267400769065 0.886830410187018 0.55172480030092 0.633702414799076 0.763438641229135 0.742462155308178
0.893055725061887 0.937823279886331 0.558833649467722 0.75523715442551 0.111331382747239 0.308736428478277 0.61819802643849 0.688947494644418 0.334912955060994 0.40674504598314 0.659859742534661 0.764806631348075 0.69289561082939 0.715917397131645 0.439316035599351 0.609111589943754 0.952462406700568 1 0.887504798619796 0.833039330685494 0.398206349531413 0.519863329128575 0.53440390196025 0.552712343621914 0.44730725647653 0.494444631957038 0.319216837335173 0.139987180671508 0.832570467117885 0.870725275666847 0.587638967819127 0.589339802121449 0.881595005803604 0.88647455426504 0.510187055558066 0.406505395844856 0.561474388715503 0.429503713670811 0.701787808425913 0.620398901552129 0.290828179943979 0.545148224616498 0.721438251178574 0.742185549785841 0.805742967175665 0.792685930145539 0.831740377868927 0.81345464853009 0.729896349799253 0.801223014195658 0.693241415778212 0.748620051008142 0.557709240445519 0.564752677972618 0.770582870722363 0.82161148303819 0.936105855233903 0.918147794991802 0.848103420066936 0.825687212011533 0.77908306382431 0.628270863660583 0.901253909902635 0.864244362603473 0.433212071103878 0.640159431717941 0.720104309442369 0.703525683497565 0.83486087167112 0.751674583731573 0.580599987740133 0.578301393255448 0.696534872937927 0.752353824581057 0.529853877581037 0.590455371665792 0.302657343995635 0.262465921844344 0.759234572991415 0.84925882709867 0.908742768649057 0.889708982029737 0.597241580852563 0.623892378560445 0.830256671166243 0.846036365953442 0.498525795343687 0.579141793717116 0.699715288955982 0.684797602724606
0.921148507152025 0.925960955497191 0.537730834341774 0.7293023651176 0.0763525591931856 0.200517049289424 0.546233793971335 0.5920456504103 0.284886134855874 0.360829504491696 0.759152732888639 0.664634704647149 0.676210410326066 0.650471493559238 0.379163610884655 0.561133649719684 0.879274294874759 0.887504798619796 1 0.880553458571414 0.356399154040623 0.492975788294521 0.509394685454732 0.514851121419312 0.401029400701737 0.440557274535622 0.332374325121034 0.132939758243669 0.733361029609044 0.750367252547761 0.501373497356464 0.515394939743048 0.806804784145402 0.798006485419044 0.421594935042076 0.311501168211588 0.517651396288122 0.391203244105037 0.662395172551688 0.615400291223681 0.216506480535974 0.554519008337286 0.645238583388358 0.667249346023322 0.751214214292733 0.739476924885137 0.772826381702907 0.758562381788909 0.675000074137789 0.754009605697961 0.637399043147823 0.705298488111215 0.487066279368217 0.517631304248773 0.712944893176153 0.773290225998672 0.91361097290878 0.901739743748424 0.812530067509591 0.809687403077421 0.731027567360024 0.52110828561758 0.856325755009269 0.712321076603836 0.394975657107412 0.558713484673365 0.661717941100178 0.638255158852818 0.878070960138357 0.821714147163619 0.555682221705505 0.546394641169989 0.657687161867402 0.706348203434304 0.484368364252435 0.514454450557015 0.194937248160531 0.135580643447918 0.672837116088732 0.749631197696381 0.846604796821744 0.848908655757605 0.5196765102688 0.607722724060925 0.818857004716877 0.77158738168631 0.444855257222729 0.523375535294789 0.635672427784459 0.594170797579855
0.838340029269498 0.890493775951343 0.271453895714359 0.557233848033247 -0.12433243101868 0.0484594736745755 0.297225538852815 0.377845416955219 0.0523933345021575 0.132779469282921 0.553412285240984 0.58669379023252 0.460237914752067 0.511624275618832 0.170220251729797 0.39527917653167 0.790894581383576 0.833039330685494 0.880553458571414 1 0.240017562183731 0.375215054132226 0.260968255278529 0.342134659034753 0.200829805641072 0.255301794149962 0.270263801581668 0.0879261864470161 0.568383102689918 0.608270049892841 0.257080603083679 0.304548443476116 0.6628007902503 0.668810779759193 0.20123177752389 0.155302073371168 0.366349989371748 0.278175520635877 0.49490335931283 0.630916215795645 0.217156831931221 0.55682128243478 0.42247746815278 0.449560735691442 0.57921829245002 0.560578926874621 0.600591069949345 0.572743481815017 0.457342143660976 0.574032954791362 0.420667456721534 0.53316740558512 0.215356554836836 0.290259402878214 0.502105026343395 0.623212939926441 0.835572122694917 0.875052325651554 0.695499755009953 0.666366788717272 0.590341409478354 0.375989165948963 0.746972465535933 0.608954782702926 0.272036692280468 0.505243861155535 0.497512925112911 0.497335466647833 0.879663399236691 0.888830998592625 0.324773748823582 0.36215886125875 0.510503466369309 0.619596105338956 0.41113726425056 0.555776498056615 -0.0467253242678577 -0.112962029587343 0.521128688244442 0.607283046659926 0.73692824587127 0.770918844353356 0.332780339659094 0.493556361647817 0.709277654418617 0.63989566043175 0.297338956712947 0.397753055288916 0.407061968802137 0.370400083883365
0.360907878959937 0.334704148511798 0.573119856021295 0.460720056366822 0.435746642149124 0.375214481571806 0.62317815377676 0.508380898376729 0.463065053876423 0.459296567747933 0.435480517629407 0.305013834640259 0.484214356934644 0.402858411757979 0.475961809631245 0.398990315709422 0.42843494470624 0.398206349531413 0.356399154040623 0.240017562183731 1 0.426997514147774 0.559650476364179 0.394121999690379 0.554593989558398 0.481503943291514 0.24946791583888 0.0409843901422007 0.560787830860299 0.510240614054707 0.637525906719966 0.590333079560515 0.52059358094615 0.532719834921217 0.585352876612269 0.475081116261771 0.451162896709343 0.415067741452608 0.476647846800758 0.186951784742205 0.122080160670142 0.113522933925135 0.573282812774988 0.54016062159774 0.47415097811236 0.47495599670687 0.43609963855223 0.432492113729058 0.464986403817338 0.424950246455973 0.500736270585124 0.459155771414984 0.526435503969286 0.51888979863921 0.502038462639469 0.387778973227786 0.396313576743134 0.274582423868373 0.3761271378595 0.351640801242332 0.46620907478064 0.321176896083056 0.376000689244556 0.420884770441321 0.436216360812878 0.267673572756343 0.569236996841601 0.518154494363536 0.204340956052176 0.0595279747758854 0.622210418196125 0.628109221416856 0.490932223625826 0.539228076436618 0.27295655776902 0.285533209043498 0.58428195909853 0.562574031008064 0.524146319624953 0.457396854268353 0.410629644736409 0.407643463115451 0.480079868997653 0.443574664061839 0.437884849638963 0.375971168920666 0.388644768394918 0.40858151525473 0.528368464921521 0.490761393730542
0.483750254317378 0.510332278913629 0.498744698980957 0.605457497268329 0.178111335449436 0.503109152552145 0.46263336988272 0.502457272531701 0.345660738093995 0.523096516425596 0.433007711936232 0.47054274717024 0.421933077173526 0.553362694541605 0.431518396992642 0.660543483494463 0.563921141959825 0.519863329128575 0.492975788294521 0.375215054132226 0.426997514147774 1 0.505911303073209 0.562566017906288 0.524242662117851 0.569922466051714 0.471509088539187 0.29030209744613 0.529029239420265 0.522884909249466 0.570962870096706 0.566470933708377 0.590665689119798 0.577171649103599 0.522948964394797 0.456276225335141 0.516436502550865 0.471637916908884 0.591926993464041 0.472180313842037 0.277318066018893 0.22034108969994 0.598861458349769 0.597558639138761 0.568502534398307 0.556594867928391 0.562106354665497 0.564594254480139 0.557613624320957 0.540162028188572 0.596515726912412 0.569609941970202 0.56769429510586 0.541472345151889 0.572374557763466 0.553647984845505 0.533661062637885 0.479421738424928 0.517670891083492 0.515766720327481 0.432412779752791 0.374464162291527 0.554181717416515 0.498459946378621 0.356976965177455 0.465941713333565 0.563045073997116 0.561830523284061 0.495695876711947 0.353071492263381 0.527388784548565 0.482922224310032 0.456309200300597 0.424926819128752 0.289857417716337 0.279562308987954 0.361727954927164 0.357004496687416 0.519893810739825 0.548486423028993 0.533480042232344 0.533761048180248 0.464820246756662 0.477300892432196 0.572401986137962 0.615058159224565 0.555924972446635 0.564701931409484 0.568833544385073 0.565740829265285
0.550947373543003 0.464695580068187 0.909116010413066 0.816922881969242 0.55987431002339 0.408855738633586 0.815036386228843 0.850604598452262 0.647613975817997 0.656998521137474 0.758533340103835 0.642758292394791 0.813330581462601 0.726790428035389 0.719517503827299 0.71953158516776 0.621480111876169 0.53440390196025 0.509394685454732 0.260968255278529 0.559650476364179 0.505911303073209 1 0.816369498727417 0.765764562010624 0.706227811369587 0.320757266850502 0.203963557280237 0.761947939137347 0.730233876838599 0.887732643652951 0.869868002661412 0.76426194425764 0.74940776782647 0.792667197166556 0.678629134430149 0.540963031462915 0.39035998193576 0.689372571413289 0.367883866632572 0.265902354768001 0.154980901676003 0.810917530517774 0.782420494196675 0.698315704508629 0.688520062755784 0.677167516063716 0.652562406051463 0.686854899847249 0.657493097622444 0.695384990457264 0.636015677574144 0.720795775170866 0.635548776282217 0.75900566145614 0.592780572720994 0.545965786039064 0.420892335021145 0.5597570398037 0.555757820237462 0.693900205595913 0.675991730718782 0.580544039324158 0.579340315495962 0.650035981929439 0.601910667847176 0.736838250578189 0.710612716842712 0.326393092031099 0.168032092916687 0.730512238976662 0.756966427959541 0.628996197375742 0.515868067212722 0.413344235676143 0.260970932222135 0.715330488440509 0.708010505283726 0.712500192654505 0.724924121037276 0.655518726685477 0.622388210698193 0.654432880924301 0.511001255070099 0.676473818723956 0.681700974265984 0.655338471221398 0.538340932224936 0.764690510055499 0.750009937179828
0.568244602031795 0.536730173525905 0.736815309211245 0.896814590109266 0.240610689280332 0.352645598807769 0.584616267549534 0.781602268046939 0.422587166660925 0.595443075417431 0.62771410622929 0.731879990256127 0.601687520759989 0.781266509551519 0.555154675097662 0.862211054053332 0.653218935637702 0.552712343621914 0.514851121419312 0.342134659034753 0.394121999690379 0.562566017906288 0.816369498727417 1 0.705373744961271 0.822354533929108 0.527817240267768 0.335815667746415 0.633433549232449 0.614611694617252 0.717982474564344 0.788290624149832 0.714840595086137 0.725916697401565 0.704557843555614 0.696902362204465 0.57909647271521 0.516321637757224 0.701648002652358 0.502849429514134 0.361858127088971 0.252967257006524 0.779815820889679 0.748569060200143 0.708956093621816 0.697284613283891 0.719453109560662 0.695100982648607 0.681944680753452 0.680021993802226 0.689012945497377 0.655495270611699 0.681460844731967 0.600024532305474 0.75164409975858 0.692162945524776 0.591376726193047 0.505425332929764 0.586758188580856 0.603696273746001 0.553739868094467 0.68229336039206 0.628230797482481 0.561375442549773 0.582442624988794 0.784121521735569 0.662455585769382 0.732741823168967 0.454535161143249 0.318162409554707 0.62798725431996 0.653963990350579 0.570852141387763 0.48221723148729 0.258937254365565 0.267409021493452 0.487584969470564 0.522250722764062 0.686488721117446 0.699133309093263 0.675181579368446 0.680581168306263 0.577438759728327 0.610307032591094 0.726048880211175 0.807679132674359 0.716366164624139 0.705424915180429 0.699480618292819 0.779530210560568
0.479060005471016 0.407634127394405 0.81113565748976 0.740013142875747 0.546348242724833 0.500937168137645 0.726419494158571 0.755262964745885 0.606762182851733 0.628599288521898 0.516191667106406 0.515443391973938 0.636988270927647 0.552940892504855 0.586794307025789 0.613702745642513 0.558720283477551 0.44730725647653 0.401029400701737 0.200829805641072 0.554593989558398 0.524242662117851 0.765764562010624 0.705373744961271 1 0.774979353515486 0.515209498451556 0.265384316066652 0.591258168681341 0.560999626190966 0.789250495264686 0.769132697763731 0.679345733033234 0.665371696649479 0.8391331051368 0.697894182509557 0.549785356342017 0.513471959634076 0.700135976486334 0.398388157624668 0.221290424257709 0.16955463840929 0.722822771688916 0.676742714714031 0.658743483658512 0.611471383867802 0.615629471871845 0.60092338223287 0.626714286189671 0.582612736870262 0.662028290059351 0.603123653773134 0.687292013459072 0.610078607364073 0.699139439726396 0.571754631603663 0.494056304608655 0.394034172887647 0.55874536315758 0.548877736212211 0.604723219583071 0.636500071762466 0.483265992074529 0.493429345527474 0.661754311111123 0.588513712592393 0.745985976550467 0.739330239354396 0.31885584538229 0.166358047118 0.673873967561196 0.731078093719354 0.623906921404405 0.566517359310213 0.276211743665888 0.288165800905691 0.591386563315676 0.607958219928482 0.605439786996738 0.603319959866762 0.591148386089637 0.570898550864217 0.526995461902955 0.449493576034766 0.622843485016182 0.62259532316484 0.626682608561454 0.509067209971218 0.702908594455477 0.686574550622001
