1 0.623996265341092 0.450356525834657 0.382042619443707 0.361272716928819 0.147920607230098 0.576111813981405 0.434533198220635 0.369407189137004 0.327923507960456 0.561351177541441 0.356452833896359 0.558438679517517 0.317508361621319 0.362992012925706 0.148619370339527 0.472220975785714 0.41440023807532 0.713114364843918 0.580489093020597 -0.054259493921342 -0.117224487256637 0.391960258581542 0.294891337200386 0.215425281281532 -0.0186042951979669 0.0347064289131415 0.0118393812062981 0.370111464410364 0.3062527077876 0.235953584788924 0.0365656312012715 0.48193261518618 0.3730958242942 0.200217919453009 0.177022770416463 0.0763001492651311 0.0490826201680884 0.0878061619503687 -0.118845914276842 0.0745716898678457 0.00263534886784594 0.365969041469819 0.299573352068289 0.303875856951508 0.2341693205903 0.300408902521039 0.373373118709189 0.206949767446639 0.279676055585577 0.309219738372011 0.266492991748962 0.290743689234564 0.268007114471348 0.242561840429589 0.329703528751123 0.771113059032427 0.650308557027996 0.490672238415877 0.435884862705602 0.552409730240972 0.271053090467966 0.556674593982861 0.369173317571154 0.213040025503423 0.15097535824471 0.33941893531992 0.238618721724418 0.427556804625417 0.338621452537002 0.414735447307316 0.366888472415215 0.383284392938892 0.367935392150656 0.10387038664348 0.347777152546271 0.425825426950335 0.291673489986283 0.177628343443445 0.405712659901018 0.470663613501468 0.469211970780458 0.380588836525973 0.213007983753793 0.527747735301405 0.290684932985446 0.151786760578003 0.266835869702369 0.432226575142047 0.414266389058906
0.623996265341092 1 0.167921360525327 0.312210940973605 0.39442037286813 0.292757123015904 0.299034759589521 0.476271209630089 0.309729299819637 0.328363887785794 0.345466064087727 0.365559857569533 0.217961824602249 0.387790971177967 0.0700861093291396 0.0781336188416107 0.756206033146189 0.829937531306711 0.536564359076157 0.586019804175142 0.0330917271475882 0.104459086358524 0.0905159019160292 0.222546270997473 0.0930535389663119 0.0612245379689892 -0.0835438682498414 0.00995797242727101 0.510246668709021 0.587781294761919 0.289437188996668 0.165202012241859 0.457348274890035 0.709533832018135 0.0426820830660426 0.129510332362598 0.267338687118207 0.170070907021707 0.129525510783342 0.0531604508001145 0.279028977666123 0.198131142523865 0.540360077321288 0.508688707912607 0.446309081024232 0.453879040081669 0.557888426983491 0.559025565626948 0.371638524830126 0.429894110680048 0.481512070362619 0.436190421449628 0.554941240759746 0.446510817492145 0.52503525372446 0.537007120733572 0.770238584371991 0.872398825772898 0.348436118416182 0.501293335070388 0.243034933256213 0.218847790887385 0.558096714675314 0.58995178273366 -0.0885049251618042 0.0167596389177543 0.14953886481267 0.320651258657863 0.159509189797945 0.128064240969918 0.155837068578622 0.357661399447372 0.319205710683413 0.269862497671579 -0.015721199170784 0.144642705518933 0.309406680060572 0.236382313074387 0.238251716628051 0.654866349680747 0.637593911250669 0.677867581740891 0.309823160602833 0.350566904892757 0.19829127088394 0.259245705946301 0.132220691503708 0.244672015695971 0.337195608496181 0.501027628800672
0.450356525834657 0.167921360525327 1 0.590140866123976 0.387780083974622 0.132017964887098 0.783012853394145 0.48544189827668 0.487821115533227 0.406740150582025 0.169215667916741 0.135061179949396 0.444471730334275 0.074919899920108 0.583932540425207 0.31888148944736 0.00431024441607371 -0.00250639983534088 0.401379281919285 0.353619663375423 0.117058162554065 -0.232064546872328 0.856855335736374 0.648404485746966 0.694380477895665 0.21582558628536 0.472842503156858 -0.0521124415919906 0.0977728048456949 -0.000558304310492775 0.419603911921857 0.292300357605275 0.583994215216498 0.225692530005746 0.737212026652977 0.493967714241948 0.153304135444527 0.10793962418031 0.224405961446517 -0.249901281569894 0.0579486991057959 -0.269153451482701 0.384922199097766 0.0938745982929133 0.353826529723616 0.0811309409933874 0.216816964413634 0.199398262625926 0.14344356064023 0.128842489518368 0.0647876246807644 0.0776762129565569 0.148572351008731 0.19030151356618 0.130914053859908 0.164643723477387 0.304012941220667 0.305528440763569 0.232768621633722 0.0745365963459085 0.639403477293876 0.437020504177135 0.142541181722935 0.15384396396503 0.785883758025018 0.52721893192635 0.851023303598374 0.545086841812738 0.338859793660502 0.306956900836836 0.468024766958418 0.255689821842255 0.0110181721253087 0.147991462912955 0.241215388624994 0.162737933776816 0.144606658611442 0.299303607302384 0.102859531681811 0.183781450315765 0.113240765143334 0.290181116088577 0.209575908503968 0.166194215801422 0.706233037360728 0.537612619246142 0.289655040554335 0.380397408973704 0.293254817759695 0.275028680112801
0.382042619443707 0.312210940973605 0.590140866123976 1 0.409886922885307 0.391523650266894 0.558404190091482 0.761161619147447 0.3997230915187 0.53200750486063 0.284134186153323 0.435370836492606 0.199315543391601 0.24888870583336 0.238870625651482 0.376471725562927 0.245652722747988 0.258279800686937 0.298944836766311 0.278556337037823 0.0452602378769172 0.114729441513199 0.444257296905505 0.623485867246738 0.388003816295612 0.226707613436305 0.376892092859675 0.209446446983892 0.0890950788828917 0.158141355132946 0.126590848877366 0.230641186501648 0.307980222263077 0.410021522106892 0.436817357093744 0.487846366256768 0.0761183025128051 0.131644695839791 0.135229397974654 -0.243214132739705 -0.0552396788292279 -0.147501623102799 0.191303822905438 0.01193599646855 0.166007247226636 0.0758512419215421 0.0848770820898448 0.164991111379584 0.141267733208621 0.119491934245379 0.113343891019643 0.0782161865886443 0.252931718164076 0.160027447926231 0.190954825038903 0.227596038214433 0.374779271954738 0.478136572235864 0.320848381263987 0.271619330060741 0.515303417603616 0.753054209578033 0.216454529823211 0.493419152199957 0.552687079601809 0.700830677554748 0.518671465593249 0.61899840181845 0.133001928857683 0.0958877496840929 0.231812445338292 0.27212074755054 0.0442788314474507 0.202382130071695 0.23841299358708 0.228694298090499 0.0697823320100707 0.162575271565063 0.13256904060003 0.289239692443259 0.249729634704398 0.414405623760704 -0.0290069225299371 0.20123721218258 0.416574970665187 0.704798010379405 0.157238585394681 0.402910554100375 0.336564219827586 0.416543007015099
0.361272716928819 0.39442037286813 0.387780083974622 0.409886922885307 1 0.289590280716774 0.56556111330951 0.61452170296548 0.726540568993349 0.424334461668988 0.400212892121386 0.314474500765411 0.357113962934781 0.278065565879798 0.239989137313448 0.176018507690979 0.326581754230745 0.325542336675612 0.372162767315405 0.220830406402227 0.0505066279006265 0.0830787366278559 0.362973301064783 0.230607875702219 0.273561451590075 0.11956269449107 0.14180103033662 0.00384028347794622 0.335199012667398 0.323944919148601 0.364495110163787 0.316183140617165 0.431582844484852 0.457719010552454 0.119705635414422 0.135392299703989 0.248132774968036 0.153882186703443 -0.0205526569355363 -0.0659250718960724 0.10682754465214 -0.0232954615480267 0.339861725525055 0.238717553935536 0.295861967219611 0.296498700513506 0.356537655051973 0.349055869308661 0.375668881530608 0.412254876996062 0.341141393404734 0.364077374725342 0.484895666674683 0.423659042417348 0.39692129303574 0.428155768660836 0.409255063615403 0.344519544494842 0.369800009650813 0.300194147246263 0.454060715151101 0.339281552628482 0.351053215915823 0.401577294979319 0.137717756787423 0.0779471962745832 0.246750587544958 0.298349656580436 0.0966169272234992 0.100077582478097 0.324073734378335 0.437251794950857 0.0667546677766836 0.0570987208284847 -0.0565388943032063 0.155412601946472 0.276509388465952 0.414653587765198 0.225714901215419 0.317758382372758 0.368287494037885 0.464034445760139 0.0535394308472232 0.112384491554026 0.263746899962878 0.238365050071935 -0.0194407314994148 0.151865938783607 0.466381353385332 0.291926621840624
0.147920607230098 0.292757123015904 0.132017964887098 0.391523650266894 0.289590280716774 1 0.225414728585262 0.553829330532387 0.275478367651911 0.53649432623019 0.192786325214072 0.285060480371729 0.114734148150802 0.272898543642728 -0.0696428058707984 0.173205107672649 0.288767379590498 0.202071921987571 -0.0402590296795386 0.0199045859802747 0.0429911194015449 0.0923887143966187 0.0694408460291832 0.175810815924091 0.0683955885130732 0.191297569377977 0.0950799245783356 0.272336658211462 0.0942189833267042 0.221662015357418 0.267319138656344 0.249096102539743 0.163808480510293 0.304862288727622 0.0254006990454899 0.214450663991094 0.0567989400515805 0.0854861714107981 0.0989673754529814 -0.0249601844963128 0.0136957330298574 0.00450902953695532 0.284961468746836 0.312508040279121 0.237070484884775 0.331099090511418 0.27151996993194 0.303423268578467 0.293883538915725 0.279273530802303 0.340220124459933 0.273439735038446 0.235613304230107 0.160662838878716 0.303371637788577 0.347372217410541 0.258586639739399 0.329429954115306 0.338421172308981 0.429514826192196 0.267172619993114 0.431780859849974 0.106955401680872 0.334950725029085 0.0583016747370248 0.153337625829463 0.105466879242783 0.23434493655153 -0.0282757886143568 -0.0388282653310485 0.0583509124771079 0.260054980024317 -0.0924890282968811 0.0919621138304985 0.0562839067780846 0.0356087920550883 0.111750253359876 0.185716112103306 0.0933383449258401 0.172862334387422 0.266981169698942 0.264601203417422 -0.0665322243118445 0.173465332901546 0.0484703179249862 0.302905313374648 -0.0728958130121683 0.111741292756158 0.31142449091155 0.36692597656538
0.576111813981405 0.299034759589521 0.783012853394145 0.558404190091482 0.56556111330951 0.225414728585262 1 0.645920442070832 0.676558506627748 0.497903433546452 0.548962979900825 0.449480606001392 0.736023973637083 0.343765788152048 0.582730487246494 0.318063715812416 0.235324508156949 0.193322294863648 0.513865045036873 0.40052571560485 -0.049584312614487 -0.175095194573389 0.628342163238051 0.394748467426883 0.342719651221113 -0.0396390174765234 0.237405872080079 -0.154234315253316 0.378863836383089 0.311485682121108 0.315952378937628 0.179947133067181 0.517754525837533 0.322604451298592 0.346171133783796 0.294845646742193 0.0409734875136 0.0493907276991441 0.0736247883122025 -0.2852107037512 0.0489164578897141 -0.0735679792268674 0.349961752170524 0.201329981370461 0.281885098741668 0.121168919253803 0.335823935462336 0.266119013996896 0.190855269099106 0.200262732879187 0.257369177990467 0.205953752441328 0.33274054986515 0.27322397117572 0.277402142264488 0.249936177401266 0.394667504232402 0.355037000694958 0.469530069411349 0.31620261777112 0.798975414321292 0.466719714880712 0.500835510934222 0.458991609516546 0.562584337534008 0.304517555460951 0.549092474151913 0.283218313042562 0.198608495760372 0.196364879284553 0.454853586845934 0.373749943651526 0.155501995613768 0.26102136514144 0.1999637631478 0.192951291155852 0.309515215812942 0.328397188427111 0.179958756572544 0.291720381020793 0.356666061084128 0.459817077308894 0.221930573901077 0.199512689247088 0.66984320221602 0.487532679452207 0.183424337021212 0.345775149674568 0.528009766090688 0.371495179908707
0.434533198220635 0.476271209630089 0.48544189827668 0.761161619147447 0.61452170296548 0.553829330532387 0.645920442070832 1 0.616582884621294 0.758863532693988 0.355061704945614 0.539299042757553 0.328121749008495 0.392730558135757 0.2152977094087 0.287912479788145 0.351043408412532 0.39877888684794 0.366091125618435 0.352657513036632 -0.0940928235336017 0.0126386204512906 0.350434673534446 0.439623239684362 0.203387689859219 0.168949431446842 0.15506448341078 0.0430305003639831 0.321015817272638 0.43590936794466 0.33260994278255 0.367405399489508 0.433956155231374 0.584049542517562 0.213404147679725 0.255448667119678 0.0610630005097926 0.0721994298509827 -0.0498857291995719 -0.182498504220307 0.0505463750003317 -0.0799535284470318 0.376341077638635 0.278973174652905 0.31271125917328 0.321381968651735 0.340547805250326 0.321202848123706 0.332079039336799 0.391089872283874 0.368783526007 0.335859699276524 0.522005777353658 0.400469186127414 0.441845832244428 0.436248327791592 0.430147465138202 0.486184186098791 0.418827719952513 0.464875603060004 0.558112329479549 0.713664885271221 0.378862038055388 0.702942127969629 0.270174816378022 0.364966003510203 0.335479403183557 0.478880279586603 0.0757810118752358 0.0478526141555897 0.259631024174885 0.441063237001278 0.0597236534431383 0.233634722024467 0.092147704149447 0.167074295494191 0.269949041645081 0.353655468927761 0.180318641464933 0.400944089327507 0.443004352983497 0.586325584649628 0.0458924841660524 0.174091469830756 0.336203109149743 0.573691576720993 0.104548408125892 0.30619517212769 0.460616844219207 0.538188729163656
0.369407189137004 0.309729299819637 0.487821115533227 0.3997230915187 0.726540568993349 0.275478367651911 0.676558506627748 0.616582884621294 1 0.627747861963803 0.368193826947104 0.362254534868294 0.469462307782101 0.317984886854289 0.450505258239293 0.305727782920279 0.206332065348979 0.179077760646705 0.264928304384819 0.180848002856109 -0.0330025589441971 -0.0586329908369211 0.427661622390216 0.239139962604338 0.224311019946461 0.0545420128111685 0.109562647950757 -0.227743828486165 0.29208534125278 0.289022463605547 0.333868638127044 0.342216300513105 0.442221516593884 0.350106661269721 0.181874535004851 0.212466381251841 0.199215119721759 0.157851460958982 0.103257466864493 -0.0995997264034962 0.204935231111743 -0.0563714741835054 0.266045481400711 0.175202169250102 0.209692329407847 0.209750623552755 0.330315352804311 0.290534860055951 0.316318512049901 0.415351784548567 0.261364717393408 0.285959505128494 0.464576681728348 0.420156579149198 0.345939698890902 0.294844612563635 0.3185260860467 0.291173731999164 0.419781964804512 0.358415434815824 0.605803620390237 0.454377921514308 0.274674027293713 0.341629684452 0.238918584508741 0.138690966814755 0.296090110463316 0.230095068879973 0.137518542512956 0.155640344633285 0.290381158936204 0.356884348145987 -0.0651448326837477 0.055496183519114 -0.0137780145583538 0.0265547149904643 0.154588629513314 0.336399225775091 0.138000882834975 0.282947083493644 0.335207060226597 0.426637383642348 0.140824526445754 0.106448090188702 0.365820618162828 0.312341826050678 0.140355237495803 0.146716558452556 0.56574695071698 0.414887598820251
0.327923507960456 0.328363887785794 0.406740150582025 0.53200750486063 0.424334461668988 0.53649432623019 0.497903433546452 0.758863532693988 0.627747861963803 1 0.228863111775155 0.432019770030776 0.286317945831399 0.390832415261574 0.342224162052338 0.461112270120894 0.17140460111288 0.201391988474334 0.187966155464485 0.249713139508951 -0.0571745879148188 -0.00182551751374677 0.352399155923451 0.423280665368939 0.156484971507954 0.135811555745491 0.15715442630889 -0.116033521178585 0.221817744204119 0.266351862457258 0.31078526016881 0.345724039427624 0.318736035516249 0.367965062543265 0.140375536193679 0.170540717791668 0.00506577510269344 0.0139716555144368 -0.0200526227664876 -0.143768396378158 0.138800666193742 -0.168868257114695 0.27163608388556 0.23180390578983 0.160397394601236 0.260173685520793 0.302245701975709 0.175863346988056 0.286788525446566 0.311705126763502 0.176606009321457 0.202319920977382 0.384975526722441 0.323940657767902 0.311353333794212 0.212772123457516 0.297755431680923 0.322989019624184 0.206123928564028 0.353514609496645 0.439790503821586 0.57341846931594 0.20767350076241 0.51506066690006 0.149782236929985 0.223618373680642 0.192637191270454 0.270696699298959 0.0689693270096603 0.00136911277421222 0.21015384738102 0.332940807725903 0.00822773853147315 0.0732848145996713 0.0447753878248503 -0.0278371464055104 0.154397209678274 0.344219794032646 -0.0286928019198944 0.199665034782487 0.267841748904301 0.420217535861554 0.177786241321284 0.262219993691213 0.350239599888195 0.523428637955828 0.299114955825924 0.37279591023852 0.354915847835245 0.519643198307549
0.561351177541441 0.345466064087727 0.169215667916741 0.284134186153323 0.400212892121386 0.192786325214072 0.548962979900825 0.355061704945614 0.368193826947104 0.228863111775155 1 0.656844830952935 0.757525050241837 0.577810937504611 0.407914445521555 0.212697558073126 0.407731200911948 0.344144589056166 0.410874343053656 0.276625138871645 -0.0673913065692791 0.103459699648064 0.1578822624093 0.0382091524582532 -0.10817015231226 -0.204045107628593 -0.0897404287678405 -0.0504079875509973 0.538558314083494 0.460529041108407 0.114820977000549 -0.0580893413305259 0.210628115197782 0.243115818823289 -0.118639463311609 0.0454599748338607 0.0567410648160574 0.0504827165649957 0.057864346177112 -0.116762618243691 0.0829848519357722 0.16076331959893 0.121399638065441 0.167646248521862 -0.0163968102771287 0.0228106338503323 0.196097033877743 0.190381921062545 -0.0101744803091007 0.0809290615486763 0.227274944824042 0.165176148146638 0.178234527199171 0.0853318024364198 0.195192825195613 0.175494188713896 0.449784163902524 0.32596076954177 0.44524330643861 0.315929379474287 0.560182290792311 0.259194007019932 0.722224041351576 0.512929315268799 0.0777721999492359 0.0358528153183165 -0.0467207450143074 -0.0658229200297257 -0.0374350615899313 -0.0721691002946457 0.295459730995105 0.277340543983165 0.354484667263096 0.229985250898871 0.00928868082315585 0.318170107205086 0.272672813199902 0.176310639926728 0.266855606644239 0.280004990057541 0.396981703497538 0.32191662299957 0.238075264402276 0.159845617410468 0.330466835159911 0.197951164306 -0.124647740477268 0.0831518448062151 0.541275786070043 0.382851398957994
0.356452833896359 0.365559857569533 0.135061179949396 0.435370836492606 0.314474500765411 0.285060480371729 0.449480606001392 0.539299042757553 0.362254534868294 0.432019770030776 0.656844830952935 1 0.528728070005293 0.784104721648365 0.381291652866536 0.460741658993693 0.256902585287841 0.267415122666665 0.201600865258498 0.264230910048061 -0.0253445870024011 0.0245601459069443 0.107344337168195 0.167367720961144 -0.126491832347434 -0.151517675607857 -0.0275676775266008 -0.0759038591607439 0.355006293352483 0.463147090144721 0.0648592691495041 0.10877537787727 0.148807251730093 0.318018867960907 -0.0354827300292642 0.119456650861369 -0.0189223215265809 0.139492542564693 0.0306757070696064 -0.0117886802028866 0.0720585129749343 0.119349212795244 0.0939921921356939 0.0942141853347933 -0.0294794034346129 0.0087884617396721 0.141092419118927 0.0816345745523655 0.0435922180099659 0.116828055986992 0.157375186642465 0.132944368499227 0.212761949810183 0.0621290781295439 0.19781239864065 0.167110686577341 0.298000694677772 0.312560717790254 0.414384832962426 0.425862540191891 0.504983427297293 0.529561024354095 0.46967201580008 0.671102482462209 0.0954954843469217 0.319529520555661 0.00468371024011746 0.143747312304236 -0.0238252149374053 -0.0576692864920542 0.170225280994892 0.248204625594795 0.186996366008522 0.192287042167587 -0.0328167389297849 0.171934942216291 0.230320256371265 0.14026997677221 0.206851332997284 0.240172575410755 0.294673628701174 0.330887646737242 0.0983202170570569 0.237711262833661 0.218853780821877 0.472852232631379 -0.00422039046848824 0.213200784974663 0.454144745000919 0.615187046966112
0.558438679517517 0.217961824602249 0.444471730334275 0.199315543391601 0.357113962934781 0.114734148150802 0.736023973637083 0.328121749008495 0.469462307782101 0.286317945831399 0.757525050241837 0.528728070005293 1 0.54756950894744 0.742994830206812 0.389601093745789 0.192519176466645 0.123492006913413 0.499392387928082 0.338682727184374 -0.0288658476859151 -0.181608080078786 0.487211985722751 0.184186083383695 0.0554814986392047 -0.162524864593845 0.048284841578415 -0.131033035250795 0.4826335846348 0.363359385347061 0.257408171854231 0.0314823576354319 0.418558313448855 0.134049657617338 0.107797857697872 0.0417366806176896 -0.00211738035153566 0.0557535359254185 0.0956438459787642 -0.141608010649977 0.0599737329587369 0.0784079267412738 0.237879826425128 0.163758877363083 0.12643203805117 0.013120030192331 0.245680284668964 0.221468691540137 0.0580209332582959 0.157864863993933 0.172915264269139 0.162133371248211 0.197667076831954 0.150401274918961 0.196318594628913 0.168675283648803 0.307576304663187 0.23411363312614 0.414131377444262 0.290800392631348 0.736237927278159 0.241972978478937 0.577059094189191 0.37299566655766 0.304297115657443 0.0485843272658859 0.226493498160111 -0.0792451939912979 0.162407412889937 0.140066762506353 0.42663194078007 0.304985865421947 0.252508964924022 0.184198189048384 0.0661156279698694 0.230342341957718 0.386289607523894 0.302212728221231 0.237385930728559 0.253930957948788 0.318866305769895 0.305244461157199 0.379388916940508 0.198607063991706 0.612975886775252 0.300348428126105 0.0726364118387845 0.212417935786548 0.543026157985775 0.336652367514615
0.317508361621319 0.387790971177967 0.074919899920108 0.24888870583336 0.278065565879798 0.272898543642728 0.343765788152048 0.392730558135757 0.317984886854289 0.390832415261574 0.577810937504611 0.784104721648365 0.54756950894744 1 0.441074650436813 0.619265540978073 0.252968961709018 0.236556703926152 0.242641683953253 0.357850050682717 0.169524284251719 0.0447262950165781 0.194047319529035 0.255902366065492 -0.0998726036745219 -0.0265946158415816 0.039258881142132 0.0205194799105464 0.434856290630385 0.470798807487556 0.237741141779346 0.207935294184159 0.265320070566935 0.322083605236946 -0.0168651190687473 0.133524360339024 0.149546664998457 0.292028853993678 0.206702113780363 0.189318024366526 0.219062102672269 0.195760768808249 0.303585685307368 0.312645519926797 0.164037712728277 0.251348073416341 0.379115324845228 0.287076828343919 0.2267060470942 0.269351729122565 0.28342914948614 0.292307973190602 0.291878231249064 0.121909453260828 0.357829994210664 0.298098325687401 0.294007119841396 0.280301877521805 0.285622667106602 0.39959842739756 0.341696213586937 0.281350215142435 0.388912897573703 0.554041293991816 -0.0561446463705786 0.188816903709879 -0.00455558581650996 0.128778781803014 0.0608404021180699 0.0511101049368596 0.23222440553246 0.255128137912509 0.243329563016514 0.0696438794891508 -0.115691601403296 0.153017448322162 0.265193633583391 0.258025015038437 0.207964259549366 0.195986909075749 0.274211704568569 0.344743098161723 0.262606044466418 0.454179389201823 0.212820248172549 0.455111544325345 0.0712404957542855 0.325171641610154 0.375982814455681 0.608522408117567
0.362992012925706 0.0700861093291396 0.583932540425207 0.238870625651482 0.239989137313448 -0.0696428058707984 0.582730487246494 0.2152977094087 0.450505258239293 0.342224162052338 0.407914445521555 0.381291652866536 0.742994830206812 0.441074650436813 1 0.640548762504009 -0.0720450048466386 -0.079979609989844 0.360865222896278 0.338341569672888 0.0868191313803812 -0.208227990603151 0.718099204683703 0.46561917668836 0.291764098372878 0.0639824107249156 0.205696638907149 -0.215241895592275 0.257876321148289 0.127377372735877 0.323045992659306 0.246616846115671 0.444155342253107 -0.00720233257110879 0.360045170300982 0.142326962527273 0.0756086349147944 0.0989631824853821 0.161449610396907 -0.0924954510564796 0.0949847318839989 -0.0244223884568443 0.218503808290899 0.0343003755774408 0.0884802638726486 -0.101986302304693 0.177341067134411 0.060264842872552 0.0705614826338595 0.0589623093686561 -0.084961876961456 0.00801677492219352 0.120496768576041 0.109129983081677 0.068112853750378 -0.00614568359338329 0.12396908181375 0.102156576478877 0.0254088559856094 -0.00526944904797897 0.56825347563857 0.249676676610937 0.274060035879735 0.206889171035681 0.428048252221018 0.241143346963355 0.375813543587594 0.0832182396736607 0.245262659807713 0.189885615892772 0.450410642472624 0.179475672142667 0.135130913395127 0.0183664512523576 0.0274411677434668 0.110478435533973 0.206730786536995 0.235502884500319 0.107552349688548 0.116700622888631 0.0643090222415778 0.161434433337728 0.441815235027467 0.254150210043226 0.683638323820346 0.473901331496162 0.308985302837808 0.380784182765946 0.302958915997976 0.298784746668101
0.148619370339527 0.0781336188416107 0.31888148944736 0.376471725562927 0.176018507690979 0.173205107672649 0.318063715812416 0.287912479788145 0.305727782920279 0.461112270120894 0.212697558073126 0.460741658993693 0.389601093745789 0.619265540978073 0.640548762504009 1 -0.0458672556921789 -0.0756875744763409 0.170554335185703 0.248422571638146 0.213655842882297 -0.0111531754654732 0.499146464739833 0.594752961350145 0.178143574566994 0.143164153422552 0.301625578222358 0.123176016999409 0.105814378630666 0.152684950641861 0.243275956373561 0.314825426061164 0.283397101359363 0.0991006912079286 0.299995708078382 0.271183422873871 0.078741838900079 0.251293514738276 0.119617682971342 0.0632932832522799 0.140867465045649 -0.0360331118751047 0.133994063743785 0.0160473740699968 0.072723968376768 0.0320469635131561 0.135086595847474 0.0166319204790866 0.143662556985538 0.0524534913710762 -0.0777620999534787 -0.0406163960150093 0.146119355338548 0.0234615017662935 0.09051938245649 0.0083054638719132 0.059342016364745 0.106694437588097 -0.0828722790084967 0.0460299598153089 0.345780455212013 0.316662602318217 0.0509074408300499 0.308797664985426 0.220887590821902 0.374440663287413 0.227072618764184 0.216304308389522 0.140015615635158 0.126079569570022 0.259746196205265 0.126284270435584 -0.0177683474248918 -0.0384494867449209 -0.0535911575709996 0.0503903654703378 0.10224561546356 0.198848537679035 0.0336147904819396 0.0313821504300038 -0.02946536950708 0.171380921765542 0.190332656889526 0.513609153162359 0.442615641807599 0.714296922817657 0.280140858592828 0.595725900982148 0.120984942590165 0.411397623377972
0.472220975785714 0.756206033146189 0.00431024441607371 0.245652722747988 0.326581754230745 0.288767379590498 0.235324508156949 0.351043408412532 0.206332065348979 0.17140460111288 0.407731200911948 0.256902585287841 0.192519176466645 0.252968961709018 -0.0720450048466386 -0.0458672556921789 1 0.872488722201359 0.478215869641762 0.422150912794121 -0.00260390891290455 0.243943884193815 -0.0809248721039706 0.0452901412570564 -0.0185799650814677 -0.0337230193315275 -0.0869645513661778 0.0477777832664199 0.635593279342799 0.671751478290182 0.190993275031643 0.0917183606487864 0.345187003740133 0.669651810144183 -0.0893980514956499 0.124578795833258 0.173095107220675 0.188838511961719 0.114220443080021 -0.0560253641948199 0.22665299451367 0.376946738468193 0.397743135843672 0.447520080189606 0.334773044721583 0.415493439635859 0.508097514063666 0.501968561064987 0.317639288368358 0.340585442441803 0.528587075267752 0.386441097149187 0.613573708348557 0.369480710037266 0.550913264646223 0.494387782533068 0.681263330784618 0.691695927894937 0.30564278826309 0.393191789880457 0.119200597751999 0.109489952744888 0.663857007024144 0.525202638877816 -0.17542347348981 -0.139182459223128 -0.0533915761888856 0.102029822949935 -0.00647728965302643 0.100338427637949 0.116083495228752 0.376689205442952 0.417001580834318 0.345534930249573 0.0867609258336914 0.214252083799179 0.203674528953681 0.137894238167001 0.37564150018821 0.654315969060249 0.814106574282495 0.707968413497496 0.293281105312445 0.371849545131853 0.115076445686899 0.115965788528354 0.0967762866021576 0.110202014152304 0.353484903236088 0.295946385463481
0.41440023807532 0.829937531306711 -0.00250639983534088 0.258279800686937 0.325542336675612 0.202071921987571 0.193322294863648 0.39877888684794 0.179077760646705 0.201391988474334 0.344144589056166 0.267415122666665 0.123492006913413 0.236556703926152 -0.079979609989844 -0.0756875744763409 0.872488722201359 1 0.446917509282296 0.477851178354514 0.00543666854736454 0.212345204612727 -0.114949042220229 0.0581988504734021 -0.048117180996424 -0.000382162003264012 -0.214231329065803 -0.0190068112632471 0.65521450455777 0.695049654144892 0.185438424046106 0.0890001384201233 0.319018035236563 0.721405959441355 -0.117746822213996 -0.01504393246396 0.187742834841167 0.120023682436631 0.101715026313954 -0.0422949897877621 0.246784346833162 0.332463131771257 0.422675030663416 0.435511224707892 0.338968389404489 0.392750625495555 0.499292473805059 0.477051077200827 0.297100472323965 0.33652505599805 0.48470856574227 0.390466611534256 0.603463712642292 0.409686020544295 0.510833267965139 0.468761035555326 0.626624443558784 0.733596327655506 0.22629107926746 0.385249893502476 0.0746180134688467 0.113246949600184 0.678467199821276 0.636075087597657 -0.213694991344371 -0.133868032115801 -0.0564190626866252 0.16065458690422 -0.0484044032899502 -0.0207877639586491 0.0490597185373366 0.329152140918301 0.3697302407341 0.315644575648152 0.0142388685442102 0.16635022975096 0.226076184750449 0.159368146899495 0.310289813831649 0.72911570978858 0.783259312669673 0.729504441077833 0.298998448720933 0.305703146181722 0.0788662550387556 0.127011076995851 0.0814364975580216 0.107986473736323 0.293112230588814 0.315153713702209
0.713114364843918 0.536564359076157 0.401379281919285 0.298944836766311 0.372162767315405 -0.0402590296795386 0.513865045036873 0.366091125618435 0.264928304384819 0.187966155464485 0.410874343053656 0.201600865258498 0.499392387928082 0.242641683953253 0.360865222896278 0.170554335185703 0.478215869641762 0.446917509282296 1 0.688580293974886 -0.0468236836495327 -0.101135644390457 0.45575046374614 0.345027563299716 0.217331228808653 -0.00120172414538345 0.0956751209546304 0.00754132433461886 0.480602253040067 0.442609247209296 0.326362264854339 0.145902119449369 0.618885572073521 0.496497685852689 0.250036089649578 0.122169989972115 0.100824276097943 0.053094215839658 -0.0391159607044785 -0.185319296913121 0.194633268278361 0.0985527380239891 0.32460527095423 0.229018787496819 0.308953867899821 0.220969142380774 0.292822293977824 0.307770021736583 0.224132862592835 0.261932319340869 0.30378779258264 0.250169097410774 0.47085724254354 0.366385782352854 0.337942002171093 0.281888211148871 0.555662527333275 0.472802418015343 0.166734440702327 0.221435244466883 0.355251669678524 0.122625471226084 0.572703380457288 0.435775521734748 0.100801630173814 0.00740184207844039 0.320961075277213 0.20926942962971 0.302012863631976 0.328582786353788 0.430139836653716 0.381358307700578 0.39985476565758 0.363882018863603 0.179483383703446 0.309817007367054 0.394279336025039 0.235928377803094 0.221792772459003 0.450781068100585 0.474404145425676 0.563469342569715 0.437853778919488 0.281957963904996 0.548367326103951 0.291297680258105 0.240125898449934 0.292569698959797 0.237384803447651 0.221407649332745
0.580489093020597 0.586019804175142 0.353619663375423 0.278556337037823 0.220830406402227 0.0199045859802747 0.40052571560485 0.352657513036632 0.180848002856109 0.249713139508951 0.276625138871645 0.264230910048061 0.338682727184374 0.357850050682717 0.338341569672888 0.248422571638146 0.422150912794121 0.477851178354514 0.688580293974886 1 0.0868678929214032 -0.128728022975611 0.382193036580866 0.415130342743125 0.217989008933636 0.0740628618056767 -0.0168193884263389 -0.0375055972162919 0.435410645581368 0.456026312041056 0.353178364488032 0.208997357866138 0.594477559184241 0.563566373811313 0.233789272162517 0.122099991096459 0.111736020377141 0.0319430125449083 0.0416346834831793 -0.117693579712157 0.18842721101706 0.134132591748436 0.424451836004768 0.300093830797332 0.395217660242153 0.328137080524154 0.400307265803925 0.314157721490731 0.338928544046189 0.305278107499814 0.30133742291522 0.344068845581692 0.409606602275422 0.286702485449643 0.280993835113386 0.277772713504853 0.577245104416985 0.502242743367332 0.069057954432484 0.253098901123657 0.219127941747803 0.0602764372845134 0.510685968637903 0.521638623086322 0.053657866613252 0.0441524521153842 0.337723192925365 0.277734419032098 0.519276610405605 0.442522535234642 0.350466815002316 0.388463983180635 0.400746763698117 0.285145866109625 0.0240999524429408 0.226797646794589 0.355847231995738 0.182089989389039 0.189231955596368 0.375343997622269 0.378531528481726 0.50657108546599 0.44964955938989 0.396846366554983 0.488033177558104 0.417486190961127 0.246525594319796 0.401412572166072 0.102353953980504 0.354126253506743
-0.054259493921342 0.0330917271475882 0.117058162554065 0.0452602378769172 0.0505066279006265 0.0429911194015449 -0.049584312614487 -0.0940928235336017 -0.0330025589441971 -0.0571745879148188 -0.0673913065692791 -0.0253445870024011 -0.0288658476859151 0.169524284251719 0.0868191313803812 0.213655842882297 -0.00260390891290455 0.00543666854736454 -0.0468236836495327 0.0868678929214032 1 0.133279483341679 0.203426489176463 0.244547482300205 0.337977287163448 0.304580228954971 0.24195874591393 0.135529541156629 0.085573021551781 0.0149734043636395 0.273704031485005 0.205865786132056 0.212669631430641 0.091354849202451 0.27775089451275 0.27705262884679 0.285773360829407 0.306325129406331 0.41277757149837 0.22977035824673 0.278920707601612 0.0470106887080796 0.185831919246786 0.0615030293169817 0.224676955079522 0.178047335163507 0.114030236164275 0.141198472447778 0.186848752766141 0.106460390052308 0.0945646831097424 0.100713337632574 0.0601513826960668 0.0136224313272811 0.0952845827327145 0.168015207731338 0.0429540356742704 0.0217817048259451 -0.0971755488140614 -0.0422988906680239 -0.0891735872490159 -0.0667179325393715 -0.133982223907149 -0.0386140309725424 0.100171890722919 0.215862287493513 0.247368539018389 0.333878311483874 0.203421942676944 0.203953120882348 0.27847796461968 0.167414324096582 0.0355422002975809 -0.0432515351073116 0.0732681774067477 -0.0867257738288998 -0.0421753394054832 0.010330955300164 0.00388958913505401 0.0624523684164342 0.0530376351188188 0.121366789278331 0.135315284138054 0.292804596956553 0.11008450944668 0.182504328438502 0.156669656250358 0.27661182282734 -0.0025277429007288 0.119828210457782
-0.117224487256637 0.104459086358524 -0.232064546872328 0.114729441513199 0.0830787366278559 0.0923887143966187 -0.175095194573389 0.0126386204512906 -0.0586329908369211 -0.00182551751374677 0.103459699648064 0.0245601459069443 -0.181608080078786 0.0447262950165781 -0.208227990603151 -0.0111531754654732 0.243943884193815 0.212345204612727 -0.101135644390457 -0.128728022975611 0.133279483341679 1 -0.177971914660254 0.0759154611550485 -0.0583705003390301 0.181170222299999 0.0667407530979311 0.229129488453617 0.195826419539848 0.170889266821545 0.00423408815536639 0.109826739059118 -0.111758358133652 0.211328659664487 -0.252435322509743 0.00259947389306187 0.139401419312398 0.186300056447931 -0.0611580277870581 0.0749136523996622 0.187153819179007 0.171332557805282 -0.103009151643071 -0.0116437290758146 -0.0630036817053709 0.0515063209941446 0.00880765634683458 0.0492314927999602 0.0435167786519855 0.0273512147348242 0.0635146976492422 0.0206979800238473 0.140309972225609 0.030706989345131 0.109342575636801 0.055598480355469 0.114166560620174 0.134212302609558 -0.0241005691382284 0.10151265565618 -0.210741824677635 -0.0137400333573516 0.0147848933815595 0.130409294184636 -0.245436437486982 -0.124653586281059 -0.253505162630478 -0.030391316529108 -0.175510331256141 -0.129121794667006 -0.00740364106292024 0.183576042883126 0.127585548125789 -0.015775614121727 0.0787159684253952 -0.001452252649599 -0.105401333898059 -0.0299151975171304 0.0737986215363562 0.0243231631162528 0.146405165057195 0.152325003122333 -0.0431837471959988 0.14677969674774 -0.284783658048355 -0.0388114818849505 0.0233512389552779 0.118631076951122 -0.0325934166486013 -0.0353725225487782
0.391960258581542 0.0905159019160292 0.856855335736374 0.444257296905505 0.362973301064783 0.0694408460291832 0.628342163238051 0.350434673534446 0.427661622390216 0.352399155923451 0.1578822624093 0.107344337168195 0.487211985722751 0.194047319529035 0.718099204683703 0.499146464739833 -0.0809248721039706 -0.114949042220229 0.45575046374614 0.382193036580866 0.203426489176463 -0.177971914660254 1 0.756707448025551 0.716247596908157 0.329200336709843 0.48233834343312 0.0179473414921469 0.122827584939345 0.0520628852436182 0.582406367859124 0.39761966463298 0.646857152396282 0.179628933899289 0.726585123873202 0.429424953786959 0.191006939235135 0.185706704578841 0.189026969427644 -0.166281498771869 0.115271259539746 -0.181805215515618 0.338796938537538 0.0471535609906204 0.318303362492159 0.0806055928227104 0.200066792792615 0.174984856009362 0.190701621133586 0.172904927234714 0.00305542764571905 0.101402961782954 0.152943490246097 0.181916312956774 0.148770027048079 0.147091234656592 0.227085593355266 0.210391210342745 0.0151094261823154 0.0060064300450357 0.509391332535527 0.289951356388969 0.0648381370444188 0.0906617840473365 0.613424731452986 0.429287803637674 0.768809586548898 0.493229655614659 0.395635922739159 0.360792190699167 0.602021690361903 0.342818019158557 0.0535116004337548 0.0950796525564425 0.171037898446016 0.166045568866922 0.160101286032592 0.353579658444688 0.0950349872634555 0.100170174345152 0.00714511492831331 0.203315243868335 0.32908442218377 0.250445516205267 0.691136442641681 0.538816815976526 0.343747468150256 0.483417661689453 0.162886018761807 0.246006964967263
0.294891337200386 0.222546270997473 0.648404485746966 0.623485867246738 0.230607875702219 0.175810815924091 0.394748467426883 0.439623239684362 0.239139962604338 0.423280665368939 0.0382091524582532 0.167367720961144 0.184186083383695 0.255902366065492 0.46561917668836 0.594752961350145 0.0452901412570564 0.0581988504734021 0.345027563299716 0.415130342743125 0.244547482300205 0.0759154611550485 0.756707448025551 1 0.614614436007714 0.471537384539995 0.504127642567599 0.20489464260001 0.0735520579168907 0.151217300629217 0.487065921581006 0.454331830113367 0.522518604583888 0.36667531578986 0.637511123202668 0.478661684927994 0.202666726054747 0.210681747493459 0.176615009300529 -0.0441997692839097 0.125266522595227 -0.0816484748978787 0.32906043471367 0.0908261815709213 0.305001065792262 0.184254320517121 0.190430774971716 0.185371417273788 0.243543926456844 0.169185477419373 0.0280661615406113 0.0812919890696094 0.202660642663905 0.121038786393274 0.159650690406237 0.167553788272482 0.254626300333142 0.303309148550402 -0.0632909912602334 0.0380733199174567 0.288979352725977 0.378744311353377 0.0273144679972331 0.251576706700059 0.460083349575148 0.539875015181758 0.634009916832001 0.622314904100208 0.306371798636864 0.250310783457888 0.412511133519176 0.307113864511599 0.0804076217623804 0.0995051511192704 0.183026485296506 0.171372387985721 0.129719912294229 0.260453577102999 0.0989313971041764 0.14121399229621 0.0254414280895696 0.277425621945999 0.212450217818935 0.413224881145981 0.500101073609851 0.691440808135712 0.350558531734407 0.658815182957306 -0.00989657879178445 0.336535791509124
