1 0.967471046742496 0.870855867520268 0.871134195333475 0.334988063973265 0.58799594525621 0.824240275250387 0.800832538392001 0.397575970715363 0.264046312124278 0.81321640829766 0.839939296053859 0.873157641383296 0.846398222353068 0.853258912742476 0.75520679248335 0.915060249516229 0.861004994638522 0.955717560863833 0.934104710367891 0.634489327910581 -0.0205214663735459 0.773828017054089 0.793945664168889 0.794617723805237 0.670276900612223 0.595696961949009 0.593074153073781 0.840786855484191 0.78958254863469 0.569379132252941 0.66520448123057 0.685496896410681 0.66751728864951 0.526270524280706 0.126610496283787 0.845437281723302 0.882640849748506 0.72792065697053 0.740290463695057 0.673693270337144 0.467824292008258 0.569738568148377 0.487825844098768 0.717716556795802 0.673780850687057 0.60001738624041 0.496029311138233 0.573113983333819 0.542071288005119 0.55355169633579 0.464622296419334 0.413203118928027 0.26513885253968 0.726971622266735 0.725717486210293 0.956877187531826 0.908615145513243 0.738293617451073 0.545127381530482 0.817224883822744 0.608210917803136 0.921782150431916 0.795314498891971 0.700658727182996 0.43517297762775 0.621867874526773 0.583002252877196 0.896715974667397 0.920474148253528 0.589593281796165 0.584035349980964 0.139741289455608 0.360380613845652 0.504562947359573 0.256980276794461 0.467584647052922 0.319693731265122 0.730150425764868 0.667128716762118 0.842055143322244 0.814969501748518 0.732799045486616 0.751434695744795 0.84966899149204 0.776100907177084 0.506555481885191 0.605121562760084 0.599958936007543 0.522071610745961
0.967471046742496 1 0.861939616512869 0.867790840923271 0.270434350571373 0.611383839496286 0.799264461957683 0.802329154114961 0.348513493025895 0.263066389992657 0.760664060401306 0.843151432640798 0.848344317587544 0.854307447059552 0.827600806906825 0.77638908165093 0.932332837346045 0.903120604232584 0.960674985593803 0.96480904586451 0.658251252105477 -0.0231145289202086 0.757448385573663 0.78470473959663 0.800906923554367 0.685307681371637 0.589355467875008 0.611319870139656 0.873668310396921 0.839258706741182 0.593411646834261 0.691055861583248 0.710065847723128 0.702033305886283 0.531616366288455 0.171932914724087 0.869116981153302 0.90319646536451 0.778752890550607 0.778928488763642 0.673240267913848 0.460407985371356 0.596993238982389 0.518681654260225 0.740463572280359 0.697106806776301 0.632372165063019 0.521919003201265 0.592382476311761 0.563491856437979 0.560374365934183 0.484005092832353 0.416672764070475 0.283365420102944 0.736498206458799 0.751357126747506 0.953919531725479 0.925526043497626 0.722471598214829 0.539128888822319 0.781804474772965 0.589329325930564 0.88916145017376 0.81697541226774 0.670892881313256 0.427375499884356 0.628912160173621 0.596220405771652 0.923847339655702 0.940028334651744 0.57904709760587 0.576145859805216 0.133957012340424 0.367603574113767 0.513574368434478 0.257315543533114 0.478097954918623 0.342325315673634 0.763071669892208 0.717341995067332 0.865870174532663 0.846995305147178 0.752668120750888 0.780086764250858 0.837422632447195 0.795452739369892 0.509699807108505 0.617471075439951 0.612713001403893 0.535362634311428
0.870855867520268 0.861939616512869 1 0.941470961577345 0.322194510085198 0.684183681306103 0.906525772186311 0.852853565675815 0.477894382861968 0.359384804634206 0.70642077792186 0.802875834425265 0.843271463681071 0.849083402019627 0.895740268696838 0.837882043884533 0.86316348928145 0.840572861939326 0.848065845654779 0.837257005162991 0.552843549932321 -0.0571628936594497 0.93332080726356 0.905237304604413 0.858867501026544 0.821881725963558 0.683949231891252 0.61614371770578 0.820624343700789 0.803932377198616 0.752212216062268 0.822033220097781 0.805398141619383 0.785990408214799 0.71218818327926 0.360726144578177 0.795125246632358 0.770239632001296 0.790927346382383 0.749432611739607 0.536709007589249 0.342127423204083 0.68268823371858 0.614109007035281 0.782326778568565 0.749108348871282 0.709054118307977 0.635058191608816 0.652072527406061 0.643758010541377 0.656485147112245 0.583236744927301 0.544803267329657 0.428618623062739 0.784853101694756 0.793121426473044 0.883882869975111 0.860123283838306 0.762608397193063 0.631956096673011 0.828929302868409 0.6594269088113 0.856328795512989 0.81147172121146 0.880348556940587 0.649193026951982 0.771276735060082 0.721895930294894 0.854821844139271 0.840773362560465 0.577460447298747 0.51132361871703 0.0072766793872018 0.201462712665891 0.487284215677125 0.133798559565237 0.635582597388556 0.493151872486878 0.791493392036309 0.750627134793416 0.865161767853287 0.858075053953385 0.791372305960618 0.80075891236287 0.906321225098226 0.841362669620372 0.648961769243009 0.723883187316091 0.736915140856655 0.635638822864808
0.871134195333475 0.867790840923271 0.941470961577345 1 0.354848214947292 0.655828278458313 0.888107582011815 0.892808412633454 0.475474903169054 0.392401063360845 0.714097569946479 0.867009238502967 0.844325018060312 0.884557276030294 0.853112982529397 0.828650785015062 0.880444399448835 0.851666535124291 0.869615846942396 0.863888064584409 0.594803905732161 -0.0421698135922161 0.895368960710908 0.918937517221555 0.841008895991679 0.787475706925019 0.614199836732598 0.573950136459539 0.84325311834813 0.837680914830634 0.728283359643077 0.829945443633797 0.777582734857418 0.783183790927338 0.66284455095403 0.292299960324817 0.768225529367454 0.754307783571022 0.75449927129557 0.720959550899644 0.510831699343231 0.347132371241148 0.630937908806878 0.566794049505475 0.730238601392806 0.699332643572066 0.666674487725025 0.585760449031956 0.59056326979916 0.586691425964269 0.601330912425315 0.525524416134621 0.503635720527581 0.387980341410757 0.751905039760917 0.76885036158353 0.862117461825883 0.832114463130234 0.735147208598086 0.575972020198128 0.808451143966665 0.682804688797893 0.88181603761259 0.820283557107193 0.815737073431342 0.661947443333747 0.716055622173251 0.672894332951874 0.847031184557965 0.831089187690317 0.577235635303214 0.528684466200813 0.037882239347897 0.257066745055739 0.49173574793177 0.169223292667214 0.575790479206805 0.437684572322671 0.777285638494095 0.734246831216137 0.876093435721634 0.857177306116184 0.778629411008604 0.788474771621549 0.885241207988283 0.825290009831706 0.612006159341649 0.693371830697069 0.67577612082499 0.602873067474141
0.334988063973265 0.270434350571373 0.322194510085198 0.354848214947292 1 0.138886595320292 0.407141010719379 0.266991841140777 0.678847767138803 0.468981491828718 0.459608316001037 0.282695266244912 0.385198470012582 0.259046702043479 0.360925213720672 0.229815881459286 0.262184952481349 0.166650905144111 0.300002233993347 0.257627293326674 0.145633712117786 0.048774404339389 0.292394548945313 0.302977399884806 0.289648837199781 0.174892303969735 0.0511274354286752 0.106249137992993 0.227481524800412 0.175273406464629 0.188681704556121 0.144059625286566 0.151461195989958 0.13888890952299 0.171122998660155 -0.00586507684900194 0.119295637795658 0.240007295728352 0.164393712179699 0.0794653484106604 0.180896347380259 0.1409789016225 0.0874529907087512 0.0447600150331886 0.140325767046602 0.109750522259412 0.0814470756072244 0.0496453306707849 0.0731767369776916 0.049650994765632 0.102531219237842 0.0391502850501507 0.0656347213817343 0.00775782561286783 0.157110641781388 0.117646727011155 0.276256513525438 0.198957475502418 0.162004502840283 0.0856502843081608 0.279707421243916 0.208366190338696 0.369957324790029 0.167868330728054 0.335155523839623 0.193178682296045 0.158220499805863 0.153647235085807 0.284492447360298 0.281231141363316 0.284342128580235 0.226439145505284 0.249277463311255 0.259422473302606 0.118097168378087 0.138263213702908 0.128228557199853 0.0179268786432598 0.114685046370681 0.0606523725868008 0.210978580940359 0.227056927091447 0.181736812933531 0.203313032148689 0.302744714152927 0.204477492885433 0.251650930247285 0.198228782877693 0.137836322574397 0.0946636267815739
0.58799594525621 0.611383839496286 0.684183681306103 0.655828278458313 0.138886595320292 1 0.725812352385914 0.811418349466416 0.432544455559328 0.492679646875061 0.391708834601205 0.653024518052066 0.670660865982504 0.708488108665916 0.702793426249227 0.828310995227406 0.669705188270406 0.738258271589146 0.542546779989207 0.547185737814081 0.37140950557081 0.0193642419860303 0.709093530618365 0.76504440231098 0.76823811700898 0.832358245148678 0.763495124604543 0.622389047239158 0.686517573006766 0.712277666986201 0.758880334279141 0.799668449141058 0.810816790726914 0.800519644748666 0.773398876116691 0.623237229072496 0.648384127078229 0.546887386843097 0.769941801994934 0.734618721453733 0.178894317007802 -0.0330227853842659 0.761849682542154 0.744038718549474 0.745626439567727 0.743072435241882 0.769127408536153 0.759824466052065 0.696296636128055 0.691277435177443 0.706518829725788 0.677016043213522 0.704545076536647 0.666567929229124 0.778475548202744 0.81083020784742 0.662493193307994 0.715173622807825 0.7531824667258 0.671402961560293 0.75557873114543 0.684337094288577 0.603429850643943 0.798916917592123 0.714263077537308 0.722892571100801 0.796788794211631 0.756909372833147 0.67833222201361 0.58591746893929 0.389221514499623 0.255293771092524 -0.38285018232894 -0.194808007583074 0.327212902012887 -0.115615023939211 0.705339357482416 0.67263365999838 0.790204924463456 0.783334000864275 0.74816446168602 0.757039470520279 0.717340312229786 0.793016519695067 0.782346752085049 0.821843125161654 0.627637969359149 0.696055438660487 0.765240855511131 0.80103405020146
0.824240275250387 0.799264461957683 0.906525772186311 0.888107582011815 0.407141010719379 0.725812352385914 1 0.919504645859231 0.59149035293744 0.491308355239847 0.670544510205071 0.773063087324705 0.833648699706071 0.805516081363655 0.843754562957761 0.783615114013419 0.804794635774748 0.790756868877647 0.760760001371 0.737113610535086 0.494707572978229 -0.0500825070558946 0.887746023893204 0.883958973837648 0.86758270306123 0.8293952040543 0.726442107283116 0.578533125708853 0.779044194975637 0.749835424326441 0.781244878677559 0.798904193056849 0.843682340563344 0.818788146438296 0.756682094828954 0.467370733968412 0.737127394782887 0.695201283420241 0.787056698174975 0.776449102587873 0.397214731343479 0.224869859521906 0.762213658775051 0.708278473282178 0.824592935600944 0.800004587823392 0.770486215027295 0.718844743642028 0.731089182386102 0.724299136633636 0.757756512676133 0.698172437883177 0.671996552969042 0.568299256948778 0.837373407189177 0.833653559216034 0.835846907987656 0.841726859096051 0.862510775303997 0.735378049785814 0.915665421963364 0.785819857777447 0.835318839540165 0.846289182607988 0.869658381160046 0.724658550523014 0.838948318531118 0.79813378930429 0.853391451758095 0.79203938003084 0.589938531075119 0.456632997920155 -0.121237972123931 0.0964368190876589 0.369740811666812 0.0013383227370285 0.683314926090462 0.620294121827204 0.779183701856873 0.728973557529684 0.836118244025747 0.813863528920305 0.719904878229575 0.763803417488496 0.8982060384105 0.860493895667153 0.605898764867812 0.673147469324449 0.791985047646656 0.742834136989964
0.800832538392001 0.802329154114961 0.852853565675815 0.892808412633454 0.266991841140777 0.811418349466416 0.919504645859231 1 0.504454277968347 0.491141078952845 0.620091741414664 0.840107886149176 0.830408721698504 0.868959371890705 0.809925133189222 0.830054015642969 0.826465615082889 0.847177029858486 0.763181752731276 0.758708450844696 0.558269053925533 -0.0700774366720139 0.847136057880794 0.910006836572317 0.845653430808082 0.859442278520473 0.742062377621072 0.557093176995281 0.824797784223452 0.836037826250636 0.811648919442877 0.868488679971005 0.887738003200547 0.883878676277533 0.784107959553969 0.523373291558261 0.740651950195378 0.695440451960967 0.804686094674771 0.800811387514014 0.334893844400312 0.151150397760913 0.795173876563592 0.760538635524932 0.838252357895275 0.827348694200146 0.812219391296412 0.766504182444625 0.755787976357412 0.754405420701773 0.764666709552707 0.725948640832218 0.707817239643369 0.629221729303191 0.853444496800463 0.880129385222709 0.828823375922348 0.850619288232735 0.877541420079155 0.756286657934853 0.915495159487098 0.866569780528355 0.82130344768099 0.91660557528321 0.8307568367226 0.814791281254523 0.856173604346207 0.830644102461014 0.848737108258664 0.759740734510147 0.523638172107078 0.440327001929437 -0.198721382617243 0.0374568804233874 0.411221059956405 0.0129550815609645 0.683576917911336 0.643517347695656 0.851774606572131 0.818042675071585 0.879076193964564 0.865866607812653 0.767451438801265 0.831311802670193 0.906214001325998 0.913427084207604 0.615517054459428 0.720353040838672 0.801922227674448 0.801399265520416
0.397575970715363 0.348513493025895 0.477894382861968 0.475474903169054 0.678847767138803 0.432544455559328 0.59149035293744 0.504454277968347 1 0.5783795749567 0.466677734190526 0.433734226149015 0.508219587396291 0.433069518025503 0.55260577403824 0.436635237396999 0.397397152070027 0.36989462765517 0.344082258415566 0.310672189757226 0.169585474485066 -0.0711281894352692 0.501391864031053 0.480431219004961 0.46983714730758 0.420243792477334 0.335937987286625 0.25965197540474 0.409978452934527 0.363828266002664 0.442703748988585 0.402501745633433 0.401396282371889 0.394618365592013 0.440087339079019 0.303765180707745 0.303920314713266 0.33213393410227 0.425418523585756 0.332688651262958 0.110069026333651 0.0537799406647138 0.364800965873811 0.338094463452735 0.356126296772174 0.344073002856562 0.351374819206385 0.33112582075404 0.294402027025592 0.296757113952046 0.335196008405265 0.293233058452998 0.333111624055487 0.294587101793003 0.404273016501774 0.37452002454375 0.38098917370294 0.34894201320237 0.382555008842729 0.320450612758604 0.489035704341408 0.461865676266257 0.458204152652151 0.442605931301757 0.494659741472202 0.437593049503002 0.397074074271921 0.371340286711167 0.372378623421158 0.309049623033527 0.358302567446847 0.292392617496611 -0.0033501638989263 0.0688809478896409 0.283968938208869 0.05773723106633 0.392536803947631 0.342347075161531 0.365942723119488 0.342183900456895 0.400445658198352 0.398508442195541 0.372477209869487 0.397221826645727 0.477839748666234 0.423449252194166 0.423605632410761 0.350174751003171 0.384777319028099 0.35077604205988
0.264046312124278 0.263066389992657 0.359384804634206 0.392401063360845 0.468981491828718 0.492679646875061 0.491308355239847 0.491141078952845 0.5783795749567 1 0.348430289199423 0.362535071413733 0.404821712032554 0.358733502081376 0.461798374104474 0.538208975577231 0.30635230020676 0.29968031635457 0.196245571801295 0.203350894029537 0.0249541094971197 -0.114125104993628 0.3242441853733 0.451524290072286 0.465080230648902 0.41635014190164 0.257743792460253 0.214294429076044 0.319660689661794 0.349770704386059 0.391285011816869 0.388109307448272 0.37055395305042 0.36169884518506 0.364283096602122 0.388647059501422 0.21597546585562 0.225374785155271 0.426629405825102 0.306477297920927 0.00526493848015683 -0.135154436914462 0.331320099008648 0.31481745126313 0.305087367417702 0.280576407097246 0.312013771596867 0.320289175906377 0.280046918191011 0.256247515108132 0.293417970298884 0.29874929273832 0.317239214325675 0.3111180233783 0.343947349922812 0.345933350696294 0.305071874043098 0.309394820646173 0.320706294089974 0.307158233653239 0.429523010826676 0.478800746249077 0.332261822395296 0.448738397326378 0.476840828322556 0.533004010841357 0.373419751860413 0.403858111204387 0.302425372404992 0.254424531031085 0.168469047585792 0.116167728746124 -0.13881546124081 -0.0231577516683344 0.132876468722757 0.0262558325185641 0.351309770622096 0.4154092620089 0.314442586368734 0.313395227504699 0.349413639935026 0.376222983432584 0.396267387210756 0.400570345876413 0.442049509351086 0.447821970737892 0.54069472457503 0.549998220933914 0.37584836763102 0.452933441470906
0.81321640829766 0.760664060401306 0.70642077792186 0.714097569946479 0.459608316001037 0.391708834601205 0.670544510205071 0.620091741414664 0.466677734190526 0.348430289199423 1 0.806714620980457 0.856689078655347 0.770772846682147 0.794176746535553 0.587970099453498 0.707824437454395 0.632911197679678 0.804312643298765 0.760070158397828 0.498559098558593 -0.0318215092770307 0.619920550268645 0.611675971560154 0.553313676381568 0.402001216627513 0.346981552725867 0.450605579282669 0.676069395585262 0.624461959349321 0.336997207951699 0.426868247193778 0.403134691648284 0.375265067438809 0.256737438585043 -0.099736623087093 0.633239723813102 0.691595472651288 0.481293544791863 0.443012517129554 0.548863658805318 0.364443118369884 0.243243383294822 0.173486657674746 0.393045321571521 0.338189113729953 0.265394263675571 0.168543157491986 0.23249233414101 0.203357304228544 0.218754365083873 0.137181859404025 0.0847105942231779 -0.0273682775271874 0.413811346522037 0.414149662986736 0.710484230582904 0.620948348448909 0.440907354797662 0.227113649689314 0.637129271497726 0.474433770329168 0.808489542136326 0.596832487384092 0.56552459177011 0.315201883536477 0.320112466364939 0.285831209244083 0.62904949436002 0.644585962543529 0.391216921740023 0.492789345689211 0.283154752814255 0.404926145740881 0.504141766672246 0.435211463970027 0.250598026121063 0.0648877456389855 0.474114059289559 0.4160997505982 0.583887551199426 0.557950138679985 0.50166432364417 0.511846505636034 0.623040674647158 0.497461716832424 0.407685898622736 0.480369194583564 0.299867432502366 0.222808779064409
0.839939296053859 0.843151432640798 0.802875834425265 0.867009238502967 0.282695266244912 0.653024518052066 0.773063087324705 0.840107886149176 0.433734226149015 0.362535071413733 0.806714620980457 1 0.897568414460237 0.964640442810616 0.863495302618723 0.826286339033944 0.870606957010377 0.863666262491964 0.85544599868444 0.863325539825451 0.588997826877943 -0.0879717589899054 0.788346476207012 0.838989275834413 0.745944961327996 0.677522950949286 0.551564352973857 0.552450275699404 0.873952705071092 0.873365245025586 0.627942141313915 0.743934871366018 0.694658060164158 0.695902786533013 0.553076087264319 0.155042040942212 0.774475756735874 0.746063416233916 0.703636913570333 0.703524648252155 0.498776406042546 0.310993071574277 0.518685937651668 0.468688540744271 0.611550173348652 0.581944830480913 0.554333644067197 0.467261700171481 0.465181080608794 0.458102404620697 0.469784541496418 0.397857336137173 0.380682634852032 0.282506318442529 0.658821724964849 0.697193462192964 0.80253002981839 0.771562237790544 0.646437558498238 0.44395123267525 0.768735403327652 0.679363516963698 0.87783399080051 0.845011861762896 0.702917715347331 0.594170324400556 0.57910532553683 0.529240508706055 0.758666912057467 0.718923110431964 0.463900288175786 0.479569434011159 0.00697469486584515 0.235495702940844 0.521521663514973 0.29839268161348 0.504754563260061 0.344200156784109 0.773178247013913 0.725694163560756 0.8383902343814 0.816953741115541 0.773681329240676 0.782855918616454 0.815639033591549 0.768790863948309 0.577616575781358 0.662492337634342 0.580863035735894 0.518393754076977
0.873157641383296 0.848344317587544 0.843271463681071 0.844325018060312 0.385198470012582 0.670660865982504 0.833648699706071 0.830408721698504 0.508219587396291 0.404821712032554 0.856689078655347 0.897568414460237 1 0.919702480680993 0.90799854857421 0.816993583102768 0.842485739993325 0.824165352723099 0.866783390437513 0.845006904925469 0.569192589843578 -0.0567593776507893 0.799096136542338 0.83345009488634 0.799319167470415 0.69505340049089 0.576136451228326 0.620352653780073 0.832251890970001 0.806656860851205 0.634934807926107 0.703867852123508 0.688448732595993 0.671640844924825 0.590441844921932 0.202347157625579 0.772587399664633 0.753827165768779 0.710020119217372 0.677176221239812 0.492274667127631 0.280209792370191 0.555705459617755 0.490619803880712 0.653591768616655 0.611270062252586 0.579955781439337 0.488593066188494 0.497523888991571 0.479877948765133 0.508123612139036 0.427594960345963 0.414300367052916 0.303434554133626 0.68386202306834 0.697918514682773 0.822368984667462 0.784595802796852 0.684773465515769 0.474268778146075 0.807622130157668 0.647965217179791 0.863923630868077 0.796444960623726 0.760187582589046 0.55239581849567 0.620939317616932 0.567239460929365 0.780426273107934 0.764898330521855 0.458798891865038 0.465850661745376 0.0355351997098354 0.218088006140625 0.507488999838053 0.28287458182166 0.533814213081366 0.356990643131952 0.747530236635757 0.697642426560773 0.80997327288749 0.78445480102186 0.754744663359923 0.755277224336431 0.854383326791711 0.758607818576524 0.571290028062336 0.668656054869281 0.603399757128025 0.518866803644284
0.846398222353068 0.854307447059552 0.849083402019627 0.884557276030294 0.259046702043479 0.708488108665916 0.805516081363655 0.868959371890705 0.433069518025503 0.358733502081376 0.770772846682147 0.964640442810616 0.919702480680993 1 0.896818483710321 0.862622929502123 0.88534270772267 0.880858710767059 0.861306253351993 0.871726727806262 0.589632987142485 -0.0525632125949283 0.836867568320647 0.876731190133992 0.795380924714469 0.753951622698696 0.623400109889239 0.596363415170523 0.895636104260002 0.89533589740422 0.69165617470674 0.802527694619235 0.747669833738634 0.747728046143932 0.629928693468201 0.240301081425091 0.799835558802634 0.757728306185356 0.752646807757428 0.721191696005952 0.512229254713468 0.280119542203769 0.586113504704238 0.532223103213596 0.678109956500739 0.648564641056725 0.62420574703028 0.538739073030587 0.53394163370464 0.526558377229366 0.545065241254919 0.464719083150843 0.455647465309021 0.349592053242607 0.722085380649762 0.753160260381742 0.831173848697322 0.799684703624868 0.693866612530752 0.500667609793886 0.791701533335396 0.696184128148941 0.873036787244729 0.859882015408142 0.750614848129626 0.624679439118504 0.647733944618173 0.592154629740831 0.790959824884834 0.758888455996502 0.448466807214503 0.459818527031012 -0.0326841062448352 0.191885470620135 0.519489071646805 0.254737659216827 0.532457327541965 0.389780502785019 0.806134154451042 0.767092755021549 0.863966553467585 0.837616550417066 0.810023813922041 0.810476344509134 0.849100449225255 0.804607349050381 0.604122109386047 0.698988862110298 0.633975092090194 0.571140991579338
0.853258912742476 0.827600806906825 0.895740268696838 0.853112982529397 0.360925213720672 0.702793426249227 0.843754562957761 0.809925133189222 0.55260577403824 0.461798374104474 0.794176746535553 0.863495302618723 0.90799854857421 0.896818483710321 1 0.865464499780252 0.855346813866256 0.834007883815575 0.83211374681937 0.813449008495389 0.521523505177766 -0.0452107408282718 0.866785538593576 0.870842358986379 0.83479560368586 0.757137727465544 0.673886626357329 0.655036342738052 0.818309198118876 0.800979598514393 0.668970457946866 0.735319105185809 0.730786680849322 0.703969409536113 0.631853811761825 0.262527614544094 0.76962135046128 0.747285730057799 0.744732315160039 0.684476290854046 0.506356148553643 0.278219048107579 0.603453749226545 0.542250170074674 0.685232828156087 0.652908316021376 0.627430421217101 0.549542419200727 0.536262727131768 0.528926201509018 0.549354831442401 0.468115320106956 0.462389581022649 0.347800132064684 0.729847151135801 0.73897849151524 0.846799886413124 0.809336986984308 0.682172470455356 0.51515843879063 0.796968159854637 0.624900414558194 0.852027151578789 0.811147616661886 0.842380711972154 0.596813327020709 0.658888808791092 0.604998898861072 0.779827367845543 0.769478104928083 0.484698827307822 0.428869944395949 -0.0165922663870381 0.140530285060327 0.518284839546379 0.170219924968743 0.57955876165852 0.411598742420654 0.775486577443889 0.717601334321913 0.82135130208614 0.799365673083165 0.789901976621471 0.773492433231642 0.861846125148293 0.784481778615228 0.675221772778462 0.72183512532947 0.65005105597433 0.571426315881572
0.75520679248335 0.77638908165093 0.837882043884533 0.828650785015062 0.229815881459286 0.828310995227406 0.783615114013419 0.830054015642969 0.436635237396999 0.538208975577231 0.587970099453498 0.826286339033944 0.816993583102768 0.862622929502123 0.865464499780252 1 0.820185697714827 0.848829672750124 0.746219434615632 0.762402594043681 0.4867832188494 -0.0599599832517811 0.812238326278868 0.880576897498888 0.869209759364214 0.85072376388058 0.659881133457432 0.642303080325027 0.835085820983279 0.843534219003337 0.749995644936355 0.848957188394876 0.790243185384329 0.788264923400295 0.747139061280793 0.432686978166201 0.764158712767905 0.688369507351656 0.829093009522943 0.789906572771963 0.406366975595098 0.172996065017119 0.675349250654556 0.625782517007893 0.72608339419464 0.694711325936206 0.698534169437672 0.639600819305311 0.599739354478566 0.583486625952339 0.604373634904197 0.545579896233903 0.550188836837962 0.473005954624122 0.763581141991107 0.796462781900623 0.793152719479528 0.796680477308935 0.690207076287209 0.547867832362003 0.761095970113247 0.626017111086034 0.738982029209289 0.832140753324511 0.797171178726603 0.677658978098968 0.731138803562492 0.693496715424088 0.755593149689317 0.72718875324949 0.429340404910305 0.371576070227154 -0.18713350602778 0.0570710872916608 0.444184317518792 0.0883909068230552 0.656549710957874 0.537464148834745 0.820769702804723 0.78606656197129 0.842350055991807 0.846640897073459 0.851627558651993 0.855854066649289 0.867076269270997 0.855439207511494 0.686513571686292 0.807391710506515 0.711492195351936 0.691885111518879
0.915060249516229 0.932332837346045 0.86316348928145 0.880444399448835 0.262184952481349 0.669705188270406 0.804794635774748 0.826465615082889 0.397397152070027 0.30635230020676 0.707824437454395 0.870606957010377 0.842485739993325 0.88534270772267 0.855346813866256 0.820185697714827 1 0.96943623449199 0.929623848049667 0.926580120931147 0.642424109120952 -0.0192423922497287 0.804098404463602 0.843477034795829 0.818656589911794 0.748057808884827 0.632813792637613 0.581962001711349 0.928760424348824 0.909960580788388 0.704845957804435 0.785348318951528 0.789141245947336 0.798940031273612 0.616150579469857 0.267862244547066 0.853979225006463 0.848150152062377 0.806899195382432 0.770263893754069 0.59030556954076 0.395247165384949 0.630808014612458 0.573717073729963 0.730518894933723 0.704684405242691 0.673465612099341 0.58388589676658 0.593716504422372 0.575741588246632 0.571307696301109 0.500196455908707 0.479492793498137 0.366311269172469 0.755321878468097 0.77228900530939 0.945074361379676 0.913089853681988 0.722047589945916 0.53927118721608 0.777804130779409 0.60798155356004 0.888487648838509 0.871083776330102 0.703655565331436 0.519913454718567 0.667652713458296 0.617769994312318 0.896254700420887 0.884702756082413 0.556490119634436 0.509257434078487 0.0410550937237459 0.272421376452249 0.542856612576094 0.235527684733395 0.544033042934873 0.435545878826619 0.858478666020973 0.82445390611387 0.930410540285107 0.896776686839111 0.819719380344241 0.847927687334082 0.851905588051333 0.817077695651762 0.586495549121785 0.65425353384427 0.64387675602752 0.580397618796154
0.861004994638522 0.903120604232584 0.840572861939326 0.851666535124291 0.166650905144111 0.738258271589146 0.790756868877647 0.847177029858486 0.36989462765517 0.29968031635457 0.632911197679678 0.863666262491964 0.824165352723099 0.880858710767059 0.834007883815575 0.848829672750124 0.96943623449199 1 0.887373677544234 0.895938302216354 0.649045875961349 -0.0401863525048455 0.798989915303779 0.838265821130418 0.825319005426854 0.785814046292971 0.672161574558568 0.600771036959579 0.936024924557344 0.934470516267868 0.765029937504829 0.827275913969768 0.846192878783065 0.852580189459114 0.67588191674905 0.364919110149637 0.846115963405857 0.813292696266934 0.843272985612212 0.815093783115347 0.506930583567909 0.305446789245081 0.692953454217556 0.650203262756464 0.769706792610016 0.748761407742488 0.731509979358536 0.654022127533126 0.640765662662979 0.627267028260018 0.607373983595152 0.550959108378298 0.533605434793123 0.442925520016289 0.779249311622114 0.812371940061904 0.919157509056596 0.918157026264455 0.751407001808742 0.577722204649111 0.784753454876659 0.626508233334745 0.837788850349129 0.906174028691402 0.708883718875286 0.571252411452511 0.722218126831206 0.673812850598875 0.891012777939517 0.847126711028944 0.549412502730924 0.479064553341605 -0.0661781939065631 0.177278581940365 0.543559996228114 0.171682133666658 0.609652621314894 0.518581333179327 0.910162507952804 0.892622919868171 0.946670684807029 0.925635685543583 0.841944690397186 0.889787337640887 0.856664575134724 0.849999023853721 0.59313155366075 0.663122175590945 0.69735306615155 0.642817220978341
0.955717560863833 0.960674985593803 0.848065845654779 0.869615846942396 0.300002233993347 0.542546779989207 0.760760001371 0.763181752731276 0.344082258415566 0.196245571801295 0.804312643298765 0.85544599868444 0.866783390437513 0.861306253351993 0.83211374681937 0.746219434615632 0.929623848049667 0.887373677544234 1 0.976453484467966 0.68417174195245 -0.00127823919602786 0.759768318163896 0.773515754075372 0.758480845622905 0.642511914530001 0.545275752499345 0.577703511789465 0.872073533770422 0.836331376900384 0.572114337456666 0.671893285367866 0.668425236578703 0.667153656025991 0.486284895387569 0.0835392957672426 0.836559926437097 0.861773279779386 0.697092637410706 0.705426473860532 0.673864333471112 0.465934837343823 0.511982265918895 0.438134268410496 0.661383279328813 0.619963985886646 0.550478084943283 0.440854676452854 0.494406362639777 0.472204353368451 0.467462105764288 0.383039049882889 0.335393727288599 0.206499149831165 0.660720913741598 0.673164110854165 0.920483084069732 0.864208366769374 0.652111054333294 0.446084005395487 0.724648681644387 0.524984944512353 0.88391631502101 0.753236374380567 0.639070149266776 0.385509038132323 0.55872052692909 0.511812834940593 0.894382793381922 0.907602403384309 0.579803221319174 0.578753456353625 0.183204424803929 0.405684667069919 0.550552958840769 0.302526467114071 0.432478882318703 0.264220420533265 0.737164506982077 0.686890536443513 0.837267835710291 0.801145098129932 0.730356151232463 0.745078415666903 0.792056724390438 0.717133147631841 0.457557960987231 0.556169948936757 0.522019554171381 0.435397603532683
0.934104710367891 0.96480904586451 0.837257005162991 0.863888064584409 0.257627293326674 0.547185737814081 0.737113610535086 0.758708450844696 0.310672189757226 0.203350894029537 0.760070158397828 0.863325539825451 0.845006904925469 0.871726727806262 0.813449008495389 0.762402594043681 0.926580120931147 0.895938302216354 0.976453484467966 1 0.683107570227369 -0.039529869337276 0.742914482938579 0.767765851046772 0.749446045275226 0.647728982700225 0.529251320653226 0.557687182211875 0.885457190173182 0.857957469214396 0.562889092798087 0.679081373003078 0.655795225579082 0.658379720989213 0.47474162185273 0.0783569817613535 0.839399774909818 0.870668221211457 0.718100307636011 0.723965579400562 0.694577064919834 0.478996598610696 0.502132061338438 0.424799536647174 0.654020202600795 0.609569825869022 0.550632249524488 0.431016927852215 0.484744420010475 0.46204567338873 0.456003589431173 0.370649080008263 0.317143230137838 0.187193349699522 0.655619930229513 0.678078577362997 0.914295120650042 0.858854077514743 0.63102043277578 0.424524711634356 0.698318673665126 0.510019534119804 0.861638456869094 0.755642803757798 0.619692388302434 0.378564187326697 0.544737995662826 0.503525407053955 0.882468905787712 0.908577271514349 0.53901354233808 0.565771692464446 0.195816462703043 0.424637864298903 0.563163154121206 0.342227517560751 0.401973258466763 0.250915081567655 0.728181708614659 0.690824230959235 0.84210114241017 0.81211359247362 0.74204063933797 0.749830409968743 0.77895744817092 0.724887425936628 0.46948135899654 0.5798073471335 0.516752268750731 0.425206962406614
0.634489327910581 0.658251252105477 0.552843549932321 0.594803905732161 0.145633712117786 0.37140950557081 0.494707572978229 0.558269053925533 0.169585474485066 0.0249541094971197 0.498559098558593 0.588997826877943 0.569192589843578 0.589632987142485 0.521523505177766 0.4867832188494 0.642424109120952 0.649045875961349 0.68417174195245 0.683107570227369 1 0.095946163633323 0.519379706017376 0.528073388431994 0.481809411771637 0.481563324443197 0.386535309783407 0.305931831058413 0.630308343524612 0.603314227945996 0.469935095354152 0.509575493764383 0.505074509582616 0.510946145282681 0.35595955212476 0.12898241562571 0.599522087132669 0.538641542218497 0.48433168717778 0.515977482336025 0.413458095772165 0.326345785748186 0.412960257326071 0.382770766442561 0.495747867372713 0.486661863095273 0.450634279234634 0.38041186801087 0.38566896642426 0.380210986113869 0.358175151095403 0.30760639193518 0.258783258666457 0.200279045466689 0.501502023139352 0.511743654453506 0.615620159382154 0.599580786804679 0.474366702289939 0.324797563305723 0.487297899962176 0.356267054763635 0.580513652524726 0.528101471182274 0.409310671786606 0.298839015724185 0.407686097434732 0.412872407664752 0.598656924570623 0.615080459301955 0.41322750823853 0.478520553703992 0.159227076588603 0.2808847306842 0.430141337637496 0.159404316911634 0.263241275240983 0.16503544455922 0.546918063164113 0.534355076611452 0.578431766330392 0.585326553545924 0.454451336990575 0.542552410947657 0.528182058884859 0.518678878648915 0.280341725894399 0.372293602731822 0.339689331973651 0.309439349223019
-0.0205214663735459 -0.0231145289202086 -0.0571628936594497 -0.0421698135922161 0.048774404339389 0.0193642419860303 -0.0500825070558946 -0.0700774366720139 -0.0711281894352692 -0.114125104993628 -0.0318215092770307 -0.0879717589899054 -0.0567593776507893 -0.0525632125949283 -0.0452107408282718 -0.0599599832517811 -0.0192423922497287 -0.0401863525048455 -0.00127823919602786 -0.039529869337276 0.095946163633323 1 -0.0877463597088443 -0.0668521840923565 0.0163074779529891 0.000710210336885418 -0.0381077903184032 0.0544622376047999 -0.0749602914755209 -0.0709003980787023 0.0315262192511629 -0.0335835529287799 -0.0312368006435655 -0.0277050829617465 -0.0377721902624567 0.0546839758888971 0.0337503873508654 -0.0285406697783349 -0.0669373942816229 -0.0873956616755088 0.0490760094482681 0.00798422873025894 -0.0527263286817416 -0.0292681484186223 -0.0585155840990964 -0.0382132765035228 -0.040487503149486 -0.0142998155255088 -0.0500455480348376 -0.0426872498618298 -0.0221912189314648 -0.0413333089472383 -0.0265068029331281 -0.0393793260299373 0.015540437037905 -0.0151105231706448 -0.0331649453408801 -0.0306836288910489 -0.0406580612210728 -0.0596791093525805 -0.0767829872729641 -0.164111119699964 -0.0574757660803726 -0.0999897170841591 -0.1300722356731 -0.140641632964483 -0.0550065963069888 -0.0392291410287685 0.00317951140778109 0.0210651891847241 -0.0392600907828177 -0.067404477497819 -0.0575090754105227 -0.0517929896416538 -0.0177939279678154 -0.232987506772883 -0.0912490741615085 -0.104796537168052 -0.0654065395485827 -0.0585310378849352 -0.0760270718069895 -0.0629723926374457 -0.134771713322462 -0.0216892037624205 -0.0989704793130018 -0.0677461595019099 -0.0842668598118503 -0.114649726396932 -0.0789588977355651 -0.03782340946232
0.773828017054089 0.757448385573663 0.93332080726356 0.895368960710908 0.292394548945313 0.709093530618365 0.887746023893204 0.847136057880794 0.501391864031053 0.3242441853733 0.619920550268645 0.788346476207012 0.799096136542338 0.836867568320647 0.866785538593576 0.812238326278868 0.804098404463602 0.798989915303779 0.759768318163896 0.742914482938579 0.519379706017376 -0.0877463597088443 1 0.939809150245037 0.839034760741172 0.850220621811667 0.764685858494426 0.657785054657032 0.765219233808182 0.764665344654793 0.804893091192864 0.847759521292805 0.83693722342797 0.822738410126522 0.775269453822108 0.422878945634635 0.739077493759363 0.671540321501151 0.742905746563726 0.727920510215842 0.442070935359319 0.235265366474067 0.73458622362518 0.689712941209636 0.789721357708527 0.775834756076196 0.762770858538738 0.706757766197097 0.678988096716643 0.685234223448875 0.706705272198267 0.64226288587561 0.641680223035162 0.546673827926702 0.807388985132768 0.814238348008559 0.792655029314203 0.791006248358595 0.767952605343375 0.655911860896046 0.821583480513535 0.707872447549368 0.80120848240306 0.805690111599653 0.898924614343192 0.737449754880722 0.800528808087268 0.737547182517148 0.792745580284096 0.740440547878927 0.569869250085619 0.462516914899941 -0.0951829757240343 0.0943533383691316 0.409409282654947 0.0686959464704776 0.679304482956165 0.551597096156526 0.799918494437319 0.761888896438818 0.839166965934573 0.81191975629534 0.769100284617979 0.773209025228851 0.879722194847179 0.824955947620305 0.600577927373532 0.666138865155103 0.769886246546838 0.690302317470705
0.793945664168889 0.78470473959663 0.905237304604413 0.918937517221555 0.302977399884806 0.76504440231098 0.883958973837648 0.910006836572317 0.480431219004961 0.451524290072286 0.611675971560154 0.838989275834413 0.83345009488634 0.876731190133992 0.870842358986379 0.880576897498888 0.843477034795829 0.838265821130418 0.773515754075372 0.767765851046772 0.528073388431994 -0.0668521840923565 0.939809150245037 1 0.891236859045186 0.878858527920712 0.747957292310224 0.677765205222799 0.808074644160036 0.809902626900854 0.812656705841675 0.882054226814144 0.864037570575961 0.863265157546939 0.807046173098637 0.467939741249441 0.752052364132654 0.682878130276318 0.776155736560144 0.762669534137624 0.40723407083348 0.216821911920532 0.762637899083325 0.717640978472645 0.807022261033484 0.794687947638031 0.796007243241245 0.743587036307834 0.701866974392589 0.704674186890895 0.726900209934099 0.667976160325741 0.682899969592424 0.594468300039264 0.839521448664619 0.86186885647596 0.821893196186806 0.829268699185186 0.806835238457259 0.686669891376591 0.855203750602149 0.763771055108001 0.822804720354221 0.865251019590831 0.895369490591189 0.800244289217705 0.826703303389307 0.780519149480618 0.814146701264845 0.754313321581998 0.506419987880726 0.40856484610477 -0.155826992731876 0.052112262702743 0.410498906135935 0.0470284422549126 0.679270182036451 0.584682611698203 0.836027303231671 0.800463648773604 0.884523460474179 0.862548802932783 0.837372698459758 0.851466538419072 0.924310201911093 0.897726337973359 0.687471127701843 0.768250178467774 0.798705656631067 0.758213181962211
