1 0.805444564502952 0.774699986798631 0.701345228855863 0.363312277074264 0.612129609923952 0.745014999856298 0.537948636771485 0.29941011610022 0.197669717837628 0.771950318058505 0.565978824744282 0.768296890314222 0.610286230519965 0.569445895523061 0.589960093335889 0.812172051505415 0.664332619671811 0.823054141308377 0.807720258287687 0.335631585202245 0.428062654209531 0.736137146384234 0.719554200782857 0.669394513509743 0.674831780371113 0.0321108252252985 0.408712088161459 0.640079560928068 0.637793707545624 0.708401289212062 0.579310521224267 0.758693454795645 0.596374973762927 0.517764355986913 0.379291122761486 0.552513544150544 0.383405046418316 0.474198298450367 0.46215376574655 0.551388137812262 0.373447293527018 0.59814672260899 0.696965388889227 0.570443814246748 0.650762893544597 0.647936465886425 0.586533021275829 0.605638221978194 0.55133959437983 0.457519075837051 0.449973527360572 0.330981266757079 0.23562508015463 0.506512585237547 0.481347039547195 0.872346164196418 0.746719339094415 0.77203557621784 0.777399652312489 0.786772427005723 0.55131058600822 0.651339697285618 0.689978096977669 0.490668232339927 0.450757646155709 0.653928920375794 0.626725713275045 0.752132619028452 0.643788192484656 0.168431221365576 0.270580665134755 0.432746760708049 0.432135961850035 0.370713368023028 0.347936882942948 0.403929551853422 0.364556996445092 0.536850067425484 0.609829599360098 0.627094483954533 0.614543065607022 0.625839300282138 0.482032555162463 0.573344041951193 0.570501549198791 0.39625594049956 0.474707494092889 0.526486608935803 0.459996462410486
0.805444564502952 1 0.691737506687997 0.756732343995992 0.453183923132216 0.599723140716737 0.681063728298366 0.610467331114466 0.410599729160447 0.377308225936286 0.580527508304004 0.558871106210157 0.647590187366294 0.603661068017155 0.565377459033498 0.670061461205503 0.838976524574614 0.842782956057163 0.831458062936345 0.866507235556799 0.299632947737714 0.35932397234668 0.70901949866056 0.666792000983105 0.597194283401218 0.647865998702466 0.151998546461747 0.347866481715611 0.736748009407459 0.763918551338271 0.717859358308175 0.677483101857224 0.782348042627844 0.723314525440676 0.445508141135427 0.365401050056279 0.649248896517867 0.467701278460928 0.60231281532941 0.556220565753911 0.575375648497335 0.342828696799168 0.702814272379077 0.748728413888038 0.64372787317766 0.673949056014701 0.703950471531889 0.655230245179317 0.619245045154894 0.504245630335379 0.530206330764712 0.48274320395595 0.404097227181949 0.366148728564763 0.601616684572987 0.598178361141409 0.875380410770516 0.921168962316388 0.689558331658895 0.791288352032887 0.637542929854613 0.532858342004765 0.653073274820735 0.747000847986472 0.362892643897834 0.446487000698087 0.706777905183911 0.698262032144002 0.812279875008663 0.735143803434624 0.205072977340823 0.249040151754376 0.331130247208291 0.409368234480904 0.271090225465032 0.308116535864813 0.522972901240779 0.561044985104249 0.687421816496164 0.765444313940914 0.723343848827814 0.748248837405346 0.668071129764882 0.610180620395958 0.503046740039924 0.609013718591636 0.489944640969344 0.502724415895835 0.582901329140377 0.528724247990784
0.774699986798631 0.691737506687997 1 0.871526710220399 0.484546728211951 0.563701177101274 0.931185308274341 0.663533108401988 0.536675214025334 0.380226628733203 0.604679254855099 0.445620960583476 0.802918538505686 0.635822467840307 0.706414469836478 0.699994154405307 0.703883917050267 0.582459354154796 0.8264787510766 0.709953765378074 0.331978048042853 0.399961096119671 0.907137609275672 0.844402009907145 0.745471333227017 0.733831716756555 0.09116862726174 0.373685494217854 0.624743830520597 0.617845580661047 0.746240948308568 0.706290632551516 0.79750853009492 0.644727590913724 0.698215535746135 0.583354187450443 0.653955430037127 0.559938517598767 0.601114597499644 0.577370776244379 0.685639850172321 0.4203438525361 0.70353356015365 0.708741738543179 0.650833427321682 0.69947182668064 0.70627392013703 0.681767841227627 0.685322676797699 0.652934261180236 0.570219938732905 0.540944576380763 0.422052632404506 0.383411567231723 0.603385933156848 0.616418409601871 0.750461486420195 0.672079436228668 0.753744319179524 0.741749505010495 0.711014251937749 0.501860534458894 0.645377594562991 0.609574985572135 0.743672805836783 0.618465565789687 0.818919264943855 0.749075925669921 0.746695359396664 0.71044113328892 0.376579778962624 0.472466272187014 0.489864167357286 0.533811051805794 0.325384629274527 0.382180672938788 0.513010182596467 0.507586732416534 0.589757689310868 0.638145118973428 0.6543257026482 0.666684538738075 0.657826786761497 0.559631382152002 0.746088498917341 0.766709764429915 0.540827989277615 0.628229344007145 0.68592715470013 0.630834116254479
0.701345228855863 0.756732343995992 0.871526710220399 1 0.619577954162905 0.685317464010345 0.881487416369589 0.863032934127054 0.589990162664414 0.575845044058395 0.518144350404814 0.510946974402168 0.709720855850314 0.688746537187255 0.643422136187087 0.753956851223028 0.692090585620682 0.656074517023924 0.791306985107872 0.735298653858987 0.237270169929123 0.342541221690788 0.853265720897346 0.819775960786906 0.57306652065812 0.626384168733822 0.0899927281072544 0.295401407258483 0.632945794422757 0.681027773209411 0.716881702944638 0.790965014962897 0.810195849565244 0.766670454374409 0.656139283741301 0.574438842759417 0.682718802083533 0.537410103946943 0.608257060242886 0.546694615362577 0.633532416500179 0.366071264498653 0.747683206375531 0.710367820814744 0.723723444774731 0.709179612790823 0.718416104871893 0.700850045080868 0.709955245282072 0.647170696496439 0.607407140765891 0.564341880559263 0.498034298745526 0.438181763890994 0.62981942301842 0.653504134063467 0.71717521347083 0.696883568742413 0.697673231839302 0.735015493329255 0.677408779240516 0.637084159702121 0.671589155723976 0.702014305799624 0.629440286292833 0.691087509378147 0.821625757520738 0.797126374481648 0.713236635152549 0.736583518473711 0.416854429989666 0.48397622178008 0.457506071229861 0.505016111640726 0.305150604162554 0.322808495843274 0.624402139547916 0.62509409983463 0.64088666354195 0.676254577728519 0.67615954876085 0.695435455521333 0.617343335059662 0.596619192653915 0.6577855119705 0.791975596704215 0.562930156298844 0.587484304296184 0.698018841675964 0.714288007522213
0.363312277074264 0.453183923132216 0.484546728211951 0.619577954162905 1 0.48477611121511 0.53217212195982 0.576253353740994 0.62305675596045 0.48944227026526 0.271839546732177 0.335523876669127 0.439295930184951 0.502920524097857 0.538372229105272 0.590513822335712 0.439520274233598 0.434517814349197 0.494646759368822 0.43054809776521 0.111986233683976 0.300331492540249 0.59620472086745 0.495469633608782 0.372083433165219 0.440286778517662 0.269015736132246 0.0746249383993077 0.483477027387264 0.478635545760397 0.539023014523283 0.584872829057881 0.543406791760273 0.541399686764731 0.389586234892253 0.464470264473831 0.46144297762563 0.405222685107728 0.442361186306968 0.396465481910573 0.515949653804788 0.179753390920738 0.442131503606175 0.40581990648745 0.48395899016513 0.402769401539807 0.421810196149102 0.417596365741178 0.426696032541407 0.315683071032738 0.355709121015734 0.29846734141633 0.284806175719368 0.215264371990116 0.393956355584499 0.372346659466158 0.415163496191411 0.394166144595589 0.369900342674235 0.405102765954845 0.369937930798315 0.362264650982876 0.493474554493481 0.404770987876963 0.36162812287659 0.359071230034644 0.527239902189388 0.533156343617169 0.442211447983166 0.48439992909847 0.434036834930259 0.400767579463999 0.307514718324466 0.33622881289108 0.28192953492811 0.256748487186593 0.440650767643182 0.538369887521031 0.48497624415029 0.45546789175618 0.508131933734283 0.507876131609738 0.431758844070728 0.456639333012989 0.437310377796335 0.534062685762517 0.479858993246943 0.412170173985512 0.512407613897269 0.487069385231203
0.612129609923952 0.599723140716737 0.563701177101274 0.685317464010345 0.48477611121511 1 0.586475081791784 0.626043076242477 0.386666012627646 0.438338059384746 0.486846636174308 0.410264080195337 0.579822221054492 0.573209919722442 0.524996811257047 0.690122748335355 0.568497619625794 0.581270268178502 0.641359472974834 0.609888534641597 0.116414108393568 0.305883228590879 0.604021862364141 0.633043706304742 0.418881151784291 0.512164716612249 0.0180981001601269 0.357259294626903 0.532082871931435 0.58862234384193 0.593576843233514 0.629832862999889 0.601691364102426 0.567872390990037 0.458983257572459 0.42342147219468 0.472607537836995 0.341448691236709 0.419361522412105 0.385099924910199 0.412618124132559 0.234184382264251 0.555771609752359 0.594020155124316 0.572070983021436 0.579784031237887 0.532028520181197 0.530834004756868 0.523001039108129 0.481546779962217 0.359341189519563 0.357016738566649 0.282472607040809 0.230580758552625 0.365330794243256 0.40548290486441 0.599155609849842 0.542353511699411 0.502830084710059 0.500653702738344 0.518765327033178 0.515703052373319 0.533040473407647 0.561007611742395 0.426736039671049 0.492347766873974 0.576129289337895 0.554482837744892 0.541241440655996 0.526250903700604 0.248507821970267 0.230018886757239 0.234551274015643 0.379284173859628 0.28397151466743 0.345080109706798 0.440754686955579 0.447274897733112 0.533447746348776 0.602469621866723 0.56166504116936 0.570886681860977 0.493190360412392 0.458291384820298 0.474303346410466 0.550000629430963 0.488212786218445 0.431270241048059 0.463354714944966 0.440056226036903
0.745014999856298 0.681063728298366 0.931185308274341 0.881487416369589 0.53217212195982 0.586475081791784 1 0.802082100927123 0.564190922957846 0.474914214434895 0.595078284577633 0.463164982370817 0.851661855289057 0.656067386758636 0.687128216757693 0.6911895944896 0.666615541142058 0.580591429957781 0.828601723719397 0.69775535305027 0.289533640237236 0.357697607287545 0.862628253079687 0.769237839162146 0.616977810591579 0.608191724749537 0.0561664697984411 0.251041650346185 0.628305341867029 0.627887088496623 0.724513179623977 0.695540450645811 0.81297808844069 0.692858554243639 0.626832931534664 0.53986465960409 0.602047112328941 0.518720624532484 0.551659252085474 0.506832831815094 0.614219715317487 0.412841421585958 0.690180492565133 0.666863747452077 0.6688718233471 0.672261252370301 0.660415597040951 0.649623581226414 0.68359630735465 0.632979588376568 0.581575933144978 0.544178449692822 0.448370405349062 0.396797523826655 0.595456496710929 0.609487981408521 0.713205554907705 0.635062305546047 0.719866844519734 0.707668877048601 0.778507418491609 0.614645811974456 0.723206591548717 0.60879684546254 0.753258140243392 0.695982112474388 0.825039127516285 0.755665393949764 0.717395435909854 0.708525903856532 0.418541741215918 0.535726922822604 0.487768076439874 0.549249061569254 0.273451098338234 0.409676531660193 0.555350764462126 0.552095537428444 0.591345528018584 0.606866203670886 0.66129124560831 0.636281720442611 0.633665930636715 0.563128444147289 0.756985841172069 0.754847827892518 0.51301663742613 0.593630503723427 0.720590237062398 0.651340605085113
0.537948636771485 0.610467331114466 0.663533108401988 0.863032934127054 0.576253353740994 0.626043076242477 0.802082100927123 1 0.545233091939302 0.670559477679277 0.418131987813775 0.486719880200483 0.618854408590487 0.605800221962242 0.463931022598834 0.583512323432304 0.536038935726146 0.555629253349446 0.641885034462916 0.597132737575648 0.130798952464573 0.19843096446345 0.641924959640213 0.595824471627744 0.325294170778216 0.353962239217244 -0.00663735278782963 0.0922872629988309 0.530608938594039 0.606807397740169 0.565355938959171 0.662131103873871 0.705836743833233 0.734198481001142 0.494008969576334 0.461058856645542 0.542604476104745 0.39962652055195 0.470053668945505 0.337288104543482 0.447150642643904 0.240204637424814 0.627210320952461 0.546850453871991 0.645700830424447 0.564290113740274 0.551613128087763 0.552806013350398 0.625141939812841 0.565506263607408 0.549796819599697 0.52020919056485 0.516735847423423 0.429843531437289 0.538765486189566 0.5665170530216 0.541768637529961 0.514882320389501 0.550695793417874 0.576585957727941 0.670183851877537 0.76297092802859 0.603235853254859 0.631931405213998 0.533296380315859 0.729640832303139 0.687023925149767 0.674637194997193 0.551147921225298 0.632661058624181 0.415734606265601 0.483714056364072 0.359467315424036 0.432397962945174 0.221371929096708 0.265089720430672 0.639289320199145 0.610373331524366 0.548316773783314 0.560627683420911 0.577298883517313 0.544648769019086 0.467953216157117 0.52566983412084 0.497338415329964 0.629843666926803 0.405226847386108 0.414028254429048 0.627558147500589 0.673151236450797
0.29941011610022 0.410599729160447 0.536675214025334 0.589990162664414 0.62305675596045 0.386666012627646 0.564190922957846 0.545233091939302 1 0.730148691966979 0.283436996835452 0.257838185407461 0.505513371669627 0.527932819418832 0.74753887244546 0.680783214188478 0.404774957965148 0.448168743781246 0.515068332640482 0.421704936391883 0.137672633742329 0.20624965014507 0.589193720795777 0.499702355961663 0.476523526678468 0.480973419767693 0.403619913477728 0.0740049560750082 0.485367356931889 0.484994525542566 0.47413677411127 0.563819304898529 0.483559477180088 0.451533559856177 0.390518250717421 0.481264039517274 0.445227655167391 0.44771066045136 0.566962377016206 0.507456946059854 0.542837675028477 0.116957886357379 0.426606507358742 0.373385965814027 0.384678218869549 0.350102884691153 0.411791870995684 0.402736667342209 0.327314555435187 0.292477367127335 0.310261772465118 0.291166779575 0.22661558613443 0.240700880338598 0.376815251988515 0.40864741832803 0.386918179805304 0.393292442302451 0.372310186165519 0.401399738481811 0.381391852048082 0.332700314962217 0.48790808797595 0.323767138765016 0.519345343397795 0.436956243473232 0.52721681648887 0.484465393332341 0.442674941635768 0.434597941710879 0.323491525922072 0.408445517004437 0.256095609571895 0.345770027752466 0.043485834864024 0.305133825138316 0.32070295596473 0.482554899913537 0.475109774750107 0.470500369628985 0.521589224073878 0.521421528045158 0.565946819599926 0.602227736713418 0.504466458957522 0.500290001693054 0.610540003415591 0.600042564605473 0.619708255893707 0.444948267491698
0.197669717837628 0.377308225936286 0.380226628733203 0.575845044058395 0.48944227026526 0.438338059384746 0.474914214434895 0.670559477679277 0.730148691966979 1 0.163661308268493 0.21011151795801 0.401986485588414 0.429851096199086 0.503809160402594 0.596723132085323 0.327115667753124 0.480793144384114 0.420704121884825 0.356389404929594 0.0678793188386731 0.0641162631239338 0.408623696194814 0.360050740636167 0.214721647901343 0.260362070792104 0.324531654208033 0.0359924319236822 0.369781008837662 0.473831283575587 0.352438515613049 0.506936288114636 0.425754919912893 0.489034226619051 0.296059202588423 0.406045069741671 0.461893372380503 0.383805770651468 0.515167028020674 0.408851072146912 0.28677418713365 0.124655951278908 0.494834888997474 0.316967561349699 0.468859653147854 0.346105217657756 0.353185307809123 0.373602042255887 0.391105205129013 0.351023365231802 0.37895293671515 0.344314622125315 0.375267930246453 0.400438154344433 0.401499124685747 0.454633595060891 0.315895965495359 0.355979174777932 0.295017009357025 0.320030355761282 0.355889645086619 0.490042786323205 0.409526762832377 0.398021726900824 0.444263181979387 0.580617005489521 0.504425009678729 0.454317670032825 0.391053348827474 0.447766264765444 0.391107568848756 0.412493151136681 0.190321461875495 0.28196747101865 0.0514262346982385 0.154137039228665 0.481142834386887 0.584854533462052 0.497981302879248 0.473691883489508 0.442535948482326 0.448080969694189 0.386859539572521 0.504266835539961 0.423130622847964 0.494072358692522 0.507839800690175 0.447133802619121 0.614357478939926 0.593182981603861
0.771950318058505 0.580527508304004 0.604679254855099 0.518144350404814 0.271839546732177 0.486846636174308 0.595078284577633 0.418131987813775 0.283436996835452 0.163661308268493 1 0.660794254006086 0.790029050566452 0.630687634588383 0.571263941270682 0.489267090997847 0.515151465325697 0.383738981573707 0.640175529520449 0.633902572183737 0.120656646738309 0.208908782224807 0.586810667020297 0.626604498469105 0.56866251022587 0.503010928554387 -0.0510373349882542 0.324762161295036 0.405247755134986 0.382282472546273 0.445500429027629 0.351506936697115 0.442065631479099 0.298207175303056 0.33812749929877 0.231115381524265 0.295830380634877 0.26116257280268 0.242453802526255 0.337851070851564 0.364408997216989 0.172204022881798 0.287303721698297 0.417561322678563 0.259771765696089 0.370288838467121 0.386672328241083 0.30475506559048 0.295151651208778 0.360704010459095 0.220541051231217 0.257767008204926 0.175286154414688 0.0763406006630298 0.283082358389233 0.281533946725718 0.569772520018956 0.43424275054261 0.520033539199358 0.529351043183584 0.710692498468058 0.501779014751443 0.614710968828859 0.481267969146868 0.43277011811944 0.33322677853181 0.342663979569935 0.345302955715544 0.415135003581127 0.333039630401293 -0.0233768502373434 0.176416923185668 0.314946025416691 0.293379881913302 0.126656513262492 0.377544887558064 0.101887388519249 0.048483354878749 0.197299233186143 0.315425821463117 0.411889671738203 0.410925788608705 0.496878830129842 0.323989452093768 0.52989723898208 0.410865683371365 0.351967932915209 0.470453634147999 0.425373489736174 0.307373227250504
0.565978824744282 0.558871106210157 0.445620960583476 0.510946974402168 0.335523876669127 0.410264080195337 0.463164982370817 0.486719880200483 0.257838185407461 0.21011151795801 0.660794254006086 1 0.583911072688784 0.817793598999137 0.433087917556202 0.54486231279278 0.446100260233677 0.409815939480622 0.525017050725323 0.650470001973058 0.133195767840946 0.204613971774783 0.531122610766288 0.55340039222337 0.386555204675992 0.407276287423808 -0.0416042922689536 0.247462477696362 0.507421973461104 0.542128336088691 0.450854594192826 0.441171275121664 0.434354563207343 0.42373682162441 0.25464428020528 0.167373129422718 0.326892813187954 0.256592712031854 0.366246468427881 0.310582660208342 0.365898250727802 0.139263489311816 0.318892046059001 0.398142872599359 0.315274327467389 0.383894820595878 0.385001083779582 0.351012731822366 0.311781300900419 0.333417149623382 0.343241876132997 0.345288485506456 0.25226793642776 0.261030794755114 0.412563103740014 0.405011979425963 0.449985276604855 0.351955835818007 0.393580649030201 0.41238904175365 0.460641634069005 0.387894680532135 0.543260275368441 0.562040246593686 0.153638826254245 0.289850961765061 0.338139219756745 0.415943173934275 0.359183150227361 0.369244889939018 0.0254826406113149 0.157134004742543 0.100557503662547 0.208346298456508 0.0814781574089568 0.22796504928765 0.21352772477322 0.241270811419338 0.255461653314455 0.362169558829899 0.463245216435885 0.480342105380742 0.462424793676132 0.357918636134955 0.391528353209686 0.529443588111747 0.342538450167898 0.408520400902817 0.328931938006247 0.33752310032783
0.768296890314222 0.647590187366294 0.802918538505686 0.709720855850314 0.439295930184951 0.579822221054492 0.851661855289057 0.618854408590487 0.505513371669627 0.401986485588414 0.790029050566452 0.583911072688784 1 0.776382331444301 0.805012158767838 0.739315748118677 0.63220658714779 0.546004235947445 0.812834882084522 0.714490480727807 0.243210762672685 0.35011336031492 0.812697820446421 0.757681434285624 0.670173232970815 0.631008067596369 0.0671595937640209 0.349727800496063 0.580633369368346 0.585614645682283 0.675490685482922 0.59231435141447 0.677106373418495 0.528683193129125 0.537876273885156 0.471626542448738 0.480439014501744 0.396917251783224 0.458707097900537 0.469331791878208 0.475442404262907 0.298061488489615 0.55294709376607 0.577727273961326 0.515206628542884 0.56693499776954 0.561069937101377 0.508827887816946 0.493627496427479 0.515348029892121 0.391912808995256 0.394379633346119 0.284542230995777 0.248533296868044 0.441124216959687 0.438298253547624 0.693525590745329 0.575425066080437 0.604782509324572 0.615171751119265 0.748574001830056 0.55533383921249 0.780560243702242 0.549999349114172 0.720443653969952 0.549429395753053 0.62886593930196 0.56698944870516 0.614772220829995 0.577644843419641 0.218020993015043 0.400504417230129 0.394830817653683 0.460732405144996 0.233224833648272 0.4265306222351 0.375117817440525 0.380506607219556 0.499168525596369 0.547525834198912 0.64477175615772 0.61725151724584 0.687749388180776 0.545776290654433 0.833953844890956 0.670130747513292 0.60097129467118 0.673511383136124 0.65653444240207 0.49945964166256
0.610286230519965 0.603661068017155 0.635822467840307 0.688746537187255 0.502920524097857 0.573209919722442 0.656067386758636 0.605800221962242 0.527932819418832 0.429851096199086 0.630687634588383 0.817793598999137 0.776382331444301 1 0.713271296920267 0.83433038520176 0.559813264946815 0.519454673655485 0.673642736617319 0.723726290545676 0.197395158657608 0.277979862964791 0.746208884098155 0.745429959523427 0.546839122293744 0.607651620402944 0.0783569457763967 0.344902093954593 0.581055092697541 0.64594747310464 0.60938809520176 0.633993213792161 0.592197637438156 0.561504810606473 0.46056833303337 0.425458122103864 0.456197841947848 0.39515065868127 0.555388632381873 0.490542042170919 0.467875345159089 0.224885011653188 0.522136677933579 0.559916702704931 0.500072734629458 0.552903347362236 0.555146135453556 0.522838737932311 0.441931919194932 0.458032849933781 0.399940547046812 0.390459286930193 0.270116867660318 0.272405886792403 0.48389366152025 0.484203179365303 0.570032280139586 0.467180962714555 0.493670316808374 0.495178111879385 0.528851758750029 0.417384404290058 0.665603138908331 0.560790325579595 0.453349311502423 0.490707373168071 0.553879489746326 0.576220789106895 0.505473600125603 0.527501348366216 0.144412935629759 0.287418877104685 0.153611466730277 0.276476679702336 0.17984237018165 0.283820504637132 0.363008898362115 0.426980951980038 0.474392533116726 0.544918508622677 0.636200793267791 0.672150316704661 0.660882708516463 0.575258642842012 0.657329257499736 0.721527514605772 0.599880856641838 0.622711812724408 0.55202175120407 0.458702640721856
0.569445895523061 0.565377459033498 0.706414469836478 0.643422136187087 0.538372229105272 0.524996811257047 0.687128216757693 0.463931022598834 0.74753887244546 0.503809160402594 0.571263941270682 0.433087917556202 0.805012158767838 0.713271296920267 1 0.83049110993277 0.547512548595935 0.52473949227023 0.712715001737217 0.594515632248594 0.213030995863682 0.291266771832955 0.793212713655889 0.716428242970585 0.701980906115308 0.683348618834804 0.348643162150292 0.326403737709649 0.557114367455451 0.554509471387078 0.608908678083562 0.590308471350028 0.563074884160113 0.448298958303392 0.510802939531323 0.514483380350777 0.450603959908436 0.439289600188616 0.57088861750342 0.603801114165516 0.546809110682478 0.178432833377808 0.504749755881624 0.518387196883149 0.440813855918279 0.471187758020629 0.525319910862512 0.476305758730917 0.381791050753686 0.379496010345987 0.302476950301227 0.306821405776643 0.165439252930738 0.193160769694397 0.372006065065861 0.380251939939452 0.621602025768022 0.544739083940232 0.500606333969511 0.531153567550421 0.509864896151091 0.359468229297267 0.714564814920043 0.450261687623476 0.657906114454968 0.399416090000984 0.59181664402675 0.539754004077937 0.56197027780469 0.516216930586817 0.219496517130518 0.354496807524219 0.370264248937543 0.412308519827732 0.138985628492114 0.390668751189464 0.30123313076846 0.405895008514512 0.521228771692052 0.542439839053507 0.650732605550617 0.653678746247918 0.729958169055241 0.631019019633136 0.791907741356097 0.643960090443177 0.750523581968058 0.798508857047401 0.652440669349584 0.434230049761315
0.589960093335889 0.670061461205503 0.699994154405307 0.753956851223028 0.590513822335712 0.690122748335355 0.6911895944896 0.583512323432304 0.680783214188478 0.596723132085323 0.489267090997847 0.54486231279278 0.739315748118677 0.83433038520176 0.83049110993277 1 0.654392046419163 0.659313337208494 0.743238188704112 0.723651637452 0.222507587159499 0.379178928562852 0.837225351418309 0.807532856392491 0.639326717621773 0.76125216766487 0.270699458478337 0.426587852563679 0.659740757566128 0.718887227278764 0.714662183459278 0.765281732722903 0.693776597478315 0.629548487515324 0.568526333132874 0.555226330428282 0.580469134455079 0.515451012316608 0.654061271190431 0.605150624542846 0.563245758191849 0.340526699462916 0.659306579472767 0.676401581863337 0.619456788330179 0.656057575755724 0.65751319810832 0.652505775391805 0.520980428089291 0.494134069992786 0.408370565726009 0.390675343225679 0.251087331952645 0.304065827585883 0.505073670006898 0.53141728132899 0.678467720429643 0.631739501060929 0.544251632389985 0.555132675580774 0.48221261927586 0.349116415470244 0.646965123198384 0.54699504401879 0.55265605450351 0.480548264440194 0.693073418261534 0.666925975952556 0.652961977977508 0.633090397678512 0.314047537386476 0.368684293467984 0.260977347644814 0.414042837698977 0.200435666334413 0.35480466192013 0.458011054427579 0.546905522881775 0.656122313067219 0.708469376212704 0.725716030171618 0.786327621495916 0.715988914947459 0.680459134571277 0.709971649716679 0.756167073779763 0.75430113370964 0.713204092729826 0.652243549697676 0.521371219058859
0.812172051505415 0.838976524574614 0.703883917050267 0.692090585620682 0.439520274233598 0.568497619625794 0.666615541142058 0.536038935726146 0.404774957965148 0.327115667753124 0.515151465325697 0.446100260233677 0.63220658714779 0.559813264946815 0.547512548595935 0.654392046419163 1 0.909221921329136 0.842709241399185 0.844568855892152 0.334030387469938 0.41578690594653 0.712817536239971 0.652958891432603 0.659682988007069 0.72803827999019 0.114990640379113 0.396267570617527 0.853393777537787 0.860179896076937 0.836055717851073 0.742088572071818 0.872291671060003 0.799458456337506 0.508448842167975 0.461712864656144 0.659840602303782 0.490213417936465 0.621687304260279 0.553117261136881 0.601491094641921 0.430486465174477 0.703762208230675 0.746090056352912 0.672988778286722 0.694634591562756 0.712893299974266 0.675958249987635 0.618188537497922 0.497321833652606 0.470063872117821 0.444624796620405 0.341633312922349 0.27450601985517 0.542080248607853 0.53289743237042 0.899604953622112 0.849002649530162 0.703067012079067 0.771316820556571 0.602044574354422 0.444319429259884 0.689065145002977 0.781593842978442 0.415041773340261 0.435623628624763 0.736275317675831 0.705645447689365 0.872696725311488 0.770180792205916 0.333602424824198 0.272632052471398 0.435249363526697 0.523723468198976 0.32078414813798 0.351809421927694 0.536976638908733 0.602559674419639 0.818379673002017 0.855766351759519 0.839485650568843 0.804677325147831 0.706071130818606 0.667495027606182 0.546224942151219 0.616069027539283 0.526779288953334 0.482865664751707 0.602377023644079 0.544133951752976
0.664332619671811 0.842782956057163 0.582459354154796 0.656074517023924 0.434517814349197 0.581270268178502 0.580591429957781 0.555629253349446 0.448168743781246 0.480793144384114 0.383738981573707 0.409815939480622 0.546004235947445 0.519454673655485 0.52473949227023 0.659313337208494 0.909221921329136 1 0.791299931683101 0.792039709191414 0.320223195024631 0.345187605685555 0.615959162683248 0.544150678940301 0.533948861990011 0.637399419840326 0.181793010312591 0.343417488150109 0.830856966650216 0.903961392208704 0.770835746548055 0.747841108992208 0.798874359347382 0.802600320003467 0.371642199396207 0.436530229218309 0.686490198864503 0.519638656068416 0.65575424782387 0.567411815799016 0.560423772745499 0.372304986917466 0.704545200745593 0.66881177319942 0.668890142462518 0.631844163119534 0.647770864681003 0.626547446996852 0.597770524240419 0.458837782218956 0.467224138820139 0.443895657651861 0.373802693459944 0.340697552951548 0.540058661544526 0.545684131302576 0.813069242298339 0.851731366392581 0.592573028508873 0.707678497139696 0.470691959488169 0.445899942931031 0.661094526235636 0.801410760875464 0.31412842074744 0.42590693678126 0.689704430616697 0.658346867439129 0.822357000826572 0.735832769954266 0.390668340819276 0.304452975958983 0.390270976561464 0.49628955167157 0.257556517899653 0.324423003889967 0.579775590435594 0.693912044132179 0.841753176368906 0.888976922659375 0.819618528470524 0.797873557036596 0.659027412588059 0.702554658640895 0.494380978700087 0.592016210766687 0.566790162912162 0.486213772262125 0.611077453847642 0.587166291943018
0.823054141308377 0.831458062936345 0.8264787510766 0.791306985107872 0.494646759368822 0.641359472974834 0.828601723719397 0.641885034462916 0.515068332640482 0.420704121884825 0.640175529520449 0.525017050725323 0.812834882084522 0.673642736617319 0.712715001737217 0.743238188704112 0.842709241399185 0.791299931683101 1 0.880375985021737 0.33471156275727 0.389972820174848 0.832492386300123 0.729881677904877 0.66251810549263 0.711356373333991 0.0846008322936782 0.377070934777202 0.805390410179492 0.810815565496286 0.840628563313225 0.762344238612089 0.86485727788721 0.75053873496194 0.510359351000948 0.49140891594824 0.697278148431471 0.539674397521971 0.62965921249856 0.591722671293234 0.636239792512737 0.362765816509931 0.722756231828663 0.73663178459545 0.686045903085322 0.69938824867131 0.72388466185004 0.674611709700328 0.636944462926945 0.548587191063999 0.502484372812165 0.486701925783141 0.405071302703193 0.350269950201226 0.544594376726064 0.579704452914384 0.862647723155998 0.788843271012725 0.715105862768442 0.75357304405739 0.659170737932217 0.527860735375114 0.796304480638441 0.716055053291415 0.557298570764308 0.517235271502068 0.774030452005459 0.716761544812714 0.863263377148544 0.805598333527019 0.349350538784179 0.373164506370072 0.442937296832355 0.522978155008706 0.350868004931392 0.396186894152008 0.538863981819051 0.611191747534729 0.712486559045153 0.786563449844515 0.786757487669718 0.776404710061389 0.723038975902093 0.666885117809902 0.692532056724832 0.701455180086903 0.616884777564126 0.610580924578758 0.672519962033658 0.603772270159277
0.807720258287687 0.866507235556799 0.709953765378074 0.735298653858987 0.43054809776521 0.609888534641597 0.69775535305027 0.597132737575648 0.421704936391883 0.356389404929594 0.633902572183737 0.650470001973058 0.714490480727807 0.723726290545676 0.594515632248594 0.723651637452 0.844568855892152 0.792039709191414 0.880375985021737 1 0.274016878195152 0.388483191692056 0.758755635077935 0.733052349223791 0.623974296187423 0.706880445792701 0.0570342352242595 0.420820673331502 0.78946850927219 0.832955430561506 0.77820310687833 0.74235396730235 0.825269905750544 0.741668638281471 0.451442122877328 0.374448097316786 0.592991866409776 0.437026864316154 0.561261340159092 0.535428606503517 0.528818485578046 0.332040462775432 0.641835863486974 0.730978602922663 0.622923750966088 0.67348168980014 0.704932495358018 0.643535245160354 0.546967001709159 0.458570386091991 0.437250026915653 0.403727984503696 0.289983469417888 0.257879348963194 0.51221847597398 0.521871145017604 0.809430668255351 0.766795698185539 0.657300308526154 0.702670247895478 0.612032045232074 0.446591370730886 0.682523071068008 0.698630252965506 0.386092658547121 0.403779848503622 0.659285119359942 0.65065566624449 0.820490083936562 0.731498982426217 0.163163052444558 0.204052311779215 0.294397552436133 0.437981107274981 0.273179781386111 0.321603605150297 0.416165482605596 0.506967843035272 0.628712940467181 0.747339132873353 0.719246714071541 0.741510383079563 0.700797364814348 0.635039195287009 0.528654585333573 0.617699261479741 0.506936838952718 0.532228765817149 0.515927318932437 0.458790472666042
0.335631585202245 0.299632947737714 0.331978048042853 0.237270169929123 0.111986233683976 0.116414108393568 0.289533640237236 0.130798952464573 0.137672633742329 0.0678793188386731 0.120656646738309 0.133195767840946 0.243210762672685 0.197395158657608 0.213030995863682 0.222507587159499 0.334030387469938 0.320223195024631 0.33471156275727 0.274016878195152 1 0.345452881337688 0.276752505330557 0.162928458586278 0.338790077012958 0.345184974623395 0.240449555402993 0.109732143335763 0.255066499682199 0.295943318785565 0.298938725530843 0.230912682586315 0.288140670068556 0.237413583830015 0.167322633861807 0.299577096506969 0.422422621771687 0.447700120086636 0.317906746977545 0.29740781129682 0.318455812448183 0.195246605904183 0.338720174477284 0.305611596691908 0.306566297214516 0.29547764797664 0.266181583869359 0.248020254434622 0.364446031108031 0.252337853884834 0.28687325258459 0.227816163541295 0.271775483774875 0.269145103871015 0.334182784373753 0.290966208395434 0.334225187811274 0.281163124386436 0.32820732366062 0.306669017170667 0.245649883927824 0.112873941112192 0.243298196596123 0.298157946336056 0.178252647904459 0.180693462130816 0.352401018390913 0.299301364968363 0.388842859555633 0.367704403950796 0.298867924410049 0.29057336764135 0.373434818379079 0.263846101959633 0.223107457845035 0.059097791817198 0.231393280019429 0.271250818299873 0.343770932937777 0.325772453451669 0.362177567380138 0.370018538137981 0.299054019124519 0.310210509460261 0.288434756688108 0.342960748952234 0.272659858235366 0.206610193372172 0.333218113596635 0.309051616767704
0.428062654209531 0.35932397234668 0.399961096119671 0.342541221690788 0.300331492540249 0.305883228590879 0.357697607287545 0.19843096446345 0.20624965014507 0.0641162631239338 0.208908782224807 0.204613971774783 0.35011336031492 0.277979862964791 0.291266771832955 0.379178928562852 0.41578690594653 0.345187605685555 0.389972820174848 0.388483191692056 0.345452881337688 1 0.422174581630163 0.418409566301634 0.312745965468776 0.442694176853343 0.168689051407421 0.320207299362611 0.406162098688826 0.385541577635194 0.473907423335773 0.439505701984633 0.480358864173193 0.394880728115401 0.339626240548606 0.349748665012339 0.357144898045455 0.196032546686785 0.207542997464401 0.244087307015425 0.391564406099937 0.377263944266306 0.357050081352421 0.402790371194912 0.355587498630749 0.377848109651375 0.351519023621857 0.329968787776993 0.287743248052922 0.186716508652208 0.172922417070603 0.126686346023424 0.0927232750044513 0.100531381777948 0.258452776585211 0.221814212757716 0.362637402601138 0.314157716162199 0.302778031124765 0.287787039421754 0.234607855182878 0.0361750280427778 0.277086569122567 0.267520092953822 0.207180277645213 0.0771770975308122 0.35827241619592 0.338349371801296 0.404560226000937 0.321150224086438 0.256524294283495 0.233187904892798 0.366243125939614 0.384452367766661 0.392285720695042 0.325229949764448 0.285432481420423 0.306348252308432 0.40760077257653 0.385223799982854 0.379138469608617 0.360131891079975 0.387723373655303 0.249848342642709 0.331450213350947 0.330123653384407 0.303838503855285 0.200647096295849 0.256360166536033 0.195430080651943
0.736137146384234 0.70901949866056 0.907137609275672 0.853265720897346 0.59620472086745 0.604021862364141 0.862628253079687 0.641924959640213 0.589193720795777 0.408623696194814 0.586810667020297 0.531122610766288 0.812697820446421 0.746208884098155 0.793212713655889 0.837225351418309 0.712817536239971 0.615959162683248 0.832492386300123 0.758755635077935 0.276752505330557 0.422174581630163 1 0.904663589620482 0.752882767521672 0.79068013839516 0.148427107072585 0.428885088127531 0.664237358781001 0.683428894057847 0.812833084201003 0.801454785965566 0.811784627692527 0.677254347814217 0.71359211692887 0.606627102284211 0.636331045437638 0.534692724846374 0.632433086683177 0.569303729606946 0.68594707453645 0.388187249160801 0.697526070320448 0.712950630421905 0.66469478646017 0.696630513977094 0.722533830193481 0.675879453679942 0.621495402570826 0.575367040630733 0.457559231339768 0.43503860609891 0.310597447618898 0.288977507987832 0.545721596065132 0.54967479990336 0.746586754963176 0.671008150100317 0.667630518491903 0.678650850418266 0.629268490385759 0.436367624529785 0.707649983339811 0.617247823566321 0.659173026310647 0.502001243018191 0.779358240112613 0.729029143943722 0.734301037385134 0.706677388316371 0.371772532837679 0.474571965891533 0.422721378953944 0.522789688009354 0.274067336951969 0.40497922866676 0.507089748318118 0.540807954142473 0.612096565002766 0.653071117365695 0.707872698118439 0.732588401198888 0.697145772473889 0.607153495499138 0.765334868802694 0.797608710737052 0.650495876797711 0.698987550570965 0.678053137108748 0.592853439196739
0.719554200782857 0.666792000983105 0.844402009907145 0.819775960786906 0.495469633608782 0.633043706304742 0.769237839162146 0.595824471627744 0.499702355961663 0.360050740636167 0.626604498469105 0.55340039222337 0.757681434285624 0.745429959523427 0.716428242970585 0.807532856392491 0.652958891432603 0.544150678940301 0.729881677904877 0.733052349223791 0.162928458586278 0.418409566301634 0.904663589620482 1 0.714691969931504 0.791822139672372 0.0555403503108922 0.504994641484671 0.554987075427765 0.586410768703823 0.701265228401784 0.739243342285674 0.715789557426201 0.60109810884324 0.757424320588781 0.598819966967731 0.517468184769677 0.399117294885556 0.550140935863349 0.561564604505853 0.577827630583853 0.361525163829887 0.599788158888417 0.670517156314689 0.567478067639083 0.628019008624212 0.658420030034219 0.620886899345527 0.514998846486481 0.505613223198589 0.379083086661034 0.354654375604637 0.194790538416237 0.211729888048952 0.469300482497479 0.468985605756578 0.695614426172323 0.607140212247394 0.589018004144799 0.590591287972108 0.579864676741316 0.40636553659923 0.585199262299785 0.544447632450407 0.648677900902559 0.507338954759177 0.681607283644014 0.654192227039286 0.608009325216745 0.557644261527352 0.185528591177591 0.324452093359254 0.345087978967309 0.42281661051901 0.265627930379816 0.368312346199068 0.366924025216541 0.38405239071077 0.519737273782216 0.583802376562445 0.602028840020112 0.669511165575985 0.640480296014369 0.517080036597918 0.683334894257674 0.707978053537556 0.586405734722276 0.64535195618364 0.519103336583006 0.444551257727614
0.669394513509743 0.597194283401218 0.745471333227017 0.57306652065812 0.372083433165219 0.418881151784291 0.616977810591579 0.325294170778216 0.476523526678468 0.214721647901343 0.56866251022587 0.386555204675992 0.670173232970815 0.546839122293744 0.701980906115308 0.639326717621773 0.659682988007069 0.533948861990011 0.66251810549263 0.623974296187423 0.338790077012958 0.312745965468776 0.752882767521672 0.714691969931504 1 0.861926151175018 0.283273746410349 0.456777874266069 0.570683378079531 0.547987415763086 0.675086398052702 0.606145605008304 0.616908660334004 0.428086757218884 0.586667601665081 0.480965708381786 0.540742541472141 0.47975691306337 0.553530407947576 0.591624962116723 0.528559057333556 0.359733690957567 0.482084072317265 0.56103606016324 0.376605348410781 0.465854912330676 0.521082837696118 0.483753367486645 0.39047272183569 0.372102695226737 0.311829522108635 0.301000956654032 0.16592982917533 0.17673702397093 0.421650384257105 0.376892902038051 0.684960003067062 0.599971110752753 0.55126646774706 0.567324641585828 0.521225137601079 0.282373481650268 0.523393259235381 0.468301816873055 0.577700290345111 0.349490413323269 0.562094706289133 0.49655150619577 0.617324089453116 0.524804088657778 0.190090513036215 0.293067138920233 0.347176156909617 0.377003725694519 0.194555464141058 0.331747587148758 0.210571497285966 0.262399800371082 0.491189025357072 0.570795994052289 0.588668224616442 0.629535771659988 0.666731094630169 0.551016633135067 0.623921358721493 0.531110981495005 0.525784485436634 0.641723652636145 0.527733076759918 0.366642895196681
