1 0.939714564540163 0.759955508924413 0.759035457487465 0.596011432544985 0.528504347375545 0.786275981196055 0.656050789163075 0.600665501207014 0.376979382451258 0.787013874037885 0.719480893990607 0.809460855278058 0.728911229787669 0.655048244897795 0.528994083800431 0.879102127312524 0.858279584017571 0.917120093744059 0.873718411258268 0.274492740187872 0.12312245799702 0.700207362715419 0.668857650899066 0.545316016714153 0.683717871158552 0.574803952717869 0.306730771432439 0.789803729420673 0.812622979737247 0.668902525654447 0.568758105740708 0.793538495763346 0.70306476598493 0.463063892502408 0.310208337364621 0.714441001106183 0.560682648273039 0.727495764478201 0.527707042675047 0.681160268376041 0.553584549330717 0.724365926542278 0.747084097719697 0.746393348128222 0.743549364929754 0.704563499598237 0.741182113267163 0.70644331041097 0.711892079480711 0.747338632170809 0.742392006296426 0.613153360876206 0.613730635055216 0.798474238110226 0.804254805712937 0.928638124553914 0.909027221849662 0.879262804412622 0.777558066614121 0.864352749450602 0.62220105402052 0.889644185912243 0.678892927472033 0.680072892880733 0.54611242192162 0.75263562104598 0.714321705505661 0.857002680903453 0.853686334784611 0.726855859861263 0.688775121110156 0.687051278141197 0.729699976791112 0.279411686524892 0.516106154065547 0.455198198666417 0.51135673296342 0.81202497853586 0.784495898447185 0.932648798833606 0.872335830833605 0.842465818896666 0.796520845761147 0.820411833192521 0.761866167281888 0.704818368369482 0.665085849413103 0.823294338096019 0.71821320246253
0.939714564540163 1 0.69308537937273 0.777508329137501 0.550187919829301 0.537815896248805 0.711612864316269 0.673924006015582 0.558994583751826 0.377872376434322 0.706209927877993 0.721481476356459 0.716027558857366 0.737122449598543 0.591465926340545 0.511979337904635 0.895256288178306 0.900854161284616 0.898946866674612 0.884230308787336 0.276258148262219 0.1960874298747 0.6554338273954 0.681223524284614 0.563803214051893 0.703580667619318 0.562105403914687 0.267826423664595 0.758744841574432 0.832081115545904 0.668341762687886 0.611248052076319 0.816574027841147 0.740393208786598 0.52144336148715 0.375473943731183 0.758989863739002 0.598890440849199 0.727139074208566 0.529567217415876 0.724688547572969 0.568849292881758 0.77413379262928 0.797894543070959 0.802933875200061 0.815561756604261 0.770302927959887 0.807864436371791 0.772472160182947 0.791280147415982 0.801495972586195 0.808142841555739 0.677592644732967 0.684685822710611 0.827649665078837 0.852635887352785 0.953572911677934 0.955540101202107 0.85483964968065 0.829881141320224 0.804360102951961 0.638125019079814 0.874107578141544 0.741924224120617 0.619883616181918 0.543805583137695 0.766436193215487 0.752533454927495 0.888028115486521 0.876858896230371 0.72777501744721 0.718834157995076 0.694954518832171 0.768797475252676 0.251939845234493 0.475339371651201 0.461495591999894 0.565853960960564 0.84997171102998 0.839981614412988 0.937453038534473 0.901703634375613 0.830734333764358 0.786967821201868 0.760635491487689 0.774223075465993 0.69778676215269 0.648954622341377 0.794189507833081 0.753075092731006
0.759955508924413 0.69308537937273 1 0.858220151977383 0.769162645137774 0.456839579304534 0.919784229220492 0.71070599113174 0.712317773584572 0.400549899428261 0.701656811254457 0.572953663126239 0.813072218541906 0.646913202039819 0.820710189867538 0.691885138632471 0.634264388658391 0.600592089285664 0.69783050272202 0.637357780303963 0.406044898960744 0.0973004424801812 0.94697159275673 0.845032270802632 0.641608926509896 0.69762185022035 0.688356695942309 0.298645792707089 0.618452253658933 0.617375366101446 0.726435544622415 0.627900803276356 0.71900982742562 0.632882004343051 0.577092512594534 0.362737145312473 0.697628404888811 0.521301539003417 0.727645115576002 0.473005842989109 0.546674153923003 0.439175354819002 0.648244714231474 0.612701974735832 0.660691454613682 0.618854529760974 0.627359254457898 0.629840593930958 0.604432064676502 0.608357173023059 0.660759878177087 0.700078251088023 0.545508215215281 0.537307358437519 0.663262184225597 0.68343439263679 0.660141236824546 0.630531078322493 0.757699284820044 0.597401624299307 0.821368577173003 0.670183448546191 0.715626244868893 0.498931478838573 0.90708098415459 0.798037855907591 0.809550124590135 0.712716403104576 0.656335945499436 0.631325034602602 0.668734625734856 0.651680595882931 0.589976441756476 0.608524070554045 0.283701431393343 0.359775695182639 0.436535325861623 0.440307217530479 0.648530119254568 0.608309790350616 0.715146702149887 0.730113243536796 0.751691939351714 0.680128500763836 0.872732254936146 0.824762302557645 0.690616985738843 0.762882771145242 0.824347813554423 0.739009681858409
0.759035457487465 0.777508329137501 0.858220151977383 1 0.679032703751248 0.596378201214937 0.866239270224957 0.90014273702345 0.708045066935997 0.558662625300276 0.650566469076911 0.774770090733348 0.703086907117878 0.790011090457438 0.672689358933152 0.758322220107339 0.712037547100318 0.697412579164295 0.800290494805999 0.770033597864035 0.393139528185249 0.223613914941676 0.864404016720856 0.92559932309771 0.553103820093776 0.751567771570147 0.628285984164286 0.181577781453451 0.675225932724059 0.787243107940985 0.805740565518438 0.795903214806745 0.835226741034387 0.801971569420285 0.62372649536372 0.454677738794925 0.74927953282808 0.60524949941759 0.726158268782331 0.565733022095649 0.554310586868407 0.471803329452228 0.756597106793868 0.741149371024958 0.720992770596048 0.723928541129888 0.731989719114811 0.745449650661759 0.64824788475942 0.687025375606758 0.719909965446893 0.783897211058028 0.665613812414823 0.638470847230826 0.721920126405863 0.747344967345683 0.737459747332596 0.718434621972879 0.78902801490524 0.743565033974545 0.809530540568716 0.841863768885246 0.788845038807709 0.709305680148747 0.765273502070262 0.864341860192846 0.849957143469236 0.853339657780764 0.74825428253158 0.727911731883502 0.745049331227845 0.768402680135065 0.63215695161147 0.729458462024392 0.372456606080586 0.367608278228974 0.481109587247407 0.632168206810842 0.742060312185166 0.707111088034587 0.770501597375427 0.81913121035959 0.728495381827915 0.684803292421332 0.764427797893094 0.895297971792619 0.630690105707203 0.73076453215078 0.77857393118863 0.85379252254075
0.596011432544985 0.550187919829301 0.769162645137774 0.679032703751248 1 0.53835833561366 0.789670827936427 0.604727237429051 0.843533345861529 0.584177042226415 0.689321056714203 0.52979199863586 0.742063590057682 0.563514019304591 0.795882787022751 0.694913476743814 0.506883033076557 0.491736683542756 0.559422064634023 0.496566012690239 0.385065573702255 0.0828728832678705 0.763874729837043 0.67619258411714 0.592462510795106 0.656580231986195 0.672620367799153 0.282139561938863 0.505224637105403 0.506232684831281 0.553256965321492 0.48345152471508 0.567683646799327 0.506024550824166 0.43266571433578 0.27601382067113 0.548798186688513 0.354465054710966 0.577723143277037 0.398770888099529 0.37553015124866 0.381016039655782 0.47642093223986 0.452203482088828 0.472596614708164 0.438682815504928 0.453201524966189 0.472257684360213 0.436375419913281 0.447910149172036 0.479576176307204 0.541611152275396 0.411349981352027 0.420422162424313 0.48807318368255 0.527413010065716 0.516006859365613 0.520209970629877 0.604481238490881 0.478624874999816 0.719260646447398 0.631661630183731 0.599662740783678 0.414864268575581 0.744769769834157 0.655189447150561 0.623023065231761 0.527555056593875 0.496748954330246 0.510839330202386 0.505809264850266 0.485067123814281 0.411904257904102 0.411266486897538 0.211028229397901 0.195921326941521 0.333175370117798 0.308722605571843 0.466072060679245 0.478464997926673 0.577275393657721 0.598474483257968 0.61723387948104 0.569787662593806 0.760462944935564 0.69395169027396 0.588878193668812 0.67401018653954 0.715445912227258 0.615447051723513
0.528504347375545 0.537815896248805 0.456839579304534 0.596378201214937 0.53835833561366 1 0.535261265439091 0.527376155707378 0.593957465386703 0.616232644574284 0.513753286406281 0.508186383634059 0.469272127971962 0.475608529345494 0.403290026858239 0.541156663860261 0.549427578880143 0.509919368635956 0.591288023790556 0.541679293944765 0.139274518995754 0.406711555968074 0.445588605503728 0.485538333828947 0.404203252741484 0.695505910206593 0.629348168114068 0.28475654681972 0.514129292751187 0.488609139249469 0.42327190314754 0.492951584835738 0.569597917367015 0.540912730468544 0.423272568261327 0.287819820423922 0.526979337329697 0.372169781134279 0.433239455977125 0.522603361136295 0.374297403999574 0.335289708820951 0.388536227100612 0.40476233351445 0.337271277468357 0.344979449555175 0.337914276200344 0.439811696460942 0.301527683507887 0.339006011769351 0.369663686669785 0.404027275155699 0.364967903297178 0.328555601433973 0.370622751850901 0.418941626222443 0.538511771970935 0.570746789215632 0.456878885685581 0.486933880253671 0.499352413970487 0.495062095812104 0.562633690454151 0.480268084718811 0.386208450398345 0.413136079374892 0.502285403129792 0.485848830784515 0.521591922047237 0.578972462975792 0.495026669709711 0.453425427753392 0.295531039557161 0.485617316927232 0.117177243530236 0.249405139915251 0.219165700014154 0.399858055129474 0.418452855614436 0.379597237930405 0.543643314454388 0.541276114533033 0.443875122013222 0.585246609431579 0.485721997598022 0.550824995662722 0.309094593530937 0.509753849611869 0.429800288267798 0.446705510559656
0.786275981196055 0.711612864316269 0.919784229220492 0.866239270224957 0.789670827936427 0.535261265439091 1 0.833688799805805 0.807037730209865 0.504463370713017 0.800784087502653 0.722384568123463 0.888622632704822 0.756510034185854 0.803183213160473 0.719853626065216 0.695336769389503 0.639926114516176 0.772458691160542 0.716692689504472 0.342583074729233 0.114009995811333 0.908244283873537 0.835059992543649 0.546075850784515 0.655822522608398 0.653108903244215 0.240334157651076 0.697259839854724 0.710969334138943 0.765839276620384 0.673599872526219 0.763981773077137 0.69742788313103 0.528902666542587 0.320456111470118 0.702940953915509 0.514636785038625 0.709889865853664 0.510104946120483 0.516717866421815 0.402423778665168 0.686871212523177 0.668314882521566 0.657807265455735 0.633725829779954 0.661219653884302 0.672897490572382 0.601220807274631 0.634080200683158 0.663683736273853 0.722155075051761 0.599638803922578 0.596730537768127 0.68226871473805 0.696897014010523 0.679291229501237 0.65517293529586 0.779393967327552 0.667167387508344 0.880877996390907 0.793168690573031 0.796891435122405 0.617406276588976 0.820760500378377 0.792856854530383 0.791233686177017 0.718615490508101 0.676413551960544 0.669828261998818 0.721798915212172 0.69865999415603 0.621223480712545 0.651895200702908 0.313989509205481 0.386988942334191 0.469840811004977 0.490891900100277 0.677133313065188 0.628594933568561 0.73591907144247 0.748512343287273 0.711709641784081 0.663731887343464 0.822694847566249 0.822239545187415 0.652411381399653 0.686779642949172 0.832184236139962 0.789618151038418
0.656050789163075 0.673924006015582 0.71070599113174 0.90014273702345 0.604727237429051 0.527376155707378 0.833688799805805 1 0.681322887799575 0.597495530243407 0.657387787068922 0.866214540870961 0.661732416095805 0.840132957778866 0.572342242803976 0.737582037104062 0.65834676107057 0.656769373888374 0.756205398263908 0.745894697487975 0.329207097795936 0.217949744570852 0.756249512365483 0.862077802996675 0.392452663611832 0.591717885907786 0.47346022839508 0.00547147273982329 0.700281624760155 0.804972104298247 0.82260366973238 0.812204425228744 0.814615559796262 0.838690184693823 0.548119611031871 0.382806959024224 0.689197941082961 0.59974611339923 0.650363611380231 0.547567629696598 0.47074468090447 0.369303140768706 0.747142625506857 0.731477817184112 0.658846117416623 0.68206649396067 0.732439628709879 0.727010922463646 0.583152150974686 0.649046805783315 0.654625550652216 0.737337355104308 0.661767006396965 0.631264513543284 0.686890101659957 0.701783220834448 0.633058500759962 0.605118552967766 0.743722115259147 0.755434659388554 0.783749973713923 0.936337860730166 0.753193936700234 0.767756108855952 0.610660453066385 0.812778090312805 0.770594149972738 0.797950152359197 0.66386708915901 0.666612910381963 0.752320937337977 0.777605383200649 0.653404492445902 0.673241819091209 0.410787871697276 0.309755125187645 0.554302565111801 0.636446223251402 0.685496552000758 0.673840264041428 0.692443301328526 0.752597509067358 0.617088103704662 0.587770840324418 0.601131248335678 0.817559322297702 0.487853760610553 0.598806845685891 0.710280159962833 0.88932437394647
0.600665501207014 0.558994583751826 0.712317773584572 0.708045066935997 0.843533345861529 0.593957465386703 0.807037730209865 0.681322887799575 1 0.709201169220853 0.716448741799834 0.625415783698983 0.752503880441882 0.639300291818322 0.768206175100842 0.738356049644912 0.558673545038978 0.503738400453869 0.620117836439602 0.529154978317591 0.276542778115866 0.212850502426682 0.732729592462303 0.651621686863473 0.444462620078274 0.620518210522593 0.657938650270969 0.223892712655186 0.529548921296678 0.582067345106891 0.604132682758549 0.552382454187856 0.632802787355902 0.567469963061818 0.404743516845543 0.2594596305376 0.553020307387825 0.3961783429493 0.566451334471635 0.424648749802946 0.390137624943312 0.298123860648846 0.543733600723936 0.512186747783044 0.462284610290949 0.448476391911891 0.510291896188649 0.54195319425891 0.457825181594642 0.458559455370616 0.503980407272962 0.545935202707842 0.498916273796374 0.462892530168134 0.479630235779179 0.499576522079967 0.550264767496418 0.552491167170094 0.640679669182134 0.577079932019961 0.751367894632058 0.699284875676171 0.662211867189637 0.553986578382368 0.660554612847661 0.611883463854444 0.586077525321537 0.54672018373966 0.51396509714443 0.556536972106037 0.551834040930288 0.525019656231222 0.408217005035698 0.457054286224329 0.196566484618998 0.179921997675769 0.356717502599441 0.437785987174566 0.505794300849695 0.458225715063799 0.566435030623149 0.598500613072903 0.537182145813175 0.566770466939079 0.648187886324248 0.663550073307129 0.467877978985425 0.56769522244051 0.699135486315822 0.678316673591635
0.376979382451258 0.377872376434322 0.400549899428261 0.558662625300276 0.584177042226415 0.616232644574284 0.504463370713017 0.597495530243407 0.709201169220853 1 0.498104811452185 0.537474387755195 0.473943372086599 0.542639105212532 0.479652092613942 0.708481993534366 0.33758742665318 0.339403217837915 0.466029451350526 0.390373960581055 0.17119125343135 0.267886685863288 0.472699455654301 0.514936366498083 0.33049364176065 0.565525388904267 0.520597194283466 0.11970909019422 0.355732388224898 0.450878178964345 0.416616374557388 0.462434263790348 0.445819563135713 0.423770227271527 0.209494269540505 0.138686791445142 0.34727285832814 0.241661364758033 0.372951310114513 0.420386544343171 0.188761750751524 0.243439016760224 0.308547797577852 0.314400226298817 0.198985080829437 0.206804525325833 0.259603970037371 0.28798304213899 0.148081588433996 0.185958161007723 0.203113259162521 0.262128479312078 0.24608136565452 0.184311179295821 0.206267316147038 0.234156995250443 0.385155101337182 0.377138245034402 0.391014161220421 0.367997464103075 0.499877280627743 0.609119836542509 0.437852615338091 0.406816002641277 0.371882531211718 0.48473516273977 0.319839364791915 0.366367814212716 0.372354061278378 0.413249723978527 0.386175012545508 0.382092283171341 0.269590289261659 0.31000322073362 0.153216939450494 0.104908381308411 0.21626385228625 0.355514584997447 0.304049776190931 0.292548984032291 0.364397515972651 0.402991416309487 0.27953324171019 0.321250626642575 0.38278850423255 0.456381077111604 0.213199948576072 0.378435218727941 0.446021600491808 0.502409205948996
0.787013874037885 0.706209927877993 0.701656811254457 0.650566469076911 0.689321056714203 0.513753286406281 0.800784087502653 0.657387787068922 0.716448741799834 0.498104811452185 1 0.722235560386074 0.911154767309531 0.747547155583783 0.75453802364716 0.598026458374151 0.696554599028616 0.67065926874528 0.731489243564927 0.691689311520151 0.291450812181474 0.1867857395459 0.706066780894479 0.631340661066534 0.519490756967937 0.600974282888954 0.627415112861329 0.254791637598472 0.740485289031322 0.687238243284169 0.631944076467058 0.566835377607399 0.660685966556409 0.6006355219421 0.360572759309405 0.136412446319599 0.616114003744112 0.402383505315519 0.617127986505308 0.439135380368102 0.539574678501559 0.431908419035411 0.596361549777398 0.587514180721411 0.531293547991399 0.517049258081388 0.554675088516832 0.57794951979771 0.477965327672582 0.51659717168699 0.532035433797176 0.56008412653064 0.479974425672961 0.460939422126875 0.576743727989288 0.590801236729075 0.671198060554151 0.669627603324041 0.700905375650164 0.624278739629352 0.836730654336638 0.638595536844508 0.794192115937461 0.590694201536991 0.602140819816392 0.493138699833962 0.601412620233296 0.545115904895572 0.620909201835023 0.665874464083784 0.642452884429215 0.602584046281889 0.611939066128744 0.594346091251426 0.275625871604956 0.363630366735124 0.435020987618213 0.444270865910363 0.607148634860429 0.609519788947166 0.72205539974233 0.690855599405753 0.682676970495021 0.664845954196848 0.684237635081514 0.629240338895886 0.523663130853054 0.546093567718536 0.74070733391268 0.647846436408909
0.719480893990607 0.721481476356459 0.572953663126239 0.774770090733348 0.52979199863586 0.508186383634059 0.722384568123463 0.866214540870961 0.625415783698983 0.537474387755195 0.722235560386074 1 0.696981725451498 0.909248866518674 0.525141095015895 0.709732151900934 0.746980766627984 0.758437352040847 0.80018980090696 0.809701402537127 0.278807000936125 0.221336031526313 0.629456238636681 0.725645312571129 0.331172502049565 0.53404774926161 0.416592199862811 0.0654922862332971 0.780469385143559 0.89508360722613 0.765233268839138 0.73796819787474 0.777980979865562 0.807561216837597 0.379095809202429 0.249580414537434 0.568511787699434 0.529586677401884 0.565471195125766 0.498455561999493 0.488146001840585 0.399165765835085 0.705606370414044 0.734674863369321 0.60128018792137 0.64486010081263 0.688053122103219 0.695655958502001 0.547789702598691 0.615141950691987 0.625831159585513 0.689728508234422 0.61517029237513 0.597681273437088 0.658451784557327 0.673828279234765 0.699239573338634 0.666633923224773 0.744559258532218 0.748734494879105 0.764945387557153 0.806556052165806 0.82394880348449 0.823108560922363 0.487279036686716 0.595498704085731 0.651011786523561 0.682662620673687 0.689068759619731 0.704399113634284 0.682963707178543 0.700200848005313 0.663234308460789 0.652464236517014 0.403024267848623 0.351246288611902 0.523870823153493 0.646794677293503 0.750305158157857 0.753603382562294 0.753275018675551 0.797548059795675 0.647967110111861 0.639823425112495 0.561404218609696 0.7656236604194 0.467492987778406 0.538301560664914 0.655214187670427 0.794053380693307
0.809460855278058 0.716027558857366 0.813072218541906 0.703086907117878 0.742063590057682 0.469272127971962 0.888622632704822 0.661732416095805 0.752503880441882 0.473943372086599 0.911154767309531 0.696981725451498 1 0.765627898432877 0.850846560120293 0.685340564020222 0.68300825970525 0.637036871602579 0.74843974877995 0.683533205682502 0.324167389658898 0.0973681060586162 0.810699752648368 0.70392333948725 0.55753804835717 0.604764550465671 0.615675136666884 0.32226030332166 0.706939979618122 0.669109923421874 0.662036077897568 0.546030012239491 0.670309203958274 0.578786870747876 0.388340647588498 0.188994602663437 0.586689338375524 0.389932675853147 0.650038661421038 0.439756272586337 0.543686962674912 0.393348807033292 0.597641409420284 0.606444501171717 0.580423360805106 0.549599097595028 0.559725037450681 0.588147493617675 0.546129715861332 0.570813567769945 0.594376291971383 0.624989990317184 0.498692887567502 0.514699806385196 0.628721831881095 0.641238787595973 0.678088872339264 0.657014961851943 0.734740067196774 0.596852417435024 0.862204992348824 0.616973537807639 0.790191188332481 0.530974279041776 0.709910115000424 0.585716776798189 0.637165004325508 0.565229495507746 0.6443461737216 0.651665664825893 0.622265809094502 0.583736478311931 0.587330849733135 0.554290877725417 0.266242273881678 0.374460178099734 0.385288425144341 0.388649674970244 0.643148580134245 0.628866328203266 0.7351368926146 0.710956541404852 0.72056066265764 0.6705063239287 0.783346127144492 0.705456965549386 0.607941071900663 0.633665913115061 0.79527321756913 0.67323887210078
0.728911229787669 0.737122449598543 0.646913202039819 0.790011090457438 0.563514019304591 0.475608529345494 0.756510034185854 0.840132957778866 0.639300291818322 0.542639105212532 0.747547155583783 0.909248866518674 0.765627898432877 1 0.640587108932545 0.761995580288799 0.725147921262398 0.728080369345071 0.785238879596523 0.804348503541111 0.290355592513759 0.247227397462674 0.7082859899455 0.797755970424761 0.448601863488568 0.584737758073718 0.514029370405325 0.182566164025334 0.743756516035802 0.857107582483856 0.762265829528567 0.736861251647876 0.797894616843197 0.773340511827693 0.463660316232931 0.313102263921113 0.628432791626209 0.570192654340584 0.630207800213395 0.458483564568433 0.530474689350682 0.407948063105055 0.725002327946337 0.749600112578288 0.639629883323766 0.664905721023286 0.706001045957429 0.718472201848709 0.596602984023382 0.655819519568188 0.679908750245334 0.723875680453679 0.645386453547759 0.625645414430033 0.698578574138817 0.711207954971127 0.703072992412736 0.668653117885113 0.760750522542043 0.741413157296747 0.7765959067247 0.732206337079453 0.821652499447817 0.812182310272635 0.554041497636233 0.611757385619193 0.695032798602871 0.705434366602139 0.710524672296085 0.724267919802968 0.69870698432926 0.716585803017317 0.677434465764582 0.641299381901325 0.365068173265578 0.364777667918034 0.515568784376083 0.628425718566671 0.745339988244159 0.755811594404405 0.767301180984507 0.823643660066996 0.696211148356091 0.668232445090596 0.611450667531689 0.79447779570957 0.532888403200078 0.585047376519057 0.714337880065972 0.821721777930662
0.655048244897795 0.591465926340545 0.820710189867538 0.672689358933152 0.795882787022751 0.403290026858239 0.803183213160473 0.572342242803976 0.768206175100842 0.479652092613942 0.75453802364716 0.525141095015895 0.850846560120293 0.640587108932545 1 0.719934852630406 0.550225271263331 0.504241236631945 0.608000100395271 0.522528726363864 0.35779218212188 0.130790734544963 0.841761153699714 0.739635672396984 0.611476243936533 0.632573073422655 0.742914165773369 0.343531391426621 0.553769550100281 0.535968149555459 0.600239584307309 0.549823863680353 0.602938954885663 0.483021923196478 0.425675753999931 0.288687612685471 0.571329785838882 0.375345396658418 0.632585560832364 0.320578325118007 0.50373637437637 0.345333179374983 0.532325286301869 0.513593469046045 0.519640636061541 0.487173476207652 0.495386696869231 0.509899480661509 0.483907651029912 0.478652736908613 0.536385936889601 0.554149381785448 0.44803711018028 0.440711099093606 0.538099962689573 0.550021831830013 0.564807292872154 0.550781386095601 0.620657843460772 0.457586347268534 0.755534050609866 0.547616500247369 0.6594850449105 0.395561188731434 0.765140902849426 0.629953903710537 0.619657643000036 0.533358976302328 0.542432829773199 0.541081256169126 0.528523459242698 0.508576473878786 0.464191566481249 0.431768277550022 0.218330163289649 0.211287146359442 0.295100596854958 0.290720596670188 0.538090192008496 0.542564314942566 0.629886431118212 0.644242691689244 0.676419657567509 0.628646252289352 0.784340264102075 0.696483711435664 0.647716082734251 0.677171950555243 0.755839575338298 0.629229825343654
0.528994083800431 0.511979337904635 0.691885138632471 0.758322220107339 0.694913476743814 0.541156663860261 0.719853626065216 0.737582037104062 0.738356049644912 0.708481993534366 0.598026458374151 0.709732151900934 0.685340564020222 0.761995580288799 0.719934852630406 1 0.491141829788148 0.511611594192739 0.598351776145242 0.554587577089009 0.341843985927281 0.264630799460142 0.755864244940899 0.797541963071255 0.482544803571914 0.592941226478747 0.59269076153546 0.239212156381449 0.526875369534845 0.604469816096371 0.630254098573814 0.660239227337053 0.643382913590349 0.628375434361935 0.422855115658492 0.293757709729712 0.499031694944064 0.455273084485051 0.545808647733056 0.422240799209472 0.355836023392046 0.301438028158294 0.505496236625532 0.523771435570683 0.423292983693618 0.42687408157619 0.48841496301595 0.497674077634998 0.380732779100714 0.423036611747455 0.463433073191524 0.532861510529498 0.436004825693302 0.424357154239722 0.446780631470017 0.486836729513005 0.48798219949273 0.454176210480159 0.570797914989857 0.485580013127643 0.649840632885119 0.660254770821759 0.617499798984178 0.540395411145305 0.620621121509893 0.699008006746782 0.571981903315843 0.558051656917267 0.527742069896823 0.52784893051225 0.531206456258097 0.541083821682489 0.45265313873975 0.433615605670956 0.30472386894075 0.199892853388162 0.419594801674805 0.492679321344946 0.514028707830565 0.524303251227788 0.552711401216802 0.644924493480772 0.559667788219275 0.606931370318204 0.617962711041816 0.774996083851484 0.433210881757676 0.664394433000704 0.600073027491638 0.711243176357187
0.879102127312524 0.895256288178306 0.634264388658391 0.712037547100318 0.506883033076557 0.549427578880143 0.695336769389503 0.65834676107057 0.558673545038978 0.33758742665318 0.696554599028616 0.746980766627984 0.68300825970525 0.725147921262398 0.550225271263331 0.491141829788148 1 0.928756010844741 0.91257678288296 0.892541169056679 0.270875648217824 0.298040486229093 0.605242000244957 0.61422783025966 0.430405001059943 0.634338860578565 0.521034217405871 0.24011654459995 0.86630473125169 0.88611755699772 0.700167119793165 0.652653374035772 0.855880002458864 0.80853161071938 0.48180425512884 0.342597016458239 0.774390148743652 0.612162749936535 0.692436346494057 0.47426921299333 0.656203758629187 0.536927846628029 0.80701871045548 0.799515028986066 0.741626313323353 0.756963311746989 0.784220676996189 0.81280454664837 0.705190304981947 0.7180286047963 0.75942449291598 0.759543268380244 0.714682976802421 0.707419742369901 0.804620550467616 0.800490831517504 0.934391070737182 0.911439919976173 0.80087417235793 0.819174054821 0.744132302202803 0.612872298971451 0.931422762015502 0.83468833863522 0.54421102357439 0.467036081095457 0.759750993735272 0.728909927055324 0.890371750016671 0.900309996338238 0.759889894885555 0.721106584142213 0.648878298755358 0.745874152661689 0.246557009017686 0.465251504249784 0.556883702525046 0.652749804734409 0.898847158012217 0.838100994378111 0.925747640539247 0.870879501139675 0.790730649978026 0.786864989132027 0.669753045604957 0.7348994961057 0.645537844155756 0.546187724513878 0.756875760344701 0.721822831937724
0.858279584017571 0.900854161284616 0.600592089285664 0.697412579164295 0.491736683542756 0.509919368635956 0.639926114516176 0.656769373888374 0.503738400453869 0.339403217837915 0.67065926874528 0.758437352040847 0.637036871602579 0.728080369345071 0.504241236631945 0.511611594192739 0.928756010844741 1 0.884818512679593 0.911266046427013 0.236928252068574 0.205999856698567 0.576315533807839 0.603135887004054 0.461553729626605 0.616600284242498 0.435887547037639 0.202857033957011 0.808570885040374 0.894522496869759 0.655252675498592 0.647541560085689 0.818194989335924 0.805152557158625 0.413452046148832 0.267374787487748 0.695151178543643 0.604788624457304 0.707584404201073 0.455561070796233 0.662522261617385 0.543011113938905 0.760486261453593 0.781249023889924 0.724515222593272 0.744747009067861 0.758111600962396 0.792395608388235 0.691244414317006 0.705762078166574 0.734355444149182 0.767279148877865 0.654725158326044 0.680092144700892 0.765512053582809 0.793171367553323 0.912948494163732 0.900775775846325 0.791417114816477 0.785573049051325 0.714050701342157 0.585503588609261 0.885019699803664 0.822208394470716 0.519729159476033 0.435239613556424 0.688810095005139 0.671277950472748 0.872855675818289 0.872768036336137 0.692132589462722 0.677738601756922 0.686103128055792 0.7192446172048 0.275029508188025 0.433909837776806 0.554721131297839 0.64151858472678 0.871319513184169 0.883481690997136 0.912018566250955 0.905320664206222 0.809256873618174 0.807161623665465 0.674398750540586 0.748738294598783 0.626316001978378 0.58801060582579 0.706106484844325 0.711841340270512
0.917120093744059 0.898946866674612 0.69783050272202 0.800290494805999 0.559422064634023 0.591288023790556 0.772458691160542 0.756205398263908 0.620117836439602 0.466029451350526 0.731489243564927 0.80018980090696 0.74843974877995 0.785238879596523 0.608000100395271 0.598351776145242 0.91257678288296 0.884818512679593 1 0.924794647067171 0.243094168267121 0.227618126599859 0.682813512974726 0.705235483963339 0.460146748379243 0.685262040334078 0.53367841469463 0.209717597191093 0.816511888294912 0.901708463423154 0.745696188761493 0.695455991438474 0.907578685262709 0.843779087775623 0.531680195508962 0.36546306311931 0.759834051849388 0.661366145722027 0.738108725179403 0.553696670725495 0.639791307367529 0.479086441154666 0.815854672656463 0.826943782141786 0.745769919463611 0.752089980688805 0.773714938908288 0.823708787642975 0.696331581459325 0.715698337075497 0.758578072792169 0.787197977143687 0.728108908075189 0.712880323365531 0.795043296987584 0.809055075468648 0.923812838174322 0.883441648271155 0.847755174068892 0.814575508251201 0.813210939721663 0.687373303908422 0.924711187047349 0.804401428507558 0.61774901596708 0.582950775141713 0.783359459580472 0.78061211438278 0.916468387105281 0.915056277678899 0.773771235106942 0.754098889487883 0.67243913312885 0.739092819913579 0.240437830205947 0.437809296101056 0.527546413099051 0.658350302258901 0.844132599679603 0.825462491363857 0.919662328684166 0.878469014525736 0.781822892068954 0.759441900801482 0.718140631646359 0.793679361809777 0.607866383901529 0.624982289943166 0.787805414499227 0.790100073615121
0.873718411258268 0.884230308787336 0.637357780303963 0.770033597864035 0.496566012690239 0.541679293944765 0.716692689504472 0.745894697487975 0.529154978317591 0.390373960581055 0.691689311520151 0.809701402537127 0.683533205682502 0.804348503541111 0.522528726363864 0.554587577089009 0.892541169056679 0.911266046427013 0.924794647067171 1 0.222774012304082 0.227839364349497 0.635147068558192 0.68065466899652 0.445042776402183 0.657896922881819 0.481432418309664 0.235405104292106 0.819463316604735 0.915810732437135 0.734281889801891 0.716021815676713 0.862333367087448 0.839417138194424 0.449777471670316 0.315623495924899 0.728575534546784 0.597289004809592 0.721901362905636 0.512646621825291 0.616599721453829 0.509600248358492 0.801927128147922 0.838499092600556 0.753310521439915 0.768038724824194 0.773350094807288 0.811062501844217 0.697907992321401 0.732130571489245 0.749897205493008 0.79361525776483 0.688148010887085 0.700342222479115 0.796704065027716 0.803655772727485 0.889280969072632 0.84599339494091 0.828047580485065 0.795960077065898 0.77253157384521 0.659821862805633 0.886986047816376 0.811743886743756 0.564384045016382 0.545142592994534 0.751876956917893 0.745478716634032 0.884396327754346 0.889174096836185 0.717054259308656 0.701696478525546 0.665223010018538 0.729060902559173 0.305263448154892 0.47741042501726 0.565512680977575 0.657185922375976 0.859971999309773 0.855630114629997 0.905488860492976 0.906090871130062 0.779768903096631 0.793779148643879 0.687342651522136 0.798810122730932 0.621912561780304 0.629627098887357 0.732333031193461 0.757309365439617
0.274492740187872 0.276258148262219 0.406044898960744 0.393139528185249 0.385065573702255 0.139274518995754 0.342583074729233 0.329207097795936 0.276542778115866 0.17119125343135 0.291450812181474 0.278807000936125 0.324167389658898 0.290355592513759 0.35779218212188 0.341843985927281 0.270875648217824 0.236928252068574 0.243094168267121 0.222774012304082 1 0.13499180660622 0.397807171488933 0.4224938627747 0.402485955887683 0.329356791749014 0.250823061284973 0.00852724161079375 0.322509616490278 0.293276613246496 0.409081120999587 0.322981429105273 0.283523045179871 0.296759017929451 0.208725958826798 0.202599907489192 0.37782064713116 0.255186354179422 0.296216257365058 0.127790201163997 0.198480622724472 0.253704904688229 0.292718393203515 0.257368975790425 0.304125300725029 0.31141962958026 0.301784118217088 0.272770656935529 0.246733193300193 0.259768489547929 0.275285513756115 0.291243939034504 0.209387617054508 0.220084966102664 0.294481289632651 0.313909797439452 0.245765512444545 0.207732352649807 0.332128645277548 0.287888357947365 0.381788235713995 0.322411023072025 0.337754087473758 0.253930518511927 0.438245293581043 0.381229250404091 0.388777504444686 0.368468785845489 0.223692199029109 0.26119237691846 0.340564760965788 0.323869376605297 0.317535483895952 0.250550655397044 0.32548636965736 -0.0987698707897653 0.270049938874682 0.242131401973858 0.318076259316375 0.28461597550185 0.289846465901153 0.291677280938862 0.358979216041177 0.216054041111268 0.356691043243726 0.338042239731615 0.290557018670704 0.280129097021536 0.383998660519246 0.341927469163016
0.12312245799702 0.1960874298747 0.0973004424801812 0.223613914941676 0.0828728832678705 0.406711555968074 0.114009995811333 0.217949744570852 0.212850502426682 0.267886685863288 0.1867857395459 0.221336031526313 0.0973681060586162 0.247227397462674 0.130790734544963 0.264630799460142 0.298040486229093 0.205999856698567 0.227618126599859 0.227839364349497 0.13499180660622 1 0.112615394418549 0.191416009661653 0.122179765655328 0.282093253338033 0.343319646935494 0.0841042271967403 0.255705754280729 0.24097309675775 0.235381768212918 0.353346298987206 0.285781065264448 0.346692623753925 0.295903693550075 0.314437534556279 0.338637736283329 0.299494665189057 0.122522496009363 0.206766645166109 0.241885758784823 0.208328957666701 0.283933517684562 0.280482437744697 0.189162379364434 0.209859798001388 0.220597633446566 0.305449784077206 0.153525537783126 0.18421475241072 0.171718456361128 0.16819247041107 0.243811585605574 0.194100386254762 0.132293710244512 0.18728763895724 0.235441396382327 0.228046736054145 0.138872619938117 0.274644490951097 0.150408748622248 0.179178974667516 0.256218319305772 0.326296534510481 0.0663542617739979 0.114831695226979 0.232198298376998 0.277314522932859 0.248301284763715 0.301188792144455 0.288576337788827 0.281720604299515 0.146102365829994 0.267872166685458 0.132311289051301 0.00702990465358236 0.227839237729955 0.329177541090205 0.241041872912677 0.199607105957142 0.23553625870949 0.236073472824299 0.15786937850514 0.311618799009038 0.0774132605956525 0.214588634691198 0.0104257549663426 0.186137437125561 0.093130978219471 0.242371649629502
0.700207362715419 0.6554338273954 0.94697159275673 0.864404016720856 0.763874729837043 0.445588605503728 0.908244283873537 0.756249512365483 0.732729592462303 0.472699455654301 0.706066780894479 0.629456238636681 0.810699752648368 0.7082859899455 0.841761153699714 0.755864244940899 0.605242000244957 0.576315533807839 0.682813512974726 0.635147068558192 0.397807171488933 0.112615394418549 1 0.883984199763137 0.646160595935027 0.695191351676087 0.700995450265442 0.280487841762908 0.627010963912237 0.646080106024102 0.778980142148671 0.681800147391132 0.732592432161653 0.652242504413565 0.575262424569766 0.364553065398976 0.670837643033691 0.46588756456356 0.691302673441951 0.455658947277051 0.476709233383125 0.377419282258204 0.643017246693533 0.610556324185478 0.628764704957844 0.591283170545531 0.615325290800872 0.61563075977656 0.56625827428766 0.581624439151913 0.625239707248397 0.687899881802474 0.55683592782923 0.549086085834182 0.634468125052897 0.646804780710934 0.614309616438372 0.574897446125586 0.71074132777218 0.571721402282797 0.799018866279781 0.704780638297068 0.719148322578813 0.537884547607457 0.862630024211235 0.79956889045577 0.778638155450247 0.695219454343991 0.614735764548311 0.601413552343474 0.645079988494359 0.642479867265998 0.579069765353166 0.595331178080625 0.264683063855688 0.336458142352703 0.439995625688369 0.479043794035464 0.632629196302001 0.584838029914387 0.67961064306131 0.720041232817245 0.720328987346599 0.645256116573817 0.833857466587211 0.826197148691779 0.661376679121114 0.735379675097138 0.817699902452245 0.759540938057098
0.668857650899066 0.681223524284614 0.845032270802632 0.92559932309771 0.67619258411714 0.485538333828947 0.835059992543649 0.862077802996675 0.651621686863473 0.514936366498083 0.631340661066534 0.725645312571129 0.70392333948725 0.797755970424761 0.739635672396984 0.797541963071255 0.61422783025966 0.603135887004054 0.705235483963339 0.68065466899652 0.4224938627747 0.191416009661653 0.883984199763137 1 0.61123456145916 0.708124954965014 0.642414652571435 0.223827104426203 0.619507753922715 0.708803498686646 0.776485414793949 0.785090318924984 0.777869166689527 0.720522305706627 0.615926840301671 0.435073131539167 0.704830780506291 0.598462925519587 0.704816295687983 0.489403752030905 0.493614148450634 0.401369578371172 0.681454141220539 0.676503287048465 0.643338996180791 0.645900087481207 0.662713073609549 0.666396240929555 0.574304803576071 0.622944807949658 0.660889074147463 0.734599737529053 0.610134737283889 0.58827203550745 0.662944116513371 0.695146344340222 0.632804003642784 0.601144657448455 0.712421116003059 0.624222752691472 0.772181042221227 0.773121304907922 0.71843846282823 0.618040142868096 0.772470823095379 0.867265596781485 0.79706527164664 0.767386823079657 0.658994038703701 0.629494510170776 0.684719267785475 0.711917300238759 0.615837151530686 0.613472031942712 0.327962875730855 0.311907901496337 0.424915686313301 0.555240521437028 0.650434352253969 0.655101159966887 0.70426477477864 0.760443548052858 0.722969377849934 0.645507746239207 0.747375894449555 0.872558012974723 0.63562907433238 0.755565692473206 0.746531413524936 0.839763403522063
0.545316016714153 0.563803214051893 0.641608926509896 0.553103820093776 0.592462510795106 0.404203252741484 0.546075850784515 0.392452663611832 0.444462620078274 0.33049364176065 0.519490756967937 0.331172502049565 0.55753804835717 0.448601863488568 0.611476243936533 0.482544803571914 0.430405001059943 0.461553729626605 0.460146748379243 0.445042776402183 0.402485955887683 0.122179765655328 0.646160595935027 0.61123456145916 1 0.754505314881785 0.677219324685766 0.465562954470049 0.365888553911891 0.37284336179343 0.412267748491817 0.357987677278408 0.49818967398732 0.373849989223151 0.458371908118079 0.330376788910031 0.527282058186714 0.322674316307416 0.570595239115215 0.383874747217074 0.379271556435893 0.347426780928261 0.373721503169267 0.380147620653075 0.476022154837717 0.435922533098667 0.377890616988638 0.418518337075559 0.442551538457373 0.445335461062354 0.473962633033677 0.519591088830585 0.324423127016331 0.340653055937061 0.469032491688667 0.502777787798749 0.507321476326673 0.500091771633382 0.542626322735128 0.383889117491471 0.592663479035703 0.356604051627794 0.476827619542108 0.293828343473702 0.696011719357955 0.523623468679069 0.534732408394906 0.462779188706599 0.48040532951464 0.464060449523897 0.431585935060862 0.406314346349449 0.442595821579129 0.437799222863159 0.0250014917839093 0.288140288105577 0.236777293268354 0.310278890756406 0.400838697007171 0.438889758796317 0.53215411417157 0.546530683469114 0.590007214606541 0.551604551152285 0.699025563225051 0.592865788152922 0.524643168278869 0.610405036697816 0.603607176912251 0.456847939892133
