1 0.768319439890386 0.408480041185493 0.274992905713778 0.441561377967847 0.0340636957002027 0.538395959698923 0.501421873979349 0.486645071677522 0.395284356289544 0.652709475992414 0.64321600880792 0.612645397614662 0.654731092394718 0.36587462498233 0.260844623927195 0.579377740476337 0.545094175560591 0.727446223531566 0.518438994062145 -0.0776032622593863 -0.198120416801645 0.405945226456849 0.0352286796352479 0.116094500558338 0.0134018117778519 -0.023065364181018 -0.213639812601598 0.634507746875663 0.552068853250556 0.101716982714039 0.150037738877331 0.354095782060299 0.365637218926348 0.169355908838067 0.0649184258447107 0.178417316936642 0.153646162380407 0.281463065270605 0.256533493209027 0.173433795998622 0.170462809946872 0.527355343224294 0.539428397598439 0.43102537496582 0.441743893217151 0.569080007059263 0.53726226654953 0.438826391967098 0.538354888548807 0.571701319966109 0.584837963633788 0.508273918590856 0.423311123486571 0.625115637136338 0.566186683807321 0.668787945524701 0.67969170989551 0.698479600474906 0.664178361241803 0.634587033112013 0.327870090009993 0.578417867365833 0.547515378231871 0.23065720180099 0.225105191903018 0.360159026942291 0.339456745889086 0.494529634518488 0.519916177621959 0.500384258354002 0.51454924354107 0.425455630304927 0.28740458807514 0.142194740138722 0.172048477804751 0.46010060539465 0.33794281759983 0.477313810911543 0.566349815955326 0.517651902587681 0.406977358640671 0.311781526214187 -0.0248945025878508 0.587361184866206 0.386840356495778 0.204881286059353 -0.0034441446765068 0.591424681733048 0.515286750704053
0.768319439890386 1 0.344452673577123 0.452028904519002 0.383179552098062 0.12829494131019 0.4241326590486 0.548993779182956 0.293132739561784 0.328721773682899 0.38715905394722 0.608042431889516 0.280978380705012 0.493931226369757 0.113357622675587 0.218534220218417 0.64480783138015 0.687212236805729 0.732975200576937 0.658178032412483 -0.00867059239712314 -0.162629364497549 0.280968457823565 0.105278963757184 0.262533124106179 0.134583346028926 -0.0974292206980364 -0.318931384101743 0.588700081279204 0.629696536443111 0.19702925937044 0.297425502539581 0.454375439811267 0.458714566360264 0.229789134983061 0.186529000319216 0.182903593008397 0.272604162695772 0.240863719063366 0.202174473814516 0.118530434415635 0.245233071120042 0.66150298446744 0.662556335129653 0.587717553671312 0.614336800441536 0.720662058342619 0.691132268899732 0.596618488422675 0.614742136764106 0.680268541263928 0.661472941891061 0.669014527007473 0.587026269715468 0.562106081185812 0.69831313254867 0.847595690624435 0.855773068484643 0.584785664042393 0.63329321141228 0.323457838547661 0.277943449598219 0.46769553939644 0.602532092979217 0.0841700461389731 0.165850954054188 0.387569103077725 0.447356191391714 0.648458154528051 0.650038301033305 0.428523680294633 0.464083096090451 0.411402476041929 0.492207511890325 0.137902044196067 0.249501524826768 0.468067904546447 0.350815586394194 0.528264498368983 0.582478373057695 0.581361901623875 0.534135209725967 0.249123532893972 -0.0205438035568698 0.42467799808704 0.41797958848347 0.190449782118371 -0.0541213937418096 0.45368163463176 0.49924626757784
0.408480041185493 0.344452673577123 1 0.599914526344088 0.600385427730589 0.315368805229766 0.749216974773385 0.452946421155781 0.620562216219566 0.514059444731404 0.249117934452946 0.18373257972529 0.322727039314041 0.33148051324926 0.518958618751346 0.528755178242365 0.216991516185207 0.236610144873848 0.356701433063543 0.246421585543833 0.108330693925947 0.157332195772495 0.780260825915176 0.61161500574239 0.50607628338339 0.46066859990706 0.317286109987819 0.0897675371825297 0.318726699673863 0.189492727736131 0.314482362261169 0.280518418438536 0.430590741347063 0.284667250628994 0.306209339022358 0.241431372344658 0.316229945157599 0.235774830237307 0.421255606524397 0.278766925089666 0.143998838737449 0.148777291276735 0.209672080178227 0.110868720191054 0.270332937173285 0.175153985535616 0.236273217033074 0.293222900559357 0.298127446263447 0.206766856120042 0.352076112078188 0.299359785607565 0.30839629674174 0.392178224260985 0.336500965613231 0.325726125384692 0.269958372827259 0.229056395422409 0.234733221416746 0.297705371351384 0.589206762686572 0.541218921923681 0.540736885401165 0.458223738182393 0.721924272868672 0.605400462742915 0.500391343650073 0.323157145840838 0.295598538988194 0.442159185199601 0.373509564895235 0.495761991582645 0.273157118857852 0.198043757905188 -0.100057795635903 0.0991953797366135 0.303317335228925 0.302398974208415 0.291054203643579 0.360271014632039 0.40788871981164 0.563806909359474 0.526329015666345 0.281352625347606 0.718002563227939 0.65497896678115 0.30358811344629 0.316184440743467 0.605400723581058 0.61874721095109
0.274992905713778 0.452028904519002 0.599914526344088 1 0.40893062309484 0.548688444522779 0.529368595734372 0.736958563447064 0.299016916051877 0.533096767718998 0.00528353265532169 0.339882867462437 -0.0578398898511874 0.35068130975897 0.0269754502451889 0.48004178745221 0.349696752489731 0.384020109918397 0.316685164301768 0.486039486615387 0.21046570868531 -0.0943349150146397 0.425048586532499 0.733722831276386 0.360647985012322 0.445691422866506 -0.077303536740982 -0.142492425884238 0.312644665856511 0.45134172214125 0.446125776251001 0.552178015297126 0.537591526849283 0.565453320205685 0.219710822781393 0.380086220153346 0.150439302718195 0.244024096764499 0.297607801878289 0.184014660325649 0.00608070641110891 0.054167031600579 0.386873151683854 0.303327378297966 0.407723636013411 0.326459633379018 0.424561620856364 0.389852721986456 0.389232049848445 0.243088587622014 0.386360832519513 0.347399642695221 0.368881767547352 0.360218757957464 0.286361588325812 0.394155460426459 0.375016219790661 0.333413330412799 0.269842642732039 0.371467369980123 0.281685778115482 0.569084873063861 0.425215034311615 0.729687667508839 0.309079624105707 0.609955932555858 0.474451867811454 0.541174514274165 0.376751492117239 0.426405634103209 0.342880298767324 0.401557964705324 0.343464935989125 0.441900006569016 -0.0367430194894114 0.32392425887218 0.419891660843702 0.466027226307556 0.357785726767873 0.368944378385564 0.493086794923692 0.645267274713619 0.215998746783491 0.228820735979799 0.413660303021799 0.759432488840182 0.131453108842553 0.22985471009388 0.265959770837283 0.577669117416154
0.441561377967847 0.383179552098062 0.600385427730589 0.40893062309484 1 0.365795714852897 0.437268617189608 0.295376526331825 0.572781591837033 0.421836742496559 0.322624719650183 0.331592589184187 0.320617627160673 0.361619072454845 0.480348644270569 0.462219756549695 0.292949815954804 0.245203454023044 0.33541695455793 0.278969001250091 0.0642989528115969 -0.038876708600654 0.5584280252334 0.409134760271191 0.377448185118638 0.190307151097836 0.193254489966339 0.0324956647215358 0.359192847303767 0.286389680764112 0.132876067710402 0.114185019407653 0.25617356952955 0.213731499149256 0.208507697021447 0.210174295271911 0.0949420186754564 0.249672268427219 0.317519123414215 0.220728792251264 0.1956382368353 0.156172953693762 0.236602245529552 0.154120891633384 0.242211068055498 0.224994357400477 0.258673185838481 0.24943287159718 0.31352234511878 0.322590386398875 0.370983108474759 0.361239211526632 0.341989836687914 0.370293014511479 0.293559341317332 0.324736254245035 0.294040046211155 0.344003362681141 0.274268425262265 0.37507988880043 0.44284594055416 0.365733989285999 0.509201200810756 0.469349805518278 0.502527604257791 0.33954599397166 0.288068896418467 0.210334121960587 0.309281737369476 0.410920410229319 0.218857331737483 0.304427599235218 0.141235140330282 0.185419409669012 -0.159255248390752 0.166390922780306 0.360520090762495 0.274224802991373 0.19106064360285 0.266625692971333 0.342907473589007 0.434163635059131 0.508787334606421 0.299368292709422 0.589612053174283 0.481461369336276 0.19356773783533 0.31818210472138 0.541126890820579 0.533040199305757
0.0340636957002027 0.12829494131019 0.315368805229766 0.548688444522779 0.365795714852897 1 0.152897022119739 0.375690075378203 0.171154584510771 0.290275209090375 -0.0281505783511408 0.232048496433623 -0.0902167505415516 0.314310335880771 0.121256046189046 0.579653265900114 -0.0571395863802761 0.0126119486732103 0.0251445859946911 0.177377946104041 0.212095566394585 -0.0746723372357653 0.301550336388727 0.590795658727376 0.264957631220892 0.276047330140793 0.0627112260264647 0.225764275080505 0.0344738262638711 0.216702159533703 0.18397824753079 0.246772626210475 0.329589378048497 0.255665952408159 0.174374372453779 0.340070145817181 -0.126022908512966 0.227453610031505 0.084721051007003 0.179707222079498 -0.0285844378339962 -0.0879577063851578 0.188681317440996 0.0755554924838608 0.21273630858284 0.168305509408013 0.178225323453168 0.102799455547267 0.203792825955857 0.115249481010165 0.165051239581257 0.19052962539129 0.176645789913479 0.171072031648439 0.0786134117084941 0.192048355188279 0.0169953345105762 -0.000831360128248006 0.0475995608552906 0.175400184191348 0.106756415180415 0.336839102819717 0.265172469833308 0.450147153843092 0.28474897481001 0.373380573141029 0.268190005197267 0.329378935725864 0.0272927976542139 -0.00389583644789556 0.109748956682796 0.235202473620342 0.0426175922253423 0.281527998291035 -0.198072961202501 0.296772015056949 0.219706581017439 0.225912243833005 -0.0531286853074596 0.0196966418785075 0.164898687742619 0.390341897910109 0.132174266372147 0.313586907054029 0.261812796754404 0.541820832612442 -0.0660803351390936 0.238582830926525 0.132404123629523 0.389499109856771
0.538395959698923 0.4241326590486 0.749216974773385 0.529368595734372 0.437268617189608 0.152897022119739 1 0.69757623257635 0.716997533551087 0.604946265824037 0.325437461959736 0.18737836645754 0.437110750348313 0.377757176730239 0.225926899582663 0.285900950184412 0.363283858068818 0.299446110665261 0.394278289186896 0.251366378035331 0.104727977728635 -0.0017063855564886 0.485704146553968 0.416482359003365 0.344046956510932 0.428575137886376 0.0804825483868861 -0.0794292252497166 0.390258128767987 0.277290177024338 0.359554608735258 0.377428591490662 0.563751107697293 0.460578723554356 0.320195012284532 0.214506746774462 0.290768095158292 0.319622972464068 0.415154958372821 0.338332138273112 0.116688476341257 0.199353657338778 0.372963546341378 0.267082859735683 0.397014581142199 0.283275857778219 0.300774689256473 0.39868226272113 0.327762728609629 0.290333241375784 0.380885660258628 0.331087472450217 0.262473973116722 0.290329588495823 0.36760143642578 0.393474261939875 0.390394702310237 0.377455322753788 0.514447323367665 0.451548076800784 0.720897149906863 0.606324425644402 0.471912007760688 0.510292678818996 0.470987295298542 0.674105234474105 0.619301882025562 0.522570927909438 0.404140631498771 0.50791706900557 0.45286748531219 0.490887837290888 0.335930257980547 0.278876196084905 -0.0878246315895905 0.112345753208418 0.383701855286791 0.355716259941722 0.336255472313704 0.409974488458809 0.518870367365705 0.472271185480618 0.300892954538247 -0.0516735078511036 0.551872222455414 0.597803483050324 0.181980710245243 -0.0143915451839766 0.60543796302868 0.550479677828959
0.501421873979349 0.548993779182956 0.452946421155781 0.736958563447064 0.295376526331825 0.375690075378203 0.69757623257635 1 0.455641874916711 0.6735463804732 0.187600314477314 0.38616937574593 0.195469845386625 0.521707834608063 -0.101042902391197 0.262750122157982 0.445682092076604 0.413639736502801 0.449459505223526 0.484614942990901 0.170373775871778 -0.289843482478222 0.231691154775631 0.471212502061134 0.148501835198933 0.359219874424829 -0.176449675209027 -0.317161477972552 0.429269254440682 0.554777559817035 0.317122480151726 0.557300341999545 0.547570242722491 0.619254807264681 0.13982612274966 0.234835795437394 0.0829979082156478 0.249810331062735 0.303815380254576 0.245629311180437 -0.0490973180531014 0.0990239861610988 0.525512955001223 0.471046169447389 0.488759078174698 0.393751765011132 0.566052846859681 0.51645135173563 0.375030906498049 0.265362756049484 0.389170081858381 0.332691386556608 0.331774341587436 0.209248379860813 0.31852038131744 0.452110084191227 0.482555388322627 0.469370718755547 0.510676450795053 0.529505071586979 0.479208200244084 0.702703206398282 0.408953409480663 0.748460527364061 0.137092071871434 0.670778144819743 0.493721384897067 0.628463775553371 0.485582534169065 0.490661412368801 0.497902022631005 0.51113680985094 0.399041404418395 0.413546243666185 -0.0625345080912946 0.222636325242996 0.415660116180801 0.476342770564714 0.330092145087711 0.472002102330471 0.508867313070599 0.470734182586511 0.0803354557594843 -0.152149436443916 0.331682896703057 0.625931158736859 0.017226699847473 -0.153835571420649 0.340070672866178 0.515135792507669
0.486645071677522 0.293132739561784 0.620562216219566 0.299016916051877 0.572781591837033 0.171154584510771 0.716997533551087 0.455641874916711 1 0.548721502176668 0.419216912644634 0.290461856638422 0.511743095597763 0.427633463668963 0.427686563297045 0.333072785169801 0.261714951715074 0.200274641092053 0.327036862097047 0.183220821387606 -0.0181290939456573 0.0362793809324981 0.49270622173114 0.261943321825942 0.231075418194408 0.138835880341325 0.138469153356809 0.00484838876514453 0.356716166945165 0.247208552708192 0.137552819587119 0.0956259171061168 0.26832584225435 0.249478593314021 0.1355883631533 0.0488406458769064 0.210593582686687 0.258065544587984 0.339073751832916 0.204123755594165 0.121419538859755 0.202422315411756 0.198850049424171 0.127592235095658 0.220808967949588 0.151174936214854 0.17082169106826 0.206956242580397 0.264799901138432 0.236114623332573 0.269507300473609 0.210999230106929 0.211698316905102 0.18584112352602 0.217447230645952 0.175644734009718 0.239463228900706 0.237555873987706 0.347095509867569 0.357155248630496 0.663107616194414 0.493519876886157 0.477402934216108 0.447249857633211 0.456615867738383 0.446741815340553 0.349004586096402 0.209604010190371 0.301534306721401 0.433597446191106 0.415880003155824 0.382755526969596 0.194434977432697 0.0685374215112725 -0.0786845594363099 0.19002018166545 0.326310085001674 0.281895264025835 0.161357539705989 0.207861546138986 0.323430057884961 0.315587633410247 0.308630223648172 -0.000264330897769648 0.547718953421297 0.40733440344322 0.108298278386955 0.0904117671995423 0.641818259337401 0.507910150978756
0.395284356289544 0.328721773682899 0.514059444731404 0.533096767718998 0.421836742496559 0.290275209090375 0.604946265824037 0.6735463804732 0.548721502176668 1 0.229576770497159 0.274039077576183 0.257067824066397 0.494814360630379 0.176713172949091 0.408000478775892 0.323265070738932 0.239157154336333 0.299070012607945 0.336557138438752 0.111920432799386 -0.153630569384427 0.293642701809652 0.411348471645405 0.100092673477506 0.199972185579773 0.0337794561649671 -0.0636456864478325 0.364591573951658 0.368126532418618 0.1525600752633 0.298295370681661 0.331394947798897 0.342587000503273 0.0483459848551371 0.121837513823731 0.0357823717376796 0.180223395553423 0.258568072465021 0.0722785634870175 -0.0522296108314963 0.0296825151913235 0.293519415513145 0.220606103793217 0.295628525718657 0.248501377041738 0.290632521402448 0.267981381177403 0.277075843941318 0.206317536687458 0.236460457503706 0.17118995748551 0.215836223273604 0.185057671544224 0.184059120142188 0.185018641733663 0.308972817567308 0.316861490285749 0.406555276611861 0.45784495793383 0.506588494783332 0.639384824915269 0.439171889093041 0.579637627564182 0.23060218738466 0.516108735771541 0.337682620631879 0.352895727310184 0.373320415703879 0.406535575451552 0.419420986057872 0.343928544052105 0.148531339612971 0.174089695640397 -0.0725527739182047 0.210146043016825 0.305290896509458 0.329097578974837 0.180215373286957 0.324198007728824 0.343500392223004 0.295207300480568 0.199724205741783 -0.0704475691092899 0.351880639638188 0.441777267752636 0.0156906575085243 -0.0171111626761168 0.368510137780302 0.524499343438544
0.652709475992414 0.38715905394722 0.249117934452946 0.00528353265532169 0.322624719650183 -0.0281505783511408 0.325437461959736 0.187600314477314 0.419216912644634 0.229576770497159 1 0.514692213265625 0.843213336594676 0.648192082645716 0.461127941810409 0.251428163249348 0.227444234846728 0.106820148716025 0.383186334885412 0.147282194618275 -0.150810611968004 0.00389945915778374 0.373371373256742 0.0047077895380098 -0.155823651465287 -0.155099679520774 -0.00968406407787563 -0.00110633102663876 0.392449527980708 0.18499322605958 -0.168655659629957 -0.125019728124514 -0.0753868138259956 -0.078422065367531 -0.0477297247422016 -0.217464980990104 0.0543396566122132 -0.0204217377885745 0.108426554275395 0.15205911824548 0.163039075487245 0.1185416650248 0.160280943567139 0.195788654405821 0.0474408926669988 0.120514996650546 0.187427245515835 0.173665086426877 0.0766393005994205 0.265474033353493 0.241034591426319 0.285141565721327 0.177278364951037 0.128714856552178 0.361358856289143 0.190916086692873 0.229994229104971 0.298943984649457 0.329453033358734 0.330491878864739 0.60125455192901 0.259462070915285 0.47028865912448 0.269385344299555 0.196053029514452 0.132032353363702 0.0163197993514369 -0.0366656923194641 0.164482682290224 0.242776970089889 0.356258946572654 0.399221863272532 0.2272381363099 0.0342703016014064 0.114510458911519 0.112913633264426 0.219486608503497 0.0480608001236487 0.161656187410541 0.202957478457489 0.169462277123427 0.166773699162272 0.27642299165136 -0.00030135348983465 0.478267626203119 0.163362480469804 0.0670142576155174 -0.0526390839969793 0.530640253417587 0.35874045278887
0.64321600880792 0.608042431889516 0.18373257972529 0.339882867462437 0.331592589184187 0.232048496433623 0.18737836645754 0.38616937574593 0.290461856638422 0.274039077576183 0.514692213265625 1 0.437190297750309 0.760887597480579 0.187346720293119 0.395512246886752 0.304429141091497 0.362726963585259 0.413918468445663 0.412094787125406 -0.145785815673615 -0.206745431609236 0.334503775777103 0.123446931224402 0.0593430862173813 0.00390331157343309 -0.0727778957340083 -0.0672831933888506 0.390770215377156 0.545384787775165 0.123287741889724 0.182454131230077 0.167134641940451 0.252154848564128 0.0716104911529171 0.0774186500494712 0.113568688481505 0.0886985608122786 0.0780573259643299 0.135751905171821 0.100693259770267 0.129560993814133 0.340198097963038 0.369105248038592 0.228694447297213 0.260756138636825 0.415023239887005 0.328660903851299 0.29907040708382 0.390372705300679 0.454043267480276 0.481266103486727 0.504366995445637 0.237586595006226 0.444094873661979 0.411717646437263 0.361630482300324 0.435744642765282 0.491445744803549 0.547189755468591 0.393538204144285 0.230329474143524 0.369637253533574 0.554669221396688 0.0710108569642224 0.0948606608692356 0.121671676844836 0.163490933132305 0.23793344146736 0.286222875487064 0.287364106685205 0.38518864365156 0.309626322700177 0.333211036479209 0.199330442653969 0.388372882084595 0.410770208725191 0.387674939230642 0.24029402174643 0.37398976576531 0.293729147086954 0.411131710045743 0.15245977954902 0.0636736046496332 0.334006602118098 0.355700346847032 0.00824816868381678 0.108081972830052 0.349374950634817 0.540534556776379
0.612645397614662 0.280978380705012 0.322727039314041 -0.0578398898511874 0.320617627160673 -0.0902167505415516 0.437110750348313 0.195469845386625 0.511743095597763 0.257067824066397 0.843213336594676 0.437190297750309 1 0.640995009147354 0.520808631790987 0.255658615265519 0.114797595717614 0.016022112969651 0.210137853976811 -0.00620086243585014 -0.0967220466196228 -0.00413163334592806 0.457437152053977 0.0401427170633353 -0.0503374683688614 -0.069655763585721 0.120490770436729 0.0700284563842387 0.294834775898554 0.0737544206389023 -0.101231787820055 -0.0783226678162132 -0.0108585663179232 -0.102669388859898 0.0257514950362023 -0.231152480836547 0.127961265900877 0.0892633539592378 0.146108496964969 0.246683417837591 0.128372807862427 0.173323838386127 0.0782268299135572 0.0407512206632288 -0.00967970700596779 -0.00308707338433916 0.0549006771126398 0.0572846648164093 -0.00467847088670513 0.177879697187496 0.169057677876518 0.196955662708952 0.108486263843656 0.0124035202584583 0.323279599182396 0.139267138658315 0.0896555857894968 0.174253097873993 0.358427503067126 0.325263623909496 0.722565829011488 0.308113297082511 0.403554509287955 0.158003455372178 0.331700694853047 0.228551236348208 0.0862499991037226 -0.0471355213558457 0.126198948870448 0.215506273899652 0.382888876075761 0.435647314614851 0.237312933684824 -0.00803644156224972 0.0390110841879911 0.0664046178607817 0.15984598417627 0.10069397440804 0.161330644836886 0.15138659667208 0.0938557952391144 0.0822436520424905 0.275548228463913 -0.0784395026152546 0.480348315020732 0.145071970016279 0.0409814975055874 -0.0827450973810594 0.619153496581457 0.371138349118443
0.654731092394718 0.493931226369757 0.33148051324926 0.35068130975897 0.361619072454845 0.314310335880771 0.377757176730239 0.521707834608063 0.427633463668963 0.494814360630379 0.648192082645716 0.760887597480579 0.640995009147354 1 0.318028198118803 0.542873393597405 0.275757438773206 0.23797370243262 0.358593975845174 0.337597562115064 -0.0414736206857189 -0.156170261049249 0.43059987968331 0.296823416839756 0.0441228138089693 0.127910180054194 0.0030675121184092 -0.00550636040356611 0.442601745888438 0.466656504532869 0.0973744060526116 0.218066350556155 0.227572513293723 0.213252141656035 0.0370702596661135 0.0549444040839687 0.0416337109402507 0.160221701440465 0.11301440587196 0.207779942406234 0.0773242898270476 0.123226742484311 0.297391071164891 0.279852626066265 0.20552223745436 0.199817626688373 0.346972949714819 0.243447465311467 0.198722424452142 0.268643875151988 0.321272536159956 0.317345099884912 0.324599889504481 0.120280916938342 0.403659943343231 0.297036717839505 0.312625935741738 0.3394000955412 0.465810253683647 0.481779380376376 0.571461583288448 0.445707243392073 0.504410733694325 0.585622554651299 0.205490892541635 0.338680399387966 0.158586757387664 0.163315976286959 0.227100367747288 0.250506598498213 0.444953411972039 0.478146930371738 0.297627898497347 0.242472771816935 0.0969622980337427 0.298729169936519 0.367843542991333 0.298688194046094 0.230800308791479 0.342190412548081 0.308092792643861 0.375053714101272 0.178044448780765 0.00759038988894181 0.445764856648322 0.433076457189587 -0.0740973306930132 0.00844030772281133 0.471179322479477 0.576550880261048
0.36587462498233 0.113357622675587 0.518958618751346 0.0269754502451889 0.480348644270569 0.121256046189046 0.225926899582663 -0.101042902391197 0.427686563297045 0.176713172949091 0.461127941810409 0.187346720293119 0.520808631790987 0.318028198118803 1 0.544110254028063 0.0819368520280734 0.0587287786153707 0.171079201952066 -0.0206839127712031 -0.0066182549922758 0.220843507277833 0.645260259556183 0.186410562496719 0.235090479932557 0.00398094116108115 0.49544464156354 0.317242863491119 0.207839805860201 -0.0179062648643867 -0.0392176275160104 -0.135841175886886 0.0232739850494548 -0.0549486662103668 0.110655319417919 -0.0272906203513432 0.257961015292101 0.0423660686918527 0.277147488989151 0.124499416818105 0.261842637058451 0.136350932798 -0.0392201725543523 -0.0810822044037353 -0.0471105264063341 0.00498757630143705 -0.0545762707160744 -0.0441474074469862 0.0429237842529125 0.149262498866902 0.16670354409727 0.174302404807283 0.108740002290489 0.220777477929734 0.267326167635573 0.0601785556286529 0.0446874714719291 0.0593579512944995 0.0581997309646467 0.133667507926824 0.449705051823636 0.133364450609047 0.45252509608476 0.0855703800671007 0.645177013086378 0.165349826922707 0.129861578593489 -0.116535489059669 0.0327595611143683 0.0933332140764052 0.221551790754327 0.190707263788691 0.0403329864200216 -0.113294564466294 -0.0808918394032531 0.00780423834972653 0.13255118613533 -0.092240662156863 0.112900675995427 0.0911664330171875 0.0822500029342188 0.195708118074095 0.546974927443108 0.448637408013882 0.671855824471642 0.286998749793664 0.301374240796653 0.439981476855292 0.584598733557888 0.355142847753786
0.260844623927195 0.218534220218417 0.528755178242365 0.48004178745221 0.462219756549695 0.579653265900114 0.285900950184412 0.262750122157982 0.333072785169801 0.408000478775892 0.251428163249348 0.395512246886752 0.255658615265519 0.542873393597405 0.544110254028063 1 0.126049012150925 0.136506795866957 0.112556112025082 0.212959990370576 0.104202016020723 0.0623539050846957 0.593747372717297 0.622481159587221 0.299112443993834 0.329341444002793 0.302785808794374 0.278119645164172 0.267249679669179 0.267786309066821 0.252374986608697 0.230077644616793 0.296989429684592 0.258595609816659 0.0982235006686323 0.224786991735646 0.107664918489572 0.203034254255747 0.202000545691741 0.269670993921731 0.17717974635754 0.0228572378908998 0.109535679638717 0.0371191778709041 0.109555425823185 0.0893533152095334 0.141286683513402 0.0589620398405706 0.129223011280488 0.0820784366157072 0.215236544477567 0.217234867345306 0.235773813861349 0.200729319814452 0.265749669338382 0.148695363832646 0.12233734945567 0.0826898671427322 0.124696075004592 0.193971115962182 0.360093224028232 0.349097364410769 0.500178636734805 0.462208569283257 0.497792835489475 0.398208556636502 0.203461500628747 0.157938354070938 0.0625155867685993 0.0877651663923971 0.262245611780945 0.263039563173334 0.134855878167523 0.247805191908421 -0.0949084747054347 0.267543100048689 0.170463673039104 0.195803844335006 0.185791487053195 0.203677201034284 0.258788556635793 0.477688728990145 0.395262872894607 0.466981701924774 0.579537758411123 0.647829412732703 -0.0345775009629414 0.48512008749683 0.397490064513372 0.599034689298157
0.579377740476337 0.64480783138015 0.216991516185207 0.349696752489731 0.292949815954804 -0.0571395863802761 0.363283858068818 0.445682092076604 0.261714951715074 0.323265070738932 0.227444234846728 0.304429141091497 0.114797595717614 0.275757438773206 0.0819368520280734 0.126049012150925 1 0.848801989892435 0.570836645184315 0.632558674610926 -0.0259643530809754 -0.251433620309991 0.142756375343139 0.0656221516168281 0.135651557265435 0.13075909056621 -0.127758831229525 -0.464253165500101 0.738328222318621 0.704168960931989 0.226186225759373 0.320405353055931 0.433475461002575 0.600952362130062 0.132173987527616 0.145520821892119 0.185940481864478 0.152793535859819 0.287859416396669 0.0964261407849506 0.225592315990023 0.271077138347271 0.571128844139155 0.600345335834024 0.534799438840044 0.567404770641623 0.647303611864079 0.642183840757894 0.493038722643107 0.413260577805905 0.532794109217248 0.396194908694499 0.439985483035922 0.437091939875715 0.431288333253554 0.48911964226769 0.821555257910681 0.717775301041256 0.393510759209487 0.341433286662993 0.139921091594638 0.130794382194784 0.543304983926819 0.571614782483782 0.0554069018093794 0.10198139810789 0.284285814979018 0.33438934562183 0.610737905292505 0.641110670789103 0.400973472129154 0.240354121161283 0.345891924891082 0.358803098148996 0.166254989457758 0.113216322011289 0.422958851862137 0.317088936246867 0.60730430304076 0.653672134962276 0.702057012375653 0.457400785327299 0.230750772066926 -0.0686859117534543 0.380493868030981 0.329847421585391 0.302343534123723 -0.0200951850392278 0.308702465186523 0.283265926373803
0.545094175560591 0.687212236805729 0.236610144873848 0.384020109918397 0.245203454023044 0.0126119486732103 0.299446110665261 0.413639736502801 0.200274641092053 0.239157154336333 0.106820148716025 0.362726963585259 0.016022112969651 0.23797370243262 0.0587287786153707 0.136506795866957 0.848801989892435 1 0.562175442619649 0.655341413511061 -0.0116810570870835 -0.26051910444968 0.165913365167217 0.0894349279314277 0.240346464222169 0.149459608749143 -0.0592642800206407 -0.377198247096133 0.687696750222434 0.753818693735931 0.313100142546123 0.35336260145081 0.504174543232989 0.592227645945918 0.164858006773444 0.191273243981957 0.250870032334181 0.177095791334541 0.288481600797204 0.125878541112585 0.242445847649761 0.30209962096785 0.615179173524538 0.661676584985972 0.56193231687022 0.582808335219606 0.677614184740582 0.675541119909424 0.54221186459487 0.431654975695032 0.517536849924274 0.399874206425657 0.459025155518841 0.483036738949414 0.449203756208368 0.544314940466975 0.798742864966184 0.725678613843851 0.373793899046949 0.337277790511604 0.080935595095726 0.107287716751464 0.412199746379112 0.533532365029582 0.0512277143740287 0.0461123789847185 0.266777423285544 0.299421859099697 0.613789612186274 0.665576541350638 0.389682012693479 0.277092751097592 0.403902602134415 0.507332344676649 0.193107508132072 0.270791545123851 0.411065054080611 0.327852787250005 0.624250049193426 0.685836700028419 0.690853494481669 0.52704196647039 0.189301916101582 -0.0387662362274611 0.369720570718332 0.356140032083779 0.27253139767139 -0.00470019079458792 0.318796215686439 0.310095156256637
0.727446223531566 0.732975200576937 0.356701433063543 0.316685164301768 0.33541695455793 0.0251445859946911 0.394278289186896 0.449459505223526 0.327036862097047 0.299070012607945 0.383186334885412 0.413918468445663 0.210137853976811 0.358593975845174 0.171079201952066 0.112556112025082 0.570836645184315 0.562175442619649 1 0.729932527113872 0.0462585845604365 -0.132329400978666 0.241691839604567 -0.00352799750062935 0.0858268634245552 -0.0116290856301001 -0.0916393409263052 -0.351943378875907 0.614256351170909 0.550587942008176 0.0812261577799194 0.205849697669818 0.336238848193297 0.402904554973596 0.0847239194509883 0.0769117130626347 0.110529227763674 0.0280061842766716 0.165906496926427 0.0248134136338373 0.060516400919219 0.000954712654923016 0.49047968876612 0.566217100709416 0.441526370755011 0.489527816446562 0.55180900080703 0.559973784647897 0.46003621138112 0.414693760101371 0.416904821022362 0.381280206019005 0.403636259547637 0.387789364998927 0.364176699150233 0.433559280147528 0.72116790810183 0.648405947758147 0.441652570707038 0.459139240471761 0.254383622367542 0.176722265161215 0.499788755781873 0.458671370674554 0.0640105194423545 0.0833293605141246 0.290565902182774 0.309277732866451 0.630998560334095 0.567448135966499 0.501186421582324 0.447507689492793 0.390579628735285 0.317867719175822 0.120678712476923 0.137969822206859 0.407175717517882 0.257528237968201 0.326113873608582 0.449129943780375 0.446258553923887 0.32409410219269 0.189568577311298 0.00354353721466114 0.391786474299298 0.264040297012193 0.25979459098912 0.0253258303962174 0.357181034037435 0.308884056666332
0.518438994062145 0.658178032412483 0.246421585543833 0.486039486615387 0.278969001250091 0.177377946104041 0.251366378035331 0.484614942990901 0.183220821387606 0.336557138438752 0.147282194618275 0.412094787125406 -0.00620086243585014 0.337597562115064 -0.0206839127712031 0.212959990370576 0.632558674610926 0.655341413511061 0.729932527113872 1 0.167664840839687 -0.227890840920459 0.147381655630974 0.160503341537425 0.111504384088906 0.0453749196597393 -0.128212700372749 -0.363648835535316 0.635383872722108 0.71001592598733 0.226571521815081 0.329731099458524 0.444187787160846 0.572254125740568 -0.0584951910987943 0.101383422701439 0.0378555191066534 0.0423913562656477 0.151776769115064 0.083037987539073 0.0893945065732694 0.0251810417808809 0.453581200138547 0.521815543191999 0.392561877485184 0.45728363726965 0.585050332621259 0.584072854581455 0.449295701549959 0.320954541541925 0.388201754271132 0.297039299237826 0.428973381137567 0.38385434727346 0.350365220610665 0.46371338928475 0.652691740489781 0.581013375197087 0.323609225785979 0.359427076603799 0.0759229218813898 0.147077936782198 0.469475422050331 0.554791012582222 -0.019282970555849 0.0324669637832022 0.139401426667537 0.246541513109562 0.629801588370712 0.546666985803696 0.436708695131894 0.373980405270278 0.442354270499024 0.521197469829749 0.163759701073178 0.268979702282335 0.464108056546655 0.329227744216849 0.381324007057911 0.493192803797667 0.489624631915095 0.425359282428216 0.0670424548622072 0.0110404148519146 0.301295399345087 0.322788394609015 0.267520271667938 0.0146176325298015 0.249304211194381 0.338954141960768
-0.0776032622593863 -0.00867059239712314 0.108330693925947 0.21046570868531 0.0642989528115969 0.212095566394585 0.104727977728635 0.170373775871778 -0.0181290939456573 0.111920432799386 -0.150810611968004 -0.145785815673615 -0.0967220466196228 -0.0414736206857189 -0.0066182549922758 0.104202016020723 -0.0259643530809754 -0.0116810570870835 0.0462585845604365 0.167664840839687 1 0.00450565834138764 0.0869301219892964 0.243349627253629 0.272212361557874 0.264292177831329 0.0632486884675083 0.0653467039362279 0.0547925331535022 0.0389438471841206 0.20814729440471 0.17843024297356 0.234680348445203 0.165290999667914 0.0458504598303773 0.146225274666696 -0.00953732578854403 0.0513063916880705 0.0464789502606547 -0.00238458164687221 -0.18365879571324 -0.124230103042801 0.138698612751928 0.0875492144504506 0.165467735500271 0.146090806587551 0.0817868461917195 0.049784674502171 0.0805468347959022 0.0118551205467277 -0.0580779858236307 -0.0631219145853142 -0.0632641028113219 0.0154281514575333 -0.0187705006334139 0.0365031901956276 -0.0108556264923737 -0.0124656183138844 -0.0817159394845068 -0.000319298598095442 -0.0740682807009507 0.151666446812749 -0.00382544518815004 0.0550314199040312 0.0885917243525356 0.122745954545709 0.193211298291487 0.206180340456183 0.0815243456638851 0.0251208186385284 0.253765986811672 0.207216614631663 0.187773020405033 0.259096124725717 -0.072764379033723 -0.0135083862799592 0.0477037304022207 0.0309633625453316 -0.0400146393456159 -0.0182504862565182 0.0361763724251974 0.0352670191479966 -0.00654415861003174 0.0918272446302945 -0.0154430634690786 0.116254870449719 0.0182844710696033 -0.021583789386935 0.11043142483081 -0.0143967950690155
-0.198120416801645 -0.162629364497549 0.157332195772495 -0.0943349150146397 -0.038876708600654 -0.0746723372357653 -0.0017063855564886 -0.289843482478222 0.0362793809324981 -0.153630569384427 0.00389945915778374 -0.206745431609236 -0.00413163334592806 -0.156170261049249 0.220843507277833 0.0623539050846957 -0.251433620309991 -0.26051910444968 -0.132329400978666 -0.227890840920459 0.00450565834138764 1 0.16264132588739 0.00336208832337034 0.202248619613396 0.137055109975342 0.16404048221505 0.229762315422846 -0.203474360961992 -0.296279761846559 0.0343962690560226 -0.123196001601494 -0.0864418284561552 -0.224725276703952 0.0193055367395897 -0.0746590793161698 0.167561156432072 0.0649583674540589 0.0518728886943211 0.107389160476955 0.159581684107862 0.0154213924947061 -0.149747348901321 -0.198017995985886 -0.112812498096812 -0.110524994998217 -0.201278399828679 -0.186194689554558 -0.0637682991695096 0.0207300559092229 -0.0252718163561063 0.0121501864184565 -0.0282609378820175 0.0803532900175203 0.0311152806989464 -0.109563583780122 -0.196245788003206 -0.18472876563783 -0.222107492580718 -0.103211260291946 -0.0603324368188856 -0.14371887768473 -0.181103984794729 -0.300975677671095 0.0895779633029968 -0.0159519894843972 0.0310331464111497 -0.104459173240714 -0.138527050191261 -0.137754086169722 -0.0950038224715099 0.00405508023465727 -0.10498989837714 -0.113426525266481 -0.112921437878916 -0.0911765202392164 -0.153817510335572 -0.248787321865759 -0.0133066104625554 -0.112523205668617 -0.0978978449476917 0.0125393173827106 0.126706528184209 0.195817851364536 -0.00103263143053338 0.000253701785928465 0.0359735024690223 0.214332648023404 -0.0366800848240523 -0.0307739869841918
0.405945226456849 0.280968457823565 0.780260825915176 0.425048586532499 0.5584280252334 0.301550336388727 0.485704146553968 0.231691154775631 0.49270622173114 0.293642701809652 0.373371373256742 0.334503775777103 0.457437152053977 0.43059987968331 0.645260259556183 0.593747372717297 0.142756375343139 0.165913365167217 0.241691839604567 0.147381655630974 0.0869301219892964 0.16264132588739 1 0.571726740888219 0.591360853446144 0.435944260104097 0.445607358272845 0.226601397932445 0.307338398335178 0.160328730571867 0.343160562832194 0.257502832359517 0.340497611625749 0.211425027587263 0.390765489917979 0.244015383119018 0.377560228657392 0.215078582326437 0.369636211931109 0.273472378473145 0.129250020715198 0.225412366677737 0.109922485152853 0.0404071358509114 0.123089410396585 0.0621738206579107 0.135236230872305 0.150223363237225 0.12373262505317 0.13313857097273 0.252201916413781 0.256047153125808 0.256478775089138 0.28351008758092 0.368444993092367 0.2365163519581 0.145846487958549 0.137315299875244 0.0745378012463649 0.173420881083011 0.459240397191634 0.378483600525221 0.445462240533666 0.299877282801342 0.7421714566971 0.463163359235082 0.398056315075382 0.18096166261635 0.160248905582524 0.313513742423429 0.317235544488951 0.497997123383561 0.289770856041548 0.147548140481 -0.00640203082105907 0.0665669320040111 0.296356407527873 0.25613950838252 0.287652815519684 0.318504550825863 0.292612000153585 0.544866154384693 0.481979754540725 0.409474735847048 0.672837768815407 0.544050633427073 0.274911288233899 0.413119917334743 0.583203191629775 0.541508718931506
0.0352286796352479 0.105278963757184 0.61161500574239 0.733722831276386 0.409134760271191 0.590795658727376 0.416482359003365 0.471212502061134 0.261943321825942 0.411348471645405 0.0047077895380098 0.123446931224402 0.0401427170633353 0.296823416839756 0.186410562496719 0.622481159587221 0.0656221516168281 0.0894349279314277 -0.00352799750062935 0.160503341537425 0.243349627253629 0.00336208832337034 0.571726740888219 1 0.374255959868676 0.520842461343236 0.215587249724714 0.174161984003062 0.112828708983422 0.123393976284594 0.312171108653369 0.368299333496318 0.373165148554219 0.314079949371854 0.215805588394033 0.350586743073268 0.0762169743320092 0.225515080378182 0.199513602151338 0.209914416974516 -0.0289516999217466 -0.0361506783663631 0.0849890033281064 -0.0187503219938474 0.125883726167454 0.0354298727590557 0.0858348574443711 0.0636324003998984 0.0691151762937722 -0.0298825350995076 0.0839474459854965 0.0692165187978702 0.0999185667800732 0.137820017833732 0.0880444697402611 0.102690521237265 0.0563179042351523 0.0415702461307025 -0.0186709720055797 0.0910431953464308 0.283566183188376 0.607635063200809 0.312005799451856 0.481335604743053 0.521740921731494 0.684100733537357 0.301724373815359 0.283597333076679 0.165726498342416 0.220741734371184 0.161165074562077 0.268393304931371 0.157927782893415 0.230945404301906 -0.187490379195274 0.159399449395751 0.206615389701462 0.2532874957649 0.100968071891119 0.200305867138666 0.25920415679 0.496409646396201 0.213011714110429 0.236551797250216 0.422798464582657 0.721813063779371 0.0788415045396277 0.27530299177161 0.267036457214412 0.509504429842892
