1 0.768536989113707 0.38114419152855 0.237751942480943 0.276042003734944 0.203639072087234 0.482158071154079 0.335866835784182 0.27036899463293 0.190915268557769 0.665271245529818 0.685945310611392 0.69064511049742 0.60669739934198 0.464452468790835 0.452533205398977 0.677409241843645 0.712735452874549 0.712809206195892 0.734071345994184 0.206243296185654 0.00382158413096393 0.250952796596864 0.197115779167644 0.366423447772746 0.138183376166308 0.435443026836571 0.109589041536518 0.511021943984817 0.71065096897989 0.0930799607560529 -0.0959415268906222 0.447031161887091 0.357565307178322 -0.0492297367485132 0.164023002808535 0.403685707021666 0.266379532756122 0.437831987698923 0.485962613915182 0.343750147202942 0.16724636202807 0.534670270719996 0.585120365039517 0.59732815440827 0.696301422872498 0.604883332359497 0.549008078229897 0.6289677809424 0.667252118893665 0.571327044697349 0.547051020345387 0.461512560945118 0.266567046548473 0.660648714473222 0.647719944957619 0.749059687713757 0.680706941047679 0.512716846417278 0.543734290993655 0.590784517087764 0.196087064443724 0.642557783235024 0.483315305431776 0.140482388711541 0.0180163844334213 0.15529609976071 0.257411441871638 0.464587031511156 0.449257621251752 0.0916777379041235 0.204833269458045 0.399518485001336 0.384704837895967 0.204685355555591 0.102438919985035 0.121839035925016 0.214725128051706 0.640459858381858 0.69321714672469 0.700644038593056 0.708684997136237 0.516442654601688 0.343942084069895 0.535685422621208 0.527967093238632 0.295474338412931 0.379833013180162 0.65280242798978 0.476097806981471
0.768536989113707 1 0.25252981427368 0.243165494058922 0.222887408735799 0.179503315484344 0.25305728056758 0.32578050578731 0.150177909608265 0.124328981777748 0.418780945648959 0.674733911211122 0.414784625727968 0.529647968289387 0.192300327291448 0.30791067970604 0.700528150635532 0.834113618160299 0.635930848188186 0.806404927622073 0.236720739245562 -0.0517370874793046 0.101142146630145 0.0918602243184053 0.354175382682078 0.124370498281913 0.461077139175291 0.115219916188301 0.4836022974006 0.723564600807129 0.0664548443885111 -0.111047169024075 0.406005440279771 0.409958302024592 -0.0940620226544276 0.166300135556442 0.348614434502927 0.310145807326871 0.399662145344537 0.498683503054091 0.298586007774753 0.128940060965774 0.47738910749169 0.548305060429411 0.648440377516516 0.846313586571834 0.624305597506455 0.531967551800858 0.732104057644181 0.777295065598726 0.595653850813827 0.636950433293952 0.556337119092611 0.31223632247969 0.706268868990109 0.74528985190145 0.859680057683117 0.895805410733835 0.617359579370272 0.655593418867369 0.38473059534702 0.226474501341586 0.553659627732373 0.55996515473737 0.033338022689728 -0.00995973559082958 0.0666356950901678 0.200105324321141 0.578003465928104 0.639869795739642 0.0417836183139373 0.211189238321048 0.457460172844765 0.473490220115505 0.190165377913907 0.0783451253677513 0.0688093165918416 0.126493996395799 0.557803893917658 0.750009980085639 0.753393463714178 0.792315754624074 0.525436977729136 0.375245840148744 0.482749633903914 0.566583813117093 0.34860715070367 0.391951878417665 0.597694131621072 0.590213402335892
0.38114419152855 0.25252981427368 1 0.715821442434801 0.497058090149793 0.362353622892919 0.782005565172838 0.485102644856506 0.558692126683491 0.218122963888679 0.0474770668032398 0.117705927556965 0.347409945082336 0.128494912112343 0.412460120185831 0.428303908546609 0.20720849009698 0.225469993330047 0.354290937128206 0.241252124023334 0.0840378928127196 0.0202376899653847 0.785082865824645 0.635828182865596 0.728721698066043 0.645489887247836 0.488729731721727 0.191774732593809 0.189328259791511 0.303847863527353 0.518722364872287 0.372328202752702 0.592230130374726 0.45867744278313 0.634149164379796 0.625004572251641 0.363354042189261 0.297273642013048 0.30733572969997 0.246654710762474 0.0610129474807549 0.200184090613275 0.625339296990572 0.600769642704517 0.458146646323135 0.303804313157203 0.555557723811228 0.585149492434458 0.465648427260485 0.426643671132222 0.651486847652292 0.554447464071383 0.411439913245957 0.470048136108441 0.420502480671636 0.355111226355184 0.289187564973847 0.236499840099186 0.357437010126782 0.427422803964754 0.487963639080396 0.302851760341713 0.141719192472178 0.241625640654328 0.803237984044112 0.656268431307397 0.697009435122527 0.69217666721436 0.106010364106057 0.115338168377942 0.177395905084144 0.268659844946591 0.0866020652584022 0.255727679209979 0.0582818333035532 0.248038869496903 0.387587419389601 0.313604293514147 0.298327457072634 0.392671691054899 0.256466608242967 0.30340272138128 0.232880080270744 -0.0925762289493864 0.555887977139535 0.532344168788914 0.145741210392253 0.235868488693026 0.583991875296905 0.505120607423698
0.237751942480943 0.243165494058922 0.715821442434801 1 0.255067483914579 0.527050994218003 0.69396624594446 0.719936131954146 0.3853562848932 0.331041471959312 -0.06713211545996 0.175985086392257 0.0538563535309609 0.118297944381944 0.071626924648155 0.33293632925448 0.23314293302841 0.227711918363159 0.260558160827031 0.201415403672216 0.0840795537223539 -0.0822653064974119 0.518693472170804 0.723924323922753 0.524004260091199 0.564610104716898 0.324219563975822 0.121717936136492 0.201424553464237 0.338154448612191 0.509313379193735 0.448663606683377 0.535753050736214 0.53966331334394 0.510162264764202 0.562563578214355 0.40421867006114 0.243794945433956 0.331100008157999 0.266571681617596 0.115434008905091 0.200060642656771 0.563631935890123 0.497687508147737 0.407706294314717 0.294561941094973 0.4966262750034 0.51676801645143 0.436031013339832 0.386599493034371 0.573537837856597 0.47990915810887 0.437844380038099 0.445060156675215 0.375880258943864 0.356265153861309 0.26475415382038 0.219673945310645 0.443486506055223 0.453253214720103 0.51130066434967 0.631915515318857 0.243878952707732 0.394783093404108 0.667003055179052 0.817102188369169 0.620614954150736 0.748839411743187 0.00120374961476352 0.0973583892034821 0.221039315136564 0.251187294844571 0.00521546241288398 0.186786933813112 0.071281060557658 0.228394890624518 0.43963268947627 0.480377989625844 0.242090079010971 0.364947661907941 0.317309697591757 0.289194287189959 0.214563553013147 -0.172710450102151 0.363273868674645 0.555531174946105 0.0411427935882015 0.0872663148526731 0.432500626196238 0.483372241078982
0.276042003734944 0.222887408735799 0.497058090149793 0.255067483914579 1 0.428985379565871 0.436882855199701 0.29371048930489 0.77518507792753 0.437785431156182 0.148352477585525 0.127624339382102 0.386218205734446 0.207440326334684 0.427417587278763 0.488359080083084 0.12878522385764 0.225794575068763 0.202437164890798 0.184061274280899 0.290609898898492 -0.0598411183137228 0.426250472606691 0.283057747796563 0.40407787629527 0.274839385490545 0.441063289927761 0.165149086207098 0.100597943682926 0.232261519650989 0.1775152086989 0.0508161107748224 0.377775553869259 0.260258233194351 0.324657488556997 0.363151135450832 0.137428042980349 0.092544800482088 0.120052486098277 0.138313626492954 0.0363485098369459 0.19462924616904 0.354674582757042 0.353133542191206 0.320557157939618 0.263411572911879 0.339837717169047 0.36946384754028 0.332293162552236 0.316172236536075 0.398645798443961 0.385356896401801 0.274941759602561 0.342175273573489 0.295378486322854 0.335324765001818 0.245170787292791 0.227949761649376 0.203997481313201 0.261211354667939 0.379761532219379 0.237216018278722 0.0750557338019038 0.205055480912928 0.486819590931956 0.371100264009653 0.374298050931687 0.359097254121724 0.102896442001551 0.109826362420873 0.0608378336878107 0.0880527844809268 -0.0254720297539659 0.165123083492451 -0.159261202584996 0.128454385250485 0.130606789860982 0.154738006027948 0.247066816579317 0.215299286493842 0.24754232301724 0.322113233385932 0.155278640182254 0.046301312958409 0.516551628067377 0.480579330330609 -0.0165851456508069 0.236185372770382 0.518568661341382 0.43916695136642
0.203639072087234 0.179503315484344 0.362353622892919 0.527050994218003 0.428985379565871 1 0.481737158673534 0.665064432001304 0.593467281980049 0.604086914622962 -0.02942505674354 0.254248648251125 0.166223409500135 0.383339422893321 0.101500440858756 0.534486562089556 0.213900896204975 0.233647339011993 0.373020291092802 0.19990083946895 0.143901863514772 -0.060815804269306 0.259957494551034 0.460026392287807 0.287693257489453 0.257374054932786 0.241116085928675 0.232701624477291 0.160243762505668 0.355098822379967 0.26672173419996 0.303360053381684 0.458488109123498 0.440099693192813 0.397012904273159 0.477711336014371 0.208195180481062 0.0729738558356503 0.241283546776165 0.183581139789135 0.0483406131577024 0.102077636106169 0.467359647207246 0.393968616571969 0.154931837613885 0.171965197110144 0.324406058708461 0.4482464761414 0.301728844775807 0.265988368304388 0.376171500650776 0.392398971083009 0.329478828761244 0.497013065753595 0.272310823768879 0.308698766886079 0.138747580916034 0.0983507862465548 0.295672802704558 0.29858567694307 0.342571123845756 0.579551721200211 0.176687091890786 0.403611852918783 0.411707899340264 0.577603712472657 0.424241452527174 0.490431436345922 -0.0598375799276238 0.0589487095289811 0.181437569320794 0.24477288366733 0.0182524278857467 0.196291353966866 0.00421940318075543 0.177197012591145 0.354194608518423 0.442352206347772 0.149144143934615 0.235114614850311 0.251093121052191 0.316435474247141 0.232201322336001 -0.0953244884325725 0.347118300871919 0.523584206606762 -0.0180829527315783 0.0592501298283612 0.404068426106672 0.468220183246126
0.482158071154079 0.25305728056758 0.782005565172838 0.69396624594446 0.436882855199701 0.481737158673534 1 0.741860692173098 0.598591168983983 0.343679701687357 0.274122789135548 0.299906051272462 0.447361094241306 0.417967202212051 0.319603072326282 0.393236030080718 0.40170963442239 0.318976963885121 0.451594758369042 0.31689103220896 0.115289162837329 -0.141540761759303 0.572517401600535 0.559395184170279 0.493751807525264 0.358920266531518 0.264829218444811 0.0209562132998036 0.36316293563117 0.430432652030041 0.522222690489541 0.358753003385927 0.687922251706689 0.568156391323866 0.530141093587962 0.583546632605252 0.390012276552639 0.146544567243874 0.406561471702361 0.261895963514699 0.141395147356773 0.14750549902872 0.678086257534317 0.563750852967775 0.374537272467041 0.279361397469951 0.524348039990515 0.604551215707304 0.416053027662843 0.412522595207068 0.594355129439319 0.538002845472016 0.488602448298823 0.528445077185692 0.410275023590772 0.368260987373861 0.250437140322578 0.154496072148283 0.408737631012842 0.440331738052582 0.666314097087009 0.585266545584789 0.411514337764362 0.494085760484003 0.673786349443725 0.649989772183708 0.688857478349974 0.705834198407436 -0.0528463256395863 -0.0181854056562155 0.140908718479577 0.264391007945623 0.0764373839810845 0.176088231217307 0.00694695702637334 0.15563890364817 0.541223616829092 0.561490614872073 0.35235011389269 0.401836417182177 0.355280469186978 0.316726084092367 0.309086075108015 -0.149992176802067 0.465987505364602 0.500604837336441 0.0685827291385036 0.093848726570407 0.585149562788543 0.432566591875555
0.335866835784182 0.32578050578731 0.485102644856506 0.719936131954146 0.29371048930489 0.665064432001304 0.741860692173098 1 0.503137821852832 0.554889790705172 0.171936698308117 0.500681110390187 0.263268077749625 0.569907214912068 0.0708268734710684 0.440090788890281 0.408668394698186 0.419266896699349 0.503072442509195 0.390014995272079 0.148860917829765 -0.224353271070643 0.348232293465324 0.583094067948062 0.334095769443362 0.246236582091858 0.188465727523132 0.0692631930349699 0.390610532568756 0.563526398268729 0.516190721794456 0.437186462699183 0.659232693923947 0.667853604076449 0.428233812736928 0.571228577603473 0.37693950850221 0.159678173485492 0.431234095829905 0.256203533423622 0.13971379261643 0.0539897737600847 0.655958681382806 0.535002290893838 0.331428538869883 0.318569057625354 0.501402749997227 0.614662862836815 0.457930554965822 0.449100877599694 0.525553347723598 0.560489359975567 0.585069258754555 0.630115630034994 0.415974933239663 0.428392825218013 0.228198445078099 0.184176384758688 0.503534467492504 0.517071394059334 0.578493675444068 0.853252567499512 0.450498949946479 0.666043572616055 0.468333744434729 0.671674085830069 0.553171705268944 0.656508682043776 -0.0818497301082004 0.0387252911983775 0.085519386700275 0.368574056689035 0.146484699014496 0.236231759752106 0.0757357486897859 0.146817374354765 0.547373214805209 0.620514769693053 0.233837813355416 0.432558217952957 0.418220754497685 0.398448468032816 0.412358441338239 -0.0432298358304085 0.376720588005112 0.589759624438688 0.0914540795129047 0.0555253442247392 0.541167164678502 0.586169230406493
0.27036899463293 0.150177909608265 0.558692126683491 0.3853562848932 0.77518507792753 0.593467281980049 0.598591168983983 0.503137821852832 1 0.573419514521523 0.090079545556888 0.185417739756436 0.375715697414731 0.282412157034673 0.385023016117681 0.552575661262533 0.128794635804922 0.190490324167145 0.276193443535892 0.175887923288569 0.257415027979013 -0.0699789333156184 0.468604884201632 0.379468046706491 0.393958469186064 0.289743676895834 0.301030115173578 0.176385296423076 0.121515757239671 0.281819808103336 0.301203111547475 0.19677402973744 0.445269612562508 0.364140886732615 0.400000584491373 0.424536927212963 0.205550358042199 0.135884198848007 0.199803555524429 0.178635258885894 0.0568362601531828 0.183596555033015 0.4311429650165 0.384206612020608 0.223556578582362 0.173438192359212 0.331803544221082 0.438942406739089 0.28378938870956 0.274342535128937 0.411106237174495 0.397832209406555 0.32526834118995 0.442416389327416 0.280517962381377 0.333327503709605 0.172589749680325 0.124804014963537 0.196202748312144 0.236334150461776 0.459103787428905 0.399708107780184 0.107811274143531 0.25844724439188 0.521352550408972 0.496507786829518 0.444664314118695 0.43588497996037 0.00333362462656692 0.0542519794714961 0.16987850868269 0.224604602047794 0.0132916359650266 0.252912876246545 -0.0514593810354455 0.154956719953399 0.220284611881532 0.361576189668783 0.237429072343849 0.250544606995266 0.206110530409256 0.257637733760548 0.161415985540218 -0.116280912396707 0.431493223418946 0.462107657125651 -0.0696176288623289 0.134793253836673 0.561220490152687 0.476962143947214
0.190915268557769 0.124328981777748 0.218122963888679 0.331041471959312 0.437785431156182 0.604086914622962 0.343679701687357 0.554889790705172 0.573419514521523 1 0.00105685348276969 0.284959303934044 0.228942955726263 0.280886800024802 0.270696726744409 0.551831671553246 0.0848220913505616 0.136107282856216 0.272591139375772 0.178263524661406 0.314334575588777 -0.185806903274471 0.299301656458875 0.494021138087697 0.160202340931711 0.193664333923368 0.178158407551527 0.0775642605840769 0.177387249570661 0.259896553293758 0.211569257628246 0.216396753504057 0.211114317407878 0.246775682089943 0.174987520100013 0.193285388933096 0.208664020567231 -0.0800756197917567 0.258407897415219 0.17356536223499 0.0636858782939899 -0.0480159276156835 0.21831829433285 0.160474856746703 0.00203412255987262 0.0835232664714233 0.130450954621726 0.254625235115807 0.0794414569053646 0.0939301092738407 0.141581371481545 0.132182219080473 0.166274617984549 0.180947146637187 0.128175792468433 0.253286070331683 0.0622936430515826 0.0481700311201157 0.0529532934838302 0.12913588294642 0.353694687178003 0.557366143579491 0.0729645045247406 0.205407685033842 0.286648654523143 0.394022786442662 0.0888755478822196 0.224970829753018 -0.0633829190980151 -0.075942816835549 0.0218789120401402 0.201023672469928 0.144548178122443 0.151472224345083 0.110525204119618 0.0795050316217092 0.0755411471794553 0.31990574037148 0.159861040685425 0.205614320915208 0.184232905037995 0.197376501555808 0.18101928964091 0.0481430159810029 0.201681653631208 0.324360869280359 -0.00626306345590598 0.207532764329154 0.320769857748697 0.344014079940538
0.665271245529818 0.418780945648959 0.0474770668032398 -0.06713211545996 0.148352477585525 -0.02942505674354 0.274122789135548 0.171936698308117 0.090079545556888 0.00105685348276969 1 0.633714695957903 0.682553483229784 0.663050158687546 0.431171478925783 0.3156366399049 0.58338320813989 0.517380317523576 0.487225126316046 0.482752239356157 0.0723245981964321 -0.0649817440608245 0.0262214306363111 -0.0445797110436373 0.0636943216764679 -0.19680035285713 0.141463405982602 0.0159483268188161 0.603280211306358 0.565859054556419 0.027334455193115 -0.101089404906727 0.263611933623488 0.234800351199911 -0.212846204676213 -0.0470751878952164 0.290853529306763 0.0664135471688794 0.32910373612191 0.345338183593057 0.335526505440683 0.0538027147328917 0.285487849204831 0.301585217395212 0.347514445222595 0.413074060633495 0.34342488114446 0.306730308235834 0.337507581439341 0.388899911582283 0.255300162774427 0.262788189645236 0.34187629302648 0.107599151553358 0.429899252123839 0.43751907863203 0.353840872345493 0.336811145977776 0.287348862685134 0.352900403406966 0.401087633345224 0.149213549264945 0.725430652143149 0.50743174109803 -0.0822633391052792 -0.153509084383832 -0.0180926362906792 0.0327714630940123 0.18053275745802 0.0846027909328643 0.0187803516869629 0.126230346420058 0.26178577217013 0.168251703441719 0.0875944870316263 -0.10433988167157 0.0523007910067884 0.200895462806745 0.404035773093628 0.474533506248979 0.546577690531216 0.50606321966399 0.48282174888816 0.413428397197496 0.441047439073549 0.276782657021232 0.306529143170126 0.300146175200434 0.434023655506232 0.238615076132472
0.685945310611392 0.674733911211122 0.117705927556965 0.175985086392257 0.127624339382102 0.254248648251125 0.299906051272462 0.500681110390187 0.185417739756436 0.284959303934044 0.633714695957903 1 0.494833204361999 0.786956487071073 0.222096942597366 0.412647475031997 0.713545872803537 0.781479081269135 0.637821236274882 0.718854088497923 0.165923001757655 -0.0418679111128326 0.0366462810178606 0.1553188188854 0.121855985365447 -0.0529179828155555 0.254758816241943 0.129916538551963 0.66087706682673 0.818068214745777 0.172784938497587 0.0343339521084368 0.418818931028171 0.502737770397619 -0.128133497914974 0.185614634510096 0.387799668486821 0.172436850819382 0.574572560153916 0.46522436742677 0.359149777302586 -0.0417442914707783 0.51530589100936 0.497550837529255 0.439508103670238 0.605905011838613 0.524473794347498 0.53276569436865 0.55352379542178 0.624922985370678 0.456965065746245 0.520410242420163 0.59190475855415 0.361792462962604 0.613291749783359 0.636159867524534 0.496156643480405 0.538785778860944 0.535259429348188 0.614050518308624 0.43218925735392 0.432030534169111 0.744644754717483 0.757266572835546 -0.0550528059928094 0.0147726388674867 0.0674540413023332 0.21861019287193 0.218673024352124 0.26632622268479 -0.0918529238135062 0.230294695895018 0.492490956345023 0.360133070035609 0.189145035568747 -0.0627021174925843 0.201011269729504 0.348707417457722 0.49057582919559 0.705106073056076 0.666799668378222 0.677149767309462 0.60047790466699 0.371839054991113 0.436918947091202 0.508614496280389 0.374591889991262 0.306947038959597 0.595878910525264 0.569361929918686
0.69064511049742 0.414784625727968 0.347409945082336 0.0538563535309609 0.386218205734446 0.166223409500135 0.447361094241306 0.263268077749625 0.375715697414731 0.228942955726263 0.682553483229784 0.494833204361999 1 0.642935069226423 0.71218876081014 0.589849573765847 0.438245896877252 0.448262674955085 0.643979300929499 0.510871085236307 0.115983556557055 -0.105517362865455 0.462935242988852 0.256793765114373 0.39749354259359 0.140376256164845 0.37596579596244 0.189365080636411 0.546993611356076 0.534277293372402 0.0896890343562189 -0.0502679972047819 0.280913840611536 0.175944611859947 0.0607676030414249 0.185564564634327 0.432523765684618 0.121925257949934 0.481601625859738 0.409176863069364 0.375204121045143 0.192219578635003 0.451032466465515 0.451030240407841 0.353645288542311 0.445856564021786 0.446504290105993 0.457407416435837 0.434832556400764 0.45584263437204 0.428735904896042 0.420007766953574 0.377923888703438 0.289383522403759 0.483019735370559 0.502941067952642 0.322875801428108 0.295573319942221 0.197294688544146 0.341370639534423 0.387918408825554 0.106751876872303 0.41574140190916 0.294680768470734 0.261361636125826 0.0225249205411819 0.0834630959453135 0.15003451294886 0.136892993685254 0.170793504967065 0.189519874731543 0.340958747818585 0.334804021544215 0.238600740463942 0.193568400166099 0.0438640425816705 0.106372670762239 0.250153493153915 0.3318838534397 0.498004459900724 0.499322233565852 0.578333968276143 0.572090134161324 0.316643567759048 0.687003333645055 0.443561581432355 0.356920352244712 0.431046063353548 0.63092552236904 0.405359945186963
0.60669739934198 0.529647968289387 0.128494912112343 0.118297944381944 0.207440326334684 0.383339422893321 0.417967202212051 0.569907214912068 0.282412157034673 0.280886800024802 0.663050158687546 0.786956487071073 0.642935069226423 1 0.298148338309078 0.493538170419388 0.649801456830165 0.672189413371774 0.719063428238718 0.653033899836215 0.127355964865931 -0.0986185589127628 0.06800231276682 0.164524287392775 0.155922774506148 -0.0850574297278292 0.167016863501187 0.101602806068224 0.727515278908947 0.761287170486125 0.222766998737186 0.11949256971468 0.448639911889611 0.517104713486946 -0.00380192350013725 0.247347549378944 0.368578159052368 0.150395634998357 0.506283284902709 0.388995953083616 0.402168895044635 0.0733117392805797 0.533332750799071 0.467906429887333 0.342930777816159 0.496312684320397 0.483558511005919 0.535497949363075 0.472398087663354 0.523617004612105 0.405338235125756 0.493229821016628 0.575630659978284 0.445827617888627 0.524363763309863 0.529041089223465 0.350405925442129 0.344102131209116 0.445191877595133 0.509515576182664 0.361216158968781 0.40787345663427 0.675522604294942 0.713807584099249 0.00423323432242457 0.0723078540053771 0.146518533215647 0.206142953606891 0.0644574256161025 0.130827030512772 0.0616964568540722 0.339222250508899 0.410609184150357 0.299713420868474 0.169160815564954 0.0331884432530407 0.272144642906909 0.393115709189406 0.3497724489029 0.560793996651056 0.626419979075092 0.652579331714721 0.64877698402446 0.363196966814094 0.480443596395028 0.489376208870776 0.286665924634767 0.228218044128529 0.554574670917684 0.514472179890021
0.464452468790835 0.192300327291448 0.412460120185831 0.071626924648155 0.427417587278763 0.101500440858756 0.319603072326282 0.0708268734710684 0.385023016117681 0.270696726744409 0.431171478925783 0.222096942597366 0.71218876081014 0.298148338309078 1 0.618703697278163 0.131499361675993 0.155286389655055 0.350903919984198 0.267272589547954 0.00475686177837184 -0.0201992504875805 0.572893867293088 0.349959617796208 0.415857349702102 0.335609699879535 0.355554878994236 0.256753381563686 0.352887342683855 0.26701064120017 0.205016920549625 0.0533299304972657 0.0703952894876706 0.0412303617045185 0.0970275424728889 0.0813040170835031 0.32368763222924 0.0659481434706729 0.375802301117141 0.297526181071369 0.333628353706984 0.0425220382398103 0.223007237878585 0.254965899547966 0.19140967074485 0.225479676131383 0.273756415583817 0.266695724056938 0.203557953278617 0.202071179708492 0.28097157966326 0.18881673307327 0.137724091510442 0.0515303817652014 0.375680798710619 0.349306694188535 0.119677145134882 0.144349963337652 0.00347806763190539 0.144396948885163 0.226426238510097 -0.0916290989594908 0.149576567407837 -0.0032218946966645 0.364942359922807 0.0498568512896859 0.0267844859518373 0.0645657288491949 0.178970741421209 -0.00132249447832988 0.166613966517547 0.148307050779758 0.257627103167286 0.143887681574608 0.176356876135404 -0.0181432685765693 -0.0868255035841356 0.0654779769899477 0.259174315558577 0.300338137552711 0.206368758026583 0.38443211579951 0.393753534615765 0.405611893551522 0.59986835239046 0.305180685284275 0.386881665193964 0.563008875328745 0.491128563237439 0.320009780671932
0.452533205398977 0.30791067970604 0.428303908546609 0.33293632925448 0.488359080083084 0.534486562089556 0.393236030080718 0.440090788890281 0.552575661262533 0.551831671553246 0.3156366399049 0.412647475031997 0.589849573765847 0.493538170419388 0.618703697278163 1 0.257868184637698 0.347021065733181 0.496391844830065 0.386610021887203 0.128432200653706 -0.000891859971852889 0.518134023851783 0.557753270157754 0.415257466268543 0.376559214211131 0.479295827793105 0.386748007283809 0.382188205524247 0.465370530384819 0.268289076905029 0.224238226511783 0.310616524990458 0.303527425275816 0.237345326864979 0.328859096182724 0.317264264848706 0.132524257266034 0.4154706780428 0.370223853993541 0.272930975234293 -0.0225065108886984 0.448600682211296 0.442516174302636 0.280054065688487 0.326896144170905 0.411756605865153 0.489565497753907 0.360207697945656 0.33650622707994 0.417148827795929 0.339153309799929 0.365924537671739 0.295183354745408 0.429915011994375 0.506388381346952 0.184565296621237 0.218711579749798 0.164256119913779 0.285019449929958 0.402057085266482 0.29472746362252 0.237574468123299 0.312039578245928 0.460487663475538 0.368920313842827 0.18876453290387 0.324196038269253 0.095485422912056 0.0783312225296063 0.14078401759901 0.28726609726152 0.340232629091111 0.294711847537935 0.108515572900198 0.116101466408451 0.110354497815973 0.304958018653917 0.235494242126375 0.454535799890644 0.308406447192651 0.475003069218779 0.445427424854204 0.236572316265251 0.627133158233252 0.573243437545029 0.300701527967774 0.523557790097562 0.640715213048385 0.553123818528947
0.677409241843645 0.700528150635532 0.20720849009698 0.23314293302841 0.12878522385764 0.213900896204975 0.40170963442239 0.408668394698186 0.128794635804922 0.0848220913505616 0.58338320813989 0.713545872803537 0.438245896877252 0.649801456830165 0.131499361675993 0.257868184637698 1 0.83040336600429 0.56631597169395 0.631940845847872 0.176116011259264 -0.00915168597665318 0.0271266406238586 0.0901153809034927 0.278814091199149 -0.0378128188274256 0.32830849966974 0.0710713211491623 0.66866177867791 0.772962782598688 0.253842425818857 0.0758627682859201 0.529972582524127 0.583046190614306 0.0433994573089203 0.312645403029179 0.486378177964634 0.324643887241298 0.484436411079922 0.493020787834515 0.355080670335002 0.0935013800461871 0.583196511069399 0.530811385685496 0.592222175683381 0.680328497768168 0.618575298582218 0.574270316181168 0.612915762590806 0.671237568206888 0.492699936549058 0.562309361976199 0.63219673648547 0.442514901253246 0.635059125959117 0.615539101239848 0.672443118140638 0.576548282628641 0.555894423755167 0.570603797307729 0.422207350873844 0.323734827835171 0.78088366904148 0.748049905727875 0.0130477459865668 0.0336777700202675 0.229260027933792 0.325958527400758 0.273255652845317 0.346141981359867 -0.0014418528763359 0.221629075114395 0.387382603966942 0.360448853042951 0.1422856039343 0.0853538445349209 0.33470631207245 0.392913404162084 0.644755288207839 0.740775379659243 0.81544121388252 0.67348021629399 0.559491497111193 0.243056044911712 0.456871028297085 0.470448151483903 0.261939505830984 0.233249806856157 0.573946601943535 0.433197158230267
0.712735452874549 0.834113618160299 0.225469993330047 0.227711918363159 0.225794575068763 0.233647339011993 0.318976963885121 0.419266896699349 0.190490324167145 0.136107282856216 0.517380317523576 0.781479081269135 0.448262674955085 0.672189413371774 0.155286389655055 0.347021065733181 0.83040336600429 1 0.643858518058928 0.768866726587247 0.210325648382336 -0.0954990068829857 0.052687107522751 0.0865898837313776 0.309198499459848 0.0618747346426585 0.38958637115439 0.112665818282773 0.63664626817337 0.851886905085221 0.22794114977351 -0.0369056344813998 0.514238303411695 0.598653318200222 -0.0287515199163676 0.29332267381951 0.416065335956155 0.314593934009414 0.522981181480872 0.47514615631859 0.343406603579822 0.105198425900448 0.591059199289199 0.576378546467551 0.656158010195906 0.780468910262347 0.655048086737843 0.621337578760266 0.706531617523932 0.760848158723054 0.570995871778484 0.637565054887557 0.64194676967367 0.453374894099132 0.71047583463121 0.717774307185224 0.733324528538447 0.724981582269971 0.619001158339268 0.668728439351209 0.385407245735869 0.287905928778817 0.693368588460207 0.739240841153012 0.0084547607899998 0.0128948675714749 0.173591104917591 0.289163043270125 0.32362262689746 0.429792592500546 -0.0149947572030072 0.271282456866086 0.480053173272721 0.473277683155423 0.199629080535652 0.11203162802341 0.258858226191261 0.32152330525814 0.60436469684297 0.803128864612177 0.824872670093451 0.786636047826298 0.581767685848509 0.34258886077038 0.519923960882151 0.553187347245867 0.37404936631557 0.334235748275443 0.625628787953641 0.563881221372477
0.712809206195892 0.635930848188186 0.354290937128206 0.260558160827031 0.202437164890798 0.373020291092802 0.451594758369042 0.503072442509195 0.276193443535892 0.272591139375772 0.487225126316046 0.637821236274882 0.643979300929499 0.719063428238718 0.350903919984198 0.496391844830065 0.56631597169395 0.643858518058928 1 0.760923872091481 0.161459346990571 -0.0881597327638608 0.296967893868367 0.273628609831609 0.361127641768096 0.11707292079389 0.411551945929658 0.188060184693634 0.529424399801399 0.753932724344658 0.237277359302489 0.152556376998814 0.534040725384319 0.479692180486058 0.119947800402534 0.347320634055724 0.407471215708307 0.245350628142317 0.500430886466484 0.352760027329747 0.2358761563513 0.0184058349036563 0.605222505241789 0.610179370617519 0.428023915309503 0.572054478784231 0.559508271474306 0.611112849236852 0.566461555091409 0.585037848424825 0.482064868693075 0.540485242678384 0.542214170598624 0.423273850312391 0.550159442574314 0.523443870171355 0.519766195763633 0.505921598595181 0.455539230389673 0.546432027218307 0.395638692725773 0.316461568160415 0.522583176418386 0.548271446689041 0.196532539291192 0.104607298916556 0.211580747892212 0.301090897782614 0.235462792485561 0.300392838013691 0.163287344870038 0.368066229039378 0.475116315383436 0.358076512994526 0.218370686665149 0.146475370549782 0.293335268025916 0.352196732605346 0.411688739715068 0.651494310169719 0.578807602246046 0.62269284998192 0.55780579086101 0.211030730914627 0.47891426041608 0.471451284649888 0.295266144666039 0.257951052902173 0.535418594544305 0.498968361926253
0.734071345994184 0.806404927622073 0.241252124023334 0.201415403672216 0.184061274280899 0.19990083946895 0.31689103220896 0.390014995272079 0.175887923288569 0.178263524661406 0.482752239356157 0.718854088497923 0.510871085236307 0.653033899836215 0.267272589547954 0.386610021887203 0.631940845847872 0.768866726587247 0.760923872091481 1 0.212625242888315 -0.00571716333829026 0.147602214019472 0.127706401897428 0.269259998306862 0.0789302230770334 0.418907239916709 0.164846994407819 0.534789044055807 0.770892245855466 0.169516049457848 -0.00839627816649497 0.440367747204029 0.466761339546189 -0.0922155692266458 0.187133572259689 0.339023351019502 0.232701409147195 0.444569765740912 0.409702705538557 0.256539720279426 0.0420109210154743 0.508851998645268 0.582692177755561 0.57253048467532 0.75588866883791 0.583784161053538 0.542498018300985 0.65584280404582 0.730676369116034 0.498872124485433 0.56510269430075 0.49157373253626 0.256085348456422 0.628425087404682 0.647500529810562 0.683210634600938 0.70237049350334 0.5104206983237 0.593833719153883 0.336126447040521 0.259778797419981 0.573093865532889 0.576276041427125 0.0507262927378108 -0.0111267888200544 0.0643129389335613 0.193731669899547 0.433935315975143 0.519188750170146 0.0519580110014535 0.259646852065801 0.474897988807828 0.372777572013354 0.139693008490833 0.0959347427984574 0.0922331924125896 0.217840333636472 0.486506100060256 0.701174466301431 0.665082723681258 0.737018093711121 0.552647148727417 0.359731572480088 0.461866564499565 0.510677858818339 0.375161994334111 0.327181506101592 0.510956030760986 0.545269672038835
0.206243296185654 0.236720739245562 0.0840378928127196 0.0840795537223539 0.290609898898492 0.143901863514772 0.115289162837329 0.148860917829765 0.257415027979013 0.314334575588777 0.0723245981964321 0.165923001757655 0.115983556557055 0.127355964865931 0.00475686177837184 0.128432200653706 0.176116011259264 0.210325648382336 0.161459346990571 0.212625242888315 1 -0.0612575008964557 0.0861816638680259 0.145116162139704 0.134973429600161 0.0805634726918225 0.18229846094874 -0.0961959386576769 0.0434384673357099 0.173110632733137 0.0719921575302625 -0.000139425315048917 0.252354143176454 0.235743540195163 0.0587023043955116 0.131439318747402 0.0869918145047055 0.104464525267361 -0.024615954513112 0.0428141266203044 -0.00692370371814239 0.155684981029677 0.158020727033912 0.192552557294237 0.235317023652586 0.248517925574426 0.132940784933903 0.116827624954821 0.219640780385946 0.235779853720039 0.187450767464891 0.190023030784171 0.167498830964139 0.102878406586393 0.161842152211038 0.15515470751876 0.257333486938355 0.175726194210206 0.13469309793508 0.0625264902023762 0.271154403347826 0.206295545909616 0.137740279834468 0.151802982466919 0.124403533587184 0.145056984511442 0.113133842151422 0.147054638372998 0.143138178247244 0.152927510921473 -0.0123192991436672 0.0710471217640052 0.0382743415597621 0.00115234575222383 -0.104690526538219 0.0537706725387399 0.146221926184239 0.0621061728641201 0.1546660972894 0.07745780086208 0.279430754637858 0.159195751233751 -0.0119851694395845 -0.0366791223021103 0.167837717534031 0.248377395792312 -0.246520462156909 0.0185847368017347 0.137728256742243 0.17876332270182
0.00382158413096393 -0.0517370874793046 0.0202376899653847 -0.0822653064974119 -0.0598411183137228 -0.060815804269306 -0.141540761759303 -0.224353271070643 -0.0699789333156184 -0.185806903274471 -0.0649817440608245 -0.0418679111128326 -0.105517362865455 -0.0986185589127628 -0.0201992504875805 -0.000891859971852889 -0.00915168597665318 -0.0954990068829857 -0.0881597327638608 -0.00571716333829026 -0.0612575008964557 1 0.00218425357638975 0.00959661405029833 0.00658584051196825 0.161926311305476 0.081965027839661 0.378649946725872 -0.036349942181484 -0.0884335115735944 -0.101211876650071 0.0752802449876465 -0.0443533077159642 0.00658634044408145 0.0256424548048721 0.0262982583560064 -0.0430415551152548 0.127476691651909 -0.168454783897008 0.0470389296487444 -0.0618664172712191 -0.00933270261274713 -0.0118679153217582 0.0532366999981559 0.0769300665859871 -0.0233541586319586 -0.000800918175053254 0.00486326380688806 0.0485216748872501 -0.0198924593133509 0.0689930117606095 0.0188069160350578 -0.0331392590941882 -0.0472457969344658 0.00129175222908369 -0.0716793454664842 0.0684967970934208 -0.00878649389222001 -0.0097576768106982 -0.0464231360753664 -0.0272347998929996 -0.220818343344389 -0.000947375918898811 -0.116466272381537 -0.0195558890212793 -0.0210061240957173 0.0626755017211709 0.000623067306169723 0.213658648941938 0.141300374043826 0.0512982791216404 -0.00274698761576979 0.0462360557214016 0.0030413663738193 0.0174199908542758 0.0332513100981885 -0.0760867240878191 -0.105743002969363 -0.0725703075406054 -0.0858730196592023 -0.0819607911263226 -0.0629058999830301 -0.105854276428105 -0.0423455220318648 -0.0225942633660531 0.0502438500647824 -0.0196713504823837 -0.0454570903795957 -0.031274365355042 0.0365509540685377
0.250952796596864 0.101142146630145 0.785082865824645 0.518693472170804 0.426250472606691 0.259957494551034 0.572517401600535 0.348232293465324 0.468604884201632 0.299301656458875 0.0262214306363111 0.0366462810178606 0.462935242988852 0.06800231276682 0.572893867293088 0.518134023851783 0.0271266406238586 0.052687107522751 0.296967893868367 0.147602214019472 0.0861816638680259 0.00218425357638975 1 0.731957892339532 0.719944041826002 0.702877521589205 0.484826436009837 0.281232628653637 0.171753164358492 0.183480174004524 0.433130084940037 0.325436938686139 0.319947812071707 0.248840944410828 0.593279379918425 0.48426147711854 0.370123968878279 0.154860373114426 0.323155939530685 0.218181340082713 0.05401722360841 0.0984769733991971 0.452148735201333 0.419676665048892 0.263406187876747 0.153125831714614 0.373396493220757 0.42745986995092 0.265109392015641 0.245599412521484 0.482509569984163 0.376923157502884 0.212066003548962 0.335578182579322 0.270705662921445 0.281413560088885 0.0652075920527023 0.0417958896693971 0.0298534847750774 0.173229822875508 0.360154830541483 0.20831620555751 -0.0400505323665778 -0.00542768958362266 0.797149967489645 0.556201991542731 0.458273587503608 0.480179712646995 0.0230156575165129 -0.015896726341148 0.227932272264737 0.319475495059617 0.134032493066366 0.131175420564726 0.0739162999566352 0.104512326037635 0.246114978310967 0.249203180874682 0.143457145186203 0.257074681613591 0.115625599858124 0.241380689251719 0.234074938044644 -0.0256662718884852 0.576686722917651 0.429741574815799 0.15337582956765 0.325960840384511 0.486363845477481 0.406715170085867
0.197115779167644 0.0918602243184053 0.635828182865596 0.723924323922753 0.283057747796563 0.460026392287807 0.559395184170279 0.583094067948062 0.379468046706491 0.494021138087697 -0.0445797110436373 0.1553188188854 0.256793765114373 0.164524287392775 0.349959617796208 0.557753270157754 0.0901153809034927 0.0865898837313776 0.273628609831609 0.127706401897428 0.145116162139704 0.00959661405029833 0.731957892339532 1 0.538761341302489 0.678694835217515 0.341512878199083 0.248535014856151 0.239588667954573 0.240128590554556 0.458840351700377 0.434695065485478 0.360876799329161 0.362157896340842 0.57261085816371 0.508595818981651 0.407959862481015 0.132557683818534 0.336297554261037 0.254801598098777 0.151558641597651 0.0679132442227111 0.436236211304358 0.381026981338959 0.240584066664079 0.147598950900131 0.344316073149593 0.404343681760781 0.243340001978904 0.211614032508343 0.439881065458726 0.309561726327968 0.266101587629682 0.323630763132636 0.264512613466043 0.280436808000196 0.0705611021476932 0.0472818156675262 0.118630201256225 0.203012535374933 0.462051275322245 0.53564937958752 0.0380461182141473 0.162374337918377 0.731831135469798 0.75685123172177 0.491941767234369 0.615257648633173 0.00428214306969139 -0.0303106112251604 0.102166819792517 0.233049424404025 0.119457297586057 0.088871110456513 0.0763220282096011 0.109606698164781 0.303225116289934 0.349730757300851 0.137191676835935 0.257956620552228 0.167719640553439 0.227653962683247 0.229412188232907 -0.0386628778884686 0.433011482889635 0.569275507604916 0.0847559512527819 0.304129025872762 0.426825634639422 0.475397528938263
