1 0.880250450774651 0.69242790718251 0.617727367377466 0.491114198351582 0.568713668764966 0.770711321832578 0.6435060385774 0.496921585297462 0.452329156601313 0.774249775094197 0.635359629572737 0.799859348455195 0.697022545680167 0.670581900225639 0.72316491625076 0.773390335106381 0.730069077994173 0.830355643410671 0.777647524816828 0.267889626229117 -0.0257435842581097 0.631878127442492 0.556104086483653 0.549250848733179 0.489684238881623 0.489243141391523 0.411359409018638 0.669409463491419 0.619660965073032 0.550501796427625 0.427060958582122 0.707237699401721 0.617215475279368 0.491641219345194 0.0388499645073334 0.541352874050453 0.422456744609441 0.473824666606919 0.327541398715759 0.459130550032152 0.379474659720442 0.602317933424526 0.530352134318611 0.713693334820859 0.640439807760195 0.696657749725621 0.615165611336025 0.66996505521128 0.68084939011588 0.690154825953876 0.67482230972188 0.774013708066065 0.573181484251217 0.714426224351975 0.719237770329295 0.815971548431245 0.71765627021813 0.778561568380829 0.628658627656321 0.836157950484795 0.386773768534194 0.688941525047494 0.674105644831883 0.483259800167432 0.30640673003948 0.587016726762273 0.303348998481888 0.66101654084405 0.628085539985163 0.610736794978295 0.537304731566924 0.515446164149541 0.567154250886829 0.239697268096377 0.325787387943294 0.454020365011427 0.491169780245221 0.703486893425296 0.584296210382051 0.757764043481197 0.767726730345166 0.515586511769134 0.601265410318786 0.717069698961413 0.669583319608447 0.37892088753833 0.512377419413763 0.614763554232463 0.735041670987388
0.880250450774651 1 0.622187986679311 0.611375588491776 0.330541243535002 0.496476286050398 0.610694762396174 0.574456742902768 0.290681734151153 0.354191174630564 0.597740805552965 0.518338067026478 0.567075843325481 0.590853766141706 0.491298559565921 0.644061659382959 0.733432356927353 0.748392218314724 0.790759031902991 0.855580871087084 0.357994737562992 0.0142917472139213 0.509246331556825 0.531438253012192 0.523924844515611 0.526757971817395 0.404374535663122 0.382792485372976 0.591830172121835 0.543883267200079 0.474440758606327 0.369407994828283 0.586565669818157 0.548337990897014 0.405058146395904 0.0327887765789212 0.515377197471918 0.495941271343944 0.413286917671871 0.423089334139823 0.469834251995657 0.407916062954665 0.534722012429852 0.475599352448343 0.728869879810616 0.688440761195313 0.643927878922307 0.610640484098104 0.688209996276011 0.672621655589302 0.667554769204474 0.725449218096328 0.732216008936644 0.583889577795748 0.642973575311886 0.73254361702503 0.899457350207122 0.871097639895715 0.776521526371364 0.643049677208416 0.636639153126536 0.278463686158665 0.581508461482508 0.627483518321744 0.357369624481453 0.242149788625833 0.52219857739329 0.290814078686507 0.775763263695589 0.75336494989468 0.567868303776602 0.533189283407836 0.517554447634089 0.592037737251866 0.19534656722003 0.393220417126605 0.319951682035975 0.425931799084737 0.670045504968216 0.503031352444766 0.786744501951053 0.846328745091566 0.519650794749249 0.689488380045438 0.678643461801877 0.699644818050306 0.38245975141215 0.562410153141044 0.404356277713955 0.689295908991711
0.69242790718251 0.622187986679311 1 0.802674331424633 0.583554520836304 0.533080523851246 0.752364116912804 0.52538310418413 0.558263221083302 0.369193596623722 0.487253222983566 0.25881257230122 0.598381360414617 0.544801403046594 0.719644623680728 0.661334682546849 0.556569640770664 0.543060181053086 0.716801053925205 0.547859278313458 0.220076573841608 0.0664756250289239 0.88335959441453 0.768835487832959 0.849676935908349 0.713115706596729 0.726334318661476 0.440309624772687 0.468747951601921 0.396092845597613 0.696310237267529 0.574679816358785 0.743080879766203 0.589427734112804 0.80071667455611 0.360848776386155 0.532126086800994 0.332082569549811 0.385628582733721 0.351830555178926 0.299597213925083 0.283177769120133 0.502037576157099 0.44107754083781 0.641796251198652 0.489073799299154 0.521746325362697 0.475655118782855 0.474265737192263 0.469778198159191 0.545240476313194 0.654625591689934 0.589673914880196 0.46747755553196 0.556711422894449 0.539639597403432 0.682589890689064 0.603785771862276 0.510969546029233 0.352822999006049 0.622211549692342 0.0947222402769682 0.498665641598353 0.376184476518976 0.79723673753052 0.449861927011896 0.733616690916183 0.446410655656713 0.569628910768473 0.475445058599224 0.493761107351997 0.434998411460024 0.41599515323956 0.522680339912679 0.192708934047791 0.299264761757908 0.42133485395751 0.405024571357131 0.513919679833866 0.468738438010664 0.52523820790154 0.592508289957249 0.479411988823129 0.551563502098341 0.861893563962754 0.723230544582086 0.50080673518775 0.648558212607543 0.601536300042729 0.608867420372977
0.617727367377466 0.611375588491776 0.802674331424633 1 0.532318886546354 0.69183666563675 0.735165323152238 0.743097769858493 0.517219463535115 0.543586437145728 0.33265959835762 0.370182298825088 0.482251465273897 0.618469560959889 0.574909013114839 0.669827331241222 0.44981153540318 0.479539248699013 0.58235508669008 0.540267227006595 0.194240440782586 0.110140972498137 0.78077509980218 0.899498205188777 0.742463605325672 0.781889925801802 0.645529671124477 0.397865451924601 0.342985352538513 0.347102300915594 0.589540267244793 0.573550881414073 0.612965301613315 0.536445937356935 0.714706025277005 0.425918193691727 0.410828713313555 0.308543183871777 0.366646947410942 0.334156119897869 0.260920294206973 0.232952834970143 0.490248436002286 0.433142876832193 0.603705376115094 0.443805429795403 0.487539275347504 0.483915176893447 0.441448128991494 0.521391819595631 0.564508899861144 0.696082500697771 0.576213656150563 0.459823686860705 0.533654541749105 0.51952476193912 0.654826795434993 0.616608931552031 0.489197250459532 0.410031074577891 0.602235017307751 0.340138507691047 0.369423234384354 0.337538997852087 0.768187795954447 0.722267057980716 0.75745675420595 0.639692498592813 0.594186554118986 0.509636472331639 0.488186054915623 0.409897436982502 0.385597850631367 0.470440227045407 0.150179335431834 0.281508776452218 0.352337143474511 0.410456393162504 0.473651136212089 0.437316044988308 0.470342160005961 0.568029463977124 0.286420736079279 0.49008256250561 0.762209146028372 0.806424098116645 0.456197331746813 0.648428859424147 0.523501300105894 0.71503209901152
0.491114198351582 0.330541243535002 0.583554520836304 0.532318886546354 1 0.576874763460634 0.699238159869101 0.595101531273698 0.78773453594211 0.702100523285635 0.389205195194504 0.43469765572982 0.580898027322623 0.574656767438477 0.745914280766937 0.498358899192664 0.411196345115774 0.40946722996365 0.528654640032021 0.3475443502108 0.265460438201943 -0.158573510905811 0.7029719870001 0.58693341359013 0.534829019238426 0.470249237904234 0.544277180206455 0.174997296316576 0.483195082299411 0.439512021875883 0.610880743276971 0.491923053273298 0.638028415417844 0.547705023492435 0.540709588490425 0.0967784528281559 0.37862260702182 0.240223075441474 0.466589406269101 0.194401922572019 0.273873099028218 0.256393128776292 0.436168118523604 0.424406223084561 0.337834816547128 0.234632052929628 0.425371189101585 0.380757655889655 0.321121832530687 0.331391166957622 0.458028844562624 0.325143558095069 0.481291526976237 0.38827939666355 0.440137661576499 0.339933549347033 0.385787044094331 0.261475032206966 0.33414687652871 0.215219805561541 0.600906816765821 0.35216755848567 0.433328049068374 0.323530996798684 0.56283011142697 0.588164303484488 0.383725149734904 0.195331198197286 0.227703067479548 0.261684305651324 0.49014592748761 0.404760902897218 0.298857554908077 0.388948657595741 0.240501130465565 0.197672097051741 0.460873625381877 0.373739943744464 0.470434310402999 0.459898231764458 0.342772875007011 0.304188479432116 0.308004132733572 0.224349492292226 0.516251665846488 0.426954764748672 0.432090472023814 0.352503894817948 0.650753677890519 0.622717715002978
0.568713668764966 0.496476286050398 0.533080523851246 0.69183666563675 0.576874763460634 1 0.599047082340761 0.70874239437089 0.552210297537957 0.709646380889688 0.31557421771383 0.50058901909042 0.53469599252239 0.744282872297658 0.569712638340864 0.664717301403379 0.361035690054647 0.391662136828646 0.47983556130611 0.463237643118325 0.183509428973903 0.00865752694786889 0.608677109045012 0.719105728245025 0.560927307772168 0.570859621197659 0.518974473124233 0.384772724429624 0.374771086050856 0.388995357267808 0.49129002667249 0.476390723614812 0.516355348883246 0.524591355432054 0.511904680722072 0.339955350160827 0.282942644393219 0.17371576566329 0.326341886454868 0.220448841669355 0.311896892348622 0.208715533445683 0.445244797083326 0.427690365011867 0.432451138366673 0.321029165784076 0.415401663476183 0.395262536248032 0.377371434834162 0.495767426447768 0.487977742270635 0.536345236323581 0.50186958514202 0.386423866041529 0.441352710198732 0.409754827470024 0.52584369032304 0.484517972076848 0.44978263768972 0.39046535628384 0.582128848567672 0.541041612443222 0.302188569396964 0.300870823815133 0.608049185450445 0.716091657517731 0.513206892878905 0.464039564540064 0.494196592970097 0.429690484000853 0.512351343043241 0.372175322896305 0.338511608890491 0.378799157372063 0.164484841486247 0.198779841869311 0.39253184354049 0.403843190740084 0.458690069703986 0.445753378567776 0.392604379877204 0.448367642233137 0.15132681800744 0.306820626201783 0.586330015464729 0.65780040341888 0.319970093716643 0.488060665993383 0.511511830772823 0.726159806063426
0.770711321832578 0.610694762396174 0.752364116912804 0.735165323152238 0.699238159869101 0.599047082340761 1 0.795969664546341 0.723196074718257 0.582551573343369 0.671895698539151 0.571649860755282 0.75545731653 0.624539943445024 0.723604718155523 0.625289937830445 0.631658654144798 0.571492500592097 0.71671703170323 0.581335297635763 0.213045525625234 0.0583594666451905 0.780607246652885 0.704097672193407 0.581859687312418 0.57252426171519 0.500894928786416 0.290074258883148 0.622827938638984 0.51643815882639 0.683579739083912 0.565893680557969 0.768363557590509 0.690803226284037 0.602263035727887 0.155016563681032 0.480965222791625 0.324805854576107 0.411268657230926 0.24862569356743 0.32548596840659 0.279522607970579 0.626515502526642 0.573323040662538 0.651823206639527 0.531893715189489 0.658598202568764 0.586045720273706 0.592438489883445 0.611141613543886 0.676072118700402 0.599407600694012 0.712241459117616 0.524270755806119 0.624208071133931 0.566388594206257 0.583012527190854 0.471796052221768 0.605365203349568 0.491736693672783 0.824991025477906 0.431121306303421 0.606756938340127 0.526442413086161 0.646723016505519 0.57439905300125 0.703876871956438 0.46074860163647 0.43343700805947 0.414420751769023 0.600368788657286 0.555028692698545 0.518075923367197 0.59263116011957 0.287592299012603 0.349293664999933 0.517492910587641 0.532422491727274 0.597391435887075 0.540822671143251 0.55476796130573 0.547008724761342 0.379392627005112 0.456461408800585 0.672385529904287 0.632705494425498 0.378643341179592 0.456239614272793 0.694198122235802 0.717760495453889
0.6435060385774 0.574456742902768 0.52538310418413 0.743097769858493 0.595101531273698 0.70874239437089 0.795969664546341 1 0.61248665280355 0.754480010439329 0.484637878491633 0.737041787387612 0.627025373177291 0.725221833269356 0.560419922587828 0.583970488615623 0.502480915863195 0.529349561650934 0.569127011683427 0.5706305111791 0.274812227762996 -0.0459801467834512 0.59796932947613 0.726736949513839 0.426558474826802 0.561020934440504 0.335014736478844 0.15633030033984 0.584026650656274 0.571198547111075 0.55272972287331 0.519589806922807 0.628463518889295 0.654834074149845 0.461559958135187 0.159911458777926 0.375394968966775 0.289648669556515 0.378605209743372 0.186023881857448 0.367333201986533 0.347215969628179 0.581292376413944 0.545087333003162 0.565166854584457 0.48578843687166 0.600571646269645 0.568832349422981 0.577971625358238 0.677907504439232 0.70255158674847 0.638111193903995 0.700707004063981 0.587903841891977 0.607534702555197 0.575022672014381 0.540877864470411 0.443171107581248 0.572780687414063 0.565793740411265 0.674565250714516 0.64421340915497 0.50591519039578 0.520647644455435 0.466480339237374 0.722871042782527 0.560164322100886 0.504595366103771 0.44620837584077 0.4661077454618 0.628366819419344 0.547606375305549 0.503536360019367 0.521332602521037 0.265345041699102 0.359659148000262 0.446896463339112 0.448094299212628 0.543511330204776 0.476033225116044 0.51076212189654 0.496767742073973 0.269252245727679 0.383883821886281 0.549149801102825 0.628486549289572 0.369610066970554 0.4112113212585 0.579331787723179 0.807923691631843
0.496921585297462 0.290681734151153 0.558263221083302 0.517219463535115 0.78773453594211 0.552210297537957 0.723196074718257 0.61248665280355 1 0.682218038967957 0.440606741637754 0.505477904899739 0.590858104830628 0.62519149910677 0.73610530111829 0.603919637627715 0.368557915304654 0.384139824610861 0.484253860035883 0.328205148983588 0.0808425621715761 -0.0487655639742199 0.695943442701882 0.597346111607644 0.475269985265809 0.429718311489652 0.541960635224123 0.204860215268693 0.433997274059664 0.446777310415889 0.570208386891519 0.482010332521526 0.618708258157923 0.513064367063417 0.542065200546092 0.20897049717346 0.37767333975316 0.141523215933944 0.433732312676818 0.0805545178403886 0.202658873643463 0.162733110092726 0.494408840979686 0.470547420715196 0.382680113159856 0.260993677145388 0.467114381382172 0.406283365327649 0.340420821715519 0.40285923484138 0.439584748892396 0.347161036023173 0.471442831555747 0.349320785339162 0.461691364356921 0.372068700169758 0.34255109704724 0.232794726897684 0.344351477189869 0.299086703154858 0.673492707084838 0.413193319324378 0.417050809578912 0.319932985342471 0.575116582946323 0.619720258784927 0.492924116625734 0.3330067147889 0.257023047734238 0.229434223958734 0.425453256693334 0.313720342636988 0.307540741638726 0.369897344912584 0.184319234005943 0.192539372068973 0.546787734973522 0.420705487333615 0.435875667805688 0.422012679842412 0.296915138244549 0.276122376018639 0.27113611848808 0.203082127682887 0.514827529071336 0.410247437258191 0.426336083581492 0.321760849712449 0.672276133398842 0.650839662172435
0.452329156601313 0.354191174630564 0.369193596623722 0.543586437145728 0.702100523285635 0.709646380889688 0.582551573343369 0.754480010439329 0.682218038967957 1 0.346029347691062 0.639702883551742 0.50466870675427 0.650999912870635 0.590849689851794 0.481960726106768 0.292059406392008 0.337889402865056 0.428941625859179 0.386908060027542 0.177947444378601 -0.09308414400594 0.498591989215159 0.588613686696874 0.332675669665745 0.345352387651229 0.295247353653145 0.00487760254192131 0.45838219289239 0.446031866644352 0.442168997992831 0.407623849988574 0.480840330216317 0.507883478351691 0.358931981893161 0.0895446808312284 0.209090151230006 0.0920442995994423 0.298845352974995 0.0615777149445252 0.227116163782255 0.181939363678758 0.372360490420857 0.358906953529416 0.266363296338135 0.188729200567478 0.371376388802374 0.318618060640727 0.326665131859584 0.426385553858854 0.481631057430879 0.365808938498969 0.455684547087824 0.402640383099976 0.374319236719839 0.346543842718001 0.346139074751819 0.255948765346518 0.320772479996257 0.291188145975591 0.506698382561046 0.586568252361028 0.276874057233827 0.315688924418504 0.415471038963243 0.720987617317396 0.295144913010212 0.263211882867756 0.277996107082253 0.229260195512259 0.511903037417565 0.392074861037873 0.326173627539331 0.364497457855869 0.221842278401602 0.157312952342344 0.337859030088567 0.301028614685659 0.402694032688961 0.346451745280774 0.290506197056753 0.275772356809772 0.12589236756251 0.109281054354393 0.396548188041973 0.434312032915769 0.271544562028275 0.22800617590486 0.46792141703387 0.68389049263995
0.774249775094197 0.597740805552965 0.487253222983566 0.33265959835762 0.389205195194504 0.31557421771383 0.671895698539151 0.484637878491633 0.440606741637754 0.346029347691062 1 0.580323135853242 0.807260239559391 0.497431762964108 0.652318224723473 0.587171321443389 0.668801900133113 0.538043583133708 0.669429998369911 0.599051289893259 0.18725592611951 0.0520185781121589 0.426817431613492 0.345927748968679 0.26713503568993 0.175420550844036 0.267590539460278 0.241297671040238 0.677308288229813 0.594086312065838 0.452609110459399 0.295466336512643 0.589297232380026 0.519484175192931 0.220557667626433 -0.183848565639584 0.389128953612484 0.247270293721429 0.320063954549134 0.236382768309808 0.401135771687095 0.320972169424155 0.44040029465277 0.372896524421918 0.467537808351181 0.443248877393464 0.520516277905068 0.377058041306265 0.479344407754908 0.43830489934474 0.481172663862685 0.320030814140642 0.55927561366317 0.346883703972217 0.476927927791413 0.46727779074197 0.509948396426184 0.382392139880116 0.493638228998835 0.366386968916677 0.688731737920174 0.262963759947908 0.621678021117655 0.590045016036551 0.259222411259821 0.111951193953033 0.317514525358866 0.0159737985661387 0.383164522366707 0.362853958297055 0.442375750546492 0.419681071657919 0.473359666007778 0.48690047844415 0.286336854828384 0.268507483933931 0.383707421558793 0.378666053190342 0.546002040408171 0.444313053670351 0.575111091874617 0.503745902295889 0.45679870494261 0.410713421869408 0.468281947800102 0.379575872622783 0.264031672877879 0.244200161177072 0.552498061586739 0.498631326258632
0.635359629572737 0.518338067026478 0.25881257230122 0.370182298825088 0.43469765572982 0.50058901909042 0.571649860755282 0.737041787387612 0.505477904899739 0.639702883551742 0.580323135853242 1 0.582960886326007 0.706268937531494 0.488566635013947 0.54595688921704 0.507821933249803 0.523372406851895 0.524595136494185 0.553916443858669 0.184755733606244 -0.108353666825377 0.33988542426095 0.409271546366669 0.153711666173206 0.197350588413954 0.179988525156182 0.0269575710524096 0.623692631251026 0.730448595483081 0.430649336186021 0.391980502761701 0.497354909527261 0.541232930860066 0.1893400105772 -0.0683541768704305 0.289033176201342 0.233830954263204 0.310254391016287 0.112649230280577 0.311976749714931 0.284631448422018 0.512159247502425 0.50081250982871 0.430810798639786 0.434326557801047 0.549268513288446 0.509733653902757 0.524508676033957 0.571388693156023 0.561467498447288 0.377405651608971 0.589773102345887 0.459518591507186 0.504252109082785 0.490019637536177 0.407630109891882 0.296242930814377 0.549336338059951 0.526753449115619 0.610916075662003 0.723646204896372 0.54878402971506 0.678221031414934 0.149274939307369 0.428208580764567 0.250593143940939 0.203159731589641 0.348120686447344 0.385513177924404 0.539331186970423 0.455870018687092 0.463255598198617 0.426363080426627 0.270359105337827 0.236356885447728 0.481368657897239 0.393406201092019 0.523307038675466 0.42227973185909 0.513418762814622 0.408120774061392 0.272408107450504 0.323138428485938 0.342356177880997 0.353147639281288 0.213556979835973 0.184428461059871 0.48510075873675 0.669522760411776
0.799859348455195 0.567075843325481 0.598381360414617 0.482251465273897 0.580898027322623 0.53469599252239 0.75545731653 0.627025373177291 0.590858104830628 0.50466870675427 0.807260239559391 0.582960886326007 1 0.701640928780156 0.784472178612689 0.650074217123169 0.539740013553666 0.46269957190481 0.619685280288509 0.526792514766072 0.218602546218911 0.0087506030270589 0.616784680662403 0.524334384215813 0.458166179073125 0.349026752801848 0.425883296307646 0.339357087177345 0.624913001613632 0.542252794420812 0.509004266077721 0.392444919896072 0.626460702953507 0.537063542581563 0.407421406650702 0.0129508642683794 0.388063068766753 0.228769564556613 0.371156594869851 0.232605170402747 0.418803502399487 0.334302980368414 0.433771793259591 0.385585620635183 0.475438670640378 0.410876534542721 0.497345436336056 0.418778424900015 0.430201337594297 0.514742888163808 0.491932032041544 0.43303428068352 0.54866286019358 0.367886545408395 0.565084652771628 0.497393228175298 0.49895445945832 0.379742945107917 0.53624956826234 0.394650666619636 0.81942525405645 0.363964284208665 0.609800159659832 0.476825173430182 0.510875239477359 0.329491263474292 0.450785587147194 0.221606028385049 0.377882434278905 0.329848297580835 0.454016764507641 0.417739102416422 0.431893065422194 0.43519214711218 0.261790063218492 0.262726039239535 0.399981744969001 0.326067411902323 0.50894605657613 0.450728535489742 0.529541726275481 0.486131147188044 0.410378116884562 0.41328878922577 0.617598307838348 0.508856407198543 0.283163899491225 0.29124593146912 0.751045266360467 0.612686816573347
0.697022545680167 0.590853766141706 0.544801403046594 0.618469560959889 0.574656767438477 0.744282872297658 0.624539943445024 0.725221833269356 0.62519149910677 0.650999912870635 0.497431762964108 0.706268937531494 0.701640928780156 1 0.672412990016358 0.79147026000202 0.427913461226546 0.49504948480606 0.548344357262113 0.544099698352354 0.274264716082562 -0.0514808809875571 0.645814487197808 0.700774497470667 0.541898218172973 0.535393276705699 0.550806696290283 0.374914908041827 0.491956243687856 0.605201577621067 0.524749482366096 0.504203583256172 0.544894817697105 0.530128249309609 0.452608563290377 0.219504709656549 0.32769842536953 0.278872156125097 0.449141488459045 0.205791347151682 0.410102004431737 0.263239040476112 0.565266566871424 0.553048445116144 0.537984177462295 0.457991901494195 0.559008704957616 0.535501444551376 0.499035829250869 0.594680279868009 0.546808827581888 0.543051637503706 0.577062189636873 0.434430232374664 0.609438618488534 0.549061023549253 0.556334281622752 0.472285829732578 0.536260474263193 0.469184049386676 0.707747236208387 0.519214018136282 0.428835277701802 0.462730403570586 0.532288684818201 0.597538546683497 0.483382476631155 0.369413610094128 0.469482518013933 0.441551701612928 0.484167234053269 0.429917448018302 0.383828547366184 0.393383982960389 0.152226339527531 0.198194418917313 0.513509556808797 0.370224708160421 0.521737566216781 0.502910495733503 0.465266360569368 0.4913664370997 0.307408610685603 0.422349385675499 0.607271099024787 0.643366841070814 0.451535766814464 0.467903203094333 0.642982760270933 0.80907357008226
0.670581900225639 0.491298559565921 0.719644623680728 0.574909013114839 0.745914280766937 0.569712638340864 0.723604718155523 0.560419922587828 0.73610530111829 0.590849689851794 0.652318224723473 0.488566635013947 0.784472178612689 0.672412990016358 1 0.713904377351099 0.451914745902069 0.407058076990575 0.649751012762725 0.514742535113762 0.228050477994145 -0.0120642417614595 0.762116577604746 0.659664133841905 0.60611378102823 0.480542245784401 0.661843728593111 0.28817640445882 0.534630339155632 0.47907028607929 0.666341419000191 0.560378292116437 0.647339240673543 0.50343256190073 0.530376970965199 0.170500383634613 0.398665616627278 0.232811618141124 0.426084707778492 0.317572324319879 0.309204103378611 0.266746084642383 0.431735242611671 0.400025592108035 0.453134042539781 0.352517459358127 0.438242624086914 0.375297804424357 0.352591839948648 0.41700611692581 0.440458886268642 0.407126994686491 0.472390671385652 0.357038245025883 0.494406313556994 0.456488799106534 0.478394488230597 0.378011793903411 0.388123577082532 0.274286289075988 0.673584344190708 0.270638827087108 0.446334804268165 0.33229243691935 0.655084208830851 0.441516101118253 0.435182093887497 0.240673466697336 0.427328362562307 0.32145517999298 0.439592805370037 0.417948054283919 0.385333509829521 0.476963146801565 0.250242189513524 0.246961114373117 0.416044883423201 0.336706117672423 0.471631495508099 0.443789408708636 0.446200067246879 0.447261334853986 0.446751393641342 0.431981969341474 0.712703882264175 0.553792213312913 0.462903746165866 0.429437900606306 0.75918559445209 0.573127103703605
0.72316491625076 0.644061659382959 0.661334682546849 0.669827331241222 0.498358899192664 0.664717301403379 0.625289937830445 0.583970488615623 0.603919637627715 0.481960726106768 0.587171321443389 0.54595688921704 0.650074217123169 0.79147026000202 0.713904377351099 1 0.526046824690835 0.544799701534796 0.645649785772303 0.603650057348386 0.165526534066756 0.0486397933892152 0.697924964220521 0.718723711180168 0.613639232569543 0.563102883324849 0.68111838373468 0.490939532271863 0.464536576732681 0.580528404685793 0.579913426274351 0.497719188005165 0.590993325477303 0.450600161057201 0.508192372399686 0.203293410906828 0.377324988215658 0.298178587460368 0.447786784558582 0.33876813543783 0.384228562029023 0.227595709718041 0.529957901433669 0.471590177025566 0.546772486035228 0.461084491803867 0.539610436353501 0.461028621560797 0.457140561308116 0.484673406999516 0.483573023914963 0.496260892645946 0.549154281769223 0.349618504798196 0.526511738515468 0.566221131235958 0.651252775181898 0.567682241275398 0.475313723788635 0.34991641079485 0.651084042537341 0.273261502784739 0.407556160043483 0.419046784116548 0.592124868419801 0.451701052804606 0.494659126884871 0.254340153586596 0.534283724452883 0.458418638694751 0.435478540155192 0.353433759686433 0.413580076674619 0.442669512972681 0.192386513411198 0.305146189530649 0.451879799408112 0.440858957186216 0.551514216075744 0.50213168490423 0.488510461081411 0.551434159067095 0.374258347180537 0.505726037836863 0.681881211071177 0.658682145867042 0.513309326686821 0.584033436768765 0.60033128165579 0.705085094118765
0.773390335106381 0.733432356927353 0.556569640770664 0.44981153540318 0.411196345115774 0.361035690054647 0.631658654144798 0.502480915863195 0.368557915304654 0.292059406392008 0.668801900133113 0.507821933249803 0.539740013553666 0.427913461226546 0.451914745902069 0.526046824690835 1 0.903450561513163 0.77888127104287 0.734090826808808 0.329934230236322 -0.0125005637066466 0.463823242178448 0.398316712147262 0.403134899941196 0.369171885298693 0.340086719118841 0.301918316042584 0.787363081080773 0.720399850607233 0.532202130463521 0.381898000516777 0.759063834575522 0.705171490318117 0.405011750064494 -0.0543763930334064 0.588665619420764 0.44863143087522 0.433606508189918 0.269930852399688 0.468752825804965 0.447244960482227 0.616260428369117 0.528575687536164 0.643625260928477 0.591133843725708 0.715342338423656 0.592629214589531 0.672787008898973 0.526536524756441 0.6768346842586 0.513681823201836 0.739628314226686 0.558641165676678 0.611794174705017 0.628886600767177 0.781459580409572 0.657866928832357 0.691770635132608 0.50396437855349 0.601155872612211 0.203641088285521 0.815602523845046 0.796024411312743 0.230314004880285 0.153992058339648 0.442881734387642 0.151989433340847 0.547215664216674 0.661694238540165 0.621251870300358 0.538981238855053 0.578969730521725 0.644879788579606 0.256003727881759 0.441472544867133 0.580849060001052 0.544777422435229 0.812555916736156 0.66186210843388 0.858262854496963 0.769369589147413 0.570641649198282 0.610235139829176 0.526780562588946 0.499927480656919 0.381427095782155 0.466057176078505 0.410312023097023 0.630456423143506
0.730069077994173 0.748392218314724 0.543060181053086 0.479539248699013 0.40946722996365 0.391662136828646 0.571492500592097 0.529349561650934 0.384139824610861 0.337889402865056 0.538043583133708 0.523372406851895 0.46269957190481 0.49504948480606 0.407058076990575 0.544799701534796 0.903450561513163 1 0.751315490739425 0.754580271667068 0.345373861266465 -0.0553544327940989 0.477603171344866 0.425190948698885 0.427002239559335 0.441972213412939 0.360625246015168 0.272230196888831 0.758982439421295 0.764294708560608 0.563420246074212 0.46519999003587 0.760398511629288 0.761572545247461 0.460716262978883 0.0732291362667706 0.60523871470103 0.441204680004004 0.491537931189785 0.237064566203654 0.480680154510837 0.490563580517563 0.643934490289211 0.587982710314725 0.637636784324369 0.582389191711181 0.714022079767476 0.640111549077486 0.686529886476721 0.565254456486411 0.714132308133399 0.534323015386638 0.744014384473757 0.608378763389498 0.647468575037543 0.650517531054786 0.801501630043263 0.691559222339195 0.688179575136895 0.554445617543243 0.543702950370736 0.211651538464483 0.799817786502027 0.809314554772271 0.204334673058206 0.198951874038755 0.454065958153872 0.22650959540591 0.533833701610054 0.666087036403176 0.636317966312107 0.542968376631406 0.559955629078068 0.638259760814164 0.254469353406269 0.495567599415355 0.64324039751406 0.55582549569322 0.793524821755455 0.707620233034736 0.80060028948559 0.738284096408852 0.53453529124914 0.621031102821404 0.490064346389463 0.469708172072471 0.421888562952947 0.489972694457628 0.41027290608567 0.679962203043904
0.830355643410671 0.790759031902991 0.716801053925205 0.58235508669008 0.528654640032021 0.47983556130611 0.71671703170323 0.569127011683427 0.484253860035883 0.428941625859179 0.669429998369911 0.524595136494185 0.619685280288509 0.548344357262113 0.649751012762725 0.645649785772303 0.77888127104287 0.751315490739425 1 0.819136183176977 0.334418941799651 -0.00761444072338997 0.641813995223445 0.55500676183894 0.555905369771105 0.474193539370792 0.501852833502195 0.268959665444787 0.727503406016229 0.637009937694586 0.684881522423785 0.53072940248086 0.768187670693953 0.700212210169906 0.485688551891737 -0.010515847266159 0.622504453362309 0.451170651794796 0.41328850830858 0.261509905895179 0.416495483594908 0.364015419432561 0.629493759527343 0.569831040415215 0.632883650358559 0.547625630417383 0.684093300407084 0.581181135221227 0.651794373199428 0.547837542261625 0.716743859932523 0.563818780763045 0.737175826129381 0.637723439285739 0.627366542369607 0.638600096736976 0.748154682844536 0.657395341765087 0.58262379916336 0.434689142641354 0.583371001183364 0.192529929927233 0.606497707053946 0.59187885444919 0.385449532922493 0.265186391388841 0.488128084037635 0.193022366965596 0.643680247061261 0.62234093825616 0.722751664852136 0.649445537046715 0.562609698245857 0.665289986813069 0.297280096963348 0.383193271451474 0.494522856351086 0.519255815892366 0.719488412095563 0.595985745403088 0.686729481357224 0.665611219908744 0.518917804034623 0.50532563480752 0.616684686711176 0.543692594423718 0.422493955113338 0.479731665577229 0.513250609618343 0.662459892959211
0.777647524816828 0.855580871087084 0.547859278313458 0.540267227006595 0.3475443502108 0.463237643118325 0.581335297635763 0.5706305111791 0.328205148983588 0.386908060027542 0.599051289893259 0.553916443858669 0.526792514766072 0.544099698352354 0.514742535113762 0.603650057348386 0.734090826808808 0.754580271667068 0.819136183176977 1 0.35413836201713 0.0721193652757244 0.490908690448975 0.511949949176013 0.409458807549031 0.436686778422389 0.363993481148557 0.323239698933078 0.712591345623527 0.684432906005598 0.611342103627655 0.516158698432798 0.65180124913804 0.652393561823437 0.340035526398858 0.0288620378339857 0.473388002458312 0.371476771773276 0.310956864196716 0.337808306425273 0.48004549616655 0.386350159648197 0.536727328847268 0.494939463618247 0.62876128301901 0.606785237688101 0.60877916463693 0.567226257767197 0.630401067010681 0.559255424656795 0.632971081563879 0.576447021755802 0.674335361204738 0.57873615677694 0.559452012910306 0.650764680684892 0.742372750055645 0.710098461788936 0.619931643724081 0.496826155777887 0.536127787439936 0.255732556755877 0.609866687719049 0.626940075195801 0.250632329474246 0.249908542066275 0.421047122434738 0.241543314434 0.696850110393073 0.689309857193272 0.598139869875426 0.630426891567033 0.600446909307628 0.697876452756804 0.205021521622425 0.476579851561997 0.389980148020581 0.437344915405888 0.677422782950605 0.519416180663156 0.753727193451883 0.742878070807353 0.525562499421438 0.587246735577286 0.561896391614296 0.559394671345806 0.351645888253396 0.435351504376577 0.371479915048409 0.635210221389947
0.267889626229117 0.357994737562992 0.220076573841608 0.194240440782586 0.265460438201943 0.183509428973903 0.213045525625234 0.274812227762996 0.0808425621715761 0.177947444378601 0.18725592611951 0.184755733606244 0.218602546218911 0.274264716082562 0.228050477994145 0.165526534066756 0.329934230236322 0.345373861266465 0.334418941799651 0.35413836201713 1 -0.0484804473572069 0.281031122794107 0.262415993822229 0.333067881904115 0.387391474949998 0.178991995980306 0.142857327726211 0.422008405590976 0.295362159640857 0.299682492746425 0.300918177071942 0.29463089276864 0.347203587028089 0.121261678028045 -0.00307121509234383 0.281474902898232 0.376068965277417 0.345203211377785 0.216862635427685 0.385646090088413 0.382054152595476 0.330118165154446 0.317645084318537 0.310783937695038 0.303702278185576 0.359866884344955 0.282165069247446 0.308071047041797 0.2615167495034 0.292901451258832 0.278302089328688 0.294221211571118 0.242244043125266 0.355360209609202 0.262001396028725 0.300093284158601 0.244534676203254 0.257558101441989 0.130188351276697 0.174449501836628 -0.00694798759003693 0.267949239114545 0.20333590237543 0.101912739296798 0.0852794248587099 0.119462625953723 0.0570591631753315 0.240170670326383 0.353036104588893 0.292911705100242 0.354286784033044 0.3707419338779 0.379995031598606 0.0294079689989129 0.300276857807025 0.205596530348439 0.196891400069782 0.374307925515738 0.258644351216503 0.306211507895229 0.279905572619295 0.351952808933084 0.253959027773791 0.194483110529066 0.239499427929543 0.321644574303694 0.302275283562943 0.216041163051907 0.330469574943274
-0.0257435842581097 0.0142917472139213 0.0664756250289239 0.110140972498137 -0.158573510905811 0.00865752694786889 0.0583594666451905 -0.0459801467834512 -0.0487655639742199 -0.09308414400594 0.0520185781121589 -0.108353666825377 0.0087506030270589 -0.0514808809875571 -0.0120642417614595 0.0486397933892152 -0.0125005637066466 -0.0553544327940989 -0.00761444072338997 0.0721193652757244 -0.0484804473572069 1 0.0245998849504612 0.118521071755515 0.0803380636827704 0.0106016617148379 0.0158405395966995 0.124093007505184 0.0111749856750855 -0.0156754198328311 0.068765916630738 0.172166584989271 -0.00868015041017245 0.00677435929797977 0.0510525460962567 0.199374249191807 0.041576439275047 -0.127209531629059 -0.18629854598314 -0.0200724915098333 -0.00292759098819041 -0.213912668750661 -0.031361663020623 -0.0157438404641627 0.00528776562156222 -0.0147666859645116 -0.0500588930930702 -0.0749856534413662 -0.0620142777843988 -0.040338855307028 -0.0437015012944994 -0.0312433859297286 -0.0810440437993257 -0.0506901910519053 -0.104497444129972 -0.0669792436258027 -0.0258547783387368 0.0469724741453085 -0.112370210042075 -0.0759782950918552 -0.0244555358534785 -0.0795535193301999 -0.0919640613519225 -0.0699546705157867 0.0736764574633764 0.0158694020475612 0.12054892195158 0.164588464351524 0.0285540014920277 -0.0529327191311699 -0.0200295109465723 0.0631322525684612 0.0163829784036827 0.14769912208605 -0.0961679659612578 0.108127176880473 -0.074171267004527 0.168769513182575 -0.0594247532317382 -0.0358903983359684 -0.00176291378088728 0.0379854336118094 -0.13189465764211 0.0417137348742808 0.0698635557206112 0.089646476016226 -0.230712058713018 -0.0148201933808402 -0.0842739533340526 -0.107199658869846
0.631878127442492 0.509246331556825 0.88335959441453 0.78077509980218 0.7029719870001 0.608677109045012 0.780607246652885 0.59796932947613 0.695943442701882 0.498591989215159 0.426817431613492 0.33988542426095 0.616784680662403 0.645814487197808 0.762116577604746 0.697924964220521 0.463823242178448 0.477603171344866 0.641813995223445 0.490908690448975 0.281031122794107 0.0245998849504612 1 0.843565509224974 0.837382327935503 0.796046762605763 0.749114208258431 0.433302252219645 0.489325137785583 0.452109326571224 0.799878407296786 0.731261576676759 0.774604487746184 0.622061377710211 0.790007492442343 0.391417707922853 0.461347925356329 0.3167246299268 0.433569268864952 0.311943779733972 0.265785947844403 0.235776897647149 0.537005710241509 0.487321825533545 0.586669942466983 0.430500812291551 0.528305825423239 0.469034165669027 0.412436424088743 0.466062232118554 0.528986941129257 0.60197090467602 0.559515067380642 0.441570083142799 0.554163209626943 0.496651873714155 0.548956920084875 0.448889383677696 0.411681456145641 0.26510799319274 0.657504072275307 0.189608001017948 0.420131483742169 0.289872927529641 0.835743529965618 0.605140424838953 0.670914237839664 0.424819588231008 0.452132274437126 0.382339367054329 0.510441699532156 0.455917155576655 0.44712276927947 0.528937377152233 0.148382807310646 0.262365954839901 0.519165017943911 0.439178894526027 0.506561324645908 0.513813387928469 0.43417499483927 0.490243543662857 0.420379537938202 0.425891233425321 0.770960623098076 0.64817114786368 0.498194613941723 0.575997159649477 0.685010434020693 0.651885762742119
0.556104086483653 0.531438253012192 0.768835487832959 0.899498205188777 0.58693341359013 0.719105728245025 0.704097672193407 0.726736949513839 0.597346111607644 0.588613686696874 0.345927748968679 0.409271546366669 0.524334384215813 0.700774497470667 0.659664133841905 0.718723711180168 0.398316712147262 0.425190948698885 0.55500676183894 0.511949949176013 0.262415993822229 0.118521071755515 0.843565509224974 1 0.742650212694029 0.809843951044687 0.687113184979873 0.426204594924076 0.40123112693268 0.40353479892423 0.69108737573522 0.697295907100307 0.634253587528422 0.561419789039799 0.699801190586366 0.441622620738378 0.370903142803189 0.26319998201891 0.367222607178132 0.31414849619997 0.257634284220223 0.183537673553484 0.490501122382391 0.458090233845925 0.560768434129022 0.416509831248426 0.465146001601555 0.447253318992848 0.413984809556431 0.503721599036985 0.537261437157627 0.654324078788558 0.543898919849171 0.428126039924032 0.510446317587352 0.470142345390852 0.57257567634265 0.525268084056952 0.379723953605688 0.313090786369058 0.560743624071564 0.348979669027329 0.329419253506412 0.266738405434377 0.786730522612711 0.765477934317133 0.647124547098072 0.558567093283925 0.534624045328207 0.443871072844469 0.460656052296247 0.408560118488596 0.422059830912871 0.497992410923537 0.145185453360326 0.283404897810381 0.387408641392332 0.398288967690206 0.472698559671438 0.455470502074818 0.446464131576599 0.516429189921119 0.334517879240262 0.464848078060217 0.773948654642449 0.796431900269131 0.484570893669499 0.622154266732824 0.607780291828969 0.723123148514385
