1 0.925430981493771 0.163215342994689 0.261459625383008 -0.0777661580429966 -0.216166602221421 0.0947588208154137 0.2200386207804 -0.115581560556389 -0.250246930463714 0.840995686367746 0.836881924610652 0.667278116655984 0.667931016927443 0.260250046065358 0.268555181831014 0.786880000892202 0.76162956422477 0.713280995025199 0.782935977477359 0.15649161018286 0.129601844497887 0.28121672591321 0.164735437933997 0.186101961947733 0.341867253259771 0.182654417169408 0.179010682269393 0.666785487569435 0.731519334725901 0.368863381750717 0.137644582495537 0.365934332101971 0.296081948940804 0.0160437474447631 0.0510161116839642 0.280620502204473 0.349847298551254 0.168355325569666 0.543211317594175 0.402304182768741 0.384489965174004 0.300505746372274 0.398228967279221 0.311072291452722 0.412967072592961 0.410558947843602 0.479627629168177 0.287788508986618 0.318574568202846 0.333360314208924 0.284393495778579 0.373603890379555 0.263419199467363 0.582015997630584 0.663183518622598 0.840892599608579 0.802450439780085 0.497078048555641 0.408249895950318 0.527762434871561 0.160909058381148 0.476967046845407 0.537435429558693 -0.020674182909468 -0.0790034565547374 0.012920850637929 0.118276624081585 0.757365154993079 0.717542803485431 0.0254380394940404 -0.1627016567549 0.206083195826826 0.321653381181968 0.278589821583044 0.151799772955444 -0.302799557108632 -0.196616022763647 0.743074836144455 0.786784248825107 0.700027386795848 0.693065229070385 0.376167302992101 0.34477667494442 0.425173218919919 0.38507322516535 -0.0109647732255093 0.110745198848199 0.306927124828744 0.288206549191477
0.925430981493771 1 0.192346856710378 0.310667718971036 0.0222634946167445 -0.153721493134777 0.124407992321313 0.298243437161503 -0.0444737651945018 -0.277560631805969 0.718779171977585 0.773347206393473 0.6343873863358 0.67802661126121 0.312929110044646 0.281501012600856 0.83019700710395 0.83805967962323 0.734943944955048 0.82347664989508 0.183863659859942 0.188526442942012 0.291497805762041 0.220475742496236 0.249144363595444 0.38289214157507 0.262742392209336 0.219398985758878 0.646792505255118 0.781842063348679 0.382585354349795 0.189785398468391 0.412642112660601 0.353217778471048 0.0274346179545004 0.0864927026603533 0.355034456342603 0.415065880821065 0.191200452287715 0.570233562584071 0.378477600382354 0.471228546791508 0.371698013222759 0.466803976192076 0.388859083402916 0.494003464341664 0.496247586451903 0.562775989948819 0.361839287206242 0.406021714066225 0.398441678696113 0.366289069698256 0.43459038381414 0.330857225712063 0.645120363779305 0.733895365712735 0.90478937664418 0.889794361229805 0.523562178086022 0.477088188880044 0.498530419731104 0.17719644735149 0.474124048235594 0.567387687148495 0.0304073928273336 -0.00616235421468125 0.0833050899054613 0.164085036898247 0.81696835530185 0.758317200402224 0.110959757214496 -0.0819604960554881 0.214357275062854 0.357076950039137 0.292494620880566 0.0952486418260293 -0.291892063770488 -0.194056715611497 0.776135989937037 0.835757652798047 0.745648025461198 0.775952867248717 0.377782441024693 0.361410391785168 0.484385343035382 0.480408084257849 -0.00534160992596419 0.0533851451021039 0.347030489521515 0.364576632977084
0.163215342994689 0.192346856710378 1 0.816226122155274 0.511848605080487 0.48837363162585 0.885570612754039 0.633811309299779 0.541276732324297 0.269852722540368 -0.0191166971791471 0.000542125979897912 0.470708680183383 0.3376503775131 0.730518941556425 0.378113973139774 0.259948918519727 0.292383792056373 0.593193815136237 0.487338415524213 0.385128915797292 0.197293242798078 0.858996788462614 0.750763972254181 0.650228724301354 0.598893026452946 0.614137632994736 0.283993145241946 0.220414682762151 0.337026058915134 0.610443071849778 0.519539322961583 0.681422447356121 0.632621531810645 0.745982902482605 0.639195007682883 0.531275157313379 0.471492276902416 0.458112321773006 0.278448582580271 0.2257977455559 0.0713406327831545 0.616853913004031 0.524030181654712 0.583296182969953 0.478882285159318 0.549706778084747 0.509679065135409 0.52257430733032 0.468858369688256 0.566353366353885 0.564771429081736 0.507700999346838 0.456662407068493 0.497076388540486 0.444602846755199 0.220611976823248 0.303451183986991 0.493511909471421 0.496779229939258 0.564816021232618 0.413415136028377 0.506455610955553 0.453374741899028 0.772808229395609 0.68120409524975 0.805505426570036 0.67866669145031 0.293012947936441 0.186687099265423 0.654139905434109 0.584140771393287 0.497794029997724 0.578502983923305 0.149032738398391 0.28413049007334 0.574648793426848 0.419154080577601 0.228415093466235 0.252517548914476 0.277299509809117 0.420789952578281 0.171030304601928 0.106456912904516 0.673395865694574 0.534227260493028 0.204839182628427 0.0510406336976948 0.713864636463097 0.629901385496738
0.261459625383008 0.310667718971036 0.816226122155274 1 0.389425611611729 0.585022141621044 0.834001846405169 0.819585055513417 0.421293289864891 0.0551783328943705 0.0695019079149707 0.113700343314049 0.486916003246215 0.508168011790459 0.626928650527075 0.21364778154751 0.417349517109957 0.460717520514467 0.683217061729305 0.597036920959896 0.523913763156198 0.125282673707629 0.782100740141546 0.836646812077133 0.619464240279877 0.742922468995774 0.612014564360818 0.32398001248262 0.351988568401665 0.518978112784018 0.681138946538221 0.688353274021369 0.766720276734715 0.782074252411306 0.678157578508447 0.705320287766608 0.595724374827176 0.571016572305414 0.465081842203734 0.405968043241066 0.254998291361813 0.114175532448218 0.682463748340628 0.643603405316454 0.684811973340545 0.61732760178193 0.674946600712696 0.647010902140366 0.627841465539386 0.622362230602702 0.714446401308725 0.690681916043905 0.657366623310117 0.634654084279794 0.6539338618886 0.539330387623435 0.316328531692948 0.377031413112478 0.628586264007277 0.629423097044891 0.689471006882407 0.56301281098048 0.60406304839057 0.583578081451389 0.637368319432305 0.730774464350946 0.791424952242063 0.796832460079537 0.399630368503491 0.246634027574762 0.705636464550636 0.649034104717987 0.558879493103519 0.679286260819207 0.253930170558066 0.286882410441348 0.57015101984154 0.540796750625327 0.379726222136461 0.394470972592645 0.407257634514184 0.503308018476636 0.17460635310302 0.0153858738087947 0.618448341789549 0.64297818600524 0.0920212271789591 -0.0654176566870998 0.677043576932834 0.656861954472023
-0.0777661580429966 0.0222634946167445 0.511848605080487 0.389425611611729 1 0.491723304638739 0.578290333394689 0.460312600478604 0.676256603342777 0.379803800844114 -0.102699798340515 -0.133143649351862 0.184528447813914 0.00058458605487972 0.47509759919951 0.337356512534626 0.0145414176481319 0.0326211912780814 0.229737796044628 0.122997768460063 -0.0117857442745092 0.419680206993727 0.391590966925923 0.301861985227022 0.391126962565939 0.146473523974411 0.36909618375266 0.0758878036696843 -0.0289572847520316 0.046494971780973 0.275905874956951 0.193265786286104 0.387583794620594 0.437779249891601 0.411538211536719 0.276254052487423 0.231835575052971 0.13503233726944 0.0684053096582499 0.146694488720061 0.0122719728381396 0.125858139296467 0.33631122260899 0.228701130644346 0.326611332354186 0.232303709999142 0.261895901638388 0.243681740384728 0.291324065387435 0.262608871124934 0.261522216302654 0.358782666632619 0.205152271912279 0.196928640761733 0.160916932222524 0.205967501323311 0.030229592249676 0.122909534413019 0.290764066144098 0.298060158180037 0.328432068753512 0.362433725266805 0.262455412424213 0.289219733134731 0.462517498543123 0.461911224881103 0.548012549184534 0.417763086281739 0.0202456604164766 0.0164672416741467 0.446768764368266 0.366133223097854 0.239162621584636 0.382503680899139 -0.0458084022041438 0.10323646642063 0.457616511641455 0.293674651911614 -0.022081180631422 -0.0256291347649388 0.0234399619611399 0.13626284335917 0.0251627409498387 0.138124250915437 0.296925334404793 0.312832630336554 0.0522005848805088 0.0511713308616887 0.470210125462216 0.373725712737167
-0.216166602221421 -0.153721493134777 0.48837363162585 0.585022141621044 0.491723304638739 1 0.632485000628316 0.626730409853033 0.534324991412982 0.114828793381878 -0.327723461533529 -0.355683474924786 0.0584009104036929 0.13968399597166 0.398422160188134 -0.154841516722123 0.0412272613830751 0.0841158052020559 0.229235877540169 0.0986772746802225 0.334017267936455 0.0426183459820625 0.428611828043779 0.586449028762342 0.341931924530862 0.388201279874343 0.57249146372583 0.292216961364651 -0.0208977859389749 0.0790567561270029 0.399246886868829 0.506152884936064 0.501858318926981 0.547045488329884 0.507187319506873 0.464982811173284 0.31576031823051 0.322582137986864 0.146727120912471 0.0342660242188979 -0.00711084888309858 0.00236089698548652 0.449830373015818 0.40324867268158 0.411613615816909 0.328256168335098 0.385129156601795 0.360426541204256 0.419431754318774 0.439264190510641 0.477193415471708 0.472888803468507 0.414296035931042 0.470821791272437 0.258651380791114 0.116628167383464 -0.023686943063957 -0.0115165991739803 0.367231776939141 0.375054599508919 0.401169350639565 0.492791817270764 0.326632449539075 0.292594295160022 0.458727212991378 0.613348584946226 0.592689326405761 0.547235019681599 -0.0464698042244063 -0.0784308069505675 0.691197433769705 0.680245296630856 0.388549657934106 0.474057718861569 0.0521377187857237 0.174020695557171 0.64638180242351 0.563577702297894 0.00326369634278493 -0.0671227535517763 0.0199041890528152 0.113337648688348 -0.133266192979077 -0.269639087176896 0.281624604837897 0.337271683262846 -0.032533866930909 -0.272339311567806 0.44836744558521 0.323557876373221
0.0947588208154137 0.124407992321313 0.885570612754039 0.834001846405169 0.578290333394689 0.632485000628316 1 0.776529465447505 0.588362972939007 0.22457664392466 -0.0346765143093713 -0.0439060418788462 0.494847341243444 0.361699616167523 0.701567232505485 0.218235412428684 0.278299747090216 0.306648606696418 0.575997338909914 0.448253194263447 0.376116415867083 0.173916064666886 0.807857765379154 0.741546865659029 0.556322185916021 0.514197234531443 0.565126056823196 0.17601276615523 0.263898914245271 0.366036671223409 0.600687456657182 0.618159456602886 0.750940509623821 0.741028992491783 0.671498591326876 0.630679159895478 0.576885681877924 0.483154660318636 0.503947215222051 0.250544092556766 0.215914948039455 0.00344659981119456 0.675940883974226 0.589150311206116 0.645646399810209 0.539606722439801 0.600605335841149 0.552791932807182 0.582789520500711 0.554859317245435 0.658901642289665 0.653755691781535 0.539202639063637 0.538768785578101 0.547020387342645 0.435099446021853 0.196492826326304 0.260160661098661 0.600188345107513 0.565977871389002 0.712834915411809 0.559800538651473 0.594548221597033 0.518060275674168 0.730287701015709 0.731186001063151 0.857693807486787 0.781047850289971 0.292833104265837 0.175034052742412 0.721496906216767 0.661378981483082 0.55169074428714 0.648700442840171 0.193032112696648 0.263827480180528 0.697173640385728 0.579640808363812 0.235596197056387 0.202068015716829 0.271644852555113 0.354219969994007 0.0781164530033147 -0.0346262601856691 0.609755993266243 0.543189964866958 0.204661955198445 -0.1203805825424 0.760057425918848 0.617207588906334
0.2200386207804 0.298243437161503 0.633811309299779 0.819585055513417 0.460312600478604 0.626730409853033 0.776529465447505 1 0.407524934219433 0.0428589883965162 0.0270243348012023 0.0966473761175238 0.53474041617442 0.564836887015366 0.589502389072434 0.0890473455543356 0.455002147907227 0.487248482742535 0.647950215933578 0.539892816242206 0.387797751389812 0.181288815310328 0.687406235420128 0.735820559418143 0.42532931371817 0.524633079077541 0.482914658941088 0.12724466755973 0.357171771864177 0.565707087303625 0.594918871129348 0.667407105269037 0.720307517433607 0.787779856347338 0.453794929020102 0.519794303611577 0.553056534355211 0.52461187477631 0.362582966719037 0.365207732276526 0.20638055863002 0.128191858443051 0.72225576699206 0.703481063768165 0.660267946759701 0.66011699773071 0.704401117811436 0.693090730757767 0.664751380498078 0.671451085595302 0.725300750305745 0.724268285424086 0.685941901133451 0.699561456467986 0.669632673705446 0.54032276848243 0.339974234062977 0.377119227166096 0.671158654629577 0.676233247374115 0.726871769902102 0.756173487512916 0.590860930776049 0.604084082755056 0.540249333324652 0.720281683152828 0.663211553274456 0.743867876287284 0.399235024834174 0.268965520906525 0.701141022766929 0.633135575036867 0.452969992946757 0.667545107386115 0.187916108327409 0.240281306321668 0.575361154987918 0.561480175170696 0.446088513718963 0.415682517786498 0.44480544586794 0.476938509802324 0.101668210413314 -0.107247750570661 0.57777264201319 0.632801481459759 -0.0344151115030325 -0.233333225526351 0.660665290476351 0.590641030549647
-0.115581560556389 -0.0444737651945018 0.541276732324297 0.421293289864891 0.676256603342777 0.534324991412982 0.588362972939007 0.407524934219433 1 0.413377680572697 -0.146957360836719 -0.178925250467253 0.216890373555077 -0.0176600708515169 0.575523094915412 0.211732029556915 -0.0940254470222702 -0.0215533350857824 0.151646832959993 0.0425655135802465 0.159731535703416 0.167939313864647 0.447273074247595 0.348476208832463 0.265518061375751 0.124306174355908 0.474214562971371 0.218770802234745 -0.136046752854023 -0.0143146384243792 0.236660087014261 0.16842238931872 0.296479564582408 0.328042539967862 0.318637562662261 0.245610664465636 0.232452350869346 0.208871230650075 0.176309101330384 0.00732706395614446 -0.0299616489060555 0.0849913768321469 0.345033176839329 0.240586372934762 0.305539814163196 0.208049649308867 0.237102098192453 0.224846710905466 0.315112585733088 0.305316157142096 0.304912864747067 0.348584781246085 0.209516941786488 0.164277807914101 0.172923494599859 0.144787222105162 0.0277192087391385 0.124158340647409 0.287293966339614 0.315605692294277 0.418280650786487 0.422251308994364 0.244673243896323 0.224311674445826 0.450633765662932 0.506056005941696 0.482941070737847 0.374421890025521 -0.0291000629136313 0.0321466868698143 0.506093201280748 0.476028301433755 0.181782110261374 0.285954644002645 -0.077967806220624 0.0507502168782096 0.384967493443071 0.318635972284172 -0.128725510190584 -0.108751514798341 -0.0748907407661951 0.0826294957838651 0.0118308307539119 -0.01288054261006 0.312093145696123 0.305285138604383 0.141333886945839 0.00214628603890285 0.551996520174909 0.380270851209834
-0.250246930463714 -0.277560631805969 0.269852722540368 0.0551783328943705 0.379803800844114 0.114828793381878 0.22457664392466 0.0428589883965162 0.413377680572697 1 -0.129232215901505 -0.0884837598859298 0.0263057127664608 -0.100794615126088 0.222626386582014 0.546058525194933 -0.232688164523787 -0.234454770165449 -0.120587173942852 -0.161831917141311 -0.108420896143412 -0.057199290356744 0.118053816093858 0.0341508927329236 0.0330394618684179 -0.116573668841439 0.0769833928488353 0.154461793684219 -0.0608929996358361 -0.139521519568967 0.00858735759705411 -0.078708095673693 0.00973857989863113 0.0555060958471799 0.176481943765452 0.109086220938596 0.0400360244197373 -0.100606134411279 0.177285066588172 -0.0428037298414689 -0.0474298291057038 -0.147927825782739 0.0944983174847886 0.0238704938002995 0.0914579931887472 0.0227405348388518 0.0138116929139445 -0.0179881692095675 0.0693876938586695 -0.00838705688803929 -0.0403080814014634 0.0720918917334034 -0.093675899821459 -0.138894965564541 -0.0946205379648847 -0.00704935579394095 -0.209897576226266 -0.181328078405338 -0.00296024169907127 -0.0629667500052268 0.0278122324323783 0.14482840313857 0.0285721417849311 -0.017372517606949 0.247150055667902 0.288012115130697 0.184414396894821 0.14236847271615 -0.181621330529498 -0.134178900083681 -0.0152201497678817 0.0749637258521873 -0.00950912673574522 -0.0421820331307818 0.00341679943345464 0.100974482134991 0.229480315320563 0.168893008263521 -0.239294010522364 -0.245810480094055 -0.147020809201001 -0.120898507217015 0.136719448556099 0.358146330501584 0.137672587146056 0.131540673436608 0.396005605646507 0.45429117642228 0.216500707875985 0.310781057969954
0.840995686367746 0.718779171977585 -0.0191166971791471 0.0695019079149707 -0.102699798340515 -0.327723461533529 -0.0346765143093713 0.0270243348012023 -0.146957360836719 -0.129232215901505 1 0.813041601926445 0.628236766543429 0.504091042732788 0.109131989511194 0.250941112612014 0.603348831738173 0.56557576685761 0.507973147922421 0.57630225236324 0.0213442516530951 0.0647595351503027 0.15085632035968 -0.0451379182875068 0.00182579651250355 0.163445759738502 0.0106544315510144 0.034865976610513 0.575041224675786 0.564519579313144 0.238282131690636 -0.0114757848340413 0.190335658008422 0.126637581068195 -0.136608111959867 -0.0828054475516417 0.108035857904933 0.147918133940087 0.098941354267505 0.316676366955806 0.336874864833437 0.278246279736845 0.0948030123916676 0.1918295043167 0.111939976217237 0.179519585379949 0.15862051491762 0.227738119621804 0.0539357631185759 0.0671746638702357 0.0832443447473725 0.0560155164800004 0.143374231824627 0.0480703933137722 0.32875100480177 0.4077455832436 0.606862160583789 0.563654418443627 0.269761486227508 0.153910560126786 0.406015970057857 0.0862600432088275 0.39328011688404 0.410572918264757 -0.15789029826444 -0.221594844861888 -0.139209352278876 -0.0325026011103139 0.520673701817448 0.475326861295143 -0.122194560468999 -0.265651883575236 0.170890408756035 0.168523482151262 0.280445036342506 0.143537876574207 -0.325777427019832 -0.177990642224122 0.515409475321267 0.552997969878839 0.491258998416254 0.414529095791424 0.336776834937005 0.327034071290623 0.183035022797732 0.150812858189827 0.0140633801688665 0.185422615170666 0.146548524119956 0.102023774294908
0.836881924610652 0.773347206393473 0.000542125979897912 0.113700343314049 -0.133143649351862 -0.355683474924786 -0.0439060418788462 0.0966473761175238 -0.178925250467253 -0.0884837598859298 0.813041601926445 1 0.616470857621064 0.684947335243033 0.159143329929425 0.410328142702797 0.650885482570931 0.602963387304493 0.559048841119944 0.671946573243285 0.117745024536184 0.117809669021869 0.137057129783725 0.0537143784393241 0.054257586285147 0.173989974851164 -0.0164969805050959 0.0329881009368483 0.647129224223311 0.650355728180157 0.272224056127651 0.0653531393790885 0.262017964092542 0.227750342166679 -0.0958201483662921 -0.0118168963645839 0.218076835950443 0.284111282215844 0.169519412558525 0.493492606920128 0.405855481499854 0.321724013272953 0.179154803597537 0.269249146769873 0.180871041031017 0.279389615833589 0.277158837666375 0.331160193376729 0.167750651642438 0.191579587104621 0.199360217259545 0.176614999767913 0.284247043328453 0.188583643331982 0.46672413906783 0.55922844429358 0.620057625653934 0.577443666938704 0.357948684908708 0.286340742753292 0.373402692119147 0.178116629831963 0.435711369893194 0.536802721339044 -0.191912358951295 -0.165936558154427 -0.0942892695068912 0.0292530837209075 0.593820643280207 0.529933004445332 -0.122632202997894 -0.2420201163785 0.139604564939643 0.176238377768074 0.23143490221019 0.190653198191967 -0.311227052116083 -0.152380494311814 0.585323138820388 0.587122871094068 0.603059914334692 0.52271408155635 0.480604021347691 0.503628945110775 0.279328488546951 0.341088488543687 0.030566572283714 0.273927838258712 0.199513765529721 0.29491821863318
0.667278116655984 0.6343873863358 0.470708680183383 0.486916003246215 0.184528447813914 0.0584009104036929 0.494847341243444 0.53474041617442 0.216890373555077 0.0263057127664608 0.628236766543429 0.616470857621064 1 0.756361147220438 0.655013992465035 0.366115900768287 0.663621443289021 0.665641367941533 0.744225828160285 0.734281572043553 0.266945557953252 0.132947301145118 0.676943031193915 0.434196028577396 0.238345545638844 0.320714483013455 0.314262179898707 0.114667399383227 0.640975125552763 0.741656614768667 0.500530547493775 0.355865738529497 0.564433325379733 0.506979871942409 0.165820631438751 0.248731738937264 0.504750296612014 0.45832619091975 0.447696628900062 0.415430454008603 0.421374360071164 0.247372662711648 0.530670575562802 0.561498565732842 0.463329676626024 0.512259064684401 0.528892218121633 0.559094665723331 0.427362726843448 0.422967637386258 0.474352583762875 0.442257504833131 0.452973835440913 0.39153604583401 0.627214548465774 0.600985619367589 0.613367697176499 0.607856973193765 0.57447944425415 0.493713754619361 0.709448970405412 0.455806792231606 0.654172788530016 0.619822576333971 0.328184299114522 0.290391895776647 0.303830810929036 0.382107611366148 0.615903132257117 0.508179750158306 0.360499585451795 0.209636780524671 0.396421346371188 0.474326252674635 0.271707085862118 0.247736147315821 0.147351333255606 0.23328604841009 0.611486840570467 0.612226243098551 0.636200868306241 0.611598810887013 0.382752946294693 0.223988637665589 0.622314286594967 0.499170120874812 0.109213409045119 0.0363926617468708 0.599816874787294 0.468746117269325
0.667931016927443 0.67802661126121 0.3376503775131 0.508168011790459 0.00058458605487972 0.13968399597166 0.361699616167523 0.564836887015366 -0.0176600708515169 -0.100794615126088 0.504091042732788 0.684947335243033 0.756361147220438 1 0.498075567409484 0.318392677450576 0.765309840700068 0.747757362029902 0.765232923792985 0.833885498813174 0.318715454540806 0.0831548583888966 0.500542795637314 0.556861194083095 0.275791063794094 0.46729128650845 0.282752388612339 0.137479692608948 0.717257916149225 0.811032572445972 0.592920988326499 0.522649444101774 0.616477197109511 0.576656253875981 0.143104513726421 0.292573532071954 0.517853697352948 0.542447100951528 0.390401700805134 0.521030754570374 0.413707883452797 0.251719167157902 0.565823078930654 0.638602390480396 0.517043922444722 0.583363966651154 0.61033907501813 0.63791888616106 0.47771651977722 0.480078914979869 0.538930539711807 0.478055988761795 0.531509353126438 0.50476352570119 0.694915216897004 0.645866661301811 0.66146626191677 0.624469397198485 0.585564893120044 0.530124582055902 0.602715264004582 0.455375154955872 0.689320233005124 0.758402877746128 0.11174725999481 0.263799096265517 0.270199867960448 0.425087752593697 0.65471000682941 0.541130958855431 0.365440459493292 0.235784028200356 0.425566414197358 0.512098250931759 0.291129758388889 0.275407669764833 0.113933261913702 0.2406431407642 0.703799174741715 0.683282601058125 0.72390602492062 0.701833481532494 0.423923564183642 0.190217015509324 0.547238404243435 0.589044636065489 -0.00332806157692587 -0.00986155904884982 0.472725283398015 0.478730649366812
0.260250046065358 0.312929110044646 0.730518941556425 0.626928650527075 0.47509759919951 0.398422160188134 0.701567232505485 0.589502389072434 0.575523094915412 0.222626386582014 0.109131989511194 0.159143329929425 0.655013992465035 0.498075567409484 1 0.42811966672298 0.397929707540284 0.430809816125049 0.585760948193453 0.49840022753112 0.300571108099805 0.213113760440093 0.790848309338356 0.666164206106089 0.480872408070887 0.398749103508454 0.560396304962399 0.260079532262619 0.379473221609366 0.469048822034427 0.539934974153593 0.461867839383552 0.657505614411581 0.639606568856979 0.491267742366954 0.491769539343734 0.557668990143839 0.494273567529086 0.503978675178826 0.295538807927836 0.320961590394869 0.162564866072966 0.684687720489752 0.617124171366242 0.625072156357249 0.558997081654536 0.589668026254833 0.589956536499651 0.584185013759032 0.55984287735462 0.606044526882105 0.621034366557405 0.471089160461404 0.431064343552955 0.582161637472377 0.540455438031879 0.409185222174105 0.466575469309215 0.586382608537006 0.589267771838508 0.612958896548712 0.511847220545905 0.623083383499634 0.574057849142063 0.623176654185022 0.63744662601994 0.650674864413569 0.603794726282086 0.415477448306519 0.343879145396487 0.636256681197803 0.523225350258627 0.443309306513181 0.490996134941294 0.100001148613509 0.263660529303659 0.493430383556057 0.431584432038069 0.346045028149954 0.332360989071705 0.446321756606036 0.527403693629066 0.360589365591884 0.167362168909361 0.768670037215185 0.637498252700676 0.260986124513432 0.106344124425477 0.803086743594808 0.67321249823461
0.268555181831014 0.281501012600856 0.378113973139774 0.21364778154751 0.337356512534626 -0.154841516722123 0.218235412428684 0.0890473455543356 0.211732029556915 0.546058525194933 0.250941112612014 0.410328142702797 0.366115900768287 0.318392677450576 0.42811966672298 1 0.205818510000403 0.204625204548421 0.274880785097865 0.32311599076702 0.00578543581864225 0.277163427518248 0.364179077374261 0.257520638105986 0.332877669255897 0.192542892185189 0.17686174428884 0.215559500656092 0.332696468677615 0.294575353522154 0.28081021664991 0.0772020640994968 0.23171851265055 0.218347220168881 0.277380413686485 0.221815878869555 0.203029756468404 0.13420274656106 0.203410539806184 0.368884545919451 0.250835228500933 0.131311571023646 0.199909041185202 0.137485022066178 0.205276361046063 0.171948162836667 0.162933025001289 0.180081630110509 0.0901991106666849 0.0412700853510816 0.0366431818997884 0.119304411030938 0.0546621103675688 -0.0370175475493701 0.185624643099362 0.352268381132949 0.219476357776168 0.231696941745885 0.0963491461412737 0.0661467499362661 0.133260969587882 0.0571021297567399 0.160576531994948 0.247307513959112 0.262210421094625 0.207546797915632 0.218032225715019 0.192479361543988 0.209046027526115 0.178872843100577 -0.033443392617874 -0.078833603508676 0.154996277484023 0.119348001075163 0.0742961516219568 0.195827061113811 0.0209109327966354 -0.0639408337260616 0.206126537838183 0.248130851952057 0.290315963373702 0.346209303661775 0.438185600672205 0.705197309186216 0.360650414838005 0.346070348774035 0.275916185049668 0.577069757229739 0.245917286909934 0.417407275332815
0.786880000892202 0.83019700710395 0.259948918519727 0.417349517109957 0.0145414176481319 0.0412272613830751 0.278299747090216 0.455002147907227 -0.0940254470222702 -0.232688164523787 0.603348831738173 0.650885482570931 0.663621443289021 0.765309840700068 0.397929707540284 0.205818510000403 1 0.94725935081949 0.788315390725869 0.842295939405448 0.343690194003271 0.130667662008077 0.419633157564233 0.407857071432151 0.36001274390715 0.498142295914922 0.320555078525242 0.184046534711006 0.845505929571523 0.889603565341705 0.579863334391045 0.460828696137137 0.660236081949521 0.597709451834914 0.128788250320074 0.274907686209279 0.544834677414531 0.504890765788518 0.420000057053493 0.586086018901073 0.42878449153456 0.229884728693143 0.630318005179208 0.727338619663015 0.614718616986539 0.706859264238386 0.713208245470312 0.754809054583016 0.539270114820135 0.573661089774054 0.574153204262789 0.536612359105117 0.523470630872344 0.509790780034448 0.764017303227129 0.783180967107057 0.878040464310029 0.825820671391631 0.640290406706544 0.555342505185857 0.590785847532915 0.293927007555248 0.664516381580828 0.715227296959692 0.117682487200982 0.13735436494741 0.265157821429892 0.418355313515157 0.7990906991514 0.705676243923504 0.242954727749158 0.0791402879030086 0.417372938064328 0.483578423365866 0.395362323180691 0.22787349502275 0.0136287649348205 0.146691804716285 0.896665159350767 0.873369428511049 0.902752935465552 0.811225401500191 0.44731167870933 0.276044034684458 0.578558902192964 0.560024143377327 0.1007371527705 0.00485847223849305 0.446989208615552 0.452359678167418
0.76162956422477 0.83805967962323 0.292383792056373 0.460717520514467 0.0326211912780814 0.0841158052020559 0.306648606696418 0.487248482742535 -0.0215533350857824 -0.234454770165449 0.56557576685761 0.602963387304493 0.665641367941533 0.747757362029902 0.430809816125049 0.204625204548421 0.94725935081949 1 0.810461576438459 0.8425750274158 0.370829125135972 0.176700187986608 0.455541347979777 0.449675560865398 0.373460071787237 0.539578885670894 0.415145083903043 0.225892136653231 0.80079332145302 0.920144418521064 0.613724756517796 0.493335524438527 0.65612619747392 0.60915742815923 0.14616205851661 0.286562900154542 0.540043632958635 0.513618068957721 0.421294741814518 0.585189121033811 0.389983103329395 0.296215520077863 0.643860922326388 0.739391981703298 0.651654832320183 0.754135352031185 0.73603118945637 0.78859398833472 0.581599197119644 0.628922703093185 0.595863896471938 0.577196664305346 0.544581803613076 0.541323973394422 0.789471975541908 0.808847430768876 0.888435704526068 0.862714074083232 0.663361414346321 0.60142589277395 0.601647087282562 0.276968672318547 0.669340401133907 0.725772995901179 0.153839661280481 0.189410610787332 0.296838397424854 0.443260204918746 0.788448748099491 0.674408212006312 0.319672276541624 0.158493661276896 0.409238627954442 0.519570755758946 0.422469517628574 0.200921634721188 0.00429510735241025 0.136579404511416 0.876883349159017 0.89557933494302 0.884879309233697 0.852680255968702 0.385422600712216 0.226587203519899 0.605228635448042 0.603969806884076 0.0277799618471629 -0.0267146639974043 0.477464576031784 0.4798948133265
0.713280995025199 0.734943944955048 0.593193815136237 0.683217061729305 0.229737796044628 0.229235877540169 0.575997338909914 0.647950215933578 0.151646832959993 -0.120587173942852 0.507973147922421 0.559048841119944 0.744225828160285 0.765232923792985 0.585760948193453 0.274880785097865 0.788315390725869 0.810461576438459 1 0.919821410842334 0.420083692333572 0.159007732801521 0.689196522400748 0.593368150635161 0.413603651476708 0.597061976659984 0.416223407888966 0.158130686047711 0.696298902502911 0.827665853023056 0.749102751408494 0.598069651837393 0.796512355678672 0.757614043822629 0.40701081178733 0.440651400863716 0.627907046466022 0.601839761864855 0.471871158895571 0.534691594714162 0.410459525566325 0.265597029117885 0.701751397269531 0.742403271652967 0.691922699293589 0.738053678412251 0.746020460447742 0.77053894192184 0.633549255933524 0.659819788477879 0.671322735828502 0.658863935750202 0.641157574343141 0.631767170720539 0.781290323364482 0.761421123883762 0.728864710176694 0.732887290490351 0.691593917814959 0.676123297289087 0.684625039901496 0.458699650164181 0.738481788160789 0.768455230559979 0.311796895198584 0.369253725327892 0.52567565942562 0.600575861854754 0.735126158763718 0.600989286973787 0.51166888323229 0.372980124170129 0.578364148018396 0.655475487815254 0.334814278298501 0.357684049948951 0.260840040394322 0.334009662237462 0.714637929540684 0.731308166516657 0.754158619181868 0.769635617635904 0.410592173744529 0.188656774981462 0.676617170056949 0.627923091657452 0.0233502570942882 -0.0321149452043973 0.593942364020242 0.592882247608249
0.782935977477359 0.82347664989508 0.487338415524213 0.597036920959896 0.122997768460063 0.0986772746802225 0.448253194263447 0.539892816242206 0.0425655135802465 -0.161831917141311 0.57630225236324 0.671946573243285 0.734281572043553 0.833885498813174 0.49840022753112 0.32311599076702 0.842295939405448 0.8425750274158 0.919821410842334 1 0.399356749635238 0.184516970214163 0.591415209440104 0.539887001378303 0.377419031011056 0.571564638858289 0.360963070989265 0.167185913714336 0.736800090300397 0.855729146604851 0.692622373284779 0.558044398652812 0.723304503759598 0.659369542338468 0.282561707110391 0.373331319036381 0.599336003288198 0.6052010083515 0.418032574825949 0.571241817511554 0.433151759348627 0.331356949536471 0.622221870539571 0.681422671304364 0.609739505026696 0.662239702662617 0.68909895375442 0.722701327186179 0.544911892728541 0.577730847151511 0.607282887448849 0.568630422505366 0.57189630692113 0.534298009188896 0.747758997066547 0.755819067254896 0.771237784302485 0.760264631171841 0.644720513659759 0.609870600905493 0.625985766215564 0.357875930632719 0.702324338259591 0.756380632907348 0.203766368517164 0.228534007885353 0.393989334898968 0.481532948936956 0.793981116098129 0.65785628892955 0.401929880580324 0.238945065345867 0.520339471617807 0.61584528370448 0.367939617760767 0.335589278366064 0.110144716984558 0.19615426971027 0.771770147470231 0.787929581268515 0.785087710109957 0.782579830551354 0.418447838112143 0.264898929219622 0.609192518122929 0.576864957219119 0.0128679924789154 -0.00117931570490505 0.510795117652267 0.531451254929175
0.15649161018286 0.183863659859942 0.385128915797292 0.523913763156198 -0.0117857442745092 0.334017267936455 0.376116415867083 0.387797751389812 0.159731535703416 -0.108420896143412 0.0213442516530951 0.117745024536184 0.266945557953252 0.318715454540806 0.300571108099805 0.00578543581864225 0.343690194003271 0.370829125135972 0.420083692333572 0.399356749635238 1 -0.0360868772886639 0.438555479634998 0.494049103837099 0.31556008695422 0.553538366028726 0.362159100968317 0.221556156124702 0.364871322682816 0.407709026159212 0.519258656872155 0.553272767894228 0.525542252725968 0.482811671932188 0.359832720292428 0.482064634060119 0.498412465666552 0.466089653115415 0.417559973453726 0.171022099558712 0.259279268985316 0.0425484914470158 0.430775864097713 0.454297406955933 0.438263853595466 0.426666274021748 0.431093315839678 0.444893661089848 0.413858605704089 0.42934387190304 0.45024500433654 0.414207909529691 0.406471791279672 0.429214917276683 0.423542900781892 0.301498437793836 0.215287176388897 0.198535828511813 0.355746563933001 0.362172570989399 0.370618353723111 0.302593754195277 0.345799999321795 0.324195425592372 0.30358656351566 0.320020782193547 0.431011467237392 0.506093391313067 0.26148095765981 0.127152310172185 0.412701569414083 0.462370918334616 0.430641155530383 0.351228441501995 0.220359567399891 0.2609379297589 0.336724072446016 0.438921508453051 0.291451186472598 0.31995931548904 0.372413833289305 0.331215105772804 0.237742213552888 -0.0193146050865377 0.35575977977773 0.355134281986633 0.0763435976079253 -0.0313291990542209 0.323110587228619 0.34088459001921
0.129601844497887 0.188526442942012 0.197293242798078 0.125282673707629 0.419680206993727 0.0426183459820625 0.173916064666886 0.181288815310328 0.167939313864647 -0.057199290356744 0.0647595351503027 0.117809669021869 0.132947301145118 0.0831548583888966 0.213113760440093 0.277163427518248 0.130667662008077 0.176700187986608 0.159007732801521 0.184516970214163 -0.0360868772886639 1 0.118653705476617 0.0943853225308298 0.40423926440585 0.136525742666085 0.276511368228077 -0.209929507985766 -0.0371906017974691 0.124757219127256 0.203626610460968 0.0327803597845891 0.104631363743435 0.184997327974891 0.106092010223442 0.0382588258775888 -0.0128913846074829 0.101952072439115 -0.184771972778034 0.333519337979949 0.0609649667268539 0.321966078658236 0.136791771484397 0.0950744656997978 0.0773404265711253 0.128294997667712 0.150120220816728 0.168838096008739 0.0817176633009199 0.0619759233056818 0.0696369808391594 0.116415514299849 0.137144654006023 0.114639960704019 0.17998092580156 0.303841522813375 0.0920582248193704 0.213653758847451 0.127290488222089 0.234749683419116 0.118115751806072 0.0259279483578906 0.164421100414789 0.289391718452227 0.0307450785099067 -0.0388217756538494 0.170733568685717 0.0815084139130386 -0.0232426415638289 -0.0697493120825676 0.180774572863124 -0.00374987230178689 0.0411424419900966 0.356295844100511 -0.0928891109514871 -0.0230725027570724 0.100069417481613 -0.138881961441826 0.177738104872238 0.248813457617802 0.108838758862194 0.212054835694732 0.00538979649075011 0.209792692094462 0.0960592217273136 0.0658066805976657 -0.268435218485754 -0.167231525715938 0.252226912869015 0.104171745277813
0.28121672591321 0.291497805762041 0.858996788462614 0.782100740141546 0.391590966925923 0.428611828043779 0.807857765379154 0.687406235420128 0.447273074247595 0.118053816093858 0.15085632035968 0.137057129783725 0.676943031193915 0.500542795637314 0.790848309338356 0.364179077374261 0.419633157564233 0.455541347979777 0.689196522400748 0.591415209440104 0.438555479634998 0.118653705476617 1 0.801346240395648 0.533997138512377 0.569022647173969 0.527987367527324 0.263920886985804 0.439065014231213 0.5494045919867 0.720858807463042 0.658708259453095 0.763019760272579 0.698426584970241 0.625741650110032 0.602392204959595 0.594708157466598 0.490606940790573 0.548179735873951 0.312302467707961 0.305203111632998 0.084467894084692 0.688647125185073 0.621010686640362 0.638030322356045 0.562425854187821 0.598328990847242 0.592922270315765 0.564734834876308 0.538566791420672 0.603448320135052 0.584260386806306 0.508295868333897 0.482678850493079 0.564681528954385 0.49595086696871 0.349094540127696 0.390970417506086 0.544171269595072 0.542657886688435 0.642917560790852 0.500279340517478 0.609347010549033 0.548152697324827 0.712707962964484 0.645846624897614 0.722696937377915 0.695680594994761 0.400243901740887 0.265835758034692 0.652238362607364 0.552953923406946 0.561429565476061 0.592816226209662 0.197675521235128 0.398055176743185 0.563482563066226 0.505640094417311 0.3528208498536 0.369783985898611 0.438501487610278 0.50174326378364 0.285844120204938 0.0730800201454168 0.705060498480189 0.560468739465171 0.147341257237343 0.00523189531572828 0.681238977067189 0.612498979530356
0.164735437933997 0.220475742496236 0.750763972254181 0.836646812077133 0.301861985227022 0.586449028762342 0.741546865659029 0.735820559418143 0.348476208832463 0.0341508927329236 -0.0451379182875068 0.0537143784393241 0.434196028577396 0.556861194083095 0.666164206106089 0.257520638105986 0.407857071432151 0.449675560865398 0.593368150635161 0.539887001378303 0.494049103837099 0.0943853225308298 0.801346240395648 1 0.60842579152754 0.691960798062033 0.55401373499595 0.312591027579407 0.402415435041418 0.517378907022654 0.756155247120231 0.797035350544792 0.786359344133376 0.767397633816473 0.650922018028505 0.669008048478703 0.611163760763671 0.551721047280765 0.475114442168983 0.363154720257869 0.298082303973094 0.0501219137225407 0.704839050088849 0.641274674871782 0.6804851417214 0.600126215270407 0.65505104052437 0.630608445366399 0.613048376322435 0.59537415177069 0.676430084300438 0.628264666865168 0.600607679779717 0.615722334550317 0.58710298272736 0.492132560863859 0.29029007491754 0.315998279534988 0.539936335349181 0.551177419807282 0.562508214792848 0.510277055811852 0.59580388238937 0.590997818902341 0.588631733787862 0.699517025317632 0.744828553274476 0.760760835226829 0.332837915781852 0.210485588551484 0.694849969346406 0.627072433447168 0.568813416865886 0.619198391123258 0.165380240386556 0.355906118471847 0.610513489271691 0.552704207819095 0.353525409760211 0.348648261315874 0.413709904498695 0.501552392245545 0.256549918497676 -0.0288767861647993 0.604359500822086 0.619285318690178 0.0930632551333891 -0.0593143454761924 0.612510938460409 0.608205013301741
