1 0.848138988618632 0.843179171248426 0.779497798753859 0.516783992519401 0.576252445947462 0.900033566408615 0.784774647310661 0.670318292631037 0.733011324503553 0.893553552322723 0.734796247760393 0.905619289584592 0.765658313381869 0.781049157212443 0.728620819887709 0.896941428943544 0.849071900664604 0.851879268437327 0.739610089728357 0.413979763031555 0.2668193442245 0.782312931163828 0.701453797870292 0.640195420313276 0.501833116277437 0.374725272582706 0.135292379363487 0.795345879192943 0.757432489190899 0.650339526764286 0.685749432865021 0.754700268742091 0.483564694455351 0.598585930139902 0.464429284049516 0.511561104511236 0.545154180135894 0.359640805764074 0.553388799111047 0.552681191565033 0.159043250826412 0.779532421582669 0.751942213138617 0.787614229040494 0.73125342377176 0.627404380693579 0.77148490681217 0.700588381403936 0.670431867422777 0.743573934027917 0.672877173943974 0.594510783874454 0.655441230550526 0.719262528017144 0.710002467452377 0.93170830974978 0.866168398989468 0.862032813398768 0.79114422049717 0.880459970496165 0.799469251794958 0.840127351531027 0.790854119939646 0.760127517433917 0.67452829021401 0.823250173782498 0.692325661375126 0.822970863510358 0.755792169834427 0.725220676762603 0.725359349803347 0.650713633529519 0.45039242510543 0.29682951425265 0.290534108980877 0.116110272430444 0.470420720545082 0.565539568659407 0.748471418149 0.849689824943744 0.786934545240683 0.666904804721891 0.46771007866794 0.844978623703137 0.699465248005505 0.52792811589088 0.417352332024416 0.565540558652509 0.68936343122691
0.848138988618632 1 0.762855994655881 0.81048519575869 0.547764426468794 0.519039158201768 0.759172453931057 0.814745874225206 0.592619228976986 0.6990251610764 0.726367455743101 0.847651437304427 0.749781234150691 0.884880361498016 0.734369631413545 0.822955968686567 0.877416570305053 0.904426866065026 0.784516997250137 0.655866180996597 0.452232671101704 0.276282231955291 0.745268789994267 0.707653331277056 0.641915573116381 0.574608509735553 0.42156852114935 0.133613150793974 0.777275053752736 0.826266219857313 0.695978935656684 0.701301393762178 0.727142281311196 0.436270138153356 0.586120568562869 0.427150293036092 0.581569480922072 0.554140822798996 0.493994023106853 0.651950247882296 0.547313837581659 0.291799432954811 0.771153476282195 0.739949487582944 0.730866299506976 0.686375564641977 0.739800339949722 0.747905707267914 0.696516221792826 0.676445216862246 0.682909171003218 0.653323047365994 0.536556669105612 0.638816798764598 0.691276602215216 0.760239056808023 0.888265025664833 0.942118126332395 0.765835953480312 0.761027278925378 0.703391450832613 0.778834180447124 0.714078353467012 0.833358960965467 0.675787643902327 0.648281096682338 0.803622843752723 0.641864409177343 0.873704123007621 0.840030080092796 0.669167726231585 0.732363002993115 0.585972644442157 0.67876565919713 0.336650370239431 0.475845202894667 0.154332175280965 0.344584170128938 0.688416391090954 0.754960892321758 0.810013556940065 0.87264782041901 0.656663607122274 0.68336830381781 0.770468964422449 0.74354420119381 0.494679637002222 0.429910615678815 0.4282896509711 0.673325615969665
0.843179171248426 0.762855994655881 1 0.93016723690836 0.602500898096953 0.532100821791097 0.92579410900259 0.898504958273579 0.654725604947981 0.756967438942752 0.789964713209748 0.666718718685298 0.8652396988908 0.816439946553069 0.849565009262227 0.791062888743571 0.800214447969426 0.727707930607505 0.822279728643091 0.699955159232101 0.472994133446735 0.257288832737233 0.939394666129655 0.904327788378103 0.718127272350712 0.642082537197621 0.243117948214774 0.0809195845072881 0.757637239129244 0.741591844872586 0.850144925677032 0.832056786962399 0.80535212659895 0.556752091268021 0.43742102242827 0.506981220332601 0.423691283395418 0.453031135763522 0.32160024482061 0.446153120092804 0.50059907823848 0.111136049443757 0.712220865834193 0.657298829709826 0.664312301562441 0.576419103138494 0.552891627022862 0.708818393211701 0.646340654451048 0.562484546350678 0.686172737124124 0.514973732682642 0.56210094853161 0.593397084557544 0.617851053954641 0.577103387113029 0.748035728818037 0.714379920524629 0.705595595548058 0.685603061070034 0.636131382153964 0.575110440319101 0.620286137434376 0.563109347557222 0.697940092196587 0.473802995778598 0.742838823500889 0.594001995938234 0.706120219887438 0.663434399699896 0.774544018011542 0.719255922230895 0.671208799489016 0.447337098825329 0.221278819959437 0.208137334604863 0.0966409228387076 0.491410007836449 0.591079605763532 0.714879963840817 0.75221556207508 0.705725882018459 0.647850989273368 0.516109224713619 0.799983931313143 0.566323861900354 0.646796850381673 0.411312966616684 0.545936574371998 0.521953189405071
0.779497798753859 0.81048519575869 0.93016723690836 1 0.599573121112955 0.605429864620872 0.86729212059449 0.966932878607854 0.597705553718811 0.820140358023046 0.681190902372548 0.772009958942227 0.777369812618174 0.900679313196528 0.798534898122126 0.867856039273259 0.77678058056779 0.764334027175527 0.798048733870676 0.681525039675473 0.523426725349388 0.303974296478547 0.928795429939395 0.934083083810814 0.799096268952265 0.723496416463037 0.302831895097872 0.0825976553646065 0.780617168439106 0.829847851257714 0.878493279545774 0.887881556047807 0.801123387047823 0.591374841020967 0.440329748909284 0.558881432029081 0.492050298685474 0.489007622988635 0.434736546495988 0.518284741103385 0.473131346315572 0.246855089243367 0.709251086889803 0.668744883772254 0.641980862815602 0.571728366975208 0.567923673330126 0.687797177747551 0.618593458553846 0.551384504903405 0.651513856281109 0.507463853800816 0.529098496277112 0.570633870699687 0.629333882638048 0.583762347535304 0.710475575378141 0.730514968667268 0.642774735394033 0.654243903576513 0.55992513809808 0.606166539568835 0.535689541221059 0.606160634175731 0.646012911791669 0.527693487295543 0.728717392572136 0.624105459399779 0.693711243697671 0.701631868704185 0.845696308220319 0.800497355850798 0.738069538990762 0.59615815980462 0.192177569519481 0.360137625974016 0.218342615953787 0.527952111922451 0.647975993925257 0.777892173490398 0.759640327482111 0.751905811013255 0.615160889130242 0.568423053356574 0.745612427959643 0.578693311201279 0.607644621283541 0.365907435002061 0.49545766939811 0.554555813383871
0.516783992519401 0.547764426468794 0.602500898096953 0.599573121112955 1 0.236116889314953 0.669982929579071 0.56782897348159 0.730780868883444 0.478857104290777 0.595459744179394 0.44828524985583 0.634561316673189 0.542517938160307 0.719984432961962 0.541576037081713 0.6038521126788 0.436732922158051 0.479773811095695 0.234178449878788 0.463722160180192 -0.0490065734529455 0.673881883723335 0.552145588890758 0.377457973891981 0.338406101729398 0.276357421102709 -0.150259352434095 0.665392688901336 0.44087872867563 0.630013086417213 0.60681997883549 0.489422057699696 0.175796013280284 0.300265256461676 0.122200659764062 0.444314918942225 0.115014132430675 0.442792735896085 0.230454009046839 0.332678458985208 0.0585665452415622 0.375195249986788 0.251722258915615 0.281510207203778 0.179472834967542 0.365734907354145 0.273835547133475 0.305815068147891 0.220301410673698 0.315295402489933 0.152585669124345 0.235057908178136 0.214035124659155 0.255005837195717 0.271761705975561 0.475576977106234 0.49573647035356 0.395164951500463 0.339505310285511 0.377853092952329 0.485554202860837 0.413027247174043 0.521574943390671 0.473081869825635 0.340963091631725 0.50886109155019 0.201205694308762 0.544948141168442 0.432092393640443 0.455714073256379 0.348014544466588 0.291419041365641 0.403609278439599 0.25056877961848 0.326426398931436 0.168570512765579 0.119049555929814 0.640650502981184 0.416549733770119 0.542751422047292 0.473618239421133 0.551217561313573 0.35732626191045 0.476576431801433 0.265608916899899 0.381141193600346 0.0610993427983299 0.110911684949643 0.206840319112055
0.576252445947462 0.519039158201768 0.532100821791097 0.605429864620872 0.236116889314953 1 0.535472081053134 0.621248051416731 0.331726649415224 0.709628060809625 0.406913514649881 0.516672973330264 0.424623065366404 0.520626383097072 0.425424502548505 0.63804486724472 0.524209856170774 0.535721169548461 0.430287556038008 0.399208891588783 0.253041224555088 0.464191437431697 0.508917856233028 0.569484832544898 0.715132909992005 0.595975841186812 0.38886829146097 0.467453506379092 0.47930259874949 0.545859384642806 0.507660468973277 0.521463374072747 0.484111675608483 0.493941418840659 0.387009082510387 0.566266933341077 0.426029070119548 0.348568648371108 0.23374585979034 0.397943702749674 0.419852927446708 0.324742581787693 0.583801146818072 0.553522414073439 0.564610859970329 0.552402492779553 0.498334581132248 0.536158758223879 0.565615913403279 0.577953359332155 0.661979223283911 0.538007811497633 0.558699953605427 0.556536277191921 0.668655864277723 0.47551766935255 0.554728093736386 0.506362630694152 0.505969174417253 0.483116900927737 0.564979630202875 0.469361542843511 0.496542628177804 0.455604990245579 0.624022796477766 0.57765966589689 0.550633538606156 0.602026867237871 0.475957061640967 0.523492024365481 0.664164813109912 0.628331108503953 0.63463583153201 0.400421820767278 -0.0506050543968678 0.246384119827726 0.38568923767987 0.59069506007286 0.300575941240029 0.556156222383254 0.624332613322921 0.505358908220887 0.453730989509433 0.243442948651703 0.628986669423109 0.507333701301889 0.326943087657052 0.291110864598574 0.551440763148372 0.55447978277149
0.900033566408615 0.759172453931057 0.92579410900259 0.86729212059449 0.669982929579071 0.535472081053134 1 0.872843176138316 0.804066320678299 0.769502225096583 0.866111719840847 0.668223140904373 0.926000641678956 0.765886470853339 0.873624832058322 0.737946576696672 0.844621075245899 0.717395531553837 0.814664210826447 0.640265580049359 0.511473544664302 0.201031467375382 0.909993628150364 0.813491298401861 0.658838513865419 0.491299634997049 0.305621694480942 0.0369587312152982 0.83950990398272 0.687119099756662 0.791568381718821 0.793397408532658 0.772376672265632 0.463251915652168 0.492472420678329 0.404254188480913 0.517755360053756 0.424731231585856 0.352777329208804 0.389624206228017 0.529623028519493 0.113363501638009 0.686667725747254 0.612100224283471 0.653610590358771 0.557964010399791 0.507057551077778 0.636633757712393 0.616157373183273 0.534932171267821 0.670046929127626 0.496939647809466 0.555760690210504 0.543223073580379 0.590574901165743 0.530784360036495 0.788662913238431 0.737046474365504 0.751958543825458 0.686210180310661 0.753490662680043 0.71477727537081 0.705973815578005 0.692641643055572 0.726769844507386 0.553656427642983 0.767886795481157 0.557350590019781 0.760497772667663 0.662566088271406 0.779398527113122 0.694695005079217 0.645404782229302 0.451136113070755 0.270996883082921 0.227157973323076 0.155151715604415 0.470895180576356 0.611153107302105 0.670237286623419 0.802686894318559 0.671839442711135 0.674280413866706 0.426718370606887 0.781503663096317 0.531196101635078 0.583332202774128 0.296017549725498 0.486211528646616 0.52653624287209
0.784774647310661 0.814745874225206 0.898504958273579 0.966932878607854 0.56782897348159 0.621248051416731 0.872843176138316 1 0.594821288573676 0.83411652873333 0.67622965932442 0.803034765118241 0.764936655628306 0.906506754566618 0.762884202927518 0.856368554967307 0.745015668657643 0.739731615325073 0.777625613792657 0.677669808362203 0.495188879874948 0.31230923409766 0.897339686513249 0.909064654895816 0.782847188495417 0.680082916646846 0.259403633210211 0.0619265509653425 0.756202496582644 0.802493411985859 0.849953078232858 0.858313869195935 0.786891241827139 0.621442661646443 0.437210698527258 0.555769190479509 0.471520688595747 0.478450548979739 0.357194983326976 0.459767865717945 0.462157609290383 0.258164642817857 0.692351145118175 0.653404932428662 0.640071485635054 0.581310432310018 0.541497168655988 0.668255708182104 0.629463323016951 0.571305945824741 0.66351909976521 0.529157908521117 0.568032299601927 0.582281487128894 0.632251597783767 0.554433498944132 0.702544549153161 0.725579443641358 0.654165221743334 0.674877160208255 0.584226653052581 0.638836931779464 0.530696022738693 0.607883385115295 0.628491477923467 0.548894373083934 0.716913231310077 0.630832041014996 0.687617126649941 0.710226412972526 0.835022992337892 0.817963389383957 0.73302892428969 0.614559082277555 0.119441397093969 0.341969260191677 0.250494685700357 0.561366234768885 0.580654559335362 0.73201263135801 0.738854481233401 0.709959297942232 0.59753478052046 0.557776790330836 0.717001045585158 0.563921616087341 0.595996427695132 0.349504754116058 0.508443095072123 0.54556871457322
0.670318292631037 0.592619228976986 0.654725604947981 0.597705553718811 0.730780868883444 0.331726649415224 0.804066320678299 0.594821288573676 1 0.560496942132389 0.748041966916169 0.477422762770391 0.77765942338454 0.524318100980946 0.823468872593662 0.544608827815528 0.691333164021676 0.485178205511151 0.54663481245931 0.272997927406498 0.427257849933561 -0.0371681047923111 0.736320250394885 0.534735880269268 0.379799738245733 0.249556212456087 0.346497739167693 -0.0259840063649595 0.742480099644982 0.4009555214965 0.615934497709951 0.629711836209857 0.459302990658798 0.0593700691567369 0.412791606322864 0.0481083242638839 0.550128693306421 0.199417313230748 0.40393465104114 0.1926202807108 0.429639200316409 0.11341481348397 0.452960603570535 0.332535338082254 0.374991093408709 0.258282049466554 0.398841726705052 0.307940535422257 0.411789052177905 0.301992504311258 0.426339602830216 0.270035947311279 0.315964873946591 0.24603864141127 0.285353101329344 0.287359501299573 0.598357147725002 0.564467151454994 0.559389648564506 0.425291335379847 0.554351468795302 0.632834413052932 0.533710300543429 0.679931695703498 0.570510818548381 0.438262248545357 0.575834675626109 0.21900263174828 0.660883694136469 0.474712839894619 0.515442561714862 0.39187881802605 0.287520457559189 0.456943706721778 0.28460545564098 0.35321693479119 0.228398036886753 0.156994574203956 0.630675137236559 0.376750528595343 0.610554887397182 0.445458810133863 0.65227798191797 0.292277553754512 0.528650953208755 0.291478532887532 0.417104052223167 0.0202489843657429 0.0788682627801936 0.249510025677568
0.733011324503553 0.6990251610764 0.756967438942752 0.820140358023046 0.478857104290777 0.709628060809625 0.769502225096583 0.83411652873333 0.560496942132389 1 0.616731151587093 0.682121063740337 0.651266552199751 0.744812792473938 0.665868387392536 0.850343400158024 0.674740089110984 0.700788598339734 0.684421313355897 0.611460614606234 0.468955496401562 0.31561732531604 0.772413457476096 0.798443098921454 0.750073512687715 0.624380308270556 0.416582700547596 0.177218193601686 0.678994899948441 0.730259201312364 0.693566452138349 0.768401161041201 0.672813733693579 0.481859604755946 0.492319205555514 0.503024005338833 0.465781695198996 0.444303346136504 0.304000699198148 0.451446448983993 0.387311144282823 0.144713833368467 0.616405098140539 0.586061705213605 0.594003180790867 0.518063347475977 0.462379090180463 0.566685379041852 0.54569272452842 0.485837183628121 0.60381325412876 0.481291304066693 0.495881425292736 0.530466553061808 0.597523113062083 0.483440036861609 0.660138524900537 0.628515108967077 0.571199712757755 0.516471866011702 0.6057762799771 0.640877313827661 0.524210108657891 0.576968484898369 0.702562631266779 0.610358430144652 0.633812284421698 0.572902743594369 0.637953000587152 0.576893719149855 0.733019436907253 0.735188366658005 0.637136841396233 0.521187023693008 0.184874596272171 0.324539857031785 0.246731330193735 0.544088567924825 0.522105980816037 0.685255986209641 0.710111842178329 0.673006417143576 0.53076997307854 0.425698759338922 0.66059658847372 0.537700328907643 0.418146902878806 0.364951388234708 0.479122256347958 0.546474918541055
0.893553552322723 0.726367455743101 0.789964713209748 0.681190902372548 0.595459744179394 0.406913514649881 0.866111719840847 0.67622965932442 0.748041966916169 0.616731151587093 1 0.618686405637132 0.941878058171617 0.683144269058289 0.819443763409984 0.649740101084301 0.838549957021141 0.719656619670241 0.75511628093093 0.622828184275932 0.404701034641156 0.172214908213161 0.762098785468344 0.656911966769863 0.466415628271962 0.378209350813495 0.274625676593415 0.107761940163572 0.756233406654301 0.620776280604854 0.599031921297334 0.63020839849688 0.663190552698283 0.363472392100782 0.511984990496922 0.279472210698259 0.433709517848775 0.410936363985445 0.321885882210757 0.42174883144232 0.562933361570589 0.0667220282541576 0.58455905844527 0.549711719702808 0.596269891358866 0.511479497367927 0.45736408812621 0.595490098280185 0.513259491186696 0.460718376893718 0.54997493404514 0.431878630079628 0.408341165162914 0.449497436874674 0.514058341363342 0.551367103902226 0.80962192038696 0.733141811112403 0.717963838129496 0.617067534385212 0.762758056314651 0.694485237219247 0.808365382657726 0.701536108484553 0.672455272873345 0.509008172291897 0.680868551241576 0.465132840094097 0.712872833392348 0.603098465763293 0.595068988846654 0.530727918167555 0.498339423842793 0.348238754796401 0.350659630994433 0.222034748496945 -0.0458684434197905 0.290024876991615 0.558913613522912 0.609412241454954 0.730427141555709 0.636276036077098 0.658522082867603 0.399551546197337 0.737676828098557 0.527583238404755 0.525436577094163 0.323684823505773 0.411624943920573 0.493087155986072
0.734796247760393 0.847651437304427 0.666718718685298 0.772009958942227 0.44828524985583 0.516672973330264 0.668223140904373 0.803034765118241 0.477422762770391 0.682121063740337 0.618686405637132 1 0.662601285606477 0.901812736045753 0.641131257329414 0.793076557899706 0.72992483571541 0.803261668426676 0.726343883287571 0.692946702786359 0.342398131808793 0.260060048100732 0.676275103218792 0.69463415615156 0.656760664006361 0.561325501453484 0.238616305536823 0.0476765794365835 0.701705217411492 0.834632778820927 0.640369624282141 0.724294704681166 0.712523527532373 0.556679492534107 0.60257417313703 0.573264861066629 0.493831398800884 0.535545027479461 0.458752941534031 0.616127456631455 0.526869460191225 0.312011928481774 0.609110793185504 0.615625267740924 0.606653996561652 0.602459268061503 0.505945623255774 0.607433721356873 0.504424273746126 0.51630629872551 0.522269924478662 0.503459229994675 0.395057589964219 0.485565510509997 0.642134188728476 0.636614094393127 0.712921180064272 0.758385995951323 0.621595995735136 0.584613670464931 0.60603048300122 0.732545904314884 0.605222201120968 0.712014041922168 0.556063630543773 0.649132788495979 0.680288868480403 0.663344108246252 0.634362734094293 0.705381133170398 0.712645548095547 0.781151476465911 0.652703389978786 0.720472882532838 0.216643448401874 0.504998283082704 0.232233830521095 0.43595307788787 0.62827506131926 0.749098327443547 0.761002345353931 0.811918224099259 0.651340280173669 0.641927148795347 0.675976450822827 0.67453434035609 0.465282128444613 0.44038976863743 0.454169941334587 0.644906657600171
0.905619289584592 0.749781234150691 0.8652396988908 0.777369812618174 0.634561316673189 0.424623065366404 0.926000641678956 0.764936655628306 0.77765942338454 0.651266552199751 0.941878058171617 0.662601285606477 1 0.764516158562235 0.895255475371463 0.694102127103644 0.859790230000969 0.736095944378344 0.797503488955782 0.653300774181336 0.466694845800307 0.149280364529515 0.855345918373086 0.747118236663399 0.554001205967619 0.429305339641551 0.276025684345755 0.0294152984478663 0.828683422369222 0.689846541373071 0.721140406743776 0.723562541570541 0.717902454029129 0.4124886719901 0.479234435218696 0.338265266999595 0.492593594741285 0.412539572733653 0.374122400063926 0.433359898786177 0.514662828564398 0.0974832132823352 0.639672470748537 0.603563675271659 0.637697802799351 0.560814519311899 0.508040447463486 0.639176353018552 0.563945876220477 0.50705750503016 0.59520731743337 0.47840933988063 0.457627516499913 0.491843175773054 0.582347574247052 0.566641898263855 0.815159967495884 0.750463795027929 0.737888885005494 0.652735151609733 0.73879506351274 0.680601750080108 0.779082737189632 0.731450938568819 0.669591861850359 0.500127943980516 0.702187981057882 0.510583280354915 0.719645692218377 0.625440031314996 0.685305932563648 0.592124786174306 0.564941423641824 0.386079892656315 0.348224925373744 0.288717970982224 0.0636008460407555 0.393972944392181 0.612597032716565 0.670310984401913 0.80341836761121 0.69479303521777 0.730332563568316 0.444100207855532 0.784957565968181 0.540897068626264 0.625672018875393 0.315153147271564 0.450521839357149 0.511979854009975
0.765658313381869 0.884880361498016 0.816439946553069 0.900679313196528 0.542517938160307 0.520626383097072 0.765886470853339 0.906506754566618 0.524318100980946 0.744812792473938 0.683144269058289 0.901812736045753 0.764516158562235 1 0.75559681191454 0.892402221817887 0.782810303187871 0.824040577867906 0.771808784710958 0.691074199605824 0.482322029960514 0.297685324202716 0.8306244681166 0.85960923563184 0.707760519904799 0.648820673463487 0.280195262978877 0.0621971091781449 0.76148917078422 0.883882063798425 0.810312020771945 0.815251680259429 0.777976607829392 0.565697272398898 0.467821978477404 0.523788062041514 0.483707037227427 0.528020874319367 0.426654520988989 0.60185673304344 0.476845092481629 0.297904284416996 0.667304523408202 0.657156768362424 0.632612343504544 0.590244749148687 0.589345054853284 0.683243520966099 0.591800474466527 0.547938624264356 0.57740032386419 0.514175141317415 0.44287722686712 0.547124637640464 0.627186851904573 0.646691647319582 0.726375889627323 0.780333588650803 0.626735862399677 0.634255327329279 0.560883335329101 0.66202748253496 0.587612831883798 0.687509264682059 0.585916982021623 0.535366151294342 0.693561047826665 0.619393048854115 0.690661101604646 0.736268849419149 0.750449637037743 0.773422862655251 0.665697740994974 0.656608200660813 0.240159732692187 0.462868239378913 0.150656912822098 0.44464675495801 0.663448624981684 0.774875884031901 0.757098315318708 0.829417628342369 0.639700295484692 0.710009181325332 0.709603165289105 0.643227537241981 0.582567099559969 0.437343481958334 0.440636495263154 0.586481776766762
0.781049157212443 0.734369631413545 0.849565009262227 0.798534898122126 0.719984432961962 0.425424502548505 0.873624832058322 0.762884202927518 0.823468872593662 0.665868387392536 0.819443763409984 0.641131257329414 0.895255475371463 0.75559681191454 1 0.75360759719272 0.816720489154038 0.6842696620343 0.706927932770335 0.568167183762136 0.522041686378246 0.0677804330049112 0.887373272017714 0.789989002435199 0.616269120409762 0.487344710279462 0.269110434801941 -0.0962971409641629 0.850745363820322 0.690886033029237 0.805053348333315 0.790126550877381 0.726304255751255 0.405574165354211 0.456447520155914 0.272583940217066 0.576163984425214 0.300376649764524 0.500062300149824 0.382997366161447 0.46638624188774 0.142861737840533 0.598934927547286 0.531330709474256 0.520567010276177 0.433068019073434 0.4785762148252 0.528888652430586 0.508681687027167 0.426478115726713 0.522280092664314 0.373650352544643 0.410553871085903 0.429405016698273 0.494910921797529 0.455156324647669 0.726517143023505 0.691963444695085 0.599638775948266 0.526180596567363 0.55327391752195 0.586399971621308 0.652834763770551 0.692575577597242 0.656735401860132 0.430192982061199 0.64482534919026 0.41026854959972 0.694116950505454 0.615790833837001 0.664755248702881 0.56104154016707 0.5105104076994 0.534392662033714 0.30759966218112 0.372676993712539 0.173538116774148 0.384155646749794 0.703297979495892 0.652210053998383 0.786761251553528 0.669842035718649 0.763621027390846 0.513167129077291 0.752960260925228 0.469226044844694 0.704806103396065 0.257847133090402 0.338884778330265 0.420651789551264
0.728620819887709 0.822955968686567 0.791062888743571 0.867856039273259 0.541576037081713 0.63804486724472 0.737946576696672 0.856368554967307 0.544608827815528 0.850343400158024 0.649740101084301 0.793076557899706 0.694102127103644 0.892402221817887 0.75360759719272 1 0.75160284407352 0.785762501182827 0.690864670580256 0.619652810379713 0.576776085138225 0.36157353648973 0.825272902288457 0.872054199155121 0.760440460700554 0.716991770656047 0.444100314052894 0.154248525369346 0.722299123130218 0.822193061774885 0.808370700169437 0.817081747110285 0.715463787439044 0.482688147506249 0.47595965880347 0.4716914068227 0.545242835696433 0.48177409267067 0.429909975861053 0.567032613011271 0.469618880001061 0.318331617885509 0.621381246011235 0.59322218830317 0.59162852327219 0.505524648616669 0.560795744479622 0.610155694475074 0.533231087648176 0.478501407429495 0.550874457316984 0.438033771443154 0.421892691783881 0.511140642171485 0.606626445192703 0.565931773245104 0.685989360624605 0.702560700890357 0.531529357288795 0.519069047288423 0.526595608205328 0.598844206770977 0.537865792622967 0.621551954833541 0.671328786404771 0.51610072231416 0.651731991375375 0.532517652017056 0.672508367636226 0.647828893730383 0.73559548804581 0.727395910705721 0.646251754695667 0.654132991624722 0.230032625520642 0.398721371692166 0.147139555987115 0.446340644593767 0.628704855103997 0.74500488973384 0.726526973497934 0.778909552738173 0.590855062092127 0.630949528295237 0.697692133244142 0.580698285881038 0.54081412541667 0.384031984288769 0.404357337715018 0.543999330212986
0.896941428943544 0.877416570305053 0.800214447969426 0.77678058056779 0.6038521126788 0.524209856170774 0.844621075245899 0.745015668657643 0.691333164021676 0.674740089110984 0.838549957021141 0.72992483571541 0.859790230000969 0.782810303187871 0.816720489154038 0.75160284407352 1 0.905810899735954 0.868775197419834 0.700273205507562 0.470342525370265 0.285299868420805 0.789785392562785 0.696879783355844 0.615705773657933 0.505868001253648 0.438209140457367 0.152664468841092 0.880927334855983 0.804268723673234 0.698778639536343 0.697474948394257 0.773410835274814 0.401858939253309 0.622222600825009 0.378551204617062 0.603837704488592 0.568014008936929 0.492078979860832 0.627116506590904 0.608351186213583 0.145535423562562 0.759506784109413 0.700668129877378 0.728940975653524 0.644390032300515 0.625287861733506 0.733589869306653 0.629631444933476 0.572042652060012 0.65372046687271 0.542084791777765 0.527348509433428 0.573631955512174 0.657748402992483 0.728770977473517 0.932109006788481 0.896044605573091 0.779015282889064 0.727752429779766 0.771419937756689 0.746668055973206 0.821032784581423 0.844078660480215 0.713264785744724 0.570724547024869 0.807104893621568 0.588819490332152 0.885572387481438 0.764480698117838 0.708033473059935 0.671097518743477 0.611351645127804 0.491348568658214 0.423823337741213 0.364193294959165 0.0834330842809931 0.344841067492096 0.770079873937959 0.790554778415606 0.893124270939144 0.836239435959158 0.718223824574681 0.558534148070798 0.827521775578446 0.678073751672521 0.525395716959173 0.391697822053109 0.482038022218336 0.676341788773436
0.849071900664604 0.904426866065026 0.727707930607505 0.764334027175527 0.436732922158051 0.535721169548461 0.717395531553837 0.739731615325073 0.485178205511151 0.700788598339734 0.719656619670241 0.803261668426676 0.736095944378344 0.824040577867906 0.6842696620343 0.785762501182827 0.905810899735954 1 0.859699953253749 0.802462424930028 0.422813761321175 0.360895593398777 0.706059183363328 0.686018190383666 0.683463561316214 0.612626635849994 0.437095231867089 0.197820897017329 0.781865528503622 0.904694262211953 0.640358836060817 0.675094480399247 0.791812188347121 0.509138803563237 0.668197497924565 0.499371016887518 0.554682114453532 0.682816548263557 0.469115941177721 0.746532046514485 0.530872294847932 0.19696547508163 0.810314957985296 0.807483792254433 0.809625382842282 0.756926265547789 0.666620002418394 0.815656321273928 0.660348687076655 0.645638246943624 0.663332765393673 0.620654674943453 0.538069213108546 0.654503815727564 0.744509103959473 0.804044834779125 0.918994687053241 0.917680412937042 0.762036478440361 0.736653721696783 0.736312606769377 0.734533533355481 0.743341969096669 0.821721525427958 0.678433545837323 0.621329842386408 0.810958538159866 0.707306903041003 0.830147061998186 0.794426405955673 0.699501180077051 0.733409117986254 0.670886268670742 0.540347313306806 0.373319781491767 0.431767242456922 0.0784603367851419 0.447530316865094 0.691076673914293 0.87627587741886 0.859695492908132 0.908098821058512 0.592615591364947 0.593584214818409 0.786859680410067 0.768909092847529 0.462354036090813 0.470265337375164 0.548134039206227 0.759012610326889
0.851879268437327 0.784516997250137 0.822279728643091 0.798048733870676 0.479773811095695 0.430287556038008 0.814664210826447 0.777625613792657 0.54663481245931 0.684421313355897 0.75511628093093 0.726343883287571 0.797503488955782 0.771808784710958 0.706927932770335 0.690864670580256 0.868775197419834 0.859699953253749 1 0.863004363595744 0.328412363248462 0.284567368763408 0.780642977614932 0.706712509204172 0.620174034693732 0.529974957007165 0.307517371343459 0.134417819190079 0.778627437391804 0.822499110203412 0.659289781376498 0.701292315814204 0.840344184797968 0.505807273322201 0.69708597488848 0.506910057494605 0.438805932119363 0.7142879145721 0.404630874238619 0.662815113334659 0.54776602217557 0.0401082476290941 0.782237411635201 0.750615891008623 0.786754315705104 0.6915577912635 0.511473328620126 0.79622171205703 0.62828139602451 0.567434910580639 0.673087245680727 0.543030715019143 0.590475119094085 0.582102359809945 0.663369371924313 0.736834131319799 0.839558327978385 0.78938888601211 0.792946026037065 0.73863653730007 0.735212206672618 0.666327813552813 0.689882516918642 0.681634304976358 0.65485404413972 0.51170133893166 0.804137284748393 0.666755466422961 0.802414702309539 0.693522239983847 0.753092447492915 0.766005349125536 0.680566808885646 0.415341224765948 0.370600451771052 0.264627338637405 0.0291361277918296 0.448082571800442 0.66068133426264 0.797231868126655 0.797873773177136 0.778646296775901 0.591255515751295 0.48933863985852 0.768389591489297 0.675428639312265 0.413451418861091 0.500270711157112 0.61882267854389 0.731100131731411
0.739610089728357 0.655866180996597 0.699955159232101 0.681525039675473 0.234178449878788 0.399208891588783 0.640265580049359 0.677669808362203 0.272997927406498 0.611460614606234 0.622828184275932 0.692946702786359 0.653300774181336 0.691074199605824 0.568167183762136 0.619652810379713 0.700273205507562 0.802462424930028 0.863004363595744 1 0.239085710235303 0.299027871949447 0.623751453882893 0.652674870306 0.618972215844642 0.530628517449508 0.105122503652131 0.0228577492994134 0.608787887354813 0.82477673208674 0.547163335475073 0.618303452130199 0.845673004522639 0.729105609758034 0.634326725174161 0.617796092113632 0.277463656221602 0.657895105633256 0.259328268075057 0.605378268835674 0.429397139114041 0.0388978082630959 0.701813356894123 0.741621449171596 0.757184690632492 0.732851557431517 0.379604859864777 0.76397608622091 0.533320253461001 0.527528551953688 0.557012514905034 0.501658749816191 0.501120149778246 0.585238293670699 0.657536146399869 0.644689884592596 0.730962541107996 0.657397848463755 0.654747810863516 0.616631027208119 0.616548941984416 0.498176089684246 0.634106257273069 0.522599518352501 0.559864195599959 0.420725725722972 0.642310025714408 0.717888053633148 0.569982447557152 0.614580321786084 0.670247212651699 0.741025000738046 0.717212758989869 0.378697687131153 0.263678835159031 0.226445734872982 0.00647218595844707 0.621156949807021 0.46251815464662 0.797488859503376 0.704378634304376 0.70335335090216 0.478992081684297 0.415912262275832 0.709301001907408 0.640860982616121 0.490197648121107 0.534117772711429 0.709861314016608 0.677999124146908
0.413979763031555 0.452232671101704 0.472994133446735 0.523426725349388 0.463722160180192 0.253041224555088 0.511473544664302 0.495188879874948 0.427257849933561 0.468955496401562 0.404701034641156 0.342398131808793 0.466694845800307 0.482322029960514 0.522041686378246 0.576776085138225 0.470342525370265 0.422813761321175 0.328412363248462 0.239085710235303 1 0.16455496576342 0.569348520371714 0.564883972028099 0.454883957112618 0.3655258757137 0.486711560908869 -0.0944521625313693 0.542435051952039 0.42981574971721 0.563929755725237 0.492909633494987 0.347887013587304 0.0688332799802931 0.0201669196766581 0.0333136149355558 0.497242199529361 0.139224609826063 0.300556625032589 0.189368970373249 0.120569302903525 0.210906526716152 0.226982606430352 0.160184250898764 0.219905558468841 0.100523187597821 0.295600103174316 0.183792066708519 0.200770090345156 0.133950904793376 0.188414773307008 0.095162936064324 0.123478825091947 0.175168259993873 0.212044133846987 0.125261717754861 0.356159371567887 0.369941013673273 0.182357057143173 0.221028387805961 0.231869954038644 0.335923702112141 0.23445325364653 0.386375636715696 0.271428889650254 0.179487256876159 0.280836714510016 0.0526055712475771 0.426238055252965 0.311557738630792 0.456840652408868 0.307915829488567 0.373219165100882 0.386902514363201 0.232854983690365 0.193617553608752 -0.076844377064296 0.162672060076593 0.435977042819318 0.420546857776603 0.389194136175493 0.366544716307614 0.183878358199081 0.177773099304906 0.271965376608819 0.0359029412912162 0.425409719288444 -0.188354971140515 -0.0380339150039185 0.0969202290686671
0.2668193442245 0.276282231955291 0.257288832737233 0.303974296478547 -0.0490065734529455 0.464191437431697 0.201031467375382 0.31230923409766 -0.0371681047923111 0.31561732531604 0.172214908213161 0.260060048100732 0.149280364529515 0.297685324202716 0.0677804330049112 0.36157353648973 0.285299868420805 0.360895593398777 0.284567368763408 0.299027871949447 0.16455496576342 1 0.222670530114724 0.331598305116067 0.316810354329564 0.378646352880397 0.340267341274795 0.528229052983619 0.123713099387132 0.285171126283997 0.219793151019109 0.195723488945661 0.18187138088585 0.226763714462633 0.153065947944594 0.325395622218712 0.0912429234303232 0.434045925160109 -0.171128564143231 0.253870382468902 0.440717354323183 0.115185763400965 0.255618662042176 0.265095167327999 0.32039858171274 0.306934721539405 0.192493485956065 0.310603943007295 0.189724861160648 0.182720602988286 0.238207680622068 0.161030434779584 0.222738613907778 0.220548318585652 0.3035850570555 0.289625321482877 0.289153647893244 0.260519773034788 0.22882917998517 0.254468886231551 0.281142715612151 0.177662889541904 0.282573970554007 0.213097850795245 0.19741505750638 0.116772052607084 0.256583315788544 0.318536764962993 0.238431193728507 0.249363836005198 0.320581554939429 0.338794399595499 0.361007109199418 0.0560095167501135 -0.0529109876963664 -0.103336659988272 -0.0390952960497778 0.244211626329359 0.11701075807988 0.28589033188112 0.27177454840855 0.28489810545569 0.0888630644884871 0.107357356966536 0.239643483270942 0.250161725078461 0.0656571712345626 0.200864465253692 0.340478513945319 0.298744359921129
0.782312931163828 0.745268789994267 0.939394666129655 0.928795429939395 0.673881883723335 0.508917856233028 0.909993628150364 0.897339686513249 0.736320250394885 0.772413457476096 0.762098785468344 0.676275103218792 0.855345918373086 0.8306244681166 0.887373272017714 0.825272902288457 0.789785392562785 0.706059183363328 0.780642977614932 0.623751453882893 0.569348520371714 0.222670530114724 1 0.925669977743007 0.730847447157184 0.639145495356931 0.320340212970571 0.0221038523804386 0.82987299347945 0.760293564926251 0.914412190974406 0.895984799072343 0.758287041317185 0.474133918473249 0.422146869284486 0.423404332628284 0.505335688149735 0.409544639935529 0.393611468572084 0.403178606843953 0.426367172138854 0.147028257874427 0.641832248757295 0.583753264236248 0.575102223217465 0.47605748193265 0.489380828140433 0.593449059279523 0.568710275692219 0.468638456287467 0.573148315413277 0.413702054228453 0.441140002372184 0.477197051729678 0.513274366840553 0.474971623053128 0.688080994965058 0.668430392385449 0.596466416287199 0.563250703734369 0.529885110870792 0.557751936055335 0.537200946903371 0.61105410195597 0.621694229139874 0.428204598789394 0.665238280322944 0.481814943262162 0.680261157360703 0.600697142933233 0.80066991117855 0.695084488803129 0.674925701608089 0.550836367418368 0.220504630742038 0.356136034976007 0.176250187441638 0.462268015667446 0.678363243602591 0.718645564384284 0.746342937065103 0.687880170717244 0.647059435964295 0.492272036794576 0.689314654279705 0.464237190516368 0.630586721742687 0.273975707371188 0.36766900308398 0.428609532315421
0.701453797870292 0.707653331277056 0.904327788378103 0.934083083810814 0.552145588890758 0.569484832544898 0.813491298401861 0.909064654895816 0.534735880269268 0.798443098921454 0.656911966769863 0.69463415615156 0.747118236663399 0.85960923563184 0.789989002435199 0.872054199155121 0.696879783355844 0.686018190383666 0.706712509204172 0.652674870306 0.564883972028099 0.331598305116067 0.925669977743007 1 0.772545504812025 0.689576566975569 0.270078646532568 0.0584209977899774 0.731457946923839 0.789899594771453 0.875665308222118 0.854182231098238 0.752460836352568 0.595824026925715 0.305646724178153 0.520109864092533 0.390160372782061 0.356196302654254 0.281709308033081 0.382039419127282 0.398694611905978 0.158162552888146 0.587155789834832 0.560869479756833 0.539249871897864 0.468538190900461 0.456641866219847 0.579338899863961 0.500664651706441 0.424228919631635 0.519765419997131 0.358218416433939 0.399704829288744 0.466276334685939 0.536331641650043 0.428035919634551 0.609546505112276 0.602522788869895 0.485282512058935 0.480386286873766 0.441251192378607 0.456300746139599 0.490304846399543 0.488395059790516 0.577148411049286 0.368344638266204 0.571705653925155 0.501819021488641 0.549780260196768 0.567112885509748 0.77981562725996 0.716921555857731 0.714989111490861 0.5100514760057 0.134604440926506 0.301162473855371 0.132513729335094 0.535263393976334 0.569718021210256 0.729511568135261 0.689560823703234 0.668402344881889 0.556346365782823 0.497595988037022 0.667646472370907 0.438672118175397 0.643333022080846 0.325672775983477 0.448186068659282 0.397660445620355
0.640195420313276 0.641915573116381 0.718127272350712 0.799096268952265 0.377457973891981 0.715132909992005 0.658838513865419 0.782847188495417 0.379799738245733 0.750073512687715 0.466415628271962 0.656760664006361 0.554001205967619 0.707760519904799 0.616269120409762 0.760440460700554 0.615705773657933 0.683463561316214 0.620174034693732 0.618972215844642 0.454883957112618 0.316810354329564 0.730847447157184 0.772545504812025 1 0.849894299948524 0.387066321191164 0.133686511970832 0.663124365609988 0.774853493952557 0.77081930984266 0.741981582595302 0.730073003760854 0.688010576723817 0.432547279558176 0.700065791858835 0.566974307254838 0.422463496932798 0.458224189080793 0.514540984009156 0.304362707614256 0.246022507058476 0.659464001691361 0.650880309238568 0.619035840592214 0.592591927758511 0.473417898047899 0.629992897143654 0.609166143902898 0.618395428631774 0.664866679998037 0.559154500692079 0.578569666503308 0.632052655650675 0.724345566656291 0.521461883151116 0.604506452039862 0.60224485463574 0.538296896979567 0.570392161634283 0.469912917937167 0.434227389143046 0.412079114247609 0.501487829473864 0.592012086615197 0.516341531409003 0.616292829508232 0.654083826867594 0.527653782375407 0.614296472665699 0.855740235248519 0.826198277456094 0.847906167558145 0.599487191861026 0.0734247328612022 0.372753282615158 0.372024100417888 0.720088515795919 0.495801382380569 0.787577932920823 0.723914032311162 0.675719461778441 0.444014387133082 0.436113813441351 0.689258707525786 0.575025637711545 0.526875367394101 0.354615985545161 0.584391367993795 0.617329949074937
