1 0.929993124807702 0.581310575785687 0.598606684105282 0.307074306243387 0.151469266776898 0.557755549963075 0.638106062581615 0.302986305649782 0.381552981946436 0.631795664845111 0.673440577199496 0.670335333462978 0.715103748321098 0.642549643360569 0.649893527840077 0.86230636608755 0.871862094772001 0.822322290806774 0.84271141498949 0.560970398017622 0.341645905633862 0.543659938986926 0.529356276667562 0.333383370160734 0.349861659556923 0.516689228175974 0.391642441668898 0.737700707400889 0.796271427113773 0.436881555921605 0.392057766384041 0.758225977557675 0.73189759949998 0.331289027118364 0.223748573037338 0.591630171509614 0.622413253606768 0.51509306257604 0.559571198342975 0.636428956915457 0.463351760466836 0.581772264941861 0.637206957071732 0.550859179626615 0.645552482012064 0.653538390535991 0.643807508290437 0.743260977861052 0.641562161517285 0.651602338294297 0.582126015909912 0.61922086314252 0.552933391700138 0.683497833368407 0.678688752964038 0.830141102901403 0.816562541428613 0.811492664004785 0.73928433348202 0.708538040352226 0.630702003156759 0.757384291605167 0.699789370074497 0.39953047599148 0.376830353540657 0.68148402507401 0.627521457779483 0.873848517410039 0.772104497399961 0.149232406259761 0.201764203943068 0.228761839922792 0.517074241057082 0.188679829396713 0.217613599600943 0.448021000635997 0.380962220614392 0.705323356293418 0.777028463605563 0.808872909212019 0.801329325850306 0.759325693461873 0.608377975075524 0.619656322344171 0.628582421512543 0.52207625447145 0.414297922237603 0.558595889512819 0.563302094295808
0.929993124807702 1 0.612355954370969 0.647539674146823 0.322432192008216 0.203204838008354 0.556255325728962 0.659420487127594 0.318630337209359 0.398997606445565 0.534835805255247 0.631985761237948 0.594012376513379 0.722081862447876 0.651602207053167 0.66061676946641 0.839982688443562 0.88059534041501 0.776755562264316 0.84937522438074 0.577482259049538 0.410481468270712 0.600806011133091 0.584902726340922 0.394820895441329 0.394983232777136 0.575071678304303 0.455312881300218 0.705950228305411 0.814030078272208 0.454940246787279 0.440729260573223 0.732111001982096 0.759804952690622 0.404718070419562 0.287870293151591 0.623951999538638 0.657253855278401 0.578792424096024 0.610199814343666 0.584001728347453 0.436357913614422 0.671006331012405 0.700296361778041 0.59673945561687 0.700591412512698 0.718737696565165 0.705856666327555 0.769285990210708 0.690395759469285 0.680894025060025 0.629609157503307 0.66676332210393 0.61381223358434 0.713828860600734 0.735355701715535 0.837831003995557 0.856993764923513 0.792750508303859 0.772058439728432 0.629264341606817 0.612294872233354 0.732033972132034 0.670130793734065 0.438168816018949 0.431888568838844 0.682067041511833 0.655547513123157 0.850530490532242 0.787747176639333 0.224598438994499 0.236043226863869 0.245532416268622 0.564872563564844 0.17344394847278 0.255868469837325 0.463082782481261 0.369902826831542 0.695445807311711 0.796900345776781 0.797379431105778 0.80394792172716 0.778491302423799 0.645869184017445 0.651353194261029 0.679036425729504 0.575621058295772 0.487293610501644 0.559491195700607 0.608277027073945
0.581310575785687 0.612355954370969 1 0.891310635719633 0.58808203849087 0.233725429380455 0.729863745113477 0.659753536391887 0.496180229391883 0.605389040139685 0.35355721395263 0.452667919667152 0.618498047974629 0.653490717891517 0.718824814479887 0.774735178442106 0.622885806369391 0.635947785902268 0.676915934733496 0.613227461638682 0.503809334926808 0.262246377106217 0.875213034302308 0.837388452786851 0.522813379073018 0.530018886116597 0.642471038383584 0.556518091219115 0.52190102516187 0.568099414824352 0.564900458175412 0.464878692248583 0.67549580660166 0.6290605182495 0.684118394065212 0.527051348152174 0.572898605424384 0.574966989326724 0.507352380303794 0.486157252559665 0.434304865465877 0.326062191914085 0.673907924616234 0.633609798655275 0.57381446718373 0.543445719194742 0.618253240901969 0.600810146169874 0.59810335686208 0.551047957396037 0.588798322046528 0.604494152642127 0.562289227803714 0.528333698324256 0.581174709916278 0.565124467589502 0.58755335320155 0.616390169646538 0.568570169722919 0.587312152093825 0.455989715169227 0.48113148124781 0.487497857927891 0.475707487233615 0.854073998246057 0.715775792433445 0.69636388747707 0.627671911020365 0.623862730059229 0.577012469601537 0.0736191373951966 0.0197682808483329 0.0363817575745005 0.273623217842863 0.13917997302551 0.105956595309961 0.464024668285528 0.332605680737356 0.563986855692375 0.637064526539291 0.673562977929376 0.726116048966473 0.715604490758549 0.697776546581916 0.809083211629577 0.780707429630993 0.613053540834587 0.651673570765376 0.696099219014819 0.715299261152576
0.598606684105282 0.647539674146823 0.891310635719633 1 0.622017908384126 0.310285206752822 0.739086241474993 0.774662224508201 0.549334861632308 0.692890660896864 0.334334140401287 0.468512611945662 0.530709196347209 0.649193822563045 0.617591999990806 0.742069103681972 0.634168167772516 0.649305165684851 0.685699735126206 0.656953174742142 0.468090183775063 0.331183751357923 0.787106992777114 0.850833332174712 0.522741947663056 0.546992470943651 0.589517126962565 0.570738778846468 0.546107287267264 0.585549083126552 0.547935330964415 0.538524810238759 0.644788610776415 0.67043939469389 0.64386877350415 0.542339005010207 0.594486303643747 0.602733071109249 0.48326442722882 0.512290105693133 0.394979295311269 0.281591415378729 0.658322070662335 0.617295102042861 0.596534262950693 0.57684433231817 0.61645462803858 0.62119457578078 0.610854427403113 0.569290202470719 0.616302555072099 0.621058955000737 0.584598895588998 0.567102711889829 0.568963735033363 0.557380904508101 0.631222023344742 0.65743132103029 0.607209705196993 0.632411937498483 0.490798279028865 0.57451911901229 0.521741576874047 0.538950694230422 0.8296119610631 0.80722286359081 0.678807607047578 0.646521923293459 0.636063871372684 0.621366671810641 0.153124074279161 0.0785514041166182 0.132593744001904 0.340359940032062 0.22227058105869 0.168735590636142 0.486917798771366 0.370479038182445 0.572353962313818 0.633170144575746 0.631470761044814 0.692658907113321 0.66430937735224 0.640496239392682 0.762794979268334 0.811026408690928 0.575221722697563 0.660715139484272 0.658929555363497 0.761715298938266
0.307074306243387 0.322432192008216 0.58808203849087 0.622017908384126 1 0.274293420453048 0.505514113394713 0.480454883707809 0.687799642178735 0.477785296671885 0.175282596344169 0.199350497121687 0.305576522584735 0.32016575187498 0.436640583093529 0.443810237504195 0.32991153809606 0.34046140660147 0.405850206746888 0.345828568896086 0.32334285940819 0.182680041638431 0.491691014649416 0.531118953595475 0.300548842309482 0.352785928340037 0.392636172776883 0.482605022825433 0.318230761431396 0.327004544331881 0.380535708776503 0.272848052705486 0.371065583494442 0.407107014902859 0.370954436347484 0.361858187406699 0.426036119221747 0.390239529373681 0.382473902780898 0.303953185935594 0.22602571136525 0.199659965780663 0.483993924499972 0.419461161676995 0.418560589246164 0.383626729633835 0.419058711176252 0.422425460951983 0.396258182523647 0.352931547761012 0.464113683424127 0.449542093813334 0.373859636792631 0.425881227136305 0.338203952642617 0.32177015080554 0.344859064022771 0.383814797695455 0.370836423878723 0.37289976795553 0.308604704547019 0.383379889758312 0.332503153298545 0.331335799539486 0.626895966706016 0.523575033492249 0.407168927027589 0.368311863529647 0.345900764966658 0.393468460916779 0.0553126011049857 0.0417691909482746 -0.0305699762409279 0.0866084771443974 0.0863088684059777 0.0928411084538366 0.34154703755921 0.301439617161069 0.321182007143057 0.31699181181989 0.340594552139721 0.354907187163141 0.403548507454289 0.366816574510308 0.49687324005985 0.492401950303117 0.371750128585736 0.37328831857479 0.391640435565685 0.477105306266663
0.151469266776898 0.203204838008354 0.233725429380455 0.310285206752822 0.274293420453048 1 0.0843901160848021 0.170878515719374 0.184241275442679 0.220313795835057 0.042054681525583 0.128912986167939 0.0892308002057401 0.278224676329761 0.133013878985318 0.311633066532854 0.117516449871951 0.116138896117157 0.111679820577455 0.157012151235964 0.158183644828472 0.185891406979549 0.143010035268308 0.288634180203355 0.330309075445136 0.283643690446674 0.358540987039334 0.333557705418983 0.0161952799219912 0.0377131839164034 0.0611495619757768 0.0811558016117023 0.0267289735979647 0.0965206975817175 0.212968769789582 0.211103055383606 0.0966755150696978 0.182485666431943 0.197370157520041 0.296727012151942 0.00972737139483676 0.0666754650149763 0.243263345537974 0.239807659438264 0.224535671340889 0.259437059073228 0.280075209018329 0.280484179372487 0.211030533484254 0.278460344383839 0.300638697764546 0.299231485123309 0.273867572142453 0.262315712898855 0.255117583337154 0.297562371706986 0.180527873954482 0.182271485158866 0.167413456915085 0.200128164400253 0.084550076632007 0.106822767209303 0.0133469474792625 0.0654817766805951 0.249991138993416 0.254899217681886 0.16014053591333 0.2283441401508 0.129327919775948 0.201059037334561 0.190915173134095 0.054300681561365 -0.0038672411502919 0.0529681957551031 -0.00699562805284601 0.0279518207423951 -0.00308937159676678 0.0385729140157854 0.0295531292989601 0.128048500470554 0.105239285683651 0.15146716853192 0.12446321396552 0.127511052415967 0.220365964740572 0.26893399091226 0.0559872208154083 0.21364842448018 0.130879403517882 0.25616918890565
0.557755549963075 0.556255325728962 0.729863745113477 0.739086241474993 0.505514113394713 0.0843901160848021 1 0.889705173794256 0.558476574634444 0.619712532328588 0.395625559205407 0.432922091807242 0.503533418535795 0.509530138595334 0.563497778645869 0.564791483246213 0.652951402344011 0.639113337611921 0.664423208630628 0.623023486319173 0.503790018040786 0.315393146111404 0.611446733712437 0.572131475467634 0.509025174438109 0.484576904595933 0.433814770827525 0.364856792562278 0.703970032235017 0.693504647139216 0.722796682435925 0.664266160001137 0.809425533721073 0.780603592919011 0.498750815860602 0.426803390915062 0.53446076136916 0.491283880579113 0.451097109205608 0.433633048360142 0.404945611029044 0.251595815681487 0.5856585278684 0.557219717400006 0.564383449936861 0.521880168709978 0.533292445767485 0.552332299189031 0.524049618498571 0.491998127899919 0.547409167116034 0.564611629450105 0.468042874279031 0.50903849681022 0.487848483347252 0.455456509610929 0.537026066386769 0.577633861267746 0.60570310743158 0.573362048455071 0.612210812644994 0.675740935611533 0.657907070719816 0.637955825266169 0.683071283726499 0.644099342910089 0.751082416743998 0.713992046932058 0.616322917974247 0.616293138035552 0.277553111998877 0.196938807885243 0.212259525089111 0.479641049523279 0.324713988583208 0.222513286711482 0.534404149306031 0.49831097997845 0.641316376544295 0.662059145628731 0.615365966656768 0.603008478912657 0.530606463303077 0.411526182170847 0.54300087882094 0.548228670054756 0.385847254135421 0.42955117993138 0.548403730737714 0.570524606535592
0.638106062581615 0.659420487127594 0.659753536391887 0.774662224508201 0.480454883707809 0.170878515719374 0.889705173794256 1 0.548403783051182 0.68678719857296 0.409053565749233 0.489765790486108 0.482030578059245 0.559682847853147 0.538921389375148 0.561000182796526 0.687380689339193 0.672735847710549 0.677005830591787 0.692868860276832 0.44677281941389 0.344244087300672 0.54710240160661 0.574582743350801 0.449593215364934 0.48411676556015 0.428924046378064 0.400003250373102 0.686618487537182 0.722157626653761 0.612287129125364 0.653156190763427 0.77757014469768 0.811207760970741 0.464729765352371 0.409826216527631 0.533422184951765 0.509448955249202 0.406186386897563 0.47801736154192 0.390716103574727 0.202365043698648 0.591486982725767 0.581080381494657 0.605776530051617 0.589525221749246 0.579416218049413 0.602986182553629 0.589823841292503 0.556762072479869 0.60429532427622 0.603607886796898 0.550388315866431 0.567705701788919 0.530060585901572 0.496051372973944 0.623826746472921 0.643452685965139 0.669135142551056 0.637143000970171 0.622220283003129 0.739116331544031 0.695229864954501 0.723827996704024 0.6543155540155 0.699956447232072 0.736502955631893 0.720331614016623 0.65829340847131 0.682846857691254 0.308784821750764 0.250620077849745 0.35125406176921 0.54305586733742 0.418183429602193 0.2305048856568 0.531230042442863 0.52617087186211 0.67792965216003 0.689932535416731 0.616197768549295 0.624816690118755 0.53860717741614 0.39281274209329 0.555511697523456 0.60869354836544 0.388524612293989 0.387394115900663 0.558337266238023 0.613864156882502
0.302986305649782 0.318630337209359 0.496180229391883 0.549334861632308 0.687799642178735 0.184241275442679 0.558476574634444 0.548403783051182 1 0.585297515226642 0.273343441931728 0.191051216603656 0.300593495868009 0.280161908440287 0.531018038427949 0.484983920672239 0.395594845411314 0.406669604778481 0.33472622820759 0.305950708339281 0.222010156808309 0.0657074868387889 0.411138335484512 0.421016811421739 0.217274616183441 0.275817093753207 0.415767513898287 0.226238663614107 0.378880763008212 0.407871610478283 0.431953329401927 0.316646130568388 0.40842481815812 0.411306429193252 0.211695980229895 0.19499781586726 0.454030390502263 0.407414901493859 0.36596982425849 0.291580478664659 0.160365713984651 0.215449196004661 0.395576698562848 0.369233670770938 0.355043120687096 0.287882522694356 0.341768567875658 0.385864066181279 0.302981398690394 0.238948467903133 0.37233480029544 0.367534300242077 0.326921896067021 0.402902888845792 0.278116301090995 0.249827890538015 0.361457024249308 0.412637609208767 0.401892055644326 0.382520333266998 0.399809166328347 0.465510399349181 0.431967018899785 0.471167310853859 0.556946840472411 0.484668643157185 0.341568617128892 0.281855546651789 0.293858906677493 0.3731746151934 0.187983404126286 0.185053364691891 0.150988421342403 0.264050646168408 0.161335813851594 0.222873692012225 0.443142828972369 0.443179446679745 0.366209254638737 0.352200257446826 0.365070695441059 0.344632314511596 0.362772978520697 0.283587008957332 0.456714380623701 0.425705589271703 0.327374025978674 0.315535774008541 0.457085231907619 0.464562638281985
0.381552981946436 0.398997606445565 0.605389040139685 0.692890660896864 0.477785296671885 0.220313795835057 0.619712532328588 0.68678719857296 0.585297515226642 1 0.241918022547824 0.25242038128783 0.418810031349368 0.40811011841382 0.522809126613724 0.603911292554037 0.471557615792418 0.442490231467495 0.462766704841796 0.407936031707858 0.263791440803236 0.226294498583245 0.511875211514585 0.56906922897904 0.297190340814121 0.347551882551439 0.388122101213561 0.34032625611169 0.373277888953684 0.415344523532675 0.357560808072008 0.449940237168008 0.47238335863356 0.500174452410332 0.324165331915 0.243275252589537 0.448968754755776 0.392609810227002 0.297010354081367 0.321039747397349 0.192056319431362 0.123182587779118 0.488683410836585 0.443565241935698 0.446948147239868 0.3811686476819 0.442331518102894 0.465368420624167 0.413387377406693 0.38092047901814 0.455540071450011 0.456078660004965 0.43667669194366 0.436895059211551 0.421692499229467 0.365137070621532 0.434556513065209 0.443231152922232 0.440435823637869 0.435656225575143 0.393439707529685 0.512355775665232 0.421813443743453 0.508420358803047 0.654341195512603 0.648193328195565 0.469154972852045 0.411781685215536 0.436371373774706 0.466585969877857 0.1218311290823 0.166369469785387 0.206459341669443 0.361187023627428 0.194885584561202 0.254226492396264 0.495876578521608 0.462929218861998 0.425795578219993 0.4505795056546 0.412356981755851 0.433424691664312 0.474201205886131 0.399233480819041 0.578809895904911 0.586861440479277 0.403649538183025 0.471280637639921 0.591767751643099 0.626053740720759
0.631795664845111 0.534835805255247 0.35355721395263 0.334334140401287 0.175282596344169 0.042054681525583 0.395625559205407 0.409053565749233 0.273343441931728 0.241918022547824 1 0.784915597274914 0.792058578705376 0.652664081093251 0.56451798103915 0.465190709933945 0.456537820571155 0.56045791590225 0.609021925138301 0.577197600292366 0.360896972963071 0.0744452155554103 0.387799470063665 0.334410631309076 0.124432609498919 0.0396810595787577 0.382398243011311 0.0696518388786426 0.501796043956461 0.542933819395021 0.278262468949821 0.223044388580191 0.468542739774477 0.416326563259012 0.0410935156950468 -0.0405950787357157 0.168813802548993 0.299252670342711 0.0821925599630981 0.166278874368042 0.465777878727518 0.382343295170216 0.148418857925478 0.238555471324099 0.0943736520846841 0.17837630381969 0.169228434307169 0.154004178039886 0.293575154629062 0.225318703580983 0.136053728418244 0.0870001365122504 0.101253447577172 0.0645177563441512 0.18949627331293 0.193612766679545 0.30523587727095 0.360036405798625 0.385784137832053 0.353980556653758 0.532602763390913 0.455919996476814 0.516784241069059 0.611611884370854 0.235010226976966 0.0887104494489518 0.26821634435086 0.2234974497815 0.460691631991983 0.268857192087409 0.0303768163316426 0.177104253978969 -0.00686664484632796 0.316676174052958 0.200349217517755 0.119825955554065 0.175627572662579 0.0436049619559878 0.406074265724446 0.405834144399931 0.530837084022075 0.49607970891343 0.413721438728401 0.353514109413931 0.306866494115858 0.243068553600727 0.181767582170712 0.0905036106139414 0.334084049047676 0.161914510409222
0.673440577199496 0.631985761237948 0.452667919667152 0.468512611945662 0.199350497121687 0.128912986167939 0.432922091807242 0.489765790486108 0.191051216603656 0.25242038128783 0.784915597274914 1 0.729515665627802 0.824768159868778 0.486611867123118 0.568468035097052 0.449878721336851 0.57752646608386 0.641127969726511 0.676064511750574 0.448699110441499 0.0628173054660643 0.481638482660292 0.490728636551513 0.241959132347239 0.179017025430169 0.409668990171755 0.153345667585125 0.479773476493517 0.597807508302435 0.359010263837811 0.326556581957019 0.491939270035462 0.451209696975119 0.214262975312174 0.0602367713530111 0.186718051236784 0.399008608123215 0.15257579711954 0.294871839812201 0.550771737236499 0.424615182129513 0.181206377058338 0.283438184644303 0.113186517216711 0.275079677044658 0.257627939724923 0.203941072637722 0.440940150365879 0.407159382559999 0.27070823348727 0.208255935114106 0.208209210736667 0.121143561185953 0.318187135897931 0.368636072115166 0.300617955202176 0.371329818061604 0.449260471790897 0.429162586833617 0.576434039372475 0.563734128580199 0.508808968264924 0.688356678886677 0.329848184586077 0.202936603360579 0.334105930696937 0.344102531727608 0.475403751116167 0.255196549776491 0.160088360505458 0.099962861082049 0.102951086754759 0.380149533065996 0.284933343428098 0.0858430243628892 0.111302202039422 -0.0544537735690858 0.36698259770593 0.412297781511559 0.538743268684027 0.581229360507006 0.423445638370088 0.425104768187054 0.364383627616421 0.389408106870031 0.266931479984265 0.235833656958861 0.337635144942141 0.237598671687869
0.670335333462978 0.594012376513379 0.618498047974629 0.530709196347209 0.305576522584735 0.0892308002057401 0.503533418535795 0.482030578059245 0.300593495868009 0.418810031349368 0.792058578705376 0.729515665627802 1 0.778184826035533 0.777486219531512 0.708865219489955 0.538456107698329 0.600186930435301 0.628433868301564 0.564163357459141 0.37597273784646 0.100103807664308 0.624993250124729 0.542673610971756 0.264547057250956 0.215499714505784 0.535113601961286 0.326675555947777 0.464367461226567 0.525722208852374 0.316391766634865 0.228837894407156 0.532591448881522 0.433126057423366 0.314622132829451 0.157801493910261 0.312421921920375 0.385466836142788 0.222899373810319 0.304851948838461 0.491917685211292 0.343630496793255 0.352131100832668 0.417081450941552 0.294544092682691 0.35644495905189 0.345910931322609 0.341128995453524 0.442697084076919 0.408712387506612 0.329033014186831 0.299977912234629 0.30982146238989 0.251180263468909 0.418020107729993 0.381771767296179 0.427228095099707 0.465157374412639 0.502448394952408 0.449427440246474 0.547583342954434 0.474756012212919 0.487120438360959 0.551047877211937 0.492614561483666 0.346338386040337 0.443861172481337 0.386215479651217 0.549089916955638 0.400756283846034 -0.0543071115733794 0.03875074912731 -0.114732376829231 0.250553383739558 0.222083539637423 0.063336081303834 0.260708571399193 0.100497263455693 0.451428275025168 0.496563995848374 0.604098759931739 0.603304807191587 0.575577335538744 0.504279392938034 0.546255779152848 0.489600430636443 0.410450196988278 0.347502541857532 0.607322179697212 0.407614690070009
0.715103748321098 0.722081862447876 0.653490717891517 0.649193822563045 0.32016575187498 0.278224676329761 0.509530138595334 0.559682847853147 0.280161908440287 0.40811011841382 0.652664081093251 0.824768159868778 0.778184826035533 1 0.675265179958549 0.79789417271661 0.576368361244477 0.655922539879544 0.692179336734836 0.730059968400646 0.49326520854933 0.239881684357888 0.684268918849944 0.743146527262193 0.362936078312191 0.368942395208576 0.582576294482105 0.414888713342684 0.50374698554729 0.622374189036337 0.389952451139993 0.361205749571424 0.539451504564781 0.529851898061069 0.43644012323024 0.269013733365906 0.42819075517314 0.595518620408218 0.387601677779227 0.543275721465687 0.597435894763586 0.471975246870514 0.428044954003648 0.499447583003151 0.340327599598884 0.484665941324264 0.476972848068133 0.43853984277629 0.59051832275654 0.584892587034798 0.482165648085533 0.440368045745296 0.445157248588679 0.368424573684459 0.569210251336606 0.60362275396775 0.509435152062293 0.532094062753007 0.532055989144575 0.513824269617205 0.50519433780331 0.509145164484904 0.486003580933368 0.635812237117595 0.568802340908448 0.435585737367153 0.499609800774429 0.522967920792153 0.614906458534816 0.464987810979667 0.16372797529599 0.0931402996004681 0.0942107109303331 0.378624895410615 0.218553845236795 0.162444368350685 0.206439499589328 0.0604870573409695 0.487370147844508 0.555503456252493 0.662914404117216 0.734224288445651 0.65754830094654 0.659549830125314 0.638822964295656 0.682345138513864 0.522888190655205 0.532673165410075 0.521765673713821 0.5088810983478
0.642549643360569 0.651602207053167 0.718824814479887 0.617591999990806 0.436640583093529 0.133013878985318 0.563497778645869 0.538921389375148 0.531018038427949 0.522809126613724 0.56451798103915 0.486611867123118 0.777486219531512 0.675265179958549 1 0.828942478506754 0.683664142159235 0.707841208690928 0.605891770745011 0.561937907331781 0.496207220365891 0.288465767468909 0.767113607631405 0.652223618556626 0.464379975793927 0.392315658350563 0.732554320832724 0.49492297733514 0.59131524961155 0.655174991285143 0.469007530304 0.33872050141485 0.62698251649931 0.569738557362812 0.407556699677129 0.258708993898009 0.618593971253026 0.582544853496907 0.564836440230882 0.492834302693546 0.471580191804873 0.39399530529994 0.621643241761922 0.635445154626002 0.520589297805983 0.534682549575965 0.589942022638842 0.604372500661289 0.56130294032723 0.498040976330073 0.514582682432207 0.484905378541192 0.528544869748316 0.477406166605727 0.567017277231887 0.5503822367651 0.610918435886205 0.643617132777557 0.629929900935095 0.61049539507457 0.517570403632896 0.503320772828497 0.596903613593385 0.580385520802777 0.575078127683865 0.415397836466799 0.55586668673996 0.493500100388904 0.607916180751911 0.59099208101422 0.106065383717697 0.239821786777784 0.148515591862782 0.439616826013993 0.179086119913203 0.243534599406495 0.467453792253301 0.401747496668112 0.640723097021886 0.677469509104404 0.710119699205456 0.687892766190887 0.727695621879146 0.635604990532433 0.686535723420809 0.635161109038705 0.630702270682226 0.511579922302757 0.736176018711296 0.61733032477512
0.649893527840077 0.66061676946641 0.774735178442106 0.742069103681972 0.443810237504195 0.311633066532854 0.564791483246213 0.561000182796526 0.484983920672239 0.603911292554037 0.465190709933945 0.568468035097052 0.708865219489955 0.79789417271661 0.828942478506754 1 0.660309698974242 0.665226717482956 0.668080342343336 0.643832202393958 0.552561356827141 0.294400640797303 0.799676923203829 0.822085827896452 0.536818486709793 0.536520501931099 0.727812925191831 0.560911796494587 0.517661500730783 0.625564504777905 0.510913694508497 0.447602255879486 0.619295096779132 0.584822194285742 0.547126603152304 0.376515941024307 0.602044701068935 0.669117581944934 0.521213984738244 0.639511233999325 0.533060759140825 0.433147491172383 0.611996481882178 0.633663643482786 0.514146571816728 0.550129022016832 0.590044379400145 0.589994652876575 0.598339910441102 0.572053425805782 0.551146423154815 0.539901088443344 0.514483850963256 0.50187140022017 0.618935277839227 0.657659956489608 0.584500369996868 0.593265494752055 0.580899606218153 0.558863834677375 0.4325646637716 0.470924530019705 0.471997803406771 0.534352253888482 0.653226756886074 0.565097767637275 0.59355283327204 0.555429660965361 0.646667552634881 0.576221196182442 0.128372968436293 0.127068999316041 0.126678716082102 0.411924630134459 0.130542512344759 0.236627183163787 0.375858642730589 0.308890170515215 0.561002007367398 0.634277502923813 0.668346657501112 0.719101095789126 0.733906549359943 0.739979882899638 0.716333625482834 0.754469761080632 0.622740128234067 0.712498403163347 0.65769726482401 0.697760502205115
0.86230636608755 0.839982688443562 0.622885806369391 0.634168167772516 0.32991153809606 0.117516449871951 0.652951402344011 0.687380689339193 0.395594845411314 0.471557615792418 0.456537820571155 0.449878721336851 0.538456107698329 0.576368361244477 0.683664142159235 0.660309698974242 1 0.944673859486765 0.749406236793844 0.754625862738063 0.569744497286685 0.421659186250575 0.603836496481008 0.562523026014367 0.480592036375386 0.463197983987431 0.575732732779993 0.443998157834907 0.859655566308504 0.861741254075815 0.56297037166342 0.486757302737509 0.857763177486871 0.832627780978343 0.436066230581148 0.309641355275593 0.723415118030091 0.6562348158569 0.635393833337634 0.601866425659777 0.62728967186668 0.447959283074433 0.681786878027619 0.691227298367759 0.638720752165565 0.705960610899559 0.713000704678448 0.719703308975285 0.686744591519881 0.607242457781444 0.646814587971998 0.628659582489806 0.655830168119701 0.61591894198809 0.708583642416147 0.679695442005813 0.874353679555591 0.879128417624467 0.782342792800204 0.716222203394016 0.634877338397603 0.587903141996956 0.810587704085622 0.672822658974085 0.468258226485655 0.463551701000199 0.766358554553707 0.697696978543927 0.875650546274505 0.841652850794212 0.220530344546578 0.268837160321838 0.333735686196421 0.579850944621838 0.191300657378821 0.374674928156651 0.624255048209542 0.5057645489445 0.85640258475172 0.909779974276385 0.860057392508845 0.823678029761682 0.809642475914394 0.64795200920518 0.666847841728311 0.671146776181493 0.57891681292565 0.532662168559275 0.601025455537099 0.652907438665226
0.871862094772001 0.88059534041501 0.635947785902268 0.649305165684851 0.34046140660147 0.116138896117157 0.639113337611921 0.672735847710549 0.406669604778481 0.442490231467495 0.56045791590225 0.57752646608386 0.600186930435301 0.655922539879544 0.707841208690928 0.665226717482956 0.944673859486765 1 0.77848268605563 0.791532248999785 0.586811265226645 0.357316094752526 0.651425410317212 0.594697337460181 0.456723090850791 0.398937799527073 0.602314479484613 0.419933268767411 0.84624004900008 0.892686867084794 0.558200299125427 0.480581944530921 0.827017154525644 0.822222005398865 0.414376443288972 0.259002053961473 0.637376764188105 0.644972914654054 0.584628741684279 0.545478911675347 0.618132762959842 0.452015187045789 0.646057117042429 0.678550393069762 0.581036734747006 0.681465254233922 0.688987725001476 0.677023737879663 0.699565672801508 0.605271713207584 0.602341534463118 0.569441447051064 0.592775074267338 0.529165145934564 0.666080530363709 0.668768885471161 0.825320923795102 0.884690947287968 0.77988642982546 0.731516846158864 0.678957707904404 0.639149426416903 0.835020146765812 0.750681453389218 0.487269805994352 0.430950811883295 0.720385312139863 0.661654594149517 0.838116925601216 0.754192686390558 0.192821244745369 0.236887108822838 0.279434801803496 0.604474951577791 0.225440602428282 0.374388612036841 0.569591228201737 0.399660101565072 0.804009966655057 0.883769100416788 0.859518150780453 0.842407125366111 0.800223226285664 0.659438274235681 0.655674626436506 0.665960896889692 0.572184357921931 0.493383958888591 0.581920368835534 0.592436206285259
0.822322290806774 0.776755562264316 0.676915934733496 0.685699735126206 0.405850206746888 0.111679820577455 0.664423208630628 0.677005830591787 0.33472622820759 0.462766704841796 0.609021925138301 0.641127969726511 0.628433868301564 0.692179336734836 0.605891770745011 0.668080342343336 0.749406236793844 0.77848268605563 1 0.888858097018302 0.599989098937619 0.353860574451222 0.674740693121745 0.660067119194838 0.427504746477514 0.446183142930754 0.488645118917184 0.411581795196109 0.704605646121393 0.785280915215802 0.610808667777257 0.552062620823225 0.782382765704512 0.79532170309085 0.430589206781414 0.283885740987489 0.511253817312328 0.575912672462778 0.424889158974907 0.529759007455722 0.635158061122828 0.437404591757264 0.541539028305122 0.618790530322623 0.51732352638461 0.577887295228192 0.556661430548084 0.554992018965591 0.627963460929833 0.498793734986804 0.484321006084813 0.456402489498359 0.403763943352191 0.422222746783176 0.498135304864307 0.526159069730717 0.637279652377022 0.656980271030625 0.653237982982446 0.617886827794997 0.523055441386621 0.547977629634239 0.626717043743872 0.629260055513876 0.487920712170709 0.392642019384926 0.638070947896974 0.593770527001528 0.820526682762938 0.663491951659648 0.123935453738173 0.16199751124071 0.191243891573358 0.47261169531667 0.175335914199647 0.158950476502912 0.378286813888204 0.246543908254629 0.645704309664007 0.717515061260765 0.723106478918207 0.717818172073697 0.686208634030214 0.618240406285047 0.556678930584626 0.561389488524553 0.471842921581849 0.440148893411642 0.439268282467853 0.444425411935497
0.84271141498949 0.84937522438074 0.613227461638682 0.656953174742142 0.345828568896086 0.157012151235964 0.623023486319173 0.692868860276832 0.305950708339281 0.407936031707858 0.577197600292366 0.676064511750574 0.564163357459141 0.730059968400646 0.561937907331781 0.643832202393958 0.754625862738063 0.791532248999785 0.888858097018302 1 0.60588091495597 0.370693129207863 0.605062505822404 0.634338388578553 0.406853317841072 0.409995397101557 0.489742796497089 0.369529448822793 0.696499985671202 0.808858136407453 0.572095089628417 0.531789614524522 0.750088394723565 0.818625806163127 0.436301739134133 0.310785221236676 0.5063122182094 0.601791294765499 0.424844136903962 0.568426379296968 0.62534437332781 0.446679718068424 0.489703291675047 0.558572876709215 0.472894222820285 0.56526342336934 0.535623376432056 0.522860294693186 0.613641541692617 0.519835430067536 0.510973424208031 0.467101063769286 0.435851492785713 0.434871831280834 0.509099411735618 0.542736593699264 0.654788246829937 0.677128705827991 0.639023932693828 0.60186218483101 0.545347241270883 0.553070276016124 0.655148481361308 0.675645997918987 0.468145775693696 0.410171547514941 0.638642418697127 0.637691698326979 0.836660285382089 0.721776576611177 0.174021484153697 0.158474108339066 0.238102851252793 0.488427613844253 0.22660648356553 0.197242597509992 0.312379945260511 0.270901852836958 0.637157751179574 0.703962706245758 0.716900687721344 0.743926491902749 0.662570693470647 0.584628086140304 0.522559166578804 0.572754800947697 0.436613569664456 0.405484252791071 0.414268932242751 0.440557247220631
0.560970398017622 0.577482259049538 0.503809334926808 0.468090183775063 0.32334285940819 0.158183644828472 0.503790018040786 0.44677281941389 0.222010156808309 0.263791440803236 0.360896972963071 0.448699110441499 0.37597273784646 0.49326520854933 0.496207220365891 0.552561356827141 0.569744497286685 0.586811265226645 0.599989098937619 0.60588091495597 1 0.438130176841927 0.51899315403659 0.502068893131632 0.572924002251402 0.518054020693384 0.628414513647121 0.325669235108482 0.611118982474092 0.621714396080541 0.557383385062492 0.501220259905768 0.629118635232795 0.607853165640279 0.453953576353296 0.354307880897297 0.468653438177871 0.471219760380392 0.530767950276225 0.436512649900553 0.524480899968561 0.415529254767768 0.521148736342935 0.552989681782766 0.515234462431796 0.515154089753318 0.547501782423518 0.527700435898633 0.576455617959938 0.49253003367915 0.458766692058684 0.422474358572587 0.394513399367943 0.369857573872333 0.462856007457482 0.529764665885473 0.481372364428392 0.52257970941038 0.552959254140905 0.548559867991386 0.393055010484362 0.429599928001251 0.518021184631307 0.473202156891412 0.339488290162602 0.310577045735662 0.611320006725272 0.598881610287162 0.587354627006817 0.520629605935009 0.318535312077426 0.274205443487015 0.277717473693709 0.496714296597173 0.0662172427621899 0.286597638844493 0.355057747566101 0.274099466563988 0.526313862820111 0.572048455797355 0.554309414611341 0.541575973627699 0.519209985841242 0.459770470978915 0.388570119147116 0.427260415810625 0.317484854081913 0.343630025630387 0.354658500635719 0.410855688698994
0.341645905633862 0.410481468270712 0.262246377106217 0.331183751357923 0.182680041638431 0.185891406979549 0.315393146111404 0.344244087300672 0.0657074868387889 0.226294498583245 0.0744452155554103 0.0628173054660643 0.100103807664308 0.239881684357888 0.288465767468909 0.294400640797303 0.421659186250575 0.357316094752526 0.353860574451222 0.370693129207863 0.438130176841927 1 0.240633526538479 0.298593830219951 0.517462614636519 0.503265423638237 0.337386548294551 0.389724779206338 0.377951038383197 0.387756634928155 0.326446832709359 0.370410131340604 0.375492527712431 0.453691862768463 0.405573108713184 0.43140994829554 0.472281193703838 0.409575527360327 0.451678728467405 0.459388934113686 0.275466926220262 0.227137099041995 0.473727318425152 0.461831158420724 0.49053925391212 0.48063439776501 0.475718392335638 0.521327791349026 0.394865581667192 0.364023694889326 0.402713388412314 0.387769682089168 0.416734655260138 0.444086759836868 0.420936891374176 0.455706170794645 0.461806498690939 0.442810236264513 0.379265849663392 0.416573685748991 0.155489007312408 0.239301748079193 0.32100196241536 0.195494977460708 0.146056788507971 0.249507434243975 0.448213655294846 0.475226646357406 0.453035443611789 0.51711339116951 0.198374706081705 0.188377367853555 0.213422609205997 0.313658379591592 0.0186573694501443 0.17340582517632 0.27531442636223 0.337463063487272 0.452641605937224 0.470444487778263 0.439981002305647 0.398333418539717 0.383512611558946 0.326525430136208 0.320599742497326 0.346469855120316 0.272233015388704 0.283655763451257 0.224551978343459 0.373830104261852
0.543659938986926 0.600806011133091 0.875213034302308 0.787106992777114 0.491691014649416 0.143010035268308 0.611446733712437 0.54710240160661 0.411138335484512 0.511875211514585 0.387799470063665 0.481638482660292 0.624993250124729 0.684268918849944 0.767113607631405 0.799676923203829 0.603836496481008 0.651425410317212 0.674740693121745 0.605062505822404 0.51899315403659 0.240633526538479 1 0.892906931450745 0.556176522336009 0.496640814602034 0.722509882015496 0.585426359802614 0.54889683217531 0.60456642077926 0.543449474570708 0.489648268545977 0.646068454860095 0.598396643395791 0.693250944511066 0.486045461927895 0.549784387783208 0.59691157683052 0.534445046890889 0.452910258525116 0.478535605655503 0.394399249252161 0.648974204079362 0.649969308942442 0.540091616640799 0.548464973979843 0.576323900741557 0.559783791258893 0.548065108585665 0.48841809521012 0.477316710391529 0.506431826691056 0.453505126314092 0.448323674809899 0.508088538460749 0.53920138491673 0.550678029629335 0.591466307956837 0.491193063995091 0.523646689618799 0.330231722806315 0.385474181843778 0.435363078742493 0.455513512806667 0.767637251379025 0.590359727856551 0.609436837961078 0.573244925032432 0.570139239365447 0.508897977844311 0.0817556887811637 0.13435260329627 0.066968838351909 0.337877908498832 0.0597062999637022 0.226894814771895 0.432699426790987 0.259675072916698 0.568325069552282 0.636769850371276 0.664279447459998 0.70856863020394 0.706082821872054 0.743184641777382 0.732889703439384 0.74227249655028 0.628658530839288 0.688102591069189 0.578329236241071 0.615360891651538
0.529356276667562 0.584902726340922 0.837388452786851 0.850833332174712 0.531118953595475 0.288634180203355 0.572131475467634 0.574582743350801 0.421016811421739 0.56906922897904 0.334410631309076 0.490728636551513 0.542673610971756 0.743146527262193 0.652223618556626 0.822085827896452 0.562523026014367 0.594697337460181 0.660067119194838 0.634338388578553 0.502068893131632 0.298593830219951 0.892906931450745 1 0.559225183444939 0.602797073766344 0.660867636254913 0.607936277871564 0.487605856924728 0.567353665695101 0.526949161706583 0.542666301585195 0.574325903971553 0.594754946513095 0.691669514095848 0.496277350347627 0.522951081662939 0.615102549026339 0.507258394744672 0.513311511793203 0.43483062649293 0.386170582637668 0.59587810100704 0.594282091590827 0.497602472704249 0.528887752295073 0.540893377026349 0.533000551217119 0.525168580181392 0.494037427289135 0.483939719213886 0.500940939175665 0.470953126114175 0.451383157915344 0.522010382865172 0.549999957300206 0.532384860099911 0.552146919973013 0.448238977662246 0.485153007199565 0.306001056734218 0.406796079048623 0.371989845142644 0.472716961852635 0.789466209281178 0.675924443317411 0.58962421781102 0.573590247569781 0.577543806302253 0.515222014444984 0.12759994852541 0.0839037723399862 0.0710495610065462 0.298945282395605 0.0412815660997977 0.224239297482585 0.392043662464355 0.227157108051079 0.525167409158347 0.590904448618055 0.617880929572961 0.701409395813941 0.68671145496045 0.744808461422063 0.721129630943271 0.804406005171762 0.598267840411506 0.735717360560815 0.532336785251446 0.653849814253497
0.333383370160734 0.394820895441329 0.522813379073018 0.522741947663056 0.300548842309482 0.330309075445136 0.509025174438109 0.449593215364934 0.217274616183441 0.297190340814121 0.124432609498919 0.241959132347239 0.264547057250956 0.362936078312191 0.464379975793927 0.536818486709793 0.480592036375386 0.456723090850791 0.427504746477514 0.406853317841072 0.572924002251402 0.517462614636519 0.556176522336009 0.559225183444939 1 0.697541616268891 0.65994016837012 0.477571047474259 0.452330672575257 0.518883048478411 0.604080060110312 0.593886538876027 0.5197671211575 0.533401193338222 0.645312910220747 0.576069347236915 0.422321304205708 0.408398268627702 0.492500730982538 0.417322723854875 0.345455548526825 0.221897871182269 0.549597738754322 0.54430291004424 0.532355096499197 0.502956303474761 0.52074554772722 0.53248628055549 0.38189081501771 0.3908190325718 0.401922001752239 0.430470167466456 0.401375432269157 0.459100242809641 0.412674483937694 0.474735050206597 0.408796605859532 0.453145037733168 0.369405238924099 0.40545677169252 0.225693662618438 0.286837921120659 0.344620820222906 0.262412006618394 0.403919421677253 0.420868111120137 0.572891543867658 0.607259299806213 0.426172120201597 0.503122084088221 0.2476665949468 0.190184972005731 0.181705181309291 0.395937653897279 0.128991193854706 0.25133299421997 0.274692996305385 0.336381774029157 0.477593932065474 0.556745573424614 0.4430145526432 0.443190194306305 0.396740908634668 0.379764772296142 0.355033622455383 0.422558931403396 0.290004668048551 0.373082050828383 0.323704102989538 0.413102666097853
