1 0.655738920768452 0.38449244437389 0.138399603250771 0.228902305728577 0.0613567644746235 0.674633713148262 0.541156384209122 0.477745011249902 0.326983062844888 0.620868564804938 0.527739509350132 0.593761921769711 0.377562792076692 0.340971515699175 0.0591353392856789 0.561074145630448 0.575667121658971 0.670496033997587 0.43455707259656 0.162634876809046 0.0048040113211603 0.303227910611661 0.0225378476733389 -0.0913034695363423 -0.17855213007959 0.205690603091511 0.0601295548440313 0.629149568317383 0.68119866202022 0.118601182641588 0.00735242910421774 0.398554941361471 0.326322014549196 -0.0372931968348134 -0.0685791544004197 0.00227757404764918 0.138283981754839 0.341244250290103 -0.101910230722566 0.138864889251051 0.244558497859323 0.315460066508652 0.313341020622207 0.468959515881076 0.356870322701701 0.478586809887226 0.360355817660816 0.552046140406105 0.453390678957121 0.483132385346515 0.441433573583406 0.400811394402861 0.265117482030592 0.539692865562859 0.449701092384537 0.721116655849783 0.611721819206953 0.750640009091293 0.504898594086888 0.754519093131761 0.361248216239873 0.66593440432565 0.720294898132265 0.241126619242195 0.0259837061975657 0.198322532261811 0.0784111506928389 0.562394400673621 0.570356404920195 0.380482828080508 0.376196519923576 0.383636902321668 0.367613628174019 0.285053732662023 0.217812458909231 0.362289298491263 0.379475527754298 0.140052123085114 0.409073735754552 0.433580258100379 0.433249879803611 0.22329995865059 0.113377182796909 0.44135493134121 0.188541980388822 0.263498041530281 -0.00569110706852013 0.687991559832802 0.414174662023385
0.655738920768452 1 0.217225911086799 0.357591976016841 0.0165699693072348 0.129079393118282 0.214479962219417 0.496805192511804 0.0861656601296705 0.203394414431107 0.4128534461081 0.620073685949072 0.400796753213089 0.550407324493268 0.133900475945543 0.178248599788157 0.462159724349322 0.666170973161269 0.523407171557676 0.744242317151443 0.0728419006357026 0.0251784557274864 0.097581189189402 0.206739328093185 -0.00330181820249748 0.00665147564684902 0.281504959371213 0.0451958171014527 0.404363326628336 0.61238809947707 0.00778484718913325 0.0362974295046744 0.142355467588325 0.317257550812228 -0.0340369580508309 -0.0565663551657527 0.0879605906892171 0.246968279710367 0.371399122046896 -0.107525885273651 0.089769873106702 0.178264269759776 0.480068532967846 0.446917755914199 0.486548694892362 0.434291138290239 0.533380643083757 0.475646060291361 0.525991498035244 0.529599405106491 0.338904026582137 0.433912570412883 0.388807178530441 0.233511446797822 0.494324409179568 0.48339023952403 0.714605117156961 0.728992158913892 0.501882280752269 0.534490975757783 0.319268930975793 0.250840933829358 0.330595376326623 0.662308546383612 0.0832259072711497 0.171248975088132 0.156491085480221 0.154777919678821 0.614514580225368 0.674248262425094 0.30098150665154 0.460562956079108 0.196550717783406 0.426817611331236 0.189862652301121 0.416995251682622 0.221193720161853 0.338272393767191 0.160495493257014 0.366904284087344 0.212668354796422 0.550565015315795 0.275515141359889 0.148752120191143 0.310169216454223 0.392323919013027 0.332582411860995 0.140296879416601 0.408006734291964 0.358529552209395
0.38449244437389 0.217225911086799 1 0.687707218366881 0.598872935590705 0.295985740623477 0.686692939662621 0.457566270832504 0.345677138542784 0.218666179682572 0.0959518755330093 -0.0788358749644097 0.171643514972527 0.00547588809525324 0.467288409110819 0.0721395902687027 0.321852177163771 0.298647181508413 0.507315928460156 0.203506019462368 0.181106799354151 0.0748746870753316 0.832382210284159 0.585136369507065 0.310518221945232 0.337404790658579 0.327669039014051 0.231669559370332 0.467486695904664 0.418629971070672 0.654774371906134 0.647258163479812 0.669355739064149 0.616642681644297 0.53593165293433 0.496578560910173 0.357664375944732 0.335859074441246 0.380399606448437 0.206225643282416 0.137328682121641 0.160718039190326 0.43432143638412 0.319855377238416 0.489511747971286 0.366095202347316 0.408328905637695 0.364035635305031 0.433778172516111 0.383161076344243 0.539417094009811 0.367004557661844 0.31032105462407 0.417462535617637 0.410225550036769 0.391650080024172 0.452745365207543 0.409129781198654 0.531570455593294 0.453331074147967 0.383796988907644 0.239920388734718 0.473453117385965 0.377561442672625 0.667742525831247 0.393055654637577 0.693592290875294 0.509044182409706 0.45340676468405 0.342321037833791 0.436030404177226 0.397908594126431 0.272795865838792 0.291223521219752 0.114790109875446 0.0992488418896871 0.267445195561219 0.321257169101494 0.208662343362159 0.365734717150951 0.344949954039149 0.31202774923691 0.416160725517758 0.246802671291873 0.704515836053982 0.36068963231926 0.433734513945336 0.31579114464328 0.492461851304588 0.388964288592026
0.138399603250771 0.357591976016841 0.687707218366881 1 0.282985857704805 0.445617320790731 0.205823423193299 0.466405571345418 -0.0770765106024904 0.120031038798109 -0.148894105344002 0.0758979598643769 -0.0296499109100842 0.22411589457164 0.285624843656665 0.340108116345272 0.234714552141905 0.275083863048909 0.297352151789045 0.415760066222324 0.167387951300477 0.00552256417527058 0.63523525222718 0.8796822483984 0.492838314306881 0.573045875468739 0.40684255727933 0.178142287537961 0.138428142035466 0.280265124646785 0.492548639589519 0.694093405510442 0.450957210400805 0.668495269814496 0.597442617758731 0.524711691441008 0.398361007915786 0.391898348329302 0.477064746739965 0.193178554363314 0.133625025808203 0.123134224288844 0.598002894781397 0.4692974196424 0.526929107392221 0.43919110958708 0.463987976613124 0.460901823183953 0.353628251700634 0.425499680594669 0.381597337699806 0.350330472264856 0.267410400641146 0.342146456381592 0.404404465464372 0.448986342382415 0.459347020257642 0.460692852785274 0.29436657255465 0.463575242948579 0.0746139136767676 0.23124091290176 0.240208946108415 0.398167010454038 0.506247600270249 0.691486674303295 0.658527316439765 0.648492684415278 0.451649365739861 0.420102156612714 0.337698311239754 0.433320869998038 0.0818928180193238 0.239290128043341 0.0176469620171709 0.155693174257876 0.248697109355537 0.463418100723785 0.142963052726785 0.294658032527019 0.176823262027597 0.327559238249382 0.466102013380191 0.291200259733889 0.585924131169379 0.625662831886453 0.564165295524812 0.53175521366288 0.327497046680576 0.483024548198777
0.228902305728577 0.0165699693072348 0.598872935590705 0.282985857704805 1 0.295808568963212 0.431040850281497 0.11580228264795 0.517485593416762 0.356099593310606 -0.0540837842059146 -0.130203170149263 0.155237497692153 0.0112047306287957 0.512575878486013 0.123533477590791 0.0450423474083968 0.0911266461102589 0.230201119162502 0.00446316573801274 0.144357877005783 0.0143342163005493 0.611704638818498 0.204766200620147 0.119653206983686 0.0903766832576307 0.26963415515046 0.154020101796534 0.200702965444136 0.137156840795342 0.296793850985541 0.325013602110679 0.228772015501942 0.190650881221604 0.146924520951748 0.184786663941465 0.129092186237705 -0.04279095426574 0.0846378620964955 0.0829753153308101 0.0658496625960236 0.0298201417293267 0.0963606113992595 0.11985157711611 0.19630505416296 0.168874325950329 0.155310988714281 0.151238299014685 0.219020084667393 0.24870813086792 0.27653136016298 0.115251289546862 0.159465591721451 0.203050932661735 0.220574564648679 0.208875496433789 0.140017676678841 0.130239916891029 0.279227271385305 0.183298610918803 0.359849571358341 0.185263694370879 0.151469241675423 0.0660648404145232 0.561583683877753 0.118969452991483 0.189143258023785 0.0681825884399015 0.175005694506537 0.0301601081936496 0.125715271300271 0.06204487359809 0.0807982332649149 0.097360830815207 -0.0279253473751205 0.0509872392513798 0.208564913699119 0.160110958007218 -0.069572377341755 0.120352453628608 0.0592953441668906 0.0381746192423247 0.247543964203762 0.188140232538304 0.509271798003 0.24885719202361 0.192241405653158 0.240883001727736 0.378988766386561 0.345781737713357
0.0613567644746235 0.129079393118282 0.295985740623477 0.445617320790731 0.295808568963212 1 0.104692345521589 0.174181966561447 0.120052729157392 0.243594598793399 -0.119526403382153 0.121749051738952 0.108925317152335 0.283843147734743 0.312880205353152 0.497807784482548 0.0198335952245941 0.082252665295746 0.0879119463077665 0.130035954481829 -0.03350436026348 0.185964853774663 0.364247537860544 0.452130459491589 0.237806630518846 0.203147163275659 0.23207891930619 0.372472442140833 -0.0460142387473206 0.0674868862943716 0.172801282059617 0.297217166615122 0.11796412117186 0.24444080202306 0.171742186193857 0.24023114195343 0.066083499114469 -0.0308836083257009 0.0945525526965862 0.0599894335557624 -0.0307805529531243 -0.0718671664644518 0.191051749748324 0.181881605488632 0.105335559503822 0.0650129497904999 0.0919202023825739 0.0499241221270897 -0.0166850563883482 0.156879902291147 0.101420137131821 0.10375421122267 -0.0129490238000999 0.0406512696401306 0.0837697547889408 0.114651430329537 0.140441771430285 0.125720777733578 0.0788726790030161 0.198844659311095 0.118555969235963 0.240596511827328 0.0746552416793986 0.188239713427104 0.353478176234152 0.398703399721039 0.241975918862142 0.217855262806945 0.0529954408536028 0.0961210699288914 0.204118827549749 0.0722147077682015 -0.0479852166197799 0.157966699433289 -0.112114129954454 0.18927926780341 0.185894876409676 0.221730908990091 -0.106746360422839 0.151748723807965 -0.0370700050515246 0.105589411779799 0.29397418569779 0.351669203811121 0.327073518746104 0.442438523120724 0.136089193522412 0.419389431510175 0.186575607788893 0.351425614636179
0.674633713148262 0.214479962219417 0.686692939662621 0.205823423193299 0.431040850281497 0.104692345521589 1 0.619915745962405 0.676150317330137 0.468337214802238 0.40803125808286 0.204664221569902 0.460461468422988 0.0930488708777386 0.389428204366537 -0.0800823311537259 0.311159130970539 0.24066804453663 0.618465315543047 0.153600617528134 0.128329743463396 0.02449705743399 0.549461542776951 0.0826395769436855 -0.0926451805668663 -0.170710215123928 0.127252317255217 0.218241221258107 0.550402563426272 0.491266627501927 0.346981924085969 0.189113799794603 0.546711179384003 0.348904385913032 0.116562044518161 0.055304437330145 -0.0206901090826812 0.0785875836482468 0.171157195160618 -0.0332988865018523 0.0812832481677113 0.0696997738338252 0.13506281663059 0.0958709162687923 0.306544513771237 0.161890899323605 0.259784762338408 0.130795055065633 0.407373766930254 0.257614102149756 0.511267294565718 0.312936319060231 0.221466641740034 0.254189901682338 0.29758862949729 0.249338873683655 0.357680977920193 0.22365130541615 0.636206958969442 0.366712846730679 0.756571827633005 0.420858181082813 0.557312690754129 0.481175373851894 0.502263428724514 0.073201024205959 0.33777810798235 0.107065057415025 0.300443280867552 0.208023694266772 0.450924700436955 0.341612418495665 0.48047787886178 0.285744252578357 0.215717130828384 0.122859940497675 0.231656534840815 0.207565362032875 0.101610867342036 0.364910520764547 0.393126425201945 0.263192144479152 0.159952743063586 0.0487247950225407 0.468874467626087 0.0696618272499381 0.101271296142895 -0.0337309337883522 0.585825224215254 0.324103011955305
0.541156384209122 0.496805192511804 0.457566270832504 0.466405571345418 0.11580228264795 0.174181966561447 0.619915745962405 1 0.318629070345905 0.587980535764469 0.373999531746364 0.517560252862967 0.417623513927539 0.477172797067366 0.198000896203601 0.17157238183604 0.339882534625077 0.330248628414425 0.531358398365002 0.519115497616572 0.0767394353928403 -0.0721636189068691 0.265981195673631 0.356332861744695 0.0816262766439357 0.10520972216661 0.181546336883726 0.170861567668317 0.374475696125319 0.529964710839551 0.242225856840314 0.312698910686274 0.369618070345281 0.5813428192938 0.140987911884026 0.087824771096461 0.0292309625658762 0.190732785326541 0.296880433257229 -0.0653368544667077 0.0474795622841696 -0.0462717788170139 0.40499619525254 0.287096259476865 0.484803681611313 0.329526918499025 0.485530743672585 0.330776448192839 0.458464556184466 0.431967271174165 0.469435712252113 0.381366560795377 0.271510896639116 0.250974986076991 0.367060831972106 0.349672742527487 0.432867102433815 0.343056892100002 0.52055200571017 0.584958752793982 0.451788174465612 0.641300605211235 0.367021732841844 0.582008911539052 0.345891443430582 0.418356324796409 0.36493751021132 0.331885961258215 0.343970733637056 0.342873919359839 0.537053275370436 0.577370405782996 0.394037442945674 0.429556507490418 0.143806421710412 0.270903303391859 0.194505017770217 0.395500266219027 0.272746327949057 0.443820162974148 0.3602119876293 0.403023681500291 0.161496814743724 -0.00501876790422776 0.346820277889545 0.304493950031317 0.162529821643384 0.0179914012457994 0.456317845129194 0.443580618475205
0.477745011249902 0.0861656601296705 0.345677138542784 -0.0770765106024904 0.517485593416762 0.120052729157392 0.676150317330137 0.318629070345905 1 0.580124742373344 0.114484535846082 0.105401355066559 0.38660866536335 0.0839214153409586 0.567045613862702 0.112588060336741 0.0207373490663374 0.0139363910733583 0.235452609282015 -0.0836402935261183 0.0100689758205986 -0.0767416839177884 0.426213951404275 -0.105307743119736 0.0392513711720744 -0.246503442737322 0.104135486966764 0.0390716162815007 0.221563377576937 0.126377143434833 0.0216383059638937 -0.0245019191670369 0.115459197268673 0.0221728548819597 -0.0667398675443198 -0.185513777014108 -0.12862523050165 -0.194007444524802 -0.0582389563756937 -0.20112976636245 -0.00219424593691335 -0.0661539038420422 -0.0919876848233993 -0.0391748652043559 0.0526639510439017 -0.0157911724023075 0.0369873563598499 -0.0602699535302914 0.129194762921546 0.131303259975088 0.224110821393331 0.0666565514808002 0.0141559248442009 0.0375174153627725 0.11110824601817 0.094483877360466 0.108044213737424 0.0166530280467598 0.403335298598497 0.20934638979417 0.724886621530411 0.487482963538641 0.105711094180065 0.129900289725486 0.529354952259874 -0.00828088557852909 0.00229160310573273 -0.172277938896595 0.0933214707072262 0.0347529607863335 0.192141418075365 0.051997651912471 0.123703965489525 -0.0150851769997029 0.0136880116798314 0.0078971383482558 0.152978543563348 0.0669931357984973 -0.0696331711726445 0.129800638325606 0.0439043762567404 -0.00802525747228076 -0.0410221400237134 0.0972161068772846 0.292202277186816 0.0886288881639178 -0.0788339701994341 -0.0175255469385932 0.463736748159686 0.262227111269709
0.326983062844888 0.203394414431107 0.218666179682572 0.120031038798109 0.356099593310606 0.243594598793399 0.468337214802238 0.587980535764469 0.580124742373344 1 0.0659534751075549 0.22119506108043 0.259667344342167 0.269539945801593 0.327509834865637 0.210027834351381 -0.0200377441593385 0.0180873470806608 0.200235324684869 0.188120902042054 0.0210768920780704 -0.00195140245198148 0.262113974803519 0.0156746011080098 0.0400056017715512 -0.0864023925355395 0.177574969936404 0.133430893256441 0.0408475432111644 0.156326712191076 -0.0530411840827969 0.0893417433235679 0.033520573498864 0.211613581175228 -0.0417544444542687 -0.085759921785893 -0.167612246585711 -0.212196497682273 -0.0271047755713171 -0.169979515079014 -0.0144513453294811 -0.16741025958628 0.0383607190102631 0.0532094635403195 0.133756627033792 0.0564344168417212 0.140987976836241 0.0474061701504699 0.167074471895645 0.216384906140163 0.209334597184019 0.0963628204559461 0.081385048908942 0.0358382302067664 0.135812041932411 0.126223379244572 0.11327845711321 -0.0229813191359708 0.283324239506363 0.296877579328753 0.461267371252728 0.648855348000676 -0.0357476966767695 0.166717050408989 0.400771275398282 0.203491883561292 0.0178696334091299 -0.0333098395355176 -0.00150270910128623 0.0279921671672752 0.270879312448425 0.258748358037876 0.156857430111616 0.188831606812749 -0.128682653916998 0.147334037537394 0.161343580379068 0.215929365885513 -0.0110031173876957 0.156773797123134 0.00849248586473928 0.106839192444325 -0.0250695953685696 -0.0208175958368456 0.172052304630019 0.195870540512657 -0.054916763269047 0.0850195217238283 0.357189048558657 0.397052926720095
0.620868564804938 0.4128534461081 0.0959518755330093 -0.148894105344002 -0.0540837842059146 -0.119526403382153 0.40803125808286 0.373999531746364 0.114484535846082 0.0659534751075549 1 0.542060596586649 0.643976102350665 0.39680731442277 0.0315801930422475 -0.0698089640401472 0.452840200186746 0.345234897595485 0.621251984956748 0.359442189740545 0.0446489095265621 0.028692981735878 -0.155371944474028 -0.204700390122378 -0.357043800168464 -0.238009941952566 -0.0775588204762527 -0.0336854019766258 0.582848962766719 0.560539780869308 0.0309442533022273 -0.192096784485991 0.296974291433654 0.165088597381873 -0.186817203843159 -0.0647551003214478 -0.134975444820275 0.15301900387839 0.147131649720172 0.0392496253443909 0.126766936392541 0.112485941872154 0.103696468781474 0.00607047197336649 0.190636877136694 0.110862690876673 0.18953105221226 0.102813069447153 0.318301472641824 0.164739424859026 0.183076715763704 0.240448884507415 0.164034193188892 0.131664076194295 0.212895186473775 0.118385381409013 0.331784200362525 0.258218337438196 0.429830774729316 0.232785998724295 0.340783342249359 0.142349427676179 0.575518709656004 0.48831088795801 -0.187465255475325 -0.135640203644938 0.0345410289833117 -0.0234835683659098 0.258631429227064 0.210172370410114 0.336419266984269 0.272965103363131 0.396526401998362 0.386492864616766 0.189577444427327 0.202017378953376 0.168032021533817 0.167646227013723 0.169429619213071 0.324382734853301 0.482353564133655 0.356336149250228 0.137109422949349 -0.0705809962272444 0.179786930982454 -0.132725464830095 -0.0149501647504733 -0.252187727893287 0.375737034703303 0.0940358463374372
0.527739509350132 0.620073685949072 -0.0788358749644097 0.0758979598643769 -0.130203170149263 0.121749051738952 0.204664221569902 0.517560252862967 0.105401355066559 0.22119506108043 0.542060596586649 1 0.578548874778704 0.726729383057605 0.0729753330547385 0.318929320352585 0.286199157169106 0.314685996460311 0.414931335138916 0.595068066440804 -0.0238194991253941 0.0779510008257307 -0.141804925178826 0.039683262245159 -0.132413285533471 -0.150681087889459 6.09988601703962e-05 0.0266231495028789 0.260524702663427 0.431446239239782 -0.173863243730458 -0.145974595186973 0.0182315673746426 0.171253104075456 -0.230365110409783 -0.207845056135208 -0.158985485614045 0.0282034016659788 0.129918514184934 -0.0924105130745879 -0.00706514796195837 0.00185382899974275 0.172769673384163 0.169456711863705 0.199048662090735 0.131824481762983 0.24611058920559 0.153537098033325 0.264706483377157 0.242244838765899 0.171608573957023 0.205503794022004 0.106127594819552 -0.0320035651588694 0.236372358918725 0.190807168833137 0.307291501344684 0.327962958892274 0.308051223524246 0.305874513052408 0.341578765176644 0.355177270600949 0.258911801453614 0.57924891583343 -0.128730955138555 0.126667895892832 -0.0662284167844298 -0.0208259768525043 0.274540557992966 0.275490737954906 0.255782490108536 0.362235623218093 0.208487069596667 0.321554190422117 0.129793340728967 0.28504102450676 0.0750567625676977 0.243611607155877 0.0712144844383312 0.226439587911198 0.151350830667157 0.315130374985653 0.0490399317744545 -0.00699643630067338 0.0781280572389557 0.204262684796085 -0.0111474349509995 -0.0514563087447927 0.350402613961469 0.299365960602867
0.593761921769711 0.400796753213089 0.171643514972527 -0.0296499109100842 0.155237497692153 0.108925317152335 0.460461468422988 0.417623513927539 0.38660866536335 0.259667344342167 0.643976102350665 0.578548874778704 1 0.604820011758606 0.480482023005254 0.262744708426376 0.224286920331484 0.204604734093078 0.484855067255853 0.374317082220094 -0.0180560790044583 0.0374167839843796 0.0778025770820271 -0.0908843873502232 -0.191263029163974 -0.310214918218818 0.00281893867362789 0.0332078762362189 0.365722097627209 0.387328086142019 -0.0897380681244283 -0.21483724614612 0.0839078931485993 0.0700715437860408 -0.244933796382978 -0.152057622663484 -0.202273790832367 0.0430399046588205 0.101240679837696 -0.0445776323393996 -0.0431305201421511 -0.0854492547285289 0.0772375971153579 0.0191713018856745 0.0854085921127662 -0.0314850248301827 0.14049115099295 0.0312165311504309 0.237868030288332 0.159009616834618 0.173638454319284 0.173233551398981 0.0811398891849875 0.0888437976681306 0.205227807776736 0.0788943210391366 0.213917816692636 0.15244597637067 0.377081489355463 0.243765969123491 0.417224952387585 0.276852418853944 0.255465319408723 0.318982341650215 0.0945331203053235 -0.0840115577758131 -0.0609164429770769 -0.158306937293974 0.314418541675067 0.215963252876372 0.316797235951285 0.224187793045754 0.263148957326433 0.233352463339201 0.156063611597307 0.13524018447708 0.263295391661482 0.270380061614403 0.0693014735833265 0.165032287308038 0.138176702539432 0.177693995135369 0.127704215933524 0.0328381364045982 0.193418891268573 -0.0157225650793647 0.0391599350425259 -0.118621864347478 0.438182379290688 0.150795470018185
0.377562792076692 0.550407324493268 0.00547588809525324 0.22411589457164 0.0112047306287957 0.283843147734743 0.0930488708777386 0.477172797067366 0.0839214153409586 0.269539945801593 0.39680731442277 0.726729383057605 0.604820011758606 1 0.27032843977252 0.536420835941232 0.170558440942126 0.2368013931247 0.323235552651706 0.642354548791637 0.0444984456325261 -0.0374846714739716 -0.0465838892236578 0.197001383502092 -0.0195211617427284 -0.0467595346496945 0.148799534293473 -0.035345140982868 0.113156792842317 0.272946726193294 -0.178991586812751 -0.0901655534316878 -0.0347907860211994 0.190754655245224 -0.143169014057956 -0.0820009137954209 -0.135965527317237 -0.0638089538065211 0.104765492393991 -0.168277152449348 -0.0326548659246984 -0.136028673787208 0.283958829397574 0.275740995616964 0.19350657228521 0.174497218672151 0.280102199286558 0.225943909648812 0.219977575975741 0.307986881915835 0.125634564164131 0.189734510021002 0.139187183719712 0.115067088743134 0.170142477261435 0.221437643575639 0.260140276326071 0.237638760377868 0.210393298542656 0.253412220866438 0.100061789707272 0.299838027493892 0.0804824437197948 0.344189238653011 -0.0330497688290282 0.165871276332897 -0.0656202390296092 -0.028823009555748 0.323017028376128 0.264828890116271 0.330533740945092 0.348245285858448 0.0480676238316456 0.226775920377497 -0.0532778429589545 0.23808077168648 0.137297538407517 0.281730182004993 0.0675126290127319 0.217742310135331 0.0832391193533053 0.303713244550014 0.143997926348319 0.166173811016417 0.114508436295884 0.283454194676317 0.116093789132673 0.105005536062709 0.246591101294367 0.234647929216973
0.340971515699175 0.133900475945543 0.467288409110819 0.285624843656665 0.512575878486013 0.312880205353152 0.389428204366537 0.198000896203601 0.567045613862702 0.327509834865637 0.0315801930422475 0.0729753330547385 0.480482023005254 0.27032843977252 1 0.534595845471708 0.0600683562057061 0.0572000467676772 0.179536452858846 0.0382814472979676 0.0933752723315581 -0.0611551795210232 0.58707125812769 0.305760488809858 0.3934685482242 0.109386893163421 0.283755310130932 0.0282305597272148 0.21343321237122 0.0948410917836297 0.216346182923843 0.196896056179623 0.232875065803579 0.208275656568158 0.218792648332632 0.178580706178027 0.234387672660079 0.0994066019326701 0.237697279651583 0.136426495763022 0.128000681354813 0.0132547717593119 0.209120937178717 0.216179448961427 0.193734692820163 0.115292022556621 0.181680476387002 0.137982281324477 0.174010518604965 0.235000511653751 0.259064557951037 0.179133779960605 0.0974139281532261 0.172028952601539 0.268573909519931 0.194971040915509 0.210737653552787 0.196005695147615 0.362175954917728 0.235821174407497 0.41707869824684 0.346844122876282 0.0410239284622994 0.129411439018705 0.54680034093949 0.211866053752397 0.240068535568113 0.0988128367608843 0.377464635287947 0.246183401616734 0.171027435398794 0.161764836546398 0.00595642089487518 -0.0350353187811458 0.0472565045673646 -0.0524748917906374 0.333665957209186 0.328627001280799 -0.0946602476352204 0.0952439820893639 -0.0479161231948465 0.0576517092764305 0.265982961457286 0.318087728930715 0.478612246498375 0.336817863982953 0.306242831950877 0.278071452519723 0.513742717057009 0.372977098688713
0.0591353392856789 0.178248599788157 0.0721395902687027 0.340108116345272 0.123533477590791 0.497807784482548 -0.0800823311537259 0.17157238183604 0.112588060336741 0.210027834351381 -0.0698089640401472 0.318929320352585 0.262744708426376 0.536420835941232 0.534595845471708 1 -0.0035890359224619 0.0704681225620305 -0.131492337909802 0.0737271764572123 0.0824669120537603 0.0281436613979552 0.308805358338867 0.486401380135013 0.560031647799101 0.344673793604362 0.384054727795846 -0.000457333411736155 -0.166802815250835 0.0399609054888365 -0.0664538201234011 0.154442732949679 -0.000549108617579138 0.195449432890604 0.226961148592791 0.177127788492574 0.202222616719406 0.0285272796013187 0.192263648037359 0.124064610404916 0.122644500502781 -0.0317094532698064 0.240313417220597 0.230254500545292 0.110229337846132 0.0905495271124571 0.106461986783613 0.140985161956184 -0.0159114405547502 0.206580849600981 0.134438969485156 0.171617271824761 0.0981521419804699 0.108861074112892 0.198421723409059 0.19047944708942 0.0932556955743641 0.135432761440179 0.0807882821627945 0.190605026786242 0.00624005987393352 0.439354381581727 -0.147582927346318 0.111892251898681 0.309309640698253 0.513086299787462 0.145548897493962 0.190566830252208 0.154593788008265 0.201106172295272 0.171057607894218 0.139828010046135 -0.062337255715933 0.0925925688925531 -0.197285728154488 0.050253298139287 0.211245207134798 0.318769535097966 -0.059630821864475 0.0329323451227263 -0.0799862112294521 0.109734158933607 0.24449413767653 0.421353246208815 0.33447738529888 0.552918755193737 0.194057993587834 0.38149988077093 0.307684035717479 0.469077797154556
0.561074145630448 0.462159724349322 0.321852177163771 0.234714552141905 0.0450423474083968 0.0198335952245941 0.311159130970539 0.339882534625077 0.0207373490663374 -0.0200377441593385 0.452840200186746 0.286199157169106 0.224286920331484 0.170558440942126 0.0600683562057061 -0.0035890359224619 1 0.671998097011205 0.465161956374839 0.323707153711051 0.194148224112538 0.111231024834554 0.206585167643662 0.224706392957506 0.143288029974047 0.177235388799865 0.207304738009169 0.163687131969519 0.571404189536893 0.624638761124923 0.1992776301641 0.18164410545046 0.454477774202123 0.441424587369549 0.210932319970107 0.270270986779869 0.111247726049662 0.30266651209857 0.384474344916033 0.116003694768168 0.156999721496812 0.286215941481746 0.481388503313569 0.373387434066635 0.548584243600651 0.500385533375599 0.571362777811689 0.475931905033135 0.527441230503836 0.422057751949284 0.489150141337833 0.486475213296777 0.481698855185233 0.42353825285471 0.553668356031235 0.485092059227312 0.689232708295316 0.594583954653077 0.474025649057294 0.390738923423924 0.269408312319706 0.161889984106764 0.58354153688473 0.54693841683608 0.0913541595016224 0.192146181012218 0.359330887677354 0.330743426885622 0.483567667957911 0.537816446769484 0.259807900856826 0.304372193467726 0.264497535890838 0.289904442120656 0.253728494292507 0.105821991407533 0.178132367310262 0.309192127514338 0.443948861252957 0.498590393401823 0.647335103284308 0.496847957929787 0.279894669751243 0.0151605260472427 0.380072849084382 0.17150295937857 0.195460053711869 -0.079359409460126 0.367024652193272 0.222025386031037
0.575667121658971 0.666170973161269 0.298647181508413 0.275083863048909 0.0911266461102589 0.082252665295746 0.24066804453663 0.330248628414425 0.0139363910733583 0.0180873470806608 0.345234897595485 0.314685996460311 0.204604734093078 0.2368013931247 0.0572000467676772 0.0704681225620305 0.671998097011205 1 0.441375553368467 0.403091144150762 0.178473041567547 0.120144590498115 0.238855672216116 0.241995785517751 0.108536251193034 0.160353837505368 0.310356256655613 0.178413387457195 0.518554473331465 0.717274103553319 0.155778933789049 0.155956235929323 0.289954540896885 0.344070865291707 0.0899992695327937 0.117298921871839 0.180745689410928 0.371700611224819 0.415577902387171 0.0180791919182058 0.130015258907451 0.260890459469773 0.422183434333664 0.358375313664881 0.497366397799033 0.420674937276441 0.498444592764605 0.429292908513115 0.491872423216509 0.423146498788444 0.378652912535129 0.383008594032065 0.362376336011136 0.26301773370074 0.517302303358223 0.485719105399363 0.786875743506247 0.787269169150954 0.481105861938899 0.467460231469422 0.261886930110253 0.155655821744209 0.472198894527485 0.605976674923156 0.1419788160257 0.175638507261846 0.26734131145893 0.233328135878979 0.475068699471634 0.634126105098168 0.223106068926137 0.299655680643042 0.224118171695618 0.379692922882038 0.271467436224645 0.2332487455491 0.154029548269018 0.240948725972709 0.303669241515098 0.499087968703479 0.466792169981228 0.543981937292338 0.272171465189315 0.110756199384627 0.383391522110706 0.258779543527332 0.312720859125618 0.0545377800925222 0.33738113771249 0.266294536574282
0.670496033997587 0.523407171557676 0.507315928460156 0.297352151789045 0.230201119162502 0.0879119463077665 0.618465315543047 0.531358398365002 0.235452609282015 0.200235324684869 0.621251984956748 0.414931335138916 0.484855067255853 0.323235552651706 0.179536452858846 -0.131492337909802 0.465161956374839 0.441375553368467 1 0.56304531698671 0.0438420968129135 0.104538855837851 0.255334640933075 0.101301503299439 -0.238675418760455 -0.0780098483898056 0.110452832915205 0.206890591500847 0.673581343541586 0.644758230511286 0.429863986645213 0.19132244726124 0.545784227439751 0.496960728486292 0.0608479151954201 0.128023646569699 -0.0368810526107294 0.153610858437449 0.226756182690852 0.0347172761014778 0.0575896460884145 0.067618451475938 0.363615695219923 0.284869982385976 0.477451824249917 0.362754008816574 0.461273727030979 0.349921904431124 0.551166673958098 0.425996276665213 0.423144926834753 0.374275255703075 0.317485597173295 0.317520132657638 0.380514756984456 0.353073493432168 0.5604417588768 0.436471491017442 0.627805455064803 0.422353470038181 0.484240822785885 0.181078512177405 0.644988007812237 0.60213298930639 0.0948870088737728 -0.0150447689153864 0.334634543191845 0.207275547091506 0.482254208772811 0.387782468372967 0.444385116697405 0.386929879271807 0.375864153459621 0.391101101312015 0.264294267406004 0.341351895504515 0.313402056718764 0.326773485583432 0.167612924681551 0.400036817594436 0.411041908996116 0.403447494922218 0.29352139367079 0.0312362880600976 0.384994025885859 0.109220426502139 0.23691384014411 0.0269017682748161 0.44766269240113 0.213510247476979
0.43455707259656 0.744242317151443 0.203506019462368 0.415760066222324 0.00446316573801274 0.130035954481829 0.153600617528134 0.519115497616572 -0.0836402935261183 0.188120902042054 0.359442189740545 0.595068066440804 0.374317082220094 0.642354548791637 0.0382814472979676 0.0737271764572123 0.323707153711051 0.403091144150762 0.56304531698671 1 0.173055498116676 0.00352904411208504 -0.00693373527087504 0.237688003920352 -0.116203934946468 0.00467778048015754 0.112798916491491 0.0669081799312751 0.296845112275372 0.434229998959786 0.0701858504978527 0.0983676127963923 0.144309354001068 0.403042060112092 -0.0199683125552673 0.0353699910454534 -0.0176827641765915 0.118064757201723 0.239144055119084 -0.0596760419936317 0.0248622612054992 0.0199802566892714 0.498846518357512 0.43264860693277 0.408313657603055 0.380472827101931 0.500611579071273 0.399592607390618 0.401501250617826 0.400137132837394 0.218290188593058 0.269410711028931 0.282942454475246 0.203542148316804 0.290941261462815 0.361108251941562 0.515952515077049 0.454265654738096 0.330950463838039 0.417324218574135 0.112701071635151 0.102993867429148 0.236042146264217 0.483864841326518 -0.0965939569700538 0.120860814552505 0.152798236688726 0.147974616454245 0.483752960016155 0.441273711428734 0.355669769984092 0.495104665111584 0.137515892919966 0.404388508713652 0.0841367149649179 0.346691789561836 0.15589984392554 0.338580193481813 0.128930192736374 0.278238111925448 0.149189079867366 0.4077866986725 0.232751788658441 0.0396140935985353 0.146871436010239 0.252607543142422 0.275002566974885 0.117852271982345 0.256483290741453 0.221116983002239
0.162634876809046 0.0728419006357026 0.181106799354151 0.167387951300477 0.144357877005783 -0.03350436026348 0.128329743463396 0.0767394353928403 0.0100689758205986 0.0210768920780704 0.0446489095265621 -0.0238194991253941 -0.0180560790044583 0.0444984456325261 0.0933752723315581 0.0824669120537603 0.194148224112538 0.178473041567547 0.0438420968129135 0.173055498116676 1 0.137368381473955 0.191655354679627 0.204789733293595 0.19662587714253 0.217622741489575 0.268090912606275 -0.0610758381164679 0.154683907506568 0.125526988903476 0.183954226312426 0.230634122655099 0.326604524909574 0.3060904535112 0.29793514362739 0.265845886991698 0.166199642405014 0.131820900796701 0.338725582175411 0.175246372644342 0.0460301702000923 0.260525995335414 0.275400496063909 0.265563092989572 0.231242443411881 0.240046934720331 0.185770034846237 0.222296570548074 0.165788994903353 0.167890299204376 0.29278880665317 0.22027592220466 0.288146570853448 0.239226357434527 0.226456172657011 0.225707265683678 0.238664888814333 0.167671260236914 0.231817899421356 0.184029127458896 0.0973361318190722 0.0718702873899222 0.175997508596151 0.154999708941897 0.0915532126232249 0.175174767529229 0.298422046048291 0.238654268789094 0.224331081566925 0.214444938691577 0.201248652742015 0.201694549950455 0.232702856971458 0.233792967249008 0.11614143490751 -0.182518983609648 0.171600923264948 0.314142895376743 -0.0180472025050919 0.326220918913205 0.170308090715545 0.0943312265314568 0.202899374157061 0.089007962648151 0.258606076553513 0.163400311945129 0.19776745563424 0.177102274621889 0.231796826403318 0.256400411898599
0.0048040113211603 0.0251784557274864 0.0748746870753316 0.00552256417527058 0.0143342163005493 0.185964853774663 0.02449705743399 -0.0721636189068691 -0.0767416839177884 -0.00195140245198148 0.028692981735878 0.0779510008257307 0.0374167839843796 -0.0374846714739716 -0.0611551795210232 0.0281436613979552 0.111231024834554 0.120144590498115 0.104538855837851 0.00352904411208504 0.137368381473955 1 0.00170760034474758 0.00487243883048169 -0.0708025830682257 0.037671296767325 -0.0607346273069993 0.210424484562482 0.0742193366941431 0.178462535289196 0.103312870214529 0.0279420700660586 0.225632417402884 0.121123763894689 0.046036118109798 0.101458012701856 -0.0649059544163788 0.0501222715470413 -0.122060034235969 0.068913242776201 0.0722661693811119 -0.0145562885130823 0.0418930223113046 0.00103485078850632 0.101236439448281 0.0429376765073142 0.0185992678213601 0.0498470799590867 0.162006715743096 0.0974145675249975 0.184097199455017 0.133081880840622 0.120654581959085 0.141272513795124 0.0979341979503185 0.109644257693447 0.0684647015158774 0.0617518618034497 0.038256158504313 0.0929004662081106 -0.0137847056970389 0.00940119098076023 0.0702780095778252 0.0785343428884507 -0.0351720884978986 -0.00848050181682461 0.110761316996798 0.0503992225039052 -0.0637781721519847 0.0633093000553582 0.0533352569715507 0.0799808233724665 0.0598930725335913 0.200609466986519 0.130433417595138 0.0520090015804113 0.014045633695866 -0.0161673157539714 0.0237683189811952 0.117862614723674 0.0487498894781654 0.0686413017378244 0.0706993145581877 0.156052537569245 0.12321517268317 0.0626899674318253 -0.0628412893156948 0.103480276834559 0.0405782691726382 0.0801818991657682
0.303227910611661 0.097581189189402 0.832382210284159 0.63523525222718 0.611704638818498 0.364247537860544 0.549461542776951 0.265981195673631 0.426213951404275 0.262113974803519 -0.155371944474028 -0.141804925178826 0.0778025770820271 -0.0465838892236578 0.58707125812769 0.308805358338867 0.206585167643662 0.238855672216116 0.255334640933075 -0.00693373527087504 0.191655354679627 0.00170760034474758 1 0.634880414817522 0.514730290539878 0.374454205799202 0.451812782133239 0.206031666631919 0.290790504599601 0.266937443029955 0.584298802523461 0.654730877628344 0.546161892622386 0.500645981124855 0.544234343339063 0.4602801286239 0.381278626905231 0.246113694343466 0.36016335370301 0.175040362971272 0.174433889484515 0.202405273677877 0.364512645292314 0.314712213659855 0.406639006017814 0.292017982917239 0.303455569371188 0.301584621306314 0.291340233255031 0.333175349451222 0.462683607015381 0.304337325537408 0.227667021064406 0.32281274065104 0.403751488943052 0.398044431863588 0.365425737738898 0.361667328590552 0.436142423402081 0.357315822924429 0.442526217085803 0.298253683979979 0.288210189095869 0.299773863081934 0.750023346596083 0.44161337828717 0.596114887410797 0.453972547476429 0.333467303519365 0.314520347937243 0.293421622191979 0.255742796266694 0.141291347976333 0.146823142401138 0.0494050249723289 0.0544367557429857 0.325354105218541 0.33134521536519 0.0372356475163131 0.255826293348508 0.151867443495357 0.173380554588849 0.37539057040207 0.325378523276116 0.685116901872467 0.479735606293268 0.423788042712199 0.423048991477464 0.513415279686805 0.485735706981409
0.0225378476733389 0.206739328093185 0.585136369507065 0.8796822483984 0.204766200620147 0.452130459491589 0.0826395769436855 0.356332861744695 -0.105307743119736 0.0156746011080098 -0.204700390122378 0.039683262245159 -0.0908843873502232 0.197001383502092 0.305760488809858 0.486401380135013 0.224706392957506 0.241995785517751 0.101301503299439 0.237688003920352 0.204789733293595 0.00487243883048169 0.634880414817522 1 0.65227146196683 0.702089942028892 0.408749241673615 0.165786223061924 0.106671554144922 0.208429764964102 0.522559597472421 0.732534730757783 0.458160220718297 0.650668184634175 0.676897530405954 0.573768388676944 0.488168994432022 0.399230816456866 0.494645932009502 0.284515953355809 0.151998496825491 0.126153852512235 0.57272376569502 0.448868307920019 0.477439732096677 0.399722127733263 0.4213122546538 0.439789558646591 0.221023763754538 0.355269133535306 0.352892260612224 0.328710513732552 0.255554994509696 0.347563235893234 0.385924896355795 0.438183283717684 0.340627228043601 0.407783394404137 0.225436943057423 0.397916133229081 0.00372295240430164 0.217348443315054 0.162495191595953 0.3326465447732 0.467209315524988 0.740635061529542 0.680650611640172 0.705036577674476 0.362035020747481 0.364559051791317 0.284505411238797 0.361176603391965 0.0165490309325405 0.180084176403197 0.00902876885048002 0.0803074329453716 0.20279887449385 0.440287336130162 0.202302490174109 0.310946438442099 0.197693060524061 0.294646182843332 0.479052079377183 0.365102352958251 0.542726960596323 0.62877011448287 0.52102158030864 0.529659871457255 0.244789326319507 0.47500993276691
