1 0.70204944738555 0.421115948437382 0.447651324085016 0.486024149038193 0.3978933249605 0.686125699064831 0.566452519113138 0.588568119587548 0.440392784061889 0.713720553657387 0.627472758219125 0.709208709979802 0.607059830173203 0.388096317564366 0.323522314952342 0.648450635286795 0.601899187352908 0.719887440260254 0.735442609723447 0.0896052077900001 -0.0523938650469453 0.443120213750488 0.340946057386525 0.201893212907351 0.230118316978509 0.21949599745694 0.109670484757282 0.683829606303415 0.629704529465557 0.420008413755039 0.293354923249542 0.711934077962747 0.602473638420353 0.172376322859424 -0.117749979414904 0.199543198719915 0.300954792047696 0.228687558864276 0.267066861479264 0.173752360103332 0.151373552744324 0.590203763609761 0.598023002190106 0.58598969115328 0.486512330445819 0.621249097772167 0.611388396812434 0.488157314538299 0.402810257774494 0.5704294822386 0.550519211145319 0.49590366277561 0.500591570138722 0.614598610441047 0.50696735521068 0.650502735412409 0.567277761236562 0.734646637393427 0.574273120692916 0.734213424632223 0.434013598676315 0.721507330347252 0.571403309601246 0.247784414682946 0.259384081508025 0.423071348665014 0.435099860449723 0.644322591150589 0.64966635932077 0.533702586040559 0.500762724410296 0.376973826934766 0.317128542108197 0.176457082111098 0.0591026860714232 0.545756622060716 0.525133466035484 0.54425749153445 0.536192549337277 0.63634393459685 0.485796354345959 0.297647818978764 0.291798905024029 0.431316399428022 0.502744962462077 0.221509246255657 0.12447691500306 0.713126128521389 0.599775274397109
0.70204944738555 1 0.237266345788747 0.378342916168668 0.197497333561165 0.133754805391339 0.334549628268242 0.374353736862761 0.28301162885636 0.31158172927581 0.39482195462053 0.369679952338692 0.340660679756801 0.431398867769151 0.14058340612584 0.289218759266894 0.813403200275548 0.862502371110857 0.602094195518657 0.775224724180252 0.0235881958155239 -0.0165335333503085 0.118300209969513 0.233088360318131 0.0673910656694132 0.206051714937513 0.172888410522979 -0.0363187028067729 0.605581437074235 0.70376473394314 0.289696056377535 0.255815179250596 0.583851493752971 0.606346879802168 0.0332220875840938 -0.0403809344816181 0.134823104457449 0.366229996489763 0.213530181209067 0.523858053450443 0.316717877902014 0.215480639795196 0.416861169885933 0.558703273543889 0.462955947888785 0.544626445979726 0.685480666681132 0.700936071112203 0.490193833760045 0.30718747491034 0.50937593348312 0.393710990013802 0.343227382747862 0.306052183437107 0.646506551753492 0.542672202829844 0.907750169455751 0.902026107304434 0.564680234594867 0.463265258014511 0.342524458722194 0.222805109368973 0.568221780036868 0.407521382554422 0.0957481522424349 0.146920333720796 0.209057239431229 0.361927821258034 0.830203396069734 0.770735664311586 0.24259162512263 0.233143278864229 0.190102716631393 0.162755216224965 0.145431478337483 0.0114728703018809 0.285082777003958 0.269043610832629 0.543719394411341 0.57702387468212 0.737247663149561 0.617809039981221 0.357430861243793 0.410931721825941 0.384859673955511 0.441748269094594 0.136430771310305 0.14327454952745 0.425329316375067 0.442368662480014
0.421115948437382 0.237266345788747 1 0.75126286467527 0.529446359007485 0.357745041289499 0.774558932733562 0.480898328213875 0.494135784813231 0.370286759838874 0.135399168463047 0.0391399573270512 0.168749355250044 0.131483502062962 0.339651336938518 0.182528234920801 0.133541086654517 0.130554162371478 0.384123052141613 0.335054655972488 -0.0157924350033947 -0.124700723549364 0.666772056739345 0.390928088421109 0.458754672334316 0.409790485825053 0.185648454698971 0.171126611775408 0.118419241810085 0.127267479212378 0.43434362425168 0.335228536897522 0.480690405991305 0.340828482171303 0.513071969067867 0.0426830483785706 0.282545963918095 0.126068216367782 0.121443019976072 0.00792022472406908 0.0412669537668219 -0.0824260938018407 0.302030882591564 0.206185372176816 0.480076565202976 0.284073146794569 0.38082051504524 0.36244933961803 0.351992246458672 0.243837391103469 0.352071932244101 0.274124070517377 0.382504359649151 0.413565130997804 0.425966490634279 0.357563434656385 0.241625576516204 0.237920900997218 0.469120064600445 0.450080390240748 0.466238477746811 0.21592035480873 0.455801870052443 0.34995213032593 0.621572715149974 0.425449400984235 0.716336988225331 0.558637140908949 0.358556922748244 0.384959858739206 0.429207250884073 0.371596059013299 0.266422134639185 0.159003437622412 0.0520237036736231 0.0357895424952197 0.270644425859818 0.370071129395515 0.238357391521281 0.148040480724988 0.359308260391087 0.525970905077226 0.199671871406019 0.258647548094758 0.683753915095648 0.570910669761256 0.23916606234639 0.367107252200459 0.526232717346253 0.536167840484984
0.447651324085016 0.378342916168668 0.75126286467527 1 0.464896008659145 0.483386418736228 0.677584979772819 0.710613241936225 0.443282689553621 0.624544450693213 0.0882563610818893 0.253476435659303 0.115447974356165 0.329794324669428 0.196736094657025 0.39753542793981 0.335497343617489 0.288960930306842 0.456870585327715 0.494154405955024 -0.0201384264109046 0.0443303954636981 0.525535485061353 0.644262961780134 0.382015682029188 0.585307920753495 0.172828147392956 0.262563155614789 0.314819035424373 0.372585944061463 0.527523714677011 0.605505173074609 0.586635633879854 0.630929505422861 0.521209383784421 0.140362307474855 0.257649100343029 0.299129861742831 0.221475676945688 0.195340589446551 0.0753451939591322 0.0172871583997449 0.458889096856339 0.365983492291356 0.585146888626587 0.456073508603562 0.496844334374974 0.482279155692718 0.487006806369911 0.339485535767483 0.464470465301587 0.311166263545056 0.424112342641363 0.434566720578173 0.419761497871348 0.363218096189182 0.372872562100161 0.293875430297029 0.421178622839901 0.475344048235734 0.448251460153241 0.505032928590715 0.416811557087317 0.458062193719315 0.514442647617262 0.675957071308878 0.670136740371418 0.726275408805687 0.461884427798489 0.488424941673851 0.525890935246396 0.463813816395 0.275485094277535 0.295089563125855 0.0962623147325224 0.101229605982484 0.458423145102381 0.520819373406828 0.343290823644282 0.270700539012925 0.446706664910751 0.583355914875515 0.352765768527676 0.360282519975143 0.57396556878105 0.751693761530691 0.332639299202935 0.52271463542868 0.461436267914228 0.702492741755473
0.486024149038193 0.197497333561165 0.529446359007485 0.464896008659145 1 0.497455326137405 0.714465529329739 0.527350502342531 0.563712808321615 0.452958473938331 0.400032674368826 0.35133447103431 0.414204833148646 0.271126249319754 0.263636278660895 0.133698909547856 0.190212133541021 0.153768980920826 0.463036284954599 0.370526592369687 0.0576070883626424 -0.000764796708324148 0.39563440421587 0.210002829501959 0.221801005727801 0.221040494038943 0.11668726143628 0.19365009138174 0.325594271300168 0.240205804444587 0.314980207170184 0.218337372174771 0.418014145267514 0.321474009341293 0.22281517225107 -0.0263898915698616 0.0872652693070077 -0.00698144097099402 -0.0103115206430518 -0.160809721372804 0.0774315977272338 -0.0135973607246801 0.274184175062861 0.237087156127183 0.393390380900825 0.240114883398367 0.300235450478729 0.29309593885287 0.332653515758671 0.209776548951111 0.36092873516991 0.371673314869439 0.392152946513032 0.443088410684777 0.303330723331742 0.35894137002962 0.209961343244723 0.136248507825663 0.461435524359013 0.404204951257973 0.531839982435247 0.434987174035443 0.404249367103967 0.457951159666818 0.290263996622888 0.277763359250092 0.378774607833979 0.306699762470249 0.300251939508851 0.325005847157209 0.504991148236209 0.456202514429475 0.402820240074913 0.322634417957688 0.139522918363327 0.0902443452979634 0.300298959813267 0.367145737818096 0.213633511526019 0.162382172074149 0.303691224693573 0.330884421068725 0.0827479939846348 0.116724169199487 0.41208309833927 0.453647162660911 0.131015608619849 0.141554114587847 0.555672528972269 0.556229005818931
0.3978933249605 0.133754805391339 0.357745041289499 0.483386418736228 0.497455326137405 1 0.503854956287699 0.664217528210242 0.410426710248596 0.558043908054129 0.352218325990506 0.490212524618474 0.353394468943953 0.36868560925486 0.124997974941773 0.156106744781185 0.120374098756228 0.0884716626272248 0.403907682384113 0.442625215070697 0.0617102407172984 0.0417126480408309 0.22007957954426 0.237487211179515 0.0490454126156897 0.240827363981713 -0.0235045726825363 0.148810929080288 0.431451184321319 0.303505990337269 0.458896514480571 0.409723710101272 0.415376366781459 0.477970906858719 0.116524744472799 -0.156568643630981 0.0881679999878284 0.127325558446656 0.182771134139861 -0.0399379070241652 -0.042385642239832 0.156904839606006 0.463607835749463 0.383564019211145 0.484546912418779 0.370639438379219 0.270085700967724 0.256858133143369 0.465838604790226 0.391277230335515 0.460058667814045 0.422062694555826 0.456890263445536 0.47629118810495 0.238217008188843 0.207481009936096 0.10776626261678 -0.0359443522138021 0.377952914283772 0.406874014151719 0.371921968674409 0.488135013233728 0.41003825230592 0.591797468833477 0.0678023694061831 0.216299675935318 0.325675904163442 0.402146799426588 0.2153356014053 0.32082861531747 0.554824653436185 0.588144101554944 0.375541038783745 0.422392736286132 0.051586470176539 0.0657358311191546 0.531502814187993 0.510063758662739 0.370384562827673 0.172661272480382 0.270568153086035 0.186714442243587 0.293435287592441 0.130370347477203 0.178902250496673 0.371290666902774 0.154341671126609 0.110504986076195 0.444548068050644 0.537841088119723
0.686125699064831 0.334549628268242 0.774558932733562 0.677584979772819 0.714465529329739 0.503854956287699 1 0.751402289575219 0.782042443096103 0.583126193726554 0.470367165605381 0.402617852163142 0.502677460286302 0.393664929135808 0.317594659689663 0.183267594325568 0.266981508493935 0.197270005247702 0.509308514847917 0.438404479542909 0.0718076500904798 -0.0113923209553299 0.635961936422024 0.418792546826001 0.359515088345319 0.38684083874006 0.248785146874251 0.161527365878525 0.33716388828289 0.311774907744092 0.43876124670471 0.363030596029818 0.582601487931332 0.469188836153615 0.40386883454289 0.0164405276654683 0.203069845113339 0.177094703305937 0.177624867851971 0.0176653021812962 0.0358309928335011 0.00837911022023083 0.449788703895065 0.375011797363632 0.592079851944662 0.392497837364742 0.431560824997754 0.426611315513808 0.457079958309443 0.336344987289444 0.502577554848452 0.463775426704831 0.493313602450588 0.515916908679158 0.445338596711114 0.420354699084508 0.302811112074458 0.233628472076526 0.61713501560972 0.542203550188066 0.809802810468415 0.591024052308408 0.533463145082767 0.523846242312644 0.513118918014059 0.509268597567132 0.70453259187588 0.619507313409897 0.413932148214185 0.44743843422082 0.594189800431061 0.548462144229497 0.381966650921269 0.31331814088691 0.0933718819630235 0.0234669896654867 0.46599066878453 0.54048661734808 0.278807974688062 0.269697249780456 0.393199017529523 0.498927802367289 0.203201695037258 0.202179367142075 0.58742784827446 0.660118329501492 0.230062822351179 0.224264129174877 0.742896213709671 0.679074976680907
0.566452519113138 0.374353736862761 0.480898328213875 0.710613241936225 0.527350502342531 0.664217528210242 0.751402289575219 1 0.620167283629375 0.708455342227476 0.402867410053131 0.617705529735266 0.402918344379106 0.537899907536136 0.0644130614086525 0.170353463285678 0.354332626462931 0.279800005512803 0.489061245742276 0.560648633470996 0.039569277291957 0.151801068474778 0.343406304727508 0.45587821146484 0.10317661784432 0.424327953109529 0.0988595185558815 0.0167657573696527 0.524950956169514 0.548506975768904 0.521836713276829 0.611034437509412 0.563987688372362 0.68483081400779 0.211610432746935 0.0131346975643488 0.132915273021465 0.311136418583053 0.228562884109341 0.147251401451343 0.0325977451696366 0.12169604131921 0.550827849229495 0.511921120005358 0.635124768382251 0.538011643025682 0.417808138284962 0.435305043666364 0.577971521386712 0.442484273283398 0.588992273943119 0.501254841761016 0.511430991285409 0.510175747387682 0.350636405049639 0.333839017753131 0.281485116025631 0.1769654286137 0.477936743512024 0.523844270487658 0.613038714102876 0.799628796671134 0.488073097979845 0.72185843850239 0.185136235644229 0.499202656536468 0.532427574959422 0.671872376433691 0.386111040167258 0.453054079898552 0.668616279625781 0.657026447535402 0.384933719599028 0.468598063830464 0.136256585296421 0.0808478191487926 0.582073392702089 0.648023096820937 0.393033849889956 0.348860806576278 0.432756918071353 0.442863556163875 0.257607612363705 0.245393819761031 0.330961706125833 0.642867937922324 0.168224579810608 0.158169457125826 0.567575883343929 0.686886999633247
0.588568119587548 0.28301162885636 0.494135784813231 0.443282689553621 0.563712808321615 0.410426710248596 0.782042443096103 0.620167283629375 1 0.650659030924004 0.531950371050521 0.452458990635221 0.571373064626411 0.490548918518427 0.469328970704862 0.298269339585587 0.252577546578493 0.144479222231522 0.305237905079169 0.369968322334764 0.201849251630042 0.0648590456782311 0.565688923267684 0.377714832127418 0.357654936225395 0.418184793091945 0.445821364987704 0.173088364717647 0.347478391195156 0.336891676426936 0.494490358923768 0.411024391980922 0.535229312273036 0.444728086708011 0.308584285515905 -0.0179972561619561 0.220559943416829 0.201801676350077 0.223033259294765 0.0988013012886593 0.0738943903975976 0.146185514973087 0.390479046829826 0.372144167908371 0.478691203374519 0.307797002670618 0.3009126835201 0.3123182940369 0.348936330228887 0.284190124087299 0.398699534813837 0.350343178171872 0.370463967550249 0.381357826561436 0.348040403772332 0.272121914551586 0.24505321698214 0.158357707428129 0.473814365442296 0.348495857810975 0.765437150118153 0.555940530669867 0.465624366023895 0.475316639537248 0.330513701159249 0.420908617232382 0.49271238803614 0.427053805106922 0.359894958206863 0.382105363423411 0.56869116272684 0.534072691992286 0.277809935800497 0.326527662916967 0.116299053257487 -0.0136519228729189 0.523136770915174 0.526250667668797 0.225435607209972 0.286531835608762 0.257077060898839 0.305058332889303 0.209328493816677 0.122000705216408 0.35219861957643 0.540402114468065 0.317572605421353 0.165993674359031 0.737821927629476 0.625629815367474
0.440392784061889 0.31158172927581 0.370286759838874 0.624544450693213 0.452958473938331 0.558043908054129 0.583126193726554 0.708455342227476 0.650659030924004 1 0.342974829458491 0.473900462853073 0.316186213920117 0.495441388580303 0.26225095127689 0.487112738980064 0.372176587424301 0.247849957254236 0.290693726550994 0.410022519465588 0.15880529223092 0.187613762211338 0.385451878075651 0.633219248110549 0.24475315494306 0.527455464857688 0.35896571107762 0.298382457940071 0.406442945765814 0.438101765941926 0.418520923013642 0.509888857412113 0.495005784606828 0.624292597030956 0.417571112844491 0.16790805357964 0.0869276497180919 0.268293545034323 0.204482864286596 0.222484787028362 0.114079435000482 0.174842185057912 0.444233627129298 0.41465485471906 0.470045005636885 0.338681477450545 0.291032256595033 0.348218364273379 0.3408251371493 0.181217467448635 0.306065924989917 0.185579390589393 0.239637898425515 0.287631308251395 0.227273719818104 0.184527722582145 0.297953329892243 0.153761663513537 0.274000660567016 0.255453811975692 0.569690699706472 0.733401482522671 0.361513043564189 0.447079697610745 0.309702286151781 0.636520250270887 0.397387395185529 0.487937598543242 0.33219030375634 0.370648542923603 0.496421309357275 0.534958226335622 0.22427466391723 0.329507523585448 0.189529584065322 0.0849035852164495 0.510375606444619 0.521603427405954 0.401078443389091 0.359197660428058 0.347397318042366 0.429886153084096 0.405270680956596 0.262890559082105 0.334716881563301 0.685079329682277 0.309047862951503 0.399536821106678 0.575588881557454 0.696122317828232
0.713720553657387 0.39482195462053 0.135399168463047 0.0882563610818893 0.400032674368826 0.352218325990506 0.470367165605381 0.402867410053131 0.531950371050521 0.342974829458491 1 0.757238321550796 0.89916459991849 0.697306240985179 0.500263882756632 0.336231523838234 0.351934363816939 0.32355117651998 0.494560861495336 0.443539507529518 0.211778965261792 -0.00235655805137231 0.39653062406301 0.23746688883671 0.0799577515881201 0.0281453098276793 0.219851520411703 0.143822369654458 0.616057679006212 0.523253504867696 0.288858663752972 0.169131709224004 0.533190693526608 0.414014095025825 0.0331812327149099 -0.136527074411538 0.0732176121500205 0.158620527566977 0.0963996357920644 0.185257508792908 0.164109997954848 0.264950832064518 0.343358553784267 0.425350037680463 0.321354427667486 0.249711883087593 0.275500519881429 0.290512258638489 0.235841136514295 0.212168727742221 0.28763097896093 0.343483328926068 0.19109742609448 0.242630103360715 0.340416076651698 0.303260123273459 0.315075324539197 0.224328140497719 0.47351641787615 0.288799834402583 0.676503678286252 0.382723713543268 0.679555557002883 0.569728204003943 0.0839236107366263 0.0787317233078175 0.159573058147772 0.154975973218251 0.266595421127992 0.303471002499157 0.386682818635287 0.340313341404291 0.319785366248189 0.222175315558072 0.0897584104356805 0.0551996514753854 0.469043887881022 0.411230704354693 0.344999607024133 0.316777099944776 0.347697103250833 0.192095499035675 0.212882058371835 0.153666979191395 0.214941714068076 0.303599493549512 0.113324028114775 -0.0281356341628961 0.642315721848099 0.403237483676178
0.627472758219125 0.369679952338692 0.0391399573270512 0.253476435659303 0.35133447103431 0.490212524618474 0.402617852163142 0.617705529735266 0.452458990635221 0.473900462853073 0.757238321550796 1 0.770410893331281 0.86293957121591 0.3634492928623 0.443444258299367 0.404002169375853 0.319499910258288 0.481279947760155 0.52667658609093 0.197736118210938 0.170683091888489 0.300312348448506 0.417936241719723 0.06087804709482 0.200238522482423 0.171378603415175 0.100271716723657 0.71011525262373 0.673606148992076 0.385129346995105 0.414401185809546 0.495965227408555 0.563233952416582 0.0358279443590173 -0.0400217057244588 -0.00897561175411254 0.248034932538011 0.159473146892019 0.211068408815783 0.0873775486052978 0.301838129926262 0.489563051263546 0.532964515937212 0.406067983519602 0.346861104927158 0.308960192066659 0.312802332218992 0.350944329781257 0.320538870851523 0.410149614915117 0.399144313575302 0.314217893558068 0.351749575163662 0.289304848962162 0.237233769466851 0.253206836804687 0.134222717910269 0.399030050993972 0.275480668345231 0.57848410871174 0.598885411833665 0.571531176749878 0.66845518566341 0.0169111807233269 0.254438236768144 0.228355283451574 0.305720352357033 0.261385098501043 0.291084345085394 0.481913585560424 0.482168816269391 0.35493251489163 0.370985731668837 0.129674755804583 0.13763233225701 0.571659384214485 0.575940120700293 0.391897945959461 0.403949576159912 0.388509454955958 0.283220094745186 0.216912346179822 0.22629066905447 0.144456820563197 0.440226365419693 0.0674341454017792 0.0369902331976857 0.569655402282124 0.4953512457198
0.709208709979802 0.340660679756801 0.168749355250044 0.115447974356165 0.414204833148646 0.353394468943953 0.502677460286302 0.402918344379106 0.571373064626411 0.316186213920117 0.89916459991849 0.770410893331281 1 0.764470430144822 0.593127668752304 0.366520489843512 0.307697975606553 0.289861591006837 0.462879175904732 0.419851390778003 0.217238330125177 0.0249856167215932 0.44927329120361 0.258151525452653 0.19262291647779 0.0989157267035683 0.279136573281698 0.189711940974436 0.595460383895809 0.476113964123577 0.313033625217465 0.196916204373133 0.509390934174808 0.374167521779121 0.0658311825549514 -0.137882575038415 0.110504421803829 0.154504844318214 0.149567828778036 0.165679800821096 0.123590301404668 0.199455082736196 0.423629998617213 0.429462562872973 0.350960947714113 0.233288025502508 0.305632031645509 0.29330770487139 0.246053192863213 0.242989982343257 0.343403306164001 0.406261885456863 0.263000351688679 0.323392213229178 0.383520216083322 0.309015996285749 0.290250082647524 0.193521508742569 0.512734865041618 0.312781863345086 0.688311362109604 0.325728584505103 0.675497256217321 0.527467742086416 0.150847147911516 0.110348134424126 0.272417572692221 0.20305324668601 0.266539889622698 0.307455066084838 0.459896869510967 0.387144213243917 0.326298186933917 0.261901030500714 0.134198585159718 0.0653212313300335 0.519587437710442 0.463939420503779 0.32456949906497 0.355004180096992 0.345043784716256 0.248110887051797 0.246730505851818 0.192936709973699 0.267977560063918 0.344160957785608 0.150688738720046 0.0275303436535379 0.686265497785476 0.422789640712286
0.607059830173203 0.431398867769151 0.131483502062962 0.329794324669428 0.271126249319754 0.36868560925486 0.393664929135808 0.537899907536136 0.490548918518427 0.495441388580303 0.697306240985179 0.86293957121591 0.764470430144822 1 0.527444796878201 0.64178239154517 0.403640450169138 0.330786012038452 0.432910727324533 0.530276746402024 0.305324710681519 0.224796391413473 0.407051646496807 0.530634211010462 0.25133222101516 0.383500176067483 0.37980680080117 0.165793158590593 0.667341648858165 0.637195595817715 0.469829995770387 0.463210958700148 0.568743076152126 0.584242829647645 0.179992866479799 -0.00189961331511573 0.121008217138581 0.377508660847913 0.21317571060379 0.375466641637808 0.17931563281379 0.35316752864116 0.571177544491589 0.612407048562197 0.487638046899023 0.415251313319854 0.389883045115839 0.436617150217713 0.392346392722844 0.362474586513136 0.440785179358984 0.414663209621936 0.33213367928723 0.349691825151857 0.41200803850119 0.295487295944057 0.326780034736691 0.228594926372817 0.431017964599429 0.247993487524057 0.572239155277007 0.48502691512963 0.590367365274865 0.575044191976087 0.102536205559896 0.35541999523281 0.342967640288135 0.388688656123801 0.340321576065693 0.36930229425935 0.528096314586341 0.487603959875221 0.338822736057635 0.348743443365285 0.247509836086933 0.105564389577211 0.618177229404521 0.605638959685632 0.390391912602016 0.514624251988013 0.429785656110481 0.44542017915154 0.296085820950451 0.318004121368379 0.219091487700375 0.561433718996985 0.162249373330792 0.195068542852273 0.625384762281937 0.581909279444399
0.388096317564366 0.14058340612584 0.339651336938518 0.196736094657025 0.263636278660895 0.124997974941773 0.317594659689663 0.0644130614086525 0.469328970704862 0.26225095127689 0.500263882756632 0.3634492928623 0.593127668752304 0.527444796878201 1 0.624940195164714 0.120681771439036 0.070165484260776 0.210709836620273 0.180310402957779 0.236173525464089 0.0240529555471861 0.654981456242542 0.379503849091018 0.55891907363902 0.345575333685789 0.498651567833253 0.435509255096968 0.266553615414562 0.200354366442039 0.361975660067289 0.19088281970751 0.371264699941288 0.182486479584778 0.394400562292519 -0.00831882570654728 0.266751523717641 0.18627539455268 0.17755876344208 0.22420030276853 0.204385360760811 0.202472977616005 0.287553906165389 0.227927382324643 0.205169373120293 0.0369315040825266 0.151186953527588 0.169624628464353 0.0622914526969701 0.119192225241299 0.123505932522076 0.160027892379178 0.140794642818715 0.200180109459489 0.304336469998971 0.156154046377581 0.138560200212663 0.0827368069834844 0.266027718955024 0.0904733298792438 0.438477048205782 0.0540377624544461 0.396625874879445 0.126476942844297 0.451575825360188 0.273509570327711 0.317324787532236 0.122609766657506 0.146537010453433 0.154168819621384 0.345048721876311 0.21062529816506 0.213892851121828 0.109707193454769 0.249959719272415 0.0337338061739232 0.371219235470467 0.324029701531561 0.207113110086313 0.217171154473391 0.166732714949025 0.233565770984694 0.356492084358652 0.264703363979152 0.385884675744834 0.34360577206999 0.347293914197168 0.357282364522683 0.591324097358069 0.385578922629791
0.323522314952342 0.289218759266894 0.182528234920801 0.39753542793981 0.133698909547856 0.156106744781185 0.183267594325568 0.170353463285678 0.298269339585587 0.487112738980064 0.336231523838234 0.443444258299367 0.366520489843512 0.64178239154517 0.624940195164714 1 0.34665921909494 0.227308886975064 0.244754849468043 0.255358830129561 0.196816349223159 0.194644605319166 0.533145085850235 0.758175450117123 0.469200086338468 0.511255329685687 0.538181927586019 0.3883478763295 0.363985873699693 0.395284307968843 0.389437705148134 0.408910686876694 0.401454032678979 0.421679238920584 0.503880906810011 0.214922924533634 0.128727757822899 0.308971897520203 0.169041119637172 0.367982756029566 0.189983960714958 0.216808924958069 0.367095670140006 0.370645867943674 0.264040302382183 0.154791219936783 0.221567647329261 0.273781632548471 0.0699259260476816 0.00728104431142177 0.0453832876842799 -0.0657882538704875 -0.0108467904755702 0.0248946762530165 0.200285556781044 0.0215659323945122 0.308272366646252 0.208388786095313 0.0659193963549381 -0.0690584853959739 0.368357425432909 0.268147848506461 0.267643370377298 0.126911893468167 0.418058582149786 0.587669648196448 0.283715747131527 0.289771658606981 0.247548064483227 0.200117127392071 0.286687026846004 0.198237494466345 0.0950841728631627 0.0766851049503076 0.258016923880415 0.167250421209114 0.394448041237613 0.322175416708534 0.323365433901121 0.396058670167223 0.271736734354503 0.429175569070908 0.368825355103703 0.313898580233298 0.338561482914357 0.549743666677945 0.390138632558185 0.567585392685041 0.422767806085432 0.445819105792674
0.648450635286795 0.813403200275548 0.133541086654517 0.335497343617489 0.190212133541021 0.120374098756228 0.266981508493935 0.354332626462931 0.252577546578493 0.372176587424301 0.351934363816939 0.404002169375853 0.307697975606553 0.403640450169138 0.120681771439036 0.34665921909494 1 0.898929267281712 0.577403757749569 0.735148458500192 0.0598350155882374 0.011412217930606 0.0936688698568394 0.282715128427412 0.0128992920342822 0.141412454896819 0.107864875983581 -0.0750988982017321 0.708884453393231 0.793589675362132 0.367797485738319 0.319698567687407 0.560017994132928 0.654415464656351 0.0401295980385102 0.100445460648046 0.0711887111818855 0.291861878813785 0.227884081481488 0.427634077422481 0.2455728572038 0.126564234691008 0.436850690625873 0.531090322011736 0.393770973999035 0.449138987411563 0.635027884799806 0.590524320154579 0.346918626583439 0.204210940704436 0.327378808244016 0.225923722995623 0.220831181273502 0.19972841247557 0.503672101923275 0.38959647977697 0.822275321871765 0.74697834028632 0.393656720738378 0.305942120652778 0.307109460809495 0.261038400532707 0.539624806688187 0.380169434543129 0.0718950407342141 0.177124543055075 0.155047193661412 0.295812963972118 0.70658372826696 0.683705813344259 0.175450341287122 0.219797932387784 0.191780518562141 0.185022416973047 0.155834980714069 0.0335251866137164 0.360262878057131 0.31603431460848 0.671101617494843 0.723890417564017 0.773921078390249 0.553563143507647 0.337827739280607 0.380161138200312 0.280749127572888 0.343876783181309 0.244903224180314 0.135776836712449 0.322329975353339 0.366420072058054
0.601899187352908 0.862502371110857 0.130554162371478 0.288960930306842 0.153768980920826 0.0884716626272248 0.197270005247702 0.279800005512803 0.144479222231522 0.247849957254236 0.32355117651998 0.319499910258288 0.289861591006837 0.330786012038452 0.070165484260776 0.227308886975064 0.898929267281712 1 0.572802886896443 0.763227056612296 -0.00263827391138397 -0.0325888711179731 -0.0233667845677165 0.144832123532283 -0.0208656306069198 0.108377601456697 0.0424515038948888 -0.0676383955657877 0.658707439950914 0.755066924940167 0.280761859569569 0.219073397783518 0.527078553822514 0.57629491887703 -0.0345095844503542 0.0446252568550856 0.122633189411234 0.264521247935713 0.180919663929099 0.454029883348462 0.245544281245564 0.102557140196775 0.382528863330449 0.480233201169793 0.363471581487427 0.434972877769267 0.664070888291399 0.615119463405192 0.379278447158591 0.207371868546079 0.374092033989325 0.271377477433779 0.249551021587121 0.231313453843724 0.555337203455319 0.47377973119862 0.852816764897533 0.843516858712786 0.450633395819667 0.372287645973625 0.184946817732457 0.103957564872696 0.570571884536483 0.372480759726152 0.0135860864800221 0.0564316581036456 0.104656714924257 0.267908794622657 0.732538798004021 0.71487949065827 0.110788654581844 0.159984065346582 0.168904377656291 0.152031044947963 0.140833151523118 -0.0306469986284732 0.271222412738865 0.246811542441085 0.625105348378319 0.631356304476661 0.793880268511466 0.572002531897096 0.353147847912691 0.400969475689028 0.302242080264348 0.30863811539638 0.115329380028327 0.071016093915813 0.275707180335833 0.303813030667548
0.719887440260254 0.602094195518657 0.384123052141613 0.456870585327715 0.463036284954599 0.403907682384113 0.509308514847917 0.489061245742276 0.305237905079169 0.290693726550994 0.494560861495336 0.481279947760155 0.462879175904732 0.432910727324533 0.210709836620273 0.244754849468043 0.577403757749569 0.572802886896443 1 0.721828100328192 -0.0319610224172107 -0.0332240064606974 0.297045779010074 0.222123837074345 0.0282094779587503 0.176422458330787 0.0315334454676855 0.00690050752984807 0.631653179405717 0.61738423928104 0.403591786674337 0.263230323652132 0.628764503691178 0.566813280072145 0.0917606657289394 -0.0436352716234482 0.0845050188249662 0.161862783600481 0.036799743154686 0.14648410050365 0.106488748545174 0.146736780114204 0.510258804390398 0.548255668766525 0.531998082338058 0.464126818688753 0.50300119966463 0.557579942457399 0.452232150393181 0.348149770373828 0.456879075423305 0.408038999621784 0.459806655728822 0.467030429207707 0.39502776146096 0.361385674715958 0.535977086751527 0.463982844502591 0.439581386184962 0.382219013846292 0.439836564245966 0.337887703769416 0.550906941776008 0.486836450340819 0.225300707365689 0.228332953338324 0.281098348674452 0.412356090796796 0.538188851213987 0.523736350484944 0.49502912474751 0.410495533125081 0.381261322820334 0.320669966851992 0.104860191516125 0.170525111864701 0.489687707794193 0.406535625660681 0.462562002799352 0.437423651924008 0.597477363676046 0.490555293280763 0.279596806455097 0.306651679027181 0.440475025227849 0.382822501201482 0.109478687039885 0.145762605953841 0.434401469351622 0.44176851863451
0.735442609723447 0.775224724180252 0.335054655972488 0.494154405955024 0.370526592369687 0.442625215070697 0.438404479542909 0.560648633470996 0.369968322334764 0.410022519465588 0.443539507529518 0.52667658609093 0.419851390778003 0.530276746402024 0.180310402957779 0.255358830129561 0.735148458500192 0.763227056612296 0.721828100328192 1 0.0207508044293048 -0.0020284837740721 0.144142217162959 0.220318838048329 0.0359623751990054 0.199520699898001 0.0389461147118618 -0.0262629517881966 0.771695205452495 0.79420633826486 0.529359998434356 0.466339275605637 0.724717041731674 0.772271099414815 0.00795208625080804 -0.136596932818967 0.14939906606364 0.283290790989113 0.249101615760059 0.318974613614474 0.121285313650993 0.23277990515754 0.574108328765637 0.622715397825367 0.565911121145223 0.58481442430232 0.685433669893969 0.697319721356864 0.624891790262054 0.525518784325682 0.648969283303877 0.56148058959287 0.568361570342104 0.559245879987073 0.634480155450587 0.489054324466192 0.718201083252317 0.651290933299129 0.61804610372161 0.536472913282049 0.34614255188585 0.311512055361567 0.720686632201916 0.69492688548341 0.0275103421966067 0.119399148978146 0.30282473184794 0.436315147815946 0.738534818938682 0.772626392859984 0.431613772553583 0.49149702442386 0.329132821167104 0.391708993922732 0.110224297276412 0.036742500073265 0.551689948395176 0.573437469693729 0.654719224156883 0.600653808594775 0.738989281067345 0.547486778160296 0.380890064212492 0.343659718629533 0.317751926322003 0.440911394909119 0.178154911534066 0.08805876319441 0.505716215331246 0.553778540325496
0.0896052077900001 0.0235881958155239 -0.0157924350033947 -0.0201384264109046 0.0576070883626424 0.0617102407172984 0.0718076500904798 0.039569277291957 0.201849251630042 0.15880529223092 0.211778965261792 0.197736118210938 0.217238330125177 0.305324710681519 0.236173525464089 0.196816349223159 0.0598350155882374 -0.00263827391138397 -0.0319610224172107 0.0207508044293048 1 0.00436743311875505 0.21826022773716 0.12445070114121 0.126341628718386 0.146399949380938 0.248363010311002 0.197887984878391 0.165850812851441 0.108255232837268 0.179136107281824 0.0159099742820147 0.0854921318081333 0.0737603258815984 0.0015340981332834 0.00211252781569758 0.0556019781645788 0.0612300749126377 0.216564766965984 0.129009370357482 -0.0066047893567275 -0.0284759182841455 0.0938323683395789 0.17387402877098 0.0421994375314584 0.072324696524769 0.0422673941031649 0.0687301687136399 0.0233182839835189 0.0349219882178234 0.0147181091192766 0.0345475467941852 -0.024806766793922 -0.0180881320520533 0.0854438450971495 0.0254804180951562 0.0636558656183571 0.01352612974334 0.0890761583789596 0.0483348882661036 0.18962144181273 0.0872362539964354 0.133377293849391 0.0429377347814132 0.00226816246107485 0.10512782104492 0.0749840173928292 0.0424796170259038 0.00510527774212638 0.0575614396065606 0.085197869927094 0.12622719189404 0.0937675043054872 0.0408215092671467 0.0930646704812506 -0.0534382124305581 0.123601168177109 0.142189194775119 0.172649698212956 0.192415352017957 0.0464166072564823 0.0859424989383767 0.0649281258321257 0.0984557819296388 -0.0212318256725809 0.156017811868876 0.25365021201913 0.0786445123422937 0.223187374075481 0.173267708518446
-0.0523938650469453 -0.0165335333503085 -0.124700723549364 0.0443303954636981 -0.000764796708324148 0.0417126480408309 -0.0113923209553299 0.151801068474778 0.0648590456782311 0.187613762211338 -0.00235655805137231 0.170683091888489 0.0249856167215932 0.224796391413473 0.0240529555471861 0.194644605319166 0.011412217930606 -0.0325888711179731 -0.0332240064606974 -0.0020284837740721 0.00436743311875505 1 0.0623488506749719 0.236579502768988 0.195487180621537 0.301562641954248 0.175033229397909 0.138078249397058 0.0546309925766751 0.159231080879566 0.195476616911545 0.298480002484558 0.0494599022275051 0.0944949142634696 0.141253000866664 0.208064997212562 -0.135701764974096 0.149743257497593 -0.0505821574524305 0.0703194787451828 0.0153913766101731 0.231665421154617 0.0390930003843092 0.0462705638029845 -0.000784518256968647 -0.0411915736766546 -0.108470444248622 -0.0354155604101219 -0.0752089155240044 -0.0879737989646925 -0.0592432459561921 -0.0718016621987908 -0.000897247066207249 0.0329573550896395 -0.147881296476512 -0.0429024918998913 -0.093829623168465 -0.101798104286201 -0.143303529896719 -0.257210914705983 0.0669732448292233 0.225104759188166 -0.0734737609246102 0.046561924311968 0.0494221915798345 0.211326214082173 0.0326443334582383 0.0312669479191337 -0.0480450805141536 -0.122317912349162 0.111130284424906 0.0264202872674978 0.0457232300858821 0.197621416170818 0.0909625986625196 0.13825610841213 0.147873726150796 0.179295693029549 0.0300987879387958 0.138213888181344 0.0405290036804974 0.0830467790359644 0.0803955310186379 0.148400148730455 -0.0113703810627708 0.130420303236119 -0.0886176009444129 0.111973882552552 0.047161913050164 0.0921035744366561
0.443120213750488 0.118300209969513 0.666772056739345 0.525535485061353 0.39563440421587 0.22007957954426 0.635961936422024 0.343406304727508 0.565688923267684 0.385451878075651 0.39653062406301 0.300312348448506 0.44927329120361 0.407051646496807 0.654981456242542 0.533145085850235 0.0936688698568394 -0.0233667845677165 0.297045779010074 0.144142217162959 0.21826022773716 0.0623488506749719 1 0.639400693936222 0.633511685020595 0.443840201842291 0.490658087299833 0.359896038299861 0.159845146685216 0.164205165058978 0.496426143288957 0.385413242892679 0.427408257856758 0.282258723254716 0.624597853960061 0.13138784583889 0.178082163221793 0.147356754457978 0.157814705848043 0.0787230518078181 0.0540614764809577 -0.0560014954397439 0.318896773270562 0.218862526970619 0.355508506204589 0.0905257007457064 0.18525688095824 0.190548772184658 0.0483784092664462 0.029100022168008 0.0918822091387928 0.055655419597052 0.115627521537807 0.170924740729853 0.227001914400644 0.14402688426038 0.105832470214901 0.066069780884672 0.226714211779166 0.14092629104343 0.668594406401923 0.313837533304156 0.368473553496118 0.203439405961404 0.710178179274145 0.568809175038242 0.630999363494604 0.412440397613934 0.170820363795485 0.123473318136352 0.400241726255705 0.241314020985791 0.165692127447978 0.0487705408652796 0.132410777420535 0.130016020106979 0.380723268820054 0.422536425063461 0.160034541067752 0.218826989643273 0.121131709022996 0.346882537102724 0.260202596767602 0.197660573788995 0.559920864112107 0.529456922499386 0.429987870192112 0.506531530321053 0.58476990334358 0.471523681154397
0.340946057386525 0.233088360318131 0.390928088421109 0.644262961780134 0.210002829501959 0.237487211179515 0.418792546826001 0.45587821146484 0.377714832127418 0.633219248110549 0.23746688883671 0.417936241719723 0.258151525452653 0.530634211010462 0.379503849091018 0.758175450117123 0.282715128427412 0.144832123532283 0.222123837074345 0.220318838048329 0.12445070114121 0.236579502768988 0.639400693936222 1 0.517221099255118 0.552287938501154 0.471823453644825 0.38449465905256 0.260962657187628 0.350026567294335 0.383975370227203 0.549592173810419 0.393169701483391 0.479572183247822 0.63537812782011 0.321314411828074 0.0700994877270252 0.273463091670882 0.193153084613963 0.314749540942433 0.127491624978986 0.0440519267250042 0.339554545157394 0.298361667768702 0.342190984585608 0.18214103374891 0.210308356976392 0.274611392180975 0.110363213046958 -0.0252712682211154 0.0927518767333668 -0.0566792027408655 0.0220541630776616 0.0845410180253685 0.152425334412433 0.0783412029253424 0.241574397177685 0.154813355288047 0.0879917147810581 0.0363592390186466 0.506493314764275 0.541146588794463 0.277302459192987 0.229113849706448 0.584440815598268 0.816432830882499 0.516702924040499 0.499023464543846 0.263095393131163 0.2138131410409 0.335982090765005 0.212250318325702 0.0103909017215324 0.0429323690900446 0.138180170647532 0.125899303771333 0.442869246290383 0.475220215552631 0.268242471695816 0.322721247053602 0.233381875177924 0.462598939249632 0.340252713626505 0.334244715070778 0.439889111814729 0.717358015756386 0.363505613981781 0.642120023543757 0.420964340675538 0.553216099256581
