1 0.858204645399666 0.732696644668085 0.788212651115286 0.339780278784137 0.139682948251022 0.693730232063816 0.718386683776809 0.496030151539356 0.105110092865598 0.673560061918412 0.572356850378022 0.595441723148502 0.574807542326317 0.611129918363219 0.460053199125024 0.852748734640399 0.829174228577026 0.843008888638488 0.729884015139081 0.256209603285486 0.250592371157787 0.56573688760452 0.482494465071986 0.344031645443391 0.0376338977503933 0.257380134809049 0.229293579273606 0.702809022882184 0.721975808482684 0.620379641474331 0.491912641559776 0.540662156767519 0.430200250073153 0.191880529686558 0.331735514677744 0.410950651028173 0.51503050587015 0.298365873213248 0.492549167663656 0.30308193539332 0.268907370118645 0.712009619939215 0.695397508871467 0.670847977178689 0.763462881664613 0.747706657345115 0.746781074756278 0.777231783692904 0.710660961821114 0.718119767378274 0.633389143868249 0.639123999685885 0.520499537158136 0.731372391533661 0.66103179949088 0.924905051410068 0.858847216950579 0.80711988268716 0.737147024932507 0.690848062985148 0.298874614526201 0.803641746425428 0.654846994720131 0.462551349837649 0.351353037729714 0.693426644851765 0.687823687447956 0.695490401628261 0.679230891303507 -0.0142980971651013 -0.14614092833948 -0.0565152950389281 -0.099124407174748 -0.0314246358766067 0.170547643536463 0.0442600139167402 0.334306161095552 0.755131100994871 0.637676304757609 0.826250062447534 0.758968472184881 0.552828211824635 0.619391758256551 0.663228580561462 0.613050405090909 0.365708695514922 0.425671282965758 0.701893480977115 0.691152986791478
0.858204645399666 1 0.697887782969557 0.791424914760576 0.38654040954869 0.180641636222841 0.686108054718453 0.715591726171177 0.505061508314945 0.137050274919338 0.615778446317826 0.507464634605749 0.539349505062114 0.573463900682487 0.615002274834602 0.487185152088614 0.873539133013476 0.902368076206684 0.872508827624428 0.86047547542389 0.28482567988412 0.293295385253574 0.569928192947517 0.491942635903753 0.43118617847554 0.107429822589518 0.309404667243535 0.196579795795136 0.758396930014772 0.792167571716104 0.625448342045158 0.522075437946816 0.56583419247509 0.493560020683428 0.1963588489505 0.346711363548872 0.40806934827581 0.511207690911248 0.324615063366306 0.542236010415204 0.336968890883888 0.314804976076204 0.733780237488122 0.740729845467606 0.713032913647836 0.803894978639765 0.751393817951013 0.749496615778363 0.661416856238109 0.648110444115245 0.64969407907845 0.571498934110354 0.525702779112384 0.448032251370015 0.686502923459464 0.613468118890806 0.856867109431014 0.935475602131253 0.66171873106669 0.681453554961625 0.530044020109459 0.151811104277381 0.814185449086 0.718414658973044 0.416135787893308 0.293443052484743 0.70887198494132 0.73977891968914 0.839019841021224 0.810459748449872 0.0071464913652347 -0.0798143666292301 -0.0648423693269374 -0.112788662821807 -0.0809157939591464 0.167047761861639 0.0311386156350458 0.372047333320918 0.806898469972916 0.674323252523379 0.826756238303971 0.754649362211673 0.576976923332929 0.627445620070785 0.590924208523932 0.597413746953449 0.366072122010921 0.465240766924693 0.650712444007951 0.630354483719072
0.732696644668085 0.697887782969557 1 0.769481034830648 0.459140752090993 0.252938924698187 0.907326326131339 0.698754867544002 0.565881909815089 0.0894855677795929 0.539098165880879 0.315541922770891 0.617434527187338 0.462211492633701 0.598435134454715 0.489886648234615 0.694162650622183 0.713801690017997 0.790735120650661 0.632066253622249 0.227635504643461 0.304775794048479 0.802709912916004 0.566500579060155 0.579716312361593 0.216480655307305 0.322564943475781 0.28163746960114 0.6752299935255 0.654787511895884 0.744125001140761 0.618031659150438 0.584679842239884 0.454569837494106 0.456550224459874 0.479168788723975 0.447003158942148 0.592024841673133 0.401704011272603 0.582562613477933 0.331392994066412 0.235340144758804 0.723101612507865 0.71867762595534 0.738281804382623 0.747579104002299 0.758988630710376 0.775826041684234 0.665437144613136 0.625672448588772 0.710179115777351 0.628052788266851 0.562531888708317 0.539314770517976 0.738643242452329 0.673982570068749 0.707893974050125 0.723520533032532 0.669620514065178 0.647870916372053 0.723312060896747 0.228506107315726 0.728672492811872 0.584606693030825 0.664787764686831 0.467369594882045 0.837387590538602 0.761076033481418 0.642819549831526 0.62154858484813 0.0678058975777739 -0.098345551811203 0.0199624412066148 -0.0505677769623134 0.0142040644208663 0.175963539284974 0.027331367480486 0.321847621809098 0.748934618241635 0.60474481452574 0.750646835586161 0.705854406405675 0.53472683070998 0.650352960518831 0.691728440071345 0.648812301912562 0.377639920269678 0.467433154849462 0.737563374008222 0.633741596166769
0.788212651115286 0.791424914760576 0.769481034830648 1 0.361916492951861 0.252928854013112 0.720948833624225 0.879691500529062 0.504805155727281 0.233996667063518 0.526600197383229 0.560507202242172 0.503770703668468 0.708138748845275 0.571898647250405 0.594514371359747 0.793234532655625 0.812564450394621 0.794687076376299 0.753085134329794 0.274822025811087 0.32322325522195 0.692642901131392 0.752468754533834 0.453017677754213 0.187355166312645 0.346668019158384 0.247217818086851 0.755603565534777 0.815552511455147 0.763133547549299 0.721957431686557 0.614665398731511 0.548537142347812 0.251229760021467 0.422425898504597 0.439377025540373 0.499195338503746 0.322147877489026 0.528585139649619 0.329392070866235 0.231219836265488 0.677297692287934 0.672589613754145 0.69846363248669 0.779932705238808 0.71955516832918 0.705721552916934 0.652345843540873 0.59171345409376 0.609202466614571 0.565685020939538 0.440346917704599 0.421356752096593 0.622164888563692 0.584820617695812 0.733388472254987 0.762473597845571 0.626937640236819 0.644187308631339 0.540162950946246 0.363104097600915 0.744590568125255 0.706450782736313 0.473959469534581 0.500510519989321 0.751897036539822 0.797045657897225 0.752382877385404 0.726086630095451 0.132402865464485 -0.00697308828448438 -0.0566102987504596 -0.0795992741694829 -8.59411125474856e-05 0.159916804796899 0.0894509491039924 0.385357526768396 0.814121854710196 0.717824888191072 0.800518775462387 0.785173801359167 0.493904907093639 0.678344200346337 0.652519689875169 0.718399719490025 0.302260477784085 0.439505555014449 0.709829879148373 0.695137743389251
0.339780278784137 0.38654040954869 0.459140752090993 0.361916492951861 1 0.513428197086761 0.557138133705914 0.356675248907185 0.663146875604978 0.242692805720161 0.345927971229566 0.072060131145733 0.353395687532409 0.290495515202871 0.435325853690699 0.394128285293012 0.399843292920344 0.40055348652996 0.42830410230935 0.454532430875779 0.270742871157622 0.177308059862936 0.366600176823038 0.146563338814795 0.388388497430359 0.319478009420044 0.129405819264137 0.0246430625744216 0.429577544227315 0.447436203788444 0.350825565345808 0.32303900418714 0.405645172139939 0.389721019491917 0.265052649513772 0.352186898778942 0.202766721605915 0.345021134291782 0.241507205958077 0.323149406960715 -0.0051130762469944 0.312778402741792 0.340715713667994 0.361336457095911 0.363947290361469 0.339293911634829 0.344886147050188 0.391662813103139 0.202036907527868 0.156247724982279 0.280219393830182 0.18509059567162 0.20159787107639 0.220351464032041 0.366857563745837 0.261627320209801 0.330025390088251 0.365347874455313 0.17898519581683 0.144648164893012 0.405480826164358 0.088177828015174 0.374299734049969 0.420798992427645 0.281964687859758 0.173579151822639 0.401771989361657 0.384957065916738 0.470472544756642 0.48151524232794 0.0106593437973446 0.0283198540576388 -0.046866687337249 -0.0764339735998157 -0.157609124456898 -0.0329425971800802 0.0176435065077918 0.136195878563651 0.346985231537771 0.405073920410295 0.317263354844488 0.299740825607834 0.268739494555057 0.296152166021754 0.228651352529736 0.216381852612996 0.352150179407573 0.311744635204114 0.329233765176478 0.219301729146927
0.139682948251022 0.180641636222841 0.252938924698187 0.252928854013112 0.513428197086761 1 0.34623847366986 0.184235544261386 0.362913483460425 0.404985416132984 0.256992730957471 -0.148892512214712 0.249491282408829 0.223339655195783 0.348879645382729 0.552555035680961 0.15192366166878 0.192186820253024 0.306128884821091 0.278452053179242 0.355649022641871 0.138876658092249 0.318792752940358 0.239795191568475 0.354058988129704 0.344989505554643 0.114181096349651 0.143194165992172 0.141596846396644 0.252597888567866 0.165228344049969 0.256349560312372 0.161937193943828 0.144361363864624 0.196766003257017 0.351688728142798 0.126475872267134 0.159073296290892 0.147625234647312 0.134291555946589 -0.0179567104938499 0.159429243060812 0.202040069749425 0.215824854114895 0.237885978825913 0.214016576837153 0.172361399474767 0.191749293149809 0.0225621545856523 -0.0363941506269302 0.089856789543223 0.0256982578078054 0.00164946506704645 -0.0112413574284524 0.149359598250728 0.0880674322340102 0.168580350015196 0.182306542532577 -0.0458390088748894 0.00101744080500734 0.0621388995004973 -0.00352716342301689 0.19566657589696 0.1560234349544 0.254873218486238 0.181570432923109 0.263805374397947 0.222518025855509 0.328287638481229 0.277866936726238 0.0822785065329407 0.0696468595355447 0.23429112636387 0.110510189351294 0.102621554842455 0.18397063062553 -0.229855189869541 -0.0803797566447164 0.189673691536492 0.320702034780006 0.115169143443815 0.216330339388537 0.0489346828328295 0.164117677986289 0.116023096243114 0.175099974428522 0.377588949153009 0.400656184016272 0.171171867621347 0.0477214930668133
0.693730232063816 0.686108054718453 0.907326326131339 0.720948833624225 0.557138133705914 0.34623847366986 1 0.694163231279226 0.647371731257402 0.155815699844098 0.62481919028604 0.288080446526772 0.72320970239669 0.471097313181294 0.655054739657427 0.513607020456793 0.694101253401037 0.703295817894074 0.776218061633675 0.615505487101388 0.317269085731834 0.323895916258659 0.75613874197077 0.506837549062552 0.556244228711245 0.23277291260852 0.262664957609038 0.291926713816039 0.6949392537508 0.660655711281178 0.657150916031328 0.574208662949287 0.512529768633382 0.414403000205268 0.394931199596824 0.462400948129078 0.520169937350962 0.580737982657351 0.38272204329731 0.578478722185006 0.333595730785148 0.260727598034059 0.72088740551033 0.721373447502768 0.70919272802145 0.713116739758684 0.720626587598165 0.734899512819151 0.581538312575165 0.562674414356302 0.680880070044121 0.589543903457145 0.49201139983855 0.473322089236828 0.6672115015712 0.600722371373883 0.688803134271692 0.702667923509477 0.547274972316559 0.544241186133883 0.715301391075488 0.183454402578832 0.739654616206461 0.571579508348955 0.637526493971371 0.453940787867957 0.790115838838553 0.724047041279832 0.622261743811096 0.592945458123438 0.07073932964928 -0.0921097915644952 0.10327662754398 0.0127377294371691 0.0793145142400104 0.249264821652372 -0.0189010394754072 0.256537919038373 0.689975632001733 0.585877066654714 0.686818617705431 0.662906161825087 0.462370090210065 0.606300633082661 0.642008725037101 0.599040736786105 0.401960578805574 0.469856244777062 0.649001452296729 0.513135266043523
0.718386683776809 0.715591726171177 0.698754867544002 0.879691500529062 0.356675248907185 0.184235544261386 0.694163231279226 1 0.502643829379384 0.310290448172625 0.372017530126143 0.638029297590103 0.366648551975732 0.71105895647896 0.398431782160327 0.501046617264776 0.751149563772124 0.80115736795867 0.628091000068159 0.69654013363792 0.193474533183907 0.346666410828557 0.532514094622263 0.672074610343211 0.427266171662916 0.243539952451366 0.362371268002974 0.174046282831903 0.767342047108486 0.805944389569075 0.745867689828367 0.69968178858027 0.670697218870656 0.645065145052685 0.215774806183332 0.429756070137 0.401336120614493 0.485519623427369 0.35120187494503 0.527568084538771 0.274476033538343 0.275257360555394 0.599836800529295 0.592568293614552 0.62259272513596 0.673572308769287 0.618139979190784 0.630925708178203 0.618336499939172 0.529816587793062 0.574845745883363 0.56625139712424 0.420261286166888 0.402578473755802 0.60386595297127 0.563431517357602 0.6312381576631 0.701747321836914 0.650187646870536 0.66369987719598 0.616986414619089 0.561064787690176 0.660040161226512 0.795156417160734 0.315427176191966 0.596201438101635 0.710447029630526 0.784588573961765 0.658374637450792 0.671320273413863 0.0977434840270096 -0.0141893117801849 -0.127236733917397 -0.0981829145152527 -0.0307111038456452 0.0727051412767938 0.242729969648579 0.483189375003668 0.732976646225372 0.617115758380833 0.700400148237646 0.630770788269244 0.41674937540447 0.612368031459796 0.499811246972776 0.626294642629877 0.203329601558175 0.27135276249561 0.639894777570863 0.669857858488721
0.496030151539356 0.505061508314945 0.565881909815089 0.504805155727281 0.663146875604978 0.362913483460425 0.647371731257402 0.502643829379384 1 0.556018407447201 0.554038740862905 0.156371293875773 0.553864612201808 0.406661802034663 0.677697545329453 0.500014756688369 0.523636199618805 0.520844594798203 0.555857862540648 0.504291440340575 0.321276814494171 0.318698880847451 0.437610373495748 0.255422648395728 0.392886682592098 0.125028431045356 0.280958573344708 0.0709341662004229 0.507424445935927 0.555584918684687 0.446950800346601 0.433346525997303 0.387259878143551 0.325718421902117 0.149073264305411 0.214039712323765 0.245965097265511 0.305663896834725 0.237606978787797 0.413455398843689 0.100487702954809 0.216481197611768 0.504150594399024 0.506195573947218 0.445758389670866 0.482278876077045 0.450664676442652 0.508154445410747 0.320055999368811 0.325787717090469 0.385966089220163 0.278917312060001 0.29336276523205 0.332810020501185 0.41907868083437 0.323751826084874 0.487756416686663 0.518522804228198 0.311564106945338 0.293703124030361 0.586328874758332 0.20773204264262 0.544878827034173 0.492540775140771 0.362719316190013 0.168181915199286 0.437883297203735 0.427478000169135 0.525598202087399 0.480077783696317 -0.138674673072877 -0.136629491650526 -0.176070948860398 -0.189981574641131 -0.158077056501366 0.0310782799143296 -0.0444320768645092 0.229370425168469 0.436630639208961 0.412090091816643 0.428676620398405 0.388616316558527 0.262722399265464 0.367874759424582 0.378450241055953 0.279258064585299 0.393321478626714 0.296362461378166 0.474247026650163 0.315241136931294
0.105110092865598 0.137050274919338 0.0894855677795929 0.233996667063518 0.242692805720161 0.404985416132984 0.155815699844098 0.310290448172625 0.556018407447201 1 0.226692560726056 -0.0433126710848301 0.113910838374816 0.284445891621949 0.265947592738244 0.386756599213283 0.0630233903598922 0.127375125778032 0.125452673055551 0.149757536016791 0.340484784548056 0.202375345528837 0.0193528881881811 0.111145380018294 0.112245319745295 0.0215814670429814 0.22779609732388 -0.0637080901676132 0.090742453451141 0.234322897268616 0.0501949092366063 0.189503574859677 0.00825414695590744 0.0333030958119974 -0.194266996850693 -0.00562576970625785 -0.000298608936080634 -0.0834928934810601 0.0492962087366509 0.10305945799752 -0.0844356766960981 0.00210998242842134 0.131098075531442 0.114957386506586 0.0339885750610933 0.132208571515627 0.0189065369127568 0.0837811818158817 -0.00868055291258597 -0.0503896932114815 -0.000962513847259422 -0.0901539928060979 -0.017281330853598 -0.0884839306483277 0.00789044026991753 -0.0741430134305791 0.105210144927006 0.140701505945361 0.00836718668266437 0.0171875136518624 0.155383232838848 0.292805558118478 0.112834178481423 0.191819619186377 -0.0574097424958887 0.0723094661626181 0.0262632777894894 0.067938218012084 0.176775209776129 0.11069446622566 -0.204574297376449 -0.166260654244022 -0.140002818241304 -0.105114685633808 -0.0945245211549088 -0.0493140899021476 -0.168330521378235 -0.0669943875128786 0.0152128982362183 0.0932987027527638 -0.0114739341430061 0.028941803048977 -0.0742412118949092 0.0124236589485807 -0.0606528840306737 -0.037334887603795 0.22807062666418 0.0949471500780544 0.0359058440335888 -0.00820474568076256
0.673560061918412 0.615778446317826 0.539098165880879 0.526600197383229 0.345927971229566 0.256992730957471 0.62481919028604 0.372017530126143 0.554038740862905 0.226692560726056 1 0.313239742532783 0.789667398319159 0.428295679878115 0.75604198358066 0.424123437177739 0.569362809104209 0.548073511480393 0.725463946232667 0.44426524983969 0.398035934099148 0.279198783971384 0.518980284210813 0.299859631213644 0.173329519171124 -0.106393244109756 0.119081778045221 0.227733860766345 0.460826689390641 0.495062461005159 0.302190688056605 0.241807665512598 0.122027095670437 0.0188321039120138 0.0384923845295725 0.10700648649722 0.299589246349359 0.315822726452812 0.131306229691625 0.311127846364556 0.338223867240987 0.206090616895766 0.600757497067025 0.594114893355761 0.482582857190473 0.58181572334679 0.561038553972119 0.570383283776779 0.463856209493302 0.51864031819247 0.515604710341827 0.404574566281723 0.493638017728711 0.382633390481477 0.436043458769194 0.394665544548847 0.717227001948655 0.619072245641507 0.373317497049688 0.368841229181645 0.511623109084611 -0.0193622526411985 0.692551050155927 0.308511635111229 0.464393231683297 0.0490299530770368 0.392549725099282 0.373942641228948 0.458620472208354 0.423062512825151 -0.0640185298356139 -0.153895846408424 0.133641446797991 0.00230336012535195 0.0852713752272867 0.250979430563017 -0.25046921230077 -0.0520636067533958 0.478602405580219 0.517589707085714 0.588283328397202 0.567149245613611 0.316422848858402 0.400933679971778 0.521322301456212 0.366855776901603 0.378377076229652 0.442899116153171 0.466764041070453 0.324791967117264
0.572356850378022 0.507464634605749 0.315541922770891 0.560507202242172 0.072060131145733 -0.148892512214712 0.288080446526772 0.638029297590103 0.156371293875773 -0.0433126710848301 0.313239742532783 1 0.242125496113008 0.627693669836259 0.250903299185941 0.286959661207084 0.573827938139848 0.590790869102255 0.383068403004856 0.441114046787019 0.0581300647100556 0.211654070758515 0.292030969584763 0.450753707036611 0.146584165217251 0.0281762158588452 0.222289327672573 0.155959386882462 0.554320190858346 0.600570134006765 0.506217004856025 0.44341407569835 0.402361135746227 0.410289852998465 0.0592995778745839 0.132712953673601 0.282532276187381 0.276041585332805 0.134161022456067 0.340321103805586 0.347282344425837 0.164924643128094 0.352750060620147 0.32035480211564 0.330907554553925 0.395794187455092 0.355818211447427 0.344315902389159 0.474932006169605 0.445588094366225 0.347834816927375 0.431505792054046 0.303348789301695 0.315166926517819 0.356684845670666 0.456148197522051 0.465474146858917 0.450213293261921 0.487083730371736 0.493803097051225 0.378299505554897 0.433122023813953 0.495804885624322 0.587545836146216 0.12583456439737 0.306013543702017 0.303893445521878 0.398573961692452 0.355645279952195 0.381369166251202 0.237158389726565 0.111056128021589 -0.0175013487195229 0.0599794689590748 0.0253933650183598 0.115550567383405 0.32688385655604 0.366485805067881 0.470480800896323 0.433981529642734 0.509370330735523 0.487170982114826 0.305756319730429 0.422133282253593 0.351430078434979 0.436307064532202 0.0264624379630513 0.0930714069730632 0.408968851681582 0.573219896623681
0.595441723148502 0.539349505062114 0.617434527187338 0.503770703668468 0.353395687532409 0.249491282408829 0.72320970239669 0.366648551975732 0.553864612201808 0.113910838374816 0.789667398319159 0.242125496113008 1 0.497911096600556 0.833337285977978 0.508547562338749 0.523807995737215 0.499212849373434 0.680238113488921 0.377609656490909 0.360770360754647 0.208056483702939 0.697333987607838 0.400922277345562 0.345837055148322 0.0358623845779982 0.261916814627601 0.319189277927487 0.416522728636332 0.428528901885169 0.343611950606651 0.257566739059117 0.136795379192865 0.0122459250330936 0.214801414994775 0.161049875870149 0.346672117721745 0.370758977172328 0.175222753444112 0.37537044404814 0.32012769269491 0.126266472276148 0.666687598280135 0.655274181504888 0.598097839006249 0.639018520736235 0.621803725845798 0.637621015698536 0.49924989167756 0.578820827769022 0.637369177207639 0.561884026824404 0.503382794722662 0.446281304671646 0.538803014404981 0.511712943261061 0.619659284730858 0.557026155002997 0.364145460778238 0.385982840306272 0.520392135736823 -0.0545007260703838 0.659589887036506 0.262700985412152 0.644397758090791 0.238193269410418 0.531090462976832 0.464015026030289 0.412086407748482 0.374145827913247 -0.0350582872794275 -0.115745467169507 0.17441450533497 0.0666828148028545 0.197152362061031 0.368868849842518 -0.218092327376521 0.00805462384219898 0.489889799756973 0.478024424644691 0.602213991214187 0.620684597595275 0.399683483077718 0.460676303305053 0.701558522355589 0.502524178698211 0.449581080296404 0.518870952412183 0.561797499771712 0.326750731175542
0.574807542326317 0.573463900682487 0.462211492633701 0.708138748845275 0.290495515202871 0.223339655195783 0.471097313181294 0.71105895647896 0.406661802034663 0.284445891621949 0.428295679878115 0.627693669836259 0.497911096600556 1 0.480957499579443 0.653881078158186 0.593927939202716 0.595583206389031 0.533690483733451 0.532332577551755 0.265363031620381 0.211822953779818 0.476883893883335 0.602518938157313 0.367463854031264 0.26220067356676 0.358942721280402 0.160983512772371 0.538803597667809 0.672773315880573 0.525689886010953 0.515969045791879 0.419151091510516 0.404665515595704 0.13835708151535 0.249030857319487 0.333439266089259 0.34553122519521 0.243223808723103 0.382768500668178 0.189437072584402 0.224570633153786 0.519926725063843 0.523762342833945 0.513323106658784 0.572195004628793 0.473328608119868 0.521110738076087 0.489195637633473 0.470183857164803 0.50131123987676 0.518638956069448 0.384635561343268 0.405098461777453 0.490346636648998 0.493588061696146 0.486141326646605 0.512992285781977 0.44680889500503 0.480875210862408 0.397246695087663 0.34435112464364 0.522385342602787 0.556397105922206 0.290888406768427 0.499687352500905 0.517293684473696 0.566885474816883 0.539476360618863 0.53644412004179 0.119069733659952 0.07169844795487 -0.0187195349951099 0.0116315955851021 0.0364310794097156 0.22066722581087 0.186180520926639 0.231510184310955 0.552317168355809 0.534624342309446 0.571642456140236 0.627460740205254 0.427478608413481 0.509300704573854 0.502325789486146 0.651154246206809 0.254693625842576 0.422460377268402 0.586827928749381 0.607851342427366
0.611129918363219 0.615002274834602 0.598435134454715 0.571898647250405 0.435325853690699 0.348879645382729 0.655054739657427 0.398431782160327 0.677697545329453 0.265947592738244 0.75604198358066 0.250903299185941 0.833337285977978 0.480957499579443 1 0.644805645033611 0.595843467831623 0.578396453878246 0.71632578567541 0.50868468296409 0.432971670127604 0.259026869578621 0.724714051573059 0.496322915834917 0.474773761245966 0.125950009824105 0.300886982601004 0.348894276633801 0.470920622078028 0.556428970001129 0.407486556821532 0.338172537118582 0.236322627850831 0.11213940842159 0.235487037617771 0.256880178140661 0.3360922687784 0.314714156509816 0.252749261679364 0.411130243702372 0.28003467512629 0.193377812416105 0.672670563518891 0.665013104294286 0.611733843024821 0.664427912232458 0.636712211133228 0.651783047938899 0.468077873075507 0.518708274979192 0.557079942552734 0.471443117459339 0.42806941699121 0.404641480221372 0.518299116577272 0.483202741305113 0.664588063647235 0.632135039410598 0.326232669805433 0.362658392022106 0.441588828192016 -0.0774995537574874 0.702240136970485 0.371340223545849 0.663732075901726 0.158652500856727 0.511700122878867 0.492969175754661 0.550497854575482 0.500533435331152 -0.0519648164175361 -0.0246955973864551 0.129575807828493 -0.000124406833103527 0.115732517627153 0.301534395525878 -0.241559002429235 0.0296509979279085 0.531489586074961 0.543488799623424 0.627485841530621 0.656442503974303 0.442421210956435 0.530773926410041 0.690093487028627 0.498063657660205 0.582642021407557 0.593069339012541 0.581191993220232 0.411461042641535
0.460053199125024 0.487185152088614 0.489886648234615 0.594514371359747 0.394128285293012 0.552555035680961 0.513607020456793 0.501046617264776 0.500014756688369 0.386756599213283 0.424123437177739 0.286959661207084 0.508547562338749 0.653881078158186 0.644805645033611 1 0.524400911719621 0.526191041930868 0.531523375751912 0.467663923547119 0.284297674400038 0.280044050701496 0.529030848941833 0.56059820127323 0.562662556591211 0.300914574320016 0.349451325236432 0.201177874120887 0.423123455072666 0.594132899384119 0.399305102463331 0.438878480616295 0.319911306900185 0.256804770564531 0.290364249172808 0.339204810709325 0.30258942094371 0.318782989901812 0.259070803520825 0.405281307837434 0.124080645161182 0.186817369336914 0.533856621107683 0.554755080367579 0.489976347842144 0.4974546679008 0.482606056927483 0.486695169788832 0.330969887926759 0.28648783399441 0.378446781378012 0.345742769703577 0.261387235623473 0.291574677997214 0.38950227717231 0.391700003579415 0.464678147281256 0.486288310651553 0.288016389271635 0.320884163372208 0.25291408700973 0.154525327568045 0.486364276791548 0.421843379364871 0.404322775816266 0.409846466424801 0.487248579837982 0.458372974437109 0.532850501046136 0.466387296392086 -0.0484247582632873 0.056358172389928 0.117413602933603 0.117381702610971 0.180992446305057 0.334034767606923 -0.15100793881798 0.0560872799696774 0.475483008177396 0.472130389174253 0.457390663151755 0.556880018100661 0.367225862162414 0.480682148557213 0.443412422549139 0.547689996002675 0.438965498271321 0.627760184086041 0.471912863667773 0.469994320667656
0.852748734640399 0.873539133013476 0.694162650622183 0.793234532655625 0.399843292920344 0.15192366166878 0.694101253401037 0.751149563772124 0.523636199618805 0.0630233903598922 0.569362809104209 0.573827938139848 0.523807995737215 0.593927939202716 0.595843467831623 0.524400911719621 1 0.917580269616415 0.811687357445619 0.823884801624359 0.168227046722242 0.341602680414199 0.567215254051163 0.570412214150991 0.445759411748629 0.175997581750973 0.295342961163195 0.212786705396579 0.829464655697541 0.829445581848393 0.688285049043827 0.558103605337671 0.676728535611149 0.594689182510872 0.243198838201467 0.409970397108275 0.460343297985857 0.541735030498778 0.369832644670843 0.605545466311148 0.338695136708847 0.338196877407428 0.727607935138787 0.730012710344831 0.704847368902216 0.761689422740457 0.757587782556328 0.737193601600667 0.664208215282776 0.633060513150897 0.667333899958367 0.612486682318296 0.529832872244686 0.510150137443061 0.683068271508768 0.662177998157938 0.842551455805253 0.86428128021191 0.653903275151957 0.662663253888207 0.569100317131532 0.218304967749293 0.852097787756569 0.768222021261249 0.427629899055972 0.36020432971544 0.739740913154607 0.781255269927797 0.818675624337335 0.825560219340154 0.00968345584640481 -0.0741815147962305 -0.102436211282335 -0.0945691548725251 0.00202599041917282 0.225090746856919 0.136065302151761 0.450067279115305 0.872827072181599 0.712172479369046 0.860787481317076 0.750881820113201 0.568846074607972 0.643431572634919 0.602682110384164 0.646882323948853 0.326555323093587 0.391997764502564 0.681931830290659 0.685815802692253
0.829174228577026 0.902368076206684 0.713801690017997 0.812564450394621 0.40055348652996 0.192186820253024 0.703295817894074 0.80115736795867 0.520844594798203 0.127375125778032 0.548073511480393 0.590790869102255 0.499212849373434 0.595583206389031 0.578396453878246 0.526191041930868 0.917580269616415 1 0.811330682314549 0.85124329260751 0.206331371244103 0.360586620728921 0.604809496749147 0.593952116526859 0.523300356508026 0.25149695240824 0.396915220466216 0.229858850152429 0.809291093053151 0.885329890369369 0.710698412031695 0.609255401280719 0.695195521651759 0.63684046573238 0.344853708436172 0.447916040261007 0.467992576483831 0.580237687951642 0.426908954327437 0.660591923707818 0.309441119082005 0.388476256804773 0.691254830047463 0.703014747278663 0.69131376505788 0.74222402822272 0.727679226607499 0.721719548201312 0.636167675836461 0.592232846089696 0.655448165068469 0.60400071600245 0.528165973588744 0.515763307076314 0.693349156016251 0.65241287767675 0.825605920499534 0.90493876649001 0.646077119704679 0.65628566132621 0.587312841917447 0.272612270728061 0.825742985665694 0.838694566839734 0.459082915701495 0.434120375115145 0.741123909831825 0.805008990272735 0.812036669828822 0.83954599460227 0.0464237863318529 -0.0261894344116754 -0.115660907825189 -0.055744151530335 -0.0315049527684475 0.126167434916724 0.179648372473566 0.469851360994915 0.864523943864304 0.76734939996486 0.870460996122361 0.77194804056471 0.596704132909977 0.696686846028489 0.605391663763352 0.660419460776771 0.345722778415888 0.408482748604636 0.71106948783239 0.679928150733518
0.843008888638488 0.872508827624428 0.790735120650661 0.794687076376299 0.42830410230935 0.306128884821091 0.776218061633675 0.628091000068159 0.555857862540648 0.125452673055551 0.725463946232667 0.383068403004856 0.680238113488921 0.533690483733451 0.71632578567541 0.531523375751912 0.811687357445619 0.811330682314549 1 0.808533616150119 0.363123042957987 0.33079750497243 0.725857134141368 0.498230067983658 0.46977148839478 0.0982189756075095 0.277408002939889 0.25077947325915 0.6980319646746 0.735611486989925 0.665335007210491 0.570252160815913 0.526825291427997 0.402454631128624 0.293951724752979 0.410872896891568 0.404049443788917 0.509280407379596 0.305537113437905 0.538065818198742 0.357019545568159 0.313838892038513 0.766280728236999 0.764807565184201 0.732505803164901 0.811605985082603 0.785103189629073 0.784933427248154 0.654913756670222 0.650944006367388 0.678551538667074 0.584820376617978 0.57779453285679 0.499376690927827 0.692027536019705 0.639105529566699 0.841541701681615 0.844552042919746 0.618048103386841 0.611717233014168 0.557018880738213 0.0718790526904138 0.834649146157957 0.600678038172989 0.586312855370754 0.260319501984578 0.755685487889544 0.72405821622948 0.822398353185182 0.748577531439955 0.0628607251359637 -0.103267986641701 -0.0126582748058937 -0.114147747972388 -0.0328137133790967 0.225096733024282 -0.0860355737515708 0.279647071813782 0.801475018884087 0.69328053859668 0.835440957733908 0.801032479852473 0.53637987509113 0.631358968263396 0.683190963326207 0.605117940682064 0.458244793592772 0.523462518620833 0.71467820131519 0.599118398286548
0.729884015139081 0.86047547542389 0.632066253622249 0.753085134329794 0.454532430875779 0.278452053179242 0.615505487101388 0.69654013363792 0.504291440340575 0.149757536016791 0.44426524983969 0.441114046787019 0.377609656490909 0.532332577551755 0.50868468296409 0.467663923547119 0.823884801624359 0.85124329260751 0.808533616150119 1 0.272981225722621 0.34116074052538 0.527378904114419 0.500526173217816 0.454703753121728 0.149734397131822 0.297356871178792 0.084269520470468 0.799682637525403 0.815808273498521 0.704665555028157 0.676196377689886 0.753700584977308 0.704567306171757 0.248829993578677 0.498712490280282 0.443142201407294 0.470981563659327 0.356649493653286 0.542966142488515 0.262891264620353 0.395001128480487 0.570360486662199 0.588590296318006 0.623416525360195 0.678766870056527 0.618227847043475 0.631627953785693 0.52051874606222 0.439542920025967 0.468470640941145 0.420533646343771 0.35422568284455 0.319724852498541 0.595256805700649 0.490308082384405 0.665484643164184 0.769840408826339 0.557349701175297 0.592763296494228 0.406253025083443 0.0987502417861708 0.745035503333038 0.792715128158992 0.325470996223096 0.243637643167567 0.722026293675735 0.768009885932006 0.908901323458701 0.905235276732981 0.071828761800279 0.100071138840525 -0.136283951057799 -0.122970802059927 -0.189370040026539 0.117591884289684 0.184243305836807 0.493865018897418 0.762580145952243 0.63757434780476 0.756098641720144 0.667978773376015 0.547496990293538 0.530952943298069 0.480669810135837 0.54851359167029 0.339845835582286 0.411101292207515 0.650413304478523 0.568005427246471
0.256209603285486 0.28482567988412 0.227635504643461 0.274822025811087 0.270742871157622 0.355649022641871 0.317269085731834 0.193474533183907 0.321276814494171 0.340484784548056 0.398035934099148 0.0581300647100556 0.360770360754647 0.265363031620381 0.432971670127604 0.284297674400038 0.168227046722242 0.206331371244103 0.363123042957987 0.272981225722621 1 0.0638192256166293 0.382898110435289 0.228664373913793 0.183231178471564 -0.0733306155429406 0.0946514629260069 0.0849836219900127 0.14535097864645 0.320212304613248 0.180850195556931 0.243267320641784 0.00715856133032858 -0.0488505368326752 0.0188717055858073 0.173175800388596 0.176283131535143 0.0486524471889981 0.0571697835070262 0.128938528619061 0.0879341402173432 -0.0686081141702619 0.239404501327308 0.240674961998167 0.215396058530256 0.306272611064766 0.250280127261269 0.262998050822251 0.209559063139482 0.209504855281225 0.203195478164598 0.115586441784416 0.219046143935103 0.0494498279879202 0.206088717833889 0.0652053279542309 0.297569337256291 0.291959154401264 0.0919091285393997 0.10041586532638 0.176178503964126 -0.0149792906610807 0.289751848795068 0.122052020807741 0.266369773244397 0.0169358059257153 0.210848341211327 0.176216922142537 0.241776785571889 0.203929897007006 0.187433259463855 0.116597136593679 0.236482125330347 0.116465862880417 -0.0311846513473583 0.207636496827096 -0.262929502974683 -0.121420630818277 0.145520922686655 0.245636756241103 0.210252275594204 0.304016021966585 0.117867693881368 0.150812112956209 0.19489865975674 0.112040830938589 0.328090947766287 0.26665802204021 0.221054897922992 0.14725710598763
0.250592371157787 0.293295385253574 0.304775794048479 0.32322325522195 0.177308059862936 0.138876658092249 0.323895916258659 0.346666410828557 0.318698880847451 0.202375345528837 0.279198783971384 0.211654070758515 0.208056483702939 0.211822953779818 0.259026869578621 0.280044050701496 0.341602680414199 0.360586620728921 0.33079750497243 0.34116074052538 0.0638192256166293 1 0.292826999288328 0.284347265024989 0.250413581433979 0.148140239931774 0.230630445448975 0.24861325293164 0.382025690173183 0.392531201298167 0.334735779069195 0.282467537246903 0.315187331189228 0.27636792400386 0.149027931571174 0.205683254330991 0.31093581512684 0.273749785252026 0.20188371017344 0.393781109967572 0.208183952675625 0.330250094427218 0.274491748632592 0.291484436409202 0.22744549881249 0.243756258522922 0.22084566037921 0.263939874065151 0.107183966439205 0.143851857128777 0.202638021411337 0.164787183183465 0.197101092643164 0.273367331992782 0.204604134060158 0.24215604565652 0.24361286590513 0.276667423799109 0.155374910712985 0.150415282681625 0.198597889192916 0.0570456636291359 0.380536382406201 0.384461783816491 0.186715154065484 0.0819707137348894 0.241520691652268 0.296540126074761 0.327038375544988 0.276619073121774 0.0449592897874786 -0.00655040699226554 -0.087041259492824 -0.0219230992173914 0.0282742820751939 0.0921192381730942 0.103921634673006 0.175603271949827 0.255377413438861 0.263792907245539 0.255497248909806 0.220545586182918 0.195591181915266 0.224360386856935 0.185618357342449 0.23943406376539 0.122419557084564 0.0741171076358755 0.246741907847369 0.184470085536848
0.56573688760452 0.569928192947517 0.802709912916004 0.692642901131392 0.366600176823038 0.318792752940358 0.75613874197077 0.532514094622263 0.437610373495748 0.0193528881881811 0.518980284210813 0.292030969584763 0.697333987607838 0.476883893883335 0.724714051573059 0.529030848941833 0.567215254051163 0.604809496749147 0.725857134141368 0.527378904114419 0.382898110435289 0.292826999288328 1 0.74586350672921 0.643239629541544 0.287294082235451 0.410615718788107 0.46008019923479 0.545238696856339 0.61124496864356 0.685597391836888 0.583700285195554 0.454927325069431 0.318904994091161 0.568124962238656 0.511873314466777 0.463021525222226 0.483926097003925 0.3686269672837 0.506412350704486 0.347584408893529 0.18848325659349 0.644587708634456 0.62395513606492 0.6806977242792 0.683527567471566 0.675814894679045 0.65730625920909 0.498467563051108 0.545269723372059 0.634668392825716 0.579525116892285 0.468267082471155 0.50243422258932 0.635380871667738 0.62170363052898 0.590771658457988 0.604430929241753 0.37787049369653 0.413516412775025 0.484432096763145 0.00907903550146482 0.671447082268739 0.426008496849615 0.814011848248739 0.440092246056384 0.723305892081945 0.677631462437065 0.559491729367857 0.532438204697106 0.268804761087933 0.118778482435379 0.213858127709016 0.0919777795327895 0.121050548898003 0.294949010509465 -0.0273570555867298 0.176323991151092 0.653683354056242 0.624789923079545 0.700625440467189 0.739521384020633 0.527231554183295 0.663866338865457 0.800204216125296 0.676836953292126 0.498369240385007 0.536841965161078 0.704780901759613 0.531225539768474
0.482494465071986 0.491942635903753 0.566500579060155 0.752468754533834 0.146563338814795 0.239795191568475 0.506837549062552 0.672074610343211 0.255422648395728 0.111145380018294 0.299859631213644 0.450753707036611 0.400922277345562 0.602518938157313 0.496322915834917 0.56059820127323 0.570412214150991 0.593952116526859 0.498230067983658 0.500526173217816 0.228664373913793 0.284347265024989 0.74586350672921 1 0.55298646869858 0.364446230133774 0.391439910585516 0.420361950775395 0.52601215181743 0.620617966186261 0.607067652174008 0.606534818023364 0.476825532463364 0.436167194127302 0.396921439046626 0.550101237231074 0.438047389558343 0.377459313892938 0.351365241524275 0.457394719236097 0.311953213091588 0.191872904644483 0.501923177905144 0.502411022200182 0.519677478681097 0.558791737784694 0.529558507691282 0.48925130230732 0.388717756889747 0.38251779672232 0.456643487418969 0.470485533079461 0.293772188651111 0.332441524752539 0.442700648142319 0.476561279520591 0.48538590971105 0.505719795803616 0.308285613176135 0.359548097208272 0.282617133527324 0.202588794197074 0.537628905350558 0.496464287402577 0.512492561937921 0.609332377449535 0.596075313442412 0.675195400857475 0.545506981210167 0.538670772734777 0.244324995146864 0.172856019323307 0.151550250432147 0.158238031573137 0.200161983014315 0.297783710742614 0.160828179032057 0.270825590253255 0.610383170502488 0.59066816730696 0.60303209845705 0.634733861038802 0.39281378921899 0.605630118906945 0.589244804394883 0.688621446829391 0.300693182867052 0.381787127273855 0.572709635072034 0.543503083417897
