1 0.910505794343898 0.50927278977561 0.39518209373494 0.399486732272017 0.0075341313367581 0.606536951151679 0.474470114722488 0.429690003047497 0.40711773116457 0.591098905474152 0.529451244385939 0.76219137313879 0.622118094253071 0.539304407709929 0.477697463410626 0.791594665635523 0.827619894060014 0.775175747692067 0.65340460463612 0.168433436161597 0.0473269680028605 0.568146693775619 0.381004701705212 0.398807264038557 0.119022839907097 0.572835837938973 0.22069907103009 0.655962344765868 0.70936350485264 0.354082249355378 0.2695953413006 0.610586902313279 0.380362522942989 0.361448398056269 0.268834280050416 0.341921602462665 0.29154489031924 0.425491205447494 0.38123161383639 0.173209840900821 0.377272582718857 -0.0748838665500911 -0.0268805420518859 0.617091294019167 0.771995802147113 0.508031587907803 0.569939497811026 0.672187325758508 0.706775605425621 0.367409265568966 0.508085521814947 0.346638302133426 0.153152437224249 0.58161912669117 0.568243461025485 0.914746224354954 0.879654942504464 0.834035888072136 0.733553825114583 0.715995925913454 0.374179867148664 0.695876257893604 0.57001300141242 0.539084330179415 0.449782057282933 0.602016163957898 0.552479713314055 0.808175927314497 0.817811588142384 -0.181095650913418 -0.182361470440318 0.181523054356976 0.089504659189676 0.129228260872508 0.220620556753217 0.0784656266243886 -0.0113758728262165 0.620680733359185 0.527442732331431 0.835364539794727 0.833785715909589 0.500569351148007 0.7223699973467 0.878556482954865 0.743735016870724 0.428172188608737 0.65344204190167 0.739006820864924 0.604194308018612
0.910505794343898 1 0.425267024104779 0.371204044631854 0.396908349538737 0.0779936976330186 0.553418450060499 0.480571393371568 0.367176227973261 0.362452696689178 0.577251645626514 0.553579964931616 0.663609554142972 0.583427735608357 0.436364648563047 0.431254355531858 0.806220365450494 0.829844916849383 0.697350739816498 0.634769200942279 0.101381745792381 0.0239122251863561 0.47993218467565 0.324210238766947 0.333332076522052 0.111165571809248 0.546921778125004 0.231596851543603 0.620658477735582 0.729927652577529 0.346883143892094 0.268978988960084 0.599385366091419 0.432729047151183 0.337674337160773 0.255308657858059 0.272211090757118 0.215238456392182 0.405295564471621 0.435418821001745 0.142448402177719 0.371913328452305 -0.162175297130147 -0.0708945616129306 0.6016412237917 0.794202330133923 0.49111989842586 0.541645171155024 0.658208195246031 0.706080324831794 0.285794681139559 0.447742441724102 0.303378662684325 0.0703544360310754 0.561925317035031 0.556796085924081 0.912722780192423 0.925941082001125 0.801837383237516 0.790959185701442 0.694025888335507 0.412461534751362 0.701275336562414 0.581051468053035 0.450971693251538 0.454437874876323 0.586371998383241 0.564010153492856 0.808865892763307 0.854827062670003 -0.212407037910433 -0.235434382381687 0.0963742368731563 0.0851159217243489 0.188628996687958 0.245603066004865 0.0205199994491223 -0.0307735815913955 0.56895510411976 0.522274275736211 0.773394325036047 0.79379575511503 0.456081446863167 0.690689845192094 0.809770447706882 0.708668188607662 0.381325367300116 0.61617130575197 0.702595411359665 0.585976013446703
0.50927278977561 0.425267024104779 1 0.76900160438733 0.451545633136983 0.183928277980395 0.819699626222828 0.706299641692467 0.525695405105888 0.657428434109512 0.272194062840583 0.310428389788278 0.507116430746081 0.588121943745168 0.504410632183248 0.575836913509522 0.220218310253745 0.352107023630605 0.520530724132443 0.448959260134036 0.226006989033095 -0.0122807078512443 0.780936359136109 0.657868531987025 0.623295581241009 0.456598117437825 0.572845471464165 0.416674361388669 0.2817944756292 0.372406342319584 0.570002331633429 0.42163681768222 0.670750738186275 0.473402280044176 0.658224415885713 0.473106107404225 0.41527585076647 0.349303129300297 0.449750175833352 0.240733250397782 0.0935296428333698 0.203738439181122 0.379301491110027 0.435251299243609 0.54444107954733 0.516736078578941 0.567651525551195 0.56163076095795 0.547262509952084 0.566593642650868 0.566579283916316 0.641143570410921 0.545373632529738 0.474217350155474 0.615437749725609 0.558475975762852 0.431370319745063 0.425546423029765 0.551451187872208 0.467592078338841 0.543773014803936 0.495250595711006 0.30358254933058 0.293636702449013 0.766672726210142 0.705792665976547 0.69818923495191 0.549691614910522 0.346737351873642 0.377636312376827 0.221883722306711 0.260043522563427 0.109282190863001 0.156854395245486 0.0853173109334043 0.310197212310168 0.315123103143082 0.138904336098135 0.343070521255063 0.291865672975103 0.439563107000739 0.452501708098335 0.280938871205721 0.425035112622364 0.644431375226421 0.713638574611947 0.364309517745432 0.482028425791017 0.57579140360869 0.662597670819006
0.39518209373494 0.371204044631854 0.76900160438733 1 0.417749112191784 0.292781961546434 0.639765891358906 0.79575458781692 0.350910842513964 0.602238471403343 0.0302676330076542 0.227122290980167 0.237589862868969 0.495136517098083 0.223924075573309 0.578717291818441 0.178412937813431 0.364213583469059 0.461800724158775 0.481605821559598 0.270247447815399 -0.0284274453847019 0.660242773942346 0.765107114410638 0.650066751646183 0.530242673341154 0.504670203429545 0.463548937898748 0.208332148460241 0.413827882039021 0.577821827150241 0.485948136949134 0.650031770509986 0.627304139532954 0.554237840777975 0.620099862445992 0.323492632275774 0.351164869254714 0.338192165169155 0.209963630533586 0.163571927791031 0.0568309897411901 0.352503711439033 0.39143414084726 0.460083433875416 0.442732645438873 0.490007937730354 0.461208566685102 0.50822485333433 0.491395342918831 0.50866805787841 0.579148947633542 0.516435990163504 0.474083495780711 0.559963794197173 0.494388958896463 0.402715231204888 0.415826874737959 0.459639790722366 0.479808660399806 0.351121054071776 0.45561006683705 0.193734411442868 0.208126690349265 0.574272054050092 0.758111854259949 0.611555044888958 0.594417052560364 0.378013464086082 0.277956920063724 0.245514789043392 0.366998900540827 0.08671202234092 0.249669251992971 0.0163430638675074 0.279773619590115 0.254200186254199 0.152204716671344 0.230533601882414 0.249379070640777 0.365160954935008 0.390286211064045 0.220189522932251 0.352679322826199 0.513729826960646 0.69105419038307 0.327064644886159 0.464306361072858 0.452261368599483 0.601176351456141
0.399486732272017 0.396908349538737 0.451545633136983 0.417749112191784 1 0.176705225923511 0.637389028241805 0.54275751903432 0.555709831913677 0.50212550165934 0.31400765040299 0.318356416300593 0.443680644078843 0.403802560339204 0.379181625695695 0.392449218639368 0.23491971611513 0.349241124016201 0.416912556303482 0.266857873366176 0.318102269417092 -0.0101751630927034 0.446199495723043 0.299538142369786 0.283305626601439 0.1073070323656 0.47324816566043 0.0692391643153506 0.343603867703378 0.317230344784612 0.302427249958404 0.261946737389636 0.439576548696167 0.273851821456046 0.314935212532656 0.242897849807998 0.22204803357009 0.0233209181067002 0.263207118024779 0.0875698933023433 0.143966205680374 0.024956559749527 0.0959045372316913 0.115169572907468 0.32370736533696 0.407589057676999 0.351476688722615 0.363739470864681 0.396366264491409 0.4498502516832 0.294641258343174 0.356739859526895 0.331936078881157 0.29882955477244 0.423296041838325 0.399788327023716 0.39655152267815 0.440596795955815 0.479780338322237 0.461749739751196 0.619343881027938 0.521715565338352 0.348990875045623 0.319608809699368 0.439758172949459 0.415646310245087 0.297158261547424 0.237747786304965 0.317180562076579 0.331481729614996 0.119639427441817 0.106052120720869 0.0752864720695133 0.147188129998139 0.0371159994361161 0.339757552331937 0.154054288872123 0.0644511343145479 0.181520526246884 0.299501829873477 0.309075606236197 0.340697285660098 0.193511248827431 0.285456823999483 0.436742705042109 0.46917928364136 0.409199789045948 0.356351423113467 0.455347615828175 0.435106837070907
0.0075341313367581 0.0779936976330186 0.183928277980395 0.292781961546434 0.176705225923511 1 0.288502327314476 0.485569425655438 0.184004880182932 0.250431016229128 0.0747735413391441 0.208582172114488 0.000657798293511823 0.249567838666437 0.00671771433357015 0.273497973797895 0.0214423335137578 0.0482879003959773 0.181481883550543 0.271991930526672 -0.0192439575867337 0.330539451022188 0.11630865406711 0.175662570733857 0.233185226957699 0.448480508666933 0.0665134023043819 0.0673713201624547 0.170410811897166 0.235323501071451 0.360413259957545 0.442822087767751 0.364166326834442 0.412941057235096 0.21984586257576 0.229241904077912 0.00639560410990907 0.146225146488641 0.215260195779441 0.0162405581806123 0.0384914520412827 -0.0324002658292342 0.28270183568689 0.330895362758214 0.135309426055387 0.0725636753737688 0.182397298972515 0.130500474985583 0.161670262565168 0.151913436365527 0.141868191516198 0.164087299819954 0.233185837657052 0.221950983712636 0.0780496135166668 0.0526302899793472 0.0270674665196467 0.068537527302188 0.110047294748625 0.117739376270643 0.171761641252324 0.377234309844216 0.139536012889051 0.239151038679001 -0.0619158871094405 0.118623008749058 0.142938583750703 0.161893808348018 0.00981559412882287 -0.0416306741759924 0.348326853912532 0.441189658738853 0.125550945388546 0.282855640080584 0.0999836592084926 0.339998205309744 0.33574697570363 0.22531732932173 0.0684225112646187 -0.00490640961548931 0.0275918712321583 0.0407928019500591 -0.125095620365894 0.00259193846041047 0.0319950711727094 0.16239463178961 0.156895546887752 0.0333301051294337 0.0880606656139586 0.240931983134488
0.606536951151679 0.553418450060499 0.819699626222828 0.639765891358906 0.637389028241805 0.288502327314476 1 0.815944497847072 0.674209679220129 0.649651064022873 0.530207167318511 0.541968870149663 0.607166170865015 0.684005985865086 0.550422997488221 0.594197026069491 0.357432526175668 0.446292057024277 0.632373384660225 0.499682596391975 0.281037137624127 -0.0475914877216391 0.741992027735082 0.513604281489124 0.547496511099285 0.432690952749263 0.556895879812656 0.282604098711103 0.523425899650605 0.560397141173771 0.633169465207823 0.484369023701419 0.738005376358712 0.519030952644252 0.607459058345777 0.409624668614299 0.434035952802734 0.291346090453969 0.502043924428593 0.173157974273177 0.0859757595662925 0.172316020667758 0.372330798966018 0.421721727616197 0.612567723600152 0.621310353905556 0.546230187301315 0.573719290748044 0.64369971009685 0.646473777665767 0.585598475719164 0.649193799781275 0.575374625756403 0.445457989674894 0.636199590415568 0.55446067321835 0.504821845481929 0.526976432791128 0.659423023390039 0.579282203749348 0.780662902341397 0.68884381708006 0.503800164319746 0.497160350711443 0.616498822850779 0.578650775892417 0.623958979962365 0.524030034866649 0.384194951852875 0.417186471862705 0.226674960290155 0.241871122347574 0.17323880445159 0.239892778561152 0.0878815640948113 0.374607115106529 0.37326228551322 0.214801944257024 0.414124613407483 0.390506215024585 0.515203055157886 0.473040560637966 0.280335199405435 0.452863471029742 0.657461013543479 0.704776511031345 0.409971079693675 0.492201379445552 0.639854391659796 0.713632835502675
0.474470114722488 0.480571393371568 0.706299641692467 0.79575458781692 0.54275751903432 0.485569425655438 0.815944497847072 1 0.523295367053063 0.68665866909327 0.241705768200717 0.53695314099085 0.341418117249646 0.683584624526593 0.325033755382078 0.633528396439026 0.322560412842246 0.438785375104905 0.57390881958457 0.607966681330153 0.289397286950347 -0.0104967618194854 0.659137272952798 0.624858166155068 0.608244968111313 0.520267182917391 0.509061705909865 0.290990358665915 0.419582246612864 0.591669399608311 0.654343093413864 0.615009898654004 0.791875899985538 0.719630114336442 0.595477580229117 0.522584551943746 0.372020009354376 0.387617420239873 0.473346142540875 0.145144480170937 0.185979054026925 0.140747899178945 0.431387254581804 0.481947993443585 0.54606292153758 0.530020932687278 0.527110348338309 0.51886568630346 0.611415081779715 0.606868085779881 0.602473519238381 0.688777049342003 0.654727479249517 0.55146641036799 0.608769021303138 0.487531847455864 0.44259908585214 0.476478932401572 0.559162006998255 0.587923950320039 0.53081959078449 0.747032204004917 0.468683192522681 0.557067638368693 0.463848623950612 0.620621472759965 0.542203022621643 0.568131386198481 0.359262196851602 0.313272986896138 0.330799323341469 0.429986373848118 0.295738849733102 0.387648439919471 0.0777128551668377 0.408196907424437 0.405506742812215 0.280761572847987 0.333139661584219 0.336794168074921 0.465260276468414 0.42508291765157 0.258310279981455 0.368862348504598 0.563044210090311 0.750021736728804 0.40500060914897 0.426227227586924 0.581054004887858 0.760918908805544
0.429690003047497 0.367176227973261 0.525695405105888 0.350910842513964 0.555709831913677 0.184004880182932 0.674209679220129 0.523295367053063 1 0.705792156351892 0.404843970971013 0.343983937531923 0.550146991891224 0.554508476520728 0.586717387318869 0.437573202270719 0.248239765089284 0.234910686184055 0.477461335738687 0.327675023888808 0.185658818635696 0.011478237028803 0.510646142245053 0.411928561891215 0.390003528855092 0.21598748683823 0.540323839749262 0.237146023332757 0.311698643356455 0.285845820296141 0.272875726632215 0.234906065897727 0.417658260766927 0.227968591451536 0.258788620419083 0.220515730137411 0.322620750814684 0.255076442865453 0.286525349293384 0.0716906033204529 0.0456433372873992 0.132861377882407 0.212094722914338 0.260534899562545 0.403241952405096 0.396167569452654 0.373008461927007 0.328567760021674 0.419116531693119 0.437865667194888 0.401387744703881 0.434496078209452 0.3888208517204 0.240785332761565 0.437333563488678 0.36593244581519 0.370226474097892 0.334070006093366 0.436856996195219 0.385704187150235 0.609688089557027 0.510027847178664 0.310227093894807 0.276615632634182 0.521480186588331 0.456608765379303 0.372921045053619 0.303595503680366 0.296140140884671 0.279588022991176 0.140035498633466 0.132686570687089 0.0546341110800824 0.135738571853147 0.0134675243707102 0.311013455091102 0.115489613553919 0.118627568278757 0.220236971683681 0.231570909879965 0.375226181276249 0.340292337359329 0.259143817680652 0.328116922014141 0.504815122627899 0.485435940672759 0.214833779319332 0.296481019219828 0.488734467182633 0.480959358414632
0.40711773116457 0.362452696689178 0.657428434109512 0.602238471403343 0.50212550165934 0.250431016229128 0.649651064022873 0.68665866909327 0.705792156351892 1 0.225051807793573 0.345835594168291 0.444450945092441 0.608022796975302 0.524388241196134 0.64687197856128 0.197587445666645 0.272481449115655 0.410713962067951 0.349870087988444 0.189328632993796 0.0288583372705574 0.564850671556252 0.57334785253006 0.467916380887365 0.238412014196888 0.547348993437048 0.343767438223133 0.176070342543708 0.285056940176607 0.303004716707154 0.237387631332213 0.463678214971089 0.351794863991518 0.341039227549811 0.318960698502637 0.283365132440412 0.280059105202178 0.253637624539073 0.131173052301299 0.108709477620446 0.105098021776347 0.212733509248166 0.258103559486658 0.373305351700877 0.399336425859104 0.396059240106396 0.390241826356304 0.394361620926902 0.457389343391192 0.405740715570243 0.493237631218262 0.417618356391818 0.3108010536914 0.463328990777582 0.50384124212783 0.365073194587406 0.33565458950304 0.399864717264594 0.420943120589976 0.479493539597003 0.615937717998571 0.283939546856148 0.315714388662223 0.654040341689781 0.696869899323935 0.376514846943261 0.36355393634957 0.273968042494549 0.236485903680552 0.189046460251918 0.247662541011061 0.0382333242971567 0.111854989288046 -0.0694251398444584 0.254045903465831 0.111848283491234 0.137118496982761 0.177272728869716 0.26490821113427 0.400765183758396 0.365347106215707 0.284042995061864 0.324357192138781 0.557349346890374 0.596028364187897 0.343860481222016 0.387425304615845 0.503988308226278 0.644119989181777
0.591098905474152 0.577251645626514 0.272194062840583 0.0302676330076542 0.31400765040299 0.0747735413391441 0.530207167318511 0.241705768200717 0.404843970971013 0.225051807793573 1 0.528710417679116 0.651076957570744 0.433247543597624 0.466311200696863 0.159818183341706 0.445003160331355 0.406278488391878 0.54736531047675 0.233676499597231 0.114194452311028 0.0235407374736324 0.327343396810806 0.0380606958628661 0.0300592011806551 -0.0312901235528227 0.358575182350122 -0.0311373317902284 0.488867454696426 0.433698579314453 0.197863909134627 0.0281590878765008 0.295906920504274 0.145527283461118 0.141944973987376 0.00444785529408321 0.163864957211469 0.0705648174199104 0.244024154159698 0.10225147612639 -0.0293434706198337 0.231361638530377 -0.0723376901954183 -0.0472098155067416 0.33493975627641 0.447043870846348 0.218167145124605 0.253931137794818 0.303085590547229 0.310717050544251 0.0842056497948877 0.170744850646106 0.0435474531041019 -0.0952819340637081 0.260180846575401 0.223672026348488 0.427790632478813 0.44706397162256 0.508056570239992 0.341663203346311 0.767452984539 0.477648674033665 0.484049273407739 0.407331553787222 0.230407665312999 0.185703469140974 0.335659323838453 0.240423542989344 0.401341046864201 0.390405207717454 -0.0425426225256149 -0.166826069648386 0.11486897775951 0.025999852369808 0.0695781422232117 0.165842997274796 0.0272449388872465 -0.0209611261985634 0.445588493409306 0.272113499437238 0.40459204885811 0.379128206679853 0.173986973512335 0.369637110288715 0.423861671646334 0.269529014236201 0.164657962484604 0.316406893074012 0.413767028949036 0.277452889659129
0.529451244385939 0.553579964931616 0.310428389788278 0.227122290980167 0.318356416300593 0.208582172114488 0.541968870149663 0.53695314099085 0.343983937531923 0.345835594168291 0.528710417679116 1 0.448243225794819 0.708978104641968 0.435708275565417 0.450097738611945 0.506395237075592 0.551003101158793 0.561479287780582 0.534911848542369 0.239154663782994 -0.0510829803551395 0.446728752382165 0.253209377431043 0.247502683821526 0.17813709515413 0.333547268059053 0.047266961157066 0.651813371989112 0.729913461683126 0.462336690786541 0.423709079733595 0.513953752913649 0.48827412761485 0.327278988504823 0.274772937934785 0.29587770968975 0.157530108874563 0.398474836831635 0.0470049329494958 -0.00564607386745741 0.212123517791456 0.127882119390014 0.148165129295224 0.341929342299038 0.465564396873495 0.263053980660573 0.326110016485054 0.514228387635402 0.504785147620596 0.259147777783666 0.397643903907787 0.287090506531845 0.216819733830682 0.410696245386723 0.334234105925197 0.460261042598369 0.438636410014248 0.49533856744217 0.431945485653808 0.45959735078602 0.516556355828986 0.680761460481197 0.773005549809209 0.131286878535389 0.10343795832193 0.159695742313982 0.203084408100399 0.376360390848191 0.348502383809333 0.178953084885318 0.110724000112455 0.348578902006844 0.429677440727364 0.0768847501210745 0.28648325498408 0.256707290856217 0.194120795008567 0.500713518836091 0.485981116993748 0.511869252680065 0.391213822621747 0.264296025178376 0.438868625798631 0.419929130726248 0.46581524734072 0.438403523569471 0.417413601438466 0.478305707290496 0.592868612552278
0.76219137313879 0.663609554142972 0.507116430746081 0.237589862868969 0.443680644078843 0.000657798293511823 0.607166170865015 0.341418117249646 0.550146991891224 0.444450945092441 0.651076957570744 0.448243225794819 1 0.690020083353617 0.782097208469293 0.547423386932822 0.521593452530654 0.560444078099926 0.729481449363391 0.475373204738298 0.142821408128362 0.204921526388263 0.664234700508207 0.383337832916781 0.29335181399716 0.0528278949832886 0.537700990484248 0.176511580934989 0.53890426509543 0.500784050798846 0.207782836334 0.0933912171227828 0.435155627142171 0.196015562245259 0.21455070459064 0.128948237465225 0.209042545038343 0.153428684582621 0.337182598349514 0.234570262558487 0.0835543509993388 0.244261928364716 -0.0602718746642448 -0.0140286114437093 0.451620743957309 0.57807309202711 0.408672262933441 0.481800521252685 0.463279063797092 0.526445267334101 0.186814833360056 0.335996062199882 0.192181266135438 0.0693694777337276 0.43822734565842 0.488035996357169 0.628324365538588 0.605097124581131 0.598931178418499 0.540476585283098 0.686116212283985 0.353198499594558 0.547857251670016 0.42653536948459 0.637135740890821 0.41989977927421 0.438300572209388 0.337011663162356 0.548955220196464 0.628873741668964 -0.0690481582251702 -0.211002215690295 0.0370713839760102 -0.0319569017478295 0.151469762099267 0.142681944320201 -0.0176718859247847 -0.0492691969558305 0.486847870023281 0.374254358212908 0.599128146822967 0.641499466482412 0.395565181603199 0.59496038157776 0.753938292528934 0.553467334279841 0.439450825829545 0.592962550789999 0.634472409184972 0.443611016461339
0.622118094253071 0.583427735608357 0.588121943745168 0.495136517098083 0.403802560339204 0.249567838666437 0.684005985865086 0.683584624526593 0.554508476520728 0.608022796975302 0.433247543597624 0.708978104641968 0.690020083353617 1 0.718077863975366 0.797998596715612 0.437286604671664 0.506342422806874 0.64241429643733 0.627096419069938 0.217569108385236 0.121952501359279 0.766014764753131 0.642714291964192 0.500304417172272 0.337474143554989 0.542235271687007 0.333531584207677 0.57657989408775 0.705220291440399 0.516030303519637 0.439875712569312 0.607367484880199 0.531783110888595 0.370888447251803 0.383324291195004 0.3177806836661 0.32701933267539 0.493522232862607 0.138283776479335 0.0359921276934932 0.183590510367372 0.185351224330315 0.230239719668068 0.49519027276566 0.578835255975663 0.437797099067498 0.482764330385867 0.560960011814023 0.583823146916029 0.365656790554845 0.512673860008742 0.418737530877696 0.265637582524661 0.562437142043595 0.501533516052337 0.505612984571164 0.475911637788545 0.535049152250138 0.532882676424258 0.531364581595208 0.547014124303032 0.569402066043074 0.605573123833937 0.462848239787926 0.463906432403374 0.40344689137618 0.427867355115106 0.421485939583987 0.444948702018319 0.217499313926518 0.139207014862005 0.244695007722428 0.26529165992951 0.152705752593606 0.320256708690273 0.192274503046474 0.138232467695862 0.434574945522414 0.384197931155941 0.562541200066062 0.544390248761739 0.368641739108204 0.567892248794306 0.64251863570017 0.691165704566669 0.492103251508707 0.566526664051812 0.656500089230077 0.670831385246123
0.539304407709929 0.436364648563047 0.504410632183248 0.223924075573309 0.379181625695695 0.00671771433357015 0.550422997488221 0.325033755382078 0.586717387318869 0.524388241196134 0.466311200696863 0.435708275565417 0.782097208469293 0.718077863975366 1 0.637433187159975 0.321712765926061 0.367178023903288 0.525788068512256 0.328087218838553 0.173173381138208 0.202196426828337 0.697948293175195 0.469367360135375 0.383466629160114 0.120052761915894 0.591909463004939 0.246117568535933 0.436479557128556 0.415463649922425 0.246483855342019 0.145235388619541 0.398276945898057 0.162224523462252 0.231695474864614 0.211924616172284 0.257435755202396 0.176599175644529 0.283756822643734 0.109090938991034 -0.00365289033768092 0.213178183342211 0.115908175480951 0.134557719129692 0.395637329562898 0.453845605599382 0.362990986000026 0.414853491099212 0.392429249605445 0.421950388564374 0.202951265543566 0.274698191928894 0.223933716827581 0.114302210024347 0.415095022208991 0.412403123481804 0.420476383688269 0.372289625610305 0.412769602076478 0.355647193986882 0.505485161407498 0.316595592812426 0.398177554103415 0.369307389124116 0.53830572633189 0.343976800072992 0.311586928819642 0.25737753701059 0.306225608461512 0.361655852176054 0.103868189837966 -0.0478600835445906 0.00452811220252207 -0.000872048461069945 0.144342590658946 0.13797700943189 0.0644659758331394 0.0271231009098815 0.361958458882524 0.287308494206677 0.428704333028011 0.423185677521828 0.28239752041537 0.491486040119379 0.572813633766901 0.480822327466934 0.439412083213775 0.472517032091652 0.509573114561293 0.441930898097678
0.477697463410626 0.431254355531858 0.575836913509522 0.578717291818441 0.392449218639368 0.273497973797895 0.594197026069491 0.633528396439026 0.437573202270719 0.64687197856128 0.159818183341706 0.450097738611945 0.547423386932822 0.797998596715612 0.637433187159975 1 0.335582440671216 0.443097709687945 0.496700729442027 0.575314378885169 0.169882782769289 0.192195458203052 0.720876633922142 0.658581483644334 0.574092304479669 0.403811208333829 0.524077564102432 0.425615736749065 0.479314654270232 0.544557999034231 0.510172497010416 0.404739912888217 0.587821916565509 0.51164610500276 0.390956092228246 0.396660793698201 0.269253371509012 0.286204761717802 0.370347277414786 0.186889473722045 0.116805119343706 0.027942825817587 0.269573269452389 0.30841744453712 0.43140036415877 0.497781643344897 0.475023254872381 0.509191094562343 0.506421173123669 0.538632719640842 0.387078389330175 0.471914359914909 0.436526593895825 0.344492870393893 0.551387388864207 0.516756972495612 0.455590248045282 0.426712882927823 0.432736811897295 0.465051556941215 0.348733590027745 0.442126117709588 0.449187531527871 0.472603238222054 0.464938648599003 0.518233505516534 0.362112298189386 0.406543838522831 0.318143988998975 0.354746688480034 0.207438278904291 0.187825317473126 0.113334728287835 0.191646903578216 0.149522563054263 0.294980982781283 0.223722505491203 0.154855004250902 0.398060739830294 0.320153392080522 0.487213307047657 0.467308920460592 0.356071433117257 0.518449388715911 0.584769509728896 0.683647592030216 0.575290888233306 0.544119818431815 0.537831282909236 0.642958622232381
0.791594665635523 0.806220365450494 0.220218310253745 0.178412937813431 0.23491971611513 0.0214423335137578 0.357432526175668 0.322560412842246 0.248239765089284 0.197587445666645 0.445003160331355 0.506395237075592 0.521593452530654 0.437286604671664 0.321712765926061 0.335582440671216 1 0.855993737414633 0.586342366997747 0.600932679029943 0.0501927107994594 0.0582860498464902 0.308850451779542 0.174924076840954 0.234673968503869 0.0292419146305139 0.457166745529702 0.159426511689276 0.69739981008581 0.732468207970594 0.248946664569017 0.26822909527369 0.563995415440398 0.470751878711418 0.270094876227485 0.14876389566989 0.343775635926069 0.236110404873525 0.369676965373794 0.411779683921494 0.19020141463261 0.36335716086652 -0.0970501545304484 -0.0147716742231611 0.591279882998033 0.705252115582084 0.48998663227773 0.511590135802491 0.632470670904774 0.649069200893623 0.308531618612823 0.427383496805007 0.30649912978111 0.132063680054473 0.521315945840818 0.44940571937862 0.834363414251747 0.836643872289089 0.65558024973887 0.64002924918325 0.435778961708387 0.245121555305915 0.748529528706777 0.648153689623823 0.239605530280568 0.192026932403615 0.397729809183865 0.435967399115851 0.729716212493895 0.767045089495577 -0.219002872039843 -0.238392681381477 0.234194589393879 0.136808959235231 0.232243884881192 0.274803649656144 0.123104740955418 -0.0137280095904853 0.701274115278192 0.570219397122961 0.834142366682105 0.776471668849982 0.547500388059265 0.695311133512145 0.703803993128917 0.609282309322451 0.397319007038902 0.576689526711139 0.5739634848175 0.494442311073587
0.827619894060014 0.829844916849383 0.352107023630605 0.364213583469059 0.349241124016201 0.0482879003959773 0.446292057024277 0.438785375104905 0.234910686184055 0.272481449115655 0.406278488391878 0.551003101158793 0.560444078099926 0.506342422806874 0.367178023903288 0.443097709687945 0.855993737414633 1 0.655006998909637 0.713547593349679 0.205151005921653 -0.0180734007672337 0.45029824152949 0.309102520687202 0.314493747481321 0.143697713143894 0.481657149705079 0.203458853249815 0.751855133589624 0.778601808615774 0.394973472916026 0.377227193155068 0.64263954923614 0.506711639571939 0.432953523696127 0.270270528705039 0.324545745151306 0.190515511275449 0.405390363454855 0.350484719755671 0.154040543394164 0.349272803989926 -0.0860802494093968 -0.0365906643433794 0.548194581249498 0.704802275760442 0.459998538452752 0.543967720932171 0.66339922124964 0.698386937076095 0.327303027274036 0.50521852431274 0.341376390514972 0.242797943745941 0.572345041388932 0.519053140978205 0.882089924047505 0.884052140649311 0.736243603167774 0.727275870287142 0.477732345545162 0.25861724197865 0.737996997504946 0.657760292366023 0.33657422896724 0.292626851857085 0.44924284584749 0.462802456842951 0.782586934384964 0.768524431286288 -0.19195106389638 -0.172520793013851 0.19016493755393 0.192625512368977 0.133190904964653 0.229745411466295 0.200429998840973 0.0401983144709573 0.675436747055483 0.632432914549564 0.816477244555051 0.795105910729386 0.532170123765629 0.682768914918826 0.750327394506183 0.712988147875909 0.50673983122873 0.662055809334367 0.601507066452176 0.616177468109287
0.775175747692067 0.697350739816498 0.520530724132443 0.461800724158775 0.416912556303482 0.181481883550543 0.632373384660225 0.57390881958457 0.477461335738687 0.410713962067951 0.54736531047675 0.561479287780582 0.729481449363391 0.64241429643733 0.525788068512256 0.496700729442027 0.586342366997747 0.655006998909637 1 0.648221395348337 0.250521734740414 0.0479848469154947 0.655077062940181 0.480407037913665 0.403427735359659 0.204362723047413 0.543830469474333 0.235243159031684 0.616890258045913 0.675358994708028 0.418004917108877 0.376352310757228 0.649418251748453 0.51239841654094 0.359306215035089 0.325453769704497 0.274484699314503 0.343823300520138 0.33754438132735 0.258216815496006 0.179182102331905 0.207096755425172 0.11418054793076 0.168395146882887 0.507715146185087 0.604132139196533 0.464896626734064 0.522911452606902 0.596714874794492 0.599488697333077 0.355983524549214 0.468087471766751 0.398016433060771 0.296487257820914 0.510928989167478 0.454523165706339 0.66517651252567 0.659014477263018 0.666232534360534 0.638192403505529 0.63986012692189 0.496927443740705 0.604448773076337 0.556343544949042 0.497200534816534 0.444148394775925 0.497860809078977 0.451267425999412 0.648638309269153 0.599692294486269 0.0462965277025048 0.0253399542651994 0.218760403286706 0.209184789033421 0.179530468424493 0.304326295987633 0.14230009765694 0.0974975307835085 0.53178776852849 0.369025912746252 0.65027348443964 0.62381649956646 0.399120340646834 0.571511063665727 0.695846480098129 0.666798878505432 0.469231895229394 0.611453662231132 0.653898292546843 0.567698556284326
0.65340460463612 0.634769200942279 0.448959260134036 0.481605821559598 0.266857873366176 0.271991930526672 0.499682596391975 0.607966681330153 0.327675023888808 0.349870087988444 0.233676499597231 0.534911848542369 0.475373204738298 0.627096419069938 0.328087218838553 0.575314378885169 0.600932679029943 0.713547593349679 0.648221395348337 1 0.132848808556987 0.110456033708901 0.553482452829178 0.45471681094912 0.437921947872009 0.397357376687388 0.360395535555203 0.224299110215297 0.654318343243463 0.710097768977972 0.547959011026161 0.548212262418498 0.645432994567238 0.598418286540647 0.399303554905235 0.292501343908716 0.329739956279941 0.328264268370012 0.432726290578859 0.286619533352381 0.124791818257447 0.248371231102469 0.0984549574953175 0.166603791503176 0.484418093042077 0.582448502236121 0.433009582659178 0.462085599877745 0.620689201119057 0.628321162046747 0.3992101777701 0.540518356938628 0.443548068780369 0.346830415488896 0.486425727664211 0.469164852667658 0.649622719890874 0.637632391769846 0.605335437171969 0.620613748058589 0.32630136995013 0.305054537315889 0.662559635874829 0.645704756066046 0.360331016554201 0.338737078730986 0.423245618662664 0.454944132832772 0.636414983701476 0.565098362798347 0.0674344059800888 0.106733486827656 0.239647347333608 0.332883202340351 0.17728160877661 0.228025703173924 0.266102777837396 0.166845601820136 0.532637240632461 0.466975078469939 0.65060519743055 0.626975246901036 0.392772044682233 0.498391380475373 0.650100604074579 0.694466203692461 0.465163598579231 0.523616627587569 0.550748527924788 0.606157273676273
0.168433436161597 0.101381745792381 0.226006989033095 0.270247447815399 0.318102269417092 -0.0192439575867337 0.281037137624127 0.289397286950347 0.185658818635696 0.189328632993796 0.114194452311028 0.239154663782994 0.142821408128362 0.217569108385236 0.173173381138208 0.169882782769289 0.0501927107994594 0.205151005921653 0.250521734740414 0.132848808556987 1 -0.21189809202707 0.294356089642087 0.265620383606774 0.239547920995894 0.204727403636569 0.250347695958328 0.187399796090472 0.258959349388177 0.240117373295272 0.375568086934739 0.321330874657004 0.246378062769675 0.195665483203711 0.218951711015458 0.261677097778897 0.31295108287622 0.180261312950715 0.207845585755948 -0.0708028504215484 0.271879495335112 -0.0216051942654069 0.190638716693922 0.0870585227530311 0.113653990185279 0.0844135508953257 0.0448976830299064 0.0922069109532021 0.18305594879609 0.145604695644846 0.282926451559262 0.277740680612407 0.242687738743434 0.30212783346625 0.282521683561833 0.152391542729012 0.134428543391593 0.114694228128713 0.222239109774825 0.144117868706685 0.210207373012547 0.0850598509462112 0.035045832288259 0.0684697866005524 0.0673676166511168 0.0747246617500866 0.10116325062683 0.0802862014301016 0.0830486735739997 0.0149626334340329 0.30847058769311 0.276118355182191 0.0996210839990535 0.181353253291509 -0.203813745323247 0.0502060560475446 0.142597027263598 0.224905683703144 0.152852337340712 0.293405552906666 0.201042323214384 0.156149941866192 0.299541988075722 0.174946076472167 0.153610435572118 0.26429071233343 0.297333927570749 0.308282660572644 0.129245481093466 0.293147131464984
0.0473269680028605 0.0239122251863561 -0.0122807078512443 -0.0284274453847019 -0.0101751630927034 0.330539451022188 -0.0475914877216391 -0.0104967618194854 0.011478237028803 0.0288583372705574 0.0235407374736324 -0.0510829803551395 0.204921526388263 0.121952501359279 0.202196426828337 0.192195458203052 0.0582860498464902 -0.0180734007672337 0.0479848469154947 0.110456033708901 -0.21189809202707 1 0.0594404977537074 -0.0194018191791239 0.0136598406565406 0.0464323707517896 0.0440066715128124 0.0442299316154018 0.0109989911191658 0.0050194091042134 -0.110411136345416 -0.0256653651977345 0.0233008749579317 0.0900242552898224 -0.17006299794591 -0.0308926609543354 -0.129561920985707 0.0139742167797503 0.00418879703596901 0.238597524711948 -0.0108076857020618 0.00754616890882762 0.0401770146098078 0.0913682682928288 0.0673892788949506 0.0236916742838606 0.11903856865389 0.142147926849237 0.00694489862609556 0.00569340208003193 -0.122487120516577 -0.0710519182954704 -0.0530534257063867 -0.068395295237947 -0.0343097928464984 0.121264394894618 0.0473110473444383 0.0223056883570254 -0.0241540275409417 -0.0320575014717222 -0.0030809189832599 -0.0535091028837213 0.0948258461501197 0.0640138263178731 0.0648948491985847 0.0467492958901864 0.102432202224831 0.129823960523644 0.00764142938965825 0.111058072169703 0.110239891456448 0.0693483789221995 -0.0219543048779634 -0.0101519870277852 0.271965190510881 0.0243572699022243 -0.0270250594272742 -0.075158957967133 0.0754174909151949 -0.0422204879711741 0.0372333718180592 0.162842487790179 -0.104960924265166 0.0918902695477087 0.105599500082063 -0.00135795161413617 0.196945137975204 0.0269379999836568 0.0345267490463242 -0.090472134691803
0.568146693775619 0.47993218467565 0.780936359136109 0.660242773942346 0.446199495723043 0.11630865406711 0.741992027735082 0.659137272952798 0.510646142245053 0.564850671556252 0.327343396810806 0.446728752382165 0.664234700508207 0.766014764753131 0.697948293175195 0.720876633922142 0.308850451779542 0.45029824152949 0.655077062940181 0.553482452829178 0.294356089642087 0.0594404977537074 1 0.726158146657928 0.677782784726066 0.431152502815545 0.616795480404322 0.3878648945349 0.487398137312297 0.547015464569215 0.606142793000467 0.434404409973524 0.704955258867511 0.511730444327536 0.56578499247836 0.460355682915031 0.39180970982062 0.342063485865273 0.464903431305602 0.191651995502599 0.127695183098213 0.12982015103209 0.367634679574133 0.377488065119087 0.547227227939361 0.545644828522806 0.54065332868282 0.55021916900772 0.599547240299528 0.573654610426603 0.506122970319515 0.574934317407525 0.517439813517123 0.44956457182709 0.611826237338613 0.53522605335648 0.47259145999001 0.468859552681057 0.53620375217625 0.503529639394242 0.513245919946375 0.444265911521068 0.428395457985733 0.428229233333083 0.664896497817951 0.565198822814467 0.541870599317836 0.457780823247112 0.391864675311699 0.40566895652627 0.243431018537614 0.227685223508918 0.172524115629215 0.236234027761436 0.125350788244936 0.209245898455739 0.302204187892982 0.147534773673354 0.434632627994194 0.330444658315196 0.486577539174998 0.472383611050963 0.337245341602649 0.478300416725577 0.665859877115155 0.732263206557825 0.516341601515022 0.563979261898805 0.627026778058873 0.647875288460837
0.381004701705212 0.324210238766947 0.657868531987025 0.765107114410638 0.299538142369786 0.175662570733857 0.513604281489124 0.624858166155068 0.411928561891215 0.57334785253006 0.0380606958628661 0.253209377431043 0.383337832916781 0.642714291964192 0.469367360135375 0.658581483644334 0.174924076840954 0.309102520687202 0.480407037913665 0.45471681094912 0.265620383606774 -0.0194018191791239 0.726158146657928 1 0.645750863439982 0.45412819791156 0.485223203835131 0.490495075259481 0.203535795613028 0.414771194876751 0.430933562953828 0.427867586053687 0.514588713799573 0.502724229803799 0.405727782641395 0.579210820614091 0.314199815063632 0.397112048182188 0.266181201530347 0.139849418349228 0.13972874221913 0.0792652338887263 0.290974501414442 0.346416516952209 0.372861023544678 0.397555159068701 0.441441951176242 0.391076521360373 0.384068012347291 0.390144114664749 0.363069085230649 0.443490522851498 0.392178029159001 0.328282870214476 0.466826076602142 0.394104781277948 0.334064909168863 0.305369781708259 0.312880158794495 0.376540682616182 0.271287651062727 0.391627355076907 0.195817714108791 0.223015646849786 0.569127312063528 0.684498928603967 0.48867076746734 0.506088316752139 0.304037172806012 0.230687239700645 0.204134379176617 0.247308807671583 0.106454132134031 0.136639954219437 0.111398528292851 0.239246028501731 0.148621050542924 0.148685991930848 0.158311195966413 0.222080586857091 0.369262630089391 0.365040257447001 0.297823544968083 0.342895834022081 0.483110637648795 0.629611770611188 0.270601442973886 0.466896383310682 0.47366540182664 0.473862315042597
