1 0.876437052716994 0.53076327118405 0.651765743631167 0.246055173472447 0.386385993757778 0.661053215233188 0.649232687990985 0.323977515702869 0.387691823689377 0.745275758335546 0.847879388215127 0.628744644062332 0.668540964376917 0.436671283877124 0.583046512405701 0.848351878141407 0.831418003788654 0.7356141281312 0.833933758155781 0.0623605229081986 0.344322664514972 0.407454909567763 0.479593654828455 0.321318552997684 0.346502596938606 0.0789594401476468 0.417592970285615 0.820704397008591 0.846440391373586 0.435320729369592 0.503129090457448 0.69789284236075 0.674003237660961 0.166989204999394 0.458621525987117 0.515291858948379 0.214199737117144 0.644171396316333 0.518399905582426 0.325116387125017 0.245888876938727 0.673045418111994 0.693122031946556 0.616515646148517 0.653160425805737 0.734150911046405 0.765822124809063 0.653164200756006 0.517803904849984 0.577652850855822 0.593079839692071 0.375819294474664 0.370915265500573 0.731910650401246 0.724753104185393 0.92207528871895 0.871771441168187 0.878639505090629 0.80861553413954 0.816331052092533 0.588587764775634 0.857201542612697 0.769434360062883 0.322550366699107 0.450031239161249 0.676429159276506 0.661917678655011 0.737920329646827 0.833206130133046 0.33916031857637 0.361153881316896 0.267756978408724 0.446100583035138 0.0966329826471479 0.318576364901719 0.423012606296198 0.514064405917107 0.65010148147857 0.662126160385529 0.849535952870384 0.810921353329201 0.537066259688 0.696492847205019 0.656818065248682 0.742077853542606 0.521005184333266 0.506682137449445 0.572400145383663 0.736652772166042
0.876437052716994 1 0.48002415136326 0.633786850333639 0.198353946094383 0.367128566708583 0.56474984491175 0.594840591164166 0.260426929649089 0.344878170177574 0.682944337699779 0.812517947661997 0.528522505868406 0.625082213663465 0.407619747619269 0.510389251525585 0.788124205297669 0.868875019741498 0.712497181990199 0.857731359808784 -0.00113774005808189 0.356481882362771 0.392385211590891 0.507910955490143 0.314565838224246 0.330027764820738 -0.049524534361254 0.385102263820014 0.733663081207771 0.814795470530503 0.432410434127568 0.415038482251029 0.681341617362734 0.683165690598131 0.182344624816921 0.494344178243895 0.495608976869056 0.221961354688295 0.61602373640095 0.53356767606662 0.34684444048244 0.23930366302056 0.671663534756035 0.706877389701195 0.650256544654808 0.683432948305526 0.74034587888058 0.764631989970253 0.685926311242056 0.530229960812303 0.58057727721322 0.632522642054522 0.325536221080322 0.389834503443693 0.733440949914195 0.730242665071472 0.889303543190722 0.948125578021475 0.776155341547865 0.787782087209412 0.624442178437807 0.496139513642473 0.710888014035628 0.689918993337101 0.214629034605053 0.414370414808793 0.654907851894199 0.654317661497796 0.810065458417343 0.881722362440421 0.328249042546894 0.372831764203347 0.215248644634088 0.458916921485868 0.135653222569508 0.319500959789709 0.327013620844368 0.471463739258803 0.560749077438526 0.660468385584381 0.80588064845361 0.84041320270588 0.506275648685216 0.722100989309478 0.586694686264907 0.764501755404382 0.497086058402208 0.522801931651465 0.470082744475734 0.665920556001971
0.53076327118405 0.48002415136326 1 0.770314571490895 0.63750180389238 0.463996657953807 0.86888127458958 0.670667245793373 0.650506360232699 0.351953725530049 0.526944220839653 0.56560478957661 0.673747870316523 0.622778617108783 0.593366380684777 0.483774087303524 0.622962498790433 0.594816592142796 0.646145519834451 0.608400221745236 0.21782938121426 0.427418389928334 0.816508643238875 0.682469068616886 0.569359738183519 0.550843818278299 0.212787715808893 0.41614748775872 0.588001490335025 0.593060992187929 0.809979715810688 0.606772091826361 0.742953163291619 0.713927133928153 0.634506826852069 0.664284347346535 0.448309742889705 0.233369898214341 0.545883296306596 0.428654418716219 0.240270492164248 0.185182258511019 0.587810090752758 0.574868577453628 0.46582688070939 0.457069917197368 0.58757694000714 0.600466080601489 0.411900625684569 0.411913087119514 0.526111536140583 0.450620579035737 0.567104847148893 0.526693504811225 0.563978966659192 0.533920590321959 0.552716465393359 0.540203489565974 0.565235112563558 0.513591253581342 0.638486778580915 0.512230695747851 0.584928632982062 0.622796945123722 0.750049241247232 0.609910594142176 0.748478460225925 0.664970451660609 0.422267004675623 0.545994391273341 0.513231562199405 0.563414362609277 0.400621940969324 0.446684838684193 0.195560339527853 0.198600096772927 0.564013355884939 0.592106728553097 0.42833664611862 0.659083372156416 0.638172864462663 0.653656294566281 0.507939052403207 0.515804767007496 0.751718956146922 0.640148289936552 0.475466653700959 0.444690087961026 0.709975993677149 0.684447690116451
0.651765743631167 0.633786850333639 0.770314571490895 1 0.611427322925252 0.606107017563673 0.811529412935345 0.893051849054616 0.578566826981092 0.478892684501465 0.533760004706242 0.709090988586801 0.595755907561615 0.773905114296587 0.481699967004957 0.683301206908762 0.739418348685948 0.750130109624325 0.626460798275122 0.790347695630426 0.188381028756888 0.418188745218886 0.693162002272852 0.819622089443307 0.48813484789051 0.583233847309779 0.112243043151018 0.477900645451307 0.717162344585714 0.778225937277842 0.708268948557863 0.769941246996023 0.852397670563504 0.828764375499865 0.568458905820769 0.742266252027976 0.462638508347514 0.249609043005329 0.644453776625273 0.493248013572918 0.268150406177992 0.174965692809832 0.724535608843959 0.710127519550216 0.605509395984815 0.613552299077243 0.742837057167866 0.751189740199847 0.519463229968837 0.4715978127806 0.615511240824579 0.528953352951083 0.559157604344559 0.54703879808327 0.658917752954961 0.660272378322352 0.691916970852091 0.680285495402767 0.690853801171793 0.633246225615731 0.704971043060834 0.74222128336716 0.684841794134455 0.768067961629105 0.657492221194704 0.700166921219464 0.849513487330081 0.846259219711229 0.549993878313395 0.715495659920052 0.539744008011252 0.572308661189482 0.30718928739587 0.476867491021053 0.187773372054121 0.23662446010978 0.645597744302061 0.723631877350851 0.579841829409894 0.77231388528829 0.776756117136022 0.79829550622297 0.536768554826526 0.591715338141529 0.742400109764148 0.811764275780858 0.50854904132698 0.481419525987023 0.665941185635122 0.798261126327458
0.246055173472447 0.198353946094383 0.63750180389238 0.611427322925252 1 0.47115126379527 0.628669780345297 0.576201304406952 0.69331149495895 0.266610550356675 0.282981895711574 0.336432463392987 0.434621866903924 0.51008373306807 0.46940121316972 0.40190073847262 0.430564412766949 0.385266776759358 0.393212711449685 0.370200481983817 0.227146272377406 0.229368590141945 0.584906300082894 0.535254253960206 0.311801055132746 0.298122145265104 0.263138328962165 0.241327048135095 0.453798646443594 0.410924596608461 0.674637681501738 0.495325029038527 0.563354868664861 0.557163555200698 0.44698046945018 0.438055206789522 0.345135396015209 0.274578615661195 0.319597877679895 0.296284834974389 0.0794631123222184 0.1634911053442 0.371783588858158 0.355192922989047 0.358905104796962 0.336988477670684 0.336265653252362 0.365189189151196 0.281992601489689 0.30970737879013 0.371720762881994 0.273414019611874 0.454048827346277 0.471623983337298 0.297423167514724 0.292171712740495 0.305480827687497 0.240355417120896 0.332922019977337 0.250333958135328 0.486105355644657 0.528511859851424 0.355240888045393 0.467414379517841 0.657863119799834 0.344272848111784 0.501973916816442 0.472748419824401 0.250017085632227 0.333997149085105 0.510588777866554 0.572767905744947 0.338013179299604 0.419083901766045 0.14702919550858 0.0834229851809668 0.545945972203812 0.559059161867018 0.229837834311389 0.516241615357066 0.423023550687067 0.425903348391881 0.318802639592247 0.317235743584745 0.501312090803528 0.403057648073439 0.201664988357889 0.183307876748487 0.590380569080114 0.473810090342624
0.386385993757778 0.367128566708583 0.463996657953807 0.606107017563673 0.47115126379527 1 0.526504014945526 0.543965571059964 0.478258311973026 0.446661040030377 0.23402794696922 0.431115096501712 0.404532213376638 0.518679118124017 0.433128232031212 0.577281149407606 0.503935462472422 0.515239991023816 0.400392820119888 0.498318275850281 0.175460575361764 0.262119410303765 0.56841628310631 0.640378360400767 0.40368211855268 0.563600309522418 0.10424294487148 0.552894842874989 0.436865958349685 0.487447951044192 0.517037318117817 0.560502262436336 0.617483795598617 0.604936592801136 0.466451564646863 0.454763956657906 0.326449856846124 0.222194616537973 0.467852378073009 0.324060062832076 0.147425387324068 0.0313055756490142 0.545138441361948 0.536692743139962 0.450998552258564 0.473603996355327 0.547622982583432 0.550909359052337 0.442201704849039 0.407877657809971 0.515263477352752 0.390885556520475 0.471175191448113 0.494390828329793 0.484568967397541 0.483348286713891 0.47721558261269 0.453522392454152 0.41821359092328 0.355821648996093 0.442188185749777 0.46553433806286 0.356668887370428 0.491948045941495 0.47135455919829 0.396008905375068 0.556304459576306 0.513922493719208 0.432950419905879 0.492776175729957 0.395489476326293 0.399740314631273 0.204234420087857 0.391539614415842 0.164019442596262 0.0657456225613659 0.5513873493575 0.587587193058274 0.488449523759882 0.557551705002861 0.488522019316875 0.494928698948554 0.46205121852646 0.424394035329031 0.560594137203852 0.551261248171799 0.315929939851371 0.416741956401161 0.476257575875234 0.562673694512539
0.661053215233188 0.56474984491175 0.86888127458958 0.811529412935345 0.628669780345297 0.526504014945526 1 0.823743074950944 0.683638939773866 0.40862205163754 0.625575810755085 0.694080290601491 0.743232726942447 0.739772735686261 0.552658006381822 0.566216687224408 0.687763592649571 0.635757281695069 0.647764150864453 0.67491351443045 0.127212346903723 0.342776770836504 0.690582148636702 0.653467726535624 0.431534575590717 0.470828673079033 0.126830052494448 0.452656700386946 0.730815967379509 0.697014765346737 0.715510328919183 0.593403751823111 0.759904608050113 0.71640331870906 0.474345199293448 0.576934530146888 0.380005236931563 0.150297862670507 0.589348286562304 0.387582102126156 0.243264056327118 0.209412308065496 0.586906635734529 0.578291274195441 0.49280522637121 0.491518308591791 0.627958822791179 0.63677144440506 0.454349339235249 0.432995073953325 0.55865203442307 0.484997811769812 0.531324319437698 0.485178375390474 0.588052735049592 0.56518292432555 0.624989093003811 0.602586348710653 0.667811738609367 0.596205352205813 0.778573134027754 0.700752018516454 0.682420826464947 0.711055256994992 0.742512646438742 0.64602050209817 0.755332475471071 0.725715628941288 0.463766792798243 0.604526147393271 0.524716509628146 0.564771819204172 0.432416324639593 0.51903484882367 0.143110734740681 0.307703157827908 0.555443903737486 0.622210741322315 0.470734520161909 0.643309285120643 0.701323966195128 0.702387289988701 0.453995308347055 0.535097163674296 0.754569140528988 0.67616685601308 0.418333366493604 0.357006595826903 0.682954780207682 0.723434734946026
0.649232687990985 0.594840591164166 0.670667245793373 0.893051849054616 0.576201304406952 0.543965571059964 0.823743074950944 1 0.599134414693745 0.548521969960409 0.533228440503355 0.772344358502122 0.641758919182485 0.834145237853834 0.428034671690952 0.686706774907784 0.683078338048425 0.706769528372863 0.540017922618714 0.694118887008242 0.186047526642579 0.38882743456084 0.532822552811042 0.664887430358486 0.389809657006418 0.419758281826146 0.0716239055852426 0.417434696730748 0.714515497734582 0.78703249168032 0.638486133801898 0.70227018958019 0.78884621817063 0.773429130257623 0.438279813729653 0.597408549118144 0.352490822371443 0.231521143226346 0.614611409424303 0.438150138671054 0.205409430975021 0.172885590714199 0.668379055998492 0.667077901197105 0.551415727614213 0.566671992036561 0.688895786717582 0.701275694988825 0.463535408987921 0.424665386896722 0.570928008930885 0.491059528961509 0.517353721751255 0.461005114193585 0.622516915407525 0.632181319116169 0.633530524878564 0.59872942102499 0.691151151220686 0.615087346822656 0.781146196837425 0.879148919776179 0.701244798674061 0.772673659700261 0.661020554637245 0.780767130240299 0.790149003668774 0.827545813567367 0.451403124408209 0.64863260709424 0.483137673645652 0.539301433889806 0.329090083409087 0.501430763913732 0.202494030658532 0.308237733282582 0.599359261236784 0.680772563629047 0.540913375200247 0.706896735083001 0.754716073422916 0.744201081367963 0.398756378182091 0.564266805627786 0.682004355575315 0.739199384159733 0.390445750792883 0.368963611619708 0.665195457499183 0.815691101781552
0.323977515702869 0.260426929649089 0.650506360232699 0.578566826981092 0.69331149495895 0.478258311973026 0.683638939773866 0.599134414693745 1 0.325790894115693 0.397404338432098 0.401437948225259 0.501672021736639 0.485867481163601 0.585469345421264 0.381076200340928 0.425884670531718 0.375174948278862 0.43172578848362 0.32397398026442 0.117018447765878 0.26890504580916 0.610103149208006 0.511007810379191 0.305754285554208 0.35970476101081 0.245634802242981 0.32698136499562 0.456018157058897 0.39076734509289 0.633036444948125 0.412576512058698 0.539859232972706 0.521469773557884 0.395250603006639 0.348846381616374 0.303895422403263 0.18262635805089 0.373823503734694 0.317569848723727 0.152564576102662 0.0360913159797475 0.389002483360385 0.390453774918387 0.372396214747818 0.376833278020033 0.404926083970945 0.41575300783471 0.333162973599963 0.370682757384039 0.443361664569039 0.359369197504234 0.459590281349927 0.480212875859453 0.362853279734513 0.371040604687884 0.381983542526917 0.293755225809166 0.400335560383631 0.328358799271776 0.552325360101361 0.546849733631378 0.404080407186281 0.452123755618342 0.669001907044202 0.474605503078957 0.507914288164513 0.500826203081904 0.27355237742682 0.361420746773617 0.536655265419123 0.512683964816966 0.444536953666139 0.482487500619456 0.051485746453448 0.198519891534519 0.551319045595248 0.566236879081722 0.240362091058724 0.490419359678972 0.434096205399901 0.398119614625254 0.250936241989702 0.296798585595074 0.560156036599714 0.437170598324665 0.254609089155794 0.192244790429403 0.586696823317487 0.571794595756159
0.387691823689377 0.344878170177574 0.351953725530049 0.478892684501465 0.266610550356675 0.446661040030377 0.40862205163754 0.548521969960409 0.325790894115693 1 0.357301954555449 0.503953633526998 0.474873629693834 0.589860500290921 0.436945348356402 0.668304397156041 0.411874523104335 0.363857576516928 0.309199150618967 0.426823135265485 0.163730178604332 0.0738227474574197 0.439829816544346 0.542589852144115 0.426178535885158 0.378339935541235 0.268493203233618 0.237234168980918 0.423950572756386 0.434464982316111 0.340462135231517 0.485112973788633 0.423881144574579 0.371636070464189 0.231012279224805 0.281968961184671 0.18949515225176 0.134476398113928 0.485480503179624 0.173658447667846 0.200918372046346 -0.0535577065177312 0.331547963637045 0.390591540944461 0.174465510678492 0.219663249057325 0.360081428185733 0.356990463299938 0.135600787889403 0.0939672811442582 0.248934731086274 0.155249592638511 0.231158762670924 0.153767036760536 0.381626306015948 0.316584947698588 0.382958854239081 0.34492553035173 0.331216530466856 0.258623505766063 0.414884979687893 0.520315367242267 0.37988417241309 0.350838399579051 0.376067456326397 0.428708942975522 0.305156954432234 0.332877529754471 0.283670068922597 0.386363907664903 0.240793626573814 0.166151599718006 0.114398661678088 0.202868380833547 -0.0274257223313566 0.160722815044879 0.336960578526433 0.39307655648851 0.365805332141203 0.357234424152536 0.451291645054045 0.457101222398671 0.256313688296918 0.369944009422449 0.505715699112068 0.518130692216603 0.499603247845961 0.503849035810706 0.403078056031685 0.531289107478592
0.745275758335546 0.682944337699779 0.526944220839653 0.533760004706242 0.282981895711574 0.23402794696922 0.625575810755085 0.533228440503355 0.397404338432098 0.357301954555449 1 0.711546760850452 0.721790404339501 0.647678266056685 0.529565332247089 0.519983532393966 0.674714609581857 0.627238876028276 0.779257418952567 0.717877634305276 0.0667409140493171 0.220532763847767 0.469933877818513 0.45491789270799 0.227781315642481 0.262888173920694 0.0776922780808795 0.340138888349961 0.712997473275893 0.700198194378379 0.445801699257016 0.435285956549639 0.543648635113001 0.515925978016634 0.0792340910277344 0.331589180902129 0.369799760278879 0.0539389325834869 0.476085602695948 0.42639390129228 0.273859452414009 0.313019567536836 0.423588103211829 0.434975511074026 0.353567727661485 0.372981163197954 0.474843797246812 0.481898320049877 0.358466511625826 0.242186522137892 0.298235307599526 0.332591051757425 0.204479937343187 0.156914944135519 0.434219687073677 0.452269744481458 0.684679662316588 0.676485870235638 0.569898621421861 0.540846270007783 0.605724339441939 0.474876890697547 0.700785706433368 0.615554757009392 0.286174291658851 0.3414159893999 0.431675440651634 0.435190007959188 0.538994645921455 0.613508735802003 0.270816089861814 0.306202795838996 0.264404301943941 0.365522395186217 0.05109671373564 0.25988539828879 0.253825570559078 0.351168693923837 0.374277643105406 0.463272099004872 0.691052879884431 0.706423086361639 0.512999645128399 0.58608533794825 0.576569249394683 0.603056728439173 0.473486105188248 0.391398664545462 0.49677210858772 0.553848857203324
0.847879388215127 0.812517947661997 0.56560478957661 0.709090988586801 0.336432463392987 0.431115096501712 0.694080290601491 0.772344358502122 0.401437948225259 0.503953633526998 0.711546760850452 1 0.658483106645846 0.798808450203606 0.446678680981985 0.63776419300849 0.727308724039056 0.769447312893797 0.656367597533163 0.796307135871029 0.0822024450468777 0.307081439280907 0.463233832255644 0.571587182652434 0.391756403928194 0.345406436238005 0.06173149403271 0.373303171381559 0.761308960076875 0.833574601165114 0.527233843377081 0.540339968128339 0.714670197470154 0.695038124931231 0.243525518420247 0.497509434633435 0.42733278660253 0.205065052348813 0.63235564051616 0.494208097709324 0.359043696172013 0.193211071620879 0.638974792934 0.681839935554501 0.56967629610879 0.602452545829361 0.701398137525782 0.72018286341547 0.587803431284117 0.497873677088382 0.597492310644373 0.593752910373276 0.421589787613531 0.399566404270921 0.737692181691879 0.712745556658655 0.762260652052544 0.775965202330713 0.792164561854423 0.761396008922754 0.782962300618347 0.748088541642489 0.785064415429672 0.791325942826345 0.381925090476986 0.587986635525854 0.68099549998056 0.70367047133113 0.62063674609736 0.751956112197485 0.367765775033286 0.403326487450294 0.293496780533086 0.520185166764184 0.127410677082944 0.337582541504658 0.460188363759931 0.559378164052848 0.554189650805422 0.661958797239475 0.795468087365345 0.790303112839873 0.420371654652436 0.674800605073956 0.650439034215299 0.768099801976525 0.474081081951434 0.477401864946516 0.607073873985196 0.779006459570125
0.628744644062332 0.528522505868406 0.673747870316523 0.595755907561615 0.434621866903924 0.404532213376638 0.743232726942447 0.641758919182485 0.501672021736639 0.474873629693834 0.721790404339501 0.658483106645846 1 0.814936105710888 0.700994087731123 0.698367820936103 0.623429042085822 0.585168797024371 0.639285137894521 0.642848051597681 0.118876892911027 0.342635486506772 0.659024656614287 0.610303249051686 0.531407327195339 0.396868793902092 0.205333285585342 0.352062707638408 0.687063577890846 0.680819189293282 0.640938717606435 0.578080782628029 0.633959007158366 0.608982640913859 0.376252905254249 0.480490269558441 0.288725800504508 0.123464945413167 0.623855297297189 0.400613208500359 0.30091245804539 0.270976757350909 0.534508486064879 0.532208224932241 0.299446162808214 0.330919659112809 0.519794596276536 0.528112787729253 0.273797846193808 0.250305521227235 0.391425117558525 0.317049335358845 0.463742222173537 0.349554883461551 0.501630582952471 0.453688504949486 0.560361383189923 0.514464392617104 0.490771749074093 0.404914956519971 0.616592946212247 0.541250034902723 0.596741392412133 0.572419974942645 0.565544910465422 0.483397718219431 0.500368875932915 0.433079174039712 0.34758286717101 0.492558012812323 0.31692383649559 0.379324004080676 0.333974275389222 0.407208763281043 0.162499197537548 0.226328764804255 0.428489767829742 0.475141308676957 0.453858395729527 0.54496278191414 0.631495761027213 0.637544444497686 0.554741133556562 0.566967978230625 0.715862006816823 0.588679632890753 0.526039939433311 0.465730104560959 0.673895899586274 0.639910361178626
0.668540964376917 0.625082213663465 0.622778617108783 0.773905114296587 0.51008373306807 0.518679118124017 0.739772735686261 0.834145237853834 0.485867481163601 0.589860500290921 0.647678266056685 0.798808450203606 0.814936105710888 1 0.593008706162305 0.827940026429443 0.706571979272976 0.72310653665602 0.627879636794507 0.789571497616258 0.177570334896523 0.328078238318651 0.622748523560415 0.736573746792045 0.464444255943922 0.456410611402448 0.137504625614351 0.415790408528384 0.723367577511108 0.828861347476864 0.679087457924776 0.708169525937377 0.793767531164567 0.753052836712159 0.374237940293369 0.594087159937035 0.28163281869749 0.179876480147682 0.614044366241185 0.431731169896893 0.253652589453853 0.21077156797102 0.642151110514338 0.653191095540553 0.431858033013718 0.466954801142563 0.638369512312835 0.649880481381819 0.366209864223687 0.31188221668117 0.471963988252685 0.39175609175562 0.474436170714827 0.390529557559952 0.577212297749894 0.556608351251001 0.640515137502506 0.628039642575503 0.58535286334603 0.515409965949503 0.697241137803908 0.741097063307468 0.690694652727428 0.726925819150342 0.529810850325862 0.596971657319036 0.637460323053116 0.651325451139933 0.440993536006467 0.661011091452679 0.38263278805971 0.449851839618635 0.287621505667552 0.474280336799748 0.240783893325935 0.285469277490531 0.537641013542804 0.646716167389415 0.524805884456717 0.722288255040635 0.734806395986895 0.774537824598175 0.480956355526205 0.657875017523682 0.699118450990436 0.760230738272371 0.51834980588966 0.507788055980327 0.657770918989382 0.75211515308735
0.436671283877124 0.407619747619269 0.593366380684777 0.481699967004957 0.46940121316972 0.433128232031212 0.552658006381822 0.428034671690952 0.585469345421264 0.436945348356402 0.529565332247089 0.446678680981985 0.700994087731123 0.593008706162305 1 0.601804194328779 0.473326528074613 0.462844651914915 0.602967515533194 0.501472861117115 0.0784293154525712 0.199082429527094 0.751165574227045 0.665650386289649 0.533168299912556 0.469048320518512 0.389123407979662 0.392218756386 0.495053465126644 0.472680178157371 0.629661525321344 0.519620443658531 0.52628175096075 0.512240850137576 0.376493047591122 0.407144882774452 0.320466755841968 0.122512286514792 0.485698294408177 0.248536621824715 0.169710960606926 0.0625455238018532 0.464068794059871 0.479741298825544 0.307591634928687 0.359813776534053 0.445961712388135 0.454141619526452 0.320721841815531 0.312247116501644 0.338726266792048 0.303837801709285 0.367545505891145 0.358473705926575 0.405032440227234 0.368150643222021 0.48951584956775 0.397907793009445 0.312707658503997 0.265349065865115 0.409144977868064 0.374732171583402 0.368955261156319 0.37936028776085 0.547035257244779 0.347951118376608 0.373030608980409 0.32741307917696 0.319733613926419 0.433802387252225 0.292658140073366 0.338767608417997 0.293548709165562 0.325336397668572 0.127623315334042 0.170024638203404 0.419019109860476 0.463772017511873 0.368734089426497 0.468689533330553 0.528920208040495 0.547586744098022 0.48497322297056 0.527225957231827 0.738596253865798 0.567237292791905 0.587444322753319 0.529772231321803 0.588380977610184 0.533035648622753
0.583046512405701 0.510389251525585 0.483774087303524 0.683301206908762 0.40190073847262 0.577281149407606 0.566216687224408 0.686706774907784 0.381076200340928 0.668304397156041 0.519983532393966 0.63776419300849 0.698367820936103 0.827940026429443 0.601804194328779 1 0.623955235137948 0.624750997410074 0.561574251409897 0.700068368675098 0.226678155762627 0.286558593492429 0.636006036113755 0.752254553405287 0.545394065651657 0.567333650773413 0.242582945622206 0.469125338918349 0.627408067801741 0.705985475474799 0.574019089741865 0.704724638207686 0.646276776126622 0.625241149973278 0.354558945017635 0.509897212145732 0.289224366918728 0.141914360182328 0.603544426944852 0.395263551398526 0.173151352121258 0.217276136505103 0.589311731666554 0.610245100689103 0.337874644075575 0.401296358995875 0.60636696118921 0.583880908402845 0.308403041935967 0.276642804943211 0.459536026240824 0.344294857294121 0.49798752890405 0.410352525826452 0.537387742459439 0.51520063104837 0.57985511486792 0.528888122847919 0.468135109308026 0.361398947605054 0.546546575892654 0.578311112596474 0.539958685243898 0.563664632182219 0.437143820860134 0.463314078588361 0.485844709603666 0.486467416844056 0.383659401152803 0.572488884818567 0.330051016333996 0.330903560403951 0.182816913957972 0.363168062313996 0.15016425214327 0.227502402727684 0.499189916635798 0.561159595518925 0.577968777664691 0.610162089072728 0.685791713735362 0.702258517762277 0.500013808625058 0.65831846471059 0.707496180422792 0.731455226420163 0.556125274584413 0.650217296318129 0.584157897269275 0.694312426605759
0.848351878141407 0.788124205297669 0.622962498790433 0.739418348685948 0.430564412766949 0.503935462472422 0.687763592649571 0.683078338048425 0.425884670531718 0.411874523104335 0.674714609581857 0.727308724039056 0.623429042085822 0.706571979272976 0.473326528074613 0.623955235137948 1 0.919222247548267 0.733507684983408 0.811760513248096 0.178196466336282 0.470489665317229 0.524024748020564 0.592631477740403 0.379444292043196 0.439034609294522 0.0916228388702885 0.428827301973662 0.832331754078876 0.883437159915284 0.599991275218332 0.599268391872311 0.854214044134981 0.835820742446486 0.364182146309154 0.594689914187661 0.569870918254848 0.296080499439234 0.6437165495699 0.524173405279791 0.284095550997917 0.271925489564802 0.748801670960879 0.753693071844344 0.64799580835397 0.687237933530318 0.754200163247871 0.796048075536451 0.594288188973443 0.495791956755863 0.56334040436986 0.535479454511432 0.474394582550121 0.48306565866159 0.660220770625215 0.691597860332265 0.898400757571535 0.839022066990857 0.759102932552591 0.707931801235021 0.751690701031556 0.568272376917647 0.837615901667578 0.840148225829617 0.427168388240716 0.431234047620452 0.739483072300123 0.736832936963123 0.696337697701168 0.860907726233958 0.460304695916166 0.529565555874366 0.300734562124555 0.509208204226534 0.223216667866025 0.305877176507993 0.603653328305685 0.671914784254756 0.683367300255512 0.785542081762063 0.906555394810663 0.84965693304604 0.610535129642098 0.74012470402724 0.689898145269133 0.771609384841935 0.547202738322526 0.559659646273444 0.664565484207015 0.76647927601884
0.831418003788654 0.868875019741498 0.594816592142796 0.750130109624325 0.385266776759358 0.515239991023816 0.635757281695069 0.706769528372863 0.375174948278862 0.363857576516928 0.627238876028276 0.769447312893797 0.585168797024371 0.72310653665602 0.462844651914915 0.624750997410074 0.919222247548267 1 0.726697750760198 0.851581332607949 0.147978614771246 0.464079914869821 0.506048438697542 0.62313673963114 0.397687815054976 0.417611123569112 0.0350046296159866 0.456076338439619 0.811171476755691 0.926519326307911 0.599137190377676 0.626696539049929 0.876215849987309 0.885996804110832 0.375990762835937 0.643608897369669 0.552982105015333 0.363834071331687 0.642970818161051 0.509637835758536 0.274371312341392 0.217807262005516 0.794447309280888 0.804054547787295 0.687436274922063 0.735460227439724 0.795296487063715 0.831989461281054 0.648482980507922 0.538249960924419 0.606253727918269 0.586626421499299 0.474463478104339 0.510025116486882 0.705401221717599 0.733158934025907 0.900616056042858 0.886018938413493 0.764512979975374 0.735718546773719 0.721184678010219 0.573809182187774 0.810881988180969 0.849691486561108 0.399943257344777 0.472828153878684 0.7791835614345 0.783864789425228 0.725951736510021 0.899185444528291 0.389531900363135 0.485319482123562 0.231401104738995 0.494223584329138 0.237717705022663 0.235496118725497 0.58890598316106 0.698368660747463 0.718871490393846 0.822894548318401 0.904769256198221 0.884538124080994 0.588954624986698 0.774968472348478 0.673413507333102 0.81087232352524 0.517599892556744 0.584813965593728 0.632187964433026 0.775479518888999
0.7356141281312 0.712497181990199 0.646145519834451 0.626460798275122 0.393212711449685 0.400392820119888 0.647764150864453 0.540017922618714 0.43172578848362 0.309199150618967 0.779257418952567 0.656367597533163 0.639285137894521 0.627879636794507 0.602967515533194 0.561574251409897 0.733507684983408 0.726697750760198 1 0.772136517555334 0.0942639611460351 0.297670428381056 0.597666427236997 0.61596510323283 0.309150884745012 0.399151078004426 0.131129912770348 0.425857640113705 0.689075426564701 0.721746178843944 0.608892107990646 0.512505103107318 0.667518684288702 0.651280907152642 0.199388705875998 0.414656870528477 0.461973747428781 0.202820525485514 0.535015690997621 0.522880944721471 0.235572301216647 0.27302800458704 0.59271898810313 0.585024005913973 0.483534913821025 0.526130758491071 0.600288851509627 0.619871726659521 0.516136349775086 0.435603562731112 0.430053243604005 0.468530626159209 0.338014162233547 0.363773889670603 0.529001989337218 0.542367927680535 0.75396657242514 0.727704117663932 0.601511692113981 0.583945535173533 0.585823540210517 0.443036935577384 0.628075032954946 0.620068116129689 0.353551932462678 0.390845388627215 0.548722270750259 0.515060280031275 0.630732511541604 0.707617575751253 0.394066204065579 0.41841051894 0.27742138452159 0.39548107872267 0.137462121609168 0.203163252169963 0.368909728990632 0.450005264656218 0.486983744661205 0.609193852842398 0.740271337470358 0.77038629022779 0.645422120521023 0.718746411033247 0.634575594942821 0.686680820251569 0.48498112688659 0.521119014746889 0.561265594390439 0.614752606355044
0.833933758155781 0.857731359808784 0.608400221745236 0.790347695630426 0.370200481983817 0.498318275850281 0.67491351443045 0.694118887008242 0.32397398026442 0.426823135265485 0.717877634305276 0.796307135871029 0.642848051597681 0.789571497616258 0.501472861117115 0.700068368675098 0.811760513248096 0.851581332607949 0.772136517555334 1 0.101566521183728 0.32795212957394 0.598835702575958 0.71854499085876 0.412919827788502 0.468493838108178 0.0392111111498996 0.446839066951096 0.772205298189447 0.868310172500138 0.599921494469165 0.629895750029304 0.795220509587758 0.766021733952626 0.296966363127035 0.630541305684295 0.45581012236681 0.162113382892068 0.620288238853896 0.536204272291004 0.311927027684114 0.252259886485491 0.692116828802292 0.710442509335863 0.575382272861873 0.605345383537652 0.742970507686202 0.747243507693116 0.565788500348532 0.430267455274509 0.528331442692589 0.521271126217155 0.375121481742233 0.394291735641347 0.683253014852579 0.666618432528581 0.84116935393391 0.878761413787193 0.71635014840528 0.677628647287832 0.641531680741803 0.55801879185087 0.733163114138716 0.730831424160892 0.354738606395947 0.442728744934827 0.700923834265939 0.687155089673539 0.720996023945897 0.851099285030266 0.359718630670416 0.407590815438035 0.179148532375099 0.422521620303927 0.170049546335369 0.245941403854071 0.429092207061043 0.549258038139624 0.58773559834623 0.738805141190783 0.827618243242096 0.890274684299709 0.614345939856141 0.735197027970159 0.688205204124519 0.820675462417315 0.54880658258628 0.546460398031249 0.519493545742188 0.68865325500512
0.0623605229081986 -0.00113774005808189 0.21782938121426 0.188381028756888 0.227146272377406 0.175460575361764 0.127212346903723 0.186047526642579 0.117018447765878 0.163730178604332 0.0667409140493171 0.0822024450468777 0.118876892911027 0.177570334896523 0.0784293154525712 0.226678155762627 0.178196466336282 0.147978614771246 0.0942639611460351 0.101566521183728 1 0.242779524713902 0.231887133970051 0.145150102040817 0.243837079101559 0.275652670254539 0.217689955991359 0.14587686467361 0.0791459456121696 0.176613961973732 0.300768639277076 0.296414921768842 0.196230528041024 0.231971275129964 0.246418191953171 0.202183673424831 0.146231632458813 0.220220149215195 0.00686506615602104 0.189523242180441 0.0745086100422775 0.239098540169346 0.132393809044051 0.0861177747736745 0.112414784486116 0.0614898548038057 0.0783344120605405 0.0750386331387969 0.00119942865271275 -0.0210212436570105 0.0304585289979923 -0.0497687750957346 0.12892315326021 0.0265851096157775 0.047299722965984 0.0659332904086455 0.0728554018934858 0.0260231873014765 0.0236549347865392 -0.0139328531058716 0.145740398846398 0.128564472670553 0.144219085472636 0.204238452796771 0.242470984653328 0.138314532967397 0.128811091091768 0.152116176898807 -0.00524462944538924 0.0827296746232509 0.118023056872864 0.161892234969156 0.0471552634944125 0.0936658361562164 0.140670969604392 -0.0925123488187779 0.171775177429419 0.157191180726622 0.0798428166914212 0.267000023548658 0.14396060611246 0.138344986594794 0.226480398926479 0.155676902626863 0.196730970392911 0.134371055823819 0.168314563617359 0.221341282815718 0.287013039980602 0.195460610597874
0.344322664514972 0.356481882362771 0.427418389928334 0.418188745218886 0.229368590141945 0.262119410303765 0.342776770836504 0.38882743456084 0.26890504580916 0.0738227474574197 0.220532763847767 0.307081439280907 0.342635486506772 0.328078238318651 0.199082429527094 0.286558593492429 0.470489665317229 0.464079914869821 0.297670428381056 0.32795212957394 0.242779524713902 1 0.361750269368794 0.257415781727917 0.355307315372392 0.301866588072192 0.0275248691197533 0.197381807048819 0.343302177255422 0.424700246597197 0.439315345919993 0.336235947023574 0.462137008151455 0.438882534965223 0.433961260051807 0.451184987036028 0.455642433804669 0.216177885899733 0.46124594815571 0.422440435592285 0.250413228685565 0.470551009209069 0.503159087219324 0.477246593430542 0.375657509703942 0.390255008090588 0.468758245746547 0.496956277515233 0.337006208309765 0.370217316755123 0.446240236934784 0.410237903149785 0.536006402525473 0.494736719104148 0.431627471360235 0.460958109185461 0.400028578436096 0.332147994167275 0.364326232631438 0.318173196888084 0.313053953225125 0.239651434341504 0.379176160290493 0.399016122626102 0.265845893816812 0.295558632912642 0.47088896736331 0.424612217925513 0.276828445080124 0.381652670306534 0.376120349941658 0.505151255659393 0.319962781310191 0.381788543506111 0.339483458935051 0.245173031019008 0.380828868979039 0.338531444763817 0.370359269419984 0.477359978435748 0.449714986371734 0.431846687750648 0.398454818282291 0.38107012467601 0.35325804062266 0.339390688837671 0.168755114513209 0.273896308953639 0.397174513183817 0.440717317485956
0.407454909567763 0.392385211590891 0.816508643238875 0.693162002272852 0.584906300082894 0.56841628310631 0.690582148636702 0.532822552811042 0.610103149208006 0.439829816544346 0.469933877818513 0.463233832255644 0.659024656614287 0.622748523560415 0.751165574227045 0.636006036113755 0.524024748020564 0.506048438697542 0.597666427236997 0.598835702575958 0.231887133970051 0.361750269368794 1 0.822980294352921 0.719953666329551 0.705985471686147 0.375058791925563 0.530815782943552 0.479346406740082 0.49994889482831 0.795173556856877 0.637002075435534 0.661665587334376 0.634306547093371 0.654229589966631 0.587122688013648 0.367270546651543 0.205567518845445 0.502450339413925 0.370542566970617 0.231421039644898 0.140338620814234 0.539770865686609 0.534451634843818 0.36496454488315 0.378267654731834 0.536319735470074 0.517175171871485 0.332835051253118 0.358703203049476 0.474710021044409 0.378331420214762 0.552572307213569 0.54413106712601 0.482301552637857 0.441781326221389 0.474345432825959 0.447373979713538 0.368109352176697 0.314891383832257 0.414413164606904 0.402541364849313 0.375317541464391 0.445095880755631 0.686113439413343 0.47072958237118 0.572256470527547 0.480549939221473 0.346412450045348 0.477849196198504 0.449756455386223 0.47371055683288 0.324906593528013 0.360031484357156 0.169538372355871 0.159375128843127 0.553314336791501 0.549535774835523 0.398707906539073 0.601707855281553 0.540435193474475 0.594255297811833 0.547544784979151 0.498437335334166 0.779178398263848 0.649492718908643 0.554734127591304 0.581161692565239 0.622405599769601 0.601553939550185
0.479593654828455 0.507910955490143 0.682469068616886 0.819622089443307 0.535254253960206 0.640378360400767 0.653467726535624 0.664887430358486 0.511007810379191 0.542589852144115 0.45491789270799 0.571587182652434 0.610303249051686 0.736573746792045 0.665650386289649 0.752254553405287 0.592631477740403 0.62313673963114 0.61596510323283 0.71854499085876 0.145150102040817 0.257415781727917 0.822980294352921 1 0.602368507185608 0.688785382096889 0.235975394390824 0.47144968037309 0.575873009542383 0.631019210720998 0.698813711155896 0.754383833342772 0.736210929795954 0.709106182190096 0.582870434405686 0.676995742360435 0.298801518057371 0.155762522237345 0.567537719227796 0.329722072459257 0.226538332933997 0.0200491677514751 0.612110429343671 0.615488603598923 0.432166312172086 0.457564027712162 0.613055085924878 0.607298880969751 0.379718287170636 0.356054483497393 0.491186214040368 0.38803560925709 0.486345375581749 0.493675201739167 0.534086949253827 0.481144813915913 0.573440806445822 0.564472642814238 0.428588972348997 0.387488794956877 0.47876129097711 0.55272216620858 0.443494709099694 0.550879554959551 0.611980737526176 0.537683667979409 0.613739866723798 0.575240336824999 0.451064550215153 0.584040857275743 0.380880657359687 0.453471410693092 0.191556766612422 0.342671695585491 0.0825780861064565 0.13732953734645 0.54106014702551 0.616308953914058 0.543936342030968 0.648810298635581 0.619283929334899 0.706830631720552 0.564987865364029 0.605046746580921 0.731686701395715 0.768102729383529 0.590358354189828 0.622353785846977 0.547385504067884 0.653117519879424
0.321318552997684 0.314565838224246 0.569359738183519 0.48813484789051 0.311801055132746 0.40368211855268 0.431534575590717 0.389809657006418 0.305754285554208 0.426178535885158 0.227781315642481 0.391756403928194 0.531407327195339 0.464444255943922 0.533168299912556 0.545394065651657 0.379444292043196 0.397687815054976 0.309150884745012 0.412919827788502 0.243837079101559 0.355307315372392 0.719953666329551 0.602368507185608 1 0.614357671500753 0.43967457551587 0.37472620337735 0.355826271143952 0.374616986230934 0.573626874586086 0.512135733172714 0.480795530883779 0.480950532130433 0.660592495788808 0.516374631951593 0.36533284925903 0.275479042697532 0.585810310798543 0.35299737555737 0.271070490361719 0.117593455229196 0.48390115757292 0.478773538525055 0.26274478595786 0.303523375093662 0.480165179334179 0.452256000686034 0.258016113872765 0.320453685792949 0.44934149633444 0.35212470955936 0.572847351237524 0.505514293648408 0.503109725097938 0.423236126542346 0.341586136479616 0.311946693549577 0.306943947573456 0.235958335586573 0.315676664918197 0.268574986939125 0.283672364726318 0.340548724976923 0.510255513121406 0.393582305138672 0.491375847139028 0.364006309548024 0.22839064871152 0.34738344179437 0.261925584934116 0.277499302680795 0.23345307431017 0.280565267311626 0.129666598163035 0.141932732562544 0.495808374102343 0.431812384038188 0.398086440029329 0.520294303043428 0.418570223970351 0.435056806020862 0.444932735249025 0.374111539627926 0.602641998821061 0.472970156584033 0.534355260005313 0.583116238116048 0.515495203245136 0.506849903325906
