1 0.866006452406876 0.676753874999496 0.624525409557227 0.362353214103741 0.393509909346112 0.728453327775348 0.652713307803881 0.510629466120999 0.480191717865613 0.89808033763046 0.807948174616719 0.816026499994051 0.752522712201394 0.584655691462627 0.464291398730625 0.838694213111318 0.892304183676214 0.817459610662443 0.671768516096169 0.383642102540748 0.46586950726541 0.434307838901602 0.499622573053034 0.650954012536118 0.544672705764497 0.57683549297825 0.504177039778793 0.75233733726793 0.827573962555784 0.431480035313262 0.509903267993041 0.674634769615674 0.701764670447915 0.399113929122149 0.358356127709085 0.64727727201889 0.504179974164084 0.668124164115984 0.620546855653835 0.488450200819594 0.196921415986477 0.637697427789663 0.637923908209634 0.716662848095648 0.740491957486499 0.755917805519524 0.730947027349869 0.617868409527854 0.625398202877609 0.684373757411305 0.67595324440717 0.68011445475207 0.482488944843001 0.820906922147496 0.768950815141683 0.923316168924262 0.899002135523811 0.786144358447556 0.801312249397183 0.806742526611223 0.687581770852981 0.82279065813326 0.825483929483377 0.402596543826841 0.585798837195455 0.612730553477184 0.612489071630419 0.826871089683099 0.737793534521726 0.245667345426228 0.0257424925006426 -0.0573941155285665 0.061049722115505 0.105769689817749 -0.120481055377974 -0.235942364886988 0.257141603895954 0.617374741983963 0.693858548790406 0.861499714352576 0.827465175689048 0.629407920422338 0.740148337835207 0.714999620515987 0.797609167930356 0.619910203769603 0.662437182970237 0.744044857609499 0.746390032900909
0.866006452406876 1 0.587643494398421 0.466115490175424 0.234822648692446 0.223382411476698 0.524361365570819 0.436756494073764 0.36206655392425 0.329030308601441 0.799655308786789 0.701019271242297 0.70221663716598 0.60631036487658 0.467148287435265 0.385311146906542 0.777977704464731 0.856512308042615 0.745740781717161 0.778247578026228 0.390826454214684 0.369842708172236 0.311821861399499 0.401570788049149 0.59216194352207 0.42482831717384 0.534541224593117 0.435330039912784 0.682693171200556 0.737153433112345 0.229744723385788 0.316675996078682 0.457466163220184 0.529578962842112 0.190791876285668 0.0989648969609417 0.463942705039191 0.437256138547389 0.489735062008492 0.564323202780336 0.547093350646425 0.343780257128612 0.463835596071515 0.470406041916322 0.59407853295446 0.607794200647979 0.641168681665911 0.610021242973891 0.504542950363683 0.527661151123604 0.532034221995173 0.540341949049649 0.563486241377608 0.361988869509644 0.681622597647006 0.735026209174953 0.872513822080736 0.900475700045775 0.582502774171028 0.645317795792954 0.565660542123208 0.499050814199127 0.69581110724994 0.702290810037277 0.260678818467541 0.351179767763272 0.383960835664793 0.362880203262634 0.836015167697864 0.806101893460671 0.178260743909463 -0.0227591864270819 -0.00935931210125241 0.143019139725548 -0.000538153005589205 0.0115923963792588 -0.240880601511165 0.0872994911699713 0.613545825933673 0.531451027343535 0.790182593258309 0.788116667782369 0.654427187110461 0.717570743834701 0.660990971380575 0.66977994844221 0.608079509452852 0.651921181948115 0.646810284193747 0.582175963401048
0.676753874999496 0.587643494398421 1 0.749823942651944 0.54799180176702 0.29613803441348 0.805046611731945 0.57168537544157 0.524846323599521 0.371752706452083 0.547718842073116 0.505292061730745 0.657490939078645 0.521953622590755 0.66736996492979 0.532944514034638 0.671079975751515 0.648485624895245 0.662708091675968 0.42642587375341 0.538091180238961 0.62937269779543 0.720607604360411 0.681470568384894 0.666019266213805 0.721581669261672 0.603401614552335 0.546994975168555 0.524448057438272 0.510495318504923 0.587824562592944 0.603493444364672 0.664153384164927 0.746514056994984 0.657160072052377 0.444108673774003 0.540573213994699 0.601270434577247 0.619883506345774 0.614522218989634 0.475979691661568 0.245637735526359 0.570082862580354 0.592006525533037 0.594744344157141 0.552733390562867 0.575885160718886 0.594818284612232 0.537258704650979 0.518949698864812 0.662206395184531 0.583822987948374 0.617383543374411 0.549609111974104 0.656960699207988 0.589796566012839 0.685881197832228 0.66288152871509 0.605808423749369 0.596559535427128 0.624717204106079 0.462846298466726 0.610455721650341 0.515570898010368 0.733671241062927 0.652069936262903 0.673794281841277 0.589072766034512 0.615877850343582 0.56977106831249 0.447770848222307 0.239547240548388 0.247222025501753 0.279627877879476 0.109859204429194 -0.0184956458283722 0.0276507366238395 0.296406817203356 0.482901207725524 0.535974105363435 0.693766920227761 0.634251444395204 0.61048236393519 0.624388629065801 0.795555865253002 0.708301559903858 0.683681518254519 0.553457548577205 0.783420175264814 0.618677166044908
0.624525409557227 0.466115490175424 0.749823942651944 1 0.555813631322848 0.505613407547178 0.870247174902621 0.85068911136116 0.593863268127181 0.505548016301535 0.54056616967662 0.606799336146023 0.663356423422179 0.65200961651486 0.727804191951697 0.717052370616546 0.600268110132542 0.605171184596604 0.551044362393617 0.221474017762165 0.470677667357755 0.643010286513328 0.667804860043977 0.770008547686785 0.492266184213915 0.723531950192947 0.484421735379847 0.530045728254832 0.555586620773166 0.571266945822095 0.602972167227731 0.70266697319539 0.704673560490085 0.746642286623664 0.663769853599321 0.6131632968794 0.563268683287268 0.504461415967236 0.647618370473508 0.465892306886418 0.436640308119092 0.208569392323424 0.554927311596827 0.584131072854438 0.540523952054637 0.526981104633428 0.542833350156863 0.561180290655184 0.491182836276827 0.421961215316493 0.622111250709973 0.557084451581937 0.583588267773926 0.575372639535163 0.630323751154672 0.484736791835485 0.63230683766782 0.573816498281387 0.585172185616602 0.558284114609904 0.648825939356222 0.615705898691055 0.560904683216887 0.532993259320138 0.655833797521805 0.786082771623303 0.695885164769729 0.689167921527896 0.511661661927979 0.419607934853519 0.5131896606474 0.286103940436328 0.208823656258475 0.266755862746653 0.208016168115996 -0.067457989683704 0.01231533184948 0.433264020153462 0.397334691509188 0.57042716051692 0.632588133693314 0.602158809232932 0.528434255156826 0.549585545473884 0.660028637550469 0.769140429670302 0.53685221995119 0.457101012495561 0.731837512987562 0.684483732573208
0.362353214103741 0.234822648692446 0.54799180176702 0.555813631322848 1 0.692554794043599 0.654903519720049 0.602197643946905 0.828070614138418 0.742763583613818 0.278964624809987 0.292340593328249 0.492963615308689 0.398973860477439 0.537103320634383 0.418090118386932 0.415846871797927 0.394658645834722 0.354554963754139 -0.0414888118473787 0.262907794433402 0.428354790153243 0.664094056357532 0.536444007217724 0.561233552523111 0.618395130773545 0.649244267975355 0.521778942350901 0.283593333672662 0.406676994183187 0.529931481070063 0.598395053604057 0.676882354337801 0.552070079915735 0.637278255558596 0.582208713973882 0.506469266258253 0.289483308165195 0.527237352847299 0.372703504555621 0.280315249959004 0.178718041197826 0.451361642127657 0.448770335801328 0.36451860641499 0.393788873350971 0.364077809199348 0.383857525192069 0.397937806733217 0.363154417337428 0.411122842067362 0.365751728587805 0.347152499922038 0.374003473635202 0.434440792063019 0.190016352548527 0.373023411232515 0.309822222819801 0.431847995394676 0.402685753869233 0.516589563756408 0.523384779880288 0.364739599129287 0.376071333316833 0.599561547151993 0.556495331273613 0.597887894769921 0.572905684084178 0.263528272369995 0.230194900008065 0.327888750909701 0.440698260069034 0.179414755171011 0.287831577879555 0.249003649657066 -0.0724229343549081 0.145673247758954 0.367780868470059 0.121493382304026 0.527200728709672 0.433719260079366 0.345712014160396 0.289872197693516 0.281440297493625 0.461709508663533 0.476678328466071 0.383469945577416 0.224074404503076 0.502507822495717 0.497247213261646
0.393509909346112 0.223382411476698 0.29613803441348 0.505613407547178 0.692554794043599 1 0.530065553228765 0.701223979478666 0.810227898334847 0.901668561296662 0.36742087167321 0.386281767770798 0.471650296190894 0.475924818893167 0.3863723152413 0.338580197637523 0.403847844349557 0.405277037336104 0.272518632725488 -0.0842200665283475 0.0276570373023229 0.333065718497948 0.41650124262147 0.383080300682529 0.538490694055937 0.559640964874716 0.460100947548301 0.513118625918501 0.364910760119568 0.531256819176751 0.493755430010269 0.644288494797884 0.661430743361465 0.506193160542543 0.540381674763259 0.662101388337295 0.571116731203735 0.166166712248377 0.596773049012302 0.327977134878477 0.152860864212025 0.0505962117662365 0.530289959338148 0.508675238088918 0.444123224886762 0.46530791477048 0.44354041675325 0.446635744925956 0.434345357015173 0.419439596929144 0.444323582131336 0.43491973481435 0.412819098097877 0.413035515671951 0.513845007122318 0.23095811276947 0.366697312852991 0.278478373600345 0.501679619537002 0.45823879757917 0.533259404691889 0.615485772303209 0.353398665948663 0.453009114489938 0.31880586638347 0.573286173298691 0.591796168814913 0.648154799579255 0.203493356026943 0.132100629383013 0.310525670511687 0.430846776728096 0.00441309337913292 0.172448747895215 0.419444726683218 -0.112822581845054 0.0780344065202561 0.390223444885741 0.107518341798369 0.576516847899052 0.398747142420458 0.328922995138818 0.146074659128619 0.270914426166196 0.285505661883204 0.515255252196056 0.337857393680549 0.200691177875454 0.39493625120918 0.610496545993536
0.728453327775348 0.524361365570819 0.805046611731945 0.870247174902621 0.654903519720049 0.530065553228765 1 0.850384945055433 0.722011430235357 0.584030004197999 0.638245676982911 0.649841235083884 0.772308621047969 0.713947148736696 0.777253910243373 0.624708083618782 0.735612778441441 0.695849687297728 0.683009684332843 0.298669321238982 0.443001385973573 0.604379836236493 0.738854327936553 0.689756382019914 0.561083136448002 0.665207482731355 0.53376788907895 0.520670478396449 0.689681116575502 0.694596554097171 0.682712943629258 0.726317952811465 0.809413118968543 0.819382578664216 0.693190922381612 0.628051766329474 0.632838058685254 0.534750771189828 0.683505831332419 0.496881818656469 0.357930181062468 0.223280229480443 0.645604976704184 0.648781297795245 0.61654492734101 0.607854015641583 0.617418695134337 0.62960599145671 0.575368791521137 0.512328421137173 0.671505205511847 0.606784059336166 0.633439146840766 0.589544405302937 0.702477643706587 0.509818618480438 0.705570380694094 0.623478431240348 0.689587337652833 0.664140813943622 0.797756818428066 0.735821279658755 0.691247877848773 0.684006815885579 0.700926192974707 0.772430232195277 0.76878825601925 0.749853290927472 0.567613588855131 0.473010846439607 0.541309128790641 0.339297533839516 0.229870154447133 0.294124693241916 0.27321360659074 -0.0518649545378516 0.0986111129154699 0.493034266477057 0.494599188152629 0.688893946518204 0.700865515506074 0.588951176126996 0.540274709438041 0.536863776635131 0.674747116720018 0.725638151039434 0.56889786072615 0.431019846823139 0.793255284058658 0.685664163312485
0.652713307803881 0.436756494073764 0.57168537544157 0.85068911136116 0.602197643946905 0.701223979478666 0.850384945055433 1 0.74640439089968 0.726377132600974 0.589564016114211 0.698411167547797 0.691558406833005 0.776999630869484 0.660221696793129 0.60668899218132 0.613740840139508 0.619980009472012 0.532718726979055 0.194861664053481 0.282562882052474 0.542334883625512 0.553520692245608 0.646038464364214 0.476832049640782 0.633689171246082 0.427474210676338 0.5097443953269 0.612983863111732 0.69229157159584 0.593960758779524 0.725586171458668 0.727209171698406 0.762963354556292 0.614083041413321 0.665661100941547 0.631161194269909 0.411324044159254 0.682053633058972 0.461144683704469 0.261125373550151 0.113276549407166 0.64430056117758 0.65589141760824 0.59183121233675 0.605971656679133 0.602731106363435 0.628205492150335 0.561658174689574 0.503479625101648 0.667115932391134 0.636421785015998 0.636115136112534 0.627000459635438 0.685301277597001 0.479347062742921 0.618719964916431 0.538152199124425 0.699547281831176 0.657639678352417 0.773559083837731 0.835990681871341 0.597690138401776 0.663901276841612 0.544272747983545 0.826882934697391 0.723998778057705 0.775878325023232 0.461101039677281 0.383004657224142 0.470090965831872 0.345030373159389 0.108898637587637 0.229012937817151 0.370160146569681 -0.11275663732855 0.0348372354691944 0.470089546739317 0.388832254903914 0.673123322134741 0.629129154562785 0.563705347431133 0.453595260138201 0.520886899173682 0.576939353100461 0.757830937578101 0.501955554430603 0.397227260687133 0.697121552351785 0.738821776120872
0.510629466120999 0.36206655392425 0.524846323599521 0.593863268127181 0.828070614138418 0.810227898334847 0.722011430235357 0.74640439089968 1 0.857699317134361 0.464088196414604 0.486458105617006 0.623257595187768 0.555123641782484 0.579892279703032 0.425894471509596 0.562983924347981 0.544621542055804 0.478756322300198 0.066002050789404 0.151468535111389 0.442223065608502 0.631417247400821 0.50282676563359 0.58238686322359 0.58016132245043 0.590389595144361 0.566174272821591 0.449943157317172 0.601748297476684 0.537491293273427 0.665966145459465 0.721655198391715 0.605357930632889 0.596198532031715 0.621721223755952 0.599238835270826 0.284055261806194 0.639637854116948 0.46141710869006 0.24735920289863 0.153865126068878 0.531170336081609 0.525613536293854 0.445730092939597 0.469383543968861 0.451818064456278 0.476990559429005 0.4395346422839 0.412826466958301 0.469832839549198 0.444560036147318 0.437490522787074 0.42192599302854 0.563310721715702 0.292206664674539 0.516055347481967 0.436900401319865 0.544324881750215 0.525251083193721 0.64015673380353 0.694724907608754 0.497138198793012 0.52658733723767 0.550971848789073 0.602634559829012 0.637344058522701 0.644934575866024 0.373458616526468 0.266911160771484 0.364957575993419 0.403857052332817 0.152064837606832 0.256561255902297 0.397966041385351 -0.0997519091590466 0.0851167518410848 0.36408617523834 0.266618554773513 0.654724168727591 0.566646377558241 0.456574735068579 0.331726538641126 0.398985142519498 0.494050008583534 0.554451576992346 0.479906734675072 0.29070341318509 0.537216814442334 0.591833408942942
0.480191717865613 0.329030308601441 0.371752706452083 0.505548016301535 0.742763583613818 0.901668561296662 0.584030004197999 0.726377132600974 0.857699317134361 1 0.447835457793433 0.480693145411286 0.545237882421265 0.581284572146052 0.456123195290583 0.397903584858776 0.52077332224921 0.529639131186368 0.371988454938723 0.0291188348934953 0.0776515553815337 0.404550978322083 0.490647707265439 0.440238567765032 0.591089196210531 0.583183618620538 0.550065659787085 0.557972613848099 0.42142831568086 0.625818025538891 0.516158559187977 0.666337699829387 0.711022579476302 0.595123516803447 0.570592524974586 0.654502121127512 0.642614292728019 0.246794390700522 0.644410075793428 0.458310226482606 0.182896867099464 0.0519337142600364 0.609696554685291 0.593612035158906 0.535263922286189 0.563522266501543 0.51171711866293 0.541982054680503 0.52427803078906 0.521002452954101 0.523626805676968 0.521402125925286 0.496354173665749 0.487602517417148 0.579674806926355 0.318518303421114 0.484738292205505 0.40850015020411 0.583065841108943 0.568548752057119 0.590298141150377 0.685616828129401 0.447094435872248 0.539598578385188 0.387644165937669 0.585354900419214 0.636058703571894 0.689782906506378 0.336712962705985 0.259041935812443 0.306581085408585 0.398569358552969 0.0107477285785787 0.129815341955205 0.376825197205433 -0.173434232791943 0.0131436755948555 0.395630745614628 0.212619074598527 0.660759799157778 0.527535996670559 0.4388261687028 0.259364351571356 0.37410908797305 0.396502122357618 0.57988220448046 0.453433044926753 0.289780407638348 0.476517700193595 0.67796200202307
0.89808033763046 0.799655308786789 0.547718842073116 0.54056616967662 0.278964624809987 0.36742087167321 0.638245676982911 0.589564016114211 0.464088196414604 0.447835457793433 1 0.852366014197279 0.845590907475505 0.811673468241958 0.590167809075509 0.483052749266235 0.777577187034023 0.860780090440909 0.772406348458204 0.633791270166421 0.267185804278518 0.399497960914467 0.333828156699271 0.434691833665904 0.573750072541098 0.46502221454772 0.545942259140341 0.48086502980818 0.774882614479568 0.843414913996469 0.303498254919866 0.433929140411505 0.577552606995218 0.610224867191846 0.276449565780796 0.282435215816762 0.522439837049987 0.388515428474192 0.579491635530947 0.533237653766656 0.415690387514919 0.208614352941821 0.488022213288699 0.51147908380905 0.57234973395605 0.613605028428871 0.622611785961019 0.603984771476238 0.460413931592496 0.480345890140803 0.568168467974573 0.547086911183864 0.584794868375219 0.404397026286628 0.71181798246838 0.668969322055875 0.827396140645693 0.823996023098219 0.687571223753448 0.702260428361801 0.766730370747675 0.656346884241525 0.838660294647213 0.830197671949562 0.340954916270018 0.532075293434825 0.47791827405461 0.510083024276038 0.75543729896078 0.597726100487141 0.135570000338413 -0.0622320345905046 -0.0674920177161366 0.0402869875996124 0.0581968468507074 -0.0994954748556274 -0.2839449833272 0.129379640806235 0.548371273147686 0.606994501016216 0.777967877662575 0.772548006273308 0.573487793147982 0.655457931220061 0.64027164284357 0.732086175735765 0.54439551088313 0.633231555078159 0.636762670184245 0.652156470809184
0.807948174616719 0.701019271242297 0.505292061730745 0.606799336146023 0.292340593328249 0.386281767770798 0.649841235083884 0.698411167547797 0.486458105617006 0.480693145411286 0.852366014197279 1 0.720179382222396 0.876020108104453 0.575022187174533 0.516574952497502 0.699249662327278 0.774561176115099 0.715038110445155 0.56577774657367 0.246591782922061 0.45261740054453 0.331709708561643 0.537184237953043 0.458059484285449 0.448409617915984 0.440461482163419 0.399575875046096 0.717563497663078 0.80088730095393 0.344040014543798 0.468384593627944 0.560096027457865 0.660429705505596 0.316242350864916 0.321801139008696 0.491832983838709 0.371023879454848 0.571598215261201 0.464962511340374 0.328354670448875 0.116610887501225 0.457281718465864 0.465102439953662 0.483756644475905 0.505643795852411 0.518428246490776 0.513986468051059 0.41458213516489 0.392860371822591 0.529584971812328 0.486202161744507 0.535446793607734 0.392945916522684 0.627628852745536 0.541301651974277 0.723601778100103 0.698068585585779 0.628416823497614 0.651602801706109 0.730823331475029 0.76099373620008 0.791699634071484 0.827581257433361 0.309517795254267 0.599295896388678 0.47986621412626 0.52265748687316 0.651440763536632 0.50498800704416 0.181310315596852 -0.0102629067350281 -0.00227964076726332 0.0809396928319965 0.133181964533571 -0.104140713032198 -0.209540848730678 0.186857667331704 0.47551580563843 0.600976568396572 0.698716499564734 0.682430852354484 0.566589360775915 0.57884787392973 0.566073169308946 0.715461337734689 0.461136191528136 0.51644198999845 0.570159028073345 0.604342036132434
0.816026499994051 0.70221663716598 0.657490939078645 0.663356423422179 0.492963615308689 0.471650296190894 0.772308621047969 0.691558406833005 0.623257595187768 0.545237882421265 0.845590907475505 0.720179382222396 1 0.832280716929483 0.826675005450355 0.70472598686466 0.779825369027634 0.806345057955785 0.790561461347255 0.536379887783986 0.381234015626928 0.518308473751273 0.610352623699881 0.641758052782972 0.599758079323879 0.556221520375781 0.641385903525962 0.611913915692457 0.763908504958614 0.829537457063405 0.448467295528111 0.576414191987065 0.693067979067326 0.667625922347257 0.434149072366054 0.432202213462871 0.530329669007562 0.427525915944829 0.608606401379459 0.569413887749299 0.441093737901355 0.289020229214245 0.561210187966605 0.591852812549501 0.584837207690877 0.626534926912881 0.646093101223309 0.639014810730911 0.486967050718318 0.500854279966781 0.587064831294245 0.558824408728514 0.577038603597046 0.4668592165231 0.708354696591607 0.622441369650214 0.764957368881734 0.753581545463383 0.663709014436996 0.662218340303172 0.77375988461406 0.671524741463296 0.762871016399962 0.727301742597059 0.595027091003305 0.629929069296802 0.562446150410405 0.587543146509819 0.675531176581844 0.535784325778976 0.316489270774277 0.0789692798462587 -0.0177717229369845 0.127085479483968 0.157543567083187 -0.113926216590252 -0.115449490446843 0.271482992433664 0.574975663776253 0.676588431025186 0.777239063946782 0.748935410836994 0.601438153545821 0.632541129305032 0.740251373101631 0.751583735533192 0.64848625240646 0.647035017431189 0.735603351364184 0.676376184154685
0.752522712201394 0.60631036487658 0.521953622590755 0.65200961651486 0.398973860477439 0.475924818893167 0.713947148736696 0.776999630869484 0.555123641782484 0.581284572146052 0.811673468241958 0.876020108104453 0.832280716929483 1 0.752846493827054 0.707552182219975 0.730222921442126 0.783196646402741 0.698288374086914 0.496228908717144 0.313750719697494 0.507949431186493 0.482633731796489 0.652702518571668 0.475085190492292 0.532026995889367 0.479781855484874 0.4810972462526 0.77986475708433 0.856838569833574 0.462602873377232 0.573996541562009 0.655181178363288 0.745063060124439 0.423314144626353 0.453340934197812 0.528926862991152 0.410524963795477 0.632821052407322 0.486469858815903 0.320055572507301 0.110935476507055 0.549105152031281 0.568871558167072 0.553533159971359 0.595298538929799 0.596867548856677 0.608640272000372 0.493946959779369 0.472092273119591 0.618641572766721 0.580941602461449 0.608377899789133 0.526654300372789 0.678028269986894 0.57287242853041 0.701811735415635 0.677540488268644 0.686546514554924 0.676323913043171 0.781275584207032 0.785608830043022 0.78094610722121 0.795455713548883 0.432579491221922 0.663421774757981 0.549128194067747 0.619958825484701 0.599703570152152 0.454839561013985 0.255362431511539 0.0527984140267397 -0.0297561813256028 0.0761518479953048 0.183093912609982 -0.143879112624032 -0.155504759203215 0.286185421236117 0.539817802674704 0.681105237191522 0.729589218892976 0.694405916129588 0.590543199963252 0.564477625152995 0.606740720109489 0.736492245752936 0.538241673203673 0.536440603464043 0.650309340765144 0.673309627861092
0.584655691462627 0.467148287435265 0.66736996492979 0.727804191951697 0.537103320634383 0.3863723152413 0.777253910243373 0.660221696793129 0.579892279703032 0.456123195290583 0.590167809075509 0.575022187174533 0.826675005450355 0.752846493827054 1 0.853021544287436 0.625863550239546 0.624956086506735 0.643971354246121 0.360155316883772 0.556847740353544 0.634693674921811 0.755028154390845 0.762648940195165 0.472700022097619 0.584797827435769 0.561065487662349 0.52405262284028 0.648790742969841 0.651930493521119 0.55499849504598 0.61375268621699 0.654639222795533 0.66653096047677 0.567784458795692 0.494640294504969 0.44543572102667 0.455296067308658 0.552139578466179 0.494049129376634 0.363015075647313 0.273608270818453 0.456425195826405 0.474152081639018 0.439451935694011 0.447744316008064 0.465552685815304 0.472071314173782 0.372361775218896 0.345054032670915 0.482159598704352 0.434181917064567 0.437196640825199 0.442013018963081 0.542648560913984 0.425977468504468 0.572644977498885 0.547706845691789 0.495078570024867 0.478303253375639 0.614219816011051 0.532222691011068 0.600566762239437 0.514415178445099 0.717689508671086 0.598507969329331 0.549050981097085 0.543824340658053 0.480090256097835 0.355814799515756 0.428987890513201 0.181682864477199 0.173993662903302 0.234301727245451 0.150521594490337 -0.0545937840915682 0.0640350480063395 0.373269237851186 0.47498646347317 0.596365152021877 0.647990452839384 0.571925343434765 0.605325801706021 0.461513112477432 0.690342057992135 0.623304267705212 0.595555619785986 0.481255276556879 0.695529105738963 0.543194203615553
0.464291398730625 0.385311146906542 0.532944514034638 0.717052370616546 0.418090118386932 0.338580197637523 0.624708083618782 0.60668899218132 0.425894471509596 0.397903584858776 0.483052749266235 0.516574952497502 0.70472598686466 0.707552182219975 0.853021544287436 1 0.502213249035571 0.534278243353628 0.500081968394281 0.287955113948833 0.547357653374904 0.611360640367558 0.626549249447898 0.826235039844658 0.371970125751313 0.618264271188884 0.482916088957207 0.543137166974945 0.562013329769029 0.564619848819742 0.472338936309917 0.565826349070855 0.51893614023809 0.530896518496916 0.457701306084635 0.429423865408364 0.301116284760007 0.377079288761502 0.446255384787278 0.401044041839173 0.324317285076034 0.24404917665173 0.363423343531679 0.38878226753334 0.345761909334707 0.360866293900941 0.378522396164397 0.386969727146308 0.304838450620775 0.261761606407166 0.420900362767143 0.372504953405626 0.390737813538237 0.37480015497498 0.414909266233892 0.36610518023471 0.475019765830148 0.463534697484784 0.393710512408412 0.357735597615078 0.465506333892279 0.436822768987396 0.427791675177032 0.36492819842087 0.600269464428451 0.582200682102331 0.421022012984353 0.44256297669575 0.408302002377012 0.272014670337848 0.332949093690864 0.114113808330866 0.0721609751345774 0.19062008763604 0.108512855215443 -0.0429006132209869 0.0133516544144115 0.310924172332022 0.42513305706127 0.50743659628022 0.520119001198173 0.516805819714933 0.492386132414342 0.365263810057324 0.55224836964689 0.591698946294109 0.457042652940631 0.402076035095202 0.556515816652444 0.466559605293029
0.838694213111318 0.777977704464731 0.671079975751515 0.600268110132542 0.415846871797927 0.403847844349557 0.735612778441441 0.613740840139508 0.562983924347981 0.52077332224921 0.777577187034023 0.699249662327278 0.779825369027634 0.730222921442126 0.625863550239546 0.502213249035571 1 0.926485927067054 0.786924209923405 0.62044922166708 0.453082439549531 0.522309443294597 0.573355420290713 0.540271813746239 0.64882729312728 0.535971253864607 0.572918690766606 0.495521548821031 0.835953248691679 0.874476837429444 0.527086236834922 0.574628344673799 0.753500390024626 0.780251496511652 0.482510994220527 0.438100336585236 0.662212123025467 0.536591520711394 0.660982908536606 0.574860972842771 0.416781900096212 0.223781039733893 0.651935503218613 0.645566195103641 0.687469334111369 0.691112951012974 0.708833183643782 0.683947499646174 0.618289881713013 0.596791852226466 0.64636186322978 0.62228526077646 0.623774565697789 0.524073830291878 0.759896543952451 0.652870709384637 0.875013443692624 0.83703277939846 0.702955675968969 0.729785518192532 0.742161263250953 0.649670453307752 0.849521647505075 0.832981724135605 0.482691788361719 0.521978867572517 0.63921628158131 0.640142173174029 0.760087539714474 0.649864249082313 0.402555196556092 0.180721939447572 0.109337323341887 0.213279926187399 0.154401619288512 -0.0635406547666625 -0.0112908011477659 0.362167047430323 0.786339106848536 0.806807116021394 0.875196614481066 0.776344855270876 0.683317039401148 0.670218610228679 0.687755135824958 0.711472426911523 0.643784683456218 0.576967037319258 0.696393909798412 0.670915537080049
0.892304183676214 0.856512308042615 0.648485624895245 0.605171184596604 0.394658645834722 0.405277037336104 0.695849687297728 0.619980009472012 0.544621542055804 0.529639131186368 0.860780090440909 0.774561176115099 0.806345057955785 0.783196646402741 0.624956086506735 0.534278243353628 0.926485927067054 1 0.789689217459884 0.670387850643022 0.424022581399331 0.525092306495992 0.524183786910866 0.552177116919266 0.659923923502087 0.562277735529078 0.603929540132206 0.528333192008664 0.812219405379699 0.916531780875162 0.481733196202056 0.575033744662624 0.727453854749883 0.757577134450234 0.448413795283025 0.429306265622132 0.676982303470199 0.534189279751192 0.700652890954893 0.621137375595926 0.473920485646864 0.207705352417166 0.647299798192533 0.645459692747136 0.717321614188211 0.73204592675453 0.7374711337273 0.720854316521465 0.609036971550636 0.600549401476128 0.649818934768581 0.633706660179491 0.643234732443571 0.517970128559793 0.799544717227477 0.713910364826664 0.913335504803535 0.893073290146746 0.719839235257321 0.761915517360695 0.748847277604719 0.657952188887934 0.827317589485094 0.829474389169168 0.459449967894981 0.543897170336333 0.61823650107436 0.633138485643412 0.812507303012524 0.678767865154199 0.280045785699454 0.0708867890765811 0.0234064377790246 0.125429232120083 0.139798685369688 -0.11229192826345 -0.190124058275589 0.283967936769848 0.740254261692461 0.803160329052812 0.904906485103772 0.861110278495568 0.698937222415889 0.717513679103146 0.711539360827703 0.769018906981587 0.668864932815963 0.646020523258374 0.689800849727837 0.725781988288648
0.817459610662443 0.745740781717161 0.662708091675968 0.551044362393617 0.354554963754139 0.272518632725488 0.683009684332843 0.532718726979055 0.478756322300198 0.371988454938723 0.772406348458204 0.715038110445155 0.790561461347255 0.698288374086914 0.643971354246121 0.500081968394281 0.786924209923405 0.789689217459884 1 0.739773255567569 0.369577983127594 0.430464732504716 0.564995627616703 0.549315246066989 0.460532018309755 0.424976924003899 0.508266963645626 0.427845650039277 0.757014021687803 0.748197050347402 0.458557725047492 0.487692379782047 0.622480971105053 0.674830620073507 0.301444708152249 0.24988659304443 0.504251894916669 0.428430053237413 0.539489945985253 0.530914773128305 0.437656162652331 0.281730031008586 0.47345235538309 0.498531148265902 0.523751811623179 0.547363866717471 0.581287857507281 0.564302875411776 0.486082239262979 0.472812373487894 0.517277091418298 0.487196812550793 0.527988564329592 0.359408271415324 0.636579890207858 0.596341430982147 0.783638287585583 0.763380138049504 0.59026279581694 0.614996816505034 0.661073550820134 0.580483327042776 0.747705548055823 0.698175993464133 0.38798593056041 0.433381780445542 0.452785718403173 0.443409631960035 0.731621873761288 0.60940890926266 0.326581425603204 0.0443332227269137 0.0939887769578958 0.158828252953024 0.0808794901953184 -0.0681551267644125 -0.180292928918479 0.181335239882556 0.59957082703661 0.602881517197851 0.76025673326965 0.701463509152273 0.581919005352764 0.610466673062515 0.624234693735316 0.608795093085355 0.579074099182481 0.57430262092303 0.62812777263749 0.566258479887085
0.671768516096169 0.778247578026228 0.42642587375341 0.221474017762165 -0.0414888118473787 -0.0842200665283475 0.298669321238982 0.194861664053481 0.066002050789404 0.0291188348934953 0.633791270166421 0.56577774657367 0.536379887783986 0.496228908717144 0.360155316883772 0.287955113948833 0.62044922166708 0.670387850643022 0.739773255567569 1 0.309177013728537 0.247525193412582 0.185996885310846 0.296048689463137 0.291027920520993 0.170476079835932 0.299004448336122 0.235576099378958 0.620088638048676 0.573194020148624 0.12034035788705 0.132481839058132 0.238014098233483 0.41587186715665 -0.0556677688401514 -0.137787572154272 0.229928383419987 0.310225482233258 0.248559505110115 0.360709963653465 0.37073239566724 0.300659745712842 0.211835455219227 0.243418693098183 0.374095391832662 0.388487722008178 0.421010158373361 0.385383222555458 0.284930450984633 0.325900951958252 0.314992072705044 0.332410058377181 0.345711542248636 0.158302424605747 0.446982154663238 0.583952879379736 0.640602035494036 0.700588325378024 0.363308556541018 0.421299232195632 0.37589406557925 0.266486271137399 0.554109462530643 0.527694949877104 0.101005755452623 0.0882798740281641 0.103623898682938 0.0870541711462318 0.72838053168435 0.659006162810097 0.0706937093211738 -0.217936276638355 0.0166020543373254 0.0553731660839833 -0.077250246242584 0.0529863670594364 -0.27163864372569 -0.0340677656474593 0.56514740307277 0.319893789729417 0.578181430530596 0.596058920943635 0.560625163116504 0.524846840276301 0.490352578089313 0.422229490989927 0.493497045462841 0.589738141441531 0.418159069827818 0.33718722247511
0.383642102540748 0.390826454214684 0.538091180238961 0.470677667357755 0.262907794433402 0.0276570373023229 0.443001385973573 0.282562882052474 0.151468535111389 0.0776515553815337 0.267185804278518 0.246591782922061 0.381234015626928 0.313750719697494 0.556847740353544 0.547357653374904 0.453082439549531 0.424022581399331 0.369577983127594 0.309177013728537 1 0.590004088284653 0.565855639534004 0.602757419759532 0.453860484699068 0.524659385416414 0.455578721375125 0.36978139367167 0.454485554937829 0.346059588650289 0.479958033440119 0.451017759010461 0.392226636326437 0.435683105940247 0.496831576171528 0.283110600306384 0.35706834656278 0.499795315555683 0.393778803407385 0.329162238950572 0.344229301202977 0.231125186962422 0.352434355896007 0.319435029769098 0.372644185324318 0.324097971381806 0.349417617106215 0.325568403238886 0.357707722862274 0.281234602793179 0.390320141237758 0.314979603556762 0.309430182582184 0.302786898960563 0.348240667539883 0.29537023402475 0.448226889514507 0.415299786787099 0.28580068457439 0.28813854816771 0.207725048556896 0.117002995568235 0.292149582766935 0.258502570583189 0.517658219917849 0.338599763216545 0.437429686341286 0.344287464555198 0.396648020136833 0.377514717714645 0.42206317390857 0.259164242768782 0.285957494407023 0.317595566014896 -0.0466056542210608 0.0707661870879886 0.134070482253573 0.336906505261923 0.451660926877791 0.407115458850985 0.452519267313502 0.376019784206339 0.595007512524429 0.309318859646525 0.50496497273774 0.410040344542932 0.467985615009628 0.30221428611078 0.46477320027127 0.303932890233834
0.46586950726541 0.369842708172236 0.62937269779543 0.643010286513328 0.428354790153243 0.333065718497948 0.604379836236493 0.542334883625512 0.442223065608502 0.404550978322083 0.399497960914467 0.45261740054453 0.518308473751273 0.507949431186493 0.634693674921811 0.611360640367558 0.522309443294597 0.525092306495992 0.430464732504716 0.247525193412582 0.590004088284653 1 0.623761401182345 0.703077483430862 0.511315900002847 0.659726687146876 0.497407107080662 0.492380249736982 0.518726108121252 0.504755129855755 0.598249746971299 0.645545398368141 0.580140547188324 0.623375105406705 0.636968398440661 0.547475960764509 0.52757841420752 0.513204077546216 0.578001324706677 0.509843082038158 0.372516209662781 0.0982076216219077 0.477204295429565 0.483441394601733 0.462555649851329 0.416947805553633 0.421379297980725 0.430302312959445 0.390847182517118 0.34751910755706 0.49217980992767 0.400376653016195 0.419126638714403 0.409343021980335 0.503316676233098 0.357975652396675 0.505912226070624 0.430289932143639 0.441373242656974 0.414200847759405 0.412822071981369 0.371624919196903 0.413261405273225 0.382849933746303 0.603953629642917 0.602849882851937 0.597802631356654 0.548480850881378 0.437573829923983 0.309460052394107 0.507850625492407 0.286580943685011 0.245420628535027 0.183844133197731 0.14787880017736 -0.100766194538841 0.0273671476446072 0.355435127756768 0.453094069827656 0.5441994163639 0.551905766203313 0.489957517682409 0.53811774023077 0.428954692637218 0.554435042468714 0.569149245611898 0.561921547468028 0.34689324562596 0.530833748990406 0.490596950153641
0.434307838901602 0.311821861399499 0.720607604360411 0.667804860043977 0.664094056357532 0.41650124262147 0.738854327936553 0.553520692245608 0.631417247400821 0.490647707265439 0.333828156699271 0.331709708561643 0.610352623699881 0.482633731796489 0.755028154390845 0.626549249447898 0.573355420290713 0.524183786910866 0.564995627616703 0.185996885310846 0.565855639534004 0.623761401182345 1 0.772285426323037 0.517215224171726 0.600832056802754 0.556874032121397 0.569986720379696 0.503848265510157 0.501359893303509 0.745642520508104 0.770049564231331 0.751016685338503 0.673716448601809 0.741584086891932 0.636881129150192 0.537934047823466 0.486788634756847 0.550585886062364 0.400857345030484 0.297291660385995 0.165251700772543 0.551471503765901 0.549739111488861 0.494089171360659 0.481802284757471 0.462839011185763 0.466195228994824 0.491746201575958 0.425708654430622 0.494385256732524 0.435033195400657 0.421105446294242 0.454491856437622 0.50475705323613 0.300427066114895 0.479423468518355 0.390901315300919 0.438214105744815 0.433670451317009 0.506676835640976 0.434107039976828 0.460686988617769 0.394958300609096 0.783613175064243 0.549368117755973 0.663373749018362 0.606812713420636 0.343514909491768 0.247324396041269 0.611219272455135 0.42867584222724 0.337929870362939 0.364663530676095 0.26435104449644 -0.0199998083983606 0.207988874560813 0.55236731832004 0.459455715562302 0.64190748418156 0.557922644922432 0.424739741746816 0.429526797980473 0.338064740372125 0.578420019091442 0.511434199202809 0.632082651892883 0.366677768158987 0.570428386780344 0.523534802463641
0.499622573053034 0.401570788049149 0.681470568384894 0.770008547686785 0.536444007217724 0.383080300682529 0.689756382019914 0.646038464364214 0.50282676563359 0.440238567765032 0.434691833665904 0.537184237953043 0.641758052782972 0.652702518571668 0.762648940195165 0.826235039844658 0.540271813746239 0.552177116919266 0.549315246066989 0.296048689463137 0.602757419759532 0.703077483430862 0.772285426323037 1 0.468238259738827 0.717102359442597 0.527869406170202 0.583548841547495 0.564785346137705 0.555461590200269 0.640962370455063 0.749328264390928 0.619188628147525 0.674540395052272 0.586047007192185 0.510698375412001 0.443840941361358 0.480984163587833 0.51050418542564 0.376615800726825 0.336398076561066 0.161470747130829 0.440468155523134 0.457721180655017 0.413943713622362 0.413744439610491 0.42754379785621 0.426496873574949 0.39949869005922 0.332946783042925 0.490220931010202 0.409247037420269 0.440500895962218 0.416193491381603 0.480851993320316 0.35974131120852 0.516260288482996 0.463149667024924 0.44114531650299 0.416168809860088 0.490452736690975 0.511397929733431 0.475103482218616 0.437250858902868 0.652787810481724 0.657770167438969 0.545203654197641 0.519747576863825 0.41105992253646 0.302260264232821 0.465727617932826 0.300564540224931 0.230737147777493 0.272938296807958 0.184860573372129 -0.0731843970600892 0.0446787605127351 0.427521522102382 0.440961672222371 0.56687749041348 0.573139519833605 0.529361368780762 0.538300099843354 0.418725508747448 0.584263388942091 0.643850711125939 0.59826239242771 0.436213402958672 0.596605284891006 0.533262279737618
