1 0.900207514025546 0.515762513205816 0.561282117536994 0.409894192096936 0.458122609578295 0.588076454074273 0.488099092037795 0.403983770062819 0.531730186316761 0.721922602512027 0.553802996135795 0.80211363339929 0.479749081460232 0.668344745830371 0.746530658594493 0.717008206139412 0.7067360244151 0.898463820831519 0.881773317533735 0.0367856891252419 0.450850098111127 0.693435040937275 0.68088363665401 0.690954113630919 0.736703953496004 0.653441806677375 0.49864848067532 0.718902291594913 0.66773753352243 0.601585456889157 0.578824033487356 0.686323345879877 0.585161621103009 0.435688127072873 0.588579950517402 0.53280978972279 0.500114153619189 0.663247281560473 0.813221645804601 0.654426665390208 0.674938657449727 0.56763741523773 0.633826355589231 0.601101599078097 0.680474152942881 0.789821613192299 0.786352683392945 0.564869005308211 0.5031962583175 0.545846409866226 0.54267529421824 0.526130980164686 0.346301451361374 0.820564857155513 0.795565861834819 0.938647029002889 0.869705975821607 0.795214189642179 0.644781993864813 0.766270474402157 0.0263828531834459 0.446650313142977 0.291486817479627 0.51581903804834 0.663948739265183 0.563573281136758 0.635658416995393 0.902178804901235 0.831460820760302 0.358026759736559 0.311023279856282 -0.103510585366835 0.340900126702041 -0.0279652603881288 0.306770293390417 0.212047600209335 0.417597239804067 0.48106654188791 0.540134451295486 0.840056995639247 0.839722476254693 0.837050633815472 0.854830844127314 0.789216844084624 0.753799133519988 0.757189216752418 0.735277715577648 0.806848094410845 0.680097193221794
0.900207514025546 1 0.497050215677532 0.617121037798172 0.405310070689778 0.496842226787943 0.625633838352993 0.578774131383193 0.37428924826851 0.543409173682159 0.701625003142343 0.623115004528298 0.783599193644626 0.582460426215638 0.615918238048246 0.759998628398313 0.779018115825525 0.782326956471164 0.86448055121025 0.913627649632247 0.0127583465332631 0.510588701521412 0.639732998332631 0.659548719487752 0.680780905506499 0.699279255279794 0.576367373852362 0.454666112843441 0.784253316503694 0.769195418283924 0.653968183606004 0.587765994287084 0.746599555180008 0.675021702398538 0.496890550609548 0.613505993518547 0.502246856747845 0.601164145739514 0.735035975105022 0.841469909241563 0.608730923549431 0.624251040488592 0.629332963264506 0.685277203259677 0.618591382368789 0.698522687943287 0.772747228118833 0.774983072536624 0.591369805509705 0.547277679707911 0.595004576941363 0.595565316410591 0.573391454452341 0.430727917119064 0.807481550479743 0.784006334343112 0.918100015109732 0.912313127211845 0.729415286633502 0.667660772415739 0.646594311085481 0.132754925882773 0.495928802963278 0.47942599927373 0.404036767723155 0.575822674583714 0.539941730770273 0.618518863227824 0.856007874980206 0.813306033610447 0.427655854481051 0.414997797353954 -0.0200081827666029 0.358937664855703 0.0349646944974319 0.263577873685089 0.159449575845687 0.426484031611336 0.549807268326768 0.62691266095207 0.87293845163778 0.887605324411263 0.798250191574921 0.79676849976451 0.694580266119194 0.733956180856537 0.752224628615792 0.68503563667507 0.745440637521922 0.702336429339492
0.515762513205816 0.497050215677532 1 0.790528583763542 0.517588373042829 0.410118337800963 0.870788805672304 0.677438221809428 0.765009948762665 0.584801640397036 0.385390592763868 0.46376559583431 0.672481965396254 0.309792605428174 0.706756693942608 0.570717562373084 0.352288225376824 0.372571191895824 0.630676632054914 0.483033667502144 -0.0796290124688015 0.453840942342504 0.8134391839966 0.754658662336411 0.586251392503319 0.541118133655412 0.393406828069987 0.336732530481985 0.365938127096097 0.335179117236983 0.614354846978205 0.573786609346277 0.607584039207113 0.530556166812016 0.619827583095093 0.566899499333752 0.418255159937702 0.25139171705184 0.401290803165596 0.392819884582246 0.331639394540884 0.172645695174856 0.506223077787984 0.462827702976969 0.393852384745593 0.398011685691384 0.391686901162323 0.385461648896597 0.294180231886542 0.312197553131155 0.396367232980687 0.328535026257496 0.371569442469406 0.445632630175397 0.380296951888193 0.356752137522646 0.476679821016656 0.477788054796354 0.438691318263856 0.292688838614453 0.714456712123329 0.405958224105333 0.34797933357439 0.195872531173012 0.709919165896038 0.641870770115331 0.691807317416392 0.587087136535585 0.438025973325052 0.369767406298337 0.4798221700261 0.487233644404502 0.293681569092231 0.410927973347373 0.144535452708529 0.245917880514948 0.139650712399252 0.360874894927554 0.347191445526783 0.318686243138671 0.33965203658348 0.425040898554716 0.301448154311235 0.31706872487346 0.590509360344316 0.57277849007025 0.328529674032609 0.37319647013261 0.456788949602372 0.508598074380938
0.561282117536994 0.617121037798172 0.790528583763542 1 0.73048571723478 0.743406461613706 0.875802691881216 0.928393046986632 0.644621175899338 0.744491581336884 0.481713660568266 0.694375794809616 0.651863151515891 0.673162801159157 0.597672572683767 0.714798330777436 0.573321191918388 0.615297620835878 0.676105406683597 0.686585725527695 -0.122318176222 0.382831704103798 0.783597841400928 0.800237468966923 0.64298438911944 0.730846872971764 0.620132082127038 0.340587996172917 0.594035243400979 0.63360015373348 0.759022159340421 0.798362565671228 0.792379637344037 0.797231205379254 0.730365927693386 0.691719951377174 0.386160870230591 0.316125769944635 0.45674435806815 0.496248280204699 0.294243138178545 0.181449732780539 0.718047786521263 0.6820844730767 0.603239572162597 0.642745088698505 0.516270978976608 0.514372942304376 0.534516514040741 0.559226139854772 0.584817256459581 0.550936277072626 0.579469999379891 0.664624874853515 0.475680821432831 0.510538583491753 0.601582382600334 0.605218578981323 0.624646700009289 0.445786256615892 0.734826163765087 0.634250862170214 0.622714939709184 0.575136357101379 0.494171657689907 0.60860707610066 0.805328836763235 0.793248018959765 0.485631287821036 0.338921564833508 0.69385065684253 0.67764645739307 0.361826181074853 0.607176294856426 0.0967710453318875 0.399283097351605 0.336528307653303 0.630966934699358 0.623842347549401 0.542778221415083 0.514323089985379 0.589359817700825 0.425234544683872 0.366774729364014 0.55099474216394 0.692683197797316 0.408984763009837 0.344709617693386 0.571966012505824 0.74859260229522
0.409894192096936 0.405310070689778 0.517588373042829 0.73048571723478 1 0.737374752694743 0.699941099570521 0.750240465956555 0.591778267819481 0.653086645260677 0.449006175914005 0.505698669155675 0.484620035356371 0.560577039536792 0.441213612213249 0.54500797469094 0.476337154331942 0.498298172484527 0.52192843631819 0.513626820493293 -0.146521808563435 0.190297766554948 0.573477515479476 0.528239252392908 0.52695921603198 0.593775235414551 0.607194883298945 0.175687685199438 0.512433839094123 0.51674550804193 0.576030733501802 0.646122611793814 0.642284783225919 0.623786951518687 0.572872112586945 0.509197436458099 0.23079782419615 0.205643356708071 0.303884194310554 0.2739258202523 0.118902930330304 0.0373947716167069 0.51567127452824 0.495115011061712 0.424989655641436 0.452390092413116 0.330830099228836 0.301115486021884 0.361410383865834 0.381848546548102 0.330602251384332 0.336096479581993 0.379700593494389 0.477346755801608 0.298536900232481 0.345678683450496 0.454719111829689 0.463948440519788 0.432425809719045 0.262493370233387 0.567471797411344 0.476427041464567 0.536639898742287 0.509156575496666 0.275317729407774 0.322969431743266 0.577802925087457 0.561741044992788 0.348496067451986 0.186315629758635 0.54824264830669 0.562343048316378 0.199691561891719 0.496176937650726 0.0639379280498221 0.262799676463106 0.35928304563277 0.534331917147346 0.544567084399834 0.451624439040968 0.391914046487828 0.422639771231742 0.381957746231278 0.236061091498221 0.380816474788059 0.466087977979915 0.34339729257647 0.207231397985177 0.406993937751313 0.612427178678051
0.458122609578295 0.496842226787943 0.410118337800963 0.743406461613706 0.737374752694743 1 0.620332384290466 0.770157435452542 0.477848471642207 0.68873345246332 0.316625445335866 0.424597425760218 0.411605435017425 0.57987762074808 0.33046648346723 0.567627053924041 0.569988412926404 0.618021635525216 0.498929256538852 0.551496783302832 -0.10169556783442 0.304087803542134 0.547830392268704 0.519166717855961 0.632436097272663 0.747664917079003 0.767175662780738 0.440103079390825 0.517211881913805 0.575303324131628 0.640289563053621 0.652713704137727 0.732083334226498 0.730911449065722 0.631597262473728 0.649567121838959 0.328584465363885 0.246972741412859 0.356436918953796 0.457982055586433 0.172288854394148 0.133392255890879 0.72247750449086 0.69612627707877 0.648715647762918 0.692001298483232 0.555857316008092 0.538072225629223 0.649045735876419 0.658778593543085 0.637994317078607 0.631941923971 0.680355075679122 0.703079370177455 0.494487870443203 0.573796716783361 0.56046767561071 0.573381404495202 0.651452632882344 0.492181807838405 0.533098864651414 0.44164378654988 0.492511106429183 0.518375882188629 0.148665077001647 0.380794433826834 0.699971860642181 0.717515542060346 0.466702685937961 0.257893033731866 0.641427031694379 0.575095936704974 0.172773988957438 0.521155188332787 -0.0528275426818649 0.406994177831266 0.456208618892818 0.718015050488718 0.639598607430328 0.543040741319118 0.499444139665209 0.54323335968143 0.408923035834069 0.319108575881905 0.43310145757665 0.57827104092935 0.357150080157735 0.228847039175951 0.567301243268285 0.775155290412877
0.588076454074273 0.625633838352993 0.870788805672304 0.875802691881216 0.699941099570521 0.620332384290466 1 0.875013873546607 0.785256362947451 0.71199429818115 0.516641223687214 0.617971176702857 0.758547422995927 0.56486751503559 0.729063682928987 0.684421734198124 0.597951998302988 0.636698357646899 0.753256056147453 0.635860860953523 -0.12735202265338 0.424653059082878 0.848827074726112 0.757106542409732 0.688653421300018 0.64363162057795 0.512368856835305 0.307584111208131 0.574572511349734 0.567506073406625 0.747787480103789 0.696628541695409 0.812286512098447 0.752308994487757 0.762266666880866 0.679566687879843 0.413371224385382 0.367343217063356 0.54155417350506 0.513501967529749 0.338509303720541 0.176227279666478 0.714625419107489 0.68231906707251 0.533116776152346 0.576398483154929 0.513314156895749 0.509128375273882 0.440157604232613 0.465153876845612 0.53691054893347 0.47630429040835 0.544317423031153 0.646690983768158 0.487749559116966 0.496787910549983 0.623100079004998 0.667497770556912 0.549594780391168 0.367321813946659 0.747204158995003 0.493418633491279 0.555631233657585 0.465929248248878 0.563700946543062 0.568438300129379 0.779041588599569 0.70232877553561 0.53673317095665 0.407572057938082 0.624334459303915 0.644173057503628 0.251474225903139 0.489933493494136 0.163806644956491 0.280865132334305 0.337250263470199 0.596771446956447 0.596845131366816 0.528364499981962 0.524113464310805 0.601334076408683 0.460772240007411 0.354109676198732 0.632442931860483 0.654499155069256 0.45008340790078 0.366612515382014 0.547400384648525 0.705064123720906
0.488099092037795 0.578774131383193 0.677438221809428 0.928393046986632 0.750240465956555 0.770157435452542 0.875013873546607 1 0.647929354128215 0.746260038492427 0.48087653900872 0.722031615224204 0.619943558078096 0.77655706680875 0.555700070558715 0.695492490413647 0.635453385421876 0.684267704171126 0.628969127115052 0.659308403723759 -0.157464903657767 0.319992673646331 0.705620790301125 0.725571308077691 0.597510109504277 0.661391787564778 0.554048778035575 0.205664837541129 0.625033684002309 0.676907542372254 0.779901333472733 0.785251195474148 0.824303417841214 0.844306047269632 0.756712546592796 0.667049018701606 0.30451780603728 0.303161324191019 0.465892743504529 0.454103172673578 0.248968638585253 0.102729369743085 0.752835394205458 0.718484040036715 0.574787886229527 0.62708389644439 0.475267455234895 0.473643909216767 0.510859323680132 0.53299427290034 0.592297324337602 0.534792605752695 0.589110684278194 0.725828091354138 0.43093464166255 0.463533099121191 0.567669100598321 0.608072075661606 0.582110235460237 0.392214013323515 0.669493745961018 0.667425939256717 0.673396758349371 0.692003132629224 0.345108030591719 0.471019258411481 0.768436271146536 0.745511905554694 0.459627668235682 0.288699889865477 0.723545645517662 0.744533723653086 0.360722723239159 0.644043974658763 0.189008767352995 0.399494180320019 0.45650232808826 0.710461204695008 0.700538904560437 0.611548729408932 0.515814948349155 0.583904982932802 0.399144085920644 0.266213581359399 0.454231677323261 0.630032820845986 0.373906431418198 0.206013872121878 0.497429806469069 0.74563131995195
0.403983770062819 0.37428924826851 0.765009948762665 0.644621175899338 0.591778267819481 0.477848471642207 0.785256362947451 0.647929354128215 1 0.728311416788528 0.371988903158191 0.44326245447969 0.572701912255732 0.36233029608733 0.657476235734642 0.494289362775886 0.349333442503872 0.408305084759236 0.491942919589502 0.357695870818358 -0.0196757070569606 0.256938345984991 0.673417485069515 0.581935008466928 0.601785958007318 0.450099984786139 0.406823421433698 0.274936343231391 0.304634019801466 0.281728489422195 0.512333411944182 0.441243357944721 0.561136041065691 0.508373826753717 0.609093597987184 0.492030213395917 0.330090296846043 0.262646993719649 0.379322147348954 0.330023137852912 0.169834827200243 0.104586587608561 0.528552388006744 0.491737544869492 0.397992340504415 0.38910509443165 0.367835765263029 0.361552069688191 0.320822071829605 0.328380888106093 0.419467636329525 0.34166443590782 0.388930751183746 0.483694982835235 0.337911627571657 0.340332305761655 0.397165820354285 0.465978702350446 0.381497941960565 0.259382571207145 0.643795833757348 0.407132681446576 0.272655731270394 0.211788773086065 0.545027033591422 0.474629633161832 0.600523777793398 0.490126287981179 0.376596141914151 0.249185419384693 0.458334834109223 0.455222634790298 0.16971384082266 0.341703712798246 0.151201046917321 0.230299419262623 0.357630778789639 0.467048801702384 0.380522887879381 0.357555864843785 0.28062290015887 0.334230983949169 0.283301200583874 0.188049988891518 0.491587695758961 0.484315186231992 0.292362778431041 0.184601664391985 0.397314740836794 0.513496531238637
0.531730186316761 0.543409173682159 0.584801640397036 0.744491581336884 0.653086645260677 0.68873345246332 0.71199429818115 0.746260038492427 0.728311416788528 1 0.390983829771887 0.609263077264615 0.58518101561021 0.591787727546465 0.622744590767821 0.72536354406814 0.415542915613855 0.495400692408115 0.601065657575697 0.579173092353287 0.00858501998158326 0.288968110690695 0.678920595859071 0.703462530714373 0.662245898731804 0.66886781589039 0.636647398795807 0.410921217234709 0.414846815153836 0.451640817991414 0.559628091183864 0.585153721729448 0.590225461588144 0.575689166348162 0.553132919497944 0.528775903092429 0.271313534051631 0.295221096165422 0.415255247978255 0.504128196426893 0.151262946867463 0.176071518418191 0.605966622287251 0.59533436831579 0.503321352494471 0.544201703827811 0.540345686463879 0.551836122128156 0.461531015432009 0.457743200198771 0.535640966250775 0.508107963867934 0.526375072027237 0.525031193201587 0.509124088409347 0.562462148170827 0.533263113766011 0.550664612951092 0.547201546514947 0.453494604887808 0.626294776463316 0.475065852432534 0.365614903882927 0.386272600960553 0.463614267944334 0.58274270472255 0.618646728046734 0.596592224620551 0.49570572984116 0.403149781298688 0.43016625445051 0.422567341585365 0.0455448202019452 0.445340696084043 0.00264466892834406 0.286704591119612 0.323025430318576 0.518122954503008 0.437480132497655 0.425063928878217 0.45374075195397 0.508753094687877 0.452431726438305 0.38403475268898 0.589100678870911 0.708256512238176 0.435589644467636 0.393313499069051 0.586391563490649 0.713642675996888
0.721922602512027 0.701625003142343 0.385390592763868 0.481713660568266 0.449006175914005 0.316625445335866 0.516641223687214 0.48087653900872 0.371988903158191 0.390983829771887 1 0.752438713261452 0.800860719317954 0.68877770479178 0.535714674564299 0.604778485559173 0.666185463175608 0.641357809382404 0.725859660365731 0.7862937181545 -0.0537473083609405 0.205918229813906 0.444970266670612 0.442209482161046 0.353936382969469 0.379243050064355 0.34440936270831 0.0582742217858349 0.79010666986174 0.740869663905889 0.541201753485787 0.533157536603112 0.581024010936239 0.560260810412892 0.325663879513841 0.296038321797874 0.227986324219376 0.347396097795424 0.492879237687204 0.510318908643326 0.465910022768794 0.516173844548353 0.332849836306431 0.419798634237775 0.336931951015058 0.409134898374182 0.400928795710213 0.40768923410554 0.257090063497471 0.210116216491185 0.219583463248395 0.210949156317308 0.212699548569621 0.149624677205464 0.424477113320819 0.395649485331259 0.649246888494105 0.630222737164836 0.430386434568126 0.282606179808361 0.704783447077814 0.312571202828645 0.724121517634323 0.588105586959021 0.378418039599573 0.322675793416339 0.297931112349478 0.340975672123439 0.566405649142928 0.540794633501525 0.364117166385686 0.328873112845131 0.0906185631012725 0.38324730358056 0.222653575715895 0.273385252823079 0.240198008043435 0.358021496261959 0.488476342175428 0.528965083026044 0.638452341942761 0.579130564879071 0.617182285715965 0.47667732239757 0.396089911775506 0.400819821083571 0.481948499585938 0.297231060704962 0.436916712570498 0.429520167335124
0.553802996135795 0.623115004528298 0.46376559583431 0.694375794809616 0.505698669155675 0.424597425760218 0.617971176702857 0.722031615224204 0.44326245447969 0.609263077264615 0.752438713261452 1 0.698500546782306 0.884847358354838 0.570999234928792 0.753024385959489 0.570900416217624 0.600968939718239 0.664624037562229 0.754265237523444 -0.0307049212848274 0.201731239715679 0.53700613260936 0.632205191404143 0.341090552293698 0.427557576692373 0.323315934452174 -0.00325548761825432 0.737238587975123 0.759889075210095 0.628258375409102 0.690945209732986 0.599365773260429 0.655317905831113 0.440080443980275 0.362267301194408 0.140575642042421 0.367458318500982 0.428314706533055 0.416291318526287 0.333823375704081 0.28990932208524 0.421438083182176 0.46893420563149 0.356528888976602 0.41852535584619 0.331795373024536 0.341605789842841 0.246803661169268 0.228567054736078 0.269907650403518 0.246946675185059 0.245796244440648 0.3120240537168 0.331871433429832 0.32756447069515 0.52699236948608 0.5311349705796 0.365140588147107 0.19792768563473 0.65506636162608 0.659859304404837 0.719114078445622 0.723632801324616 0.438687594114874 0.429310031821819 0.399692752858918 0.429539253472607 0.449156547198416 0.402740159940217 0.412444483764676 0.434643019104561 0.18550443938561 0.499986882621116 0.192708291105367 0.313078415229598 0.318685393430689 0.445254914420038 0.517213804309375 0.533543771715939 0.526461263884242 0.538598067174004 0.510828684213234 0.366728194233315 0.357020438214307 0.532656198561686 0.40962489791087 0.242823648202792 0.374057249533427 0.492240762325287
0.80211363339929 0.783599193644626 0.672481965396254 0.651863151515891 0.484620035356371 0.411605435017425 0.758547422995927 0.619943558078096 0.572701912255732 0.58518101561021 0.800860719317954 0.698500546782306 1 0.604508870850618 0.754478497169983 0.736447075815752 0.653041268365542 0.649940653173263 0.859561255748587 0.785138662895513 -0.0440660186119797 0.508029313955996 0.71273428156068 0.645925830805335 0.587111344115352 0.55469537092776 0.475565996787774 0.277421496447586 0.733442307148302 0.670723448321557 0.637815738332267 0.599974152095101 0.710557349956007 0.614614796661155 0.449433241015568 0.506569674949642 0.328478224940152 0.357597180927789 0.589253212758434 0.652413268291993 0.565320253809065 0.475661496400836 0.524203890622383 0.588760734107839 0.474428053700155 0.543428514450946 0.602570328747349 0.612802272677917 0.357510117892185 0.316836506291742 0.40911536533249 0.367554939513293 0.392199547513087 0.334123135643091 0.613197354814922 0.580449495270034 0.761712981394923 0.744275633563565 0.562461293763709 0.41426629353023 0.836740477108396 0.295763265914309 0.605241555514677 0.430095249942619 0.603622524139765 0.580718003926429 0.51640893165378 0.533416244080972 0.671319498789403 0.665004639443637 0.450997104566979 0.439096771737982 0.110060619195968 0.357034936619373 0.226128782735537 0.273307974186026 0.0909875150093693 0.378306568610044 0.487247426687725 0.529572369093594 0.689078314147971 0.703568248654254 0.651213730758766 0.590769681894397 0.630468837311881 0.597370406954898 0.555543256882996 0.500315226428768 0.62559703560544 0.595302970839927
0.479749081460232 0.582460426215638 0.309792605428174 0.673162801159157 0.560577039536792 0.57987762074808 0.56486751503559 0.77655706680875 0.36233029608733 0.591787727546465 0.68877770479178 0.884847358354838 0.604508870850618 1 0.426003287754154 0.698093219741095 0.677936437011773 0.703406882433542 0.570502872600349 0.720653458466986 -0.0370242812072197 0.167849238483061 0.423392817425706 0.520968861866516 0.379292380398497 0.471456270905082 0.396290062265675 0.0111144074704873 0.759680560181612 0.807260451805234 0.68117479393101 0.707002769941373 0.685393967973463 0.755323875012116 0.514345651020526 0.412846146363862 0.0980333206179228 0.321008586817267 0.435768219375261 0.401219613143476 0.275014011540249 0.199173079976689 0.552951510980322 0.590647011720072 0.4489817195042 0.521046301138049 0.380873866680103 0.37965172546464 0.380967142434727 0.366173230134314 0.401857569652014 0.379131746604717 0.388024876471093 0.467881952346797 0.346693764001688 0.365900822551127 0.526910025596523 0.559194546634785 0.439778664636879 0.277633807334918 0.565244322059771 0.643232094689634 0.813027541612165 0.86688150394726 0.185298548090766 0.290968748352905 0.440705613023184 0.49153128821373 0.435518932937911 0.321863814542948 0.504366947115772 0.523129235899254 0.204572451752776 0.57565579906911 0.195517476462097 0.346777485270957 0.483501647044914 0.620124575448588 0.670323983164187 0.6498740415768 0.576474975218354 0.571725292080021 0.46868030676694 0.280153314546839 0.260189289855546 0.488181168367176 0.361970171412783 0.120362844481103 0.389456994905001 0.582976232896653
0.668344745830371 0.615918238048246 0.706756693942608 0.597672572683767 0.441213612213249 0.33046648346723 0.729063682928987 0.555700070558715 0.657476235734642 0.622744590767821 0.535714674564299 0.570999234928792 0.754478497169983 0.426003287754154 1 0.810350179122364 0.50511503559256 0.535254851829455 0.783119391885045 0.618211211297527 0.0838525710307485 0.445963931521098 0.877650294000126 0.786161432572219 0.651864092009268 0.563927837415775 0.437807602837125 0.342268923846828 0.575944493216954 0.493411274335318 0.640367168064756 0.631829601774849 0.598182349116845 0.514727405230216 0.531127378048928 0.540843193395449 0.345960722094653 0.367147819111227 0.520266030072303 0.518188616524691 0.432444644556813 0.410270533461777 0.478120063764161 0.492730038997401 0.366824736616722 0.411744069902326 0.490119642043705 0.478031512727622 0.241483240104708 0.235368106348519 0.330206710415369 0.273500239444815 0.330518768477244 0.313113668345866 0.520963408557836 0.479973318923871 0.629456209716562 0.6185003446897 0.4148773575908 0.274156226975137 0.698536271203012 0.181964569282856 0.393995206681984 0.217989945667966 0.705503378224159 0.581991342016789 0.525469838887198 0.487615870075566 0.584801551237368 0.58289031067526 0.348513300536473 0.324968928862329 0.012498879485945 0.351756179992883 0.132203976614479 0.227827482352578 0.198981242744724 0.355736827982328 0.425180046548773 0.514579662291906 0.593133578826688 0.633529734449484 0.632297295835751 0.565644337632145 0.729950378256991 0.631651360174283 0.578036696866788 0.572805191287626 0.542602872346246 0.498616923954888
0.746530658594493 0.759998628398313 0.570717562373084 0.714798330777436 0.54500797469094 0.567627053924041 0.684421734198124 0.695492490413647 0.494289362775886 0.72536354406814 0.604778485559173 0.753024385959489 0.736447075815752 0.698093219741095 0.810350179122364 1 0.658501180836869 0.69144978722313 0.819245638306758 0.813954658317935 0.10809642877194 0.437085057348989 0.812314156525285 0.864296564933805 0.673777575104211 0.738905463399179 0.587903980914794 0.387660343977053 0.74823520529253 0.732224557258292 0.759758592422705 0.789627188729193 0.707151938460691 0.676255372426881 0.555089143264144 0.639222944941561 0.326440120662048 0.424120612487057 0.54214161163085 0.658480550686401 0.467358934895823 0.432896949394026 0.599580215954522 0.632149833147182 0.494373923393313 0.574661375754923 0.613512743360116 0.610078468167279 0.397017414379327 0.370045248178264 0.452775845426936 0.420931380418075 0.451532510511134 0.429145044005529 0.61465515174199 0.618942746908533 0.759701784240476 0.727768711148029 0.550328790110253 0.369760161558261 0.668299030499365 0.292595108604118 0.537740706223095 0.46827179369193 0.559085626831473 0.622417891985906 0.579183969244891 0.621363088203869 0.695766102836679 0.674932484485697 0.429567386945199 0.399679609802867 -0.0286143905022714 0.487171260179723 0.0121176072336566 0.353752628571176 0.27636862889063 0.509286189384527 0.568496610251842 0.633376496667971 0.752275440446446 0.793701983508684 0.728369115737409 0.689880046030945 0.681076007424231 0.775313880074964 0.624516964189085 0.627020447049747 0.61649685570823 0.651398802465754
0.717008206139412 0.779018115825525 0.352288225376824 0.573321191918388 0.476337154331942 0.569988412926404 0.597951998302988 0.635453385421876 0.349333442503872 0.415542915613855 0.666185463175608 0.570900416217624 0.653041268365542 0.677936437011773 0.50511503559256 0.658501180836869 1 0.962143902410375 0.723919065941091 0.80539527614149 0.000596928031203398 0.380616651493811 0.529270270955755 0.496570306353658 0.632851025719377 0.635845151947115 0.581059553172401 0.303587150589061 0.874341528683785 0.869609175078107 0.797656545372381 0.678859421835991 0.882632367374743 0.859332473279453 0.594459841390372 0.647455515729596 0.414632105411666 0.477682524050345 0.687845005783409 0.680584378211188 0.553104515637126 0.463618366763466 0.748334144695832 0.79477475815575 0.636257144194402 0.737684587930149 0.681792924507763 0.682585080846693 0.604966481450946 0.603252523700556 0.613244678061879 0.581238813004897 0.624341247272907 0.602398910183663 0.658149938204395 0.664600551092542 0.845446388115888 0.872682063883948 0.675856739470429 0.480585887169528 0.605618205533067 0.192144221501399 0.703966652960937 0.660214364125176 0.161468561384263 0.314721375905457 0.583816937725444 0.649399700670316 0.744150526591788 0.609375131963887 0.583746720915739 0.555838709208882 0.00635352714334556 0.41024665108835 0.103377994298864 0.353615918709538 0.483453610996741 0.699782321819772 0.847118134941198 0.819791058071292 0.865253248745347 0.842501780567128 0.703136520624059 0.558722083409727 0.503318253050513 0.574426300324583 0.604384128295728 0.360726205554729 0.616165795642872 0.69638057622793
0.7067360244151 0.782326956471164 0.372571191895824 0.615297620835878 0.498298172484527 0.618021635525216 0.636698357646899 0.684267704171126 0.408305084759236 0.495400692408115 0.641357809382404 0.600968939718239 0.649940653173263 0.703406882433542 0.535254851829455 0.69144978722313 0.962143902410375 1 0.732185729211173 0.796946022462949 0.0613393796594334 0.376647174882219 0.575925349689813 0.539510795823351 0.686423660108626 0.674184199385707 0.600809343093527 0.332347713145305 0.847366572198282 0.865583248052029 0.814312405554608 0.700667344600783 0.905150369470051 0.887039159060725 0.654208756695286 0.697867859718663 0.412610568439371 0.511353994236475 0.683462911621243 0.696921254158032 0.507989366049717 0.460663375997543 0.79979360415131 0.841149173459302 0.6813326762344 0.77813605326128 0.702826367230747 0.708124664473108 0.638455168880651 0.645768125993857 0.662682211290633 0.6280585127921 0.667291454429137 0.655520924411601 0.675231290398223 0.701332281321978 0.845080718434172 0.890671452254695 0.688126925217159 0.498041652576055 0.619857425207256 0.23415748272578 0.675999916112695 0.641736874454299 0.194636385618823 0.35128661891415 0.633793443711395 0.693902062306753 0.746508560074108 0.601239896150795 0.609194158332392 0.576984555455808 0.018819623214757 0.462757430161636 0.128266308116849 0.406211527224784 0.553322669937602 0.782046865114936 0.882205769794808 0.854274784155912 0.859372172721543 0.851422036050502 0.709233418843701 0.559651198922353 0.541058198930909 0.618320051294488 0.617495635579199 0.362721626031043 0.641504124539171 0.737640934866464
0.898463820831519 0.86448055121025 0.630676632054914 0.676105406683597 0.52192843631819 0.498929256538852 0.753256056147453 0.628969127115052 0.491942919589502 0.601065657575697 0.725859660365731 0.664624037562229 0.859561255748587 0.570502872600349 0.783119391885045 0.819245638306758 0.723919065941091 0.732185729211173 1 0.878198581937873 0.0138156346109144 0.464527266723918 0.813996610020282 0.756388503363295 0.68905422790895 0.705101817126294 0.582254563886013 0.388180658433432 0.760646899397969 0.723912136122791 0.70707586833469 0.69890219678303 0.760996421592843 0.680845118673016 0.557688464075225 0.631607227187689 0.457307472229862 0.519901274005495 0.660196423947484 0.710381796317959 0.554395449849128 0.50491785400986 0.613475611809937 0.658270429610226 0.569058840396795 0.639861384012753 0.690523231265969 0.683597263364469 0.476873823800593 0.443564375478503 0.479997710748472 0.463714418288679 0.493994607065104 0.419595404447602 0.690610860911911 0.674840845681508 0.873828092129698 0.842835453005241 0.658024809230195 0.488626892349889 0.778744657392609 0.209024478406814 0.547963898846685 0.407641473783262 0.572741487759764 0.626191701834512 0.611822719409347 0.632737539888717 0.804192555631991 0.738984937044302 0.417543380256904 0.407548111466254 -0.0242645293552132 0.372210530834371 0.0381548231944802 0.251929430099917 0.24170687217115 0.474546759571139 0.556726550763726 0.604684391878741 0.787102886286684 0.81462867283459 0.777909117623594 0.732988960558648 0.773466875481398 0.724182653116695 0.693430194697788 0.66182332249477 0.697742045281208 0.670371396679767
0.881773317533735 0.913627649632247 0.483033667502144 0.686585725527695 0.513626820493293 0.551496783302832 0.635860860953523 0.659308403723759 0.357695870818358 0.579173092353287 0.7862937181545 0.754265237523444 0.785138662895513 0.720653458466986 0.618211211297527 0.813954658317935 0.80539527614149 0.796946022462949 0.878198581937873 1 -0.0180762189851354 0.412950791128691 0.656295224980233 0.695346718950472 0.611343095680087 0.699008533949224 0.599791858175349 0.33345734418065 0.865153415293412 0.861642405846695 0.727357250545163 0.73575026811794 0.772589169013101 0.74865354810264 0.484002047145778 0.595670547314952 0.424143690171316 0.485615551725591 0.625224432253867 0.736460022669101 0.574945493507532 0.566594448753604 0.615413460396498 0.673909657389023 0.612614726056649 0.695855268299926 0.687103792807779 0.691222684175094 0.544360477935612 0.502311603546888 0.506239213679165 0.505912785271527 0.487159914894326 0.415026444639366 0.68256383632031 0.679609574659169 0.882479691357308 0.833453247817517 0.706643024648073 0.549530770217248 0.713142324978109 0.278622361199862 0.634544013590051 0.581394068166234 0.394288925362823 0.547718309441691 0.56559155811028 0.65165018900298 0.804456221664319 0.732831391873829 0.496869750338452 0.480345034599282 0.0576369676747953 0.485868180264371 0.0726490894654929 0.35736996882294 0.266073132421676 0.499065557864329 0.623132085601961 0.652428858682035 0.819995552395064 0.818879025592185 0.760209641694048 0.705800560087734 0.607117193643879 0.686513577523504 0.672505928085387 0.572692522517646 0.665623957240042 0.671318823635788
0.0367856891252419 0.0127583465332631 -0.0796290124688015 -0.122318176222 -0.146521808563435 -0.10169556783442 -0.12735202265338 -0.157464903657767 -0.0196757070569606 0.00858501998158326 -0.0537473083609405 -0.0307049212848274 -0.0440660186119797 -0.0370242812072197 0.0838525710307485 0.10809642877194 0.000596928031203398 0.0613393796594334 0.0138156346109144 -0.0180762189851354 1 -0.0357960387407554 0.0541467117478555 0.0637117098830746 0.141450150660817 0.0713198479797851 -0.064278370550023 0.195020486157137 -0.0101820977391484 -0.0308964205123667 0.110072818007406 -0.00812019320797614 -0.0248336434666712 -0.0260638214675371 0.102602280293608 0.0938766808485392 0.0125970746287151 0.266497057602336 0.145999312833639 0.145101013493935 0.0424766491678353 0.163270271349637 0.0821393768691581 0.0937933474614705 0.165023626760227 0.13970998489528 0.172163422077659 0.174815551685666 0.145502952702695 0.172636981251537 0.124768944575427 0.181879926342143 0.0988300604454858 -1.58690450973596e-05 0.152660178640317 0.180010298600684 0.0423011713310369 0.079978650754489 0.0256224736483188 0.0841465666092451 -0.0598871356058684 -0.175102331122631 -0.145194774878288 -0.137439569824697 0.0668230445787691 0.10203546131869 -0.000301696590658296 -0.000899133077514185 0.120207240610527 0.150774392850713 -0.0942149281542898 -0.16685378387878 -0.260999711947079 -0.023142250979807 -0.0631228987453293 -0.0709954412631291 0.207841789527287 0.0843675418097507 0.0759605199746725 0.142573998988293 0.132075595237547 0.0946019398216736 0.207990121395705 0.246186358221011 0.162296994875156 0.152638818275847 0.134159380742807 0.196682123977684 0.147244895031954 0.0682265188554639
0.450850098111127 0.510588701521412 0.453840942342504 0.382831704103798 0.190297766554948 0.304087803542134 0.424653059082878 0.319992673646331 0.256938345984991 0.288968110690695 0.205918229813906 0.201731239715679 0.508029313955996 0.167849238483061 0.445963931521098 0.437085057348989 0.380616651493811 0.376647174882219 0.464527266723918 0.412950791128691 -0.0357960387407554 1 0.491239085369804 0.430398601698799 0.50443705319422 0.483195193833517 0.3930554811631 0.415190507642431 0.383256625039593 0.342223062314039 0.461882980036656 0.365250303619816 0.485194597261663 0.358599409512601 0.292791924505606 0.481354453417144 0.266893123120658 0.229896936810977 0.362117832600795 0.525303064731788 0.460822657983113 0.351532759730787 0.400898039476091 0.405006925658499 0.345179517229507 0.397981844615166 0.46480454107425 0.436736334373858 0.291012933485466 0.297621510044191 0.344207056454544 0.351186601197666 0.367023061181882 0.27461602597244 0.489047497673289 0.45678803309403 0.50321414047545 0.468773715674875 0.362929904448439 0.367500781066166 0.374302510745834 0.0264222791824407 0.184564053346004 0.116827073302392 0.421682153693261 0.501254715733668 0.399293053954149 0.443828078992398 0.43647540372298 0.504755302327726 0.313948496954665 0.301361493482831 0.0300154270274827 0.14756759045837 -0.0340367034685495 0.184132466889379 -0.188649711785012 0.139858385004136 0.274458520262068 0.280154157431861 0.433496270518041 0.487401041953379 0.354761437348548 0.453209185999373 0.448217767324057 0.439429715810288 0.36600114944969 0.454201139814647 0.468061169899502 0.42745701334318
0.693435040937275 0.639732998332631 0.8134391839966 0.783597841400928 0.573477515479476 0.547830392268704 0.848827074726112 0.705620790301125 0.673417485069515 0.678920595859071 0.444970266670612 0.53700613260936 0.71273428156068 0.423392817425706 0.877650294000126 0.812314156525285 0.529270270955755 0.575925349689813 0.813996610020282 0.656295224980233 0.0541467117478555 0.491239085369804 1 0.900531140998296 0.790487971775193 0.762602662711274 0.617933832040201 0.482555119067962 0.548263993558989 0.510172711124377 0.732417557575987 0.728325030719051 0.728001366755441 0.641935282260185 0.709178404563344 0.750789385081196 0.42829353122838 0.35812093088777 0.512374582852004 0.567367292500577 0.407558474060706 0.346230314482205 0.664457150537501 0.635271934034083 0.543846208351865 0.58532887477331 0.602683487222317 0.58121880111909 0.443317088279582 0.443748584071474 0.51026080667406 0.474479574397799 0.529562593665052 0.545137496328324 0.593454073531791 0.594848742846026 0.695551935308182 0.671256741182119 0.585964196024464 0.393212460856133 0.732090519478818 0.267419437176862 0.398303744572901 0.221045611726307 0.728690715975673 0.719557152191068 0.776309871090376 0.729762791090947 0.6359159996929 0.543243687862288 0.508638671928649 0.46194566382847 0.0706590534288511 0.442453626936693 0.0387212311032636 0.297882612905119 0.28617995124467 0.515892787704368 0.510558870203265 0.522782770417691 0.604570230615996 0.680997011443346 0.623685132662111 0.596015552924063 0.829155346061517 0.779450374871292 0.579257162226075 0.622988981128945 0.661019225057692 0.680897057569182
0.68088363665401 0.659548719487752 0.754658662336411 0.800237468966923 0.528239252392908 0.519166717855961 0.757106542409732 0.725571308077691 0.581935008466928 0.703462530714373 0.442209482161046 0.632205191404143 0.645925830805335 0.520968861866516 0.786161432572219 0.864296564933805 0.496570306353658 0.539510795823351 0.756388503363295 0.695346718950472 0.0637117098830746 0.430398601698799 0.900531140998296 1 0.712446349061444 0.77022096458181 0.566014416085675 0.442920746216846 0.549684703139311 0.538866468819483 0.711896892373222 0.777539397142389 0.659326876340188 0.617479247243994 0.658562328537385 0.724583051522614 0.383257481768928 0.342134983232242 0.489656627540039 0.577942764172017 0.383473460511968 0.330070858683299 0.604112887674905 0.586554980988345 0.504278485821496 0.546759251258336 0.581059859231475 0.567752865642097 0.412839257804015 0.39147877492813 0.487059204054575 0.443332270738838 0.464712015327432 0.473225002653799 0.579231713683718 0.568058416650598 0.673857168546845 0.628730462681476 0.570569704884096 0.402121228832098 0.674403479510286 0.332931733860516 0.393020643217223 0.297636235980795 0.686006919587521 0.769258133400728 0.725788122108083 0.714474682933113 0.635138332872444 0.564186186457881 0.463975762506337 0.423646762886738 0.0966841470476095 0.500917376716076 0.0141246261040219 0.318173088000726 0.285593374885516 0.482179387699772 0.463291771638216 0.499380942951826 0.611543334782977 0.689164302089492 0.59956570648723 0.621971088896675 0.751562593325174 0.830783541790527 0.565788969239172 0.645019087144014 0.622872748513082 0.634746396974753
