1 0.89445575388789 0.588172897105612 0.684682911419232 0.426217354225985 0.251146438562339 0.587410770003123 0.651866435756458 0.318222108690018 0.1914863625949 0.570823942693075 0.824734180155855 0.627131438611935 0.799921031810746 0.47210988070508 0.645241307368481 0.884775707625619 0.875948359067415 0.849374943466276 0.896719101024926 0.480117739796011 0.694487793751783 0.694230425250801 0.694260769764387 0.675352824639259 0.718959739762965 0.625055851435523 0.29350485739224 0.840604826744773 0.870514454846733 0.729033598414645 0.776694559070406 0.671880823551794 0.774559651338556 0.339813549202252 0.170476556239427 0.607017759256981 0.0552348869918693 0.70385584466971 0.518271473327618 0.493244951145148 -0.239817370442576 0.758275499537784 0.444249699268329 0.757622082527993 0.822261143894227 0.799122850504777 0.379308738383091 0.672971319020143 0.626573022644954 0.681905843135455 0.658306350215105 0.47408580158124 0.582391647945806 0.856293868151765 0.406964781905523 0.904017471911034 0.850297634560738 0.765527099064094 0.77657968372072 0.585182094707666 0.644960374822458 0.666775081139867 0.708509488875747 0.640238763748762 0.457634962150597 0.764448264711419 0.772464763509785 0.86318823670464 0.848524934892885 0.626335987297048 0.797456934100945 0.661402167948493 0.734818133741809 0.359362471772534 0.478264237080947 0.264895750540659 0.640436056591246 0.828999161797325 0.832263465632982 0.900084356630698 0.894129501203976 0.7059309931168 0.665961883014013 0.854534624973883 0.770895700424133 0.639683133118979 0.477010647730914 0.4863406025097 0.715392191278531
0.89445575388789 1 0.547589484192647 0.680082107097911 0.388747967830163 0.326316850621165 0.594719221122751 0.680351057222918 0.369474716554456 0.251756476969934 0.567480139295658 0.815503385344889 0.58210581188442 0.748028314322462 0.433934650488174 0.57148103759825 0.831549347177863 0.85526713152753 0.863339405283294 0.887757788958529 0.447311071033931 0.617142302304252 0.610780418741344 0.58315633490534 0.603973454689655 0.671309532069476 0.525312502571265 0.320472638554836 0.769976388616033 0.787863695314422 0.67919167417223 0.692547154327849 0.687898796150843 0.755839035502297 0.274854596952528 0.234125521968067 0.606245514566861 0.28073228614676 0.549825132511401 0.593439893861591 0.485610040986414 -0.00257704750983347 0.754458367608871 0.564787898822153 0.80125247189839 0.86098117359378 0.84590520461445 0.560004049054391 0.78562330290119 0.753599064680885 0.77519049770713 0.786116178211545 0.637092529799624 0.672675299269907 0.795017073274179 0.592910906212262 0.931943696235129 0.958845075752393 0.802964775670446 0.799090709163692 0.595639020415768 0.574331167096355 0.67101568346497 0.750659956043316 0.442816466172911 0.435951449425599 0.688618593692739 0.735511641559005 0.782851700408871 0.828926145403793 0.6346848715924 0.731095760996745 0.536154968308325 0.695684227491472 0.246870732147688 0.40283088973562 0.364665791705962 0.547334188691521 0.744429501722827 0.792725488272784 0.795711000341732 0.898940836510879 0.637996718397148 0.750517748961948 0.717422975990982 0.717379153826831 0.494567552482305 0.424711031857761 0.524729831063274 0.728414881402342
0.588172897105612 0.547589484192647 1 0.887615012480938 0.832961526505136 0.687665364736002 0.938176694436279 0.844657380767071 0.767437919992822 0.61875152006053 0.742847877217495 0.629062937428056 0.861552350567971 0.750364151885299 0.844273210957377 0.785997975478406 0.362384317376745 0.45498439083804 0.567487235787863 0.619367466285327 0.560796723728915 0.348372875886797 0.861643618196908 0.805688313156051 0.664798957279668 0.694005324851528 0.508514725086565 0.282442344527389 0.521282885348272 0.377340864807876 0.744273229621628 0.746973057629495 0.838277949439059 0.813236031661108 0.762067672205095 0.756320544823431 0.340553440225861 0.31758285794867 0.165138255157102 0.340441716325278 0.121958965357479 0.167092920126542 0.641054830621978 0.706073438671406 0.593912751175557 0.532842866466541 0.551428704106564 0.592276160678042 0.524102944997178 0.571582257983726 0.816443625386745 0.713536116929785 0.761670802540284 0.691598871379544 0.396160887423873 0.686295022842086 0.431012037803515 0.45599464390354 0.774553688112583 0.538058911086557 0.865395303788558 0.755196877489353 0.557653608692303 0.508279603153001 0.672623279532502 0.86180704898545 0.68654905817228 0.59013628522366 0.392364533104027 0.375958829862034 0.542847342055969 0.581968264438788 0.131393158078575 0.314614102908744 -0.072789291462518 0.281555427401811 0.684421053302025 0.214068807727234 0.433183140493894 0.599853365018987 0.363748091046575 0.565920171618186 0.409425568784444 0.427854832863297 0.70875636455151 0.754678608970274 0.149273345927564 0.661301988757688 0.857055201238697 0.820144772153078
0.684682911419232 0.680082107097911 0.887615012480938 1 0.703876817975576 0.666669629103386 0.881818364294041 0.952308666144131 0.641964769959531 0.655436692435861 0.620671850693898 0.771899825480707 0.737582750164096 0.838888981850935 0.670310524546029 0.791379875352342 0.436647744943569 0.589358084553733 0.62988834040569 0.703714125848059 0.537426733343466 0.481380777085963 0.788074700252903 0.81777772250117 0.635477168809501 0.740868521691468 0.531710533974192 0.288134236789901 0.533835401844958 0.532403293883436 0.746507442021604 0.816992147822182 0.829017667707872 0.888628603657057 0.662085437158785 0.623914106704729 0.359413011825426 0.164935993509757 0.365845002472874 0.445052710920718 0.25944116798695 -0.0239623088560966 0.735568284546502 0.611928681369847 0.698580735165979 0.669011459381038 0.643030598159687 0.492371250210819 0.653665356065682 0.693257710351011 0.850411829402393 0.831342345506269 0.784566169661668 0.811895136551659 0.597564935963141 0.607935213986516 0.544377437966443 0.590290425841737 0.860501254261659 0.751519014320639 0.820554942361271 0.876830539984229 0.547030498771334 0.55782409338399 0.671909283954543 0.876019369861004 0.795359045675974 0.761864035222675 0.596359412263704 0.521093367709044 0.511659720399098 0.686139506268765 0.215495664787723 0.412917271503449 -0.00496784399833958 0.290768391628713 0.571256858578335 0.375444990027657 0.480552399580612 0.652472247493681 0.483533400554532 0.693733080089435 0.444812432264474 0.512199302771675 0.71438189028325 0.878109735914753 0.331605786459864 0.628501161932988 0.824352214392712 0.911409367263017
0.426217354225985 0.388747967830163 0.832961526505136 0.703876817975576 1 0.720530139476112 0.788945770062527 0.683055303858869 0.772633217742269 0.60288606619984 0.712249464916731 0.490034095436149 0.797827500291774 0.607674562158999 0.821735621715917 0.736797532972108 0.269581578931158 0.308916511525623 0.420481696408618 0.456723042251963 0.586221122896946 0.273913461692256 0.731597638632806 0.672098956006278 0.600255928494863 0.627883484096715 0.497854044721443 0.347740329866804 0.455426746930793 0.24012928046434 0.633963694025385 0.627121417680585 0.715505751102141 0.651617458074691 0.719883415938688 0.731134057277656 0.264673617652897 0.416229615551104 0.0438025709437096 0.275603425931001 -0.00786646198978028 0.250744063853525 0.515514438905127 0.715033414045624 0.434488122089065 0.36871518657796 0.446595903220563 0.605304437096864 0.359157812164603 0.397996466179636 0.681026456826973 0.517830357157002 0.647213568761367 0.470317302237991 0.219636728697923 0.664252839223873 0.291474920297337 0.305786207082727 0.61035125684167 0.332944854105481 0.782005918609837 0.625671377127667 0.477715712197902 0.454461474720124 0.504633593711441 0.777715800448969 0.48811629786143 0.41134199677381 0.21289704409541 0.198387850817078 0.51110324363653 0.441381224173989 -0.00291450660536251 0.14258728452416 -0.181526860130573 0.180434268166523 0.679824955368037 0.0965333356221707 0.336688915655322 0.492776940074562 0.211622598837588 0.387051881261789 0.371658109201995 0.391536390789979 0.493419535972078 0.565645829037972 0.0601100273409389 0.602111114630087 0.790673309243728 0.684336895065509
0.251146438562339 0.326316850621165 0.687665364736002 0.666669629103386 0.720530139476112 1 0.690996910069843 0.676374046581136 0.683302205987416 0.703331848114466 0.54526881567035 0.42872037537487 0.668780297434588 0.572697325282112 0.667954092945008 0.702145499105441 0.0941709127335433 0.177730611329206 0.324218045301883 0.366047972715626 0.450537004313143 0.19915744850253 0.598148507709948 0.597307487048759 0.44612427656123 0.485479960478706 0.334506589127106 0.42237693935702 0.284557384955351 0.124183969677207 0.540115166906545 0.514820703354348 0.583561945955893 0.597565313273226 0.576790960269567 0.680609131608188 0.143586498503091 0.464189334194755 -0.0838267514308954 0.276399682802459 -0.0208877049963937 0.394296738697248 0.4096462391984 0.637393324534518 0.361284717732024 0.26095927105583 0.346560125245036 0.555440378181576 0.308462363982867 0.36298243907731 0.622644493721763 0.537312549598256 0.66707576667177 0.500194705908322 0.152113491860958 0.656813219353305 0.170911084377767 0.247450625895835 0.544847702776104 0.300089073026437 0.679937698459869 0.601581524932378 0.369676273132356 0.379849990784348 0.29682798127825 0.739694383525518 0.376798901022909 0.353663847019028 0.0637463577321107 0.078903653213231 0.480261094183915 0.399493207738052 -0.0327501927030856 0.121687581106074 -0.182892003591573 0.196807924602292 0.639169849473492 -0.0199334424827791 0.182608671342329 0.341436010530005 0.0820487550701509 0.331141842769869 0.244171979378421 0.409828247836727 0.312364568878682 0.49109259522574 -0.104223379328197 0.473811603869218 0.762447292628445 0.648349196790353
0.587410770003123 0.594719221122751 0.938176694436279 0.881818364294041 0.788945770062527 0.690996910069843 1 0.906835955145564 0.840029014773175 0.705889234076541 0.802193127304579 0.710716612899676 0.854810443337518 0.756985484160863 0.777269091275842 0.712770689775869 0.388289137801538 0.460439774561985 0.6039413162142 0.646981293378137 0.497885880917885 0.321329591914407 0.771294371664038 0.700923234892891 0.561190980435344 0.609775398199289 0.396450274374203 0.187677789526545 0.566632567546221 0.398941766551192 0.704383369698963 0.709180990203083 0.830618447855382 0.811576182132781 0.706914375977207 0.720390874282735 0.285884990483634 0.310927617334999 0.111828956894301 0.309268242961646 0.109919486015325 0.204770844282822 0.617161437626639 0.701099765153188 0.58532286569913 0.551750211965935 0.554939899237995 0.603078263285792 0.556503583109608 0.616024207939877 0.852790570740497 0.751503333916249 0.804394984999444 0.732116445185569 0.394661211094837 0.716651327474134 0.438807483584689 0.482181828699243 0.8319803480756 0.596875515732573 0.912787518208173 0.752057610107091 0.677162161927291 0.626616068026934 0.515501226160928 0.794985628724177 0.639999005455028 0.559590146791004 0.376553831696141 0.362394185341851 0.568040123554028 0.620513743558879 0.156239587124754 0.327050300868826 -0.143943817799083 0.292921240057179 0.687415848167333 0.151018756822509 0.401599891108 0.572699708317198 0.373693477094403 0.581311902023969 0.348391288769876 0.422954430940733 0.619998029335677 0.715165728202644 0.0882538543849915 0.588811892317557 0.845342281024847 0.837494237369931
0.651866435756458 0.680351057222918 0.844657380767071 0.952308666144131 0.683055303858869 0.676374046581136 0.906835955145564 1 0.691265303454866 0.733710091063836 0.676963989435749 0.828202420403232 0.747558011554263 0.847723453194708 0.634929044215134 0.72804724995536 0.435879092859383 0.575710109227176 0.615046552147142 0.709335000483294 0.448962695331798 0.398232599597726 0.715506817356339 0.734245831420921 0.516622364095054 0.632502583247454 0.43872310085369 0.201019953863906 0.570519139039922 0.537978038020388 0.701801593394604 0.748515699414814 0.801934175159154 0.866037653480226 0.581328788503269 0.584005035718582 0.258590309809396 0.185835440122874 0.294020571520749 0.395405572828875 0.253810874701559 0.0234699792904139 0.692325408293609 0.594637098186133 0.662598517358321 0.645820164679833 0.613773475026381 0.485928831865826 0.63106695065701 0.677152337948958 0.83726215584599 0.817668136097241 0.784992796752445 0.806466895390563 0.558538433266452 0.622839688644802 0.516904570906196 0.566011140548507 0.853375739974748 0.737862950558636 0.855715785445089 0.874228927406318 0.643783069382202 0.666131591661729 0.556322721492564 0.814963691754607 0.725098139425647 0.704830617683149 0.544130788288638 0.484988565691453 0.530415421605935 0.678736493338578 0.218320794776745 0.405487174581513 -0.0206507966594953 0.289158452719202 0.590307964030677 0.335386302032418 0.453773896541642 0.632529864236784 0.461361792985967 0.682184784291085 0.376642001439198 0.478995225566889 0.640164913259637 0.823069569797455 0.261889974077434 0.552379342163792 0.820799036789069 0.895757311632292
0.318222108690018 0.369474716554456 0.767437919992822 0.641964769959531 0.772633217742269 0.683302205987416 0.840029014773175 0.691265303454866 1 0.710564079661747 0.720518789629927 0.488721864914981 0.749487737310605 0.538102902190833 0.771625707409114 0.605634447997607 0.169247065793197 0.21379318811829 0.402445657286965 0.411122601315591 0.38341012061745 0.114005989534843 0.551995595780252 0.49479098514959 0.376965132411646 0.425917042855707 0.241401470617643 0.129056608120617 0.399713629594255 0.146509879510408 0.505481048826781 0.501543597969096 0.622100800863361 0.577196162736051 0.592177069844701 0.66424136336245 0.156883828797678 0.432534515965546 -0.141603819628739 0.168938127349808 0.0507504978021816 0.421278674614103 0.3336883183049 0.612489536088569 0.312740064934751 0.294294189112279 0.324599577667763 0.558613285870125 0.346270381733998 0.430551611381104 0.654572276388343 0.538299719972778 0.69836522551302 0.536060383044585 0.13301536893017 0.724448359056104 0.177867052695222 0.253957886907698 0.614587325500519 0.318963400699105 0.744210430957366 0.510704823401357 0.522382856534273 0.469112255977394 0.227238639154968 0.60415869796618 0.319881264446686 0.241719452492368 0.0852637535663627 0.0850121770498159 0.515236781058992 0.505080445521355 0.0535973336291327 0.21885690490831 -0.23901067762254 0.27594903554551 0.662887433843245 -0.111719959954382 0.177022080988773 0.33867052890596 0.156461000315832 0.35769364236731 0.253529224015958 0.285836565245072 0.354257025511385 0.450098400582951 -0.140990821522579 0.450679220223024 0.756296246081112 0.638898147824838
0.1914863625949 0.251756476969934 0.61875152006053 0.655436692435861 0.60288606619984 0.703331848114466 0.705889234076541 0.733710091063836 0.710564079661747 1 0.439059181702527 0.4587935160151 0.498078439066349 0.466016704743552 0.443264240209312 0.516809146942838 0.0235721231618347 0.108480529222502 0.275614655144275 0.281040295169858 0.160264162420521 0.0181512642600582 0.388397590190331 0.422094927052289 0.181098189859553 0.254400222444226 0.153411778175463 0.207615978072076 0.210364801713797 0.131398213060539 0.377760129566577 0.427565475048128 0.52347203549495 0.557271188468377 0.431919662309865 0.496172274116492 -0.069879457831134 0.164835024080997 -0.0690414290592629 0.112395195057832 0.0379193278515928 0.194794403212779 0.343160231278896 0.389185501182306 0.279082496165671 0.238471385280628 0.251587534093107 0.323498614011275 0.286300742783546 0.334490812604428 0.533505605452485 0.492715705465751 0.591737302082522 0.526162785154861 0.176023766611621 0.48561160369847 0.0768834500260422 0.145335673068409 0.506718481931731 0.330523197004185 0.624022128435641 0.600581844423824 0.371442127518099 0.39665792433211 0.214790679645268 0.602336643691168 0.346331308505092 0.330374656022629 0.114155658789206 0.0779114427754836 0.293982074667589 0.361302804132418 -0.0509077364595058 0.109833417764053 -0.148638719944462 0.09733025425792 0.506079358488883 0.0426526061789838 0.0217504520258588 0.228091180383623 0.0379745630311851 0.238815340531945 0.106292607378314 0.19912719747706 0.207974917745098 0.429329665345477 -0.0634175844137668 0.282576578894228 0.686920933408357 0.610521775948521
0.570823942693075 0.567480139295658 0.742847877217495 0.620671850693898 0.712249464916731 0.54526881567035 0.802193127304579 0.676963989435749 0.720518789629927 0.439059181702527 1 0.66985713135387 0.896973638914421 0.685326694263852 0.74650050085848 0.619403236449327 0.512956037445737 0.503849306542121 0.560492686471832 0.65408644235769 0.527240360190943 0.286605694117873 0.686806646153884 0.579688954320352 0.506339439084151 0.512275950418199 0.371908091229661 0.183564989536991 0.701663076389545 0.421311807024735 0.647748871715982 0.598479597216654 0.669285631142987 0.636307547122316 0.563800977530076 0.574380519867294 0.306429561550155 0.407032832750858 0.0148166596798226 0.288666065019384 0.075987895339838 0.288908231328985 0.462440527373209 0.692022168171758 0.442162950434753 0.406893476945973 0.477093744461086 0.624164382132254 0.379882725502351 0.413466850259971 0.703694065864232 0.53859996036482 0.638451951170217 0.462736901779981 0.276981915640972 0.695328163569828 0.459631235294363 0.475039106521248 0.692197275321114 0.412688440339357 0.83043662962105 0.518896550508769 0.8123876150022 0.738674173637023 0.303430652407148 0.573327587748196 0.409056671948878 0.344339058807878 0.264786773515398 0.290914888268916 0.667519823992271 0.580195751450645 0.231994471840127 0.355700659580748 -0.116318479704908 0.409372676962386 0.697407095871706 0.0741618256264859 0.490212036715135 0.605068362448518 0.426855599337636 0.534189954214808 0.400307994475915 0.395950778964821 0.52091800474763 0.509908216134508 -0.0362320119553201 0.55215964021826 0.694134192488715 0.662009721557178
0.824734180155855 0.815503385344889 0.629062937428056 0.771899825480707 0.490034095436149 0.42872037537487 0.710716612899676 0.828202420403232 0.488721864914981 0.4587935160151 0.66985713135387 1 0.657947410484658 0.882766177980384 0.496473169913122 0.630262123478441 0.722287191710727 0.830185056835626 0.706099107680016 0.871727496138473 0.430306201687772 0.499275055737793 0.642446220546595 0.650506551757356 0.505345688720815 0.608750720457298 0.466952142719087 0.172346238292621 0.790557505246532 0.819957308099439 0.706030227624719 0.735587345164759 0.72389540085213 0.815552176577205 0.356333406095313 0.296078204836776 0.426429623223238 0.0664127234442762 0.535068846085708 0.49229684690814 0.457826355464642 -0.168606000319715 0.744090112710588 0.52394529563127 0.740498188879623 0.779494223776267 0.751188090442582 0.442397840371093 0.690797085959656 0.689601133198166 0.743251032049951 0.766812495459255 0.639862059001521 0.722377170959079 0.755145115300658 0.515788242259525 0.72150975134004 0.703936923868895 0.819039047232621 0.783915405432944 0.688806620433397 0.706215316943512 0.786354741826782 0.793162692892205 0.486292248955001 0.532961034800835 0.703291626421358 0.732108146195531 0.75605797902103 0.694165840403451 0.567646378037006 0.78004899679845 0.469894714280088 0.585723660495843 0.163722526055187 0.40226782154993 0.425136983049154 0.550101637558034 0.677253768775955 0.7864476745995 0.734125861431957 0.850003341092174 0.559938201509768 0.575424647788438 0.708105184722503 0.828369735794556 0.484809129380739 0.541992811266399 0.614331997526602 0.835217360845573
0.627131438611935 0.58210581188442 0.861552350567971 0.737582750164096 0.797827500291774 0.668780297434588 0.854810443337518 0.747558011554263 0.749487737310605 0.498078439066349 0.896973638914421 0.657947410484658 1 0.773611020746914 0.836162465835317 0.777039351015511 0.477969567255271 0.503404173671698 0.58173722977406 0.651989428837063 0.584037892776063 0.406459914022398 0.803231559710352 0.713557807198724 0.633352978533538 0.630385602971678 0.493126949954286 0.315954566769691 0.664990947277757 0.429728995666299 0.71986835749915 0.703377051486594 0.737814947151532 0.73380888280006 0.652597340007018 0.649567970540798 0.384087878618306 0.432980901130938 0.119153527502788 0.345505565195629 0.125710430201207 0.274684276685175 0.564549071742439 0.743121817127955 0.530950470352466 0.485046174811015 0.54357672348117 0.631588607793861 0.4244863739183 0.460380619531835 0.761595270104593 0.592957253453226 0.652963857133523 0.518951551323727 0.367840224827835 0.707433792540766 0.479635523969068 0.490518479645151 0.744370313442298 0.469179303745993 0.899345352266341 0.644293172612671 0.704695921352239 0.64725462974309 0.499414801972978 0.724901574653103 0.557189658032786 0.479707582530742 0.333295766743232 0.340173864825064 0.682331924702765 0.614541929757473 0.227567224312093 0.380046181603434 -0.0685255802132125 0.395070425890711 0.690298800211781 0.152563868147862 0.520682837787252 0.645102796862587 0.444229800352948 0.574400361414303 0.445461051502524 0.459083095865879 0.655886233580824 0.638522460843216 0.0492751636243488 0.580013387484618 0.812771209522438 0.741115127671129
0.799921031810746 0.748028314322462 0.750364151885299 0.838888981850935 0.607674562158999 0.572697325282112 0.756985484160863 0.847723453194708 0.538102902190833 0.466016704743552 0.685326694263852 0.882766177980384 0.773611020746914 1 0.690918124646544 0.851735117615894 0.616134280404478 0.722521997953986 0.725767448711612 0.835748671423028 0.547334800924946 0.575753717307171 0.828718843721805 0.862679859532993 0.654143851861929 0.734015497213286 0.596480139327947 0.35584314069899 0.742905454631928 0.735763076406436 0.804369097307386 0.828140348262986 0.744328976620169 0.865535871628748 0.48767478031502 0.455381212176143 0.4350121205229 0.146254049690626 0.511422193556887 0.459139574113855 0.356789520112977 -0.0812857962000534 0.707430917286059 0.546284718565295 0.676530061874774 0.684612907550425 0.675232656987159 0.42404714712474 0.555798354795412 0.574416079355148 0.721569550840026 0.703041285251 0.608516178324977 0.682952860418946 0.677357019238492 0.526288436877876 0.635700717433903 0.647972381847417 0.774739232383146 0.712606708074437 0.719334127376914 0.820688354721232 0.67568322456998 0.686233394841687 0.641784739787591 0.707241552940155 0.74959595843095 0.75220359812356 0.652437661481126 0.613336385694295 0.665929725060116 0.782100097906508 0.447355183896495 0.565671925638467 0.189224292958592 0.426624255642568 0.489943017513654 0.485684572152091 0.662636074573287 0.733331896054312 0.690186353219622 0.827719472304596 0.583034937767398 0.623027578853544 0.797105995132563 0.861685928705829 0.43108310206908 0.598507380527145 0.682546635380539 0.853315958041868
0.47210988070508 0.433934650488174 0.844273210957377 0.670310524546029 0.821735621715917 0.667954092945008 0.777269091275842 0.634929044215134 0.771625707409114 0.443264240209312 0.74650050085848 0.496473169913122 0.836162465835317 0.690918124646544 1 0.792759905296215 0.3123641837875 0.376619014246388 0.472683686697238 0.561821691190148 0.5985048526959 0.32041768220277 0.821485000989641 0.753599683355561 0.647491519598773 0.640301968622235 0.543751129185901 0.327432918668715 0.530205230709837 0.293192890176566 0.677593417483817 0.626468299080375 0.684410906351381 0.656644907042898 0.670870783359948 0.709352503217863 0.316841682741658 0.449431394615309 0.0507399017168095 0.297695090923695 0.0486428155199675 0.290740418794386 0.470882260764072 0.689264898640716 0.411196384257772 0.369606248091153 0.423919167733011 0.586349138612716 0.326955140267569 0.384815937302157 0.638936669464637 0.518766726664374 0.618428389583842 0.473691445121501 0.227152344776947 0.67100911156979 0.323788753145439 0.355414623149069 0.58880188548427 0.317783077390216 0.711150314595101 0.567141804813608 0.504000741369176 0.45399529682829 0.523452958823236 0.713055533185331 0.469715274197573 0.386619577073136 0.221314245619593 0.237757280821653 0.583194852967642 0.515311017570721 0.106126032789316 0.240247817766879 -0.0673307406704288 0.348571667474791 0.652402633224884 0.0696181665630043 0.404479400808864 0.538971563280488 0.293735643823191 0.475392047513077 0.465388204462167 0.433902439714923 0.602030091338959 0.59488800595844 0.0675217442236822 0.675464527904386 0.729228278310517 0.682825114511884
0.645241307368481 0.57148103759825 0.785997975478406 0.791379875352342 0.736797532972108 0.702145499105441 0.712770689775869 0.72804724995536 0.605634447997607 0.516809146942838 0.619403236449327 0.630262123478441 0.777039351015511 0.851735117615894 0.792759905296215 1 0.443277644893495 0.540701331546241 0.603083091038079 0.670408810266499 0.628556921506912 0.518817982342186 0.854430536819209 0.897945001666495 0.731544784718956 0.793591294612092 0.640382321305155 0.525867875025904 0.586677310934867 0.519657268778547 0.785416785333341 0.832801338376548 0.696992826188151 0.789799394971452 0.588188537782503 0.564767024260605 0.435792964514913 0.304226763601972 0.373050293134258 0.429370327861009 0.274345547996654 0.0823752734638077 0.61237413406691 0.572416254706184 0.548266263362094 0.504263846553502 0.575409766245092 0.465247943891975 0.39591454450539 0.417637220627879 0.656957095227162 0.586999930778604 0.576393930995816 0.561189594396407 0.526220973079561 0.564139834175511 0.49357326169761 0.524562697831091 0.649439196516517 0.488055521322655 0.665650788182486 0.741189394637769 0.455333343709633 0.46074923029979 0.672821503068166 0.781825117190111 0.668582073435558 0.654614948236086 0.468191423945069 0.439518380456249 0.634813735826152 0.685755689260287 0.311939356328353 0.460156209974988 0.146579904471877 0.409386614814791 0.555875582687021 0.3619327804825 0.548886790484102 0.622407820220394 0.504816148347274 0.653239767060579 0.590520628966967 0.613777469050214 0.719948402878131 0.771815947944072 0.29954867504685 0.640387680298364 0.739648241911086 0.779010604418351
0.884775707625619 0.831549347177863 0.362384317376745 0.436647744943569 0.269581578931158 0.0941709127335433 0.388289137801538 0.435879092859383 0.169247065793197 0.0235721231618347 0.512956037445737 0.722287191710727 0.477969567255271 0.616134280404478 0.3123641837875 0.443277644893495 1 0.894005337985475 0.773848747805007 0.851585304342378 0.447912660682114 0.616351341288595 0.536898415352609 0.492028660541143 0.588784907344601 0.592654082347087 0.562478550599035 0.202515950461286 0.878815436325308 0.864252878544241 0.630950276959149 0.62617616997478 0.548087274664644 0.62972874053095 0.175243685443711 0.0356800450149695 0.641378063968567 0.140443971382578 0.639884543479425 0.50451087778945 0.451773043107831 -0.17328154655719 0.679925311362054 0.429053462413782 0.691055518407429 0.748636589538757 0.773029868936046 0.402581571436236 0.584886664008827 0.48889907326084 0.535260160546318 0.494854536907225 0.326020365295083 0.392776417017233 0.766393103315195 0.363806130965483 0.911926963071633 0.825848787520911 0.589527406434459 0.586490306874176 0.420753267432619 0.400380155847743 0.691352641904704 0.731228662976988 0.467317418743279 0.233843737636174 0.592046827965561 0.637395167068224 0.784121901107532 0.827706884044024 0.577377328937767 0.657047811694211 0.664760267449228 0.696150066114834 0.361977913171952 0.437074177397854 0.231857226702235 0.612011735396907 0.881650891146769 0.822381884305743 0.902072403396244 0.826839775539472 0.677632691684078 0.613876179201201 0.718647517635017 0.586551308167565 0.573234685445275 0.395645266418364 0.295931818689583 0.517737495117912
0.875948359067415 0.85526713152753 0.45498439083804 0.589358084553733 0.308916511525623 0.177730611329206 0.460439774561985 0.575710109227176 0.21379318811829 0.108480529222502 0.503849306542121 0.830185056835626 0.503404173671698 0.722521997953986 0.376619014246388 0.540701331546241 0.894005337985475 1 0.695270173322392 0.904435248069769 0.493314978778367 0.60481562640746 0.596732868848162 0.581656179490392 0.598526722943038 0.655569888575356 0.552532426286433 0.235924117498116 0.83168139140896 0.900919309163801 0.691790194211196 0.70031762258039 0.631455153944282 0.731762846906287 0.238708943791723 0.127601042923077 0.647168502709004 0.102243544968413 0.696419971694344 0.621400513543696 0.58175868986315 -0.253725715579794 0.778343811847383 0.487663160830266 0.785450313712263 0.828145047562508 0.829939747716384 0.437567704181694 0.683182588581987 0.62259632517033 0.631642910197396 0.661842735733259 0.464822117376301 0.560689181134498 0.845448202857434 0.411441835646837 0.896041794648703 0.844357635954734 0.687441221184503 0.706915639866748 0.48522284687088 0.497330340659804 0.680609885471883 0.706402098929219 0.539061249527089 0.365368512801062 0.709923205381481 0.764760369596069 0.878741285585503 0.842524992260838 0.491290656279992 0.701123916995915 0.556282303236552 0.629234057951089 0.334437281056391 0.418870365466129 0.31720688583125 0.696464765769314 0.828194022094891 0.88209385516252 0.852221365644153 0.876442080187893 0.70068334565128 0.643366426554112 0.753088422682366 0.77784068704764 0.62320877870705 0.557152227387602 0.437611914953012 0.682124522276766
0.849374943466276 0.863339405283294 0.567487235787863 0.62988834040569 0.420481696408618 0.324218045301883 0.6039413162142 0.615046552147142 0.402445657286965 0.275614655144275 0.560492686471832 0.706099107680016 0.58173722977406 0.725767448711612 0.472683686697238 0.603083091038079 0.773848747805007 0.695270173322392 1 0.813857714328083 0.455864656795348 0.652229646232304 0.668178862728429 0.6351520222684 0.643373812134302 0.698991054771065 0.58921999824543 0.353413851321015 0.763363207683775 0.74974120577062 0.718759342252458 0.718511735255256 0.691803007867209 0.741465724806838 0.311075360740076 0.223611977226991 0.535205129899353 0.231589799629127 0.5578966773577 0.488719685511156 0.369940515112711 0.00476777770483346 0.696319436231379 0.456197190142355 0.69181262619277 0.732088340716824 0.732881078193976 0.418856480505782 0.621211472268622 0.584638822424632 0.663781314745163 0.628572354147533 0.516515994774632 0.598821085598297 0.742697774362834 0.494640382465715 0.801002528991692 0.823096457726727 0.695766602951891 0.698813813992936 0.528239852356968 0.535908980402421 0.648313350858807 0.700832866577308 0.472851356986484 0.401242910499797 0.675433094364474 0.683844423617577 0.678610768175999 0.73456727662642 0.670105318937534 0.712248826349185 0.611342387871786 0.736557464729767 0.317426774091523 0.381411161035778 0.323460307557187 0.526156474696648 0.743495582289051 0.691231888861224 0.787582363118806 0.853771568613741 0.650070248808736 0.719788278173452 0.733550445661052 0.602659712096482 0.513621638894802 0.322718501187982 0.466656138330739 0.629962966059043
0.896719101024926 0.887757788958529 0.619367466285327 0.703714125848059 0.456723042251963 0.366047972715626 0.646981293378137 0.709335000483294 0.411122601315591 0.281040295169858 0.65408644235769 0.871727496138473 0.651989428837063 0.835748671423028 0.561821691190148 0.670408810266499 0.851585304342378 0.904435248069769 0.813857714328083 1 0.555900089747108 0.630172474581656 0.731685566419684 0.704369692127434 0.656450172671772 0.698288552904758 0.597903857051832 0.31156443022416 0.870696730193258 0.859255586308627 0.802508884641241 0.769104622843156 0.724215235888269 0.82268640212702 0.36389412042055 0.300751498391115 0.60413928504071 0.199336834620281 0.555109334663866 0.560850813491459 0.458518574304313 -0.085149689587324 0.778388038675675 0.582295803393891 0.76485074842031 0.806590273797841 0.818371837542543 0.531807790338049 0.693178112028256 0.651301245388824 0.735069147431965 0.730275042596918 0.590759041371045 0.656875183565443 0.767232839753189 0.549647993291079 0.862909141439851 0.846874878359067 0.78603182741627 0.731422608073946 0.617477163582822 0.604001426008514 0.765097024947484 0.779518815092235 0.540011994693622 0.474964358434558 0.711621053292425 0.740695244602606 0.791261723972603 0.817480498548146 0.669452032212145 0.777261571902975 0.554451130322553 0.662037314780918 0.248734350407093 0.514864571250685 0.432698474228159 0.556368614554292 0.823421648494027 0.894989609518668 0.843612317149861 0.909114800249478 0.694250918199167 0.700945266412027 0.798445944032293 0.800328022257901 0.497434165541883 0.602646386448188 0.531857898569451 0.773383183421122
0.480117739796011 0.447311071033931 0.560796723728915 0.537426733343466 0.586221122896946 0.450537004313143 0.497885880917885 0.448962695331798 0.38341012061745 0.160264162420521 0.527240360190943 0.430306201687772 0.584037892776063 0.547334800924946 0.5985048526959 0.628556921506912 0.447912660682114 0.493314978778367 0.455864656795348 0.555900089747108 1 0.464318889760046 0.707941132581183 0.624827588215096 0.729839959491857 0.701818263589347 0.586486221463239 0.361782159959352 0.523446547133296 0.417489352180623 0.737404415523663 0.674260140840762 0.631508123503605 0.583949263102556 0.617203388554835 0.521863166270868 0.56894989043924 0.392048680724113 0.276100514131671 0.475842068668529 0.149942836486004 0.15409458187728 0.538141148251573 0.637423219730311 0.500671809035588 0.418525467622897 0.51194242718111 0.537905722980765 0.338690781509315 0.340561945924939 0.563750967414841 0.468030955351348 0.461124342427116 0.384872224262117 0.344703840635857 0.529380945379518 0.439179300208262 0.434871623454957 0.501615640586643 0.351812613114134 0.507741963149671 0.451879240648786 0.431526238559552 0.391306232749336 0.519235897841522 0.584706963752167 0.51913713122193 0.482296030334215 0.355958537092694 0.386635531251438 0.525752183858755 0.450262549376776 0.177543844452421 0.298948242159024 -0.0075479950498364 0.261955400011427 0.577360374197461 0.287625930898533 0.561598451694665 0.61612080801352 0.435652202737506 0.515200105451208 0.499123857066998 0.466030517653161 0.556432199389783 0.556166607160215 0.181548545091173 0.654765450494778 0.502779529675737 0.546713122824684
0.694487793751783 0.617142302304252 0.348372875886797 0.481380777085963 0.273913461692256 0.19915744850253 0.321329591914407 0.398232599597726 0.114005989534843 0.0181512642600582 0.286605694117873 0.499275055737793 0.406459914022398 0.575753717307171 0.32041768220277 0.518817982342186 0.616351341288595 0.60481562640746 0.652229646232304 0.630172474581656 0.464318889760046 1 0.539564510354085 0.56087177378753 0.608744514725495 0.650513219638991 0.650974605615842 0.349189268177019 0.57473698956437 0.639514131626887 0.596706414465699 0.659807360577352 0.464970571641224 0.557021266226017 0.250812343143365 0.0926591260386014 0.546566458261911 0.0699525987098217 0.609051481966986 0.468465259599167 0.306120693640733 -0.168619136851009 0.608327546578204 0.302513355598285 0.583677879782559 0.633258386513055 0.6112885808513 0.245832068777491 0.487325612224472 0.443249002368782 0.44508245655213 0.439646333558788 0.247722078894645 0.377836032157052 0.662138935137038 0.215261375419611 0.654345914483891 0.644349253543885 0.516330569486091 0.585815937168024 0.334051818638485 0.442319578488107 0.412317868284737 0.418042148352717 0.534394920512489 0.32962912527693 0.601128651519093 0.625509291335246 0.65909603960592 0.620604126227365 0.464236179476089 0.568541317294931 0.506377884055134 0.549291785792895 0.290343798873576 0.260480803365647 0.100218368176434 0.443393376390296 0.639202765342542 0.593622087293747 0.7084868886926 0.666678364624775 0.565473164588667 0.606472791869812 0.661549372304932 0.552433334360065 0.536572556741929 0.296265891163822 0.275787036009998 0.477794905143482
0.694230425250801 0.610780418741344 0.861643618196908 0.788074700252903 0.731597638632806 0.598148507709948 0.771294371664038 0.715506817356339 0.551995595780252 0.388397590190331 0.686806646153884 0.642446220546595 0.803231559710352 0.828718843721805 0.821485000989641 0.854430536819209 0.536898415352609 0.596732868848162 0.668178862728429 0.731685566419684 0.707941132581183 0.539564510354085 1 0.911571416393916 0.840474488201725 0.835580181835614 0.713190654749939 0.423482436931133 0.673263648464899 0.572333743422638 0.892887503286934 0.846942020540483 0.805243860303007 0.824371947994067 0.685269494923375 0.627725136722338 0.528885710419976 0.317428201100645 0.386432414749389 0.449954690779803 0.191168702605142 0.0903070734671214 0.694078010345339 0.654876775843083 0.636141774219641 0.571659954525626 0.618232314567901 0.525100872086137 0.45102497884967 0.461548955937693 0.715656716883313 0.614791473068774 0.592557465703608 0.579006545441731 0.520490882486689 0.585073805353845 0.557912606631741 0.560656240060548 0.669899163717232 0.506134921158987 0.696568004496884 0.70169575442934 0.570124681443493 0.54898118289666 0.770373412924243 0.774511766936051 0.738913541693537 0.669830115637942 0.502784421823405 0.51348329235803 0.657780034165126 0.627114244117653 0.349876952810679 0.473097944084974 0.15110733098848 0.386355182496524 0.58220732026888 0.387742754847735 0.646803442050415 0.712947013932167 0.561581239790735 0.689773563974275 0.587398942170517 0.586859126909847 0.815896033366278 0.766980201697773 0.316717789829985 0.677608919904023 0.685953123576516 0.761931038140868
0.694260769764387 0.58315633490534 0.805688313156051 0.81777772250117 0.672098956006278 0.597307487048759 0.700923234892891 0.734245831420921 0.49479098514959 0.422094927052289 0.579688954320352 0.650506551757356 0.713557807198724 0.862679859532993 0.753599683355561 0.897945001666495 0.492028660541143 0.581656179490392 0.6351520222684 0.704369692127434 0.624827588215096 0.56087177378753 0.911571416393916 1 0.749245908834326 0.827753052890649 0.675952292929172 0.439082605533206 0.60807349032131 0.575957245947577 0.835198059106331 0.858932489386913 0.705762390969616 0.813431618294115 0.596833951376881 0.548326916866219 0.435700668887209 0.188871119001192 0.450619153322177 0.4156736821318 0.227378283991885 -0.060612502942579 0.641514376635627 0.508847629049571 0.578168398914437 0.541967024633408 0.566864061062434 0.387213421303722 0.429345374571147 0.436208412181223 0.631257498893213 0.584675287206471 0.543150039695356 0.578818792369277 0.559781936061689 0.47473022532189 0.522040698525459 0.528671437672025 0.639176173721916 0.538980415626831 0.620408054074445 0.774493318883 0.449003128731233 0.458421445727874 0.778418440841531 0.766553827293571 0.717599933127419 0.679798413377832 0.549482630308359 0.507726400979444 0.590836476793625 0.659445360192134 0.377418244865468 0.48294153884408 0.198200068848106 0.400526010881332 0.487828220056646 0.4289873659273 0.581173433766561 0.664652977387789 0.560713285037599 0.690459120277873 0.584470972567661 0.57524895866668 0.787212285095734 0.803890706111449 0.409951921718003 0.662678281511337 0.63890724195646 0.765721157228797
0.675352824639259 0.603973454689655 0.664798957279668 0.635477168809501 0.600255928494863 0.44612427656123 0.561190980435344 0.516622364095054 0.376965132411646 0.181098189859553 0.506339439084151 0.505345688720815 0.633352978533538 0.654143851861929 0.647491519598773 0.731544784718956 0.588784907344601 0.598526722943038 0.643373812134302 0.656450172671772 0.729839959491857 0.608744514725495 0.840474488201725 0.749245908834326 1 0.874263390408321 0.777782583389709 0.416498234157809 0.588804316684637 0.553452225648469 0.799549421583492 0.777330758697313 0.719832776866947 0.696797474061591 0.606745643123541 0.46849136045047 0.672936157648887 0.287689568571944 0.48704938731034 0.566435015172761 0.241027473768891 0.0502209716346806 0.695236833330594 0.613090571012807 0.651224144056625 0.581989342064026 0.643612884717766 0.506707085471507 0.450691203289838 0.445187251343028 0.631157495102964 0.547466312886878 0.477740008326694 0.489768272603785 0.561639750514962 0.508456512043498 0.617057240403599 0.607104864072336 0.569137402063848 0.46202615132257 0.513050640499838 0.508039860439042 0.420198187915283 0.426301650325181 0.713834790452798 0.638143179604787 0.722533286407107 0.665414685415961 0.548942976332829 0.563762207687257 0.564308865422732 0.561853213095748 0.372793177689806 0.472935811313569 0.199969682411905 0.326192721790238 0.481410023510062 0.461518595791513 0.706018697415627 0.705597964195876 0.585567369476062 0.673519947719922 0.634660164580294 0.623785760138685 0.751548371073492 0.675393806098143 0.424995104949268 0.617274995683505 0.537179957631909 0.623789383794575
