1 0.877241675108695 0.627674799412859 0.569298025348547 0.529139413165585 0.582161460048792 0.507941938471608 0.484558867604359 0.365155623049929 0.386236279812722 0.818784861281762 0.712260062638514 0.849052807890498 0.778558195322269 0.703424593480482 0.765489429760866 0.847652036801504 0.830167993802556 0.813115019585401 0.810258907369426 0.48483507644529 0.394471974905288 0.683009204979134 0.669433799597169 0.734370540805577 0.656067325981983 0.701128974130014 0.611061445333714 0.778379972993644 0.770989921279538 0.594834683280834 0.596620045283823 0.5714661335156 0.563174415635467 0.320141449119046 0.329647201230729 0.339547537574503 0.209995472017155 0.728373514555635 0.756772707663046 0.501555595694844 0.502534322277774 0.651857492661738 0.642194838452965 0.685326718503644 0.678938971823684 0.657697633812226 0.640142005166836 0.554732506785105 0.523624301219038 0.501590068941919 0.591610360084463 0.483441731579984 0.4772939339389 0.690621626413578 0.702336556039672 0.870982736679402 0.816298443157135 0.493747992999708 0.540964438283344 0.547584251215603 0.400860304586446 0.736268175062305 0.619102562160471 0.519775011287463 0.451710222913517 0.32372023055337 0.441205015220012 0.755941300497159 0.534400311878376 0.417293488920044 0.363308492587207 0.285990679898337 0.397643007081621 0.651728732635894 0.560882263887753 -0.000553660432248767 0.115515088290608 0.752069095251821 0.724527666730927 0.790061769241917 0.816235133752877 0.708996703440115 0.772485597510151 0.737732217751383 0.711477133859062 0.629661440295819 0.62601419901563 0.340023369823475 0.511218503579882
0.877241675108695 1 0.615143248954935 0.591783562544152 0.529187226303491 0.617458609334167 0.502431399042053 0.517763380942738 0.398353854310889 0.447490475137758 0.717351128945325 0.662068937942856 0.802163412135353 0.778302312160282 0.723486947142774 0.811623500009618 0.901051926048681 0.923108769173114 0.847109996978262 0.887130685413289 0.518721460339456 0.426314117571801 0.755560652821751 0.720535394175494 0.818971450955406 0.752590107876267 0.777525933796512 0.64912496611947 0.813914423005214 0.835323608329898 0.65490772580415 0.648650055116545 0.612397443308643 0.621412606230429 0.374621509995263 0.405494947141357 0.424184162345148 0.324172599069784 0.745010830514922 0.796551966852425 0.574652275036402 0.600654730266204 0.711962994295234 0.717220036995001 0.755412818449636 0.750484015354229 0.740149808380594 0.733394588145251 0.624306128790548 0.589061475196269 0.562049635777002 0.668554655084378 0.552226103717014 0.568362487334556 0.75998494168599 0.788575492814264 0.933722680122653 0.92962921763553 0.518236219623656 0.609178207207176 0.508046029805659 0.411012663868375 0.740216330245547 0.64143633302157 0.51990494495714 0.475622959056405 0.370424048777171 0.508450253270931 0.846853569763429 0.620058916777274 0.479186962541422 0.483009009029735 0.323319894763931 0.443023127966952 0.655876695456978 0.648569953694954 0.0282367545122023 0.165895388337733 0.811215665628292 0.832662549280843 0.834409697365165 0.865076358928129 0.768960407070191 0.836207309604019 0.763123371045074 0.74190467538497 0.703787143098467 0.688028305894784 0.352104299944327 0.568474337806986
0.627674799412859 0.615143248954935 1 0.893669309236902 0.842465383527276 0.657776872362121 0.913215105291131 0.818734272334043 0.76647166710783 0.678962946393417 0.475408855093283 0.499778015285844 0.669057239863619 0.475028148575375 0.711312174342682 0.666253238307605 0.673242175558973 0.650398912640505 0.697398318443852 0.578437226649127 0.389459469950644 0.223667336039072 0.858637642314783 0.759419172668538 0.698483719273704 0.674685193384382 0.582425624939723 0.624926748739567 0.619426255149579 0.650915815289704 0.758123681561067 0.782766878338097 0.853205111752334 0.838493314059514 0.82839624818485 0.802858567049123 0.792129264453815 0.595564886089651 0.63770753238018 0.620805078202583 0.673270301019866 0.728410076570322 0.834615039470837 0.800944576814445 0.80145983955426 0.778245973882471 0.822859759518869 0.791686694593088 0.745620844371502 0.77243913144283 0.807596468685412 0.800257510909952 0.778509796105835 0.689223278068018 0.802453964505072 0.718100537780252 0.726389121190399 0.721343676389105 0.841712909047477 0.773079230480907 0.865387164127844 0.761058944656068 0.807023046741219 0.744639073447145 0.831340064392974 0.826023476818417 0.852814103950097 0.872710454543427 0.723858181398923 0.85555045780385 0.805881230534642 0.773372764401419 0.686713371254059 0.745123264922313 0.6611185725458 0.762883654595908 0.58955766340463 0.664036394810475 0.748261715568508 0.729367967132771 0.793001169137904 0.638881652077809 0.461679556108282 0.610177407691413 0.885846992302379 0.834870200907245 0.81047529094462 0.634199793376915 0.830941802147625 0.840411292469637
0.569298025348547 0.591783562544152 0.893669309236902 1 0.778387310320929 0.674638960094321 0.831898235237147 0.870366234337807 0.698767065186776 0.72696242476939 0.360769703164638 0.505917960891144 0.552111918874547 0.478632292796373 0.611183362464956 0.656908056619225 0.611987069470598 0.607287162796429 0.637167349043879 0.553565530249738 0.309870740506692 0.10800885156806 0.785514643761989 0.821592849297262 0.631499576028758 0.658782535998214 0.541057836525002 0.610213369138417 0.530913664513077 0.5991194493936 0.705719043272098 0.755422633243357 0.798337010611616 0.828281395325792 0.818136112069842 0.815815036920638 0.74075165468035 0.535430443635587 0.564090294293378 0.565599437396973 0.568071852982667 0.638524990801415 0.826267131418979 0.793115307992344 0.801995624410639 0.790627942207212 0.812963396836018 0.795664384824667 0.746497713917874 0.769600273017766 0.801736340299491 0.792255157285313 0.774119216545976 0.709494339074328 0.782969319391959 0.701429449301059 0.690390495642816 0.688563025686718 0.819198050027272 0.769664625662289 0.821831400718196 0.862963759297273 0.7162635807743 0.719471666125097 0.742482144507926 0.91099514655761 0.827477112025052 0.895022904089314 0.688283363265142 0.823460858080942 0.785138401264016 0.720004811198666 0.637674428936717 0.689055723649141 0.568764265006477 0.717974475106193 0.593841254868706 0.669122660857444 0.700406731968503 0.716822112077957 0.747950009508891 0.636916504837485 0.409685360772129 0.587443573160011 0.809185614563743 0.851293947719161 0.751553826149103 0.645143961588743 0.799666749409244 0.836613277988067
0.529139413165585 0.529187226303491 0.842465383527276 0.778387310320929 1 0.603434310169985 0.841688388179365 0.783512960700007 0.866350734282467 0.703901644759201 0.452760802345786 0.470176891514052 0.642085126863528 0.478264466790781 0.700738029103801 0.637968686098941 0.586677074035883 0.567984605691561 0.650683560886841 0.531992334141035 0.376888750079562 0.200665753272876 0.781801332750127 0.659548221608989 0.571589621935159 0.538270043312637 0.498782976003426 0.566583043885827 0.591886551554434 0.625163737479539 0.730778150151185 0.715132168809259 0.807989269997352 0.780168478819291 0.78232889565801 0.711745650708652 0.70689639423553 0.544775203937067 0.520420547518899 0.503198773400492 0.615055880170688 0.644141595880415 0.751518062742471 0.72753678690207 0.711613449816834 0.677732763219902 0.726790724560103 0.703524176077205 0.65224707075205 0.689271855058248 0.710432318763112 0.680596112587726 0.691760605411758 0.651537091131542 0.689961500363985 0.612158528968286 0.617925365250236 0.59622405146146 0.74741196613561 0.642142611368322 0.818585186163347 0.743304941063116 0.70008165616684 0.69132302893024 0.685593108875791 0.722506118436673 0.770037422905566 0.770998869945627 0.59794950488154 0.754661542682425 0.746706280821685 0.748827528699343 0.65404875362261 0.707466684901384 0.572226809939435 0.709452081504432 0.539478218557808 0.624917633738109 0.669490375700474 0.689286620778275 0.698055823647123 0.547481689440239 0.400968670292711 0.536259480340004 0.753077833520491 0.720607967939304 0.721246671504106 0.560744868839631 0.777848150199559 0.76517189044605
0.582161460048792 0.617458609334167 0.657776872362121 0.674638960094321 0.603434310169985 1 0.626451205998936 0.681704879077164 0.545015866652732 0.751359743464373 0.484147994870741 0.580386806420985 0.592238731039054 0.622508176842923 0.533337058126235 0.744921073327236 0.67941672884941 0.66482125796756 0.656922103920873 0.663888074717742 0.405415261661914 0.316479712249616 0.705218007716756 0.672683361030855 0.727615858980789 0.601815849000168 0.663470543944061 0.514034340585148 0.642041353585277 0.720869346349967 0.721589954643092 0.720142775055111 0.666792792455225 0.675133626177369 0.52645132339541 0.483658735321173 0.578068690450912 0.434848958908898 0.675348423151983 0.645565931188225 0.516488204206398 0.554320232290537 0.73807220835235 0.740134964778097 0.738390911378783 0.732959344338391 0.737872549256939 0.730759715513642 0.689518866531897 0.670243790521919 0.65597806860194 0.698165335698647 0.604798763942794 0.609163702302639 0.710708581587329 0.677715289974365 0.685821284637408 0.659021164130653 0.605057704104458 0.618464163452495 0.553566910138871 0.579408203728213 0.654424874948845 0.65485268112857 0.457496861027892 0.572518141221138 0.542691957760752 0.624125180013741 0.624235789811188 0.620998333250178 0.599941300666254 0.536946058979013 0.437013842868705 0.521038228901893 0.509273601679132 0.68165968759162 0.338645503589256 0.46038882004607 0.705947655369599 0.689703286889944 0.706363597329154 0.616985748445289 0.484818478141551 0.643218167641982 0.673606184731915 0.645649442217777 0.63886992912513 0.518599429505061 0.545036364653517 0.675230028010173
0.507941938471608 0.502431399042053 0.913215105291131 0.831898235237147 0.841688388179365 0.626451205998936 1 0.919172259538336 0.86437558892031 0.77201975781082 0.376445088222735 0.455329456697334 0.570766648154228 0.390097214094174 0.53754279176135 0.552140805926433 0.61148658945323 0.570173323216987 0.63377722852002 0.528602660536945 0.29321503329855 0.0968680554311063 0.741313476046729 0.610939470598689 0.535755028491476 0.481843642246015 0.397173378438411 0.453227434633404 0.616156130686342 0.639064283965365 0.765408105578593 0.781853974365811 0.912116291443322 0.892722710940656 0.843536780876677 0.819617413636852 0.856327578864144 0.680077094786018 0.526011019648828 0.502338197496932 0.725839577957963 0.739991763828131 0.830632665261317 0.793823818105989 0.784404164372051 0.750130704545082 0.793547228785934 0.764363651966477 0.768625975738253 0.783891235707411 0.831060605823125 0.780097670607658 0.796934660630006 0.684378259458388 0.76094943770754 0.636423216448446 0.635866243430617 0.615321467018283 0.859666427274532 0.759160600145668 0.868292137345992 0.816911783690346 0.788714035986079 0.823801439756721 0.637220143144619 0.774062264942519 0.884449092497299 0.903638298109937 0.640979180855751 0.900037140486492 0.882331550143269 0.857573151199589 0.810430265810602 0.842518540278448 0.623099120560729 0.763773338991687 0.744204175546336 0.80998875837385 0.719791771623196 0.702004228524947 0.742010754004411 0.526945663348946 0.29137811125452 0.502031628162592 0.769681274869701 0.748598740154452 0.73221869546088 0.45947353224127 0.880887475893177 0.864012092626166
0.484558867604359 0.517763380942738 0.818734272334043 0.870366234337807 0.783512960700007 0.681704879077164 0.919172259538336 1 0.820690964281572 0.867800608347708 0.354568450166643 0.573552819942819 0.53740422320644 0.498443657176114 0.478516057275378 0.591736453310218 0.60317679119042 0.581856248907057 0.601322230786234 0.569308719101892 0.26482495214572 0.0353649068685979 0.69118434702922 0.651429571049632 0.524335572141959 0.472405187743306 0.400178959693704 0.442814917217545 0.599361316637405 0.670252100213044 0.748050162275015 0.78178031465169 0.879537405403976 0.893743548156297 0.795840229759014 0.778532849216902 0.813799999204371 0.666478534460914 0.510913820695869 0.489455310827769 0.641875935723945 0.680880314166574 0.837073027113935 0.807548449249359 0.807361443571571 0.784916945828143 0.797721406683921 0.783966050723012 0.783449070955328 0.795418826470125 0.829578919405036 0.790476987193354 0.806453004778428 0.724295191623794 0.764946268142075 0.647907234336769 0.632519397843752 0.60897386235559 0.830431086512656 0.769614781288551 0.844046189209066 0.90141637339412 0.75769952471238 0.855159673099874 0.545408791888854 0.804486904039628 0.833918809110981 0.902759891671137 0.637285167082104 0.86013665353537 0.846188164171892 0.807306684275151 0.747917628841224 0.780188301171964 0.560034644023015 0.747226237610007 0.697084219788785 0.774569156296505 0.71105173151659 0.72364103683113 0.732212382455193 0.570680996540219 0.299040722991046 0.540799169658067 0.72257146595215 0.768459629693829 0.705845617770744 0.460081008317128 0.847327178651441 0.878447259720096
0.365155623049929 0.398353854310889 0.76647166710783 0.698767065186776 0.866350734282467 0.545015866652732 0.86437558892031 0.820690964281572 1 0.787493660946625 0.338067031002243 0.402219162163128 0.511874914809718 0.34655019173163 0.553919195234599 0.526116257458663 0.482649523849119 0.467345120450836 0.544039767961482 0.448026240309228 0.256756731080202 0.0429687146258693 0.681196303411291 0.526063774574419 0.44168158757874 0.374041937936005 0.346488606866215 0.442194939650796 0.527287463216774 0.569153389911013 0.680865942018755 0.672459097766651 0.814588981124982 0.788684233268197 0.793945290217399 0.715840869935726 0.782835641247847 0.672365658147938 0.379520207777959 0.35294754390416 0.65599431707941 0.655909912606155 0.733089770071813 0.702266482035477 0.685223239055187 0.647881906121914 0.698892159778108 0.674444423188169 0.696245766234115 0.713950707897481 0.749504827992899 0.662684341166796 0.735137506909782 0.661550038752036 0.644419042205724 0.532600567003436 0.51567988720538 0.502021020640406 0.763110112151643 0.645171775889653 0.815364395380403 0.757608582733948 0.656390885322949 0.711099561778036 0.541974895042001 0.65907265706512 0.796830166802902 0.776741539488205 0.521843423921574 0.786746799592415 0.805798266817357 0.793952366844367 0.731845249623614 0.763289425459048 0.537706125455645 0.696985114032723 0.680590473119941 0.752263375708114 0.611231998840323 0.63439315124521 0.630030050004681 0.416891233781763 0.250085962937941 0.41608465084831 0.649761978350632 0.630640207066127 0.679613869608309 0.410239764172877 0.840069029224647 0.786083119048927
0.386236279812722 0.447490475137758 0.678962946393417 0.72696242476939 0.703901644759201 0.751359743464373 0.77201975781082 0.867800608347708 0.787493660946625 1 0.324345149728855 0.515870943259258 0.475463861998198 0.489723421490895 0.428360286922586 0.634819183513416 0.562833065663623 0.554416602449084 0.536197572857823 0.534166937700478 0.233448205001459 0.0713838367307793 0.646332727125334 0.570175443423248 0.538672106235719 0.438514627401293 0.428899868280765 0.420150702044406 0.560721446872493 0.676959481907702 0.722507975821062 0.739351150682367 0.777868461137944 0.793823926880117 0.709791536633801 0.660817302872766 0.713333480600989 0.610573878145994 0.525455571131092 0.451871154037789 0.613525869924721 0.606888371868504 0.780242080709075 0.757761103479666 0.761547228424377 0.729991610861424 0.751879214084492 0.735785821885957 0.727358646719407 0.748945333390978 0.760486746227221 0.71838437797127 0.741532845141684 0.721682723630534 0.72318376103783 0.615521473051833 0.575791991373324 0.552170036228968 0.72062889874859 0.684534022701339 0.733933894956511 0.793046343830131 0.684128932768456 0.766121993011875 0.457589847312905 0.679807517164114 0.72123112817336 0.777950800857167 0.54625718802121 0.751123100488572 0.744225893170335 0.710281139201965 0.657404374133713 0.683307613828242 0.541786024950391 0.740932160377658 0.602822064797047 0.704446983861474 0.666097739527052 0.666643728092798 0.690567898111633 0.522706834983822 0.314936420365589 0.524360896899214 0.667488636009031 0.670781707545407 0.663893541554062 0.422850508299729 0.7602923486617 0.816080483439822
0.818784861281762 0.717351128945325 0.475408855093283 0.360769703164638 0.452760802345786 0.484147994870741 0.376445088222735 0.354568450166643 0.338067031002243 0.324345149728855 1 0.746924930224171 0.888998218565458 0.770054253370908 0.695891695255819 0.658578808041819 0.6729165093989 0.669019010848947 0.732587296861217 0.71233087081141 0.40046309787612 0.492932729479764 0.537473900553819 0.506234728762746 0.568781773107422 0.516345431433933 0.625510664601665 0.543987871406453 0.687740593343538 0.670322400714258 0.440930044776163 0.429739187015786 0.39290878249226 0.366530107741309 0.172090107896657 0.14026885624087 0.154050982141935 0.0909428935399591 0.564475367711699 0.582735680625566 0.342169671674687 0.359502202175429 0.44231639152471 0.448956440822819 0.472771731399969 0.441905954671364 0.436200923451932 0.416191790623923 0.336540086048017 0.321374191920732 0.289757537425877 0.371354830799048 0.299392743331571 0.325288799244782 0.468199064860166 0.472178816188323 0.64983021472913 0.619823558575117 0.307769489925833 0.339848514762018 0.44780555743085 0.274707772661651 0.607641706441327 0.49265878833488 0.438683438223771 0.274090326797595 0.167537737269325 0.228047848873857 0.522712594112798 0.308483784075438 0.238367256900164 0.255970315374696 0.131686891340083 0.261670456879732 0.517553387774393 0.443470122190832 -0.122910593894735 -0.0201365470240425 0.567428755607656 0.570516477034513 0.599169071020118 0.651281607035889 0.62214825220731 0.634605144484536 0.580158862923507 0.510005938311592 0.470103515903482 0.475828312105172 0.211005068909974 0.338192623826324
0.712260062638514 0.662068937942856 0.499778015285844 0.505917960891144 0.470176891514052 0.580386806420985 0.455329456697334 0.573552819942819 0.402219162163128 0.515870943259258 0.746924930224171 1 0.731347607432334 0.860816850425085 0.520994749931822 0.67932824200298 0.642824235882406 0.650489505665912 0.596381996956078 0.680710204380742 0.339294196621022 0.335029441656055 0.504799839693507 0.588472730794391 0.547218441307696 0.471090485111177 0.550249320377382 0.492602110011485 0.638420070068461 0.692754686769071 0.493505355325017 0.493533264677739 0.466583294324719 0.484869104673426 0.280580195140257 0.270710628024238 0.313886997768841 0.193425156357286 0.549088233613801 0.559879788870159 0.369702187753773 0.452238723934387 0.52468004315332 0.524512967388641 0.554663217674975 0.536845058977023 0.531065106885267 0.509748948490296 0.458866994879445 0.443474578977186 0.443020546657612 0.51147673105033 0.457516850847418 0.443771880299593 0.570921437619798 0.549867694781925 0.634497396498696 0.596497119837902 0.439135019659775 0.470488371130667 0.509738444126358 0.522772102461328 0.644064086897575 0.686922359788974 0.36282965393699 0.460056131907675 0.309579153456371 0.425470915545796 0.558219161130882 0.408410667344112 0.370867971269944 0.354002826468505 0.276042671186059 0.350470061226431 0.509145699041544 0.510616497172441 0.037107818515784 0.160814739600707 0.578935834785893 0.588851683344462 0.618936889514365 0.669792396168252 0.544124762006964 0.634888132012703 0.589571147741309 0.614524150265725 0.503555469168703 0.435922779515988 0.357482824195154 0.525237823400341
0.849052807890498 0.802163412135353 0.669057239863619 0.552111918874547 0.642085126863528 0.592238731039054 0.570766648154228 0.53740422320644 0.511874914809718 0.475463861998198 0.888998218565458 0.731347607432334 1 0.846074026792828 0.853844025528065 0.816544470983765 0.807758304172046 0.800327589012104 0.820141848800198 0.777070817671232 0.546529038899257 0.492438960465241 0.746619878153424 0.697610132408098 0.716097396410632 0.674506979448498 0.747296265524436 0.69124813328323 0.801759870967969 0.791841792668219 0.648134538794607 0.641972824477951 0.593056094626263 0.56029547138906 0.364621097176457 0.343315764904985 0.346890625111405 0.288018413031503 0.695491949211989 0.747222151189864 0.53225850471107 0.548464023287177 0.637785939980818 0.642785002042044 0.653239560323432 0.62116434152885 0.645826835579507 0.627871935111084 0.487804278247241 0.48211584498239 0.457641755572862 0.562746967203744 0.462300681178322 0.498361911356911 0.658581337025956 0.675611020179914 0.781573345326687 0.757523795528088 0.456321221205756 0.483903008046758 0.597907583118582 0.431498898431711 0.77204973309881 0.631693019291758 0.604062739818211 0.4717518541115 0.342920056107756 0.435910137295352 0.665419061277021 0.501826153576627 0.42310597096592 0.440655263000895 0.311802116533867 0.417025608861899 0.635751949732258 0.624401264041197 0.0241764152386977 0.140507596149774 0.731140445082427 0.753096062881585 0.786782696773733 0.813598508878995 0.755026459575741 0.78713162053553 0.78666889308743 0.717607375343772 0.658182010296047 0.648966052518764 0.388485292913047 0.52607023681307
0.778558195322269 0.778302312160282 0.475028148575375 0.478632292796373 0.478264466790781 0.622508176842923 0.390097214094174 0.498443657176114 0.34655019173163 0.489723421490895 0.770054253370908 0.860816850425085 0.846074026792828 1 0.67343615633276 0.840203761433127 0.776132976378718 0.789435623173631 0.727424111159479 0.805516424862525 0.499874422366566 0.450896706569027 0.643564488976787 0.717731985109058 0.694378285329409 0.645635382413821 0.724209034480807 0.623666495875322 0.760591236103379 0.810147354163619 0.59428348845138 0.602421069406155 0.489557293789135 0.506045642545858 0.233192477738852 0.226190159953088 0.25485741860391 0.197649675422944 0.687141225745577 0.710941326294894 0.446685988150927 0.453576565076804 0.583362660033841 0.598369441221889 0.615214023884158 0.594107093683298 0.60211840158776 0.590997468496189 0.457652039280571 0.43414603696916 0.409473712478332 0.526067390783868 0.420528012415454 0.481562561773322 0.627020260403467 0.662460188376131 0.739805284862086 0.697319308169419 0.342669092237633 0.408852043628751 0.42682977145435 0.402883511546223 0.683413794620058 0.631654674549697 0.40391305352378 0.405638526058553 0.213207628636711 0.363658798709498 0.615365890234291 0.379921872909298 0.328174917952059 0.328747372861105 0.219223174048931 0.31855850612036 0.570941067130333 0.569516452733942 -0.105920559794444 0.0335936890362075 0.68692142061057 0.719066229844681 0.73223046974301 0.825855394789074 0.752797491484144 0.800944248671179 0.668483988654588 0.668841757193985 0.579010846324475 0.59845486645462 0.252269048823872 0.466955131143945
0.703424593480482 0.723486947142774 0.711312174342682 0.611183362464956 0.700738029103801 0.533337058126235 0.53754279176135 0.478516057275378 0.553919195234599 0.428360286922586 0.695891695255819 0.520994749931822 0.853844025528065 0.67343615633276 1 0.825011260120615 0.716607164588217 0.728707456406581 0.775510402558627 0.676592190938502 0.592391324402494 0.426155435413125 0.84382266401885 0.776291542686931 0.762474091519909 0.75617143175655 0.777588818123056 0.75988698295557 0.66889393151704 0.690088857343216 0.630470520875717 0.637533598512687 0.598141298764616 0.552267027553698 0.497036849047022 0.441029660051952 0.37895529925651 0.314187247268749 0.620940894727014 0.651858160880959 0.497970169813184 0.51022213130357 0.650067976453116 0.650018401313401 0.649901030681735 0.630698140312224 0.660513347300363 0.648091675907811 0.495202427981795 0.519032440618276 0.484089881422655 0.569763556280576 0.481083081092227 0.543541700478485 0.6344924301517 0.658683789438292 0.723010154788889 0.72960167139832 0.481833769576122 0.494925704689429 0.586703474890082 0.425681252064194 0.679527855541677 0.509516241773497 0.756274769250471 0.523300511493659 0.4334232855241 0.475030666920794 0.644378173451979 0.524912510080992 0.444586786834774 0.452540493530464 0.293150714974027 0.396810335653878 0.60168926111552 0.607479933945661 0.0901680541775981 0.193149060165332 0.692199729415773 0.720060494343376 0.73602388236954 0.739539691001391 0.772905594508413 0.733008756080208 0.805695734202955 0.711998679290633 0.744563682708587 0.784298800284866 0.437934184637503 0.530155668905065
0.765489429760866 0.811623500009618 0.666253238307605 0.656908056619225 0.637968686098941 0.744921073327236 0.552140805926433 0.591736453310218 0.526116257458663 0.634819183513416 0.658578808041819 0.67932824200298 0.816544470983765 0.840203761433127 0.825011260120615 1 0.835913246476542 0.841653067302809 0.81270979451578 0.81269239818949 0.565388144603604 0.404292891221773 0.840788323984086 0.855436273542992 0.854999078406134 0.782863349651241 0.843323615270796 0.739896765291885 0.784622486045353 0.852575072107868 0.727252135871981 0.739406468628368 0.663688272685374 0.654899968578168 0.486886458567795 0.457148869581027 0.470510276517304 0.363475489953699 0.754628550543501 0.747683063772529 0.568702703527056 0.572495848327241 0.763786924232536 0.769941698219673 0.775659411143518 0.760497919557673 0.772095060153387 0.765072298769357 0.62897216022632 0.629788502309661 0.596687460128591 0.678981332534837 0.573092211640038 0.626756026774859 0.749346449951011 0.770780768646349 0.838396570343967 0.822862044180925 0.537055644779781 0.58800020910891 0.586318309990234 0.52192852294866 0.760243782977597 0.659737328848915 0.624186405255446 0.571174518172061 0.449557538834975 0.55519264044338 0.754073815533961 0.6052701175116 0.524565104849691 0.478270452553811 0.340880849814478 0.43062864546294 0.662086185013673 0.705586654758232 0.103758751301825 0.256137136897347 0.813072930142322 0.820714316657835 0.837947437484947 0.84315017235511 0.795258424902072 0.854770760796243 0.824685720323383 0.791225703848834 0.780440266449383 0.793593383191925 0.455521925739788 0.642952785942776
0.847652036801504 0.901051926048681 0.673242175558973 0.611987069470598 0.586677074035883 0.67941672884941 0.61148658945323 0.60317679119042 0.482649523849119 0.562833065663623 0.6729165093989 0.642824235882406 0.807758304172046 0.776132976378718 0.716607164588217 0.835913246476542 1 0.975888487795027 0.85784760283589 0.880418818109124 0.622669249948336 0.423965120742934 0.807159956282245 0.713220144109291 0.857751545136342 0.778963228717213 0.753615380071895 0.631711904334842 0.931602302366166 0.934260896232927 0.806597607460317 0.799782388203684 0.748699759765496 0.752867114797462 0.435313729182484 0.453712031070036 0.52705712888935 0.437167293772968 0.801674389595139 0.838908300682204 0.698907916724994 0.69789591720323 0.800346284737248 0.805375062417616 0.807874908530411 0.788145040847906 0.80625601476133 0.80357021763215 0.662757036492036 0.621588196824678 0.601814619534775 0.694403127262876 0.576428897565891 0.595053406434313 0.806636183215217 0.816105006786816 0.935933187840404 0.896959081547571 0.546455818910904 0.60347518299512 0.550931684263405 0.464263051877619 0.826638887896601 0.75801538519919 0.533438362277492 0.502851695633767 0.43501222410051 0.570371884736695 0.818880347269893 0.687490873855913 0.58317149125478 0.5644723508229 0.468076145366041 0.574293334655964 0.72108796625099 0.72412856509977 0.186331178804691 0.318588281890485 0.941220528526349 0.913066466343679 0.925038219423677 0.880724993548813 0.757641364878983 0.850882737254981 0.809719108637013 0.757697446232651 0.748191964503969 0.645620271746123 0.433794373855795 0.623297577658891
0.830167993802556 0.923108769173114 0.650398912640505 0.607287162796429 0.567984605691561 0.66482125796756 0.570173323216987 0.581856248907057 0.467345120450836 0.554416602449084 0.669019010848947 0.650489505665912 0.800327589012104 0.789435623173631 0.728707456406581 0.841653067302809 0.975888487795027 1 0.836681169016878 0.873687663035913 0.592699549362899 0.413608047969172 0.805004742925908 0.723618248084222 0.862340796727687 0.785709064173257 0.781737728698878 0.660002994862134 0.900157791775314 0.932373062148969 0.774478675620874 0.765695157401984 0.704617328162632 0.716971986000813 0.426340192078206 0.441793263182587 0.48568791909478 0.420815133279086 0.798724609003806 0.835480914408222 0.660262858420158 0.685577645084047 0.787798853947361 0.794736714595746 0.804437689777963 0.786505181066085 0.806235817697247 0.804874262787255 0.639314664392438 0.605475373844176 0.581593412562399 0.684756606767446 0.565457735974314 0.595214922251947 0.800672559262386 0.827548752925936 0.939342030398071 0.925796008080614 0.518238593796031 0.607347832715438 0.533239310541642 0.449440824611657 0.810620233403865 0.732670048528729 0.541510919262378 0.498927484422825 0.407054521845891 0.549411887358648 0.813545054407596 0.660142955112719 0.560686431265753 0.543283156984891 0.429950886338072 0.548169266520983 0.709469583822632 0.735038937776418 0.133714936079374 0.279440686339525 0.915462424111348 0.923637627960382 0.914893517524497 0.901389200368016 0.765874748409909 0.867509572748548 0.804605086596069 0.762331280633333 0.730205101416125 0.660601146910063 0.406983626973746 0.608012084364004
0.813115019585401 0.847109996978262 0.697398318443852 0.637167349043879 0.650683560886841 0.656922103920873 0.63377722852002 0.601322230786234 0.544039767961482 0.536197572857823 0.732587296861217 0.596381996956078 0.820141848800198 0.727424111159479 0.775510402558627 0.81270979451578 0.85784760283589 0.836681169016878 1 0.910686232599941 0.580393337040101 0.464845151422295 0.829115063892771 0.719260477725195 0.770444207891617 0.713924097718534 0.745390846372494 0.64681762545682 0.838004554297757 0.848879708562326 0.75160674837246 0.74656778481407 0.751005164991871 0.726797868324909 0.49049020138831 0.461899187619126 0.496520647920367 0.370066223644575 0.696474330967368 0.702959040316948 0.611323389119653 0.567653697937236 0.751623800304346 0.763039179980367 0.767494712268195 0.737264334514045 0.728189525220031 0.723859913066784 0.6489004471436 0.620830045177967 0.593556660638367 0.641682357817615 0.548904128202976 0.55473177203939 0.699290859708661 0.685240318679537 0.846200695938907 0.811490732669093 0.570324183408611 0.582049017271646 0.577093694364787 0.46893627042793 0.76186938048296 0.669250266395769 0.585083479072055 0.479349373905838 0.488448447627419 0.557891641760605 0.777540143526122 0.658389537435809 0.577434333729259 0.573526652339981 0.434400318459181 0.523212557893118 0.692649307694471 0.672863123485673 0.152686145426656 0.292417617149906 0.831555525086216 0.831446972383988 0.835267139203983 0.776841094745657 0.726684203275218 0.771092739739776 0.772347838168998 0.686366211242545 0.745358085741203 0.690755769578221 0.469763963196851 0.591806840271724
0.810258907369426 0.887130685413289 0.578437226649127 0.553565530249738 0.531992334141035 0.663888074717742 0.528602660536945 0.569308719101892 0.448026240309228 0.534166937700478 0.71233087081141 0.680710204380742 0.777070817671232 0.805516424862525 0.676592190938502 0.81269239818949 0.880418818109124 0.873687663035913 0.910686232599941 1 0.575896191527905 0.449273562099742 0.759832463968659 0.688865822830436 0.769205059874184 0.68584971555425 0.721462544245636 0.570522244790003 0.872640240699112 0.893321346400182 0.739852319692428 0.736484799152839 0.687965409808359 0.694532917709885 0.370326291183627 0.363353680942872 0.428526075884775 0.349254897302689 0.701697121614648 0.695978819963119 0.602231675707314 0.547296254694911 0.72665673932723 0.73910033845996 0.756422440935523 0.735955456394165 0.711894563488438 0.711822567214603 0.648355125610944 0.599713224172044 0.564729506523528 0.629323267596176 0.526806101173319 0.546244828386093 0.709595693358894 0.706294755602663 0.86152027150683 0.806771852637494 0.493938644162429 0.547353772152757 0.482675930521993 0.430998405445606 0.735158395032182 0.699602846729182 0.441288656792182 0.393048926410588 0.371853683806362 0.485207815066069 0.807683127088384 0.594705119849238 0.512075190468304 0.508317803069047 0.373315543421108 0.481219028584939 0.638934682944541 0.652872017116535 0.0597743036728546 0.211921805967188 0.828498161273383 0.833183200209983 0.819748372744844 0.795954753709988 0.742000992980002 0.786495254352128 0.705040664555087 0.639823076168646 0.697267657770114 0.623915745763678 0.376799770197058 0.547385576009802
0.48483507644529 0.518721460339456 0.389459469950644 0.309870740506692 0.376888750079562 0.405415261661914 0.29321503329855 0.26482495214572 0.256756731080202 0.233448205001459 0.40046309787612 0.339294196621022 0.546529038899257 0.499874422366566 0.592391324402494 0.565388144603604 0.622669249948336 0.592699549362899 0.580393337040101 0.575896191527905 1 0.390724679864506 0.579872770138317 0.499449812965544 0.593801045052906 0.605089599312645 0.521868789429219 0.448161829102441 0.616098262212414 0.570361865367925 0.582294620075056 0.586469130778754 0.472302180133069 0.447184620041377 0.246396875518108 0.212961815644838 0.263909811296753 0.228279022286683 0.504115710854984 0.493321260549111 0.437357600269273 0.351540112449654 0.436871929554667 0.456200988642081 0.426357258046828 0.414193068216412 0.411597092803416 0.440492669301557 0.285747410631094 0.252690502323416 0.218540117274031 0.318980702682245 0.214358615713282 0.282640952302531 0.37951364432328 0.424758062078766 0.504106039483061 0.470810983899415 0.186318827396236 0.216523530748933 0.241689729319407 0.201655522488382 0.486368727982582 0.394743542451838 0.383655847352457 0.225691917108792 0.176370868044584 0.246461799830921 0.444953142268748 0.326951640462124 0.303569239982212 0.304536016326401 0.198240358439822 0.294033607283183 0.404993470331587 0.368342871331491 -0.00576106590685062 0.116801655470799 0.625784560309039 0.567215170615022 0.576522486620235 0.551482622582713 0.592006342457874 0.506488343450592 0.504385107158813 0.393307237125824 0.476176618944072 0.451745677903008 0.190511037128005 0.266923446492915
0.394471974905288 0.426314117571801 0.223667336039072 0.10800885156806 0.200665753272876 0.316479712249616 0.0968680554311063 0.0353649068685979 0.0429687146258693 0.0713838367307793 0.492932729479764 0.335029441656055 0.492438960465241 0.450896706569027 0.426155435413125 0.404292891221773 0.423965120742934 0.413608047969172 0.464845151422295 0.449273562099742 0.390724679864506 1 0.372788288631507 0.36424574034827 0.415821122557407 0.442299883813557 0.501349843981945 0.406186195882776 0.441517880760118 0.402765254203599 0.29696966383486 0.243186805454957 0.143448486451299 0.130306445428295 -0.0418062650870568 -0.05416321360281 0.03152427544811 -0.00972794628720973 0.41693804620116 0.447981509628383 0.289983573176548 0.228988142219348 0.157611533785403 0.172316691311698 0.16772530506428 0.164420319594984 0.172415434040238 0.169207408615869 0.0817336800484213 0.0634506461627623 0.0352684583299082 0.123435283285008 0.000326853493678604 0.0547328359144467 0.225080784532429 0.280770355904132 0.37167904672705 0.371251146873935 0.0315445259168625 0.0685007850980542 0.0525614721751318 -0.0529552132138644 0.293135605356905 0.184217023387484 0.236727448110628 0.00466358062851646 -0.0301762043753925 0.00177026240580491 0.242372515600826 0.0500300306576528 0.0694822161940352 0.145811057290557 0.0212908957854645 0.104300850631918 0.343813548447517 0.243043471123241 -0.250805028095657 -0.169895650307924 0.321553504751709 0.295088976903764 0.32814082550974 0.391333318406459 0.55760026270443 0.419186006026963 0.320796220329138 0.230494074295627 0.284411736011792 0.383911952931716 -0.0583221950684843 0.0643225102640628
0.683009204979134 0.755560652821751 0.858637642314783 0.785514643761989 0.781801332750127 0.705218007716756 0.741313476046729 0.69118434702922 0.681196303411291 0.646332727125334 0.537473900553819 0.504799839693507 0.746619878153424 0.643564488976787 0.84382266401885 0.840788323984086 0.807159956282245 0.805004742925908 0.829115063892771 0.759832463968659 0.579872770138317 0.372788288631507 1 0.863461394991251 0.860719662519256 0.823245286328729 0.751430884821286 0.712348924013851 0.76778345470224 0.805824910690236 0.85701864478885 0.85828146199409 0.825208588032146 0.80293227238639 0.718056309708415 0.661248805768739 0.653801560707899 0.548225856709379 0.721240928095031 0.699110203078042 0.676069339101514 0.690865745253976 0.844522865381016 0.834313772753562 0.82397631553497 0.800245035568725 0.842193097930088 0.832198776558295 0.723016208911337 0.73276032138065 0.726129072697396 0.778740678047936 0.703582012490251 0.717490709316338 0.80910532223357 0.790565431065054 0.826103121317308 0.807847587131964 0.679259959622964 0.676891954828905 0.701208884578376 0.604883637262341 0.813282554840412 0.701915817213283 0.767592365687093 0.674385368754649 0.669891424320321 0.724293721392804 0.757211677578873 0.755535922952774 0.700900045346821 0.69867016984965 0.561673211550414 0.650703617394339 0.705775190132464 0.798347813818266 0.368688035497596 0.48395237283951 0.843905051321208 0.846571764180237 0.871516984389371 0.774887367365532 0.695907922311817 0.75892179136968 0.898377899924757 0.810336164858084 0.851987575993372 0.762742649101789 0.644008519831393 0.749549220331363
0.669433799597169 0.720535394175494 0.759419172668538 0.821592849297262 0.659548221608989 0.672683361030855 0.610939470598689 0.651429571049632 0.526063774574419 0.570175443423248 0.506234728762746 0.588472730794391 0.697610132408098 0.717731985109058 0.776291542686931 0.855436273542992 0.713220144109291 0.723618248084222 0.719260477725195 0.688865822830436 0.499449812965544 0.36424574034827 0.863461394991251 1 0.776983578028717 0.80828639072409 0.7505516479302 0.754368828062741 0.632058774831392 0.691727015260103 0.688299275126216 0.72455291071119 0.660093662763505 0.684749590551505 0.602570956276945 0.607616079504683 0.535400100133566 0.38553676265974 0.648857993197729 0.678626734770522 0.533342292421887 0.577440549091047 0.754197699523316 0.743257786040424 0.743031847498896 0.741595069651012 0.766086559224018 0.761161940315391 0.641300882183447 0.653059510881381 0.653375088599954 0.725394081429754 0.64744557107124 0.66550067236594 0.764642212870573 0.755681925397164 0.759494582990345 0.748063572414473 0.601743528414912 0.615273414153937 0.652434278482911 0.644188905724504 0.743365328220031 0.640439465752848 0.720801986905388 0.749162592887562 0.570988345877888 0.672676522091074 0.694180778159539 0.629498073572961 0.579719252574863 0.544948765106636 0.410435570711004 0.502391285672489 0.614440374908648 0.693726319193976 0.246155839342403 0.353940171011764 0.73225037550653 0.745803450929636 0.78529498131415 0.799315419191239 0.707558475213388 0.776288418034103 0.84720197717322 0.86811723549891 0.786096207033949 0.841912601590791 0.571449008532686 0.693502797284274
0.734370540805577 0.818971450955406 0.698483719273704 0.631499576028758 0.571589621935159 0.727615858980789 0.535755028491476 0.524335572141959 0.44168158757874 0.538672106235719 0.568781773107422 0.547218441307696 0.716097396410632 0.694378285329409 0.762474091519909 0.854999078406134 0.857751545136342 0.862340796727687 0.770444207891617 0.769205059874184 0.593801045052906 0.415821122557407 0.860719662519256 0.776983578028717 1 0.876920999066094 0.862832454946018 0.732286569546474 0.785430445551496 0.829589252033649 0.769466304866246 0.770160348518157 0.648790436861243 0.657103349640695 0.466554894746697 0.468726132699388 0.510357946800246 0.393025962437801 0.795170055643672 0.810479186428167 0.591805587473908 0.640050842708287 0.751412218706029 0.751064326791856 0.761357297243388 0.752318082618744 0.766868577010363 0.760578352307324 0.625636785190362 0.613549890276873 0.599437772255239 0.70974099035318 0.575920258368676 0.617938210403571 0.778216184682309 0.788860559568604 0.850868508988297 0.842527193287682 0.532773693570715 0.629479108639069 0.515483608988195 0.430023726768269 0.743252976425826 0.621154876356994 0.64985152026413 0.551348267860822 0.452086741048092 0.557349309762692 0.764472813309955 0.613145820332539 0.544131425352539 0.48826954928613 0.361995655409767 0.473035233307842 0.691689456363425 0.714635118670412 0.149892812247526 0.267907429046823 0.83409063421761 0.809643457519221 0.839232931830891 0.8074866684898 0.766109069762939 0.819581930293729 0.824649929401172 0.749410081825811 0.787550893120271 0.752108172629079 0.431439890643101 0.617561509411916
