1 0.839400095339092 0.831812634273595 0.825530888487595 0.704868817845671 0.480420884435719 0.862943482581812 0.825969606950765 0.696609604144856 0.548361310918049 0.84378790506555 0.749193809872091 0.874759480297316 0.756703248341462 0.738403606213573 0.697506927963306 0.766780199889777 0.703520884854982 0.839211481453867 0.780722019348996 0.413576347487476 0.179512580238098 0.800172608616581 0.753997674664473 0.553868567903254 0.545623976526386 0.411397722901809 0.0180133199354074 0.816458098494948 0.75709752492222 0.769901810072994 0.753038567863971 0.778983946965144 0.79686584240643 0.133516580382954 0.0357866825326988 0.530718389186662 0.412750198467023 0.353989977308776 0.356656739361423 0.458712255933109 0.42067432708281 0.494801322679664 0.489473347234592 0.541807828500708 0.623879259469063 0.517781589823589 0.540676915821229 0.529966202148095 0.521964843964679 0.737286182464001 0.5934664142181 0.645883682092933 0.525711319623956 0.759181788468711 0.733006978091583 0.847236514257313 0.80250134155108 0.74760482739574 0.616176921604501 0.85877819100682 0.673980373619012 0.75815482118085 0.753618435136186 0.570441007438677 0.568691548730343 0.560703746950546 0.410858426546793 0.78732483226063 0.717412639696623 0.804381232539851 0.728106832353706 0.700715462176594 0.619654374876672 0.170166917051171 0.421805527307477 0.523656311956967 0.558004317164986 0.752533924312409 0.646017869934694 0.853161115649846 0.802258121242494 0.698207576350714 0.73302811179331 0.866063011441859 0.691782270427947 0.291963313797763 0.455679970809618 0.705748819632721 0.650379419079832
0.839400095339092 1 0.645599367274523 0.691292206698827 0.441477345858064 0.461266299663977 0.674738277917094 0.72536070893932 0.455808263363345 0.438892056505089 0.743575557462827 0.719451061900473 0.639287584542487 0.687517022208448 0.466990517448852 0.559082466468909 0.837268052544244 0.856048241567001 0.851845582557982 0.856122423618628 0.482487593578274 0.19749045145748 0.600994511027775 0.594925574859499 0.484147920333738 0.490972439967921 0.395340067784363 0.0341229199969393 0.777701847269625 0.831193412877388 0.673155650158289 0.688935424985893 0.634859624076555 0.793606636853563 0.0473050706020065 -0.00153465370303006 0.482060824583859 0.387159277372955 0.422749449265636 0.411902016232112 0.38730764486576 0.415012893309473 0.416558045835429 0.401906695600407 0.529293066852237 0.62796577191687 0.485720581212641 0.453056961349276 0.613559585118043 0.598833492392486 0.739357159520563 0.670567230319027 0.653812681017981 0.592151010516499 0.75501215480862 0.612651381300081 0.928666732646167 0.899687877925367 0.719817917933573 0.600940057408072 0.692845423946538 0.578326138014632 0.781714177924236 0.742814691991044 0.306214944438511 0.342084310403764 0.353786069574653 0.216657689764542 0.819663397919891 0.696355490747602 0.727142818330594 0.666109378614147 0.68433651320285 0.705374839027971 0.19033108410999 0.47388079547125 0.511765281317643 0.572947083547061 0.832445163354476 0.7585231342732 0.85788705456664 0.819783843536991 0.6037973218789 0.638630306690267 0.697141760541454 0.579826425716824 0.229754186186042 0.421323913343594 0.498273637758016 0.585755054570166
0.831812634273595 0.645599367274523 1 0.878191765757651 0.836146185098714 0.340511337131037 0.943430375684007 0.820695478413933 0.774741608020509 0.494394244498029 0.689160586275112 0.637729380120586 0.853096064872967 0.68809137742881 0.797898705933007 0.707091046880521 0.593358894609626 0.551159811765296 0.716566348342762 0.62818548102248 0.436749163343026 0.0761779226789448 0.926545461345741 0.8537790953885 0.635392690246908 0.57320666198766 0.377846121328274 -0.0117853897381012 0.695390436734899 0.644784552954918 0.819537035362415 0.813171964597095 0.822181758494307 0.753857807342272 0.408387972841329 0.302175869306045 0.574484375377206 0.49141261528665 0.396711710571469 0.38221550556586 0.56341323094748 0.467851280526823 0.531490161161708 0.478365567311316 0.499453002824314 0.544866665077873 0.504191140039686 0.516516684732214 0.429677527371947 0.391741509080116 0.678010910770009 0.541000132897257 0.539159870557427 0.50730571425851 0.695731570025346 0.708665838920706 0.609809084308574 0.606663889450509 0.646798680459495 0.491674163404943 0.797083831104355 0.600330336054142 0.567098417822623 0.633055295722765 0.765158047954852 0.717238106888193 0.781105739248066 0.597061701791778 0.565581750752309 0.605713086731581 0.777523814290139 0.719595782429593 0.57326093950742 0.500449974513971 0.132024265554761 0.321914206962325 0.644553531845464 0.614726107508285 0.596311420506374 0.547248107930119 0.67931225006954 0.720140327468542 0.635218481694728 0.724023160611042 0.864366509088523 0.795404649316201 0.264986786522901 0.548263184265222 0.7733138837026 0.674938700565755
0.825530888487595 0.691292206698827 0.878191765757651 1 0.759891945377214 0.471547072357583 0.894819484191702 0.929349942765387 0.743837173764158 0.641719403359678 0.651612099209924 0.721128674494365 0.75843683833608 0.776767324832138 0.662262911924586 0.746608687409797 0.624706330834417 0.583309112653506 0.716292551108178 0.663502100017636 0.393292157412781 0.0691532603811859 0.808607875702314 0.866342552092264 0.509402688014821 0.590021268858757 0.345780260614902 -0.018214466617757 0.700655790130992 0.685872961655924 0.743362649581356 0.817752615318247 0.759733259818994 0.787439251133068 0.273231000680811 0.219347574380133 0.544174391386245 0.419551102701236 0.319701670659953 0.398154343406746 0.456541716194703 0.373158772223357 0.449694092952788 0.404272823061795 0.464777567176749 0.526222320183599 0.457217157567614 0.45449048406528 0.444671098940076 0.420728091432713 0.628092393594051 0.526143024987426 0.511167644728654 0.489226306817786 0.629393964890534 0.635684297037506 0.66484605492776 0.64401815611844 0.618588121860877 0.470112541814207 0.783382928873615 0.756435790554965 0.548747337786104 0.654524915898096 0.665538663110475 0.78268929002651 0.659330560020131 0.537884353408762 0.623407435037396 0.647529769161311 0.747827705326868 0.712538012240201 0.57848583952591 0.530335854399417 0.161259501736495 0.413860973457853 0.568282402187058 0.580378403496603 0.6593308528037 0.55106130987578 0.719777868186327 0.736636699796145 0.5768698481216 0.679147567198449 0.780467474601652 0.780194369935158 0.234760488323853 0.507600255096507 0.68187017258502 0.657126408638017
0.704868817845671 0.441477345858064 0.836146185098714 0.759891945377214 1 0.335472029528664 0.824961585268144 0.701925644173021 0.872342086583836 0.576657248234794 0.55283262118035 0.575133664622612 0.780093664189993 0.640986033938424 0.820673688153061 0.707243438980631 0.447735005219909 0.397963822352014 0.568669375780747 0.472478228688843 0.316647255250229 -0.0915084409863664 0.839604763570104 0.78077207377702 0.491256639464988 0.397359993862693 0.322828901593465 -0.141920646101439 0.580560413639942 0.514413599194061 0.66863078193163 0.695022643033856 0.715634461595524 0.607533593079998 0.392312395048199 0.274524440084059 0.497249489950426 0.392732487072053 0.26345332700454 0.211403235391551 0.503466101340455 0.433051585452604 0.473395597928591 0.434452678526547 0.385860584775703 0.41599625842198 0.466904932049402 0.473351306870342 0.277293425859337 0.296881073129379 0.487690495621772 0.391404248219534 0.423118978545131 0.414340227359107 0.588964899333285 0.648285502103349 0.452422947074859 0.42971199803584 0.504791602073773 0.377468463763175 0.715483820343856 0.593824502596431 0.420543679361555 0.534996386675955 0.801405784505527 0.742585343780871 0.696169891962678 0.527398024144814 0.403011242797985 0.460338400639442 0.626055927230116 0.643435028254721 0.404064890096192 0.349124867244343 0.104235077546343 0.247874916724757 0.600935505648909 0.477586940815004 0.463271877718903 0.394594024514923 0.541781780377493 0.570582201906651 0.566317392733143 0.638305470087908 0.777203801017086 0.702684344940998 0.27173838309164 0.525257243825365 0.792776995455662 0.677999146431438
0.480420884435719 0.461266299663977 0.340511337131037 0.471547072357583 0.335472029528664 1 0.409392566348607 0.469065387754588 0.345539065159485 0.708341222412419 0.477592312820446 0.470945523302863 0.408550619997386 0.449540443579303 0.32619432923578 0.5553011569942 0.438359415966386 0.391458343015524 0.490687063932666 0.468340400697005 0.0468215343903068 0.449474149559389 0.390822522118108 0.455667140416428 0.341124628226382 0.525806344512313 0.558617131414653 0.508403656435384 0.411736758222249 0.490579902094398 0.382124280903864 0.354642168936523 0.304795945450231 0.468364496184757 -0.13829400752958 -0.175024872005856 0.207505884652316 0.0075720554437253 0.202114325419453 0.340943720409593 -0.0341166849029812 -0.0868171079134742 0.0723757358316288 0.163424733973066 0.274445381532474 0.326379490257097 0.123435265224814 0.0964620873207086 0.354920695354866 0.302333521916548 0.423050022175361 0.246758075205888 0.258261801489347 0.131909237845767 0.320149818224195 0.240187632265938 0.492069064132814 0.425508293454844 0.373505447866857 0.283703641618066 0.44082235050426 0.443449991120353 0.411966882594114 0.410933390093417 0.23419956558929 0.324635397310735 0.109229944845427 0.0362561072594794 0.496274559109408 0.425006889542083 0.320037421409804 0.251674112610105 0.494264843760333 0.541872951275261 0.158437175553403 0.452033841464992 0.058008301015042 0.265043873554029 0.546685997012444 0.425119146264915 0.543747881107436 0.495268763554995 0.375185778024452 0.308687719954229 0.440608469016389 0.31556114953928 -0.0157833989908517 0.283036686834822 0.247528540265609 0.24811809606359
0.862943482581812 0.674738277917094 0.943430375684007 0.894819484191702 0.824961585268144 0.409392566348607 1 0.900010774163114 0.837461218376841 0.582625230131143 0.752285008923699 0.759911429321978 0.883761540809969 0.780871782320302 0.780683055701009 0.715696947247729 0.636680508153359 0.611867098922101 0.770660356112426 0.678883423479926 0.429761899103573 0.0367084317275538 0.884538278519353 0.809458716291867 0.520174371030626 0.512735250736537 0.320588048211431 -0.0599826892457748 0.754800295213974 0.731649248718461 0.803640769488134 0.820487124192119 0.825006453784816 0.793374267755538 0.326203304554932 0.231246703461782 0.553896495653981 0.451293460809344 0.338981126281979 0.35599965534687 0.528765544386206 0.414399287029183 0.522358394797812 0.489195747563915 0.522852294850485 0.585871604597107 0.536510458583015 0.534677705177698 0.464561486613365 0.434241411650972 0.659698989434532 0.5429569212599 0.56488470478491 0.525680853600524 0.686813915839378 0.702860550976721 0.634000852389561 0.631360058514768 0.673740058065352 0.509745264109519 0.873915327244344 0.720490615160185 0.638926928298551 0.738257348088807 0.712654252319724 0.702082040241562 0.724558401679487 0.56822441980476 0.588506246716301 0.624191062923463 0.784852106661897 0.730293836175982 0.610657362267823 0.541904822879482 0.16373002029647 0.381748049555313 0.64416440883885 0.613264254861897 0.644067137498271 0.562137628889497 0.732952606046101 0.755503108240386 0.600148806032557 0.694343068216515 0.825103689115849 0.760647948708019 0.194529928440274 0.462861592708658 0.709776095393285 0.66139045229559
0.825969606950765 0.72536070893932 0.820695478413933 0.929349942765387 0.701925644173021 0.469065387754588 0.900010774163114 1 0.711845557898796 0.620012755420379 0.729034074574121 0.845350899205986 0.771010162247892 0.872859346696183 0.5992942055659 0.7200216305301 0.650485524186465 0.633990025719706 0.7301597367247 0.703652969232404 0.433464701508796 0.0423687154947761 0.739227701466693 0.7621539293194 0.42443384706219 0.510369059120636 0.219264972282369 -0.122043093484328 0.752824156226151 0.789366160980169 0.758585028904784 0.822674499913581 0.796295055657869 0.851758751082121 0.273710224247522 0.232317455924965 0.56389522245337 0.459212545500132 0.231360531156947 0.408280792034758 0.438286627956507 0.39518061308933 0.487773783362855 0.443136528112931 0.514530272452432 0.597758106274754 0.518099662948929 0.494018649457425 0.491668598581462 0.491050156786332 0.637045288694385 0.572956634368773 0.545523878328477 0.527511492012297 0.641280177023411 0.645473147117509 0.672103723156346 0.679419347858723 0.707519532828407 0.566008117888826 0.855493143518213 0.863556393284166 0.63888121345215 0.778129209339879 0.525967361878473 0.690815145379881 0.658171271093669 0.583835742698431 0.613492057551891 0.661727817916497 0.760920236156614 0.733117832472819 0.586751414647779 0.560659609278531 0.0864289536520565 0.431795629638546 0.608928943466298 0.614229052846564 0.681964091347636 0.55567343683846 0.743571040997774 0.752173908522671 0.526077284777354 0.670445129628645 0.709782560345147 0.733011522144876 0.108119064614456 0.404603063336977 0.618930082864876 0.644871116026887
0.696609604144856 0.455808263363345 0.774741608020509 0.743837173764158 0.872342086583836 0.345539065159485 0.837461218376841 0.711845557898796 1 0.645121621130958 0.578855754183596 0.587785144442118 0.750379756301738 0.632329390204433 0.797460747004564 0.680724601074034 0.445781409312218 0.412935628114838 0.574157834074486 0.447434418428473 0.272698837774301 -0.127811466240639 0.762583993796863 0.713901757237483 0.423641738016285 0.356643154074432 0.273069211653456 -0.13302462904552 0.587679530093798 0.522749925066103 0.608211363575198 0.60526110663804 0.628731019896858 0.551532160620475 0.355933857350889 0.260865472953285 0.542381795642404 0.403576464557023 0.20311020300818 0.27205268350636 0.480919880967194 0.318962938899798 0.434147294207759 0.407356036990054 0.32189141903551 0.387597116441372 0.434770560847062 0.462501883349798 0.252521597321233 0.3021525700372 0.465933630696189 0.367122615975416 0.436383195329628 0.432097511241133 0.546282460502147 0.601512344132605 0.456330306376598 0.437798918857309 0.521008609123589 0.429364245374684 0.738807667513156 0.604901060443555 0.427622885631975 0.517510399066208 0.741045763684062 0.70503913700262 0.616744023360489 0.500048535571054 0.403399112826087 0.509349381694558 0.609638619699397 0.59510099950046 0.420987362698065 0.373245743416618 0.136449699427625 0.295629612631848 0.545191234697583 0.403983890061024 0.469432563223724 0.372214793175692 0.533598941914973 0.526596576890087 0.527288200264093 0.554351267202207 0.707017197817972 0.626701357186209 0.160203212907805 0.453254374087482 0.669799934841355 0.585422362635367
0.548361310918049 0.438892056505089 0.494394244498029 0.641719403359678 0.576657248234794 0.708341222412419 0.582625230131143 0.620012755420379 0.645121621130958 1 0.500018363060578 0.533531191743775 0.543083238115076 0.580516831987867 0.512519414603546 0.707854490035363 0.425281889196498 0.356610434019428 0.486324709315859 0.434172180738084 0.199897794648689 0.140200943378616 0.506819855040532 0.59802973355269 0.311797210045764 0.468493338074375 0.467560229890258 0.204466288197573 0.462801682673325 0.48157436810654 0.409401428556661 0.47015241575144 0.391377656956111 0.478235416895879 0.0949832069670598 0.0571399238502114 0.321967359062299 0.224533040635892 0.194399914076692 0.328078653324016 0.223316305390009 0.0847579096192478 0.304249968638959 0.325258722180665 0.341293118435234 0.394286474093103 0.327011723755401 0.318591966752892 0.30797635261928 0.333248512360573 0.449225239695776 0.32593437197674 0.359522871731555 0.285399460535612 0.402652607662934 0.444564917288322 0.457964638595234 0.436169065233135 0.380363100635276 0.259143221173361 0.51998444587251 0.562020734651338 0.331319356438458 0.413619812274459 0.452784306862663 0.61090506952581 0.322832974417638 0.276117559509541 0.426596476395033 0.408701486375207 0.405892614988292 0.340664869358703 0.414753332036796 0.393883339258063 0.193624135466914 0.36091056774452 0.254393180647349 0.395050732711378 0.508173437303869 0.328492609577691 0.51098742371993 0.502409006483317 0.389048714495611 0.444239180481297 0.523784241562007 0.501224616814892 0.0379876261060585 0.34875116407641 0.481267854989483 0.457127284272078
0.84378790506555 0.743575557462827 0.689160586275112 0.651612099209924 0.55283262118035 0.477592312820446 0.752285008923699 0.729034074574121 0.578855754183596 0.500018363060578 1 0.751640910973475 0.854143399417753 0.721404953271531 0.603062973639575 0.581795625677803 0.747800075033645 0.651362118578585 0.779778083747202 0.770331844039402 0.407885955403185 0.249910137375403 0.670432314161625 0.578129798404804 0.412543834068722 0.447291492172298 0.311388526516316 -0.00171969634497678 0.842099068473199 0.768653627681167 0.715761758551609 0.671643126950109 0.662478530711967 0.75502953328645 0.107010859388496 0.0106921334550405 0.463431718845929 0.385627011219187 0.385168798739416 0.342376172541353 0.463912887639596 0.314658974042525 0.432769326361852 0.432949792215281 0.46716710353354 0.564163450068272 0.449985817444494 0.458683020890744 0.447172707879905 0.428848415422191 0.642185009626085 0.508986064318 0.567619319262635 0.468757637846932 0.70287042657541 0.624655946346063 0.687195661531666 0.683873523797718 0.713614452538665 0.571835961864793 0.836339018469258 0.629322371215767 0.768104799598987 0.771096097657909 0.30534963399064 0.36358167107313 0.456522179003535 0.361911983245413 0.604468322444383 0.551492951819081 0.752634737860356 0.642958097475939 0.701849515247717 0.62977734230208 0.193023849527181 0.402526691004161 0.509271371856969 0.603713844951847 0.72611375887294 0.598565673886511 0.787227451269488 0.722296115015397 0.577374266541167 0.587886620367494 0.647301278578215 0.509912585560247 0.15708876741916 0.283959550613717 0.562710977707672 0.52068252308059
0.749193809872091 0.719451061900473 0.637729380120586 0.721128674494365 0.575133664622612 0.470945523302863 0.759911429321978 0.845350899205986 0.587785144442118 0.533531191743775 0.751640910973475 1 0.711800540594695 0.908871242694401 0.508615080007108 0.64832606664312 0.708996945409359 0.697284447689235 0.743551312712898 0.770640512098269 0.509242938568267 0.083936801365633 0.615693200798211 0.590534833884679 0.281519867273635 0.265745567483567 0.126282407419001 -0.148243322990084 0.758377769882763 0.855457395506695 0.684751681159348 0.722145305985081 0.681775580674629 0.806093851436927 0.171176296106685 0.131474782463274 0.467094813825743 0.388513812716005 0.219027750325886 0.327329464284691 0.429780234013769 0.390110343641175 0.454934677865808 0.384937759158713 0.462893310530379 0.533444037468513 0.514426243392581 0.453316836044512 0.440677445023123 0.436161804737223 0.529413083582599 0.501074048121412 0.465611139328763 0.484583598722125 0.597389937546904 0.557239457476983 0.643066361689976 0.616039902281462 0.638798523637978 0.519081067078312 0.787619316303623 0.845240146914924 0.695193553661438 0.858917114047516 0.354756195841446 0.504038979471463 0.461917007649326 0.40946518307164 0.600496346276526 0.527886985767327 0.693598994692452 0.653199247868933 0.526252726292677 0.599279221672223 0.0149582761128994 0.434767021048476 0.61915742184215 0.630506081118054 0.692893715233615 0.569343806789473 0.743142643814721 0.717199004855852 0.411457748410241 0.562120757226827 0.577322583507765 0.600975369777814 0.034904865117208 0.315508359697548 0.505276971720116 0.591670584401916
0.874759480297316 0.639287584542487 0.853096064872967 0.75843683833608 0.780093664189993 0.408550619997386 0.883761540809969 0.771010162247892 0.750379756301738 0.543083238115076 0.854143399417753 0.711800540594695 1 0.771351602314161 0.852059624091774 0.720988760153171 0.638086195206181 0.533891247194041 0.74766567257194 0.691752159790878 0.36730311138685 0.111661201952261 0.87269231814302 0.771282463225932 0.559564080235867 0.528800345847558 0.345031003164272 -0.0357345728471359 0.788028417714935 0.661537793870875 0.797293146904565 0.749623497587694 0.74798403223727 0.729075700491365 0.226425900828152 0.101069011478164 0.532673108370107 0.42482103239483 0.404082930229336 0.268978912286459 0.56376694894421 0.433869387504148 0.546479208039558 0.538978614189435 0.495649598370236 0.574170401866195 0.536390773999226 0.558440661007782 0.421212223167365 0.408625204982136 0.645854998149824 0.49827064415083 0.57283622908528 0.457182061990658 0.721833795460707 0.736945118918322 0.612090937390768 0.579494537079194 0.630843983895078 0.502159956496589 0.809599657968501 0.603833983834001 0.629705897916846 0.690624421708083 0.581565552538377 0.576181578014012 0.632204660623149 0.489373755261938 0.565114938360034 0.54472121904032 0.79308929433132 0.710075049546417 0.657015427839855 0.526135092282808 0.15419696099211 0.313090219634915 0.577998202708813 0.585901618569137 0.619270544371691 0.522180924547444 0.726310087105532 0.711284320545185 0.657872604336017 0.723118662465374 0.805860547404293 0.682074843112761 0.268938778388982 0.431841709127278 0.739381585541588 0.639350532698071
0.756703248341462 0.687517022208448 0.68809137742881 0.776767324832138 0.640986033938424 0.449540443579303 0.780871782320302 0.872859346696183 0.632329390204433 0.580516831987867 0.721404953271531 0.908871242694401 0.771351602314161 1 0.602939390172552 0.783517876875267 0.639922786325018 0.624523599086821 0.718451870159586 0.731472061623086 0.499123826009473 0.00444460300708675 0.702413135810006 0.728354866350323 0.40499342643218 0.400125577654549 0.172014962007012 -0.169033314392706 0.747144413999478 0.814792125331808 0.763190295841885 0.778826370817293 0.716508761315234 0.792222178265859 0.279978612021966 0.247126272537499 0.553757635544391 0.509184824942082 0.26665356569296 0.389784171457471 0.50195097426813 0.467780431858542 0.48183006492262 0.379023155392286 0.413194984560879 0.490941475376762 0.503252599944839 0.436977721452164 0.385707047854972 0.393492769554099 0.540010733543199 0.504215109912539 0.470948618147659 0.510690176134934 0.633967483076263 0.609311729253633 0.632286397637208 0.600677684459886 0.607426661770911 0.499770160572203 0.77041910524078 0.803545312564291 0.603454836843239 0.75858671119833 0.428061317045644 0.613731317425463 0.537561521645193 0.474134073091828 0.542104756671552 0.507470433088205 0.73327455990877 0.722846230569048 0.506577058053518 0.572551693390413 0.0464019813856597 0.457389001478858 0.657896562642505 0.662305452397508 0.664104555560862 0.537841961638976 0.703073423650363 0.723993011419676 0.494169341214148 0.668491658493652 0.641004133194471 0.722074667597184 0.10662366307345 0.449708570986812 0.623317938479892 0.675576383765323
0.738403606213573 0.466990517448852 0.797898705933007 0.662262911924586 0.820673688153061 0.32619432923578 0.780683055701009 0.5992942055659 0.797460747004564 0.512519414603546 0.603062973639575 0.508615080007108 0.852059624091774 0.602939390172552 1 0.710612370349545 0.472580087242131 0.414287599258092 0.611453491859299 0.500615217633843 0.313494646859084 0.0027247934262884 0.877339195934492 0.779630174081402 0.537525997321606 0.509332500376511 0.420206067416445 0.0124032508558027 0.625903709636294 0.492133747471199 0.704411583897309 0.669647422750909 0.609764899365408 0.529169207254124 0.263136474078642 0.120734562483634 0.469207773623588 0.335352530605234 0.423397992047692 0.193819400064554 0.581744326292017 0.423519318317737 0.517550590515148 0.505233818794887 0.389661470122241 0.427099731285071 0.490697368972903 0.523664793522223 0.296503462060894 0.309833259841504 0.54926734699047 0.388517194210673 0.484190251198238 0.373315620888553 0.64340023503025 0.67792433654681 0.499769792194525 0.465999454918078 0.441184289181689 0.368814055829986 0.642671738369322 0.422084945075962 0.437045530193875 0.508121584952869 0.751170609740695 0.627658239605503 0.563815462545226 0.383239480767244 0.446432865439291 0.446410437637405 0.594242853303903 0.578739791039955 0.528848016222391 0.380258526038365 0.18621477657623 0.196875227055254 0.51692440242418 0.42802771160622 0.486323516110791 0.411740580260474 0.560171556965129 0.585071759738807 0.68418306967848 0.654927974012253 0.821785221721637 0.679984110008152 0.416774516021819 0.542080617779888 0.751822755383491 0.634298324585221
0.697506927963306 0.559082466468909 0.707091046880521 0.746608687409797 0.707243438980631 0.5553011569942 0.715696947247729 0.7200216305301 0.680724601074034 0.707854490035363 0.581795625677803 0.64832606664312 0.720988760153171 0.783517876875267 0.710612370349545 1 0.485063446473279 0.453010254018328 0.594733446279771 0.540874601038055 0.435284698349677 0.144938067723958 0.767058007178236 0.85355827558112 0.627036019653486 0.55409930161834 0.441059232690265 0.101467094301374 0.579807183658065 0.619194929815448 0.722580807850793 0.701748321809039 0.639308050489501 0.629711247148462 0.417548519389323 0.333887761320124 0.610225478255285 0.537363732226164 0.283978141556165 0.54041538151967 0.449168975324151 0.366176335741956 0.467283957230526 0.368478463249624 0.364234354581408 0.405191572254607 0.420398396357829 0.377144924195132 0.340871619036305 0.317642162383033 0.572705397549911 0.457071005187211 0.43765245612837 0.440687548324861 0.594536397901812 0.596822533914134 0.547213462395735 0.524412808029026 0.463267463909195 0.360568781404079 0.626906335753856 0.581970661580184 0.380498844528805 0.483904949470949 0.639905522473264 0.768933146873579 0.58377681676091 0.452302854686651 0.468698677726855 0.47450954914285 0.632847899816049 0.590203154221564 0.448666928354027 0.491358381759249 0.0912202281873212 0.334085564137949 0.513743763997056 0.536129465650889 0.574336512395682 0.421542004526111 0.575487989834534 0.621655549175879 0.516200295488442 0.726824315703358 0.748782188464772 0.816019118610569 0.132402923101965 0.67914602028432 0.680021402311946 0.66793443904721
0.766780199889777 0.837268052544244 0.593358894609626 0.624706330834417 0.447735005219909 0.438359415966386 0.636680508153359 0.650485524186465 0.445781409312218 0.425281889196498 0.747800075033645 0.708996945409359 0.638086195206181 0.639922786325018 0.472580087242131 0.485063446473279 1 0.875736644210565 0.857768473414632 0.878553893296076 0.504279433987845 0.28901594879776 0.592777832186572 0.521560195237576 0.39689715393204 0.456520879690848 0.428628713089133 0.0692348959852356 0.863729273615413 0.82745404698122 0.654807891252204 0.67228305528935 0.634838705800483 0.815050777599255 -0.0378122513075466 -0.0874879913020332 0.386240223691834 0.227904741188543 0.394277661129468 0.250187421629501 0.403100875760244 0.302931454051558 0.417859042203146 0.408554043457832 0.503153726298372 0.55630692768494 0.479424667116066 0.449803189396959 0.459821035267543 0.42753744549158 0.5721606115669 0.472030094901669 0.545252054841507 0.467361553057124 0.664783751633957 0.514703343463063 0.839678898091832 0.756724524781628 0.576632059541114 0.414944195525014 0.638280976216358 0.575059728740312 0.856706658419275 0.808657959632118 0.272579148247951 0.306115823143611 0.281994100198998 0.189799591660969 0.829027953443053 0.628045527075624 0.722802155193848 0.668038607087248 0.703258539346634 0.717735677669401 0.180779062788144 0.466964141630669 0.492914157456452 0.551355719586008 0.860963910964503 0.791793647756566 0.912772843263187 0.830230285570727 0.573189758651888 0.571794942835806 0.628631005219976 0.452561289850881 0.249611191820113 0.284519466858341 0.460083428314397 0.444609681616128
0.703520884854982 0.856048241567001 0.551159811765296 0.583309112653506 0.397963822352014 0.391458343015524 0.611867098922101 0.633990025719706 0.412935628114838 0.356610434019428 0.651362118578585 0.697284447689235 0.533891247194041 0.624523599086821 0.414287599258092 0.453010254018328 0.875736644210565 1 0.862889329523648 0.82665846897282 0.543441835348398 0.154483557676047 0.551501744162342 0.477569770728583 0.361160751879218 0.419955008748679 0.372855774477136 -0.00800217193675557 0.799133069104643 0.886576560884698 0.62854877923032 0.661559713739546 0.57381057835262 0.761605592024938 -0.0202941807375965 -0.0758382555520056 0.353441622418127 0.235315517826025 0.409595542456833 0.329918854079734 0.392469299274749 0.355767272352341 0.296623976288697 0.270166862263795 0.427260283749636 0.484693820998303 0.373885867731677 0.298173265833738 0.466648395964585 0.397250509488963 0.542815535663417 0.45375551630117 0.478866580561611 0.446310804497798 0.623077777021629 0.408856957005041 0.84253012059254 0.815881762047361 0.579051799814977 0.383276727713882 0.614095109399037 0.514498513501608 0.848752725566643 0.804084755856556 0.26835839518126 0.26800448298402 0.223181849447473 0.0808424935890047 0.743411409878486 0.582346700575737 0.61993760996106 0.620623869845947 0.668740156841148 0.721450157781544 0.281540415404476 0.424881044538412 0.55753961446292 0.564204401814502 0.840411616234508 0.834657413168857 0.865000911569127 0.830593630784916 0.583693656584259 0.548016402108227 0.613015763822396 0.488106198935956 0.313155130102159 0.326014153484436 0.379223340934662 0.47671314394329
0.839211481453867 0.851845582557982 0.716566348342762 0.716292551108178 0.568669375780747 0.490687063932666 0.770660356112426 0.7301597367247 0.574157834074486 0.486324709315859 0.779778083747202 0.743551312712898 0.74766567257194 0.718451870159586 0.611453491859299 0.594733446279771 0.857768473414632 0.862889329523648 1 0.901103782543451 0.488477486082225 0.188982009492748 0.754270594327101 0.661581026941997 0.466970873682013 0.496888262745414 0.446928351229605 0.0347161025044593 0.848462921445925 0.861064051141113 0.732503554055484 0.726030521060202 0.691733198485979 0.814895295520351 0.0653274536241336 -0.0141719265733349 0.470290130676424 0.340222759787845 0.467031816729562 0.32424702449712 0.493726057616881 0.413723098195704 0.416083582935483 0.420294155760187 0.499966975412969 0.571407326712037 0.49329733199055 0.433137365470699 0.509021981769564 0.462680009284148 0.635670890217377 0.51344668325118 0.563264012542104 0.514448749742104 0.710269864400334 0.585523049912241 0.831145886379973 0.790215539723034 0.675150529195031 0.50255274202711 0.725602643316557 0.561972622014997 0.817943535562766 0.809317538846957 0.436273521585653 0.413317174707234 0.39824590197698 0.229361261500173 0.768739123141369 0.64374598036884 0.753874279362779 0.729042179813825 0.751292294179254 0.742062062795089 0.259119589489927 0.421484413145071 0.62571502739756 0.642134736470711 0.850846103843887 0.784212409791004 0.883161086522086 0.856618952869228 0.663280656873753 0.656456836217903 0.774133327382663 0.594528057163876 0.290948299382873 0.423169131938682 0.596281096032942 0.606606896279694
0.780722019348996 0.856122423618628 0.62818548102248 0.663502100017636 0.472478228688843 0.468340400697005 0.678883423479926 0.703652969232404 0.447434418428473 0.434172180738084 0.770331844039402 0.770640512098269 0.691752159790878 0.731472061623086 0.500615217633843 0.540874601038055 0.878553893296076 0.82665846897282 0.901103782543451 1 0.510572923856236 0.158667556826908 0.654135477938325 0.596996327601804 0.374464594787715 0.442464141398611 0.366594792019906 -0.0343862683007326 0.844772731580955 0.853931528940342 0.693125764375148 0.762001739165406 0.6258565866486 0.801529557910606 -0.0124706452464664 -0.0722536517339815 0.396234405491528 0.274129514034904 0.446954930946768 0.256076311716718 0.407884906128991 0.385286951207192 0.456569442443003 0.447047508787763 0.546477609067246 0.596693250017456 0.526362717942715 0.466511039237625 0.520474218957815 0.478868112828117 0.600218652989967 0.516525736036179 0.559511503179015 0.501641651446133 0.686937747191731 0.543703656492318 0.81845333622043 0.762499100369347 0.613852488939226 0.476968713673269 0.667058458335526 0.581117293150621 0.816801934887301 0.831308795969287 0.27008197383192 0.286654588624328 0.305839721006819 0.177468475406736 0.771791956907213 0.573415747014869 0.752604062708568 0.731992916975755 0.76875901689369 0.744592384182618 0.24097698601215 0.438932508385779 0.538547380407054 0.640987363771119 0.810882056576481 0.746763028948621 0.839023062921229 0.804933517839312 0.546922547176204 0.556100227793822 0.64412673735134 0.516595624863672 0.261423377065971 0.353141388545322 0.482637535738762 0.547151083698247
0.413576347487476 0.482487593578274 0.436749163343026 0.393292157412781 0.316647255250229 0.0468215343903068 0.429761899103573 0.433464701508796 0.272698837774301 0.199897794648689 0.407885955403185 0.509242938568267 0.36730311138685 0.499123826009473 0.313494646859084 0.435284698349677 0.504279433987845 0.543441835348398 0.488477486082225 0.510572923856236 1 0.158602635890165 0.422340388714971 0.398634065064773 0.261775027100736 0.230079439505575 0.147766608859563 -0.168440104380881 0.50885402682993 0.584256017191084 0.482704499932334 0.563102859061841 0.503110303529364 0.51364611534757 0.398738227835953 0.328535868711057 0.377050813045941 0.49402500529628 0.257355932216625 0.380143958416512 0.5277903847568 0.469429935693074 0.413464156763741 0.276967093880985 0.342888058233649 0.309891345061692 0.447870532452835 0.345663116080686 0.200093881211197 0.187149295767974 0.339456035043366 0.348539613889328 0.286359474817839 0.390375072253634 0.50082479289246 0.444339545992955 0.414240119640783 0.430405867452725 0.345360692471569 0.224405921494716 0.38947899386703 0.358832572125697 0.422268003482787 0.484381790706547 0.278043375596594 0.323639587625449 0.369160800112749 0.315353455649536 0.332778574183747 0.222132792000409 0.502820198920892 0.432679426452699 0.357591913439491 0.367186985355383 -0.0617037828916757 0.17086872447889 0.513154716734841 0.570046836044139 0.475832230313507 0.389288275039696 0.446244835050023 0.51296010212102 0.299632544108984 0.459418043273568 0.402208825179133 0.481348693558966 0.0973111872403702 0.225788815242994 0.318370223039053 0.34891449889767
0.179512580238098 0.19749045145748 0.0761779226789448 0.0691532603811859 -0.0915084409863664 0.449474149559389 0.0367084317275538 0.0423687154947761 -0.127811466240639 0.140200943378616 0.249910137375403 0.083936801365633 0.111661201952261 0.00444460300708675 0.0027247934262884 0.144938067723958 0.28901594879776 0.154483557676047 0.188982009492748 0.158667556826908 0.158602635890165 1 0.0847671919547565 0.0635229908382191 0.278029338403699 0.464675409014144 0.366231127085671 0.668796888592222 0.116793661075096 0.13535294475322 0.182505264873518 0.0382150500586781 0.19070007190418 0.260111574566808 -0.0904315523945749 -0.114604053542813 -0.0062439806817662 -0.0216912157466346 0.0673050673277657 0.253640439613874 -0.058524697652683 -0.140011812950021 -0.0348717637769625 0.0117885525366255 0.13000573743891 0.128637257347819 -0.0229241040121303 -0.0321046334315315 0.100393502926812 0.0741921313757052 0.220680707116127 0.0979859366189338 0.0496893928353873 -0.0156397679085003 0.0682925011856713 0.0845007580217005 0.227052686127908 0.180836872069726 0.139471864775539 0.0839915422208958 0.0869885674525173 0.0144792374274362 0.220844928383646 0.134051227716407 -0.0727757824529891 -0.0384058951991103 0.0321299884441596 0.0222852793512836 0.306846928729922 0.204533250663251 0.173494352083334 0.0236508653768138 0.287617252684111 0.371263419373357 -0.0741587652836031 0.261436734971739 -0.146539912537293 0.116004652451738 0.24011571502956 0.18776128288237 0.312278872643544 0.260284841505388 0.120548665735584 0.198538293348132 0.137530378076204 -0.0172749742220967 -0.136289311942814 -0.00622554284138408 0.0395933353622379 -0.147429647426147
0.800172608616581 0.600994511027775 0.926545461345741 0.808607875702314 0.839604763570104 0.390822522118108 0.884538278519353 0.739227701466693 0.762583993796863 0.506819855040532 0.670432314161625 0.615693200798211 0.87269231814302 0.702413135810006 0.877339195934492 0.767058007178236 0.592777832186572 0.551501744162342 0.754270594327101 0.654135477938325 0.422340388714971 0.0847671919547565 1 0.899051145289213 0.639903768669978 0.596134522976574 0.460802712708581 0.0368466514518198 0.69953884690363 0.643327787300492 0.818360345715407 0.807543991723178 0.773713060749407 0.70036631453412 0.371880425345026 0.240536294885997 0.542112675912858 0.442965092918647 0.449747111791567 0.337756452469229 0.578423878847152 0.449239162776857 0.508574422992425 0.458537879790168 0.450101335820758 0.489529316704195 0.498871929638644 0.475892684134394 0.371788689620148 0.346409459381445 0.623295279550265 0.483245761564134 0.502930403134945 0.466445878955473 0.680530453552373 0.674771912747969 0.581572351488857 0.544061429998413 0.544573264690166 0.400923160539976 0.722378756451706 0.531441792946893 0.539712171022749 0.60569807232759 0.796324108580863 0.707655846599428 0.687187519786838 0.476994948996266 0.522538146023369 0.533494203124513 0.729312835018108 0.715697220459892 0.597558209343188 0.528507874864994 0.207079269003276 0.32778628248024 0.642068622488016 0.609565671792356 0.614950236670271 0.576791897906864 0.670506526280353 0.710512231888903 0.660930827106025 0.721146512670322 0.8804329243633 0.784031065411893 0.326314461115094 0.603697087352098 0.790007709463032 0.687886095656016
0.753997674664473 0.594925574859499 0.8537790953885 0.866342552092264 0.78077207377702 0.455667140416428 0.809458716291867 0.7621539293194 0.713901757237483 0.59802973355269 0.578129798404804 0.590534833884679 0.771282463225932 0.728354866350323 0.779630174081402 0.85355827558112 0.521560195237576 0.477569770728583 0.661581026941997 0.596996327601804 0.398634065064773 0.0635229908382191 0.899051145289213 1 0.633597355681285 0.635999366171937 0.467939750223185 0.0695837220985331 0.61133927164506 0.584063704498575 0.751821800431318 0.791988418160663 0.685699525536485 0.660693106173555 0.375429323699171 0.285583340673518 0.601421380591216 0.48940396817841 0.435927882494551 0.430872075656032 0.530281201174839 0.434986548229161 0.442075437249348 0.371461083042208 0.398847049061138 0.450479284406163 0.425292090073918 0.403927328625851 0.40034970723534 0.352833251531461 0.625744539184452 0.495599288170767 0.457882790601522 0.433494734908849 0.652096038871124 0.639366985596953 0.567285348739075 0.511561901640207 0.503399890198894 0.375980134479219 0.641075382107358 0.566656912984463 0.401875056245916 0.478802563191556 0.764860616225027 0.819135747310483 0.648418528107137 0.462532876565442 0.514449756090307 0.525125948839876 0.67857101027024 0.685348358485013 0.530009095507815 0.491667518537584 0.212799926218271 0.330048683198174 0.55532731842668 0.569758277960744 0.590431549567023 0.486196086266493 0.613931285317276 0.671147600712479 0.61763350179389 0.713337568161305 0.838045989457849 0.864862755753229 0.313613423782496 0.698277605281696 0.726713405368034 0.708855504541539
0.553868567903254 0.484147920333738 0.635392690246908 0.509402688014821 0.491256639464988 0.341124628226382 0.520174371030626 0.42443384706219 0.423641738016285 0.311797210045764 0.412543834068722 0.281519867273635 0.559564080235867 0.40499342643218 0.537525997321606 0.627036019653486 0.39689715393204 0.361160751879218 0.466970873682013 0.374464594787715 0.261775027100736 0.278029338403699 0.639903768669978 0.633597355681285 1 0.659484628323308 0.529156096473822 0.285690535975251 0.393742427527479 0.375556231322329 0.685969077113153 0.448470435112046 0.587400671520269 0.503256195553792 0.375590567798172 0.283046174681413 0.542952277920961 0.49491376247767 0.284324649290614 0.436290773134193 0.37754464617736 0.338142117160705 0.360929613838252 0.334280838666526 0.283169706388387 0.336398246751546 0.289273972285494 0.31510858432097 0.272403530143046 0.256711909170223 0.569038841181477 0.383194209000281 0.395163738798086 0.364809114688734 0.532520273117436 0.478561495395383 0.501208258103726 0.440382162078936 0.397719415305957 0.316517154911112 0.414424985915376 0.198876296255214 0.333544562295966 0.233655411252352 0.486083286803569 0.484345870384687 0.569689368654369 0.406713795521823 0.443534864553173 0.473246449275125 0.600895636213832 0.502707259485977 0.384868199180046 0.400483339208844 0.0341626165773278 0.227582345241164 0.359518384791005 0.367760558550205 0.417418070724597 0.352919470283255 0.487167647661616 0.503642739342639 0.564565443638479 0.669602434433996 0.69813143317277 0.616363357248514 0.176123345138144 0.589882801401822 0.569543592589936 0.415189303752009
