1 0.791616948762109 0.583471183657214 0.456074829156739 0.337913790680478 0.277190451864374 0.647669904605864 0.465828475846611 0.467206149341809 0.118214739542357 0.686067141208252 0.529154451917425 0.452914681074718 0.383119334998198 0.400138810197323 0.25362718789013 0.63227636019576 0.714227688559345 0.743746768643772 0.719568637155178 0.258081016058886 0.0598364997302219 0.398643131894635 0.444435118892116 0.325494990715686 0.252190743274148 0.227825983512971 0.0402178948863155 0.636251599479207 0.540187880849307 0.391745559971255 0.207433962702933 0.439827281314334 0.490634058050177 0.0587593330695891 -0.110874117936702 0.488983752173028 0.39819344819729 0.500943916971654 0.348886494901351 0.336767453665289 0.269022964373538 0.58046279444792 0.578280362184674 0.490745875425085 0.436898058061841 0.615543345206402 0.59332077185346 0.513531336820716 0.386343307128298 0.663785499771738 0.46772007875083 0.640481630865008 0.549506794998778 0.65439882973375 0.627091659278469 0.789366230236607 0.750271541335949 0.692255891339209 0.634383988829966 0.637506240123545 0.246680624790276 0.719496256718126 0.539823649451231 0.218286816778258 0.286574108293957 0.607737706087491 0.599024447577621 0.624642481512028 0.577704371164163 0.651836167648312 0.586006657181246 0.497138915220928 0.465433941856 0.29867856674045 0.303352813669358 0.525128711704701 0.406234259736181 0.693465584971462 0.581973654329694 0.661311765390467 0.539757639907507 0.548706297895112 0.350959789836419 0.630235103614551 0.564170695540665 0.293278433544006 0.257690837931442 0.706564751315706 0.613608160497055
0.791616948762109 1 0.56986453312355 0.419848113307698 0.22331149250304 0.225337446001572 0.556982637489496 0.404345176504232 0.395944153835172 0.161185632701972 0.559916714060333 0.516451815896754 0.429783652239796 0.336620130855815 0.383168493545922 0.18570139527503 0.656635768501477 0.784490295654042 0.680450687662937 0.797904813238218 0.112840548587375 -0.0108140880524632 0.454055658822027 0.487474344285593 0.251042319246161 0.125257413427699 0.247143310470087 -0.0750966926090008 0.66878875565325 0.518629184558521 0.369441917709125 0.200707756912906 0.455393808662755 0.448456158256685 0.0867356992334358 -0.0502282815478327 0.562662456977821 0.443460356893691 0.446397071624678 0.29377975546169 0.35251049179567 0.235757771191513 0.457747081317307 0.452445722161861 0.503842642500295 0.482350537204823 0.614634025885217 0.58862719152798 0.525963342675761 0.406184948868369 0.571103936057874 0.393894834724198 0.582406164199214 0.514738819489563 0.620220413391166 0.627216057623393 0.771655173771456 0.892622759187325 0.509992000173003 0.512782985047965 0.435090197635582 0.240134877357962 0.545790816425985 0.512420650821353 0.236651069681317 0.210800803382044 0.516434636000036 0.462186950084702 0.74188414974784 0.748370707598555 0.62887431241208 0.561427402881921 0.451436457155803 0.445619267172591 0.300206720039244 0.321060387072489 0.619079688589117 0.574394065597198 0.671722313069867 0.60017080300914 0.638215977979298 0.687273023157024 0.586257828266137 0.288291113554975 0.619397147166687 0.615184779499325 0.353305125426912 0.286697930472472 0.6234770270022 0.567601371754335
0.583471183657214 0.56986453312355 1 0.797942710291251 0.602999365498217 0.422925645972686 0.922549034967315 0.530498595600474 0.64915504952332 0.285745202216633 0.411030813357407 0.317777231135848 0.615685074793406 0.446031731029388 0.616760999089095 0.348100346377958 0.332373172479423 0.420624168216933 0.6235027071433 0.534730196306151 0.19086476435453 0.0528491392253379 0.829321608739453 0.76555901310527 0.548606391066314 0.402946652345461 0.389348192399953 0.10855555952846 0.389563827050772 0.336054375274241 0.52526142726559 0.443763136895641 0.589632908135728 0.452622159094898 0.334220601281193 0.0571458273888593 0.422449298007616 0.386013794692146 0.379443467442085 0.257866442190795 0.187470890082845 0.0964264392062751 0.499743721562828 0.35906291753135 0.46367195554514 0.284521695296221 0.399276591659612 0.393831155164979 0.39953203559592 0.254928319847379 0.536924066006481 0.381310656757626 0.428876002736338 0.434174006314592 0.433235211346492 0.412326360752261 0.524608534992572 0.563564576090107 0.447388592737777 0.32891927479747 0.623110228776253 0.448025808051496 0.43873785052638 0.299668925304324 0.781150183387022 0.587152274839925 0.808876052002422 0.480010417151359 0.63217027478067 0.611191644627657 0.606280864231702 0.548818631181439 0.353116704862972 0.343891815116736 0.19803022860853 0.16874042061749 0.465881887489877 0.360376367761504 0.443908520638681 0.38177412833291 0.357256113335434 0.524999318421061 0.315822814012453 0.259951992087151 0.765700155185797 0.643657231492435 0.436051968694985 0.464448989086861 0.742565008243497 0.593249684419025
0.456074829156739 0.419848113307698 0.797942710291251 1 0.634986093873023 0.615820504006048 0.79881308821771 0.693270257222516 0.586428689612285 0.472634787325003 0.261057219255696 0.240812764255885 0.495923504005292 0.430131787655794 0.500854939819639 0.430406133808077 0.229088670748827 0.3149576690188 0.492965763595491 0.349657990378707 0.147205632944741 0.211095020002696 0.693824531009493 0.695143448237922 0.545620447214296 0.515812471194145 0.423046721630906 0.272350946217209 0.183607552225762 0.296293012763796 0.402378123941389 0.444593287765824 0.4443636927973 0.339523163706391 0.288909510934226 0.0823042742176523 0.265499225106677 0.383895226945316 0.263974778871264 0.271114884665715 0.169889937278312 0.171032740518446 0.387960915473995 0.25386676440898 0.318922226909145 0.163747630040111 0.292293987289567 0.303736712056734 0.309747870324498 0.156834830874569 0.468856876071854 0.349707759241873 0.365940779273847 0.406121717390259 0.281984178898061 0.321459690084949 0.454535458558798 0.441180804226521 0.409146461284152 0.299499854617882 0.521436753465445 0.700630015222503 0.311274132652592 0.250938261356045 0.772137189042799 0.785427455683145 0.686532940881941 0.433133765687642 0.549986322174129 0.506733796012183 0.475749221175883 0.555465499707263 0.301799221031103 0.398204931151199 0.167832437896958 0.218583204522634 0.195673183883378 0.200858975563787 0.348020738751211 0.28786775939091 0.265494892484826 0.431253490370496 0.174249086196843 0.303967379097509 0.645927720699832 0.646059082428979 0.305283047561125 0.447647038782063 0.667796682007739 0.650140884979851
0.337913790680478 0.22331149250304 0.602999365498217 0.634986093873023 1 0.681015607470506 0.576659953511826 0.41056224568473 0.638867431132754 0.453057194159128 0.235546134721652 0.228211772916747 0.379011813388951 0.272181681772124 0.421710004093308 0.481072312355899 0.285298495670606 0.273095108091374 0.475531421936528 0.268348521782961 0.279362332259912 0.271856673948843 0.57656376888661 0.561560740753577 0.571919205776201 0.574106726696181 0.482344325281824 0.306309750132133 0.0891151574159491 0.330809922188024 0.33541824065388 0.363726687949396 0.409305119352236 0.248274006043432 0.285534401081228 0.0203088333950394 0.101856366401236 0.322274673800337 0.15751461838902 0.323208366119211 0.0070771757202088 0.268285280785544 0.403212030107527 0.273320459336725 0.317229731127463 0.239844837081655 0.293853255572009 0.300447046016076 0.278546844425161 0.230121233689233 0.358121116228792 0.205082086252844 0.238519003346619 0.320025832282251 0.148878727045137 0.323711200327096 0.413971778060781 0.281753813385764 0.314015734285566 0.200983063914854 0.335174314137509 0.319265707054077 0.392720354240141 0.156005599698313 0.605975276156668 0.392220669994811 0.545769839014473 0.296636652674049 0.448109987147513 0.34094844492025 0.35212183542343 0.425742274053264 0.120377313349254 0.294686282246548 0.157944615778876 0.207544546292359 0.103547876595853 0.167485452533143 0.388264274494334 0.229135700975481 0.325583547299823 0.307921276086034 0.102776739749678 0.409153211871877 0.551783844490245 0.474772655850308 0.214153386815789 0.478431177569001 0.547435071799251 0.534126222340473
0.277190451864374 0.225337446001572 0.422925645972686 0.615820504006048 0.681015607470506 1 0.432614806469062 0.371537530830954 0.494398441227254 0.611201067372755 0.137194700094907 0.2001375982576 0.328301333832003 0.385193065164429 0.416465722732816 0.675021042295806 0.223048961006165 0.256719394989523 0.323288481044081 0.0842447797100288 0.354164108581027 0.449563126824477 0.482373606923268 0.544323335375763 0.684698782100468 0.789132538005366 0.69237801573192 0.588621462469879 -0.00700872870915283 0.35519436495245 0.3224524548257 0.399719587855373 0.235833315458824 0.0623840743572085 0.130228105573559 0.0245167581894039 0.118583759897489 0.437021440580492 0.18936220307029 0.482580659380357 0.0702122127251107 0.39505955084859 0.311550228241234 0.177186622989048 0.23362947604168 0.165203145149384 0.220314249022419 0.223457182703114 0.163139078956367 0.125286150752964 0.275009722105715 0.117589376427754 0.181006051458433 0.250677800454401 0.0943678548006874 0.259351144943507 0.367088799522406 0.275775581703493 0.22880251314421 0.147211568135168 0.246181555872064 0.283810604373083 0.267992301057937 0.046542822807875 0.47070576893042 0.458821900952928 0.461448180259848 0.276800878446864 0.407687865872075 0.360096802995383 0.293740635015799 0.441259641521632 0.0154175340469772 0.286663060458246 0.171603490624408 0.210669162857386 0.0675574177340241 0.102559312238994 0.318600918092686 0.183943593499064 0.230437281199866 0.327079788662933 0.136724674952429 0.634041503934267 0.495399229010217 0.442657821926129 0.172431842353729 0.667789316815736 0.450423359557394 0.485216280902831
0.647669904605864 0.556982637489496 0.922549034967315 0.79881308821771 0.576659953511826 0.432614806469062 1 0.683187571043425 0.685856409226757 0.31813174586943 0.503355452082425 0.422537814682512 0.634058965008626 0.469755021123458 0.587633668653997 0.350170759100322 0.340988568402677 0.409691308063241 0.638870222875944 0.561013027785587 0.185312208116569 0.068888373296554 0.738353468398658 0.68490863154369 0.446319172252471 0.362371844278268 0.31368960258241 0.0926244385802235 0.419351108942068 0.378677758833429 0.490441600754358 0.42389814807529 0.57843422360634 0.487892119976054 0.277428484824036 0.114765027097467 0.36922992780846 0.39378716356409 0.344095650345538 0.226243239019695 0.213191402408612 0.0912764993030279 0.50697925065577 0.418559670142491 0.475329689949144 0.327981107173042 0.433066912537203 0.452970937472983 0.416041894424506 0.258130221293916 0.588726471051944 0.432029306626419 0.479548013115008 0.445986019359908 0.453401364514038 0.432666993031684 0.521489743728794 0.540478651593072 0.536448830860246 0.409994675983259 0.742765250086954 0.53237138201977 0.524198596295974 0.422055859583313 0.722275094324255 0.619776520827538 0.792457215940114 0.564404625346654 0.603818169715568 0.584353700872305 0.65060103899233 0.599844228780666 0.433206417706857 0.383678727030663 0.228326837158449 0.189166862805682 0.385843374179852 0.315624481771497 0.452989658219943 0.370978574199489 0.395953320016974 0.507448930428039 0.332985856046585 0.268211934219038 0.754644615674238 0.63557053661397 0.378839182772354 0.398477150333241 0.762211087631098 0.633011145832859
0.465828475846611 0.404345176504232 0.530498595600474 0.693270257222516 0.41056224568473 0.371537530830954 0.683187571043425 1 0.460762032878273 0.360129131707147 0.425118385606238 0.563049462516852 0.38166851467351 0.465649475391032 0.324589801818577 0.350137302523048 0.184020732874183 0.302376080569618 0.467929291937506 0.513504979716997 0.149649441828613 0.264864647737779 0.409138994871427 0.466897756159254 0.187430770306034 0.278849726694639 0.156231094563791 0.124724680387981 0.278347659853194 0.430798073637399 0.341293431094611 0.361605596207733 0.451795245527676 0.497472232606481 0.108507948387059 0.135912365456749 0.246918211217761 0.386918056416779 0.211422565627681 0.252192632382149 0.20496566294228 0.127719885686773 0.361716689929785 0.40626001877105 0.409471684270316 0.405163897469445 0.432629547878179 0.516607838466026 0.527307923398979 0.379149547353279 0.633852032717095 0.578969190268524 0.544912932539265 0.506064241733199 0.395542010249138 0.501239855570687 0.332621652299257 0.321748537199871 0.584979626139359 0.528770695275563 0.624655683986431 0.78267379488228 0.441066995895078 0.658530199407298 0.424549036229158 0.50517525909088 0.449531393214416 0.549660715097061 0.443100517879636 0.410258316735877 0.53747817950451 0.646266278341977 0.393523495057649 0.473696532773222 0.177119079518707 0.362663538135896 0.10281557736467 0.201672894255024 0.342513489357648 0.262097975557714 0.354364187130327 0.445629284655025 0.278617999565841 0.305270581574803 0.498005729132793 0.704571849448154 0.194305582370168 0.260988419048428 0.576410949111277 0.75056691131334
0.467206149341809 0.395944153835172 0.64915504952332 0.586428689612285 0.638867431132754 0.494398441227254 0.685856409226757 0.460762032878273 1 0.558351083193297 0.332000223568507 0.297704626031388 0.509816954752798 0.335116191986409 0.659150798154905 0.450099795134661 0.405132033000629 0.362743143501581 0.431448497233015 0.391849552849629 0.259043192859739 0.209019756118608 0.528502494407674 0.511763355017439 0.416507464505359 0.37446419450819 0.31327826873373 0.219941878580318 0.288157487920602 0.341271630901296 0.379724968356393 0.328097896030996 0.435384357621388 0.343569649740577 0.100718803334821 -0.0402284202898251 0.355130444687184 0.440884818023322 0.399269715674695 0.39567737215118 0.173359859179851 0.2370296138275 0.418696585799765 0.343059089444342 0.343559945349699 0.263884819212828 0.392811747168205 0.389888783508664 0.330336695519701 0.258569985567685 0.422318834209524 0.306176703159987 0.375325945647978 0.345186542158026 0.410060080875571 0.414422124154867 0.494011518241937 0.412366640942223 0.344699358523261 0.263429709566963 0.516941717294243 0.336821266243044 0.38932778162939 0.273159112518437 0.559907907487008 0.384992224680777 0.500593461646838 0.309439343691382 0.493491013181694 0.452372122812691 0.448020781675996 0.497762006210618 0.322716184495351 0.311506500469065 0.17582619496844 0.255079886906313 0.242091385088147 0.17589885323919 0.488140642673148 0.301285556029628 0.418328699326854 0.443881417661671 0.31595678549229 0.337574694590521 0.570873629168071 0.492139897369445 0.303584544807424 0.36202614973745 0.654191508546141 0.575835488541915
0.118214739542357 0.161185632701972 0.285745202216633 0.472634787325003 0.453057194159128 0.611201067372755 0.31813174586943 0.360129131707147 0.558351083193297 1 0.0984174270212605 0.155697300285228 0.297128533703692 0.286004118046646 0.394197642550601 0.557938324322901 0.0224096410073908 0.0799791462328303 0.0974052666235059 0.0391141001006641 0.233502751316122 0.366562854391964 0.265024216054905 0.308939639248333 0.346495881087394 0.429364856353862 0.435114630306226 0.468867686899354 -0.0571175100267452 0.215384170147565 0.14558067176603 0.329908098148955 0.184246979417504 -0.00185661161605356 0.1148114238194 -0.00754891961981042 0.079586870642999 0.256296401909956 0.0481412094355372 0.349701424700514 -0.0991208720050756 0.096092733128451 0.152033463646522 0.0783087221967528 0.130141062938194 0.0637056891537274 0.0809888929407144 0.140654095633166 0.0922335941695085 -0.0256718818683419 0.130509754663026 0.0385210237405069 0.12870551371168 0.147872925105939 0.00470807590148604 0.137222852821646 0.156133848785143 0.0820498490105226 0.0195331705201835 -0.0499547741771431 0.280775497756228 0.417905417253835 -0.00520334686230234 0.115270557649729 0.370308709993308 0.383118527401728 0.175573034232488 0.0122661402751111 0.206842097260014 0.195927235885104 0.243983247346431 0.33863961009383 0.042276162051221 0.166282267424465 0.102159216877604 0.214686226086587 0.119125878058867 0.0976111873435915 0.141618894644979 -0.0210035847867189 0.0440672746179851 0.196392834257274 -0.00579448199865493 0.366186896451646 0.204512549638323 0.30383319917679 0.111668847227969 0.4183642285374 0.292385383402616 0.379792075619761
0.686067141208252 0.559916714060333 0.411030813357407 0.261057219255696 0.235546134721652 0.137194700094907 0.503355452082425 0.425118385606238 0.332000223568507 0.0984174270212605 1 0.688485245015668 0.583164696208755 0.378910464196746 0.453486662672098 0.294180429939574 0.362917210754718 0.590446450802791 0.665885353158041 0.627813693494064 0.190048907935742 -0.0115734576719744 0.348067668012665 0.409534020076139 0.157148818438821 0.118073699096115 0.209087950805754 0.0585456326666735 0.648346772799506 0.615350053276137 0.290243685283387 0.204446520798966 0.482461814974776 0.439651862723451 0.0129153506041117 -0.0205000026902247 0.258896851690526 0.197390080420889 0.29231679811251 0.195102321467144 0.205539726779361 0.251333315849419 0.455830177091867 0.524226425652886 0.250680718229236 0.293067578098751 0.470980397580299 0.499015693873676 0.251725681520568 0.128757120684653 0.416329551036675 0.271449214667759 0.489103688548425 0.348901288251153 0.493751666650058 0.511905030420872 0.347683405761271 0.390333183142132 0.379094737228737 0.409545418879944 0.65679306469332 0.228524652526843 0.77175015105525 0.678033830698929 0.250663318102626 0.158918761440348 0.277588057864397 0.319524436070088 0.298241365596979 0.243388404711535 0.4539589784116 0.400723830826166 0.495047194893157 0.513229415903525 0.217657893950092 0.354218159324447 0.388066267709795 0.369459116252143 0.395307923870484 0.361426280538833 0.476814563787738 0.379440655032901 0.430402555671262 0.270932638230645 0.485000336548353 0.440595464870968 0.228461927031068 0.181803109458992 0.54112323940708 0.483458265729217
0.529154451917425 0.516451815896754 0.317777231135848 0.240812764255885 0.228211772916747 0.2001375982576 0.422537814682512 0.563049462516852 0.297704626031388 0.155697300285228 0.688485245015668 1 0.443067973022595 0.53743691619651 0.330688548024303 0.424433495476442 0.298131352055701 0.484420077049857 0.618790492164605 0.709834070738227 0.167421612167732 0.153197243621071 0.339824399753371 0.444967023217292 0.0931006366205744 0.181106533961536 0.229666079120643 0.000123038747380224 0.599283501485488 0.686217818521891 0.335568133973981 0.304692261717836 0.55116908771083 0.497214823207227 0.00345983541299142 -0.00534056226433178 0.161126531367888 0.200086068156284 0.27621812647698 0.253445605901437 0.195372420182566 0.212450532914061 0.370947981716049 0.518349201324425 0.263221117113076 0.370167599176523 0.504345354595437 0.509023798533394 0.345550227592173 0.205829730435895 0.401000579007431 0.305276482303226 0.525575029472924 0.429208175828425 0.443346602685802 0.567845622625165 0.313217541960809 0.303618048679788 0.387672281895868 0.375348209730376 0.463741157753342 0.254755054300957 0.576305032070537 0.736324465258343 0.15541043013893 0.057729628119834 0.215407492446498 0.336721464971953 0.35087324026012 0.283480863070209 0.419938047733671 0.461815985181958 0.463963856569566 0.555218254234919 0.242770773057812 0.333336443793143 0.264255669349503 0.382398333505359 0.35648551089642 0.301717012621597 0.427518851036054 0.492449455755025 0.34044501886286 0.375536854537578 0.374516751749613 0.53027417603023 0.207796126942186 0.18137950994571 0.369385277424996 0.508372296264267
0.452914681074718 0.429783652239796 0.615685074793406 0.495923504005292 0.379011813388951 0.328301333832003 0.634058965008626 0.38166851467351 0.509816954752798 0.297128533703692 0.583164696208755 0.443067973022595 1 0.733022919315697 0.803958957156748 0.542376284511454 0.209835385677239 0.316879244862603 0.625456804084474 0.425627483096392 0.139425004711518 0.0407869826419407 0.755403505984964 0.721977548908731 0.388312491509844 0.319404489591111 0.410320955198869 0.178804513599708 0.410215001559584 0.3723719240789 0.467208809816094 0.497324711952742 0.501239417579614 0.395623238639103 0.0560037258934924 -0.00858475357749954 0.363173394673054 0.303219552389621 0.378505121821599 0.361851285990563 0.0863404241261446 0.109933568848958 0.46755503883917 0.362399415302096 0.303632172835812 0.186122169478599 0.316180157914009 0.331231901277339 0.186341878786686 0.055975625028246 0.326079376510595 0.180599551912003 0.324498295352705 0.236602359944807 0.422541917248939 0.378526347875269 0.33218857145131 0.349567633023358 0.129296590937638 0.11129983895499 0.522501597789062 0.354176423756733 0.35671925541015 0.227443737633659 0.666980157900363 0.535301180682733 0.427946817852656 0.256949319656952 0.372696607499206 0.351637653102651 0.393795289945805 0.454295591831345 0.216933410343911 0.270623829759982 0.248792826792042 0.247627077393625 0.402948331466713 0.318359346246399 0.276322963040011 0.258910460957353 0.173714490977114 0.393554233281704 0.352416034473374 0.332875823223174 0.678340211243167 0.534321489611508 0.530577448389606 0.49952093480724 0.607377167501535 0.47401964504781
0.383119334998198 0.336620130855815 0.446031731029388 0.430131787655794 0.272181681772124 0.385193065164429 0.469755021123458 0.465649475391032 0.335116191986409 0.286004118046646 0.378910464196746 0.53743691619651 0.733022919315697 1 0.610154479982466 0.667170352476305 0.139379414444658 0.182082544812315 0.46103809511601 0.366847586325382 0.179651816763696 0.123579209018456 0.612343343078539 0.700302141394893 0.436292459295596 0.434479089505776 0.428511308199484 0.272419970172096 0.291607088198715 0.397031369913439 0.476637647938255 0.594971579452617 0.414535298443163 0.424993842328066 0.000817728530590512 -0.0308781782407843 0.27910507994232 0.281439615297216 0.321875184567107 0.502036985697786 0.0137088747339254 0.108655704788337 0.490048682025448 0.450756620126795 0.316015758596849 0.21230316677013 0.316019369212003 0.329724817165754 0.245536761147435 0.108802398682672 0.389584490233414 0.264245798786924 0.357026436467673 0.308682465858356 0.327116217649834 0.368203120595059 0.292720153691597 0.250084872646409 0.212735577504669 0.165488848059846 0.430581734002248 0.391832522449145 0.251844981128672 0.253161720991849 0.476746768527202 0.515146635839027 0.413865467733156 0.362925427773461 0.310832639073772 0.298933372510056 0.369905123867723 0.470398717288331 -0.00745477833541827 0.172237116495761 0.126131655704507 0.151532577326738 0.275234204568222 0.254589151874168 0.234189250120307 0.26246331096034 0.111647999789497 0.364629309866931 0.289445228330275 0.388106603379979 0.530959501502532 0.584865989985022 0.449045790250738 0.514666785749528 0.491069094430094 0.514281876236493
0.400138810197323 0.383168493545922 0.616760999089095 0.500854939819639 0.421710004093308 0.416465722732816 0.587633668653997 0.324589801818577 0.659150798154905 0.394197642550601 0.453486662672098 0.330688548024303 0.803958957156748 0.610154479982466 1 0.649050812058209 0.210238390081412 0.320753305261283 0.49109723016987 0.324780855085298 0.253378883201794 0.159391719392652 0.725837540009436 0.716029883297 0.516704892984741 0.418806849036079 0.397567778685009 0.303369647280892 0.276565248806806 0.342688115690758 0.458446135904841 0.454858408891156 0.44252336776803 0.312464163430853 0.00746444384713156 -0.0791450532214908 0.358655772649275 0.418607485951622 0.420936163798163 0.468193872966525 0.113465810473625 0.21991788016129 0.392837129534706 0.287821289997043 0.196842513076652 0.10763725367908 0.286627148444074 0.251084461194763 0.158454242946754 0.0632782562973982 0.30718178794255 0.18547808634631 0.361954359403943 0.28569876944295 0.39800682193598 0.351647030681149 0.350995017078269 0.315650522188144 0.142724079776346 0.116853319004114 0.475698962780915 0.261004204326585 0.296811370830083 0.152725237979801 0.640070485930635 0.480854979216298 0.424471330154469 0.193017076595055 0.358628729782262 0.278845076939078 0.393882351487459 0.423851757807013 0.183145467969619 0.245920123752187 0.1960726868825 0.310541674878513 0.306892600771314 0.231913601352811 0.26624030807508 0.185803526060806 0.215808578995493 0.402933556462264 0.383531829215659 0.428814779230402 0.649947695870074 0.491774579210808 0.528449348164889 0.542062247807997 0.653515221664077 0.499304931476144
0.25362718789013 0.18570139527503 0.348100346377958 0.430406133808077 0.481072312355899 0.675021042295806 0.350170759100322 0.350137302523048 0.450099795134661 0.557938324322901 0.294180429939574 0.424433495476442 0.542376284511454 0.667170352476305 0.649050812058209 1 0.0989246464154276 0.201367094655002 0.389205726050626 0.19301323364986 0.361004526614771 0.49055218620687 0.523920952303927 0.66120902520099 0.653589656531549 0.756563028291371 0.630483912121788 0.626706442239522 0.145399388434245 0.502855133720275 0.51308177644365 0.610506538298493 0.411004400494749 0.262951074489415 -0.0779922936491716 -0.030911676524875 0.13385395238793 0.363210467491125 0.252234929733559 0.620780189281703 -0.0475973780653852 0.318285365656508 0.441851448115679 0.340417426620229 0.207091373902843 0.133448056312689 0.267057978332097 0.24784102041729 0.17065603290919 0.0681004348748643 0.294106677949178 0.157269177746453 0.319487743880005 0.335206303115311 0.212578365465356 0.383314710219151 0.24204895390939 0.10321995517486 0.0804082636947518 0.0424218880984766 0.295163762935049 0.22977254385751 0.227923941099072 0.151491035531532 0.465850230541966 0.363649845367476 0.300747041237687 0.172187736912253 0.256785101388268 0.141257900495197 0.278053900203466 0.423699273321718 -0.0544988440653961 0.303685762448657 0.0986608659311785 0.241290063637161 0.166441197927942 0.157941765642816 0.219983559884455 0.092014348284273 0.12970760895939 0.283813760500859 0.155763934730702 0.652174283964757 0.4166974635171 0.450928660635691 0.252040737326164 0.619604856653432 0.394005371345597 0.500127077952553
0.63227636019576 0.656635768501477 0.332373172479423 0.229088670748827 0.285298495670606 0.223048961006165 0.340988568402677 0.184020732874183 0.405132033000629 0.0224096410073908 0.362917210754718 0.298131352055701 0.209835385677239 0.139379414444658 0.210238390081412 0.0989246464154276 1 0.823558494816326 0.545880874663664 0.624184820146684 0.198930633344761 0.105710250501815 0.224433669901578 0.285277597827213 0.228887314419767 0.214075021084219 0.219264802324137 -0.0377020593477583 0.698383729737702 0.601897271120217 0.364995426953514 0.0985018432979419 0.475363311621102 0.436845307556776 0.0276385578462047 0.0427677317397771 0.467170657701814 0.473736040050871 0.474016631092006 0.333701200339503 0.446657707390491 0.444364030778174 0.457537455856469 0.479452716656669 0.538393467631516 0.581994684050908 0.688784209374816 0.651030747073753 0.525253676557735 0.533268297728856 0.502808423919003 0.309898761105534 0.411113894252692 0.426221906575574 0.600063095473518 0.591211379177564 0.820917229247192 0.758647699898943 0.490553532727745 0.508832786703888 0.217445238182179 -0.0191138062652744 0.603739193863499 0.338889925064396 0.064370816097612 -0.0073197130818607 0.458196537970058 0.520676079655423 0.638614979289112 0.628914486087768 0.463072920545868 0.438549598735559 0.377744371076084 0.378900511831303 0.242471120190777 0.254409144474409 0.464643517008149 0.390111446332835 0.821223103745265 0.768412540733398 0.840815219888511 0.697711532806381 0.630752478696849 0.380686188153283 0.584601556928605 0.476786817940377 0.31196815935361 0.198457907367544 0.520325740774118 0.46976652624534
0.714227688559345 0.784490295654042 0.420624168216933 0.3149576690188 0.273095108091374 0.256719394989523 0.409691308063241 0.302376080569618 0.362743143501581 0.0799791462328303 0.590446450802791 0.484420077049857 0.316879244862603 0.182082544812315 0.320753305261283 0.201367094655002 0.823558494816326 1 0.693487708212988 0.751076358876554 0.240800765534712 0.18737808666502 0.333408846290358 0.390552990594613 0.291976363436163 0.271697439277588 0.320237546932231 0.00839436132376848 0.778976904715944 0.75007242132294 0.40182853121954 0.194350770701532 0.551911561272665 0.467161373263636 0.0639755485285066 0.0320032440470279 0.470446098165839 0.487882175531696 0.485211793914059 0.311838403738563 0.394900349382196 0.467684767500455 0.50173290609278 0.513524997504962 0.491374940588477 0.561127085729526 0.707000000245773 0.687765156869578 0.506123416817683 0.446963318879132 0.513171431516764 0.298838647143463 0.477164880049033 0.464227628799769 0.649444240091334 0.653127826740444 0.744540772060052 0.798321263689354 0.492872085663395 0.53218226485225 0.345332992230411 0.0664630054795322 0.736723246797238 0.538585387208168 0.136081901891673 0.0204774039132544 0.43834740194618 0.493757103205675 0.660710868346153 0.614870283730278 0.538985754421389 0.510940030150647 0.479239301062702 0.531505042465874 0.256728524028158 0.378953488555393 0.519792720415062 0.524978777951922 0.762135467259184 0.732953495516594 0.840885578137429 0.773939992409846 0.634213915034567 0.501078673232134 0.61995566016462 0.564045082736278 0.344498522567478 0.264533023790506 0.563037825843173 0.524294112839222
0.743746768643772 0.680450687662937 0.6235027071433 0.492965763595491 0.475531421936528 0.323288481044081 0.638870222875944 0.467929291937506 0.431448497233015 0.0974052666235059 0.665885353158041 0.618790492164605 0.625456804084474 0.46103809511601 0.49109723016987 0.389205726050626 0.545880874663664 0.693487708212988 1 0.785878092782767 0.2265796941436 0.133221329318317 0.626542386437653 0.626587753564065 0.413334935674207 0.352598630170199 0.431217936167906 0.0147068896571872 0.634910434551701 0.647864645415362 0.58734070850938 0.404314523103988 0.661462787412488 0.602406981263233 0.137979926142938 -0.0718622209406944 0.392200717586805 0.352136324368481 0.460947727000987 0.247057207327148 0.145110157218057 0.232071284672982 0.609026210883546 0.564058808083565 0.482130352642802 0.436628642436468 0.586037203976125 0.58037575826476 0.475784827410836 0.326122104064244 0.518966023059079 0.331062262643374 0.458271278057237 0.468278347831573 0.541155216317674 0.584153965252268 0.605691167051721 0.611734518175984 0.436655739074282 0.400160138444672 0.461218866245286 0.245492506747646 0.658349718978717 0.435170646933795 0.438182975661488 0.2959210685579 0.549263316569903 0.465129245685876 0.660748740647384 0.562596050013843 0.521080763470318 0.580346498145297 0.38169085965469 0.480409251308163 0.269600671831694 0.336260017530899 0.509085534713073 0.493391293427984 0.598009507953383 0.519952535550295 0.543567676708203 0.545592077957899 0.443365383249671 0.429867280160321 0.651737227169799 0.58481103960469 0.306082054552706 0.351466901003883 0.588528706257039 0.56185667133428
0.719568637155178 0.797904813238218 0.534730196306151 0.349657990378707 0.268348521782961 0.0842447797100288 0.561013027785587 0.513504979716997 0.391849552849629 0.0391141001006641 0.627813693494064 0.709834070738227 0.425627483096392 0.366847586325382 0.324780855085298 0.19301323364986 0.624184820146684 0.751076358876554 0.785878092782767 1 0.114537670439531 0.0531671319944463 0.425364206503729 0.479038449220304 0.132634346997158 0.0920759360953494 0.175166159725589 -0.180759148878929 0.768276344167007 0.648335067619455 0.445729967368255 0.227563763405795 0.647518383383702 0.671377128872665 0.0892766847399304 0.00193596839660636 0.466829368245554 0.310302844753382 0.447541980767641 0.191363856026738 0.286410886974195 0.204525122911965 0.547202109634728 0.607702899249372 0.580885751409256 0.592907676717657 0.703227469379381 0.689709388391335 0.634759195713779 0.490184871264188 0.610423002681539 0.459202735264947 0.575742997629289 0.558178454966628 0.66219176575194 0.679269543411019 0.608669186772025 0.660981225489037 0.504293049516672 0.51606486164774 0.413998594729848 0.22158584132202 0.624644296324405 0.661135150367503 0.198777290080256 0.107807312109685 0.465137147094414 0.5367923589482 0.661680526715168 0.627129448203903 0.610783389854997 0.586427412613251 0.518606777989548 0.527962793893433 0.218982047895815 0.305192817494801 0.54896033578511 0.569398094671289 0.652514422126538 0.623906480651001 0.675814555662569 0.671584822055731 0.548149524722635 0.286058330319302 0.557322705201228 0.636734212298181 0.334777230185941 0.169274488984902 0.534778753366284 0.594070848879756
0.258081016058886 0.112840548587375 0.19086476435453 0.147205632944741 0.279362332259912 0.354164108581027 0.185312208116569 0.149649441828613 0.259043192859739 0.233502751316122 0.190048907935742 0.167421612167732 0.139425004711518 0.179651816763696 0.253378883201794 0.361004526614771 0.198930633344761 0.240800765534712 0.2265796941436 0.114537670439531 1 0.313415097546328 0.18375063590392 0.225383164114492 0.382763870693098 0.486604974779349 0.408675916643576 0.361685822442013 0.13585405036733 0.368141437901899 0.358280202918297 0.36608940790509 0.188138039281644 0.221108047528502 0.0532944520556846 0.0208953336819723 0.245007136237402 0.312929116026174 0.252316617757254 0.382114317815539 -0.0259560761353172 0.324008466604082 0.381053090870698 0.349484144063626 0.270311439522433 0.301770236892814 0.281240702792705 0.282401317704632 0.242577949095496 0.251330899474346 0.235072288470177 0.159244788303927 0.145977545049143 0.160389358545715 0.133552658390557 0.290963991542804 0.226972824992621 0.102811192706026 0.238948544702927 0.208999361180043 0.19237787368777 -0.0512054837348942 0.350735421301641 0.101782637681912 0.065364751715928 0.0989153851157644 0.304664772577909 0.349356843732918 0.153592884021438 0.152277705590093 0.333584771469121 0.401911146472913 0.0831679156654018 0.19646138601372 0.0128523687846701 0.313936658431475 0.131217588694204 0.112806349761487 0.273015084364116 0.260468035830446 0.31208672616419 0.263586676604054 0.202981883776905 0.423247151927494 0.261356564653532 0.250526072437962 0.0327630151096512 0.263292522633727 0.28580702641818 0.243533789280055
0.0598364997302219 -0.0108140880524632 0.0528491392253379 0.211095020002696 0.271856673948843 0.449563126824477 0.068888373296554 0.264864647737779 0.209019756118608 0.366562854391964 -0.0115734576719744 0.153197243621071 0.0407869826419407 0.123579209018456 0.159391719392652 0.49055218620687 0.105710250501815 0.18737808666502 0.133221329318317 0.0531671319944463 0.313415097546328 1 0.0729519703816561 0.186289906671626 0.425433451112946 0.566339381331961 0.328473466048193 0.475102358165522 0.0682027482357478 0.336444726337731 0.314121193144671 0.323997255696043 0.195779642044605 0.0497041222688348 -0.079057733848462 -0.00290237978136306 0.198857615624136 0.368648842491708 0.158393485145335 0.405052356965933 0.0492636675085264 0.250714531517983 0.24810287968765 0.164403965617804 0.178459403944816 0.206092169229572 0.188979250087008 0.200100343373552 0.200367318092586 0.200476534258239 0.182439264225532 0.153319590263701 0.0975614930761856 0.198684748156654 0.102167846104969 0.240373301639927 0.127066446655717 0.0187889213118967 0.055880742994563 0.0732501758298317 -0.0553542079501888 0.046943412728444 0.0766803809735313 0.0551611392260789 0.0669220948761718 0.0495491623737195 0.0918275436181083 0.155550450317241 0.187078991039078 0.0741789512738183 0.244276095346082 0.39416203045945 0.0496752256432384 0.324534014649579 -0.00288978602278538 0.193606162171189 -0.0374559625185249 -0.0561128730192301 0.184207111241196 0.0759247040004679 0.220431675468309 0.236847404101342 0.100419230543653 0.487335683487714 0.124381236775479 0.251386016852604 -0.0312594753629762 0.273926129446827 0.100903421601456 0.240995034363125
0.398643131894635 0.454055658822027 0.829321608739453 0.693824531009493 0.57656376888661 0.482373606923268 0.738353468398658 0.409138994871427 0.528502494407674 0.265024216054905 0.348067668012665 0.339824399753371 0.755403505984964 0.612343343078539 0.725837540009436 0.523920952303927 0.224433669901578 0.333408846290358 0.626542386437653 0.425364206503729 0.18375063590392 0.0729519703816561 1 0.911196185849639 0.629679561370182 0.503580126702611 0.50781656860236 0.13964059098724 0.301239640834039 0.366677659838331 0.648508522689423 0.606162273892741 0.591198095943642 0.427033715238827 0.276447079435462 0.0318595276279117 0.398421507502356 0.376009683740587 0.41045347570614 0.357216694798389 0.129312422249536 0.142685386231828 0.511990059686887 0.326305245461871 0.370561645734802 0.209417090707162 0.330663438121461 0.319295416078572 0.294506051884952 0.161004309631616 0.404317371332439 0.270080828398411 0.335912186418197 0.35364585481877 0.334952170736577 0.344609306690036 0.414059789263692 0.448632488945413 0.238165254595439 0.163640018466693 0.436294853662055 0.357437830979023 0.322987030450322 0.143608298797697 0.830728468805026 0.583072768931446 0.694398258827539 0.362380401901648 0.567335793094156 0.516837255332748 0.483639700976391 0.487649028126215 0.17915476438824 0.278949899588636 0.202504449133991 0.180892139401214 0.3682076204705 0.367475835176654 0.293289567619284 0.275387775418632 0.192279788666478 0.484965125027274 0.285159474449234 0.340695808575755 0.78264218258091 0.617876378243275 0.535227811063323 0.582023615756407 0.662243368629052 0.573106583577065
0.444435118892116 0.487474344285593 0.76555901310527 0.695143448237922 0.561560740753577 0.544323335375763 0.68490863154369 0.466897756159254 0.511763355017439 0.308939639248333 0.409534020076139 0.444967023217292 0.721977548908731 0.700302141394893 0.716029883297 0.66120902520099 0.285277597827213 0.390552990594613 0.626587753564065 0.479038449220304 0.225383164114492 0.186289906671626 0.911196185849639 1 0.660077609040313 0.592130330745368 0.575272118284785 0.272697518223858 0.35873116543355 0.478602945738441 0.651853506634471 0.617805459466048 0.642984572245471 0.45798118394412 0.20743561425463 0.0401867477803243 0.400463770087892 0.412564356002951 0.389712102650402 0.447366905276566 0.146036179773571 0.2595420093918 0.543290066633492 0.373156605826211 0.388931362546662 0.255471069340843 0.390679320903852 0.394167532527401 0.334432616848493 0.199388951895803 0.459430863516647 0.324954873542753 0.410485191893844 0.450782507573587 0.400339419076325 0.473737027400588 0.458673128703401 0.456555721093441 0.260557210567675 0.206108238766866 0.428485760449469 0.359084375684669 0.391253094130488 0.248685502883309 0.738266717047282 0.543657418727759 0.65823989189147 0.383218422305871 0.562408031816668 0.491758592131829 0.528842788723826 0.584015521643032 0.214045212976925 0.401464376997437 0.206716260313085 0.252798599687539 0.373349666886464 0.363361468938092 0.358528953257979 0.294170620693707 0.280164485960729 0.552951474194251 0.335041440416343 0.456493086360475 0.750279663416886 0.713769501804482 0.479614531654372 0.619218501994028 0.658877358739273 0.663962228482883
