1 0.930532540947135 0.743565642591123 0.733201410843075 0.470247856749182 0.212175890716374 0.791820613372816 0.702820736731176 0.532836061628489 0.45304464373897 0.810381918467093 0.769021063606529 0.902879454376238 0.848613118525396 0.7682871188876 0.734688655496982 0.894641730801052 0.864266098275812 0.839942984652738 0.712041737041373 0.646259102639555 -0.125970050322629 0.674451432853274 0.595086311478304 0.561954969667394 0.637934865195847 0.369559609056109 0.185426561640177 0.903270381935474 0.799853429935156 0.614031121413429 0.452195919953608 0.737226778974751 0.781231971914958 0.573253362057747 0.544522699359727 0.405184451053462 0.698408455430601 0.646329851640453 0.708092901777896 0.242483355802068 0.380623630820699 0.832063662779829 0.735802447694033 0.697931200731943 0.549059918794375 0.867293274561035 0.832090533918533 0.80570123135513 0.582017129369244 0.829128205085731 0.77336593602184 0.821713800067988 0.816802082688399 0.810084408536278 0.868737545157544 0.93222756546473 0.912478512510803 0.837091466312237 0.775085728939039 0.883532216466892 0.777362550918314 0.826547106752035 0.809677843803812 0.674519167703024 0.735007425555106 0.59608891670393 0.56425215462704 0.52351811752448 0.495287809146522 0.617267985019112 0.630253016986668 0.672558936540491 0.452262594621153 0.25238770520173 0.182460041144128 0.575373946729525 0.649053104992882 0.853095140820394 0.802368063732219 0.908247246196 0.837327883733475 0.81842117682917 0.81784031585223 0.846452816963128 0.834970203809716 0.68219885663091 0.764334553955586 0.750109381992376 0.821584494149391
0.930532540947135 1 0.723395447898919 0.749768686902102 0.477459927667052 0.256526630538583 0.751163204933293 0.728334494243186 0.549403397889783 0.490041250466518 0.739276856496397 0.830336798195503 0.853509269483837 0.877348318131412 0.750589669615416 0.766947973470142 0.883897236518141 0.911041893888069 0.773247790130875 0.760032871949352 0.618466888273245 -0.176547676855253 0.666519361200671 0.619164943954537 0.580086322971611 0.640916074275084 0.390721502806715 0.208330334228989 0.882180195381577 0.872946535174068 0.607134276678818 0.481072425886572 0.693588976900132 0.785274295349125 0.528167622015109 0.516154115135582 0.366414101841724 0.64897244038694 0.642381847309045 0.733046213986509 0.208654372145094 0.342147377611387 0.832952391496226 0.72854536299924 0.678932924360324 0.510063664313613 0.874499858895989 0.828788377407637 0.807131861172947 0.527922372265627 0.81292287841909 0.765110430860046 0.799241904428148 0.811711079940084 0.811480419541877 0.880233797264211 0.934121606477908 0.949198062223079 0.831106967670388 0.786367022292144 0.833375530608965 0.845206027592587 0.784660644518773 0.85365154821762 0.663410757362118 0.7799122237635 0.578071566493787 0.570435672226144 0.555028507964726 0.598728559369347 0.591573963158541 0.600244916813721 0.65848420080714 0.484246333833652 0.300400169086109 0.201085608533692 0.567996256448222 0.638775509829574 0.865118310023656 0.865613247847379 0.917369018204069 0.891722464727563 0.79574258435083 0.860931176862424 0.861111463976287 0.883016782632778 0.698885908641577 0.811777507563135 0.696963180415628 0.843306396307575
0.743565642591123 0.723395447898919 1 0.896593819109591 0.856735562233919 0.581949142184825 0.914205828947191 0.851111586190464 0.82831770204304 0.741293740305149 0.569003828222286 0.602839876387837 0.822854566440153 0.76512418330798 0.829691975759397 0.814686185478537 0.647582916743945 0.642526266018461 0.763553802796539 0.447783005242325 0.638593735306629 0.0922472771657148 0.930269627127338 0.856323334914165 0.881417000663017 0.874523128245058 0.653382633836675 0.466571395053759 0.714358397769259 0.56752170943624 0.842569018280946 0.747003572537234 0.792681104281567 0.748640529198218 0.790523788994799 0.736289544775825 0.465526321287721 0.69439799683496 0.609836857956606 0.67519556836431 0.307159354338466 0.316085509697059 0.717211977032539 0.714047726262161 0.716720438203756 0.605894435907229 0.720374623874055 0.755781785933133 0.721371752207734 0.596103603297277 0.70023553444693 0.695851012897833 0.643289736597604 0.721013391967175 0.664113088277593 0.746441457172864 0.656282946412287 0.652532347276998 0.732854401760487 0.655404932271515 0.725119762014202 0.636598044760407 0.546333942674554 0.578889810138005 0.812076787763302 0.830352223941414 0.765732218776041 0.713991505353028 0.40510405435847 0.315620260973475 0.738691232357965 0.714236392329462 0.706562657046369 0.598567910688999 0.386508763068281 0.302229192830106 0.68507721420463 0.68541007761466 0.691579995052301 0.620389602050166 0.679382696111174 0.682878458883469 0.630398920844163 0.644039056053463 0.72874477116361 0.751268340485961 0.473069526923422 0.667178936324628 0.642594525244488 0.630711633443127
0.733201410843075 0.749768686902102 0.896593819109591 1 0.7987184028854 0.59586002361735 0.912360996330965 0.965708486303908 0.817886173948283 0.780027707057401 0.538585745387177 0.681911226520711 0.768816789307136 0.810515425682571 0.713001626317731 0.812065832662578 0.643358124691027 0.636579336455691 0.821815763984747 0.540733110196846 0.561146186247492 0.168193762964292 0.891442304879885 0.912899726571999 0.756679786803186 0.774924759318537 0.602070659509584 0.490015696437045 0.679530480243253 0.598782428629565 0.813937142468129 0.803782078211797 0.851992041385606 0.780815731992213 0.745838033622208 0.742280544680252 0.471291349304811 0.659425289441486 0.511149266374909 0.610170505128462 0.393542231363324 0.35033930972892 0.718128901430801 0.745088760923173 0.75851246726744 0.699812316591464 0.699542633915551 0.767609087512878 0.751814883437495 0.697529177051075 0.737080481994334 0.750515892504708 0.679881940590253 0.727092468930649 0.671316151700121 0.7435509604116 0.658548025059227 0.629986389208258 0.770918520536263 0.744139309068072 0.716623582375347 0.752290234985064 0.572678011046122 0.671758855707299 0.640523196309843 0.856051142868329 0.793613319377569 0.799453899784499 0.439714659207329 0.29566543107688 0.831820730147436 0.789317834763899 0.760780076010103 0.716840015750291 0.434894593085333 0.443241148440506 0.757403680160365 0.732941687006813 0.697073008215764 0.613251785376477 0.669413905771789 0.657339256223463 0.601326688147232 0.599296291960626 0.664158231284052 0.739988317797653 0.371229559973257 0.5982199065403 0.630548236004147 0.632851530878792
0.470247856749182 0.477459927667052 0.856735562233919 0.7987184028854 1 0.771257835531661 0.735874531465801 0.794813719528212 0.913362657650633 0.850119662629832 0.371923457856129 0.406127702579127 0.590310829951487 0.585771795260915 0.634148173375681 0.741373644740511 0.433222884757362 0.448680214190686 0.514199286078996 0.205537890506998 0.426219115119314 0.257036059840499 0.800163291422671 0.832959231810632 0.899505590551755 0.787042024501366 0.754707467794431 0.582215094594061 0.511819641929268 0.371652091748156 0.7466085027454 0.743177615967341 0.621330616708661 0.544148393130123 0.595267437835286 0.550089825431159 0.327879135913592 0.501347517275031 0.386042563576432 0.509825719790774 0.333957154113397 0.232836934942511 0.441525756220766 0.493040218161463 0.504112854526324 0.465194992789684 0.462668658012284 0.525999225045616 0.473823050625255 0.441231970058077 0.439557184557479 0.472271929997652 0.386604003726053 0.491443528702257 0.404280882490304 0.504485579153727 0.41542358045192 0.415373499715639 0.491369598285349 0.457810735301624 0.479636488656592 0.485971394154825 0.380708580050492 0.418592532395082 0.534079721303909 0.64023206131078 0.59072189367921 0.583056035413421 0.22155194066077 0.190933506922327 0.62028661447148 0.597903232146125 0.633421454780384 0.641027414103119 0.462799356660068 0.37238519889145 0.612733089914276 0.593473988851216 0.519138269160417 0.42479094070897 0.468425522473724 0.476400212627379 0.366649670677879 0.393877969248124 0.451881068717439 0.525769627222563 0.204106003477487 0.437556994642641 0.403650441822547 0.349930247393945
0.212175890716374 0.256526630538583 0.581949142184825 0.59586002361735 0.771257835531661 1 0.458458517955666 0.594646520436907 0.705528933927437 0.727678826047719 0.170849381463725 0.239545970203953 0.280887410512933 0.347200377542127 0.285851784650757 0.550715950674901 0.184691180489197 0.212090233574801 0.303812790629309 0.114653671096869 0.0855095184347864 0.388866761256756 0.54252606101859 0.624855916728162 0.66770529489296 0.496975079896625 0.636303074331551 0.722923872665575 0.227669822276558 0.163018906999138 0.489767163969338 0.583094025657064 0.376940553067099 0.282158429480503 0.338280701012966 0.263726853404557 0.194855815552487 0.196151810509107 0.0301994120486377 0.233089218783333 0.341641843142315 0.125428561409335 0.180805557161698 0.248647482995831 0.283185589266526 0.28351836239519 0.170274812105044 0.243293194374253 0.229336976245912 0.270111805749024 0.185627559963178 0.247900239565752 0.13146578363907 0.233650035717256 0.117542863071629 0.214137375545016 0.176787859021245 0.175428557434528 0.25123410620736 0.252497584652512 0.216806612575229 0.335438887975338 0.150814608393878 0.201993642894513 0.251180105338726 0.384895560792239 0.344428664440274 0.34697336473112 0.192128400048153 0.156423269094317 0.44099113282767 0.375541980446944 0.374333380944436 0.552398595203658 0.36486148545665 0.394846422976363 0.396384494841697 0.318734172858258 0.28222043912307 0.17920760624168 0.185408898784057 0.207716894406548 0.0144888296791525 0.139739865383547 0.170818280211992 0.252889038190822 -0.132177641230314 0.140211695178795 0.137595394642203 0.0985202792516369
0.791820613372816 0.751163204933293 0.914205828947191 0.912360996330965 0.735874531465801 0.458458517955666 1 0.873056982897092 0.790902528442481 0.691751115440661 0.517236315778726 0.655874762097448 0.83951234444272 0.793355019248924 0.803969287129453 0.782309169026437 0.724725687534213 0.667229875900039 0.876530474444083 0.492465406300279 0.72310713211339 0.107344791530907 0.90396393968072 0.806710373933589 0.706098236714423 0.811870565717955 0.46367825075776 0.316897385435468 0.758760186318523 0.613733714588723 0.887597067831073 0.730220605415748 0.901569940512125 0.864013761266006 0.807959664249648 0.790238098913694 0.430594549678685 0.768471534574423 0.666702323665516 0.721082782830834 0.247372398231064 0.293325688591567 0.79676085795775 0.796900650923484 0.825146119350072 0.751783539073045 0.780398273304401 0.831290782237457 0.803171152682751 0.735764361529751 0.788000005503569 0.792229675758678 0.729651309987648 0.79476402978249 0.711821029106136 0.791581885111434 0.697323416004141 0.675507771182233 0.808760887978157 0.771204791204329 0.74686014675915 0.688322948806945 0.606987399999866 0.684398064206315 0.728585872118316 0.844827607988601 0.83073199977486 0.789417445716695 0.349537249342899 0.21246707882218 0.862718002550663 0.830905419638851 0.818509575731823 0.652179612677607 0.332339109978967 0.328585680412316 0.796379068275261 0.836716683093417 0.746342715382232 0.647986042240026 0.729424148763779 0.679192329446684 0.720570629422018 0.645131108765621 0.723370676512543 0.776399543833292 0.537832667941271 0.674884424322078 0.669974738981816 0.723908748477795
0.702820736731176 0.728334494243186 0.851111586190464 0.965708486303908 0.794813719528212 0.594646520436907 0.873056982897092 1 0.794225557530255 0.806097275797263 0.523551764285512 0.697564739863949 0.7586637538676 0.826752772916423 0.676753396088087 0.797663851673666 0.626490395270023 0.636774981422482 0.778453300400622 0.5559339700666 0.513987546316647 0.176815768076405 0.840318603618672 0.905449653221227 0.736186669291348 0.733301218043361 0.562743346273034 0.472859241336111 0.66444614954152 0.610040391212533 0.789402302338348 0.80406235784082 0.808027673928382 0.741385774548331 0.651048023872098 0.653114925883047 0.435666899825288 0.607149978579806 0.481399641187923 0.565022093242004 0.360238978093388 0.358696099781395 0.654593363280314 0.681008887082736 0.694950412046129 0.639307083657752 0.655505894394247 0.719536193439434 0.704408332421029 0.643251215711464 0.696741729359726 0.715939950015003 0.644082820342557 0.699109546724906 0.632265906768717 0.70993085932009 0.632599132139104 0.619743017610022 0.725206769657218 0.718875561408547 0.69088814350486 0.771240858789603 0.588816928022617 0.704863451003478 0.565996867543419 0.793894995282464 0.714912847325349 0.742273409953705 0.390379356001721 0.28649259856646 0.800521743308558 0.772748824254449 0.749667838571795 0.733584814881398 0.436434454419248 0.450075305981978 0.739322003763421 0.726972014655518 0.675900508849249 0.584509930324835 0.656413804139428 0.650137342952358 0.554895968871698 0.577647000383857 0.618128701871568 0.720254260489582 0.341163374732448 0.554084831563139 0.59836613242035 0.602132458466255
0.532836061628489 0.549403397889783 0.82831770204304 0.817886173948283 0.913362657650633 0.705528933927437 0.790902528442481 0.794225557530255 1 0.822636053088409 0.368150525857413 0.4565465539424 0.631189311062699 0.624036122439242 0.681362939794753 0.790512272004496 0.507545369795818 0.504081393733957 0.609111814447968 0.280739830844686 0.529221891466892 0.299724745393281 0.795415922303902 0.771599202201106 0.806814470917999 0.73728117289808 0.652785045311171 0.520029036944187 0.551565442262306 0.449321401710628 0.755058887942164 0.689204440218083 0.70770437064825 0.643793618325704 0.647038177552877 0.605688205089486 0.383448535742652 0.591668988748725 0.464062892099029 0.601736083377852 0.326100335677749 0.245348013740509 0.544183041626728 0.579506828266901 0.594612401291225 0.55592780755645 0.541079863077027 0.607141037851502 0.54470921861287 0.522545932013532 0.50355291105947 0.540989012340496 0.458620934235085 0.536546440484317 0.470681837305419 0.561300671750154 0.490948255075261 0.486862085468079 0.566964698435535 0.567760031799028 0.514328778693417 0.534011668582829 0.424506573283233 0.484689213080782 0.540182824564244 0.687546750123838 0.674669118220529 0.661600051668045 0.279111674501796 0.248225034381195 0.718506312950785 0.659257176921677 0.703144242987208 0.638794060635899 0.386160087972561 0.364081304990547 0.668649006735423 0.685354331572578 0.60203392486302 0.490853851517131 0.544764830857503 0.529441277042251 0.484571947460573 0.451925268272109 0.517903112053746 0.573430402485345 0.289730217178235 0.493740822164429 0.44827039226347 0.430687422229903
0.45304464373897 0.490041250466518 0.741293740305149 0.780027707057401 0.850119662629832 0.727678826047719 0.691751115440661 0.806097275797263 0.822636053088409 1 0.372897844674417 0.404895091522898 0.5702077618916 0.621269991479926 0.555544475931068 0.773147663913669 0.411801575844899 0.429921429382989 0.499639795041146 0.194076524162195 0.282594696744242 0.235290195506425 0.731506430448411 0.813072460756582 0.757617205786855 0.646404753296005 0.661568363031459 0.555858411934593 0.475813725256509 0.37646962736501 0.657625023298956 0.687746132589881 0.569414189010208 0.479725744605727 0.460792954912131 0.446616240857367 0.194102642483603 0.397577818361793 0.260207510873667 0.431635996361019 0.21820199670834 0.204376194165846 0.387527663354919 0.427930061803802 0.455086873192141 0.41822166340461 0.41151112665037 0.467132591359313 0.430328810184179 0.401353501297414 0.412123873817826 0.445030441758903 0.379224146479641 0.463469770686226 0.343934352180584 0.461626878748923 0.398226119935392 0.399299505434726 0.476462710056677 0.450676427802168 0.461580977961142 0.567647019524151 0.387882829153271 0.481855121199589 0.41089526236874 0.607762536576574 0.488528693946715 0.497535652651494 0.119381700172722 0.143296819285426 0.598696217132967 0.552597457346174 0.618842187228385 0.662123816857679 0.494560894816649 0.358012233308108 0.575817276118067 0.59619077182135 0.486768215807158 0.374870656303469 0.440212420042796 0.464247677344183 0.311274174870887 0.357850514398591 0.407762700458682 0.504335607950643 0.181887623347911 0.362533917942605 0.3281580530994 0.347021856104913
0.810381918467093 0.739276856496397 0.569003828222286 0.538585745387177 0.371923457856129 0.170849381463725 0.517236315778726 0.523551764285512 0.368150525857413 0.372897844674417 1 0.588479850785749 0.767946674830063 0.680524889676023 0.624670959567234 0.615049550353297 0.67343353202072 0.677950455633135 0.59727085268381 0.65861440497417 0.324652919690136 -0.136427334146547 0.498048476080683 0.512222965140399 0.474545255183455 0.424674211905331 0.39989298361937 0.236711108383247 0.718720489362271 0.626523941886581 0.307561709830838 0.297831601214933 0.431477750533548 0.43666061205592 0.29311380952047 0.256366643405568 0.327159907107713 0.417385893260108 0.3323901800763 0.433134130880638 0.35803255140267 0.363534118340087 0.530068049483341 0.42782524308035 0.347149682789487 0.192157024261904 0.588960917755205 0.528709259858816 0.501300797049187 0.248049265418326 0.537889711149284 0.464562181429412 0.56826964426349 0.554491040917168 0.575889564559609 0.616147287421768 0.737313906200556 0.71337767351983 0.552573094055879 0.479052527886569 0.731213205339899 0.610521846266864 0.766017429771035 0.600596163165893 0.538234717301275 0.517729776251669 0.293889084228758 0.264951609633713 0.521959576159898 0.571374469847498 0.269753512413859 0.287450946483527 0.38707816316779 0.30273297933528 0.29299818875528 0.150393280111122 0.232779914979909 0.274450149798149 0.617573952029806 0.604469961365846 0.730883992748061 0.715606513676997 0.555554471998169 0.649853770776754 0.712368380923035 0.633377899165181 0.463174194754863 0.552600718356212 0.576800800890084 0.53854182207849
0.769021063606529 0.830336798195503 0.602839876387837 0.681911226520711 0.406127702579127 0.239545970203953 0.655874762097448 0.697564739863949 0.4565465539424 0.404895091522898 0.588479850785749 1 0.753469918830562 0.89534615176634 0.630821725280156 0.684996296634667 0.7464126848248 0.804717247833986 0.708359481841915 0.750615371823539 0.605175150836792 -0.179528544449988 0.60691850125863 0.60126960831599 0.47144557796672 0.57112394028536 0.278401255749028 0.115345486521993 0.774528424456959 0.867208080239297 0.650811564167863 0.582219566258573 0.691464633258683 0.786245197232368 0.468791368366318 0.471971952834067 0.356458963904033 0.531045326457514 0.577350879050096 0.615792766247639 0.178528691529597 0.168551757685629 0.728372319825552 0.68760622811372 0.621905737816807 0.492840811372837 0.754787845040251 0.739622082470181 0.716145874782962 0.476832236992598 0.715547912678908 0.703709517818101 0.678425958510613 0.710249621174457 0.727112049720264 0.760155644064282 0.721411185938997 0.74862222618783 0.732421298603754 0.684376388586018 0.724338965798098 0.824894952211139 0.709122548188236 0.84509555906269 0.510401782171532 0.717095576224888 0.539575949769928 0.578557112944324 0.503363693127393 0.431288623212947 0.582723869967806 0.614794515104859 0.611527305377092 0.528002933434115 0.222995962139758 0.278208842615548 0.646759067921427 0.629788837645396 0.719329207119899 0.783975437359904 0.781241267585318 0.763192003641975 0.676017247317123 0.762515912205529 0.725504246279127 0.84423318886746 0.532349702708042 0.697597932333588 0.612905595463631 0.750470591258494
0.902879454376238 0.853509269483837 0.822854566440153 0.768816789307136 0.590310829951487 0.280887410512933 0.83951234444272 0.7586637538676 0.631189311062699 0.5702077618916 0.767946674830063 0.753469918830562 1 0.885424524933331 0.871631867406986 0.816112262671453 0.808987715451056 0.785182145786273 0.795780423551512 0.61713221069486 0.673949941006224 -0.0751895466762135 0.766047841237772 0.686911744029457 0.65721302929342 0.72398904054485 0.439037578835119 0.262511746165635 0.883214211006824 0.761560060303726 0.685995248879364 0.542674164957348 0.747287552674642 0.772170545782006 0.611054479640102 0.561492724431152 0.398749386408351 0.675049741048888 0.673713867540059 0.706212993540247 0.186124732714496 0.297949105468795 0.76591513049277 0.694227734652288 0.678254703349421 0.524639335831462 0.810513341601816 0.779423130878362 0.754362121551171 0.531702512695049 0.750968663376945 0.710991152888701 0.717624049386724 0.751254138609532 0.744474152280129 0.800577975947239 0.797985832389679 0.80311396605356 0.792044750288787 0.708834387486337 0.873783429038641 0.777870702803101 0.768235364530537 0.771765823120207 0.748143003872511 0.776425802101898 0.620647527777279 0.58122816406442 0.40121605803782 0.392450219396231 0.604630343135498 0.623084447709755 0.699826815208385 0.523730589872471 0.276132921072587 0.205151866354049 0.590988218109758 0.677290504492651 0.796887696384515 0.716309087343518 0.842597863575824 0.789409231909431 0.775102717337492 0.754894151013891 0.823052367978875 0.81657676896861 0.655236271524273 0.723985077266652 0.681329949540524 0.738374189671315
0.848613118525396 0.877348318131412 0.76512418330798 0.810515425682571 0.585771795260915 0.347200377542127 0.793355019248924 0.826752772916423 0.624036122439242 0.621269991479926 0.680524889676023 0.89534615176634 0.885424524933331 1 0.795415403261403 0.841685303152946 0.799356976933238 0.811787443673844 0.781237842347788 0.659657828864734 0.651950982074 -0.0930988748266723 0.743992549292203 0.755021488492114 0.658804353186988 0.722442932733706 0.461437648669018 0.267368326660123 0.846525945560767 0.835424818594713 0.732420855862953 0.652839162189923 0.758581599580069 0.823296062610862 0.557501796848498 0.545162917317261 0.368400328881037 0.629038152378522 0.622478622937584 0.68010111504231 0.206377779903757 0.25680986198501 0.776247497609937 0.733313775497059 0.688165944099207 0.562434873090027 0.811244959359248 0.807270030644528 0.77919991249938 0.565800594363625 0.771821086450565 0.753590305257762 0.730201689867319 0.77587913970465 0.751840933824397 0.809490471919898 0.776340948220712 0.792403407024532 0.787120641099263 0.74885929161213 0.789418420413884 0.873363913588128 0.732805612033261 0.872374935852855 0.605702918287659 0.792169626317535 0.60322008510994 0.613943631448342 0.396539873201115 0.367306658675369 0.661975897790569 0.686361283975362 0.740461632872358 0.608231655981731 0.32477088648298 0.263888612178291 0.669624908557392 0.731918111302346 0.787846269270572 0.764534642676586 0.836405930870774 0.807559159399295 0.743586703398085 0.76601002539819 0.775134672059994 0.860095066774409 0.606394684275546 0.714158095458867 0.650568079050053 0.769266579325345
0.7682871188876 0.750589669615416 0.829691975759397 0.713001626317731 0.634148173375681 0.285851784650757 0.803969287129453 0.676753396088087 0.681362939794753 0.555544475931068 0.624670959567234 0.630821725280156 0.871631867406986 0.795415403261403 1 0.824084767595773 0.698613931519744 0.675497783111604 0.747197031686173 0.484944585449202 0.723729625613126 -0.0363149109282169 0.817244290516834 0.667179737625902 0.697441182053736 0.797625346484589 0.509330485902322 0.259382012359026 0.780736062464628 0.654406787719804 0.72982947534076 0.546987186773841 0.708787087680842 0.75015570168256 0.676002719438304 0.609515586489985 0.435190315802831 0.715783042706402 0.714638957030035 0.71188526366181 0.16482407776137 0.274860305012155 0.731798291095772 0.679553108576196 0.651580231609164 0.530983699669151 0.763597095605251 0.753176371217429 0.696300323579941 0.515623242336198 0.679076428079759 0.653550672727322 0.653681438607823 0.689222807694447 0.692237557192128 0.73760347428345 0.699030635167082 0.697651202637242 0.676137901296775 0.630733928017764 0.734196804899505 0.618654229662876 0.597526321800407 0.633211031751517 0.769261220577112 0.750928798550352 0.644406828899268 0.582162219535499 0.324924283434425 0.299744309816133 0.592511431008547 0.596996378801846 0.62236097545894 0.410392679089467 0.187682047537192 0.136579912796962 0.524512420078977 0.643961220838609 0.734762008967032 0.66671748611229 0.7626118613233 0.736561293416357 0.774333940926103 0.724853466384527 0.767442783881105 0.745700656658757 0.693496326753646 0.755102660323078 0.631420202326863 0.70492247288305
0.734688655496982 0.766947973470142 0.814686185478537 0.812065832662578 0.741373644740511 0.550715950674901 0.782309169026437 0.797663851673666 0.790512272004496 0.773147663913669 0.615049550353297 0.684996296634667 0.816112262671453 0.841685303152946 0.824084767595773 1 0.665610369937632 0.686363192052268 0.711072094106715 0.494277186120362 0.584025201093015 0.0767976695537571 0.813045230268571 0.795110383615265 0.766012374959866 0.771972173614936 0.612213495346046 0.448631147244415 0.73204024914949 0.686839797710068 0.73247416766114 0.7025230985313 0.746553776475144 0.728923921669201 0.624724541866337 0.580951458321529 0.431958285179736 0.59976707788031 0.549969122601775 0.670043480990278 0.289291587151233 0.234824878017578 0.699614883969487 0.680147527005529 0.63308501574842 0.520018654825415 0.709293512286037 0.718076687549965 0.655573388611483 0.495879107079982 0.640780926540492 0.630024629032403 0.608858611081854 0.673198015890315 0.624671272268209 0.692112894292457 0.680025528159653 0.666452145550143 0.67894714406036 0.632573270670178 0.714389320653957 0.733369684157209 0.60417587526064 0.661886249074486 0.653893118388695 0.797686641661508 0.646390816114121 0.628704849544617 0.41919891848202 0.401058339094764 0.637282431140755 0.610929496960955 0.679448280252512 0.606116929467199 0.279268473558724 0.302270974142206 0.584407986713962 0.654437104278997 0.738571451583722 0.687220574670228 0.740814836832909 0.727280658965889 0.631388022416254 0.643756187583146 0.726949518292239 0.755839280055949 0.462241767072207 0.664630776028576 0.538210841141312 0.610178470981968
0.894641730801052 0.883897236518141 0.647582916743945 0.643358124691027 0.433222884757362 0.184691180489197 0.724725687534213 0.626490395270023 0.507545369795818 0.411801575844899 0.67343353202072 0.7464126848248 0.808987715451056 0.799356976933238 0.698613931519744 0.665610369937632 1 0.935304590406533 0.729782087521113 0.651248223592683 0.659291958861091 -0.148092394976819 0.606026745413743 0.532651093045236 0.523515260799863 0.637038830210418 0.297958336853481 0.114899859027884 0.928750616712081 0.846656168879326 0.627438589658203 0.446386360876768 0.700525450384554 0.805088412270272 0.478600199841656 0.448309023876841 0.259516553028046 0.640908015585171 0.652967851005138 0.747963286265863 0.155339075776735 0.307656520414876 0.815429419055647 0.729409233521355 0.688411250403164 0.560977556006209 0.865996925799098 0.826267590596315 0.759493428358812 0.533307095537164 0.753335970464642 0.714445361213237 0.73969959701349 0.775157129005288 0.761697291856827 0.838582437517002 0.937405938474079 0.90515443086011 0.757698006237387 0.718809643386052 0.754404001155171 0.724827523190612 0.844068671196573 0.846420735320517 0.560265263144331 0.645969672778482 0.514138474537819 0.50782709713798 0.416108698312996 0.446890865667744 0.577981534543026 0.624862135982984 0.735646167342725 0.503174807925395 0.252993631836805 0.187944161234868 0.608947637001492 0.695754281749149 0.899231971721409 0.858971987180693 0.934764323549971 0.825081924801419 0.820566918244976 0.802440934115893 0.778626249775837 0.81754995890294 0.69371306253134 0.740626989319966 0.621740153052638 0.791428985697337
0.864266098275812 0.911041893888069 0.642526266018461 0.636579336455691 0.448680214190686 0.212090233574801 0.667229875900039 0.636774981422482 0.504081393733957 0.429921429382989 0.677950455633135 0.804717247833986 0.785182145786273 0.811787443673844 0.675497783111604 0.686363192052268 0.935304590406533 1 0.652505093982177 0.728232821326263 0.602023116685387 -0.187465392140776 0.590983970743169 0.545657440497558 0.545650608311354 0.594776532924627 0.327741041158547 0.103598021974608 0.915711350391935 0.917552054440685 0.586987824989757 0.45827340272787 0.66897080985988 0.763568721614166 0.432852526322342 0.411909436637559 0.297773994902373 0.583719685925294 0.634209672803212 0.708391535190698 0.222063451330357 0.303939645306437 0.769755238047935 0.670822936252432 0.609715179630782 0.444058937117889 0.824646159322574 0.773722103664828 0.703969787057152 0.415318999954137 0.707849556613702 0.658480600620593 0.71209134459331 0.744696913428796 0.753549867573518 0.820861764291159 0.924758241089284 0.940298077237362 0.740888823200702 0.688053796738614 0.766136475034408 0.750749538874143 0.863135781710908 0.8706944153903 0.57717247652532 0.65182493608457 0.494397663101585 0.499248561330841 0.512415166964401 0.577694421846939 0.512646468309676 0.557699424430221 0.659285310349206 0.493341072904112 0.280121868214927 0.223982010814492 0.58344788830937 0.625991821632301 0.879876562310586 0.902257999785166 0.939384242087323 0.883251428409742 0.776896460285609 0.854559822326683 0.802512191019761 0.851469352433877 0.661310667477216 0.760185261419303 0.623062363340672 0.752043089908159
0.839942984652738 0.773247790130875 0.763553802796539 0.821815763984747 0.514199286078996 0.303812790629309 0.876530474444083 0.778453300400622 0.609111814447968 0.499639795041146 0.59727085268381 0.708359481841915 0.795780423551512 0.781237842347788 0.747197031686173 0.711072094106715 0.729782087521113 0.652505093982177 1 0.642520974318439 0.667320221874929 0.0968291052910471 0.785915100217529 0.66270816005655 0.518312037456127 0.67631663781883 0.339537178396747 0.249743528007554 0.733324973251565 0.613864513257223 0.751889875407157 0.605852633260177 0.857350952466499 0.828958916073705 0.744361689666915 0.701974894107969 0.451513038053357 0.73001509749868 0.614439255370943 0.648344957585184 0.244634736524815 0.344765389835054 0.804688917136845 0.796572171676771 0.80330474554213 0.73886631291762 0.774397924391879 0.822608977823757 0.803524700901714 0.758958974774573 0.810632929157088 0.800729347253751 0.765252004097728 0.783398542212287 0.73701977774003 0.772968477509917 0.735957126174158 0.683213738106516 0.793865432461115 0.781332995468551 0.732910959914445 0.683761637375911 0.619940255053723 0.681838009944255 0.621314013439767 0.764415071724056 0.749919303908052 0.717884750392325 0.467227223402166 0.251582449224324 0.789902201161867 0.745372956413648 0.719924628004283 0.557984098824961 0.22188547229934 0.281327632526869 0.687987396470253 0.714782250444199 0.736912521324471 0.662728696193535 0.727487960753068 0.646685730323206 0.7356158460101 0.654094245339676 0.691560028812704 0.724996748773558 0.533642635148303 0.645686690820376 0.6668347968422 0.759019672391998
0.712041737041373 0.760032871949352 0.447783005242325 0.540733110196846 0.205537890506998 0.114653671096869 0.492465406300279 0.5559339700666 0.280739830844686 0.194076524162195 0.65861440497417 0.750615371823539 0.61713221069486 0.659657828864734 0.484944585449202 0.494277186120362 0.651248223592683 0.728232821326263 0.642520974318439 1 0.374506821867538 -0.0934048849078969 0.446712453006545 0.431161489750189 0.285580635870292 0.299703631657591 0.175911367415487 0.155086778950539 0.655809127259175 0.769143955227156 0.349753447053958 0.351249649245884 0.538636286930169 0.574532537711522 0.350943551258726 0.308719315996317 0.373791072569593 0.423710198019669 0.374410160439823 0.410576735284516 0.332293082720557 0.370036731729668 0.597120381330292 0.539045160088686 0.473260006438031 0.331316550168468 0.61589252576733 0.584813714968523 0.593097574442023 0.363185137076055 0.612752052687703 0.566905873575238 0.610031635526648 0.571671478509688 0.655555255827477 0.647238538364819 0.71021730808154 0.712973030218686 0.634554114287394 0.635848479677766 0.648604826043927 0.623248484017012 0.703283166114833 0.669636980310865 0.459142346557152 0.509703167043484 0.436201018083001 0.452208855561755 0.730547751124072 0.694660493097115 0.399021830914185 0.380826191846904 0.398617051287916 0.363924126457529 0.0945253932211039 0.295411368006501 0.332540733444495 0.306231943914312 0.646282378220171 0.678218532820021 0.69921800467715 0.665996422038991 0.558165929497348 0.658486573984409 0.651194929195363 0.637368322570736 0.400180072982183 0.522084674994025 0.581544237262536 0.596759800751611
0.646259102639555 0.618466888273245 0.638593735306629 0.561146186247492 0.426219115119314 0.0855095184347864 0.72310713211339 0.513987546316647 0.529221891466892 0.282594696744242 0.324652919690136 0.605175150836792 0.673949941006224 0.651950982074 0.723729625613126 0.584025201093015 0.659291958861091 0.602023116685387 0.667320221874929 0.374506821867538 1 -0.0977483111150824 0.642737410736628 0.46764825854375 0.48687957722866 0.721762898023392 0.185342024042575 -0.0711005033383514 0.667733899943314 0.622335412662625 0.756116192638367 0.514208054133436 0.738509184680688 0.823815728251511 0.703163546622825 0.713891101239498 0.424276038179934 0.722037308526813 0.804789251422515 0.734795284000024 0.0420437199013688 0.0988468315356333 0.744512545686473 0.728515387484383 0.697492656168918 0.621110637684413 0.758950587578538 0.751995056337613 0.697734234203776 0.554811348093584 0.66432909272678 0.646616232651672 0.601034989287044 0.637009040211862 0.674113487196644 0.692839848170114 0.596079827572261 0.598851837913799 0.635363328559098 0.617382176373112 0.547614928341547 0.477283081384048 0.438497556169445 0.551614446452351 0.624179032586777 0.664986458738815 0.691251411813833 0.652936891783983 0.241351658427316 0.167815044984361 0.657644786755358 0.688078536095805 0.650807859258771 0.364882448292856 0.0640815577064978 0.0878585998095555 0.660848215176956 0.75329870591262 0.68955628110687 0.674782774765475 0.680842699928231 0.615631956037069 0.769968492774749 0.623890996220923 0.657219172631556 0.690817989966628 0.675394489977679 0.699332108729746 0.560670702221121 0.695182194057927
-0.125970050322629 -0.176547676855253 0.0922472771657148 0.168193762964292 0.257036059840499 0.388866761256756 0.107344791530907 0.176815768076405 0.299724745393281 0.235290195506425 -0.136427334146547 -0.179528544449988 -0.0751895466762135 -0.0930988748266723 -0.0363149109282169 0.0767976695537571 -0.148092394976819 -0.187465392140776 0.0968291052910471 -0.0934048849078969 -0.0977483111150824 1 0.124144984649624 0.151265726905107 0.140356722104099 0.0453478204394903 0.188207430635506 0.335373372154231 -0.130115789925124 -0.194463564483964 0.132451510183628 0.233429418845456 0.159901830489145 -0.00527212526389912 0.127907222314214 0.114278843969432 0.169554801038112 0.0895285319539848 -0.136986127865187 -0.0251581607475417 0.361044916870217 0.260901972754591 -0.0788166712007209 0.0245313414954151 0.109352666342501 0.208687649930606 -0.138258526640197 -0.0317084962584584 -0.0253916861712292 0.224191114576661 -0.0356311297651554 0.045818837639978 -0.0574157253686656 -0.0573661684799599 -0.119623356528999 -0.0927564685330881 -0.175320191467052 -0.209145404572582 -0.040010834468192 0.045330757667834 -0.115940227572032 -0.100879117354415 -0.0722383601172018 -0.121434659382766 -0.0964196963755188 -0.0294958141509518 0.180090118638865 0.182602405065401 0.0209866372191528 -0.125018339188258 0.240957511793455 0.14698204443825 0.0944367768371728 0.255310736805959 0.0787523956898916 0.305781724271718 0.122283500731892 0.0846725108334715 -0.0393944357517183 -0.183768646399955 -0.150633009183935 -0.212286216518544 -0.163991146292082 -0.21982472512384 -0.192064102837473 -0.179132044591142 -0.318744986243307 -0.233517910876834 -0.020847683229951 -0.215732658368406
0.674451432853274 0.666519361200671 0.930269627127338 0.891442304879885 0.800163291422671 0.54252606101859 0.90396393968072 0.840318603618672 0.795415922303902 0.731506430448411 0.498048476080683 0.60691850125863 0.766047841237772 0.743992549292203 0.817244290516834 0.813045230268571 0.606026745413743 0.590983970743169 0.785915100217529 0.446712453006545 0.642737410736628 0.124144984649624 1 0.887606889807187 0.801714467473602 0.836911378872502 0.603784020709751 0.433310308388026 0.655853191193392 0.562403944883939 0.878808223741567 0.79568636861539 0.834394041764563 0.757240674586442 0.817918068077032 0.764818574888201 0.466231297923298 0.639813522903391 0.563449159025765 0.625283283152033 0.313762597926779 0.255704329878731 0.688168920667782 0.718378228620258 0.705745730480689 0.631194447811807 0.672008203913249 0.725332369304015 0.678208920000217 0.601753809775174 0.656876184997485 0.664132552343561 0.596938183934411 0.681029371911494 0.617634560467887 0.68550443873636 0.589397440624102 0.557556767700513 0.665228677000829 0.61102818130283 0.66993491066614 0.596066003400613 0.524187045841382 0.552570596824792 0.776376104528753 0.843045252680858 0.790042795798452 0.743844045532333 0.369947922968059 0.227293947627878 0.757076269810743 0.70625835486155 0.68439358656225 0.628704373823739 0.322425553778535 0.360982731997035 0.702486701357572 0.689379465762403 0.660404167872212 0.607599679451438 0.625988075878793 0.613916101789758 0.592247386307499 0.57669587777175 0.657894138799367 0.701079399212628 0.409166933956061 0.606979880088514 0.576907542149035 0.595148307650389
0.595086311478304 0.619164943954537 0.856323334914165 0.912899726571999 0.832959231810632 0.624855916728162 0.806710373933589 0.905449653221227 0.771599202201106 0.813072460756582 0.512222965140399 0.60126960831599 0.686911744029457 0.755021488492114 0.667179737625902 0.795110383615265 0.532651093045236 0.545657440497558 0.66270816005655 0.431161489750189 0.46764825854375 0.151265726905107 0.887606889807187 1 0.801554141064241 0.771061918668207 0.652701000737854 0.518568218615046 0.587030634567381 0.536032416658277 0.781762431803375 0.872850100199045 0.747921476623473 0.662302286277105 0.668822953061393 0.658832907755832 0.418706622771365 0.488803131207185 0.390111029261461 0.485226904398894 0.403233783184185 0.273637222589439 0.573005727847447 0.625223509280577 0.599710611941178 0.550484108696907 0.568422399917308 0.633679181748092 0.594269183977415 0.528312774251393 0.58536844152341 0.584558138259544 0.537426168939808 0.612674396255301 0.530109136933912 0.609108533141671 0.533692873063492 0.491364295207305 0.597046173946976 0.556674603855069 0.616821376953205 0.663838461997285 0.512414218602554 0.572109946310228 0.617798641846149 0.781857093521438 0.677128042244453 0.680413457689333 0.349358187791147 0.240743429864896 0.700725208400696 0.663714251483549 0.677362367685491 0.707265530313523 0.426498680930797 0.490614920240251 0.671832951419023 0.628309279818457 0.580598891139229 0.529935835191773 0.571907706079639 0.575090984334051 0.466783429410549 0.494868410028395 0.56670918265239 0.645830390232633 0.234387254817815 0.482142967590786 0.496001087044285 0.490937701955013
0.561954969667394 0.580086322971611 0.881417000663017 0.756679786803186 0.899505590551755 0.66770529489296 0.706098236714423 0.736186669291348 0.806814470917999 0.757617205786855 0.474545255183455 0.47144557796672 0.65721302929342 0.658804353186988 0.697441182053736 0.766012374959866 0.523515260799863 0.545650608311354 0.518312037456127 0.285580635870292 0.48687957722866 0.140356722104099 0.801714467473602 0.801554141064241 1 0.828253162637998 0.781739435209907 0.563175931523995 0.59676144266094 0.488576304183799 0.741098962973773 0.726754411786951 0.600332219422293 0.576841241788789 0.601830286978358 0.544169627839785 0.376998821401943 0.516680287926958 0.44006866049689 0.56293025309059 0.315849507666214 0.220331900940799 0.555357391177114 0.584953224257373 0.555013676187971 0.464036429887474 0.580720515569407 0.617871780708377 0.573436186808961 0.454233971406542 0.531769248383002 0.546315537786057 0.473849974155631 0.572131543751825 0.51525733437565 0.608595035037065 0.512467036294299 0.524692811570099 0.551953936803306 0.501605545269536 0.522224242509706 0.509194816131732 0.42522804775708 0.456917844179628 0.629499601756117 0.650431893700033 0.573971499689897 0.555703732868599 0.298411499636854 0.292256257725483 0.573470016265526 0.566885904083553 0.607838155839942 0.577304376769846 0.4427610954655 0.309060605318981 0.54443389888836 0.558407549757736 0.594788239907684 0.533231995047154 0.563508211177775 0.585857552992769 0.451091946581546 0.516991220116731 0.55641562055795 0.616713807944388 0.320445045196116 0.536509463636622 0.462495026886357 0.442795521904653
