1 0.881443986129884 0.527255426144133 0.585646648904852 0.657214475209762 0.628794895410631 0.582223469911156 0.499619409587836 0.454098193283925 0.585554809403161 0.779178016300759 0.72783032350279 0.820913587845936 0.66804452967807 0.611423622939433 0.76958277705436 0.706991210203384 0.741949417526557 0.91256388702188 0.879786913562778 0.174595315339487 0.450625107659583 0.692473805165749 0.64116624851936 0.615399795865675 0.713083572767166 0.741097667448361 0.513217118924153 0.770889870277827 0.736066622803217 0.646265378497873 0.51354238047525 0.731217985493612 0.658129193890175 0.351755417925586 0.571368691457636 0.678480222732531 0.546616306847723 0.75318026456235 0.786768741555959 0.61088922852879 0.496911241263441 0.578227051399778 0.632237904059405 0.598752702948567 0.665242010396604 0.834406033043416 0.807542695652239 0.570405815121957 0.563424893627619 0.549538228299312 0.601642523076922 0.466927008334412 0.282017751739308 0.833350602605175 0.829434241741064 0.919294027560953 0.823393120119115 0.7758201545406 0.717739740206376 0.828214785953857 0.267493735751706 0.503572128965441 0.507638163028743 0.571482545571377 0.664306666766779 0.416268302986116 0.520871616736595 0.822808908962627 0.765711794859094 0.391200329108525 0.258991652963848 -0.139877975211623 0.487917428263572 0.294790964029372 0.0793771227595831 0.208650779203165 0.462031209963033 0.454839590432498 0.647218253777532 0.814594375293404 0.826886310005296 0.81448095889637 0.842614790423951 0.690176937963549 0.659157596509235 0.714082711915292 0.677239490176747 0.657685308186503 0.571512850233027
0.881443986129884 1 0.659590563426506 0.738114389757882 0.651605610012742 0.695501459327415 0.749505768566625 0.71987187466897 0.580210139663552 0.691697638557244 0.757679473938817 0.77309594161527 0.837895314223958 0.792441239847813 0.59551324503904 0.761433114120716 0.77160484339094 0.840527211056225 0.898338639840331 0.806106689678437 0.189431714102087 0.464597382063629 0.754766024930493 0.700565297887224 0.66903617541461 0.75286403409406 0.632860312723257 0.380089663365148 0.785877576416708 0.806028350887506 0.720677905861004 0.661233562934908 0.859883776080943 0.79293284731337 0.600748073031516 0.731139579526892 0.738484254271786 0.717975993696654 0.860964293638006 0.761565197329501 0.538162797955242 0.486421059187202 0.778129674738686 0.80424004229177 0.76108933960397 0.817789661197382 0.854712884390841 0.81214191614346 0.731324443756137 0.73777198548416 0.709024762221187 0.753512862083859 0.65878616273726 0.498333525868253 0.879842060872961 0.852020942273402 0.921723411169806 0.948208418914711 0.83958145877454 0.805336689367297 0.783035543330401 0.476995482106028 0.582892591476954 0.715466959863898 0.493228481726728 0.695343704295399 0.602007166632927 0.681445725726883 0.786755048400371 0.668851852098407 0.615799199561037 0.536943234667354 0.0487375082562422 0.564633060482995 0.442266910714638 0.0966649244603498 0.305964993959486 0.592628508624518 0.651070596638311 0.702122333641751 0.835234281776534 0.871547598545434 0.709041550956778 0.781582819263598 0.729957165698198 0.784770711266511 0.804251277098925 0.717219864318633 0.750553658800791 0.723493375270293
0.527255426144133 0.659590563426506 1 0.864580533550742 0.659852944745266 0.606499188693518 0.911338014671663 0.832596680268998 0.864375634566365 0.76658553234436 0.41302739458594 0.486809903271693 0.669517572948065 0.541305660830399 0.654125675770606 0.425200514579785 0.475852814923447 0.5394500226147 0.641682002315439 0.384554267904273 0.250447408232792 0.345781815356628 0.814514374503214 0.646524386079105 0.750612315145354 0.597714292092609 0.465732557420691 0.26390379495494 0.382128407386437 0.371423131792194 0.642509653862331 0.576735191527173 0.739768774291175 0.687544081945784 0.809478795960867 0.776030143799281 0.610133092566658 0.632641322751077 0.703523376617133 0.362470315013834 0.219052369685024 0.136356169366025 0.758886277733251 0.69357611327577 0.650181490122428 0.653869208625252 0.530610802875467 0.475396992258233 0.695967534180968 0.672935758121004 0.771244064399444 0.746369740511023 0.73421326304086 0.743109486755932 0.63874627053664 0.565188716881686 0.621618142933831 0.72389236216643 0.694149028135417 0.647906774816884 0.686575567020354 0.616970824590906 0.344082817167191 0.514160127747369 0.559561097001335 0.660351247064711 0.799811982686432 0.713760341640006 0.540578967643541 0.29130557328678 0.695040418048737 0.693365746883359 0.248955253243111 0.477363398021331 0.333235279824555 0.0958265703838501 0.487408031236997 0.594037520977879 0.540433913835987 0.4039772566487 0.47640654689981 0.514582878794716 0.4436360935873 0.44491927951826 0.7985925983377 0.790864207321868 0.647210492687935 0.496044731874296 0.786298393846545 0.783405586486513
0.585646648904852 0.738114389757882 0.864580533550742 1 0.716650349026294 0.742883984982538 0.893487994629942 0.933127399916329 0.759194077184829 0.824456902875947 0.452460819450254 0.690254821129443 0.685310560506194 0.714274386722752 0.558046780395157 0.545172331385571 0.560430316921827 0.630116527565234 0.666641917037301 0.513077687196603 0.211682844915681 0.373517779412917 0.765791664816814 0.734862071839889 0.634523671751592 0.631586044188154 0.529969871332147 0.233203521752114 0.478619597682794 0.521704805601802 0.669861277272421 0.693433110839454 0.797547263773355 0.796765864018862 0.78904423845469 0.797215428182134 0.601742580571099 0.570974433709408 0.719633797481917 0.468953762029584 0.233609298728989 0.178879895211955 0.800678442744152 0.735576486257351 0.681015900662079 0.701241562673644 0.597027284244751 0.526826432634431 0.697559180481946 0.683357733472329 0.746599481381538 0.744657401683409 0.716749827623636 0.690437157541779 0.689054194009328 0.628840914074919 0.684542859782371 0.775867047079951 0.737897609909633 0.700259493119101 0.732423346907757 0.795060809773929 0.495313839782252 0.702882754460076 0.550465845976013 0.742834031506634 0.828466898983978 0.804782957130733 0.576084054056862 0.323335297996172 0.665711207692734 0.676732724936392 0.194394803958571 0.530126671107365 0.302095468060873 0.209753607511545 0.54715708131917 0.702770416881347 0.611503833412787 0.494526851568067 0.564348596019905 0.64934840695843 0.499064397827931 0.500665414182681 0.783984086623373 0.874203914532763 0.665421579219499 0.569216167860235 0.785460141049066 0.848039669099917
0.657214475209762 0.651605610012742 0.659852944745266 0.716650349026294 1 0.783695782373519 0.740428994662866 0.652277189408238 0.64263376257088 0.748722552667178 0.414320276917114 0.536797881712921 0.615966983703314 0.554707646495353 0.515562976549172 0.564222338432487 0.48708973035041 0.535587620007182 0.668872413758749 0.548459486185835 0.189247651303321 0.398324017098777 0.694128656344174 0.571835174468643 0.656563048165879 0.669466285114164 0.756375334544527 0.408661165906037 0.466756647681874 0.464093750585795 0.589064369676509 0.538062002387464 0.67746487143467 0.659092444890547 0.562387391411285 0.653275407092948 0.665900934788681 0.485261924490389 0.631929823868155 0.526297042314522 0.290553697747877 0.162004951431685 0.651268467923124 0.605364620275488 0.604779790714478 0.624643947650057 0.618387592438568 0.5611161365276 0.634559405913249 0.638822532840707 0.673896937555912 0.696306375173189 0.639304224002586 0.577391587411566 0.714142525525178 0.685088718789764 0.67770361066451 0.664549498671176 0.728372965474698 0.696536508639278 0.68917218909731 0.473288395969426 0.336247204426045 0.45828394210602 0.546312631025599 0.670233055849747 0.688972003082489 0.684597835234468 0.600029437673367 0.408437985327264 0.519304155992504 0.411482946562819 0.00147575645288814 0.395673132923886 0.153519328009402 0.135739453894972 0.386311313151487 0.565500146016293 0.407456443542178 0.415553404177171 0.518639101332157 0.605847651215653 0.595767159674778 0.581956027834832 0.756950563034904 0.73179164216615 0.618248786564786 0.594598448397915 0.729980865645368 0.759286619074383
0.628794895410631 0.695501459327415 0.606499188693518 0.742883984982538 0.783695782373519 1 0.736016763246927 0.711044172927718 0.541689356038768 0.767013425930985 0.399759952395717 0.553216813795486 0.580324543380683 0.624147898058376 0.388560354428429 0.607999224347146 0.568927896889638 0.648531367347281 0.630836677095711 0.522351504937161 0.131092126646869 0.472853734473525 0.655674972065285 0.579896490965454 0.679479563399777 0.689246136094174 0.76261978372656 0.407974282145633 0.490436868180847 0.525460270344252 0.651753739732891 0.611350486402404 0.740113172438905 0.716675675436724 0.603187034618238 0.683696879779933 0.712208848867263 0.512378507374841 0.667921942158962 0.567611880954302 0.328276797375401 0.298364681241422 0.72236689059332 0.70087083741463 0.664299653014745 0.688392085621746 0.654421155185255 0.582312046756251 0.67169556841408 0.665674792914565 0.68978326302533 0.688062015895162 0.677409828981044 0.610279501931051 0.725648759959447 0.709888521190222 0.719624103246865 0.733605470828248 0.754981741417795 0.689496818118651 0.643608151492313 0.528181337710158 0.395378061027472 0.595097424381184 0.440573139924463 0.64894231689228 0.717006866558985 0.729531605850137 0.612778886834748 0.404087218592693 0.614871063437048 0.501780670431666 0.0243700498550784 0.486019926411457 0.101552329769291 0.173151042080257 0.478942308576991 0.717155340230308 0.548171125234159 0.522709926284343 0.611205483432907 0.719562581410778 0.560106425288979 0.583769821554204 0.735230360840152 0.750048301027985 0.652989584703332 0.572755882587002 0.728792802268947 0.786787000470137
0.582223469911156 0.749505768566625 0.911338014671663 0.893487994629942 0.740428994662866 0.736016763246927 1 0.934456674518709 0.874252645882224 0.845738569828382 0.477765836134309 0.60326301559114 0.745786543237599 0.691072056917056 0.642244827371469 0.54355471790712 0.613527443598923 0.678299505030766 0.706744103484239 0.460258920236599 0.188054326607411 0.371361786783652 0.833495804467479 0.667006947483451 0.753611164678812 0.644416852924304 0.547919811998118 0.218649583840557 0.506409256164824 0.527647205318473 0.68732711819814 0.649335457863839 0.843495825708657 0.814196722234351 0.858985799248139 0.860141609364605 0.630201314112402 0.621768262324774 0.790644703907922 0.459320813786455 0.183475972121419 0.16003046114028 0.876362037815016 0.822817469996087 0.749813008619164 0.774924229229216 0.64589512243726 0.570895094432901 0.781039454829989 0.762301131558229 0.836887880558845 0.814921922111546 0.827043254013404 0.81404436670723 0.74191576737865 0.668892316199646 0.714910108838607 0.814512012501454 0.782743416680473 0.728307525511471 0.719572689086197 0.697461466992228 0.482156200864371 0.683408191622771 0.530638398020579 0.680773414903111 0.869915230609475 0.820162523356531 0.583795219183399 0.316906665005403 0.729349899749409 0.709429377387743 0.174041070621199 0.498270355671182 0.396050885677491 0.156692714090659 0.562617677076557 0.730042649292459 0.664185492203285 0.544547222110147 0.615628875243424 0.665829456518459 0.515428397043245 0.494662118555087 0.834757607498366 0.858168247399878 0.726432606038255 0.569195713439549 0.827646699394788 0.868741859140875
0.499619409587836 0.71987187466897 0.832596680268998 0.933127399916329 0.652277189408238 0.711044172927718 0.934456674518709 1 0.793765680763237 0.808161190722614 0.440046392493948 0.666317816882557 0.687397433074239 0.767675646297272 0.545572071408869 0.524025540563451 0.602544769475338 0.662792571511114 0.619749593714457 0.438806867076206 0.194836435371934 0.312091126146053 0.740996069015742 0.679742121439328 0.600147591080947 0.593647056624543 0.42109938500884 0.100100956087971 0.475956855811967 0.555610777823077 0.662483110319732 0.695919551748114 0.814005101693228 0.829233505410974 0.853219838314411 0.824377038680707 0.552523788273295 0.585708044909386 0.740506577039518 0.40109271219234 0.159812327969624 0.159631215924928 0.848543269545762 0.785958464650659 0.707641683921117 0.729335322577433 0.569907077508218 0.488464204776121 0.724121331115884 0.712612446439645 0.781342918491482 0.756455604712124 0.770647136691531 0.770466422320889 0.669887440885948 0.587714823657607 0.645471366738331 0.769502190176869 0.712696266335319 0.672488705066256 0.65330901672755 0.807049238330638 0.537934406334393 0.782384088026686 0.427728911905852 0.653465315461393 0.84482862726718 0.811117910123192 0.495672777985593 0.222073478618002 0.706946829204027 0.755849280895141 0.225437056235941 0.53970139772588 0.373929245381716 0.247291505359789 0.592325487533388 0.736994096847689 0.707128527635552 0.534038253774612 0.596451582977669 0.667268322863065 0.463068425998072 0.436527638568238 0.738987013013035 0.849027876867753 0.683699624103573 0.525375554802942 0.768734245873946 0.846612386608536
0.454098193283925 0.580210139663552 0.864375634566365 0.759194077184829 0.64263376257088 0.541689356038768 0.874252645882224 0.793765680763237 1 0.79676006741706 0.366497726646558 0.47453357986867 0.65943203804658 0.535117952921027 0.70223961848651 0.410682518902321 0.491176820559549 0.546563020156643 0.562647459257725 0.356150872733901 0.300828689447304 0.256093105497729 0.759969251717152 0.577612980950094 0.736039846587441 0.566258104973883 0.452075428155375 0.221708404637089 0.347300604455594 0.345803135191833 0.61985122854323 0.503635449991353 0.695104264879026 0.667266116903588 0.779834619215212 0.718652900321006 0.528645203754065 0.508355937817997 0.673802509246726 0.332378888288306 0.11310277556452 0.0612357917292185 0.760622741931462 0.70091468331325 0.598362369942443 0.629243634379973 0.521881921277793 0.471493933569725 0.662793859929815 0.644831150469267 0.761180782728806 0.733454747626266 0.74599272590632 0.759789021983232 0.626722650208859 0.560088894280697 0.576414984655191 0.671859780453645 0.626964716990427 0.587074077205513 0.626708554993087 0.579792667399443 0.3325492838014 0.500548838157053 0.503996557621601 0.594344034354316 0.745896154153939 0.664478550485678 0.491437857488692 0.234505369432309 0.621598194454087 0.646081393642831 0.108353318879859 0.372614129786948 0.269288688233439 0.0925219082756675 0.597823386721389 0.636710930727077 0.559916870125386 0.444360938806247 0.491549889104044 0.509890864157388 0.474553804255113 0.380240199662768 0.754504392456941 0.763219182687454 0.593070861196934 0.440903249020708 0.766308124405458 0.766229128183402
0.585554809403161 0.691697638557244 0.76658553234436 0.824456902875947 0.748722552667178 0.767013425930985 0.845738569828382 0.808161190722614 0.79676006741706 1 0.472139159714178 0.684591803983965 0.722029035532918 0.671039524654006 0.65563110175812 0.626573575800396 0.526161638385839 0.598576040473111 0.684146397761829 0.510127113394976 0.229130612926083 0.296667715240481 0.789638562930028 0.712683679187983 0.720696589206841 0.684912877906855 0.608997994570832 0.247721538418312 0.478194857143332 0.499827322609648 0.646215395415066 0.581568821132862 0.725928633221324 0.704694238119705 0.712249987041226 0.712047028535139 0.628046127652534 0.547068675098935 0.70222654504558 0.487733332029298 0.295670127927811 0.197339036454932 0.747352359148778 0.691083328295223 0.625366190425232 0.664063560749271 0.61989822037951 0.567500326937749 0.680916079603086 0.667740571193631 0.747252830322987 0.744115299224017 0.733939766530647 0.689325935157611 0.719748447266843 0.686594112237321 0.663699103666494 0.724849116672666 0.679447499605891 0.653659641165154 0.698901899054885 0.668409631457578 0.37346242253358 0.575727214279137 0.551814271944335 0.71641113303935 0.727740692377035 0.692057465378724 0.540957660658186 0.349165141823282 0.645828019583228 0.578173658683478 0.12903188472398 0.510858589270184 0.276082940916666 0.170367552797537 0.462540609692383 0.638470321523693 0.533293470436272 0.451185675002536 0.572813589312574 0.652374631648439 0.567437902155 0.567749945600189 0.793821245608741 0.837464554933153 0.692640226151234 0.59029386948902 0.794126620961094 0.821572832026497
0.779178016300759 0.757679473938817 0.41302739458594 0.452460819450254 0.414320276917114 0.399759952395717 0.477765836134309 0.440046392493948 0.366497726646558 0.472139159714178 1 0.754368066800449 0.843730893691629 0.749527707161045 0.531191564198384 0.617885619969395 0.690864188664014 0.691624626134202 0.769770853712014 0.760088959077552 0.0243614595002632 0.318357285468632 0.550176527045701 0.50046795854772 0.399999291623337 0.490350529356999 0.416124877071288 0.240118830637843 0.80188021232203 0.787916032755611 0.564218258576771 0.484238273260462 0.621936025488134 0.567793077604403 0.292964599949424 0.445043891866763 0.464383179521221 0.45799501593484 0.606823208575593 0.558567394585681 0.521790412236674 0.420017445008082 0.439294387379221 0.484668569862109 0.408180215924763 0.487169590044865 0.599504141302298 0.569180050881003 0.386479400885627 0.386984592222159 0.373864280677137 0.443436970628534 0.351647310768187 0.219390658129358 0.596113605006982 0.574533849612506 0.701237420076323 0.690301584328651 0.547440035649677 0.528960937953964 0.739743689451965 0.317438399836624 0.694048115511752 0.599054005245942 0.347017417910052 0.416178530553443 0.25366261942781 0.358486617005957 0.532765302629223 0.540500290492117 0.368416287947021 0.299791055833201 0.0394682154539728 0.553701564549311 0.467899789360172 0.110289093769103 0.0963929246342305 0.325809322777635 0.487009558119909 0.635092739604725 0.717101523618484 0.666460122206392 0.612737305872739 0.638397431815071 0.423464927468273 0.436727139819668 0.621842090349681 0.493417113527392 0.482758975204438 0.406519024942323
0.72783032350279 0.77309594161527 0.486809903271693 0.690254821129443 0.536797881712921 0.553216813795486 0.60326301559114 0.666317816882557 0.47453357986867 0.684591803983965 0.754368066800449 1 0.837534347076729 0.889833978862245 0.593332248473186 0.798207721398171 0.684180486920099 0.709834799561789 0.787307643496038 0.787472566481322 0.141520739632173 0.334777932434795 0.671676829904637 0.783096730156511 0.441942448199702 0.616983765607128 0.484915190477624 0.281487311352312 0.762876257144261 0.81603537351835 0.668172196929315 0.671348204595721 0.70393863824527 0.716000213307694 0.447709767654232 0.595263036468295 0.498724814404539 0.502501290396288 0.655354662951241 0.641065514357991 0.494412146520178 0.36846318304352 0.582514974214473 0.615746846880882 0.532971002979685 0.617821959837701 0.681601277762545 0.66216231889391 0.473968676600759 0.469005235832791 0.455610810125106 0.500862120539655 0.394693801302854 0.283728429113005 0.679249630965536 0.652029584823453 0.706446168517336 0.715301027849938 0.586152603861031 0.562297734307241 0.747655518719252 0.627044318971262 0.64618472054571 0.739278771024206 0.568672251376595 0.68213054115111 0.437960043322003 0.551931278669587 0.58018506344314 0.559450973993888 0.393223530658934 0.352774437329646 -0.0141313678818268 0.549574113340051 0.426301046413998 0.242788298539634 0.223651609114763 0.495250485795034 0.53918039085777 0.6202419598619 0.746962230978383 0.772008420020617 0.667617581786576 0.708251618770204 0.573660217064536 0.675603634440724 0.65698448177433 0.606843310611138 0.555023888335818 0.535253643079237
0.820913587845936 0.837895314223958 0.669517572948065 0.685310560506194 0.615966983703314 0.580324543380683 0.745786543237599 0.687397433074239 0.65943203804658 0.722029035532918 0.843730893691629 0.837534347076729 1 0.828328473365487 0.772874386042547 0.797290641592271 0.736434377825766 0.785343997023755 0.883958243777006 0.760500631329899 0.154379386127807 0.448329620103282 0.822323722166654 0.744070157254949 0.655790929203692 0.70742121051276 0.594771743387928 0.371979429254585 0.787008306752885 0.781256208898073 0.754623032412478 0.656835422773361 0.81227701162192 0.750651301857864 0.553517828151064 0.689804453360661 0.568091396950082 0.560742409352613 0.775336557843461 0.689351677740779 0.476351140264298 0.42564385234245 0.698141222908695 0.730623355556243 0.627471837504239 0.704873196410132 0.770202787511945 0.749622954610893 0.588636223811259 0.574176371868248 0.597465434333891 0.632155043442701 0.548283262881667 0.440162493055911 0.781267301427198 0.753755992291241 0.815916468386009 0.833922656748619 0.709240184010719 0.655743997459766 0.870937885738942 0.482625155950007 0.634345999270701 0.662040510152848 0.586033723118488 0.667936276862254 0.527774013711798 0.603888873031173 0.66700434739923 0.604523301571858 0.49821989430865 0.432251420714282 0.0053393067261406 0.52329487685302 0.452297246505111 0.181878344584048 0.283290840325922 0.535893298601525 0.60619767065464 0.695156692618038 0.811995980331486 0.813767367525635 0.75987755742032 0.764546278857966 0.698982465381278 0.71741612710311 0.75122206515089 0.671721841940526 0.702831441404619 0.642215628944476
0.66804452967807 0.792441239847813 0.541305660830399 0.714274386722752 0.554707646495353 0.624147898058376 0.691072056917056 0.767675646297272 0.535117952921027 0.671039524654006 0.749527707161045 0.889833978862245 0.828328473365487 1 0.567983438240628 0.749788390284952 0.807385825314796 0.831287754747878 0.730483810341773 0.734577205268839 0.140522458728064 0.377909867237352 0.664572789181315 0.707216126146556 0.465823359422427 0.595211453981602 0.448842762398871 0.194693523361778 0.807021293826551 0.877486118434453 0.75150125239557 0.760228490174338 0.818718867362586 0.830952701909647 0.560657431070929 0.660865498324002 0.496299565273067 0.517634615786578 0.706093869079242 0.582579594972953 0.405615150049661 0.358775753952768 0.70039689379348 0.721810839102394 0.596838135649642 0.676478536981794 0.654261713643289 0.61053460995806 0.545023413666522 0.547444287512973 0.551750661654075 0.565081352977458 0.523890448334957 0.449486872446157 0.687435636026666 0.638042773190729 0.73789986100195 0.786280623185369 0.659955752388114 0.601325670574358 0.711864292320406 0.63224696681965 0.803413584619676 0.910000312798296 0.39588669719226 0.586413644803574 0.553331100612192 0.643635097998753 0.547334091173111 0.419787671290139 0.509350417073358 0.492152071293462 0.0436585823375082 0.614287585616603 0.42252465087563 0.30953376490711 0.431115230341119 0.63898735915874 0.73510284322395 0.739624968456771 0.810697178792544 0.823506328077333 0.642373207521486 0.6364921604705 0.567321376080763 0.678076082629855 0.694061179650664 0.564779743743906 0.618037350900665 0.634181548920699
0.611423622939433 0.59551324503904 0.654125675770606 0.558046780395157 0.515562976549172 0.388560354428429 0.642244827371469 0.545572071408869 0.70223961848651 0.65563110175812 0.531191564198384 0.593332248473186 0.772874386042547 0.567983438240628 1 0.678606800120203 0.624648869302186 0.616255053138883 0.749361031398902 0.598504913380534 0.319538112657456 0.248296111831392 0.85824797183906 0.73917493920471 0.647645166015398 0.602178770848721 0.493085100713298 0.36379146366484 0.629931207448521 0.550450173189515 0.738907232355409 0.597506862752924 0.676856260652356 0.632692597441587 0.562485055464699 0.608844330212464 0.430124488429236 0.509644241708203 0.681623753207551 0.484855839478438 0.35294875210823 0.251637510865658 0.581238828050294 0.593958112883317 0.443266396334954 0.50779806535781 0.547364195188165 0.547029735391051 0.41275992992764 0.382585736208405 0.455927242470982 0.447526008821641 0.412174234559502 0.39220910627774 0.593140178561142 0.534266187960456 0.657999001978019 0.654101323622026 0.471627250965157 0.412703185980148 0.598510585353594 0.267491257999445 0.325187622776114 0.380315377473697 0.550280055087169 0.522077322364404 0.448550807136334 0.437741127177999 0.551741556982888 0.467657269561752 0.346204853831043 0.292201730653266 -0.0859867125470996 0.283539121708956 0.314247533645827 0.0717145671749087 0.301152503600268 0.438865557773386 0.509389073687822 0.505568376285589 0.661451225800723 0.611480519039335 0.763846219425383 0.631850859208071 0.710810478861242 0.597498888956136 0.683550032176488 0.549936036238652 0.584306733734917 0.481700942660959
0.76958277705436 0.761433114120716 0.425200514579785 0.545172331385571 0.564222338432487 0.607999224347146 0.54355471790712 0.524025540563451 0.410682518902321 0.626573575800396 0.617885619969395 0.798207721398171 0.797290641592271 0.749788390284952 0.678606800120203 1 0.711084964438901 0.750407200689726 0.805362248534735 0.776630187198351 0.257390117893675 0.457710688944608 0.753781847879345 0.829274565047345 0.584591722997899 0.798121132677941 0.624218036246495 0.497550197258717 0.777204031595229 0.79290527577297 0.748074382145353 0.699127640864566 0.72308665192861 0.675229468251492 0.392659504432568 0.584978132048919 0.571399142350397 0.50677659562532 0.666944115589216 0.805810048980753 0.577824239311799 0.502464242591003 0.581661852995691 0.653397080961193 0.544663493507152 0.627412010777454 0.760116920210836 0.768054792988346 0.447796766507413 0.439177864914199 0.42395453160396 0.469278893635281 0.368542313196116 0.238507954530965 0.74489275456247 0.74888257533086 0.772558472262861 0.73249432917205 0.604864752898658 0.553737186367371 0.656088512065451 0.328194957364981 0.503766716459464 0.573711722123245 0.590906395940035 0.676122639817289 0.407072754432342 0.545713579448572 0.646101120739814 0.675932530324968 0.353813055251791 0.236827008790797 -0.0629744181512532 0.441492463256118 0.334867715321653 0.188960277132598 0.166052136726954 0.50520447863056 0.534352120695021 0.646100511664347 0.809146647991086 0.863508679386555 0.798099888850978 0.868162688393779 0.619640081234708 0.659920688378345 0.658059946575043 0.755075735991456 0.543664458802233 0.526751549520606
0.706991210203384 0.77160484339094 0.475852814923447 0.560430316921827 0.48708973035041 0.568927896889638 0.613527443598923 0.602544769475338 0.491176820559549 0.526161638385839 0.690864188664014 0.684180486920099 0.736434377825766 0.807385825314796 0.624648869302186 0.711084964438901 1 0.951333195945578 0.758674526683307 0.748901097188947 0.15859256278787 0.39531936065611 0.670616439117497 0.612510495524874 0.557789489352688 0.590260775993594 0.523011575621217 0.302720361811288 0.885542861288158 0.869720988155808 0.837007243608398 0.736123841900417 0.880455747133391 0.850140305050251 0.538949232890434 0.65700381767808 0.555551533836945 0.549689768016408 0.745411413056647 0.609409360723605 0.391242460366329 0.317752689980704 0.719718693856605 0.764989452066461 0.572363028990574 0.655498194254166 0.675589943963946 0.63087808785854 0.480163668472743 0.464804230144192 0.48352177058778 0.480946132246167 0.467028726871708 0.40842194353349 0.679373521687574 0.630301528232195 0.840266001288606 0.832486736307176 0.637786378261714 0.52619285759624 0.610112566178867 0.34836613381784 0.715782785518211 0.787227821268247 0.322589733368328 0.47428432300664 0.483534037596284 0.570137513666537 0.698075320011222 0.545379207487405 0.45830640948408 0.416387967872943 -0.123112539929846 0.466676329101946 0.408754348982729 0.114973101602359 0.468816085041815 0.69580714297269 0.843498349239513 0.843118433080774 0.901399361953287 0.84207040227115 0.732428786865227 0.628331355574219 0.554181994301933 0.555321149705194 0.664451690281349 0.46619825640167 0.53897859409992 0.524268994477101
0.741949417526557 0.840527211056225 0.5394500226147 0.630116527565234 0.535587620007182 0.648531367347281 0.678299505030766 0.662792571511114 0.546563020156643 0.598576040473111 0.691624626134202 0.709834799561789 0.785343997023755 0.831287754747878 0.616255053138883 0.750407200689726 0.951333195945578 1 0.78552747532991 0.757613971841568 0.178061135791857 0.460060871956464 0.722014383827093 0.641225290080035 0.641562758491232 0.668741295515946 0.599721522687779 0.332040116039131 0.866453492275701 0.868186295447211 0.85178502402383 0.757784959398962 0.920533991364426 0.871549757055777 0.590312913586748 0.716488394367813 0.600727491139355 0.569531431966917 0.794233748490441 0.659686969830061 0.393832247431822 0.365909287960076 0.791313007079038 0.836871097289015 0.660120937997646 0.74284717793055 0.754640477442642 0.69789564643617 0.57790970658334 0.568222438642991 0.570628455462451 0.572338072346893 0.566338851982246 0.483306126060063 0.752515255027637 0.718719798307778 0.880464293118166 0.907897426627357 0.714400289472527 0.596653286461362 0.689540660728514 0.399963098055687 0.726585055645432 0.80994640465199 0.353588529540526 0.521485600927877 0.558638677029526 0.633832302080508 0.713875485308345 0.54256983274671 0.529270497341959 0.481382928824385 -0.107463292803694 0.498783618020376 0.38324382060162 0.161788232874166 0.51673539619261 0.74418357712065 0.851654884738198 0.874151511287083 0.905415631545394 0.89189069685818 0.724825390009764 0.678415122944377 0.616218493394741 0.647876514754894 0.702156934676388 0.530064315593571 0.62799076796705 0.621977814954442
0.91256388702188 0.898338639840331 0.641682002315439 0.666641917037301 0.668872413758749 0.630836677095711 0.706744103484239 0.619749593714457 0.562647459257725 0.684146397761829 0.769770853712014 0.787307643496038 0.883958243777006 0.730483810341773 0.749361031398902 0.805362248534735 0.758674526683307 0.78552747532991 1 0.858563087405122 0.181801501507282 0.424310066241066 0.834858007347606 0.740274170710177 0.663325087173196 0.737033673057541 0.703645004563605 0.417918450647603 0.818340001131914 0.787656280751967 0.744138188060819 0.637723759981048 0.828132439547975 0.769107221651805 0.538611252543975 0.707074513646586 0.692787202767185 0.655464976893181 0.825453232811851 0.729002837599779 0.519863431469547 0.418096803106224 0.695450113788952 0.74122631046223 0.687495370168873 0.752534678663839 0.830129304207867 0.806736530058112 0.637241544940547 0.627591405312416 0.601190902143516 0.653771292073526 0.545696313176734 0.413904568380293 0.824198826952946 0.79932404520701 0.901856432715465 0.866613664521756 0.763902362815853 0.711772157380244 0.801315626560584 0.376054265906447 0.503478571929466 0.576830850745865 0.578980312887102 0.683247808974871 0.530917548033444 0.597411749472831 0.819577926846994 0.743076239319505 0.456785686870978 0.344769934496502 -0.109653496186851 0.475640450610928 0.403895598527247 0.0864637201218345 0.234205620477126 0.514985598833273 0.571031344378181 0.652305652472215 0.830792431647867 0.831398418401382 0.814749700388697 0.816093048798474 0.746961059288099 0.716021368012132 0.78645199124375 0.693485384086067 0.674329143741524 0.616533046348675
0.879786913562778 0.806106689678437 0.384554267904273 0.513077687196603 0.548459486185835 0.522351504937161 0.460258920236599 0.438806867076206 0.356150872733901 0.510127113394976 0.760088959077552 0.787472566481322 0.760500631329899 0.734577205268839 0.598504913380534 0.776630187198351 0.748901097188947 0.757613971841568 0.858563087405122 1 0.208573570990692 0.324385663365474 0.61672910695636 0.640597273818081 0.433746694972275 0.60504920082332 0.638660383029452 0.405550602259908 0.853270342675223 0.832055860858131 0.676532753641263 0.586884093680353 0.703622821361306 0.715105929620061 0.277205630278643 0.485440076495556 0.57641201158977 0.481326264582948 0.663211919905739 0.701531504919692 0.596161979633075 0.40465748631565 0.501843530465742 0.568288351749994 0.505727411224374 0.593277283250961 0.738329735209198 0.722601836365674 0.448721881858763 0.444498016869883 0.402068553203348 0.459130940816226 0.326299852055939 0.175695729840859 0.69647451111848 0.701124074537261 0.806798800085883 0.733707755696313 0.625872263019418 0.563413053891184 0.70794434327864 0.256182469090536 0.569246344074816 0.568884581374958 0.456543482088466 0.551738767168657 0.304318660318375 0.41611410025947 0.782148499927268 0.74741005587566 0.237016881131526 0.185001666784878 -0.255911001279853 0.470359301897318 0.264192326606883 0.0713725936885452 0.252666493068803 0.456162460194822 0.479097719951967 0.651291461624013 0.80790937736505 0.784731749721253 0.813000638231376 0.771448263738016 0.555145408557841 0.548913238568975 0.621903097738657 0.562895272973637 0.511748358078284 0.434031498604894
0.174595315339487 0.189431714102087 0.250447408232792 0.211682844915681 0.189247651303321 0.131092126646869 0.188054326607411 0.194836435371934 0.300828689447304 0.229130612926083 0.0243614595002632 0.141520739632173 0.154379386127807 0.140522458728064 0.319538112657456 0.257390117893675 0.15859256278787 0.178061135791857 0.181801501507282 0.208573570990692 1 0.112346996183305 0.287466097084222 0.31614330177621 0.250676488558728 0.298928073433638 0.13746740494982 0.119581579322071 0.12221652523122 0.135094440325962 0.317766616190155 0.216038272655146 0.201317757125376 0.20530142835927 0.20012405904387 0.186893520519465 0.16143433099598 0.265918721544393 0.19063479373243 0.172201581286926 0.228455163561591 0.0750909753720691 0.182746138795392 0.182421710164947 0.139810305825045 0.149286614264765 0.163617127446573 0.162130955739717 0.120985590635884 0.113858482714673 0.160381546176444 0.146262930793514 0.139953988672259 0.13254943360434 0.198815019503231 0.155469945527745 0.178740066833379 0.207343114275318 0.159966746179215 0.148857112261945 0.128900758315753 0.0743162971845242 -0.0177858215384117 0.0795584536422969 0.200342632848939 0.221461374554933 0.141368417527619 0.102852077325029 0.184759840295101 0.146942768786997 0.200132858700062 0.236261260881526 0.0107615549332067 0.130053823197037 0.0733933223051017 0.00269197887281526 0.187610849941816 0.173119601723945 0.141413802217285 0.0805092520127126 0.184685870852494 0.191237501517264 0.338753532678692 0.229930583384743 0.279580799163152 0.266188582022029 0.182432292848924 0.245148861027101 0.22225520335408 0.193056727903834
0.450625107659583 0.464597382063629 0.345781815356628 0.373517779412917 0.398324017098777 0.472853734473525 0.371361786783652 0.312091126146053 0.256093105497729 0.296667715240481 0.318357285468632 0.334777932434795 0.448329620103282 0.377909867237352 0.248296111831392 0.457710688944608 0.39531936065611 0.460060871956464 0.424310066241066 0.324385663365474 0.112346996183305 1 0.433202282903014 0.415243619409311 0.514001755168363 0.526732730690648 0.478371489975449 0.480338144487462 0.37033633315595 0.360899092519087 0.447997237478366 0.451272380625284 0.486428605920406 0.372027325155415 0.295986596481362 0.370903795958172 0.425680870184902 0.34672240760195 0.346671812521875 0.542755088372896 0.317978892641617 0.376401109411931 0.425755581606301 0.449119925286752 0.408992083045039 0.446009645956602 0.523715113268479 0.525612584869753 0.351558319219235 0.356200684269841 0.345241966758619 0.368008266209894 0.319033547458232 0.220811519948954 0.501350848945919 0.531891938244285 0.500861049686334 0.503064229700427 0.485961692910465 0.436840998683034 0.45893994805427 0.156097367873474 0.314113984570046 0.342403617620557 0.332312772465525 0.434207806413806 0.339223136017457 0.405005217533852 0.397116699627665 0.367495425440292 0.362760767359924 0.26442275783385 0.0119277732605422 0.28213985648641 0.168093907221481 0.118229699762685 0.187895671889908 0.413221672386535 0.323201142564366 0.449087664518154 0.413248620459047 0.490685845098301 0.327031221782307 0.487617040278366 0.361063525354111 0.423301056283532 0.330884338755244 0.415414993456753 0.411499695968283 0.416479041689726
0.692473805165749 0.754766024930493 0.814514374503214 0.765791664816814 0.694128656344174 0.655674972065285 0.833495804467479 0.740996069015742 0.759969251717152 0.789638562930028 0.550176527045701 0.671676829904637 0.822323722166654 0.664572789181315 0.85824797183906 0.753781847879345 0.670616439117497 0.722014383827093 0.834858007347606 0.61672910695636 0.287466097084222 0.433202282903014 1 0.852127051778952 0.823567546274579 0.799324369564709 0.65718091777687 0.431277345762791 0.626485523880779 0.599478505231832 0.820443601266599 0.735334807617448 0.822442057383195 0.756123998402818 0.753705181688766 0.822309836796535 0.634326798174989 0.640076291827485 0.802692888821278 0.596331957145097 0.341111652897747 0.294913293691818 0.772369563860366 0.763382901400601 0.644206848108697 0.6975525755404 0.695839197405113 0.664400798991385 0.619670803050901 0.590453505534746 0.661936744989937 0.667982553357041 0.651615145592118 0.607917853894148 0.752073214438484 0.698850100746055 0.782901875249499 0.817589781810377 0.673193690881633 0.610677078503729 0.734038302566233 0.48285183253571 0.391340101022164 0.526076407609344 0.659047604211564 0.725084161369079 0.689368660672751 0.67732176650672 0.650965461068777 0.511299410781177 0.541401936849544 0.449575086651381 0.00988476165842271 0.405895963421819 0.340740002774738 0.111955993486748 0.39676502450407 0.618764179823264 0.61252235282036 0.557633897964711 0.695436893230072 0.735784592257065 0.725027610764785 0.725085972544941 0.850381715111563 0.807687556365055 0.786499016185144 0.703963897312367 0.751681870611831 0.722502574240582
0.64116624851936 0.700565297887224 0.646524386079105 0.734862071839889 0.571835174468643 0.579896490965454 0.667006947483451 0.679742121439328 0.577612980950094 0.712683679187983 0.50046795854772 0.783096730156511 0.744070157254949 0.707216126146556 0.73917493920471 0.829274565047345 0.612510495524874 0.641225290080035 0.740274170710177 0.640597273818081 0.31614330177621 0.415243619409311 0.852127051778952 1 0.648369060215022 0.792939349673329 0.535363672756613 0.469935163859085 0.620899117916287 0.63668537507727 0.748896405066814 0.767617270166605 0.705827201156961 0.680702044363483 0.611288279729958 0.705010162930197 0.553154874570974 0.563486410995595 0.675988604508405 0.671402602865497 0.448643850604003 0.364552221608907 0.615376392163277 0.620578218597521 0.541413795987152 0.591171016537233 0.622906880108945 0.624556630385651 0.477127688228805 0.456406033196852 0.483083095780753 0.516206211764777 0.443518436692701 0.373051032079741 0.67713545112057 0.649606739238274 0.685236662268696 0.700861060744882 0.559766860400267 0.523627868160258 0.642473889106471 0.52646590170882 0.394357516297042 0.554090762457402 0.69938602649631 0.800293143671188 0.585963900032746 0.642212384702095 0.571159603004025 0.527301092098473 0.41172063744837 0.369092817212741 0.0268775259759747 0.422809266678634 0.317678220851126 0.130585599702874 0.264145412332494 0.523947964735545 0.517100563306238 0.487161993398705 0.6650944775749 0.742979161776706 0.708801592800531 0.75296240188934 0.74340180986807 0.790934719872049 0.685309189430172 0.743540951457826 0.635847081011739 0.618022251078842
0.615399795865675 0.66903617541461 0.750612315145354 0.634523671751592 0.656563048165879 0.679479563399777 0.753611164678812 0.600147591080947 0.736039846587441 0.720696589206841 0.399999291623337 0.441942448199702 0.655790929203692 0.465823359422427 0.647645166015398 0.584591722997899 0.557789489352688 0.641562758491232 0.663325087173196 0.433746694972275 0.250676488558728 0.514001755168363 0.823567546274579 0.648369060215022 1 0.819180420555837 0.719379958448622 0.530391007992412 0.464697052561961 0.415496642534321 0.710434021930463 0.590881579949462 0.746394823007758 0.638124011332865 0.706408173576887 0.756368718258819 0.707340535409505 0.586880013534596 0.715949172217792 0.595672922239796 0.320757252257376 0.296661075335686 0.769001561043406 0.750908907706114 0.669353852014335 0.706238460361134 0.69716203766017 0.654057661362248 0.69972143691032 0.678673463070345 0.75493827693102 0.736844362317572 0.735838723376265 0.67694518187107 0.772396069739312 0.743335473647592 0.714887561482071 0.75295644018837 0.726974075172611 0.663962064622851 0.645688918438486 0.334764074904505 0.253560881857829 0.398495991215121 0.563762634707869 0.672750374305002 0.705962419747065 0.694753136041133 0.630211855469333 0.457279456916462 0.651324180598121 0.517128977956069 0.0639391751825358 0.374942978242873 0.205326040347243 0.021884117790955 0.411639337972395 0.614525384040807 0.554990427087302 0.539074448073409 0.603638955090507 0.666695147143806 0.591712812133844 0.629082694299852 0.799547407071853 0.749682554298581 0.676474998271041 0.609494772823825 0.77722337435973 0.754410568612637
