1 0.859340894537934 0.562900838895034 0.550939861655623 0.122602509923647 0.0434019879109595 0.712906206437404 0.611825849397646 0.328019512855924 0.133965621779381 0.534038231921413 0.657558615732866 0.725391561100258 0.588178982893719 0.496297533648021 0.405714232296965 0.778806412799749 0.753618513421791 0.813222217512587 0.779070847541642 0.477673427043586 -0.00898599494563374 0.700923885936762 0.56797337919901 0.509191122765253 0.306811940891014 0.238610412764207 0.156507445106568 0.746679345791472 0.77567447079134 0.598250941434755 0.485656948058839 0.767040149626404 0.730536235543567 0.348433141359884 0.287606925584596 0.487681133674179 0.464976258340448 0.549643958006198 0.450972872975848 0.544217121843068 0.394058339196313 0.570026644247234 0.541828687566207 0.625767173151878 0.629242160284041 0.610415750224762 0.603322313292028 0.631611670203626 0.539345229129244 0.549428454310272 0.415068986684119 0.392069774144495 0.320971759406626 0.510835771915509 0.414748419825684 0.862845245417927 0.81855128870692 0.755555230650419 0.623159455341422 0.629410352225318 0.401342014777224 0.694933521756964 0.675976866509059 0.319118013913823 0.261335828396887 0.680652224478487 0.56067826194774 0.685293438380996 0.672112689934851 0.276060184521781 0.301515645120861 0.358545629708971 0.407450184154347 0.322402617383959 0.258339939166066 0.128338025030655 -0.0444285340479538 0.705036569557687 0.698218228361399 0.816184657204946 0.760949738136634 0.654550495030541 0.513015762674656 0.642518667770048 0.624213639046175 0.380189950887221 0.221476457122088 0.499255459555975 0.538556732430572
0.859340894537934 1 0.478660999377522 0.465823503360697 0.0502120129803224 -0.0545343778600999 0.624132559493834 0.576210062372936 0.332135103541926 0.173597081718159 0.351583684758093 0.639388945470527 0.619638627452109 0.624175732812278 0.442335984320177 0.401556809933063 0.764367663233645 0.844271832233503 0.792724331912933 0.826819123358441 0.447030936764481 -0.0512869864719369 0.609024446910406 0.492797081599149 0.477444361923895 0.320112117749153 0.243707480928089 0.149861165713486 0.712958241420427 0.792522890066448 0.538582154782396 0.417439849374445 0.739729456876964 0.712257819095105 0.271265390430524 0.288194963630677 0.501486112794011 0.36749622509741 0.594053951828072 0.488099517539465 0.508960136478597 0.379183191214518 0.577972827929612 0.532047025359816 0.621760484584584 0.657797933050452 0.611805190390814 0.606472380539307 0.647861412743789 0.568780109994596 0.579159243240298 0.452303310072802 0.44407351730599 0.320708285582929 0.55156789660845 0.468939145469961 0.863112696273514 0.892438062324985 0.685685360843297 0.610718854735526 0.494952344570982 0.338296271422995 0.640741363754606 0.693262840813118 0.242018095091101 0.136838709264377 0.592092124015428 0.476869768317029 0.68190030641313 0.686711863117561 0.276015768406037 0.357916809659792 0.314822883745204 0.475814867789636 0.402511917913919 0.294743661327796 0.137514524907425 -0.00621169805552476 0.704020928621025 0.715997582477459 0.802348626145397 0.79546871877927 0.672443600441385 0.606655939188972 0.595695035483333 0.673777134479855 0.436436634979707 0.285467938961705 0.508395890169023 0.597392953345887
0.562900838895034 0.478660999377522 1 0.775077457829929 0.551582173116788 0.493303967637876 0.80038791366858 0.426349885908806 -0.190975602343344 -0.384199945050873 0.481178031519048 0.188266147815879 0.371243514264601 -0.0233894911178588 0.0276341372739314 -0.0691000249976225 0.396996319304101 0.396699431972935 0.512625601102462 0.597040402006746 0.144338607907629 0.272107094125095 0.674864876999197 0.614003447481507 0.250743031915675 -0.168449333495674 -0.0685064853477582 0.0527549270707705 0.395533055610527 0.384014489251 0.717713180132959 0.660847095052718 0.619724150737237 0.68887018468167 0.209493843058247 0.368272600147514 0.576641603980252 0.483733440934242 0.405969268144844 0.46470855146432 0.395492088725564 0.230870964379098 0.615444298346796 0.600870305103442 0.55008204730517 0.560676651207614 0.526348059737854 0.534542257112612 0.546858915318929 0.55063573889729 0.504351305915809 0.446273808497264 0.305519174411047 0.406787492320284 0.523634473923546 0.485208080870934 0.498628158184255 0.518427291085997 0.52131777952537 0.490129930988357 0.502119306856449 0.577401055222383 0.258761305777259 0.495734866640893 0.231257390065473 0.541571193842367 0.634150084566419 0.474877026987944 0.378684114716101 0.405655941243683 0.474640722765097 0.402182963155477 0.232202911925759 0.377807851828737 0.138983989088664 0.277027872199143 0.397558631070515 0.372398634931676 0.544897118532377 0.588034377547813 0.416808755201876 0.3769697516845 0.305084118215395 0.124166492797048 0.314574797292434 0.387199686097431 0.0220081810327093 -0.145780256551696 0.45799120204953 0.40317721487797
0.550939861655623 0.465823503360697 0.775077457829929 1 0.476579873390554 0.497674039222779 0.632556453382321 0.585168272267754 -0.102228602779852 -0.21270529458826 0.386284282468043 0.221563446214326 0.306860915242252 0.11406510502069 0.0475693829141036 0.113490168944013 0.330249997035 0.361597961589763 0.477061489565832 0.594339151858301 0.172742849583124 0.152804309423078 0.522299023976247 0.71481054099422 0.332815620572532 0.0169457909054997 0.0668055939763788 0.114094137531951 0.342055859101618 0.396330635084239 0.610645868970282 0.627433125448359 0.652208335864758 0.723858798652212 0.326786759268097 0.449752022760102 0.546086167096878 0.480934419018091 0.388864831838296 0.408648842171125 0.372193259974241 0.224970750734271 0.52588502929236 0.548674985000771 0.446706171083389 0.493013413941701 0.47048772746205 0.473987853016011 0.489520895908583 0.552292164267025 0.523197252351272 0.476867684722769 0.329488353997742 0.434189263167463 0.52717336352955 0.446686080610986 0.487965319113282 0.514131025451092 0.583130181356514 0.572802241789022 0.502654782713926 0.571707414213228 0.239605917967876 0.487070411739458 0.289450846779913 0.588433262013605 0.603766059144266 0.534409774534466 0.42633251364108 0.437765879328181 0.40688664832923 0.374177034461265 0.224885184407157 0.363659603904292 0.0745324089667007 0.255065750563998 0.429169810255535 0.405773334546272 0.522187802791696 0.561702343455578 0.427119814247916 0.414775812579974 0.344033252321324 0.268697473973793 0.358413481177855 0.562535698222719 0.137835525652109 0.0564229186865215 0.543249898050407 0.532388997754921
0.122602509923647 0.0502120129803224 0.551582173116788 0.476579873390554 1 0.617516347735811 0.376152249651116 0.180378670848327 -0.271391630970427 -0.334692685826714 0.272437200812574 -0.147700728053295 0.067789150612672 -0.287376300279853 -0.202809004260053 -0.187781062243214 0.00472588699237948 0.0548102816156319 0.0524084500146696 0.202174843504613 -0.0203610882871429 0.273783134337969 0.249852332880374 0.356553399969286 -0.00556280034648554 -0.339959117853991 -0.0981534980755843 -0.124330236853237 0.110284482428167 0.107079055726512 0.443207070419764 0.519888788934117 0.203035451392346 0.335274730874557 -0.116015805677804 0.169911329972361 0.282823028088841 0.256312826199483 0.102576137961395 0.192527196825671 0.10366205568915 0.00635129620297416 0.236718950190696 0.264864544037176 0.163634756602144 0.216960959882083 0.198648366859805 0.207615708167504 0.279933180277393 0.369237583647985 0.245865760406056 0.351345067445454 0.0868707187368006 0.309720442401379 0.315468183446277 0.370838021492932 0.0828104229069306 0.124302002084065 0.248410690829888 0.33798982229116 0.290556535332137 0.459434130891748 0.0128499600379877 0.230140701800129 -0.10036100106435 0.35678563401383 0.187582982003104 0.109958635484508 0.0212967088122079 0.157876234033461 0.386179718417774 0.223659262209896 0.0964043758129147 0.180183700291481 0.0210156627722577 0.147817507809464 0.336086618107882 0.346262705324629 0.187723779805603 0.282388684374355 0.0188797148153789 -0.0349738496998557 -0.0558927703202634 -0.169458995112582 -0.115227588405641 0.025899251270154 -0.141941565599452 -0.374445831093329 0.240945379414567 0.201790788227521
0.0434019879109595 -0.0545343778600999 0.493303967637876 0.497674039222779 0.617516347735811 1 0.205306039231972 -0.0798906133860738 -0.571675583111723 -0.559849029173243 0.0856483451642318 -0.296968841679406 -0.156969635197256 -0.47357189256472 -0.410533762841013 -0.320677438116215 -0.0607020945629669 -0.096131929231508 0.0329488472834092 0.129672812679112 -0.25154130295291 0.406093541339973 0.0657761348601254 0.200637794421617 -0.0941943780706866 -0.441940996275412 -0.156632343799753 -0.0424767605508182 -0.10209261562057 -0.0597511651944016 0.266238092464729 0.267176007643404 0.107787274754671 0.262101930592796 -0.199466590476623 0.0743330203705368 0.201986374820753 0.193980754245794 0.00830528637357051 0.19593729112662 0.129179834324282 0.0124962024843114 0.188677779822414 0.202280765767803 0.118264718383588 0.156115538831522 0.1120036041938 0.112436583446953 0.191779848133689 0.317182465856578 0.180568058905653 0.319764571865819 0.0927657730203486 0.312513276891383 0.205285530851 0.309142954138275 -0.0414516276429889 -0.0458552463135339 0.0985805020145088 0.246750207602753 0.0921824014012023 0.378372403992933 -0.105093157057259 0.134468963948324 -0.208594806043684 0.312211327358352 0.0571997663092532 0.0613738434616909 0.0248258335873052 0.0239128633439194 0.400110191030989 0.165955853927559 -0.0542311010831049 0.15517874189061 -0.191704428927073 0.210771199278811 0.243063546919915 0.406492870961351 0.13685600831646 0.131318680049177 -0.0100289176997803 -0.017165397782701 -0.0640678790679655 -0.156970482654329 -0.131781823821022 0.043813337132318 -0.24717468962502 -0.353322327822383 0.224124339814678 0.198800212412528
0.712906206437404 0.624132559493834 0.80038791366858 0.632556453382321 0.376152249651116 0.205306039231972 1 0.675991848739301 0.230033871919951 -0.0377637136236375 0.595494828555597 0.445740147613962 0.658088439393727 0.294271771384641 0.366183529045037 0.17666228623146 0.509637139525484 0.568879866030869 0.608145086885078 0.645473574286339 0.335196044234548 0.0585462639597994 0.77243537281113 0.58966553488632 0.340985765854673 0.0705349940696926 0.00872332260134836 0.0160995326660003 0.585596801746281 0.571229610881458 0.694472410114607 0.605324590212525 0.73414699349298 0.706858296153091 0.248170307718985 0.227423795009915 0.50827134649469 0.367604876136288 0.504971941375436 0.436538933880116 0.410596095545142 0.300329263127857 0.642126659105255 0.605306956175411 0.662984754388082 0.647762050692463 0.654407541801856 0.628662514365122 0.622195218060591 0.557841595348484 0.533155113362462 0.439073736799385 0.333943741434366 0.39500935065672 0.548571423144181 0.502614065430646 0.607759294582362 0.653128166077893 0.60359864723809 0.519159393441323 0.632299278001232 0.564373957142632 0.487692000769292 0.605409461494053 0.340462543594034 0.434761744948238 0.707535215653335 0.488287972412872 0.417638681394463 0.502343258838763 0.356604393909021 0.398347238207239 0.302097979276407 0.388918531201673 0.223031905455256 0.203336531583284 0.315157823098514 0.188415827645941 0.627097738382437 0.629527321929279 0.574631925894022 0.44468869301239 0.432701508558594 0.297864594583133 0.47400185309299 0.390506298293425 0.251675093011767 0.0616692416516766 0.461624802288941 0.449119030906549
0.611825849397646 0.576210062372936 0.426349885908806 0.585168272267754 0.180378670848327 -0.0798906133860738 0.675991848739301 1 0.569783444351997 0.446989941252013 0.496910900639166 0.706910919027426 0.658819511206505 0.666608093626569 0.517994389676155 0.500593743764851 0.397237579933589 0.493122185285229 0.461482610994624 0.546244444056971 0.358112277385607 -0.12190445000518 0.501266772600455 0.631558770640859 0.353480949225298 0.375043228777584 0.128023747428819 -0.00512717283729727 0.47405829079373 0.507518113539001 0.422629341375251 0.480119351483068 0.624547692876746 0.603835491591362 0.382283412877054 0.328488262517928 0.3892263184141 0.317159664708361 0.443794666822877 0.293652068094197 0.279604304387591 0.147090317138006 0.443521234751268 0.426944490598417 0.441455292036791 0.447970347369266 0.475243742615335 0.462821245396717 0.433713201817461 0.359563024778214 0.433892472739335 0.284910336784097 0.238008518599147 0.227725902580795 0.408486498344014 0.304201090604235 0.586420188986465 0.634097742974748 0.560483897010326 0.489192826329635 0.636228141158241 0.589244275811398 0.395190863137327 0.554724220508834 0.323958682137827 0.478897060328652 0.621929587881625 0.576822227089042 0.391766209035142 0.467812662313484 0.156242185922254 0.314763693891942 0.333728746993817 0.283574782587025 0.14402925890776 0.0962539816600656 0.234693445515957 0.0631733346758637 0.441784792731807 0.506209626020823 0.444424286191612 0.380396960808356 0.316157233681724 0.384763686864944 0.313269064070616 0.41246198151038 0.253017528411001 0.295859818265479 0.347079800753263 0.429678304866541
0.328019512855924 0.332135103541926 -0.190975602343344 -0.102228602779852 -0.271391630970427 -0.571675583111723 0.230033871919951 0.569783444351997 1 0.910155412719627 0.265949562218416 0.602712038098645 0.558024093378035 0.756295193654903 0.808335505873804 0.710409709580689 0.205795979677184 0.29913124793482 0.227304178658403 0.200333320648165 0.452380958667197 -0.359962575506353 0.22143812382605 0.163849527115749 0.442422277833587 0.643598491492044 0.401073316719542 0.0121325392312685 0.339070071971882 0.322711295036749 -0.0271141928476913 -0.0300535240215513 0.29677629194288 0.104410067302503 0.362560550637098 0.054729100003709 0.0542510362441407 0.0116911727721743 0.320182670139436 -0.0612097411679138 0.173242012140751 0.186542068738824 0.083271777193047 0.069717254060251 0.183478664533428 0.158996753632182 0.219826498888318 0.186556412589968 0.124127190581239 -0.0131093972362676 0.112474126813417 -0.0358742025335354 0.0750575299541334 -0.0527100425024208 0.112745062948265 0.00526882619472739 0.326490133439955 0.336585474186058 0.275531606850853 0.109007231096163 0.294138754623174 -0.0474920731785618 0.35274590663918 0.132777062891194 0.325946159869417 -0.0986344652642814 0.264604175650036 0.198543044565022 0.273534866114527 0.334074767807432 -0.118066773972737 0.0473955710162276 0.260566714980547 0.0575659919193977 0.185439019586815 -0.0966047466862106 -0.115950162631837 -0.375834652090395 0.103852153163487 0.112730889156231 0.272714400204522 0.200848741821335 0.286631924219685 0.340795996273584 0.267263979152855 0.121835405887098 0.452537347230687 0.517228852704012 0.0605027287488379 0.13410685065518
0.133965621779381 0.173597081718159 -0.384199945050873 -0.21270529458826 -0.334692685826714 -0.559849029173243 -0.0377637136236375 0.446989941252013 0.910155412719627 1 0.117604339350855 0.507473280687788 0.348762460921925 0.697137783145779 0.675442937644845 0.730722703511502 0.0859266662513424 0.163088149701018 0.1035116601854 0.0681771202360134 0.381032168358641 -0.310264921748828 -0.0147232769722354 0.0549069294451269 0.389119136770783 0.685728944918307 0.412249856511342 0.0170146035380064 0.184945443496889 0.182422446222264 -0.192703861371904 -0.127564455082294 0.116438149813483 -0.0561364534280337 0.31995713390966 0.0405458290947365 -0.0686047974175163 -0.0948526270280872 0.224664373262042 -0.162084449706434 0.0451460451013178 0.0931373617895252 -0.108269951441791 -0.0974678875415894 0.00884276403465708 -0.0139499864584808 0.0175200262345773 0.0100813728040104 -0.0676081964437109 -0.18811724847545 -0.0353539224361048 -0.171813931339955 -0.0517256055839722 -0.164724179078251 -0.0376540859106921 -0.136031876554118 0.157397325845065 0.16719913975284 0.119856110362822 -0.0326115953527341 0.125028419117305 -0.181579879997294 0.228479487969969 -0.0165861802337275 0.227448797916374 -0.182695088900267 0.103732641545248 0.0905169703172096 0.17240137549087 0.204434147423294 -0.184617031363298 -0.0435718013394905 0.156560013667594 -0.0447220060642467 0.15461241218988 -0.143971166406455 -0.150369252364004 -0.399645510401052 -0.0272907030059174 -0.0320468173953012 0.136173103067658 0.0803979847481936 0.163810066827055 0.309525809850921 0.137235512799534 0.0343508820120144 0.379747701967287 0.514062178841162 -0.0614869509353341 0.0424421592117582
0.534038231921413 0.351583684758093 0.481178031519048 0.386284282468043 0.272437200812574 0.0856483451642318 0.595494828555597 0.496910900639166 0.265949562218416 0.117604339350855 1 0.551426161182876 0.73098414136069 0.361998993143117 0.404034364318683 0.168639598791028 0.358833262394584 0.344771041900553 0.322022163212429 0.345009661202869 0.144788020415849 -0.0412365321871993 0.500627640922515 0.348258754828138 0.164892596824431 0.0674143122506205 0.00663043413472008 0.11099107303755 0.477912612940214 0.427955905592602 0.350413847835441 0.366662776835214 0.425805158031087 0.372389023325373 0.254402237231026 0.161362104242969 0.153473737365858 0.237387640287255 0.14403262197149 0.241472292750797 0.206179872496868 0.0602440672323839 0.194741955729025 0.158463391416375 0.219776486822105 0.21198671053906 0.236112635876084 0.218380985923649 0.186209107475113 0.188997150619619 0.193127720813498 0.0965809616916053 0.0462427238315127 0.0156440599292414 0.213276015531388 0.117564283077279 0.286675004335577 0.35802567327432 0.359371299029083 0.300459771789113 0.725047360270006 0.519215865663507 0.516930640790641 0.424576466788155 0.252460028111523 0.432031443110479 0.341982552426808 0.243480620667768 0.274186010174702 0.253549372072777 0.0433028692073102 0.0156527864772624 0.0892615537362348 -0.00592972086387465 0.142443860676098 -0.00922897189783249 0.120852308334937 -0.0489814628462262 0.28803870364339 0.372680869585785 0.280300533028573 0.258901671279278 0.155515940451723 0.0708366580101313 0.220235528393119 0.0896401543051807 0.0297943356671706 -0.0835605417678377 0.241935591084164 0.0531962298738001
0.657558615732866 0.639388945470527 0.188266147815879 0.221563446214326 -0.147700728053295 -0.296968841679406 0.445740147613962 0.706910919027426 0.602712038098645 0.507473280687788 0.551426161182876 1 0.780133020634325 0.894536012883926 0.618216632040618 0.561377849499019 0.496087834821125 0.552897009931479 0.456768915720027 0.480583258595551 0.323242377313639 -0.188798689168559 0.413578644784048 0.372149378069762 0.312003875405253 0.420947546240411 0.152175443724984 0.0406428642629154 0.585184088552374 0.597615165447179 0.224554356096126 0.187626665254116 0.493565569664696 0.437607529717606 0.323451692176973 0.149332667905205 0.216671294209015 0.257308242600891 0.394670996207442 0.311782500431482 0.257520797422412 0.170048450770027 0.276101575095441 0.199543246829246 0.324319913936588 0.316370065893196 0.32009534858961 0.309944487310112 0.332323356391463 0.205948011770343 0.295834523282918 0.124426555228065 0.184308647623992 0.020363869794494 0.237791633216004 0.134491442311508 0.533087870084896 0.560080789316565 0.48109053807769 0.403351720323687 0.53116754155129 0.418294882488726 0.589187073932375 0.611012278877315 0.1439443143583 0.212052041103548 0.374199089037151 0.390875483912401 0.39639432908533 0.358833687540664 -0.0603304247049388 0.0532583462787184 0.197085668278068 0.0665649311224277 0.194159053992568 0.00313022316418645 -0.04372793168142 -0.209973141546381 0.28599234519754 0.350744119412372 0.463098357928513 0.559215676163437 0.393814491392602 0.507256469802383 0.319706523202354 0.406381442620277 0.2393893993212 0.374147147618528 0.22862076326529 0.318950797333927
0.725391561100258 0.619638627452109 0.371243514264601 0.306860915242252 0.067789150612672 -0.156969635197256 0.658088439393727 0.658819511206505 0.558024093378035 0.348762460921925 0.73098414136069 0.780133020634325 1 0.726018537170087 0.676282396843806 0.406308102330235 0.572457561670634 0.609997969482078 0.483944885925813 0.500494889453544 0.343416728571038 -0.123730463549733 0.51757801215318 0.357771041330283 0.335238766337279 0.315747520265264 0.0515147574193712 0.0217876874996357 0.70058722862727 0.689363210846148 0.434535479967938 0.376773115043575 0.595588153474059 0.552339293472602 0.197266108004272 0.0844984872407076 0.297491583366207 0.274237161351532 0.407893646247804 0.326904335632912 0.419878998412492 0.266403480542999 0.399027710519672 0.352951527794297 0.43146151123365 0.428537581022432 0.450009134931985 0.453368094194177 0.411965115760043 0.31531779104582 0.352253028962486 0.246413337462 0.185840116651107 0.15247254331288 0.390222727000714 0.28794475591108 0.596889299545522 0.62630839389578 0.552715341669785 0.436294680344353 0.671729821935369 0.399892063805216 0.666191024746028 0.636057039088566 0.171141936945905 0.207036528159619 0.442712770417117 0.364674607847527 0.41968447129739 0.437915631588497 0.0979868589068251 0.160892321239371 0.272182310944951 0.194705147086033 0.195354464085278 0.0689283409312081 0.0835839115594561 -0.121989622005356 0.493404094152308 0.544130402691123 0.576484304500721 0.499586515781896 0.43468368577978 0.425652155574396 0.387055866696008 0.332061813700545 0.229855825328304 0.215397001696725 0.37786767785785 0.331276601805211
0.588178982893719 0.624175732812278 -0.0233894911178588 0.11406510502069 -0.287376300279853 -0.47357189256472 0.294271771384641 0.666608093626569 0.756295193654903 0.697137783145779 0.361998993143117 0.894536012883926 0.726018537170087 1 0.721493798697806 0.716621825600825 0.472865952917137 0.549982409453991 0.4370357731635 0.438990736955019 0.421845375950581 -0.231621177927483 0.30575579642492 0.292061943894031 0.423564415847724 0.5902379085678 0.278168232602492 0.0471812093261287 0.553811006674865 0.596124957445802 0.146339819230929 0.117119905834747 0.464256859073812 0.365832719553134 0.34909900196158 0.166206103368861 0.14743810370464 0.171475853640984 0.412781526281911 0.199747209559484 0.264389429449061 0.195195324852771 0.189126881080538 0.151959733312746 0.242913465190967 0.239591948026986 0.278168297694294 0.274658619260203 0.235676657831144 0.101211725354996 0.23330785251933 0.0730766616976902 0.158087357388436 -0.00738657229766568 0.201449813115682 0.0844279326728659 0.548792346409628 0.553162812943645 0.437437924001785 0.308183105544815 0.395497090526489 0.184565238139849 0.56951715103263 0.509782379482786 0.190684236524628 0.00564804057616663 0.317560977916192 0.325084306791097 0.43941671537696 0.409111538690884 -0.0990326707237465 0.0633573348192751 0.242824134122299 0.100404955631919 0.242737592254548 0.0264224530729524 -0.0615610068255442 -0.296450221524332 0.30445128615986 0.345001929823945 0.484976128019293 0.533878718826566 0.444606244225854 0.585763097002174 0.352120663474299 0.442065155572107 0.363721803774033 0.526731378930165 0.207162729495818 0.341146902412904
0.496297533648021 0.442335984320177 0.0276341372739314 0.0475693829141036 -0.202809004260053 -0.410533762841013 0.366183529045037 0.517994389676155 0.808335505873804 0.675442937644845 0.404034364318683 0.618216632040618 0.676282396843806 0.721493798697806 1 0.751341566768829 0.400230451673884 0.437418206659447 0.353551446759829 0.306033804595999 0.549932064458948 -0.247450861196231 0.482639487612355 0.319368713026027 0.626738147555667 0.672021518982941 0.558954047980943 0.123801648320327 0.543937109327012 0.528568888115961 0.235965391363362 0.139589228768943 0.456357351407081 0.29214254910547 0.503566524672103 0.18793896849579 0.214687105543949 0.211035210849353 0.417354817064442 0.137475429847377 0.396614302785286 0.319275754935432 0.1912903809206 0.166533068273029 0.24089558890319 0.180664624089481 0.308342570009577 0.25543927079269 0.1216918522929 -0.00399238710858495 0.121058761088814 -0.0214653513216161 0.114601797576476 -0.0347493143779065 0.190733282242002 0.0654052603748858 0.460474051579384 0.436237414478339 0.307716758014544 0.119054251578766 0.313568260164631 -0.043260179788642 0.438259253499193 0.194342447774746 0.481714458935342 0.02175695452756 0.401407195685951 0.303878678767098 0.381654635542238 0.383153868350706 -0.0674995060021593 0.0812072113240038 0.347882580306488 0.149292735914299 0.202064931350282 0.0307803169367961 -0.0585233358931757 -0.361904093170037 0.295085842915313 0.321077529719314 0.476612887864216 0.419589530686261 0.553362209856248 0.421625969003292 0.502168160454743 0.273233238425433 0.564185022467614 0.521104274135304 0.146917825703523 0.176837960338793
0.405714232296965 0.401556809933063 -0.0691000249976225 0.113490168944013 -0.187781062243214 -0.320677438116215 0.17666228623146 0.500593743764851 0.710409709580689 0.730722703511502 0.168639598791028 0.561377849499019 0.406308102330235 0.716621825600825 0.751341566768829 1 0.306236382833996 0.374141565276215 0.355312581302358 0.314880289835486 0.510125395986521 -0.175498588802887 0.345266529865053 0.40442029642831 0.672876221566008 0.699647314033041 0.620835811459964 0.0728259363516758 0.438866385342783 0.467212370028139 0.183232705426822 0.145613882068997 0.424592742138509 0.291118617928133 0.501824150438096 0.303940089140367 0.245749512503378 0.222148795054118 0.459501357579019 0.170001437801393 0.291111968141894 0.209866609678861 0.139687462203371 0.147463791056992 0.174134449534946 0.144872830064062 0.226313947786422 0.185586330507084 0.0908822817709317 -0.0120326345434561 0.0799199316095401 -0.0493771953920644 0.116426030413375 -0.0205043622329784 0.141237874055544 0.0710559778834373 0.407058507937682 0.376811560051272 0.257716786391884 0.0703692572298095 0.141484043898737 -0.0425828208074806 0.333580268279143 0.186190395531528 0.33924781733084 0.0390388545917718 0.307508785261781 0.269876333576414 0.365616733307297 0.344470276292408 -0.0317437530459201 0.0619125867547071 0.287431883973861 0.0855728204885352 0.187914991617336 0.0261494878457359 0.0264398315298218 -0.267261819748826 0.272696109418954 0.247203429253398 0.411548489122786 0.384118242864779 0.513098794250669 0.549289468089658 0.356203592516106 0.350081838420107 0.528071595597442 0.627200867220687 0.0893498273356187 0.253048329143511
0.778806412799749 0.764367663233645 0.396996319304101 0.330249997035 0.00472588699237948 -0.0607020945629669 0.509637139525484 0.397237579933589 0.205795979677184 0.0859266662513424 0.358833262394584 0.496087834821125 0.572457561670634 0.472865952917137 0.400230451673884 0.306236382833996 1 0.907879549150581 0.781103484706637 0.752996208985511 0.462626163088991 0.0657815941409566 0.544105476096072 0.407092731607638 0.445188934290662 0.351555226603857 0.220737534389059 0.248685816492508 0.794981296876868 0.836599188496791 0.573680654471307 0.487632744697926 0.609806534764606 0.61898271111357 0.184595563811941 0.164938184647734 0.351313328398212 0.290096780075202 0.456147427961199 0.376591820450616 0.532168861432975 0.340483084300894 0.396378537131557 0.354501876908883 0.523981504213948 0.507455412057 0.428756387779274 0.438237377991232 0.397368869231887 0.275269598385087 0.260995172382948 0.130117729188224 0.166793584281119 0.0475991110290015 0.299457043517157 0.242475040955765 0.824204252919987 0.787121407202412 0.579804846649685 0.367341786790797 0.334663480096166 0.165905892364086 0.69369066251263 0.620353717672334 0.153338788980252 0.0265733421993311 0.494344124496687 0.414757175595447 0.679314382958635 0.642978112324549 0.227943841711739 0.246617160608606 0.331124388999726 0.392897930815271 0.343164018832551 0.332928346006015 0.0591948406143358 -0.138652399980895 0.753415393468666 0.701709389530481 0.835751301877312 0.673256788055161 0.609976798899985 0.460561444999156 0.538837173920319 0.406644090187202 0.292820742446138 0.066884680662096 0.329262554253568 0.291039957397861
0.753618513421791 0.844271832233503 0.396699431972935 0.361597961589763 0.0548102816156319 -0.096131929231508 0.568879866030869 0.493122185285229 0.29913124793482 0.163088149701018 0.344771041900553 0.552897009931479 0.609997969482078 0.549982409453991 0.437418206659447 0.374141565276215 0.907879549150581 1 0.765405849671812 0.808955864533456 0.485542504403693 -0.0158090246271824 0.559645684404027 0.449421543798 0.469364011582829 0.368446598245022 0.234112863655892 0.193778853965736 0.818513081939492 0.903991235463684 0.62021688250557 0.521240014151717 0.6804673253373 0.696955409819728 0.163100047380091 0.183630294669327 0.410494424043063 0.288732957579564 0.542212228628733 0.432211591764491 0.521431759871543 0.364096296580073 0.477310918832144 0.42186792241212 0.552687108822675 0.561708575018544 0.500621635597878 0.486431607822164 0.473454989885596 0.379892376793537 0.344877282877287 0.237692968420778 0.238256245032666 0.148416312994545 0.414801837626368 0.351902592406649 0.80842826575638 0.845772466065752 0.603141290994518 0.428290371406306 0.341815359653584 0.234041417774304 0.703051634103912 0.72200594287605 0.122980717408051 0.0154964283365532 0.510170433684344 0.392243386121532 0.649083013267737 0.629956925681905 0.244743900627789 0.289599038810483 0.318058148877619 0.431907253547471 0.319259898664111 0.299837259540309 0.134856182981422 -0.0523582022263409 0.754415485828395 0.737920041722975 0.815888457459575 0.689714389084671 0.645407506950588 0.57150185890861 0.519385251033914 0.486401683944081 0.369139645142799 0.186606422670709 0.346749951407801 0.419851682668487
0.813222217512587 0.792724331912933 0.512625601102462 0.477061489565832 0.0524084500146696 0.0329488472834092 0.608145086885078 0.461482610994624 0.227304178658403 0.1035116601854 0.322022163212429 0.456768915720027 0.483944885925813 0.4370357731635 0.353551446759829 0.355312581302358 0.781103484706637 0.765405849671812 1 0.877458156020277 0.469339570570379 0.0407538428049648 0.65380615456407 0.594957173923113 0.490252549157714 0.307753687122522 0.242122660114678 0.208292194929571 0.76796151605522 0.751753817422281 0.597180751356792 0.534046378234132 0.707562627790184 0.68264158003209 0.269143097092873 0.360488102655351 0.465134635610138 0.353034361619626 0.530718766949062 0.4168800638681 0.495952383116135 0.364327054924233 0.550224727451596 0.545387283897122 0.672202586205264 0.660947184488578 0.593409619945971 0.609762746812284 0.575000353008787 0.473237773063563 0.424116815122562 0.273299473695885 0.345889004098499 0.279214952675199 0.44317550422985 0.374020451971962 0.781224506456337 0.746381575806569 0.655449719896714 0.428166884553898 0.335785207655419 0.181221399845683 0.611970437565596 0.574574485379339 0.188827723240035 0.060466406367547 0.596515453727491 0.443582511023203 0.758540326208415 0.690132969686128 0.361497063720371 0.388164665625712 0.345879041047477 0.485962396710154 0.344450428089446 0.305528888846939 0.14590360859039 0.00222163881330824 0.722029443374045 0.637477692209221 0.813894107600692 0.736364221085335 0.672156513534718 0.554814720696512 0.588673085130532 0.550445027871573 0.423524517727064 0.233853153944277 0.374556070048191 0.442081244712932
0.779070847541642 0.826819123358441 0.597040402006746 0.594339151858301 0.202174843504613 0.129672812679112 0.645473574286339 0.546244444056971 0.200333320648165 0.0681771202360134 0.345009661202869 0.480583258595551 0.500494889453544 0.438990736955019 0.306033804595999 0.314880289835486 0.752996208985511 0.808955864533456 0.877458156020277 1 0.403266034864264 0.118060399001919 0.586744124436999 0.591500321574576 0.427714460524702 0.26326026870275 0.185663073764768 0.155105606062226 0.708694101261116 0.739382655035581 0.630694504988449 0.57105858892565 0.715790238208465 0.769500194469365 0.232330790902442 0.33239423877774 0.496654193398364 0.367357576756971 0.514066402879409 0.419886584188836 0.474361700932854 0.384402825314108 0.571550201297884 0.542945646430911 0.657512832089203 0.673897030457066 0.582512031522015 0.582765538127812 0.614482344038134 0.547576735813115 0.509658366160495 0.354494253910199 0.342249797149778 0.30392333422166 0.486764028793191 0.4040477852438 0.767492756671276 0.805130795576539 0.757624515841393 0.563456936647827 0.40733207673141 0.346454574065904 0.594535842884866 0.685965516268916 0.150012848476136 0.162239469449558 0.622556692750718 0.494866935585537 0.785679151641919 0.730471430514516 0.393472535356507 0.431078983962268 0.339190647382487 0.52934980547504 0.255508951867673 0.318176970304181 0.201371399608402 0.0763967908128046 0.672874248195247 0.675288127836774 0.757606128190776 0.681267672299459 0.586745644902509 0.488430099119222 0.506418867151657 0.558472361390608 0.30934631488263 0.153522466370737 0.454639778352431 0.50458419347776
0.477673427043586 0.447030936764481 0.144338607907629 0.172742849583124 -0.0203610882871429 -0.25154130295291 0.335196044234548 0.358112277385607 0.452380958667197 0.381032168358641 0.144788020415849 0.323242377313639 0.343416728571038 0.421845375950581 0.549932064458948 0.510125395986521 0.462626163088991 0.485542504403693 0.469339570570379 0.403266034864264 1 -0.130274106122355 0.463359420100792 0.353923372987957 0.626551806282985 0.514507124325192 0.480897094109384 0.171766782513806 0.53965656846033 0.561420164814674 0.396059320332788 0.331379634816495 0.477902891646517 0.374559929567914 0.393895828954707 0.217046196921766 0.342068929708424 0.264869943508477 0.50350483660344 0.277639662381411 0.431448527724784 0.418871021150251 0.356232494864145 0.346675022061945 0.41672074608928 0.341325733071534 0.431813215385262 0.409940844095312 0.299469758585771 0.183041337317548 0.27728686706993 0.151918258339462 0.206527745949822 0.133736257976549 0.319867103699573 0.23536586494437 0.533438950677177 0.499892355569119 0.413505874520327 0.207433861033079 0.191998326485235 -0.0558178547047433 0.390714220375206 0.22825141334602 0.435843925159359 0.041638666059776 0.540243380534979 0.388031892048408 0.440907797911324 0.439586488863684 0.142300818633693 0.287162410675062 0.344203669099556 0.305754402267687 0.318530375933526 0.0652982045037883 0.0866249348782365 -0.108972094395886 0.520146140375305 0.459903019533993 0.577308075314382 0.428920994670806 0.58787903208548 0.409894313495173 0.582042375860562 0.373125402553456 0.588953135874492 0.375371149650664 0.213259646387838 0.28443789780509
-0.00898599494563374 -0.0512869864719369 0.272107094125095 0.152804309423078 0.273783134337969 0.406093541339973 0.0585462639597994 -0.12190445000518 -0.359962575506353 -0.310264921748828 -0.0412365321871993 -0.188798689168559 -0.123730463549733 -0.231621177927483 -0.247450861196231 -0.175498588802887 0.0657815941409566 -0.0158090246271824 0.0407538428049648 0.118060399001919 -0.130274106122355 1 0.0149552300617958 0.0713878744639322 -0.0378776061563051 -0.100602459530565 -0.106824969687949 0.13274238154796 -0.1237378433641 -0.0848923321474042 0.155749771666474 0.147791624485699 -0.0607989957115738 0.0703775319625843 -0.146374682096668 -0.0523208218039988 0.0864102605936486 0.0777265789886391 0.0491950925981276 0.0779274670577893 0.0282326337965519 0.108633437592437 0.0717758345153613 0.0576889716712969 0.051935275474399 0.0168601208838322 -0.024122639330186 -0.0268949545987068 0.0354594224630671 -0.00821072321927834 0.0805523497119068 0.023746152249161 -0.000567249973012098 0.0729183199443148 0.0155375795560311 0.0227937352384148 -0.00732289187296974 -0.0498713601096952 0.0756463277355325 0.029737335937245 0.00618465403374842 0.139876880763199 -0.00348477196402046 0.0858607167038159 -0.102609739191185 0.0844783741983592 0.0780266767948454 0.0869892498313384 0.0052301346795007 -0.0393966351306508 0.288779146026258 0.190576175286585 0.0182705791827915 0.143282104049975 -0.0287890335009589 0.249766234395439 0.155572658630184 0.173996332059108 0.0184628214246435 0.0749348461631452 -0.0120435533205437 0.00025888059684418 -0.106996288531912 -0.178680382821595 -0.0127769548365274 0.0464725208583039 -0.216321962394993 -0.229683196910955 0.174108819894216 0.0808647651108494
0.700923885936762 0.609024446910406 0.674864876999197 0.522299023976247 0.249852332880374 0.0657761348601254 0.77243537281113 0.501266772600455 0.22143812382605 -0.0147232769722354 0.500627640922515 0.413578644784048 0.51757801215318 0.30575579642492 0.482639487612355 0.345266529865053 0.544105476096072 0.559645684404027 0.65380615456407 0.586744124436999 0.463359420100792 0.0149552300617958 1 0.719177908160426 0.574443439697928 0.237347943201969 0.367648302572196 0.124521702105604 0.659685645157051 0.643691355222498 0.731231013806988 0.591120409116435 0.710662124033532 0.644983357975619 0.500022813147568 0.422885924487766 0.512104557254943 0.51662603915618 0.496901472306773 0.484969029767681 0.503738372478194 0.329725592423781 0.520756902165259 0.513897534207176 0.555141534160397 0.533386564804114 0.554846360026581 0.531110611654504 0.467738113047628 0.38861592505377 0.369280032079137 0.251111345070566 0.314446788831433 0.248812899463752 0.432741616942671 0.366576438452619 0.62453267292389 0.608773989707641 0.471610216490833 0.341622272909218 0.45052399465054 0.344631857155768 0.486899976236806 0.442241768904326 0.516797632095597 0.350716360991766 0.666209336992907 0.465466470272167 0.486736221869324 0.519098837378624 0.289394491902691 0.288194975087585 0.351199642121567 0.343468179875972 0.292690047894448 0.213746691647204 0.227268427467332 0.0359165775143727 0.583480873987826 0.604843007234119 0.616015966234018 0.595168873119283 0.625709913279858 0.360242620668658 0.640862821114866 0.464388582779838 0.440445020612271 0.230094249981861 0.379754032106779 0.318185186676673
0.56797337919901 0.492797081599149 0.614003447481507 0.71481054099422 0.356553399969286 0.200637794421617 0.58966553488632 0.631558770640859 0.163849527115749 0.0549069294451269 0.348258754828138 0.372149378069762 0.357771041330283 0.292061943894031 0.319368713026027 0.40442029642831 0.407092731607638 0.449421543798 0.594957173923113 0.591500321574576 0.353923372987957 0.0713878744639322 0.719177908160426 1 0.546768532159748 0.309158075635646 0.278522509281811 0.0443072837725665 0.543001739828457 0.537520612823712 0.684501109364684 0.735316291977218 0.626224386042586 0.674909437350169 0.442888204916111 0.607679066233991 0.552616489391001 0.49837180405159 0.454001043359519 0.402141505525714 0.367011538259722 0.188985173530226 0.494741458585404 0.536826692614692 0.46353187969367 0.478405192014837 0.455396707378213 0.45746463062368 0.394204026279959 0.370013338436294 0.310258564293437 0.21724518708908 0.226465500515644 0.25067366796351 0.390764395832296 0.337213445506664 0.530191579411131 0.50694256462043 0.470316259311589 0.318637607805886 0.33257296435638 0.396348903097822 0.310234129470415 0.435786025664683 0.259960232089882 0.44599460474218 0.612160631236832 0.550393422593116 0.467133603402953 0.446037844639458 0.360027069478721 0.390200358054083 0.3413074354282 0.354397926812409 0.152910486289097 0.26021080040438 0.259919191677607 0.175996262314707 0.520530044560193 0.543987932164498 0.4936691477084 0.513206028818184 0.497182343769937 0.415082274001051 0.377869564761985 0.470129468530176 0.323587386801857 0.234559923126168 0.30886170862564 0.336997025774588
