1 0.848310421083642 0.416743606778495 0.34041642193549 0.127701141880073 0.0429252124827997 0.409969437658202 0.308323641503093 0.229052083511325 0.119857478879782 0.717773247628398 0.617855922437772 0.610929713779522 0.332827259142152 0.13415921311308 -0.0950552315416321 0.620510616233095 0.683668239321818 0.847486133375762 0.749555535221231 -0.0801604619131276 -0.0672618781267674 0.084196486028747 0.0185857181955479 -0.0759196592221727 -0.158612041245443 -0.00884190930582876 0.112204796548515 0.522182558179759 0.46339624441321 -0.0640714200192236 -0.106749458842509 0.234191709794794 0.0349247770811806 -0.309121510198744 -0.275014281753115 0.107817794930935 0.114050155289697 -0.00438693784636461 0.257435179824103 0.266488816447422 0.469767265712895 -0.091948294628239 -0.102441608523627 0.081472215477108 0.211188010963015 0.37090245950381 0.35531646118078 0.383824883360631 0.32518759063099 0.272291308300989 0.334183044879252 0.19277735333848 0.205182261018996 0.585741136358803 0.579235024171429 0.829345379817932 0.825409186713841 0.662297616663121 0.605294053680577 0.653916856491035 0.27187775750161 0.732037103069003 0.637180589367685 -0.00273565015163 -0.0235515025875078 0.0394134916558501 0.00494781538589511 0.713965177237316 0.635779098556914 0.343434791849987 0.0997217044981994 0.18366218257423 0.123512680853409 0.222177501679736 0.220248127696498 -0.0875388226932382 -0.189415924575062 0.273534972902972 -0.0509935315090367 0.598379463952688 0.647821344840608 0.369655587460735 0.368623462327032 0.68685623409954 0.617806561809713 0.0930802803977381 0.286973437595052 0.562859051527055 0.524166324842448
0.848310421083642 1 0.418023796515602 0.386409816242039 0.013713647000285 -0.0652764261457999 0.302444666732809 0.281098968684844 0.213414721214128 0.129023955865722 0.498823382180181 0.624675757215034 0.45820580886426 0.435017984371284 0.169295046324181 -0.00705201898488075 0.61495733693363 0.745846472994952 0.718959051658622 0.78679694318816 -0.0728711063027318 -0.0275403681117665 0.1364017599027 0.0877032324226628 -0.029815168618303 -0.136096317249041 -0.0210936118485645 0.170941236620257 0.449442445685783 0.471091047719071 0.0295508906739848 -0.0533698160439152 0.310044268161407 0.15821691886798 -0.235861857482044 -0.19494331176706 0.191689047010935 0.227478842865566 0.0769026416174152 0.266260317073628 0.306777913635004 0.580061650124298 -0.0755074815450014 -0.0596209799626307 0.10957687174003 0.265133051802524 0.408117715784173 0.377298847977478 0.432094007012778 0.332172035226835 0.338254470957658 0.390459929741012 0.269845372221 0.279531317188858 0.620752192467457 0.633421109768368 0.834862045360541 0.854691588785838 0.569165543090693 0.609157255661459 0.47504726189384 0.16134271671503 0.668486170698104 0.676367924515395 0.0454248023182919 0.0100177556950012 0.0856704966922092 0.0394778116146558 0.762353553979372 0.697066156765422 0.343617994821326 0.11864233542743 0.175073662451019 0.233231646544573 0.174727471557433 0.226920419502426 -0.073894135094904 -0.185566605297105 0.347410069238957 0.067468470959864 0.613717015786299 0.69458395735371 0.304328214421334 0.46022239392511 0.713833205689683 0.730438396633674 0.246344038444536 0.425700771334772 0.533730424933652 0.652467916044495
0.416743606778495 0.418023796515602 1 0.768850766507696 0.354503119345911 0.335931557814546 0.753168848798953 0.571866722774981 0.509385832499964 0.501874391816618 0.203233100675405 0.236327841844059 0.369096354535015 0.340370812452386 0.396642455679242 0.233860851382442 0.182416924208675 0.135009908698504 0.465957266524971 0.361776330081635 0.173018749608913 0.269098041066251 0.765203591443053 0.480749074930194 0.428385184407621 0.36310493009105 0.349574656951622 0.277393188991588 0.288142124593474 0.178753415573937 0.635472915677283 0.591001575120456 0.704992317763202 0.497275603127999 0.352666539087585 0.363848571699551 0.385362455499004 0.310801196091585 0.33060656441938 0.395093337990738 0.341986521337119 0.310960697944741 0.229839832134732 0.158322581608342 0.393762185341547 0.270708374746085 0.380198882958781 0.308887613092725 0.359320644892415 0.306831038442585 0.459814756447036 0.370187501948957 0.381268814303771 0.326867462613902 0.43786169705437 0.409195869769972 0.237103569709145 0.232723174463516 0.457261401981815 0.457817586779457 0.382793954748105 0.279668079269821 0.234545192876969 0.275397961640427 0.582167438463018 0.522217216549873 0.638086872257391 0.506222847982082 0.426974971005167 0.397581494534646 0.470317759194829 0.530710885816847 0.294159408226083 0.39224153043281 0.177108271775217 0.252618085650804 0.284672619188531 0.167863996100692 0.289568125071176 0.21602106906139 0.352978848481746 0.453615100295935 0.198387877276551 0.143453176510909 0.623397539102928 0.515086485676393 0.224873793248429 0.30769973955463 0.482571682693262 0.562062357716144
0.34041642193549 0.386409816242039 0.768850766507696 1 0.278979683368802 0.36409583847268 0.607550184160009 0.727167067006603 0.477887489223601 0.596297050906262 0.19597292707487 0.344649044310367 0.339658700705356 0.449185319048234 0.412720959585284 0.311924881925207 0.201725636337245 0.141996708672809 0.462885278952075 0.387512225302246 0.174894143742291 0.321405317692507 0.748805761293425 0.649512661112479 0.30688961183136 0.413797333468522 0.343462481682823 0.300835071312019 0.285225835856601 0.331575226820764 0.535106094183658 0.679954837017553 0.73273494753919 0.640742339223972 0.369849167265955 0.440581207753564 0.296295706021693 0.262990893451016 0.254231049768525 0.336826050601812 0.319274539513045 0.305273431005102 0.174764780439345 0.115030449546072 0.258865324302317 0.199559161890907 0.27136679015857 0.250990999540411 0.229772855452093 0.245058850493158 0.384676733981569 0.25446313792249 0.346023102546344 0.317781154149724 0.403595490423024 0.37010836591254 0.158380472161752 0.194225172434313 0.339246263786764 0.521094804960982 0.374878892407823 0.459227998904273 0.255725312625655 0.419065230696954 0.622113450310654 0.650043198713741 0.544815023093135 0.505315942616888 0.286906607247913 0.302345940581987 0.474493590483858 0.53095176099447 0.403330819855864 0.506378500543155 0.148687460192363 0.258222121826198 0.273343495826677 0.235882239680493 0.235181537319459 0.198991838881916 0.331798048516799 0.399504854560877 0.23487932286253 0.223203832894614 0.579129171853112 0.551479231939221 0.209792820404207 0.357479338665639 0.47950902156878 0.577219544008519
0.127701141880073 0.013713647000285 0.354503119345911 0.278979683368802 1 0.61432560355287 0.593015385813594 0.408623239777799 0.659120832686305 0.48410669128544 0.169009712700947 0.0738605152786856 0.307062206572108 -0.0100830197765604 0.325387804516239 0.237676278106886 -0.0624136612445572 -0.0821147127171339 0.202227372153886 0.0881560022469265 -0.0308006732628915 0.203289890683158 0.350064922592993 0.0457667731744088 0.298825116601493 0.1675780354393 0.356767374604889 0.0858005699661086 0.177061708357664 0.00762731695843734 0.196265748274345 0.202727574060756 0.304830537857687 0.224667100587936 0.214077668778081 0.222694361664626 0.158000156055978 -0.00367740598706582 0.0926313405116623 0.136831678146019 0.284884607344638 0.0392646813455951 0.103138112373903 0.0291955496317004 0.164850652360375 0.0470303705506734 0.0845557463473925 0.0680876220406247 0.0741629512371551 0.0924592937965245 0.153657238137143 0.0548881224440459 0.130097008947957 0.0569778338483391 0.0557646559358834 -0.00722799749368741 -0.0414839631274889 0.0354856955060617 0.244377693400803 0.204965979995111 0.386630640787231 0.350283356503203 0.0799191248380361 0.0282338818463382 0.217134875440789 0.175326423224737 0.20249465954186 0.0827911892081661 0.0799978297130525 0.20074794797657 0.359072794957702 0.33633587077749 0.150041709369418 0.115697761704673 0.0341359468736334 0.141463404008747 0.146233316486931 -0.0602578121245004 -0.03573184367592 0.0243125649737074 0.0975159601468094 0.0347845881548636 -0.0923031639653424 -0.272021488705592 0.13239026634661 -0.084995182660018 -0.0953659922531783 -0.245478809664788 0.28034687846404 0.0550016370077615
0.0429252124827997 -0.0652764261457999 0.335931557814546 0.36409583847268 0.61432560355287 1 0.459564073644709 0.443857840494777 0.514288979277342 0.419003610692315 0.142196973806256 0.0319264527383772 0.279573192478526 0.105089917297698 0.346143594551688 0.223011392855543 -0.171947405702171 -0.209364734537848 0.150711268265072 0.0136975984723747 0.046608898715082 0.188824793187314 0.412839037537808 0.117020175702532 0.122073936811373 0.116711586838108 0.34511393664697 0.107366173827239 0.0435038303608157 -0.0190640918599757 0.241292030720281 0.301889405111339 0.290946924690554 0.22761428146529 0.213382451776355 0.210448259032133 0.0296732982453288 -0.157812623906931 0.0089336508735711 0.00578589003931855 0.0276617792318433 -0.096059621929931 0.0810345196531322 0.0165596269171131 0.0854594696931779 0.00217951758696163 0.0235512393575375 0.0384573303236575 -0.0470456265246366 0.0403445763545769 0.00454296792722623 -0.0406772938683384 -0.0149701481927888 -0.0874221019967411 -0.000781967323251143 -0.0472036593989674 -0.138435135665211 -0.114052677180656 0.114185408838167 0.142563234874476 0.337710502748378 0.394135437229229 0.036630217106765 -0.0295925895789224 0.206863404729903 0.210107549375973 0.181115522443885 0.117325322722892 0.00138359406131028 0.0888418216304829 0.249079204243812 0.335042048000052 0.129373870491419 0.0824281831461438 0.0920127926513458 0.156255272208177 0.150146469244236 0.0698584474332989 -0.0131857354870084 -0.0253159268162018 0.0220032845865639 -0.0172788462117141 -0.0928668402351231 -0.226427913881935 0.103441508334887 -0.0603182120820084 -0.146694994412606 -0.239527444618914 0.323407117620427 0.00909354843247106
0.409969437658202 0.302444666732809 0.753168848798953 0.607550184160009 0.593015385813594 0.459564073644709 1 0.774127832305094 0.61875058820118 0.493306993084978 0.345521778269979 0.271364137793821 0.572725542182257 0.233743686886206 0.351744279096147 0.182148092010387 0.155458595902953 0.0592252423543207 0.445036684712655 0.263641911690257 0.0771072262751791 0.204670746791214 0.571817552921452 0.237664425190322 0.281875603688547 0.215636565896791 0.223598040135278 0.0820297932829606 0.340367337086193 0.213354257081484 0.387056392928849 0.416415435114322 0.62764538906092 0.498680316994193 0.283896813249672 0.40435139881776 0.271468419997602 0.181517674715777 0.228699980590704 0.314181028500779 0.284240144508777 0.18735071479137 0.325395324140183 0.224673450845223 0.4307449533745 0.312154683898544 0.404409291773715 0.367964711401633 0.351391022932678 0.39017691075168 0.490123832917523 0.391694274513562 0.433149287935679 0.375522285784172 0.305947649974054 0.247994182292935 0.133450333532755 0.151935696881994 0.544043464598541 0.510224633235076 0.581949018210743 0.520768557787437 0.247013252427738 0.286644688918168 0.448211741057544 0.454859064017521 0.534914898925931 0.416211814302493 0.30426041873074 0.364812375986459 0.619301689213735 0.67852346932735 0.314498453868947 0.344163019204821 0.239443445489284 0.169115059178892 0.307732679628054 0.21581014485358 0.163032949070903 0.199735807121809 0.278502939725954 0.291773749399103 0.0253625545790971 -0.0929194850664991 0.460430820727285 0.292960668051285 -0.0122683843959779 -0.0253605113620388 0.531649680038173 0.463523035421375
0.308323641503093 0.281098968684844 0.571866722774981 0.727167067006603 0.408623239777799 0.443857840494777 0.774127832305094 1 0.518518906529602 0.555100094670217 0.293012447124199 0.457357424200975 0.492054956290618 0.407354762794006 0.328306816867635 0.333930384644208 0.0923336506554276 0.000753394159145063 0.387892552461677 0.25618636274826 0.157164791468916 0.250348621223844 0.499101886782765 0.375618588973495 0.149484161300058 0.239964821108986 0.163948631319632 0.0169422561249222 0.288381570220196 0.321497224689977 0.330712581457351 0.491797571866244 0.561016381016335 0.57142426364352 0.26783961816729 0.471776555355424 0.223129221540756 0.12207631974639 0.174133542482841 0.245249776951472 0.225879052164942 0.220543583587076 0.239651734956349 0.162057458650558 0.310567295422675 0.252013774224423 0.288394722789276 0.280457053192616 0.281724934857653 0.360441713809209 0.431585623637469 0.355715394162585 0.355505719898128 0.341970535203573 0.259943551128549 0.236767682448472 0.0409283612458725 0.0826440350647422 0.418072014564708 0.549551009052332 0.462814183336245 0.73557132791641 0.208772702491514 0.369055399688993 0.38091765696885 0.555389520889134 0.475577524029606 0.465963260101312 0.215677470706253 0.311192370940527 0.594699221588808 0.655669716514752 0.313679805758588 0.407089861865724 0.13336494808914 0.145356048353592 0.284887418962228 0.256402668000396 0.137752915423028 0.169952697123465 0.232812311029192 0.299333384504276 0.041936961751254 0.00220784404853824 0.384876803040749 0.379798810928691 0.00318113352377107 0.0626479343627553 0.476362636431237 0.544640144620037
0.229052083511325 0.213414721214128 0.509385832499964 0.477887489223601 0.659120832686305 0.514288979277342 0.61875058820118 0.518518906529602 1 0.61478068419221 0.248596616208582 0.233948564690333 0.507688664796372 0.253138390610146 0.63784038931461 0.40680008980389 0.0431564264025538 0.0574123591462099 0.268779270226215 0.179743728119685 -0.0411101450693752 0.247934975827758 0.540702635651286 0.229449407029393 0.261814306927653 0.229013369736539 0.452252988548045 0.138727067523049 0.257224708946733 0.229830028366099 0.296538051340949 0.295842226148786 0.514533686916971 0.360821799886423 0.168747337443839 0.219427152870387 0.150748555133734 0.101664771884472 0.270284334313548 0.254658891540264 0.426497691304776 0.142228558522955 0.193996652951935 0.145830228985197 0.156362379920238 0.114992851716272 0.261520216226523 0.206386254002843 0.150403881193703 0.221488100051272 0.305905733913874 0.177397009941289 0.305174268728318 0.23887867784703 0.209457591123462 0.189675070470734 0.047258262593712 0.119932781935024 0.385396779184315 0.397286763229115 0.491588516994756 0.382092860609146 0.337158402347266 0.298102892055706 0.406282314447052 0.231852464631297 0.254092900211911 0.125140051100784 0.143534878030281 0.274255607105427 0.468468958913933 0.388776580262679 0.264016787927083 0.266372087638281 0.205551163900529 0.244324873057538 0.268316881982076 0.113576246816416 0.101265519698856 0.0942859193916875 0.207895146571199 0.13596844842553 0.0530963340504017 -0.045338167252042 0.336018318984128 0.0835876027804082 0.147332694870196 0.0124769211894234 0.574877586187144 0.230778239345409
0.119857478879782 0.129023955865722 0.501874391816618 0.596297050906262 0.48410669128544 0.419003610692315 0.493306993084978 0.555100094670217 0.61478068419221 1 -0.0101468322400411 0.112878293837634 0.222877947755298 0.302328912409706 0.416301886567281 0.45056076344284 0.0299127125959389 -0.0252270310272999 0.217853999623274 0.11922646649507 0.0332067826781346 0.244553954538243 0.489335902883967 0.48281041748499 0.400391838279822 0.3341047641141 0.464470747874744 0.304767533946181 0.087026177669796 0.0758595330923061 0.401360142579253 0.411647741221567 0.457253677483647 0.352874906398562 0.266869895877301 0.350247196655431 0.258060123268241 0.243796091576539 0.225728741002967 0.357278438866112 0.256769822477883 0.167144079953232 0.168671701533039 0.102838416707874 0.180621718755406 0.138294217585674 0.241324574940182 0.229920811554474 0.251722550058175 0.236966885698909 0.280346986782991 0.251534550615974 0.208860484666005 0.197778633553694 0.223718033084194 0.269088805197975 0.0644160192955696 0.11546462201223 0.285366564617362 0.416784527560204 0.31946164434382 0.379191236281811 0.0885173287195886 0.14495027156557 0.502582959253895 0.52841311556214 0.409385909385449 0.366577307978983 0.0969549494667243 0.224021527824186 0.457983702303599 0.433761612523793 0.254897569779942 0.295711662517051 0.0194124161492457 0.329103174595848 0.206048248155775 0.15295336369132 0.197073390925519 0.166399608534063 0.125637330724535 0.174875607029157 0.0463844495399544 0.121215539854631 0.349479782497548 0.301659290599929 0.111690494160302 0.205132772431779 0.353234145917575 0.416907684480251
0.717773247628398 0.498823382180181 0.203233100675405 0.19597292707487 0.169009712700947 0.142196973806256 0.345521778269979 0.293012447124199 0.248596616208582 -0.0101468322400411 1 0.518126492275414 0.711540196836657 0.130712129206314 0.150604427023817 -0.200797513651151 0.431301435980831 0.399758535049927 0.739205630079893 0.532063728057993 -0.191017352505353 -0.0542865040557905 0.0405937819649733 -0.174089044479011 -0.243006364444025 -0.239224549197596 -0.0112393594150959 -0.101981738400193 0.47547457169345 0.417543608281039 -0.180169676138598 -0.175286356142 0.136176064538777 -0.00284105614813084 -0.268294971463256 -0.285339895280909 -0.133049969596273 -0.120861523442447 -0.14021083465242 0.0712314288861273 0.219029408577233 0.226094170297982 -0.157699544932816 -0.169041414949687 -0.189187679771573 -0.0904806123859384 0.0978234565668005 0.0940994204896763 -0.00277045609458986 0.0515427797914871 0.0220458687634961 -0.0288164515527304 0.0752730826243793 0.0579589159685973 0.253038646725062 0.221144748647102 0.417023016740882 0.454917454803172 0.379856895532086 0.360361666584982 0.616677223853668 0.406744601651164 0.653644116277064 0.522784510528929 -0.0943480646403526 -0.137043068973779 -0.201548942971686 -0.240670528385577 0.334379918928799 0.334923962575116 0.242285898477208 0.0894494303580435 0.24810979104952 0.0424146503493933 0.302765501270454 0.0948097056806821 -0.165716865206152 -0.173225120087466 0.0884224519198419 -0.208401214120867 0.337215834263961 0.277962763764785 0.271661081701173 0.0600968132974867 0.319681403902285 0.157777198412727 -0.139849981166269 -0.0367619334345852 0.478107777580687 0.147166285159676
0.617855922437772 0.624675757215034 0.236327841844059 0.344649044310367 0.0738605152786856 0.0319264527383772 0.271364137793821 0.457357424200975 0.233948564690333 0.112878293837634 0.518126492275414 1 0.516087025663672 0.630148882924623 0.240217480896335 0.322810150974563 0.430196179014268 0.509839003417439 0.548936134331593 0.668122235468099 0.054278576710789 -0.0012527021239158 0.123378740508648 0.151719172269635 -0.125725754042373 -0.0848199104726907 -0.0972093015680097 -0.0307190339207248 0.543556076180153 0.687559640817568 -0.0437371587505925 -0.00539033725867222 0.236486868827447 0.228395812088282 -0.248973081524749 -0.0781430643463335 0.0600514811383477 0.0763061892657553 0.00226496711030348 0.115260680309132 0.181653592835777 0.354143280996785 -0.062889878746033 -0.00972342421727328 -0.0589933226858393 0.0878015725108356 0.161840743011275 0.208490211808985 0.117365323587881 0.157592660526811 0.154567231315607 0.126394163757342 0.169856570947623 0.171866929179059 0.299095385420525 0.273160740197361 0.426534675454368 0.504664938268608 0.408312782208537 0.42228928512043 0.489528452048989 0.510367036341258 0.504119969128137 0.652584660982006 -0.0294636747777988 0.0309506088739561 0.0165993180837869 0.0348453494877089 0.351048017270766 0.313987817605363 0.454835286457422 0.213179413306763 0.216058035342547 0.29666348677513 0.123486251966135 0.244565696421631 0.0835875854022306 0.022216783600884 0.251685075909918 0.119421980668948 0.42927522261617 0.434015232997801 0.307788432346401 0.432794833653575 0.368416065293929 0.476303749873305 0.135961172999042 0.308445777468912 0.418397129743947 0.48488854158668
0.610929713779522 0.45820580886426 0.369096354535015 0.339658700705356 0.307062206572108 0.279573192478526 0.572725542182257 0.492054956290618 0.507688664796372 0.222877947755298 0.711540196836657 0.516087025663672 1 0.4811251517985 0.569910255300805 0.221117257296295 0.302127290715143 0.278036352311693 0.606228990388645 0.408879811620234 -0.045977975528794 0.048987140622788 0.311469299965688 0.0856747159026471 0.0438910557341209 -0.0282431301091889 0.121018359324351 0.0581232615016107 0.384451284272649 0.422865845624285 -0.0124784661641965 0.0351505779441392 0.310380883052092 0.192461190850101 -0.0796959040280729 -0.011723656345162 0.0756662863747289 0.0409847671036272 0.116586228616361 0.231032798978102 0.272199602225927 0.149914447368236 0.179021989675257 0.148214340794881 0.0782168946762985 0.119230568307827 0.283719766421775 0.322228050011018 0.185105800515568 0.236415099069735 0.296334400612273 0.163938730304019 0.288166398056549 0.233841193028842 0.309332188170151 0.249949036676186 0.290211178367861 0.32380771238519 0.499304491683055 0.404626566943511 0.691113650644131 0.473031015071388 0.505857357413379 0.435324106512171 0.204207526746438 0.121395236440201 0.0955704534628638 0.00969282604619221 0.291966776274853 0.320897779658597 0.422811999140347 0.32470607296258 0.254626512015234 0.140923994234627 0.364915935767877 0.112349801031879 0.150406772141276 0.00446269611286168 0.194632771371859 0.0937505548854523 0.359549558531389 0.29736030017614 0.168470801638892 0.0777182198552921 0.478573413743725 0.280692400532751 -0.0238070614557525 0.0624902257666116 0.677581730354176 0.382849968994502
0.332827259142152 0.435017984371284 0.340370812452386 0.449185319048234 -0.0100830197765604 0.105089917297698 0.233743686886206 0.407354762794006 0.253138390610146 0.302328912409706 0.130712129206314 0.630148882924623 0.4811251517985 1 0.544424067157502 0.660371544372476 0.267682365698438 0.284956838886469 0.256694935259561 0.382164103347884 0.248629586147417 0.137124148644164 0.336167227425555 0.508380834420101 0.183830245037336 0.239533647067213 0.12637819363168 0.23581139382622 0.305624667480433 0.47450299528922 0.23526626605693 0.260503950716496 0.384821206712105 0.386191921455723 0.00447400470774766 0.201854295881455 0.182246024336025 0.206047032795785 0.227541934131928 0.192307903495922 0.119603229953916 0.214290971641118 0.247968030625125 0.288728972908352 0.169663134431417 0.217692564889939 0.256461107861606 0.335554940564237 0.237720718062365 0.222042737727301 0.313059835807707 0.228408750254708 0.290352592029829 0.269406900488176 0.24260409606111 0.261420570679548 0.258422346596392 0.253511454455549 0.293843996857519 0.284292800677566 0.290642836106801 0.306759907785934 0.248367461312002 0.398712866133754 0.288101681009308 0.359587949742098 0.337989625883379 0.353920816270551 0.202191621148342 0.129961222344414 0.364851573197584 0.313031400972183 0.203908573033581 0.308681456818409 0.181413740014598 0.1941436336937 0.362434766820933 0.263406464652201 0.388780366668798 0.384288701269601 0.26814434776806 0.315471507292001 0.231472917354556 0.447743007293104 0.411284783930765 0.595256150838825 0.325695156995763 0.523998207142913 0.374269544223782 0.53856944735995
0.13415921311308 0.169295046324181 0.396642455679242 0.412720959585284 0.325387804516239 0.346143594551688 0.351744279096147 0.328306816867635 0.63784038931461 0.416301886567281 0.150604427023817 0.240217480896335 0.569910255300805 0.544424067157502 1 0.639708282424596 0.0105241794643316 0.0628179652504819 0.167663761125704 0.122906741829409 0.232351453695426 0.306384659700167 0.536282673298314 0.414725759258239 0.434615630543341 0.464095678843207 0.458819754156324 0.394661659925092 0.124559363962316 0.155399888431968 0.268004109691389 0.311475187743064 0.479073392654754 0.380932353384253 0.239082196576724 0.293901674904885 0.307138103087783 0.284218653181721 0.388630978177723 0.347197207608715 0.240333795993588 0.122285144284487 0.39100580319522 0.367667650413655 0.134713134730213 0.0914199131717965 0.222081680379363 0.278711037824556 0.108870168128101 0.163771338863571 0.372127642689449 0.0961409746315321 0.37571597376444 0.301543318341225 0.162139699798515 0.0907341174598585 -0.0378054105011827 0.0207053961848963 0.226474285260811 0.218086235581581 0.346763795009431 0.246199126231471 0.119931515193821 0.14195644238536 0.464190580924973 0.367556916160566 0.330089098737312 0.246398807039863 0.0517458379427713 0.111883785510863 0.353344449803446 0.346931262854987 0.274530977950492 0.338173940892762 0.235667761973309 0.19696985379622 0.401992269649849 0.248025423862423 0.221176234241744 0.250186501824726 0.139712897929425 0.0509103333454714 0.159333072433653 0.196463825035925 0.289443357936911 0.153562375483209 0.307592988641598 0.266263897311107 0.519652100912403 0.286559054838636
-0.0950552315416321 -0.00705201898488075 0.233860851382442 0.311924881925207 0.237676278106886 0.223011392855543 0.182148092010387 0.333930384644208 0.40680008980389 0.45056076344284 -0.200797513651151 0.322810150974563 0.221117257296295 0.660371544372476 0.639708282424596 1 -0.0770410882979913 -0.0492637089242541 -0.100848621462424 -0.0077045765955407 0.38380603133427 0.21710633342258 0.452557274581282 0.600794897862475 0.454834764830366 0.517450587379957 0.303902822370494 0.320299741313288 0.06555790786255 0.160097559938027 0.311650982879086 0.378240397528992 0.31359487450758 0.361991087670568 0.208555021284988 0.408108129282002 0.293465222374956 0.265722211722686 0.332404382525785 0.246368491059834 0.0523881660182242 0.0526040502857582 0.36041123622542 0.42517039395422 0.166109638821125 0.130131419645226 0.159600419657695 0.224476440818814 0.124079190001382 0.129698591520818 0.276068892069774 0.0915129676463738 0.27423393942968 0.22556892763573 0.0179237851489786 0.011150342149073 -0.091339994314397 -0.0523816428355352 0.0876752043231326 0.0935714705273518 0.198768511100509 0.35257530924372 -0.123988112039059 -0.0153230802777094 0.423959772520304 0.468102028194865 0.397875928984661 0.402467753552885 -0.067595236866536 -0.0269224585911217 0.321244766200019 0.299496472037208 0.112839034612112 0.269538045454429 0.00764122752434907 0.172141721409384 0.524826754952794 0.379542139361032 0.247024590585867 0.460093258300905 0.0147208450341762 0.00571408514829838 -0.0302425758292928 0.306195123155719 0.0990164350560516 0.215575414600443 0.296973802767269 0.404309239057964 0.23656029250642 0.335805045000274
0.620510616233095 0.61495733693363 0.182416924208675 0.201725636337245 -0.0624136612445572 -0.171947405702171 0.155458595902953 0.0923336506554276 0.0431564264025538 0.0299127125959389 0.431301435980831 0.430196179014268 0.302127290715143 0.267682365698438 0.0105241794643316 -0.0770410882979913 1 0.830360079186283 0.582844367536507 0.685554786739841 -0.0678311608475311 0.0684827032359842 -0.0263784111100759 0.0522102019924917 -0.158295302795132 -0.0816009477976075 -0.0484871006518616 0.0648775506577235 0.71057809096117 0.634035893154418 0.0363928890300678 -0.0335723674181439 0.288196779615806 0.26359834534903 -0.396214787205251 -0.252419227695598 -0.000653105225592396 0.129338228563973 0.0823860116200317 0.16320310355007 0.214023709540239 0.346648137896795 -0.0495854108033948 0.0595831941259757 0.0725092536197008 0.264737717364396 0.339477307292924 0.353584762384022 0.249419558419431 0.210828257562077 0.102354542494066 0.155205728882932 0.091005959166323 0.104654531840089 0.427267059049572 0.463778561037241 0.68353839084751 0.618832337410039 0.362930695846932 0.378600334714456 0.362387026627467 0.0984982315939935 0.698036218043502 0.686672048439061 -0.0113271796276517 -0.0377579651672592 -0.0691490951155341 -0.00463124463524279 0.361649332941844 0.337161668549985 0.183161834387596 0.0706213286150119 0.222254745898168 0.224483637546195 0.164432151539172 0.274870839299644 -0.00666484189104497 0.0323042792128834 0.559009496271517 0.222376850914148 0.748004924904961 0.568785707400888 0.461666212178989 0.41489457873988 0.442478943433052 0.469916531905048 0.145877524979125 0.312191986745816 0.247461282112885 0.311993268465476
0.683668239321818 0.745846472994952 0.135009908698504 0.141996708672809 -0.0821147127171339 -0.209364734537848 0.0592252423543207 0.000753394159145063 0.0574123591462099 -0.0252270310272999 0.399758535049927 0.509839003417439 0.278036352311693 0.284956838886469 0.0628179652504819 -0.0492637089242541 0.830360079186283 1 0.542632202591397 0.709203778193208 -0.0708385391590001 -0.0668370467703707 -0.104021241913285 0.0255831599234038 -0.178353626600106 -0.147090715290242 -0.15333558732725 0.153528382423742 0.558661015093219 0.562498215454613 -0.145895347516189 -0.223062050543792 0.180104831633584 0.0788120833494302 -0.452962612298263 -0.385462076342607 -0.00511873274416472 0.136744190892737 0.0388035833501473 0.140751720051275 0.170895126122966 0.452390174986446 -0.18971150362798 -0.0851837082384372 -0.0544796508714554 0.149246841639235 0.263533780511161 0.284749820553222 0.211320738556055 0.131810187084573 0.0541041761021934 0.0942138377165717 0.102710929063617 0.106326489300816 0.474864067766903 0.50580723034542 0.795547862135681 0.784564658089723 0.34467239792336 0.387050378713907 0.344649084751501 0.0307713693212644 0.725614935456241 0.704595492103574 -0.0283999021150308 -0.120775823397135 -0.151975770534891 -0.131092191059949 0.506553985610097 0.408238631021363 0.136814338058342 -0.0712579362315592 0.150525957834669 0.189062796012327 0.17343174552149 0.34681393765282 -0.125910836934248 -0.170494221179426 0.465626859118296 0.138069480808368 0.70145820660964 0.630059553744709 0.456030153792859 0.513079621318917 0.532342306952906 0.563150717205175 0.280070388987427 0.381944023932999 0.323595924884623 0.407435980464647
0.847486133375762 0.718959051658622 0.465957266524971 0.462885278952075 0.202227372153886 0.150711268265072 0.445036684712655 0.387892552461677 0.268779270226215 0.217853999623274 0.739205630079893 0.548936134331593 0.606228990388645 0.256694935259561 0.167663761125704 -0.100848621462424 0.582844367536507 0.542632202591397 1 0.780060800023864 -0.0829992480823771 0.0441862569850941 0.258300477279216 0.0715575597423635 -0.0637733257895394 -0.136460555135039 0.0955134552128194 0.097273161653529 0.559196358908366 0.483267029925056 0.118520531147706 0.0743628413200997 0.389602940423209 0.204840746853663 -0.170512570198859 -0.125468817642108 0.137022482745188 0.0878906640311844 -0.0202500967803634 0.19127404703868 0.275479720489746 0.360807997619271 -0.0482487341789694 -0.0822165102846246 0.0876495602219436 0.20967397093269 0.33174961707062 0.302702249322898 0.327488804494108 0.311175140195836 0.233133155237481 0.283976791401667 0.169550422968687 0.169018932014768 0.459174974819479 0.461512800695332 0.637192998657548 0.655054699148245 0.583334193348944 0.59049414286058 0.632679324601152 0.387020841758703 0.64835490481897 0.604514706505367 0.0650850697276393 0.0621402101505549 0.0606986203175321 0.0280105582158218 0.570022915200466 0.543186748116158 0.409822701732385 0.248515955532166 0.275750092061034 0.240339576957112 0.168880728344256 0.255057286659832 -0.0233464521978885 -0.0666489029907049 0.245600260824243 -0.0762224939630401 0.526044523670979 0.527226903637345 0.32786647790661 0.222387366330871 0.58250275581639 0.488725614006464 -0.0322973937605395 0.207662561274068 0.540852172598394 0.459286064018589
0.749555535221231 0.78679694318816 0.361776330081635 0.387512225302246 0.0881560022469265 0.0136975984723747 0.263641911690257 0.25618636274826 0.179743728119685 0.11922646649507 0.532063728057993 0.668122235468099 0.408879811620234 0.382164103347884 0.122906741829409 -0.0077045765955407 0.685554786739841 0.709203778193208 0.780060800023864 1 -0.034160376731868 -0.00178209561228971 0.150709033254975 0.0709123751766662 -0.101998097677716 -0.151326460514298 0.00692150578126875 0.204412879523267 0.623283326355439 0.638874454591373 0.0970878453845693 0.0176298127166296 0.31944259426718 0.212471951682042 -0.315021524603004 -0.224375828870901 0.149595868580475 0.116554525520681 0.0518384517033969 0.170391792556011 0.357072840738823 0.486497980579908 -0.19416448658603 -0.136707041469516 -0.000388340698779123 0.148545566476875 0.240232419153524 0.221834899209554 0.23659999013175 0.14903578336349 0.121988331618437 0.16595174951958 0.0976075510815181 0.1195971139473 0.499317328583721 0.488465085769991 0.652268912714926 0.696033507807433 0.415906967006687 0.445699868453039 0.431137507295911 0.235117466651732 0.639618205835238 0.674655225238571 0.00767727879123219 -0.0304394619572918 -0.0270992903384971 -0.0367347285608164 0.592432810307531 0.504695337520369 0.3986480752886 0.213580350668809 0.349548123266365 0.405381278593641 0.189069801033244 0.364323875017239 -0.0460804866683759 -0.0710787270403772 0.343194649937238 0.0179588853796545 0.620871472180986 0.621734261348413 0.402061854594648 0.429465724195765 0.575688335157279 0.577527756721611 0.112411441842008 0.318376700812318 0.409911217880158 0.481278997024581
-0.0801604619131276 -0.0728711063027318 0.173018749608913 0.174894143742291 -0.0308006732628915 0.046608898715082 0.0771072262751791 0.157164791468916 -0.0411101450693752 0.0332067826781346 -0.191017352505353 0.054278576710789 -0.045977975528794 0.248629586147417 0.232351453695426 0.38380603133427 -0.0678311608475311 -0.0708385391590001 -0.0829992480823771 -0.034160376731868 1 0.104133454636465 0.29744739277343 0.404496970419081 0.303041266289688 0.424161229238652 0.150843024016044 0.228364897774553 0.00854835382347879 -0.0551602140304406 0.254900418599614 0.335715035627247 0.193720558992604 0.229945679081696 0.353094201853844 0.35002291188798 0.235046589105951 0.180067414182808 0.24678222787704 0.142775063683526 -0.0469236478937032 0.075151561053078 0.18736771557812 0.170799979084045 0.180584058226545 0.0584256655765728 0.0824635504874612 0.0919782217845571 0.0719529167340752 0.0205835160739603 0.136943189189668 0.0885082611446709 0.15821642162413 0.200205054135356 0.0470148772518694 0.0141465557143768 -0.0788371909003277 -0.0978644909894459 -0.0632994214358334 -0.0296958604047485 -0.0779063393881161 0.066847797878074 -0.170045098406799 -0.142141855857912 0.274373239431789 0.372328163497506 0.401054791567214 0.425564684433959 0.0720685092717231 -0.0336847127009402 0.105122294252186 0.205171798369378 0.164699850981205 0.283411128312177 -0.0676523837615154 0.0460387417158635 0.272925258350375 0.286044791586171 0.14568092218676 0.134859033296267 -0.026059360868988 0.0458331043882872 0.0484169954350486 0.224995045067144 0.0840051067593103 0.175043140484498 0.285438048851087 0.327599010698379 0.00280705980962939 0.178394163160338
-0.0672618781267674 -0.0275403681117665 0.269098041066251 0.321405317692507 0.203289890683158 0.188824793187314 0.204670746791214 0.250348621223844 0.247934975827758 0.244553954538243 -0.0542865040557905 -0.0012527021239158 0.048987140622788 0.137124148644164 0.306384659700167 0.21710633342258 0.0684827032359842 -0.0668370467703707 0.0441862569850941 -0.00178209561228971 0.104133454636465 1 0.311298754298459 0.201651484132448 0.278312770153518 0.253611075522264 0.342513789190852 0.103061570085805 0.129748179359611 0.0787286182171172 0.372330421258621 0.339687136565891 0.404825839791089 0.356366666030871 0.254574131978589 0.311439220708197 0.121417298290079 0.0457097233132381 0.0780868696958951 0.236189961973234 0.24779413166525 0.0486405751978928 0.210763455983583 0.187919865776542 0.160890338096698 0.0969248873006627 0.135629891767285 0.118873626641603 0.0716726398520285 0.100237190524998 0.187391270777931 0.0657346096362521 0.175378873765034 0.0650993002884871 0.0897354666134199 0.0327032806029297 -0.106572424928753 -0.0843682559330099 0.131434965772228 0.202276444398343 0.0492994349808182 0.120042319274293 0.0286861488974211 0.105956190306106 0.204337649936305 0.263994787092098 0.250413692751299 0.252571950916081 -0.063322752977378 0.0254098979172917 0.163225837259615 0.33535518345746 0.261240979888376 0.233771746866402 -0.088594952179027 0.0863169857470965 0.237913199470795 0.171204093623392 0.235558883098758 0.184712586820805 0.194753410054781 0.0337581733485279 0.0967801782120846 -0.0175081098550236 0.034492621253947 0.0154380417264828 0.00848489283197726 0.0360122997485035 0.198869359112866 0.0774686986266805
0.084196486028747 0.1364017599027 0.765203591443053 0.748805761293425 0.350064922592993 0.412839037537808 0.571817552921452 0.499101886782765 0.540702635651286 0.489335902883967 0.0405937819649733 0.123378740508648 0.311469299965688 0.336167227425555 0.536282673298314 0.452557274581282 -0.0263784111100759 -0.104021241913285 0.258300477279216 0.150709033254975 0.29744739277343 0.311298754298459 1 0.662858627719894 0.52822723962864 0.535597347724777 0.428465142573766 0.373885391355467 0.147931614749482 0.120232851560571 0.68193455198539 0.736079959507412 0.693378506154449 0.581059918287607 0.560302531120014 0.57120107580389 0.372650435714857 0.308183019022675 0.367003945505042 0.323781722424075 0.240062661672118 0.0895851254681478 0.319150900552115 0.27960842044737 0.281158788025865 0.115286625758016 0.195766194083177 0.152171247633714 0.1086504978672 0.123931804239256 0.357479202156275 0.145062183820052 0.376677569291789 0.325642374729167 0.13389947615169 0.108034239767321 -0.0807600617128814 -0.0474393295221621 0.164760822605384 0.238589021602595 0.329280891519175 0.352375024261674 0.000506825533209854 0.0469139296779588 0.779902922470373 0.655487487541084 0.645699690788669 0.521037082048377 0.115987398917439 0.140343896021573 0.428483421681291 0.51553160210335 0.357847957630436 0.424136298746741 0.15375552221484 0.148221605387401 0.446387110142963 0.341019518569884 0.213461754860401 0.287217091527242 0.146969112035438 0.156374367401361 0.0153187630613746 0.0650483870758195 0.402825512583641 0.287823438968301 0.24450810412132 0.311105916412705 0.415134271901517 0.397794513546092
0.0185857181955479 0.0877032324226628 0.480749074930194 0.649512661112479 0.0457667731744088 0.117020175702532 0.237664425190322 0.375618588973495 0.229449407029393 0.48281041748499 -0.174089044479011 0.151719172269635 0.0856747159026471 0.508380834420101 0.414725759258239 0.600794897862475 0.0522102019924917 0.0255831599234038 0.0715575597423635 0.0709123751766662 0.404496970419081 0.201651484132448 0.662858627719894 1 0.512773008891927 0.67519641960939 0.393899562982603 0.547545027271473 0.0475636118647254 0.109592575438149 0.479778183463598 0.684187118684506 0.489010742982711 0.505147930901939 0.464394884579646 0.520662152810255 0.351638410025239 0.374764936554359 0.359041013678457 0.32809063736512 0.125197129362071 0.160150087585274 0.246038623331361 0.277233369259619 0.215855059423295 0.127045127640062 0.147645917570414 0.167859375882881 0.108235118523619 0.109906948378196 0.29202643636396 0.142426691914299 0.302561414630246 0.304377416697827 0.172854464444725 0.205538231678378 0.00663375446871326 0.00998921235061911 0.00439569380454868 0.150575628329251 0.118294235991034 0.26469266891893 -0.116411870321781 -0.0129796496910388 0.71493457557568 0.779808321223679 0.61889720907994 0.656734509221025 0.0715284693994882 0.0315099215686871 0.252756191802373 0.309793067972774 0.240415745625445 0.392085354657704 0.0492566876380311 0.216986182417344 0.361396419036072 0.355472118504827 0.27893140963078 0.356990505691335 0.0962483902739023 0.202737731684431 0.150716359837056 0.368754086181133 0.380894746824425 0.487426339683881 0.390874942159031 0.583473203074927 0.132620035914002 0.448111942510486
