1 0.511791395477912 0.847249816825606 0.830305945229671 0.819428546756145 0.0271583147635402 0.902153437091985 0.820756663784009 0.756481319501347 0.640277216674688 0.815495392165851 0.849417627653646 0.836442495672791 0.817066622245204 0.843840370503387 0.691669167923367 0.761405745333906 0.850466558063042 0.609539701185867 0.240739165862919 0.639578750867585 0.326086527777532 0.821443693219868 0.774199620773813 0.737168364114708 0.593492025214525 0.607419448245061 -0.0843635050646959 0.568597996979361 0.771275953273689 0.742251999995651 0.842818961256371 -0.18059144109443 -0.190096029207681 -0.340677755837583 -0.387425481698886 -0.0970545333467422 -0.43231286314338 0.776442476548098 0.62353925547993 0.0582766998472013 -0.393896843605912 0.875209646280354 0.894795141064345 0.836882973111791 0.871108188942146 0.552681728253517 0.084559585495754 0.74000485872544 0.673316184374821 0.794288124882989 0.630435209224107 0.658411488117795 0.732093610243821 0.883068638365854 0.335868906644306 0.88067824523877 0.535309588498453 0.743776940214368 0.675711989039968 0.560625537986681 0.281004692746679 0.668848222376584 0.638466370258048 0.674505325613917 0.563259141937594 0.284884887303458 0.264960065948158 0.192557696873259 -0.120864116645778 0.441918878165753 0.857624117577096 0.491715223726698 0.486178398943894 0.327622218266302 -0.409238577014037 -0.393953794200265 -0.318023208558704 0.60214610789081 0.831532899291294 0.892681824202829 0.905900981947207 0.812076692960825 0.575553411017321 0.860362869163722 0.789308819093532 0.664502193784941 0.655780675398505 0.764406232468262 0.826487189486606
0.511791395477912 1 0.628366422204011 0.563630588079932 0.552713820283245 0.272885246247451 0.568902907445385 0.536244123962519 0.609617234244828 0.292511329422493 0.652874058470855 0.453362846472811 0.63621886768572 0.406536449428698 0.522847776846115 0.315400674245768 0.713304517717628 0.584674787475139 0.847440018368029 0.888664850067657 0.403312126798477 0.30303570166386 0.556457891122527 0.469896142969125 0.371329683797376 0.530118356488377 0.419571961142835 0.358129624382205 0.810867630144313 0.626424385827986 0.701772182897867 0.393736377592541 0.651475962012427 0.648298686447972 0.50008001181546 0.470555826600285 0.63794256743163 0.458624929620665 0.0558210397687295 0.606351602695194 0.661545669917696 0.451320070514922 0.461185317651767 0.567899491734572 0.581868869721868 0.526278766623967 0.874175071204531 0.795919862403243 0.672344110305603 0.714148872955583 0.625755861114255 0.719994623646707 0.695145261353704 0.500484753054558 0.563070626513904 0.834135935138795 0.660888177551429 0.883093754931152 0.675253940302422 0.574641026297282 0.765267643912381 0.561818842582155 0.597007285062383 0.701615752072651 0.401451106877555 0.455468070055283 0.718471532951339 0.728746610766398 0.868563405922204 0.714708681748413 0.758162804597667 0.478450849773724 0.590371546638771 0.68843790717093 0.25622623615484 0.400811153962592 0.497241102624533 0.542033743318282 0.781058523381908 0.560679977076268 0.332788331126505 0.561811465030534 0.219695690742902 0.667085088041042 0.460434782101882 0.50638212063656 -0.180215165960461 0.134981908495142 0.581491293815394 0.317053050086712
0.847249816825606 0.628366422204011 1 0.87020414909083 0.862589576691118 0.201811308540762 0.934093854452182 0.807881770114759 0.856244269202199 0.588337216545163 0.785929104809192 0.652989994758053 0.862487877809493 0.701668442738876 0.880920246575001 0.686236347841589 0.686594022881397 0.650715925897792 0.708256919179555 0.44744054533685 0.605829869246251 0.299618783960213 0.909681282259801 0.807984001510184 0.721584895302976 0.679483235420983 0.600689540294591 0.0989292940667553 0.600784347720692 0.675735137156278 0.834277069481773 0.800239196509161 0.171438737075854 0.14842570738114 0.0441362658116021 -0.0251837542092605 0.207910061454476 -0.104629513857142 0.545315721539136 0.603513462790228 0.351230399392709 -0.0832761100650042 0.804605942495864 0.819137299871673 0.835659488122753 0.791898235363656 0.711521312574471 0.360490425203522 0.770632477283883 0.747787880258459 0.831309588172865 0.725078935024168 0.749750296764074 0.703695050581922 0.81528499032997 0.532291608550522 0.719059542649038 0.569336334480632 0.806909807459747 0.692069588564881 0.753530649058725 0.516775303015566 0.635818815947296 0.627164867457507 0.848903150303702 0.731282046791283 0.616650464335237 0.550339667515656 0.432812156527301 0.167971593526155 0.584795752735967 0.74377048816646 0.483886774493801 0.561104961887769 0.309451334884863 -0.155231038801293 -0.0606031728993363 -0.0342753415577838 0.637892783104745 0.71382995836381 0.661209177831534 0.759572877853272 0.611251668842843 0.606369699826999 0.888236549405929 0.826983901020978 0.395229599825647 0.549333104507226 0.874318958689749 0.717883869520586
0.830305945229671 0.563630588079932 0.87020414909083 1 0.845632564596871 0.346056285695837 0.89537392357199 0.950834343438933 0.814449113999751 0.749024332251583 0.684661388790403 0.759224950577348 0.776108442860074 0.812127209122479 0.778331127043206 0.785849151643174 0.602705107686526 0.617817391580437 0.620929186804317 0.334274469385177 0.564845746735431 0.308469836961979 0.805684097076719 0.826246677527592 0.69883757313076 0.697846801140829 0.597309060548826 0.0834675033027374 0.508328772977156 0.647017396335821 0.755935096902955 0.839192502826937 0.0537848670792262 0.0572180219668545 -0.0944385113775465 -0.133805497658004 0.0497693947287126 -0.217107893200584 0.559634419896046 0.598357208224204 0.225587052764544 -0.188198302460994 0.824432518316765 0.800487032794265 0.796756474134814 0.77930796912877 0.62570690462642 0.247477549612902 0.7379502407927 0.731909570450387 0.812661295940627 0.727469934978759 0.761044046451645 0.771573579925988 0.795909384995515 0.457582411499159 0.670883276970428 0.502742562228452 0.778052454897681 0.77397538009532 0.674900410307466 0.651581344642344 0.560062493714556 0.631038840721466 0.745366354792852 0.837269021437926 0.460979042627682 0.461588321640023 0.326377610838476 0.0134603879440911 0.513316016554318 0.775251288240119 0.392480317137235 0.452836200252596 0.201993442670171 -0.243686544755098 -0.17757638796564 -0.140726369472028 0.555305055547013 0.689279862163152 0.678546451899447 0.769272637807201 0.574944227044808 0.532953678650812 0.781316178478542 0.89143301290154 0.403787457495887 0.575713851009197 0.850280303268022 0.826480748520657
0.819428546756145 0.552713820283245 0.862589576691118 0.845632564596871 1 0.320163079267481 0.862109804875752 0.821036313574396 0.858665540302351 0.641953989144455 0.732414299262545 0.696176716559451 0.829390345610829 0.752953881287919 0.847057246363511 0.732625336722349 0.647387113673074 0.606425547497128 0.641193542905759 0.352161177080186 0.544795371605358 0.327694514387142 0.816461508886922 0.750148921286405 0.690183925837304 0.659306557412843 0.67983944177717 0.192907103732077 0.5605691412025 0.648940483114535 0.766635307316539 0.737951552086205 0.0718309052657559 0.056257046240148 -0.0738999552715222 -0.104198367806352 0.0890128231811373 -0.16275167581107 0.532705253870077 0.574187543296821 0.280148096484156 -0.141105019063415 0.753631641396272 0.763702011004483 0.747905606509585 0.726603991609505 0.635529901635145 0.263434303644776 0.694669887209724 0.66560901966418 0.756749045255282 0.646032084823137 0.684324504201933 0.662330585196438 0.773431806133882 0.442435152133401 0.696400208131657 0.496653303332147 0.709536447630604 0.631289217828304 0.664286924470623 0.516846678793458 0.562486531994429 0.577063520119955 0.723901468999267 0.684947406687136 0.459447262562062 0.439692316940107 0.32714033869652 0.0754632098124732 0.545948053654668 0.709764791472066 0.425953008752885 0.477442652251979 0.250519001051115 -0.183749542421303 -0.117897746472178 -0.0810256094850605 0.619057032883184 0.687635112757599 0.657363522693735 0.725190533902014 0.581699727794729 0.493252257647901 0.765512649068306 0.77193641471601 0.408989957028244 0.521103556007655 0.79289038081459 0.702236818981513
0.0271583147635402 0.272885246247451 0.201811308540762 0.346056285695837 0.320163079267481 1 0.142885754150985 0.316615957830853 0.238314740671426 0.341754615207987 0.119155247906819 0.129008902543932 0.194535354256999 0.283011088433517 0.202635051048009 0.448660267935505 0.033774831659296 -0.0871766218205363 0.20877217420226 0.286749357394497 0.0753865616260267 0.107382199198197 0.242029616783994 0.270447970983409 0.244689376434047 0.380649392673091 0.376749465655069 0.565869229892523 0.142267025822595 0.0210006634481655 0.294782479545894 0.133548965065299 0.362219751690776 0.382210380881051 0.352209219770873 0.33871221864358 0.294511270775304 0.288391975952728 -0.163013994558423 0.172967691808454 0.247778309493299 0.281793341022724 0.0780780087352288 0.0799420555276808 0.0993399029648243 0.0458790779361512 0.251189396611927 0.307281606044314 0.0778275299202919 0.186803329619498 0.120245168254949 0.223482617217824 0.146225038919056 0.0889598723787501 0.0361718973072113 0.265825704237922 -0.0492972280061901 0.143102411911689 0.162577924777935 0.189821057402561 0.320239456518756 0.602981627010633 0.0330609779564337 0.186761131078331 0.307154198385945 0.450909353323791 0.338390179272775 0.352669043820246 0.289507259252763 0.247606786205293 0.38862066162812 0.0953480934585492 0.130605120499281 0.260476079451516 0.0114440195805582 0.339322292462127 0.310938629199421 0.322618240610998 0.218494573049143 0.0240356620957644 -0.0893995733233512 0.036455944956927 -0.169471250577594 0.0797808617129674 0.145179593993201 0.294008679646292 -0.323411787484018 0.0676429556807091 0.242692104156582 0.106910689183169
0.902153437091985 0.568902907445385 0.934093854452182 0.89537392357199 0.862109804875752 0.142885754150985 1 0.904094658401251 0.886698464550434 0.722463671824253 0.823052279678808 0.800486642172417 0.859578253532742 0.781952106534157 0.851140345714194 0.664587200388051 0.694581239086063 0.708675693296884 0.65669775409053 0.354229267279558 0.566410009698049 0.28340712516479 0.822170326452095 0.762348996927855 0.657114589359417 0.557187074243508 0.544083031226788 -0.0607076257101038 0.603317497389649 0.743888083351515 0.765108561682808 0.801885538000494 0.0343821895159847 0.0149664183771732 -0.142126352486748 -0.190165038981402 0.0544284455959915 -0.257755158404267 0.634936990917607 0.59972709799585 0.238615402871946 -0.219936128521784 0.863079251267919 0.861557803294354 0.839528792882558 0.840903219203394 0.653900302528643 0.248004224167624 0.810865675526074 0.760279969279372 0.865268853378447 0.724664183974603 0.780239116862055 0.759544547191984 0.867324936868077 0.480237632154204 0.74381803911601 0.508938150421712 0.834184655417032 0.751387653233909 0.719271306929283 0.462190221738537 0.707086448598926 0.693933152238937 0.748535659801184 0.688176205837117 0.452978429168433 0.41898710147017 0.325289798506628 0.0358988437617585 0.47388931140607 0.789232919046181 0.472381186505251 0.497200977001647 0.306256228880375 -0.2792226575884 -0.208927890273885 -0.175350115775852 0.595353496820712 0.773101094590668 0.75249561088885 0.817869906975509 0.673861239976703 0.569408789097457 0.8582817149974 0.837013502896411 0.498137832850514 0.596007919719546 0.864756140007289 0.819741498734368
0.820756663784009 0.536244123962519 0.807881770114759 0.950834343438933 0.821036313574396 0.316615957830853 0.904094658401251 1 0.834481549463329 0.847734212994202 0.706112831425027 0.849897827114671 0.763455304465261 0.853010396955833 0.760209881585331 0.753535044807484 0.57763628960117 0.627887449427619 0.579664227884111 0.303997080413247 0.503220172983038 0.258846955120261 0.714642146049323 0.746939115608279 0.610245181879107 0.5531164006272 0.539120966067009 -0.0225534518036971 0.512107971041761 0.680836727659881 0.673568527342099 0.768825058539587 0.00874507059071298 0.0159965878553418 -0.162026659749694 -0.18935394755211 -0.0290776595548779 -0.269420703117489 0.572896990740484 0.561801111444907 0.175983611256245 -0.21620519391425 0.800918759744908 0.78043977393012 0.750416720585184 0.77058620202989 0.573774775306384 0.203701493628992 0.722398847734154 0.708845612789287 0.785009759732277 0.695436541727786 0.745201125956786 0.764181919843689 0.78998086093489 0.423216352885954 0.640814634514012 0.456725293478543 0.772758474056867 0.778748971829738 0.660833761267323 0.630131051773235 0.623320433589992 0.69466904312518 0.639804986607168 0.758448756153945 0.362817329615845 0.384537226214 0.27528780161768 -0.0217482685384656 0.41933898581863 0.73836983512429 0.360477240068596 0.409491807357266 0.186147646687996 -0.281183774246759 -0.22329726561649 -0.186814430759936 0.513221465678703 0.691259295508291 0.683841499790727 0.775735960892061 0.581067893597216 0.514040013119982 0.723991001960051 0.851289551719683 0.433510547505859 0.578962609954214 0.814576627408572 0.844476388699205
0.756481319501347 0.609617234244828 0.856244269202199 0.814449113999751 0.858665540302351 0.238314740671426 0.886698464550434 0.834481549463329 1 0.723121397464765 0.7865444192236 0.726360200079115 0.843948719719734 0.742011334187526 0.86342496668228 0.636844940690244 0.669860252465571 0.597538528940974 0.67093318727996 0.468751322382467 0.489655187693729 0.320550621655978 0.739112490725961 0.692678070750002 0.516863715824464 0.516822311723603 0.517420325369112 -0.00646304515753935 0.671043201863856 0.747418198582435 0.738911644496339 0.68514536367097 0.188453004144741 0.163966419356491 -0.0104892980742112 -0.0361439081161541 0.127141533821455 -0.0748753152582022 0.458020982621874 0.545391015931594 0.371651382133386 -0.0472808879225935 0.684955787904276 0.697883521973642 0.667253034491636 0.66124525113324 0.647630800857208 0.317840933681967 0.702975110345032 0.666040335743716 0.75016343508045 0.646171171140676 0.743527746625142 0.680473370543805 0.754435933529313 0.533039872017775 0.651894243889975 0.501788147529183 0.732644101469719 0.643674504607117 0.723319853847081 0.519805477283245 0.660237658682287 0.680146105124465 0.606799542096369 0.612096400162312 0.444066668019152 0.417923494486319 0.420396121408658 0.179513707008643 0.511806501447497 0.648590085713193 0.518584433300672 0.562331089984637 0.291087341423717 -0.0784995186839816 -0.0221092076873643 0.00368419321256722 0.619039098817668 0.708704380912448 0.636092639413802 0.72028852497757 0.526384541443996 0.548865019299565 0.711248845017659 0.729096385237597 0.30036543018844 0.449266468179137 0.809092885372318 0.678363186813785
0.640277216674688 0.292511329422493 0.588337216545163 0.749024332251583 0.641953989144455 0.341754615207987 0.722463671824253 0.847734212994202 0.723121397464765 1 0.53680297450227 0.791131036226305 0.579348607884449 0.769183147570488 0.658965404198327 0.659223356614503 0.394589514325393 0.470423622590446 0.3246942497153 0.101379298278843 0.384813614777068 0.20806068880345 0.517182716202388 0.601731906793495 0.47867124829683 0.348457455661334 0.437505754390121 -0.153362925228677 0.363634938125541 0.576711692204114 0.492319361953579 0.633585468343524 -0.119729738710896 -0.130272933887405 -0.284530211359344 -0.308929708782607 -0.148909326593545 -0.332010455584092 0.551455919207575 0.422332015789813 -0.0113556747196641 -0.292893713178477 0.620207557931591 0.58681598933987 0.509454346380063 0.561817227849322 0.310511778788302 0.00697636837150051 0.484146046585453 0.45064456859951 0.542291498653847 0.418951877532706 0.525426705764794 0.550378315808474 0.626378070319482 0.240160065607442 0.434257179293077 0.178955508633781 0.555103986278415 0.577172420717164 0.460053899863603 0.467436212800782 0.516154727578829 0.581403974646525 0.442760841242621 0.504744531176167 0.082904050052351 0.0908748928837324 0.0530351627904877 -0.175003478303965 0.217685287547087 0.589970638207946 0.328139347588761 0.353619179634045 0.120639965577979 -0.259632730670078 -0.321726442410105 -0.258090193108415 0.281984084750089 0.573484930806441 0.597338981404771 0.612333128282984 0.487537207561845 0.337393910087547 0.531418688572519 0.6382662128339 0.410584653372199 0.539057046515147 0.624270312583682 0.743810169552583
0.815495392165851 0.652874058470855 0.785929104809192 0.684661388790403 0.732414299262545 0.119155247906819 0.823052279678808 0.706112831425027 0.7865444192236 0.53680297450227 1 0.754508976856255 0.884552873734519 0.703862348207738 0.799650913997603 0.53488261808595 0.783078397682645 0.747781477822524 0.76603665644016 0.529423078876432 0.514372624616267 0.344620008975733 0.706253870668687 0.592693585335509 0.557864177083593 0.459652978057931 0.528070066039284 0.00273073920046408 0.767022425505814 0.808586718362437 0.756982614303232 0.636022843634997 0.175613416317969 0.174967165373875 -0.0193738555657604 -0.0554023520978451 0.170073729753804 -0.0902431346246936 0.481871667757993 0.604976676493215 0.327581591199157 -0.0328597579504907 0.687401259026015 0.754446494162601 0.70714660239766 0.70414368889396 0.650132254151723 0.353037275121784 0.672044671060907 0.625665270968593 0.707460388156153 0.598885546770952 0.603023667784917 0.555812468364737 0.756492038117262 0.531117970030431 0.728005846334405 0.560751378561989 0.713037009304094 0.574714476567421 0.7075183951652 0.341524414692936 0.778038715508217 0.727922304251863 0.538331136796657 0.473201548234894 0.445662332350278 0.437248145015838 0.4330715081675 0.210002932623241 0.606730812843844 0.722597692495262 0.625575149788205 0.678828663271701 0.398161696635338 -0.0674426700178786 -0.0241897550022825 0.0356514454566141 0.686509804764025 0.802103886985101 0.700452124637574 0.768618357931751 0.597711750376529 0.634616956340849 0.754007633320491 0.637426975555246 0.334066012706727 0.381577360071517 0.735907687388372 0.584932593565947
0.849417627653646 0.453362846472811 0.652989994758053 0.759224950577348 0.696176716559451 0.129008902543932 0.800486642172417 0.849897827114671 0.726360200079115 0.791131036226305 0.754508976856255 1 0.732106140970318 0.898868501634179 0.733405248639147 0.670604017701304 0.635090914333145 0.769645099703579 0.501035373970169 0.235133331150959 0.52953225058047 0.274268305736846 0.628017536531556 0.645469245481809 0.553117593200322 0.401896035776416 0.478253925004686 -0.175880921964368 0.544317010604567 0.786242547461223 0.603246733995957 0.702681849541909 -0.182616616515639 -0.169910266208934 -0.382274618916289 -0.397962330351843 -0.187396448122736 -0.429089548316016 0.676255524312939 0.542234747975375 0.0126050124364824 -0.369091075356124 0.744953932780417 0.767891402685888 0.668351370521864 0.75410507525077 0.428739684346921 0.0328190624288569 0.638642744433941 0.59912416737293 0.685758877819262 0.579626248245529 0.592915365406233 0.671490854894262 0.78031524989676 0.299775744150297 0.708431837642881 0.42578062226396 0.67385287467687 0.664814222251718 0.482702480860036 0.31975798685995 0.703249690977236 0.73900222042235 0.41979614750447 0.444527135794246 0.113654429182351 0.14782855000017 0.128178991061819 -0.148924959376813 0.332227714029002 0.756124798543514 0.448952071589124 0.467617064941475 0.221052844909889 -0.326046297484638 -0.386472817103012 -0.303991775908336 0.500821740341802 0.770410063329518 0.814785712208799 0.850760117372569 0.713516938907876 0.530431547984206 0.67399083294379 0.722278581589605 0.555981257702569 0.58689864590002 0.649936563450246 0.815586409001737
0.836442495672791 0.63621886768572 0.862487877809493 0.776108442860074 0.829390345610829 0.194535354256999 0.859578253532742 0.763455304465261 0.843948719719734 0.579348607884449 0.884552873734519 0.732106140970318 1 0.76700815280816 0.885742631860409 0.651615626245977 0.705184279605853 0.654384127800139 0.71021061626117 0.466444235759325 0.537268584210387 0.291749207849266 0.75966199877906 0.678093779390468 0.602108323974279 0.541428963486451 0.559999293143531 0.0322558035365717 0.659993184168499 0.721077630776729 0.755412743458638 0.676493582740576 0.171982747512637 0.168056130639067 0.01661405179201 -0.0184319927778389 0.176050270214372 -0.0777453245970133 0.519970464876533 0.658955273349274 0.383576149788837 -0.0349273392612556 0.718515834454849 0.756951916000332 0.725062862623403 0.715413697794731 0.674409015046139 0.371634183457821 0.704329958890468 0.667348801509948 0.755197806665983 0.640108699878482 0.663300526712368 0.602105339771931 0.816569583829722 0.54239611191776 0.697529797023776 0.529504939932291 0.7371034555702 0.61417032762186 0.787471745932852 0.488426176532832 0.63537023921114 0.625385077010417 0.661010955810126 0.638708827371802 0.507290638951701 0.480540906097717 0.447256786770375 0.208602196132627 0.604988650465747 0.746975882182728 0.580273307504392 0.596869151349664 0.349576587582391 -0.0767879302456115 -0.0223660009832025 0.0503484446395087 0.643987215364335 0.762561612657688 0.668267870564344 0.739072339522046 0.603036383497021 0.583521643137619 0.792639513978794 0.723470656699212 0.351919201195532 0.483134623402613 0.859599127417758 0.652242630717245
0.817066622245204 0.406536449428698 0.701668442738876 0.812127209122479 0.752953881287919 0.283011088433517 0.781952106534157 0.853010396955833 0.742011334187526 0.769183147570488 0.703862348207738 0.898868501634179 0.76700815280816 1 0.821643329579733 0.855652012568948 0.529367518188519 0.636142758902462 0.480298575156468 0.208102941534641 0.560557684602839 0.316409791727223 0.729044622300507 0.797426140911921 0.626112348762708 0.515573152412363 0.572280819981351 -0.0389633308095354 0.454566785804499 0.687078716719584 0.640347484316621 0.755991649951223 -0.17644319552924 -0.150686297387467 -0.324127824726899 -0.342777044439023 -0.180630336353971 -0.401956517976689 0.660765415344597 0.53181178999101 0.037574376505878 -0.34309278668405 0.73297149695329 0.727671826974206 0.664399870294409 0.735617142029434 0.435438484400046 0.0516327665238113 0.605697236301319 0.585677554916664 0.648562422384243 0.565414896771985 0.563773494140439 0.681051102908953 0.740480077529094 0.286491919666201 0.637201221961587 0.370637290496026 0.6040305414709 0.602948153565547 0.475038720494997 0.429747809671771 0.540360376948348 0.583210550830299 0.550454264942451 0.58853438807913 0.175145259529941 0.198314715148722 0.110093330078485 -0.146659277984238 0.430433876678864 0.781743030763577 0.441782800413874 0.454687816874345 0.260595151239558 -0.322859641061457 -0.362526294646981 -0.279137886411365 0.455430848112144 0.714196980412192 0.759685719384911 0.823731122337585 0.656447469547593 0.550311550410321 0.729533899146813 0.81142331452806 0.546763405050872 0.658820234998414 0.682386609282467 0.815296402143479
0.843840370503387 0.522847776846115 0.880920246575001 0.778331127043206 0.847057246363511 0.202635051048009 0.851140345714194 0.760209881585331 0.86342496668228 0.658965404198327 0.799650913997603 0.733405248639147 0.885742631860409 0.821643329579733 1 0.779482412774446 0.669797661185296 0.663358163954624 0.639470669420458 0.359295763972548 0.662716293796162 0.351830470020554 0.875297466946534 0.8317204087841 0.718855726273503 0.617545891658886 0.679444548460436 0.0384252417169807 0.610113907981905 0.728636645125489 0.785652297155495 0.783728387702573 0.0240516192992507 0.00650437221808191 -0.109853893905919 -0.1639610880335 0.080619827946158 -0.211687416329597 0.646442991469352 0.62292167254778 0.249889609416203 -0.177508453929325 0.73584922150969 0.763087590982766 0.717880666166056 0.726387396658583 0.591448098709205 0.218416642615313 0.654657084712434 0.609921341606423 0.709873534802492 0.577012092756391 0.645644697071613 0.645768836169746 0.813747750720284 0.441917679111456 0.700676627463473 0.455982085601472 0.661304575719776 0.561023473878733 0.609449833963492 0.3888997910283 0.578811442806705 0.54708696026995 0.724317242146306 0.582347122286486 0.403419881479124 0.345961728659352 0.280674996383331 0.051186557153959 0.542632244218814 0.764130067517258 0.533264379980331 0.573463903468176 0.388940238936367 -0.181412281890651 -0.183220036059614 -0.107990044732566 0.600704365317805 0.774710959400551 0.740203633574288 0.782751674135617 0.690594934002006 0.619801954901862 0.846236272486102 0.753601810758923 0.49342032667432 0.611536017762034 0.778266323381154 0.707011525559792
0.691669167923367 0.315400674245768 0.686236347841589 0.785849151643174 0.732625336722349 0.448660267935505 0.664587200388051 0.753535044807484 0.636844940690244 0.659223356614503 0.53488261808595 0.670604017701304 0.651615626245977 0.855652012568948 0.779482412774446 1 0.412393272419505 0.493752098128486 0.379391294481085 0.112337558701141 0.559995961300574 0.355366048260307 0.773605321194916 0.844605428462651 0.742223488743525 0.689591364499693 0.662623598803862 0.199439565225049 0.304199055100399 0.49914507145707 0.613957484901246 0.760736617154026 -0.158486110770887 -0.142967961636113 -0.210134257476962 -0.268898175710218 -0.102386291914891 -0.335845395128972 0.600204255579632 0.473092075782693 0.0321210091063067 -0.301485540382824 0.667553832617121 0.627118444710716 0.603094756484451 0.617149300144744 0.378497356209807 0.0323574953580973 0.478250864832498 0.491370296275817 0.588818712284731 0.500336784047109 0.506884697192484 0.623513995731682 0.626596312674482 0.228269092022063 0.510765121885026 0.298032360270923 0.508571375843019 0.505366115772563 0.399467436737438 0.474331647356584 0.374157184400682 0.405219555376406 0.672237816634513 0.694998677700656 0.25350141569495 0.230533198620242 0.0552603269975487 -0.178420809515005 0.42343958813102 0.673830682301308 0.287250692708717 0.367881049868315 0.279712514368347 -0.301951877437423 -0.32491264076357 -0.250711497180909 0.387408573168204 0.556767867967617 0.612190735611883 0.675671971067261 0.535314705909361 0.472452800867474 0.737411578186833 0.81575464282564 0.464411440237759 0.665904287207338 0.649520814171647 0.747813282336356
0.761405745333906 0.713304517717628 0.686594022881397 0.602705107686526 0.647387113673074 0.033774831659296 0.694581239086063 0.57763628960117 0.669860252465571 0.394589514325393 0.783078397682645 0.635090914333145 0.705184279605853 0.529367518188519 0.669797661185296 0.412393272419505 1 0.875859660949583 0.756913026712752 0.57234728879134 0.568160780816478 0.395316763381684 0.678698315897681 0.592799630744646 0.511770656813106 0.55090454333557 0.512751700442619 0.0760216694750367 0.858805577544131 0.833674797394193 0.754374621528111 0.62141979302539 0.226289026511627 0.214150550348564 0.0252829072789808 -0.0034148760262124 0.273609165808637 -0.00858336626999134 0.461921269479751 0.658016479752661 0.347669462797863 -0.0134916452945735 0.655525795971853 0.751248878166493 0.709771244031966 0.68503799005636 0.705262763948964 0.411945815496083 0.661886167095842 0.567656887308259 0.693315240178858 0.554316462482991 0.592100960746354 0.498726047764867 0.704550688771113 0.56837520358644 0.838898990193996 0.659574150953081 0.629065665748164 0.451877761055515 0.582823384331737 0.231717041714327 0.7660132189063 0.709593610687294 0.487981051197904 0.391691081646292 0.470063807117258 0.478238005744161 0.507773692642648 0.25975554226092 0.592934644552996 0.659855376979318 0.635106139711656 0.660179217150295 0.367760307921487 0.00989343665438478 0.0493302807761356 0.101912013497713 0.856538956806918 0.804196496068388 0.732253488178186 0.784840542886404 0.602004744541958 0.593280394866822 0.665420273571063 0.568975836082552 0.254857645596898 0.324816344387153 0.613750906394639 0.462881928436084
0.850466558063042 0.584674787475139 0.650715925897792 0.617817391580437 0.606425547497128 -0.0871766218205363 0.708675693296884 0.627887449427619 0.597538528940974 0.470423622590446 0.747781477822524 0.769645099703579 0.654384127800139 0.636142758902462 0.663358163954624 0.493752098128486 0.875859660949583 1 0.624069008937873 0.35559130386786 0.616126858578436 0.393274175594872 0.675613866654027 0.621706033492885 0.588411390319828 0.489379947670914 0.524654331607563 -0.0628809523818511 0.693699451661258 0.839246099235169 0.665997978602359 0.69253527354179 -0.0833872628860231 -0.0920266181072167 -0.259608385294568 -0.309515053538605 0.011327738153059 -0.300162252183513 0.665368835686575 0.631402407847724 0.0663912382845468 -0.277348856934959 0.744785799177602 0.805857217145878 0.745740736863359 0.780462989099139 0.538033001308839 0.166026068837453 0.660012122384854 0.556993648098613 0.676503802996813 0.512014149349022 0.538928895981932 0.578882193986141 0.747966029129157 0.389866015140385 0.888345160183539 0.613820692746319 0.594358868578247 0.480332173004187 0.414912914057156 0.0757879581174075 0.754753531317624 0.686929752832023 0.452403243985582 0.320963401299648 0.232941931927606 0.238756397732158 0.274192677351383 0.00584346143996199 0.410574777537315 0.712975261351757 0.5686103950529 0.572140462905314 0.365060420799129 -0.239479348581737 -0.274141891655814 -0.175624282953699 0.679848934455835 0.825362433031613 0.856262331947909 0.876462937020341 0.723584342297742 0.624187110272163 0.696520693654426 0.613701697306421 0.499668811862786 0.524604395997418 0.557155908023756 0.632902299676976
0.609539701185867 0.847440018368029 0.708256919179555 0.620929186804317 0.641193542905759 0.20877217420226 0.65669775409053 0.579664227884111 0.67093318727996 0.3246942497153 0.76603665644016 0.501035373970169 0.71021061626117 0.480298575156468 0.639470669420458 0.379391294481085 0.756913026712752 0.624069008937873 1 0.812137796275002 0.49211779789075 0.292271820856871 0.656660815422537 0.54763609446832 0.445722865319856 0.553326545661384 0.495381948100613 0.301034675161493 0.825337654276476 0.681549187713826 0.785821557263166 0.499849791933923 0.531669470396696 0.535331047471262 0.355744034202128 0.348768260750624 0.473050704642184 0.29169558265046 0.134652040961009 0.556457707021859 0.613287736205632 0.343108865040839 0.521872784440441 0.6302810447005 0.643600048721025 0.585377509756501 0.840822730282877 0.667015627329895 0.674132871624799 0.67474170425168 0.640384540308571 0.677995037233706 0.649002753345211 0.496933951461715 0.58941491802871 0.704782688105955 0.664988583943441 0.766848633303798 0.651432778500709 0.526368323005041 0.695354098414832 0.485423509501919 0.623658751822036 0.651095764300954 0.466871594308024 0.450701526236565 0.686076184026138 0.722391421635826 0.767149537014335 0.561981236440918 0.75648843915096 0.567695083251983 0.609995196465699 0.655176016654367 0.258346280506518 0.247825322857665 0.362134720548394 0.367769084211157 0.813016788019499 0.579055686877725 0.428620544851482 0.622550985255831 0.402244963545464 0.65399566762536 0.562987188319781 0.546199328000797 0.0098032694719943 0.210083815668117 0.593254005121135 0.335953483549042
0.240739165862919 0.888664850067657 0.44744054533685 0.334274469385177 0.352161177080186 0.286749357394497 0.354229267279558 0.303997080413247 0.468751322382467 0.101379298278843 0.529423078876432 0.235133331150959 0.466444235759325 0.208102941534641 0.359295763972548 0.112337558701141 0.57234728879134 0.35559130386786 0.812137796275002 1 0.273379458805188 0.208558854323987 0.386283968332 0.295775486120267 0.153465459825603 0.377395143323524 0.279035143942896 0.420266164439949 0.778839536113435 0.477973420384677 0.570268720007296 0.137668549853521 0.822233172204665 0.826253183194815 0.676060439570364 0.681689347677404 0.736497274504292 0.665669326198978 -0.225189174542878 0.440579251503686 0.770929388760338 0.653619948182381 0.171910744647143 0.314044704738174 0.338365471809316 0.269370086584206 0.785406922619839 0.852624389973402 0.455902681159113 0.513432554581988 0.40704966002511 0.546219094267489 0.498958991554865 0.232334507386964 0.308984082743737 0.796215243195714 0.404975886574894 0.751214462556875 0.486166469810894 0.342775202083052 0.668834739254036 0.495539506220577 0.491043683702781 0.57236798841831 0.245584297465178 0.281984665919124 0.72952066425229 0.762673308482363 0.915945151996861 0.860263679474355 0.759846999048076 0.257384909968898 0.580685858141907 0.672829970721775 0.188848267825957 0.611163340877872 0.723631310313914 0.728655507982777 0.716006508231175 0.352565648411282 0.0810661245522019 0.318571067818881 0.0112773602045986 0.537020224439328 0.274431747561003 0.283155444438268 -0.418807955082943 -0.0842730325859707 0.391755127580622 0.0125144155419195
0.639578750867585 0.403312126798477 0.605829869246251 0.564845746735431 0.544795371605358 0.0753865616260267 0.566410009698049 0.503220172983038 0.489655187693729 0.384813614777068 0.514372624616267 0.52953225058047 0.537268584210387 0.560557684602839 0.662716293796162 0.559995961300574 0.568160780816478 0.616126858578436 0.49211779789075 0.273379458805188 1 0.293294813354924 0.684600695000768 0.684050748338328 0.672004687408196 0.614271596705419 0.570321885760092 0.105636830102329 0.484578045577158 0.584793567533658 0.606898738973096 0.688090102308113 -0.0125621790496095 -0.0262991445876052 -0.10212473799186 -0.16493982971569 0.10154565575324 -0.181767634136065 0.563493512211719 0.532646669023585 0.134790877348828 -0.124080705169354 0.573590402178408 0.64719036202233 0.59286025618719 0.586070195538999 0.4373677283506 0.143452896354231 0.497832220579057 0.448933558557004 0.566812631522131 0.454160594232075 0.450165412109 0.461545471450293 0.608100718932446 0.325839117973856 0.59725968613196 0.390933639299258 0.46437372137429 0.397734778802929 0.314236574506009 0.175416505843161 0.462981804754782 0.385064361948663 0.542056820272813 0.395437870441949 0.326974491114918 0.282576517963901 0.192282660413836 0.0174898592962445 0.368369781748498 0.639896746619084 0.372557985859602 0.405670904916807 0.177140051569765 -0.193113904360695 -0.206417664500457 -0.123681119401143 0.531510844899563 0.582361556531195 0.643752464494664 0.660180439814703 0.656656518360114 0.536085237719282 0.665773705568794 0.570317336386544 0.427371370214893 0.550118258236931 0.499174638678617 0.520922100465688
0.326086527777532 0.30303570166386 0.299618783960213 0.308469836961979 0.327694514387142 0.107382199198197 0.28340712516479 0.258846955120261 0.320550621655978 0.20806068880345 0.344620008975733 0.274268305736846 0.291749207849266 0.316409791727223 0.351830470020554 0.355366048260307 0.395316763381684 0.393274175594872 0.292271820856871 0.208558854323987 0.293294813354924 1 0.392720035238175 0.369790088727356 0.442084177992547 0.476876922421472 0.471174088595424 0.162855572832532 0.428429355773767 0.559230490794354 0.451733363453811 0.428104346898929 0.0900940083186544 0.0530603613161086 -0.00771172027849814 -0.0769754053490381 0.184314240382188 -0.013897499744585 0.266566089074507 0.293224062723327 0.0873247279768191 -0.0217429100160574 0.380271396361831 0.411108166780877 0.395934791070312 0.361610855549013 0.335925623715803 0.125600298348525 0.286742602308848 0.260037496625634 0.376514130561302 0.278227485575434 0.302188083750765 0.27196164549386 0.362872240556436 0.334370634395794 0.324180237847708 0.238172397484026 0.304642779003379 0.234287743783881 0.222418255764187 0.0960256407854721 0.346469790986433 0.28483178069046 0.296130819124675 0.310874113606618 0.228608971967173 0.207311636011012 0.193222160499179 0.0366227442041926 0.31396490933438 0.26452909795949 0.285816397041516 0.383313658706345 0.437985029542961 -0.112662702981121 -0.0345257717829657 0.0449370377278942 0.341613085995958 0.51678706690256 0.445030358688001 0.410896434132776 0.155368870113767 0.483421306059519 0.34621853535395 0.368090826229959 0.0876539924690757 0.223330100606718 0.308109695403646 0.306749204568094
0.821443693219868 0.556457891122527 0.909681282259801 0.805684097076719 0.816461508886922 0.242029616783994 0.822170326452095 0.714642146049323 0.739112490725961 0.517182716202388 0.706253870668687 0.628017536531556 0.75966199877906 0.729044622300507 0.875297466946534 0.773605321194916 0.678698315897681 0.675613866654027 0.656660815422537 0.386283968332 0.684600695000768 0.392720035238175 1 0.914243641369949 0.824511806741223 0.794816567750756 0.698541257430109 0.224767438942011 0.562780141337144 0.652415295819418 0.876287675785661 0.859918094001544 0.0617524217326628 0.0508884041723768 -0.0299531213172385 -0.106844847149159 0.153291604534016 -0.184416642554252 0.589852518655454 0.583974571649352 0.248453163514757 -0.168440383713367 0.788133391228343 0.805103270270909 0.814625953637415 0.780642064826843 0.654392120064437 0.273566245947724 0.686550347015589 0.674933273723332 0.751862195136838 0.661146470656453 0.646799986557775 0.667179961986276 0.7575052480737 0.427526996913684 0.724745730720577 0.558647450112374 0.669501769296001 0.583346608461444 0.568727869294558 0.408638920584845 0.540910761669216 0.546775216547795 0.853446161346411 0.660694720218295 0.542478258556385 0.477965534329567 0.327203644039765 0.0773299173405734 0.631688410622605 0.773251440254654 0.476415621052607 0.57014719635676 0.396158961598015 -0.178049092615394 -0.147113373473252 -0.0975058430314509 0.648554053712682 0.701319604568575 0.699038215726514 0.791571187697639 0.657821802055135 0.618351096743068 0.894884072021046 0.825520750191922 0.461012746288413 0.630461242942126 0.739350309245506 0.690033096458737
0.774199620773813 0.469896142969125 0.807984001510184 0.826246677527592 0.750148921286405 0.270447970983409 0.762348996927855 0.746939115608279 0.692678070750002 0.601731906793495 0.592693585335509 0.645469245481809 0.678093779390468 0.797426140911921 0.8317204087841 0.844605428462651 0.592799630744646 0.621706033492885 0.54763609446832 0.295775486120267 0.684050748338328 0.369790088727356 0.914243641369949 1 0.792776130419457 0.796873235444213 0.665170622294468 0.175088635754623 0.480053767377243 0.60137560150366 0.771328307594387 0.879308064084588 -0.0197721577322289 -0.0226951067011919 -0.0982665388537695 -0.16056405757126 0.0723043088642899 -0.239762377508797 0.623683756015522 0.577849562887694 0.171809282250556 -0.227871637097255 0.761871958213412 0.751474877721503 0.757461543663996 0.747983627226701 0.57725726547237 0.204179121774572 0.65082691879508 0.626679821109024 0.70755932645431 0.613765301003713 0.621829032550639 0.666294400416201 0.725767169748299 0.37727271791005 0.661929611844051 0.451043476996462 0.59641076594739 0.54668100426005 0.470378655029317 0.430571955695203 0.44118637398946 0.459448882748839 0.792455282246955 0.689379998501347 0.434572696613108 0.392420210349312 0.233049007219079 -0.0138391489902626 0.555005020032694 0.777442690953114 0.437458161574539 0.491616014926506 0.35309904119522 -0.219754301009706 -0.227577448101547 -0.167347266004706 0.528329518444955 0.654436670991419 0.678164580148998 0.774796615663574 0.635563939411709 0.583584073069813 0.836913409696906 0.863400330961984 0.49455632848482 0.710971423849775 0.690123314238758 0.725521414074499
