1 0.546869212270152 0.303970817094408 0.21329866133967 0.188686031592264 0.273834110104477 0.563219263073786 0.375875276902305 0.404436549260427 0.193316168542273 0.695106958206727 0.496549434445423 0.561372468770082 0.319710473785278 0.290791635557731 0.0492595108587749 0.223645208672073 0.355890808618856 0.52209275679169 0.311060965394139 -0.0913544141544939 -0.147797774355585 0.07644159959137 -0.129865567435379 0.0756758645306223 0.0415084779038038 -0.0974393505219664 -0.00237911324281379 0.417252461777484 0.381783324309539 0.0875121809305569 0.0292374233171217 0.394300486903312 0.1845623893432 0.0210468966514018 0.109424964280633 0.168996616967683 0.0925989038493896 0.179370320930555 0.0435320699216171 0.257081041209313 -0.00664883077651013 0.343206497227602 0.33518163180438 0.281136828712455 0.376039096549419 0.328533164943013 0.338829703521347 0.379004663726972 0.494534532722471 0.442047110545153 0.443642858735056 0.316004155490076 0.182257565021599 0.380384895347143 0.301798768480975 0.550859640242424 0.561497263917725 0.735185212541136 0.579610845494175 0.741333129122531 0.288128164222735 0.248014578958987 0.276905190052061 -0.0916803444625588 0.0386846031597135 0.220830689373527 0.25825652964943 0.247739010398083 0.278445232522857 0.356325070536133 0.309889511976088 0.341170809605424 0.334527823811901 0.154846150441634 0.309856831637195 0.121444663074648 0.177070991344509 0.111890044948033 0.274755666010211 0.399639618578638 0.265609403192353 0.110822083450231 0.0667553172063376 0.0780059085308556 0.159457738956158 -0.113353789709159 -0.120383512857644 0.30424380324739 0.374405029830636
0.546869212270152 1 0.301311045553857 0.184494663649918 0.189512208940071 0.209868550557212 0.393702886416397 0.209012714554967 0.246829589498421 0.169703457212164 0.438613423846317 0.315453412865991 0.19683516792043 0.147586289906143 0.0694327564670177 -0.000810789383043549 0.455004564837588 0.479745173284704 0.37543183882377 0.519553085937744 -0.072389642842432 0.00893227892865274 0.150715090904035 -0.0424909251596911 0.214459128821118 0.131876408911629 0.117316837647939 0.0601446150026977 0.419369531729463 0.499603966262114 0.141571868541184 0.033835449177925 0.404448979239139 0.259660456327459 0.131016851980692 0.18082045548173 0.135739345212445 0.0899456187545717 0.129544316318854 -0.0499440917812148 0.340063786074321 0.298937179836495 0.417148267493158 0.485333424188963 0.412492044107774 0.447795040687779 0.46007094398282 0.360927403836991 0.502952135911719 0.546279569957414 0.579040683759544 0.539404290089 0.495086752886893 0.396870603607777 0.368849017040485 0.37123806649756 0.629757472526807 0.678986264676907 0.556083069773377 0.48901888461251 0.317710465770798 0.181388007548989 0.402505094523994 0.439418705388575 0.0119765098536871 0.00945355435994132 0.260780427379195 0.269701792222427 0.309268859013416 0.472893400062891 0.352356170758757 0.309899111100266 0.437165694800849 0.390632234544098 0.0508243982037044 0.164859635509777 0.187358719424107 0.218728284657418 0.121532361371489 0.301507194062254 0.495403103687469 0.412770204916908 0.182656151465497 0.285409461113558 0.155137504429392 0.19393719586726 -0.0429617841108587 -0.0642763698976982 0.231368312985837 0.316550358120028
0.303970817094408 0.301311045553857 1 0.537457331599057 0.410288848634102 0.2826752611003 0.759824178166609 0.264337686344135 0.388814085790686 0.0880981279122718 0.0855702014834457 0.064810708208993 0.314842865682329 -0.031787629473436 0.207569008405006 0.0743688419278274 0.0391716461787555 0.162472733675546 0.235252093273612 0.0765193910833833 0.398613325798549 0.217740937604161 0.711355391382264 0.476958656948668 0.566457058990705 0.535705947005802 0.414341297151433 0.336444774230212 0.0523208840582817 0.0780963105750249 0.549091619481025 0.477196274514328 0.498548894260162 0.257481000759326 0.648641209834422 0.374175350941588 0.201119283541841 0.284851854051256 0.24650029428498 -0.00155302259203377 0.208177914409161 0.234906526999897 0.242773095079797 0.247062907299395 0.288746100810023 0.213570017567507 0.135024422397984 0.291617038067679 0.173539422246497 0.243303987017883 0.393947402819913 0.287154447558642 0.229478891057565 0.266810520958712 0.305935001940608 0.238568036061724 0.24067177362233 0.351579376355374 0.24997888420998 0.186789706535129 0.378383812832567 0.16373929968492 -0.00513596198514853 0.0726311303431245 0.561170569426251 0.394111683189823 0.605079701665908 0.316959030527029 0.307221088805231 0.318686629352437 0.354118609852161 0.291726400874026 0.210745737231827 0.207118986167952 0.116201675400386 0.153837165282038 0.0982785648331022 0.250277293727963 0.088785556971056 0.341247984700137 0.382292999117118 0.545650835702956 0.167323800130265 0.429183538125905 0.545738231821027 0.382484822072447 0.290221720778192 0.109548835790979 0.415432399408548 0.276571371259252
0.21329866133967 0.184494663649918 0.537457331599057 1 0.324704291265986 0.415738994856211 0.533874510036669 0.672876875535339 0.292310489534218 0.236812548109682 -0.0575234295370855 0.398266079319015 0.275970810271056 0.247355342367585 0.143735024253683 0.433383700147242 -0.014737144380328 0.138878353509612 0.0953383529875282 0.129969346983318 0.183263737098485 0.237334855169889 0.39028826395441 0.704379897086248 0.244867666665474 0.6473155158764 0.289227468188312 0.426155144867949 0.0285154054806261 0.109080354303439 0.288926806526741 0.653320453565915 0.266372588170235 0.47367354635431 0.436659426463262 0.546834002097408 0.197376232541743 0.258908756818572 0.307167946111334 0.100742571172272 0.198836801430708 -0.061245769176061 0.211506135045848 0.186651219648265 0.283224017989903 0.201911211732018 0.125492113811592 0.290912677198905 0.0884930859981061 0.100346958737223 0.297454045548097 0.308567571717698 0.0729149887794986 0.142980442138909 0.291581508333877 0.33403309620595 0.243358719483936 0.263151761951603 0.163805860167539 0.202069929136876 0.264734866480639 0.444903791169862 -0.173485167892549 0.0158455917195124 0.42762288979392 0.791606319462201 0.538042964782691 0.559919266888167 0.215279504417551 0.140884443480708 0.207958571098054 0.254148303203359 0.104875417156294 0.0774715696830198 0.0405640952391005 0.200623142756699 -0.082102997565427 0.413911664062926 0.0556622896406619 0.224597976280759 0.199135319203934 0.564935631240186 0.123179569930354 0.375112581310035 0.335153792971184 0.730029509437612 0.144287690349039 0.168640472065684 0.192111877647563 0.403568980099073
0.188686031592264 0.189512208940071 0.410288848634102 0.324704291265986 1 0.522258963250572 0.500411697852227 0.425901789459062 0.784880833233048 0.555521780851499 0.140963419914935 0.182186179394157 0.384141159746371 0.150017364135623 0.346667736523038 0.151454589143655 0.113547867650702 0.226776577749521 0.379348008428097 0.0812262352553173 -0.0646124697866445 -0.0327192392898786 0.457132368729858 0.258505336479698 0.112665681418325 0.220930243258298 0.243936845624615 0.185670608100831 0.226600802619151 0.169051672488447 0.220352924377499 0.208272982456351 0.299692509633944 0.143928544422764 0.143816292367387 0.22898677898157 0.0705787485339379 0.0561142534481021 0.0871271337087123 -0.00454316889459406 0.115710616296582 -0.062716593888805 0.0618247218227714 0.0730221008026083 0.0345342287613339 0.0976218877101374 0.0464207981106363 0.0849227610539087 -0.0172014490318182 0.0939623120398396 0.0549532068452602 0.145477013525296 0.113598694803548 0.0660107309922141 0.130526197495298 0.15620154166419 0.115055975062845 0.133157032622839 0.0903583691680016 0.10982646651434 0.217650297365188 0.311335354982232 0.0312257224594034 0.133107023428894 0.239033046907904 0.163910242795716 0.0915596734002633 0.125010727347764 0.103296383022461 0.017779623910726 0.101507695232097 0.122003357376665 0.168856622170321 0.0588227593458599 0.111191239585574 0.107366581515421 0.0322737395874825 0.0331956712648981 0.117616199946172 0.193904938992253 0.195555609996051 0.156188377149423 0.0871095289355641 0.00169501371846428 0.194419896637938 0.102391780707461 0.0369627052556556 -0.0413940250876344 0.250502005474737 0.241861379226118
0.273834110104477 0.209868550557212 0.2826752611003 0.415738994856211 0.522258963250572 1 0.407989455828275 0.662709311591377 0.677541575595288 0.729002492671226 0.0644327002034615 0.338667501915272 0.171397742759175 0.256129661984342 0.0681506924749386 0.120385877779415 0.0602273577969838 0.245307415284042 0.21063050906327 0.14948911045093 -0.210514617912102 -0.029756581515306 0.132818733515325 0.11114208340344 0.186940026249674 0.438593712996517 0.127200146281704 0.0835994344104704 0.27675991649851 0.322443018045602 0.264898767224068 0.266319776553521 0.317410195341741 0.418235217273613 0.160093866965602 0.390589808738926 0.0962919157017664 0.162360481708328 0.0779425322594737 -0.0535047410987703 0.107615894833644 -0.141740452482937 0.251061211125544 0.21230958430692 0.242728726702686 0.219195099940033 0.136543236982512 0.253545206372831 0.190568192295768 0.239032753339789 0.217081790211042 0.30576152446897 0.139794153491092 0.249587550380797 0.115934819699332 0.21921101564399 0.140786990642331 0.160782655691289 0.205766678944149 0.156110168677404 0.280753727829742 0.442075538896539 -0.103517558871362 0.113453390375709 0.0260241371209948 0.336708934110495 0.153150505186968 0.282989626878271 0.0213986013260987 0.0168582773952667 0.104661216320153 0.178205998148632 0.0738317051674104 0.0193723000136878 0.0667733475871323 0.0820334683317805 -0.0274607498690756 0.103867753680293 -0.0742134621316587 0.117180664428167 0.173618793487121 0.205425567599992 0.0436895570144797 0.00823415573490729 -0.0826541176512388 0.14225184576714 -0.224579959411322 -0.234740094669231 -0.0583993283578119 0.196830508894568
0.563219263073786 0.393702886416397 0.759824178166609 0.533874510036669 0.500411697852227 0.407989455828275 1 0.54455788752157 0.580999184671539 0.274473627001379 0.343016443242872 0.446159082116939 0.560960853731295 0.343042300585353 0.316030730441327 0.152443939547754 0.160098333037758 0.297674762383278 0.429794867481965 0.200654883382369 0.171003706554879 0.054654267807077 0.51988425017947 0.275412548434219 0.293313887648297 0.371165450026818 0.154795048255664 0.186347635414489 0.283889999191208 0.27456679322915 0.44314764349119 0.377331035546948 0.541861168597753 0.387114520486188 0.34020551126416 0.310606032983031 0.221414185178961 0.177275741511298 0.210668816485847 -0.00279830272887644 0.193658358123408 0.14422474585486 0.377623582436555 0.392135620576205 0.388465998674978 0.39997194308595 0.329454029041236 0.440674737537605 0.340215765684738 0.401038884947297 0.52756524366666 0.478863074951675 0.245497021528609 0.194493128778804 0.419908597614375 0.345127229603196 0.25906541507145 0.328775503089237 0.423868000765909 0.393527422001486 0.596292976768883 0.456570925380116 0.149321084913082 0.312498577026693 0.295043675700327 0.357954520401767 0.472452913663572 0.42182589081526 0.219956290812959 0.198579565931274 0.376998970167755 0.312289484696713 0.33729943096976 0.298865380221828 0.193876451196131 0.218346865252133 0.139799959536868 0.298356012553261 0.166623565510799 0.423950729122031 0.451357154620166 0.466539764679077 0.0532126925547661 0.177781777773508 0.32899296395323 0.357508473993571 0.012072007390171 -0.0830537413965706 0.377846104452034 0.351381519506622
0.375875276902305 0.209012714554967 0.264337686344135 0.672876875535339 0.425901789459062 0.662709311591377 0.54455788752157 1 0.506876947981428 0.529494312086857 0.100795355086127 0.542169431747336 0.291516899151966 0.449548181430541 0.0466066287238412 0.201503584569157 0.0390282604557301 0.17679028446277 0.203060847735916 0.113561045633791 -0.120063346048126 0.0332488651471084 0.0584121164358267 0.283730069274904 0.00866227578642506 0.421186916392567 -0.0446887390408469 0.0733488592255482 0.147779305687818 0.288840078703782 0.144763953599611 0.392063127498946 0.140360328117565 0.419801431490783 0.079213840535241 0.393580193387324 0.0683157650339866 0.193033570258392 0.107596783512773 -0.0178579257141339 0.0626290777709847 -0.22721408890053 0.282867879332165 0.257100477774774 0.300642515422826 0.288428286667106 0.212496075903434 0.336020696566444 0.253938942089635 0.271636268948247 0.287287463721999 0.460886846019922 0.0558105365524568 0.212458286257687 0.136027313759318 0.226778874296871 0.138753120317418 0.173992161666798 0.271617173460305 0.293125987161358 0.407916027357646 0.709426676031481 -0.181560376757275 0.115229038797866 0.0638921548481704 0.633063606453271 0.234149007440295 0.510844470021258 0.110447848032849 0.0900136693541126 0.143437849168823 0.211167222487215 0.0632385882289655 0.0216980846260304 0.0238670996375421 0.18839406771479 0.0262205987696872 0.218031348032591 0.0503902066544543 0.174304304855959 0.131284594580528 0.270332619416307 -0.13991268641944 -0.0261171886355433 -0.0555305867810808 0.359004203927077 -0.261008651431391 -0.272551090627986 0.0311104023290024 0.239321443336343
0.404436549260427 0.246829589498421 0.388814085790686 0.292310489534218 0.784880833233048 0.677541575595288 0.580999184671539 0.506876947981428 1 0.670383554325073 0.264193941624969 0.277701788762794 0.402898174089904 0.163168031197603 0.257875742410137 0.0276312179772411 0.111297136298729 0.289672805216534 0.435310752261753 0.11220275552161 -0.175566359111405 -0.13310120424212 0.354250235628812 0.0488275599360984 -0.0029517664809676 0.179114507755242 0.151397182749688 0.0688821800084617 0.324837090196289 0.23383763971312 0.270400292116834 0.19347345620752 0.358355556288049 0.226523577454915 0.0683402858943254 0.234253405238259 0.100655090537885 0.0400554200118857 0.0490587371167384 -0.0930047892314649 0.0908751722300313 -0.144516862027026 0.18307823881166 0.204365020011233 0.150147831368 0.237025782922388 0.142796741884315 0.178479362481598 0.147832217179984 0.290156720351386 0.187774274052544 0.269485564342873 0.202606085266905 0.17280576643025 0.204563352307717 0.17350063908079 0.189215458348616 0.191251696841736 0.258395404416366 0.206928106817993 0.379659930564774 0.417239644386952 0.0468883504077722 0.154389271414142 0.070610906544636 0.107665787721496 0.0517082989665903 0.124004736399517 0.0106980853165463 -0.00119787590087641 0.105005198878025 0.109345328780609 0.102781734227241 0.0390247037050645 0.137838789907799 0.0648146601902691 -0.00544542896544339 0.0164905980013597 0.0282091402966039 0.284586311045887 0.2989803381305 0.227883622684108 0.017745011466912 -0.0468913662760024 0.0288746295278192 0.0314293011441352 -0.21820288514965 -0.214878309895192 0.137481250939108 0.269671652633719
0.193316168542273 0.169703457212164 0.0880981279122718 0.236812548109682 0.555521780851499 0.729002492671226 0.274473627001379 0.529494312086857 0.670383554325073 1 0.136253753620043 0.34525915728956 0.168272299037126 0.358039461505958 0.229956550637869 0.248234430729996 0.133531600246977 0.267464336705198 0.215690789166779 0.109573253062638 -0.152961804437487 0.0584735637935305 0.105946552679198 0.133708408908657 0.120993018347544 0.325349760149808 0.197018837236417 0.0832909586294646 0.277450956763925 0.340788741128097 0.253781701845731 0.269833564772617 0.205771610041395 0.35002367709174 0.0182414177622632 0.267936955897021 0.0917007318241885 0.143662115042828 0.0644985725886675 -0.00155164322812704 0.151327279036761 -0.118507433139411 0.214600220611509 0.210690343783759 0.156586273119181 0.199963861424421 0.145391277276671 0.202068125147153 0.148995412929162 0.252373643709219 0.126345949690142 0.26887356344227 0.104180762520125 0.2095021808714 0.149416177003415 0.218114984760069 0.0990527357977428 0.0801088565139241 0.118740199230658 0.180706801358685 0.128707002539242 0.408648320007927 0.0396376418099868 0.236236728095991 -0.0652445743849639 0.161657840704947 -0.0256083513452537 0.163890422405554 -0.066579964342741 0.00251590560496306 0.147868714767109 0.188182539362687 0.108688150784454 0.0611079386836692 0.0514355006033929 0.135953271485174 0.0736979838285024 0.0361567491870166 -0.0360882364618948 0.163222762469721 0.194505104895613 0.122359556010436 0.0336598682718566 -0.00256054778294031 -0.09398582041375 0.0408670545309554 -0.128535187133952 -0.201360487781599 0.0624088799197348 0.215617461131255
0.695106958206727 0.438613423846317 0.0855702014834457 -0.0575234295370855 0.140963419914935 0.0644327002034615 0.343016443242872 0.100795355086127 0.264193941624969 0.136253753620043 1 0.430027396984257 0.605083536767089 0.391237865767488 0.365030236922531 0.0294068763559922 0.32473066624348 0.401216485199622 0.494169031108206 0.263630519435342 -0.139269865129672 -0.092944650447623 0.0126568439094943 -0.237981647170158 0.0055635015184527 -0.178225753326661 -0.087107857744804 -0.148427083715414 0.446330094987689 0.331605263796244 -0.0391985521923354 -0.133121418050898 0.236692759616996 0.00629610595408979 -0.136871132836616 -0.104611757364 0.0566169783573301 -0.0584322812293496 0.0465038812415672 0.0142156332207978 0.199223824631703 0.123110720938807 0.23689768918173 0.283192362456694 0.131124989612493 0.28047408236429 0.311982598456079 0.24907983772986 0.287339397848891 0.393861685011312 0.276486272454003 0.325990832677702 0.276448953010922 0.0308299342384805 0.289044976366029 0.16572989599132 0.406782766537525 0.442138830896724 0.569058378062874 0.533522836966042 0.53613003621736 0.122809844931626 0.52858480847708 0.428271505154656 -0.213964554208318 -0.240963506524921 0.0386995459917004 0.101735712435357 0.122148891603605 0.146367179316741 0.23685393325199 0.17024252141335 0.362300331642615 0.311889796672982 0.214305671364973 0.180835389658353 0.133429374290538 0.0969886514120319 0.285426820155763 0.26323015943562 0.410091822360762 0.112762192741054 0.170036547499285 -0.0828820164169433 0.0350503570223785 -0.06538735613979 -0.084470087217121 -0.145266156587628 0.301795124743373 0.15418163044424
0.496549434445423 0.315453412865991 0.064810708208993 0.398266079319015 0.182186179394157 0.338667501915272 0.446159082116939 0.542169431747336 0.277701788762794 0.34525915728956 0.430027396984257 1 0.407436419533961 0.763968142386967 0.242901191890165 0.338050132831161 0.23497404683619 0.354288334850017 0.351458753949839 0.310483021895134 -0.0709320510743224 0.097279016464719 0.0858070177907711 0.197875713171119 -0.0447628889980741 0.168602604672397 0.0113070933763923 0.0929421098942408 0.49446642948215 0.555406861899007 0.154446443335107 0.263706296289086 0.349837353488509 0.4753982873313 0.000806277380570213 0.209889932341187 0.187935674257771 0.0664859006693857 0.174749802945901 0.151794224598628 0.24744404695402 -0.00615214207475576 0.293216027618215 0.273100829354419 0.265799978784267 0.316093333642476 0.378647287550957 0.343779437360033 0.300438440561036 0.345039684823669 0.322223327994123 0.402983927896883 0.194025689525605 0.095046144637583 0.407458134725862 0.310443945165464 0.221928944530709 0.210125876986411 0.41850783859981 0.573857866893613 0.461133946106128 0.560409339554826 0.334589810411491 0.618642294995303 -0.0582075503339172 0.276709905727758 0.227708817251655 0.421681800629528 0.0679410265527701 0.0171542242341876 0.301536107270345 0.319120122354992 0.3896021852378 0.396975679729651 0.176865240043998 0.305974116226265 0.0185205379332967 0.314504333003081 0.185696802983817 0.2456350805334 0.271479133737716 0.199264137216076 0.125292799066601 -0.00229461052706737 0.0259017985674538 0.35993330268672 -0.0453780457825952 -0.0336404285058726 0.174064629765298 0.390569670917831
0.561372468770082 0.19683516792043 0.314842865682329 0.275970810271056 0.384141159746371 0.171397742759175 0.560960853731295 0.291516899151966 0.402898174089904 0.168272299037126 0.605083536767089 0.407436419533961 1 0.44980138588047 0.713579895831734 0.404951186770165 0.0369988887823064 0.184577345541207 0.550856888217367 0.153406000499558 0.0229852933722569 0.0141516411430003 0.360986109332204 0.156245952251593 -0.00110189144149879 -0.00673467693445132 0.0265821914987539 0.138830473578523 0.218787502806412 0.153135929601386 0.000415157414532515 0.0167956035903351 0.306306218873721 -0.0302998726153221 0.00763285926227082 0.0259113678839402 -0.0107658325183358 -0.0282364836285535 0.0862064178875514 0.018574566346348 0.0723501239578886 -0.0782255058608915 0.0679830217814025 0.117642868853764 0.0105276351963553 0.16874627837861 0.135555501231576 0.166770439198241 0.0457821227850003 0.189856332614667 0.135497758102897 0.218456180858513 0.0710356451848074 -0.00556698297035014 0.248421272176718 0.220413983082664 0.254178956927113 0.321094548983017 0.316433456558905 0.299100611716414 0.489960828173828 0.231394453847822 0.184007837359007 0.145207579457412 0.299609514013852 0.0887221211382077 0.13646915121384 0.108130332399125 0.152229810730156 0.130750009020874 0.238736023339723 0.15886511379452 0.202413639397382 0.113027306443402 0.197352530752015 0.16193223766109 0.113668404120264 0.15185080686256 0.227415776006304 0.278424120085726 0.300923055899182 0.270708345865915 0.159680061269128 0.0910996632648467 0.443372296655044 0.275852081523645 0.20114751827589 0.070551742013694 0.519611227118197 0.239156268754506
0.319710473785278 0.147586289906143 -0.031787629473436 0.247355342367585 0.150017364135623 0.256129661984342 0.343042300585353 0.449548181430541 0.163168031197603 0.358039461505958 0.391237865767488 0.763968142386967 0.44980138588047 1 0.469175165285411 0.552131008334445 0.141322511871288 0.228224372013803 0.239564568382995 0.201726778502933 0.0361899330605652 0.268603713123388 0.130652297236506 0.249801392144892 0.0104748355612714 0.187338301812945 -0.0263700182068192 0.117523943385857 0.291082958964326 0.430358598508656 0.202759975506508 0.23740363734608 0.285605166074981 0.388801644235423 -0.0150209596389308 0.117336231700886 0.195740541155387 0.141551980306616 0.184504871564837 0.262586775886896 0.213991712272782 0.152897015924266 0.308942284642011 0.330684138139102 0.301913177172207 0.327524109256983 0.356455750182457 0.372603628705653 0.278747783589061 0.319461513456876 0.232504763274698 0.322782242221731 0.051975242853439 -0.0240828734427116 0.315495193749394 0.303441337235398 0.0680821453577045 0.0544200537063863 0.278448439798749 0.378457246279928 0.322096693089209 0.38616212932428 0.226821433869377 0.441493211677278 -0.0796731652248223 0.214686827955581 0.139075028092901 0.346548064798444 0.0547713205893306 -0.0171807748714085 0.315450197215315 0.329225633741271 0.322060858943603 0.301861167621226 0.110528931509456 0.218053283774788 0.113989489572112 0.313500261399071 0.176247896492711 0.182300318191118 0.201895846337523 0.0802753222161846 0.117233267761395 -0.0548554993098706 0.0355363319320382 0.265554674887355 0.0919154841980524 0.0276108917267401 0.364288650576026 0.301650176708761
0.290791635557731 0.0694327564670177 0.207569008405006 0.143735024253683 0.346667736523038 0.0681506924749386 0.316030730441327 0.0466066287238412 0.257875742410137 0.229956550637869 0.365030236922531 0.242901191890165 0.713579895831734 0.469175165285411 1 0.630504033901149 0.122221794833603 0.20204444811887 0.348158433185372 0.10950832501037 0.248679038176534 0.180081805574435 0.400890483324573 0.269471182244883 0.107609644974615 0.127466915754778 0.191603937371487 0.322292746804988 0.15978269942457 0.152624721338629 0.11771548316708 0.108605599763952 0.28724158223695 -0.0020494532180451 0.08463466165408 -0.0639512333059047 0.16478066316915 0.0238963136592387 0.257467409338656 0.313173851400958 0.252574434283611 0.122359277042749 0.0152598314033632 0.0673091556389544 -0.0682880751671912 0.0621118372731758 0.0889389992453335 0.118459396057543 -0.0873871905209505 0.0645862077648132 0.00402413844063621 0.00640919507578028 0.0220968091552325 -0.0447383550778371 0.325489708100384 0.274196376116167 0.161093102724208 0.18483001679298 0.119804305804242 0.187389077512944 0.198969636790565 -0.0143921668002044 0.169303143269547 0.121903155259017 0.266632431324268 0.00159075286628452 0.0366482443414713 -0.0278264322764383 0.155303440819691 0.0962257265076205 0.256960501309317 0.187652062216525 0.230218139560777 0.153434911585884 0.196050186645861 0.209896501584802 0.0619115945657861 0.136826228688463 0.197882952863787 0.201474322047991 0.294317124925855 0.171253003474919 0.391286076767051 0.13157712520408 0.48743880459135 0.25855270510346 0.492066291166 0.248121078708916 0.722798834978243 0.321645034958696
0.0492595108587749 -0.000810789383043549 0.0743688419278274 0.433383700147242 0.151454589143655 0.120385877779415 0.152443939547754 0.201503584569157 0.0276312179772411 0.248234430729996 0.0294068763559922 0.338050132831161 0.404951186770165 0.552131008334445 0.630504033901149 1 0.0580806198801075 0.118887424565278 0.0710707607760998 0.0894472998473798 0.296747540243572 0.434687797768846 0.347486146161034 0.619206507523247 0.138015478027169 0.368592223021163 0.280763334978859 0.532037790299149 0.0315992479756763 0.124423037168601 0.191759267595287 0.368935819222146 0.249988483198237 0.192961047277677 0.191426543729272 0.180518344785516 0.139148705935494 0.188190016705129 0.254979959335157 0.34239311159485 0.240664475845745 0.158154305693875 0.107099243145817 0.0991903005500385 0.115401235341279 0.12582140646848 0.138554509573774 0.210311516824212 -0.0186386484872606 0.0350695032344631 0.0301377849627174 0.131693441523474 -0.0737139728350432 -0.0427897038599552 0.252505575934853 0.33923637782061 0.108596793574349 0.0811971439133183 0.00434771109347974 0.092961568408951 0.0135871790722383 0.0995553011057612 0.0160129287853409 0.0387330054698741 0.335558598801814 0.361616313268332 0.155900877061748 0.202118810273843 0.165482553107621 0.0460550138074734 0.265313659533979 0.320375472750714 0.0772201172894833 0.0968141341368527 0.0127240553956158 0.162749760914848 0.0567252934322123 0.313532909494547 0.142441936134118 0.0744899590432164 0.149452412879711 0.259416435896711 0.330715404858102 0.308387808162324 0.445090230877436 0.558682850734029 0.519427273843219 0.375916081129466 0.516677796891409 0.36713925126775
0.223645208672073 0.455004564837588 0.0391716461787555 -0.014737144380328 0.113547867650702 0.0602273577969838 0.160098333037758 0.0390282604557301 0.111297136298729 0.133531600246977 0.32473066624348 0.23497404683619 0.0369988887823064 0.141322511871288 0.122221794833603 0.0580806198801075 1 0.703095939183395 0.025384681420055 0.211175582441916 0.0239088296323306 0.22149972675033 -0.00292824899859518 -0.0334421101158551 0.170807359486262 0.112491570577495 0.170103363068178 0.172140252619978 0.58342546478324 0.532920127855804 0.0930298473169513 -0.0283102071298789 0.412066054569776 0.307648025112031 0.123387336841206 0.191011130421914 0.338203320172645 0.122612544944598 0.21949512328133 0.202371665402993 0.461204872327965 0.377605856214724 0.337731051375114 0.383668331552728 0.382074251964504 0.356212988957518 0.391721278903662 0.279586646429636 0.385358270969834 0.335944103710827 0.382334733525911 0.288895949300224 0.215618809815183 0.193299098873863 0.4219112802296 0.351643041581155 0.474391591812931 0.379590370828844 0.207686478238191 0.255106393810974 0.0133114596100752 0.0306750573844245 0.552469565969349 0.528184899867554 -0.0396469409386207 -0.00521734439700282 0.257015904763635 0.341861369140864 0.182452495186951 0.0518055352439402 0.131576128631031 0.110118999837169 0.37594534975838 0.381770882253623 0.124290119377977 0.167512206770362 0.0773568325274815 0.105127231651587 0.462657647409281 0.423260543877654 0.59208687447828 0.316998675490616 0.419251951081415 0.248342993636724 0.128629169023405 0.166689727580133 0.0148195576221918 -0.0434116544595198 0.135022998190589 0.226484813770926
0.355890808618856 0.479745173284704 0.162472733675546 0.138878353509612 0.226776577749521 0.245307415284042 0.297674762383278 0.17679028446277 0.289672805216534 0.267464336705198 0.401216485199622 0.354288334850017 0.184577345541207 0.228224372013803 0.20204444811887 0.118887424565278 0.703095939183395 1 0.219435480458867 0.252349086643906 0.0781131435314549 0.183359770544933 0.168917139786768 0.0915922622627633 0.268315379479506 0.247469248947332 0.275952218743777 0.32319010607662 0.689539898430451 0.704169748401437 0.204922615395921 0.118972652568049 0.581916132656178 0.459147664586398 0.26695387652053 0.383346878174936 0.558300515436104 0.282869256108541 0.396150085163439 0.282598398063697 0.543860400329805 0.215775207761385 0.378909916996947 0.383085713260936 0.374083627929496 0.402471318081377 0.321880176601702 0.35410768670269 0.387182238563658 0.369612671361898 0.432377062377885 0.337859544481454 0.293844151324994 0.329133780016878 0.540640118509416 0.409664745566993 0.621106114249517 0.559041057390774 0.30896959293566 0.347791914183617 0.188521139202059 0.110123924995688 0.509236022714676 0.547850618418174 0.00575372821523463 0.0790450072618921 0.350661728138568 0.42206949477938 0.184454025690837 0.171794067827321 0.168185624480055 0.112818774855395 0.453641193375047 0.490927336824759 0.288271037691697 0.191379924568081 -0.0448164947451565 0.200450947419884 0.296669677636998 0.535991651776774 0.660340606169799 0.399586180919843 0.505427359716633 0.296678371142961 0.105653911224548 0.234665129510343 -0.019494686360676 0.0127170929090726 0.206583193846681 0.34735209396933
0.52209275679169 0.37543183882377 0.235252093273612 0.0953383529875282 0.379348008428097 0.21063050906327 0.429794867481965 0.203060847735916 0.435310752261753 0.215690789166779 0.494169031108206 0.351458753949839 0.550856888217367 0.239564568382995 0.348158433185372 0.0710707607760998 0.025384681420055 0.219435480458867 1 0.492322851202652 -0.210213804323831 -0.26852727506985 0.330640359165257 -0.0161401771334688 -0.115802774171287 -0.152244616376752 -0.0267628261437106 -0.132483213772641 0.408993928777885 0.327595376208325 0.193022955151693 0.0734145375154545 0.430004868030832 0.112510225709179 -0.0857006252964734 -0.0151794362768476 -0.0717292630035346 -0.0981174146022063 -0.00322902440699152 -0.00382938266084155 0.0756375441593096 -0.00770818523279129 0.143917000390256 0.154347511476922 0.0300795418130099 0.208942358220954 0.272260794082276 0.167365534317658 0.171427596354151 0.290672672992193 0.159129259457617 0.232230443307786 0.214526393539086 0.0837651669947496 0.184349166710777 0.186842962936297 0.233665988399056 0.253901036775696 0.316680502535303 0.248720751094238 0.360068494896341 0.137770649381555 0.313908842602284 0.183562746170355 -0.00613353177519223 -0.151140409179193 -0.021329204705958 -0.00350292541009631 0.187658209621233 0.20369941271036 0.373238107804906 0.219660972266659 0.383222771347007 0.215894386922217 0.347689211172944 0.0969351849083096 0.13341612778473 0.16984179184528 0.151314367400885 0.258602338350216 0.237897142549434 0.154185226056374 0.115601968262065 -0.00209302413436518 0.134411618502808 -0.00499689275654786 -0.0136394849732226 0.111453891454729 0.335411048677641 0.223856023528929
0.311060965394139 0.519553085937744 0.0765193910833833 0.129969346983318 0.0812262352553173 0.14948911045093 0.200654883382369 0.113561045633791 0.11220275552161 0.109573253062638 0.263630519435342 0.310483021895134 0.153406000499558 0.201726778502933 0.10950832501037 0.0894472998473798 0.211175582441916 0.252349086643906 0.492322851202652 1 -0.144596498283872 -0.099227309433444 0.104777924337979 0.0277075631046614 -0.0675584174505919 -0.0141513722594658 -0.0600045197321717 -0.0822359886035825 0.305823181538029 0.410034124797861 0.226138146258869 0.148828015380791 0.306937413669552 0.32271665745793 -0.0704202104665599 0.0797815136320921 0.00457521776832383 -0.0776626332937424 0.0155691962956682 -0.0617260881412554 0.114263837564476 0.0948350573454186 0.223170443993242 0.303338369771358 0.22833085569426 0.344578338020238 0.3424813577875 0.233652918095419 0.307136499792482 0.323001788688843 0.265334788781555 0.251407716478577 0.286142635741953 0.145459670167557 0.23201564042358 0.261495818981791 0.275781091212591 0.235743589502854 0.268359554182144 0.199257653812198 0.177363965210522 0.115020101378499 0.309895252645926 0.264269287508542 -0.0998935848240018 -0.0649313176931023 0.076308370044755 0.127281628631665 0.309885295788694 0.277013328623136 0.263450094332925 0.2064964640208 0.44388173365421 0.261431427720166 0.279574027020941 0.147384332628302 0.211902934474472 0.286989450348518 0.12010428511485 0.226832829145242 0.33184222311047 0.254055739865438 0.112351259706171 0.166942876344713 -0.0376762415322144 0.103656156033946 0.0416661480848672 0.204013536379032 0.114960713277376 0.276441232603985
-0.0913544141544939 -0.072389642842432 0.398613325798549 0.183263737098485 -0.0646124697866445 -0.210514617912102 0.171003706554879 -0.120063346048126 -0.175566359111405 -0.152961804437487 -0.139269865129672 -0.0709320510743224 0.0229852933722569 0.0361899330605652 0.248679038176534 0.296747540243572 0.0239088296323306 0.0781131435314549 -0.210213804323831 -0.144596498283872 1 0.523674346809193 0.417490841510551 0.451386866280446 0.513816386574583 0.460568013875993 0.421118508389265 0.447064928449033 -0.137543075038129 -0.00595339587198087 0.392110861458163 0.382263990531736 0.188663686358042 0.121758244142898 0.542422688710879 0.216725750683847 0.333539301562037 0.30700520082332 0.368228321294803 0.290120895356173 0.267739095266753 0.262027977617625 0.0481613126541163 0.0462508530634254 0.134066818926139 0.0332244696708372 -0.0629124093405992 0.100055678198856 -0.0540123739432528 -0.0857050925435069 0.0957156699501899 -0.0192270003851871 -0.0892211386466589 -0.0522851894134239 0.188136430645166 0.0397442328298207 0.0407098164424752 0.0710527415587396 -0.0164476220348876 0.0261579516964733 0.00810433913964657 -0.17035825428062 -0.00663883228213021 0.0346219002990994 0.388308347226583 0.30796708262542 0.451154429230003 0.262838890965896 0.126475411494457 0.127216655374265 0.230479742967541 0.182116823825013 0.11728016121175 0.235035794745165 -0.0390645837273267 0.066904373845184 0.0790887240826484 0.136930601388907 0.0649153316091166 0.148315462977602 0.157730978469163 0.20085130835065 0.247479968435355 0.31710543619961 0.388862941771038 0.308486451772331 0.534229670668432 0.271197359389934 0.358092673047573 0.0325898811802682
-0.147797774355585 0.00893227892865274 0.217740937604161 0.237334855169889 -0.0327192392898786 -0.029756581515306 0.054654267807077 0.0332488651471084 -0.13310120424212 0.0584735637935305 -0.092944650447623 0.097279016464719 0.0141516411430003 0.268603713123388 0.180081805574435 0.434687797768846 0.22149972675033 0.183359770544933 -0.26852727506985 -0.099227309433444 0.523674346809193 1 0.337975583655069 0.532252809097724 0.457566302075574 0.508760771951885 0.403473179993064 0.486094115395206 -0.00150576153042272 0.151085448970787 0.358217252379252 0.393960433446533 0.247655686539006 0.224126514323537 0.483451129125786 0.371245199783689 0.337068287811936 0.270279779452093 0.270575361061155 0.222114568910307 0.2906837322207 0.293469708675392 0.218632086859183 0.194822739546845 0.309257809091991 0.183183347387712 0.106829048933022 0.261243074379207 0.120295851024969 0.0596647231279196 0.101716236099604 0.141656988878624 -0.0746682055772206 0.0677780199509457 0.247903024225217 0.256940270025656 0.116251629901974 0.0789931820020865 -0.0440353440461923 0.0258815240051391 -0.119859168931952 -0.0772131923071296 0.0059149175453962 0.0726519584876179 0.374189678943562 0.403936833278255 0.425124500797803 0.377986451223107 0.0564475388212232 0.0552175377801372 0.181511402690578 0.262483858493789 0.0543020127182428 0.174626763008014 -0.00387188975541746 0.0979779798734618 0.0469578748668086 0.150836544275328 0.161296615981887 0.122020720750711 0.241725319127987 0.258960647895697 0.312486901722202 0.356357840389451 0.361932658175421 0.422711356512004 0.418562352215738 0.295901177325024 0.220214499380944 0.178500282701238
0.07644159959137 0.150715090904035 0.711355391382264 0.39028826395441 0.457132368729858 0.132818733515325 0.51988425017947 0.0584121164358267 0.354250235628812 0.105946552679198 0.0126568439094943 0.0858070177907711 0.360986109332204 0.130652297236506 0.400890483324573 0.347486146161034 -0.00292824899859518 0.168917139786768 0.330640359165257 0.104777924337979 0.417490841510551 0.337975583655069 1 0.609537618683719 0.432153664732616 0.410643627356409 0.551345740668089 0.495157649831319 0.0997299155704657 0.091474728466019 0.60651232154949 0.472523253098922 0.55292505926887 0.254556193569771 0.611124702112484 0.308751754299791 0.158761620652905 0.161359208923403 0.252299224177739 0.0951121538692059 0.148744418073045 0.242118306511938 0.178518534716707 0.165737021992976 0.193601128164309 0.159476975659139 0.13524934794502 0.22598282131021 0.0398012376196398 0.145228000563252 0.18205679135673 0.184350283480496 0.0851167992327875 0.0571698268217227 0.262451335598141 0.206128959990719 0.200893613598519 0.25098085393796 0.0910285888461091 0.128484452848744 0.191596127785587 0.0847857649407135 0.138030146723645 0.150290305590928 0.663026906181451 0.288372309155636 0.481637011525029 0.234359253278522 0.205694274495665 0.154597773851163 0.41845323646472 0.332412142123413 0.218888649210116 0.189279806024581 0.230609551936228 0.0960598201762678 0.131847896148034 0.263162832930111 0.111133346468623 0.295953552894553 0.307148543566946 0.445657168099162 0.306614915832047 0.394618876539026 0.630677636603753 0.392130736609386 0.459969158326405 0.347637894659223 0.571015148156645 0.296394529106038
-0.129865567435379 -0.0424909251596911 0.476958656948668 0.704379897086248 0.258505336479698 0.11114208340344 0.275412548434219 0.283730069274904 0.0488275599360984 0.133708408908657 -0.237981647170158 0.197875713171119 0.156245952251593 0.249801392144892 0.269471182244883 0.619206507523247 -0.0334421101158551 0.0915922622627633 -0.0161401771334688 0.0277075631046614 0.451386866280446 0.532252809097724 0.609537618683719 1 0.371272270500035 0.628553205550582 0.464732699785596 0.617507068966441 -0.0693162184310437 0.0372671520863478 0.481481858025611 0.713022699592199 0.260752454417245 0.357426682057932 0.554557547798394 0.449665955253887 0.183587269992734 0.273549340587133 0.27681544885137 0.255827184968618 0.174955620166565 0.129128092278911 0.136617211640576 0.0924769109810886 0.194585751158827 0.115187181592617 0.0702105308014157 0.231352402409835 -0.0179203771860798 -0.0135325175083476 0.0865905947636178 0.123725464745213 -0.0426490636668552 0.0374122283182203 0.22209539995846 0.258312509951134 0.0682179253139823 0.0714192039929133 -0.108899479940813 -0.0106679591988778 -0.0522895679473535 0.163662927166583 -0.146295351569987 -0.0184594143367963 0.578563097540385 0.636587349161786 0.475360741203745 0.374312528806506 0.20156190710247 0.123984785849713 0.241978546882173 0.295194314850922 0.0912769609968368 0.120424948526992 0.0423191765619578 0.165753529958443 -0.0199663510336864 0.371763400743629 0.176122371027456 0.188784662034932 0.142684958096223 0.449970340773481 0.257846148525054 0.492266920962286 0.522451712800762 0.66562955934903 0.518278972850068 0.4905892467412 0.371860694297819 0.353825546998586
