1 0.85070006244079 0.784446531086752 0.713868433721632 0.655192972282337 0.367350876102686 0.811805111779692 0.756493493565574 0.715347462648016 0.493158346517805 0.817566568538877 0.828555729961102 0.791531152499203 0.680627044414855 0.522436395677373 0.472474702190263 0.802976152934403 0.772647847061773 0.871306359691543 0.769354779214092 0.390292622948257 -0.0109053790167653 0.69672044811172 0.592552969977269 0.609270331925295 0.57460726101008 0.159529113917694 0.108652401221784 0.764980918705793 0.615017416746793 0.607972140747609 0.528726791493004 0.682249518223906 0.509299311421354 0.572829794927153 0.317698266777016 0.714179094141319 0.560566844130192 0.598934656503592 0.361740735429739 0.699043792657731 0.0945137947997382 0.74151171638085 0.679044080400592 0.654670412528926 0.703773110763238 0.772185256750418 0.759346456126443 0.580154159668586 0.596010700641991 0.769077110484883 0.675325374107786 0.759175453948722 0.633224842113005 0.774310805070018 0.772029795156337 0.878666031667347 0.831057117597267 0.788400172953032 0.710631271019976 0.785111203787819 0.640098027306352 0.727523164337997 0.58816889480567 0.708911785034076 0.551170658196078 0.753968386402542 0.742228126336542 0.786933396967417 0.642106043416767 0.714231354521805 0.728703811051333 0.707540754000224 0.59900521178002 0.520792962482838 0.458400430834492 0.488523753931897 0.614977535467746 0.679110849269212 0.72896394178545 0.80487293977101 0.793645060313089 0.527966017263201 0.319553668180371 0.802600118473085 0.669435707479532 0.419023715813838 0.362514578010162 0.783215840590509 0.548649172184352
0.85070006244079 1 0.647235329850394 0.61407116224747 0.65307893844281 0.19322493452263 0.634410460869941 0.698019545470627 0.606401940412727 0.321822777199286 0.625328924563342 0.678847875381497 0.561556083959624 0.523614290346258 0.256887395910832 0.232293228153158 0.809148589351418 0.851536527281568 0.80229701754672 0.777965555515513 0.316283538737673 -0.0740959308321516 0.54018658181257 0.449527763932323 0.452684272872995 0.450076003001449 0.0946467662337 0.118423595086537 0.636385135940938 0.676963984035801 0.483101862516932 0.486340235039311 0.611850588600077 0.564681530354896 0.418685692880789 0.154005861286132 0.695886641453424 0.529727859233402 0.579834745518706 0.32789924607988 0.61210055851519 0.0851542404698426 0.746596332566753 0.694958864515835 0.684432146170871 0.772957492944238 0.762088721504212 0.770296593486028 0.640614624231139 0.654335131154556 0.766012566000235 0.72355924056512 0.694176719310495 0.604539772782484 0.742112913862291 0.74576011834245 0.918478820964112 0.919830251148536 0.699904411536633 0.685502408049407 0.541431676545916 0.548986045120197 0.672003267192346 0.652527876286993 0.579430921512497 0.425048982454974 0.655755138706615 0.657430630774601 0.7916895689873 0.72931653094932 0.622870371670081 0.635170010243878 0.480325825086555 0.431214879144892 0.344663792659199 0.346943235378879 0.510173785013624 0.519991675583039 0.627639038624534 0.750922208230455 0.800094559316515 0.727927716084532 0.457346189975803 0.213514028260251 0.662557237540839 0.673964194339768 0.379343029227451 0.338903121169856 0.606188521097974 0.60830896402178
0.784446531086752 0.647235329850394 1 0.916588824389867 0.726895385702071 0.394469607700816 0.898193308795927 0.81374649016749 0.802066932248298 0.658689866103336 0.688950354699985 0.66576089992716 0.773395812870826 0.747804591013336 0.669306960966668 0.607176242209424 0.622797936559466 0.581680639324929 0.632325776979287 0.520633205341486 0.415687152970229 -0.145023161447675 0.938020778084623 0.85519404090653 0.710450426928235 0.64106610310288 0.286398319967031 0.0894476175404587 0.582234840420038 0.443411885019363 0.768756738690153 0.671168581259024 0.734170710302686 0.536119573373779 0.725898073353492 0.519213319054902 0.654133859655215 0.588059723343229 0.549793533206489 0.364651791442572 0.624050942785789 0.180188768330996 0.543694027152451 0.495689512077292 0.561036783424422 0.528767793316405 0.580178194889725 0.610602764751474 0.463245121632945 0.495197931374346 0.689698486466975 0.554794813717209 0.711635778676877 0.488984865463966 0.675561728218148 0.644523513882046 0.642468622505331 0.649750090685829 0.698989776114482 0.511976180848431 0.746219921215343 0.666396001645197 0.608909036634686 0.529406244237921 0.908945551059643 0.773051816883799 0.758299042913768 0.717560120365265 0.568073036296255 0.445134277761032 0.665761359671699 0.625883752007659 0.698593829750144 0.536152815222339 0.522405931327483 0.468575036695454 0.483111932356285 0.538869015951137 0.567838160171452 0.573387133950076 0.635335308949936 0.764004356848997 0.424947669360476 0.3208092530945 0.856729718638462 0.670226629837914 0.453661947068645 0.431674083665459 0.79161632872625 0.375577401420409
0.713868433721632 0.61407116224747 0.916588824389867 1 0.69998747853067 0.526112587666686 0.857946874540976 0.881876800519733 0.789143506534879 0.68439418871995 0.574034777953314 0.661177466553941 0.641847309061535 0.764506410747105 0.622269698754085 0.652896691541294 0.540888961310136 0.542297326443125 0.568945030612827 0.494459091156438 0.356765999320013 -0.0929446134091257 0.900059752808741 0.894699030360143 0.66077918790056 0.666965447761701 0.330232727000594 0.106998274422115 0.45591976719561 0.389774582664422 0.724573368186826 0.733577832065459 0.703818688331784 0.594781900880161 0.671893867559677 0.557692582491275 0.567840156966942 0.521642906374612 0.47397127276293 0.27187118629927 0.528604925010235 0.0989227301911356 0.53898622680355 0.507556255501876 0.566291318722043 0.511021954104623 0.546146840832187 0.590838579583206 0.483187136580486 0.518405392889743 0.681831187580318 0.562683370432611 0.695809929909934 0.510539054756602 0.590540175899589 0.58205116114821 0.593959207112672 0.627279541590292 0.710836731496591 0.555253387199174 0.726987901400824 0.763028759945332 0.597698870225507 0.58546740348058 0.888033271151863 0.843178614839614 0.762189288463089 0.773354149195844 0.53392524595823 0.458084306051644 0.636154279574474 0.609882746216126 0.628888409203226 0.534043508993328 0.427893211247377 0.408965036130688 0.44274141138395 0.502807860732893 0.480854732321607 0.508288052606122 0.548283309996107 0.745303834206916 0.362374055157492 0.263183696260714 0.80839160930713 0.713671231700542 0.395749733835135 0.420850969911408 0.738389681924875 0.411814062428039
0.655192972282337 0.65307893844281 0.726895385702071 0.69998747853067 1 0.268211825979859 0.725022197590926 0.769054214963909 0.754211612911697 0.549621705506403 0.568807273022437 0.636662815839889 0.615322260542813 0.651058264336659 0.388592905918187 0.399950544206671 0.539015621853324 0.542080202803571 0.548379744953023 0.496543201690015 0.282815648133543 -0.0268826069308274 0.649818004016099 0.593534733407322 0.478887027956666 0.533308230265195 0.180857343910978 0.172883036383028 0.411740577286801 0.430555591191544 0.532737954905066 0.500961537623233 0.549847238535433 0.470216245801902 0.483786721804017 0.295135340993183 0.512418022922779 0.411984972576556 0.388841554038779 0.194867907580482 0.369724635751105 0.172106851612729 0.562402178927936 0.528142319674574 0.598107429467691 0.594195851072227 0.591938505694343 0.623337165106807 0.581748053348012 0.583556576444252 0.721619386799635 0.630775387450927 0.708965047169655 0.499811531324877 0.631175281672202 0.598101331041787 0.635336235123956 0.642610764342371 0.679023588306633 0.557620485813689 0.626046243787226 0.626603784222711 0.566532015800644 0.576104433312328 0.66768815543686 0.592442790778636 0.632869454123891 0.608218959630325 0.53661248519637 0.498702051499919 0.59376467379299 0.488432561754172 0.471936695294528 0.338708205331993 0.270549285172679 0.297589134113278 0.448607859827888 0.451770029165639 0.540326607391889 0.522361562513638 0.576533134638531 0.624316736619129 0.236146973176983 0.159167863699602 0.656751183720821 0.619721933456982 0.245970999302792 0.317798040053895 0.635858408574494 0.476672803820576
0.367350876102686 0.19322493452263 0.394469607700816 0.526112587666686 0.268211825979859 1 0.53259137918173 0.484427936118564 0.45537546977359 0.563955707622043 0.32456547678638 0.423765899071771 0.464731687787922 0.480180515065179 0.634845809156884 0.719274903319445 0.15121991664325 0.132132471316693 0.188948390687405 0.113192875010076 0.124212572563526 0.0984136302232885 0.396827149323901 0.421589460999572 0.515293443499342 0.505260354334956 0.471594871547466 0.318494250530578 0.210036802464725 -0.106122146829084 0.335323988751968 0.203160557286719 0.279601728981146 0.166445054457179 0.395518311020021 0.309782278331343 0.211075290824638 0.133952278789286 -0.0316652986787874 -0.184489154817923 0.199323584992232 -0.0139733014074267 0.277856304842464 0.271521158919088 0.342241098253481 0.250385526431153 0.230193139044198 0.293829693055815 0.345094934475841 0.396801364216879 0.399446779053734 0.314468444036023 0.380276499639746 0.322627721503029 0.13424302964728 0.15364969243786 0.169116668509586 0.185041112812708 0.529604122334291 0.367614639088654 0.499227158887239 0.481926518414248 0.287784128800456 0.193686114866347 0.5024772972652 0.574619599051656 0.518410702743976 0.474257980483612 0.209099612467594 0.186970879893793 0.418108834992387 0.426453461171681 0.377306668851316 0.553878198385802 0.286820388818661 0.103893999257068 0.0936737453185561 0.27999435051842 0.0805501733574393 0.0661957308153286 0.127757609503337 0.282399518635787 -0.0527963201241008 -0.122293554809904 0.426849055458241 0.203735493291182 -0.151970743717284 -0.153419577914011 0.407253490454417 0.0152918462881889
0.811805111779692 0.634410460869941 0.898193308795927 0.857946874540976 0.725022197590926 0.53259137918173 1 0.884281854165893 0.89771458204605 0.708010740456189 0.733432594846565 0.764105161505574 0.825422782372532 0.754213210421909 0.701296319211453 0.663366543028295 0.598547928565345 0.524772348247446 0.638192587653432 0.523739152271667 0.389009384891274 -0.149535399587729 0.8369390595425 0.786128243269265 0.645838022477575 0.602877934612397 0.42078797354905 0.117085517979048 0.5726100591749 0.352221169302599 0.675634582213868 0.554012938073201 0.67652471381219 0.486364302440258 0.679456731434009 0.461706219826038 0.629661326567508 0.487777500682809 0.467567777472806 0.246243240517221 0.545029585866434 0.127338974520699 0.59897642922437 0.560681473605336 0.614059647172721 0.563579249160327 0.638973257370147 0.688781664528754 0.569535534903596 0.597973162129022 0.762207910784197 0.623663781280206 0.789626643972966 0.594979725882456 0.675192259611083 0.643101126087621 0.645270491276326 0.646117189520941 0.849120409000678 0.653866866517367 0.899177156520999 0.801804300970768 0.598234212634454 0.551650786231336 0.824520315992979 0.80597619635501 0.788032094442336 0.730902729157745 0.597610681848462 0.467358694836735 0.755017803566945 0.709448868101404 0.715303982722264 0.562328317372223 0.468800825497708 0.405495866841966 0.463226304921731 0.527017394841596 0.541574621734121 0.524008578215365 0.579629036450789 0.688049055793922 0.310125157412365 0.291528429319664 0.7822125046223 0.677766978896813 0.314729817242733 0.365038225369296 0.838633923584604 0.455425118694975
0.756493493565574 0.698019545470627 0.81374649016749 0.881876800519733 0.769054214963909 0.484427936118564 0.884281854165893 1 0.884650005604887 0.728415892513048 0.565733727139185 0.798170353090286 0.632305203866159 0.780349658587776 0.518607012835334 0.591744373501808 0.585919782689684 0.603832563436073 0.670713796617873 0.612602015696383 0.357602344732292 -0.0974630896222132 0.777175167023101 0.786168458186223 0.527462120679606 0.573456613445289 0.261627422921045 0.0688071402978586 0.499126502942278 0.503552946211464 0.649164152346956 0.694923452673205 0.691789944653087 0.638037997940802 0.567229368313623 0.440738345141452 0.617907351030967 0.4907923797908 0.496073899407637 0.253943510059196 0.533885415934652 0.0279954752411197 0.691419559580959 0.675519741303049 0.724172178024616 0.679581432736041 0.715363868169374 0.759403224575905 0.699571814623256 0.719129101745034 0.810637750380536 0.723616961720671 0.811312180924784 0.638399823398489 0.661736167286357 0.671793706482276 0.685534987150562 0.719579005977824 0.846369923447791 0.775720288853354 0.813427823312646 0.903207211863542 0.664420189896692 0.739108507336658 0.762729055428877 0.748970698816803 0.763480088985782 0.779650418499765 0.63606843774514 0.567798132700915 0.729561456276983 0.725645907632243 0.640010942995593 0.508295483158892 0.394694533492653 0.41759976550234 0.550460964970487 0.557935763618608 0.498232650597737 0.56984399408518 0.618098199297999 0.726529337542618 0.380248935239399 0.305328238089473 0.722447131598523 0.769199100484995 0.396409264933233 0.429490795062807 0.756172394885232 0.569930435876552
0.715347462648016 0.606401940412727 0.802066932248298 0.789143506534879 0.754211612911697 0.45537546977359 0.89771458204605 0.884650005604887 1 0.74960297873322 0.573820669837792 0.701343002090758 0.649709972325561 0.709650263210513 0.600298205935015 0.610241967726757 0.524736700955461 0.499031792070848 0.600698844047564 0.508701735270397 0.306189271401664 -0.163342578663879 0.773520090491582 0.750799003234317 0.584561087314431 0.590455317494695 0.376381037213026 0.00193311885621273 0.465743502144224 0.356578393104948 0.598823072566185 0.554584786861333 0.621097470834192 0.491888218369227 0.623558842237211 0.394924516052234 0.645677719110654 0.489928846352221 0.473742251559948 0.240053493085693 0.483718164530781 0.0605808425073037 0.602988825530134 0.568308249019579 0.643333326327951 0.577583524615599 0.638982851467028 0.687594490852385 0.644147894067227 0.652581217008042 0.765762624701584 0.621215275229738 0.765298691252048 0.520411363969784 0.653929548244286 0.632439353866245 0.630092995342905 0.635546102397545 0.83126854810181 0.646970864586191 0.822399463991724 0.813888975176082 0.52176372847932 0.581357892215804 0.760329320437911 0.761185442362067 0.737775201715684 0.674689828236433 0.591523682394488 0.477637598321259 0.70497532473747 0.711423915191385 0.639368141172885 0.423995483156733 0.393032474959293 0.338102409609123 0.509827516353979 0.500733807105863 0.489616751723567 0.486306723351041 0.569868752817492 0.649845862247411 0.377264954271252 0.388985490589892 0.684714397912999 0.696230472661745 0.395067064000225 0.466566640350429 0.787923789465881 0.524431669196228
0.493158346517805 0.321822777199286 0.658689866103336 0.68439418871995 0.549621705506403 0.563955707622043 0.708010740456189 0.728415892513048 0.74960297873322 1 0.369032299193894 0.521572314670462 0.491950071445511 0.704737035774856 0.558930245412687 0.721674146538914 0.306825564233419 0.283278677041708 0.343884099276175 0.227179854000776 0.2547795622142 -0.171620443893856 0.684844682293222 0.673137343203329 0.550479081254843 0.525662509725889 0.273744899386817 0.0408084663919102 0.299831673536962 0.132459775851598 0.538705632864554 0.516238487024462 0.441498296818616 0.325365891474518 0.476105884003343 0.411322608165982 0.444302235541561 0.34928186950747 0.275094190229837 0.0603744423825424 0.365572581145984 0.100165216265118 0.409356914665496 0.38569715583216 0.467283180957375 0.35472986099544 0.412242845204556 0.460077594756754 0.45645173295244 0.446547669245543 0.507511408678587 0.383110118682574 0.530817833858406 0.246559464158138 0.405103261820892 0.371698296634759 0.349807707856061 0.40510587371372 0.61968050475991 0.48250700734321 0.613648407808642 0.661869458780819 0.338015954689153 0.42104074560943 0.6178633283797 0.657196778321842 0.565204210127577 0.520737936651067 0.272093228353241 0.200947849997447 0.46058130236295 0.508350687449767 0.529699088880731 0.339841849774914 0.36837748444491 0.200424863459072 0.396716178275616 0.382001461107403 0.332572232561995 0.208714809811586 0.350297246503999 0.479931264489597 0.233067588663113 0.275940210899122 0.519174472943923 0.453835214556784 0.263776614240605 0.291698690191707 0.575034193742612 0.169636330860637
0.817566568538877 0.625328924563342 0.688950354699985 0.574034777953314 0.568807273022437 0.32456547678638 0.733432594846565 0.565733727139185 0.573820669837792 0.369032299193894 1 0.783727134281231 0.862216275295973 0.624373541563674 0.575194834205033 0.462688553421433 0.704974331584973 0.593628525273771 0.688040593676825 0.529156228653482 0.30617484840031 -0.0415097714229716 0.595726703875587 0.481138019517554 0.495666266737051 0.426831657340882 0.15971914895994 0.241674849675583 0.757413099157287 0.495968260689258 0.587275769356506 0.328862909408692 0.552462291669212 0.329835276589837 0.49446279799768 0.20251825238061 0.49151785150968 0.408276287865008 0.402514387768957 0.211383414053108 0.584371025517287 0.181404173384156 0.471898199730872 0.420940818839579 0.385990049739109 0.444183666714412 0.536909569353453 0.544898974074177 0.349874975763137 0.365537408591911 0.541236441721255 0.431340807785707 0.597085845792657 0.473424234949165 0.579565103718914 0.569989783266365 0.655136157077169 0.610285261194471 0.607550216669106 0.519091483037009 0.736699024800111 0.499399710109308 0.667816502663339 0.461409478319358 0.558242026993539 0.441773026673633 0.55333735522412 0.511383863284244 0.546471625225403 0.431855774227376 0.606199094946555 0.567665454580002 0.626552373134649 0.560713662212951 0.466455527301831 0.394640891260595 0.353154074086389 0.523801330329961 0.6062313605649 0.490289187608606 0.588468891384471 0.56462939395331 0.273710318014336 0.145752624985139 0.661985397848657 0.422618874880303 0.203066827877965 0.171723170801585 0.663473984388484 0.320020288046706
0.828555729961102 0.678847875381497 0.66576089992716 0.661177466553941 0.636662815839889 0.423765899071771 0.764105161505574 0.798170353090286 0.701343002090758 0.521572314670462 0.783727134281231 1 0.765188839191316 0.781190368640953 0.533494403281437 0.543979595976384 0.662030388730898 0.645312900502851 0.737550473005531 0.671999498299011 0.344400512991005 0.0288941523371788 0.611668106836748 0.58316309261414 0.427268090787766 0.467900416118556 0.134550877878232 0.194578660870674 0.669420769094091 0.608107808367417 0.595030170923074 0.506447633249671 0.581423345376534 0.502364974549844 0.433776085181405 0.2575848323208 0.549255602524279 0.44588566937956 0.431873607940167 0.22024585118611 0.579136730349829 0.0519283346897246 0.646694267352461 0.630388877600612 0.597037467597092 0.651007387659517 0.702146489098806 0.715522186361477 0.588758234012375 0.613970861187865 0.71148395260843 0.654022754282067 0.724038337407897 0.609605547423356 0.639083590226012 0.703620700652597 0.685038400054057 0.690831765462779 0.761351646569516 0.770190301978297 0.819230838585943 0.782470040790695 0.727739031024625 0.678897722707718 0.571108939159894 0.511619599761027 0.642780024798957 0.680998800954303 0.643473437484493 0.54551690139584 0.675529081957996 0.678927815513269 0.649719530456851 0.592093341398756 0.395343350840607 0.478514514588669 0.459651567144654 0.583040467834954 0.504239093285449 0.575288492274464 0.652465578656749 0.69176859937123 0.363759010586883 0.240929010940603 0.673321920944925 0.610781502390418 0.2739520849269 0.268623681850144 0.69678679570046 0.502973070099074
0.791531152499203 0.561556083959624 0.773395812870826 0.641847309061535 0.615322260542813 0.464731687787922 0.825422782372532 0.632305203866159 0.649709972325561 0.491950071445511 0.862216275295973 0.765188839191316 1 0.756544113534846 0.732177835126898 0.651439175028067 0.617787156749279 0.468289279096341 0.593448490136663 0.450277109726315 0.450630850128161 -0.0683396533843689 0.681839503080908 0.573120605376221 0.630131988502596 0.514948631455973 0.28910799626238 0.227926205184147 0.615621082745769 0.303045612885219 0.61528765580865 0.323101354488322 0.503396560139657 0.254495756382278 0.550579584104529 0.346989798120921 0.49540883350127 0.411193227499889 0.368254236105136 0.21312477389003 0.536813138978123 0.271757984023551 0.466843371231912 0.443609971083044 0.444174895948856 0.467231752375197 0.514946494315193 0.54738094456256 0.3917506747301 0.438737825828308 0.621797191743517 0.486000437325884 0.677700922440353 0.488508928212605 0.598446313952975 0.554735016134517 0.570956531397088 0.566893850286494 0.678528591072472 0.547326915486732 0.770745642693768 0.54073318551074 0.604269289615256 0.375117237346307 0.670512707496077 0.575941252303495 0.65509321824269 0.616043496785117 0.545552967664015 0.408802043385233 0.592133458934036 0.571045663220612 0.682158201518707 0.570841092567511 0.477834560150921 0.373312808561538 0.312485280051727 0.537875774032923 0.517573365095937 0.424645791722136 0.557264354409517 0.607605633579315 0.211569129300181 0.157481291902575 0.727096005636658 0.416822893598749 0.182827838455293 0.123363925289234 0.735445023364883 0.264023823351156
0.680627044414855 0.523614290346258 0.747804591013336 0.764506410747105 0.651058264336659 0.480180515065179 0.754213210421909 0.780349658587776 0.709650263210513 0.704737035774856 0.624373541563674 0.781190368640953 0.756544113534846 1 0.602370977414284 0.749948568245219 0.551551963253417 0.454284895772523 0.515541426263137 0.459628787146278 0.420730424050887 -0.049608151757365 0.714477780549895 0.680828060631897 0.572513568012443 0.561450742157134 0.145333346646586 0.162013917869801 0.462423868075309 0.363266686725076 0.616948482237561 0.530683968468945 0.468760108581596 0.350753107618291 0.514922925242545 0.474956735642093 0.415777176698962 0.421372816921035 0.376601519546504 0.200563331216217 0.481998553280433 0.187814096366719 0.481411980983932 0.482833646041958 0.520283959523192 0.530268894165512 0.484588975694111 0.534719883080754 0.487943669982509 0.518080135888315 0.653045821176707 0.531159882491584 0.685772365285408 0.436913910416121 0.533959460418694 0.501209268026625 0.516152120065876 0.610125904305433 0.653451722443638 0.651472488126237 0.728114364556725 0.704791739476314 0.619788353691576 0.56725872564921 0.707741696399113 0.643828933026295 0.639387265768816 0.694316612096086 0.483011268012525 0.403413263888137 0.486180838794674 0.559072526954879 0.68258538530911 0.512808352296792 0.427288713098528 0.460088102180889 0.337907683870448 0.608371530107771 0.469921597003943 0.363229542853714 0.544021992907413 0.688326134204903 0.234645820170662 0.261987935994716 0.677813947938453 0.537114788663434 0.297494348576612 0.284287253946369 0.644432789435448 0.341477072660575
0.522436395677373 0.256887395910832 0.669306960966668 0.622269698754085 0.388592905918187 0.634845809156884 0.701296319211453 0.518607012835334 0.600298205935015 0.558930245412687 0.575194834205033 0.533494403281437 0.732177835126898 0.602370977414284 1 0.799830378524767 0.333412241256382 0.203650309862091 0.359114902640506 0.179085847721043 0.323052858378034 -0.156850809775427 0.689480905055183 0.604094337547156 0.58295795941648 0.447888340380623 0.445573382892288 -0.00628366210419401 0.440582255965404 0.0908263604918161 0.573966460194495 0.370024963651144 0.48628123476773 0.263073293372325 0.50610260409729 0.345125048704321 0.410550068331465 0.366399439513044 0.262469980090259 0.0941871934049445 0.432771687928418 0.16193502133497 0.300429692112956 0.27917705296385 0.349139459469261 0.207035781436322 0.361034310437443 0.406758641673816 0.283970558639084 0.292523611474131 0.387059205438619 0.25583457297629 0.470593552181058 0.318820550496882 0.417203213668689 0.368794403805852 0.278642759536611 0.247144211205169 0.51347034528132 0.274387877844537 0.620970272536295 0.492752324796326 0.427189587244222 0.303928597966516 0.638498871859264 0.571737672563968 0.518158007997521 0.415674630015976 0.251436921749254 0.0624204116037863 0.501595254673081 0.48732355703904 0.56469557092814 0.487975529702024 0.417782132106849 0.220876236522798 0.331460659288878 0.330370154073761 0.245390649788855 0.158081529606322 0.260976902391551 0.388463311768461 0.197313500825577 0.164860272990113 0.628399621748285 0.304487256180133 0.19977958179574 0.111669768986982 0.61713497558978 0.0599899278007944
0.472474702190263 0.232293228153158 0.607176242209424 0.652896691541294 0.399950544206671 0.719274903319445 0.663366543028295 0.591744373501808 0.610241967726757 0.721674146538914 0.462688553421433 0.543979595976384 0.651439175028067 0.749948568245219 0.799830378524767 1 0.343373267864929 0.225165913232151 0.282325183985007 0.198965597573084 0.342128766686654 -0.0274017147354347 0.628520686489358 0.616671155256099 0.582839730750312 0.546069505844292 0.351818277280004 0.0525129054235032 0.360983330613553 0.0300222095112855 0.558858030055323 0.381439269654008 0.359585256620267 0.170225540573499 0.4916140805752 0.456534398428535 0.314850119569825 0.283553761899777 0.142317230027141 0.0059857264359181 0.344743012029073 0.134636846296272 0.293430967600224 0.281173250007126 0.351329472236223 0.242960922101877 0.271285834908312 0.328299415192845 0.341563534700151 0.331943670300865 0.42090677510938 0.244551689508538 0.483553036823154 0.229561991696839 0.270908505176482 0.243183400875754 0.269043817903468 0.314738828786185 0.529521521338967 0.3829454379003 0.594806801922056 0.561296853296815 0.407714514246825 0.315677026795177 0.620540433491035 0.608869640741576 0.552342621044421 0.541053603152211 0.273981278846429 0.151190349595593 0.428771324736935 0.530635503889459 0.617367582689013 0.445167744791109 0.410614919083727 0.199798195629953 0.198493596803311 0.411854959333356 0.283345814557769 0.0475471464646672 0.270371948663919 0.456107813138431 0.156909396391517 0.250455447294392 0.522171383863388 0.25486768478485 0.146611405364614 0.119032830857993 0.527657167173784 0.0130523615984012
0.802976152934403 0.809148589351418 0.622797936559466 0.540888961310136 0.539015621853324 0.15121991664325 0.598547928565345 0.585919782689684 0.524736700955461 0.306825564233419 0.704974331584973 0.662030388730898 0.617787156749279 0.551551963253417 0.333412241256382 0.343373267864929 1 0.874444146329056 0.717293647751197 0.719552980355312 0.328439251139288 -0.0753433062322046 0.535377621253976 0.409406428678762 0.412620396316403 0.365516499609721 0.00431670482051706 0.144346490189708 0.779346363440903 0.636930879646786 0.523689478627764 0.396904222937524 0.563894345926073 0.459753742282757 0.418540984265879 0.12276212986119 0.63262465882451 0.479945836143641 0.498025261497305 0.291181144586804 0.657626710667988 0.0780561993766478 0.616411323993208 0.562722508694765 0.509588843505603 0.598742408254915 0.662290373589157 0.657274886029418 0.443325214759311 0.420446561661607 0.604316226785504 0.48822003426916 0.60832077897565 0.457013009224103 0.651855002342089 0.644980034961878 0.86889577381817 0.824132309924469 0.59794880468098 0.561868643883906 0.511289384582674 0.449455196946765 0.688770504108566 0.589794509350918 0.564887150058552 0.38149749656795 0.578176435503834 0.583998009790273 0.749561339618248 0.672765911389641 0.55801694325239 0.60117068153528 0.577243367475833 0.375967447325263 0.353050116634158 0.376567141343796 0.415563744342554 0.512055879620672 0.773630424304431 0.665612955885638 0.798689326882725 0.732152240728223 0.432408355937538 0.284907087289948 0.617234688167935 0.492549107606344 0.37532355292887 0.277370113616646 0.580876657954706 0.38464486471434
0.772647847061773 0.851536527281568 0.581680639324929 0.542297326443125 0.542080202803571 0.132132471316693 0.524772348247446 0.603832563436073 0.499031792070848 0.283278677041708 0.593628525273771 0.645312900502851 0.468289279096341 0.454284895772523 0.203650309862091 0.225165913232151 0.874444146329056 1 0.74189472714285 0.742768828423902 0.271364964842142 0.0568420478038146 0.517247349447245 0.406158507531911 0.37599101430522 0.40283497056056 -0.0348430544670431 0.192893148904267 0.747136505727147 0.738087975657261 0.53968709936535 0.483133535188971 0.617141051266432 0.57011464557987 0.425691503988545 0.129867450231561 0.664392268182654 0.517995668935606 0.500830158817902 0.324341283641531 0.661148352937399 0.00214934195018452 0.682917266404013 0.627134340007412 0.584565261084424 0.672021470615484 0.700112189603998 0.687601764815552 0.508592574648025 0.492628629090517 0.635831324181168 0.579443147871594 0.555881899989189 0.472797922275642 0.618230843084244 0.694760052668353 0.872287712396021 0.842474244791589 0.600316846696931 0.58154990868086 0.447606356449777 0.438857602269322 0.657157801706033 0.616863684039971 0.547778738362572 0.33175795291233 0.627057960620257 0.630036496036983 0.732142839563968 0.69182923219376 0.575774863957691 0.564191409901836 0.450907688022243 0.415455072085366 0.296246270933758 0.402245541983589 0.485350165761051 0.513143301230293 0.685997017474439 0.76781821289369 0.792035375499567 0.723840254059319 0.452132105112168 0.207806700443146 0.581841031577642 0.516519225468989 0.315706498676141 0.237059244252284 0.52978333008365 0.402814603478636
0.871306359691543 0.80229701754672 0.632325776979287 0.568945030612827 0.548379744953023 0.188948390687405 0.638192587653432 0.670713796617873 0.600698844047564 0.343884099276175 0.688040593676825 0.737550473005531 0.593448490136663 0.515541426263137 0.359114902640506 0.282325183985007 0.717293647751197 0.74189472714285 1 0.862748649651937 0.267878493455985 -0.0381051578127763 0.542498525880322 0.426132490310215 0.468080402579354 0.448128321991007 0.0724887671470013 -0.0936044659335857 0.743740180627343 0.761602611855717 0.50689579318956 0.50436107177581 0.67746703427409 0.600352062172569 0.427109574510792 0.171479445883457 0.690772044818616 0.532279594187993 0.643944252151433 0.439163665542853 0.683485409266769 0.0168951947160209 0.74219063900291 0.700212495394408 0.658908838274482 0.705349657295838 0.774760215834433 0.749764416033594 0.598328873917926 0.587088409417811 0.661819989023846 0.616145540773972 0.677171856676066 0.595874896322781 0.720337714888807 0.751203051267011 0.834380910362327 0.75985175051735 0.668627867610891 0.665767309012827 0.619194932815805 0.537598263572684 0.730466255178345 0.63631613801111 0.539678685533004 0.337344208783763 0.604540680458187 0.599496161529453 0.774894413470761 0.65240892716022 0.615975339361318 0.70006846851574 0.577987994878105 0.497735517640428 0.485525124565547 0.388104727648014 0.57097299744786 0.572205383068343 0.575883949428401 0.680183057398591 0.732750660633802 0.658607115998343 0.616826902057916 0.363143821291048 0.655591053609135 0.62854377593882 0.53085847488525 0.419158429764548 0.670658555598442 0.614923866458063
0.769354779214092 0.777965555515513 0.520633205341486 0.494459091156438 0.496543201690015 0.113192875010076 0.523739152271667 0.612602015696383 0.508701735270397 0.227179854000776 0.529156228653482 0.671999498299011 0.450277109726315 0.459628787146278 0.179085847721043 0.198965597573084 0.719552980355312 0.742768828423902 0.862748649651937 1 0.240825432398911 0.0150867367164126 0.396848089644544 0.315804267585706 0.308757966845795 0.337527759517609 -0.00200828973912202 -0.127502302485618 0.651591887798861 0.742276277042097 0.329673737407879 0.397981857485987 0.564962003674335 0.567003376964027 0.3311535759367 0.134477322965004 0.588284091510717 0.431185759974399 0.561508502612415 0.360680575278931 0.547495783914813 -0.0512414214140709 0.648350636822359 0.609771926420527 0.583557585461625 0.66429682966162 0.671752402872039 0.640816543339125 0.54259199530274 0.532859640894976 0.624854687671645 0.604945164695965 0.614876555735888 0.567288635407485 0.632916902218396 0.651098590668512 0.806362608754987 0.748479330389397 0.592054999198231 0.637672523650468 0.509095015511798 0.499769042836395 0.708200709768231 0.648653088386028 0.48235350053931 0.276187417139954 0.538116931339158 0.578716822184309 0.842859923302807 0.761643880691749 0.532364170496049 0.637874226813341 0.551936365030534 0.407087005175686 0.474301107731848 0.391099337347842 0.497702183606794 0.50959598504342 0.541462095802494 0.676257522514314 0.754885741672764 0.695233528772809 0.620770435190607 0.354972823393164 0.607116682617804 0.616319673024771 0.533576016097476 0.405247942165574 0.569831137048092 0.634831690757084
0.390292622948257 0.316283538737673 0.415687152970229 0.356765999320013 0.282815648133543 0.124212572563526 0.389009384891274 0.357602344732292 0.306189271401664 0.2547795622142 0.30617484840031 0.344400512991005 0.450630850128161 0.420730424050887 0.323052858378034 0.342128766686654 0.328439251139288 0.271364964842142 0.267878493455985 0.240825432398911 1 -0.162426974712225 0.402233318628492 0.350889516527871 0.288510321917684 0.234633280258247 0.0415322039839646 -0.0180111544274498 0.265708494597802 0.163028839325104 0.376538807540709 0.222410712186371 0.278861249437678 0.169323961740694 0.301787875996333 0.325272612699895 0.24587841464483 0.152804290468084 0.326536115147013 0.163869089462668 0.375558965002264 0.0275922567721614 0.324202344631864 0.33575965088546 0.311352849049228 0.35473696935093 0.309090989800519 0.296660386728738 0.220960920214086 0.238816783241355 0.302049744457125 0.204373029120768 0.322919598747219 0.200399394147996 0.292023191790977 0.274070510316362 0.341277716420112 0.348572401889267 0.297621465722087 0.294847216088534 0.333020520375524 0.280563658270924 0.254083938452943 0.147955596122028 0.344872946912927 0.296085493106738 0.35633005162134 0.41488960313155 0.405003872658177 0.270688230064452 0.212760090703114 0.23460971808105 0.405276673361514 0.230646500500539 0.294903209656131 0.2037823533582 0.0981976133898395 0.281885832196672 0.282487957725754 0.309624495273264 0.315115256937393 0.367717885293601 0.222869333763671 0.172761602189886 0.310264798225453 0.225608331428406 0.262718656763376 0.18874491454663 0.247718089364145 0.117724837704398
-0.0109053790167653 -0.0740959308321516 -0.145023161447675 -0.0929446134091257 -0.0268826069308274 0.0984136302232885 -0.149535399587729 -0.0974630896222132 -0.163342578663879 -0.171620443893856 -0.0415097714229716 0.0288941523371788 -0.0683396533843689 -0.049608151757365 -0.156850809775427 -0.0274017147354347 -0.0753433062322046 0.0568420478038146 -0.0381051578127763 0.0150867367164126 -0.162426974712225 1 -0.117525719460003 -0.119874175123525 -0.0261226830878495 0.16159900316219 -0.0594667344079595 0.333341426709244 0.0616713688888921 -0.0261984765846477 -0.0118029257350574 0.0239420445172818 -0.0431650483823353 -0.00175212099137616 -0.0115433000370039 0.134463893442037 -0.0353362019938913 0.0443658627680101 -0.344394725875225 -0.135723931534609 -0.0909749467251495 0.140841691470695 -0.0477342535640163 -0.0618877854298846 -0.105119494057186 -0.0624403148581958 -0.0862844419392401 -0.130940133015231 -0.100038701261249 -0.0685117050355888 -0.0560451159705449 0.0143411217491599 -0.103516361168777 0.0184370001302712 -0.187585807324912 -0.0727279829949537 -0.091770649822952 -0.0818349804186347 -0.0682634015775167 -0.0116811800985494 -0.081290773577821 -0.0831194226820337 -0.0435256690488033 -0.103830276667984 -0.0469977932108945 -0.0837905335277122 0.00695718900694778 0.077780261451833 -0.120659525767643 0.0133155781371255 0.0461962042631268 -0.0141875257424016 -0.108120996866912 0.172613121747096 -0.17002269470865 0.194245829213869 -0.074689108807083 -0.00445425639886401 -0.0213275389389245 0.00255772119736808 0.0118459631539883 0.041945298595696 -0.0482324416796631 -0.131917262658885 -0.00942104950523388 -0.10381380435695 -0.353661764712951 -0.217969355913924 -0.0478714795149635 -0.0610071994010499
0.69672044811172 0.54018658181257 0.938020778084623 0.900059752808741 0.649818004016099 0.396827149323901 0.8369390595425 0.777175167023101 0.773520090491582 0.684844682293222 0.595726703875587 0.611668106836748 0.681839503080908 0.714477780549895 0.689480905055183 0.628520686489358 0.535377621253976 0.517247349447245 0.542498525880322 0.396848089644544 0.402233318628492 -0.117525719460003 1 0.928180241204665 0.715710749350342 0.687592566581029 0.307638649681764 0.069702288704598 0.522334780974323 0.404587884674666 0.839182711932305 0.777998589656495 0.759260390802053 0.570962945688048 0.756046088532276 0.568014336571178 0.666827135127721 0.634634948752448 0.566676218757142 0.393236141404196 0.607665147745934 0.159997914192099 0.516681494680454 0.4696840918393 0.526088611876024 0.458986487309314 0.561170444176585 0.588006023247098 0.422988713150691 0.460859467262406 0.630225514560956 0.488877865079443 0.659074696940114 0.429847360525363 0.666287299006765 0.647546850607312 0.557844050634685 0.566783355863866 0.626746209364618 0.426569886887573 0.68004508042035 0.641001877665576 0.488314585466691 0.471025526067002 0.878530886101533 0.785156076847478 0.735742235030269 0.697331440244014 0.464736751073871 0.33945575554068 0.641978902242275 0.61082655642461 0.654245724876234 0.512949684027802 0.441503616308201 0.454338743556247 0.517033343067795 0.509327715505199 0.517117587392611 0.505344725419811 0.548874482950715 0.701550741059056 0.440356319183332 0.353580750530547 0.777664684454807 0.661147384638641 0.455422351542019 0.483337268850394 0.75894991475749 0.344251729984648
0.592552969977269 0.449527763932323 0.85519404090653 0.894699030360143 0.593534733407322 0.421589460999572 0.786128243269265 0.786168458186223 0.750799003234317 0.673137343203329 0.481138019517554 0.58316309261414 0.573120605376221 0.680828060631897 0.604094337547156 0.616671155256099 0.409406428678762 0.406158507531911 0.426132490310215 0.315804267585706 0.350889516527871 -0.119874175123525 0.928180241204665 1 0.617973401249948 0.657036300950933 0.302368016089271 0.0512915211509582 0.371222083404297 0.319432444096209 0.753091867364048 0.781149162890252 0.663995722222388 0.531894830346552 0.691927622158642 0.578948740151708 0.547849293396959 0.545555027353461 0.50629816036318 0.354236227907742 0.517868291386262 0.0888002970890675 0.435166865776491 0.402647485553728 0.455171740447595 0.396011961067774 0.483729438284956 0.501911011742539 0.390053291826081 0.4400672738167 0.616401031799694 0.484155245821957 0.631124493634077 0.411800641868761 0.596736925981026 0.581084543122005 0.455412090479128 0.491733929435794 0.604383207256374 0.431806872367951 0.693091644715855 0.716654606376754 0.391238268420399 0.436174605217284 0.811724940067786 0.824194031297906 0.674583146869568 0.685550196401736 0.394187809433617 0.293318867357586 0.579660891964516 0.562782680005518 0.591165691394333 0.459807760896254 0.36039931170866 0.42764782257194 0.416458853072503 0.446991803483531 0.412981664113716 0.438367486177614 0.448814626080786 0.631605316325847 0.399327299247705 0.321443568758783 0.684995728548035 0.669380739365176 0.423117616165042 0.486941559606939 0.707325019597304 0.379667563447201
