1 0.840749691775 0.413297719357694 0.353049203858861 0.285012858228712 0.123649222889408 0.35810549751001 0.375616253301215 0.107541346126482 0.0464034925826579 0.719642433468867 0.542703502855315 0.58146857002406 0.488890299783877 0.232226800541371 0.152202717153472 0.691491250257678 0.71878855484622 0.629245720881792 0.670255590274948 0.278022027141438 0.00527645946090806 0.282344139279039 0.249014941224868 0.295124443985413 0.192587005378057 0.124542693469176 0.203660105729011 0.536266759177521 0.521457565759255 0.213376931692852 0.2060145375845 0.422104429619061 0.392354238875209 0.11842430271923 0.234666924770265 0.534041736968387 0.570462969300778 0.504476198469582 0.581079780247825 0.411234335764249 0.484117631097663 0.632964123691831 0.596465952045836 0.601103172513063 0.553313223976256 0.591377851183592 0.575983315454589 0.473362300107773 0.427802006111944 0.545141795587353 0.4530318249896 0.480012638630171 0.38210227327561 0.540100109018927 0.570825635616461 0.827392516207697 0.824929038059335 0.630334621830654 0.602312638995966 0.310898258660347 0.089911247977837 0.707577829118783 0.293052289106568 0.258027689387904 0.145612112572271 0.416183825150026 0.433806425432832 0.699377922988999 0.722450567119771 0.00811730326902516 0.02935293350471 0.288154213397244 0.213537752825037 0.156143584771689 0.188628921507655 0.135670854427026 0.103162110420625 0.575221668760836 0.480388012824258 0.683329544876022 0.660454075255291 0.549944862447981 0.590319092803483 0.613208574963422 0.440160213906664 0.256556072822108 0.394858667980958 0.3561953088891 0.515535040086106
0.840749691775 1 0.333485653715115 0.322963272952727 0.342541702104024 0.219713216942485 0.204802043856376 0.289121461849008 0.078079233443497 0.175163951974798 0.691947083952247 0.511039909305663 0.557876239085868 0.509876289972896 0.257150140782744 0.265774057162361 0.701880523095502 0.810212797432395 0.613254694758133 0.748824067613142 0.259263135873352 0.0401759184145585 0.262486014308925 0.324726290931555 0.305126128582884 0.206024173274859 0.144611692161086 0.157460644797731 0.502526785610704 0.569877849866091 0.121652215707295 0.191441113307091 0.31261460455958 0.346418479003461 0.0841997543141471 0.191587667795616 0.485133877349745 0.557849643636745 0.402661356153755 0.596332708814772 0.355042417537152 0.482686283013413 0.57783859268382 0.578686575244591 0.487312890572597 0.490267759877394 0.53162149973146 0.519522561547967 0.36456856696275 0.336849322530418 0.429802710138948 0.350001696054241 0.395171702442541 0.366302270717457 0.435209870699174 0.511929115870775 0.809208616554012 0.902571502120956 0.467442870120728 0.537852799103257 0.199334987342507 0.123971006900354 0.651173909258917 0.240708303685839 0.199897418142102 0.166466040802429 0.285868447792581 0.329766135496633 0.764450478553595 0.742143409822948 0.0407806165014283 0.0403507984140837 0.278956207154863 0.242364810324917 0.0768850713819398 0.275983780102579 0.0573569199135508 0.0308747255050369 0.501537433617797 0.545705166630733 0.604414385277323 0.655528874675173 0.554526886406011 0.583945486102177 0.552391151914756 0.42400038619315 0.272304425214429 0.451953404387081 0.257512245655752 0.47202584535692
0.413297719357694 0.333485653715115 1 0.690734965916456 0.527604991199666 0.219545504340954 0.738639415292677 0.557131501563204 0.577867574948934 0.178014677232368 0.278821753240844 0.273288045088498 0.512014766250694 0.417159008909258 0.626589506852664 0.354338788551559 0.237153150179957 0.295393230831716 0.632126777582754 0.435814615372798 0.401987542275596 -0.0948933832447104 0.813601050314218 0.529350545704606 0.435058621762358 0.361645561353422 0.278332821613327 -0.0247266618584525 0.359977617843772 0.388446659652104 0.503475003990232 0.469766376160206 0.599443529349835 0.478735271333293 0.503300383551171 0.560974134044038 0.303609804543824 0.246721392548469 0.270237921075731 0.331047613162031 0.0534324607830199 0.0371573902109363 0.488895259183929 0.505309984538823 0.488288940620159 0.386913559628241 0.472971157099147 0.492563060476533 0.387859462914065 0.417636136015372 0.517240767477401 0.547660023878527 0.456165312331187 0.475499591655781 0.52368356218658 0.539114147344029 0.376523714200468 0.329842817523186 0.496828501721929 0.468785786169632 0.523468466150432 0.307402996279022 0.425219073954071 0.354136465924037 0.621584095184884 0.501492466815823 0.709565192179097 0.579752777136397 0.335635608868777 0.34542325193486 0.354988489797834 0.39680026253208 0.437100628898119 0.381157104156568 0.297484289824331 0.0436766333855923 0.454750436608394 0.384325807561944 0.356330255275174 0.26136434133011 0.35261080252183 0.328331710225132 0.411663482199765 0.273774305384553 0.553146488173081 0.490699073889747 0.161460724167678 0.294551183092167 0.609963879468198 0.627433632992131
0.353049203858861 0.322963272952727 0.690734965916456 1 0.250186600124882 0.405514376406767 0.664822059532433 0.847799866363111 0.444346850841147 0.470454375467674 0.184719258281909 0.384820341971727 0.398154005244384 0.379786479812032 0.402280661109291 0.429883717287956 0.23810617333837 0.287475784394373 0.52682406876487 0.458621401655987 0.242926502079501 -0.00167686994257177 0.568015527516307 0.462777249913716 0.319717267055662 0.396496510147535 0.176138234491422 0.0813411888731796 0.350037636736708 0.393471167856058 0.422267691545597 0.470652458973616 0.60522119087577 0.595372727677601 0.431847101973922 0.588226581364869 0.272307530951357 0.188335296335768 0.282066482343779 0.377773904971117 0.160248770745224 0.0249687808194328 0.479422698243921 0.470845130358595 0.463640745576488 0.386656856204437 0.472956643858283 0.489971951175778 0.418539451693474 0.414044506172309 0.511315467622452 0.557228824084585 0.403153007571394 0.421570314967148 0.530536548282885 0.584889695603716 0.296965522179259 0.307692453121873 0.541358382987767 0.604637256700299 0.532910640379196 0.639996710483951 0.296210400506649 0.459384648539535 0.439153225818762 0.618064474624104 0.684659989547746 0.643157593634617 0.247003264423906 0.401887192274263 0.41135327206152 0.396432188712891 0.395908468002505 0.458867967387287 0.119995595380916 0.0781367084913692 0.431099390750353 0.379191868885343 0.328329074703726 0.196960333422879 0.358248112920171 0.228153890038204 0.377360311637873 0.247045793638929 0.385417336965503 0.492080808754174 0.105721175641349 0.143736042243482 0.532010187611894 0.661504985850829
0.285012858228712 0.342541702104024 0.527604991199666 0.250186600124882 1 0.297333090749474 0.31848390167536 0.228697917036399 0.528498589474372 0.214452488053965 0.347294378414522 0.234063685789718 0.480087681270412 0.397645619348202 0.670284585745933 0.2953316486491 0.218960110650622 0.318794173665521 0.374416048741318 0.279304368728489 0.217268651931419 -0.205519758292477 0.540535523892408 0.437786129059588 0.379929343175013 0.17411185087734 0.247049133251665 -0.0133010529247215 0.160231145935692 0.249361885237578 0.174299455993746 0.147816379663987 0.286132957242331 0.155207806157571 0.369239760105566 0.274951618097902 0.256049131207745 0.186943610970512 0.185860911528134 0.183426140481089 0.0918437893819583 0.165774491349173 0.175498489689328 0.201516046219083 0.131454129648517 0.0962720926470581 0.121425216084745 0.15143185185305 -0.00203032317837375 0.0356965691735657 0.106678014955347 0.0605898070394152 0.240695532844336 0.267154019758794 0.190927400053484 0.154355108718696 0.281077952318531 0.303829168508032 0.0992178814301041 0.118097844522397 0.297210223634737 0.155533323603815 0.346205380413968 0.196767713564762 0.428890914362086 0.351608507079492 0.269499513358208 0.146492667188435 0.311295817012654 0.19877425671337 0.195613473189036 0.222381186784188 0.195940610911697 0.11769843243552 0.188181907767174 0.15470161068312 0.177076657977331 0.0598126857153094 0.275438406686852 0.303564154522321 0.266593464179016 0.379747444430458 0.267082898424141 0.240294309841857 0.505405307457077 0.325988085959852 0.178634117709369 0.339620967969216 0.313088746426489 0.317989531520765
0.123649222889408 0.219713216942485 0.219545504340954 0.405514376406767 0.297333090749474 1 0.172085696403641 0.337986514540242 0.321728313716128 0.617033020893104 0.18009762219509 0.24597998347558 0.32195437462743 0.349896150398877 0.336339225720312 0.538079889224972 0.117138290402767 0.104459398647252 0.109729041736309 0.149806511617603 -0.144508852769135 0.199357750328414 0.267803045310953 0.38780881607723 0.0648563474171488 0.11751351658099 0.210052525645912 0.184215627836766 -0.0809037168139682 0.0728788492123405 -0.0954493971768157 -0.069214863004385 0.0108509671525585 -0.00748471576170801 0.0241330210080024 0.0849672594447107 0.00775972223416474 0.0562965529168184 -0.126505100556232 0.215616851714972 0.055653021618794 0.112134907979234 0.0431651378564488 0.0708801924557598 0.0615925713483378 -0.0128384387133728 0.040525307434129 0.0546720573760884 -0.0156203468495562 -0.0143140149654512 0.0700553271307275 0.0670835484483702 0.0636345236005895 0.211109387833024 -0.00396184427313155 0.133989497464142 0.142009014751805 0.16446605794193 0.142299435891786 0.245811596313325 0.237477154041175 0.438879077939274 0.0801797819980466 0.0880713994549629 0.267848903709434 0.427924222995266 0.172592848366849 0.126964618865543 0.0437864246593234 0.0799428159788333 0.198007270621186 0.137370652883059 -0.00022513548632027 0.224357469998077 0.091556184076302 0.206703310511029 0.0441441113154597 -0.0239305271710535 0.0920927431147751 0.0529596050429566 0.136961855348342 0.17992626265775 0.0964513523417394 0.193204293358849 0.30479451142208 0.313830481525939 -0.0730133577346872 0.105399237300825 0.210804809979008 0.276365042101523
0.35810549751001 0.204802043856376 0.738639415292677 0.664822059532433 0.31848390167536 0.172085696403641 1 0.749108633797909 0.717142269364592 0.345367635891165 0.293728321031219 0.388218315561544 0.421133578351302 0.19663069172924 0.371946924735947 0.0500080593767577 0.180256106201198 0.189334199303064 0.508072954919886 0.355312090000501 0.212844371339409 -0.19324166483523 0.390438612993356 0.0846553295507634 0.13042871046633 0.0855969028556991 -0.00286071499852489 -0.264038563815249 0.476413196769449 0.315741392056194 0.576001205136629 0.455331971668439 0.581521766963892 0.558312115753945 0.243323274833057 0.371082294612395 0.165108117270845 0.162634800873382 0.277665917048068 0.177616893243682 0.0430964805690837 0.0365626269210869 0.362421945225176 0.360932881187605 0.406403055645974 0.346168125158931 0.397094295226697 0.411215705077461 0.427341411101677 0.403000228623206 0.5467153340695 0.500545955633626 0.449421540207823 0.422038694020784 0.498758586211212 0.462770234932125 0.244943611760922 0.189279698137181 0.610323291318414 0.537263248977627 0.727330111603993 0.413686466313022 0.402711529833332 0.557961108697154 0.261100263033467 0.251836731297661 0.636703691785344 0.530587673194357 0.11803403559574 0.28335401172837 0.383512884933083 0.390317146663765 0.437462175169387 0.340572748736395 0.184165051903297 -0.00716405899836713 0.45074050985865 0.409874303446892 0.310374128232847 0.122223606403733 0.346543106218612 0.112805300179544 0.247272411713909 0.0371114048778654 0.295465421434752 0.198200810214942 0.0235554334702209 -0.0703721855662607 0.487160232628289 0.564044457713765
0.375616253301215 0.289121461849008 0.557131501563204 0.847799866363111 0.228697917036399 0.337986514540242 0.749108633797909 1 0.49432143031845 0.474715806358299 0.290140213932621 0.513181223436812 0.439925987765504 0.406415441477304 0.303666219559517 0.277117423241474 0.313146454452187 0.322035044135577 0.454202704935805 0.42897255083068 0.118232867526252 -0.0144743704495712 0.34913601751665 0.276122405342402 0.142517404585544 0.208455601465769 0.0175211595297509 -0.0497339791882333 0.45024483197612 0.411840513006607 0.419734101210598 0.475572115874407 0.569489702189128 0.609379290406241 0.288007491373437 0.469880474201539 0.25151533736556 0.167708405158574 0.359803410251548 0.327582478385865 0.135414218734766 0.113443974908473 0.473227546343251 0.468029443370348 0.454359022923188 0.420001613506952 0.46100811962059 0.491372168731164 0.394567133251762 0.379970176153475 0.512788932453321 0.508214618231374 0.437877720471012 0.442108422742391 0.522433805757772 0.553465562919681 0.301297779896115 0.284800451201523 0.503305932405802 0.560513862974638 0.601250431453172 0.652170466950232 0.397471429268356 0.627714645004985 0.297039680911264 0.512974686198979 0.627715372311438 0.640542854007322 0.169564362391618 0.365880114994423 0.33669201952975 0.372004047043655 0.391665852505412 0.366276616697896 0.0943582404891431 0.114233671082183 0.407442477433022 0.389661853640903 0.410435227881981 0.273302335978565 0.43279981661567 0.252758586020088 0.359991104000378 0.193382456045964 0.355678134549031 0.414760159160529 0.0764315921862783 0.0947294040835836 0.465008069013533 0.635322004400845
0.107541346126482 0.078079233443497 0.577867574948934 0.444346850841147 0.528498589474372 0.321728313716128 0.717142269364592 0.49432143031845 1 0.495203697670134 0.176388196454518 0.214884236445959 0.300621792279782 0.170499047378802 0.522717007947158 0.103682138853446 0.0256396621998686 0.0381225802118156 0.368105451080548 0.182851426504214 0.10797207733251 -0.252531486009729 0.364147693951169 0.0674927299326939 0.144778335883668 -0.0329772301656086 0.0144433525589345 -0.28634958048645 0.232767560710169 0.161787441317158 0.380648764055598 0.294680606491785 0.366070638809159 0.30234569953988 0.173865711447333 0.257309426174519 0.00353156984761712 0.0994257162806359 0.0893671470730861 0.0499475737594786 -0.119596708649682 -0.14189144628902 0.144831743837815 0.167633056773245 0.170297609852428 0.10105421352182 0.147274452585139 0.169788482056994 0.132997818808238 0.148429498487981 0.252209504493015 0.210055385611897 0.270643571304968 0.288675819750812 0.247992917755853 0.194099888909976 0.0813051769333523 0.0314723983157048 0.26765292348473 0.20260079440787 0.516446345420628 0.361778300357988 0.212640740980092 0.36101436899334 0.213779916294093 0.192918361181635 0.382094901925421 0.243125752347192 0.0234384768938194 0.0930454431561909 0.401604590835847 0.452977054946393 0.291195027176685 0.257202546065447 0.0941366128120008 -0.0339262524010713 0.314371455466575 0.20032833926766 0.154361418357871 0.0461535194215952 0.168556161254305 -0.00353536462462155 0.110759008702518 -0.103156161895593 0.21878961498144 0.022762907698199 -0.00214724548857674 -0.0925948380216099 0.363496529135106 0.33605783638621
0.0464034925826579 0.175163951974798 0.178014677232368 0.470454375467674 0.214452488053965 0.617033020893104 0.345367635891165 0.474715806358299 0.495203697670134 1 0.172584014291133 0.254690332001387 0.251287257006222 0.13077649348512 0.264975057031865 0.348036246315762 0.0577346895939086 0.110629386113866 0.121609646513344 0.136829243872718 -0.237687533269684 0.0842473783263084 0.0694234059271434 0.0970757403705085 0.00692209334414228 0.0168790030892208 0.0308274968765219 -0.0164013191688952 0.120546718313008 0.147524896076061 0.0541281469900296 0.0999438132174507 0.0961461530357508 0.147281225394415 -0.0490267419211508 0.0279864268808891 0.0300527409307624 0.065438538739254 0.0116735067847669 0.133258273275888 0.087969014568395 -0.102951764653141 0.0381695974771531 0.0584919410278379 0.0148011853993857 -0.0144588449618337 0.0661420442733266 0.0674590840257825 0.0380178664803587 0.0119967763551343 0.113833611575274 0.0532467241273616 0.112113632971338 0.221842850745094 0.0741040608992447 0.150765389868688 0.0760411364077418 0.11273715211713 0.198189252721887 0.239367474554102 0.417908318588349 0.572186996348494 0.099422440604386 0.260976450120259 0.0839717008335911 0.289947647904593 0.166320265186901 0.0887190044869983 0.0145278420563541 0.172886195255544 0.151618061276283 0.153491540074544 0.0340899964345934 0.174276661278557 -0.0861293040532706 0.103777539586168 0.0844269223429158 -0.00125226680317464 0.0608472695166518 -0.00235918227189383 0.159017978599981 -0.00679098506207735 0.0585571074198555 -0.0396134134151281 0.117690825276779 0.0970601381839204 -0.0364544091270721 -0.134365564058226 0.140467349176123 0.350364854487246
0.719642433468867 0.691947083952247 0.278821753240844 0.184719258281909 0.347294378414522 0.18009762219509 0.293728321031219 0.290140213932621 0.176388196454518 0.172584014291133 1 0.671212042092715 0.684900839864701 0.526912402033422 0.340640006307845 0.165557573690306 0.493150655899971 0.569395959246229 0.445585537907938 0.536308827416552 0.129709121089104 0.00344712566050604 0.217859783277517 0.215556717674677 0.214166378989385 -0.0259185976879917 0.0732216021083592 0.0464943728297016 0.511131676297934 0.503302267769049 0.131819555404252 0.175199081977056 0.191727867040717 0.247810240855143 -0.0445796211266917 0.0211384611314522 0.418146788230543 0.407359217894018 0.339010056238472 0.355010532684219 0.352600348943738 0.416496707840117 0.305524755002486 0.287173478974499 0.245831802689793 0.231682566878471 0.245143560268488 0.228358098499772 0.167267143901423 0.106810619308444 0.196754739846402 0.0946387166132732 0.294420829708272 0.256400944172343 0.233258154366376 0.259646262971599 0.560142028389563 0.620880663688307 0.44395014435141 0.443940824301553 0.426094359705972 0.146792392188722 0.763570718657526 0.355453551662667 0.205588618268811 0.085958029450937 0.142152596572164 0.123354557008324 0.503531567914886 0.473744155402995 0.0713557874667926 0.108926376424273 0.336339467564263 0.165152346054781 0.084982492873158 0.256174443411634 0.0220741492728773 0.0110422859804961 0.390536824741326 0.399881006742795 0.536574777785894 0.592218924244761 0.451101898332462 0.455651780067498 0.56408215995426 0.338488732959317 0.268368609305965 0.306233130794669 0.282624172397869 0.427393901208825
0.542703502855315 0.511039909305663 0.273288045088498 0.384820341971727 0.234063685789718 0.24597998347558 0.388218315561544 0.513181223436812 0.214884236445959 0.254690332001387 0.671212042092715 1 0.470887778393423 0.575209061373679 0.23266124122304 0.227722448546551 0.285506447764151 0.404099432182732 0.363102786085136 0.497530460875013 0.153396335946072 0.0659080758062245 0.196833542173548 0.202091055288642 0.0902331074118472 0.0361369463250977 0.0352770508231773 -0.0226292591426854 0.465928833778979 0.571868224580401 0.329792422421563 0.343878283188891 0.286089605530408 0.427968627648199 0.0127622908056864 0.116397853533763 0.260550258270745 0.27396350103627 0.170896940652912 0.264971326463144 0.190820097633853 0.309028590346451 0.206156458470096 0.208563938534969 0.226678796064328 0.234144152183908 0.169515358355057 0.162086468325255 0.213942488350694 0.145592377650015 0.189306721756145 0.126271016566749 0.30588279116822 0.231084434567331 0.168265185989605 0.209348546978722 0.297931351908791 0.412611247783345 0.461062725586983 0.525351789044812 0.492346563055007 0.423514938676578 0.668911261512034 0.716113098715119 0.100532787920651 0.151393905369037 0.217186393919588 0.221031902866086 0.308966374554201 0.334337220973259 0.223541830950732 0.223221288245543 0.286617990953834 0.213705010122694 0.117623000854755 0.247333099358922 0.108473793373661 0.147065906009193 0.30929407458622 0.326110906285476 0.489232005717459 0.532962457751295 0.409400385846521 0.436071582179444 0.442236753936341 0.311242938094324 0.0875475312603842 0.274924428397757 0.25228220716109 0.448602985381202
0.58146857002406 0.557876239085868 0.512014766250694 0.398154005244384 0.480087681270412 0.32195437462743 0.421133578351302 0.439925987765504 0.300621792279782 0.251287257006222 0.684900839864701 0.470887778393423 1 0.732128758011333 0.669650143424777 0.45793241476118 0.477734808906273 0.487451950819753 0.517605134530921 0.462871334391281 0.169219747432602 -0.0391435321434008 0.48099415058667 0.476291149067548 0.319902802998004 0.0750256698950406 0.232746510654294 0.0527877141560152 0.367510574989894 0.401760537953889 0.116420517036782 0.153380527925532 0.330181911969225 0.243550805665884 0.191710866813185 0.263735614977198 0.41847951955203 0.376036641668059 0.382362242940503 0.497842562850176 0.279657753986086 0.333310052915538 0.476299987048578 0.484305788371514 0.372939878885184 0.328141859116116 0.439222000421355 0.439904542365456 0.181565135865094 0.187457102232185 0.324448373478253 0.296031050235807 0.394386290557248 0.426920250024608 0.405893490757048 0.488182922340302 0.557854847669681 0.533573182402766 0.336575042514539 0.40683863461393 0.492970619643149 0.21889437904673 0.598262288710622 0.202928599072751 0.513295730475983 0.397422685151757 0.37965702138989 0.372702684243189 0.474129122626951 0.436773053955434 0.0887589274205229 0.0993969248722458 0.270543163727569 0.228452900255446 0.163147448531339 0.190952514355645 0.13819586529202 0.0494186168678564 0.466200839373945 0.405115656680716 0.530610681346713 0.596092545524504 0.549981378082558 0.522300165798767 0.753479118994049 0.583560594087913 0.247370273396415 0.441998582353297 0.55560742183366 0.571337850545961
0.488890299783877 0.509876289972896 0.417159008909258 0.379786479812032 0.397645619348202 0.349896150398877 0.19663069172924 0.406415441477304 0.170499047378802 0.13077649348512 0.526912402033422 0.575209061373679 0.732128758011333 1 0.626043591384515 0.69598385721994 0.45824267673188 0.456901572680204 0.486079466069691 0.495369240985498 0.318275484303336 0.143482968487651 0.584519318070502 0.688134895847907 0.396377481053672 0.286393273619426 0.307746138042892 0.187062866000747 0.348110970581416 0.559905327663054 0.250285429238595 0.298244915041329 0.347681282110879 0.319594706520768 0.232289753640429 0.360647604431425 0.380095229006405 0.382651552551504 0.390592141413304 0.527773523471141 0.173768301351833 0.307085248043449 0.471763779617307 0.492641276992218 0.398252962639328 0.359344888660779 0.386762133065645 0.410664927421448 0.164971841629387 0.214265193486835 0.230867646911046 0.288537014144952 0.334512938588455 0.349365882936916 0.377446128671451 0.448065661938734 0.452180153658559 0.44619355833714 0.237540705046424 0.330139326739843 0.274267376297403 0.206650788291553 0.524710100834188 0.307734192371869 0.497773808711193 0.468958758910166 0.339477326226061 0.387940818841826 0.516069519974661 0.401485310932002 0.125630452963071 0.167029708836281 0.211823070278028 0.176634913975308 0.252974967915266 0.265256835978203 0.235285070302207 0.156948786566001 0.498475701848348 0.521256718587499 0.510095004718197 0.692753430001851 0.659244989852466 0.700840560543449 0.720553804779187 0.68686431690231 0.306018832156195 0.633500965755456 0.469162018483296 0.509586332023254
0.232226800541371 0.257150140782744 0.626589506852664 0.402280661109291 0.670284585745933 0.336339225720312 0.371946924735947 0.303666219559517 0.522717007947158 0.264975057031865 0.340640006307845 0.23266124122304 0.669650143424777 0.626043591384515 1 0.630124646658725 0.243031708912835 0.285590826275809 0.418442393272322 0.293690528109331 0.270596982553037 -0.113484341619483 0.73438987484798 0.633506565190518 0.440542337082164 0.277111793763251 0.257098284203199 0.0556112408569979 0.261899120989906 0.36244276653066 0.253205643301532 0.211688224103227 0.368837377530157 0.222659534158315 0.363895881845966 0.403571040265663 0.330466473288489 0.290088968816491 0.297740341603723 0.305677685187492 0.103855522332979 0.0124919105380284 0.278272746662462 0.327097730819211 0.217178019131185 0.170834806081468 0.236789756246259 0.246407142219413 0.0466481194366266 0.133443899631123 0.166098344569887 0.199903910871734 0.28612663649775 0.330097144766512 0.301117224713775 0.295026727700629 0.252251036277241 0.233912190320747 0.193638962826866 0.189976138303173 0.408277007186076 0.227555478012721 0.374664662923884 0.175806300196101 0.641690088046269 0.515290730176673 0.412922927505843 0.30203677057856 0.340026647155128 0.239099455192258 0.27377107078045 0.251616392583099 0.214243593563995 0.240327106327537 0.23493550964528 0.135720136034858 0.326925738675784 0.20075026977117 0.374610695792448 0.368775340491147 0.34410348781488 0.415303816301301 0.497907902126234 0.431027475816032 0.677873766191131 0.551528150295292 0.297728661904022 0.453820086326675 0.61820927856255 0.517809166825047
0.152202717153472 0.265774057162361 0.354338788551559 0.429883717287956 0.2953316486491 0.538079889224972 0.0500080593767577 0.277117423241474 0.103682138853446 0.348036246315762 0.165557573690306 0.227722448546551 0.45793241476118 0.69598385721994 0.630124646658725 1 0.25714663002158 0.270742683511618 0.250723749888235 0.266193965287562 0.201758911853365 0.258268404508794 0.620685270001132 0.801916336124935 0.467090052348376 0.476096785552677 0.382949287812451 0.307549851205693 0.126305144110722 0.390314949163252 0.141925440238788 0.241678967080761 0.267703056426422 0.225820494401775 0.339262604979881 0.430122255650422 0.327042166586006 0.257341558008222 0.286948061479051 0.476339594890374 0.162686618798115 0.135948463492067 0.321805600953299 0.339537022138411 0.274603874418819 0.230814531330687 0.272801006293817 0.264584032649831 0.0794538666027084 0.171372959870965 0.156224826191323 0.2416833335109 0.145137272374595 0.261651606827882 0.286886267927897 0.37746498335872 0.199558526369145 0.216135507336512 0.124892733191516 0.190168943579116 0.164994370179312 0.241619016774848 0.185916595110663 0.0950868316512653 0.579252896600233 0.637578846118818 0.358446065740421 0.362672611819544 0.331577259036017 0.236467809612385 0.169193110982344 0.168212956309778 0.0821951225228956 0.249794375634963 0.165519376865816 0.220651851103465 0.255814023958558 0.159000746563458 0.347709148744965 0.380014595346481 0.317152272939582 0.433388676431187 0.534297606826872 0.597111133690021 0.555652016080521 0.721169255567839 0.262770611454693 0.547474464991874 0.470675444920487 0.524704869257545
0.691491250257678 0.701880523095502 0.237153150179957 0.23810617333837 0.218960110650622 0.117138290402767 0.180256106201198 0.313146454452187 0.0256396621998686 0.0577346895939086 0.493150655899971 0.285506447764151 0.477734808906273 0.45824267673188 0.243031708912835 0.25714663002158 1 0.909425582954915 0.490551575423167 0.568509513791747 0.158774227202754 0.0596335104805976 0.173608927505897 0.189165562770374 0.241977821244627 0.229801599580902 0.136740430730104 0.25592816093434 0.666904006064912 0.646344539299055 0.203174171831514 0.2566100517766 0.442554802252354 0.466853734887398 0.128110288126899 0.177074700011089 0.5287387232467 0.505385977453353 0.546130249583296 0.601275964976752 0.341996265705503 0.488600475778847 0.681285223304799 0.714857700552127 0.630175367962285 0.658265464853442 0.673498220353477 0.687438287045487 0.408695387801778 0.455234387265393 0.477072437443005 0.445869299570555 0.350959098824026 0.364509032577781 0.597104857241907 0.611808079026805 0.8354251392805 0.795674046481473 0.362775881463054 0.382860344678293 0.0864531565693675 0.0140914359530713 0.561043436563581 0.231183605534271 0.219113092103289 0.188929856969656 0.372123341798477 0.450872795992319 0.600351244019838 0.717876640351593 -0.127934580574709 -0.0389554288095676 0.186020509483891 0.050080398443762 0.13576716364529 0.173660578384094 0.196627969431796 0.125621064858684 0.80192441338311 0.739885725167653 0.804627299561609 0.646174792023531 0.638291516777826 0.583889368932603 0.538230454927345 0.424695047279889 0.359083521229122 0.325973064657556 0.324456618674472 0.424595373330391
0.71878855484622 0.810212797432395 0.295393230831716 0.287475784394373 0.318794173665521 0.104459398647252 0.189334199303064 0.322035044135577 0.0381225802118156 0.110629386113866 0.569395959246229 0.404099432182732 0.487451950819753 0.456901572680204 0.285590826275809 0.270742683511618 0.909425582954915 1 0.562119309763666 0.661722658887355 0.197077470056145 0.0503319855361557 0.230193573529562 0.233569817894678 0.304267142583979 0.290850893863358 0.102734700696317 0.219195775313817 0.676959879852638 0.709867955160127 0.241388236253902 0.290809833958249 0.482349327127242 0.520473415838206 0.202370454548181 0.216005269568218 0.571992771112938 0.549738181434205 0.542145784289417 0.567854247032826 0.375020834574311 0.518450606919906 0.630086140610281 0.675592712025857 0.579563487015794 0.612641355960195 0.599389768497657 0.603852076931336 0.387618508380274 0.436687015716847 0.445134224868911 0.396805266258332 0.369809731177864 0.367217836805028 0.54299309792349 0.548944755103351 0.816643758504715 0.872182257132666 0.418956954890918 0.45660617565342 0.152742830501195 0.0871777568221958 0.663882779677242 0.313995025411824 0.222069214419174 0.209779278412252 0.388062929197542 0.440175154687423 0.623250988761302 0.729631069649805 -0.057717735702015 0.0370082949714969 0.20946354508409 0.130030100393293 0.13219842021121 0.2076442910777 0.253714442954953 0.15178241897104 0.733733489025365 0.752881828282745 0.771388807280302 0.671633642349655 0.658187451891424 0.59275038631881 0.550031700207143 0.433888249073424 0.391112696656381 0.373084530670891 0.345466655398653 0.495788032609945
0.629245720881792 0.613254694758133 0.632126777582754 0.52682406876487 0.374416048741318 0.109729041736309 0.508072954919886 0.454202704935805 0.368105451080548 0.121609646513344 0.445585537907938 0.363102786085136 0.517605134530921 0.486079466069691 0.418442393272322 0.250723749888235 0.490551575423167 0.562119309763666 1 0.804752421527366 0.394971589766795 -0.0789451774015768 0.551694844742355 0.326614156610482 0.377194024339944 0.278067709034501 0.179566445635558 -0.0323726023143555 0.619482644600732 0.637653383329559 0.549512543790491 0.534293345858296 0.714673760462595 0.662169120798636 0.459046439939117 0.500742071598799 0.455421152080475 0.441096014332826 0.469622087661751 0.482052210632898 0.198227904383306 0.309208695121957 0.594138293579189 0.572586757051004 0.56560086880619 0.521363088062129 0.592602332128276 0.56866652928976 0.475155121223838 0.465612571789323 0.490973232738042 0.498014609886889 0.331323684131462 0.243733855540437 0.617238076268869 0.56565753880308 0.591408016306172 0.550245296238288 0.536578258399972 0.521531413750458 0.313578767948924 0.128220575039767 0.544390887760928 0.357593146489405 0.263512469298576 0.233559061726546 0.569847676576828 0.55994671905912 0.611529267187714 0.662164805507805 0.364365563211389 0.421746822744428 0.506565089726194 0.425379776170844 0.186946046079985 0.178398927571563 0.420095416689005 0.348589246180861 0.478067872246784 0.447312640260281 0.519856379303648 0.432041930203935 0.598151236780798 0.420096556040399 0.477247362307361 0.332624171655642 0.25234473223032 0.33303732304905 0.403904277456355 0.515800923953623
0.670255590274948 0.748824067613142 0.435814615372798 0.458621401655987 0.279304368728489 0.149806511617603 0.355312090000501 0.42897255083068 0.182851426504214 0.136829243872718 0.536308827416552 0.497530460875013 0.462871334391281 0.495369240985498 0.293690528109331 0.266193965287562 0.568509513791747 0.661722658887355 0.804752421527366 1 0.363042899255494 0.0322977858137232 0.362851252177273 0.325535166210599 0.289515521600232 0.267907960329264 0.0454627758838682 0.0622941052839211 0.648290671269153 0.712176047595346 0.445163116420842 0.474191541398162 0.58990668380833 0.641461237156014 0.28977295180191 0.374053149870331 0.501403896341841 0.449307175006077 0.451974742254991 0.466304298320331 0.295190694879765 0.420813147383106 0.513177166262501 0.51341097021221 0.468012593531414 0.466456958848312 0.493794281109929 0.480612292437363 0.40312793772854 0.383624848582974 0.401047399559001 0.364339847398541 0.318840575895087 0.198339188120326 0.499187721276652 0.459163244463913 0.567942070349343 0.622266544647792 0.484425256861076 0.489301430452455 0.207678224750481 0.133998191658251 0.603934841410207 0.444073408668033 0.104153993799476 0.133914186598392 0.388457167998771 0.406525456257927 0.68737388122876 0.762498607169788 0.262536918181437 0.304331399708109 0.454172841520342 0.4260653563399 0.161916014330451 0.252102986758716 0.266936176812041 0.23580685470995 0.476253775088403 0.504919327837004 0.547271465144581 0.510736180035989 0.593329498955436 0.453257718577923 0.403185987781896 0.308524749539966 0.287030856581779 0.327956149847335 0.241387046387671 0.444829344910932
0.278022027141438 0.259263135873352 0.401987542275596 0.242926502079501 0.217268651931419 -0.144508852769135 0.212844371339409 0.118232867526252 0.10797207733251 -0.237687533269684 0.129709121089104 0.153396335946072 0.169219747432602 0.318275484303336 0.270596982553037 0.201758911853365 0.158774227202754 0.197077470056145 0.394971589766795 0.363042899255494 1 -0.097762038237442 0.491065390897923 0.415111909779546 0.516186688726389 0.52381466811092 0.295345973143072 0.0510760067100697 0.263364384499659 0.295169784783565 0.387477153132065 0.424004966318635 0.372553567521046 0.333225455386014 0.355019722139088 0.467426902917977 0.275472192070154 0.262877832854352 0.309991010403991 0.155771085314764 0.0423361945348802 0.076972936339038 0.323701048220108 0.306162116383323 0.318977193411492 0.277198388113099 0.283120868451867 0.299502137841997 0.27232716780618 0.277335107728614 0.265392012895033 0.318989518278596 0.197911155316845 0.126119385213381 0.316783797228384 0.278842113171363 0.184826258080347 0.185608964531615 0.24730594922603 0.21925745630507 0.100742153372505 -0.0623881338023115 0.221803045247587 0.119759012389115 0.351351036582128 0.230881482313814 0.342949356628382 0.328629686954994 0.33378531596099 0.225567066710143 0.273692370693632 0.337885098471024 0.31555762173051 0.254352482705645 0.258398318164247 0.17470203084129 0.266455577781653 0.213468140666395 0.253335173635237 0.261833443454981 0.211659553665021 0.320283797724739 0.36843274940143 0.307228419614291 0.325949527001393 0.360740421706614 0.223968749645162 0.321325425765542 0.278833044008324 0.258241776528096
0.00527645946090806 0.0401759184145585 -0.0948933832447104 -0.00167686994257177 -0.205519758292477 0.199357750328414 -0.19324166483523 -0.0144743704495712 -0.252531486009729 0.0842473783263084 0.00344712566050604 0.0659080758062245 -0.0391435321434008 0.143482968487651 -0.113484341619483 0.258268404508794 0.0596335104805976 0.0503319855361557 -0.0789451774015768 0.0322977858137232 -0.097762038237442 1 -0.00239940449777237 0.173300097220627 -0.12743959012804 0.101982849339457 0.0373607486478754 0.313223429857487 -0.124292475656136 -0.0204605713511389 -0.107049136878799 -0.048034274552341 -0.185386839575738 -0.132454135045556 -0.171525874021691 -0.112561498920685 -0.0840250351292149 -0.028597873842257 -0.127580637603677 -0.0167239378109933 -0.0305572211414432 0.121078678101968 -0.0304281234281957 -0.0408067415814008 -0.0148260065241718 -0.0524427703031032 -0.0562898293404134 -0.0584034833584786 -0.0582565324212586 -0.0592862230269898 -0.0653795920348285 -0.0636999524199038 0.00203803691041252 -0.000224519738473582 -0.185060972205325 -0.0265047059555886 0.0118700345179435 0.0506012870591523 -0.138907197331457 -0.107475832688867 -0.206519731242643 -0.033854293498929 -0.0216506505407818 -0.0802854150735394 -0.0691306011605665 0.0263000164989617 -0.14406161081106 -0.0700714622387033 0.0556456710350347 -0.0112732888237659 0.012179546222918 -0.0217249588117784 -0.163275111330589 -0.0140311723470772 0.0155106085999742 -0.00927508631058476 -0.125605372789109 -0.0623957486022273 -0.0167506864341812 0.0630394270189163 0.0680460149900755 0.145890847521636 0.0858927679757623 0.198906599350251 0.0268187190693795 0.105542512283593 -0.105458319066736 0.0888865867626277 -0.163137492732674 0.00182205416348435
0.282344139279039 0.262486014308925 0.813601050314218 0.568015527516307 0.540535523892408 0.267803045310953 0.390438612993356 0.34913601751665 0.364147693951169 0.0694234059271434 0.217859783277517 0.196833542173548 0.48099415058667 0.584519318070502 0.73438987484798 0.620685270001132 0.173608927505897 0.230193573529562 0.551694844742355 0.362851252177273 0.491065390897923 -0.00239940449777237 1 0.81447349851269 0.633719025432623 0.552109144416364 0.451799931266955 0.144441852264695 0.226684036434679 0.391845560689212 0.443955776783425 0.444477066162573 0.512449858775734 0.359376435292153 0.61794171192234 0.636849823313129 0.301413347416155 0.255907792015561 0.252814413354949 0.36135698830406 0.0763988105768585 0.030384527418518 0.371863266312498 0.376192612014472 0.342267517684064 0.236487571571437 0.297015106496507 0.319699540798647 0.185245208174411 0.252065825420205 0.276014331859618 0.379887834960913 0.307288621186119 0.351198445731047 0.374686861750479 0.405849957311359 0.268868117562663 0.234908470099154 0.285880275367138 0.297774609879502 0.299332327550216 0.165703688873315 0.331759134774369 0.177452785571865 0.727892439199422 0.592318377216978 0.584188751219994 0.47056114150383 0.323338895095811 0.240031501302455 0.378153094145774 0.388867639021353 0.36321223985643 0.359743575684073 0.273322435129662 0.139177932887282 0.441125953480858 0.350221393067769 0.29681307631364 0.298407735883226 0.277347367523023 0.418312841810591 0.506790738961508 0.458816690766639 0.63038014733573 0.643270407276942 0.266160309955836 0.486558408316291 0.582523447089413 0.530677758010651
0.249014941224868 0.324726290931555 0.529350545704606 0.462777249913716 0.437786129059588 0.38780881607723 0.0846553295507634 0.276122405342402 0.0674927299326939 0.0970757403705085 0.215556717674677 0.202091055288642 0.476291149067548 0.688134895847907 0.633506565190518 0.801916336124935 0.189165562770374 0.233569817894678 0.326614156610482 0.325535166210599 0.415111909779546 0.173300097220627 0.81447349851269 1 0.557480188297523 0.564558365966721 0.470293312016001 0.33861095867092 0.0645200956510772 0.315584378635497 0.16000397150176 0.285246723973014 0.268381344770022 0.174137385739719 0.437308109068363 0.532647639967687 0.315790176483365 0.220842202790962 0.251454681566702 0.422875728852178 0.128726491755825 0.110258571576089 0.328704871659281 0.341549697157391 0.252605008055478 0.186627802255923 0.233302693142191 0.262470809575332 0.0625509141142154 0.131253704375688 0.151605342726128 0.245111482826122 0.211002149481916 0.289468499185304 0.255878381579452 0.361881022207128 0.251816476739789 0.259440808936031 0.104238864447013 0.174528947819851 0.0851928495113868 0.131200195604049 0.251164817860889 0.0641727951260577 0.65672991567553 0.634973400979296 0.370474450466032 0.354692407009657 0.373369811244711 0.224712526648519 0.230513322188351 0.208929007366769 0.163826602832462 0.260543045016927 0.181701039592456 0.241926942440981 0.207554473860287 0.173284013871001 0.248943540269327 0.291615700559031 0.22847756310565 0.490290296272489 0.486093675342733 0.574168950570693 0.600390829195156 0.761501431948132 0.2727761668193 0.665235431374994 0.444673486617451 0.477396342458488
