1 0.882731451771255 0.734874156088057 0.609570826813294 0.480090148654844 0.426671313605348 0.766322403550915 0.59943854160305 0.521265190032069 0.424671643300727 0.721149203324863 0.767719695114859 0.804185428678728 0.76111123586887 0.625602776331134 0.51752532825359 0.81736863029146 0.769526836273596 0.908235671830287 0.853827356117813 0.297972894025378 0.576464721718133 0.633246866628269 0.448342579248509 0.554808706232347 0.547973692319893 0.577559973961596 0.314443824544395 0.701259619738581 0.714167488948911 0.461842188179187 0.26874931674025 0.759258994035297 0.662511672677885 0.462358161391943 0.338697127740177 0.679884076772237 0.299816666773828 0.678860996290785 0.63560824989323 0.585821391099732 0.282654918814207 0.618404608761712 0.696907682638729 0.78986873243863 0.74317980626786 0.717386266245438 0.67376428103091 0.74127583237138 0.786281928553254 0.639683028576895 0.701175150716228 0.533832840788044 0.355659261102891 0.705862541110126 0.736199732447042 0.887409653938298 0.850444542711124 0.73311281368195 0.789589261057348 0.662406685198003 0.273586897361168 0.764641077420602 0.583768537153132 0.512421269557009 0.618171263216445 0.527781796279039 0.5345952957398 0.808458246720125 0.739738229583065 0.468477239082738 0.431635891372478 0.178935468613799 -0.0115545307684356 0.216078238634709 0.20830980211699 0.516590704624315 0.598773713703535 0.659690433457096 0.663520902202681 0.785625043141456 0.848343513356149 0.775868235296862 0.761789374048513 0.764304878310606 0.754589443769879 0.548343500648839 0.623538941511781 0.705960544792656 0.668899112895277
0.882731451771255 1 0.592567192181405 0.584094639412576 0.42239148029705 0.423184483005902 0.60707771762974 0.560361457647075 0.434606565004363 0.396393195484915 0.54358381175565 0.731685959070267 0.629018990564751 0.670433502326647 0.509684301799136 0.462875160480308 0.831631596820516 0.870283175202043 0.810598239007939 0.907390740017486 0.321097161526868 0.546931484270631 0.512592333610519 0.385840275547161 0.460206367063262 0.511557194074027 0.508341346461024 0.235586604613007 0.663638530277723 0.77430890654236 0.429628617359358 0.294011615021472 0.744420235261814 0.672753780067597 0.410446464409344 0.404952189439411 0.704293657590109 0.335283922517212 0.685807994338138 0.646199658407562 0.592477433814208 0.290214135770218 0.602545982900827 0.711086225749076 0.787671548752234 0.783442912625912 0.684617474228226 0.647807316542671 0.734769338127202 0.79739513042851 0.61073491621268 0.675362724264108 0.532000145843666 0.335005617971469 0.678476618461098 0.700542435680378 0.906409070964255 0.912370918596365 0.658893660803293 0.772597182291971 0.559811061220958 0.262200959650914 0.695480063734668 0.596942707166522 0.47074762219858 0.544319157624923 0.533902424738094 0.585027047837776 0.866525091840013 0.801173223948139 0.436479730243936 0.508139983690124 0.12850510251229 0.0571410200925676 0.216036377437241 0.267591016128955 0.590023480080229 0.627242514375738 0.683388079304034 0.730151960846036 0.784568455728867 0.837053883396585 0.698945617812365 0.756444721455682 0.679113635838289 0.712984223554376 0.52041123764016 0.587719128674046 0.628978121084434 0.619916324579421
0.734874156088057 0.592567192181405 1 0.807693011544033 0.736491427617162 0.57280693203396 0.87567322476785 0.655520116131463 0.691591646299513 0.594454582818623 0.548481819951468 0.549091362112356 0.658978283505258 0.699484252590324 0.702188005341479 0.60013354463038 0.549749404876374 0.512145832568211 0.732497310127649 0.66780345593787 0.294385450615919 0.593803885585369 0.88010513072394 0.687005854352643 0.752145227909449 0.725745107325312 0.805898382440507 0.455433682724121 0.394706957873896 0.510686302642442 0.602789514575579 0.398505934473164 0.757829471566538 0.700436200204993 0.747191462907347 0.450142131741877 0.600301703233582 0.312489048573276 0.626760129098168 0.551578226943632 0.404669963846022 0.295954457211278 0.688174397717624 0.677219348343296 0.74605881418827 0.690767243482457 0.699347607199146 0.726838874902946 0.734872043472996 0.708832880772631 0.680406962316462 0.701125754693684 0.578953771282587 0.456048678223212 0.698086423321637 0.73193225438904 0.667322398934101 0.640732232461964 0.778943718216001 0.729072549979571 0.674132909617322 0.521401456163661 0.583103568324024 0.479375656931508 0.739918186187652 0.775100461315798 0.685385820009904 0.587497761992627 0.572663071205239 0.546469612893548 0.528138846990015 0.375582519644991 0.0887181283569034 0.128626885277508 0.167333359342034 0.167075845073072 0.421944931435173 0.589414889384808 0.584365931107552 0.480531473633348 0.639133421801244 0.743130120484096 0.69606596236411 0.702865231176677 0.860199910947086 0.8058201749251 0.576332771918779 0.73704297244253 0.810251220549304 0.757127453867365
0.609570826813294 0.584094639412576 0.807693011544033 1 0.679654818176123 0.70203842346207 0.72809244594603 0.821582226829707 0.637508678218581 0.747434337954102 0.374941278427856 0.560532840702528 0.463707542357031 0.735624013558537 0.601474635933196 0.748165394512594 0.498148208966593 0.474256993401045 0.602861084912495 0.647482168150187 0.317432836713709 0.606336765621642 0.775370121839433 0.856469973701465 0.672787457514055 0.761015174946186 0.737511817882404 0.572561610874318 0.32408747768522 0.568528389406878 0.635635888240949 0.636118693150816 0.715224463276557 0.767321831495316 0.708544536689863 0.550403204337401 0.550185903390079 0.203752718919583 0.589320051295923 0.526952767246275 0.326454837143784 0.184380472024344 0.647285480690713 0.693200164966324 0.695995321513102 0.690866555287997 0.646659851407853 0.677784318897231 0.663729957045313 0.662335268017662 0.621134801942631 0.637182591332544 0.588750457894922 0.418104879314681 0.655898696986758 0.681810400383724 0.630122371889462 0.618956874982722 0.697127942227577 0.720286080950027 0.588500726520846 0.763850145809062 0.504010721943457 0.579031339257256 0.684035022012466 0.842812245336917 0.677130012704758 0.693685270240791 0.587333400778473 0.5505765587953 0.525698621575981 0.461902537329274 0.0444175465165476 0.167726919009683 0.199905435206595 0.191259094022285 0.453221412800958 0.554212725506859 0.592591925843297 0.49083718964677 0.63490108281531 0.743923707802537 0.66645904566038 0.738917988271743 0.772154908474709 0.860186021953047 0.573561714232475 0.794329981298887 0.783039768028475 0.778367897894855
0.480090148654844 0.42239148029705 0.736491427617162 0.679654818176123 1 0.698856124139595 0.624697868060182 0.623521652845105 0.703412096369042 0.594087613564287 0.324738653092147 0.428902503187343 0.394009607496911 0.611636091030797 0.526829437695372 0.58311136501815 0.401404563019346 0.4550431040517 0.518552324394987 0.509570255087733 0.140242527590392 0.612415314057621 0.715820028657708 0.593818049010773 0.81601012033705 0.669176017780182 0.767659399249433 0.470897656319181 0.299011216450985 0.524745812384469 0.583868801364162 0.488065761025391 0.653038352449692 0.661479285752093 0.679321468069424 0.504224491757797 0.625084348716281 0.381649671057359 0.593114735620068 0.394789237027386 0.373950087745139 0.2392703728167 0.696505525973478 0.654251938227796 0.579253442995084 0.570960417930002 0.578412890592071 0.701270654750687 0.652079941486746 0.570713706977225 0.668136391911305 0.645314989932366 0.693014360068101 0.641608088692846 0.64840461784906 0.657563702582573 0.562979707842516 0.561063732983099 0.673393698939864 0.598028075321901 0.48631764781704 0.507177673306168 0.454644930820117 0.46357729635168 0.585310946482163 0.582851917661976 0.625130819299294 0.513894884639351 0.413550326517246 0.307937839639307 0.569091772930373 0.382625837928028 0.173414031457095 0.08116399604293 0.215917237802253 0.158198634254479 0.483572393909569 0.645134971710638 0.557652958155822 0.495115113966083 0.599832680808448 0.577321017888149 0.593404262330724 0.57442249694236 0.724773254647334 0.682745604177165 0.628018576941889 0.760689798512144 0.744126683387106 0.764610677298169
0.426671313605348 0.423184483005902 0.57280693203396 0.70203842346207 0.698856124139595 1 0.542352748031132 0.737445253227498 0.641055972700275 0.710629426039201 0.245735367929718 0.456311178584183 0.274759453147282 0.62783950556541 0.385799681785214 0.705589465563015 0.428718742904031 0.468799767428648 0.465930162206965 0.523875219851983 0.139279794362668 0.658635472166736 0.530418643284558 0.668764361162891 0.638607308089294 0.681445447463416 0.665260072874203 0.523027109732571 0.27328456703114 0.620364505761815 0.638856799695719 0.641455569083524 0.66749148835911 0.699141737130085 0.616252829919835 0.589654363408778 0.524767395638208 0.217673320341574 0.570884324850242 0.368343885300155 0.249269530335856 0.18573959460927 0.653780151909493 0.657930198890318 0.538509010973363 0.558557919717008 0.501269865742459 0.630592529093071 0.541265075900712 0.520506242770394 0.569074479803648 0.52009673688146 0.603871701249601 0.550829372817961 0.599172109660596 0.597472670152935 0.543721173151646 0.557524071690037 0.628775278779985 0.564592341090091 0.517182952935007 0.602487147197287 0.475381792160642 0.57385434156903 0.580630998511484 0.615559773398337 0.635870337710542 0.600606844572505 0.413711835579051 0.271267324964678 0.598003830978655 0.425044409447443 0.167343407461236 0.2142185038473 0.214937430940429 0.22202571623282 0.507059425297759 0.565966212201438 0.568358227155484 0.530191046016337 0.59964787454653 0.592732140837598 0.51827306269381 0.576033681201152 0.607180790517249 0.652982032652147 0.51645238832733 0.699943327605267 0.678869946139001 0.715496605650912
0.766322403550915 0.60707771762974 0.87567322476785 0.72809244594603 0.624697868060182 0.542352748031132 1 0.744124684569073 0.716631666579863 0.577543156162059 0.740740999166676 0.693435403775375 0.750540480671934 0.744773183553316 0.675797908682595 0.61290107684814 0.604795260218451 0.556398608035842 0.737464145244481 0.679396804204139 0.314172823296304 0.592193108271517 0.774765888897064 0.630650382807462 0.654460325608464 0.638961379542114 0.649459793389465 0.410528418662375 0.566329897052298 0.608630029399884 0.642487090931338 0.491178934907581 0.77185563490522 0.737983243751547 0.644485625985546 0.463804405505021 0.587420392019843 0.284173455534013 0.590085059700291 0.542802641823182 0.383037007403809 0.264458985708022 0.664114082883244 0.671863345703169 0.738458398280666 0.675246267431644 0.667595779746759 0.718060912221141 0.693946830824853 0.690423804988041 0.66676286193452 0.658091165134394 0.551523317589532 0.44219356277889 0.697282052121105 0.715625631407576 0.668063001825243 0.652759387625972 0.790108645076325 0.71769115691913 0.852573074913641 0.542875645579853 0.698539678843082 0.608055307746383 0.681788168140805 0.753858215302489 0.663922183917397 0.596314714330826 0.567505324084011 0.532783325272369 0.524650647528689 0.380550196957106 0.18583037492117 0.123508394291952 0.192870779186937 0.14995882262064 0.458037681047293 0.539615653525226 0.579518163987294 0.515115386069989 0.697603628951549 0.760520399166981 0.716490476124639 0.694071934273988 0.801713448545959 0.751190381412456 0.464209819490318 0.624320609204639 0.789010700008423 0.68265334335168
0.59943854160305 0.560361457647075 0.655520116131463 0.821582226829707 0.623521652845105 0.737445253227498 0.744124684569073 1 0.60860766857576 0.677304682200265 0.486025969902263 0.771736943554276 0.459436271887184 0.808811239278183 0.440310229691347 0.720057099297591 0.548489292179965 0.529054868086556 0.60351746051434 0.651359744380438 0.225020140337664 0.612581962544231 0.577990141368724 0.715425873440474 0.635697473552888 0.692498216268328 0.59605637234215 0.52623762570022 0.461556526280419 0.718909171711122 0.689468424458905 0.740662703340554 0.757438452616237 0.839702280828541 0.618945067129184 0.608993541792323 0.577727072883658 0.303048375212221 0.573288627164612 0.495493937023763 0.294871229748487 0.195053400341878 0.718802371917633 0.747019695890516 0.68226032132561 0.691639217873883 0.668108363233162 0.74489829048934 0.682012110499922 0.670291602890093 0.716930388030802 0.673052203293683 0.6990535964252 0.571940306102699 0.718538813158805 0.749130774349245 0.61582833129392 0.632506529231423 0.744298139472457 0.741319321408743 0.697622705687464 0.776348762895508 0.643617164017346 0.777951062632644 0.534475713443296 0.772342839435455 0.682337002050588 0.733726311978208 0.490144621575614 0.443250951415958 0.611941367507777 0.464176262531044 0.120554846518697 0.20239796972726 0.197148007432315 0.196810132813478 0.554888657528685 0.561819111685789 0.625769987386172 0.576103065125263 0.718989204353915 0.742830108460017 0.631129015672227 0.690700731573244 0.69603077326438 0.80020250161458 0.478030403687722 0.677870913609588 0.799702602192923 0.796742232460196
0.521265190032069 0.434606565004363 0.691591646299513 0.637508678218581 0.703412096369042 0.641055972700275 0.716631666579863 0.60860766857576 1 0.674761155789985 0.484942091614755 0.411838749387701 0.502594652809739 0.589314372029189 0.662136834178071 0.659186991803871 0.422134054250245 0.424181396834722 0.549209846570972 0.473703684789273 0.311202897771734 0.648593131193651 0.722684561833573 0.660385217642344 0.67752062335445 0.659188967231656 0.696703724334911 0.500305842692135 0.346762747535821 0.498428468909604 0.646907442072807 0.565099619019936 0.659130463837559 0.655334086445988 0.637223518561683 0.515464540258478 0.520187079378669 0.186331894061431 0.56391281551098 0.29661195447087 0.307177547978088 0.24416121160875 0.606367617206551 0.598847783544014 0.549802105106312 0.525864652252346 0.475068345082426 0.626449614225964 0.583330110350008 0.541992599447062 0.566873881502925 0.550678003041862 0.553966046272733 0.505022369589692 0.56921628595082 0.56866270579917 0.547752466292684 0.555614324197849 0.659462077148584 0.589947349786826 0.595696191937465 0.51415878783579 0.450269833115707 0.423252939047383 0.663848022063186 0.605135151360376 0.543709457067689 0.450362248361951 0.448313324294963 0.321040120326827 0.572639702843627 0.45305083260779 0.259885377738504 0.0969286873308234 0.246475008142819 0.126827546867881 0.48256620678965 0.546860945333922 0.517576229283057 0.469653387012255 0.589245720461556 0.590330150274971 0.597788722944173 0.555048259548444 0.688679911300201 0.656218814215231 0.580146285085646 0.673902422903691 0.71755313855028 0.660522021793415
0.424671643300727 0.396393195484915 0.594454582818623 0.747434337954102 0.594087613564287 0.710629426039201 0.577543156162059 0.677304682200265 0.674761155789985 1 0.313148183333856 0.402960125116581 0.343728732406023 0.64756475562839 0.558610012262847 0.792258852478947 0.335998676839179 0.349877062742847 0.402356135094171 0.439447043299113 0.191600825666809 0.576281506863455 0.643317535469206 0.755919048148286 0.519742593080105 0.597050604077172 0.659224614000415 0.463029914715537 0.230871853059785 0.416246990873962 0.482297695565571 0.505981598605545 0.528515146184289 0.619928758388046 0.552602053670283 0.465651234805216 0.442761276074886 0.119745062843212 0.496816633754279 0.380040576949448 0.260885427138997 0.215012635863329 0.488409176069603 0.538042062133659 0.484797370693136 0.474050322732521 0.456380846638277 0.502485857088422 0.479212140480081 0.461916791726515 0.436895036220664 0.425775674906194 0.418052293666615 0.309591542164099 0.495682189466658 0.469101998134679 0.457573664618808 0.469155393368584 0.496543893090964 0.526388016008361 0.458967656721426 0.706726135377106 0.356500275090649 0.461186400745743 0.505178109760724 0.624752591419432 0.456173195558725 0.474815488803821 0.413320040564901 0.403442676552281 0.454416805471558 0.406978113288163 0.11739616865867 0.0745592659619118 0.168182967262597 0.12684912975458 0.385599549960572 0.456413181519024 0.462051397680476 0.364450061641376 0.486780534147077 0.574295785178389 0.499408122303854 0.543953207041708 0.583710653705642 0.681114132716257 0.495984462705356 0.673619933931231 0.633523345075477 0.613352211421268
0.721149203324863 0.54358381175565 0.548481819951468 0.374941278427856 0.324738653092147 0.245735367929718 0.740740999166676 0.486025969902263 0.484942091614755 0.313148183333856 1 0.677154062098062 0.827357546076408 0.619068167390229 0.580434795726392 0.431166421922325 0.461042750000122 0.419202866347027 0.620836123325524 0.534500861679964 0.267668454482431 0.417837478798705 0.541437587448744 0.335005500725293 0.379288736861372 0.347079896343368 0.372915439833654 0.201455401102634 0.596133615624259 0.454570317695369 0.365792088098395 0.23459426321719 0.492212388639716 0.449535517357309 0.302531126646881 0.156983821443195 0.375287215735942 0.137833807289659 0.355141807304928 0.352731869298007 0.33712752583453 0.243127725077869 0.38417207216837 0.424042813344355 0.490039448539996 0.410682029162772 0.465973338170309 0.445019577910282 0.457727395795541 0.482014685758382 0.413514429300226 0.42187480502908 0.31251357181126 0.225425630744638 0.442670352510198 0.478088821768759 0.518131734089822 0.495110241466387 0.491128089249345 0.5074269666746 0.652340773764364 0.233497432990115 0.571698005400166 0.395200153253657 0.365602393605634 0.441992110258053 0.286593954332439 0.289553488939763 0.422354649611078 0.504765515100288 0.31210376177466 0.215846612064938 0.18623264436658 -0.0359523067859661 0.0788469839979939 0.208751135931366 0.230957634682695 0.353810375048235 0.30621947518786 0.345471460268184 0.505382610675265 0.584005283159145 0.542846229628793 0.492188949294614 0.551495902399835 0.474251040221967 0.25532292581803 0.315532002904788 0.504356932401618 0.391339510063822
0.767719695114859 0.731685959070267 0.549091362112356 0.560532840702528 0.428902503187343 0.456311178584183 0.693435403775375 0.771736943554276 0.411838749387701 0.402960125116581 0.677154062098062 1 0.638915171925976 0.814577139393925 0.456913857136999 0.537095614264044 0.64445460678809 0.659126584191697 0.689415046957065 0.731234499589445 0.165806695971079 0.458383779021899 0.461665356746487 0.429385315302724 0.420440464455769 0.428994812153108 0.405070476611694 0.254511340193344 0.710204149551532 0.743652670534085 0.460978446805029 0.436061875415749 0.652544172667825 0.656438902195198 0.350504078453675 0.336567211612148 0.562874735068052 0.244101411983977 0.522409619591101 0.562377203452472 0.370671875760821 0.187154215287575 0.575170841134932 0.644603117862779 0.669295598438353 0.649629812811046 0.643932707590887 0.61981382868723 0.652888577570601 0.686439812700017 0.643238848941842 0.646712373423777 0.574426491155019 0.40155730365124 0.674385457534153 0.696707954653839 0.676975665356908 0.700885252658399 0.674678970646666 0.758706145127793 0.671982841586223 0.465659125146666 0.741458912072467 0.777125567120812 0.369595634708856 0.581242027798893 0.497707708179802 0.557826477697483 0.605224760851819 0.563381675969364 0.437932108525241 0.400033159440224 0.203828760839385 0.0537924980018865 0.179631312336435 0.206271874755086 0.47239944838522 0.469851092795326 0.566249554232873 0.555328777051605 0.695058257121373 0.760954950880414 0.661912375833388 0.653878624862274 0.630076792538238 0.693223135971547 0.398213328976442 0.497372522504004 0.642439168021314 0.629825573835775
0.804185428678728 0.629018990564751 0.658978283505258 0.463707542357031 0.394009607496911 0.274759453147282 0.750540480671934 0.459436271887184 0.502594652809739 0.343728732406023 0.827357546076408 0.638915171925976 1 0.709082779367989 0.755910961315572 0.496351597343582 0.554660011648331 0.509871623723018 0.684853721156539 0.599417403025623 0.268364396397672 0.440343084411245 0.681872546305022 0.445926595344426 0.433911495620301 0.42280132992156 0.525223023400601 0.33226646233088 0.556677533299241 0.478833704908782 0.348267257980952 0.169836431312811 0.552580802827683 0.456116753041479 0.33288479037348 0.119855358689359 0.398725488988157 0.14378308973881 0.430776886190521 0.427768420754226 0.348381919392466 0.256441700063496 0.446820192144924 0.509495295160231 0.575502122768174 0.531842045452295 0.556081732257048 0.506115978714395 0.550952100132367 0.603803989782305 0.487144665017903 0.552511831912207 0.375224183019592 0.263707019951809 0.518547611485013 0.551402069875962 0.612236726863867 0.590051615461147 0.569021507219633 0.608030407328882 0.569157224047746 0.252497320793946 0.567843849883549 0.420001772428219 0.456562379114615 0.54981828153833 0.311731562891355 0.313508920666014 0.570028372989878 0.603850352145362 0.33724225323 0.210681657272467 0.0995582315633684 -0.0479049952437301 0.0760956140990084 0.238576296335444 0.280995901463605 0.393831988174145 0.42794736466834 0.434389749084157 0.578033267016433 0.698615170773413 0.676911725748673 0.614726565255576 0.703588475544556 0.636802847439122 0.387870446319958 0.474717180298165 0.598459825983079 0.517588619169316
0.76111123586887 0.670433502326647 0.699484252590324 0.735624013558537 0.611636091030797 0.62783950556541 0.744773183553316 0.808811239278183 0.589314372029189 0.64756475562839 0.619068167390229 0.814577139393925 0.709082779367989 1 0.724928755499859 0.831226366559098 0.61375098285356 0.590087261247003 0.684200118033569 0.679511412654515 0.239022429979591 0.629527751194343 0.735107731287625 0.740098058911624 0.56288134249847 0.610031427235762 0.65428506737504 0.476112912157816 0.596775248879658 0.693133802516611 0.548008087227778 0.529560698482346 0.67344050505541 0.692691459418298 0.515954580419773 0.353890206499905 0.553297113952872 0.188463733402193 0.562580334792546 0.553627550999595 0.348254435887134 0.227033656126398 0.590534485105259 0.664563773184617 0.660630013897304 0.646721254544334 0.65505284934032 0.624527347559333 0.645612924183707 0.660733269821811 0.599156452513323 0.626968723908819 0.54398288475616 0.381021281709682 0.655052189621413 0.666616836038942 0.692546366615345 0.685777425369461 0.646707113091237 0.721916451034774 0.589595030778423 0.597115595904394 0.645425321988837 0.744437085312214 0.488704918525421 0.701945312301808 0.480914486035718 0.53016084777074 0.600236728959351 0.577326580505968 0.490986816449676 0.410359060625349 0.147627845820873 0.036923118849272 0.169806448710069 0.226071862426773 0.436356116222644 0.539200298068735 0.611016085544217 0.551088401595817 0.703700618788266 0.823752059280294 0.724128012158355 0.75337307697008 0.745421932190275 0.82345567857174 0.534585303097224 0.713113378367046 0.745082555139315 0.736111100334148
0.625602776331134 0.509684301799136 0.702188005341479 0.601474635933196 0.526829437695372 0.385799681785214 0.675797908682595 0.440310229691347 0.662136834178071 0.558610012262847 0.580434795726392 0.456913857136999 0.755910961315572 0.724928755499859 1 0.727893984806414 0.420939905873408 0.37388750799486 0.557051823831594 0.47887122902644 0.392098173152395 0.502841211581709 0.855370406382785 0.664407793220227 0.46848468525594 0.52876699945756 0.660063877692954 0.424792121847721 0.387089886089904 0.331747744231223 0.367744839791055 0.257537940113243 0.460816961837383 0.427362913791321 0.445857852075378 0.166709341436814 0.352845101976705 0.0572347491335459 0.392410390563564 0.390874405623143 0.210748249401215 0.299209144087295 0.35687766221311 0.408828219245413 0.472992086993988 0.440719209283818 0.443821301925473 0.390532454918141 0.467784516459299 0.481703167325848 0.360944127113104 0.445011799092498 0.281711804166355 0.146432065225591 0.401237120234903 0.408772469086799 0.509168475168323 0.476529636292099 0.435213647532042 0.496512831576548 0.403081665646609 0.390797097863599 0.34664402152068 0.345154797712751 0.528743793789699 0.565457222740046 0.274311897616111 0.2504394481212 0.489973391418832 0.537938013814096 0.327239160525928 0.262001397340569 0.0571452986152502 -0.0357717051495965 0.0659418214207551 0.16834460319833 0.204982660077269 0.320004968317587 0.345251051062099 0.26783007774952 0.413147849931104 0.586880118505485 0.589504714245586 0.544517374488255 0.645219749671218 0.636931415955339 0.418289083770469 0.592362160504551 0.545915450555129 0.484486991679849
0.51752532825359 0.462875160480308 0.60013354463038 0.748165394512594 0.58311136501815 0.705589465563015 0.61290107684814 0.720057099297591 0.659186991803871 0.792258852478947 0.431166421922325 0.537095614264044 0.496351597343582 0.831226366559098 0.727893984806414 1 0.417780573345639 0.394283396915368 0.487948628462904 0.488573079634453 0.289654104748012 0.661356931193515 0.7497311781148 0.858967212103044 0.536765120892303 0.651263052174059 0.696832558936667 0.598461111316059 0.353485323433806 0.530991131202519 0.519995769372538 0.569387941707013 0.548142273850143 0.5964438118099 0.549351230820109 0.370675982749584 0.449362475807393 0.0730368673665852 0.492790000070341 0.439503863146982 0.2434126913391 0.215457094231733 0.478233522380653 0.549737356884588 0.498509020005697 0.485898227097397 0.469282863289198 0.485066412030778 0.460597047566994 0.469072791481176 0.413207527780871 0.43625275132938 0.405774023620986 0.293052734701124 0.498886920594248 0.49104143997516 0.517655752261618 0.511934009784544 0.486453020369082 0.540522586407612 0.470313562807198 0.6569724476909 0.418393306135659 0.582375121125153 0.5554227433534 0.696055343628414 0.413154013442859 0.44277911327107 0.47104393193274 0.443190623323177 0.482359513812038 0.417624772515932 0.148095353384604 0.118942393065695 0.141130192085395 0.205131105189153 0.379293196290254 0.441901112199361 0.476449130968181 0.431062324207455 0.52509461193008 0.651465353701495 0.570026940121423 0.621607187904785 0.628244691483653 0.73241182817732 0.537292101832777 0.71395165894312 0.634557676652598 0.62802985305343
0.81736863029146 0.831631596820516 0.549749404876374 0.498148208966593 0.401404563019346 0.428718742904031 0.604795260218451 0.548489292179965 0.422134054250245 0.335998676839179 0.461042750000122 0.64445460678809 0.554660011648331 0.61375098285356 0.420939905873408 0.417780573345639 1 0.908215678368938 0.810476249450006 0.878926326662584 0.301391800148929 0.542395909359318 0.432550046945983 0.36181691511966 0.491129288467413 0.510111355626638 0.48218862879612 0.290030595647235 0.684208276567548 0.824175386586296 0.488520312430106 0.350723400924538 0.802341644643408 0.746332010266078 0.457779927393188 0.491893069074452 0.677652092610729 0.425174370509274 0.668305278907261 0.602467951805816 0.504030028599564 0.266756036106169 0.655534674628883 0.702296197794677 0.74457367933394 0.719203577929114 0.661510256613681 0.681451929065995 0.668292886972541 0.684238896483843 0.614950803849208 0.620135110569451 0.584255696683108 0.449460443623786 0.686769806990225 0.702194380978592 0.899538272876485 0.872617256001973 0.681701803313307 0.689255062833081 0.581155678676142 0.264539882341022 0.801324205781882 0.672152592952783 0.481288651744885 0.53482431361446 0.571507362990498 0.596740591446723 0.808914630370636 0.639395350386396 0.482734808507223 0.423337999193115 0.123103888401241 0.150599551616604 0.192660017954031 0.193283617622574 0.664065958580155 0.647051037329629 0.74929925805656 0.788905207550903 0.82455499126894 0.753725421824496 0.690344017124474 0.708276994277258 0.65327126192962 0.630140433646583 0.52189916056598 0.551805348437942 0.660788532746284 0.60808628223609
0.769526836273596 0.870283175202043 0.512145832568211 0.474256993401045 0.4550431040517 0.468799767428648 0.556398608035842 0.529054868086556 0.424181396834722 0.349877062742847 0.419202866347027 0.659126584191697 0.509871623723018 0.590087261247003 0.37388750799486 0.394283396915368 0.908215678368938 1 0.779417511039792 0.872408664687215 0.243997312516927 0.513258721882809 0.396600654679916 0.298879245660129 0.490273018743921 0.496150837713304 0.478941344755316 0.218497283025478 0.691896516741236 0.873467917654888 0.491015152064831 0.349014349550059 0.800196828764087 0.725941073790463 0.458598862130721 0.530982390946867 0.735919243352301 0.403602229583035 0.729265937005256 0.55173051760399 0.554477029034363 0.163420696463946 0.69519128123202 0.743753371966925 0.747800382924737 0.746091217290125 0.65395029366881 0.712258859083066 0.692970678303953 0.716972244571378 0.652423671239862 0.647594672447068 0.643619206947875 0.532103871957886 0.721010893099666 0.704540721126174 0.907230542292272 0.929809291124929 0.694292512414974 0.721491251927258 0.573773649158271 0.246967844400561 0.804577514350384 0.710439843972523 0.458240735803228 0.490679146324958 0.609436572998253 0.611588049591641 0.788563184723709 0.593057272026271 0.52201903855066 0.514015559297385 0.239088400769878 0.141537750347832 0.289838923614111 0.195502046838142 0.755605862545523 0.701627031414252 0.7755449750962 0.862570706322631 0.860683976044445 0.77145050855364 0.670757904947054 0.704395959077088 0.645124579000199 0.627881207550002 0.561083970694318 0.567251363472908 0.635117560308932 0.636570723907736
0.908235671830287 0.810598239007939 0.732497310127649 0.602861084912495 0.518552324394987 0.465930162206965 0.737464145244481 0.60351746051434 0.549209846570972 0.402356135094171 0.620836123325524 0.689415046957065 0.684853721156539 0.684200118033569 0.557051823831594 0.487948628462904 0.810476249450006 0.779417511039792 1 0.877219764819857 0.232833653398716 0.547658325681115 0.595796974783743 0.416572145868999 0.596155001586955 0.550066471007432 0.557448931664559 0.354586211040648 0.634089399560799 0.741456586804955 0.544348502745346 0.340383339592123 0.812883488735954 0.740601020345748 0.535144119939006 0.446344373790171 0.742662872802289 0.450040824940177 0.664217529000236 0.555577462297793 0.579365010520066 0.298131351326718 0.66323824155995 0.699983631169593 0.741068926047951 0.713336801142045 0.659566584270823 0.705262968230858 0.712008683910167 0.727297943458689 0.650147100813354 0.665845993365713 0.587307660236677 0.459459098796335 0.676887167217019 0.737721555448447 0.862666662440614 0.824311931816497 0.74292934780485 0.7364467678334 0.62535672737237 0.288658733722528 0.767369711216008 0.581873778151048 0.537570820169561 0.593625273963799 0.590266761106219 0.549509315936624 0.779396030274604 0.636624124869294 0.576774553382875 0.470198577677512 0.213586265284842 0.132716757398556 0.233216884681127 0.186783918399682 0.552692020246425 0.565278778561538 0.660114171525187 0.664012170976655 0.771095781150743 0.750027609088429 0.703156587005628 0.67938427436159 0.710777673039045 0.692907415459576 0.532497650557282 0.597703501975924 0.713372675758098 0.693310763684332
0.853827356117813 0.907390740017486 0.66780345593787 0.647482168150187 0.509570255087733 0.523875219851983 0.679396804204139 0.651359744380438 0.473703684789273 0.439447043299113 0.534500861679964 0.731234499589445 0.599417403025623 0.679511412654515 0.47887122902644 0.488573079634453 0.878926326662584 0.872408664687215 0.877219764819857 1 0.318470054576531 0.578213441096523 0.534277223054101 0.432725098201324 0.559814223711809 0.580433616305525 0.550220086357892 0.30059892995729 0.651372411164622 0.823535437219705 0.543461416829367 0.406919695392963 0.845625714459358 0.812874712483309 0.544952838445455 0.531182638322001 0.744486985405422 0.439885191649099 0.67933669436993 0.603161130909002 0.573095633376549 0.314998948293108 0.6893689511232 0.756424071171393 0.806434433232543 0.794635590303742 0.703070403597826 0.731146930627823 0.738936153294963 0.7744255986424 0.663939527108188 0.685326098807205 0.60743215381835 0.450934250005043 0.711035237607337 0.756727768379138 0.890960294239347 0.885623618128174 0.743432691378232 0.771150928782649 0.642570017160459 0.363701471638101 0.775397421503176 0.687926704564465 0.567119607013736 0.627399698269259 0.667055555685121 0.691318941388356 0.852497484412599 0.745174797547388 0.554006480618725 0.522209488241442 0.145363410470207 0.214873186865919 0.175324432110815 0.294196621815593 0.619229645769812 0.635284339612174 0.70736096733293 0.739158996696523 0.825192235533962 0.817929084910284 0.726008140293161 0.75332263090024 0.724906419156597 0.721435627096528 0.538775259620868 0.607214792386058 0.716291041470781 0.682445764599381
0.297972894025378 0.321097161526868 0.294385450615919 0.317432836713709 0.140242527590392 0.139279794362668 0.314172823296304 0.225020140337664 0.311202897771734 0.191600825666809 0.267668454482431 0.165806695971079 0.268364396397672 0.239022429979591 0.392098173152395 0.289654104748012 0.301391800148929 0.243997312516927 0.232833653398716 0.318470054576531 1 0.353027026866372 0.34805560152108 0.325590039355235 0.248934212061983 0.425444290942369 0.296241376875928 0.248652789719255 0.164671389657117 0.228454292159038 0.30532010935916 0.245222525703794 0.333787981839242 0.288930076156596 0.283231769565984 0.213638874501404 0.209329284930177 0.063554229926936 0.260726876330887 0.2679364545598 0.19663745004235 0.258145255260578 0.202888790000828 0.255641085877964 0.304576996351983 0.290870576085 0.190770477617484 0.220454303017357 0.234415698648212 0.261658939644938 0.163535819134114 0.214085428442439 0.102937873073292 0.0489671563969793 0.188029982771354 0.219149420166737 0.289138306685738 0.276319595605434 0.189378780694777 0.194265680321981 0.269624652891835 0.1072280633181 0.195538300245473 0.10470718396321 0.379333672718312 0.318079481094263 0.27626808461742 0.277758061301838 0.284525446669773 0.297104820670916 0.164691960180833 0.307708636808593 0.0480858692426828 0.110984911520683 0.103015532044196 0.237065841167584 0.142811242730547 0.208763067259373 0.152118428054228 0.233135871833672 0.23919597591857 0.32339557683857 0.303809211099839 0.314921498381681 0.313097959352865 0.283238095804893 0.210192994155141 0.247745298496206 0.273879945954922 0.171612309197158
0.576464721718133 0.546931484270631 0.593803885585369 0.606336765621642 0.612415314057621 0.658635472166736 0.592193108271517 0.612581962544231 0.648593131193651 0.576281506863455 0.417837478798705 0.458383779021899 0.440343084411245 0.629527751194343 0.502841211581709 0.661356931193515 0.542395909359318 0.513258721882809 0.547658325681115 0.578213441096523 0.353027026866372 1 0.632498930865301 0.630892530593105 0.698322748233811 0.722151895994227 0.654800643147025 0.502727052617138 0.408868806521165 0.636445585503562 0.645366626705878 0.528708476678 0.690324822362838 0.644430276041524 0.626755933170704 0.52935154484901 0.615877413776938 0.287142656338794 0.690879711043782 0.473340237533107 0.361788370144282 0.244334669551008 0.651418290775541 0.690177976871627 0.641969132967155 0.646117762887545 0.5642166884467 0.645956917520825 0.617318769358903 0.613401886564727 0.571533600204728 0.55985674297965 0.56652667477316 0.476655202741483 0.633862313519712 0.621369840793122 0.637697098644083 0.622696436006763 0.602926439543009 0.573249420420876 0.512461287724662 0.340255384450873 0.477396423492263 0.463147460267955 0.620066893194307 0.611649837679728 0.575073616756668 0.564585184117034 0.553700667751721 0.406660476813335 0.526393319697091 0.468314865698196 0.172884378595833 0.0568887875446756 0.215297078000396 0.256276650971949 0.534516006090383 0.575067647858701 0.61241641932322 0.608405796854526 0.675619409217938 0.692248493626317 0.68728915216044 0.692901702891208 0.672751102293903 0.672902094696423 0.646510744475529 0.717661326881587 0.655174582985612 0.654617557267126
0.633246866628269 0.512592333610519 0.88010513072394 0.775370121839433 0.715820028657708 0.530418643284558 0.774765888897064 0.577990141368724 0.722684561833573 0.643317535469206 0.541437587448744 0.461665356746487 0.681872546305022 0.735107731287625 0.855370406382785 0.7497311781148 0.432550046945983 0.396600654679916 0.595796974783743 0.534277223054101 0.34805560152108 0.632498930865301 1 0.807173685206315 0.710753080067565 0.719814849918119 0.817160572155517 0.52528335272292 0.337203284728355 0.422454737473968 0.577980783155815 0.425722840257957 0.621979393028027 0.586935524262616 0.689573692881216 0.338669291884844 0.503493892999281 0.169066907063118 0.539309450261231 0.455445335478419 0.286482432180328 0.281616455850275 0.569616928462373 0.583076273379192 0.616597301443484 0.568010006810113 0.589092875630638 0.598133216989458 0.610437998712652 0.596408838149059 0.542262645583031 0.593692982595652 0.478817237943991 0.365438596091299 0.581972526892312 0.604800965067774 0.571921210971384 0.539586737842269 0.603514410455677 0.610544134670471 0.521745216880851 0.509018466148915 0.401910262193496 0.381866022351651 0.71940067558861 0.737330456596178 0.510316094480642 0.440548692339873 0.496599189112537 0.499908076569491 0.471190477721074 0.337911763255011 0.0620597131130519 0.0334991382112794 0.126167628242417 0.151136498030817 0.319174244699179 0.49511938549731 0.497023392078478 0.392656090225724 0.536298644430337 0.686925583071102 0.666822702215723 0.661485747023082 0.808218855533841 0.769226673990986 0.588473545657289 0.756700443541311 0.723783263873046 0.665495279341995
0.448342579248509 0.385840275547161 0.687005854352643 0.856469973701465 0.593818049010773 0.668764361162891 0.630650382807462 0.715425873440474 0.660385217642344 0.755919048148286 0.335005500725293 0.429385315302724 0.445926595344426 0.740098058911624 0.664407793220227 0.858967212103044 0.36181691511966 0.298879245660129 0.416572145868999 0.432725098201324 0.325590039355235 0.630892530593105 0.807173685206315 1 0.594728267812294 0.742851641516798 0.724557573667871 0.619867287908587 0.27031249406702 0.456205031083961 0.601095265184307 0.672372184150533 0.561917155305235 0.636530136903557 0.662709793226257 0.436946903888519 0.405197570979525 0.0565203070967674 0.459383494688042 0.41094566998812 0.126419193761814 0.124904652181665 0.504154939699768 0.545929133409914 0.507682399154614 0.503050774165523 0.486008024273196 0.514461267110388 0.476774138641122 0.482150164672959 0.445128221933488 0.457309863969612 0.444366377885888 0.329329574124335 0.512655255831649 0.517612550466897 0.470356149579734 0.448716240130533 0.515308023668638 0.524465088870488 0.468431370090904 0.756242874505363 0.354317751527076 0.503970396662083 0.654011995217164 0.789076864792366 0.489894178362202 0.518271599369764 0.418450331327206 0.384586115306531 0.424392729818201 0.35110221971835 0.0209388092958307 0.103362775119677 0.126145822984536 0.128040892177714 0.350175375716872 0.44289582460007 0.474146286029245 0.386597794034967 0.512054482254486 0.644329205448918 0.601762421877052 0.655765294841177 0.692121470872391 0.76984017485274 0.556574596465114 0.762348250895638 0.678344749789446 0.659801012150963
0.554808706232347 0.460206367063262 0.752145227909449 0.672787457514055 0.81601012033705 0.638607308089294 0.654460325608464 0.635697473552888 0.67752062335445 0.519742593080105 0.379288736861372 0.420440464455769 0.433911495620301 0.56288134249847 0.46848468525594 0.536765120892303 0.491129288467413 0.490273018743921 0.596155001586955 0.559814223711809 0.248934212061983 0.698322748233811 0.710753080067565 0.594728267812294 1 0.835948504536339 0.806097817868273 0.538384225653703 0.324655954828835 0.574783563649867 0.691672445565905 0.54082368135151 0.772517440728152 0.721910752886061 0.817641078893665 0.592475217682986 0.65044285231333 0.449314011954269 0.653323559565656 0.442872891183542 0.402219678635336 0.264163313241223 0.787329558470103 0.737695519320802 0.680238997119415 0.65647302166912 0.660040857396682 0.793653004971494 0.727233245093669 0.636293673615087 0.764284514365111 0.716668620802476 0.766340973811862 0.714693273232921 0.734954045374162 0.77973748343308 0.625873356093304 0.596582875795604 0.762770494983983 0.648225353584251 0.540036012596192 0.433518855598271 0.494155022024348 0.41229596549077 0.686780536557962 0.698861549014757 0.738433143479879 0.646257863987688 0.463020189331336 0.344949617075923 0.659845352145097 0.402549233222316 0.161225412273047 0.130731039293838 0.207824936991889 0.1485410613409 0.545459779898197 0.639464779581276 0.628876457622127 0.583877417209385 0.693136274823741 0.657020226320782 0.705931754974195 0.683016929638356 0.811913222730934 0.736769940809458 0.69316967981953 0.811055799514443 0.824071977846141 0.80322129355336
