1 0.861706013585812 0.682734861439251 0.598774226806839 0.296476386991193 0.177586543814203 0.607476553991554 0.400279066254536 0.228249041299508 0.150161812751102 0.784364981215527 0.533467237808243 0.706029673340038 0.465810000818095 0.469934595757913 0.28212549188603 0.849990429517885 0.837304059181823 0.834431697202585 0.695631211922437 0.0468284196988623 0.202972333982386 0.581653147366427 0.278357807574234 0.220150611402946 0.212287562573732 0.24032625641315 0.214470335857503 0.62466970653879 0.599302666108778 0.526829626561802 0.3750684323621 0.769947058095803 0.584922176960785 0.239456187876034 0.386265716685876 0.56804687433661 0.371184393712582 0.673875019909942 0.344897244430609 0.505909984313058 0.220353140915868 0.7472049254255 0.730404426945821 0.749403400705264 0.719536088195081 0.769391747144593 0.746707627178957 0.730067473137244 0.681262744658767 0.733767060807994 0.643037824557766 0.704735403033615 0.633403731639837 0.765158669148378 0.766945142896195 0.924970556667909 0.833852266528971 0.79946675684689 0.816264671288592 0.736097187031555 0.639427010725467 0.756967035077162 0.737141939603215 0.339478859779757 0.434965220948018 0.749786130850378 0.694586304966044 0.851740813449518 0.743390219263506 0.28031719709783 0.26425353777044 0.430331740621664 0.408962962023528 0.301391733801888 0.333531546734276 0.444464460364422 0.558983634583823 0.723087824421909 0.792911771643666 0.713187361788636 0.703763608487919 0.553172528130685 0.237033828281152 0.652434994112778 0.654743391811755 0.478923668211681 0.341532882116725 0.651390941475547 0.709073859155699
0.861706013585812 1 0.551576640141152 0.486732083025553 0.185609432862744 -0.07479383828872 0.511948119108548 0.225572746815408 0.179776099002072 -0.0979779110362539 0.639340478314919 0.487813315452704 0.631034974621655 0.2752039532064 0.42510118897901 0.0164354998978551 0.835963226948385 0.838065559151151 0.84156389018761 0.838798609735317 -0.0925014073350227 -0.0143326132177561 0.468999818508022 0.121975668039208 -0.0212224449480225 -0.0379592437700485 0.103224867454574 -0.0239581129654039 0.666100660398123 0.365682525794642 0.32114111027703 0.159231350782638 0.768698108264457 0.646681571500499 0.235996792006275 0.427910539281485 0.44794996554007 0.190481494784099 0.580159351652243 0.123587869574796 0.439672516705138 -0.053905932916569 0.709695999091543 0.732855717784681 0.755986547145257 0.741054256437483 0.760714923842713 0.733642483677333 0.729700245819459 0.679621810049633 0.729327751246419 0.62624432281884 0.665793348614961 0.618668196057623 0.729092586107271 0.68728906206554 0.871497111004361 0.923409927812784 0.741747236393334 0.777748019937997 0.656539586822795 0.629514346563998 0.661254317045361 0.698888441742826 0.308874591874812 0.431605642663057 0.715516100300779 0.697194849605214 0.8410149464892 0.790151113844506 0.140382941897342 0.0109349769767839 0.388456360920304 0.154572842128172 0.363476628448356 0.161864637167407 0.421687451599608 0.522378906759607 0.724509447491897 0.816239264167327 0.706160003279155 0.704867138055013 0.623528539512873 -0.00441406517304314 0.62729058985755 0.601817037041249 0.487623963735491 0.108320015067449 0.566015565868682 0.551769165169286
0.682734861439251 0.551576640141152 1 0.789803891505745 0.450602420257658 0.217773021991656 0.85039354541114 0.553865860816844 0.580492533675967 0.203214488636225 0.476193048997352 0.331330977735843 0.718386782808068 0.416562522602742 0.648566716502165 0.349655421620531 0.574419865235325 0.593044348101751 0.580868990221129 0.387421711101501 0.0667298693372325 0.236429006701474 0.840129507720839 0.506928350649004 0.325713103962957 0.247344608406624 0.276453873559675 0.197215574892628 0.475901977149319 0.437177262898789 0.652872944736533 0.539396457107475 0.694417464251925 0.537228749124721 0.540395645253438 0.406100382019516 0.597014476064772 0.384599947387574 0.608718335336805 0.297008242811852 0.411029062334147 0.233435141467603 0.681279895347393 0.620560425287765 0.617111178106453 0.560036921914232 0.611888616991578 0.614533762140152 0.581246010563006 0.511534379779217 0.570358402490229 0.444562540896334 0.57190250761207 0.505801128124182 0.648784586422245 0.644302770654601 0.630843499466829 0.56336460584789 0.515531677314709 0.541626601913799 0.567135377740382 0.458272572744618 0.524854844114018 0.468520888094428 0.665163592725968 0.550154272630828 0.756608034814651 0.637035412728822 0.621281194422587 0.580051424126576 0.485738504875679 0.384947159254179 0.381067054397056 0.358412193546794 0.293059717048646 0.307235806185439 0.542228702878513 0.506609872048648 0.554949247411335 0.646890184321531 0.610752171303853 0.581936257767365 0.550365770282008 0.222197244474237 0.745790610235921 0.662039951902133 0.562089739360446 0.365255681696176 0.789757180844689 0.753662826305067
0.598774226806839 0.486732083025553 0.789803891505745 1 0.450263486113071 0.409764658826316 0.699703651303067 0.767421636138462 0.476577217134008 0.404555527146007 0.426540189264478 0.443226328907286 0.58062921905918 0.576831864250661 0.5181503225689 0.540048632114232 0.497210100548724 0.526709391867971 0.490838095754965 0.347483816961929 0.314629676119818 0.368053671224653 0.818617635182412 0.725062582072809 0.457979731000557 0.422984075175993 0.380203446289909 0.369925716977091 0.356114559464898 0.563360977015123 0.673951676711655 0.66305132806606 0.557472129098808 0.474299194057889 0.54660052568679 0.455903611509062 0.53846248009075 0.502835034515437 0.610084491890277 0.431671569331875 0.409510966098357 0.376314664245992 0.563986907707739 0.508695105886015 0.535003160128302 0.476990097620523 0.607899924277471 0.542996039363813 0.524310964021027 0.429709251943674 0.56702418219975 0.445590339311228 0.54678391853582 0.560045876126304 0.563807972814711 0.61319255302868 0.559156835554808 0.490019792974547 0.4535112474456 0.4870207773689 0.506871410395472 0.561665197622189 0.51272295901814 0.461035325006639 0.629017266849663 0.645570687911399 0.636432911575358 0.608454274997903 0.508554444486844 0.472485156733231 0.367121992740695 0.482391259123695 0.252198074816458 0.504464632587668 0.223171163099031 0.493362622569203 0.360216726755351 0.411945934463482 0.478590306439726 0.581605478626796 0.516971501505118 0.57517016830507 0.393436717145309 0.39898797075771 0.665001404701031 0.720359985811967 0.461830925434056 0.499584270673565 0.57450820416417 0.745992012927153
0.296476386991193 0.185609432862744 0.450602420257658 0.450263486113071 1 0.366488478025706 0.407348707115991 0.374244058864675 0.452491710935838 0.333552465571539 0.223285396943816 0.191467797887001 0.391846832913077 0.340182915501225 0.441808640115841 0.413218245703949 0.18687270392464 0.189367631753039 0.220416729041544 0.0531458203691621 0.151973881089034 0.300966149124366 0.57435555050851 0.454182755630071 0.398907183646143 0.347973954218105 0.422154009971264 0.326727545524053 0.0518879474272139 0.290088286759687 0.42489459524059 0.401927949777949 0.243901237053875 0.128051776449765 0.425599465965889 0.3746909287447 0.261769495485514 0.293941241432723 0.352778857377859 0.3329260575067 0.18319693320473 0.31592277630135 0.247021673715652 0.204106215081391 0.188637460121666 0.108129522673836 0.20239431057633 0.174100025962997 0.169767030430793 0.135560433374971 0.183645853655808 0.114187438513842 0.185813374989306 0.151679586234287 0.164530191483402 0.236527133464138 0.2701106395176 0.218484228925508 0.072773187540516 0.100340152807034 0.240819732574777 0.23036433866417 0.284294992409611 0.154176793243713 0.479279050369304 0.267195617048781 0.250246980987142 0.228447344789428 0.23460779559934 0.258820184097998 0.191879408412154 0.26874777739157 0.074485137145938 0.268346016705683 0.0624354386524073 0.306612276613949 0.123083809219503 0.118728853835467 0.16614984231908 0.256755710099476 0.17001206395789 0.187483576275777 0.107366067307677 0.28955118515125 0.415662876644976 0.345506098118611 0.18937811624178 0.360152421515095 0.377673724976526 0.384431315583106
0.177586543814203 -0.07479383828872 0.217773021991656 0.409764658826316 0.366488478025706 1 0.0612557560570272 0.526828662271087 0.192187715147936 0.955417872115091 0.108179198726377 0.0488874404337358 0.0481904370365125 0.520679250359558 0.0227052092584902 0.93600100460848 -0.0407765360237153 -0.00871511822461189 -0.136129218809209 -0.268678139422898 0.566378603868533 0.795416286501687 0.356388183922859 0.732045253333262 0.916131262221489 0.960609208057426 0.629486761321933 0.942772084767695 -0.328395931234044 0.702913945735042 0.555674930030707 0.739297497474307 -0.154974408041937 -0.330608576504544 0.224927477931748 0.0615419897015379 0.237577259506038 0.7825029356294 0.392667064481204 0.891202669240318 0.127806181573779 0.893769647583428 0.02291357336699 -0.0308377762740718 0.00372142150962944 -0.00997770958663603 0.140963577928381 0.113841285234248 -0.00876305872694802 0.0795770147820354 0.0931718288369587 0.102416401714138 0.0693314254791156 0.138605821511264 0.12038677200407 0.343894088063038 0.169237987999491 0.0614084587539097 0.0646767901470997 0.134310363475143 0.166489243908802 0.108622241441347 0.0363369044276536 -0.0318799385852964 0.260462322358127 0.106417202505372 0.0395445036073704 0.0102570861842513 0.124351779128545 0.00368115894530302 -0.0256651908882603 0.621393806754493 -0.196144158780326 0.74320857708469 -0.168626726478498 0.658298640877313 -0.160941600437886 -0.0889378686089448 -0.100525810710068 0.0736274764381734 -0.0708842390278661 0.172824306217451 -0.295705318419751 0.932102489201427 0.133682170621293 0.244548101287191 0.0227048178736134 0.907923130099344 0.0360507765518855 0.353628273382523
0.607476553991554 0.511948119108548 0.85039354541114 0.699703651303067 0.407348707115991 0.0612557560570272 1 0.65127136360532 0.590999860450873 0.0723660668091365 0.607331600252577 0.497417171144818 0.794850606724034 0.444919275954889 0.552449975480852 0.198784200515237 0.502442206894719 0.544473425260734 0.540220161744438 0.409899779499701 0.0138174158047332 0.0996325969132951 0.680153654532199 0.306513068168668 0.0884584826718038 0.0378918223673817 0.115502374007846 -0.0289553631968967 0.564880654388773 0.349753570409002 0.507119382936109 0.349413258513665 0.676718683175428 0.633997802618418 0.390770575154519 0.314150415137587 0.455237447288795 0.174950976276069 0.462647168597367 0.0755785978941774 0.364494123124039 0.0690924650841396 0.611895131791096 0.553699468300635 0.532101409229245 0.457775941393143 0.501262796840011 0.483464898352485 0.501472265272938 0.391514400333426 0.503413049130019 0.371536325373561 0.468393783981173 0.40083093957833 0.538467593041192 0.476211787691328 0.479926183296961 0.430031916536386 0.432860092032449 0.396349720308529 0.659402064868182 0.591401029448911 0.604211084233955 0.572601066091995 0.564327081172806 0.579409538879905 0.687151410633121 0.578166165140897 0.487468931003427 0.496559188492373 0.54597889583046 0.344685375105308 0.48086895513148 0.268798322759398 0.288199358003046 0.249303291037144 0.558319638184749 0.484980771120417 0.5338251605915 0.565704914280358 0.601995716258434 0.481914723747108 0.543997871625185 0.047826735497266 0.621547470422446 0.553876043905181 0.466097517043814 0.141542806355068 0.737206219038739 0.656363633948302
0.400279066254536 0.225572746815408 0.553865860816844 0.767421636138462 0.374244058864675 0.526828662271087 0.65127136360532 1 0.397926916966033 0.574410537770281 0.44473912090136 0.524334700588762 0.458335616428898 0.658533506016188 0.183896216176489 0.627382420201769 0.26181329952803 0.354355494204543 0.191881243441536 0.0768451067937305 0.380445660837944 0.499487999623326 0.572186115425847 0.612292801108718 0.493054470842167 0.504716629107714 0.320445039696148 0.405639663131906 0.232846555433833 0.666281439655292 0.670115875648155 0.704154163664267 0.342601846567813 0.348602820239234 0.392353027517093 0.290504526184339 0.468005845014766 0.49938331497976 0.477622193355724 0.45688079734078 0.401852937486962 0.497690857203984 0.429791945142243 0.344275964439184 0.330989626464273 0.248577497903407 0.375110545239834 0.318000064038499 0.325305095668293 0.206999092801548 0.35389191004685 0.26724710501028 0.319271897822653 0.36008112145324 0.342233239864478 0.412488912261203 0.265446437833269 0.169985062820778 0.239332832589162 0.230695517977462 0.463007168332895 0.60170516955847 0.407477905003374 0.44554632070702 0.401094859855101 0.545883614057351 0.452902096397561 0.433796313220497 0.280352256673046 0.257158498194233 0.49053378041225 0.741666993073629 0.269597077603009 0.674395343627794 0.144183396719928 0.580187864379059 0.367784401626603 0.383352144917328 0.32807275353909 0.364274417765424 0.394211643746627 0.381841922297818 0.210328796386108 0.50691909803214 0.345975299919166 0.508717499053702 0.209864127931924 0.526230736633026 0.3992601902027 0.634350219369103
0.228249041299508 0.179776099002072 0.580492533675967 0.476577217134008 0.452491710935838 0.192187715147936 0.590999860450873 0.397926916966033 1 0.246236609785679 0.213106730140856 0.0675521445396969 0.503409938132716 0.284358049152119 0.591812761114575 0.297112099913571 0.182597295508126 0.219575679360461 0.146391227698458 0.064603524325686 0.0888385639243391 0.194397603757392 0.546470192172472 0.4362291860086 0.305365606238677 0.196936252466997 0.273017508914054 0.127335690102569 0.102013687685118 0.11126029027719 0.313992164547021 0.288420542781482 0.273773944339419 0.172120478171552 0.484359958644997 0.344789111879394 0.263725931798179 0.223435467736844 0.227611532207698 0.142702628473463 0.0400138145407227 0.152522483664551 0.277740314473523 0.241572106796151 0.201696675297328 0.17413362304682 0.237544861813366 0.239301597396928 0.135060786949679 0.14884208665729 0.18005116260246 0.0512340518657841 0.14754377932041 0.118703852601954 0.260568151541637 0.201725676535052 0.234375624831266 0.221603444204615 0.0773036024886373 0.088025087779957 0.42625366763017 0.360448714371269 0.146739395666271 0.130298535532767 0.754571053808093 0.54344294763492 0.337717524047088 0.283921874613955 0.177685104535124 0.174832077175997 0.248091948202886 0.2675209260318 0.162416424454473 0.116992995756119 0.20415061944851 0.240057600118934 0.163636441723854 0.0701717863807758 0.181961736112929 0.307736037684123 0.202338246014679 0.242879685649812 0.200109699174897 0.147335490534596 0.48504976013444 0.320132916350094 0.259082737847385 0.172385960893505 0.558552897103847 0.363680002469081
0.150161812751102 -0.0979779110362539 0.203214488636225 0.404555527146007 0.333552465571539 0.955417872115091 0.0723660668091365 0.574410537770281 0.246236609785679 1 0.104274944458407 0.0517711065645533 0.0552862119246951 0.540385239176273 0.0323497014237362 0.94818028347979 -0.0837195051030373 -0.0452959755367845 -0.179860299582894 -0.318057270836643 0.595706463706196 0.854368401482623 0.32918081702436 0.742669072472619 0.928159147684389 0.964397742659564 0.651202069154657 0.918692965353351 -0.37746014674821 0.689326004715463 0.53759135110391 0.733007294365091 -0.199009474038797 -0.359271719180103 0.246345415323959 0.0940566111216343 0.268054015336909 0.795919820618931 0.385570149429501 0.880454318975647 0.178769964493507 0.911506272511119 -0.00343514261219381 -0.0727126892060867 -0.0335582203305416 -0.0587203824745103 0.115456294207204 0.0843925704365708 -0.0411437051961423 0.0283299238264293 0.0800629337277944 0.0663132826944092 0.075155323438865 0.149580513910596 0.114827733216263 0.308828787132317 0.139819777606838 0.0330360442822501 0.024500152578405 0.0874050728353586 0.195512658900908 0.151144103536501 -0.0132627900505114 -0.056555417448507 0.307441366960637 0.175452806922156 0.0373134947384583 -0.0199412480827066 0.109537088059452 -0.0169411254939745 0.0151823137228674 0.66408565124477 -0.173732610836774 0.74768557989253 -0.168425468387307 0.671839290144219 -0.133407508968581 -0.0747670919944092 -0.116810381939408 0.0617957466901032 -0.0835979762317908 0.175550418434118 -0.305337060887931 0.934435739764858 0.114890313996257 0.234908280749239 0.0155715473987795 0.892984777740018 0.0379361431616372 0.362691847949458
0.784364981215527 0.639340478314919 0.476193048997352 0.426540189264478 0.223285396943816 0.108179198726377 0.607331600252577 0.44473912090136 0.213106730140856 0.104274944458407 1 0.698163361576586 0.786062257003849 0.609842211421227 0.389630457568506 0.232247211196554 0.67265642704326 0.67564193965923 0.674293726760961 0.592501954009432 0.00679648341300302 0.117217243754501 0.413731315388671 0.149827374764654 0.107919215216751 0.106900126058681 0.0735928958440626 0.0970184308993289 0.611301824872006 0.554290717404431 0.380148222083907 0.238491850396059 0.627643565965821 0.537881107475262 0.0405464302399886 0.209650204166195 0.348446379873415 0.206183954199924 0.426673059840183 0.169650716166272 0.357599458472051 0.137234163284368 0.530808945902556 0.523003086521526 0.47146000108658 0.43034424636021 0.538058578398045 0.481725906705237 0.465598115939788 0.401362033000234 0.569669545435924 0.496445732303167 0.508665039760124 0.465985409521334 0.559604051894586 0.527612027634555 0.627036340683342 0.524043073303656 0.618311468155921 0.571855303494556 0.755064858786182 0.628670203805703 0.834036333624911 0.747778651485001 0.186681566371247 0.334855062283454 0.545152397939212 0.492007886132748 0.551304430105422 0.493244753084502 0.214659425471934 0.2639120149257 0.404242667399518 0.358078201798525 0.23372693870127 0.298326775664225 0.310259959294147 0.353201218845571 0.600959112790431 0.59858993800568 0.617184553614753 0.557163975243062 0.398426820270101 0.175427332703477 0.476473925890245 0.509331171823209 0.289469405076599 0.231890110797788 0.524357487351881 0.54095881971897
0.533467237808243 0.487813315452704 0.331330977735843 0.443226328907286 0.191467797887001 0.0488874404337358 0.497417171144818 0.524334700588762 0.0675521445396969 0.0517711065645533 0.698163361576586 1 0.582429533602724 0.731222667556969 0.289111348532718 0.208744171022105 0.593240276239525 0.64882442038095 0.498895992202359 0.526218627386881 0.0824063945215246 0.0589056227719496 0.423947672874977 0.20296605514299 0.00753581231175077 0.040665936829068 0.0458831785445685 0.0053599315246619 0.630506698271808 0.58269173212371 0.458624776479353 0.270426580626388 0.569973340104644 0.591464496271792 0.00196638166608637 0.216904501795552 0.261689995504968 0.112896005780768 0.386645584046884 0.121482940425741 0.496227013483543 0.0810876745066404 0.451163022132621 0.441926413676036 0.423938567192722 0.34448137858402 0.413824763608447 0.305793402135255 0.420230989209536 0.259669588040239 0.450984088226837 0.389345709572908 0.395251663819597 0.458785839252497 0.403113544673608 0.378550802214332 0.395082535816064 0.299634314406867 0.388407969755707 0.354034596192137 0.425537056076862 0.525604797769634 0.724591369498372 0.787657695620838 0.0251970653952515 0.229410450231158 0.416182274378072 0.436348986729319 0.384680762558991 0.374711158606738 0.270064374407127 0.303064076479353 0.352326410789982 0.351811638066071 0.296512252893474 0.399186881299168 0.261668316924206 0.334250105489862 0.587841580181576 0.541808779256979 0.659689573667243 0.570418028712453 0.470461641002393 0.0997758963832637 0.397618446392317 0.564552344707856 0.368157992815062 0.19025013553801 0.373289306805688 0.462518312936629
0.706029673340038 0.631034974621655 0.718386782808068 0.58062921905918 0.391846832913077 0.0481904370365125 0.794850606724034 0.458335616428898 0.503409938132716 0.0552862119246951 0.786062257003849 0.582429533602724 1 0.604299463752969 0.727497106838743 0.238090410766286 0.629219413261825 0.655049947681977 0.706593668283291 0.558342391730426 0.00183468080768183 0.0704142548545667 0.682157947583399 0.305358042353556 0.116849697090956 0.0686887864996118 0.151323735230297 0.0240889539445426 0.607675793408677 0.397938350901473 0.459184488914003 0.276112241950927 0.703144391707089 0.58836428736287 0.355413325719448 0.377558280242472 0.434138326125065 0.181177959927854 0.493432261591669 0.144650598467148 0.374457370014078 0.0750153912369269 0.64567959959075 0.624506443368803 0.586689795785343 0.52794699375494 0.599462171005787 0.588517428694409 0.560985898489327 0.494318755453445 0.610376332406536 0.496451007478376 0.558344323143152 0.533537255536611 0.649233604675224 0.582796343967976 0.613363650096909 0.553884262392191 0.516708212259757 0.500364161621912 0.657673629758196 0.567355635175278 0.73115406232623 0.59392764059573 0.516048431514747 0.51593670300506 0.657075760110162 0.58818538284588 0.549964013132458 0.534082051391204 0.368685141766411 0.234646974996488 0.431408086883461 0.224103841135187 0.270999350823689 0.253928087659286 0.420756101478093 0.410349934614599 0.604592958902391 0.693388043133667 0.680010415211579 0.626752901948622 0.552472290541496 0.0857958238887397 0.762124569148069 0.660378779695626 0.549261001002927 0.210367633657539 0.748891583456057 0.632064658851492
0.465810000818095 0.2752039532064 0.416562522602742 0.576831864250661 0.340182915501225 0.520679250359558 0.444919275954889 0.658533506016188 0.284358049152119 0.540385239176273 0.609842211421227 0.731222667556969 0.604299463752969 1 0.42834576555003 0.700295924339514 0.39472072188502 0.449183833449187 0.278736708676411 0.226205681877633 0.38675944015449 0.483716262953252 0.6069199630694 0.63923391534767 0.5143992211095 0.541299639017058 0.343544022694732 0.476205917332989 0.273187852739735 0.779223709361442 0.660643408718431 0.606962998425622 0.353313892692252 0.269382910918419 0.199059115012728 0.250547055341691 0.29486982323975 0.426631424596554 0.486164926318684 0.540369688535234 0.43555323627684 0.532311719851138 0.369860545743426 0.33924280571429 0.3143012779922 0.242540096599035 0.435968754290655 0.334936893653601 0.305608573164343 0.241077667257267 0.411329045881895 0.365794152463818 0.339676946770763 0.451816087633152 0.435149483224483 0.495290743418654 0.366287128549077 0.233751263712405 0.308237101370942 0.320732284479767 0.429186660810285 0.434997270276119 0.594043970492697 0.524177741306544 0.290079585926906 0.318776311250423 0.382743651728531 0.34515477395102 0.319701473900893 0.235638072401312 0.184987526490262 0.52614258040578 0.184792157705334 0.601130342141837 0.122822812865672 0.643414502897143 0.106919944897678 0.190740827303807 0.384147284914747 0.487085977850779 0.500968174941809 0.584845942462858 0.250888912705117 0.570550098044804 0.500882699809566 0.659635145624311 0.350058584587043 0.64039028237241 0.382277107645085 0.563001795792926
0.469934595757913 0.42510118897901 0.648566716502165 0.5181503225689 0.441808640115841 0.0227052092584902 0.552449975480852 0.183896216176489 0.591812761114575 0.0323497014237362 0.389630457568506 0.289111348532718 0.727497106838743 0.42834576555003 1 0.233498975691569 0.469668656511029 0.441574787469826 0.543318895677169 0.382030221091119 0.0432478790281446 0.0195495156408543 0.731641418145519 0.405790959174349 0.169197166926695 0.0926217173939356 0.231895767601816 0.0543279885423318 0.352809002873282 0.202960826568144 0.357459723717093 0.235216021869039 0.509685134872245 0.362179282873194 0.453913656190827 0.449551831230477 0.317169702860561 0.137983882973238 0.393029244549394 0.11990370728632 0.24047148260782 0.0576351910321472 0.427112556813047 0.412414455930158 0.408944444887073 0.365867959217729 0.424064008307881 0.399652227898766 0.376853262446181 0.357708884501164 0.381468468770663 0.261081851382112 0.378902975968841 0.394104659925838 0.446491384117294 0.39016510549192 0.486291953471178 0.443590432259469 0.265976872950717 0.309582369330268 0.328782786993198 0.253083371043824 0.436863007223233 0.262056397624314 0.628489762847323 0.410796950251588 0.458613878552715 0.395027169169589 0.415416072589686 0.409932791460976 0.225443002356836 0.0483966946773279 0.211486211142168 0.00578773998767308 0.179216787571412 0.122110764584228 0.207944090161765 0.188777528524421 0.40386888951263 0.549461685933346 0.424519342927035 0.464290444337714 0.455719952375 0.0512599968583651 0.768278215860467 0.575902264021992 0.621251918528943 0.188950386644363 0.670852773738947 0.471922008871449
0.28212549188603 0.0164354998978551 0.349655421620531 0.540048632114232 0.413218245703949 0.93600100460848 0.198784200515237 0.627382420201769 0.297112099913571 0.94818028347979 0.232247211196554 0.208744171022105 0.238090410766286 0.700295924339514 0.233498975691569 1 0.0792268526070809 0.119565751112294 -0.0166683653357503 -0.173990765946441 0.587575488096698 0.82089581394268 0.525740641104143 0.837756760946662 0.925493816094566 0.951481307683924 0.646080639429981 0.895812108614892 -0.214802166841012 0.785767893875178 0.673107814470199 0.805786380599557 -0.0172191419739487 -0.194536710124029 0.337207715859 0.190039739380781 0.334203002916291 0.772351908771905 0.484058448071054 0.875144017207281 0.275795400236582 0.893089289874587 0.137193712477094 0.0740094088253958 0.1016025640633 0.0648063866592908 0.246003496088826 0.206268494265425 0.0813543776982179 0.132495516299188 0.189171097136321 0.163659856036161 0.168129360673356 0.25430530828338 0.2296919283361 0.428378709948262 0.265500817642094 0.138684334964061 0.127312808828382 0.194446549702118 0.253605980298267 0.224219628088176 0.15968052506219 0.0813473503615065 0.393257733544 0.250797700010834 0.176060910021261 0.1191343594233 0.21912548910154 0.0922669371088877 0.0821694102708321 0.692389809264013 -0.0906077636585784 0.769480565416637 -0.077226680844081 0.717473230075577 -0.0477549695694952 0.0236761437906768 0.03678122208591 0.22024096031817 0.074827055998941 0.316629658457178 -0.150383503189211 0.913300068306322 0.29884361849511 0.413011160453824 0.165939522836517 0.922947522995322 0.172846729850187 0.477986132073064
0.849990429517885 0.835963226948385 0.574419865235325 0.497210100548724 0.18687270392464 -0.0407765360237153 0.502442206894719 0.26181329952803 0.182597295508126 -0.0837195051030373 0.67265642704326 0.593240276239525 0.629219413261825 0.39472072188502 0.469668656511029 0.0792268526070809 1 0.950095632010088 0.832052167911088 0.811082572319006 -0.044708939284305 -0.0299812409014462 0.518979031747038 0.170398694709355 0.0126785810035886 -0.00473657034792827 0.0478402957281856 -0.00199426547455641 0.79155523303781 0.49713277557819 0.452054376702599 0.264921556230438 0.863031890246931 0.749497619282982 0.180125373361551 0.434101785408443 0.511979894780251 0.190064472925955 0.634747756063697 0.149711264907193 0.487464122503395 -0.0144875956789602 0.771153490941836 0.770485860923842 0.771875411623302 0.726118229338931 0.734386231974131 0.698186140552698 0.737365035968283 0.639992989098344 0.701934139166753 0.59047721833795 0.679100646757728 0.635284957813079 0.743642483179193 0.684433429136661 0.854183372454263 0.792778572911743 0.727923967125105 0.744520181678793 0.589155116396749 0.586257148701263 0.745682649322949 0.814606625652177 0.259685355250742 0.379738245592967 0.725359503851873 0.713607672050697 0.79358932369112 0.754825750684915 0.185910572468521 0.0723793126892577 0.400791716895237 0.236057110889178 0.395150132058106 0.228323936489444 0.446529235164673 0.581078798137825 0.876712952383422 0.855732716162509 0.81544714969318 0.737219281766947 0.673306785358224 0.0257410726368577 0.614635633297303 0.633474599465343 0.483314440963605 0.137354208965068 0.623499737115606 0.60404687896431
0.837304059181823 0.838065559151151 0.593044348101751 0.526709391867971 0.189367631753039 -0.00871511822461189 0.544473425260734 0.354355494204543 0.219575679360461 -0.0452959755367845 0.67564193965923 0.64882442038095 0.655049947681977 0.449183833449187 0.441574787469826 0.119565751112294 0.950095632010088 1 0.804298442686233 0.774677452052597 -0.0486810539211784 0.00400041162073328 0.540818501339011 0.196739205708681 0.0373237375063101 0.0152298654465781 0.0582878748854511 0.0163420707297565 0.805665622659646 0.552442689472221 0.516556172218375 0.310044035330235 0.870687198638433 0.767766870394752 0.195725697089688 0.437704098451182 0.519099332388646 0.216781267248595 0.642156221838917 0.173206751112494 0.520707359932724 0.0160674563392766 0.79835134857808 0.798324394624157 0.793694102040949 0.746567455062562 0.733862985396397 0.710142657487785 0.731814911482613 0.623127152875525 0.68932551624804 0.579849748214123 0.651167400259513 0.63085654105955 0.735468443350849 0.691622480218912 0.834614513700903 0.789286864298721 0.686804270027329 0.71607842929952 0.587745219491008 0.627841744803539 0.760292956153253 0.859077450430107 0.272053577226099 0.392997228673948 0.737322927145724 0.739433985016047 0.76955378559207 0.739859462578283 0.253469085859831 0.156873615766634 0.450293883103632 0.299382816375921 0.431825153642004 0.270160926288082 0.509886583672337 0.613399093178408 0.886851654454416 0.876654986085495 0.829073991945791 0.752696235699061 0.684506425316478 0.0558020170379076 0.612249832971306 0.65445631422636 0.496035699444331 0.162708749520482 0.629605325908569 0.620832999027588
0.834431697202585 0.84156389018761 0.580868990221129 0.490838095754965 0.220416729041544 -0.136129218809209 0.540220161744438 0.191881243441536 0.146391227698458 -0.179860299582894 0.674293726760961 0.498895992202359 0.706593668283291 0.278736708676411 0.543318895677169 -0.0166683653357503 0.832052167911088 0.804298442686233 1 0.856010920459415 -0.154977282986859 -0.140586050208725 0.511088533258046 0.107051210825406 -0.0759202394455568 -0.119603987179028 0.0326167939933054 -0.0800025424555294 0.727544140301054 0.324351917561464 0.325360487744764 0.129472467319153 0.819959152552318 0.685680373833689 0.221800301216741 0.427114783397346 0.436214342855074 0.112354919556228 0.522691374055799 0.0477658759528292 0.39011201502412 -0.103583083120761 0.69776035312639 0.720848989056875 0.732909097738865 0.701185470820246 0.699610647915886 0.700543982033656 0.705035829320637 0.672975070447094 0.671230143268049 0.588499310932518 0.644140315204892 0.583089374512383 0.684494368618022 0.654588101355843 0.811723605392033 0.782757252352742 0.663517708845181 0.684751547090631 0.534606017401065 0.508228084336956 0.748064064724303 0.646150202048695 0.290827876551929 0.359330278449109 0.653562452862799 0.659212943785455 0.744324745809513 0.720675253450659 0.212220563094414 -0.0147889284829602 0.360244216792466 0.0955460192361701 0.377524913849947 0.0841062366071363 0.414913907556817 0.537287712388005 0.700828924813424 0.754018995709896 0.67768522475405 0.621735712283373 0.630953025577823 -0.0756404551227756 0.649324603564743 0.569918052701883 0.528472294026601 0.0456934368224444 0.595265155518093 0.531572729526247
0.695631211922437 0.838798609735317 0.387421711101501 0.347483816961929 0.0531458203691621 -0.268678139422898 0.409899779499701 0.0768451067937305 0.064603524325686 -0.318057270836643 0.592501954009432 0.526218627386881 0.558342391730426 0.226205681877633 0.382030221091119 -0.173990765946441 0.811082572319006 0.774677452052597 0.856010920459415 1 -0.188925513423552 -0.250634718056761 0.350487008122835 -0.0129723163861512 -0.249509092220131 -0.275408803457724 -0.108607678520903 -0.233191814736022 0.749972293655204 0.218947157419191 0.154686697427029 -0.0484650029584266 0.762905711659315 0.711879375454826 0.0692731775041177 0.385400200925462 0.250216042355568 -0.0406071827379778 0.406631891890643 -0.109786980746425 0.2849657872514 -0.290759201993187 0.604131640345501 0.657187394582096 0.668549507911456 0.630058189482007 0.652227554390597 0.609693249213654 0.605079810989036 0.562756481835917 0.611581868255745 0.554108834439794 0.52520930157849 0.490398292465846 0.629533584154288 0.543156978249027 0.707742391319405 0.738018202295323 0.645922290583082 0.648713034713509 0.500731680869472 0.475792847868464 0.638475924214255 0.644405006094076 0.176414229931975 0.287329386190161 0.599007942697252 0.628969171460463 0.693789272666747 0.688152341058214 0.0415559817693755 -0.199391343061815 0.30402898045147 -0.0203344732404311 0.407486285213024 0.0249693846902634 0.276421244400317 0.447529112952391 0.69926316517311 0.728763737454443 0.66499427182594 0.604536487597075 0.598575515295978 -0.219484269496511 0.535043171903271 0.490479667652594 0.417850108209828 -0.106813691458669 0.446189524358316 0.341840373837241
0.0468284196988623 -0.0925014073350227 0.0667298693372325 0.314629676119818 0.151973881089034 0.566378603868533 0.0138174158047332 0.380445660837944 0.0888385639243391 0.595706463706196 0.00679648341300302 0.0824063945215246 0.00183468080768183 0.38675944015449 0.0432478790281446 0.587575488096698 -0.044708939284305 -0.0486810539211784 -0.154977282986859 -0.188925513423552 1 0.614136531991398 0.234307465129653 0.487236725933746 0.566587382501713 0.609492626067462 0.373826036003951 0.519111702755192 -0.198357545326563 0.435454716084095 0.40470043494936 0.521215886868663 -0.0932973857282624 -0.140877051285549 0.171665534558091 0.107008043881498 0.176357642449432 0.425318359390731 0.256364363130109 0.549480997720882 0.0783574409614507 0.549114145497793 0.0351313709467133 -0.044082258035734 -0.0217237187824653 -0.0901454581521284 0.0952148154755879 0.00454061848800652 -0.0143536545997159 -0.0787808677765439 0.000318441095237776 -0.0313916018868164 0.0117967993099676 0.0386363493341055 0.0257714497255204 0.085762517374393 0.0362839470899849 -0.0612747765171299 -0.0258414966035188 0.00282933487921313 -0.00639670742815868 0.0584430587448108 -0.0220280902413515 -0.0402300090696294 0.153352333276375 0.0874124322978401 0.00864003901113604 -0.0308728581780938 0.0305882269667547 0.00817637726071317 0.153530122392827 0.446941666821062 -0.0117966309537659 0.473112322676681 -0.170818422545323 0.462766843255156 -0.0565461209955674 -0.00627340509990746 0.0268916972145519 0.0583698657118272 0.0146994051319694 0.113924660200556 -0.137330054070844 0.593127763417738 0.0761354867802893 0.101530096385312 0.00812259562656351 0.533822937396082 -0.00287095644171611 0.186722674906883
0.202972333982386 -0.0143326132177561 0.236429006701474 0.368053671224653 0.300966149124366 0.795416286501687 0.0996325969132951 0.499487999623326 0.194397603757392 0.854368401482623 0.117217243754501 0.0589056227719496 0.0704142548545667 0.483716262953252 0.0195495156408543 0.82089581394268 -0.0299812409014462 0.00400041162073328 -0.140586050208725 -0.250634718056761 0.614136531991398 1 0.329308998185909 0.641457061379342 0.815168389735919 0.845777043563378 0.605788609101562 0.795948154545986 -0.314453511031508 0.631234337846075 0.549469246644548 0.671938280771019 -0.0964333028365568 -0.24944760381791 0.246154354737105 0.0974638674388594 0.329123582003674 0.661634112493712 0.373556464545255 0.778081957773666 0.240578217031474 0.812887318149459 0.0674439241265165 -0.0124143406188104 0.0295490712142343 -0.00232746081562921 0.169803604165494 0.129713762242111 0.0456516886414241 0.0851903109045088 0.154160710142562 0.152920438176471 0.174317844038425 0.19965174270514 0.163758478057533 0.315056004139481 0.192575784097657 0.0706695855153907 0.133067957547337 0.189326690499428 0.206038725994967 0.145534796404666 0.0120496064106277 -0.000759464678484766 0.249634351976057 0.146391321963609 0.132147544854031 0.037299067728975 0.200360516008739 0.089608258308283 0.123224604888563 0.67208357354895 -0.0658988922523343 0.704832625530829 -0.0835130899447787 0.648120146907077 -0.0466987503598371 0.0594035860195201 -0.0320074011869994 0.0847490161566713 0.0164833594845103 0.228063960726174 -0.169356887571118 0.818610006369503 0.124576349122857 0.238569941113904 0.0611570868903031 0.797295025135333 0.0985075212912654 0.377787571452859
0.581653147366427 0.468999818508022 0.840129507720839 0.818617635182412 0.57435555050851 0.356388183922859 0.680153654532199 0.572186115425847 0.546470192172472 0.32918081702436 0.413731315388671 0.423947672874977 0.682157947583399 0.6069199630694 0.731641418145519 0.525740641104143 0.518979031747038 0.540818501339011 0.511088533258046 0.350487008122835 0.234307465129653 0.329308998185909 1 0.741471478452668 0.474413600318334 0.399474550183684 0.385418858706866 0.338850990238281 0.377999536984148 0.559476640647508 0.75844203058202 0.681634032184949 0.609389979606372 0.461440807629602 0.647092784982189 0.469678239323148 0.562920481725132 0.447420847136257 0.609412611165226 0.431042732961484 0.457941231102624 0.345758427407278 0.616882857786239 0.562082143247255 0.548152021702083 0.476553452413606 0.599358322580642 0.539453656129398 0.498695139183302 0.451667423455198 0.505404997259738 0.406091035512496 0.500539387766655 0.515578952669512 0.56674640821715 0.613204755619897 0.557103724386517 0.480137157649592 0.372687013878796 0.441073438548879 0.417522647830188 0.443934231109031 0.478697882738581 0.403265139663163 0.676728700085815 0.508196114171548 0.638314374335049 0.577150206505017 0.516169087548118 0.491869718083213 0.413880173402893 0.4262886816471 0.299674018920979 0.424368420548933 0.26179029674558 0.44978433530451 0.426724939766946 0.427271356465407 0.515541292217767 0.649051319614249 0.558280589428125 0.609137140045938 0.481347885502174 0.365727711198353 0.763508379007024 0.707881164143545 0.574313895737205 0.498553076991369 0.665883656747555 0.683208175527502
0.278357807574234 0.121975668039208 0.506928350649004 0.725062582072809 0.454182755630071 0.732045253333262 0.306513068168668 0.612292801108718 0.4362291860086 0.742669072472619 0.149827374764654 0.20296605514299 0.305358042353556 0.63923391534767 0.405790959174349 0.837756760946662 0.170398694709355 0.196739205708681 0.107051210825406 -0.0129723163861512 0.487236725933746 0.641457061379342 0.741471478452668 1 0.807471872438543 0.772194527134786 0.58517796011098 0.710028785697268 -0.0766774174740273 0.635153731965275 0.682745625299535 0.797275763830705 0.159640606189534 0.00986432872537818 0.563764294390618 0.351699770934233 0.394078147322638 0.672538468906517 0.499863823443641 0.72496218869956 0.307802903331646 0.687843795388522 0.24358800284247 0.192089598686526 0.202478184502676 0.152204765130068 0.366368449413273 0.295913322786169 0.175870534539334 0.204623269799727 0.287327246182034 0.229230904239488 0.266509495407223 0.349454113825492 0.304603521169046 0.4690521811902 0.316447882606043 0.237432091570955 0.127992140981527 0.202506202228699 0.238818908310936 0.291237725720249 0.166861017850873 0.0899241829995441 0.609128804077289 0.433390469182027 0.306228807840138 0.271373125289413 0.270602639079452 0.193358240514553 0.146907901288798 0.549554418603356 -0.0273891681604859 0.626314353091912 0.0413789056241415 0.627068110005692 0.0835652976246179 0.111083747004325 0.164973950884035 0.342220431597684 0.21066306584107 0.423061651858749 0.0779966504586055 0.734887180247112 0.492590736485461 0.54366202520557 0.312376627955957 0.760625370044413 0.301298071382572 0.518501914103937
