1 0.946408099546267 0.61297814329441 0.775084516653565 0.577180812025866 -0.0960132569995298 0.836375256659631 0.814996929808278 0.570484759482534 0.444665113131599 0.91862002469013 0.884956476323877 0.806253264079744 0.85620889414521 0.616256467610235 0.681475537406736 0.852245311353384 0.898922089370156 0.92355228595933 0.935185830301892 0.447555885099272 -0.46749929442324 0.384609692438829 0.255435565709842 0.0866561941598916 0.0134628483524886 -0.115985452354459 -0.555053817148469 0.885229688037446 0.904039985805329 0.54737265037502 0.396538963271584 0.743565500424034 0.7890740232945 0.246477851137162 0.286782752376309 0.515083679435143 0.537301675173152 0.756066062843772 0.559536810622754 0.350307575425524 -0.203868163269874 0.861122200727046 0.877431668400496 0.853606322596662 0.80646157590894 0.848608051674948 0.847142752469515 0.792986819231249 0.760169256843809 0.746222549557545 0.746909286081889 0.750387158510959 0.448502247228397 0.854881853338949 0.852703834475219 0.872869526526415 0.867538245978693 0.874941959446049 0.811305648458729 0.828493725768874 0.810182475048857 0.913697794683278 0.927142673619976 0.309800727423688 0.55127114616206 0.725595272147019 0.78229392871509 0.78724880429423 0.488001832008565 0.609614652644542 0.415318361744982 0.628258915962617 0.602508115936994 0.492817436009967 -0.0354156149718546 0.78486210948022 0.739249364065555 0.778765762203782 0.800487886925316 0.833740183886569 0.797301939515818 0.718418615790027 0.657870083405175 0.744976687063776 0.784371110395513 0.706456688891419 0.623002754077709 0.828638634016085 0.854630618108808
0.946408099546267 1 0.609182233183829 0.753911400808307 0.552198803380539 -0.143840090692338 0.795483386806581 0.791385873384474 0.52573423029259 0.427792913197714 0.864123523472633 0.85176393779159 0.777559736115537 0.843730486344968 0.597160359219448 0.697725719823133 0.866974165612226 0.926705687202994 0.896811590601543 0.926577484872293 0.531780717029135 -0.432092742583462 0.395741443954172 0.275420812120512 0.169394408525314 0.138511319807255 -0.0158122110059874 -0.516468634235853 0.843403803658568 0.902968387699456 0.527341477839854 0.40253902259188 0.753053758671982 0.781050915970075 0.329117778815687 0.36908167408374 0.624481938509256 0.661759385015842 0.757138945721087 0.569836130008568 0.38913422511522 -0.0750349832321328 0.878452535753461 0.87940793904593 0.864435278241511 0.829062309343613 0.877203032545233 0.881275459562928 0.809943459647527 0.812923366908464 0.782765680461403 0.804935858125691 0.816314540305423 0.519772247130552 0.882933406958627 0.89343442762714 0.917912557844899 0.943714441809699 0.887160760148041 0.814845374909735 0.80594189537371 0.757971945769203 0.874191033710911 0.89422976810217 0.381129031645261 0.573821753266067 0.773892297477984 0.809231145230376 0.83731044938666 0.533824695067105 0.65021921202377 0.487555905580389 0.612028438103058 0.604390255906686 0.471363334183257 -0.0696104970251839 0.777866951245917 0.751317984031055 0.770823053049878 0.819759647174093 0.869451552682423 0.831466340618455 0.730989218533652 0.711309993700642 0.768733106084967 0.819220698695367 0.708275719548448 0.633747426449526 0.844445447501031 0.888727965258915
0.61297814329441 0.609182233183829 1 0.780734031248151 0.848146803092772 0.158352818613017 0.858158834662065 0.615358561019169 0.754281052045255 0.427945403361674 0.527819032788324 0.4245176601948 0.756166787735375 0.530622477772555 0.782072494940189 0.66317740048059 0.557211293312954 0.637904131366658 0.665673872407451 0.591582200087699 0.534627214807987 -0.421525452434468 0.871752991374184 0.696494654754776 0.5548444049247 0.452550952868798 0.287933546340807 -0.280633873700813 0.600597824127478 0.573025594006188 0.79134538503346 0.708890906905892 0.629976236301217 0.602977105122401 0.492958613656043 0.392677271725046 0.618284321720236 0.600380611142205 0.649467133458521 0.58459493122545 0.337314909566487 -0.118885056774486 0.599821523905649 0.563327225519662 0.586555006804248 0.528478463976013 0.574468381904087 0.552914043522274 0.557681638126517 0.443714540589808 0.481141303222695 0.437015647524703 0.557422110939365 0.261908375608196 0.647996144990529 0.607850045951036 0.615124098944565 0.619127118081903 0.550848364813321 0.374968541409593 0.683435591712631 0.450597234567826 0.654288146878147 0.507739783193848 0.610459145535365 0.587146018878709 0.590345051166623 0.549408052074137 0.499794778924764 0.257700452556692 0.411254452762795 0.264590541543214 0.480152424451286 0.422525065829108 0.394008183260622 0.0325485119861061 0.531803058622177 0.435248748352773 0.591670724880976 0.709121288736836 0.631050704571532 0.683842460572383 0.583116982930513 0.549725204560395 0.828377146803479 0.731493801306293 0.603805779199368 0.55001818025126 0.714400252357672 0.666409189588811
0.775084516653565 0.753911400808307 0.780734031248151 1 0.700438092944941 0.243390062456336 0.822759540325921 0.851842944203554 0.698378764419262 0.663057011690605 0.711748199523241 0.711388276052675 0.765016775771899 0.763699642644926 0.605204079750172 0.724015894773507 0.630159365206843 0.714182261643163 0.739303353027004 0.759922206753455 0.458388890600151 -0.384080391306843 0.643726804967605 0.67109387020129 0.300806336546591 0.301404080285951 0.114341774890913 -0.334103748773663 0.699284789001035 0.727893903573496 0.67937716585127 0.694886361952123 0.636725985709609 0.703993086610943 0.302179275858563 0.360267672601748 0.470308058174992 0.521107826816341 0.637107703768167 0.519514875563503 0.296972389490776 -0.22134599304723 0.703292698229472 0.708452001047922 0.707655285114599 0.637005261593989 0.67215159386186 0.672395287079444 0.634948541194803 0.588438008665188 0.587339118522258 0.612817593608153 0.6465163642729 0.396433058551603 0.707416708896203 0.695996004651584 0.686795259633789 0.696286537311795 0.708675442870551 0.62898086250166 0.757203124916453 0.732372452074308 0.754225634435539 0.738108777703326 0.398881066796867 0.652437892316159 0.633789077462649 0.702747863211075 0.63036730987005 0.362275219101235 0.487375649467301 0.330045322015646 0.578071405101285 0.579691566449774 0.345831766858224 0.0223312844345156 0.624258794778699 0.582868841416594 0.591411178527462 0.699256996026576 0.656149740016639 0.721869120571875 0.602492164432703 0.570273787905327 0.772317649946954 0.784642466732212 0.620590579596331 0.579048139736045 0.733600692438152 0.757469087346094
0.577180812025866 0.552198803380539 0.848146803092772 0.700438092944941 1 0.208257518780286 0.771036815918904 0.602192927094294 0.793148980068283 0.523109520115518 0.507604530591076 0.403956339368854 0.639386659425119 0.463722797437408 0.673522907960817 0.542348630721804 0.471476167800208 0.559554506395735 0.60231155037124 0.516124865544088 0.35773856035888 -0.334699743275561 0.685927627291274 0.532769739555069 0.370813180204248 0.279338823142379 0.100798417744473 -0.341197941385193 0.552504169602226 0.518475634862104 0.729924935190694 0.596259178309429 0.592160450511521 0.617409582179109 0.426558890598418 0.378096274993039 0.487348716553298 0.486801349113381 0.582088653967452 0.423006492647834 0.171511054240166 -0.253265261246841 0.564281195933846 0.538143427955086 0.565617056034173 0.49149727182783 0.515898979296861 0.522134477969861 0.514309247124774 0.421389943041845 0.422470472772119 0.408190513987801 0.518998155313963 0.263822597257394 0.578081169070287 0.551236315175864 0.516217631111075 0.531213224849488 0.530848776581365 0.382335474116866 0.637493537824037 0.510927853505709 0.589382933876575 0.513607291089449 0.377414601436225 0.453589714284985 0.537914801018186 0.4924075590102 0.441067905888488 0.208377280101259 0.345063933913824 0.23885884535501 0.42447567493611 0.390366272424656 0.349408829460051 0.0499800643027338 0.537577192570685 0.408758098677065 0.494036410857045 0.613487552334794 0.531355136935338 0.594341071938538 0.492721869160397 0.44482573004645 0.686670226943653 0.635025246369966 0.541596199284547 0.461674598783988 0.649409197366021 0.639332375842751
-0.0960132569995298 -0.143840090692338 0.158352818613017 0.243390062456336 0.208257518780286 1 0.0550375850671244 0.206731959112788 0.322379173131015 0.517854606387858 -0.0184873924151525 -0.0737655851091262 -0.0150372897335699 -0.0333315370005777 0.00707985379362049 0.0965020668982832 -0.0887550111157988 -0.181349350661573 -0.0267413981217733 -0.0942461546662361 -0.166372072496539 0.359208247664143 0.181071319159 0.38656812733977 0.20359715073314 0.172502949335691 0.123502730382013 0.387711024058084 -0.103510592543743 -0.108465807161248 0.307145603739491 0.422849884245772 0.147051729307535 0.16711640754707 0.117441083471741 0.209240764143214 -0.258161092608148 -0.125622740808902 -0.303651146553165 -0.285060879624146 -0.203137460147675 0.0404063873971746 -0.0511754863569947 -0.0949643215437749 -0.0736506881182648 -0.180450080386446 -0.114717073735587 -0.155402046922797 -0.18394584955834 -0.151944211369931 -0.175170282974964 -0.0858755265163171 -0.0999568371730811 0.167693422377891 -0.240220479097094 -0.181280022332018 -0.1085480742274 -0.149341608158292 -0.0400039175172792 -0.0826390024769054 0.00239250053042278 0.122095971319581 0.00752056515086098 -0.0183224308960331 -0.112556384158264 -0.0335604639873821 -0.0290916132605143 -0.0751312677130153 0.0418393530477445 0.0220827725556808 0.00184758624216036 0.179998630078518 0.0509587099857012 0.182457453153596 -0.196354333359991 0.188813710490631 0.114149108643419 0.0385767837036229 -0.100111018848967 -0.139159427459312 -0.197653722642796 -0.220897370392544 -0.377889719451756 -0.314218385773293 -0.0611769743753687 -0.0770419013512007 -0.365449401676944 -0.316542875628444 -0.0781029988218506 -0.0149567382603119
0.836375256659631 0.795483386806581 0.858158834662065 0.822759540325921 0.771036815918904 0.0550375850671244 1 0.84937660780283 0.762438348337097 0.531677870108961 0.779580914779444 0.711795992514564 0.857014868616643 0.753948536772823 0.769519247712811 0.749978816005779 0.717995261654975 0.800979734824616 0.844913682384145 0.783856739006275 0.480797276498373 -0.478942691838226 0.633373724650575 0.45469439587626 0.260796612085591 0.165303478119823 -0.0187602036516959 -0.4892210524559 0.765999210075812 0.774526219930155 0.71249822875927 0.554180709616324 0.795793641370384 0.808598239477441 0.372428169014075 0.405094463100066 0.555702219443672 0.581077170366862 0.742319804755056 0.586606298221635 0.358035734770792 -0.2235689318108 0.792057697605366 0.766103435314224 0.755965679034052 0.69157977262246 0.767207197945184 0.757394213261724 0.675673299725574 0.634004748409248 0.624565507447521 0.626078198962391 0.69546996435665 0.439701027832486 0.789014307001626 0.774445755878606 0.773627221679836 0.754046289640017 0.78465613294153 0.630470630378577 0.849012659513177 0.728750509731175 0.857484730393149 0.785443047236895 0.506757301243721 0.646279790547235 0.725600841018139 0.74043817468598 0.660130558300851 0.31821032779151 0.599400449683832 0.421456268191485 0.590685715099256 0.552828517059527 0.432771701018491 0.00453578462429088 0.766778969993482 0.640502190105285 0.705669385575891 0.770388236566838 0.745924661056483 0.749755523748693 0.651204441738204 0.602944720722129 0.818073817795688 0.794046426627834 0.691289126629968 0.608608053429786 0.854145776768433 0.820804916658602
0.814996929808278 0.791385873384474 0.615358561019169 0.851842944203554 0.602192927094294 0.206731959112788 0.84937660780283 1 0.685413999590296 0.737888039334873 0.79484722954843 0.788344497627469 0.733269073427708 0.80313317989728 0.529676411977375 0.717701465522704 0.683057044617988 0.746005312381332 0.759595291692069 0.773517964846241 0.359583086138515 -0.348036334984647 0.389636050746714 0.402299241315834 0.0981046606395341 0.100942909276569 -0.167541079577623 -0.460302636350801 0.693059813463844 0.773451211064482 0.566973364847881 0.53181891233399 0.751876815516598 0.833279555248314 0.258926755355472 0.456878575583842 0.4063221118392 0.489623378339578 0.607604486508306 0.445401635319442 0.288609436158765 -0.229441710237091 0.779994648887508 0.772930888282783 0.722346670941533 0.647313031311734 0.74119872555285 0.734556135076912 0.585764710890812 0.636247235383281 0.579778664325003 0.658028317405772 0.663926014431894 0.547693405410962 0.702938416268849 0.719913309918772 0.745791251509724 0.717689121079522 0.816321309079936 0.708442229936987 0.844998592054711 0.9012853911398 0.82110287566679 0.85509883878625 0.353734687310998 0.697007817841174 0.697983919447427 0.798554598825141 0.689477440296069 0.353271315271825 0.581140457098787 0.465287337324645 0.587268102042786 0.626831711943456 0.272953166049671 0.0338792865896394 0.780360674816496 0.727941143627035 0.610688789714713 0.660521757854278 0.640190003603872 0.646657925599116 0.501138041574542 0.486011142528111 0.668745813264644 0.745234019726255 0.568699961478704 0.482999729229412 0.773213888454271 0.808712683561673
0.570484759482534 0.52573423029259 0.754281052045255 0.698378764419262 0.793148980068283 0.322379173131015 0.762438348337097 0.685413999590296 1 0.668203950875519 0.511490998065359 0.433282457555687 0.64744194341225 0.522138330066768 0.677376464074078 0.619079531006799 0.465539348555454 0.502738799099573 0.623577961759677 0.529038325189085 0.301837937241428 -0.19766621352308 0.642312680820628 0.509685272114494 0.349035830091576 0.22389948125834 0.107364879418405 -0.277339142884262 0.526125083593033 0.524681590325519 0.746869399555993 0.616779434865096 0.673820282791971 0.666016027540301 0.389521943758482 0.42792648400675 0.31876519597356 0.405101028941178 0.444255270170603 0.274669146399994 0.131869636457869 -0.206574743648336 0.599090709866376 0.539934031525519 0.526131448161732 0.407838759547689 0.534762398300506 0.500606369238664 0.408379393793753 0.389469638374808 0.348635173344689 0.381667157167045 0.47348079143238 0.420845614347101 0.489790053468611 0.470336857986219 0.515704209856663 0.488667456131985 0.533623533866109 0.340579413770218 0.644664086665893 0.576463837514809 0.639359822856373 0.537725822411969 0.327521279101192 0.423198293975887 0.512682786416003 0.461713882809487 0.468614491292769 0.185763220342372 0.415705723886856 0.3639312202954 0.472488914853648 0.45170228036342 0.272097666945168 0.0617701189373065 0.588117543756435 0.539360868193344 0.510741154371486 0.548120517303874 0.499651625972186 0.487950544455009 0.322248318290316 0.270903737139971 0.6496109306423 0.541326051946558 0.402983372513121 0.293978998979265 0.610685158919781 0.600917814606773
0.444665113131599 0.427792913197714 0.427945403361674 0.663057011690605 0.523109520115518 0.517854606387858 0.531677870108961 0.737888039334873 0.668203950875519 1 0.444678263603553 0.454889703889329 0.461690905253392 0.501475969494077 0.361664310500979 0.529584946169548 0.30950079604248 0.369937814239457 0.434727159610282 0.403168181279322 0.195583240529806 -0.0560530492234436 0.326801127728605 0.426976654839234 0.146225796556076 0.162203197429026 -0.0206428352478587 -0.155789638140892 0.358018373277012 0.420754901583279 0.486936514387412 0.479077743971391 0.525736062386227 0.572655527314883 0.220065282676536 0.365821079661935 0.109091198353453 0.233878753735588 0.240035532802851 0.0944459502969971 -0.0121122142907345 -0.161865767172383 0.469020239617689 0.409719726448731 0.384016065030488 0.272891838330981 0.388332087573826 0.368083519028134 0.236902563108548 0.323189905257526 0.244705984423197 0.385595090099033 0.376044583245898 0.493106448003421 0.315042108318226 0.320985829229441 0.398454195149868 0.379168939375609 0.460321892978855 0.378224854821917 0.503834280064677 0.635992748580391 0.510263223151384 0.523156317696427 0.105797463660466 0.356967620470662 0.400315616956736 0.420266438098514 0.409228870384003 0.163187630307702 0.324033954437397 0.340017352103022 0.399397876549316 0.459623041214854 0.108681939273099 0.00265497333484182 0.515256714467508 0.510046445905227 0.269605844398392 0.307683491572135 0.293022301227987 0.322873522208732 0.170246819906345 0.129448258335777 0.397556064944466 0.431358514014609 0.224605570749919 0.123481201188636 0.437106399608683 0.525047213265609
0.91862002469013 0.864123523472633 0.527819032788324 0.711748199523241 0.507604530591076 -0.0184873924151525 0.779580914779444 0.79484722954843 0.511490998065359 0.444678263603553 1 0.904703675893256 0.848034435847419 0.885247700473507 0.618568378510807 0.655495722879501 0.795415976664647 0.848094917495015 0.853395996297781 0.83454529215063 0.390314058275082 -0.412326830563501 0.316085401089004 0.218814476057519 -0.0187098321031913 -0.103981826208126 -0.213804976265154 -0.48994155803503 0.874750582834238 0.87259760998521 0.492036261509457 0.324894898957275 0.685736375528195 0.746162575594366 0.106427075453813 0.175191135085907 0.40700291425235 0.447558056975795 0.69632308669919 0.491087036186416 0.330828201465732 -0.235573162761087 0.775190070310625 0.795929596357847 0.777423971944873 0.743422746873931 0.776636042169656 0.771857182676207 0.720688702186407 0.720148349802993 0.719577742813952 0.735866824500829 0.715990191844481 0.442914497425709 0.793443277498688 0.80404231603164 0.785158345624606 0.751773570105513 0.820651617209377 0.764900840375228 0.794841718832027 0.828061414183502 0.900769329398194 0.914552821821377 0.224848153772172 0.507204488965037 0.616974807264516 0.713128080011969 0.681283005769151 0.36609364058323 0.571534924498283 0.367843169535531 0.60849328706258 0.601068538343852 0.410090661953582 0.0444911507693276 0.760229956431282 0.677060381896742 0.701033130586201 0.736511627604921 0.756903360714804 0.699261230173934 0.663386396108625 0.589456540606818 0.648665476765658 0.732903531703144 0.639830096164313 0.577272480810532 0.803829502623305 0.800902260704424
0.884956476323877 0.85176393779159 0.4245176601948 0.711388276052675 0.403956339368854 -0.0737655851091262 0.711795992514564 0.788344497627469 0.433282457555687 0.454889703889329 0.904703675893256 1 0.786915398705973 0.949421492895497 0.554695086145685 0.701036292788981 0.75251157995274 0.818934597172553 0.792369275719762 0.829962663992819 0.371439569203834 -0.445253078490934 0.253363059045039 0.194146804758045 -0.0540612229347268 -0.112169795440111 -0.237800995130755 -0.538867976695761 0.848526063396438 0.881430765291835 0.412376101687576 0.282226458146178 0.63765737413924 0.722624597752561 0.078288491127689 0.155249500215047 0.403265689196727 0.456289863983638 0.715846946353605 0.512448974710449 0.332048748404401 -0.242057576980942 0.773684087084426 0.779268913083917 0.754137075369494 0.71679728133804 0.758435942273553 0.765220577100557 0.693060988966757 0.712495050611707 0.673386607065904 0.709736308012385 0.69393655712877 0.44405724920819 0.789181129190269 0.788110489969351 0.728307376918339 0.720883899799233 0.772320187947041 0.751176561820725 0.720157027059172 0.827312663389844 0.854981726286367 0.919322373689333 0.18450240140808 0.506282187900382 0.589829149687518 0.705428001293933 0.638694261623604 0.336019012398962 0.596174932253206 0.352543993333272 0.630477031366873 0.59200331054858 0.380205205419989 0.0288507693375941 0.727938024692483 0.672474844744558 0.642669542646254 0.696269694404735 0.733744946115563 0.722542267623883 0.668312994642044 0.624902609048983 0.616420120471032 0.723906484833088 0.693546479564599 0.628874574147073 0.74504528373431 0.78635826687027
0.806253264079744 0.777559736115537 0.756166787735375 0.765016775771899 0.639386659425119 -0.0150372897335699 0.857014868616643 0.733269073427708 0.64744194341225 0.461690905253392 0.848034435847419 0.786915398705973 1 0.869773436590549 0.846873497263657 0.791508470975902 0.704412262755319 0.809309180692578 0.784410261984875 0.74058607164224 0.518295333118168 -0.505637082296277 0.641634707059913 0.493110527891335 0.225480827732681 0.11403494301899 -0.0111247977628763 -0.450743403100874 0.817860851358719 0.791368546587593 0.635253335624694 0.476876710467311 0.653904645188308 0.661875219326146 0.216636664705516 0.199003309587377 0.511479043765034 0.526045489164419 0.75323020189929 0.577277435413145 0.403860860206336 -0.250243290663254 0.725202908146585 0.711546443597303 0.702364598645267 0.65532311495421 0.709507773945233 0.698074112401876 0.650146521091959 0.607958588127309 0.618968314450473 0.60063804126509 0.653691685608031 0.351179576712951 0.773197912929527 0.73790915267037 0.730449660044998 0.707925115193461 0.690497322360896 0.558981800902911 0.791680588585332 0.695950243528703 0.871645934695057 0.767948461229461 0.43942906936661 0.573160780675267 0.567639378400712 0.623996797791215 0.579655290821063 0.26246396704709 0.494868482989059 0.26729543264761 0.605022918051465 0.500813867960691 0.409825242079532 0.0224980317282785 0.662118667804986 0.607469066810345 0.65423525404998 0.799022942095216 0.756296237029954 0.761511226350128 0.696862664938341 0.619117298383985 0.79914070970711 0.790355123332654 0.733268842401082 0.60400636804196 0.853885883215724 0.755002439008925
0.85620889414521 0.843730486344968 0.530622477772555 0.763699642644926 0.463722797437408 -0.0333315370005777 0.753948536772823 0.80313317989728 0.522138330066768 0.501475969494077 0.885247700473507 0.949421492895497 0.869773436590549 1 0.674024750176016 0.812107614432843 0.751405977668148 0.820638744835526 0.799355512659591 0.825521197829649 0.451570068067153 -0.444386168290056 0.400564262258435 0.338761629178519 0.0441410642788099 -0.0107721177007087 -0.162767689512455 -0.511761222397092 0.843348028978382 0.880299321117133 0.528850239080023 0.405205244960453 0.676945063836303 0.739487024988292 0.145365737329278 0.232676256795159 0.436242103999035 0.470536445313665 0.727671430763722 0.529770380531333 0.349944585230022 -0.244993827977559 0.79382003027592 0.7854474672833 0.762543125826785 0.70997237799964 0.776848383623325 0.764026737393681 0.686563242242559 0.695703629171084 0.669667318764193 0.698881952524743 0.702934004923177 0.44895772964358 0.795697970383395 0.787755856293484 0.752347259234934 0.734659454587157 0.747399753949191 0.687302966499251 0.743669874624145 0.817324761538629 0.869428921765721 0.88544208226228 0.283351756115754 0.558980748120473 0.597756099561302 0.705723022530502 0.646975766640433 0.331191109935137 0.56301044522685 0.327385112599557 0.6216176572973 0.584521267793428 0.363681795465046 0.0146331595246217 0.727728000614254 0.702053262752229 0.654646560331238 0.730926849612761 0.737384881775978 0.734044397995284 0.656024486068049 0.598918968121779 0.695570303170816 0.774903093449925 0.701787119478159 0.618805222401396 0.774976975155799 0.804014556948923
0.616256467610235 0.597160359219448 0.782072494940189 0.605204079750172 0.673522907960817 0.00707985379362049 0.769519247712811 0.529676411977375 0.677376464074078 0.361664310500979 0.618568378510807 0.554695086145685 0.846873497263657 0.674024750176016 1 0.798109858637791 0.577373699783557 0.664201080722635 0.67021397896997 0.568737680053393 0.509221147308551 -0.429759153781905 0.759695767461196 0.53455588028682 0.414646561411431 0.267536447502803 0.172519751533482 -0.363027951724058 0.650445986290212 0.624233450344102 0.67804160352374 0.486721024820094 0.636424696905625 0.604619408081566 0.389160865069523 0.282845611645222 0.560757480581519 0.527646030198108 0.68907517767072 0.516972385895929 0.312535870491511 -0.208099892155246 0.622697410027942 0.571348332860137 0.565143673704786 0.511043071455313 0.574386085910494 0.543896619271904 0.512431165643423 0.479243597582324 0.446082993418274 0.416936980655551 0.551354496525543 0.305493685222445 0.632342891584126 0.600112939553973 0.609697480268344 0.583913796976176 0.51212995062522 0.322653628973315 0.617292962585896 0.476002883684692 0.712907822766926 0.563227670560935 0.488692407375901 0.464793533100093 0.473476846172098 0.440907896704181 0.447191014589639 0.203088165794317 0.42484517719282 0.251971026840448 0.456489687163082 0.336565205764725 0.298785619252989 0.0241080951540617 0.584666314199687 0.49942515269558 0.604984194411187 0.698348319554272 0.629630754351665 0.631561944277145 0.571592293710233 0.50935119944639 0.750365148188414 0.694047493416289 0.638558587625536 0.576134988725533 0.733783758823129 0.661160244957457
0.681475537406736 0.697725719823133 0.66317740048059 0.724015894773507 0.542348630721804 0.0965020668982832 0.749978816005779 0.717701465522704 0.619079531006799 0.529584946169548 0.655495722879501 0.701036292788981 0.791508470975902 0.812107614432843 0.798109858637791 1 0.618594287207741 0.709976069227985 0.688629868344093 0.67824685591765 0.490915302856027 -0.419604460457193 0.647936013813684 0.570515083566845 0.323524499110868 0.257444322007388 0.0369719748873726 -0.44488142365636 0.64749387522278 0.72303341831188 0.647461962768876 0.590190455025831 0.705222520472168 0.714841476729178 0.368974748205191 0.392183920125798 0.559896568648812 0.567563237529087 0.693909930005124 0.550804553742166 0.331311549057034 -0.189105516762119 0.731079462007321 0.69918044246104 0.645645865442227 0.568105489422675 0.669163057056521 0.640099503361541 0.526955299854078 0.532655261943125 0.479895595949887 0.519570675934571 0.573765081993625 0.384716471737493 0.666581646210971 0.663579597017693 0.679616538980748 0.666803122415516 0.604950868225975 0.454100874977132 0.700519002951501 0.653332127402953 0.751202716599674 0.693978074748819 0.50309561467044 0.610881942586396 0.557313903175986 0.596611967218725 0.570056293994427 0.28722318384808 0.493618603533148 0.346434158122686 0.514695616291103 0.44767536361175 0.201620746345405 -0.0288556060112823 0.675508400170173 0.624847258615442 0.569044635477926 0.672015278139364 0.596237493275945 0.620572785437463 0.488529199466431 0.498782989517723 0.730873935170102 0.760293822856006 0.663915634495222 0.607002983309508 0.747104934789159 0.749044562071418
0.852245311353384 0.866974165612226 0.557211293312954 0.630159365206843 0.471476167800208 -0.0887550111157988 0.717995261654975 0.683057044617988 0.465539348555454 0.30950079604248 0.795415976664647 0.75251157995274 0.704412262755319 0.751405977668148 0.577373699783557 0.618594287207741 1 0.8791366191532 0.817802196796495 0.882518418900482 0.523267712643824 -0.348282621814124 0.417665595331363 0.295687704422771 0.249449902171082 0.190339570881821 0.0435095902478175 -0.404786281523294 0.846537782818706 0.885625063410421 0.54037306269009 0.457187599783464 0.729469464416532 0.737185425612876 0.39002890413902 0.393167348482765 0.567109457447046 0.596428726645238 0.644771811287664 0.516597408781734 0.350760714901905 -0.0676289127290996 0.772632395400166 0.743707573845967 0.71192877355939 0.654163773793783 0.729930595122303 0.724628380678376 0.62874194592089 0.614868311446505 0.586470120187016 0.617502610342652 0.654004261597921 0.481613933641103 0.744543205291491 0.745452275945439 0.897437149314041 0.852101126814912 0.729170961651739 0.588277675039462 0.70669872699893 0.660223396759517 0.850689571553931 0.820529152823053 0.407144649308732 0.519868108895444 0.690503244573389 0.711486302535503 0.781689590257388 0.543857153034275 0.564917046894683 0.429963535629392 0.583205819088064 0.607523411894728 0.446043666548975 0.0607000689451003 0.706302036074248 0.697865578662625 0.851848320611092 0.812378747836102 0.881419089071241 0.740730431269264 0.66087104605254 0.604278174853512 0.708698279848663 0.697051577992125 0.569353252700557 0.498862721326144 0.722864292728977 0.721952846406785
0.898922089370156 0.926705687202994 0.637904131366658 0.714182261643163 0.559554506395735 -0.181349350661573 0.800979734824616 0.746005312381332 0.502738799099573 0.369937814239457 0.848094917495015 0.818934597172553 0.809309180692578 0.820638744835526 0.664201080722635 0.709976069227985 0.8791366191532 1 0.824122718520189 0.861561725221825 0.56258460381855 -0.570794289824394 0.490972803997687 0.319683524087204 0.189853425226322 0.12334930596322 -0.0541546759331847 -0.585046378571793 0.86539565012849 0.927164858922918 0.550616657949285 0.419454048447527 0.695453025522071 0.722717069067816 0.269565853516685 0.26010067344214 0.671901218300429 0.654371302892631 0.844276217894283 0.664339029932373 0.461738439643962 -0.203343803208636 0.823987884645624 0.817824770804027 0.791220033705718 0.763252365037175 0.786194240329631 0.807498283483747 0.735169271987032 0.703505203813551 0.669450640074427 0.677613832773926 0.727324252646074 0.416120126367839 0.860187636544261 0.853921539780408 0.910581524797635 0.912055085658853 0.777294988465526 0.692595243586417 0.770420101871783 0.72926097511299 0.876416222815004 0.882172983189392 0.419280841524245 0.591221759266978 0.693117001143067 0.742889278871307 0.710643517265629 0.414162833519332 0.519481846213384 0.322078735069805 0.578884104778338 0.535125311351933 0.503887058200535 -0.0745459483544798 0.69939081406366 0.667047061551131 0.816310884230768 0.893720513453078 0.886731425351658 0.864497436812952 0.797205467567387 0.75814566515281 0.76715292822319 0.84355106273086 0.800110326095718 0.690433926261865 0.828155036659999 0.836395059810273
0.92355228595933 0.896811590601543 0.665673872407451 0.739303353027004 0.60231155037124 -0.0267413981217733 0.844913682384145 0.759595291692069 0.623577961759677 0.434727159610282 0.853395996297781 0.792369275719762 0.784410261984875 0.799355512659591 0.67021397896997 0.688629868344093 0.817802196796495 0.824122718520189 1 0.923696730201526 0.479071410401264 -0.341202508353563 0.434491271511617 0.260693986318605 0.164081041359567 0.0595162891786702 -0.0184225727612414 -0.465509045459551 0.837423926181068 0.852536135656678 0.635264371992942 0.439109904081901 0.817265308699696 0.823583953591444 0.313171405884923 0.359646890100352 0.474205926244548 0.505711015878548 0.637854189092477 0.456057192284857 0.267971259799043 -0.0952739996429545 0.855876223174458 0.853321911983192 0.836145963967291 0.782709023994208 0.858219905823161 0.833009440125966 0.766094971926483 0.759186420400283 0.725849952258426 0.739091994527698 0.756375327524566 0.538428965663608 0.802108929328626 0.813875119471134 0.828934765519018 0.8166347575169 0.819129965913795 0.736587983535135 0.750493346014433 0.719049646360354 0.870858312366304 0.840136486087386 0.278479074334749 0.454273280510378 0.698734028447407 0.702093159469782 0.796867954885779 0.492518432657962 0.649062780988793 0.552765096754404 0.586284111770063 0.606308759521406 0.479000273379208 0.00472691310785879 0.828132090772206 0.740835795942586 0.747023871729475 0.733621370790701 0.774427205123989 0.712277085965226 0.611669253254086 0.578036036360715 0.704177941537172 0.710360433898461 0.578587917877844 0.541814206251501 0.777561289386186 0.82048793017409
0.935185830301892 0.926577484872293 0.591582200087699 0.759922206753455 0.516124865544088 -0.0942461546662361 0.783856739006275 0.773517964846241 0.529038325189085 0.403168181279322 0.83454529215063 0.829962663992819 0.74058607164224 0.825521197829649 0.568737680053393 0.67824685591765 0.882518418900482 0.861561725221825 0.923696730201526 1 0.501519844397953 -0.369047909546331 0.399030300364115 0.279403966579219 0.152275745139348 0.110494953085506 -0.00744037910548722 -0.479895535526701 0.867161408118442 0.895237516428741 0.561247074413025 0.454980242803999 0.727520903046784 0.768077864452376 0.31212736367476 0.361432873959437 0.533271429077803 0.576088291291169 0.666887591309975 0.520202509006942 0.318837355088113 -0.0706057749890313 0.855186867367799 0.863624384685531 0.851849604469853 0.797396015071325 0.849182884363941 0.844224761663871 0.788229631943554 0.76202356185779 0.733379199585558 0.749006172143389 0.743045932774284 0.49358785450194 0.827377215841972 0.83345942527671 0.860992957530633 0.858077641548292 0.808743474201465 0.738663332547795 0.763166834734552 0.74159874164374 0.856586249517541 0.854889474490059 0.333114558611838 0.553226308629102 0.71565865185806 0.773977017890105 0.816413832963244 0.585074141718376 0.63144281172313 0.469534310787723 0.583800598847601 0.615667709835895 0.436572407115815 -0.0180512610529589 0.765507404308684 0.752421954382657 0.797304390850223 0.771359714596481 0.828953248278849 0.777328390043509 0.677750032859072 0.640017369784545 0.734539684240414 0.752215577162444 0.618272325208478 0.581087198174255 0.74849266899892 0.804577658388198
0.447555885099272 0.531780717029135 0.534627214807987 0.458388890600151 0.35773856035888 -0.166372072496539 0.480797276498373 0.359583086138515 0.301837937241428 0.195583240529806 0.390314058275082 0.371439569203834 0.518295333118168 0.451570068067153 0.509221147308551 0.490915302856027 0.523267712643824 0.56258460381855 0.479071410401264 0.501519844397953 1 -0.304340720219449 0.525690554313124 0.389343763889542 0.413645656496955 0.392669940220129 0.280451987283126 -0.213859464093227 0.455433349614607 0.500650053013563 0.459731496842153 0.387731180595233 0.440842729501129 0.386541151040584 0.361291577000988 0.289841774484908 0.569523823065493 0.532857013079005 0.484862481040141 0.413757602990572 0.277856590990535 -0.0788869759480166 0.504374984640155 0.440764237311809 0.453061726237879 0.415086174198979 0.459209357238177 0.438035970032339 0.427981982505161 0.39158399402467 0.367800735368163 0.362916078990267 0.451688809688436 0.230939186967691 0.499534771764809 0.452997650977605 0.537778024810984 0.53582985226053 0.386793070595185 0.245142311208231 0.394880664831774 0.309244567766137 0.476303542862629 0.394737836184084 0.44356903355415 0.436010797076724 0.4386594600156 0.418643335408484 0.453216346220092 0.247320239993623 0.239438782744717 0.138005775977805 0.242604517528016 0.213544426074775 0.25395293574068 -0.107868834828237 0.378772241978405 0.3729011498072 0.46740016577257 0.5376011038665 0.547167668102722 0.5454679053127 0.504189004407864 0.439033009524479 0.583293726560504 0.554434610094423 0.469008395417203 0.403133378267166 0.528854269118344 0.481379991888745
-0.46749929442324 -0.432092742583462 -0.421525452434468 -0.384080391306843 -0.334699743275561 0.359208247664143 -0.478942691838226 -0.348036334984647 -0.19766621352308 -0.0560530492234436 -0.412326830563501 -0.445253078490934 -0.505637082296277 -0.444386168290056 -0.429759153781905 -0.419604460457193 -0.348282621814124 -0.570794289824394 -0.341202508353563 -0.369047909546331 -0.304340720219449 1 -0.344257037121025 -0.193493212488624 0.0513008980423841 0.0894456449296269 0.234819875407082 0.678403218268263 -0.483018034999468 -0.479934327515927 -0.178802220242059 -0.0814005072227706 -0.153944525277389 -0.203571447580365 0.11814176348953 0.173569166838231 -0.501885853906941 -0.399643357439115 -0.732152259738086 -0.631215236200728 -0.413327992220417 0.345853059674022 -0.320128564575988 -0.367315407305922 -0.372544742095649 -0.423258111696567 -0.335104514908298 -0.386937560552141 -0.388258098249191 -0.287566016500374 -0.331881747603736 -0.244971572129299 -0.280002279657316 0.0521625239850761 -0.532388228472398 -0.484939655626417 -0.383020189820056 -0.405022814949166 -0.304786632301721 -0.317569756162336 -0.442476240385011 -0.385732403113864 -0.416462725012819 -0.444559055074503 -0.263821936634419 -0.393695268162981 -0.195249484926206 -0.322191782756353 -0.0938382047268913 0.0701639748010958 -0.146627259329336 0.0790298352068222 -0.375853597438179 -0.135974377768715 -0.371908252235431 0.107350532624623 -0.189862749390199 -0.171860499813241 -0.390297506746392 -0.560621436636717 -0.450332597094986 -0.585241284217933 -0.63162347221878 -0.623741806522796 -0.434594921716966 -0.566998061783656 -0.756526335185859 -0.667116861913283 -0.447491165453558 -0.422441120547115
0.384609692438829 0.395741443954172 0.871752991374184 0.643726804967605 0.685927627291274 0.181071319159 0.633373724650575 0.389636050746714 0.642312680820628 0.326801127728605 0.316085401089004 0.253363059045039 0.641634707059913 0.400564262258435 0.759695767461196 0.647936013813684 0.417665595331363 0.490972803997687 0.434491271511617 0.399030300364115 0.525690554313124 -0.344257037121025 1 0.813346604143071 0.691813628901651 0.56740271886624 0.43888031304169 -0.126950998154898 0.451954407445733 0.426039653703883 0.772558429071446 0.751444639436236 0.460866174366912 0.400642334547575 0.512016326661998 0.328198208641965 0.561298912907532 0.508094792550461 0.52859683849069 0.507732838924082 0.284717169361705 -0.143246688146497 0.420075130382974 0.366161480554577 0.368778312189287 0.297613740402048 0.341474464715591 0.328432308917516 0.320273831927788 0.213776245622905 0.208870531284909 0.174216889304446 0.328358861121207 0.117067355409061 0.421208985767526 0.378573384747961 0.464420637242556 0.456102107978379 0.271568890524926 0.0789374750199762 0.467994394480823 0.24814524739179 0.491386111948834 0.300747270523935 0.605358600430153 0.474379085094796 0.391018303511462 0.315066701727073 0.312475501246087 0.157277049756473 0.18690777076696 0.0602445226267483 0.349548551845035 0.252716679210936 0.271230174201703 0.0359955691593977 0.311931210377819 0.292361181413484 0.462893843750355 0.595231664243286 0.476336057844241 0.530170508347583 0.461673917692547 0.419991765346317 0.724326512816571 0.580655581765699 0.509915172072489 0.451101918200307 0.524115369941735 0.440915735389824
0.255435565709842 0.275420812120512 0.696494654754776 0.67109387020129 0.532769739555069 0.38656812733977 0.45469439587626 0.402299241315834 0.509685272114494 0.426976654839234 0.218814476057519 0.194146804758045 0.493110527891335 0.338761629178519 0.53455588028682 0.570515083566845 0.295687704422771 0.319683524087204 0.260693986318605 0.279403966579219 0.389343763889542 -0.193493212488624 0.813346604143071 1 0.656159844898243 0.688574045128598 0.491580336348614 0.046082967053773 0.294925103424793 0.291410162315283 0.571991708925123 0.805241035925467 0.284319441832307 0.301045515344757 0.430419455427735 0.357594329164492 0.420022053529275 0.420112936702913 0.349520659277998 0.37459054323551 0.202945638981297 -0.0880160257620515 0.30980824399552 0.286644254622894 0.284150078481011 0.2225161354687 0.241731139900917 0.234753560276414 0.222106758632382 0.135402575051558 0.165268119202808 0.155779227710623 0.269645259654465 0.131663027882418 0.300070449954092 0.274561888541882 0.332650761854776 0.32409112997529 0.22109303148718 0.0397634166274587 0.418784402515705 0.253929581628639 0.32845539423167 0.194372382225492 0.578484994695241 0.57249767870169 0.320730719151722 0.334538111062421 0.265425112911072 0.150077377697923 0.136164150951395 0.0506218246602281 0.277349578247412 0.229974861641209 0.0803555573878874 0.110855883673965 0.198634342041497 0.231846653029209 0.341650146518748 0.431487566433467 0.336257664710029 0.416556931893488 0.293710233665395 0.302842023215517 0.61113358289195 0.542307977801435 0.333027066187542 0.342268420456946 0.412815486603394 0.346679322132201
