1 0.704433542121882 0.72727049219799 0.683802095961905 0.489675460362976 0.218873359182912 0.7129850459511 0.712107165448902 0.630498636160687 0.455641740441984 0.666299543423742 0.746034634693834 0.829398655000474 0.616552822422931 0.536652444571439 0.496218170229122 0.492151686828472 0.699808870010855 0.682870934535663 0.457617138612059 0.330139876709975 0.048455346009103 0.649124222654431 0.647238243032227 0.496256260708096 0.585877923212917 0.38423349888664 -0.0113413002358436 0.775489210897527 0.641910948516117 0.55524713155143 0.635689440750816 0.741854181584775 0.718281633570478 0.60441632427334 0.681729919598154 0.403780273354803 0.524747270623823 0.439767581417983 0.419429846436122 0.550340620311701 0.381308003477268 0.657637744685358 0.625366320138461 0.617823548160345 0.61892875260906 0.690081030951499 0.749531097733849 0.50533871621966 0.510031265927749 0.713620262577824 0.626352487787881 0.710965808391001 0.603193813351028 0.77973019770166 0.803036553386657 0.749908382402601 0.714718938949025 0.707771839989926 0.663541584572533 0.770501669399979 0.631764738806284 0.670393287906681 0.62248483728844 0.597569775008895 0.450212565164507 0.657349682250274 0.648200706799909 0.746353623074691 0.743406753352623 0.571489420892713 0.635336288248477 0.568050544327628 0.670583638458667 0.217575191406138 0.602775552556675 0.574838978830873 0.696886282081551 0.52896092919752 0.547194208723985 0.785050875461962 0.694876567706781 0.569043314892778 0.296770468851751 0.747870423942384 0.608981904254141 0.299333470265509 0.349528658209414 0.723577667115336 0.508310295319529
0.704433542121882 1 0.571210543303609 0.547211125918182 0.525219379318602 0.219890509901311 0.46491680879962 0.595837258193154 0.434663060908044 0.219379566544418 0.491730074987579 0.575664602648131 0.489236054443973 0.542222290077455 0.230018699097835 0.359406737183354 0.639733761843426 0.831746951355716 0.732681203285754 0.459982056929406 0.255145702724136 0.0312179409153552 0.45681956368904 0.48825482869953 0.65161892058921 0.507928798810493 0.410082779946811 0.101129832905881 0.565125575495836 0.663410878542545 0.463522756888187 0.485218720246806 0.62866243482128 0.50766404211254 0.506953985037797 0.5924588368754 0.585069692578973 0.551714901501669 0.380688667189101 0.327859815582767 0.577414358585005 0.405267405912162 0.787604899106017 0.760702522783794 0.743319169350848 0.809224016996567 0.758036321859237 0.79141788818888 0.685810490285906 0.728895502330314 0.683045029552382 0.730774638433418 0.59930984669896 0.599247172090102 0.689047990588086 0.769530788250163 0.867031632681434 0.903833131844068 0.544726007123039 0.613046345847011 0.487478611037839 0.475008706013319 0.544570145741364 0.590250799341508 0.453214556121459 0.338132279316935 0.582696186578603 0.599491285193497 0.702313876853112 0.707495059691551 0.421643577727965 0.595514876831141 0.440312328778594 0.544304325442913 0.0940187767460474 0.543637590713415 0.375184794937233 0.43984475702501 0.503697144374999 0.64291666295195 0.679348934421622 0.557837062631508 0.572936365473193 0.0885225323958528 0.499604218949674 0.474184659198461 0.392699797852691 0.249666055206484 0.516736603601588 0.505726673181505
0.72727049219799 0.571210543303609 1 0.83749285533902 0.636509464812737 0.306104189521307 0.854934312779686 0.790960422341651 0.71295981037339 0.593137706948901 0.576232082699251 0.599437890813319 0.721092489820454 0.667717457946737 0.561020889211921 0.637964658573004 0.300180280408165 0.441192549665829 0.600952001775653 0.139268372109201 0.321864797676228 0.0485183999038776 0.843466574578052 0.821550084119728 0.572673918792077 0.648514033023044 0.529879094726642 0.0712869112013561 0.550974065216279 0.360243721497929 0.643023627650121 0.793557054121907 0.729271984268558 0.565372404935844 0.611758278697476 0.661627437846588 0.441924821403644 0.490489376781045 0.31812470349867 0.321412648464471 0.453241193121569 0.434581202297259 0.628859951128297 0.614233705511392 0.624090323232235 0.6180941872593 0.679276570247225 0.734279297391137 0.570577390274452 0.588755657942683 0.743628975224574 0.597961608342272 0.754920070852448 0.654233901853461 0.703060902898686 0.711458929325362 0.503065373772969 0.490106861950787 0.719881007014211 0.441134312161791 0.695930317445793 0.726878813164281 0.569104143551606 0.526769125869103 0.830368054517192 0.677358866590099 0.692090603055934 0.643335557935719 0.529075371276781 0.574517069664131 0.437476240817137 0.604612477574929 0.371357750016753 0.576508914109074 -0.00788913079673153 0.481869109156435 0.493752529450033 0.550213444929171 0.418087495886104 0.462130905242387 0.636839278854247 0.696871828583998 0.451158662367944 0.137050813254202 0.841118892114288 0.569735787002047 0.370634809660933 0.315715120315636 0.785918584013848 0.382916684340835
0.683802095961905 0.547211125918182 0.83749285533902 1 0.510841391179127 0.466656381060726 0.757060358608475 0.873319481046166 0.762295629233836 0.682300048697639 0.379964197200038 0.66630741676945 0.628265108924039 0.720363159339974 0.689867033590163 0.710803318960892 0.181951609050632 0.443700900063081 0.4642054286745 0.157124539194284 0.189471849077555 0.145167684629584 0.854684800597384 0.907928706362939 0.541275946743593 0.690145633644218 0.59246904967256 0.0759128464008494 0.440409152112554 0.383803014790635 0.609342995105033 0.753041097229198 0.782494968840374 0.703298220753924 0.694241629409481 0.788341232159534 0.437914008352994 0.480211344954229 0.410680219486856 0.459403289296928 0.397929782528118 0.4021341622813 0.595187256148813 0.579770653720738 0.583873727602525 0.578916945023213 0.626466640876432 0.687857989702688 0.510429648550457 0.523908125515409 0.69933803248103 0.627733926445981 0.708435148005534 0.688115944340706 0.70737495082572 0.751286220876386 0.459560587181444 0.506419154449281 0.675006854030553 0.47877025229788 0.697847289411808 0.778895080131694 0.540675008553798 0.656810702423808 0.844023071159401 0.754503340754184 0.783469914888011 0.806543566347499 0.572655546253356 0.629551310125984 0.592112967702888 0.637216422529541 0.401683207103589 0.610937391444466 0.0518510403478666 0.537603409673869 0.553691525719638 0.548161786573106 0.342551847612175 0.346852426948668 0.594245542407879 0.755352500750945 0.518525971377305 0.180491374862115 0.794081877905021 0.660308457271651 0.337795982020574 0.380163969988967 0.643890525368837 0.48199324908686
0.489675460362976 0.525219379318602 0.636509464812737 0.510841391179127 1 0.0745947364462508 0.476762472657763 0.52723489462957 0.548787049134793 0.422495937094382 0.36978095554497 0.364700442489386 0.402588321895048 0.357807201955942 0.281970689797321 0.178795044233209 0.222599386960528 0.337617992061202 0.468138953787399 0.26448436766656 0.283128255216808 0.0844498131571372 0.431144687229428 0.482498118304069 0.582371992294032 0.45599293117376 0.296766657029629 -0.031334798401148 0.283059361665324 0.299236668488338 0.411668931015014 0.409290662693677 0.478328547910032 0.360770446497122 0.316945911033011 0.348299706739154 0.382068448883901 0.236767603608225 0.365237633893488 0.131682186609325 0.293747863687675 0.228602512128807 0.46825199116082 0.435866946989012 0.515644812820959 0.491718340270844 0.479432952598504 0.520982045335529 0.555162857748517 0.566590494549825 0.588795758533532 0.492715535205403 0.53046041593824 0.35783075827153 0.567402174879854 0.501095902984716 0.444215133825283 0.481545075755027 0.499673378804434 0.385384732169693 0.437502841569547 0.463276031527361 0.426891656488008 0.471703595356736 0.402620683768063 0.32569361658712 0.360400570486469 0.351761258662637 0.406263746131407 0.451136936555521 0.310847492379157 0.470383390644781 0.336528009016941 0.37639240826714 0.0883479079239446 0.319884034977401 0.299609871401549 0.414753854528286 0.244303842274622 0.419747670763746 0.432508299914879 0.476789657315355 0.46112035866164 0.197761024611289 0.490010755880462 0.557957258380489 0.459579074928865 0.386183719440758 0.520570467527208 0.522401045110086
0.218873359182912 0.219890509901311 0.306104189521307 0.466656381060726 0.0745947364462508 1 0.389327275894604 0.406276930510055 0.459969703890339 0.530737051672253 0.30010287379682 0.445777071511674 0.367628612038628 0.514021402753623 0.406732132899545 0.703191028848808 0.0983209057063338 0.157614788265239 0.318888691186809 -0.0535601116954183 -0.163631892293082 0.266536593857827 0.477743033420956 0.393324136072377 0.258913743535449 0.341226057784203 0.569821201097569 0.682690521560725 0.195756726557681 0.201724911401381 0.199841389966095 0.385321818914678 0.361473967237024 0.228728695133321 0.437375536737791 0.499223672520303 0.33295498019976 0.414271816245305 -0.11306148587341 0.360971177124916 0.260596056102518 0.291623447062885 0.28633937511846 0.324110390168121 0.242117806656415 0.316707092492774 0.259112798232097 0.238559594945318 0.226636529552515 0.237110098320408 0.253971583328793 0.270123709349749 0.275928852279504 0.399882616239567 0.152422228213716 0.318101840948182 0.0984837746931644 0.1003172882685 0.299418546437707 0.238571517126364 0.333472000007064 0.377286820025875 0.187699755464402 0.228332088771957 0.470870607271268 0.463099285915086 0.468861500721525 0.488845657995188 0.221869959580844 0.251417010969716 0.290429007082433 0.446800929265522 0.0702824985597912 0.403745814939779 -0.221460769604423 0.458708945337806 0.351867045095744 0.120461553891314 0.148334082613583 -0.0106972572588173 0.247897887037115 0.273601121901915 0.00239385855826886 -0.351583320283258 0.370202191479478 0.102053872356209 -0.268421976541986 -0.204517850523076 0.215192746068052 0.00127084935338014
0.7129850459511 0.46491680879962 0.854934312779686 0.757060358608475 0.476762472657763 0.389327275894604 1 0.84962057868311 0.825501815739454 0.676561221521531 0.592358691079481 0.665615932952341 0.762693391090564 0.640020035688301 0.555957319196725 0.672830509539476 0.191985728846733 0.309151186380291 0.580480086318626 0.0450290680147362 0.31640821905021 0.0954387196526071 0.768641674417054 0.726180707816144 0.330047926396068 0.579298480186385 0.479543284277113 0.100513397574284 0.558728910522258 0.30827184679938 0.602649791280858 0.649549230370479 0.703600349482084 0.540198901764283 0.665949271402907 0.649217647198519 0.406855885288336 0.505862374007594 0.311550673338332 0.261907271731528 0.388066295893777 0.33861767934849 0.565893475665292 0.542508375852198 0.577964483438117 0.535733631543481 0.613719106223057 0.695336586113698 0.566029306880162 0.583848698589182 0.77153638610107 0.610529517658455 0.782338727925309 0.702123193224848 0.679746658343387 0.663852506085021 0.394823458913532 0.374757137813111 0.832409215612679 0.516192392229705 0.839011271737377 0.792505342554129 0.482060395368724 0.420398638544686 0.77763158634534 0.759438017408359 0.718230265744342 0.643212661795374 0.520129917316932 0.602295697614362 0.429234046241546 0.649999441249408 0.397712209396909 0.572367709064111 0.0526950038436824 0.445769740049452 0.424367668418819 0.548665848801304 0.260480450644324 0.331758463266134 0.538286535881591 0.568832580922132 0.336208023243877 0.0619526872699515 0.784730657814896 0.511128255771361 0.254577903046539 0.16140665330406 0.857557762485884 0.395816272487077
0.712107165448902 0.595837258193154 0.790960422341651 0.873319481046166 0.52723489462957 0.406276930510055 0.84962057868311 1 0.789593773831818 0.681295511486674 0.489430907606419 0.76940249451129 0.674518094181541 0.74304242547357 0.546974632325855 0.621803248253156 0.226253639713168 0.449814754934107 0.568434212867789 0.251771992308667 0.233805048842492 0.133118584957517 0.712155374108386 0.787188447460947 0.399187010215137 0.567791531558564 0.459584328882674 0.0333763121778599 0.505588330046608 0.492998825396174 0.626788424468362 0.650692034059861 0.730125238480488 0.62243950449539 0.619611130996616 0.709391330273979 0.50087850461586 0.512150669466131 0.38223440604751 0.356204664623264 0.43297736023004 0.356877799469171 0.643995388246335 0.606675135371032 0.666509619666887 0.639489557022802 0.679620878859433 0.771811543815936 0.646134435699191 0.677967288912784 0.800943673323496 0.75107728870832 0.800657542616577 0.79970056392733 0.759195245429218 0.794200766194503 0.474476731315431 0.52569647437624 0.773595379768415 0.650140316723007 0.792712660673492 0.901243438623756 0.613163781145596 0.690332422573152 0.706762235022606 0.71585871318734 0.729870238539915 0.721756128646892 0.617310477179386 0.675892328200384 0.594524372362192 0.759188499994408 0.504811631475707 0.645836015528236 0.135968118499696 0.537188770302682 0.496820315911376 0.59673984291249 0.242430612984435 0.438687321995156 0.614202498990688 0.693392145707052 0.471175128396223 0.151363826491388 0.744290942258792 0.661227649824215 0.342043075350577 0.29605241340351 0.75776005868671 0.599721198415036
0.630498636160687 0.434663060908044 0.71295981037339 0.762295629233836 0.548787049134793 0.459969703890339 0.825501815739454 0.789593773831818 1 0.786194939817389 0.361801013597564 0.574174968836488 0.664185913276123 0.561330568178146 0.73851804418625 0.630247900339213 0.111567215246017 0.294474564892731 0.420937904188475 0.136909112005972 0.214761174759521 0.132982101257041 0.730742967058805 0.715535198199589 0.372068035000135 0.610148657480426 0.56414877245924 0.0521411778993038 0.438140117758488 0.316097156113924 0.591564693806483 0.565064783381358 0.734794319053284 0.665927284967107 0.681800821002115 0.674404415368087 0.431591555342603 0.42315771168719 0.470196259951945 0.330211819392713 0.373325144186521 0.250486512721735 0.549349078937958 0.538018986519546 0.617465740841989 0.52791347298094 0.579766383945825 0.637862249575808 0.593004972436511 0.560225712750029 0.716609344592687 0.588004209757337 0.68861962427605 0.613920081077256 0.691181507266016 0.654213631656227 0.351205745690281 0.37791512821452 0.746920960144411 0.491916833244086 0.744442216565174 0.733724699039598 0.442023363101651 0.516431528333589 0.725142116954404 0.669466174476536 0.707373283890689 0.683262587817133 0.52290390895816 0.623353156329995 0.572923409458533 0.650265136148098 0.41816935288254 0.532264149276955 0.0470216366907112 0.476993584765676 0.472041481514472 0.506316002476115 0.218920583820134 0.256005183384921 0.507276694680638 0.579612308790707 0.454006445481801 0.197128864151385 0.7040852315455 0.598441756074563 0.32449545601181 0.318162361561845 0.700852148501331 0.508566316755287
0.455641740441984 0.219379566544418 0.593137706948901 0.682300048697639 0.422495937094382 0.530737051672253 0.676561221521531 0.681295511486674 0.786194939817389 1 0.29862483027051 0.504653647429281 0.522630950998969 0.534389862979574 0.650830062287117 0.675428690608784 -0.0405592119622363 0.1127347233961 0.270363324083016 -0.0169221100080891 0.104433023835434 0.180133082559816 0.633347233972053 0.649703199140615 0.278903031439398 0.4615022271312 0.532733350978674 0.160880414586385 0.270711705492205 0.157389344720936 0.436413843374873 0.541257013659036 0.551982221131084 0.517708281258574 0.485997110346308 0.53804248944515 0.253118752780568 0.297611922967001 0.275924593658219 0.242811986842007 0.207857107127001 0.207970220056959 0.333609211056449 0.342850679397943 0.369719681507147 0.310310886043617 0.379153874956323 0.433973304905555 0.37126427890741 0.345424140704544 0.499935698813265 0.365605995603871 0.535766555463305 0.477168704973215 0.485329105914619 0.455603463980381 0.168994599120422 0.184079790515771 0.538097448081789 0.318668343258218 0.627694424971948 0.68370470118098 0.380362989044327 0.448068400027853 0.621042217928301 0.61494110173863 0.484264805399007 0.526636601637441 0.299381029569954 0.429465143398606 0.424606387790455 0.495959833320069 0.230790770723242 0.457712088647852 0.0384526631727941 0.438503355688638 0.474554559542141 0.368451229805399 0.0734104395483445 0.0302528374212291 0.2966374481483 0.47097943817403 0.237820973704274 0.136451946432738 0.570752025331921 0.52293201218247 0.122425625749978 0.26909178241159 0.544352645828574 0.3615158578017
0.666299543423742 0.491730074987579 0.576232082699251 0.379964197200038 0.36978095554497 0.30010287379682 0.592358691079481 0.489430907606419 0.361801013597564 0.29862483027051 1 0.743049949365713 0.738126508836113 0.625512182596459 0.173554852589765 0.510227318273664 0.48401912243952 0.48007862361323 0.779697748379986 0.289443169999199 0.304291599422554 -0.0434657086214136 0.399823454749921 0.335061349810497 0.260275809568268 0.233786340039656 0.260443437886136 0.265265637063293 0.742107546906092 0.559049575766815 0.292283518315593 0.576956627034527 0.445843445631336 0.312471668405224 0.326094604307694 0.365330357423591 0.280545819036123 0.522069343037056 0.0360072978782595 0.16970642686159 0.461624694802864 0.475319494272509 0.510131002435126 0.497433756524194 0.454786242558605 0.470282558848881 0.527825089360823 0.557694255367672 0.40428796405753 0.387561023198799 0.476169230264588 0.383828517532547 0.505982681392305 0.42878982963896 0.449894375979397 0.483788724525748 0.44353614469954 0.384552963995163 0.548164796138119 0.569733870819504 0.576147075839436 0.465796257690249 0.673664966395648 0.390108293937295 0.334802125849417 0.215678485718521 0.415367388903318 0.360434775152208 0.450172103495921 0.461437969063102 0.273675883158148 0.537345178896015 0.448809560730277 0.660694568451939 0.0322090525608736 0.493957571034328 0.442284838698256 0.451035090826192 0.396984688254204 0.401369108494577 0.555378115292256 0.379839482772349 0.095942503454623 -0.131896811610251 0.551898247139417 0.17056376132595 0.0401790265981079 -0.132207156928865 0.643313880649671 0.0904539009549271
0.746034634693834 0.575664602648131 0.599437890813319 0.66630741676945 0.364700442489386 0.445777071511674 0.665615932952341 0.76940249451129 0.574174968836488 0.504653647429281 0.743049949365713 1 0.757486269330417 0.872519985555963 0.404630330486435 0.655446863646549 0.30208243333468 0.527254179742837 0.659220047348078 0.316625835307215 0.24472790486747 0.14488674529665 0.525005605096281 0.560181974656378 0.32228944674191 0.384871434654584 0.329669064374812 0.179965148877129 0.686146011663661 0.690914646421278 0.414966201006241 0.626437117473024 0.623663292048166 0.57259402035276 0.49396820169679 0.611875156537103 0.384063045825826 0.583513305373349 0.243831567465775 0.37576708591327 0.492896411602524 0.479149009519819 0.590526896269452 0.552785343052068 0.563995811294439 0.576840709642555 0.613992540123865 0.667259015905596 0.50889074819481 0.49481839602736 0.650965772579467 0.628737987253699 0.684567572195216 0.651803512634569 0.677473281442543 0.704659927665787 0.437634499771787 0.501847801388601 0.646740698740491 0.741259146185138 0.707824967219905 0.705049666763481 0.747136425337602 0.698930416690809 0.476169152645435 0.395915014081411 0.619356507250734 0.638986786704659 0.573693878745445 0.62925739959689 0.476871275039125 0.67769613430177 0.523610134159779 0.760233948466312 0.0684112568846958 0.645265745956769 0.538509144587284 0.522519396599041 0.318244066259292 0.423335125175144 0.65559744147537 0.614893374147555 0.345313815800234 0.0397967208833749 0.68680217107762 0.458761971300636 0.137218469008385 0.0648164434129694 0.67104970225919 0.390642614810087
0.829398655000474 0.489236054443973 0.721092489820454 0.628265108924039 0.402588321895048 0.367628612038628 0.762693391090564 0.674518094181541 0.664185913276123 0.522630950998969 0.738126508836113 0.757486269330417 1 0.683290837187553 0.646293327066785 0.588694955763001 0.312582190189952 0.45044073088407 0.581259313043682 0.317738479522995 0.22912841340223 0.0384875870350501 0.696439332342266 0.635401058309035 0.372095195229622 0.524794494540616 0.386544897494043 0.137581753841049 0.720321350200887 0.550232449930729 0.540917324714779 0.628932987061465 0.647762324384464 0.583997874863664 0.567785108603353 0.599535267602033 0.378206587102834 0.494133809727635 0.323444651909985 0.346346520325461 0.50391281684799 0.405276780326754 0.535417585320549 0.528813995258711 0.519887838839522 0.494847010156193 0.596820172575336 0.655663871744669 0.431891867743346 0.416910839156817 0.597254621904043 0.5008629236692 0.630141251329255 0.582523197621776 0.657121938425641 0.671340002288552 0.463355800268245 0.428208566587054 0.648158059370645 0.556626915225586 0.729456061978622 0.622381382847113 0.650780636695111 0.538123502604034 0.595483891950294 0.465368489092476 0.597183513061745 0.550991435906888 0.595550757350979 0.583372844775777 0.497783885010047 0.641197067835392 0.539136227251681 0.676104491920641 0.175080705608698 0.592962874801793 0.500131241746675 0.620816514919793 0.367839932609556 0.359672432600967 0.657749562712578 0.582299049741619 0.449256420861496 0.136036005738849 0.775814377088108 0.478241894808449 0.174847825329821 0.209023260467622 0.743741182578629 0.36775589077089
0.616552822422931 0.542222290077455 0.667717457946737 0.720363159339974 0.357807201955942 0.514021402753623 0.640020035688301 0.74304242547357 0.561330568178146 0.534389862979574 0.625512182596459 0.872519985555963 0.683290837187553 1 0.396811491211471 0.766705481610937 0.291398256437721 0.462189748951315 0.636901675341774 0.108299078524336 0.154886783174759 0.146591204598364 0.573796120428552 0.617920131703216 0.442944111138873 0.428490248586813 0.423634674645637 0.257924363566955 0.554617604947651 0.556992515347713 0.442425891632191 0.69474984833059 0.592220232567238 0.470878165788959 0.486278379340511 0.628605921317473 0.372458096862272 0.5208091293432 0.141523006379329 0.383986883617282 0.442335873116213 0.514787494379718 0.577478652689192 0.580280884783182 0.571247323404047 0.619338838770488 0.614556852634139 0.64918357234365 0.502153535739049 0.500847631569804 0.5985871413528 0.591043582120758 0.631031951790375 0.640286735351512 0.586021505262403 0.679822584696698 0.348636469169818 0.414028913742179 0.579144909695225 0.592551574391423 0.613919185470684 0.710458715484985 0.679400772633672 0.641926986708416 0.55106321234279 0.45116154427561 0.624645562533917 0.656080233456479 0.505594619806903 0.542279556372639 0.344105400900862 0.607224519716254 0.363112056897596 0.704001815588529 -0.0876875014545431 0.620618514712433 0.516515675232382 0.42291386420129 0.344734246546968 0.375536068752098 0.588765148490196 0.597920826271038 0.333908693075508 -0.142483689442771 0.690508618235904 0.379193675845713 0.0958771705158456 0.0164948553256217 0.568417131856996 0.271045593817702
0.536652444571439 0.230018699097835 0.561020889211921 0.689867033590163 0.281970689797321 0.406732132899545 0.555957319196725 0.546974632325855 0.73851804418625 0.650830062287117 0.173554852589765 0.404630330486435 0.646293327066785 0.396811491211471 1 0.545654770974146 -0.0296060033700254 0.197689392371847 0.104339076903131 0.206150633662348 0.146743277729929 0.0217737663573256 0.772727227755001 0.726441196837819 0.267627960795256 0.542250843331479 0.468429518196199 -0.0304911073166837 0.33819368074071 0.252383599645279 0.502629406480219 0.497980351035436 0.599641024023104 0.676973072734157 0.523820339376486 0.561582361485153 0.250011644226652 0.251007757522622 0.476500835628068 0.331362439827816 0.305278442600843 0.145489876145023 0.302070817594478 0.311010197667348 0.328878323542876 0.244203132219422 0.369002134416296 0.418616429535916 0.237034616000093 0.195951568728153 0.393042390923289 0.320991044180414 0.446593843181649 0.45405240918577 0.510955544549226 0.468805088898721 0.23545023530004 0.226686098106207 0.410679659812306 0.229475576202859 0.519263669471626 0.495391871980263 0.368157524800296 0.489219989190776 0.661261301308644 0.53251996949872 0.509456822749121 0.514349765084238 0.355600641884616 0.426065830080459 0.535419948947738 0.426524806145766 0.391778948960975 0.385325986911198 0.176857130986204 0.387089100951679 0.413980505578357 0.477378344477575 0.170700155502791 0.0471489687894072 0.368974243115615 0.519311842661446 0.495180520924228 0.374110205904363 0.632832621465299 0.579335883857904 0.312412390460317 0.464024410304197 0.488919619886075 0.4189574566135
0.496218170229122 0.359406737183354 0.637964658573004 0.710803318960892 0.178795044233209 0.703191028848808 0.672830509539476 0.621803248253156 0.630247900339213 0.675428690608784 0.510227318273664 0.655446863646549 0.588694955763001 0.766705481610937 0.545654770974146 1 0.141797492906012 0.301447434980026 0.483649573723577 -0.134259964695885 0.133690210450885 0.233422525561264 0.720321590537996 0.661352405479001 0.347515322152399 0.490467720192395 0.635076166059272 0.392620976221405 0.462893877750991 0.274386872449024 0.378136211643702 0.721520859778016 0.609753242088402 0.488653855614039 0.609366519002032 0.68166129268272 0.325164575291457 0.551168081313783 0.0684393935584607 0.407759288523565 0.369794467978074 0.490974991236077 0.445912608715969 0.466197142881171 0.418713555345669 0.448427620816316 0.458443021599861 0.489195520404073 0.338834684270074 0.329230221377529 0.454589982914905 0.38983104873261 0.52117366870157 0.540553896274672 0.431478865912619 0.516022736588954 0.224699128727624 0.230483678699353 0.527533750559034 0.336332096195967 0.571753927579727 0.597607915525328 0.391103959468821 0.357060383162466 0.710073129050159 0.607789177556428 0.657863076815911 0.686924594353287 0.353200788727343 0.455523930461511 0.337976111673677 0.566783744478632 0.186277117395034 0.62115873723472 -0.174125950956718 0.543045695348543 0.53604955644958 0.377621701493734 0.291540581048685 0.0955513085976548 0.417276197969564 0.504414362364118 0.154800863548272 -0.188967735874109 0.623027602046187 0.229330573033879 -0.0206768224860127 -0.108005273419488 0.516665254379978 0.0271102326753864
0.492151686828472 0.639733761843426 0.300180280408165 0.181951609050632 0.222599386960528 0.0983209057063338 0.191985728846733 0.226253639713168 0.111567215246017 -0.0405592119622363 0.48401912243952 0.30208243333468 0.312582190189952 0.291398256437721 -0.0296060033700254 0.141797492906012 1 0.7961382143517 0.643288797248503 0.479255288709767 0.099854607304926 -0.0791018084173005 0.15305675105538 0.129674417634255 0.374968018819149 0.233516901180955 0.195640229791776 0.0659834703364713 0.605593143608129 0.653268474408143 0.253097154783383 0.288860435370917 0.283651365198844 0.162762145388584 0.176638263454321 0.203633148368161 0.405939544701795 0.337161480557263 0.0250138487024711 0.180708644555033 0.527392879976426 0.330783511633552 0.50542002165075 0.50799604879811 0.40688901037802 0.453080465667039 0.459037730420283 0.471827071808409 0.325628976271218 0.368308952940238 0.284028820073923 0.341059442111837 0.207932265785411 0.271007557170009 0.274622906261681 0.434893441674032 0.713288370176408 0.664763931161223 0.267559204136582 0.407247882277411 0.175132195577453 0.204677154048806 0.425312060560871 0.327358066456682 0.133627552381409 0.0269741595015159 0.246739458701071 0.203119306221017 0.515859194882125 0.377623697267046 0.222629074155031 0.326489389271053 0.354503253858536 0.389362933561105 0.0330202249680985 0.349364444830672 0.297207047327644 0.233469355938948 0.69759281117418 0.577841066551142 0.57795073322902 0.22187084630179 0.293500227121457 -0.104304909398707 0.224232143596162 0.0507868601460238 0.137298576843884 -0.0265278638845532 0.224213074528048 0.0940807308497778
0.699808870010855 0.831746951355716 0.441192549665829 0.443700900063081 0.337617992061202 0.157614788265239 0.309151186380291 0.449814754934107 0.294474564892731 0.1127347233961 0.48007862361323 0.527254179742837 0.45044073088407 0.462189748951315 0.197689392371847 0.301447434980026 0.7961382143517 1 0.637744115482255 0.550698554188646 0.166389477380162 0.0252828832693118 0.34374999565601 0.356259139014868 0.555864714940185 0.4151811569027 0.33623559183599 0.026806002838376 0.648188157672248 0.764069068026737 0.367391229097501 0.444047405107582 0.535763250881068 0.49036298785224 0.411278631080894 0.505605038214782 0.479721431884294 0.462432812903633 0.257647847430113 0.424357253508355 0.586203262553124 0.390982807507673 0.64530871627582 0.627888069371828 0.543433703791693 0.62195375792135 0.596426086674348 0.626038655240493 0.425549184602252 0.458493972368948 0.476197294153201 0.548377573814356 0.431085389198263 0.454640498553855 0.545358526431461 0.667473367824089 0.844466761066221 0.889190596183589 0.42823690441235 0.58324824660583 0.385284325527106 0.380009513727115 0.543276892057813 0.591116660020088 0.341888321364835 0.176293251471534 0.487789448012168 0.5155673486898 0.673319293741932 0.617968201502253 0.48221904786142 0.502322439957392 0.406606489117265 0.542121934144838 0.0812546562724576 0.535424592256595 0.423510121857808 0.453333432768439 0.682603909935694 0.659221261986278 0.754979419417569 0.53536331830568 0.503127765139923 0.137540713716833 0.406090095109861 0.346542695463131 0.219644328334669 0.174058889507746 0.339405259609392 0.338126308559007
0.682870934535663 0.732681203285754 0.600952001775653 0.4642054286745 0.468138953787399 0.318888691186809 0.580480086318626 0.568434212867789 0.420937904188475 0.270363324083016 0.779697748379986 0.659220047348078 0.581259313043682 0.636901675341774 0.104339076903131 0.483649573723577 0.643288797248503 0.637744115482255 1 0.37254614875635 0.298909318889722 0.0375788758044154 0.408357435483572 0.379058873781799 0.479602493292681 0.390281585992332 0.373584344246283 0.251860626826094 0.693721833855846 0.598064128215836 0.407035772449182 0.556255222633583 0.511716246547908 0.305879428657439 0.405333715829202 0.484167009092481 0.505860880284937 0.564668774232545 0.071539977190833 0.197250952170305 0.501794858657752 0.504088966794049 0.709303516069138 0.684519566346169 0.653935472580391 0.704922038385076 0.701801052249962 0.711504595493312 0.630083053264199 0.650533912254661 0.61060519132985 0.564306582110268 0.564356076105429 0.544105860470802 0.540063260121914 0.638892823004235 0.645506539788735 0.585604071803836 0.606004805935773 0.585483314911258 0.517908821570574 0.505014183626277 0.606502342293377 0.392255265484125 0.372331271655505 0.324782957419823 0.524901588911676 0.468875571505963 0.644206402932825 0.590955939671177 0.351263418436685 0.644465364911687 0.453311145047955 0.618403571195341 0.00945828417016269 0.531557743234945 0.45574681589974 0.391237404261772 0.489606471888752 0.575248736764362 0.64417727288987 0.409533545529166 0.261360519263109 -0.206470147113707 0.51242986826676 0.2044609865448 0.155967685512215 -0.08442424218038 0.580230114179392 0.213229494085751
0.457617138612059 0.459982056929406 0.139268372109201 0.157124539194284 0.26448436766656 -0.0535601116954183 0.0450290680147362 0.251771992308667 0.136909112005972 -0.0169221100080891 0.289443169999199 0.316625835307215 0.317738479522995 0.108299078524336 0.206150633662348 -0.134259964695885 0.479255288709767 0.550698554188646 0.37254614875635 1 0.184351541005529 -0.0910724883498536 0.105580623417767 0.129343139391371 0.175757416652315 0.144023279992769 0.0393278743251498 -0.168345497321288 0.447280155157888 0.643126656925386 0.251792564761776 0.134462260908318 0.226848676674802 0.287163564265916 0.063468043864692 0.111552251993816 0.329225944974898 0.227515404405468 0.259106560137351 0.127362837855348 0.391142718938445 0.109626459850836 0.367410287938532 0.335150156252897 0.322691063526371 0.286240328344701 0.347214566979248 0.386458818696773 0.276825136422948 0.266280433310939 0.212904306064278 0.299826759337728 0.130390588062171 0.220658092488174 0.34059793123206 0.41972115083926 0.521216819036943 0.48129435338119 0.16117976627963 0.371692039015726 0.119441485288946 0.139478948796262 0.434194338611467 0.442688688993426 -0.0320372770428606 -0.0491524249878378 0.1224291559913 0.0615443056910435 0.556710003623062 0.397600299921979 0.519166120858987 0.344804062213803 0.601887032178308 0.275686313077137 0.405119399931955 0.300321156681285 0.237014382302502 0.383989872815663 0.264928186088763 0.500365604481497 0.45940405254463 0.341461653472021 0.399351490880077 0.411698455182091 0.203908051067818 0.352259805176734 0.320300833816749 0.366957721077929 0.207749638610996 0.44080900502873
0.330139876709975 0.255145702724136 0.321864797676228 0.189471849077555 0.283128255216808 -0.163631892293082 0.31640821905021 0.233805048842492 0.214761174759521 0.104433023835434 0.304291599422554 0.24472790486747 0.22912841340223 0.154886783174759 0.146743277729929 0.133690210450885 0.099854607304926 0.166389477380162 0.298909318889722 0.184351541005529 1 -0.162754745456337 0.22718629075851 0.238975560442702 0.140958887886498 0.347127915623896 0.00963095478580728 -0.182944470667482 0.308680883621046 0.218921915155088 0.304734605930303 0.260180012547382 0.374957600652206 0.32686473323018 0.258602738433167 0.202245799720546 0.258463370599817 0.361982532070752 0.435564763804963 -0.0305639681249857 0.300848688610271 0.193135188293551 0.331522490872138 0.278411126064142 0.342297734648343 0.243907815779285 0.326256956631895 0.411164987127294 0.315362546775656 0.278670072616837 0.362025673446523 0.316541268448881 0.298592181861396 0.176563177828815 0.451373067763335 0.300055127773508 0.236054769869509 0.201749897610266 0.318473352946941 0.256573386673291 0.210757022943917 0.1098314421882 0.151951609511627 0.118780160867611 0.177625281971687 0.225337293416288 0.253461814583289 0.199431247708235 0.241774139142524 0.376925712978398 0.00156865432801689 0.235314845680455 0.389265725742197 0.203497301676513 0.181973113757322 0.0711371310299348 0.103492328234556 0.337327179766397 0.00557619607340196 0.342233731600318 0.194505851408228 0.283122342802763 0.274974745330892 0.304322182197665 0.282516179326395 0.346232345016953 0.587761592971346 0.256224738304581 0.431542226462161 0.295829578079689
0.048455346009103 0.0312179409153552 0.0485183999038776 0.145167684629584 0.0844498131571372 0.266536593857827 0.0954387196526071 0.133118584957517 0.132982101257041 0.180133082559816 -0.0434657086214136 0.14488674529665 0.0384875870350501 0.146591204598364 0.0217737663573256 0.233422525561264 -0.0791018084173005 0.0252828832693118 0.0375788758044154 -0.0910724883498536 -0.162754745456337 1 0.132164204131465 0.0994955525177256 0.183389734874607 0.259159716608365 0.256614676281869 0.213700854242796 -0.0186161318060989 -0.00655142982301153 0.0692377099349352 0.0938856820365034 0.0769173267749365 0.0679627093810939 0.196736275881274 0.220282021400515 0.174958781068313 0.117851655818852 -0.167783447277522 0.255067122584431 0.127469797834934 0.100849681586431 0.0124735976734256 -0.00120597158084931 -0.0267257288866555 0.0341382319864046 -0.000856909151680942 -0.0495113936203668 -0.00977186199960274 0.0133904639634642 0.0290809570241284 0.00794006682632654 0.0566838223684154 0.113456320201135 0.0422880448549261 0.106937926398008 -0.00556108503126304 0.0352359522653846 0.110501097515214 -0.000871703572809237 0.140285307479251 0.085669923755833 -0.0429862124030014 0.0185686170032145 0.184990911726132 0.211618845155007 0.184366061302253 0.208887896078892 0.0343302482116956 0.0223536072800754 0.196772757194489 0.152694566722232 -0.0967285060330912 0.116434648827746 -0.152249923207485 0.147698416691464 0.181220527034339 0.0606758070620923 0.0314432350587352 -0.0218532122609204 0.0692902201259374 0.193176506136197 0.0365656668516708 -0.0516373138364473 0.0881499540943263 0.0869322436455238 -0.225771290437041 -0.0423163193299555 0.0690044609763753 0.0227881148772622
0.649124222654431 0.45681956368904 0.843466574578052 0.854684800597384 0.431144687229428 0.477743033420956 0.768641674417054 0.712155374108386 0.730742967058805 0.633347233972053 0.399823454749921 0.525005605096281 0.696439332342266 0.573796120428552 0.772727227755001 0.720321590537996 0.15305675105538 0.34374999565601 0.408357435483572 0.105580623417767 0.22718629075851 0.132164204131465 1 0.921625887193226 0.525273558737501 0.756560311539827 0.642768490251737 0.173694341467241 0.462587438183224 0.289859985678951 0.688387545467327 0.787087914960646 0.766734944573338 0.660675192333697 0.719848931828289 0.731147640060121 0.423298012282111 0.490998537317087 0.368965619564788 0.442319938206543 0.429715344776446 0.364946660495576 0.528542010487267 0.525272260566886 0.484353732061451 0.474818512724627 0.578809343330051 0.623628337234743 0.394866018737603 0.41880891945061 0.590898156159344 0.485765517687083 0.60237645447682 0.600743035936151 0.616966831889261 0.659519888291709 0.41275056536761 0.39524988391896 0.578971787915889 0.288979864284981 0.627790770568691 0.617880559282411 0.382658532582282 0.441890135546567 0.866388090612982 0.753740005169537 0.705648530540674 0.684758950754139 0.482309738607465 0.515672068223338 0.511921461333674 0.578768209940239 0.370943351921799 0.556661143413499 0.09508050279299 0.504631444489516 0.487533353497873 0.532411340028165 0.31159741069525 0.287023749621479 0.501342975971965 0.659436541475794 0.459875790284739 0.167255929786834 0.765232838994082 0.581142526612924 0.29055131452529 0.365524524929306 0.674300175735589 0.369554120703502
0.647238243032227 0.48825482869953 0.821550084119728 0.907928706362939 0.482498118304069 0.393324136072377 0.726180707816144 0.787188447460947 0.715535198199589 0.649703199140615 0.335061349810497 0.560181974656378 0.635401058309035 0.617920131703216 0.726441196837819 0.661352405479001 0.129674417634255 0.356259139014868 0.379058873781799 0.129343139391371 0.238975560442702 0.0994955525177256 0.921625887193226 1 0.515195472634588 0.736997888453449 0.602166243272115 0.0392721293032328 0.404065330895701 0.310804870130986 0.707680849868355 0.781046922873412 0.769102185335455 0.688475987042759 0.671581677644914 0.737224567698801 0.383293646045503 0.414556570861831 0.476596196976185 0.396646083039713 0.382177187161533 0.306105227161996 0.548937877204696 0.551348627376639 0.520245097361269 0.519868658908133 0.601868787463244 0.67370281669007 0.431279013224889 0.467030074386533 0.635695898665746 0.544835023271325 0.650249567205961 0.616198499112295 0.689722160308657 0.719080932969382 0.430411581201975 0.451275849559234 0.559991469533147 0.339340622581215 0.631235708702517 0.687563511266719 0.42048300179946 0.546746432664515 0.816603136297721 0.736928301583871 0.676037618897812 0.704454732110475 0.497202434084608 0.539384275108164 0.506811097989041 0.586489651266839 0.40230917338939 0.565311149896857 0.18213714394428 0.537105028175883 0.467445055898686 0.554807100245545 0.287553225341137 0.309914668286034 0.514836759889976 0.731169439018029 0.525358770091316 0.255558282983864 0.730973727022003 0.705949022323861 0.397449640861988 0.504574132333755 0.631569367432017 0.518797082229123
