1 0.902760993421371 0.754076663039593 0.774411681981225 0.301494373032451 0.448219658266414 0.766575827212983 0.752728932842534 0.667575905028083 0.503486656798732 0.812697558306292 0.774905498208295 0.842633551514356 0.738454180781099 0.643863389807526 0.644379122427015 0.805981963055559 0.802247383729704 0.876019902652482 0.830184720585506 0.440018195474393 0.144318369079497 0.794791995994591 0.721995163031113 0.454814970932139 0.60544324063919 0.397723341750457 0.448361772866192 0.719816587468391 0.698844374543406 0.671194107231907 0.646511823231761 0.782160619561342 0.77542788028027 0.407392568873465 0.360690673151091 0.689439196404336 0.408568964959638 0.594401730179328 0.597531879821137 0.660942741068006 0.341759942851984 0.538480004076969 0.553948304970981 0.611633651470599 0.576125692921727 0.667132640138396 0.686437938827187 0.48886874357392 0.381438392295781 0.623691082649572 0.519825725100785 0.665903206226363 0.551013530095817 0.768929803858529 0.785964568726981 0.903948195985768 0.899529690503414 0.628430633255403 0.549991133873616 0.79942780220659 0.739909561727905 0.740935043959148 0.606604522455885 0.69450260014879 0.652514740798789 0.586483789043712 0.535787668377624 0.759737517409956 0.668801403635107 0.697612495495737 0.665169355215301 0.494296801506859 0.635929308523837 0.193080673875495 0.401445764510017 0.567630818685498 0.521598957633194 0.628883469361994 0.684064577549584 0.826828719159847 0.842323395768824 0.704405013280229 0.5744264954682 0.862069096104807 0.823726220416022 0.389793537834999 0.703197045807431 0.671977630942289 0.760585416280587
0.902760993421371 1 0.734829109525203 0.77484752509557 0.319976829145669 0.536594382003463 0.722249334018688 0.771102077387774 0.577936791256118 0.493271512404802 0.77735329877425 0.832188942504218 0.746639048914694 0.745834038395117 0.587757418152971 0.617846174156976 0.857816508164536 0.900011932495301 0.913580822161151 0.922802983804159 0.416841054546841 0.0633396543365288 0.767937963657183 0.686052259983668 0.359150741257567 0.563995099589827 0.373540210001733 0.434069325438046 0.76577975366048 0.778168742393798 0.65432325306256 0.672866475008278 0.814551817333114 0.836330395576615 0.328073883163553 0.277956347973891 0.720767160623747 0.295902095061503 0.589872488932676 0.561867740600842 0.625541967332698 0.280957050943098 0.595319935267411 0.613198830011709 0.688074274379295 0.682072990024821 0.732566111014125 0.779646699012089 0.604720284297491 0.519852907806133 0.689234031825513 0.59785077540443 0.737576394598638 0.607823785479231 0.823771179935466 0.827988315661069 0.931011577512272 0.945662974320881 0.707084518442976 0.659344602528045 0.745537979947929 0.682271454384588 0.824899206053512 0.709487381573953 0.59736145244018 0.542250688949684 0.621957938721038 0.578795384813499 0.826686827466022 0.766767171031174 0.700456151610399 0.698779252900123 0.524071228104307 0.686580781622572 0.214560911577568 0.401963974013341 0.683685282297608 0.643789248552861 0.688491624663845 0.746570676858033 0.858277252340778 0.875460667271194 0.671505798728193 0.608034206227376 0.86757098340061 0.865449294894759 0.477705100444113 0.690180434392951 0.678438698117505 0.787814724569211
0.754076663039593 0.734829109525203 1 0.897531402980684 0.478626537639325 0.597896743511532 0.868357794503351 0.719415196239933 0.730281739010515 0.480166006890482 0.51023076239708 0.518674841211277 0.724437640299348 0.544596559301772 0.691689662163801 0.582322860596233 0.568401094591405 0.568154940483222 0.746328428407671 0.654022529720013 0.450236898867889 0.208218463895392 0.833191062954101 0.721210742853781 0.403906905433252 0.70913822673418 0.548052086895764 0.589682811022729 0.571609162942551 0.446524514033335 0.661527430810053 0.614513835513682 0.758742312115093 0.703080230419677 0.508882917518175 0.419314820404387 0.77356565046133 0.455613646389068 0.625543621942259 0.571761940452162 0.598300500168127 0.327869772454275 0.629413071655731 0.604244712608281 0.650523685378921 0.640892049807459 0.642518471316465 0.682829997728021 0.636029033575067 0.592051137072635 0.75629502586363 0.682608203728505 0.767511237189392 0.688459946292503 0.796717553630608 0.778133468824005 0.766709397760434 0.707165604026855 0.724569240050784 0.636735070731067 0.672471715516142 0.599684078442319 0.595307326892617 0.452543849725766 0.742581783733439 0.724933550061297 0.756568630991333 0.721044544821242 0.752588636929121 0.728895847524099 0.744803535905027 0.685706838697625 0.402158581074213 0.531430286705356 0.139013039344062 0.286899267143878 0.678998195838853 0.631079841822694 0.460794517382836 0.426766359042935 0.641458917147847 0.684067244283641 0.629384102201715 0.511285779780467 0.840457536926792 0.817270991073252 0.464780467764351 0.680799519968584 0.764349115854494 0.838841384329514
0.774411681981225 0.77484752509557 0.897531402980684 1 0.418828057283165 0.57028739178417 0.83435887920886 0.781605528098177 0.705762457331317 0.476508391327033 0.487472719065826 0.538697151617389 0.709866410135746 0.612852962749175 0.677095206779466 0.650183959476087 0.602136239001452 0.620843864644989 0.734377801841758 0.686774832929773 0.489795904409075 0.184388614956816 0.812474608701715 0.794202289881062 0.43847994921851 0.765606868119926 0.540738819283171 0.543749232215964 0.557563991135421 0.503466030647043 0.715429058550743 0.66558006825023 0.752526434118682 0.732679073943226 0.505476868722563 0.379718062606437 0.752310339247212 0.443398365033901 0.669208640219061 0.630942024784306 0.593733064123426 0.339549819324374 0.65200300401915 0.633496719391056 0.633246172984205 0.635067890442929 0.651955666638269 0.702736046298614 0.582071110978539 0.522994681917729 0.722364652803197 0.64649348397642 0.729825795117232 0.64512092987445 0.827980431339809 0.790730383869618 0.801372492385392 0.785248037600513 0.715625711140814 0.624916732409996 0.620044168870584 0.649738345900414 0.544476978023398 0.443474063025615 0.760695902005871 0.821378272329813 0.743584695383117 0.730630439183325 0.78256298050003 0.759509800179489 0.712210408331775 0.677314338704741 0.40383115336901 0.527865340409262 0.176272519566535 0.331929596052775 0.625354796245826 0.644995602809621 0.489724628014576 0.499217793344363 0.648691548523004 0.724018460052004 0.581769604833004 0.60494158295855 0.835916507418805 0.861997058652841 0.470977416102747 0.763324793980295 0.743201517130015 0.845664498988502
0.301494373032451 0.319976829145669 0.478626537639325 0.418828057283165 1 0.645601764154467 0.514204265721831 0.408880660242453 0.598204354127702 0.579428970757582 0.144480588486404 0.207571646447279 0.327230806674315 0.224480606463718 0.463975142340033 0.325996219195097 0.182604844591814 0.18212674696858 0.337477012150958 0.270905861307509 0.0624535981341496 0.00778139843910104 0.409270563024936 0.376977163773278 0.144464553982077 0.465765644198277 0.368822306752165 0.278209436020859 0.252194248096976 0.128680377318809 0.355690729842298 0.239320556344025 0.377118679180404 0.316587484522488 0.253476088479619 0.198989526533353 0.373282549299738 0.0723092881928316 0.298507689604388 0.0671592328469589 0.215487051639992 -0.0149233443952496 0.328218460177544 0.325365119461461 0.370779985361118 0.348615264478159 0.227521143213548 0.300136935260551 0.40233482762739 0.434704674791708 0.42658168252308 0.432045778370833 0.421917732856443 0.379685514483553 0.363595027054022 0.285510220906029 0.300603265753169 0.255055240252673 0.441326882413008 0.432411704069395 0.43824470296592 0.338688063773146 0.340530098137777 0.324869110123072 0.468458030107737 0.273041491523627 0.461358746061246 0.442542475779975 0.305950259611841 0.35739076151781 0.47440184424934 0.366619708123104 0.244362942779121 0.316230553311154 0.0166939462663034 0.210461252914413 0.383192077608033 0.395264904645289 0.0378447694201448 0.0366088939676579 0.200656896052629 0.177473951334731 0.284060288289792 0.0624036024319476 0.352747503037144 0.396629552325137 0.385040397513982 0.274623555085711 0.526651255388209 0.498294829439089
0.448219658266414 0.536594382003463 0.597896743511532 0.57028739178417 0.645601764154467 1 0.659068686954431 0.657020449601801 0.612728696527027 0.612075117293958 0.295264098621578 0.41237522788073 0.418465973109622 0.380075928793032 0.511294936273834 0.41836321706947 0.353723010671147 0.364453943866778 0.527513133140959 0.476741204888629 0.154284736995484 0.0466215483485412 0.511748957093862 0.399989196481098 0.0570303454661924 0.512903170245313 0.360225474041546 0.333500144310456 0.436314551727627 0.293853044905027 0.474071284788806 0.4217227864052 0.540009958965773 0.533597451422965 0.21249244197951 0.199253378425317 0.468649837370465 0.12994902533978 0.35237384328968 0.244377904987109 0.210919841675384 0.00408145601407794 0.528766862574738 0.546746690106041 0.569588984358808 0.551944458533409 0.479801844071749 0.543291416782052 0.587559219428389 0.615004301621631 0.613132188403806 0.631427566041485 0.568638700675568 0.508803850490219 0.545359835485058 0.506475719061161 0.485202869612079 0.435519797236272 0.624724803758481 0.654399325120951 0.536472357000701 0.474251390371573 0.488517478479526 0.492313134954075 0.435983822490081 0.392294341934755 0.607539048406122 0.606208738325689 0.496736120064745 0.55522260480555 0.576278502475649 0.507791222276557 0.337806893359483 0.427445463445972 0.115213359168807 0.204980153152712 0.588134593169416 0.523226621672468 0.232106266966951 0.2214932709219 0.398678007819681 0.360340609552061 0.411934025181549 0.177795305040472 0.474092798197806 0.558733333950648 0.446331705412895 0.289266512647921 0.598663848340366 0.612594710808949
0.766575827212983 0.722249334018688 0.868357794503351 0.83435887920886 0.514204265721831 0.659068686954431 1 0.87354065716872 0.851850065782429 0.565149689088591 0.463584457478781 0.532117399422108 0.717390799982935 0.551702988847585 0.662280608069969 0.54688442430459 0.536488915774736 0.531596476908212 0.732127729560389 0.621871066508662 0.330405695507884 0.150179339086452 0.763099220646901 0.639924925460243 0.312423525439099 0.691810273081598 0.442212443292926 0.433107759479531 0.561076818338373 0.398160436492094 0.681207309305178 0.603037790278314 0.826950570851509 0.783027540915463 0.550478393180158 0.428428363798497 0.755933351992972 0.434954461412584 0.526548135513829 0.468324740403655 0.482599549810655 0.217473191263761 0.643873858211715 0.62064195275865 0.642775404818536 0.599105212874635 0.616326816212622 0.668422579343779 0.618881556764446 0.57079221310584 0.771074540582962 0.704693735151766 0.741569054984147 0.684643749605003 0.757804331889232 0.734869148499932 0.747582041366277 0.67456246050107 0.770248514286891 0.700842407824504 0.829646237166557 0.768007393524506 0.666551015037912 0.594326453123776 0.805316560831888 0.712977393231064 0.832994462318751 0.785288977060722 0.716549571079359 0.687583214768747 0.760086802674041 0.67486406295122 0.409727218769573 0.525765215570697 0.0867267002166699 0.329503238092913 0.682194560739976 0.587335930633336 0.44655886794813 0.387065643893747 0.656985163153443 0.639692750476653 0.547012339482712 0.368489862858469 0.795431827810043 0.828678439257166 0.341799075912262 0.552049983873065 0.849832751553469 0.846160908159759
0.752728932842534 0.771102077387774 0.719415196239933 0.781605528098177 0.408880660242453 0.657020449601801 0.87354065716872 1 0.720857221962545 0.633787154879776 0.515692247634202 0.682938179773333 0.642757059374628 0.688718147007934 0.567203342587529 0.622593117201311 0.594975929170276 0.603560793289273 0.744856377214521 0.680694333285511 0.33244191899784 0.0259375706163696 0.704748579791062 0.628740804138584 0.250056928116644 0.593241246599162 0.381107872444706 0.217397915242607 0.586670593891485 0.5131590646926 0.686344944090845 0.652746494131885 0.801589866737545 0.825377973256178 0.385888047332192 0.257952453143584 0.66853464152006 0.277594657708898 0.511086804094179 0.442418598264201 0.428779901668937 0.119179435049902 0.648865307303488 0.633316892713165 0.664861027191215 0.623087515778395 0.644551404873953 0.702341591541088 0.61705046722739 0.546060503950581 0.748457080993067 0.688077527932629 0.751948281554373 0.683765312092069 0.762313083118812 0.72731267114276 0.748773712016827 0.715370881686756 0.74098025895253 0.728459589942454 0.808370418087387 0.864717029317519 0.703577376430044 0.749832507657485 0.678496534165676 0.690175974590029 0.759267519263756 0.761097884645355 0.713577403640123 0.700481917155632 0.688978600872676 0.699962142540175 0.425818592283321 0.525751778513345 0.0702911741652821 0.319775072243788 0.640594669294147 0.620760065835935 0.537825898744287 0.481335173889379 0.708272116237902 0.690059290753114 0.531976966757695 0.414165191248069 0.759980742229469 0.870590024179119 0.355002206540721 0.549968829830518 0.753736998417023 0.810505125331434
0.667575905028083 0.577936791256118 0.730281739010515 0.705762457331317 0.598204354127702 0.612728696527027 0.851850065782429 0.720857221962545 1 0.652364636554113 0.393377464538465 0.450295883924817 0.698708544058474 0.50778865472565 0.753965502390064 0.623869135226159 0.422980343808068 0.414825835583101 0.602999368058844 0.476141201778325 0.309314117070137 0.13649647014179 0.685478661489184 0.613822663769669 0.393375591078888 0.705647229991057 0.516808921008335 0.416122241320354 0.441552198913194 0.300409477808081 0.618945984915105 0.507590541711814 0.627407090342783 0.598580732094014 0.499562343316817 0.389585516934447 0.647384665425613 0.378309663209944 0.511147398406853 0.384321842495896 0.453837483605066 0.176508676091572 0.479904758781186 0.464049945256477 0.418000038424188 0.367770733411953 0.397301649003753 0.48115737543404 0.4083874399515 0.389548657935038 0.547804356110408 0.508650915155142 0.539812103252628 0.488534465511218 0.617825975551853 0.570277657688425 0.58148461456004 0.539001100464679 0.545725558946535 0.475908506622101 0.699293608020024 0.65927816058313 0.509311401837969 0.421313631048435 0.741870978045877 0.66730688874991 0.629460971501462 0.58246916535744 0.518416695301865 0.483076733949195 0.659940099786852 0.582929025385365 0.3972828934397 0.438949219113224 0.0714007322075896 0.300153219201509 0.49523649269241 0.491850463738056 0.315663216134283 0.300234075001871 0.506099993442011 0.508328344496909 0.482326613324996 0.340049731470512 0.643377665756694 0.665578395321668 0.379050793432062 0.517940047859707 0.724082728645782 0.740388890045727
0.503486656798732 0.493271512404802 0.480166006890482 0.476508391327033 0.579428970757582 0.612075117293958 0.565149689088591 0.633787154879776 0.652364636554113 1 0.387284771422246 0.433357620427617 0.443037320805304 0.473467866683559 0.536864026842707 0.542015636505524 0.406689318128154 0.384332606369769 0.503268983255392 0.418175303749371 0.206742611241501 -0.0744358755669575 0.519127327776581 0.503212832993217 0.109808563017502 0.466675722672808 0.374076486035013 0.201969885189556 0.414980989937244 0.330430603449797 0.451200016274553 0.435528635350885 0.484597455439899 0.496497729244728 0.207039756713649 0.152704760136244 0.434924886262121 0.0131122982433561 0.410816495079384 0.161429706544868 0.232104999994594 -0.0192174753798694 0.423289571271492 0.41123439662825 0.418075958777221 0.359062208659689 0.349181199570705 0.429833946752445 0.435191502435425 0.411988716847016 0.485773919483578 0.451376198003334 0.504061808677551 0.430521749354622 0.502426949459736 0.445936836536683 0.477765472137196 0.455040152739074 0.453326594353305 0.468984652807325 0.559373476807363 0.630089673770335 0.52619414653566 0.541944491081313 0.519521832209572 0.461630431272829 0.466076987417133 0.485533831764409 0.405998989648737 0.428130038389815 0.477268570085146 0.458468463608475 0.323060503341135 0.334395924820715 0.0660957963498912 0.268482674111658 0.402677255720172 0.430075880558251 0.349211704092953 0.291239123663219 0.457287538637234 0.423127174728851 0.440961401320197 0.257098035376854 0.558002331271641 0.586800192343796 0.439175507161992 0.468142265518957 0.568078563106908 0.596453815174258
0.812697558306292 0.77735329877425 0.51023076239708 0.487472719065826 0.144480588486404 0.295264098621578 0.463584457478781 0.515692247634202 0.393377464538465 0.387284771422246 1 0.831484505638855 0.802446772147454 0.77744711802996 0.557575975865316 0.594104278850999 0.830032726320007 0.840718228812963 0.776543016418672 0.806653254749067 0.381315845391527 0.122825973946995 0.671859624678277 0.594958908262688 0.281684608270429 0.329571741429468 0.177260801894715 0.254113304506633 0.787873028596727 0.835842373992803 0.552708519007966 0.598826998318088 0.581198424626775 0.640930781479891 0.112185103465727 0.149001249950292 0.448943343740835 0.219340714316817 0.447096601604809 0.459549160054147 0.590716607153456 0.266494432759699 0.316057926678511 0.33540654976453 0.394484627820139 0.373886700614721 0.464350808990372 0.477114524249633 0.295217685384211 0.21268366580397 0.387686516934593 0.273196045865301 0.468460001944095 0.318675275398829 0.582238763572841 0.572334282958723 0.707672795855288 0.753516040313785 0.345735907652227 0.322916419704578 0.656041708941426 0.502437207141052 0.75618807291511 0.64708338786726 0.439341622529115 0.354473776420176 0.281406141483531 0.236644930953299 0.525737768942535 0.42607393939974 0.548960622708959 0.550001144062298 0.574946894527874 0.668046119331742 0.221367557896749 0.354848786933422 0.434315569860239 0.36176858432215 0.614902135388038 0.761805688228215 0.786873952105444 0.788729046277424 0.724221570340748 0.56784412256134 0.719173222249685 0.614546848951502 0.381633090384125 0.559427440972777 0.40310359518328 0.49439348074662
0.774905498208295 0.832188942504218 0.518674841211277 0.538697151617389 0.207571646447279 0.41237522788073 0.532117399422108 0.682938179773333 0.450295883924817 0.433357620427617 0.831484505638855 1 0.687053384049204 0.869525707747685 0.474950868791621 0.644334931450044 0.792282078990596 0.8502689709645 0.783610017858457 0.835195517990352 0.381912784948892 0.0843122341836328 0.640445368269228 0.591510536738423 0.248996566896473 0.378383906655122 0.174304886504102 0.185449679893764 0.779676618413712 0.861886130222121 0.614414139201307 0.650856508322334 0.627593034085599 0.716280536045461 0.0810402548720578 0.0971507556036329 0.484399248976972 0.129231663775004 0.460536901443344 0.457457103189337 0.556062241468969 0.12714060598969 0.404158222165362 0.42407134143365 0.497366182585768 0.463929109216953 0.562294975200562 0.588938112561318 0.408884349676531 0.314160577963655 0.493090030048863 0.407632013406991 0.565627919990282 0.416062659546041 0.645587088988841 0.622098570537553 0.718262907950401 0.760293797844396 0.472377859919123 0.466223070881626 0.65513083857777 0.591388857880997 0.755451223682009 0.787893184169533 0.399124473889157 0.37779266145301 0.389609117894463 0.343107819200221 0.58927459625042 0.523401340206755 0.60206362005466 0.650461432259917 0.591978498077704 0.682120513822304 0.200378334249603 0.350095271261108 0.488997233311844 0.501889818086375 0.64378211708018 0.771396553595731 0.800518188075603 0.833396161698207 0.625977578728839 0.561425534844172 0.7040059537367 0.727653121252244 0.378431764351901 0.547550384878644 0.428934738724431 0.582546771489022
0.842633551514356 0.746639048914694 0.724437640299348 0.709866410135746 0.327230806674315 0.418465973109622 0.717390799982935 0.642757059374628 0.698708544058474 0.443037320805304 0.802446772147454 0.687053384049204 1 0.790801346644828 0.831339724655603 0.764211594164163 0.741995877785582 0.737637145549671 0.761105466997134 0.715449986393302 0.440743346724937 0.268391069392217 0.830791966178953 0.750531691845595 0.473818736811389 0.575826239783691 0.365055487920844 0.414405372849808 0.710715701646285 0.659139672122871 0.689103807242647 0.671937117832398 0.677538487406241 0.682278895927774 0.363054038227036 0.327888648467486 0.626289144323192 0.393877329193293 0.567766946421637 0.585692219421669 0.642444727583566 0.299602797206025 0.468466559898494 0.470095333237998 0.423249980822637 0.404417294345399 0.498121580068615 0.542130958511026 0.337420800997901 0.290828109261031 0.49492596948127 0.395027123959951 0.535298996239461 0.40828713369428 0.692605133442508 0.66533710869864 0.751805725504545 0.753075875356632 0.459115444639639 0.387177663818616 0.723536595296569 0.577989321283837 0.671093683714013 0.51453584978686 0.687109973041463 0.639337000576972 0.489122801338982 0.448072571986413 0.589320477982171 0.499314717349279 0.679063815848101 0.641054753207974 0.507689354268924 0.621201200003663 0.204730321762439 0.363698094281573 0.533682208614536 0.471757038877107 0.591084231790045 0.650303770384229 0.765045320564828 0.783397287989353 0.7647635324655 0.610288592846411 0.830443354273036 0.721813115327237 0.447880226942246 0.659860968465985 0.622854039411498 0.65459507117756
0.738454180781099 0.745834038395117 0.544596559301772 0.612852962749175 0.224480606463718 0.380075928793032 0.551702988847585 0.688718147007934 0.50778865472565 0.473467866683559 0.77744711802996 0.869525707747685 0.790801346644828 1 0.630788527967055 0.827831594497021 0.781361092213293 0.806629635143573 0.725228074056497 0.753550038232044 0.469764267292757 0.131965615301564 0.7561395384636 0.776828067097519 0.342687625080091 0.511838838158343 0.275355537135664 0.200942641373023 0.781527063603329 0.848775857154941 0.788465830345373 0.813396031679749 0.599713344914514 0.720555604241085 0.11966438022623 0.149095515815516 0.518269489780554 0.158189696121087 0.529845922278476 0.498104972411455 0.619195797562775 0.0911092251342668 0.462025945817421 0.467600029968822 0.413255848152868 0.398327597272329 0.505643978877071 0.535226746138811 0.330350166729815 0.26295975571657 0.442592604498962 0.339179612516278 0.519516069854839 0.3719621987121 0.655156013333703 0.570369734060628 0.684768026693876 0.714842314047934 0.376075437578303 0.34976659970585 0.585714165405949 0.591477625222031 0.668763014371433 0.718473512430009 0.498415898255001 0.561020951683912 0.365486450544068 0.372767618743622 0.524689163340227 0.477656580406894 0.625616641740324 0.70095178388247 0.617805182687239 0.660208628469642 0.279408363607028 0.345746177036551 0.476993124449128 0.550376800074441 0.709409691688666 0.763685578789288 0.807392291502824 0.841378090472363 0.704263057105449 0.629988704655719 0.731164964901968 0.723723358788454 0.404511377385298 0.663430664097906 0.412822329451884 0.548269297484257
0.643863389807526 0.587757418152971 0.691689662163801 0.677095206779466 0.463975142340033 0.511294936273834 0.662280608069969 0.567203342587529 0.753965502390064 0.536864026842707 0.557575975865316 0.474950868791621 0.831339724655603 0.630788527967055 1 0.761857667904543 0.545453678045387 0.541560042998721 0.615687572113514 0.548300593507989 0.411099906442245 0.181752047185846 0.796825647886866 0.731356170066191 0.420616450668754 0.642952243794294 0.415251613366031 0.488530922581421 0.543256893204102 0.449833787595077 0.656509775629163 0.61534701590407 0.562978098218046 0.559802807758292 0.379167345252297 0.299752788684336 0.587159419735419 0.326071046834391 0.587850346245125 0.498537575079999 0.561193351403038 0.266155118417866 0.423004087489305 0.42120532799802 0.331120230557768 0.3308037800669 0.361264879035907 0.44759813200943 0.306559309637759 0.319550517235954 0.429464270016212 0.374349494628547 0.427525161936286 0.334371198610986 0.605287306750953 0.542757837289749 0.592838374797227 0.587962195909328 0.406056148876723 0.351137021775458 0.582637174647855 0.51585518981773 0.485618441262627 0.382718241989392 0.679326345165193 0.641022456790661 0.47069436790607 0.450168782298181 0.475839171015682 0.446705598114077 0.593493235563315 0.559242207502974 0.438790969855091 0.500000921550049 0.154626890297669 0.290416637573483 0.503481240683173 0.502050331397249 0.449233590276959 0.475973066508319 0.56502454617991 0.586565287006828 0.632613944942539 0.517294484653576 0.686089411085517 0.629690105725379 0.552650084889729 0.601323460761607 0.578695578887445 0.618243348557039
0.644379122427015 0.617846174156976 0.582322860596233 0.650183959476087 0.325996219195097 0.41836321706947 0.54688442430459 0.622593117201311 0.623869135226159 0.542015636505524 0.594104278850999 0.644334931450044 0.764211594164163 0.827831594497021 0.761857667904543 1 0.614380508087224 0.6417641628503 0.599027356651413 0.586474114497107 0.492492450755177 0.190152132442851 0.747008451596976 0.802129765169512 0.510858022659176 0.647570001022516 0.409395212554622 0.370322411236708 0.600932286292907 0.637545614651572 0.718001578079243 0.750890914607107 0.521453803789752 0.603508278118618 0.250450055276206 0.209157543275064 0.51192744883258 0.247662889388325 0.592589565141747 0.555043028496921 0.589253262198813 0.116438726930113 0.4649246175296 0.461860829745464 0.303091554663185 0.284095950073288 0.395788666315218 0.44666171630274 0.260381261629004 0.224724698677501 0.408115617565519 0.350731139793414 0.456355296497652 0.360187126619513 0.6180290175907 0.545119104428093 0.571515619346374 0.603537921915158 0.327290118319565 0.280935111384363 0.487291227159351 0.577922183640625 0.474216882192439 0.486562196876543 0.570788201675344 0.698172157845197 0.374155111736993 0.386200933277225 0.453348618729268 0.421440251833188 0.585209851340796 0.597728863212325 0.491125033639883 0.526178932740097 0.253732663277857 0.307396883521184 0.435987457882458 0.508748245279159 0.589288514606471 0.61299741190218 0.646290675418025 0.686693304627193 0.656838146066345 0.621334069017465 0.667663115376963 0.647376196837098 0.413020089190051 0.643917545945573 0.45916253824348 0.567265270143944
0.805981963055559 0.857816508164536 0.568401094591405 0.602136239001452 0.182604844591814 0.353723010671147 0.536488915774736 0.594975929170276 0.422980343808068 0.406689318128154 0.830032726320007 0.792282078990596 0.741995877785582 0.781361092213293 0.545453678045387 0.614380508087224 1 0.946064912615181 0.831209172863057 0.879157296632296 0.426218065545606 0.12245013323871 0.719086869991113 0.649072484859443 0.365444710950585 0.474692373669918 0.282639622440124 0.347985008936897 0.866885273833098 0.867085926276201 0.673459726359723 0.712466047275011 0.713217996354434 0.778599072564923 0.198264049487275 0.249036692579486 0.603335237447614 0.194855765775348 0.543839689054029 0.546563626500775 0.632644617518229 0.272932596925549 0.516142462098734 0.531546475150644 0.558412115571431 0.536065035116451 0.65587353269614 0.653183276727116 0.456593112096193 0.353257235212476 0.506864879565305 0.376345153824389 0.560979047764277 0.410999571027417 0.712339591233446 0.675218208873026 0.869125673371246 0.885168998926207 0.486002088439151 0.439160529516833 0.618278626405531 0.540762829850443 0.809238444411733 0.67781795652578 0.50565314697405 0.449309698151706 0.422880205544009 0.401446170942603 0.710330434926861 0.625020111940472 0.613678618722789 0.603494056777809 0.546733436104411 0.66190944122905 0.234932462211063 0.407686429583024 0.584344461884958 0.53391668103743 0.844048670852986 0.889883441490813 0.915800394113994 0.880076453267672 0.757010715954975 0.621375702534431 0.798138552854235 0.720494530091247 0.442643004439194 0.661760871190989 0.492107375254267 0.575031285640919
0.802247383729704 0.900011932495301 0.568154940483222 0.620843864644989 0.18212674696858 0.364453943866778 0.531596476908212 0.603560793289273 0.414825835583101 0.384332606369769 0.840718228812963 0.8502689709645 0.737637145549671 0.806629635143573 0.541560042998721 0.6417641628503 0.946064912615181 1 0.840172037851186 0.906762794248897 0.419800881219563 0.131949314124493 0.71583516072145 0.664797021225314 0.371349957659987 0.479033735943878 0.305375406369012 0.341470139047558 0.849146401766166 0.91016667739059 0.66427857397196 0.70904120665085 0.710657360227032 0.779929489851579 0.194237232856504 0.222408839987553 0.604683135704653 0.204031562500512 0.547756189972089 0.574083876004038 0.652101073164308 0.306121036283837 0.493576441199491 0.523456320970114 0.552285650728648 0.550301250502657 0.658312821583599 0.683499618821605 0.446883106316077 0.363016550464083 0.509313660471677 0.395458196917483 0.579467644645738 0.420863352049475 0.732572450761349 0.725409950201746 0.83812557079336 0.892174330659605 0.493312029542528 0.457758061688281 0.591569702955194 0.52608248996079 0.79751673389072 0.70518250804364 0.476583110260768 0.422139688238142 0.418281770128574 0.374712861922893 0.687566315345166 0.608852484811752 0.63270713319501 0.64198373067239 0.570725149537963 0.692909397521104 0.296708838998013 0.390002144595385 0.589836564898932 0.56106350734602 0.77904749625442 0.898984590162678 0.899398469065821 0.915575145621017 0.709640241790739 0.694116249315924 0.799694423942696 0.743521046001998 0.459407211060191 0.682698444540987 0.489962803762986 0.602985878648521
0.876019902652482 0.913580822161151 0.746328428407671 0.734377801841758 0.337477012150958 0.527513133140959 0.732127729560389 0.744856377214521 0.602999368058844 0.503268983255392 0.776543016418672 0.783610017858457 0.761105466997134 0.725228074056497 0.615687572113514 0.599027356651413 0.831209172863057 0.840172037851186 1 0.931250183473281 0.404627720492937 0.161975651917926 0.782292555456847 0.655480413597545 0.339483235551813 0.543683384867344 0.382805931172147 0.408462080234094 0.786992642369263 0.752951797770441 0.662694736441429 0.686310608589804 0.83467949945625 0.838785005250972 0.324858831414626 0.311332023881524 0.679396955204773 0.342724745627498 0.579328033173198 0.50739566520489 0.635235959450955 0.322264002870733 0.606713980070125 0.621661526364258 0.699785060627632 0.667981369968773 0.700665570891211 0.747748055962164 0.623773121702251 0.544593446170808 0.669635499608124 0.582169071615429 0.692746648367699 0.598872030647516 0.779259379689545 0.743721828879826 0.906652459266813 0.878038529756025 0.693964076831147 0.640446278029228 0.740227310746462 0.64361146753244 0.821212932443416 0.696622655276847 0.581434393738169 0.501385182197718 0.634443526082284 0.590418638265633 0.809716375069151 0.738157519001255 0.717068559000483 0.715696702782365 0.528531646321689 0.704154245771778 0.223769595134075 0.380426929309623 0.7022444746064 0.613662257761956 0.695708689427986 0.692679539276916 0.837117453950119 0.807347680082108 0.717459102335228 0.491372060318923 0.830210779870117 0.799351863985403 0.441929517474556 0.645388247471803 0.651160217191972 0.744118507367481
0.830184720585506 0.922802983804159 0.654022529720013 0.686774832929773 0.270905861307509 0.476741204888629 0.621871066508662 0.680694333285511 0.476141201778325 0.418175303749371 0.806653254749067 0.835195517990352 0.715449986393302 0.753550038232044 0.548300593507989 0.586474114497107 0.879157296632296 0.906762794248897 0.931250183473281 1 0.384091722980536 0.104742399557395 0.740561362567314 0.645834732643531 0.288777205192206 0.481252943333849 0.305696467824764 0.3291839702861 0.817239770629076 0.831796654630968 0.653989497755951 0.694543022997788 0.763028713749775 0.801219168325345 0.187309349809108 0.190549341125197 0.617530553140415 0.223929715142695 0.590139246069697 0.4854342577628 0.632211293255692 0.26541986110246 0.546247091993789 0.556944445638807 0.657756130009917 0.646283927821962 0.67659654510707 0.710646942358215 0.597810741122954 0.511622199183957 0.631631028492995 0.530927889259542 0.67411573934813 0.543618770362216 0.782042377695229 0.721336603090356 0.875432487700436 0.884239888615892 0.636727126643352 0.601079269261411 0.654461209289354 0.56581610610702 0.804811602947599 0.719070954633411 0.505528317094151 0.424947724026775 0.532194761586544 0.484379265994997 0.79905416103363 0.720132786984892 0.651631245192671 0.672276909536318 0.559836782047543 0.707966843740761 0.280941338911678 0.317088565307964 0.654759675432017 0.611495577709033 0.702581253482667 0.796196725498958 0.855707137491031 0.848689773047546 0.701946785555533 0.576086046583063 0.803784932452095 0.776577411383036 0.489671390737978 0.624975153215292 0.573184367950529 0.669600797311494
0.440018195474393 0.416841054546841 0.450236898867889 0.489795904409075 0.0624535981341496 0.154284736995484 0.330405695507884 0.33244191899784 0.309314117070137 0.206742611241501 0.381315845391527 0.381912784948892 0.440743346724937 0.469764267292757 0.411099906442245 0.492492450755177 0.426218065545606 0.419800881219563 0.404627720492937 0.384091722980536 1 0.192725283028801 0.526020353812822 0.555152503129641 0.364831564894784 0.470053584386512 0.248650230130066 0.339325516783614 0.452448839125021 0.476164138115419 0.50856004352659 0.55347513113593 0.286956091295031 0.348121836925758 0.141664309963209 0.128623136224517 0.399881955441201 0.151436665456674 0.550358773146174 0.360750212363892 0.430558109394657 0.209426960434998 0.314006790902699 0.281169898182277 0.218603228677397 0.215799148307459 0.320715157691381 0.333813070366296 0.169280723839144 0.129511383887451 0.243115534027308 0.189154237340073 0.260265151237974 0.196801622665835 0.429715302729514 0.320211179673957 0.444185616759808 0.458399404409325 0.240084757788659 0.132543941680558 0.264869086352358 0.291863481086022 0.255665381262403 0.228035841023793 0.433782405037911 0.476561722208684 0.231326192232687 0.191265326271859 0.37995583611261 0.364263135410908 0.307213966361936 0.349785230027632 0.293514191483705 0.312827507082638 0.202640773057008 0.114681569794494 0.242506122764543 0.375249056733497 0.454041023122382 0.374368050161449 0.376781633128831 0.419474842470751 0.49120957931702 0.496131533813261 0.451006890288075 0.404191126142956 0.362931859689888 0.499195341896598 0.209057486622544 0.360380665700877
0.144318369079497 0.0633396543365288 0.208218463895392 0.184388614956816 0.00778139843910104 0.0466215483485412 0.150179339086452 0.0259375706163696 0.13649647014179 -0.0744358755669575 0.122825973946995 0.0843122341836328 0.268391069392217 0.131965615301564 0.181752047185846 0.190152132442851 0.12245013323871 0.131949314124493 0.161975651917926 0.104742399557395 0.192725283028801 1 0.184018717869613 0.118912198129962 0.255283263984336 0.244224865508789 0.0928727329002196 0.225143858899173 0.191670423547474 0.134203611832511 0.182792477217104 0.150014377611549 0.171528792413502 0.101279153105251 0.250885196605473 0.246856234894435 0.182211996841045 0.377672579363951 0.0894044378834024 0.261158464558485 0.172037767069433 0.321377788789664 0.129089130816638 0.14014555578618 0.0692116157628265 0.0272647342957869 0.155117369437548 0.104459108060314 0.00709594438198736 -0.0594070683071149 0.0418399535328299 0.00399949514875169 -0.0171134217616356 -0.00297119206404583 0.0763815723392784 0.117005218105686 0.12236306699833 0.0932543392901293 0.0371098907804123 -0.022488235261044 0.0267864902580389 -0.0520402141278787 0.0465194036133137 -0.0688112643281299 0.186174333444023 0.138264753170627 0.103268135156319 0.0699466572353696 0.105715948902633 0.0288051813831549 0.235791881480687 0.114457480086354 0.0574449900128705 0.161522498095915 0.0856566506462692 0.132996951045256 0.0771812978112869 0.0217877039037599 0.103237012611449 0.152784905126838 0.136501193528473 0.133358968230027 0.231625406344622 0.216454502690872 0.134708844619672 0.0600111924340103 -0.0944227941143252 0.137746003111786 0.0369699374578421 0.0577965173782275
0.794791995994591 0.767937963657183 0.833191062954101 0.812474608701715 0.409270563024936 0.511748957093862 0.763099220646901 0.704748579791062 0.685478661489184 0.519127327776581 0.671859624678277 0.640445368269228 0.830791966178953 0.7561395384636 0.796825647886866 0.747008451596976 0.719086869991113 0.71583516072145 0.782292555456847 0.740561362567314 0.526020353812822 0.184018717869613 1 0.891605784488518 0.403152779875665 0.748838902941485 0.466550389694362 0.512483127735127 0.723914048019354 0.671485611103427 0.842206107983154 0.811686823746558 0.750776378686748 0.762536316053118 0.382812326298495 0.360763035174308 0.711087168594631 0.346958856758264 0.625712962990912 0.537428776526749 0.661165909222099 0.293382729661361 0.548104258417295 0.537489201515119 0.513586094219957 0.502311985967338 0.560361207609328 0.600091416706913 0.486457421973158 0.434667062076088 0.611780455625226 0.49442746329547 0.643951899074447 0.526079175871153 0.756833182277082 0.709851942299265 0.775217476358782 0.753140521208145 0.547690464963655 0.469722388815364 0.67476235221798 0.643198752858099 0.663686101200649 0.593013177289135 0.755281569347863 0.689983394617255 0.579656760248986 0.544715741240863 0.671970918238848 0.630942843017461 0.709305134464991 0.709959531342614 0.530334957129568 0.656286763415284 0.222275384782702 0.341122381517549 0.628703715560804 0.586856508170327 0.633910726933548 0.61272273726875 0.764904153217767 0.78781799585212 0.728406621684442 0.624207612039848 0.857343454568243 0.799184621655102 0.493586773912093 0.742436777374188 0.645121041583056 0.739855001294043
0.721995163031113 0.686052259983668 0.721210742853781 0.794202289881062 0.376977163773278 0.399989196481098 0.639924925460243 0.628740804138584 0.613822663769669 0.503212832993217 0.594958908262688 0.591510536738423 0.750531691845595 0.776828067097519 0.731356170066191 0.802129765169512 0.649072484859443 0.664797021225314 0.655480413597545 0.645834732643531 0.555152503129641 0.118912198129962 0.891605784488518 1 0.472529986241444 0.742868621983486 0.448226646219989 0.517741349882043 0.630377419707345 0.644987437424658 0.82997202684408 0.803406095413012 0.585959526248955 0.643197187422783 0.298174126220637 0.294394064771231 0.584109560310158 0.305454709205646 0.657916939841933 0.573406787629101 0.654084395003476 0.225142637428121 0.483640629831256 0.482196831846137 0.38336374617124 0.389840514822183 0.47342947596278 0.510848067203019 0.330480071453968 0.291266048179011 0.4894482463308 0.390612029708426 0.533726889580435 0.421872470823611 0.689199632524032 0.623969040116477 0.679959572505582 0.696924502598463 0.406875337307716 0.322424581531628 0.527274317599958 0.591751483883827 0.513212440039049 0.495433456105967 0.695369052403429 0.740589761035333 0.438045118993482 0.422029227077417 0.552012994602164 0.525142745602537 0.612253185069251 0.671881505802222 0.538466073087603 0.60174802593518 0.327250835721248 0.335697339334978 0.467610352200895 0.551370865505032 0.573501262892807 0.582098459860589 0.66202224945647 0.748079599313769 0.651186429154593 0.667256340528693 0.766637266132374 0.735807738099912 0.468125564727495 0.781680068856851 0.519598807811449 0.649555931415797
0.454814970932139 0.359150741257567 0.403906905433252 0.43847994921851 0.144464553982077 0.0570303454661924 0.312423525439099 0.250056928116644 0.393375591078888 0.109808563017502 0.281684608270429 0.248996566896473 0.473818736811389 0.342687625080091 0.420616450668754 0.510858022659176 0.365444710950585 0.371349957659987 0.339483235551813 0.288777205192206 0.364831564894784 0.255283263984336 0.403152779875665 0.472529986241444 1 0.53853859274012 0.510470558217273 0.350651162957498 0.28367477603275 0.305111130039944 0.366452936867963 0.347263900448248 0.23783989421943 0.251104739168657 0.298830235312873 0.245242631353499 0.329546508232502 0.304764581835273 0.429898992709193 0.526271547942278 0.423203003769459 0.307912643131512 0.280029095132786 0.299167485050634 0.166034654750034 0.173155709345258 0.306528861413434 0.305111263360617 0.106596603073148 0.0656903881606966 0.201771896517044 0.163532022257593 0.213314063044236 0.185701858900736 0.374737201126299 0.390576333748746 0.382655505995434 0.41696249398523 0.147412208975484 0.0502965847137763 0.183952420170652 0.180609330414143 0.133493073682941 -0.0226675007993174 0.324678663920964 0.451765219146101 0.223980096290863 0.188820687198984 0.273992136807032 0.261753219711478 0.227884804124585 0.241517972673891 0.140228457580412 0.222752023459645 0.201751688332112 0.113650611382453 0.120240175458539 0.234214055219427 0.332112299260644 0.373352961132597 0.342940436627104 0.404368218226364 0.367847909617293 0.472419426207771 0.383162819984346 0.297863388879866 0.229742787080853 0.43278429685064 0.200404491319191 0.284532648330312
