1 0.84865759106153 0.464637807570125 0.422508229605325 0.173844027453574 0.341921915683189 0.557178061329592 0.528847019196823 0.308062879855089 0.323127984921379 0.533753467993573 0.512186153863691 0.740140135077445 0.413520869908472 0.386629431959659 0.277265464698234 0.759943825586027 0.79417827018525 0.759510235046349 0.763930172624533 0.123203176418658 0.122514151074077 0.401740310226967 0.201862201230436 0.449256436822617 0.182834339416709 0.314361574334783 0.0352768815940005 0.503674687906774 0.664199442672034 0.338324676753007 0.28489710414429 0.689122462264103 0.548965703762157 0.264006495546626 0.261357560789155 0.368254737151006 0.195741024661456 0.298168741320001 0.213968487376904 0.332525310026922 0.225344877008418 0.21403951906773 0.208789985875736 0.507319308195858 0.605713719717591 0.512812399870016 0.541361786865866 0.614415761872072 0.622075817258932 0.558175390534216 0.60080119017061 0.520654940476082 0.379553151476619 0.632189878635412 0.572133635836183 0.827478322000342 0.819689444205618 0.772148356906667 0.70614328677337 0.565825780478265 0.250905911840902 0.687230310742927 0.577130076879293 0.34076284990189 0.321548585797118 0.583966098105573 0.487936028949028 0.840065842716007 0.665597226929577 0.113687544239404 0.279741544609571 0.40842252258471 0.354634855123924 0.148123221704895 0.345067998763607 0.245386329309409 0.218121530660644 0.692302082720939 0.674077733407622 0.828523059974037 0.790825924371207 0.463750215299466 0.60885800061539 0.828622708444746 0.658424624283966 0.141571612459178 0.331893601410061 0.539175181315146 0.501147921707784
0.84865759106153 1 0.27029840809153 0.349803728159836 0.026261423674586 0.265389230074423 0.323413112148795 0.4300271937487 0.174367571588514 0.236240226132562 0.313970871749021 0.436623367883177 0.524660978820279 0.312083420789352 0.210780310119819 0.21091093680799 0.772821652131332 0.773843677432657 0.509235222553539 0.660739130587619 0.0892957688610512 0.133033276547146 0.203298091944987 0.121841047104269 0.276556470897678 0.144635187518629 0.252619485528796 0.0527343136062055 0.390133621253273 0.554214885742055 0.177211251520914 0.134045159073733 0.587053587880116 0.537827169134463 0.143116528348367 0.212891046654554 0.253484201667486 0.227580266172058 0.119702542083776 0.261621386540446 0.319714878483112 0.263863042809494 0.200721025315605 0.244999118034591 0.555825979497742 0.697147708225141 0.597027675009563 0.604291594701874 0.615960136338766 0.64421998308729 0.505698782590753 0.638162869913024 0.498534211380883 0.3476683544616 0.604193016590773 0.588990895485139 0.861255593093639 0.916177089412774 0.69620033466425 0.794138917127252 0.367106062785824 0.197110177476253 0.560799421934816 0.535099935776858 0.207484171790131 0.331531742696218 0.579176901085897 0.561871519649175 0.839005920384923 0.800089586098848 0.0593029522225229 0.214433442734701 0.310457806385606 0.362136628147639 0.0588144711624695 0.373384317432936 0.0881758369815634 0.147844764321172 0.703012610801707 0.533200952683609 0.795542985726473 0.799874625780713 0.289727688685464 0.572943477954436 0.694438627644342 0.634604005837953 -0.0436551493181103 0.228012586805437 0.373705422371996 0.395445468145593
0.464637807570125 0.27029840809153 1 0.804448879662191 0.510335241752951 0.498614362952582 0.859374139616174 0.776248955002555 0.458174452285736 0.473415225238318 0.443686981013381 0.365383952828845 0.572527643383268 0.389237572843607 0.433842050047507 0.353843120600634 0.228275405584416 0.292524352315705 0.64422464203191 0.331689776578993 0.193517717179559 0.104608453617983 0.749351796872101 0.520506948395165 0.61978368410741 0.498917559728909 0.262180912049641 0.243916207933368 0.406312771109681 0.45880705704901 0.617737907714855 0.51441116786174 0.692329518709094 0.598675865929271 0.589416353883103 0.403390109724836 0.409114513058842 0.247195809801883 0.289957846829516 0.091529505492251 0.282844017086158 0.0842083177925016 0.55095987198299 0.441169268089036 0.441510991838683 0.261856951921885 0.379864783560597 0.388580176703367 0.463753307814071 0.400752910719791 0.594925186129112 0.508766856586758 0.605496304375723 0.565852183963297 0.438815584840749 0.366613780117585 0.190075185741285 0.197110810514097 0.552796266776079 0.312130005524116 0.515617570824056 0.48945126166681 0.411042264845644 0.372440331063661 0.630247439149431 0.553282300627707 0.609341144695072 0.372635436378966 0.198615697799356 0.0755027877869619 0.507869910944394 0.512382069672658 0.503599000912821 0.454464516925301 0.349859294278842 0.317731279711408 0.375247698787369 0.328805967873399 0.299552174520761 0.420733320463126 0.38518044997302 0.288278039760905 0.34050161031354 0.298514156888922 0.574415778521603 0.535737600436103 0.214897409216626 0.242202060529915 0.555735061832617 0.605471364902731
0.422508229605325 0.349803728159836 0.804448879662191 1 0.429405901969967 0.454432606299604 0.630822387155824 0.753325525703365 0.41199359852646 0.592492555681097 0.266277208779479 0.289126476025881 0.382508322124344 0.422437522930288 0.309983463005282 0.445559750181664 0.28470022484685 0.335500584544628 0.475013852959854 0.368778519575768 0.265391914323432 0.128680082660756 0.630019970542247 0.676029648152487 0.613535506128962 0.593439364150519 0.301659014642726 0.305525221553276 0.394399811897878 0.467134629004844 0.583100425566309 0.554609943584733 0.620580684353117 0.590514304076403 0.520019244746363 0.451947176988235 0.448392994063738 0.287565482751838 0.27714283180907 0.148545752656712 0.264542562043784 0.0854504679911826 0.433798480357194 0.317218580314224 0.344125736016909 0.259829176309561 0.311556697974855 0.291813044773326 0.401584676630817 0.314755827923279 0.472988284919254 0.400457663190998 0.523137899419092 0.436547319072879 0.354798826808344 0.27951929850599 0.277165072726627 0.270253426269471 0.400323767034321 0.280647743304177 0.316966064070918 0.399080765931926 0.23600686722812 0.262441399967069 0.522467605639633 0.659525188781916 0.463336988608941 0.3330926074119 0.288922144256292 0.0754702898820359 0.4432034399061 0.484904609089051 0.424022991799165 0.418061632485303 0.187380772715415 0.33400942840607 0.30722331151528 0.300958391566759 0.307940538548759 0.423316136609406 0.407827390514483 0.328449615096054 0.34634412431784 0.388590554271818 0.481493995804747 0.595682832321223 0.249637551869432 0.374671898020407 0.453979365077685 0.619359104756913
0.173844027453574 0.026261423674586 0.510335241752951 0.429405901969967 1 0.538344496741071 0.691212761262746 0.623424195428964 0.667747405758958 0.544187690333833 0.574166030025468 0.330168574388377 0.429118432059421 0.325393501704345 0.428281592551154 0.217795756870431 -0.0249193044720692 -0.0110548576568948 0.366087874185837 0.052855604267806 0.200767502833023 -0.0260200097261526 0.451381776007467 0.280545459651427 0.341881972759468 0.349372151771615 0.140276702011955 -0.0169865391692635 0.428017729824673 0.383323440844984 0.508817206338234 0.400372530836326 0.385618857634282 0.350635265964639 0.350886070961114 0.233541383403171 0.133727585127813 0.0422152364149529 0.17577393452082 -0.104650873422531 0.0305572651105495 0.0323455961083921 0.296358832919674 0.12768703308934 0.0981369023336656 0.0218362581951393 0.165791496491834 0.103656638889784 0.21623703508956 0.163162908411166 0.257627754575055 0.229760558352345 0.334076033296454 0.397952049779446 0.277631099176251 0.269910747550633 -0.0840967945289012 -0.0667867864424393 0.324966916007458 0.122467675824332 0.624043801782674 0.652774809011583 0.324078834474586 0.321504578619477 0.311141559826201 0.367214338977463 0.182843825158364 0.0264983750025567 -0.0240762536273712 -0.100337358397255 0.387899029199956 0.367657422147474 0.396347881035424 0.308438007974126 0.283931725083565 0.164488768578687 0.208554081497429 0.318170510448371 -0.0286879705965003 0.339214733377336 0.113614672358149 0.0463335564109958 0.263009696720187 0.114701876387797 0.211222217829006 0.185964356525762 0.153357647178559 0.0568423870016586 0.475799673020653 0.487190937599843
0.341921915683189 0.265389230074423 0.498614362952582 0.454432606299604 0.538344496741071 1 0.632891557642272 0.746106107373353 0.391275733263874 0.377002245566976 0.414964253402092 0.42594307430373 0.445158568823785 0.360958980387453 0.270968772610879 0.287709858000254 0.126877526837962 0.175340119545904 0.517389627898335 0.288562035411418 0.0997655959750172 0.100492160858842 0.410873656410924 0.214038742796297 0.392742923203207 0.36934530129862 0.154996978095328 -0.0490842078949368 0.366546253154226 0.509573153637853 0.561047132225546 0.489435655430895 0.504990614412918 0.597958485171295 0.325564597918101 0.308206085609103 0.158763349859955 0.0969282912069312 0.0970945344372316 -0.081435934846764 0.163299080032415 0.0354407324092848 0.439749672597301 0.366644227254726 0.324925782858695 0.204115095622986 0.29678943185865 0.304893804724602 0.34592774314114 0.330248317524519 0.426897740233485 0.392345092738141 0.469231827381619 0.472636273832432 0.380494493913566 0.382656240678522 0.0995131697814124 0.139632806814031 0.418464277656741 0.258321393163012 0.475304807379267 0.59641939625171 0.434934303541393 0.439668715913496 0.248024927568286 0.334312173538593 0.431486963979312 0.283477769029459 0.157188720378114 0.154862934560939 0.428070159260316 0.430317621078405 0.525443839914037 0.544410931449844 0.143637107127418 0.278666115127974 0.217659728019881 0.311784340324727 0.217152320400539 0.35975611497115 0.299319639680867 0.226199021315763 0.193047303916769 0.158334477939291 0.352437212312992 0.355935300601997 -0.0251484098972015 0.0346356458509205 0.395991558229655 0.417809617566644
0.557178061329592 0.323413112148795 0.859374139616174 0.630822387155824 0.691212761262746 0.632891557642272 1 0.839606597292766 0.559345249478042 0.470673237044826 0.71502175375265 0.538180619792459 0.715320105883545 0.457156057033315 0.511810974402379 0.331641671213245 0.2630909815057 0.307264158840794 0.752620352950106 0.39932438892368 0.181047765395233 0.0483992992440924 0.682292900808976 0.368567216764574 0.584435889806173 0.432470676389403 0.216170645158837 -0.00812477778434075 0.553078291022522 0.596653366502215 0.670699243492455 0.529335256534337 0.730940897072699 0.637893443000756 0.53857900796488 0.365845474845969 0.341577274062991 0.144998522580006 0.304124136059009 0.0440698316956062 0.199152602869822 0.0898658408991873 0.53297292218461 0.38877748657239 0.443594932892727 0.313307107166008 0.409280145741606 0.386515889514544 0.508866812077748 0.463063533613552 0.6056735335243 0.53935554577655 0.592243168545969 0.582352207350749 0.515632412170157 0.460914205879217 0.199977684202613 0.220077157596986 0.676717841910734 0.372895954805587 0.771248418393648 0.667961029254701 0.616960754885387 0.543370137117171 0.521046241055897 0.467980674411586 0.601854327966787 0.363177906887015 0.245940676128282 0.137360224679444 0.494845389962111 0.512853611526919 0.555553415558993 0.516697787073475 0.330764324824942 0.374235539258206 0.40387198941813 0.41802151627867 0.308701588556823 0.571589850806039 0.440625958356559 0.324269804705005 0.380052773247201 0.293309941344774 0.589233797760652 0.481707045717964 0.162689957795193 0.169770019744129 0.60550796642519 0.612806352155379
0.528847019196823 0.4300271937487 0.776248955002555 0.753325525703365 0.623424195428964 0.746106107373353 0.839606597292766 1 0.509976584718381 0.60068398465136 0.52399649378626 0.606203240561158 0.615035731143217 0.565717980839409 0.44101509657465 0.453562763629506 0.270606837666611 0.320253245229477 0.685343290385075 0.445142190110643 0.264265469026356 0.0825557643879745 0.660798394642894 0.480011885122494 0.563031890700721 0.489871041626971 0.209600963802272 0.0300004182210951 0.523567758475063 0.640684636079198 0.668941589038222 0.580030705666648 0.723689155926869 0.732806567586188 0.494546613975765 0.416372352553001 0.302530102383615 0.168592213569898 0.217543963153296 0.0382071894717916 0.251742766966808 0.0882950178406746 0.565707207484441 0.443157180412491 0.442636902869734 0.323038679466657 0.434989930353071 0.408269079510277 0.529690744440566 0.491959687754221 0.61822532586844 0.603763329764154 0.66410772204239 0.642653077074863 0.464649994034635 0.481590028444913 0.238139419003694 0.279137933714762 0.586474737150685 0.418923664191376 0.573789597376686 0.743640189958103 0.563313847643465 0.616836058912011 0.452297494599479 0.603725420573417 0.540887110430789 0.37286439811485 0.293737984169041 0.206927560102746 0.568420270398176 0.63807212290393 0.615278408476597 0.587049466289606 0.215359858183681 0.376746155683932 0.312707293658763 0.379185053094327 0.334936824118253 0.537225519803204 0.471132505967272 0.375206743928953 0.342338787700416 0.324865616983699 0.566760704443837 0.623574849187237 0.0982754268030625 0.211888541538759 0.595971735083044 0.711909908573645
0.308062879855089 0.174367571588514 0.458174452285736 0.41199359852646 0.667747405758958 0.391275733263874 0.559345249478042 0.509976584718381 1 0.68460790778653 0.569356320274082 0.299859510660736 0.513242895465993 0.333730882638975 0.57959817718568 0.289542236987187 0.113368843156441 0.115871933122757 0.335228423813899 0.107372559345733 0.160509477768683 0.0799480995085639 0.401345083811614 0.332663514500203 0.308221962693937 0.193711177561834 0.270933641286759 0.180661287921553 0.370467130714094 0.228190410121403 0.289712386532681 0.199741223120134 0.337414842745324 0.196148639775759 0.314354332301264 0.212179061395609 0.218563239792284 0.102479430921968 0.177745050945311 -0.0733892340816828 0.0757798774569083 0.11055117378422 0.119280059865232 -0.0157601632762941 0.0674958074955325 0.021290541516609 0.0980920471915872 0.0652200502183102 0.193207313162317 0.159648625547136 0.240410176340146 0.227829013439793 0.274183199083268 0.263092777775228 0.258597851194858 0.245194109853553 0.0832508931216982 0.0835178245761642 0.352480710266486 0.196931471291753 0.604990556004852 0.567981254050506 0.329592105990597 0.316713283741125 0.523871632054481 0.486554899507018 0.147100698856735 -0.0363552687957321 0.17247329155786 0.0148745752401951 0.219626583993869 0.237101312466505 0.22125200329907 0.219750683780045 0.22605467958538 0.197045589477725 0.117754912695798 0.114996853909728 0.00773814996611347 0.305804978736916 0.168705685827111 0.127332836410483 0.186874492269116 0.0624447022211863 0.379911697640792 0.285582230340554 0.217475521463539 0.154239842469036 0.427167210864845 0.476064757272658
0.323127984921379 0.236240226132562 0.473415225238318 0.592492555681097 0.544187690333833 0.377002245566976 0.470673237044826 0.60068398465136 0.68460790778653 1 0.404736202780569 0.448479719982345 0.430004102323452 0.578696477331573 0.620747647875052 0.630820270915356 0.188332970057103 0.176154781072042 0.334593735131399 0.251163532790912 0.186083502270587 0.151348076206604 0.508887939979915 0.620034480053259 0.476946143304763 0.365522467915926 0.461830570995959 0.269343122034697 0.417308491056777 0.395388906182803 0.353736666503869 0.336327936710386 0.399592417943593 0.326021226625929 0.286223243781762 0.313512747946929 0.259328524305688 -0.00471744500452355 0.176865749396908 0.160280296339044 0.20889950281672 -0.00621206223502547 0.191653779030521 0.0995856493065465 0.123676763626983 0.0885182636654344 0.192363337904119 0.161973635510375 0.268540427219509 0.249351339106299 0.28051615398633 0.342928214326732 0.383778032054964 0.401808149778444 0.247604128120838 0.385880468315835 0.138884560576027 0.143398791168521 0.341227260406269 0.255735131605301 0.402949647406722 0.615799322734512 0.350534060438176 0.427032409391581 0.486815901596156 0.638857749719996 0.157178449809176 0.0864611127829005 0.209382248902383 0.0892693992523988 0.228508629803468 0.229927029320506 0.312199986327422 0.25925182088842 0.125672010740064 0.212436526240925 0.26841052013687 0.296503053488557 0.132712066216701 0.368619813777444 0.25052135174901 0.131042501180762 0.286520396228752 0.202507456896638 0.420450941887385 0.494300577208284 0.212432079948269 0.344323976538982 0.460965425203257 0.659324381411854
0.533753467993573 0.313970871749021 0.443686981013381 0.266277208779479 0.574166030025468 0.414964253402092 0.71502175375265 0.52399649378626 0.569356320274082 0.404736202780569 1 0.589250203402799 0.734540992594159 0.413960034658397 0.581619756593733 0.20295251301026 0.293777279998226 0.291742393501305 0.622185163900243 0.349693102159659 0.0883025459570572 0.00702617354427464 0.434634306763473 0.151002896813254 0.387607105391679 0.174418089905492 0.263230342728326 -0.0672587965351039 0.537733455580168 0.489912031088138 0.404530061800127 0.278741138092862 0.491714377477016 0.362087646772539 0.306391282117288 0.177625575853104 0.255889192162769 0.083038847426685 0.292850461290562 0.036814806342776 0.113773595628538 0.062351732645257 0.261927054214849 0.151324827146172 0.281813923052494 0.252353678923614 0.300298385180068 0.259825442371389 0.306097262066328 0.300165948240743 0.347973057925978 0.334634014699978 0.303045130233693 0.262288375447536 0.410494132309473 0.410628797796332 0.199151364183235 0.207428933488331 0.557306289831697 0.281518478611305 0.824500803231085 0.589336645537146 0.588839012497243 0.510818905715962 0.318992931099607 0.295291460978557 0.364157834673217 0.238340711653822 0.301841943278129 0.169102146621011 0.201027363404733 0.214587671861451 0.3315472187177 0.298540361595744 0.25616790749112 0.250482218738416 0.239049196935993 0.217254481319977 0.250024306004666 0.53331061101284 0.362093407604585 0.266079071957298 0.297145209843331 0.158615958587246 0.43499077625145 0.232677389881627 0.112585831535143 0.0567993350796055 0.450883930858288 0.382161871438365
0.512186153863691 0.436623367883177 0.365383952828845 0.289126476025881 0.330168574388377 0.42594307430373 0.538180619792459 0.606203240561158 0.299859510660736 0.448479719982345 0.589250203402799 1 0.541291173624008 0.687758571450135 0.515054522393076 0.464025863495084 0.350712488041664 0.35756449044331 0.56774370181108 0.519081651592335 0.293014806013844 -0.0666567161692847 0.413946760454841 0.309657367534081 0.368545572242726 0.260355344218919 0.323935837824825 -0.0932784820433559 0.57869469149123 0.676100131607449 0.486364765341779 0.349113639265773 0.53524816129963 0.567530991881306 0.330163518193095 0.285992296195584 0.243582505878755 0.039959496613114 0.368670694641432 0.166577747512151 0.312664008363633 0.0355772542846363 0.322077279928017 0.208189043702876 0.28042343838072 0.277572929867821 0.311765954155066 0.276628710097363 0.457120599494677 0.49300598245802 0.420603736199232 0.54557360414555 0.42864247750495 0.445813873870803 0.446154690704737 0.454562453704175 0.266249445116687 0.267890944583187 0.498457346043596 0.379220521305796 0.444684061356047 0.624550596020642 0.681251343618665 0.787655592517835 0.0899027025822355 0.284051831005152 0.24656153226512 0.256562338263409 0.262859051530541 0.254447298987813 0.228293758890165 0.346193539162172 0.473028593835801 0.385602155352917 0.166756363327318 0.232949933786456 0.432280568529461 0.329755963704534 0.331588063740855 0.570777398307497 0.444292686944021 0.288327480593637 0.436043534435191 0.349839535034277 0.402650051390775 0.446882430425203 0.193210140505868 0.26495092420799 0.524425179213072 0.594504568319368
0.740140135077445 0.524660978820279 0.572527643383268 0.382508322124344 0.429118432059421 0.445158568823785 0.715320105883545 0.615035731143217 0.513242895465993 0.430004102323452 0.734540992594159 0.541291173624008 1 0.59084819440943 0.740435778428946 0.399829963300511 0.423517380911801 0.431260724916287 0.737365178060226 0.529230074162788 0.111517489884766 0.0478926379067474 0.678412242871346 0.31743524949725 0.512396097960585 0.210956154682691 0.296647508105529 0.0289756078552473 0.498364896723833 0.577254940233888 0.396531901007396 0.341636294571893 0.586085964347811 0.438808067107034 0.331812779440709 0.261543769379728 0.243323794051169 0.0527480085267513 0.271853114984211 0.0433113078894025 0.258154862990577 0.0811826224709678 0.304783613795622 0.24574664400497 0.38260009094524 0.379581228941252 0.447659146970744 0.424150710014616 0.457730407477924 0.505181801681404 0.478990901104457 0.510905574051762 0.484812889806495 0.414869474809239 0.54140825130281 0.54051222210748 0.401840209324084 0.439610674727114 0.681364472790248 0.528636285308822 0.716279987678298 0.506382863382574 0.639763003252435 0.578944400821548 0.54112918401289 0.442883823537395 0.500009539111879 0.323798261167003 0.480994985014586 0.418855608907053 0.264550763927806 0.33127748820323 0.4063839496032 0.420011163000885 0.265619361153524 0.321409876915196 0.168535670887363 0.238783562019714 0.455505200306628 0.555705501674304 0.540644660759343 0.466338627134954 0.383293655438925 0.383542230667785 0.739976443215656 0.516609840072392 0.110689641323025 0.24639090907897 0.612875521975661 0.495056168190687
0.413520869908472 0.312083420789352 0.389237572843607 0.422437522930288 0.325393501704345 0.360958980387453 0.457156057033315 0.565717980839409 0.333730882638975 0.578696477331573 0.413960034658397 0.687758571450135 0.59084819440943 1 0.692384980483262 0.807624373672769 0.166634576538637 0.143505937394267 0.414612116622983 0.473728792692015 0.307893365842169 -0.0424481756923558 0.633411991832773 0.693790437868855 0.514737349987646 0.402633010671114 0.388217675082414 0.141479188344125 0.388206473784919 0.584294323389459 0.436855525194795 0.482461766708648 0.439075552858077 0.46292585495187 0.336498189330008 0.435883685910199 0.144854955057428 -0.0551482199480426 0.293002610708828 0.20782818280569 0.253492519013865 -0.0255653803727007 0.273944182347448 0.212477347161371 0.224045472823877 0.25621534216092 0.330846646432297 0.263305406830173 0.367895209475546 0.386096762260485 0.29207081549583 0.411124654196324 0.360558696742804 0.337998187507992 0.396643408749243 0.464521712684792 0.163841319254963 0.154764177683905 0.455073134790681 0.326688589276824 0.39011097185389 0.589010655803707 0.535943591326056 0.602218248299988 0.401551299350013 0.606955783193519 0.261761287798428 0.261113152555734 0.233208552626536 0.227337429534698 0.221836098128739 0.290671197722742 0.334966703858723 0.30018497104986 0.0970899658873975 0.166928397651281 0.250050205828336 0.304408855601082 0.209185683051614 0.360068373723173 0.306772480323681 0.153410811525371 0.317305313729686 0.380658812213887 0.46903000095626 0.602499103433785 0.146456502892612 0.405559637188239 0.525770919261398 0.561073949029246
0.386629431959659 0.210780310119819 0.433842050047507 0.309983463005282 0.428281592551154 0.270968772610879 0.511810974402379 0.44101509657465 0.57959817718568 0.620747647875052 0.581619756593733 0.515054522393076 0.740435778428946 0.692384980483262 1 0.615040257883958 0.11316517248338 0.0985829879671478 0.433818097315722 0.248723690228729 0.213896945711909 0.0147319340612246 0.683287174099584 0.511979147513637 0.483569489117366 0.239623834013295 0.414872810149226 0.223681597611487 0.372823160031351 0.402455066300205 0.352767360896611 0.339204253016288 0.373258659528817 0.247261411142758 0.267535136442035 0.271303141143541 0.134515138856741 -0.0763551582261404 0.18483427121287 0.088397481187108 0.193844737391035 -0.0157479255112037 0.178548913858079 0.0943053229835319 0.107911026447282 0.0888342904016399 0.218599886530951 0.161940619912363 0.193891262180751 0.240728530599694 0.238330493032705 0.29882474489181 0.271693153962156 0.254983515107594 0.286241374545565 0.379564055441108 0.0783991338028638 0.096637205103697 0.393885659138035 0.27637994177849 0.537902892468733 0.578320011416312 0.431293691781583 0.469624150891616 0.502870240436071 0.461103209786792 0.203327411691525 0.099878775415204 0.166616273046966 0.14058289036041 0.263941532685811 0.241139960940629 0.223907047357434 0.258626986999533 0.200348632157442 0.153587723529533 0.13340199636559 0.227415696196618 0.17676436281915 0.359894623362543 0.229413004639825 0.0908257504217775 0.286783363620515 0.21514979705683 0.447967069545074 0.326729438151135 0.1260162186623 0.234069504976006 0.504457523749312 0.445203085240701
0.277265464698234 0.21091093680799 0.353843120600634 0.445559750181664 0.217795756870431 0.287709858000254 0.331641671213245 0.453562763629506 0.289542236987187 0.630820270915356 0.20295251301026 0.464025863495084 0.399829963300511 0.807624373672769 0.615040257883958 1 0.145698179676725 0.0904837523722906 0.266185292954549 0.342478593378015 0.283315300341044 0.118930723396327 0.639967030235629 0.75898777205443 0.549390629580229 0.455904126005957 0.412470346143102 0.222299052188121 0.323556569221713 0.491269922750133 0.4313142110986 0.53683540760848 0.426251993587171 0.424893153487379 0.276292828018807 0.405759219465081 0.202602077769683 -0.0018599757894456 0.166372372696623 0.271259809319331 0.243789112768145 0.103377564767913 0.301573352148525 0.258968092569335 0.22440522601046 0.238046846972529 0.348540147108558 0.275036061059527 0.318653705785931 0.326453656872651 0.258689669759622 0.334160375509244 0.326587447736452 0.312047798774654 0.281536334942657 0.400240412027374 0.118311296146918 0.113543840342454 0.348224091793372 0.262827807918207 0.265744334472268 0.470042852417902 0.413563745950002 0.457660838236447 0.40355559281018 0.594363466392606 0.237588906356081 0.257184921860073 0.174110603257556 0.194531589312996 0.210240734537994 0.233046444412732 0.198439520514264 0.26290290653311 -0.0309909650371099 0.150753686325251 0.269408449444262 0.367906416417837 0.201142936635645 0.278252599192529 0.274229094133995 0.115802932656542 0.259541302173477 0.362932471257829 0.423449712922516 0.604061049166655 0.111403697784351 0.459149890027057 0.373567232645924 0.560375326110717
0.759943825586027 0.772821652131332 0.228275405584416 0.28470022484685 -0.0249193044720692 0.126877526837962 0.2630909815057 0.270606837666611 0.113368843156441 0.188332970057103 0.293777279998226 0.350712488041664 0.423517380911801 0.166634576538637 0.11316517248338 0.145698179676725 1 0.924500014531502 0.521795082122657 0.654944943231599 0.0316735319854914 0.117439231282921 0.167343279196733 0.0892196480659591 0.334685102564901 0.144105211526996 0.314277367522888 0.114216162924562 0.609206775227841 0.608668523052144 0.21719612522205 0.137430990838346 0.64596406435228 0.540487740834764 0.201141035083115 0.227083907180348 0.472537402320442 0.302239732774689 0.344899011992772 0.233536625795732 0.450314898173153 0.317408855155447 0.245029622884747 0.202572689993889 0.52892334280339 0.642540841996016 0.50872445175921 0.524168029399414 0.640248577809774 0.646901007037644 0.54946006249641 0.557048255865547 0.489782835452986 0.348158413995632 0.591083780377548 0.400615010295188 0.90189901676116 0.869196361224829 0.603018532408861 0.624532382998803 0.266140002636717 0.056639382176484 0.569556547862548 0.533712735676628 0.119154208223137 0.152824606658126 0.426549460440692 0.411512826034334 0.770622979936814 0.635024747926913 -0.0354291057010521 0.0802587836101818 0.311832285896244 0.305289194466593 -0.0385641417846391 0.310659467518446 0.321882072229428 0.134188082445699 0.825684378060223 0.692329743105816 0.85486120315324 0.781079462679972 0.496872158797754 0.604942594105936 0.654340452577349 0.529407432567293 0.255519896023503 0.357367264817697 0.364556320682142 0.404172117695182
0.79417827018525 0.773843677432657 0.292524352315705 0.335500584544628 -0.0110548576568948 0.175340119545904 0.307264158840794 0.320253245229477 0.115871933122757 0.176154781072042 0.291742393501305 0.35756449044331 0.431260724916287 0.143505937394267 0.0985829879671478 0.0904837523722906 0.924500014531502 1 0.59662865685875 0.744786260481418 0.0212104711321217 0.0856536741120192 0.199571385008684 0.070081971439157 0.349434782303069 0.144608160729083 0.293539903927452 0.115671344898669 0.571342265594258 0.617886539894234 0.253434452027886 0.177206247369858 0.621794107184374 0.519421274210199 0.237169456140301 0.194210925258087 0.424539587546641 0.266859470883317 0.362091225897636 0.149230464027886 0.421735070778313 0.263003234291175 0.170995801268367 0.137251946679812 0.439454862126399 0.529623327686785 0.389040034983755 0.442554414390993 0.566445484119196 0.56271412566491 0.487595123572444 0.496669210336177 0.415181980130139 0.321458993111185 0.533268504395991 0.337789949417654 0.889550953747401 0.855933017540925 0.574139057575749 0.571327593050545 0.266584267235479 0.0395411042957705 0.548324639473598 0.50139064275135 0.139641959350406 0.123984184184514 0.411926279888119 0.357670327269912 0.749496963691597 0.567253822950369 0.0339910728215402 0.139878537259011 0.369172351790556 0.293799773298522 0.0718408164778763 0.298181923879195 0.345677857782984 0.15160507036807 0.772727398761572 0.676864964550371 0.818838929170454 0.76442553729792 0.509855181702456 0.573031887097113 0.639495566575361 0.510950729388693 0.315265652792648 0.347601234421919 0.360969509874936 0.384675727435875
0.759510235046349 0.509235222553539 0.64422464203191 0.475013852959854 0.366087874185837 0.517389627898335 0.752620352950106 0.685343290385075 0.335228423813899 0.334593735131399 0.622185163900243 0.56774370181108 0.737365178060226 0.414612116622983 0.433818097315722 0.266185292954549 0.521795082122657 0.59662865685875 1 0.685294835448451 0.121483639858953 0.0517330432854792 0.571392109123263 0.193824311774484 0.567509123965606 0.32962707328371 0.236701868482921 0.0205484786371258 0.570800341598986 0.697819168034563 0.590998312694632 0.462033401634525 0.728610890272961 0.627869109738489 0.386136367529035 0.263397889944305 0.347530244917274 0.173983866982309 0.334667586265256 0.03565287000173 0.316742532669639 0.00788996505297148 0.396823320151358 0.319210394410121 0.434282656588857 0.371503333076833 0.381226845248278 0.42799188653233 0.504435308080275 0.514728826723058 0.538947280292667 0.521370797376896 0.510470862308353 0.491684314218823 0.518930365999807 0.469775818133492 0.470208102397042 0.458587090689218 0.64949791862141 0.455304530488869 0.603354709536322 0.430863752376524 0.689228878790704 0.614727851828057 0.348194230634787 0.268228337811417 0.530003994615147 0.369186065682106 0.485767996683846 0.33537995128881 0.366867422323761 0.424123698140492 0.549699010166551 0.4807328619023 0.307857739491805 0.353089009388308 0.431508337408053 0.326778834868642 0.543065694089297 0.676650861940948 0.611039342457586 0.502884402598299 0.485358123177366 0.423504636839542 0.652004092663749 0.49456363495109 0.236780246111973 0.301537527142295 0.540570608409785 0.518853325944108
0.763930172624533 0.660739130587619 0.331689776578993 0.368778519575768 0.052855604267806 0.288562035411418 0.39932438892368 0.445142190110643 0.107372559345733 0.251163532790912 0.349693102159659 0.519081651592335 0.529230074162788 0.473728792692015 0.248723690228729 0.342478593378015 0.654944943231599 0.744786260481418 0.685294835448451 1 0.136779120077221 -0.0175704735495199 0.344916781118036 0.256401157273418 0.417206721019978 0.279562901238696 0.206333943525747 -0.0169564986330451 0.505369542761293 0.683361983553326 0.36945431331054 0.343201982771819 0.55634502670631 0.517170546064261 0.294736800272568 0.252569592120356 0.315595861156078 0.16014371560313 0.392118310803692 0.160115349894586 0.321625622085191 0.116002448553112 0.155123767751683 0.133441613508712 0.346725526178507 0.4385051854556 0.32888151975668 0.366303873074977 0.485103796030322 0.494042457661682 0.392180636127217 0.430104278674411 0.35024726424962 0.302681619856901 0.475036652642096 0.395816894485363 0.684694448422764 0.629642964706587 0.564990883759624 0.496657170027713 0.333932863553164 0.168617249125676 0.582363707247743 0.523849110511369 0.224300337341206 0.244700258542668 0.416896653682813 0.368728491097545 0.642178235037364 0.489545676186611 0.118019844256425 0.233918910977493 0.394186875029754 0.274445119224585 0.139276355640552 0.242899471528521 0.326017409853145 0.257549325657589 0.565371045551094 0.60543807306293 0.668328789677678 0.590075282515313 0.453821334051551 0.50200616345188 0.620315989313934 0.576887141576487 0.277269794638388 0.439256561425028 0.427385719667811 0.411128073047168
0.123203176418658 0.0892957688610512 0.193517717179559 0.265391914323432 0.200767502833023 0.0997655959750172 0.181047765395233 0.264265469026356 0.160509477768683 0.186083502270587 0.0883025459570572 0.293014806013844 0.111517489884766 0.307893365842169 0.213896945711909 0.283315300341044 0.0316735319854914 0.0212104711321217 0.121483639858953 0.136779120077221 1 -0.129646611672271 0.253670713838085 0.359356667475511 0.250834851856383 0.235317915910333 0.049992907320168 -0.0657022718590598 0.236886399727663 0.243930248701242 0.328675641526355 0.32575829004443 0.204164576870904 0.245276639995194 0.35646617118539 0.268202034268394 0.27933447365087 0.188972231018855 0.262312532345493 0.11617235176571 0.170899484356609 0.0507170076569374 0.231421840086064 0.109824756650921 0.122332300657754 0.131105387142915 0.174690545493563 0.0725361239049078 0.262530236921026 0.210352407664846 0.229840138681399 0.160883386225713 0.260009711989442 0.181966717055272 0.255861909367091 0.0867077346322715 0.0436393615245766 -0.00274362759241067 0.152663718956154 0.063698965606756 0.148123997118039 0.216439404383364 0.134244095081106 0.184546800196331 0.0368704824141887 0.194679352027678 0.00575685426112509 0.0140143317230253 0.0901253704811029 -0.016451393398218 0.137295222360307 0.235526721110079 0.0963183165799261 -0.0541017053430621 -0.0791174520622004 -0.0565648456287271 0.197806552710894 0.146468102994715 0.0433155244689228 0.272224863779464 0.188751732572573 0.100290743964977 0.220509313859327 0.186168389804975 0.173238826098698 0.322658243121836 0.199118200516006 0.310893395627881 0.322900556540953 0.35245772395948
0.122514151074077 0.133033276547146 0.104608453617983 0.128680082660756 -0.0260200097261526 0.100492160858842 0.0483992992440924 0.0825557643879745 0.0799480995085639 0.151348076206604 0.00702617354427464 -0.0666567161692847 0.0478926379067474 -0.0424481756923558 0.0147319340612246 0.118930723396327 0.117439231282921 0.0856536741120192 0.0517330432854792 -0.0175704735495199 -0.129646611672271 1 0.0995327191652167 0.0741463444824038 0.169763263466589 0.0850256682845936 0.335092802616272 0.27615890527036 -0.120163036652545 0.0560266513601553 0.0824902673601362 0.178434253478925 0.217599767077152 0.172577923013866 -0.0614411211274683 0.13697562088707 0.0374924734937856 0.105308240811483 -0.294861961282768 0.228995399091863 0.144403692951571 0.150591050713874 0.266625714374448 0.36390581826873 0.274443966877962 0.181406762548134 0.318102366809828 0.345061086108804 0.142341679047592 0.0922414142250357 0.203479873679462 0.124139952567661 0.234600430551867 0.160806385817076 0.137730963310944 0.289005111358919 0.0973144379765892 0.121034195112516 0.120579157610525 0.104209369561391 0.0727098181633883 0.0263454302886222 0.0891383281297174 0.0146861626253494 0.13349316322161 0.191257910601521 0.28785044748323 0.342430407972489 0.159272325709837 0.275323614724786 0.159727185037797 0.0571142395533724 0.238995900892281 0.253626948806565 -0.0866111893312264 0.170928943229682 -0.0923428222679213 0.254681215743331 0.217020772020422 -0.0453871201207179 0.150194347781001 0.133364508360502 0.0572144892947221 0.140840143157843 0.176647847702656 0.189758675468703 -0.348217073150129 -0.0771723079839686 0.0348893030887501 0.0858741611283745
0.401740310226967 0.203298091944987 0.749351796872101 0.630019970542247 0.451381776007467 0.410873656410924 0.682292900808976 0.660798394642894 0.401345083811614 0.508887939979915 0.434634306763473 0.413946760454841 0.678412242871346 0.633411991832773 0.683287174099584 0.639967030235629 0.167343279196733 0.199571385008684 0.571392109123263 0.344916781118036 0.253670713838085 0.0995327191652167 1 0.675245681326206 0.678092081061252 0.450676497711797 0.373637853981 0.257743136215731 0.465201210140229 0.529212726956438 0.618825837125295 0.609811203025091 0.578724426488388 0.493857669453815 0.532342830359638 0.414063026742776 0.294435318252559 0.038097242013716 0.23613067318266 0.0525700394398014 0.329127113970336 0.0274588355661542 0.47992373516678 0.388527787411712 0.311016010768587 0.225357835456115 0.378243496921423 0.331631652626942 0.379252049446797 0.387690380841395 0.448998866568971 0.403760942811891 0.49753228434295 0.472448152990669 0.356795478192102 0.344680879402066 0.106644973536822 0.131655659481441 0.441446039979812 0.287950900274547 0.461051435213773 0.512771371281739 0.444428507135528 0.43292144639691 0.649950603841118 0.578843632315797 0.419957584815799 0.251068677836348 0.160850895388421 0.089750109210146 0.472755234680837 0.474832224466107 0.409170870707662 0.403747342028627 0.241711987182828 0.182935915631225 0.32140071922087 0.351406638285833 0.273739081011779 0.403737939458835 0.319665485762402 0.172545789893913 0.400511653943638 0.331345963076156 0.553600655586466 0.536167370534008 0.246343817642027 0.352162079169305 0.534131277119102 0.582641736769642
0.201862201230436 0.121841047104269 0.520506948395165 0.676029648152487 0.280545459651427 0.214038742796297 0.368567216764574 0.480011885122494 0.332663514500203 0.620034480053259 0.151002896813254 0.309657367534081 0.31743524949725 0.693790437868855 0.511979147513637 0.75898777205443 0.0892196480659591 0.070081971439157 0.193824311774484 0.256401157273418 0.359356667475511 0.0741463444824038 0.675245681326206 1 0.514017138371169 0.495073272975332 0.355141103730118 0.364101854009177 0.304839333539128 0.349863354491621 0.402023480749464 0.505682858513885 0.393307688034873 0.347440590617619 0.429445926103924 0.510163276170015 0.34289128831281 0.172951679690993 0.276649415113692 0.206882603067281 0.319902537343273 0.0702793302340797 0.342773489289261 0.273589037740961 0.192706788719859 0.183180906495585 0.285050019013493 0.189759607188243 0.303556803035494 0.229431668196483 0.283545002169641 0.257043812570123 0.407240647244851 0.32610434522742 0.280243793831013 0.200156233161525 0.0849692156145284 0.0682484387434614 0.256349586195516 0.13643486508215 0.187066949090781 0.404412762418478 0.212604126745966 0.243977135163463 0.498502978224075 0.695197276355512 0.18938738535872 0.165417473377116 0.135489306433085 0.00545390678643913 0.255534060556223 0.291702639092031 0.228265520859419 0.211407179394196 0.0631451657579635 0.172563492448498 0.266201402978937 0.28541686368626 0.145554103857245 0.271063163611559 0.234924781741756 0.093443677607132 0.242567890838607 0.314435964187593 0.370856326404051 0.584122297494651 0.259882331705248 0.461104040346257 0.439607803266026 0.596716331435756
