1 0.809998183994131 0.476747692948136 0.380974845279271 0.304379856531073 0.200188211487358 0.678206596731776 0.446322880082518 0.252970842106054 0.215155687315097 0.576075827814447 0.50807750088969 0.541767978447893 0.371519615717195 0.258096913339788 0.174341644665292 0.581482693742101 0.641420152364189 0.79344230530499 0.670123590988351 0.0950258054100663 -0.0114399652292005 0.319901941107863 0.190457481302173 0.194187810784832 0.0918617038125188 0.105677434269846 -0.0177883574036462 0.505532864969462 0.518938016736095 0.407630648581186 0.249633268545893 0.622375786913101 0.581467781842422 0.164864549052207 0.363674353780511 0.259084313113075 0.366503044546665 0.323909215780391 0.261561543099444 0.227310853530941 0.02163665834269 0.525683720680842 0.558844513678173 0.477334036713437 0.475551901246683 0.498702670749053 0.533037341400219 0.367960092532818 0.451656242601881 0.464387694424647 0.459127626143437 0.511897706729646 0.47283491344054 0.635537863231496 0.603845258038688 0.829957248703759 0.76878306034709 0.597885385808713 0.586027617351924 0.534421265008192 0.434388863121138 0.485123641195682 0.581331952995361 0.155107842098371 0.303063344172552 0.437187846163314 0.349076192077053 0.298709518808187 0.247717657355287 0.569816095911981 0.459372472777976 0.456682587981813 0.566373617662211 -0.0881622918389586 0.169090052936308 0.433524041392809 0.488078825623106 0.223782617546041 0.445112863203419 0.454117641564397 0.380910061184819 0.211146130295436 0.282582983574647 0.412242897839064 0.304194957343422 0.153745147398623 0.096943792034182 0.489734843929885 0.504975709029575
0.809998183994131 1 0.518617916331887 0.486443571203476 0.237988029381409 0.151726277124267 0.612507614761276 0.540064113132422 0.21640888204244 0.213007381547696 0.386897069645403 0.614035139344834 0.352141067035493 0.368010603818811 0.189021140786894 0.163791221837782 0.63527230188903 0.78958879235561 0.754997112676987 0.776614919547335 0.137214813251138 0.0137362338581698 0.306454632451401 0.298329091619045 0.207074021809713 0.134909139501554 0.111221740780585 -0.0859720143526062 0.534057477737468 0.66844910704491 0.573285942184617 0.395231739826546 0.752801983032454 0.756585975476039 0.320061337013434 0.451292151856505 0.294677840629652 0.510669623410374 0.403827334951089 0.331797340250799 0.253609282254312 0.1646893340264 0.636332822557503 0.631778401963665 0.591016320751463 0.595358387672438 0.626159241493731 0.643365899402143 0.463282037654872 0.555701966909778 0.530071957144012 0.531612669162496 0.605828245343452 0.514116800654201 0.665643871738768 0.664158584377588 0.759338325793643 0.81828920901387 0.57769855478035 0.692444083877489 0.462560781129749 0.51138285981728 0.388538766789267 0.714297233491818 0.148056045667659 0.340166427725318 0.545629509146511 0.469455873472492 0.408545498766801 0.388827207947624 0.558985497697506 0.512951846419388 0.581790015943695 0.673311395447557 0.0187927332276436 0.293227863454128 0.471276275142674 0.580594974998203 0.300516297934911 0.529620954607607 0.413729114808255 0.545921236999692 0.134517053451397 0.353774886512028 0.310640969049637 0.337713341529645 0.0544119261485097 0.162319127406473 0.390420760477088 0.485908679307629
0.476747692948136 0.518617916331887 1 0.684043935625559 0.472814713926469 0.000884787565603208 0.680903906600945 0.508714191745053 0.406936369558685 0.326312530717615 0.0488855572826588 0.160138527599413 0.264249112257129 0.282164495155476 0.597228771621334 0.322839632544956 0.341488807986908 0.453307142612434 0.505509846558672 0.505663056298301 0.224810091398348 0.0723700134774858 0.820936865696019 0.658697069543761 0.610161904895663 0.439737576697585 0.467823893873042 0.171988499063962 0.253652412585188 0.35703394791194 0.680297192645914 0.548390365624395 0.630481610008143 0.615948029538127 0.65241015956518 0.591156812206923 0.262174582894662 0.501941059937027 0.463027168449712 0.342551574995118 0.272577824561766 0.106967750568255 0.525204418343217 0.471806462583868 0.474096553824827 0.457104388059357 0.474348613101586 0.448300175302106 0.376244856313376 0.386595444472843 0.314847185296187 0.370826403441122 0.50376263036335 0.476860440845988 0.500731534589416 0.539731323457665 0.445614519743261 0.512374440144061 0.380195464557482 0.346108822620702 0.426526377640136 0.373379447016857 0.455323733995992 0.384570417609963 0.691895350269469 0.524900009928375 0.750545835854957 0.538021272995817 0.331264642316586 0.290842725233771 0.560776740048771 0.51898513914903 0.493851479042266 0.46872773414387 -0.0716306288695145 0.094294604043754 0.425673445421764 0.448513596175522 0.137585585156905 0.417572702422224 0.38122959555992 0.378820164714764 0.282797409883604 0.430757993070394 0.674504391577837 0.464239017210293 0.315622193792444 0.395092002817269 0.451465472399166 0.37772688513607
0.380974845279271 0.486443571203476 0.684043935625559 1 0.329515577137694 0.222698798015185 0.609222883528726 0.848185202703374 0.346515429740191 0.637910200220061 -0.0274760632686726 0.357057699775887 -0.0227612106381577 0.459400850673472 0.249213141394781 0.38856124969278 0.224847503989191 0.39242874546393 0.337898286348846 0.450456879966558 0.211564306771236 0.117142943487912 0.487287550500468 0.720551358233649 0.323488279352464 0.441605572738055 0.359985996183943 -0.0577583406374539 0.0830363148738912 0.356411876130017 0.533427368282382 0.63088547326389 0.535475067278075 0.677596169852228 0.460237546301942 0.62628634803025 0.227604947104371 0.463921237889421 0.377527161507192 0.397563493928698 0.202242391748196 0.128009252396409 0.478398843006784 0.44003124836876 0.505046066008606 0.499871972986521 0.520274836790384 0.508497887667595 0.419802341659679 0.392489535661252 0.36738026928146 0.368730736408334 0.44724935222605 0.489444809891249 0.480268003348307 0.544592048309029 0.375431317207906 0.354447946284831 0.466583566029627 0.523936298206575 0.584294710966399 0.727956385680208 0.301480945294545 0.490516218240543 0.531741674487705 0.783144410447668 0.690457633598606 0.684923536871365 0.297998864670449 0.249906652011908 0.510010605722892 0.505294806575135 0.468586545917854 0.500866615992003 -0.070199411651167 0.00416651634499096 0.343943849268502 0.417232364891735 0.236372536675253 0.35215814143108 0.436033380326209 0.522433572000655 0.17974014971124 0.46871641478124 0.423170560306062 0.636002263798467 0.12795913156552 0.372950183446744 0.362101178775117 0.628231386742448
0.304379856531073 0.237988029381409 0.472814713926469 0.329515577137694 1 0.126317794918217 0.517536643885675 0.252185637881511 0.617491118664177 0.386651900072839 0.23482306486205 0.239311378922444 0.417345857685423 0.429981366025803 0.565534826281124 0.333704975105391 0.0589574248671651 0.193245196427015 0.352370749853819 0.343196673824759 0.243209863559219 -0.00818990641362425 0.55558783987407 0.206324420203058 0.17191013093446 0.0580012636920759 0.22127953491465 0.0763071360093117 0.322990581233095 0.403126660228072 0.350357306258589 0.193409914729745 0.338471519155836 0.267662726221081 0.140748399565066 0.170480977121839 0.0267479798316074 0.129095657962835 0.142838921506147 0.0343644715844476 0.040721049716997 -0.0278536187595133 0.191638443886552 0.221265826966007 0.223307234242239 0.148240847454435 0.233808471912497 0.261794659596042 0.253382611592931 0.272148496395188 0.142613722831428 0.203761466769261 0.289812278033613 0.376301781998105 0.209001561885743 0.272223419318482 0.198508275943874 0.184252060593061 0.208829551759594 0.109912283988381 0.448066171332774 0.27038095783595 0.507861313940166 0.287501688142647 0.262560957306074 0.112649997378469 0.234431461509799 0.0680410255723317 0.101004096835421 0.0637406576109403 0.442353426717936 0.296825026061981 0.265716416260953 0.153547449135074 0.0641538679202126 0.142551149786764 0.188076047735992 0.361343581340437 0.024228552710499 0.269260468454096 0.296173824686616 0.232208071995206 0.0618297780171296 0.181367700144853 0.336370015813708 0.137910144092388 0.113860206302154 0.169230532312748 0.370090308898803 0.183592154373849
0.200188211487358 0.151726277124267 0.000884787565603208 0.222698798015185 0.126317794918217 1 0.187178894973519 0.280287473130121 0.186851882150392 0.352027120279991 0.262534652510255 0.249425767406782 0.161365839906073 0.290756412592791 0.0389360508629433 0.426916266294098 0.116681579147712 0.082785612437308 0.2173574233234 0.133554019832226 0.044252440182606 0.20557338560595 0.0648493454838427 0.163681943739785 0.0078807518805019 0.122417160960366 0.131740356140534 -0.168859299242203 0.0124991679457267 0.141560890444295 0.0667375700713892 0.0868440080679966 0.102474976709442 0.17185071920654 -0.0433603993081919 0.161965392411454 0.00975528195839172 0.0457576125866333 0.0699916895584009 0.115696483080715 -0.0415593986377208 0.00639679854349375 0.0347192891324476 0.113314333003823 0.114121777088119 0.0692763814584927 0.0770257983536588 0.114233843778607 0.00438742342786861 -0.0262289395750756 -0.0371160222339455 -0.0669182423809389 -0.071198583937741 0.0221406945565344 0.144745723821652 0.128661624233997 0.192945829660105 0.18534239045943 0.184113581694065 0.121768217718496 0.344155878868971 0.307560231634229 0.0151340974996784 0.157239815424679 0.0435708654707527 0.22376105785313 0.12871203628314 0.221971703447867 0.206244694584197 0.120632978837092 0.19205149089348 0.101122951082538 0.146015899109582 0.136585647885407 0.16532085445283 0.0241629255322337 0.135695181274206 0.0515510245899218 0.0251242365805956 0.0168444776328402 0.114332772829514 0.0739160485269005 0.0760966120672534 0.208404921691075 -0.00312075795800458 0.182096365943789 0.00602389405485447 0.196750804564051 0.19364506982077 0.326509167075282
0.678206596731776 0.612507614761276 0.680903906600945 0.609222883528726 0.517536643885675 0.187178894973519 1 0.717479001887179 0.514962402431981 0.398193191823204 0.523312061596568 0.487024986360913 0.523387445626009 0.37125246073387 0.340118767234816 0.172202491765442 0.38749944183397 0.47788673104684 0.597472472185193 0.598906801681288 0.172433944894147 0.107386489193362 0.483227199118098 0.262537318610635 0.229630128408202 0.0462585966342379 0.154835621634102 -0.0498013115236057 0.450099465238185 0.461877317231136 0.456588834297647 0.277517647841332 0.624158699159207 0.591376466048074 0.249813536778747 0.398197182959111 0.170604801602601 0.347802109689276 0.312129743576858 0.258702436524739 0.215997310491552 0.0320424541301566 0.599955599516935 0.631057166631659 0.575450523728039 0.552748693526635 0.630222258249197 0.614153287805527 0.539332390096996 0.516503805543242 0.484616130573574 0.463926289425507 0.544960555330544 0.570342578851095 0.514430567916541 0.571628205954625 0.5848781755176 0.53467787745418 0.692819875427435 0.603367512768846 0.78036110265051 0.636393156212516 0.559006709171432 0.590468779023132 0.337931916105948 0.420738185175857 0.579788572188369 0.426820189825042 0.35201473254791 0.290808030277523 0.667099781149545 0.558709724991569 0.447951753472633 0.509437099404373 -0.0175089767924227 0.129729459473835 0.481073587350783 0.450781306560648 0.186222614254004 0.441532629465281 0.413609788915126 0.403786922167495 0.138224495009708 0.229607575148179 0.407342331783359 0.273233603611665 0.105148690653708 0.0821269897941778 0.590585491782159 0.551234023208919
0.446322880082518 0.540064113132422 0.508714191745053 0.848185202703374 0.252185637881511 0.280287473130121 0.717479001887179 1 0.342417600569112 0.609229676061177 0.25866267170848 0.554092155040392 0.0891625360278645 0.372980366959189 0.0312669541531648 0.214295945625253 0.313442039731683 0.432026042493578 0.345333296540665 0.477623019809238 0.153398974629279 0.168727897955463 0.269175283233369 0.433568406222273 0.145288796020978 0.212577847849844 0.15996012715666 -0.177024481521611 0.217546870898679 0.428380664171074 0.441457959730209 0.502056481465325 0.552828022600773 0.689436035192719 0.27071803073241 0.513541040360748 0.239087289112054 0.428841784004416 0.374978099342419 0.368232610250207 0.240379284492444 0.144574113251125 0.57323539749723 0.575528345294824 0.59775791038558 0.586268520299031 0.6270328366702 0.604391030932233 0.518784964681695 0.497247914559725 0.476840506285413 0.433071728923845 0.481320079033892 0.496431791184561 0.509084441311335 0.587555971903776 0.481193355798926 0.379964670225662 0.689138416492701 0.719854674507648 0.740509530204281 0.889367573810686 0.284475764864125 0.627982917183862 0.321548346609991 0.729019416789248 0.618429169946955 0.641049719242314 0.323194332607032 0.276415595593318 0.514172043763437 0.538016230649373 0.452283036471047 0.546247584766167 -0.0260424032771588 0.0615252080691309 0.391084768077356 0.415228320589 0.2725553819878 0.366812170505046 0.416406318297387 0.555047672044123 0.030977433826063 0.312838330386321 0.229016256748456 0.466676529939627 -0.000569841995229393 0.133010483151524 0.457729019949129 0.747749056715501
0.252970842106054 0.21640888204244 0.406936369558685 0.346515429740191 0.617491118664177 0.186851882150392 0.514962402431981 0.342417600569112 1 0.626303954532488 0.344562438298681 0.294424660077247 0.393454551219718 0.301449280178813 0.506640071328544 0.416889693987108 0.0866708271309186 0.236652423723289 0.270965096497802 0.224304503396959 0.153193964413174 0.0075074332108763 0.466634883469826 0.141708345755596 0.149608348481354 0.0873765673707221 0.171062213966417 0.0127436158492579 0.170298807390648 0.283006335166051 0.242483746111649 0.143535013017657 0.170451657616579 0.143115695927625 0.0351648791111641 0.0526419593490821 0.0307914505114164 0.0099081638364702 0.165484814977975 0.00428725739467859 0.0492155708177043 -0.128576398268804 0.0114697373511633 0.051940432635984 0.0582281251906485 -0.0519565221806444 0.118229045207368 0.0961189462197992 0.104506554240186 0.112690195752683 0.109027682628543 0.107905395737161 0.207581380280219 0.30389670248966 0.152929888794301 0.163578034600656 0.171561870485177 0.205565745022468 0.241158687368972 0.104161420529769 0.591999051815858 0.32592967213778 0.465191876149588 0.259759993300265 0.344850183713741 0.134768538454731 0.0570399607498192 -0.0338533408140116 0.141939388379949 0.0785656782905906 0.459915723591027 0.327939391301024 0.287836164741391 0.188050710950317 0.143958535211497 -0.0422977546054554 0.135879094898784 0.305135456888801 -0.0333108823650854 0.265854455802778 0.258906910128833 0.198271286323734 0.126829215283944 0.243605100208563 0.361302216370782 0.138802431941408 0.113082322498006 0.121597396089443 0.440415472557662 0.311089113478311
0.215155687315097 0.213007381547696 0.326312530717615 0.637910200220061 0.386651900072839 0.352027120279991 0.398193191823204 0.609229676061177 0.626303954532488 1 0.185615742632104 0.430986057431151 0.10445326331602 0.499402772544158 0.206201095011432 0.514398945891471 0.0906995521715172 0.204794336511218 0.190665826017744 0.221280690963368 0.118556547190967 0.128775025196543 0.279958105695961 0.373039337722224 0.11429760297923 0.24033596770401 0.213456420150923 -0.165610994540834 0.0591180425893586 0.345259316267454 0.242578612999165 0.369592340748812 0.219338480559659 0.30694738663342 0.0282809918610254 0.242921821554929 0.0428538720720546 0.0907706158473138 0.156647736244195 0.0593210141270004 -0.0182244681146441 -0.0203974866131646 0.167635108028692 0.16347673459604 0.234920795271912 0.117593079882273 0.2781232527822 0.232253805134148 0.215395020722042 0.165339042110115 0.139136089358093 0.143063389144047 0.144797996811233 0.268650383665796 0.195111607100523 0.24001497845346 0.193203247719001 0.147276408348523 0.255536767883503 0.236781502386611 0.563236452507779 0.58056841514105 0.37160197199747 0.399697044269934 0.292964579251369 0.429526937015139 0.209367993883286 0.216871371561634 0.118471480039428 0.0902275267090464 0.40280797091767 0.39769945281543 0.293926949857085 0.318748823315169 -0.0154404007306453 -0.00470061463921833 0.0953494387236939 0.195923218082901 0.046062705540118 0.206502741391314 0.245088166852568 0.318825154260456 0.0243337543238074 0.299779508446855 0.196479885926281 0.373608125996404 0.0265168739533883 0.135011602020137 0.270574130987474 0.522073105193792
0.576075827814447 0.386897069645403 0.0488855572826588 -0.0274760632686726 0.23482306486205 0.262534652510255 0.523312061596568 0.25866267170848 0.344562438298681 0.185615742632104 1 0.534466996989147 0.708501858033335 0.271474602514974 0.164473922802218 0.137170512385326 0.341157081746433 0.301604409990606 0.443416252317481 0.353585553505585 0.0863836226125173 0.0146049086410209 0.0764277854180665 -0.217009563117478 -0.0667615952540676 -0.236895397764493 -0.0999612882148017 -0.0871004259277978 0.434255790410734 0.371056833852731 0.0634134709568535 -0.123052443214819 0.254478636543268 0.175468896879475 -0.280098285127774 -0.0483988283250585 0.117857544414063 0.075389404525887 0.108875126333626 0.0490680520724941 0.0595207206917819 0.00460514172627114 0.246883607664271 0.352753228628498 0.246942668629431 0.161761017658186 0.286831394179269 0.287461552682881 0.204682893796841 0.281760389433341 0.289968610791881 0.235203950557711 0.203886054261253 0.19619732158408 0.319848569012323 0.252060071187995 0.412900764314563 0.333716811910125 0.521834009185227 0.350423221395461 0.528262988567539 0.277683941360842 0.402883854992034 0.40417665242915 -0.120685317962515 -0.0294931662862078 -0.0143023942644656 -0.0866387667799604 0.229249541073393 0.164467850186963 0.379572253766953 0.326746826576489 0.253516652941328 0.319429499407543 0.111119919859309 0.178329990524468 0.286303421488125 0.260262496664124 -0.0028606838412959 0.170372472493267 0.192005774203573 0.164403257262552 -0.0282857913573054 0.0205756355499963 0.101769637448435 -0.0940565646778411 0.00411528587270747 -0.146962067902413 0.54445036502853 0.396227830372566
0.50807750088969 0.614035139344834 0.160138527599413 0.357057699775887 0.239311378922444 0.249425767406782 0.487024986360913 0.554092155040392 0.294424660077247 0.430986057431151 0.534466996989147 1 0.354939139910051 0.540053859313758 -0.00818613323092019 0.192536231303571 0.443749639041907 0.471781061734632 0.429249153949108 0.567161500018337 0.0541409407441777 0.0461854948602221 0.0156947745549473 0.0554250099421314 -0.147011257797654 -0.164478458311395 -0.0483726465430594 -0.194769537893676 0.495668448436825 0.610342017600419 0.197525964617603 0.183365365372604 0.416074250930043 0.474297490327594 -0.0566373394741486 0.163984116101603 0.082178054963828 0.126783916669701 0.126211868297232 0.113865180304935 0.0231331902291752 0.0737822783800495 0.398448947964175 0.441271755464633 0.423621311696897 0.346920806383475 0.499673250441946 0.461266079864923 0.361883337236276 0.435893128370991 0.415157906743244 0.352367685177973 0.351167733025331 0.358997016158272 0.401178384998458 0.438022343333192 0.436017378476854 0.418470655244324 0.540506684901185 0.628506127401536 0.525568349935739 0.626473782078486 0.42275254792683 0.763164408860916 -0.117428233741746 0.205473302207884 0.223332154101113 0.195784052362018 0.269254824102915 0.264208003874546 0.420640816474703 0.475232706727491 0.388850242226097 0.495809816408766 0.0891073012007865 0.250601433109308 0.278312722464838 0.381926787247424 0.0815314034588036 0.2474420372648 0.313811007754477 0.470224421846824 -0.00578792960712886 0.200874080533556 0.032190339276641 0.239823682971211 -0.0849400721698408 -0.121313370132836 0.29963472731926 0.565167285026973
0.541767978447893 0.352141067035493 0.264249112257129 -0.0227612106381577 0.417345857685423 0.161365839906073 0.523387445626009 0.0891625360278645 0.393454551219718 0.10445326331602 0.708501858033335 0.354939139910051 1 0.452888617585811 0.553031782386553 0.331338357766802 0.303909466981848 0.316887361905283 0.536690213732466 0.416655929238473 0.225079303819523 0.0238894808529662 0.372315203346062 -0.00845055441598617 0.125880524398282 -0.0622236340951141 0.0859383012581046 0.12299332766207 0.50646705451162 0.418677844375657 0.274881456101872 0.0307315384738321 0.368925889079013 0.229010246936481 -0.0186345129694704 0.0830813856740287 0.0953187932271054 0.122039097969229 0.171514376649624 -0.0701213197345278 0.0986418789536216 0.0423176727442191 0.272986613014848 0.357239526345777 0.316456099719883 0.19388796927269 0.318500380551069 0.314517099886106 0.256179258748707 0.338886360124387 0.221428896516855 0.259967781443659 0.222800994983139 0.302978559314525 0.335946813612806 0.317647758419814 0.367055442185179 0.376215705777648 0.293113709064053 0.146045026260619 0.39162054746881 0.0873615329230844 0.551569355888366 0.27656321086092 0.0217225074341575 -0.0682212294865112 0.121381967880816 -0.0323510371519353 0.185428395542164 0.125896944633313 0.501966805945723 0.40254276462606 0.288272891498596 0.285474042812352 0.1051094481653 0.292050148627267 0.300466739377502 0.287039599516974 -0.102673034772419 0.263509764247787 0.312071999764885 0.253485970858382 0.213601471540379 0.172633422502923 0.331321898318176 0.0226720322769068 0.160816038569054 -0.0286142385839887 0.448625572268934 0.192709227973593
0.371519615717195 0.368010603818811 0.282164495155476 0.459400850673472 0.429981366025803 0.290756412592791 0.37125246073387 0.372980366959189 0.301449280178813 0.499402772544158 0.271474602514974 0.540053859313758 0.452888617585811 1 0.353905214979444 0.601666875802662 0.166626142148169 0.279319474282566 0.407171790621778 0.533782647292052 0.342306307572082 0.0829616159583072 0.314241359159056 0.451481512389078 0.0523367225911871 0.250009879571264 0.170006179809855 0.0375477201244274 0.284341973294838 0.481830935936111 0.35910040795879 0.378386375915348 0.445637434141057 0.453471456100711 0.150395489244501 0.318423899740399 0.127763273825361 0.245466083427962 0.217749189770059 0.0717783679023392 0.0587187197263825 0.127942849506946 0.300793862769151 0.313291509547041 0.385308177685599 0.309740751111414 0.396823441070146 0.396694838889762 0.298696863645462 0.393648056358136 0.25414190025703 0.307451795713073 0.276087165793028 0.400425981100648 0.39212004890538 0.429063553492807 0.284878367434898 0.245051641357677 0.248369278322922 0.252712617614213 0.362951430496533 0.3785787532073 0.429492151876303 0.41354465502235 0.0806287908664664 0.305772309482084 0.310574881444559 0.27330989283184 0.27247678260522 0.248397880379885 0.480032967876569 0.44153590483645 0.463348972995658 0.411216013578366 0.0913636874401095 0.279086364432973 0.261328034196817 0.289328154441509 0.00669860927929604 0.248380730036078 0.398468349189508 0.454925744308982 0.173982643167284 0.423642281028803 0.238025781538603 0.506818851922045 0.0645009779186558 0.280639508472708 0.227076713328875 0.410025041664469
0.258096913339788 0.189021140786894 0.597228771621334 0.249213141394781 0.565534826281124 0.0389360508629433 0.340118767234816 0.0312669541531648 0.506640071328544 0.206201095011432 0.164473922802218 -0.00818613323092019 0.553031782386553 0.353905214979444 1 0.572438745104802 0.123041664098157 0.216505617326317 0.347827663024634 0.256565623510424 0.345324828531978 0.0426997498630353 0.837576469716898 0.467950020449529 0.519537985558734 0.33319157819581 0.461393126789861 0.342177721815344 0.118806222819597 0.216001280585071 0.418273477844443 0.242188289167161 0.268891140165538 0.195288723964764 0.387458956215371 0.22445130530185 0.187825887118236 0.227488854249693 0.262396607098559 0.140879364244242 0.142809627830992 0.0791814949223871 0.144780623726598 0.187523264152445 0.175630013520655 0.0655420199716165 0.128665856317858 0.166427249366308 0.159213170773898 0.228267797993278 0.0942529410729864 0.183308567711553 0.282487679496601 0.332441533028873 0.299706118373347 0.322671111781565 0.115526181756506 0.228227485223743 0.0430319954350465 -0.128073919530129 0.180597610502419 -0.0596697198969741 0.35065057403693 0.013852185930742 0.526607129566992 0.155850687109552 0.251719556377761 0.0254873239713825 0.163462964233843 0.0842083377164931 0.467690356797118 0.358891655967135 0.301947743978525 0.248051538038758 0.0714754733218049 0.146258094436038 0.204305369251222 0.245823387721108 -0.0627086673819044 0.225828860217199 0.296317053627768 0.189132974403514 0.354991799704695 0.427113501617401 0.647252910495424 0.304338844986747 0.411859819902931 0.391248830885207 0.424909727468956 0.140139358014508
0.174341644665292 0.163791221837782 0.322839632544956 0.38856124969278 0.333704975105391 0.426916266294098 0.172202491765442 0.214295945625253 0.416889693987108 0.514398945891471 0.137170512385326 0.192536231303571 0.331338357766802 0.601666875802662 0.572438745104802 1 0.0620327197374411 0.172431591810032 0.258019515196033 0.236290179452844 0.3113343857716 0.136263523852995 0.523194212154491 0.578852481395329 0.386118054011162 0.449615715740793 0.426800300531267 0.189560162122158 -0.00180375862131547 0.268857492948207 0.337415129264913 0.382073860130079 0.221842270673061 0.244755563754984 0.213783611019034 0.268611862494707 0.2070972158547 0.197811765029025 0.355192062324049 0.187147582683949 0.081783356460515 0.143898651261394 0.0808145682527175 0.121397233787706 0.175014122181116 0.044306020865548 0.133041622064348 0.160936856827595 0.109691579446255 0.143371946785641 0.0427048008829609 0.0585238969535421 0.101962476951144 0.182383819317695 0.332728099685114 0.321686513359611 0.12103649931424 0.170136910128624 0.055834298689775 -0.0648668085057566 0.209266150519051 0.136738124640754 0.187513086344719 0.107269512696763 0.330689111040599 0.277148788496421 0.186735992544302 0.101507658667715 0.155804261263864 0.0888433306823531 0.407889589253971 0.381849266292014 0.349148137279958 0.34412253717859 0.0913805792799133 0.206163186247336 0.144723545811674 0.190761950952892 -0.0451934901606459 0.0722105264764198 0.280920473420583 0.259867014820949 0.181841389893244 0.514053531841948 0.358027434348968 0.441644982739797 0.297248167995826 0.405652302492634 0.28187541731444 0.372013636870119
0.581482693742101 0.63527230188903 0.341488807986908 0.224847503989191 0.0589574248671651 0.116681579147712 0.38749944183397 0.313442039731683 0.0866708271309186 0.0906995521715172 0.341157081746433 0.443749639041907 0.303909466981848 0.166626142148169 0.123041664098157 0.0620327197374411 1 0.727531372501186 0.566455673845551 0.617898968104487 0.0457397850288108 0.0295926809107239 0.194212815704862 0.0933951744403231 0.0846190018002351 -0.134621369237118 -0.0227540027717454 -0.107537867457226 0.599373760573753 0.619467332884081 0.385050439997403 0.238672411239279 0.536188137860105 0.539306808134775 0.140510005153233 0.14990263233854 0.200327088063857 0.296555932824446 0.244597633730242 0.145333701173555 0.110292786126565 0.0497717050085306 0.394651547527911 0.435566502736452 0.273805008379201 0.333622377322789 0.383970194974796 0.372602388466185 0.23588164869836 0.350370372853329 0.329708323342749 0.363098986398361 0.374394558832633 0.3567407688053 0.408960187813219 0.397200354943327 0.668126492982875 0.641980828666188 0.322655947094847 0.439168316385438 0.234795553603662 0.211228647081173 0.341881775144547 0.598559329368106 -0.0308919334577544 0.0974674295125329 0.256971035978057 0.180855233372648 0.318413043153093 0.297640698748439 0.303298510046361 0.394683710834714 0.315552448415803 0.524430570406985 0.0492449978206497 0.215499663499827 0.469554240347946 0.378335311198249 0.36268262659636 0.387506401785654 0.275267941618445 0.269744014282567 0.15448140999419 0.142740626645171 0.165116844871169 0.162844762091499 0.0456240408344163 -0.0925371860015231 0.326184691725838 0.295512420826341
0.641420152364189 0.78958879235561 0.453307142612434 0.39242874546393 0.193245196427015 0.082785612437308 0.47788673104684 0.432026042493578 0.236652423723289 0.204794336511218 0.301604409990606 0.471781061734632 0.316887361905283 0.279319474282566 0.216505617326317 0.172431591810032 0.727531372501186 1 0.682924657521354 0.682734037565061 0.243400450907243 0.0497133908618175 0.323859616257536 0.292033895344075 0.284317100027669 0.164867207007332 0.132636073685221 0.00577793970070834 0.5257577272388 0.706634440433231 0.549962402248492 0.384243060988082 0.671007408110915 0.666354369014279 0.302404933138557 0.393637470173325 0.342562092853068 0.517897284284238 0.464518485432834 0.262591173932191 0.217733544115098 0.180502164256996 0.519175417322914 0.508806427695032 0.491028197377422 0.51946260094875 0.503151383134069 0.506788269815345 0.342487258356046 0.493855522674947 0.350134138472946 0.387247826872173 0.455856549366589 0.407819691129394 0.573078586941717 0.55838572484995 0.691159307087437 0.791185631343175 0.41406171883349 0.523752810404604 0.356216599522201 0.372561332621356 0.36902851617005 0.677387716224685 0.174896141412541 0.298386532784176 0.486603493155672 0.401021822194291 0.291201917297122 0.275898730059071 0.437372199051776 0.467295305938873 0.569042012071223 0.65116328373028 -0.0156498584328928 0.249543789276968 0.475106466603279 0.500698724616704 0.331627043876184 0.564772820888315 0.487020620710435 0.528146453984789 0.208067858943743 0.427389153963574 0.328494399753976 0.313850795349495 0.110265406610609 0.12135723334148 0.355666380366173 0.401294803608682
0.79344230530499 0.754997112676987 0.505509846558672 0.337898286348846 0.352370749853819 0.2173574233234 0.597472472185193 0.345333296540665 0.270965096497802 0.190665826017744 0.443416252317481 0.429249153949108 0.536690213732466 0.407171790621778 0.347827663024634 0.258019515196033 0.566455673845551 0.682924657521354 1 0.778805713049177 0.154013783165205 0.0388965777408789 0.385918969547811 0.244507861111588 0.183969528283748 0.132152929171066 0.174550136421167 0.0798329723584402 0.543091255244044 0.608360901383547 0.542447640672287 0.262719660228572 0.689752765497583 0.587840165894251 0.203290718021871 0.340426720441456 0.180197880602713 0.394425675095191 0.302838577456168 0.222664597145729 0.279234381794673 0.0589784681994324 0.439182679788408 0.48754941597102 0.408923124395634 0.422695671274214 0.462260407774239 0.475774615125919 0.287314025146898 0.382893536287224 0.253544858712515 0.295498381441582 0.407442816332626 0.348102665647947 0.537231102824852 0.487820618985798 0.655183708386853 0.677897047204047 0.42430303606651 0.429963805549142 0.408388914464562 0.29715211733347 0.430558387510695 0.55036122089727 0.0985788299164864 0.181587915214986 0.406073770921038 0.307702892939274 0.365261079277707 0.310708236439338 0.583257624293247 0.514542983044633 0.546068237299999 0.567801130170364 -0.0665928867464993 0.305971346341148 0.433636802896815 0.519380768256074 0.160278657074202 0.437098489126307 0.358767813371143 0.382101934444383 0.110919850478325 0.296425260198154 0.315615333850894 0.231602308627321 0.104285159071716 0.157086438235732 0.382291350753201 0.298923478830519
0.670123590988351 0.776614919547335 0.505663056298301 0.450456879966558 0.343196673824759 0.133554019832226 0.598906801681288 0.477623019809238 0.224304503396959 0.221280690963368 0.353585553505585 0.567161500018337 0.416655929238473 0.533782647292052 0.256565623510424 0.236290179452844 0.617898968104487 0.682734037565061 0.778805713049177 1 0.187960502844891 0.00930516565509632 0.345884085270554 0.297616940685318 0.0806048296008822 0.0595842911242159 0.0895935606313902 -0.00933645001625624 0.603111358812138 0.685977052706565 0.605349131717391 0.376655159381567 0.826945117300431 0.74770852897183 0.237763741978788 0.352574681214234 0.222549535224273 0.453236844582382 0.308819493815826 0.183075017684465 0.240122912455166 0.101486991794059 0.585185481425635 0.631636643539958 0.544989576146426 0.566093993456859 0.61396039889181 0.585606556852528 0.466488027220331 0.580286170614113 0.432070083902717 0.457614105551548 0.547643752179111 0.479718229440444 0.584160639260673 0.605467193125666 0.639668443062458 0.618529418544333 0.502730993445057 0.570659111119597 0.415174295520734 0.409116057492608 0.479479682406874 0.697766551673569 0.0508611592623247 0.210257115513601 0.485864867059695 0.361845431977779 0.603264285185775 0.567720333830516 0.551232709572088 0.585870247200566 0.608619120315289 0.680063338161222 -0.0300282269491976 0.392074180336068 0.533570186309787 0.589047059334872 0.252101059641813 0.441729802469542 0.363473974728982 0.478524284578966 0.0888353929652063 0.282713711270935 0.264800341006895 0.332108175243035 0.0178920696159634 0.122068788432025 0.388066017354947 0.422038545515226
0.0950258054100663 0.137214813251138 0.224810091398348 0.211564306771236 0.243209863559219 0.044252440182606 0.172433944894147 0.153398974629279 0.153193964413174 0.118556547190967 0.0863836226125173 0.0541409407441777 0.225079303819523 0.342306307572082 0.345324828531978 0.3113343857716 0.0457397850288108 0.243400450907243 0.154013783165205 0.187960502844891 1 0.074590261611678 0.308054277335976 0.331052247563826 0.351779505796326 0.293064130104971 0.303605235999004 0.231970355250523 0.0885379410170621 0.240401469091335 0.318276348445673 0.340257116477384 0.293897157456082 0.26379025521011 0.265089892664496 0.263260399035507 0.266371973222848 0.296160524603974 0.327282674958055 0.233649723813876 0.170798804630431 0.273304616024768 0.118556992354795 0.174217068980055 0.184278524172779 0.167202592239256 0.107463642629545 0.14328044247741 0.0323823046735187 0.199183327986706 0.0317456804734488 0.0485327595978333 0.118685134578347 0.122678499558051 0.269565987785836 0.311314018410631 0.0315298280814309 0.13545076223198 0.157559338751675 0.0983933043306221 0.0801945440044202 0.0893208243985542 0.0442644557282831 0.095636800623686 0.228222364482815 0.24400498428038 0.231320149139916 0.210072164926968 0.0363385596942496 0.00908556376681034 0.288071130847538 0.26170108136951 0.269148680963169 0.339999674258943 0.102961108487407 0.0820139474152907 0.247309675475197 0.166867017963585 -0.0132655712085982 0.171699745946464 0.279172853384787 0.304168738610597 0.219843657705519 0.374420151480735 0.28245514877539 0.281884008809924 0.309772548254218 0.3460092867964 0.287284068975852 0.2258744751738
-0.0114399652292005 0.0137362338581698 0.0723700134774858 0.117142943487912 -0.00818990641362425 0.20557338560595 0.107386489193362 0.168727897955463 0.0075074332108763 0.128775025196543 0.0146049086410209 0.0461854948602221 0.0238894808529662 0.0829616159583072 0.0426997498630353 0.136263523852995 0.0295926809107239 0.0497133908618175 0.0388965777408789 0.00930516565509632 0.074590261611678 1 0.0751703267968 0.108588110666978 0.164446611585093 0.124967986310605 0.187898180585019 0.0279833989039419 -0.142015885018976 0.0111175679296401 0.0983320210287812 0.0564520923754034 0.0873220200719227 0.102062846649267 0.0773178001916874 0.0036877528938496 -0.0629726755228797 0.00258011624618162 -0.0406238589508888 0.134705373534809 0.00289109882308915 0.0259351969979658 0.0942778349805618 0.0779941441075596 0.108486172229353 0.100045605765978 0.0858488171099396 0.0713660656803101 0.0459981041051479 -0.0579824161613519 -0.103678375167295 -0.141007557102314 -0.0522798545350986 -0.0228604286286575 0.0198503619900924 0.078892932859192 -0.029479538462898 0.0143631605097687 0.00686449922054874 -0.0356288809927956 0.116833673853687 0.115530894387292 -0.0150489897412586 0.0560977784142292 0.114165111616274 0.131818398140261 0.129446720148443 0.118581468751604 0.10723275281357 0.116780001368386 0.138279149213075 0.142088119477442 0.0746120751133731 0.0667119498523889 -0.0996869737786913 0.0933629105923268 0.218650085555443 -0.0451027096077656 0.0857178660478135 -0.0318371214420685 -0.0013213319375941 0.0732786048401836 -0.124603555236004 0.170912596231614 -0.0407259695701424 0.055884572230706 -0.0114810033821495 -0.0051404274352958 0.0146097024681459 0.0649987750314865
0.319901941107863 0.306454632451401 0.820936865696019 0.487287550500468 0.55558783987407 0.0648493454838427 0.483227199118098 0.269175283233369 0.466634883469826 0.279958105695961 0.0764277854180665 0.0156947745549473 0.372315203346062 0.314241359159056 0.837576469716898 0.523194212154491 0.194212815704862 0.323859616257536 0.385918969547811 0.345884085270554 0.308054277335976 0.0751703267968 1 0.673433124856404 0.705534697321674 0.478235535060023 0.562594492462516 0.270173993788817 0.0952108496203244 0.254651184521267 0.564906633917976 0.418452677265437 0.393679943393466 0.382255190238273 0.611008976172591 0.460363503783953 0.288251714401074 0.357898560865525 0.454060055151138 0.277589594182844 0.182016809390022 0.0649015356514271 0.323365950347375 0.2950209727659 0.305258401800899 0.236269878833702 0.280329767989929 0.288371739622501 0.249400983064926 0.293324837200382 0.185024710583898 0.287057026256027 0.391550213751279 0.410170200328362 0.441235794228841 0.439742056631141 0.233622966301209 0.332920446290313 0.174603799723187 0.0381615238805659 0.297618042529242 0.176548161501484 0.334425990779221 0.132160303403246 0.74578558563349 0.402567140973783 0.52302848379642 0.268210014821258 0.221782294055107 0.141898815493683 0.513894238807897 0.441165803121004 0.360828770361843 0.335798733653025 -0.00409295490853288 0.130953563929834 0.278804791168739 0.313521020925089 0.0400496825505785 0.3597168715133 0.383984964124484 0.288665936713775 0.385723131880517 0.493618420226189 0.732169157097102 0.445571405446204 0.483003414607077 0.456645167282542 0.455004167769448 0.295962406808663
0.190457481302173 0.298329091619045 0.658697069543761 0.720551358233649 0.206324420203058 0.163681943739785 0.262537318610635 0.433568406222273 0.141708345755596 0.373039337722224 -0.217009563117478 0.0554250099421314 -0.00845055441598617 0.451481512389078 0.467950020449529 0.578852481395329 0.0933951744403231 0.292033895344075 0.244507861111588 0.297616940685318 0.331052247563826 0.108588110666978 0.673433124856404 1 0.638938145044754 0.732482037364823 0.59041479641825 0.211455250915092 -0.0907594182656388 0.174314147546714 0.565395971101983 0.64076380907241 0.432806414603781 0.545730013316434 0.687929804954078 0.675103989959076 0.342013802751383 0.506142088908704 0.49160168109637 0.507001826573793 0.259594224053298 0.222611716940519 0.319703858637343 0.250458242053675 0.365698458682087 0.351933491508696 0.29470429387863 0.271157232533291 0.207019445976809 0.244206321823507 0.149613760885547 0.184163351297961 0.309848098798952 0.240206758934057 0.495533138658241 0.46718646937624 0.200868223609717 0.267939846267496 0.17158645520496 0.153930505136422 0.202914332435047 0.33257164751066 0.126660883535097 0.173543372271427 0.671157764290109 0.719607560723747 0.660702688894641 0.595074884803573 0.253742908836829 0.193120673822996 0.407708093616051 0.428703591126721 0.48706295501333 0.444779901640618 -0.027245408557737 0.0948277956394507 0.295034121266957 0.294589087479566 0.0771659566346322 0.2406558829537 0.39170397079271 0.412271641226053 0.389442531706656 0.659834651852949 0.61453112348171 0.773046590335008 0.415465753316704 0.629808107367193 0.276523964083334 0.452542598646343
