1 0.906414985840956 0.855112287266411 0.715354179720231 0.587246773189177 0.544912089980343 0.854099762637336 0.727939002930878 0.75485328921294 0.367732585482467 0.86271785287048 0.748768391428769 0.876674206554959 0.763003489708119 0.709878362122204 0.552435600855604 0.903205077183246 0.868223306436783 0.91749462714277 0.906847122638097 0.314911112998819 0.255657325055373 0.759390386772055 0.649651755339109 0.596654588271476 0.634181337128737 0.627166379208267 -0.141635308889995 0.830015472995746 0.813459935542745 0.680053202407697 0.552684054473016 0.871334113154011 0.804745220059005 0.664692022663233 0.607204693958636 0.586220794528982 0.620850532140569 0.594257953633844 0.495134595351765 0.36308426376876 0.32344744202967 0.758726340239118 0.761920420330963 0.854564740613599 0.819891721562215 0.812355933612496 0.787316479258119 0.825490590575579 0.800650246032185 0.781339298493983 0.782745453029225 0.598800759195927 0.694113732576136 0.794563371922884 0.733487879512972 0.927697133344219 0.898043194074599 0.887919215228279 0.827278298068549 0.871757916398073 0.679296130450436 0.910800406916377 0.757224485391363 0.770782689472413 0.514646716895456 0.825559461678331 0.716262669750886 0.867631440923494 0.883542978278333 0.789227643014631 0.693058215195123 0.679007312541417 0.724363920586886 0.316819590004664 0.385426806903786 0.697095746711059 0.759654406115488 0.798615097087279 0.813603890270139 0.888027164974694 0.821603336649285 0.796522341844131 0.709817856571428 0.854485297489132 0.73252028469382 0.595622937231027 0.431700127231516 0.782799355026554 0.736101207615606
0.906414985840956 1 0.781104517901216 0.70362408037605 0.503605032554244 0.516751250475727 0.777744624661347 0.718731081338647 0.673334935433728 0.28343994155819 0.699669862104309 0.71848760818846 0.721459954700831 0.766950313264435 0.620972508814707 0.512646343393528 0.899882219130516 0.93084153424211 0.843494513107723 0.913601045000736 0.278281734994721 0.278814807141557 0.680603799159898 0.619569526659514 0.554570999416957 0.628659987071727 0.563193627937191 -0.110627968231844 0.793907994492911 0.830736366994236 0.653421406979272 0.556492728524335 0.83316186070803 0.803946115469248 0.652868811056586 0.605691272644651 0.546234042173107 0.611701466843804 0.571840742456308 0.483969033744619 0.412607819083753 0.306117131947249 0.687615023129688 0.725627449335658 0.836500179337838 0.846942034160435 0.772123222919028 0.765260682192906 0.804368455580101 0.78557053070689 0.742343937101923 0.777178804171055 0.520033584691914 0.656966172342212 0.712240041556711 0.712188702814056 0.934095305041386 0.944515601792928 0.827763320838394 0.794958270734282 0.789558770050236 0.636767890143636 0.870923954871959 0.775315086287225 0.704199488810983 0.475786808223162 0.781048914455496 0.691961068679058 0.873917779492458 0.887412011304351 0.731331329554314 0.668159462612505 0.634266213502213 0.700495254154654 0.336266475239824 0.396483850739057 0.642002027102487 0.744042790709869 0.795350541358517 0.864921362869392 0.897051851988904 0.876588266716034 0.778441558169439 0.739414103381376 0.791686854742413 0.734302194789165 0.534797167556325 0.465783439024701 0.647611552810406 0.693178410007148
0.855112287266411 0.781104517901216 1 0.824941273574563 0.699928111911663 0.545413778898897 0.946507525148319 0.807317818175618 0.821208854682063 0.424969490234097 0.767688977602222 0.719614141505187 0.842224434336882 0.717173966783771 0.799923980650836 0.641010696854142 0.742267221666536 0.698329108203023 0.7806270706128 0.782472243859127 0.350465568826756 0.205853559437743 0.916826810480639 0.797782396090184 0.658192103426237 0.686390896746806 0.665293998003132 -0.132843044671902 0.734637353092593 0.735916377112208 0.746052383906967 0.631965242284108 0.831560788964215 0.774103661489107 0.714017988962445 0.644011089869451 0.59630043011995 0.622803071109631 0.586143647533248 0.513484644423886 0.333400713691224 0.240003725058142 0.730058912243826 0.704432749793851 0.793856256022665 0.715458277979849 0.757783939363788 0.727522108744453 0.714615445206281 0.700040207479171 0.697701952073415 0.725501718230423 0.612826047757207 0.652832059556563 0.75131245073097 0.712792162104 0.767132659053401 0.742405434333497 0.812754265576703 0.72623929826518 0.834191339138501 0.728534181834771 0.760067208590588 0.629377888425655 0.896483708416094 0.685756502636454 0.845509387913759 0.740948049817553 0.764166756706413 0.791579759395144 0.781831146318738 0.688172545995017 0.591991123747539 0.639179482286666 0.274992261188556 0.280045952411462 0.700196150581922 0.739165623093953 0.748639324235166 0.740362696346783 0.762791749054022 0.733204714575817 0.7255190360636 0.672797574635292 0.852231904013667 0.782015346838645 0.559848533497849 0.557111941139365 0.773851377540396 0.767073975867109
0.715354179720231 0.70362408037605 0.824941273574563 1 0.620901033635733 0.57584618380473 0.814272265718823 0.867276068272327 0.724406190114832 0.499841550187232 0.593232149776409 0.758198048477589 0.653850789180455 0.761105770986805 0.643601964548054 0.687724037650178 0.644633076680166 0.646573384872303 0.706854688528836 0.705759214895905 0.312101242656123 0.111640885956255 0.815643785718586 0.913812655971596 0.619687407415559 0.764593569560556 0.66795145657397 -0.130730341754786 0.674334389338761 0.740824715266401 0.698714780606891 0.639568907487811 0.715015197672252 0.715428154494344 0.634102369498496 0.65364692303886 0.507274006483677 0.525028112599679 0.551049615746122 0.427740133322821 0.195593824656717 0.205181337182955 0.607499333947971 0.625655142733311 0.696646599778011 0.622451766290338 0.65919406886391 0.618485265197217 0.617843240725923 0.587960623152594 0.585407889290545 0.650259962114778 0.462891493436332 0.558674486898056 0.644634004525543 0.575214203111824 0.652443044668592 0.64398942341992 0.703662918428798 0.632591780871475 0.713177225630619 0.783536978363145 0.659691828560258 0.533308606519461 0.776131368907309 0.841489149313263 0.7290100205902 0.734442065447481 0.626711194071386 0.676837015752283 0.663429413689074 0.645211926111702 0.509291425005972 0.521720767615756 0.127864997644128 0.23934271995034 0.565800290695248 0.605746657730497 0.676246420215665 0.699368301505559 0.68437567647634 0.721706833383901 0.669878747064195 0.641379110034955 0.777767832209113 0.826943466845469 0.601616930247572 0.641064192277342 0.625622973994466 0.757307958443539
0.587246773189177 0.503605032554244 0.699928111911663 0.620901033635733 1 0.572273243398949 0.710514990082061 0.576609990171608 0.752267768114453 0.32013645810447 0.637992612693636 0.587997777419995 0.675627567205553 0.553832546905147 0.66195672834375 0.59508598227002 0.534825498395567 0.478854622587178 0.515711566935942 0.498908831815542 0.23661786650841 0.237706890877736 0.697892792290067 0.634903157865996 0.413664177594879 0.496021807463219 0.598176669974822 -0.0910335477095772 0.526540474118399 0.540201506533506 0.415049609494197 0.364700874942898 0.605100824419354 0.565487059839803 0.646404092874905 0.530671224579987 0.350056694790194 0.456179176240041 0.38436500719595 0.39206557191354 0.259836855574973 0.18449519371088 0.615945634950474 0.582835689142168 0.600546036880051 0.545488435152441 0.630232508865945 0.614091957631204 0.503679454975484 0.517633338547318 0.510224983646103 0.547003590521621 0.545086343337817 0.522124943418779 0.601210846781794 0.598013841589278 0.519792558179058 0.483771764023867 0.599347596507165 0.563007632395662 0.68130426834478 0.584544892540512 0.538955435776131 0.485907919534663 0.706226971864659 0.572633248939215 0.657883873158187 0.619803490213455 0.549894783168158 0.604375385918868 0.557002497668146 0.382405456538796 0.255397026852167 0.314995746413096 0.0964890874438798 0.0782748661611437 0.505999447284938 0.607016280044489 0.576515579212202 0.586989651103759 0.522944375736317 0.53663236138313 0.473205216789268 0.543327795059679 0.692073845122672 0.654820619622256 0.543736516309377 0.534084925578103 0.709347324395859 0.64151805971767
0.544912089980343 0.516751250475727 0.545413778898897 0.57584618380473 0.572273243398949 1 0.564128125368233 0.59568465911356 0.592182320928272 0.603466403158859 0.491156059137853 0.610940695061255 0.510928110544027 0.563508970925984 0.474361174251636 0.708824197377322 0.541264865146512 0.534233109645417 0.555214703525371 0.505860112955613 0.115182829496443 0.371239217560412 0.581068771338414 0.625179398398407 0.365121299375639 0.505273931892865 0.562151393981529 0.083702245180947 0.509966781827916 0.555484640788628 0.416062880683556 0.388320312065628 0.5571976781132 0.552478929643264 0.592577002157019 0.48881224638616 0.347107340666811 0.383067649204773 0.276414456456635 0.512767002750797 0.322409674516549 0.145656440365583 0.450270661570248 0.439696092152196 0.494936577402482 0.467987984642943 0.484657654434272 0.476514564390539 0.454888830242613 0.420201523714897 0.442877415387076 0.48213041165859 0.368018451427377 0.396678641745921 0.402832281281584 0.467992360863929 0.537692551640086 0.479256622215509 0.529365084848606 0.463370705227781 0.528739261242575 0.537155228359549 0.590102702985831 0.494100297774963 0.546454467779504 0.512560568228872 0.562757321302632 0.542358619696233 0.549913794088246 0.521438673952838 0.494595818352191 0.427365678960716 0.357450063746925 0.432797403338165 0.146955530593092 0.223717734748308 0.426321421251023 0.530890757542237 0.529115781637254 0.517335782855225 0.5648381915356 0.574699452096448 0.440370460327165 0.564516059570368 0.636651948865532 0.626920697166378 0.386073165837126 0.437813720858563 0.476419426966293 0.621049272251079
0.854099762637336 0.777744624661347 0.946507525148319 0.814272265718823 0.710514990082061 0.564128125368233 1 0.885431589076407 0.859866738650853 0.49155968898471 0.802887744850259 0.772706704241721 0.876245643694465 0.742822356101522 0.769369227062321 0.628893565509908 0.771653364901565 0.722659184140314 0.819717601033841 0.80005797271083 0.287473155459909 0.193980245242398 0.852708080805885 0.773041045989981 0.534945512941177 0.630501998045685 0.578176003015568 -0.212933239016794 0.775649762851883 0.794787224699513 0.746299920212746 0.647559947787348 0.843494567322708 0.814486080355026 0.698735636824072 0.647403864188225 0.579407282284299 0.617897910668351 0.568613542408864 0.510525533696522 0.306810576254494 0.191428680884531 0.760867054473107 0.746011674098045 0.795435380144604 0.733918376530938 0.795264042118839 0.763668724654009 0.719714940679966 0.69468001252269 0.707460118654433 0.729947314747752 0.629764875366716 0.655471502281698 0.778768826950324 0.724060897526763 0.770085301511678 0.731280097329531 0.833361905753347 0.761288798908805 0.86793469176382 0.818068032481081 0.780122947866782 0.671054941835259 0.851434241681587 0.705436706809169 0.845198610469967 0.769864611863356 0.746558593726066 0.794509791822391 0.789898992774157 0.707807337306527 0.614278889729309 0.642119210263371 0.28985569467044 0.295828914995801 0.692719126385671 0.736403328761788 0.747820727534562 0.760718417711018 0.748676457048319 0.721234924008237 0.688696636262681 0.631431349175559 0.825701248091297 0.755510199693298 0.546209018029127 0.504057108441058 0.767124706413503 0.81145164671693
0.727939002930878 0.718731081338647 0.807317818175618 0.867276068272327 0.576609990171608 0.59568465911356 0.885431589076407 1 0.750681178759069 0.553270592157291 0.648056229569238 0.829070492693964 0.709613162297861 0.762948332630311 0.603621197117472 0.652884296327314 0.709102542978225 0.68803439245326 0.760559119712846 0.752364980136155 0.289395527998991 0.15066517888466 0.752791641361345 0.810579585655053 0.494916212624616 0.684154657356349 0.530185099322337 -0.293766546676968 0.740406180291586 0.823834913409594 0.747430625371192 0.709293058599111 0.80173240796882 0.832461124237582 0.671336961647417 0.675716736041063 0.567477607198989 0.588417055037718 0.54067233434073 0.480872300148344 0.258450677340967 0.118449841327033 0.726482293773636 0.726392194471985 0.739543637511428 0.705568339152446 0.759259297899293 0.71745369698851 0.675150999831904 0.640797242916296 0.671671185650777 0.709046412305841 0.59507040030119 0.621822967067784 0.708095112662871 0.644440582241276 0.676391145282708 0.634657088727293 0.778055305447355 0.753922624524833 0.771604415827591 0.936317417774316 0.715663230953769 0.6698859367267 0.753260959704807 0.82604876885248 0.796904361155163 0.823882317097843 0.665812455355778 0.720914075687235 0.717828627164588 0.715104179038231 0.569201215671682 0.594936130635604 0.275065024272335 0.318094974254921 0.607887994293234 0.681129697371581 0.715376357710186 0.717684661059561 0.700577973956663 0.705190462366909 0.618899447791641 0.615427857292442 0.711883764514618 0.773654092897635 0.453802063074812 0.465161570655415 0.659685845116323 0.854575522556643
0.75485328921294 0.673334935433728 0.821208854682063 0.724406190114832 0.752267768114453 0.592182320928272 0.859866738650853 0.750681178759069 1 0.485147972555004 0.739734186947303 0.681620623691816 0.80825221498006 0.688944564245167 0.769987351632116 0.608963146004143 0.648553763101298 0.610180631190522 0.670515965589401 0.663219061607872 0.199323050681839 0.256263227691177 0.744756227154917 0.673997908332215 0.464477106895712 0.518431250670966 0.596721651408318 -0.128304775122349 0.697111878906668 0.694093277560317 0.611835497650532 0.511166915646406 0.690756321701881 0.658724623359122 0.577021373281705 0.480404473544476 0.556979066077679 0.560343433593795 0.462008579541493 0.387424689960428 0.321518642212931 0.135718909810539 0.595982410346449 0.58194168253651 0.628859396363882 0.577858051032319 0.630072319831175 0.606547939362509 0.561760196846186 0.539553551966653 0.569205107457505 0.563785659423996 0.520062949936017 0.493601719833799 0.640259227163364 0.593810429838049 0.670811710783877 0.645974081231093 0.74287886955766 0.654228286675623 0.79068653234192 0.701888212569331 0.676061360238356 0.544580730502393 0.715329078910681 0.588188273813274 0.706248365868895 0.607894056671395 0.653249462580704 0.699185092702625 0.674982197397787 0.56605331169984 0.521222721277224 0.508552328354222 0.234265804248192 0.285901198914714 0.594897507713031 0.631514695115994 0.613966270932091 0.679818334224603 0.673265097127222 0.629575614862062 0.619383306674698 0.521693079858571 0.735983787186134 0.637911438574792 0.530177199378999 0.439179965531054 0.68070079646793 0.705385393246823
0.367732585482467 0.28343994155819 0.424969490234097 0.499841550187232 0.32013645810447 0.603466403158859 0.49155968898471 0.553270592157291 0.485147972555004 1 0.354788224500514 0.473630752383601 0.363269631346158 0.329167918412776 0.34476982738753 0.633453683306706 0.31250955599329 0.267512214955062 0.418968144413033 0.319091481485183 0.145058981228109 0.0733674615053108 0.39868200555644 0.50003838378984 0.325616857719073 0.370352346558949 0.342032963125106 0.0437250710264933 0.328987149799259 0.364930039019765 0.343689162563008 0.290086855138025 0.34948658975964 0.316429572228636 0.337427780538459 0.329094911879478 0.175249793534009 0.236916953657237 0.0967931844451019 0.346899636584668 0.120183277576737 -0.0536696614336498 0.296519502297805 0.274039040194092 0.296037144545826 0.218785409719996 0.277325451956547 0.27672888557457 0.266474650500859 0.232220114880762 0.271957293043664 0.305866353809442 0.215968228834261 0.249835602152628 0.232473302723292 0.187817608780302 0.322423247904853 0.286626114790736 0.417709907913667 0.339120557789733 0.393516359149121 0.516250004405557 0.355824345480399 0.228097855923942 0.411448761234552 0.542787527618978 0.353921650979573 0.369569236230034 0.344528269372092 0.287348526481169 0.260351630338024 0.199395900812033 0.29050892072512 0.294599951838314 0.131926305738722 0.181579384946823 0.169256096072546 0.251048754303282 0.369874579377925 0.330546538354766 0.311119063947294 0.268249712221219 0.256400443485469 0.230445141410112 0.400108152200147 0.415412518683797 0.196726020552928 0.305005213339603 0.207349019176884 0.493308222812518
0.86271785287048 0.699669862104309 0.767688977602222 0.593232149776409 0.637992612693636 0.491156059137853 0.802887744850259 0.648056229569238 0.739734186947303 0.354788224500514 1 0.73285987625718 0.944199529606173 0.71211337930377 0.672140837122805 0.481712007901321 0.765659234751577 0.699068199716529 0.786812697713448 0.7377985170342 0.323888480592349 0.180277550737137 0.681213070034734 0.543326052654337 0.476025032168811 0.462711986046348 0.527469496844987 -0.167900462296289 0.727224703081532 0.714369679971568 0.544095965267662 0.42850383743539 0.754240371974307 0.705898205623561 0.625770574385777 0.529753695275279 0.544492944446973 0.571435103580409 0.457220557511698 0.40622365266622 0.338798912807386 0.250287706908773 0.725940365683118 0.684754604242384 0.7186292206028 0.67932013045803 0.75075227518708 0.724402294614556 0.678193843821586 0.689320616736845 0.673280589963611 0.677928150233521 0.644534066694215 0.648196426224257 0.720414367528002 0.668094369273453 0.732680318980237 0.68472444220311 0.793365877119429 0.736046606408731 0.864106744574268 0.64575864359412 0.801213671072609 0.703451515421856 0.706331688801905 0.447211287627218 0.745704335954136 0.621783978136638 0.695996610181216 0.723773935781511 0.705131320116538 0.624715162590117 0.580626406974471 0.615906536407202 0.298406582461564 0.31862243121004 0.617224371584041 0.677982975352592 0.683654174634639 0.678925726246946 0.692788005317228 0.639491120776105 0.626647833990693 0.554821481056548 0.730073085104492 0.619936414660475 0.515374647392408 0.326203028334512 0.800807019423217 0.682536658440711
0.748768391428769 0.71848760818846 0.719614141505187 0.758198048477589 0.587997777419995 0.610940695061255 0.772706704241721 0.829070492693964 0.681620623691816 0.473630752383601 0.73285987625718 1 0.76659759416146 0.888135333727118 0.610712504324397 0.668823385729231 0.73588366283126 0.718335358598922 0.763578843339697 0.778580879377965 0.359529999123183 0.204515487653661 0.708181115719971 0.72474917880239 0.502978292589692 0.614343195003491 0.552947639474714 -0.236437943351344 0.788767315423928 0.878302958438268 0.677763524991013 0.654113807584929 0.79522260718197 0.811643998491223 0.676729861287053 0.619538585770736 0.465428382398748 0.528239027995848 0.48922922266396 0.475623653601856 0.290275994083325 0.181279379010722 0.763712035548288 0.770573362946778 0.775706623436077 0.750526990587627 0.801574712355038 0.75474300845393 0.75418332648635 0.748494301782738 0.755769223718957 0.783296161694627 0.659950270835244 0.732015269848992 0.705831918104752 0.678509239443907 0.649752115590553 0.615518874162896 0.738707339707125 0.760824854280425 0.740874267422316 0.797996303139911 0.76933277993724 0.794831286555086 0.665471383972128 0.604949876689491 0.774423069419522 0.758126368216088 0.662046392703346 0.700159729625188 0.723717558379637 0.697458966144379 0.595255629475435 0.650546525204785 0.248767233336757 0.394897854692618 0.621801462799384 0.705014736991002 0.72567035181328 0.73164923380156 0.72397103599419 0.7646389424647 0.64685781692063 0.619245242897797 0.735290042770417 0.80602746791726 0.492924926992084 0.457391718422961 0.685348035713645 0.802122242320781
0.876674206554959 0.721459954700831 0.842224434336882 0.653850789180455 0.675627567205553 0.510928110544027 0.876245643694465 0.709613162297861 0.80825221498006 0.363269631346158 0.944199529606173 0.76659759416146 1 0.769810947865417 0.77986852520229 0.560893683283871 0.754251950462383 0.687080284993461 0.819960629419505 0.766201081120442 0.311798355702872 0.214957218384496 0.775961480768081 0.629255197475429 0.501738013067667 0.519955908710946 0.553406861017207 -0.172783939130579 0.778444247279027 0.755245139239127 0.641085947610386 0.525408520921468 0.793273198266134 0.742816397241111 0.639879735933071 0.548793059607663 0.557723470560632 0.565810421623315 0.492283466950486 0.445102691289294 0.338101952531964 0.257558160744783 0.737536670311475 0.717995453106887 0.746362074228015 0.694289673011147 0.775253073367607 0.744044166622267 0.700093840264149 0.701409194906179 0.697186115034874 0.68634460576908 0.65257589107583 0.651601889390928 0.766497163298367 0.715394081355404 0.726751071969655 0.675972059241286 0.78518497488047 0.727958894176327 0.848156556903643 0.676711263970366 0.802788533269423 0.694250489232617 0.730090917005064 0.494155647568022 0.761179519335452 0.647091548415495 0.712895379325961 0.744894420203153 0.771085882372998 0.691032131422013 0.639604751173907 0.62220844931365 0.326556042372297 0.314442082722091 0.676668831757228 0.706325526076281 0.692922711604333 0.711753090259437 0.720050755679058 0.670397557171634 0.706405318643455 0.588211777753659 0.778639648796042 0.673000627564406 0.557139828884486 0.403674121853503 0.806071215118543 0.728939326723821
0.763003489708119 0.766950313264435 0.717173966783771 0.761105770986805 0.553832546905147 0.563508970925984 0.742822356101522 0.762948332630311 0.688944564245167 0.329167918412776 0.71211337930377 0.888135333727118 0.769810947865417 1 0.693808420991839 0.662280801955423 0.73155344913346 0.742390414281251 0.764791625026347 0.805149618211238 0.306643270989958 0.279345887635935 0.72351483684169 0.739232693316734 0.496003795238389 0.640767606142848 0.569605638121587 -0.180561174087741 0.783424280606942 0.878958863634354 0.698368696819772 0.670493053445369 0.780177941040868 0.788517633082358 0.616450878064103 0.566372179616798 0.495722467117572 0.558307029119482 0.536175211596897 0.436101536045515 0.319919315810812 0.273870557170185 0.684288852265801 0.721905221008777 0.748819721846291 0.743999048470237 0.738746175700683 0.711236586002614 0.736480484881918 0.723099204574752 0.719475970439659 0.76037545398591 0.609147065443458 0.715774587024532 0.694823526057351 0.695851935657327 0.683573892324483 0.656714436004997 0.700169921218902 0.69680892610757 0.696573066526657 0.688387950971597 0.774887367965894 0.754685635921556 0.620459443009811 0.51868062787094 0.71301076982447 0.672666870162299 0.67751686943968 0.717310997937507 0.732440068427028 0.733732725251155 0.662343178261003 0.666342597499202 0.188442496588322 0.377050222531666 0.623818739593577 0.648776039376415 0.708101558669327 0.744768462532386 0.773647323108523 0.82376282667281 0.737985223870622 0.660900118977008 0.750921117212252 0.805142449932738 0.588087738477097 0.525500460973681 0.65664441319572 0.755036422272496
0.709878362122204 0.620972508814707 0.799923980650836 0.643601964548054 0.66195672834375 0.474361174251636 0.769369227062321 0.603621197117472 0.769987351632116 0.34476982738753 0.672140837122805 0.610712504324397 0.77986852520229 0.693808420991839 1 0.65942106577354 0.574881018520776 0.527671069307339 0.648049751539168 0.616744324511178 0.284517078170238 0.189084271840923 0.801200879562642 0.671897558263514 0.551634063648802 0.557601869565745 0.649013018759931 0.0300098846053023 0.643104860817626 0.612820429099113 0.606359139143798 0.51653676408122 0.65924170291623 0.56162636206868 0.558802983304967 0.453541226968978 0.512769503648771 0.485745224129405 0.470324266829202 0.430422259440581 0.277367360860246 0.17494556722459 0.53627792050758 0.54907078080642 0.594343105089727 0.514704400552649 0.575638723515413 0.554193283199349 0.53804393791089 0.541576512369587 0.533254569191118 0.55895386520434 0.497218736062132 0.531452961624453 0.603629972290849 0.59717547369541 0.590725963660479 0.565772549531313 0.600642506693204 0.537770084824125 0.652136129573556 0.545252476688053 0.615123594453421 0.461956518629433 0.699481898376427 0.504551007834396 0.602111818636585 0.485259825471964 0.621183870010829 0.622881637593132 0.678261203557493 0.520894691246303 0.546243586257545 0.496922759966245 0.262450323174494 0.255991850399438 0.59590377796361 0.577722074874955 0.574900751972426 0.585759176766061 0.657676346289329 0.60449723510195 0.732730341088627 0.56895121908642 0.765443686314649 0.646954125346308 0.562540582893904 0.524839530217657 0.636760181068381 0.655705245581216
0.552435600855604 0.512646343393528 0.641010696854142 0.687724037650178 0.59508598227002 0.708824197377322 0.628893565509908 0.652884296327314 0.608963146004143 0.633453683306706 0.481712007901321 0.668823385729231 0.560893683283871 0.662280801955423 0.65942106577354 1 0.534041872112802 0.480308643755205 0.594845363009507 0.561097251872673 0.257872794343495 0.324397673566093 0.729809771423207 0.801143338019586 0.501615361528823 0.629619870976305 0.65581894353575 0.0927799746730909 0.576800165978278 0.601219208618483 0.506413607617822 0.527583187862875 0.636688384360224 0.573792231474625 0.553864436907404 0.515822253633857 0.31515009441453 0.401375655731571 0.372003505580595 0.509872769455677 0.288040241983832 0.0758502178806297 0.540945229467438 0.547203288961084 0.551719426369432 0.503709257063345 0.547763031187285 0.528397426121658 0.541657244368254 0.516345730056635 0.530537328701351 0.565540213510001 0.467424651349159 0.511936082678455 0.483727513440557 0.511400942338649 0.524903357619493 0.470595079102543 0.549653659074819 0.514421375765677 0.518069126826545 0.621712328433357 0.585582415753711 0.494323064112606 0.607411392475252 0.679576986485568 0.573528213775971 0.574524698141835 0.608110471887126 0.554532887417887 0.549596809862832 0.44366931962537 0.368910648444768 0.421518998828942 0.0987184928628583 0.226519969882546 0.442831474866778 0.533362048099458 0.59802923966947 0.573600646661994 0.579954155809847 0.597544691419622 0.521706627423246 0.563401808783968 0.655180514004343 0.781179993924598 0.448169739451815 0.63655610775585 0.527571188799094 0.723168375967863
0.903205077183246 0.899882219130516 0.742267221666536 0.644633076680166 0.534825498395567 0.541264865146512 0.771653364901565 0.709102542978225 0.648553763101298 0.31250955599329 0.765659234751577 0.73588366283126 0.754251950462383 0.73155344913346 0.574881018520776 0.534041872112802 1 0.940403580157379 0.876261448045711 0.916068820909592 0.319080267786116 0.280788863084324 0.664336851801667 0.604720114783131 0.520095409789319 0.596484807829883 0.541154244315256 -0.178200173479452 0.880805216375414 0.865051216918808 0.648814238716167 0.573308814762049 0.900422066567004 0.857274687802114 0.665637724820737 0.608715100533511 0.540808648778796 0.647613852829824 0.566415302174611 0.543146101717509 0.402917279236646 0.367621527047568 0.783201207253071 0.790200922888395 0.857463916107224 0.85815262572494 0.838100452042356 0.8283251390312 0.830181020627688 0.79737411487508 0.766834698578085 0.794470570844524 0.595768821823556 0.708090294020275 0.766949328149297 0.731811474674908 0.942560126542455 0.900413517011622 0.825592610234598 0.821779270834605 0.782407156232857 0.645410262043894 0.933653157362799 0.866043989252308 0.689347671926671 0.461342505657027 0.815428024925483 0.739869547792035 0.887517809411836 0.908328414070729 0.725471580849792 0.673846403294555 0.588111554672392 0.699554610162871 0.292112355223276 0.412247634916015 0.667789304754908 0.786374907262398 0.88250423646972 0.876808071104875 0.903738487153056 0.868903625963795 0.72107254333033 0.716927917310456 0.772214832995769 0.720094605037449 0.520345395558365 0.360957491224538 0.736907817532279 0.714392288102721
0.868223306436783 0.93084153424211 0.698329108203023 0.646573384872303 0.478854622587178 0.534233109645417 0.722659184140314 0.68803439245326 0.610180631190522 0.267512214955062 0.699068199716529 0.718335358598922 0.687080284993461 0.742390414281251 0.527671069307339 0.480308643755205 0.940403580157379 1 0.862998524513572 0.917705909176901 0.260368850158462 0.253582587768239 0.619418241346595 0.575057247066972 0.497107888435154 0.589671454671404 0.51122894894544 -0.172650381869044 0.839679661609466 0.865475316856183 0.628188585158935 0.556929060116161 0.847120159210783 0.83683795181967 0.639316655440138 0.599429323846952 0.510870544710056 0.59850401134922 0.530658534090049 0.488590074623597 0.398938323366438 0.363834953844407 0.713610435489828 0.74118016939016 0.826251124889129 0.845398285091958 0.787833419474798 0.783218505973412 0.798887749006487 0.770730705148292 0.724691014537344 0.767036996164295 0.513293202288004 0.662580133169216 0.702366165498841 0.698345777147028 0.933110326015124 0.919460776786573 0.784174367837036 0.789983968067073 0.731514123826986 0.60248773164875 0.908590862404993 0.853442345519218 0.636766085195375 0.430994926520013 0.775914678998672 0.707485464458471 0.853748069907804 0.874262028396781 0.699440426695583 0.662352433619974 0.598317138378745 0.700224204968811 0.332153681015374 0.379135543689002 0.610059736205282 0.736714790913051 0.835630600328847 0.877088274347667 0.89827917408468 0.886556434289362 0.718694663388507 0.720384913227838 0.748593855884253 0.708931720594324 0.483465490217475 0.361518091590237 0.630646804216486 0.661358746930503
0.91749462714277 0.843494513107723 0.7806270706128 0.706854688528836 0.515711566935942 0.555214703525371 0.819717601033841 0.760559119712846 0.670515965589401 0.418968144413033 0.786812697713448 0.763578843339697 0.819960629419505 0.764791625026347 0.648049751539168 0.594845363009507 0.876261448045711 0.862998524513572 1 0.930545628929818 0.282822937090795 0.297555554213687 0.716208620769737 0.653108803686102 0.501709457957528 0.615603755219041 0.55906527921705 -0.1827073459801 0.838506717358624 0.848190633955126 0.738158527572105 0.634261700641437 0.896205203435014 0.858220700568582 0.616944859952939 0.592356692951289 0.549118432837162 0.585899346733679 0.503239940669972 0.503999834885479 0.368784800452343 0.300003225212021 0.765424026124088 0.770393799922648 0.809484666886593 0.785093802096563 0.802879681331539 0.790067359166867 0.784940573217488 0.742962547967207 0.714910239349363 0.737933703781451 0.57107074583136 0.673151007153058 0.714465194280409 0.686821869747079 0.881724042127537 0.822925278380072 0.793645613545999 0.791827926814043 0.750998956951175 0.686075992854339 0.913186373005335 0.780674189240864 0.663786062398465 0.517781717530933 0.778943818280857 0.732298268271242 0.839863828418015 0.85248697623849 0.756532088118971 0.70509753158202 0.65730203788077 0.706205831781551 0.306121642561848 0.361091506633036 0.673186346130734 0.748866018516996 0.783678828043733 0.787599605686835 0.847337573921306 0.794380381299482 0.764212287281289 0.676888097850862 0.777660093122544 0.715265484546531 0.503017796254654 0.386601879174856 0.687246909721488 0.724646876822127
0.906847122638097 0.913601045000736 0.782472243859127 0.705759214895905 0.498908831815542 0.505860112955613 0.80005797271083 0.752364980136155 0.663219061607872 0.319091481485183 0.7377985170342 0.778580879377965 0.766201081120442 0.805149618211238 0.616744324511178 0.561097251872673 0.916068820909592 0.917705909176901 0.930545628929818 1 0.307250832738788 0.284232435056723 0.706584970581667 0.639312585529201 0.532550886600954 0.657186395619277 0.542346510452357 -0.173663692694905 0.846300153427741 0.885205042743002 0.742005667297822 0.660550288660376 0.899497847343148 0.881114498173761 0.622569290274189 0.587552378045058 0.536811129982665 0.599999178374475 0.592709851980029 0.483735556130503 0.369853591639299 0.31757917182914 0.784070921621304 0.807002160113761 0.861264806157847 0.858364098544533 0.839276647259852 0.822576747784484 0.84429943199557 0.806327601274537 0.783913123564112 0.7939837831082 0.583195418036469 0.71651250097571 0.758125712295098 0.73423285449012 0.903085909720829 0.870194039139852 0.8148701124017 0.814953539033682 0.748925659758004 0.661144962668892 0.913069496253687 0.836030216164378 0.671537895565094 0.471186340139226 0.798227877399787 0.744262069923496 0.870300899145167 0.892689300543748 0.766887669223853 0.725224169733125 0.671726278813918 0.738489397710593 0.325876830412327 0.393129884484771 0.686719320592411 0.769266161932682 0.828668005900159 0.857616226415575 0.887022943584924 0.860274329089051 0.77502698842647 0.688824364866974 0.783172676722439 0.738997213818998 0.502486974133626 0.402340547706821 0.684270977497579 0.710433281198809
0.314911112998819 0.278281734994721 0.350465568826756 0.312101242656123 0.23661786650841 0.115182829496443 0.287473155459909 0.289395527998991 0.199323050681839 0.145058981228109 0.323888480592349 0.359529999123183 0.311798355702872 0.306643270989958 0.284517078170238 0.257872794343495 0.319080267786116 0.260368850158462 0.282822937090795 0.307250832738788 1 -0.0686732807092764 0.394057915216507 0.360470386443806 0.430191152470101 0.34353529406971 0.266400284213381 -0.0975163136650044 0.360933821632035 0.363771470521327 0.401353410267782 0.387162458127564 0.406409244853506 0.337749202366632 0.350739712854042 0.263286910509257 0.302229488433473 0.428148958914839 0.252619345589421 0.296267761185931 0.199898674782941 0.219736159392699 0.402465037788078 0.369996221342571 0.369465740364311 0.348850180408418 0.400706651568467 0.392238483126655 0.359926281999326 0.397142876000019 0.363403100619493 0.410416447691748 0.403911422694765 0.450888726854536 0.411353115515292 0.36944122932079 0.254648230393657 0.23122373439788 0.319004885522364 0.31336407023492 0.316737679669216 0.306978075317806 0.325983642890364 0.344369258275608 0.37095144120827 0.264711643351725 0.328077644987159 0.326275759976293 0.313045789697116 0.287925377230303 0.330064092832252 0.359161572119755 0.261486515806798 0.24496285766375 0.166508689579864 0.098443661918973 0.300017058865391 0.339034096065564 0.410321408286922 0.334174691216797 0.359069271386451 0.354171056194862 0.320183437031795 0.285727208995801 0.297145934199892 0.358255682363669 0.353983210223439 0.22047487491106 0.350723775172903 0.352054088445657
0.255657325055373 0.278814807141557 0.205853559437743 0.111640885956255 0.237706890877736 0.371239217560412 0.193980245242398 0.15066517888466 0.256263227691177 0.0733674615053108 0.180277550737137 0.204515487653661 0.214957218384496 0.279345887635935 0.189084271840923 0.324397673566093 0.280788863084324 0.253582587768239 0.297555554213687 0.284232435056723 -0.0686732807092764 1 0.205228600316603 0.191958096688416 -0.00583349348285477 0.109202263445494 0.230470156338856 0.216818423817433 0.205642050324836 0.2504364498453 0.223372050950112 0.19273720216158 0.299085212524354 0.328541958938249 0.188144278080275 0.0645480176632453 0.0824275304095571 0.19771195415028 0.222395337691017 0.257822471461024 0.330216230131444 0.0969562034806885 0.260404353622931 0.261141820110174 0.238990108508412 0.30503248125719 0.276320747623876 0.291945344284905 0.286548514783321 0.289494181778139 0.289688786630565 0.252481399136441 0.286880467271038 0.209055738614664 0.171528857319596 0.294648512861872 0.301591770319374 0.260550667300857 0.24570202340658 0.270519919278702 0.158104753160013 0.0928740109278912 0.360368781027259 0.346957536097922 0.174279740063256 -0.00151818111157514 0.225658538678424 0.211183455328913 0.320421408084857 0.353699360065139 0.264458118378401 0.228790751874762 0.104296556736144 0.205788808018184 -0.135105080685086 0.113477702384627 0.291494921433269 0.309702679578981 0.208098256366186 0.23869487841148 0.263312252281469 0.27236681731793 0.178846958176654 0.185746313179483 0.237211038059471 0.250214531784843 0.168116763512655 0.164200715182646 0.210510540397197 0.22749180927297
0.759390386772055 0.680603799159898 0.916826810480639 0.815643785718586 0.697892792290067 0.581068771338414 0.852708080805885 0.752791641361345 0.744756227154917 0.39868200555644 0.681213070034734 0.708181115719971 0.775961480768081 0.72351483684169 0.801200879562642 0.729809771423207 0.664336851801667 0.619418241346595 0.716208620769737 0.706584970581667 0.394057915216507 0.205228600316603 1 0.871534910722281 0.632959684709911 0.712589034483081 0.67434717504666 -0.0837463936801692 0.708434790195526 0.717477548089729 0.763514399384696 0.694223823775568 0.802956857987571 0.745860614488412 0.71912842400898 0.659733512520402 0.551953107339796 0.586898408605648 0.597279619276823 0.496830550179617 0.276554265342021 0.259408383958145 0.693936281009699 0.674227204585589 0.742944320537295 0.657721482370792 0.713684137810121 0.686133470108011 0.672141985450909 0.652513503712541 0.648998970256337 0.673570788458534 0.600708238112675 0.639544069316796 0.719035992593847 0.691638619744733 0.662927264597908 0.618512846907625 0.669648480390084 0.607447588662689 0.707666784760449 0.682646058962815 0.707468140957473 0.586512828977265 0.829537514897193 0.693320763225191 0.769868419954402 0.701466627344533 0.688733912303152 0.703019489188642 0.751392301687147 0.681147948110239 0.555762454681042 0.573782171093435 0.254685400155177 0.238404073242152 0.699058080152216 0.70226443264988 0.714110290735522 0.684185336895143 0.722029002529402 0.704841947076679 0.697471717106313 0.661567306345895 0.840864975824372 0.809844077201451 0.643807972245686 0.649744325834504 0.751771089780223 0.752553919695838
0.649651755339109 0.619569526659514 0.797782396090184 0.913812655971596 0.634903157865996 0.625179398398407 0.773041045989981 0.810579585655053 0.673997908332215 0.50003838378984 0.543326052654337 0.72474917880239 0.629255197475429 0.739232693316734 0.671897558263514 0.801143338019586 0.604720114783131 0.575057247066972 0.653108803686102 0.639312585529201 0.360470386443806 0.191958096688416 0.871534910722281 1 0.581775279483454 0.763400935216345 0.650517245674421 -0.0643456301109256 0.65726413862917 0.704517429259373 0.710979308908174 0.6872074827323 0.731004906556833 0.707119837628695 0.692422828700628 0.666154703005872 0.490617955670153 0.548396034653931 0.554270769881448 0.488248784914308 0.226041880394914 0.222419344245191 0.605079708130516 0.608649522009394 0.653294430764971 0.583744424233798 0.647898820919126 0.611032385977729 0.589752078259263 0.565699351155946 0.575722145831009 0.632611711042129 0.506769670538054 0.561296919020342 0.625445999226305 0.591519551892431 0.595225613718626 0.547992918441612 0.615153368156445 0.551582175640896 0.622244808950746 0.737934076285036 0.623093086727686 0.514162803619053 0.76454036499971 0.816770383145147 0.699502390160284 0.706446513454031 0.620977442417422 0.640346368777593 0.674390278051882 0.643467968763341 0.484346762440471 0.48768146978767 0.0907182362801134 0.227679627575292 0.597182325533919 0.620642508920205 0.677056084071052 0.663929523201612 0.661208274077691 0.697330541714024 0.628773086350318 0.647953352372411 0.77296514715247 0.858116005528491 0.630580589505422 0.67348700048207 0.627234779648327 0.776959325364655
0.596654588271476 0.554570999416957 0.658192103426237 0.619687407415559 0.413664177594879 0.365121299375639 0.534945512941177 0.494916212624616 0.464477106895712 0.325616857719073 0.476025032168811 0.502978292589692 0.501738013067667 0.496003795238389 0.551634063648802 0.501615361528823 0.520095409789319 0.497107888435154 0.501709457957528 0.532550886600954 0.430191152470101 -0.00583349348285477 0.632959684709911 0.581775279483454 1 0.721655485169803 0.763417874128744 0.0849184867585098 0.46684574046993 0.482207562616284 0.472872852202426 0.364500381431946 0.528009131505386 0.430448170564524 0.480533809065557 0.492721814925073 0.488231879035986 0.461154420180016 0.371116827860368 0.462515300133618 0.183520154306878 0.246114865579796 0.480553434260964 0.466589102508461 0.58054787786373 0.500218264025147 0.509395187611502 0.479358592040401 0.552863895119949 0.555678875171087 0.51644926784431 0.591327656847372 0.425372593704987 0.539904792010529 0.529807674607171 0.464024447212725 0.540751022931107 0.536399534520834 0.581225558868673 0.471920598637262 0.56243676131166 0.480123692021091 0.493131156140447 0.368998693130272 0.678335619907036 0.555695208982742 0.556862352560216 0.462396140754816 0.583859778058523 0.553718506954267 0.522445595407852 0.434617272662126 0.406009740703199 0.476231327790451 0.245398086493142 0.247093855011296 0.478377649227737 0.460073888947059 0.539691167120086 0.540122110760381 0.609867771353057 0.58576209761702 0.627282364628825 0.638021979757449 0.63264097871365 0.627526826989663 0.356041577961752 0.437841673463474 0.516535935073131 0.529554590097097
