1 0.912269109761673 0.701122908368905 0.695184207456582 0.340878580199698 0.20707565508384 0.775905958431568 0.628676614205536 0.333247997095583 0.262024165604714 0.706898934447311 0.591526421716258 0.797687100497692 0.683428275087066 0.525274075340801 0.471301404060751 0.839649967957962 0.85263138428026 0.92440663095398 0.898289282485191 0.10683819475895 0.230191601753999 0.621877644764782 0.42840536765727 0.393400392426148 0.384244249237207 0.188327731809779 0.198148123435787 0.782263450329306 0.728673669729484 0.526835290463568 0.42483092752461 0.811956812414988 0.748597721630735 0.39355642382483 0.231272208166326 0.728333533244973 0.512190667452607 0.675870029193228 0.424387280998338 0.727577209803353 0.658083763474811 0.802893883283098 0.841987599288678 0.750766570284742 0.776038309358489 0.844211697479852 0.812875745528737 0.699365957589528 0.669076041077839 0.701259746858526 0.743067414754739 0.741279999280042 0.697947650754762 0.805459825091477 0.711626490034797 0.950827922470501 0.888262563540139 0.769625735891976 0.760038817328089 0.767294093493375 0.434537360953072 0.838143042109286 0.742734976008278 0.638054217607791 0.435514073675894 0.631631372898803 0.73066532178675 0.851724314435208 0.833894641691255 0.679748411028885 0.669832619251338 0.64652129637614 0.634317780409331 0.339208392592939 0.489321981675857 0.50519489425215 0.459001938944436 0.736188113154772 0.762179191953365 0.874978537787276 0.839617058802115 0.712177808237102 0.796936683682055 0.830962216464298 0.72709762897283 0.559954335943673 0.663125374243195 0.755605296739995 0.711772993350938
0.912269109761673 1 0.653607410425444 0.727502095038125 0.309843561497086 0.165332655120862 0.69456103164893 0.581906641841457 0.251976538491604 0.28303729773809 0.717418782920706 0.699457269107774 0.74284395637164 0.756866709922864 0.450631616544709 0.513178263372927 0.875371934595492 0.904338487078965 0.91289064248933 0.904489739564297 0.23476229410924 0.170357967206635 0.62756152503794 0.493781940688993 0.462890547670801 0.432721467548161 0.232178567676838 0.273649831933992 0.783743222325192 0.833309116577961 0.544617427828432 0.450903582538697 0.746020384035543 0.679005879773455 0.277858714710397 0.189205348764851 0.710358362070839 0.604294758978872 0.628953272352042 0.472673519386316 0.77264294083269 0.725389410370605 0.724758604952096 0.811728986644491 0.681723606104768 0.746366351264188 0.78939002964079 0.812569136650657 0.650018739664738 0.609377312133019 0.615951759515107 0.695607296466645 0.64370612095619 0.610961092908829 0.782220100885662 0.756303676195637 0.925080992611621 0.931784416196112 0.641238386889657 0.676610377712773 0.647010590038631 0.375739406018282 0.740012291666004 0.763713307750577 0.534342539218518 0.396474726387261 0.517642191508858 0.637184807088637 0.827101128071088 0.715825925244385 0.626540860881843 0.650827155559591 0.620786506396243 0.653096870298149 0.371473556047583 0.536719984110626 0.388330234685717 0.372313075141197 0.784674295286803 0.805065753071068 0.871223041611284 0.885257909913987 0.713985661626526 0.789900613574933 0.775177917046961 0.713835242676299 0.529694435929455 0.669456478644847 0.662719060518297 0.657979615568862
0.701122908368905 0.653607410425444 1 0.826685593786113 0.362766858297842 0.364184779592616 0.851631161641709 0.71017500564365 0.473672969877404 0.311770643615875 0.384411120645725 0.339999925746071 0.605528315580268 0.452031793053163 0.452475123602006 0.276413678570068 0.516228759791278 0.574779656392961 0.676977428388113 0.684799192150651 0.27738420143599 0.00825991356596906 0.820216473487264 0.619910843179381 0.555267116944522 0.531752258772761 0.253686588144864 0.313954970575631 0.426418128586982 0.45430322060719 0.721054237858588 0.580797098335517 0.753588753148145 0.7051723694058 0.62795484914261 0.471032740768987 0.693333264885537 0.509309709799265 0.567679451876552 0.445487429291426 0.52602012518654 0.532473105006961 0.734469112230548 0.677233200675009 0.724140776245127 0.714975794706091 0.713330364299493 0.683105284014601 0.672586817833762 0.682716131965828 0.669077324452241 0.656164832737537 0.668406581396275 0.690213482407284 0.624134323984209 0.607365110248422 0.666978246112428 0.658703487854838 0.748567615791451 0.715847944282222 0.666080636476906 0.394297658384435 0.507664960516139 0.512689312754373 0.769158236542496 0.62929318085034 0.810827822506241 0.765115195585646 0.681161752031991 0.716856517257748 0.663990955366556 0.643956330044009 0.56795599807253 0.582586723488236 0.305152273320005 0.387973515218815 0.569691362876648 0.487616611665003 0.536356236500153 0.526168916711379 0.603591680488853 0.603224080188714 0.406470079057161 0.573498539609989 0.672813833980165 0.668719728358183 0.468945783708991 0.605709696090499 0.733492227746078 0.705628471019264
0.695184207456582 0.727502095038125 0.826685593786113 1 0.320936428524615 0.204150607767582 0.778220055858491 0.709176451003796 0.374998428835258 0.410708917637125 0.485982635426168 0.541319692764677 0.649547660280303 0.641329696741898 0.515734135092246 0.47707092248465 0.596635294132813 0.657411931464997 0.71320568829487 0.733342979525627 0.375275820031443 -0.0552150963821437 0.85072785642548 0.753230701657317 0.678755973407648 0.654321990581494 0.312046468529777 0.363586200093663 0.516270784984014 0.608033508013426 0.750647212616327 0.700521905603973 0.716346406033376 0.681590045840602 0.524989822833508 0.449079949312517 0.717594316846399 0.593736541741733 0.600906641791556 0.493805623720713 0.597059567991046 0.611045200119159 0.725089626378438 0.720571897711595 0.675551953974884 0.690212327389896 0.710206433101792 0.731757972370618 0.607963822566089 0.592174549822057 0.58787467536682 0.622385251979769 0.624163136079115 0.607419642442103 0.639843340955844 0.62112000786475 0.668546561471978 0.684869118083184 0.634203839813479 0.65886234937061 0.622472076598857 0.435416538766193 0.511769304058688 0.591952058550951 0.755656059338195 0.769196488858352 0.6820101517304 0.764661471616573 0.647326327589563 0.609936685374697 0.653024909338469 0.653776324414443 0.587075102645925 0.624806625758983 0.402548063587567 0.470126770952114 0.526314496593213 0.453115931086335 0.575833143818642 0.613359242117317 0.614102421187073 0.703785939174556 0.44600479715185 0.65441795953881 0.738620843319936 0.811797678229628 0.502242513408249 0.713322339173857 0.676064118629895 0.71009501692337
0.340878580199698 0.309843561497086 0.362766858297842 0.320936428524615 1 0.451618979003841 0.532408639969646 0.42104122595735 0.618575995094758 0.183240700025636 0.228440708777741 0.184958401739102 0.430685206339737 0.301245206753491 0.317087330049913 0.0904497536811055 0.200095993887347 0.27167752103627 0.318335297980656 0.401979826599974 0.347834313474814 -0.12979167131936 0.269103313896979 0.11549774135309 0.46687376786808 0.526772161884255 -0.193716247275446 0.307125303113357 0.236197477485335 0.153425899074933 0.390824218133146 0.220050467568193 0.510005066116283 0.461858071976426 0.545494249031648 0.480489048112208 0.426943667902845 0.313374222999001 0.339734756776073 0.296205345293195 0.201152026326464 0.274653917131923 0.434854606780563 0.338466664762693 0.382673572265905 0.328346753167944 0.369147698408975 0.329184451759102 0.428031488131655 0.405422534490797 0.343310741446957 0.306988616879249 0.460089517612921 0.453362964880665 0.221204117337011 0.234305582871537 0.322032683608833 0.344898641785314 0.397399421914152 0.416536708703232 0.479442009414796 0.44849771375339 0.31218686421963 0.35395934901276 0.493844924872549 0.447924255545511 0.536607652754551 0.409293719731606 0.402124636676123 0.4593243223578 0.43643332862698 0.395646739216226 0.281541001634909 0.283712414763301 0.195469746730079 0.135491373274322 0.438508829226711 0.464146953634031 0.243887384753362 0.272621403111958 0.222953880586847 0.23900362383836 0.00977212665149778 0.277082969257817 0.391983108381792 0.338758624143813 0.222730241198317 0.384010044719636 0.490203682362696 0.530692953496002
0.20707565508384 0.165332655120862 0.364184779592616 0.204150607767582 0.451618979003841 1 0.37426102796284 0.202997939009349 0.565493918976516 0.445712761578574 0.0885538923716463 0.102854889084922 0.260065910269424 0.18373197648597 0.32757900102943 0.119988491355153 0.086968185070426 0.139604847900857 0.177400201432657 0.172836281456661 0.248227728424781 -0.160743561841813 0.234566724731479 0.115940197301609 0.29965230989351 0.409160482264372 0.168590388691067 0.303327672069076 0.0887686790277214 0.0861982169659277 0.26750974252704 0.211311208092549 0.293144745819992 0.279182293703395 0.378056265641228 0.340031646089998 0.313063103651338 0.224664290553449 0.0962876482618435 0.179014550664315 0.0169901202062355 0.0871135688835131 0.246499169261448 0.127049136005629 0.285810576856349 0.235320661027252 0.204066833979646 0.0939138600075815 0.327733266287021 0.325133285264887 0.211491671218357 0.209804468313887 0.198395797418599 0.222779294962373 0.0353916519963827 0.0489968857037655 0.191063420076714 0.188194814080158 0.323589657358216 0.306691685071315 0.287815458506164 0.337927417072848 0.138990851321257 0.203878254433756 0.302696787425436 0.312959147762572 0.40809678259795 0.277632135768147 0.200691300782989 0.287259177942336 0.261977609302422 0.145028278124305 0.153632388527074 0.151607598929384 0.0691116754698751 0.0472644649320052 0.317500719270161 0.266983606691072 0.123989826695422 0.167950878162723 0.132327901221512 0.0837418817293108 -0.0684671934607466 0.0690228846959651 0.164871462628838 0.0874818481212778 0.0956008685219814 0.134541287681978 0.223724701264903 0.276056263877921
0.775905958431568 0.69456103164893 0.851631161641709 0.778220055858491 0.532408639969646 0.37426102796284 1 0.735628504579523 0.528454045621595 0.311437245595777 0.547506973136744 0.496304346420785 0.729914862414092 0.624182972649342 0.523871990213148 0.363376914225555 0.549795096333821 0.603748159653592 0.723046955378304 0.770295958737019 0.169298006950225 0.10888694376928 0.680187521069564 0.471607471522259 0.504157136715144 0.516184354969723 -0.00174095740867739 0.18116440978774 0.551528868611522 0.495526629861028 0.668866038507611 0.541811203665466 0.831944515709673 0.812668329233084 0.610435380770572 0.434376339734619 0.786486965502772 0.4851907380601 0.61239427425454 0.402642525069845 0.59215324331065 0.543073899859638 0.798911816108541 0.730445308304113 0.735942814275235 0.707732392577249 0.759395023260856 0.689973894003563 0.705629173963707 0.706030396382409 0.732206067220204 0.692941236287553 0.774084606832933 0.747502158067955 0.651573249629049 0.556338164034236 0.7287242521028 0.678273189226155 0.820340611684848 0.783787593380919 0.866373314210036 0.615367591019986 0.698449863875152 0.696741656133603 0.756570483269021 0.639126458277412 0.830689094394853 0.801328522450945 0.748869744712255 0.838001835456331 0.755876893580376 0.712787556327288 0.622977859373685 0.609154364410123 0.32864071091097 0.429207074860845 0.659037330778999 0.659167471229838 0.528333706320106 0.551269929361895 0.639261480294061 0.628808043361701 0.411412967796745 0.609147629223341 0.692040312647462 0.720908931638844 0.457271489958141 0.611272669381456 0.80864764060205 0.811662704759522
0.628676614205536 0.581906641841457 0.71017500564365 0.709176451003796 0.42104122595735 0.202997939009349 0.735628504579523 1 0.450740092441115 0.430146804806189 0.457783556102704 0.507593619687497 0.61060027068373 0.650883031721374 0.411964788452372 0.391697161725498 0.437302135012001 0.4847690149117 0.571195471033596 0.609429379511194 0.0372275458950252 0.075352821087496 0.632682516814872 0.610574238094443 0.304044097341641 0.318338773938531 -0.0838218590664357 0.0124150128591728 0.417398714537908 0.431047050491809 0.600076676270692 0.514297413570844 0.661991870359294 0.681456510792458 0.53737112785055 0.417780347382981 0.568385279966334 0.398064564959211 0.436436292104142 0.283577876072949 0.451336255787077 0.442013560561015 0.657967388542511 0.602076976108932 0.594997923459678 0.577189475468204 0.630748694595697 0.598034386099103 0.603656938011142 0.591901707603135 0.658461356583332 0.602874892068874 0.693363934633352 0.659866132089651 0.575994600883367 0.558030454905028 0.589470342678321 0.549363352457374 0.691508459558048 0.658954695821807 0.702208549051103 0.614206766469139 0.54091748462371 0.563899440475578 0.609468923725275 0.649185118099551 0.657625567056552 0.670360256531825 0.507952031093821 0.630357872142821 0.627091896310941 0.648108852757251 0.498530521822248 0.609781960427508 0.227932567902842 0.442850804095015 0.577438787949154 0.560804676099729 0.402677342598148 0.456242199260144 0.519843877335838 0.533106389935832 0.267163723828611 0.483305789012171 0.571399259371982 0.692370002552222 0.299718103006126 0.490383427717777 0.729792202025031 0.747126423996418
0.333247997095583 0.251976538491604 0.473672969877404 0.374998428835258 0.618575995094758 0.565493918976516 0.528454045621595 0.450740092441115 1 0.564326292867757 0.135243010147569 0.141993913760872 0.384394180429826 0.304098659437357 0.588536090613711 0.293378663034093 0.117142746359586 0.205010942591143 0.283913551990771 0.361593748490991 0.273132985867673 -0.217041973246937 0.409176338726697 0.219944933653331 0.479589045058223 0.491379214274839 0.0731295656040636 0.172182769981632 0.173662239559855 0.113095295758253 0.507239169836646 0.37297469375507 0.510799002847946 0.495510052876451 0.65181192177424 0.503080711637461 0.469692817655221 0.299755348572799 0.401485649450859 0.40321096395368 0.0984418488231488 0.189751849916594 0.418663456179915 0.283051590729582 0.419766593657622 0.32895712373922 0.369331760635963 0.255658331128101 0.441965904426461 0.424039851342349 0.330825729560076 0.288702266545825 0.441422490960634 0.449067211774585 0.208480381003338 0.127414720063322 0.263657906440987 0.283032047743055 0.427542856808528 0.430987022034282 0.487980648617361 0.560353476954769 0.242049693938383 0.312774554694 0.537623634086196 0.515772402228939 0.54184631148271 0.439666583405699 0.328455510409139 0.500255087120052 0.432704347149528 0.369741327599851 0.292379812212775 0.240343316887087 0.256510057571125 0.113760969136683 0.580451628615297 0.564261773849902 0.138809624275142 0.165372776415707 0.136195724242494 0.181134854666913 -0.0716800874287974 0.263761331712437 0.336764455864913 0.35772403257327 0.380994734465817 0.37359931732043 0.54588302927463 0.615857029759185
0.262024165604714 0.28303729773809 0.311770643615875 0.410708917637125 0.183240700025636 0.445712761578574 0.311437245595777 0.430146804806189 0.564326292867757 1 0.253985343404411 0.385513058114679 0.401026025289276 0.506789382595721 0.562021526154261 0.657412774253133 0.210237442351234 0.250060741244093 0.258700435694937 0.277606698954554 0.15590837057268 -0.191793989487374 0.417985808717671 0.439163955869239 0.227327402098729 0.247904717978646 0.241087121703136 0.0580531595211234 0.244638276446734 0.290048034151842 0.37396196549272 0.398102551402088 0.290840750500551 0.297680251982891 0.348008140842902 0.24706860495226 0.34636465049308 0.262800069656045 0.236868756253014 0.244547152417597 0.162771792507635 0.203493431416488 0.280029180736264 0.258784991572102 0.307988908361024 0.259536048594361 0.249474200352463 0.191955794019627 0.245182412682659 0.209472209087412 0.117267224491822 0.127393259105526 0.180620458875336 0.177417911841465 0.129078010161804 0.0918232074764972 0.233626265723945 0.231346899682349 0.249672485959136 0.216877358292017 0.299591099956425 0.421526659431753 0.184439510726739 0.267026965387948 0.37575889686347 0.498749842951358 0.31208062551592 0.303977308372826 0.194660643574734 0.250171452312266 0.368887634666935 0.317381081464882 0.304625666313103 0.288126840116436 0.230728818473686 0.302474686011239 0.339546008711354 0.325474121274412 0.223371746716515 0.232918907646241 0.213635360950821 0.27835533139883 0.0677972797725258 0.201777167472588 0.347005979821827 0.385686557419035 0.20826490941114 0.273879550743989 0.331079406298946 0.405210494265225
0.706898934447311 0.717418782920706 0.384411120645725 0.485982635426168 0.228440708777741 0.0885538923716463 0.547506973136744 0.457783556102704 0.135243010147569 0.253985343404411 1 0.764070592652937 0.793523290745127 0.755484009861508 0.505630212509247 0.592279189844958 0.631931162219576 0.610848546728647 0.698030019529565 0.654687182536278 0.00927389633409072 0.226720594497393 0.421139604158025 0.365575352672935 0.183721213072232 0.238187595635789 0.125944930409756 0.0651585505959373 0.708544424459998 0.695449842321659 0.299618732102799 0.295302506190736 0.477470689596944 0.433460468766734 0.101842837958605 -0.0188781382316572 0.560270984305888 0.423683970960132 0.410317432016147 0.245268512698317 0.570033990263727 0.443310965894677 0.48128023962304 0.549178839666766 0.380380057189531 0.415749309733733 0.503141221359899 0.495609465099641 0.388685677958823 0.348972794487289 0.40741314781918 0.438076900449525 0.456248879576038 0.326199560389257 0.539567468266273 0.466200995392294 0.656882733087699 0.605039199822262 0.456660940106021 0.444802714294832 0.601977005609981 0.290426598143584 0.667034060094314 0.579901410593642 0.371766124953517 0.265245183595859 0.30483839856391 0.39600617364273 0.537594989390906 0.416769326166025 0.442508231383526 0.4101006242968 0.47878295078631 0.469050787632204 0.292841179139635 0.43666389866873 0.248727934662921 0.259535393555433 0.485127176522578 0.57556514132117 0.64582638504098 0.669656397130332 0.58459257294617 0.506728640521687 0.665238221017872 0.516284052134888 0.300471792138816 0.43979752052393 0.538424279820652 0.41355036287749
0.591526421716258 0.699457269107774 0.339999925746071 0.541319692764677 0.184958401739102 0.102854889084922 0.496304346420785 0.507593619687497 0.141993913760872 0.385513058114679 0.764070592652937 1 0.607839341626116 0.865956284592514 0.348790205760139 0.622112411145566 0.60401819678781 0.64922748162519 0.62159816674212 0.639113638586345 0.187850842840495 0.102969992503092 0.405428494258717 0.501976442784483 0.277700582852446 0.313891644563681 0.058430765841993 0.121420502021677 0.680095961315657 0.787631452716308 0.391946346962122 0.421265999791527 0.524066085469327 0.525478994851927 0.0480167529442239 0.0380918644058925 0.556165810443839 0.529017352103268 0.440456420122872 0.344142446716358 0.564321296546374 0.528190021196274 0.464124868597981 0.535816086059758 0.393419903700043 0.450960120854868 0.492665317994378 0.496673844689671 0.42830158910429 0.383433408623415 0.416515761553082 0.463203060525439 0.426206907588471 0.329753619350099 0.537915975381257 0.467781426092346 0.567975139462541 0.555811866296414 0.407070996675895 0.451069449795492 0.560147139548352 0.46541764089345 0.625759523233565 0.751745646772028 0.285664851665373 0.365569295415154 0.27924730962578 0.428388064122231 0.474329150813773 0.373577986390183 0.426327012811181 0.424706391765153 0.487836443096944 0.508060117076815 0.309526841112936 0.485657780075467 0.26878042372069 0.32177149541099 0.528021363795009 0.61708895296613 0.609098522267221 0.7027123838374 0.509268002350582 0.52469039788471 0.554743924665317 0.634758273545744 0.304607797986951 0.473649793222318 0.496955808423112 0.508316532065549
0.797687100497692 0.74284395637164 0.605528315580268 0.649547660280303 0.430685206339737 0.260065910269424 0.729914862414092 0.61060027068373 0.384394180429826 0.401026025289276 0.793523290745127 0.607839341626116 1 0.757521678485773 0.739323043437089 0.62426206414215 0.68519290406912 0.674009366992736 0.771428877976342 0.72966695740345 0.0628013647772873 0.136625217707401 0.593912062502099 0.45199492424861 0.294991538504948 0.351661103139828 0.216649850269772 0.134381470084481 0.710428890296721 0.639427510919698 0.40945624811518 0.383840801636056 0.639321319293183 0.555515250220873 0.398630993799711 0.201980887574832 0.694307192348319 0.468625053238405 0.528128249324505 0.354898568568311 0.58841934788595 0.462404615003269 0.633691606031321 0.67026624316299 0.558463284597415 0.543544452090233 0.644495515872564 0.608123906676265 0.488931404663524 0.440020998817583 0.452503238022518 0.503113210981457 0.54752291625089 0.459532109151403 0.587453772342632 0.512432098058195 0.745479627168229 0.722067414464234 0.580975822860675 0.548058701441715 0.723305267209772 0.435307923306712 0.660713724818161 0.577374273431248 0.67352005502405 0.52528820683155 0.540379030039406 0.54959611032376 0.670357366017314 0.618670486043444 0.595586229316596 0.528842790317947 0.548266576503994 0.477502532938855 0.312033493940272 0.420345765180124 0.399562521028568 0.371470885818107 0.608290109601521 0.658666307598485 0.68567964175701 0.685208939779911 0.611077862295893 0.624968317519684 0.806211259242806 0.63343960172979 0.445318620552139 0.577856822631199 0.672283058839602 0.575945890197368
0.683428275087066 0.756866709922864 0.452031793053163 0.641329696741898 0.301245206753491 0.18373197648597 0.624182972649342 0.650883031721374 0.304098659437357 0.506789382595721 0.755484009861508 0.865956284592514 0.757521678485773 1 0.549447609717429 0.723156785432254 0.614819034090487 0.665310000294859 0.689183999568017 0.701848942365335 0.130493708927716 0.103553610654136 0.520264374321698 0.515274929145047 0.33925801229703 0.36225553698762 0.0533449801530707 0.0855485772690158 0.669489903556414 0.738882558420033 0.444991089992341 0.450627520936801 0.586114896442627 0.587586583875073 0.216976450056204 0.164077418157321 0.6342767186839 0.564901013581483 0.486913736687941 0.362838735434066 0.613058456956481 0.542611209571962 0.58077453977527 0.628578958035264 0.513513143034254 0.539627508449929 0.597829822232957 0.586093704957668 0.522726385446633 0.467167824382748 0.492760355009241 0.538228535068345 0.54479078574207 0.437035867622699 0.602407201550026 0.522163543573184 0.665490051329268 0.654738167044804 0.544536414520518 0.561226992633073 0.66822459092486 0.59361680634541 0.66846688038457 0.746939708075827 0.433861378196427 0.511738148457848 0.407246477116208 0.521148386142914 0.558063991398874 0.51542586733541 0.57164706202084 0.572509095923121 0.581437747551147 0.555926638348561 0.375217617260686 0.519999796821347 0.393401956005491 0.402158572608158 0.511242038804219 0.607791460985964 0.627262952792575 0.698742687140231 0.502568108448565 0.56386751825683 0.617698273143845 0.675065711746722 0.367260295192698 0.505297433730515 0.604432148804758 0.62930685681531
0.525274075340801 0.450631616544709 0.452475123602006 0.515734135092246 0.317087330049913 0.32757900102943 0.523871990213148 0.411964788452372 0.588536090613711 0.562021526154261 0.505630212509247 0.348790205760139 0.739323043437089 0.549447609717429 1 0.729808305785226 0.408880241472016 0.412947849102735 0.518835493333302 0.489511944042176 0.0754160338843063 0.0676540590222182 0.591633477747177 0.430820038991129 0.303613235260309 0.328863071100708 0.36675379307397 0.16012436803879 0.490050450914206 0.41663839958979 0.431450938386576 0.413946376581769 0.495096195801067 0.40437315215012 0.48958366848503 0.315153294729332 0.573507030602258 0.376794306536719 0.420127036374871 0.297067561684837 0.427255331069213 0.246230550880502 0.464978453065713 0.45186259703307 0.428995341471614 0.351816174204074 0.432892627924658 0.364244430925912 0.30038349428342 0.274844256022851 0.251796773756685 0.280586387315427 0.33317066794151 0.305898825725902 0.33007648087274 0.258727874648688 0.438374034832067 0.435460134301508 0.351516929175399 0.327252105089702 0.508433830345858 0.355614064036376 0.423437689046882 0.342212490270137 0.642377316186452 0.494449743617966 0.461530032292805 0.428650127992898 0.451486917242739 0.466029409841048 0.512191673169737 0.389222091561333 0.334914984665019 0.256295763130414 0.223541377143374 0.21295706626822 0.394693422899271 0.306506208966672 0.370074049689848 0.378417771003698 0.394885938070298 0.416344735945157 0.370448824220142 0.442861510576436 0.624460242320508 0.474484548168982 0.415379238142847 0.521119811372584 0.540093382429343 0.481880616612542
0.471301404060751 0.513178263372927 0.276413678570068 0.47707092248465 0.0904497536811055 0.119988491355153 0.363376914225555 0.391697161725498 0.293378663034093 0.657412774253133 0.592279189844958 0.622112411145566 0.62426206414215 0.723156785432254 0.729808305785226 1 0.453912757669258 0.453380688936513 0.496882568476285 0.48759596560329 0.045052913086679 0.126139024481534 0.495056962125774 0.539517789068003 0.212840151922305 0.191664198169507 0.285106625078798 0.0811525978328015 0.548650258543424 0.591248263257242 0.354631283069903 0.46173727670407 0.388723380362851 0.351295023424141 0.195543023486528 0.106294033589668 0.48654190336113 0.372272510801676 0.318887596974312 0.250488281842463 0.460805913482228 0.307462151748077 0.406407120699687 0.472982573100848 0.373572261046046 0.340111337417248 0.3829382578982 0.368071755606347 0.256041100062909 0.193938136382023 0.18442098447873 0.220492984461951 0.246510460947084 0.1870763181606 0.323339837431184 0.276386584279388 0.424264761378977 0.408551053509295 0.267988978370423 0.22332160434627 0.414192110487337 0.300241523201099 0.424604838957601 0.401825614259213 0.41162240251435 0.425058848562321 0.276587139312111 0.346314594859651 0.369116208144633 0.322459591783865 0.41438755191862 0.350425310864197 0.335844664774507 0.282275467001977 0.266351363910766 0.373394044112442 0.234300502573702 0.207314908966317 0.393337859705511 0.417032873293309 0.438469769259892 0.51403086853042 0.439449685497676 0.444445845659354 0.562866527962936 0.535638434415212 0.327670596409931 0.477798209639964 0.413890121503507 0.410728063283272
0.839649967957962 0.875371934595492 0.516228759791278 0.596635294132813 0.200095993887347 0.086968185070426 0.549795096333821 0.437302135012001 0.117142746359586 0.210237442351234 0.631931162219576 0.60401819678781 0.68519290406912 0.614819034090487 0.408880241472016 0.453912757669258 1 0.964039139682768 0.891762828772078 0.835243010874215 0.170451654031503 0.143357379351852 0.534876164873735 0.44969257954178 0.3528778103419 0.329035575138111 0.313899884767071 0.28951680491036 0.888693680507262 0.888035306942005 0.477376910782067 0.424793435371816 0.706392140420334 0.608250795022831 0.183923532671027 0.0898362343277007 0.634234633291126 0.545191676178723 0.610758503481736 0.438407948664685 0.761636572009562 0.677514766246831 0.635965366681744 0.757290465878139 0.60011850329027 0.648842925414075 0.726488044656044 0.744687342658952 0.513517834399066 0.467932889817201 0.457580712073082 0.580710944577851 0.483916352916572 0.455875496579815 0.733231032744771 0.665786131421252 0.880091072206509 0.885814158100309 0.482379690251251 0.54238944454447 0.506742898336897 0.188505393991849 0.74259104930262 0.715634880749351 0.436289809284842 0.255945657957652 0.396074498052945 0.544293439671465 0.810526092793316 0.659642993943774 0.492787275376744 0.478109030713347 0.539630403776598 0.56342173479078 0.346476584526025 0.455230473775409 0.302835654238805 0.265260982379901 0.903617567106353 0.887912280627044 0.938864582504567 0.882073094373458 0.804699076450699 0.810528610386128 0.724891474046282 0.608838638939878 0.489876020489668 0.608702795407893 0.513507334390572 0.4846132438993
0.85263138428026 0.904338487078965 0.574779656392961 0.657411931464997 0.27167752103627 0.139604847900857 0.603748159653592 0.4847690149117 0.205010942591143 0.250060741244093 0.610848546728647 0.64922748162519 0.674009366992736 0.665310000294859 0.412947849102735 0.453380688936513 0.964039139682768 1 0.903218744542642 0.88492295333251 0.272793805917048 0.0834386146602978 0.586823353632672 0.498951020378494 0.444056122237728 0.417613070582948 0.296416504044587 0.341215317541326 0.870629822210235 0.910505718629315 0.569811376975192 0.490401249667673 0.772538259342563 0.690268366320745 0.218549482244658 0.133700641992788 0.692277588284529 0.617095425410956 0.689630136144594 0.506838812319303 0.750999348608978 0.739477750401134 0.717122723584349 0.821937659361884 0.688305852975935 0.737882725706659 0.792880126041957 0.81179382281299 0.622468596082219 0.58438450615241 0.538949343288883 0.661305047664162 0.552802965325971 0.545438774489777 0.779504442492885 0.715221523620853 0.886693345308004 0.913827419459156 0.553091988440215 0.636366463462346 0.556311982870888 0.28192775435467 0.755642180516341 0.793189934000133 0.473942201018381 0.322872974432616 0.466260845440803 0.623831382794998 0.833873424771883 0.709196289563883 0.566875621649058 0.564896361009115 0.589328238249286 0.626623622322734 0.394715019330056 0.481787333589207 0.380595637380339 0.335829814782148 0.914684272622852 0.923439475286106 0.931945411589735 0.91125115866128 0.761590503522169 0.843346974755764 0.737575493139571 0.669395784019972 0.533834285737232 0.672429826347897 0.570869908708441 0.583286819127372
0.92440663095398 0.91289064248933 0.676977428388113 0.71320568829487 0.318335297980656 0.177400201432657 0.723046955378304 0.571195471033596 0.283913551990771 0.258700435694937 0.698030019529565 0.62159816674212 0.771428877976342 0.689183999568017 0.518835493333302 0.496882568476285 0.891762828772078 0.903218744542642 1 0.941199245530409 0.203410197000247 0.164502902426443 0.629996027005228 0.46177046252067 0.447740114369011 0.420771580723593 0.263984053083741 0.284073326008984 0.814655012339252 0.821591291493476 0.551578558904649 0.465009591480196 0.787702672943779 0.703925692506597 0.314206563272674 0.175914931236212 0.716636208111218 0.614117182587413 0.629582587148701 0.489123585426064 0.742739767171286 0.671569172049061 0.72456518549548 0.801664095962543 0.680250891488587 0.720247367783102 0.775863571745644 0.787024651412575 0.622574826978837 0.592426069799924 0.601747445370267 0.688187573987103 0.653883451918509 0.614690736965352 0.757790189971691 0.712945966420017 0.911665000224896 0.895134831949295 0.645286697244635 0.685726717712356 0.659339269798237 0.360805691748006 0.781067202809591 0.737668366641311 0.56904061070959 0.407132190569379 0.546588682450617 0.676960156929441 0.864322938057171 0.775679103392037 0.643198344544171 0.629786159152287 0.622561754520177 0.626701816477808 0.395597906433173 0.475291022749592 0.424593684119858 0.347100380692977 0.816084371135761 0.811317102098502 0.902177525618701 0.887416590052203 0.74974548880895 0.826459032710076 0.79386306887757 0.707327348333577 0.523319386858619 0.70032748580802 0.682571236382434 0.664597343622356
0.898289282485191 0.904489739564297 0.684799192150651 0.733342979525627 0.401979826599974 0.172836281456661 0.770295958737019 0.609429379511194 0.361593748490991 0.277606698954554 0.654687182536278 0.639113638586345 0.72966695740345 0.701848942365335 0.489511944042176 0.48759596560329 0.835243010874215 0.88492295333251 0.941199245530409 1 0.257654842358561 0.104974643555954 0.647521731848726 0.496306065971803 0.500058941824143 0.466254946149995 0.146993531052907 0.299629624473003 0.776568815567691 0.787079754342113 0.633409178713737 0.527046497549432 0.848957569317872 0.784807916868921 0.378361301843082 0.23819214556758 0.739454569443136 0.585462024511004 0.67190348895288 0.515017551673385 0.723675549885999 0.714041460943847 0.784948425732732 0.842471838858851 0.7342558703247 0.764765309073357 0.822029419061595 0.817159759023449 0.702534626625914 0.673826759030837 0.672670170221411 0.732006097671042 0.739714873742009 0.705974683840138 0.787462674201735 0.708429978107494 0.893994214241368 0.877599418473646 0.704287294810641 0.738678455592322 0.708214340214002 0.436464928547203 0.784317789222079 0.791279235817763 0.594450571894763 0.448342968873518 0.614794284166619 0.722280549818036 0.872420786221507 0.827042187074401 0.684482492200414 0.688647634274935 0.624099480033935 0.661913957948356 0.408725574399884 0.500822258311881 0.501953562619148 0.470657720764338 0.804567220872105 0.784325444208853 0.858796119054546 0.870441913384747 0.683018834810542 0.827229545837712 0.789050598936352 0.773003757210482 0.568850834776286 0.738895015061003 0.737416531047219 0.758844356911326
0.10683819475895 0.23476229410924 0.27738420143599 0.375275820031443 0.347834313474814 0.248227728424781 0.169298006950225 0.0372275458950252 0.273132985867673 0.15590837057268 0.00927389633409072 0.187850842840495 0.0628013647772873 0.130493708927716 0.0754160338843063 0.045052913086679 0.170451654031503 0.272793805917048 0.203410197000247 0.257654842358561 1 -0.394270388673934 0.300202507864066 0.229873250306457 0.752072470055427 0.735607342546958 0.267230185491695 0.613798371814116 0.103222790302974 0.25236147964208 0.485407851863268 0.37224646892213 0.280571473946752 0.244361081397399 0.257228056223011 0.283754812247064 0.317103555540504 0.517772359844746 0.260221996124984 0.591848695398623 0.108835691121611 0.29845830921713 0.226438701207777 0.17592771739698 0.241958934431008 0.23636487305464 0.214797206125563 0.27930325119991 0.313355373509413 0.288939944826392 0.130626149695686 0.199561278776351 0.163781661860682 0.216744045863873 0.152412515453238 0.238938387613234 0.125116023793134 0.235081956993409 0.118302161888692 0.252096013274827 0.0159792595248509 0.0775973677799291 -0.0125685318653331 0.193759409201562 0.171490558565392 0.288703387797788 0.23591447982123 0.275898093951622 0.225397219691628 0.0753015567938487 0.131108494652078 0.102110987007301 0.119013125060948 0.120515461166567 0.301892401739746 0.0345237509452378 0.109292629298814 0.0961817999445817 0.262522795622653 0.284662520802504 0.140308117563712 0.291917798635113 0.0262610582332938 0.302837365715176 0.206402371003668 0.252107512843237 0.227294266067293 0.390235332879563 0.148295293564351 0.276542247780507
0.230191601753999 0.170357967206635 0.00825991356596906 -0.0552150963821437 -0.12979167131936 -0.160743561841813 0.10888694376928 0.075352821087496 -0.217041973246937 -0.191793989487374 0.226720594497393 0.102969992503092 0.136625217707401 0.103553610654136 0.0676540590222182 0.126139024481534 0.143357379351852 0.0834386146602978 0.164502902426443 0.104974643555954 -0.394270388673934 1 -0.0360523180092575 -0.0768486358833347 -0.249442982602927 -0.234982333155668 -0.161017438658204 -0.178771431428579 0.197564018168226 0.110391578767728 -0.127306209151663 -0.114801469074937 0.118918851227929 0.112230387470638 -0.0327105969556926 -0.0557063667646608 -0.0352433442461519 -0.156080167437195 -0.0529285418618625 -0.201769889305634 0.26399083632269 0.0302026454814315 0.117972852967982 0.151398143709344 0.127388382769217 0.139837274772223 0.125497271728419 0.0962571460473488 0.0534418890829247 0.0551755485556286 0.215809935784349 0.154019304084472 0.163222516143105 0.0863041073193838 0.243293584439085 0.212658583422464 0.20852215303031 0.123519233215448 0.183797763050911 0.103450866241565 0.216452266506968 -0.0042655622532287 0.347502191100486 0.0942241434866771 0.0206467457806427 -0.123389566395559 0.133872007047274 0.119206588579883 0.153960205340237 0.194055232117762 0.151967600013184 0.193623153203478 0.0921425917302702 0.102147442323091 -0.236213414400935 0.090467436464288 -0.0360339607543603 -0.0184682057895668 0.0353122875873364 0.0119086171604275 0.189353075326035 0.107083622751677 0.237654089631694 0.0707127785627571 0.138393385218167 0.0696837565541379 -0.0134235074478439 0.0486154967698013 0.173870338588599 0.0650547425309416
0.621877644764782 0.62756152503794 0.820216473487264 0.85072785642548 0.269103313896979 0.234566724731479 0.680187521069564 0.632682516814872 0.409176338726697 0.417985808717671 0.421139604158025 0.405428494258717 0.593912062502099 0.520264374321698 0.591633477747177 0.495056962125774 0.534876164873735 0.586823353632672 0.629996027005228 0.647521731848726 0.300202507864066 -0.0360523180092575 1 0.845649456525304 0.58043439349737 0.519751024101583 0.324509701140115 0.360017012525359 0.499612666893299 0.545463218389506 0.800651089704147 0.750367100897967 0.686879895328073 0.625312816024389 0.594493547111447 0.466585457857465 0.668109545697434 0.494759893687439 0.58291788202307 0.382433201834551 0.586377521974745 0.548807002250658 0.687762218690086 0.679551672918028 0.667115949383391 0.665479844629446 0.676190690246812 0.658170377280202 0.564338356084451 0.568333262816917 0.512535133841894 0.509920947532117 0.556888701005424 0.549638487666488 0.593895840190313 0.541918351041142 0.579799820625208 0.591843159401127 0.541661962050598 0.535301884048709 0.515837717055795 0.289378438802048 0.43400667796921 0.445299207588629 0.753726232584636 0.647451196410299 0.669738507978829 0.67714958935136 0.621079620306501 0.57547134285127 0.608485710373714 0.601672809268334 0.538511318714329 0.554195186618787 0.315113550143694 0.418344240639701 0.531190791020457 0.442223859002036 0.559809162225783 0.566561972883587 0.569292045288031 0.600856714313928 0.456180415603681 0.593041362260859 0.722337136144642 0.692695378590426 0.558451516176832 0.699138387997614 0.676436886809236 0.616895896494493
0.42840536765727 0.493781940688993 0.619910843179381 0.753230701657317 0.11549774135309 0.115940197301609 0.471607471522259 0.610574238094443 0.219944933653331 0.439163955869239 0.365575352672935 0.501976442784483 0.45199492424861 0.515274929145047 0.430820038991129 0.539517789068003 0.44969257954178 0.498951020378494 0.46177046252067 0.496306065971803 0.229873250306457 -0.0768486358833347 0.845649456525304 1 0.392959835791998 0.372716478047914 0.229719724542944 0.282899520055801 0.473599452515172 0.56317956903489 0.736007087643815 0.766246711809717 0.5352298334654 0.49657068829722 0.379182859134625 0.333168115869213 0.544828138920845 0.43940117528662 0.47830443469499 0.326276325880631 0.50070983416056 0.469394521272864 0.546384987501076 0.567938751284896 0.517451540216296 0.534364998577552 0.532595247157236 0.538946030434974 0.434653747468391 0.410790699410097 0.377448370451353 0.364989961445694 0.382463053107293 0.380166674703871 0.485522672228599 0.445860338696798 0.409186930460819 0.425576229214092 0.349239161895557 0.350972831056555 0.37463589288267 0.22699431833896 0.313208183988844 0.40434134079009 0.549367739851244 0.586097844835413 0.473366961777861 0.533574606788483 0.44702420017296 0.365642849864394 0.412156897803268 0.459518449267478 0.388403707186408 0.454823129176371 0.24418477747525 0.37508202955057 0.395337154378387 0.344794829734778 0.499191930787884 0.526593645042221 0.473141176846278 0.552421498508523 0.388656791020127 0.496336967532863 0.595274824039329 0.679441160721629 0.447639915315087 0.630036774550505 0.48852869140688 0.486218256039072
0.393400392426148 0.462890547670801 0.555267116944522 0.678755973407648 0.46687376786808 0.29965230989351 0.504157136715144 0.304044097341641 0.479589045058223 0.227327402098729 0.183721213072232 0.277700582852446 0.294991538504948 0.33925801229703 0.303613235260309 0.212840151922305 0.3528778103419 0.444056122237728 0.447740114369011 0.500058941824143 0.752072470055427 -0.249442982602927 0.58043439349737 0.392959835791998 1 0.916507564453555 0.267085057749773 0.598254477164838 0.273491245532317 0.37869982443628 0.689095316852162 0.610727924944062 0.560456114201655 0.526717115225482 0.499348878078972 0.512321176636848 0.554650929039714 0.57424812851534 0.511106149511967 0.613213141380862 0.340992825712479 0.465315751085355 0.529105305217825 0.473124073500496 0.522385600550022 0.510702345585802 0.506046884584509 0.535908363276568 0.527731156396384 0.517463330158763 0.389521586873948 0.453097146771676 0.467291785040666 0.468275704988025 0.408851875604795 0.399966053968292 0.385230173579438 0.454260086416881 0.410210671581539 0.497860543367402 0.330121982711129 0.253823211873876 0.225420278981455 0.373679522663255 0.512308705439519 0.563540562385617 0.519035601652675 0.561297955908653 0.445574108613786 0.404011272548805 0.414716586977047 0.365125762495241 0.320294399696101 0.340349560148706 0.432250223956673 0.237664622558426 0.419628085320664 0.349698748073163 0.383757289790687 0.41922806583958 0.330084121243476 0.449757735779832 0.151561212060915 0.483632385790159 0.43861062334333 0.504180586153125 0.4432811310306 0.581433706570728 0.467781966795014 0.550988169002796
