1 0.867293190255448 0.681824103228057 0.664578055324031 0.585491825906156 0.3935956310618 0.824125878768058 0.643649313137996 0.491991186741511 0.490939641952909 0.74391561923067 0.627948362035041 0.805574673162014 0.643519877702782 0.55688018172496 0.516565107109822 0.81926287409483 0.847102219291108 0.875052027015949 0.841967709731607 0.158066785481087 0.17504043882123 0.536163051428427 0.522701798867908 0.475820214462828 0.481965961068611 0.356349810307286 0.472921092754591 0.628949961386508 0.786477149294682 0.545865525689977 0.552732334563603 0.815133913446633 0.738742739635408 0.486167457159684 0.397285606894598 0.505053924179769 0.421596590425293 0.352107339658697 0.570488972399063 0.266602538434592 0.279237916542738 0.6668060769241 0.721117693500013 0.588083742976155 0.650839813165438 0.734128953127078 0.726091738241901 0.605000249847264 0.606951456243762 0.695315389742436 0.644535941374116 0.662876244089891 0.54690153991485 0.752722022493412 0.745516849354784 0.858770906244643 0.817504629125931 0.817303604209701 0.662666799883437 0.799976413048321 0.612170969660844 0.723634682880994 0.775894592068493 0.512576986247395 0.499292052703763 0.641139656185995 0.604699371063089 0.611054395005181 0.635572258176576 0.492805483553649 0.560517767849195 0.520995712702745 0.562460826292834 0.189717575603174 0.299946144841915 0.735475397229817 0.635716673834289 0.781141108427456 0.596493847833723 0.863389484501541 0.836547913535267 0.383886019220054 0.487909326724069 0.715349217961392 0.617054887605051 -0.0219501961444266 0.190933265482409 0.722283298648198 0.760796044837359
0.867293190255448 1 0.540166737284998 0.579634535178276 0.414001882440042 0.344858829126419 0.681993674205351 0.598629749672937 0.335963699121014 0.438090665064781 0.612749576337356 0.591773502729529 0.621311401429425 0.585887756985448 0.413551070578858 0.469889066744056 0.811463992473426 0.857210448187958 0.766064473884001 0.792884334021275 0.0595293180654379 0.211919704892288 0.345828026659829 0.429720342597877 0.333965084712632 0.40129124051888 0.275448660445322 0.471530918864541 0.608004319997366 0.75210269328834 0.451611245830872 0.464216558989277 0.703621759132275 0.658787766574404 0.329775923095847 0.318636965469782 0.513767004290453 0.439123480656879 0.367683164140587 0.603459622938743 0.361241517519243 0.376895490257251 0.638697549050272 0.722452583444769 0.62805755320009 0.70385258346109 0.709575159587242 0.729026082814911 0.640701887291289 0.690991506063427 0.689037903648408 0.665683326268619 0.679146511183575 0.585137161909319 0.701616139634994 0.734737370588344 0.850771061077448 0.860460478134091 0.781398031251127 0.646425964681016 0.626084801152653 0.556976252411636 0.67031084829266 0.798309811815642 0.339746435260891 0.360962638353624 0.525190324225524 0.515220888600852 0.644864683553688 0.721058036334845 0.50183200926692 0.520507908378484 0.550345780309356 0.595061851512867 0.198047414187063 0.311422085373973 0.684304004050099 0.601646524410431 0.746048349890984 0.616077840028333 0.816359959239571 0.839290078131109 0.394866495664515 0.505528933724849 0.572149020427678 0.524834866822481 -0.0323085597085745 0.0832652522461243 0.558933880565383 0.734070417513684
0.681824103228057 0.540166737284998 1 0.622488732446607 0.690925134961873 0.361897347139706 0.725260005685369 0.504606030903319 0.564509703247348 0.463972762361944 0.386751538837253 0.308938693821084 0.615390487208694 0.522768179693466 0.722179072498249 0.69779268799352 0.517432350297411 0.579190317882853 0.710443127654176 0.591056966489556 0.119383531806741 0.215398780197195 0.862471544094319 0.70001818008982 0.697261985730892 0.611728277089488 0.537640384999396 0.481717468708896 0.381092665441199 0.546095197859482 0.723003515062522 0.678629245276123 0.70245493861301 0.539800653552782 0.650020152728375 0.513670139007958 0.438638365555453 0.3491048857902 0.38846858959925 0.415934497971603 0.287705297102353 0.195695646535957 0.537335491748631 0.578890659974195 0.463291150490139 0.495088984550534 0.572664728179683 0.558037422951533 0.464823837216133 0.423452463559725 0.6042341382307 0.547064286949804 0.54032261210866 0.491496589447302 0.65557835782452 0.626561170616725 0.543463731847413 0.564020367620645 0.461952593697196 0.312424164903437 0.519140854267249 0.361441651351407 0.367176337623564 0.494776907512343 0.771986166453974 0.528617272822421 0.754223122213484 0.588036199246973 0.417891103201534 0.372976440616113 0.487245577765681 0.506079482420773 0.309758995310382 0.439500723963908 0.215951420988019 0.279457447268362 0.578588116554118 0.534605371531995 0.524809234418363 0.465614678664344 0.621007600707977 0.679797795451777 0.478694397380315 0.398137408942427 0.824017921515066 0.695267526492883 0.255330759505027 0.404613283679837 0.625301392746819 0.692881884130834
0.664578055324031 0.579634535178276 0.622488732446607 1 0.605772501339057 0.69591578121961 0.760291225831329 0.90430503403788 0.561724531836321 0.725692812081431 0.505148284209173 0.763532746664013 0.631311700469079 0.692117363171718 0.404522810940169 0.692690823252125 0.55270006383907 0.634957661498295 0.573387865582432 0.700855232955449 0.160111106601093 0.338472517815022 0.544343772223798 0.748635708276668 0.438831016331528 0.664321649186933 0.304982809772669 0.474659914950365 0.413078797673369 0.681084932672227 0.639473382115662 0.709217036264882 0.68284688556544 0.80457628096344 0.420424027286644 0.513427597240092 0.509003960711142 0.399421030418673 0.252878801464477 0.530303896002852 0.233753683294495 0.231036852488892 0.590940154615403 0.627947975923645 0.463011135330361 0.547850940710051 0.59689909470246 0.621569097808045 0.512523287737178 0.470305919295546 0.57999380273214 0.532914944554118 0.63903462126254 0.517476370960472 0.62299130744078 0.583177838285682 0.619214587252102 0.597144750727995 0.601575306028472 0.586339673283559 0.684657620621201 0.820603865728871 0.625144220436792 0.727275952752949 0.522779425799807 0.846037917283746 0.56869142482472 0.743937429787892 0.41676481990903 0.554172316508555 0.593834164841941 0.67309248690519 0.511519803281385 0.649501599614515 0.179465209895398 0.351378150159923 0.548380346297369 0.545881284138319 0.592890903498827 0.416618300157257 0.745899362995313 0.668684234201747 0.242857252567381 0.284721450644756 0.534924670528972 0.714004605603556 -0.0345670190159528 0.118340833427399 0.597795840937934 0.793609849355964
0.585491825906156 0.414001882440042 0.690925134961873 0.605772501339057 1 0.442795145553023 0.641276951103135 0.579626751652667 0.5678173882581 0.559199333558008 0.388192875607195 0.406727258531721 0.625689553339666 0.506630698834252 0.65116705341473 0.621201104859906 0.461851611774015 0.473695616186828 0.490700018760152 0.500943532267281 0.240790374319221 0.181778386609188 0.712591364761021 0.645843026857192 0.599847079457004 0.602547605019856 0.472690766466836 0.379552190560794 0.361264647625685 0.507119332274071 0.613778830977082 0.572839491944052 0.607717639677959 0.546088291516662 0.588447963124724 0.54504560396992 0.356603047804191 0.329758413652029 0.3299571239711 0.415348870422415 0.219320802871344 0.222238894473812 0.497652786410179 0.495396188629562 0.379076361298979 0.373355218015462 0.483548993269811 0.491427136567103 0.387891149172506 0.315584407786455 0.554360340755885 0.482878341921041 0.519428649753534 0.472981489830404 0.60814964643505 0.518490648228876 0.455195522490313 0.441002925786915 0.381643165523711 0.260880175789973 0.517333254244148 0.450034334396331 0.342560011804781 0.465759131322924 0.639107615029516 0.557942266398119 0.655727239681522 0.57540546142457 0.321264451375749 0.350100521181575 0.492727880837527 0.511435939151461 0.373123751475846 0.419267225041919 0.225167179471689 0.227694267356542 0.452465239634435 0.429415747766035 0.477018167776753 0.332059752846953 0.575566476452029 0.583441853188147 0.442335875390302 0.263703589933697 0.70688583115595 0.631839109890227 0.196379787774695 0.319571545978192 0.600478888589752 0.661660201784674
0.3935956310618 0.344858829126419 0.361897347139706 0.69591578121961 0.442795145553023 1 0.511122511130418 0.715691711561968 0.428851111165971 0.810736127261738 0.343338342368721 0.551872294358372 0.45366713451818 0.466386216514963 0.285831395762916 0.528138989547642 0.31545675636342 0.384043669467608 0.275796878078319 0.398163470897232 0.0665148072922633 0.367164319869959 0.387162979060334 0.621852943756889 0.360065363528843 0.580820112718558 0.265174262560571 0.566913189700153 0.0709813370318565 0.332525983208333 0.307354715293668 0.449867713026937 0.336781143522312 0.488156873772344 0.171550726889149 0.350489204014738 0.295623532754999 0.337169939892352 0.0670034455165796 0.395172174153419 0.0191131115960334 0.124896846753973 0.343615239415923 0.379020972545553 0.261408942558347 0.264846087194353 0.351526681004016 0.35683958421928 0.342550306181993 0.289371015334429 0.374064402441557 0.350632229300648 0.37885992504895 0.3628987490718 0.405195349226997 0.353702731836374 0.41425459387403 0.401587763570334 0.316524997196766 0.345649984506702 0.464537536191944 0.662029154169193 0.342545888032626 0.455225985200083 0.335793520091561 0.687373521633363 0.290842560468058 0.517993189045239 0.310866900519767 0.394575676003731 0.411444379947457 0.394542727472825 0.298569002632565 0.49013556223098 0.158494410482814 0.324505874889968 0.280244786486904 0.282672846619022 0.344575241785745 0.235392056093558 0.449395630746082 0.440967836461393 0.00669144927998472 0.0858444199916547 0.3501565126105 0.486005589363542 -0.149936035717743 -0.043181452619996 0.371947465838974 0.501221577576072
0.824125878768058 0.681993674205351 0.725260005685369 0.760291225831329 0.641276951103135 0.511122511130418 1 0.757084505845387 0.665071060897909 0.544919125720442 0.672897418752377 0.612742443060395 0.828572152135081 0.613839194091324 0.556574991969824 0.531068199495725 0.687584548428584 0.757281628284177 0.712353353999497 0.7056906993706 0.214353421968453 0.268940669699986 0.59717760956264 0.60226635743194 0.541454424467285 0.580950308032924 0.31703652686115 0.456735814903621 0.520378757912552 0.745008369879072 0.637421045244002 0.587778435812132 0.809575472751115 0.768116702309806 0.495082934024456 0.44301467506491 0.512270200883704 0.49675928098854 0.289237980465576 0.503340712169911 0.300455295054332 0.231203016885347 0.73096062922959 0.74751478360591 0.638156037561488 0.636828282665781 0.743968004494696 0.722616563877771 0.599437723295567 0.569147905560832 0.693838133262392 0.615203744991842 0.662401417969924 0.618565690963907 0.755682081943957 0.682592591389123 0.713331618042474 0.670749619825738 0.691478668858826 0.592764178380586 0.787856711911041 0.642049935323107 0.737919572752328 0.793001015974357 0.658638737846423 0.623092648275725 0.700640384122745 0.679961465003467 0.428281612655105 0.558497369569011 0.511161726351018 0.573758086483104 0.494028471857024 0.569065873897102 0.16824724664043 0.303327141824639 0.603966417773477 0.503956506970092 0.648654339578682 0.503218638036833 0.796520266310196 0.750064611309236 0.315627532099478 0.327200708428455 0.697821684881347 0.64449936572458 -0.0186379191995544 0.10911170158587 0.70283051523528 0.718081957274791
0.643649313137996 0.598629749672937 0.504606030903319 0.90430503403788 0.579626751652667 0.715691711561968 0.757084505845387 1 0.558889242841011 0.754879199362278 0.57512307395625 0.833869288778264 0.676034503360538 0.788145165186655 0.423113802712146 0.683483162470511 0.534384293280081 0.609276776206147 0.542287586761797 0.646189827417057 0.131294483449842 0.340430914425187 0.410721359353245 0.687541246877702 0.288528632784307 0.561088495772163 0.204501698696719 0.412822217286969 0.470932519158223 0.721458222937276 0.547661963228327 0.636058684752132 0.643387637656285 0.816297748164719 0.366851562676731 0.441687381809391 0.493000750132056 0.391802953990469 0.202780522679919 0.492664877338993 0.304750457209951 0.261051976854489 0.62487109811254 0.640212248114939 0.473368522771838 0.538321612249311 0.61819652222926 0.648841063979167 0.542319311055074 0.500062597930446 0.60790481877368 0.554130634109172 0.670216738569233 0.567957376499599 0.621143087995987 0.57067210835005 0.556013911737106 0.53689046384407 0.584060350919946 0.582674836942509 0.694083974111498 0.889376140222921 0.641674367613219 0.756009707968122 0.434895931487206 0.805455320790623 0.491213240195452 0.676703392123118 0.330757699072038 0.49703537287506 0.607873062371255 0.697524126592281 0.607628816331299 0.675044757292825 0.211631456176453 0.300206100224014 0.485214527366142 0.481033999559357 0.555149118838249 0.364454981367899 0.720345386312069 0.635263151580746 0.20205838735474 0.20546284879524 0.479159367158382 0.679292754220406 -0.0133333437224592 0.0703798586546416 0.563665449145564 0.775619332935655
0.491991186741511 0.335963699121014 0.564509703247348 0.561724531836321 0.5678173882581 0.428851111165971 0.665071060897909 0.558889242841011 1 0.509185945901086 0.452522936204203 0.372736172472203 0.647450229772991 0.395166677030067 0.599512029496474 0.40887388938371 0.382673359383698 0.409063822672435 0.502775067819343 0.416162754590617 0.0870240261625945 0.150525329844106 0.506088039580193 0.463151953914919 0.401234774486064 0.440303747857615 0.364964931945014 0.218643666258644 0.305365817915568 0.405669894855008 0.487417608933822 0.441368007403418 0.535735444072458 0.507833919092472 0.350206876697734 0.330722304193693 0.422945044923441 0.410912423353827 0.265616809917306 0.277570464636983 0.243708864135753 0.0562610471949512 0.387446903973054 0.441276507473136 0.29340160212591 0.332182071842883 0.398760898407737 0.438647607005167 0.322595286094286 0.284979495496036 0.434283345052945 0.367292969083007 0.437893863482609 0.446028649874005 0.47268927803815 0.382271882033373 0.422499901322091 0.410342842837707 0.341320096153215 0.293842835983204 0.585686622852451 0.460772582989368 0.343871651000011 0.403058314758691 0.46100024537374 0.483425393511701 0.417560759315644 0.403901331263629 0.272387547615322 0.295834082104726 0.378514864128128 0.397313251633884 0.329950501484482 0.297532830519419 0.189908728196872 0.238771116871438 0.32336795874944 0.253225903608588 0.343785236076968 0.167415446327573 0.468060785057151 0.454387172890695 0.253449112466151 0.202668398364663 0.48145310676449 0.456955634031008 0.046949821612872 0.115497703350364 0.482328925018323 0.486017331256902
0.490939641952909 0.438090665064781 0.463972762361944 0.725692812081431 0.559199333558008 0.810736127261738 0.544919125720442 0.754879199362278 0.509185945901086 1 0.356267429140548 0.568553681151611 0.502470641769802 0.526683131942915 0.395125809448989 0.659069777142695 0.385923730912968 0.469097264469427 0.358770647773136 0.469763235504642 -0.075904623042696 0.358351355300202 0.478657452488138 0.689825222457121 0.421970958735068 0.611571939870572 0.306729127196828 0.55743818368338 0.144609060234625 0.405451676118838 0.376174343930593 0.531980276305302 0.437877808642594 0.566832343101054 0.313653531722431 0.430385513216683 0.360768612392832 0.418779932315296 0.291249439344425 0.443756954446372 0.100728125734405 0.266114563474865 0.432703922502243 0.474389136132468 0.295648343406651 0.329282680900202 0.427931312587534 0.469194271916866 0.389520955304202 0.333976939674558 0.461212540881974 0.439043178058425 0.470687326752815 0.458961539835893 0.513161795596413 0.464810156389009 0.498899890101512 0.511333215628271 0.382551259715865 0.384355871485248 0.50797440958455 0.671094726027104 0.369542480165838 0.486369971315359 0.388625660549153 0.711556987331559 0.404310228128523 0.584994152042672 0.381744530150623 0.420518167203668 0.488258781009603 0.46153732875392 0.320533769354142 0.491205757990029 0.205538656910157 0.326250558884407 0.37486639657283 0.400730389209239 0.462355366457869 0.317619654989524 0.519428256447102 0.501569192207147 0.138330690496753 0.134616368595737 0.421554796728509 0.59670385685669 0.0100688043959144 0.103838094511857 0.438244083010742 0.642209065202989
0.74391561923067 0.612749576337356 0.386751538837253 0.505148284209173 0.388192875607195 0.343338342368721 0.672897418752377 0.57512307395625 0.452522936204203 0.356267429140548 1 0.647276237914916 0.853333888727622 0.633407412530034 0.514702982647099 0.34281510450112 0.582450550625273 0.543517058590285 0.654539576125806 0.55213147870489 0.14437232406267 0.188284879432738 0.348271688722555 0.361393707791828 0.275707395636524 0.288445561916621 0.215256165425968 0.323335273327849 0.608957274982556 0.622028070091523 0.327121661474495 0.400923213674081 0.601925222642902 0.61814169715077 0.231889595498885 0.0483554828974095 0.273202547381689 0.273932692805381 0.285157894763449 0.350934624298377 0.251898377609117 0.19765787624634 0.356668302425322 0.379847689946227 0.240194125290873 0.289290910580952 0.446261278119281 0.444584653500855 0.310524386175712 0.273522434357592 0.404642956256359 0.340551175005798 0.477970137360102 0.330229820744035 0.503809470544631 0.440806121035456 0.547697490026053 0.517024020468168 0.577029278974102 0.474461230860536 0.822486513152456 0.564616230194144 0.62774355891179 0.571788833745984 0.240920719067453 0.304059978504207 0.263499821923815 0.263138231287725 0.370518149335649 0.342862109339278 0.23479170476398 0.261929698116911 0.526918916377838 0.381510047335549 0.0882634865688264 0.197322098061695 0.527877249056319 0.446253655778127 0.51503412291175 0.382913358037007 0.636121112885069 0.503875437282357 0.197015288159329 0.335314694598898 0.436708282660648 0.403985389431768 -0.0870838417720375 0.0987906040773613 0.610740224309304 0.525712621979253
0.627948362035041 0.591773502729529 0.308938693821084 0.763532746664013 0.406727258531721 0.551872294358372 0.612742443060395 0.833869288778264 0.372736172472203 0.568553681151611 0.647276237914916 1 0.6233005222258 0.739341002501459 0.268770168178423 0.516445617503053 0.497211513969482 0.53647070997353 0.524317645878102 0.627961331047094 0.0793044876238875 0.280563473443686 0.213543544766016 0.471253334671067 0.117482960682986 0.374001146926412 0.113755686140556 0.368135617065404 0.52339921562039 0.69658537387453 0.44938816944433 0.497418390657935 0.512861847805248 0.753481082276796 0.150928562345006 0.222694377642423 0.390765202886091 0.25870849349318 0.18598140365044 0.446595203827845 0.241907691963407 0.188132178840079 0.527874349348724 0.544906391610321 0.38518839154679 0.436040872617062 0.564171315711411 0.607304405860259 0.487075968379151 0.448392594930541 0.550471866969851 0.498769213208282 0.645093074155025 0.412902082085188 0.546510628322799 0.51598249737279 0.511644541156882 0.467723894278945 0.674651536674085 0.682008192103643 0.723085969914212 0.876800885874937 0.708419362086768 0.760549015134717 0.223495025618386 0.612077377326253 0.310628048525605 0.498713345631966 0.256843691957756 0.426460858075454 0.422192560533199 0.549168861376052 0.526827818865144 0.537432884517598 0.158982096282532 0.270944715505832 0.484972793262692 0.46305747205136 0.519067919506069 0.358542111506845 0.671359379350548 0.538350092956399 0.0968798658566872 0.202092614445697 0.31578785121552 0.500590382100969 -0.0616236205789746 -0.0433709377393551 0.518741875100107 0.694254927926417
0.805574673162014 0.621311401429425 0.615390487208694 0.631311700469079 0.625689553339666 0.45366713451818 0.828572152135081 0.676034503360538 0.647450229772991 0.502470641769802 0.853333888727622 0.6233005222258 1 0.690628327278513 0.698085962460051 0.527141283332031 0.625640787613207 0.625252540041292 0.703384465628552 0.624179091137216 0.178733828363809 0.250563950720187 0.579475457698567 0.530203604991235 0.464010069843454 0.456648224762292 0.364839363364247 0.437512252054735 0.535606761640318 0.653067907756911 0.493782412621583 0.487435024339318 0.709407525852831 0.686151235450597 0.416507854180108 0.266350244272694 0.38329367978637 0.413682307124966 0.272021290216965 0.430448127922445 0.253546795633546 0.197824610985292 0.522613893798927 0.53283636951829 0.380707167478498 0.432644458695974 0.569270664526364 0.575980763131736 0.414949356041258 0.388803785093769 0.551111639967132 0.46153297123541 0.556444594822994 0.450519107959012 0.655143992423679 0.569867688826886 0.6266375142357 0.591492786446866 0.59539210722776 0.461455660329448 0.858924080541698 0.570944381810558 0.634631836444285 0.621665077822188 0.457981304951414 0.459463354849299 0.506207887801708 0.461903112760132 0.43586387585194 0.423647951596317 0.383955242302632 0.429795808907494 0.485078046153684 0.455556891247474 0.124602905067846 0.22039794055916 0.546669928080229 0.511170102239582 0.561598061634726 0.410195192182828 0.693047796463362 0.613721249896485 0.271726476582555 0.327780062082085 0.645751989073899 0.558194996317743 -0.0483778438307826 0.129537933926524 0.754579171922529 0.641372759752076
0.643519877702782 0.585887756985448 0.522768179693466 0.692117363171718 0.506630698834252 0.466386216514963 0.613839194091324 0.788145165186655 0.395166677030067 0.526683131942915 0.633407412530034 0.739341002501459 0.690628327278513 1 0.602164423413171 0.780540105452446 0.500366783618177 0.495979736523964 0.640850785244774 0.597682785586489 0.189909704200081 0.267474030701645 0.485439449412363 0.673213203845093 0.308297475055613 0.474985756900203 0.224325644005412 0.406616448131717 0.566857432502376 0.659000799004899 0.539367812611417 0.641255091593377 0.623308545677243 0.698053484869204 0.418908819057135 0.355803111980581 0.428808187037963 0.256925164863794 0.257925090064798 0.383093664341101 0.356637347413879 0.211045909956716 0.472741081638381 0.501990399217571 0.29453676648726 0.410690783277558 0.499310167593836 0.558346678580426 0.39709563379967 0.369694163231047 0.4870454613037 0.443595105546952 0.530677728601187 0.382680109243535 0.567124194820894 0.534975646070566 0.434009789003911 0.431802865316148 0.471609924010095 0.384402902961044 0.643233545892818 0.638712465866395 0.55617034669314 0.634951822101179 0.374371007325086 0.593716472648341 0.435247527267207 0.527781342722482 0.226889696330013 0.334407743856867 0.461148363974225 0.541492500312377 0.571017234361674 0.533153301552141 0.244860560110923 0.278640534596085 0.508740180322321 0.536637569973173 0.536713353411681 0.366880313930158 0.632350558299328 0.616654888171833 0.30847391202115 0.36758782719101 0.580305023888064 0.727336997141339 0.186847200403117 0.314937878268847 0.568666188502533 0.725342100898717
0.55688018172496 0.413551070578858 0.722179072498249 0.404522810940169 0.65116705341473 0.285831395762916 0.556574991969824 0.423113802712146 0.599512029496474 0.395125809448989 0.514702982647099 0.268770168178423 0.698085962460051 0.602164423413171 1 0.673984391718368 0.422963489387617 0.395898950340088 0.597198537201396 0.407236059831524 0.165624616780003 0.13078151852152 0.77492015741072 0.621069198001089 0.56168234081486 0.489723656838139 0.541941991798413 0.42622468808759 0.423768464635202 0.447208684003563 0.498981117025446 0.543296666927598 0.56284035381594 0.433374305054971 0.531163388646525 0.357975807679669 0.319164154299279 0.326265445074155 0.406998240261132 0.308136282541652 0.353258488075584 0.197047763285486 0.326153955218379 0.355067244587774 0.204673244877032 0.236918185943069 0.373317134838418 0.397696824901141 0.266648480150583 0.226949756828128 0.438021163650933 0.372861979832246 0.395823025044923 0.376821582824386 0.511048891275095 0.433872369418196 0.33325356270175 0.355861857175199 0.25201653357551 0.0891293475717543 0.46846802059833 0.248540433597701 0.226991294126508 0.335205846500362 0.563399738719362 0.363724665100328 0.501588228979664 0.375163130363732 0.220758606666056 0.193534880247307 0.36072806419867 0.342890378704889 0.389304502611265 0.33798051799747 0.136380959153828 0.178372515737081 0.389270904649839 0.417029681229748 0.395617191889567 0.211040224531168 0.477971116186962 0.542454398010725 0.494499213906347 0.435217232885086 0.790831657996965 0.647922091455275 0.338614734031678 0.496792829617097 0.581752577618397 0.54971109250375
0.516565107109822 0.469889066744056 0.69779268799352 0.692690823252125 0.621201104859906 0.528138989547642 0.531068199495725 0.683483162470511 0.40887388938371 0.659069777142695 0.34281510450112 0.516445617503053 0.527141283332031 0.780540105452446 0.673984391718368 1 0.401386144367011 0.450823707339022 0.508568037305518 0.539328161698382 0.055297612487741 0.333463027922237 0.715368064221511 0.847221455754197 0.504125285386574 0.655113622516715 0.4182230629871 0.524656344325839 0.358813962524857 0.552388081378466 0.632255537283336 0.734687279199124 0.574460052592287 0.605503926158491 0.516284496466139 0.486117936471914 0.45071494572288 0.313106459213199 0.353682007391449 0.403638914061453 0.34168141141791 0.245719559968104 0.454833971719893 0.501630356242886 0.300215274750119 0.409802126739868 0.466448554973344 0.515712941594048 0.408157102656031 0.358441950570071 0.48278054226161 0.475075753247408 0.489588649630356 0.419934588432393 0.545761344128325 0.557939509618157 0.386554569002592 0.392435780875339 0.333993305213156 0.215681843170783 0.432593526493011 0.508132306860651 0.366363315811671 0.506998601736945 0.513414072816533 0.629312126912119 0.538604002880808 0.60026314066287 0.215218065755686 0.318035243366765 0.496656611352326 0.538595134055913 0.422359538748108 0.511499486793473 0.187416709544758 0.316442843536687 0.464297322989451 0.511996660805717 0.494126502019481 0.34136568323488 0.573954396140441 0.595359391852802 0.449011185599704 0.320859739526463 0.684189707366798 0.775573712059308 0.301032194948039 0.441138505315155 0.546456745391977 0.719539059086115
0.81926287409483 0.811463992473426 0.517432350297411 0.55270006383907 0.461851611774015 0.31545675636342 0.687584548428584 0.534384293280081 0.382673359383698 0.385923730912968 0.582450550625273 0.497211513969482 0.625640787613207 0.500366783618177 0.422963489387617 0.401386144367011 1 0.912420176915804 0.740992910258112 0.781969799898609 0.114490594855937 0.167647638165331 0.412759159658729 0.419136765854785 0.423800214932645 0.471488064440156 0.239809164629329 0.411066423098764 0.693378397880965 0.801526669046181 0.452650713145859 0.484738708551259 0.772816695825492 0.662235261338309 0.455616045539118 0.364884722764682 0.534794713014975 0.378261679337903 0.42776953428349 0.600977250083471 0.248902168942939 0.26548783092555 0.658952381399281 0.70538997915316 0.624921328885954 0.682176783776045 0.759779881170333 0.746375331197348 0.634571951939171 0.637264475593671 0.665336087843979 0.586309533585961 0.637081750886095 0.512948845905978 0.697838497992767 0.696664541162591 0.866778415299006 0.811503471349905 0.731416016832957 0.525691818589549 0.611960800744674 0.478859924420208 0.671848531925529 0.740026250561328 0.417233543705377 0.350787144850215 0.562386107210009 0.529261798651469 0.586594026940333 0.696324112155609 0.393586978493452 0.430982656736422 0.487374287141256 0.445880669957616 0.165637508436041 0.238379422378385 0.649516038000942 0.59162326648453 0.83188961514393 0.631056616520297 0.86005645954584 0.806481150977533 0.362771934672973 0.521170328872261 0.566739540982236 0.498182321070154 -0.000955658335400153 0.163972426496995 0.649394732162711 0.609021426357248
0.847102219291108 0.857210448187958 0.579190317882853 0.634957661498295 0.473695616186828 0.384043669467608 0.757281628284177 0.609276776206147 0.409063822672435 0.469097264469427 0.543517058590285 0.53647070997353 0.625252540041292 0.495979736523964 0.395898950340088 0.450823707339022 0.912420176915804 1 0.746560007030075 0.848433959849311 0.0765407979562509 0.184103926622261 0.416675607015378 0.458349671978699 0.428072446108047 0.467491050026255 0.268203169166237 0.444841578211377 0.613180007760406 0.826223918940105 0.506205114144999 0.503356442334066 0.798718138754829 0.70200931809952 0.4211543325467 0.446744865104773 0.577424259189903 0.420604790409633 0.342669128710132 0.577874309231682 0.231502376785151 0.276897298485553 0.726494624493476 0.800652687217515 0.710104231396257 0.771403056768607 0.796080817674587 0.801650116889808 0.707310022147902 0.736124986044119 0.711981760494015 0.65209783728606 0.677603888085931 0.594031073450203 0.720811588846416 0.747936448473228 0.922416301484579 0.898281175534733 0.765532590507309 0.599258526923941 0.624288806251546 0.553677098572459 0.723128642016013 0.817685061667309 0.449037756872049 0.41453743720268 0.604475856005845 0.60000974441425 0.622132866772139 0.783564170838354 0.513828755398731 0.531997680719421 0.477408106609387 0.564942214845947 0.169843872389934 0.310827731520836 0.684961382102218 0.574866393421499 0.807711044671614 0.666419592869078 0.889781039843697 0.839694776140036 0.339574880214486 0.409440253461775 0.577269733286058 0.496609740236147 -0.0972679732877763 0.0414189600043486 0.636341677342963 0.666970234235292
0.875052027015949 0.766064473884001 0.710443127654176 0.573387865582432 0.490700018760152 0.275796878078319 0.712353353999497 0.542287586761797 0.502775067819343 0.358770647773136 0.654539576125806 0.524317645878102 0.703384465628552 0.640850785244774 0.597198537201396 0.508568037305518 0.740992910258112 0.746560007030075 1 0.772278363389022 0.12011354083019 0.103220807037326 0.518377999086471 0.448933736318412 0.382576267231503 0.368838215573566 0.343472565309724 0.359443332912662 0.687824021201714 0.766032920702562 0.59666665288353 0.569881194165054 0.740409659923636 0.665257049244445 0.463526241857722 0.329513760446998 0.526315765901656 0.342269900499045 0.349326776616851 0.462496483439857 0.325258340433557 0.236525652676881 0.595241481823821 0.66028469818348 0.540815118685552 0.598665414738076 0.68136314180958 0.662674748634927 0.569559482806142 0.548565662515973 0.639581421442326 0.587004514006824 0.587580487352588 0.464684195337579 0.652623160350821 0.662196413299391 0.703624998144845 0.696519581223408 0.682883386882354 0.513552587038665 0.664155022555818 0.47675928122354 0.54473738877228 0.639141567244335 0.442946995707805 0.37987358432288 0.536247521364409 0.458365336085474 0.538688308067481 0.500097235905076 0.501065007288142 0.545057444179068 0.48649497518786 0.419195623774121 0.14751152399517 0.212950240727884 0.695852681944797 0.662216878655237 0.719570977145111 0.502374129615072 0.744446886978753 0.776421319533908 0.400656733466874 0.550244755182109 0.643656057296405 0.579518322304917 0.137033530548459 0.302117433728642 0.655974360390004 0.671607442872315
0.841967709731607 0.792884334021275 0.591056966489556 0.700855232955449 0.500943532267281 0.398163470897232 0.7056906993706 0.646189827417057 0.416162754590617 0.469763235504642 0.55213147870489 0.627961331047094 0.624179091137216 0.597682785586489 0.407236059831524 0.539328161698382 0.781969799898609 0.848433959849311 0.772278363389022 1 0.086544673895246 0.266758985357131 0.423816832229875 0.493276799873125 0.356227657576938 0.447390688556544 0.282623128559863 0.374949545619562 0.562367638298641 0.797053564759218 0.626154626468264 0.57933790955381 0.778072190527193 0.734139630752513 0.375053728135793 0.440669796839967 0.521498533732735 0.379917966964464 0.310605371983166 0.605248396869133 0.126753393626152 0.222471479997261 0.697369028736969 0.76214336508141 0.656782894353908 0.755877797988436 0.74517280602295 0.762310252833173 0.677623693147866 0.692782125930142 0.656155621899558 0.639522866727348 0.645033317042588 0.511319814636526 0.724240120712735 0.754660461707939 0.848093081064193 0.785783999664053 0.744770442929905 0.591559956998497 0.625131080740812 0.628651219883425 0.701179318287019 0.784357451512778 0.444692994531781 0.492260312306119 0.591494488505212 0.626717922722648 0.564754891850812 0.736205446713112 0.500100558070234 0.569112996423061 0.464579825872621 0.576296218157943 0.136731427625645 0.396467960681535 0.757684826522527 0.60032908197832 0.722604057277981 0.562135179756182 0.832747494296522 0.779145241362193 0.322481936455332 0.343525746148321 0.589579089374289 0.49997268402707 -0.0934451779601109 0.0614513940911899 0.57977025876765 0.701054553606517
0.158066785481087 0.0595293180654379 0.119383531806741 0.160111106601093 0.240790374319221 0.0665148072922633 0.214353421968453 0.131294483449842 0.0870240261625945 -0.075904623042696 0.14437232406267 0.0793044876238875 0.178733828363809 0.189909704200081 0.165624616780003 0.055297612487741 0.114490594855937 0.0765407979562509 0.12011354083019 0.086544673895246 1 -0.0127209340456146 0.186371222525865 0.22771078237646 0.230096061005316 0.204201731743906 0.100582381105247 -0.00869984458421191 0.155454078853771 0.171221951328269 0.226823779031549 0.193859645599683 0.238105589160914 0.119515168815721 0.305335088333412 0.300187877065668 0.0143336698251002 0.0370154862463367 0.0534615610159739 -0.0495983073498878 -0.00972547085617873 -0.0205841724168314 0.139153517340685 0.0669743332375233 0.105263071535204 0.133229946739238 0.0965854541936465 0.12253884351297 0.102793562089941 0.0942996368421939 0.091964496306836 0.0929895150303336 0.0712236607393384 0.0271234316228862 0.166254646101991 0.077170841127833 0.0129682733575462 -0.00998550844860622 0.0918637153112241 0.0361603073760073 0.183329542339299 0.0816633166929177 0.120440131042106 0.107457745720391 0.213645568053244 0.212611647220627 0.237880348241382 0.277871082545875 -0.0815722233531636 0.0621434368437237 0.0658359376033403 0.140788566620768 0.0367194175608115 0.0805680975837399 -0.0104419489753258 -0.0548750898319855 0.0763838618553894 0.0274648691172498 0.0554590236891106 0.089471262946474 0.0973584893333039 0.115594720983154 0.160296175975368 0.114861561071518 0.221035544450052 0.235971761750178 0.047865812234011 0.119103651611987 0.10833940915577 0.131542579917116
0.17504043882123 0.211919704892288 0.215398780197195 0.338472517815022 0.181778386609188 0.367164319869959 0.268940669699986 0.340430914425187 0.150525329844106 0.358351355300202 0.188284879432738 0.280563473443686 0.250563950720187 0.267474030701645 0.13078151852152 0.333463027922237 0.167647638165331 0.184103926622261 0.103220807037326 0.266758985357131 -0.0127209340456146 1 0.26111751672277 0.319153254016167 0.220607168713757 0.271892695596323 0.271099855882287 0.325217304885134 0.0112974511948096 0.191814487313417 0.293858292949588 0.231783102052196 0.186348847007042 0.248303582245942 0.0896590442801731 0.0946281745310288 0.0588633794838579 0.223712328600305 0.230716280800613 0.196358722814757 0.0494172859317507 0.0609758601596883 0.247940373577745 0.209804741054048 0.214728457666231 0.209236616022371 0.224305805974251 0.238282404228984 0.215307977758149 0.22368706814693 0.184968223166107 0.192164845084049 0.291508368127292 0.260292366852454 0.272696142551808 0.311494347629117 0.239058802421167 0.182171817580788 0.197612447769479 0.179477324033867 0.230418997013325 0.290432415073518 0.29119867018461 0.242352257935305 0.186350260204559 0.266668406163302 0.24490638006973 0.293979085969472 0.203130903697259 0.248665875328755 0.178220938531558 0.172229491200275 0.100180452637461 0.236926816580738 0.0429516801059316 0.242093892804945 0.16090857904636 0.188019480807223 0.212420716252771 0.171874483253942 0.225998502188816 0.160555450712563 0.0914670653098274 0.0177969281879492 0.22238320871994 0.221590681786332 -0.133022608383769 -0.141482832037798 0.250455916021093 0.26043760114724
0.536163051428427 0.345828026659829 0.862471544094319 0.544343772223798 0.712591364761021 0.387162979060334 0.59717760956264 0.410721359353245 0.506088039580193 0.478657452488138 0.348271688722555 0.213543544766016 0.579475457698567 0.485439449412363 0.77492015741072 0.715368064221511 0.412759159658729 0.416675607015378 0.518377999086471 0.423816832229875 0.186371222525865 0.26111751672277 1 0.793696274174086 0.84092619679106 0.741640159423859 0.639824521782286 0.5393997549864 0.257966030160684 0.382114514439886 0.637967397937301 0.677723103946163 0.5960504222265 0.448935637964486 0.654431564307963 0.50452872370379 0.290494647072306 0.24197539447999 0.439027474048747 0.324944424466036 0.188918567871015 0.134840176029091 0.350608453451329 0.382526819568992 0.243770325439151 0.289616005379833 0.395508849627861 0.394144685532076 0.289337591768097 0.222461288278081 0.433836659279765 0.374096798922806 0.36834712199883 0.294791532107079 0.574457756419546 0.489073269669688 0.392116761741696 0.405990962247649 0.260136460312039 0.0913476244646839 0.444545941612725 0.243479871936679 0.203121972846386 0.300480818632303 0.765275030674907 0.528757312640074 0.68879497376905 0.566862913199569 0.308427687754217 0.238884133776314 0.324040073428134 0.329972601229809 0.205299931059065 0.337528948396915 0.10787848258357 0.268102114438984 0.428012295545131 0.450612140050879 0.441817361237323 0.36816916009654 0.496147589155798 0.543613091982795 0.461345806002602 0.374765671672807 0.82343795101358 0.718132246397204 0.299402278302187 0.478089546215364 0.601940428462443 0.571111986316552
0.522701798867908 0.429720342597877 0.70001818008982 0.748635708276668 0.645843026857192 0.621852943756889 0.60226635743194 0.687541246877702 0.463151953914919 0.689825222457121 0.361393707791828 0.471253334671067 0.530203604991235 0.673213203845093 0.621069198001089 0.847221455754197 0.419136765854785 0.458349671978699 0.448933736318412 0.493276799873125 0.22771078237646 0.319153254016167 0.793696274174086 1 0.706593299649138 0.846855620141764 0.46804052849866 0.554117883863789 0.264287713271639 0.476926570161495 0.638472038973204 0.832850277850571 0.626567385357368 0.62104180496907 0.599201349858331 0.606140750979389 0.450627081516894 0.343957532415036 0.419349276335138 0.445641651184352 0.233683311691289 0.228916575290417 0.43686077981901 0.468526271008224 0.2902718254091 0.391260185205852 0.44152563975142 0.476909785648915 0.3639858820083 0.291934354690734 0.426581913508209 0.403836439917962 0.413434558703311 0.331805493806107 0.5978694619702 0.524885211771697 0.424368490033131 0.455901514058477 0.330066953806396 0.227696323061855 0.493141654195416 0.517241739325242 0.325410766424445 0.47636955756069 0.624423987542266 0.766356299551589 0.637970075120355 0.745975143561948 0.294325768587338 0.383987491448669 0.438166000861827 0.499698352909259 0.331031810590921 0.467133622536457 0.191610420555232 0.236309064052076 0.433106555555526 0.481189368954716 0.467559641975224 0.370451212247345 0.551576850929971 0.606578042215181 0.386446318584366 0.313167750658168 0.689464980874233 0.832390392951453 0.272750687208516 0.393487085192017 0.537521449593216 0.711398168811636
0.475820214462828 0.333965084712632 0.697261985730892 0.438831016331528 0.599847079457004 0.360065363528843 0.541454424467285 0.288528632784307 0.401234774486064 0.421970958735068 0.275707395636524 0.117482960682986 0.464010069843454 0.308297475055613 0.56168234081486 0.504125285386574 0.423800214932645 0.428072446108047 0.382576267231503 0.356227657576938 0.230096061005316 0.220607168713757 0.84092619679106 0.706593299649138 1 0.769964632929151 0.570080981349455 0.562272583008441 0.131166607952227 0.270192770127818 0.543496182093489 0.575119557410089 0.550165346338676 0.345113152159143 0.612615334648647 0.535151098047487 0.284530733046694 0.276767116633024 0.457467427345165 0.389684103405629 0.0549783795835141 0.126822782629148 0.301538730674472 0.331325435992797 0.26975591238039 0.281161077080529 0.334879129262085 0.342874982386642 0.246696639891675 0.225653695432746 0.328271360413224 0.32547633871649 0.223345091959279 0.169990467031771 0.542198126388291 0.449032613085337 0.45027951524226 0.470687083479517 0.276632688731652 0.0979976209256857 0.389383760441201 0.145147844001996 0.204625134613897 0.271870651754821 0.645110815149487 0.433496780809979 0.684433186946619 0.574582809279087 0.338659764931875 0.321000992797451 0.201787618021374 0.219019113245248 0.0329912219049139 0.230240497128179 0.0771125955188601 0.221336553014359 0.386668272728797 0.384251893939094 0.38600987969105 0.385060076934789 0.402403772145291 0.514833975479597 0.385125938802848 0.320799278344304 0.664213378319324 0.60642550583776 0.193348786436094 0.344536178438352 0.490961888286496 0.488944177837001
