1 0.40183027382824 0.304516604344284 0.0270850168588743 0.248116565163605 0.0681850097929899 0.589465500154365 0.299301267533894 0.406597157104607 0.0990952427562578 0.565334342964408 0.377319879862205 0.492896404380801 0.0378047937183767 0.116108468217474 -0.206681591164336 0.184747858278838 0.232421034090968 0.493358185444501 0.372608344432597 0.0608010391191994 0.122195988908042 0.194716019297892 -0.0338041675347645 0.0826693293642467 -0.0842769689548461 0.00555872844973969 -0.0469091988603773 0.351586395580803 0.23531058241226 0.0620637299428554 0.015909423248662 0.240481539029789 0.214765960645066 -0.0695245991975614 -0.00295451398544985 0.0670190671797261 0.055562098686948 0.0104600680066402 0.128749577525737 0.181304191569813 -0.0763976784867412 0.376064430759267 0.300124600370629 0.283284438980543 0.262498716213819 0.306731367915557 0.215386006971049 0.268893537895923 0.263862868256957 0.292232632543309 0.292895466100645 0.251393869318764 0.162906044272082 0.253462000517102 0.186810930985763 0.564406070621373 0.39650371996802 0.354543893498201 0.335884494982826 0.597243605812658 0.225508732239558 0.42387331002669 0.0633914468732227 0.0130389862050086 -0.122364555878153 0.161907100353779 0.116411962273073 0.299258208611438 0.283013699745674 0.372377763935136 0.171944740029079 0.220228307352217 0.319959495786878 0.0777932723427053 0.203714438677659 0.304000489357802 0.0629985179475454 0.217772689093108 0.121336337379913 0.323527391495925 0.102757482832846 0.237488982093782 -0.0176491693638633 0.0987850310155554 -0.0993594475564253 -0.0819398123071367 -0.234902070944756 0.262622054925009 0.0186584084274026
0.40183027382824 1 0.0722080198594954 0.155717680676982 0.139534962892452 0.135330949578647 0.296100563398878 0.469817496679507 0.116632865487971 0.218603039534774 0.527462081698944 0.674171409985094 0.142405872160259 0.416898811409841 -0.00236786288910329 -0.0291323337138803 0.605045073856495 0.729682099863494 0.27863223670273 0.458536631693274 0.104824289007333 0.100791466517583 -0.0955037387745455 -0.0788841892498822 -0.0764215104260951 -0.0978799124919641 -0.225441415505397 -0.217240449093397 0.586322566894275 0.690151637222384 0.261805122424746 0.225647953857125 0.627021751985119 0.63212187496564 0.157996529524401 0.222137840917886 0.311190149994767 0.118129213055216 0.356077933025823 0.230113101713903 0.0880931779309773 0.216993168876792 0.463642103502254 0.494273053218609 0.411137703540728 0.487212833893292 0.406802909645908 0.473340326059124 0.516796710833159 0.587896985196964 0.293784365735953 0.454280424688943 0.474810850819011 0.420848816864385 0.548999356708463 0.584435509056189 0.532335342375965 0.534755433609124 0.439804988131866 0.492648435602513 0.277103902963934 0.38762886086821 0.55818871564794 0.642274692861326 -0.159004051161339 -0.0607275710408444 0.253827365653259 0.291341589311303 -0.120722774056695 0.20631941148606 0.0986573590926977 0.263750757963414 0.122861146949057 0.293468661653158 -0.0297286379076878 0.0718679798282887 0.321784799537708 0.0559526325595587 0.342927071581975 0.447701503760576 0.667591557557089 0.567364900604986 0.267253233361549 0.213627405743682 0.0317529654493638 0.168625914395802 0.12595693041335 0.0127731987248223 0.233616403160067 0.441184662283216
0.304516604344284 0.0722080198594954 1 0.622980709507106 0.488759442293821 0.344843183507201 0.599172602147655 0.15475971474148 0.438236536245181 0.0397645448001528 0.0292253197535148 -0.116488884327854 0.263646157657792 -0.172107640219561 0.592860217831459 0.273850966914208 -0.0651690596237168 -0.117338066695773 0.398177095001201 0.153800596671541 0.0141187509233628 0.0592088334005507 0.844328929708009 0.442122963290919 0.691768210733969 0.551769955683488 0.312634475975872 0.358447069694625 0.0312498743793614 -0.0075864314254447 0.54589357580751 0.441243280880376 0.287167368517395 0.220234312782073 0.494272714435525 0.418259206267641 0.0982493463550599 0.132434790607113 0.0574118992970593 -0.0170692827799718 -0.102610896068092 0.112594506023745 0.333582829183448 0.183158918440491 0.13665720592477 -0.140176704860457 0.0779911318750248 0.158324327989408 0.00442331487562728 -0.0268551853739184 0.587366708901346 0.233214603697764 0.180496082848353 0.338510525641326 0.132413124369045 0.115837261871068 0.292307497058497 0.244040594824965 0.187535233585827 0.199246658365761 0.350264246952366 0.0195089137590934 0.051631238867825 -0.0692012684448101 0.716453472731967 0.482095634890567 0.527200194509455 0.390054451312474 0.273480101000859 0.23925927263081 0.419272552726485 0.326374614727721 0.149046340511727 0.188898241550846 -0.0520011692164236 0.00847930037142278 0.19273858132452 0.182511186679246 0.0501793409197393 0.0634010569215387 -0.068688971015689 0.186308434569452 0.00765455534649311 -0.00736376691358329 0.598028598742899 0.311987387429403 0.218231655621862 0.20445112509039 0.473643995165546 0.153332346473233
0.0270850168588743 0.155717680676982 0.622980709507106 1 0.253350576870462 0.476913074241947 0.358833270011912 0.375787374085879 0.257764056356643 0.270194121132749 -0.200338234482519 -0.028810985107272 -0.175689644505584 -0.0107372073936183 0.228960792293862 0.424632272399934 -0.0562626557066876 -0.0462926452958464 0.0968555547396674 0.144814000848984 0.0925129114435159 -0.000639658938072166 0.534737609233382 0.565752425573669 0.546342437654685 0.670422545382917 0.204921816751143 0.411480694769279 0.0747412419705005 0.122899651928564 0.531427772102522 0.560296237355877 0.469894128577169 0.479046450633445 0.632172825700267 0.606710468973857 0.201529142871733 0.0859178966377772 0.135166491617719 0.190549996818119 -0.0214504992326901 0.0716773703071324 0.387202006906752 0.236339156544433 0.305026007327094 -0.0490785057459387 0.141288650001512 0.228686835848924 0.0796653671314307 -0.00640498047701411 0.658000740648386 0.282217803659777 0.249068435995464 0.236797890910899 0.231904144828203 0.23377685109629 0.242409330421819 0.173950874230456 0.159240191126937 0.0796862982629695 0.159300256079263 0.295521103943808 -0.0435560568479052 0.130519649432409 0.629894901269072 0.800469759433438 0.645274871440679 0.663409029146988 0.12885721178828 0.103452879920702 0.271400391529009 0.32399188940879 0.0998102370180631 0.136081730192356 0.069762392498774 -0.0721081548867252 0.228514210821829 0.251862933986289 -0.0184918384011732 0.176012921338961 0.0282417273386855 0.386435843599016 -0.0469646277560229 0.020220068928218 0.441390869851439 0.652086094144407 0.210508518515146 0.309042457992943 0.359028702125502 0.392276450516631
0.248116565163605 0.139534962892452 0.488759442293821 0.253350576870462 1 0.358747932862438 0.340732132152531 0.197985423151184 0.656941636457194 0.366247816618992 0.255491446800205 0.0243341233930822 0.405486839234945 0.0763207230761559 0.547353159257576 0.336349599812289 -0.0363907849051454 0.0550980008389039 0.36547637317819 0.114512889337732 0.118310495297442 0.0452961516468049 0.452552513692969 0.295202256477786 0.433587237402165 0.162371526684245 0.305572737820768 0.29058275604663 0.206344346848343 0.115241804530606 0.21279781644161 0.190255300622895 0.213555001403655 0.126203490124719 0.333801347670821 0.263886573058736 0.122074113431016 0.123824213425039 0.0541012870769471 0.116753781374926 0.0588182789126377 0.0194837290876558 0.206221053358333 0.120891361605447 0.0754799453016922 -0.146141034714579 -0.0258546622236565 0.0583320288962192 0.0180620190827711 0.0113574867122646 0.265401012845478 0.127028126098655 0.121091564717126 0.249394943005532 0.0712112139363488 0.153239748614554 0.251891283526047 0.106826551344582 0.0599111426251849 0.0595032409136355 0.352129384701278 0.198512148659989 0.124303424114675 0.0679258172240887 0.475666881789934 0.312056192165486 0.294155614264332 0.159532504353689 0.101908265231179 -0.00870281357980543 0.404405833853779 0.253213895816285 0.221574360050145 0.169942877347555 0.0624890201520729 0.121419497829928 0.248557944800489 -0.00840523951069489 -0.0854483519396628 -0.0127534905841686 0.095219373039945 0.100933469464347 0.213608634370417 0.107579214893441 0.460412542186331 0.217884833491229 0.274001093659303 0.118808988943076 0.426978849542643 0.279949554068811
0.0681850097929899 0.135330949578647 0.344843183507201 0.476913074241947 0.358747932862438 1 0.150840588737199 0.333520392998628 0.234147262535849 0.336155375816918 0.178401838544476 0.128692921749582 0.0574411655070639 0.247208025308906 0.280003233590588 0.556321889504006 -0.0122924388725614 0.00546818497192172 0.15847463145069 0.071797570193767 0.263626182977119 -0.022838148704183 0.346059108950624 0.53299643137319 0.3437880475164 0.357875623014865 0.0406795481149477 0.29426493249613 0.216166268240128 0.253116037979553 0.237013518766472 0.41884473251695 0.342244074858043 0.335704065609256 0.446015998507504 0.352413996521482 0.0880222791667978 -0.118024150772257 0.119368932353579 0.175571584150583 0.0924003775010675 -0.00378993232244311 0.249072142709054 0.138553251829227 0.270422936948072 -0.0875857168215723 0.0335470457077071 0.0498722540436543 -0.0290105688210283 -0.0534962876401103 0.358693426123467 0.132768626052862 0.0975388123703767 0.0892893842143493 0.0880199168716909 0.234577328842641 0.0634114855591048 0.0404172617815832 0.0366014134957241 -0.00833580550247679 0.295581886687668 0.280643460694458 0.121801078397535 0.235865481330208 0.447786652931681 0.466546798733643 0.536152662818371 0.490682130756607 -0.043109885387146 -0.121866520383735 0.0368127216756643 0.199177722670125 0.146846400090143 0.0526923141017309 0.0611455023256708 -0.041339925879936 0.117768049214847 0.109364931783141 0.0314968936418681 0.107054779811213 0.088826673719713 0.245733586259643 0.215629730386618 0.26661432507844 0.496637928757873 0.570995727431122 0.182557249282414 0.447665353013751 0.33015759335164 0.442845166759099
0.589465500154365 0.296100563398878 0.599172602147655 0.358833270011912 0.340732132152531 0.150840588737199 1 0.554529789759908 0.571928297760106 0.136501050287114 0.37092837024756 0.261909234908082 0.400449867889174 0.156615591601473 0.270309887677947 -0.115872975375663 0.125523802630653 0.12930954566733 0.485003235533296 0.433915498049472 -0.0326594958078233 0.118621765076346 0.39780190762339 0.109614080970652 0.303024560479081 0.0701537056362494 0.0274811704887799 -0.0157206161888742 0.353774444245395 0.247487185950798 0.449655422937123 0.349826479454875 0.468417611546272 0.367228887850134 0.181241664561935 0.183194440438768 0.142043516701659 0.131899845806787 0.0552367743527426 -0.0327767065750416 -0.00754285643039039 0.016992326472149 0.476062496219795 0.277671315800975 0.229257757942182 0.150620621037123 0.299273191534983 0.283175333128435 0.314032976814977 0.296693917730106 0.408504697174949 0.400108195942614 0.368906272215223 0.414972954910495 0.268854551866481 0.222162102370711 0.350482228608702 0.382042592397851 0.397844908942033 0.404068907927568 0.553065514453311 0.342274222741168 0.33959948052083 0.237924053101192 0.26400041670118 0.171789140180314 0.417433082919915 0.293633714686399 0.185981167134245 0.296905210895532 0.547548186085792 0.346470975730284 0.213331261878306 0.245931074419057 -0.0224093398340687 0.0791030299251541 0.264218981784379 0.207707454240204 0.0704260312481688 0.18465783144895 0.215628656875011 0.299023866408386 -0.00382271319152141 -0.0432958760171821 0.210505697042017 0.0452086514049141 -0.0230243279109802 -0.227262390461907 0.25433734427171 0.0422537778640578
0.299301267533894 0.469817496679507 0.15475971474148 0.375787374085879 0.197985423151184 0.333520392998628 0.554529789759908 1 0.469326049596568 0.518348153853898 0.337139854723597 0.605160582647536 0.113831878725852 0.522270984431347 -0.0393238676849154 0.120563484220932 0.284239297076834 0.416853704691636 0.264496110934778 0.510428974503626 0.0534327493246142 0.019073124553027 0.0693524132694666 0.211055246898352 -0.0204535538191537 -0.0481849926183964 -0.272084701946378 -0.128623692652253 0.496073079475685 0.631670135402494 0.380157835044131 0.427330402984764 0.629212391802753 0.631510295297522 0.307500220881339 0.330617822084813 0.270300042909191 0.111409076570816 0.220610591495166 0.0880788626539368 0.132799734567853 0.0367863143026954 0.561157361155414 0.41670529737984 0.402057249630104 0.316630056726109 0.456812225147338 0.399810953418415 0.456940602838197 0.398183983351984 0.284680108030363 0.408975268144983 0.497027842516993 0.468032868103129 0.378284448104655 0.484543473421544 0.286017843411913 0.414745916188626 0.398019847665435 0.426136382846658 0.471714175179181 0.757008674956923 0.426506805411137 0.621053921128797 0.0391903188176973 0.312369663396392 0.43282238955501 0.510250729374949 -0.153314405205547 0.177996584241821 0.322884619261417 0.38369800236778 0.216983963528735 0.14509239433947 0.0240407426844417 0.0793510897828838 0.312992706652114 0.190154548775464 0.102884910105575 0.259662722574365 0.420814409639742 0.462319065699564 0.163009450364892 0.20676858542145 0.0639787824662483 0.253022518131371 -0.0211419015276444 -0.0588105300582221 0.265803535117646 0.459409624873451
0.406597157104607 0.116632865487971 0.438236536245181 0.257764056356643 0.656941636457194 0.234147262535849 0.571928297760106 0.469326049596568 1 0.500073637231054 0.32866408575764 0.128850331299092 0.498134523608983 0.189269608671881 0.466346065975075 0.159868215040269 -0.0649400579764689 0.0464385162172764 0.444442376437264 0.307468309061259 0.0197744903461977 0.163752965234104 0.427884096095161 0.235727862070445 0.30280062720119 0.0397920997971554 0.151948448910947 0.158343712161253 0.242990252772493 0.116366514781496 0.333940105204914 0.250224403153173 0.287944106779132 0.166936524613323 0.285151979251668 0.210138660283261 0.11797948429588 0.109077437343731 -0.0834438916976833 0.00596760477897742 0.156403436216397 -0.104042727771718 0.303350380966194 0.190505796947972 0.190148323344266 0.0614471750748571 0.170569800631297 0.21362820767848 0.20917168879386 0.16444853402537 0.26034105625689 0.289179838185101 0.297204087335664 0.346489660769636 0.100220071171051 0.231693141877744 0.307919212838077 0.211877478330716 0.23713212653369 0.197042030728301 0.495674359916655 0.375284419346806 0.302391118436386 0.135461230800201 0.354030185650012 0.236976944032615 0.249972504974716 0.170866541395852 0.175328002472179 0.186228464277229 0.4936853647465 0.298385241272832 0.258833568980018 0.095509863630857 0.144924436220646 0.0521357371759474 0.333645765116492 0.192140301962571 -0.07292218227811 0.0776056949612498 0.165719609635186 0.123365753344986 0.142250823397315 -0.0567823482448086 0.286821513168076 0.107553617044399 0.0768292348573902 -0.115939986097504 0.428790921204491 0.204862169947214
0.0990952427562578 0.218603039534774 0.0397645448001528 0.270194121132749 0.366247816618992 0.336155375816918 0.136501050287114 0.518348153853898 0.500073637231054 1 0.163712258969687 0.31762040741512 0.219334652505537 0.36007882541264 0.249880169027464 0.440940534867299 -0.0233179920371639 0.175806785860789 0.117846597331015 0.281912637221215 0.00683137126651193 0.102203826165463 0.120416864659559 0.30607209960842 0.0945420649232451 0.0325592265231722 0.059928934323041 0.157164432123746 0.231874081908245 0.323233262689611 0.0433246124086663 0.148441742177267 0.277271475526632 0.240285710605625 0.327512832505857 0.236390936479291 0.235070041310569 0.118591133345788 0.217643155600212 0.270362272163307 0.104675989565107 -0.143571092338859 0.187202517174948 0.163169894541451 0.0835251757236031 0.0708330271860243 0.08852619443232 0.187062520486311 0.0448459259825559 0.0546066458001519 0.217519791050116 0.168801235007501 0.134761902329939 0.195229900400941 0.212139066695982 0.362760044111255 0.0487869085675578 0.0727267783843394 0.0541430118640213 -0.046290237110503 0.25847910826093 0.522949709240408 0.0208256120334169 0.237451784257732 0.168209747089303 0.338907411979056 0.194092756744073 0.319767265006519 -0.141941672696444 -0.0659288857742512 0.121386806272659 0.227200350591577 0.198397907923511 0.0618161350566464 0.109464375768649 0.0242124529202859 0.217582288973694 0.0580007606382389 -0.0569821980010804 0.0586448915026553 0.0662552733487236 0.159345167105827 0.127993686673683 0.0710283211029951 0.133578773820559 0.352202881428837 0.103010866425808 0.0370705522167106 0.258209099366279 0.527206556170909
0.565334342964408 0.527462081698944 0.0292253197535148 -0.200338234482519 0.255491446800205 0.178401838544476 0.37092837024756 0.337139854723597 0.32866408575764 0.163712258969687 1 0.550511187290964 0.57181015727274 0.458952278939812 0.158943059253203 -0.100667220022984 0.380134379718282 0.515179013293036 0.333778945149648 0.382695379965956 0.0722517165068061 0.119795807110096 -0.0990820913072531 -0.184300498509809 -0.189109071347281 -0.300216915538636 -0.273074695376675 -0.306945389253138 0.524562542488955 0.505159735920296 0.034130968648355 0.0106856385766023 0.397896415322636 0.336449420639475 -0.060361420709321 0.00765099827630731 0.181324233759506 0.119106900078909 0.220694500969467 0.121694179156004 0.0947770638563737 0.0982941606780477 0.270070322847944 0.267169216110333 0.29913435415886 0.320239374008894 0.283021994049485 0.285990139951604 0.261834612209181 0.3400596278707 0.0861833052288003 0.253238958145027 0.285664156666205 0.303588716413171 0.339293009249993 0.373457478806822 0.317125856748204 0.301485647412487 0.281608861678292 0.380987260677247 0.424281450804631 0.189970638336731 0.666972436241009 0.508584114988512 -0.201632227716694 -0.322262354944456 0.0976219189248566 0.0640170440888522 -0.177319921453577 0.00818141548369321 0.150547836091422 0.276881735460761 0.115446927007317 0.245042124441815 0.046240204210758 0.158927511370825 0.352865428344227 -0.0393027201728345 0.221016069831744 0.229220939104411 0.538386147951558 0.308828729055626 0.236417489862484 0.0273745591708789 0.0506641141509685 -0.06567458667857 0.0337840761215864 -0.227673442413636 0.274475546705815 0.162204886042235
0.377319879862205 0.674171409985094 -0.116488884327854 -0.028810985107272 0.0243341233930822 0.128692921749582 0.261909234908082 0.605160582647536 0.128850331299092 0.31762040741512 0.550511187290964 1 0.206775232836281 0.513911049755947 -0.187923572935055 -0.0708642013833901 0.448618063707033 0.587088083405712 0.157169292907593 0.372508271349284 -0.0283565632481108 -0.037949014080777 -0.190196999419951 -0.107945121040153 -0.293091668156007 -0.279862048694066 -0.400963089628242 -0.414570215804265 0.507235767490577 0.652966141920489 0.0483981589937654 0.091052455047451 0.459902163321937 0.508031206530141 0.0678839086298745 0.096015165482113 0.110456072236993 0.0703402892545904 0.24485357603654 0.197656453376424 0.0521272874351665 0.153667847503836 0.298868237716026 0.312316195179194 0.266020636817236 0.318785379211432 0.341437385378477 0.341088207856165 0.388206625738411 0.38121198373346 0.143547614497526 0.222849307715142 0.344845924812427 0.31542526532115 0.409936090773984 0.479162313982636 0.291348734257555 0.52296188233347 0.37326131313161 0.456591538192835 0.454842629171661 0.602949612681751 0.536890091526853 0.640617298204492 -0.277238834944139 -0.0725041566380801 0.150966610104552 0.269905080980286 -0.238121795504516 0.0768069002437616 0.0553900279855926 0.201150490679482 0.0605184129118875 0.195271643740104 0.000932831743065286 0.155793490929839 0.299752451313106 0.0698437330239327 0.237189879544568 0.262625499103753 0.474215893725323 0.343086941683852 0.108188302390107 0.0906047007628635 -0.114483570170035 0.0422445552582046 -0.0530502966954568 -0.173370500628295 0.187384958427769 0.356041296207429
0.492896404380801 0.142405872160259 0.263646157657792 -0.175689644505584 0.405486839234945 0.0574411655070639 0.400449867889174 0.113831878725852 0.498134523608983 0.219334652505537 0.57181015727274 0.206775232836281 1 0.278655650531758 0.480618193632971 -0.00913207015806132 -0.0310633725922729 0.0609645694717716 0.598673298231815 0.363395756669365 -0.0913065160098078 0.197032400900039 0.258406409539918 -0.0406724757598079 0.070966342907422 -0.187499304462162 0.00858924046915011 -0.0621387210392489 0.156834551734771 0.0282589090573838 -0.110075994269489 -0.0846137667752644 -0.0165036259453248 -0.123468857791538 -0.0203890436027695 -0.0739033340782888 0.092738530896891 0.0929413932745101 -0.0497808612733171 -0.0134121857755086 -0.00313933770032324 -0.0205845107071051 0.0669464077457353 0.0614286845086951 -0.0392418314043722 0.0298586892033061 0.111602181228163 0.0897061027647464 0.0522119723774431 0.129571905988696 0.102147181790159 0.112562215687968 0.0988250935385769 0.222011474744087 0.108918934635442 0.11716514098793 0.223035777221462 0.178450355774778 0.0474788019483579 0.113850417081339 0.376756470778375 0.0608875393216506 0.227533297558235 -0.0784728791847711 0.0954523863718278 -0.178356168506784 -0.116305870957981 -0.200004131094326 0.180674192668938 0.214546704316087 0.283357721684532 0.263821474171935 0.267262897562873 0.247334090868794 0.127019907597093 0.141611662662977 0.183676408983328 0.00846292013924692 -0.0300800317922575 0.0333942091457542 0.128602733467253 0.0399127827352293 0.158933497167908 -0.0566013542232064 0.256506172086386 -0.123980288402877 0.0219824833570585 -0.277372669176438 0.278392981992772 0.00480735401248209
0.0378047937183767 0.416898811409841 -0.172107640219561 -0.0107372073936183 0.0763207230761559 0.247208025308906 0.156615591601473 0.522270984431347 0.189269608671881 0.36007882541264 0.458952278939812 0.513911049755947 0.278655650531758 1 0.128858686281961 0.263332387242211 0.24062761804363 0.34528660632676 0.185898007796923 0.586883513674401 0.0374660676262793 0.21828789945292 -0.238684263886543 -0.00860369083468934 -0.238721984080336 -0.253307122069601 -0.139929815235164 -0.289720043948414 0.477654251751742 0.543158524400606 0.149331596639901 0.291166403105744 0.419375626118506 0.440246722626059 0.123594253540489 0.262044596556146 0.317978059914752 0.260873532426339 0.282509878173035 0.0807899678914014 0.0747489389222878 0.0404527367006045 0.211122879144904 0.215946537395231 0.174463276323211 0.233957264365847 0.220591197891448 0.292161315264613 0.252153182984632 0.277433818786861 0.0501291559275362 0.224477061286053 0.275558217672689 0.261863762546967 0.359028306246371 0.38066870642634 0.115531772364929 0.162309199493475 0.257053559647465 0.2540008406147 0.0992638450368994 0.312499703908826 0.421020809341261 0.627743455036621 -0.201381003247221 -0.050772491796507 0.0969922987377955 0.193706185655622 -0.301858292973098 0.0198730448395307 0.0712846574751537 0.288517570113463 0.205800995352629 0.163679422494695 0.09411080977473 -0.0341552522610869 0.283232167939668 0.202130545735631 0.00861616390233782 0.233235897606851 0.367512300842617 0.42525620970537 0.186439524957808 0.217856106326672 -0.057935614519898 0.227618753496673 0.0233021713149432 0.00475856581295089 0.0788405126392784 0.375848464051805
0.116108468217474 -0.00236786288910329 0.592860217831459 0.228960792293862 0.547353159257576 0.280003233590588 0.270309887677947 -0.0393238676849154 0.466346065975075 0.249880169027464 0.158943059253203 -0.187923572935055 0.480618193632971 0.128858686281961 1 0.428533102001611 -0.14728449998572 -0.0891569294360299 0.358637289910895 0.223325345386578 0.0584305034992168 0.260624751734037 0.592780695923423 0.316471766433909 0.480993776343529 0.342825504660308 0.409605925669379 0.330708815546429 0.0439061361900036 -0.034192974481007 0.359425510043673 0.318144797633951 0.136104771867156 0.0129709308763432 0.343042704854521 0.274732526257928 0.210736886505627 0.205989500895797 0.112940245852946 -0.0103735042623151 -0.0747933946408336 0.00530101855039247 0.00349460935179659 0.0345368120077024 -0.104795688057119 -0.19530752851391 -0.108896792046553 0.0410073263795551 -0.175766924470469 -0.110804266021318 0.268587395988782 0.0767577403366453 0.0154678945819183 0.177854028244915 0.142253951853445 0.0872489762505404 0.114692717836023 -0.0276229558677455 0.00970201783654744 -0.051101849171111 0.104856171579198 -0.188893513016024 -0.00737413031905114 -0.109385390956909 0.501659108538764 0.235088064194869 0.181049050217904 0.0829224705157588 0.111492948748939 0.0864286722399246 0.26899817040784 0.247376091123071 0.0984221429721065 0.172750789044077 0.0274096764860201 -0.0618403062042329 0.0830663757470133 0.157995075552863 -0.0717006187834701 -0.0562171875198082 -0.108294865345323 0.102921404219911 0.11041104874703 0.0400703674620215 0.439460929757546 0.222949281631488 0.299911914437023 0.199937882882645 0.338329241514031 0.170409058922775
-0.206681591164336 -0.0291323337138803 0.273850966914208 0.424632272399934 0.336349599812289 0.556321889504006 -0.115872975375663 0.120563484220932 0.159868215040269 0.440940534867299 -0.100667220022984 -0.0708642013833901 -0.00913207015806132 0.263332387242211 0.428533102001611 1 -0.11066073839153 -0.105779823463045 -0.0411471866728767 0.0880556591911483 0.0995970732500961 0.118205084234192 0.397770451064225 0.638720168743122 0.432017187321955 0.497438801721175 0.313129809752868 0.414519164719654 0.00586903696091857 0.113525614735859 0.266686022546595 0.423312102897681 0.194919369158664 0.136070351295166 0.482407743675397 0.441906640031858 0.263514558113411 0.196806836796853 0.233242337954464 0.23985008233991 -0.0173623371173588 -0.0339546960240813 0.051301271168891 0.0377423384426301 -0.0375838549154275 -0.245419693115042 -0.163589517548118 -0.0362269817101925 -0.221978053871901 -0.263934364311658 0.252083908861966 -0.0272533293083901 -0.0434441206077389 0.0371004307124125 0.101671189955328 0.176988312814378 -0.115495414144623 -0.161736491442373 -0.158161520681247 -0.263155826072565 0.0581091960822525 0.146360361327327 -0.157113119540986 0.0858524463748943 0.460224277179057 0.532876626443237 0.293241341095892 0.371856588358333 -0.0545993810414735 -0.140854307903121 0.0215181924042582 0.217998263747064 0.0978943196538406 -0.0436567838241852 0.0346316934638239 -0.165931812371242 0.124841693025303 0.186710039497373 -0.0142076556867761 0.0536302548342747 -0.155261343678546 0.113376593902066 0.0875856950299543 0.208289138192646 0.438639899012399 0.645469288099886 0.26081470868549 0.549936551015233 0.346571687267729 0.533377929544652
0.184747858278838 0.605045073856495 -0.0651690596237168 -0.0562626557066876 -0.0363907849051454 -0.0122924388725614 0.125523802630653 0.284239297076834 -0.0649400579764689 -0.0233179920371639 0.380134379718282 0.448618063707033 -0.0310633725922729 0.24062761804363 -0.14728449998572 -0.11066073839153 1 0.68719755012458 0.150758422455574 0.249473906601488 0.0102992811618807 -0.0773784002031111 -0.22394535862518 -0.194075688750944 -0.17657976915266 -0.163059054829153 -0.293315237922927 -0.275223147698224 0.501270165547593 0.639386702401837 0.145260165919949 0.133610013515455 0.389560446896142 0.439962091410993 -0.00234066082891366 0.100336518596061 0.159977205822958 0.0403429919150239 0.309197149610825 0.109351337814616 -0.0187030659556597 0.255695298804942 0.355883385685286 0.366812137704292 0.306743159686744 0.35296853251745 0.301332372329342 0.285790918564491 0.383642312076241 0.354227362178746 0.0361895323396914 0.280815055967921 0.433164334295921 0.345116534600046 0.344410170476001 0.36322650256828 0.394560958771143 0.350681841847359 0.390282289257379 0.464904868454279 0.0688958805103672 0.203300549291633 0.516051418973168 0.564432772450084 -0.300278610162187 -0.212093754934793 0.187758047789354 0.176812929860347 -0.282751395335085 0.172724123596449 0.00808162729024515 0.0723235595787046 0.0609247516975476 0.135609574530404 -0.145050743525995 0.116381754043569 0.161469220517334 -0.0441976053461213 0.488431058891107 0.338990875190604 0.583949571476099 0.404699340475795 0.235305516678216 0.267257721667348 -0.0474747062147482 -0.0405037868114514 0.0516557199841839 0.00462570017245376 0.0311459371130957 0.234888680505521
0.232421034090968 0.729682099863494 -0.117338066695773 -0.0462926452958464 0.0550980008389039 0.00546818497192172 0.12930954566733 0.416853704691636 0.0464385162172764 0.175806785860789 0.515179013293036 0.587088083405712 0.0609645694717716 0.34528660632676 -0.0891569294360299 -0.105779823463045 0.68719755012458 1 0.13554129402193 0.338825014982505 0.194218477989929 0.0427386286023759 -0.238617103000682 -0.180454332551167 -0.189739792291163 -0.153456001496267 -0.3040590929923 -0.282087133563 0.57187270655869 0.760059446294902 0.183677682505785 0.10362063585625 0.579843129322266 0.56993560554425 0.0814903776086034 0.183522611906466 0.280806785652542 0.178004982090453 0.389904790638957 0.288848390460711 -0.0450529754020307 0.112885335083078 0.399264117026589 0.398538625555129 0.409446877240102 0.504167329582241 0.388378129745471 0.431171085914025 0.447527830024066 0.563883945164818 0.0211670245655718 0.272734937486828 0.377598893574325 0.401020046922361 0.449731839859156 0.546145630946278 0.421131893074918 0.37256859901467 0.257419472579984 0.35534945217037 0.0569868506732744 0.252941274273605 0.471998529966031 0.629284719374166 -0.290128012542203 -0.208518379531661 0.110898903768866 0.199565788726398 -0.345372933239953 0.121167817402245 -0.00288742086653677 0.207159582960421 -0.0138474729256478 0.241127783363539 -0.0983826293479533 0.171809124574693 0.303726131075395 -0.0934934127766454 0.366942608210625 0.434991750093396 0.736639694120258 0.560265737735931 0.207340028171484 0.326723508751028 -0.0773961037726817 0.0042464164453514 0.122497091871163 -0.0665112695815426 0.106785907553636 0.353654089743519
0.493358185444501 0.27863223670273 0.398177095001201 0.0968555547396674 0.36547637317819 0.15847463145069 0.485003235533296 0.264496110934778 0.444442376437264 0.117846597331015 0.333778945149648 0.157169292907593 0.598673298231815 0.185898007796923 0.358637289910895 -0.0411471866728767 0.150758422455574 0.13554129402193 1 0.463643764407742 -0.0260738868356503 0.104899670332286 0.377676778929503 0.14746851701892 0.240504245944388 -0.0419092531471515 0.0909393885738586 0.158291565281719 0.292431304963332 0.136370154672565 0.231784957016549 0.252413168949255 0.212909633471913 0.175995986284413 0.101612405724804 0.12708251656008 0.0869521181737755 0.0830753042822486 0.00435605034196379 -0.0289170559774252 0.010362007477687 -0.0979118378176133 0.363177918181173 0.234736817328655 0.171482875476359 0.106884979855035 0.244607047739612 0.178158887051982 0.300862552759764 0.306252632750215 0.257756932096881 0.30977197446189 0.316158506555798 0.299415028376632 0.12840970183454 0.171189597013913 0.465601650787933 0.293218738769242 0.219494730021014 0.214171977375925 0.364401304073841 0.162720059237867 0.270208904405794 0.0141861083675928 0.167825162935026 -0.0310732853879515 0.0917875121412986 -0.00117083140528749 0.247767004890185 0.417638862941475 0.404061795320003 0.261147010786886 0.319578954486202 0.395716890517644 0.166405235787358 0.147394605362249 0.219459629615978 0.0353975688986948 0.107857024007121 0.129408484865957 0.282546434062423 0.150606312524294 0.174435163019523 0.236112565010504 0.284186474754401 -0.0779478717726719 0.0821837132607765 -0.076224984157735 0.233952061967297 0.0801556597823932
0.372608344432597 0.458536631693274 0.153800596671541 0.144814000848984 0.114512889337732 0.071797570193767 0.433915498049472 0.510428974503626 0.307468309061259 0.281912637221215 0.382695379965956 0.372508271349284 0.363395756669365 0.586883513674401 0.223325345386578 0.0880556591911483 0.249473906601488 0.338825014982505 0.463643764407742 1 -0.0433511032369641 0.31604418464962 0.00357252379592621 0.00588585579283526 -0.0141790494847063 -0.114846289716586 0.0224664798358476 -0.100276949806827 0.484822821200406 0.469766907048991 0.307581976823872 0.338920613677059 0.415630685698388 0.425007743586173 0.122978981654925 0.286799127977036 0.295857769290991 0.271154781661525 0.179938046651009 0.102038518017866 0.107343616045486 0.131666370088495 0.40115547128253 0.292876509091788 0.244920950205282 0.367305986611057 0.399643601160075 0.36890560824449 0.367564787888275 0.41316910641972 0.246940685532817 0.450662784258521 0.381670672529353 0.379486386429825 0.469673640312596 0.361780559545807 0.387771111472704 0.277676718580089 0.42030147252571 0.383331780047423 0.201869566587604 0.239932911199198 0.433667643815733 0.390479958645829 -0.0527550545417253 0.0139034649980817 0.111590360722395 0.227350179280653 0.0400842031040356 0.314506602664044 0.34110274299295 0.350513574080399 0.253051678492393 0.289241343770527 0.10064878405954 0.0880709873142731 0.428382801008142 0.240099271892559 0.0635563728634069 0.250159628063472 0.377169909208536 0.443270229516287 0.218029774586683 0.162598820824805 0.0686275670853653 0.209127871290684 -0.0717802681547791 -0.140466444272807 0.196013371250835 0.325981904687563
0.0608010391191994 0.104824289007333 0.0141187509233628 0.0925129114435159 0.118310495297442 0.263626182977119 -0.0326594958078233 0.0534327493246142 0.0197744903461977 0.00683137126651193 0.0722517165068061 -0.0283565632481108 -0.0913065160098078 0.0374660676262793 0.0584305034992168 0.0995970732500961 0.0102992811618807 0.194218477989929 -0.0260738868356503 -0.0433511032369641 1 0.0984858891772601 0.0186653258074851 0.250268989303103 0.00886081772513896 0.130130424188817 -0.0781194475708309 0.167525566820836 0.152236191493692 0.160719804005142 0.000243948394044849 0.0401300935929108 0.120306959657965 0.118399059296312 0.0829416057415445 0.0849980332388681 0.0268320018826098 -0.124208354000997 0.0158640987935298 0.0821996256715934 0.229009245776301 -0.0878266354139295 0.116812658273149 0.00555250322436869 0.106479584615969 0.106813105580003 0.0563136000890277 -0.000837831239222796 0.0268576361276541 0.00725425778165957 -0.0426989541187923 0.0476456162233523 0.0829042458541767 -0.0718489311768902 0.117716491564011 0.161248750839929 0.13060739879597 -0.119069624366946 0.0149326109333447 -0.0374863811761656 0.00427048162581914 0.0776221838419996 0.108162532870977 0.0290491954339159 0.0546759580410708 0.0688746547512336 0.147214593617859 0.16209092395565 0.0363538371190964 -0.00105268280022462 0.00377568324701621 0.0759792160913916 0.111332959953088 -0.0260149895247335 -0.0862472599335128 -0.0304888839434351 0.0339871352096942 -0.0613554042756008 0.145652224131125 0.134820444549679 0.264680674123235 0.198635713271561 0.298761895725215 0.329671513332322 0.179118700360503 0.202489367169177 0.0735708556322954 0.244264850994705 0.112868662648493 0.267354500436998
0.122195988908042 0.100791466517583 0.0592088334005507 -0.000639658938072166 0.0452961516468049 -0.022838148704183 0.118621765076346 0.019073124553027 0.163752965234104 0.102203826165463 0.119795807110096 -0.037949014080777 0.197032400900039 0.21828789945292 0.260624751734037 0.118205084234192 -0.0773784002031111 0.0427386286023759 0.104899670332286 0.31604418464962 0.0984858891772601 1 0.0421141113224468 0.0389908927283858 0.017014782324771 -0.0590335003734771 0.0779203400467672 -3.63485435723839e-05 0.116569251867676 0.110098541139507 0.0390409261752693 -0.0171220283809831 0.00624795777358091 -0.0127497744911502 -0.128501262332188 -0.0377994123561873 0.0977774191375991 0.0459583206997878 -0.143776678386953 -0.032179756349066 0.0307067371321254 0.0453122629805393 0.0222199743463703 0.0310624717224598 -0.0285485970985535 0.0441669526385719 0.138511150542587 0.0211157105874457 0.0982307041656298 0.0562290189123842 0.0139204779500782 0.192726895406755 0.0351541405668031 0.180427675557826 0.0764402606219794 0.0791288448930458 0.0762589793671541 0.00236305566293319 0.155409150420241 0.106012168459819 0.0639414881106664 -0.0101107216430691 0.108194780895495 0.0234268531268375 0.0388792323539376 -0.0527719223034314 -0.0307294926439418 0.0348090593156309 0.211788391507104 0.0601336125621708 0.154474574881314 0.0899335983188212 0.0644719104272733 0.105409710508535 0.0562498700350885 0.153794389278872 0.283802900874965 0.136343771805266 -0.165778809983793 0.0787052866067424 -0.0137911631559578 0.12537756002198 0.0672448618780551 0.0646109343232004 0.0909130828472666 0.149493678173537 -0.157932985311718 -0.0669903668773635 0.0662238545015048 0.04901638215642
0.194716019297892 -0.0955037387745455 0.844328929708009 0.534737609233382 0.452552513692969 0.346059108950624 0.39780190762339 0.0693524132694666 0.427884096095161 0.120416864659559 -0.0990820913072531 -0.190196999419951 0.258406409539918 -0.238684263886543 0.592780695923423 0.397770451064225 -0.22394535862518 -0.238617103000682 0.377676778929503 0.00357252379592621 0.0186653258074851 0.0421141113224468 1 0.658977027453734 0.759995901604001 0.638326368527158 0.347987014614627 0.477096587581832 -0.144791445089831 -0.166088566512895 0.478411250370034 0.406042942002126 0.162513668779542 0.0673710022894697 0.546964899777209 0.364068864968297 0.0827622928214978 0.0824468209265656 -0.0129585830396951 -0.0145555891241798 -0.0946509317172266 -0.0122546800653506 0.192426238405897 0.0429134763283641 0.000962476976499803 -0.237747075407014 -0.0378052642696302 0.041299781660592 -0.135487885243742 -0.140252705768217 0.474150828572743 0.0694248748102259 0.0185267403104174 0.201579677608314 0.00380940482203855 0.0889273544105804 0.165972202798778 0.108366643675138 -0.0416649885450047 -0.059560214605211 0.37079986222072 0.0548222127105739 -0.159052326061214 -0.25011222540329 0.775483387915476 0.563559469523363 0.377387317468282 0.256164337225496 0.360869782756092 0.183555256850043 0.321124186772965 0.281182159652883 0.0635198674325564 0.0585068318485062 -0.00856986807583878 -0.0189820079034626 0.0926106074567646 0.174866854929443 -0.0175131980682721 0.0102340657368743 -0.171460823250144 0.0411594795212995 -0.0435416381283405 0.0810052641340536 0.582353980851022 0.303764543681596 0.287938138129092 0.298576812097486 0.483150962144565 0.156117240817243
-0.0338041675347645 -0.0788841892498822 0.442122963290919 0.565752425573669 0.295202256477786 0.53299643137319 0.109614080970652 0.211055246898352 0.235727862070445 0.30607209960842 -0.184300498509809 -0.107945121040153 -0.0406724757598079 -0.00860369083468934 0.316471766433909 0.638720168743122 -0.194075688750944 -0.180454332551167 0.14746851701892 0.00588585579283526 0.250268989303103 0.0389908927283858 0.658977027453734 1 0.561141466026278 0.636051119047728 0.260166794506974 0.53789197994772 0.0162500519271787 -0.0364106106327497 0.320646465762244 0.360327492261521 0.195404806843098 0.154364744476531 0.515083977308808 0.405680695254793 0.0698318755956494 -0.086912543232355 0.0534498598392361 0.0470242278052126 0.0663102124841904 -0.195161650120691 0.172387510282558 -0.031897238043062 0.00436013323985794 -0.246392300222733 -0.0997504437062386 -0.0844731938952374 -0.202642857905936 -0.216507157403408 0.332337402312883 0.00344029806279331 -0.015388717229419 0.0319940192153083 0.0105336095384222 0.160838401800614 0.044638802019217 -0.100396915064794 -0.125504093417574 -0.196312781230465 0.299183205320929 0.301721581205343 -0.188510748977498 -0.0800486784187954 0.623632655309882 0.710897117951669 0.35829415645581 0.395426855970096 0.218290152490425 0.035047531248742 0.155097825245803 0.214672980375422 0.0894104812925108 -0.034738512952463 0.0646280070211705 -0.11939652073658 0.0555043988590935 0.157449658456614 0.0109601402219822 0.019726430891279 -0.0751742734695126 0.0956730421107379 0.0398123717994356 0.330373492976602 0.451443315052109 0.552714985345949 0.274777404691719 0.532749783036664 0.377021703416228 0.467864505912755
