1 0.837635892804613 0.821763532746162 0.811847607529493 0.48573466333133 0.581304726108524 0.814291478563475 0.822516678172239 0.55145714748021 0.497608129261953 0.571621451228372 0.474924686587306 0.768690645841298 0.642151708141684 0.612724040212089 0.588707374926128 0.689342576527147 0.70558441002474 0.85243342221079 0.834112385869851 0.293787405184195 0.136462668837421 0.733704819781947 0.706564683260986 0.594299548107825 0.495957065344429 0.151654804687639 -0.118269361420103 0.702586288761485 0.672223367095264 0.695549237472375 0.655312371247818 0.820387265139664 0.76364533325606 0.549335851170005 0.593481410700654 0.596090516850272 0.532691466065022 0.544287382135098 0.563460433355881 0.390110615504141 0.39506801244136 0.839462686093242 0.812926770246308 0.81900754587388 0.843748503139541 0.821538008744168 0.85447156789988 0.816500922820899 0.799247814448327 0.792454894882658 0.74849057250088 0.75457665743397 0.773068760233802 0.829792646816493 0.763716195866848 0.915219073273898 0.84096057878404 0.738219118205441 0.697142508275225 0.732310263977521 0.584613567417339 0.747621901148846 0.709715724364836 0.464742556111375 0.640781545933542 0.784689925669499 0.811849056411805 0.870667654259683 0.88918164498321 0.619031686644185 0.640800686157278 0.600108031222527 0.532054585226185 0.491217597210708 0.321631961974039 0.639411167380127 0.521587694034699 0.661432738150392 0.685790878517417 0.788826023519039 0.702939648980457 0.614875186848783 0.681790465760299 0.730454956418618 0.769802573586996 0.605847220160387 0.612140426029536 0.682873828388686 0.698991653575347
0.837635892804613 1 0.690786005841042 0.756194771443553 0.342673658379883 0.445941537555449 0.586751506192031 0.718837703256144 0.291661734094734 0.36872782752424 0.545575074686111 0.5934728408058 0.654276699158598 0.717712435942428 0.457600045826335 0.531016047088105 0.831822100052237 0.881881199479748 0.836572745587858 0.940623683916694 0.317805403574886 0.0738999026922947 0.718496657617161 0.662710992354235 0.57345087073295 0.466490561073082 0.0554712044729482 -0.137187267215348 0.79433278883921 0.8383777960732 0.711838159206246 0.738563470830236 0.858180596549935 0.873601135953878 0.424935327826105 0.555853647419524 0.583121369914414 0.484799540282401 0.515452259560729 0.438916271221781 0.38005395771695 0.37196938116838 0.725142619719908 0.701291245666213 0.71752687278797 0.748898482232647 0.762001749543873 0.771759846913119 0.685128247589322 0.601050580427305 0.581981399030965 0.508129724479545 0.505126872614944 0.606109225448823 0.672058024798296 0.639241896943348 0.883753814748621 0.936660534961909 0.466594353679592 0.466882027199401 0.491665354961178 0.43812473900209 0.829220788784954 0.808746673159659 0.287747463791597 0.462512797596291 0.62927329312987 0.728563720384793 0.890446367227292 0.849832680862978 0.531727175852403 0.609882350607389 0.659402294995521 0.688836889159734 0.502616599886471 0.46893786263651 0.560250676465777 0.43998472210222 0.75582920144554 0.803455528804886 0.845658043580242 0.804416227406241 0.586707953557458 0.631121375291813 0.620620292402706 0.687202232511354 0.518598470083476 0.508201475872449 0.373403535941257 0.472893293485394
0.821763532746162 0.690786005841042 1 0.84730960364243 0.552746084984716 0.535421192942216 0.877183618875444 0.755471480335042 0.590956273835634 0.369693568856856 0.353884533786376 0.24101428908514 0.721910841458879 0.499635858359611 0.630681957129244 0.515490855219027 0.484746196454087 0.552231567480525 0.738113524883255 0.682127571864982 0.251611447421926 0.125708011638627 0.854567804974316 0.766205497909756 0.652368388538712 0.613563882881606 0.240717566268599 -0.0278565697534603 0.511189883360427 0.489118421771692 0.66965404157501 0.646013298344255 0.742777864787525 0.656557060471496 0.749154965336467 0.702651525000125 0.586615534208305 0.49206197397426 0.506113869718952 0.562004991232205 0.382322655540182 0.394470742893125 0.757188938752844 0.689837731169453 0.784973828009008 0.742964679509889 0.732164598962025 0.766408497320095 0.748080515816186 0.722219937720841 0.738644628919528 0.694364271185682 0.638597722342656 0.680956682074321 0.743078657138729 0.668002646238808 0.782913144944561 0.740908389686679 0.67733142967806 0.641360439556957 0.684194047600424 0.503696636927862 0.59019101213549 0.576027147412542 0.681931587598862 0.679921717013745 0.82705729728334 0.805522902850947 0.717376606547698 0.756470578232169 0.585567920074881 0.60267499538672 0.461262059804871 0.391976396054401 0.432296955197646 0.271927242617513 0.594910427914836 0.495024394760833 0.459695136613907 0.533117365086698 0.615266661920473 0.567767933960102 0.476908876650318 0.620390828450116 0.786002065164677 0.718477674961826 0.599824686222506 0.649310147861052 0.693523988838071 0.639154921196047
0.811847607529493 0.756194771443553 0.84730960364243 1 0.522218394155282 0.560058459337573 0.842380411484218 0.91196607910496 0.541036021418265 0.476907565250379 0.373868548368206 0.336882114900254 0.647488066302861 0.625103646715887 0.48085790165996 0.590426284646821 0.528277457376893 0.587319470797984 0.698477986855477 0.763296512085259 0.259485923428005 0.0673537829553713 0.799423416301596 0.862175795665357 0.607717913630384 0.68327405670514 0.08291208102013 -0.0530111824508848 0.565844654969405 0.596609076748206 0.696642231657158 0.737305010255839 0.761998086760337 0.786327468082556 0.649822271007586 0.652588172964029 0.671020872009091 0.534176080808245 0.516070698810401 0.48503553984261 0.425158512441694 0.474042857295461 0.764746023901373 0.746561791636355 0.765148616660601 0.78567181310576 0.731164007607645 0.799300416455084 0.744747911302387 0.756004961936395 0.768388034849008 0.723031097823004 0.687704321947604 0.691634363180743 0.737310219999187 0.685933385615795 0.774503774605397 0.785602709543262 0.699195166476497 0.696737916310595 0.698039816159017 0.662647202419999 0.657399089325324 0.691798886866347 0.594233305033641 0.782409544090399 0.839426925201011 0.856964144885468 0.770288663698152 0.804415945949035 0.551820768546467 0.678453629877055 0.564981197357483 0.482539327266225 0.399360464878489 0.314821559677301 0.690834788627179 0.599250937522995 0.486509595915264 0.571680333031193 0.658958822096527 0.627018077240785 0.535132304012192 0.666860525250886 0.744467632158735 0.794757319645878 0.604005265961069 0.676471455231422 0.678288251510433 0.754146513265971
0.48573466333133 0.342673658379883 0.552746084984716 0.522218394155282 1 0.43828457647749 0.616956678743727 0.498791226832051 0.726138327180751 0.356242635304134 0.358046891101025 0.129554962397229 0.644071747681355 0.432087992260025 0.631307499912562 0.397244938443834 0.250127356732539 0.254477956716284 0.353394048176979 0.385166226176896 0.376043840272765 0.0392063132147915 0.662601395730172 0.656768915193466 0.394304441607007 0.542665880653411 0.16245851571344 0.154987296678923 0.372285549821259 0.298914333593237 0.435178053187924 0.486747587912045 0.399381255656967 0.406782298764268 0.483652188190639 0.305926050349793 0.396560849119706 0.216250645532249 0.301199304399091 0.209082180381868 0.300616615240727 0.349732552359456 0.350285407278206 0.343325166935382 0.408766433656837 0.356611674363429 0.311658306355849 0.34821669270476 0.35845208953413 0.366638269885583 0.369798043359651 0.389984113920035 0.383579289745613 0.397484263505186 0.378743315127655 0.310828282290636 0.415347836837192 0.370920154491402 0.363821296328078 0.331555293357396 0.421995163221582 0.350122607707486 0.303628780919413 0.249941456408417 0.568462516088803 0.445518829218568 0.444330555553402 0.360175717167448 0.406198766918497 0.443918644193492 0.503170763776658 0.553918604374248 0.402884363026753 0.242739856487466 0.181019027548565 0.179439293475272 0.487326907812958 0.386310192845032 0.189139112665976 0.288071175339836 0.337359789349002 0.318515392416125 0.470617947027549 0.396930562793974 0.60077478936338 0.443364041037128 0.589490154197049 0.403016726515666 0.593836598759249 0.486893319161737
0.581304726108524 0.445941537555449 0.535421192942216 0.560058459337573 0.43828457647749 1 0.606496495471402 0.615122836626737 0.499797514808982 0.550832503634826 0.404285936896804 0.366057517683424 0.596901277773287 0.571697364868216 0.530584701734617 0.630652778611674 0.331166346587051 0.352357462674187 0.469672868410072 0.464311753451552 0.108795513534437 0.259146932894855 0.567091878377628 0.615462464961799 0.490513875901341 0.447533360985564 0.205572896470524 0.089163733733594 0.374041523009595 0.396349059877212 0.451521061578989 0.558399066564008 0.473470720894832 0.440488329652417 0.512104358703671 0.478667081553118 0.442131556133252 0.319889771798202 0.245598100024167 0.520616285573293 0.401421138037785 0.351420975460759 0.525622135009464 0.499664898178426 0.536612552449456 0.504491760453983 0.574961656199115 0.559763079259698 0.529920145717423 0.543908822877942 0.575130765324951 0.580876323816363 0.49534830130509 0.530314566875183 0.544790796468426 0.611348350557736 0.538427243901241 0.458566697693809 0.528332259984935 0.520184489749607 0.555939560157676 0.54904208655206 0.44103003499705 0.390075459151266 0.497598626242408 0.617215743857306 0.604933551082089 0.575792272111617 0.482156462116552 0.589591454847374 0.469790430570619 0.428907377081229 0.444521502974819 0.369052001767539 0.311662956751726 0.178473641537452 0.483547731341146 0.323022295940938 0.290844542635751 0.290831004869383 0.465011888032824 0.411353570521401 0.374524246824068 0.51346616584923 0.59028956025389 0.680126505175647 0.325501865840849 0.512343418882039 0.510376700233004 0.604256247456856
0.814291478563475 0.586751506192031 0.877183618875444 0.842380411484218 0.616956678743727 0.606496495471402 1 0.858320514477725 0.773366305736742 0.536042533229217 0.391289600700098 0.186986990505117 0.723714175799594 0.448893655621458 0.630604959072307 0.535746417221177 0.424610726309579 0.450172647354431 0.636502528566114 0.618634886320612 0.234280962362216 0.140176018593456 0.776239785017805 0.715362454344464 0.570136609263901 0.535167418042563 0.163616035099433 -0.052715976302444 0.498632521623214 0.429035817023174 0.665561603026274 0.603084522064117 0.716294720050136 0.653659302463857 0.696627779438479 0.590441112597763 0.54612372275108 0.430041989631217 0.497656011141579 0.491039957373937 0.39014640620234 0.396909616568855 0.75539791571322 0.726724698047714 0.785462751616405 0.746577986863342 0.679745077043995 0.754802657513624 0.757084744032994 0.785014695034999 0.785476071210069 0.775958673041496 0.72781903154469 0.732817616720979 0.756902290396551 0.689931115739044 0.737115686183812 0.650504168631858 0.799868101636585 0.737629107319132 0.853214003744243 0.708893344583462 0.581723738614254 0.573918869545252 0.71275807204222 0.733550929335696 0.867850254342417 0.805620787978141 0.704407582219302 0.776005812980778 0.6188417927481 0.632835400655375 0.491865179767409 0.343989787272669 0.348171612214594 0.170641569322847 0.688551657125041 0.598911029116496 0.402522243592726 0.458292681806771 0.577566577225206 0.485152887650249 0.517814118730602 0.59790759109883 0.7380895209009 0.710901389000902 0.612909662384173 0.690854222683102 0.832968885384178 0.794316547626284
0.822516678172239 0.718837703256144 0.755471480335042 0.91196607910496 0.498791226832051 0.615122836626737 0.858320514477725 1 0.590722530896935 0.624440671073359 0.442479039060597 0.442657346204454 0.646358352902004 0.615913653577285 0.497037744081397 0.641663473169708 0.535378997701207 0.574620139052496 0.66371745913964 0.71065417105192 0.226378510953832 0.103885684689101 0.705466912118225 0.749389870011296 0.606678427395598 0.606244643522952 0.0551257356855654 -0.0818110185039709 0.577711766164683 0.601778594143625 0.662095815922284 0.700986307919475 0.727455483292602 0.766342602535501 0.566682741152846 0.578198093699811 0.640800116567862 0.48438684240665 0.496436812917642 0.526596682972331 0.403022407187926 0.467288937298547 0.775298490545336 0.780950698519628 0.769262918504133 0.795435338195278 0.748066588504451 0.816010969621359 0.75864162743151 0.812966385659849 0.800714868820864 0.782297249749799 0.745013366342042 0.73045956339239 0.799854139126436 0.755953192013952 0.767054095097647 0.741574735466898 0.743616186420157 0.724555473566906 0.771027087737296 0.776636580276067 0.658043378927415 0.699305786769663 0.519763212833001 0.775898595929648 0.818575782556461 0.859705039673889 0.762775999543145 0.801205523827561 0.547470913306579 0.655766268946855 0.609600604389679 0.506968363612487 0.387372924095022 0.297444280237913 0.715263111526784 0.57931589879303 0.514867236322387 0.570135500327632 0.670098214283785 0.594189338412546 0.535895659906224 0.632852365682944 0.660648655542792 0.763488741081075 0.545141144635423 0.61041462242453 0.704101449064872 0.802884807342806
0.55145714748021 0.291661734094734 0.590956273835634 0.541036021418265 0.726138327180751 0.499797514808982 0.773366305736742 0.590722530896935 1 0.558349878427247 0.33756359802535 0.115423606409872 0.630329828492282 0.340847686303078 0.701059661411174 0.464238411141799 0.155443939388989 0.153172793597202 0.32630079613994 0.335362468790314 0.174754999590608 0.0536052953688126 0.579393799251425 0.546733828448168 0.400993412072828 0.369447392354284 0.288939459124182 0.175624821784363 0.281336415325972 0.200345195408457 0.380584628005482 0.353413366050518 0.402863706614541 0.361546370663019 0.472522092897192 0.342987661554891 0.416652409520294 0.280465185539068 0.343121865178693 0.294073010348123 0.336683953763439 0.298859399234962 0.443545549993455 0.430838298049045 0.475050708614222 0.41891081986185 0.373060939390063 0.420575747279865 0.486561516647605 0.530100289896887 0.514367693196736 0.536173876539114 0.511919292032818 0.516540912256084 0.514531788413633 0.415699012058125 0.436511636333255 0.353864595696262 0.574987247774171 0.54521579292987 0.634269736534865 0.555221356470124 0.268605446691346 0.244151438212893 0.626841311309575 0.535315559415311 0.558737838186435 0.453864982908872 0.448868686990149 0.510946551734536 0.481058097620635 0.486794062941753 0.319919804766047 0.173525306927348 0.140286544438829 0.0891625967897407 0.492134551123953 0.41568241398484 0.171639660149023 0.234133354324922 0.288900196973406 0.244280429910258 0.405912926152303 0.381711246069797 0.544433173483594 0.442691178594924 0.531201668487395 0.49317566284715 0.74895761927065 0.623902930060976
0.497608129261953 0.36872782752424 0.369693568856856 0.476907565250379 0.356242635304134 0.550832503634826 0.536042533229217 0.624440671073359 0.558349878427247 1 0.261651617185248 0.333819340399839 0.460851107414414 0.452397206365275 0.408050223095491 0.597801256708939 0.318973901658414 0.353294043459995 0.388584966948794 0.390268988157317 0.233152078201717 0.160522539465571 0.442945793692692 0.436289161784769 0.391408178542421 0.299602725180228 0.0257641179191229 -0.0405833481561021 0.40776859811809 0.394105013740501 0.440659912452926 0.510725887311397 0.463302355746129 0.429639854923808 0.360744678500619 0.337794664780903 0.352978763199143 0.333885519575523 0.348427041762743 0.353837463783931 0.197554342991949 0.199060930192623 0.415258988344552 0.45664746781357 0.435870759779847 0.44445810102315 0.427836618640764 0.459548525084516 0.419576706401299 0.487983411661052 0.480014830514831 0.50119380280139 0.484170347343898 0.447466099240121 0.512405786532118 0.49885749562884 0.425815905115605 0.372197578101861 0.455052720460187 0.428655680756653 0.528922426377447 0.620526327406558 0.349733203302156 0.385251389296703 0.423713479522509 0.528132584519105 0.470140402327143 0.460193719493998 0.441666436165925 0.487365322498847 0.404730125946321 0.405565094016823 0.429825763313445 0.355185966149936 0.193695021722642 0.165505475382558 0.425598988728198 0.305879540700191 0.303990166164172 0.332582998079484 0.362180883429836 0.324096504547237 0.445673022326988 0.434957627341738 0.379239141103629 0.492121703475995 0.425730424122695 0.438176544156265 0.500430281795991 0.612914835209694
0.571621451228372 0.545575074686111 0.353884533786376 0.373868548368206 0.358046891101025 0.404285936896804 0.391289600700098 0.442479039060597 0.33756359802535 0.261651617185248 1 0.691096939767805 0.730372637952727 0.663922432662822 0.577944391480797 0.511193782154751 0.553669144752061 0.569138701943943 0.619849211875282 0.598829964946518 0.145170586841795 0.167051161898573 0.494816584405667 0.458002767273964 0.235364985342747 0.230707646211421 0.195163589436128 0.0631330778948195 0.677538725155729 0.663473485268301 0.471210788660615 0.522820247022896 0.505608496583624 0.534402412313377 0.122487161251259 0.107870370232298 0.327918805372194 0.205547832348146 0.199252688044837 0.236842683928058 0.216120606934839 0.287320146224374 0.275131619303529 0.260972341481312 0.261662161541287 0.269972703073138 0.350883575544234 0.332722425046375 0.237249740726966 0.203991156846112 0.164808741522098 0.149735516173426 0.229784649044407 0.274184116671115 0.313558892507675 0.321396846172552 0.499653715938422 0.458019098286732 0.166553414398309 0.111409269084491 0.482182407523418 0.415033658880743 0.640434467565842 0.555411781997124 0.136827845403357 0.164964515444493 0.20338777389874 0.261705910879281 0.478481579986529 0.469332366481443 0.436680831107433 0.44592359268975 0.488045566372326 0.465804551361702 0.238106744117447 0.271981080477019 0.393899722211832 0.228868201992052 0.512487439524032 0.459329212119708 0.607970372827005 0.48589797183267 0.478796418291403 0.39563158751631 0.433618238451324 0.401698851917261 0.26068595220862 0.236236891485127 0.315352883942373 0.240079642726978
0.474924686587306 0.5934728408058 0.24101428908514 0.336882114900254 0.129554962397229 0.366057517683424 0.186986990505117 0.442657346204454 0.115423606409872 0.333819340399839 0.691096939767805 1 0.463694727551719 0.689490964728486 0.320412444377059 0.565545334331524 0.500038119998199 0.589312066803247 0.52949159129493 0.567337556171358 0.0796171785192534 0.133173438449452 0.336087146627158 0.336936805981158 0.225171280985244 0.187558188492529 0.267547704541912 0.0612934816212291 0.543310096515337 0.706994898938033 0.301457819039867 0.446727651554068 0.359622078865364 0.46788544192737 -0.0125971814014156 0.0863959693388544 0.300324953241941 0.205003121185674 0.122706432861862 0.224607457774413 0.146857118561815 0.256853750666298 0.228069866044173 0.207813219658937 0.200622038102209 0.238749364541689 0.360075462162509 0.301348212716824 0.196560823321838 0.195980503755446 0.165200991773132 0.150050222323155 0.18045759186614 0.205098573461461 0.307453097327909 0.335011811665929 0.413134628697587 0.485557779646455 0.12119924451813 0.117036531548658 0.288342131940567 0.384169287634156 0.476850899454295 0.529184216098933 -0.0605230904059392 0.160831514211044 0.0953869048559139 0.226274213317957 0.408441087213224 0.356545559335487 0.246417278282273 0.267566788621912 0.45678963925055 0.571829110630316 0.331271840653194 0.338729346128552 0.16823200606904 -0.0194888822313381 0.410160230259162 0.415153685538367 0.498697583241672 0.452811970292307 0.264702931317041 0.353292606745366 0.220907993721012 0.340812379486338 0.0392516155409055 0.105115525058978 0.074555261316008 0.19804126447078
0.768690645841298 0.654276699158598 0.721910841458879 0.647488066302861 0.644071747681355 0.596901277773287 0.723714175799594 0.646358352902004 0.630329828492282 0.460851107414414 0.730372637952727 0.463694727551719 1 0.74819946840673 0.822676034930034 0.667235172457437 0.554463390656633 0.598210029417436 0.768203066498809 0.687738546685782 0.324287580011022 0.197961399515058 0.818254958748199 0.733857277163455 0.458794811012637 0.43812590376091 0.218140443278333 0.0467787816011621 0.678687719561053 0.632166383693773 0.670555416062463 0.667288817505365 0.716089164330345 0.649478835580478 0.536264916347801 0.461841035932069 0.495917125732263 0.359781430333243 0.483557908924243 0.425126657852756 0.325284377793132 0.35756381597031 0.58171937035575 0.555895150192487 0.60809448854099 0.57043190385816 0.612117992019095 0.615512771567016 0.543776369219111 0.503020310060215 0.476737794757416 0.477358285649462 0.484001775588592 0.598970656769072 0.614510008808868 0.595311943197146 0.691551477051744 0.626083056248731 0.456763472221999 0.420144139520107 0.635200601294888 0.499670809772666 0.641126208690454 0.563916424434417 0.575688827632128 0.498295834812262 0.570564549161654 0.56354022181917 0.659751205851151 0.694009945770451 0.625111641127072 0.618926362173004 0.535782853292464 0.439094015265922 0.406999609286168 0.291595853722226 0.560061024013532 0.448416605897304 0.545018904377401 0.586927777221026 0.693496040625717 0.661223717817877 0.677898505155892 0.642836546470803 0.790803283697767 0.675132910053498 0.627731957257555 0.577500326079168 0.627296113250917 0.559652208335958
0.642151708141684 0.717712435942428 0.499635858359611 0.625103646715887 0.432087992260025 0.571697364868216 0.448893655621458 0.615913653577285 0.340847686303078 0.452397206365275 0.663922432662822 0.689490964728486 0.74819946840673 1 0.566585321577132 0.760624200661127 0.555079175775898 0.633051669336949 0.652318838008545 0.679130408138977 0.253399090088753 0.0755172392151119 0.686929786032845 0.742655421652518 0.437722211642894 0.498871722252388 0.0914200427556097 0.0318731755933437 0.643593937256486 0.736813976012073 0.530950485918582 0.707342160527207 0.62231841672451 0.640254247975617 0.371560236001183 0.424806479175331 0.542353866286867 0.376902484967408 0.370852961551577 0.344469118615403 0.304406254259783 0.359737611713518 0.435356930337656 0.434893670819887 0.426889728356958 0.448247370007225 0.537247628703766 0.524187183898779 0.362400642602309 0.32502144797459 0.354538449808691 0.325551194856668 0.345241754105631 0.435688608090233 0.501310788240378 0.519112476857512 0.599489858801915 0.621352176155036 0.227658226152092 0.217052750333254 0.373213817156082 0.449652463042971 0.587346461981284 0.573939088127746 0.382746189741908 0.539355881196913 0.390396597862474 0.480174596022427 0.6290475565847 0.595159435469003 0.439845927080149 0.539287375677792 0.567918681046035 0.583527055365346 0.387745672881074 0.410442675128566 0.421914386401743 0.351254277744386 0.500337505796657 0.590323619471881 0.650455042127425 0.705622546042803 0.526933343232399 0.580995232349019 0.647615428563819 0.733701095784574 0.440793724655313 0.463483286111787 0.358005767102351 0.433949065366187
0.612724040212089 0.457600045826335 0.630681957129244 0.48085790165996 0.631307499912562 0.530584701734617 0.630604959072307 0.497037744081397 0.701059661411174 0.408050223095491 0.577944391480797 0.320412444377059 0.822676034930034 0.566585321577132 1 0.6556918114248 0.38665144182838 0.386283245660108 0.527001431380403 0.465681620761083 0.176882618528441 0.15702597531068 0.699046414682484 0.601415108033765 0.473100653236813 0.455348916441832 0.299459278356589 0.184590107769912 0.50843852828381 0.424298318899872 0.536134739368634 0.545700314948793 0.538469748808149 0.426033008840767 0.509300666564012 0.364838403095161 0.432879514391799 0.2779949015593 0.398629882986646 0.408289805390643 0.39265338584893 0.336184745663003 0.48435727674824 0.453379889741409 0.49295272080775 0.438473708669598 0.506381403988481 0.488719159720971 0.460741653293729 0.420536372811313 0.388418602453709 0.395721568400481 0.382957903749171 0.460382937923546 0.532660636783088 0.472791467721298 0.560546325897897 0.458019856472669 0.388193218653381 0.344011003012285 0.521618269327032 0.368772844253839 0.434890846160739 0.327490224921962 0.537056833237028 0.42020007551382 0.481028694132904 0.454588897645597 0.530021984775746 0.552162251311434 0.520390401752781 0.453458872081763 0.364821317583193 0.259438893651249 0.309325488579072 0.246627590684164 0.44749785511175 0.325981095921926 0.403574639297978 0.423178648815803 0.528542484451408 0.441267466011346 0.549071914127036 0.513878047269303 0.632724415351753 0.51085264815033 0.53241695846842 0.507868110939544 0.55798682795736 0.436971718802524
0.588707374926128 0.531016047088105 0.515490855219027 0.590426284646821 0.397244938443834 0.630652778611674 0.535746417221177 0.641663473169708 0.464238411141799 0.597801256708939 0.511193782154751 0.565545334331524 0.667235172457437 0.760624200661127 0.6556918114248 1 0.403335104941787 0.488034935116237 0.517772665235413 0.515636358866072 0.0763406503869838 0.189178344221517 0.605740730673984 0.63742998493624 0.421138069587328 0.497686408830047 0.289125190468309 0.133757529710524 0.507612372528105 0.590626119846663 0.52372037665359 0.611931836837372 0.549431264564628 0.53407010905335 0.461614437320921 0.432182949278458 0.48612307483654 0.365429174136712 0.305179322678008 0.412399671443024 0.331172834119889 0.42564700359192 0.466904988789105 0.466265187804441 0.473770172628932 0.487529687891775 0.560655529125841 0.538996630959749 0.459420219821033 0.471646523723212 0.444725226036649 0.43899959271543 0.404839892075799 0.459394487380434 0.575751040616959 0.574025023926418 0.550502811010915 0.525260398539956 0.41756032114172 0.403034795341643 0.545906997338337 0.57101373544458 0.485492714162067 0.514105564837765 0.425730740648416 0.565806881223731 0.485155263968687 0.517988977208031 0.5421248363266 0.576011057262509 0.409060966497049 0.455719892620448 0.441048750290025 0.439924760234917 0.290993753040408 0.314911781406953 0.460889881781932 0.346765885740796 0.370792391136458 0.471358892504116 0.529728553576128 0.505318066475478 0.464687942201864 0.606066433909634 0.529371807364125 0.679880350322462 0.379676178970333 0.605267218649401 0.482284742082963 0.588466524504473
0.689342576527147 0.831822100052237 0.484746196454087 0.528277457376893 0.250127356732539 0.331166346587051 0.424610726309579 0.535378997701207 0.155443939388989 0.318973901658414 0.553669144752061 0.500038119998199 0.554463390656633 0.555079175775898 0.38665144182838 0.403335104941787 1 0.923686791012027 0.781091217077115 0.857746336136482 0.419650630239766 0.127111665747424 0.572599688735791 0.488761988434252 0.416189018792242 0.339378113235727 -0.085880739959505 -0.223300796111425 0.89813180137918 0.869036732170837 0.755440755924667 0.724246557295301 0.862610239171566 0.848884892306968 0.336560849213522 0.437928836824265 0.434533145285248 0.373247121918501 0.51020704849413 0.309608027218947 0.298000714217667 0.319272643714866 0.636335471294963 0.614480791725098 0.625076000113479 0.62365795196307 0.646937932853214 0.648062297339439 0.528044964584979 0.425446270857708 0.37652663113571 0.314125175945218 0.351095480829164 0.415940256937032 0.512177350865546 0.487309245664548 0.814784953258088 0.792170927361035 0.27540983737436 0.25245892003374 0.39106327108068 0.326145786151399 0.881518413782325 0.787292710486606 0.180209376552484 0.294241210175759 0.47539425856169 0.580072913596208 0.807793323199306 0.779603389322331 0.511460973715188 0.587776058392393 0.718741244151533 0.686700213685488 0.448091257520497 0.476452705219324 0.546158569840317 0.40957450894962 0.858530721634003 0.869004152187531 0.897171737074046 0.777844329928921 0.67947369904129 0.604671918683807 0.497867754524345 0.526723142237564 0.474787402204196 0.432638986807964 0.255790063576319 0.344703799767685
0.70558441002474 0.881881199479748 0.552231567480525 0.587319470797984 0.254477956716284 0.352357462674187 0.450172647354431 0.574620139052496 0.153172793597202 0.353294043459995 0.569138701943943 0.589312066803247 0.598210029417436 0.633051669336949 0.386283245660108 0.488034935116237 0.923686791012027 1 0.831249209532103 0.884790379455041 0.365617594777188 0.138115497777687 0.621522298609784 0.508209984193332 0.46548036450673 0.350104141229646 -0.00438953155218966 -0.201271689501436 0.860729312551158 0.916357232664572 0.730662872975056 0.735951308289739 0.871876560014346 0.867986817744417 0.368841756907093 0.463230053433938 0.433472854737506 0.397360611751009 0.505198479045302 0.318227864544522 0.227038438228668 0.281622992321794 0.618461364940933 0.594030746609242 0.620795586719409 0.622177543032216 0.667058373202753 0.664053545854716 0.527152679613261 0.435120528103269 0.382374931159243 0.320644603539642 0.325965449591131 0.436219727865538 0.532765053311347 0.537193703186256 0.806147271654259 0.849895728027989 0.27222277983231 0.257400331682615 0.410279184185496 0.339478422653559 0.863142179995463 0.846834859558136 0.226798493904301 0.336728438587782 0.483888926356933 0.60001296545142 0.805884808283473 0.767719018034996 0.513263840305632 0.576644765207897 0.684469103088285 0.731598182132365 0.49726498960202 0.481085906731456 0.503990265340648 0.395968577337914 0.807005019780568 0.855566944533725 0.880260884606743 0.809775217666261 0.630003681552183 0.641631003890957 0.548051670475326 0.590053328107507 0.48600414783704 0.454309456175433 0.257126752549882 0.363591349055164
0.85243342221079 0.836572745587858 0.738113524883255 0.698477986855477 0.353394048176979 0.469672868410072 0.636502528566114 0.66371745913964 0.32630079613994 0.388584966948794 0.619849211875282 0.52949159129493 0.768203066498809 0.652318838008545 0.527001431380403 0.517772665235413 0.781091217077115 0.831249209532103 1 0.870774369021826 0.336855866100845 0.16072856018607 0.733478866414499 0.643321725308328 0.487831861129708 0.403128550551583 0.108619737233151 -0.145620609423515 0.79456583144225 0.786501289592815 0.743804905473092 0.70375965428311 0.843312150049676 0.789548076662513 0.449761729753001 0.540822302883053 0.462038834584271 0.417127166302923 0.485679380005935 0.440844107331623 0.264043770893621 0.30242535124285 0.715349449082337 0.672534965011308 0.7123417886915 0.701315126614552 0.738563522346164 0.745399854126778 0.642614753285747 0.560787248052674 0.538252947900464 0.49077215074595 0.498116951125933 0.581615468678052 0.620773455180503 0.620227346575413 0.828226132708048 0.792823888870691 0.43817522150559 0.419294048957591 0.533323175189411 0.438168994514665 0.80649347286477 0.747870323594173 0.382143970713269 0.432704314672704 0.599917768149105 0.677700623678264 0.799376872000889 0.789036471483605 0.621724258196077 0.617961685671032 0.659764283840751 0.620866565723245 0.569240117571627 0.392218641462944 0.533575919025166 0.432615157531034 0.70770471220619 0.72127496020027 0.807577121399755 0.751701319542196 0.614704177467048 0.63558611765137 0.690319780085582 0.656022931313634 0.533613916832955 0.529376263459952 0.44262869851156 0.468169988032136
0.834112385869851 0.940623683916694 0.682127571864982 0.763296512085259 0.385166226176896 0.464311753451552 0.618634886320612 0.71065417105192 0.335362468790314 0.390268988157317 0.598829964946518 0.567337556171358 0.687738546685782 0.679130408138977 0.465681620761083 0.515636358866072 0.857746336136482 0.884790379455041 0.870774369021826 1 0.379297487836156 0.108944724400046 0.736874053581025 0.688395129754272 0.499079938362047 0.460089102501488 0.0560931346525884 -0.168385817628256 0.842039294694481 0.864779958609779 0.78335547322461 0.765862979072098 0.889805097881931 0.912236876810641 0.419298150588481 0.514913527121429 0.562278598522437 0.445411849679448 0.511639885209974 0.373292632628662 0.392860199848032 0.397088161750899 0.730434432103653 0.706684091103978 0.731099871104229 0.737941100577276 0.738189213016108 0.758039100365531 0.675364759880323 0.585205252497749 0.548006697734574 0.475735967902368 0.486300887141868 0.562323964021612 0.613085198203599 0.597383478272946 0.876071210564509 0.899823124011538 0.466714458055563 0.464937449465725 0.527729633484814 0.446490115298752 0.878938952017292 0.839861397818493 0.305153491504033 0.428298344122573 0.633949130158043 0.702792677603519 0.906363130317247 0.885107726222038 0.607122725196988 0.684866877931306 0.712832864435575 0.696035704651752 0.498875576683978 0.446940243813455 0.623615100107718 0.495118348674162 0.765109606589478 0.81990579301177 0.867797255874921 0.788506886083541 0.638825670023424 0.674964072885163 0.639201068106925 0.651300906096307 0.532073315555217 0.541840295497911 0.400836041177198 0.485505143040302
0.293787405184195 0.317805403574886 0.251611447421926 0.259485923428005 0.376043840272765 0.108795513534437 0.234280962362216 0.226378510953832 0.174754999590608 0.233152078201717 0.145170586841795 0.0796171785192534 0.324287580011022 0.253399090088753 0.176882618528441 0.0763406503869838 0.419650630239766 0.365617594777188 0.336855866100845 0.379297487836156 1 -0.0299372645305806 0.410789929582903 0.350082020565224 0.207469231333397 0.358646142074977 -0.173945385111703 -0.231555767828156 0.479670997377598 0.38244252526249 0.492647875385849 0.419571321985376 0.42672297590478 0.381543144604097 0.296057303454226 0.210126991749152 0.233820821420866 0.199081378320556 0.422760202248911 -0.0996577305593075 0.0779505086416366 0.0543208594140804 0.263422282775639 0.259422288460309 0.308195461781256 0.239578047790179 0.181070931297341 0.236774155297368 0.173229363699381 0.140300940945897 0.182256425976337 0.166322538165043 0.171263861540951 0.172152613033487 0.19928757767497 0.127951182936513 0.309506040886174 0.298724188167891 0.0714413496257495 0.084471749412859 0.0765282191361632 0.0841006138560891 0.326942329682045 0.263521294763763 0.299643225834893 0.19101975835791 0.253718374147603 0.220436147429356 0.383012432226188 0.34000115175199 0.511274538631113 0.49864818475032 0.453857666897191 0.338651419821031 0.206826595866799 0.266010314523204 0.305243432636114 0.365338453472996 0.393142971216126 0.414011595391216 0.388743246370569 0.383530606013308 0.56432446726206 0.295963096750033 0.380855351110259 0.258246088249312 0.486676673680798 0.242433948639202 0.197929633582198 0.194469630449845
0.136462668837421 0.0738999026922947 0.125708011638627 0.0673537829553713 0.0392063132147915 0.259146932894855 0.140176018593456 0.103885684689101 0.0536052953688126 0.160522539465571 0.167051161898573 0.133173438449452 0.197961399515058 0.0755172392151119 0.15702597531068 0.189178344221517 0.127111665747424 0.138115497777687 0.16072856018607 0.108944724400046 -0.0299372645305806 1 0.109648452175917 0.115029098545909 0.134027688195983 0.0451137901354445 0.186023367645054 0.148357276364973 0.0997899517739601 0.123667505706753 0.164251134739835 0.141920362448622 0.107536844414261 0.0662293064360652 0.14973832839608 0.135194540663934 0.0229954309062408 -0.080927979096337 -0.000812471175387378 0.23058413049739 -0.00191003804698508 0.0936001094815731 0.0969628496804542 0.0626199854534742 0.0921939535256447 0.0931717234826427 0.170799917820982 0.135869380433549 0.124378802532534 0.111678637218001 0.109819945428123 0.120927613926888 0.126363067399591 0.159882714091204 0.113388195013759 0.201685125019113 0.108356468024983 0.0509675272947437 0.127975389119077 0.0972082263288815 0.190155862190458 0.0937532828261616 0.167091068298251 0.131314646022576 0.0535995622980316 0.0939988521902519 0.0891544257142836 0.0739840058666467 0.0623422968959186 0.10216568977146 0.0619424406949511 -0.0311786215623814 0.112510009211445 0.0641963523225522 0.0151736069809185 0.110304558979827 0.1185866769794 -0.0436362251873552 0.107621705448192 0.0683630902033949 0.173338725380453 0.131737558547931 0.0536882238271958 0.261132925001393 0.160942626082159 0.153669198355318 -0.0665798683274817 0.204925957249708 0.116091635392311 0.112504227110442
0.733704819781947 0.718496657617161 0.854567804974316 0.799423416301596 0.662601395730172 0.567091878377628 0.776239785017805 0.705466912118225 0.579393799251425 0.442945793692692 0.494816584405667 0.336087146627158 0.818254958748199 0.686929786032845 0.699046414682484 0.605740730673984 0.572599688735791 0.621522298609784 0.733478866414499 0.736874053581025 0.410789929582903 0.109648452175917 1 0.881295023375107 0.594108647412349 0.653854671193878 0.109981716925148 -0.0153501495422561 0.669708194894427 0.64458319548842 0.788960500678901 0.816075233512236 0.77512075292977 0.728280452711412 0.71325822517758 0.632676843239118 0.58710352192103 0.434395580954583 0.460136911678338 0.371685928322146 0.424002517215547 0.426471017843564 0.619841127929099 0.579133585847086 0.682286835882795 0.637927630224441 0.598502704594408 0.651531940124316 0.583878119277503 0.535408347056309 0.545508552841447 0.509347213614474 0.488016456182344 0.550300151696826 0.584402643126989 0.528207985030853 0.726475372325273 0.705245019212522 0.465127484322337 0.431741608188245 0.571038013970833 0.484522752386881 0.630631905638557 0.571378890000196 0.71755714434461 0.592074974170624 0.702489694628215 0.661451708302826 0.715582908799043 0.73145010424317 0.675569752195808 0.724346564345013 0.588772155992755 0.516394277017919 0.413786270889308 0.365756026892853 0.640540106969038 0.527931296742053 0.498874940658962 0.588663396349643 0.658244416875441 0.631920177462996 0.60038303593241 0.605181921643483 0.823054463757608 0.706827479019139 0.65106634791663 0.658643492985801 0.606850199974526 0.578808915775124
0.706564683260986 0.662710992354235 0.766205497909756 0.862175795665357 0.656768915193466 0.615462464961799 0.715362454344464 0.749389870011296 0.546733828448168 0.436289161784769 0.458002767273964 0.336936805981158 0.733857277163455 0.742655421652518 0.601415108033765 0.63742998493624 0.488761988434252 0.508209984193332 0.643321725308328 0.688395129754272 0.350082020565224 0.115029098545909 0.881295023375107 1 0.574548935174667 0.742917079324253 0.0858522998187641 0.0183158332830893 0.588540971622553 0.577932325926272 0.709486030769498 0.796276115208645 0.673556753521947 0.670062812887579 0.619086795451746 0.621248856635161 0.644749311413554 0.46079376092188 0.411165768808458 0.420071938696867 0.450390515723598 0.489808338350721 0.603954942912303 0.570227426548098 0.617895355978374 0.614040244589851 0.603846404266703 0.640448330141061 0.572001129574292 0.545242121477573 0.586038202951065 0.53871227222077 0.540118730185697 0.557248081066758 0.580341686392743 0.526059237090645 0.683796533943553 0.660447366427446 0.487926942423412 0.485677612851216 0.518370655155123 0.503658766617178 0.556793707870542 0.500582699245757 0.632151398164599 0.690724945175891 0.691449701476627 0.665084839520965 0.676363935064676 0.705447046383253 0.589992976826553 0.708042819238816 0.566671259791331 0.446903138632558 0.364398906058882 0.347943332858012 0.627294895138974 0.515056940512286 0.453768061114654 0.518053139658985 0.612136549846555 0.604710481052914 0.571376015800995 0.622962373687248 0.788700121785836 0.754626519031747 0.605198287373553 0.63397681054121 0.607067324086535 0.613138338875075
0.594299548107825 0.57345087073295 0.652368388538712 0.607717913630384 0.394304441607007 0.490513875901341 0.570136609263901 0.606678427395598 0.400993412072828 0.391408178542421 0.235364985342747 0.225171280985244 0.458794811012637 0.437722211642894 0.473100653236813 0.421138069587328 0.416189018792242 0.46548036450673 0.487831861129708 0.499079938362047 0.207469231333397 0.134027688195983 0.594108647412349 0.574548935174667 1 0.689870422994739 0.178955288850085 0.114847591611541 0.383872496718864 0.399024687911003 0.547391386121853 0.629778715248969 0.56185294068364 0.499142570655676 0.579586380490523 0.581906768966853 0.587438384412559 0.460460500759425 0.459173681593704 0.521387209493408 0.319196626820158 0.399871914154476 0.5854400004957 0.545345619721814 0.611965648268466 0.593744954016911 0.569993174353438 0.600703385505013 0.575674740001146 0.554824574556146 0.558202392289076 0.515878343918263 0.428644148957985 0.465595760712883 0.597733663486512 0.539061819006205 0.609540538295615 0.576988078111024 0.417718859004112 0.411460510807864 0.391995947652348 0.347645874174313 0.4290505893896 0.39030016436763 0.389246071709291 0.541309389823359 0.629718418958982 0.659636987978055 0.574550159685321 0.585053617387224 0.436322675566596 0.453371069417222 0.350774443826072 0.3025115997165 0.389061894978175 0.198322762560854 0.425273964575247 0.356869462103662 0.402871719538946 0.441568061920264 0.535087925019266 0.469994848524085 0.368398503830021 0.513832325507324 0.563632009071137 0.558457753540836 0.422849038203639 0.450280364004513 0.473187840485883 0.422367761885113
