1 0.84053057040778 0.717913260006418 0.769024844329043 0.600979248239226 0.41351215069136 0.840112507886569 0.787863202343517 0.656892845742829 0.609618663780777 0.806576910286589 0.688098319421794 0.791798122910435 0.477750248576833 0.701647945130017 0.603899147055101 0.69544880514003 0.536428649474853 0.909135600272686 0.77645056366189 0.38809389567876 0.0759423135433544 0.689593452090164 0.615565817895106 0.443386306208671 0.428650657035887 0.471368385915597 -0.00594252089488847 0.783298406896075 0.74342819851178 0.73385956178224 0.667018660895148 0.800352726685358 0.742727667225314 0.445236764599395 0.612743679534758 0.504139269658198 0.273151526714975 0.475202111025314 0.541715817040079 0.377435283233489 0.436486859096019 0.697979801543741 0.588095121863521 0.756484304510167 0.739578926211481 0.742470424835576 0.807831098129179 0.64973354643147 0.663506574839844 0.701616419543805 0.658065423557005 0.694408896058676 0.511711095298292 0.821291513368815 0.764679341664121 0.896390186310822 0.64074893886241 0.858337650481564 0.656186919089429 0.851526759568911 0.633323016080622 0.832362405448732 0.653122309007718 0.535933945129232 0.613491695224814 0.641719270794565 0.594644444204493 0.635299077051178 0.484371389508384 0.687399188557494 0.684304068037804 0.569668228783727 0.694592384700621 -0.0881896134702188 0.281105813476641 0.369298079378749 0.609517767086275 0.541709289027186 0.55862217156903 0.742778838861306 0.394357830910498 0.581866703543687 0.211281030534171 0.748293196760501 0.619430501638147 -0.0324401756498764 0.371156094927455 0.810415331069296 0.65899645703212
0.84053057040778 1 0.599083977472343 0.742233970932512 0.401425757873001 0.352851972803259 0.672983219186021 0.735835500332794 0.502686314710153 0.532781138990389 0.641149891013139 0.731120356336289 0.597153963250184 0.539208846527211 0.532826438476778 0.566446886292779 0.725602309107051 0.745698945933359 0.764308846389096 0.704924476186727 0.364042992314126 0.00772173562457349 0.551916735778783 0.533829365098631 0.350498634906082 0.352072807484847 0.294410911956968 -0.119055267387998 0.721173471557329 0.791961303931055 0.653930464728684 0.597771078934813 0.62236488333179 0.648665989516826 0.314405221320191 0.581272115579308 0.432406476494091 0.394354301520893 0.487883754845457 0.620907964157859 0.182685767280454 0.30964527166927 0.654706094247388 0.624059101993579 0.686082711678947 0.712674077922404 0.68351981604552 0.687381792766033 0.518923093666145 0.58340647002106 0.529539983788719 0.605988285766841 0.476517557619759 0.536413421928004 0.659781265851248 0.661091920142399 0.838004468432458 0.853973007201671 0.745535582650783 0.741482214488037 0.67100348044474 0.663095744484415 0.749967251225521 0.762800590111376 0.408021664745043 0.564007025471381 0.617870913547577 0.58557542524847 0.534243897603803 0.416717383019934 0.528386915911977 0.682796262370799 0.597621236031063 0.709536095536325 -0.0901563418062637 0.135870486480657 0.24771708939741 0.478442910784368 0.580129745483827 0.672028982773716 0.619556168642874 0.566385999683065 0.577805515462028 0.3614256767851 0.566477352774377 0.666223369765891 0.116565845852659 0.469886806457375 0.641269078784182 0.695708975394112
0.717913260006418 0.599083977472343 1 0.829371886635508 0.534404784349321 0.268506092111239 0.891149840271945 0.726948549442285 0.679746606632909 0.580681936583854 0.433689664244044 0.567828791222303 0.573292011818327 0.557029404087158 0.712137339204847 0.712750725065396 0.532293716430971 0.389003782562557 0.689032827333306 0.606001167298322 0.224521441821672 0.148201667038929 0.929498065832866 0.803623163405569 0.676787515696036 0.529252298057199 0.413931785965297 -0.0397185075518074 0.552825733653993 0.549343901491598 0.753821921279927 0.702338032947393 0.775571910036351 0.64857019946333 0.607884242979718 0.537501584497119 0.527815737163827 0.223664821576958 0.490679928085978 0.479723586448089 0.297504530567617 0.35256618437827 0.578350791402715 0.411905105584167 0.507697479396402 0.477371274819966 0.59036478282792 0.612111739022727 0.448907862780471 0.471517294844894 0.643489384558645 0.605846464947451 0.597630035078152 0.521680079284362 0.727660248844489 0.675384214035199 0.673364852459552 0.492748007166399 0.645050719178731 0.508578556425572 0.775740240970386 0.57296496003198 0.658673852164405 0.517423201541999 0.827850742917312 0.659164343258345 0.646895153572599 0.570955731866904 0.532153229814663 0.349571390766771 0.714626646425096 0.681332940109335 0.574784993340315 0.620730406201045 0.0261007386680263 0.154038579698331 0.304717250285778 0.446229087542188 0.528142390860663 0.396631165660483 0.672210711416913 0.409003133418555 0.581991846811319 0.36270709729856 0.80769941501548 0.752967687463874 0.0598876142301642 0.605027361866143 0.69522919193006 0.658807642259584
0.769024844329043 0.742233970932512 0.829371886635508 1 0.518399097086329 0.450049064141324 0.816572352298206 0.8633172703841 0.591067924169622 0.669953151845128 0.519797449321899 0.690252869152317 0.543229345523869 0.539914919064374 0.56194550921052 0.784349791664352 0.603513148596218 0.524333055764606 0.737619699664878 0.716173471164722 0.348530191406017 0.133105398778775 0.752806173174322 0.861903320245376 0.554668196870652 0.642857841452584 0.424803131968393 -0.07476703917105 0.653447053978188 0.711171169982536 0.762969962533727 0.838255299769745 0.754512759395972 0.755818422166736 0.59261288794785 0.702574571129823 0.560424143049349 0.323355032010332 0.592862721383144 0.553808189206641 0.265454010331949 0.328989597566695 0.600684038417586 0.49029637453037 0.600416849478018 0.582499616136194 0.620419786362004 0.643042590925569 0.438848041091053 0.49892419353768 0.615305395151201 0.611140969201576 0.59135605111053 0.548080803049618 0.751455913411497 0.729394774085404 0.716127304326994 0.626314267859026 0.65691277475538 0.581494245040151 0.790402387101933 0.759237718571659 0.619031015891371 0.655498018644074 0.712942890076706 0.845357080450729 0.75895959559795 0.729669663773957 0.556258902597301 0.407052246712461 0.689333387217044 0.754461330788735 0.613269976449164 0.758517973351732 -0.0690441219441744 0.201434435842411 0.271771665862414 0.476919851375566 0.534551030291018 0.566076022666425 0.667403537423498 0.495277160546844 0.543473534034093 0.357139137083778 0.665523135212449 0.815671101924185 0.0872002061626004 0.589895999549428 0.682131119339458 0.764612996706187
0.600979248239226 0.401425757873001 0.534404784349321 0.518399097086329 1 0.550491490058827 0.600168282909094 0.50835205385346 0.651495866580875 0.636506475629187 0.532930071914425 0.286843243677188 0.554099564203887 0.0958121665106841 0.585116814401675 0.587587667750267 0.25818931108509 0.11012335787715 0.668836589268321 0.516616251864829 0.40154002200424 0.154488816532496 0.586854915494262 0.440919162269599 0.481155408237216 0.441296492648783 0.609681491725951 0.136322494920748 0.417778431099292 0.376381214879456 0.528728623271445 0.544668074926338 0.614437392316889 0.505373932386191 0.372521028527539 0.464804917168951 0.414014366822114 0.123662505571205 0.321236711917454 0.284917646274401 0.441386986783549 0.425594814792777 0.451398053631488 0.334853176563342 0.501914545577954 0.45092873644566 0.465246053973689 0.592534527348031 0.512868712797153 0.490932099004673 0.533215202955832 0.464021012642643 0.538738523728559 0.296426372432008 0.554958223402323 0.526823574835132 0.477013048461624 0.168940823531623 0.521440561505282 0.347058037536519 0.656734473428608 0.301430925171031 0.409784627898594 0.238773844468729 0.466831876693387 0.378419247198896 0.415521724948022 0.353082912138149 0.443553992532051 0.336171530462531 0.612203886648729 0.543269890469684 0.145999635689674 0.410475112795703 -0.0643266356187385 0.471768075599398 0.254033939679595 0.517594654068792 0.262190416696718 0.269572569405714 0.447306635716613 0.07682794062957 0.266644410058456 -0.0525220642385679 0.555122760466277 0.307692649230402 -0.185137174751751 0.110566177945197 0.616971230313244 0.40761954537304
0.41351215069136 0.352851972803259 0.268506092111239 0.450049064141324 0.550491490058827 1 0.317352460932387 0.439726491830544 0.332288255904386 0.503025017540573 0.344221640381165 0.317599001707186 0.271375454716232 0.108738294026221 0.239988645569773 0.521898616259934 0.047224241196434 -0.0615931644195195 0.463600964818388 0.619198941322178 0.438604461435414 0.399008232446549 0.307178555351954 0.446193022629928 0.250465069367824 0.632718262761343 0.483641992285344 0.376085991891047 0.324787192075416 0.330214538146372 0.339894207916011 0.603204963728816 0.571848266136272 0.637576388297552 0.366989402880143 0.351733684035116 0.478329099452732 -0.0374168814860683 0.129839231165448 0.0106749870561748 0.475614198398571 0.479238125763391 0.119823542997235 0.0292278168580251 0.405931784583461 0.318500499175918 0.171616705311947 0.397416411985937 0.272629138447491 0.263879843317614 0.276679809913828 0.171088406391002 0.377312957345358 0.0293112021809369 0.424703163276424 0.446160278000709 0.347456767937163 0.0377220138040009 0.298519008047721 0.0445579494635831 0.531734673718675 0.290245527935784 0.276846110748381 0.124840725454755 0.283554541171656 0.322560268983994 0.225406199255667 0.17431848215835 0.497793798593183 0.471498034641902 0.39623733459087 0.427188307041541 -0.0103116603095483 0.384032074131193 0.0464805298362966 0.598663669357355 0.427184171002512 0.614488165221514 0.081011080980876 0.163303975954587 0.424900011810904 -0.129658837579481 -0.0212938053035667 -0.0221397128501565 0.263724502319216 0.135520969100027 -0.307272770471245 -0.0310473511230627 0.391072612503907 0.221686353633694
0.840112507886569 0.672983219186021 0.891149840271945 0.816572352298206 0.600168282909094 0.317352460932387 1 0.862450602304314 0.736619275272364 0.686100438617714 0.604505745812876 0.652404391366728 0.701446527139558 0.560310044438364 0.693392143434174 0.648214983487305 0.550677660460452 0.417610572421078 0.772323783828485 0.651793004454046 0.252059858496912 0.117230491654305 0.817509284530993 0.689787721933533 0.520083928948862 0.397103854576318 0.342583799549454 -0.140917850628988 0.66860417529079 0.624114808550229 0.765042436003378 0.654761815900855 0.787299110341232 0.686392935484617 0.589991568366263 0.607024511152872 0.454760039744299 0.240451369153611 0.461602640316178 0.476299386725913 0.315352536921225 0.383836975927393 0.737353765425074 0.559641671133611 0.710971772546357 0.671309667879165 0.726294646138073 0.785143767820312 0.62860525284138 0.641428358581851 0.754982305356017 0.693560611922408 0.694749039078305 0.609375114208409 0.763569205901357 0.729933031277919 0.717760667990651 0.522456739287068 0.793156639896589 0.602418505848111 0.858416683562815 0.673479319559913 0.742145313139365 0.624510553024008 0.690862524805549 0.701841101568012 0.710807300321688 0.698268105025744 0.529219022792838 0.36187284033643 0.738845065090184 0.720664564154046 0.596430498194461 0.63167493621322 -0.0243201545433214 0.191942484893631 0.362403116850272 0.487240132938905 0.525068008664489 0.444140856721878 0.697807628415008 0.410642091735173 0.540666463507289 0.267549851462997 0.796627461847861 0.713206831953833 -0.00379547135589269 0.457009361931844 0.800074420748886 0.727022945079117
0.787863202343517 0.735835500332794 0.726948549442285 0.8633172703841 0.50835205385346 0.439726491830544 0.862450602304314 1 0.647127407880429 0.783936689777622 0.607198207301773 0.816276343781291 0.610049344554723 0.660580117083437 0.544993762923232 0.737420167976917 0.580968576586717 0.523496420663316 0.741292727933602 0.708974284267609 0.253103238252722 0.0613663164699588 0.678628562112245 0.739228342123941 0.352950035165432 0.413073251149455 0.249905450908783 -0.167075446402956 0.701719649222645 0.731424905214001 0.687986680931985 0.686874802928778 0.710599770106807 0.731111009972815 0.515336955264574 0.622147546733253 0.356965512685013 0.297654879027708 0.481529726462504 0.500197750776715 0.213076273594248 0.326464347946061 0.675407425136521 0.561290162509356 0.736221742800452 0.713573225598253 0.704817218862313 0.742655335761336 0.595449262756629 0.637901175303025 0.666401022829863 0.671852698386752 0.620939462801601 0.606221244576821 0.715346009596913 0.735838530659748 0.699016004367972 0.602697052014649 0.760696615164357 0.626234227784415 0.778939707231602 0.863868679847122 0.699781948454722 0.765228703943508 0.514162543704285 0.805011708483824 0.687530213851831 0.713938256831978 0.518765447737567 0.377364161659736 0.663839590114563 0.749099964467067 0.621274032175261 0.67939358384563 0.0192668056266872 0.172255709078651 0.333082585640288 0.435316412122522 0.536912352097901 0.521547565774315 0.680005222849912 0.513879883097361 0.48164398187332 0.372350514867298 0.624997146166891 0.778905380505621 0.0332948816693322 0.482614823864598 0.709323753894037 0.831535343199155
0.656892845742829 0.502686314710153 0.679746606632909 0.591067924169622 0.651495866580875 0.332288255904386 0.736619275272364 0.647127407880429 1 0.757404633285955 0.532364408302858 0.416454142823468 0.571800513124804 0.320370534019274 0.651123938079808 0.516442698338976 0.330100976633952 0.235341553138813 0.636280139245739 0.456687472424946 0.278483508137928 -0.00646114902678162 0.675914732632339 0.451857503476433 0.541380014497204 0.358937763208673 0.469996089595992 0.0736607326271045 0.390356126875615 0.354694170631445 0.538367243102758 0.434031854686364 0.651538689683251 0.50818629201188 0.477617145745726 0.466584885157485 0.439792882484378 0.146582468943475 0.325614731005478 0.343852641608224 0.422650772517647 0.398758081750055 0.527572089659185 0.410640526933793 0.511758316668064 0.507573968400451 0.530255516623782 0.653088965607234 0.536908562432626 0.551116928193352 0.62487279740803 0.526553394448141 0.648556993235154 0.44536728017173 0.661038292487842 0.602053387526289 0.562767266137067 0.334528473906817 0.719607231077877 0.452252363585748 0.765022791638218 0.42867388799712 0.448431804729202 0.315135330908255 0.547123197914047 0.453637112680181 0.465578128948358 0.419576018771584 0.445537848419076 0.273720627108082 0.635262846429836 0.644913353926299 0.281012117410675 0.522948710488556 -0.0345541347037882 0.217676236841918 0.377993903051228 0.42096550869408 0.212289568204392 0.229188585031962 0.452880027036714 0.132704290034604 0.364026644687661 0.0710637283178227 0.684027406614581 0.443611346338735 -0.0672382980059279 0.285822368789723 0.77887467728281 0.544415683791521
0.609618663780777 0.532781138990389 0.580681936583854 0.669953151845128 0.636506475629187 0.503025017540573 0.686100438617714 0.783936689777622 0.757404633285955 1 0.516387130193364 0.518077737379923 0.525722463988896 0.363080656082066 0.515168031333152 0.693532149781703 0.34076894499874 0.293431984093879 0.611674119182122 0.516071403914187 0.312145040806393 0.0451226565121053 0.582189741012556 0.553685821211782 0.393640857915032 0.405422855965732 0.401870532548372 -0.030139072447142 0.454531638215227 0.475554904709973 0.55881182745275 0.55039095319443 0.590208285316541 0.538418985441761 0.469927831416127 0.498100788946421 0.396779598371454 0.212381411961923 0.413151439171279 0.351818257572752 0.336343163128926 0.356868830679542 0.526301294223097 0.40202928846862 0.53244534086338 0.518123008459897 0.552684089536345 0.608626744256738 0.481895136946767 0.501674042600361 0.519838836581571 0.493022075271671 0.529862377038827 0.437000157285754 0.559831192613888 0.587566843571876 0.505129291123845 0.372145254989263 0.619196429335791 0.435765997373901 0.694954309994015 0.577731553215171 0.401486918508232 0.427519464221538 0.46340757403249 0.574540791547601 0.507252411733357 0.461865224230039 0.400259946772181 0.292890055803019 0.677583096195614 0.670946230566475 0.413584002124802 0.547148591067764 0.0695879181169542 0.259937572611439 0.266369881591973 0.435741479415211 0.276398642170366 0.293099129661808 0.434427065563003 0.237122063417857 0.277032987989379 0.143433196103345 0.508996784807232 0.54582425127213 -0.108056067802555 0.325562459711408 0.622424455054915 0.637142333693622
0.806576910286589 0.641149891013139 0.433689664244044 0.519797449321899 0.532930071914425 0.344221640381165 0.604505745812876 0.607198207301773 0.532364408302858 0.516387130193364 1 0.519760634958517 0.805199495102161 0.280394642050527 0.612242840357447 0.406810696917692 0.541660618142974 0.445724597585995 0.762873067884954 0.541513489451075 0.345916478284952 -0.114280481760833 0.460630271942576 0.392212757766546 0.244838434841112 0.21958517025703 0.447939034643487 -0.11177356915864 0.691735021455767 0.540852598187625 0.568577957768566 0.441860762022591 0.479658442930205 0.423606098838883 0.154198859484491 0.447195595053815 0.228662929723435 0.251554495355615 0.457826402054872 0.430359027515504 0.328680319988988 0.199340329114616 0.483066132844865 0.444532334247593 0.562289562428098 0.565776794613213 0.526924395939253 0.583849640887521 0.491298924481675 0.493967391044765 0.519723030431192 0.460310373497382 0.515565614222635 0.338693598187997 0.661257364009174 0.531542675613645 0.592271626200852 0.461456278867489 0.688254919502399 0.54765559072165 0.622589158797557 0.531657534068598 0.628498858445981 0.543421098732092 0.229578487281087 0.501141058694932 0.395998310653516 0.410715368858269 0.36809568559642 0.242474300083667 0.473378437952132 0.412814138734395 0.417308181112912 0.494167858257557 -0.117633053966524 0.196774714502203 0.0682141716452948 0.317834712416573 0.369343378674106 0.492159100732461 0.437245017012212 0.341170043900369 0.435524040147722 -0.059162646406321 0.507042064252813 0.418446041311501 0.139028091718673 0.152614657452549 0.68445621428527 0.567511502255986
0.688098319421794 0.731120356336289 0.567828791222303 0.690252869152317 0.286843243677188 0.317599001707186 0.652404391366728 0.816276343781291 0.416454142823468 0.518077737379923 0.519760634958517 1 0.468268897118618 0.762839767001433 0.336818178938785 0.560983076481744 0.633991479719623 0.59814737552595 0.621528283188587 0.678609482174836 0.0871642582751223 -0.013703753385265 0.523166637723429 0.670342794877973 0.15917392278162 0.214419787571245 -0.025357999933135 -0.102050259900241 0.735110551686801 0.804356449898198 0.475795940016467 0.572554560361337 0.574873955748337 0.685861437966908 0.272526896480387 0.378686093355021 0.275467036408273 0.226176122017254 0.306715480818457 0.47561451842992 0.0269298954817278 0.234199651055093 0.480238748699315 0.420300132398286 0.560501685695246 0.541836430170694 0.554646202992831 0.497832425206235 0.381960667039863 0.406384045360151 0.414769907490047 0.466672836514703 0.378619621860507 0.372631602344849 0.512392225658856 0.573936064264282 0.666777615152914 0.651880404209861 0.582865275567993 0.548648538049904 0.597908588566049 0.793542721581565 0.674923072799165 0.77306056857782 0.319563040783847 0.632628977320023 0.478254386508988 0.497355716399884 0.496849586131939 0.415349241857034 0.433623764798349 0.590824270685348 0.582094756867984 0.628037043038325 -0.00916789106481248 0.0804793866091194 0.327709730635935 0.362878505418991 0.572347212762924 0.467453787884092 0.675410251221511 0.529244957925213 0.462582474366673 0.438867181909206 0.435060751111357 0.6962213845109 0.045254682269226 0.461384452835945 0.499356338279363 0.663689129077386
0.791798122910435 0.597153963250184 0.573292011818327 0.543229345523869 0.554099564203887 0.271375454716232 0.701446527139558 0.610049344554723 0.571800513124804 0.525722463988896 0.805199495102161 0.468268897118618 1 0.487828615272226 0.831787042199993 0.525263171914361 0.582014353873498 0.48677461277615 0.796789151792693 0.544988842292689 0.389585655244482 -0.0482295742715933 0.675461747506023 0.462938903917897 0.482932184228137 0.290937226502625 0.435987462784804 -0.100084473350955 0.722328893426631 0.56408536556955 0.674024576718819 0.455142046295019 0.57471265355497 0.446079254863976 0.291500545893529 0.456177592912853 0.341309639015272 0.314744273826067 0.505164706531033 0.505675735866087 0.313015088163898 0.177282403066868 0.61892002807023 0.540989870321937 0.637756962127433 0.633262448771727 0.66069082274182 0.647307361927352 0.635130085535678 0.612609759162032 0.638197517194715 0.574071156626291 0.625205878380398 0.465598922576547 0.772145637118864 0.657012319678649 0.647019417031094 0.509146689328636 0.690325377153056 0.55288458346937 0.646336832537688 0.460916671298067 0.715468865246247 0.515586262150327 0.449523811620827 0.491587549634565 0.522189315842285 0.455619548493728 0.456124021511621 0.335034678541992 0.606450487889118 0.528182553008578 0.520554961999799 0.505399737567735 -0.110364209079124 0.0595996671487182 0.123847738953552 0.311229955091578 0.477698372855257 0.523468692168461 0.553748175278006 0.462278024714121 0.660723923280837 0.217189676125728 0.733256631297341 0.539663616969662 0.211627183060422 0.399686970313367 0.758280564185017 0.594021158562292
0.477750248576833 0.539208846527211 0.557029404087158 0.539914919064374 0.0958121665106841 0.108738294026221 0.560310044438364 0.660580117083437 0.320370534019274 0.363080656082066 0.280394642050527 0.762839767001433 0.487828615272226 1 0.487775236501515 0.575581760953175 0.547853683051215 0.568305268024477 0.445802770770618 0.523672761341835 -0.0150105053174892 -0.0879165252166704 0.579370353513159 0.605046141605656 0.269225862199402 0.136519254177972 -0.152372675041418 -0.090602409464383 0.569618597248798 0.607344590968729 0.374256989231659 0.375476746081126 0.415100526716176 0.488056461469861 0.226625332619987 0.218231306592869 0.15365378509625 0.174266816159637 0.209984198722959 0.413913873739039 -0.0848783003381081 0.0695321879687876 0.401648065889246 0.372183638564502 0.449291804290885 0.455071604306537 0.475420899155114 0.363746014610867 0.386842766994152 0.401943088645275 0.409035865155628 0.455621127267613 0.373446409413937 0.461048703916805 0.413948534251705 0.519676346334493 0.530686039230055 0.594628474161072 0.431392181690584 0.419004184767022 0.397539815534572 0.628859766832071 0.633017523047129 0.631269423615845 0.325507829203251 0.498332632717333 0.37687195661783 0.362386749499198 0.402606888551426 0.307128861294795 0.33375299499252 0.503577001930993 0.581769559591472 0.419247460975884 0.0291513409038916 -0.2255607644291 0.242525156155313 0.142762362971852 0.565651296060677 0.328966607702859 0.567037455154985 0.597697670985575 0.569733931965401 0.644913429887985 0.503135115315881 0.705712651780561 0.24011997156312 0.69701874109418 0.401712501957573 0.64174901957332
0.701647945130017 0.532826438476778 0.712137339204847 0.56194550921052 0.585116814401675 0.239988645569773 0.693392143434174 0.544993762923232 0.651123938079808 0.515168031333152 0.612242840357447 0.336818178938785 0.831787042199993 0.487775236501515 1 0.636891120417802 0.542445819846933 0.412728633104003 0.73987750244427 0.519874728272052 0.347203654861281 -0.0592938051857639 0.826032654696773 0.521873671898623 0.712323050614864 0.392704983007581 0.541601509042784 -0.00439154225331086 0.584568692124208 0.444182178234982 0.709500881888091 0.479320045070226 0.574632897299111 0.400255010858076 0.327922720202813 0.401473760016436 0.313869876086462 0.286870712332683 0.496887760292603 0.498097978819466 0.353249781270153 0.200225342222796 0.560656008132204 0.489361676242123 0.541757687645577 0.544569794229815 0.60113108452599 0.621992656368378 0.604018916017563 0.599336026263496 0.644551003232962 0.597873808425026 0.62957768381297 0.503631516049295 0.741435875926925 0.657742829697561 0.629297621657789 0.459645722343186 0.633582858198875 0.499027859617981 0.59827012772778 0.406309485208425 0.673398114374772 0.425809666419367 0.55004142135904 0.434745782803991 0.450664389246545 0.355559314831805 0.427886332223717 0.276888968113921 0.644285256596302 0.569569433446216 0.504338711171587 0.465373085219112 -0.0946771898675787 0.0162296692123661 0.12158901253656 0.258744139138009 0.436719506458199 0.402499318068335 0.49913057653676 0.403150668777176 0.674668724775959 0.23934520686852 0.807924017364159 0.554712621199622 0.251513824081835 0.547346092725258 0.712325521770458 0.587111437220645
0.603899147055101 0.566446886292779 0.712750725065396 0.784349791664352 0.587587667750267 0.521898616259934 0.648214983487305 0.737420167976917 0.516442698338976 0.693532149781703 0.406810696917692 0.560983076481744 0.525263171914361 0.575581760953175 0.636891120417802 1 0.506194307844753 0.431510430602231 0.661192246669691 0.643697726516696 0.317551572654598 0.123207492239347 0.782399083989866 0.830194350065618 0.589563161488816 0.623416001874783 0.445417103007242 0.0199568068111066 0.55041950383368 0.650736699495983 0.671442466770407 0.767564226173163 0.636977921711059 0.628872917428714 0.484600622646267 0.544133409638177 0.444007387610333 0.325304691636861 0.549904004580412 0.46298695900028 0.30762079297846 0.255095954802222 0.506483085709984 0.41543648485273 0.500990649619594 0.460034537548448 0.531302531650509 0.518868155715575 0.402697227547871 0.431351876194305 0.514904710841473 0.542161497166081 0.495097505141116 0.509503714800787 0.623987147044061 0.636998319119617 0.596342297553832 0.489829617606964 0.499189777201348 0.425836129895048 0.619695736067571 0.650202345574445 0.570124552887933 0.551472202836516 0.6243378481217 0.692021796832351 0.581466306479081 0.491315956053382 0.480194028262467 0.343697031580062 0.638499494594213 0.636220758228748 0.530392109347305 0.611889125214727 0.0755836593847583 0.174601283550619 0.176545382776592 0.39252596325009 0.529717560307947 0.487935028752015 0.579585747502719 0.481263853493056 0.532660731873803 0.391116484309748 0.62594547775109 0.747634947739521 0.0968111403863898 0.629778132129801 0.555452826218457 0.692193615686204
0.69544880514003 0.725602309107051 0.532293716430971 0.603513148596218 0.25818931108509 0.047224241196434 0.550677660460452 0.580968576586717 0.330100976633952 0.34076894499874 0.541660618142974 0.633991479719623 0.582014353873498 0.547853683051215 0.542445819846933 0.506194307844753 1 0.864212302329681 0.650104579463973 0.547907359977414 0.270125130864531 -0.286487570992356 0.546958554970701 0.526683798843102 0.316084913080841 0.157344101248604 0.131462885492285 -0.317982757416802 0.791805189094936 0.843713821421596 0.634552117691951 0.529175758284388 0.435383161548765 0.430289018069886 0.10485741277391 0.39418761368428 0.189442946519893 0.492740682226636 0.535826309675363 0.697790773461812 -0.0327800101678795 0.0194482388961999 0.662414201202678 0.66834071829745 0.597624294120035 0.629971575976013 0.726556224976729 0.520532951939349 0.480262414020455 0.489346752739143 0.395603409118591 0.552654101008141 0.317070383539599 0.53639591818893 0.570058866308024 0.459261746883708 0.738990383299055 0.809047854274836 0.528448429589297 0.629929836812269 0.400563310214213 0.603123942878374 0.730068348547514 0.802026672970827 0.302197300850959 0.485486537588845 0.503292780972278 0.491341436767317 0.396324272958238 0.271978558831759 0.487277578007547 0.53821922322897 0.752501021836154 0.632962577121671 -0.238986161176937 -0.14090220299793 -0.039935547061173 0.191768223869148 0.755554974790255 0.696469266191516 0.607869662915374 0.752547637803917 0.757725532966618 0.370729676883895 0.460380384241001 0.701120772067572 0.291872148372383 0.584354019136905 0.432508896146005 0.577130818819075
0.536428649474853 0.745698945933359 0.389003782562557 0.524333055764606 0.11012335787715 -0.0615931644195195 0.417610572421078 0.523496420663316 0.235341553138813 0.293431984093879 0.445724597585995 0.59814737552595 0.48677461277615 0.568305268024477 0.412728633104003 0.431510430602231 0.864212302329681 1 0.504500854398339 0.374000226656268 0.230980348426464 -0.376743048698648 0.40118580170125 0.386912201426766 0.233472808627364 0.0437668502990238 -0.0053212708189637 -0.444249314052044 0.675188182306299 0.785593668692543 0.501869605899871 0.364029773963814 0.210308661075452 0.25926082556476 0.0118537767689279 0.383570104099442 0.102584664700003 0.630609575780401 0.566026819777202 0.704645348319243 -0.239007479736519 -0.177860330993863 0.59866514586072 0.672829211988001 0.497077778936686 0.573150992797374 0.616951212990732 0.385539002726581 0.373467893893355 0.428329701574739 0.287530005952935 0.499719680492388 0.18211328644005 0.573641646387013 0.450767369509167 0.349812289917841 0.607552749654179 0.915474064437986 0.450793873871865 0.689638005058312 0.24912643444763 0.601927064252739 0.600194300023248 0.807612576551972 0.181557293580698 0.459095234793097 0.498861934200847 0.491212807050526 0.190512641643413 0.0863201288609174 0.282986365995911 0.508922412594672 0.713829483626957 0.574557375353336 -0.158336802997015 -0.323986012615423 -0.191129811106613 0.00593962317971407 0.691682672951707 0.760388101353604 0.377967541077816 0.862373698240693 0.709954033526596 0.457664059143611 0.332474198534526 0.711600787866928 0.505658956307085 0.642798911123327 0.367808903882461 0.636971483086945
0.909135600272686 0.764308846389096 0.689032827333306 0.737619699664878 0.668836589268321 0.463600964818388 0.772323783828485 0.741292727933602 0.636280139245739 0.611674119182122 0.762873067884954 0.621528283188587 0.796789151792693 0.445802770770618 0.73987750244427 0.661192246669691 0.650104579463973 0.504500854398339 1 0.795349084743007 0.410990841875093 0.0616557685996831 0.714086466147881 0.63678088193435 0.497200146361197 0.451249387725293 0.536254386040955 0.0175373734379786 0.741043587639114 0.715285570232172 0.714532499594933 0.675008710130399 0.766972899881041 0.704523371445023 0.400808629628037 0.543077222207374 0.425263583225892 0.247603812522701 0.491388273865023 0.472742568517436 0.395758317373898 0.403005001548458 0.634074720959356 0.538655662756392 0.695902510635234 0.690214609784313 0.671250963846508 0.738561505811864 0.606246433720832 0.625764266891964 0.632559757918357 0.624689599275524 0.636693504327969 0.457857150082386 0.788492072124861 0.740922359463193 0.800031909298737 0.567247449345025 0.735973279115364 0.604092680335372 0.76923022993375 0.602724920758638 0.770264147314895 0.607475293589079 0.512207510064499 0.594558903986428 0.56962981907093 0.510669125285145 0.605200428383518 0.46659478667402 0.718462967181222 0.685935479847114 0.536262079327414 0.688804706394915 -0.0502492160301478 0.325677767792991 0.279207569881761 0.508021626264165 0.503990458289199 0.570790407715633 0.687514824071272 0.418220377755955 0.586847493760635 0.211449917324021 0.727867095867951 0.618065257676389 0.0323733439375304 0.391624843176154 0.768195428588344 0.649725952720967
0.77645056366189 0.704924476186727 0.606001167298322 0.716173471164722 0.516616251864829 0.619198941322178 0.651793004454046 0.708974284267609 0.456687472424946 0.516071403914187 0.541513489451075 0.678609482174836 0.544988842292689 0.523672761341835 0.519874728272052 0.643697726516696 0.547907359977414 0.374000226656268 0.795349084743007 1 0.347179754633597 0.191773253772241 0.598436780838031 0.699619307729275 0.369101217519345 0.49990501244492 0.396524080428149 0.215424529275594 0.709916472447526 0.717965221006595 0.588654663571186 0.764367714128999 0.810004270288992 0.853476939627784 0.402560766461299 0.394129337375373 0.429833469807712 -0.0356058991608011 0.233870182214164 0.283153259069689 0.38020717048778 0.570788544171402 0.406195950554731 0.2810797251341 0.645666602678269 0.595570128111662 0.518402244703131 0.616417076987735 0.491160730485003 0.487615455828929 0.499762588414606 0.441514581073934 0.572619097425863 0.276941633862612 0.644920933029631 0.677197351851121 0.755604815720753 0.438648171734693 0.561094933416977 0.339387690552345 0.677819078298791 0.51624117290951 0.704522778176575 0.538703884414115 0.402506186741128 0.485768934231663 0.409977241131943 0.374218093499718 0.800390963585804 0.71808983536651 0.615327616781838 0.601246887965396 0.408292829002719 0.618601939515085 -0.0518249280260045 0.427947675600936 0.492260098798786 0.658922662847068 0.455739418986284 0.362612654664479 0.806967277330431 0.244149716313061 0.418774063459716 0.207315882633387 0.578086946144638 0.524315721924731 -0.206080900710504 0.338885971504676 0.585772427119867 0.507701396473989
0.38809389567876 0.364042992314126 0.224521441821672 0.348530191406017 0.40154002200424 0.438604461435414 0.252059858496912 0.253103238252722 0.278483508137928 0.312145040806393 0.345916478284952 0.0871642582751223 0.389585655244482 -0.0150105053174892 0.347203654861281 0.317551572654598 0.270125130864531 0.230980348426464 0.410990841875093 0.347179754633597 1 0.153841159357699 0.290935819985238 0.222698905148849 0.395987165471342 0.478111433085418 0.53649488918995 0.0468107739827417 0.368742182225669 0.343416250919451 0.496591938082665 0.404327974641224 0.386065782083919 0.295770575358519 0.215288268452129 0.406535247974398 0.400274676595798 0.335752717755252 0.381943812866457 0.369572240817179 0.362079115447439 0.159248415017311 0.357321131198939 0.304847037041508 0.325278664445434 0.356600451312873 0.326455469926205 0.384943998775262 0.264811447336566 0.254497384787287 0.203291191012622 0.173422306965141 0.237631282555876 0.142216071381632 0.490725065311018 0.404542709955156 0.301497026076349 0.274239350242923 0.337869572151265 0.261064933364792 0.359147689394364 0.168906414969882 0.293447014474997 0.166775926860096 0.253089906153445 0.206661812299707 0.350281468421227 0.285148447682751 0.341900917846584 0.235575227553235 0.36669717241767 0.393837013795854 0.152719514258628 0.391136768950129 -0.155491273582006 0.16575589659879 0.052482372281075 0.338926567787168 0.187801289917171 0.412897511919581 0.265791624016829 0.180709371739654 0.279560426248104 0.0257626134322585 0.339396123951625 0.189969438845759 0.111553547663558 0.175411302093007 0.451014896455983 0.225698060591065
0.0759423135433544 0.00772173562457349 0.148201667038929 0.133105398778775 0.154488816532496 0.399008232446549 0.117230491654305 0.0613663164699588 -0.00646114902678162 0.0451226565121053 -0.114280481760833 -0.013703753385265 -0.0482295742715933 -0.0879165252166704 -0.0592938051857639 0.123207492239347 -0.286487570992356 -0.376743048698648 0.0616557685996831 0.191773253772241 0.153841159357699 1 0.117690124632143 0.17577068892356 0.0744249098388915 0.476908854467221 0.270040810206256 0.412990485638381 -0.0575006297723851 -0.0696715658041951 0.124913740579588 0.214314978650209 0.352087502548172 0.378088596046404 0.396433216705914 0.138712732900331 0.364895613405484 -0.18012076462055 -0.0750314883282324 -0.21669689225498 0.268267429988206 0.408810748708363 0.00992500182276796 -0.118371887406603 0.0942382767904546 0.00396889247010642 -0.0289784494271324 0.168433518663502 0.0568596816854053 -0.0332401924048788 0.0674352089887038 -0.0704111602050662 0.104984423775622 -0.180801095371698 0.106617077979774 0.190845183211419 0.055766699104161 -0.200032012515775 0.0644989402823167 -0.142912239140516 0.268351711474254 -0.0697136750262486 0.0202483921720529 -0.159098095150207 0.279102645081947 0.0690083194582599 0.134951572039929 0.0959921216382866 0.248804684694556 0.282275706517119 0.0656415872131109 -0.000424643922225173 -0.214876053711924 -0.0169209146847754 0.277845389897822 0.466786988886897 0.436550810170019 0.444659973454804 -0.12417279444425 -0.0365180783677768 0.152196247093623 -0.311924852580699 -0.26149694506285 0.0986646075669836 0.101865268919773 -0.0661737537493678 -0.403278255349189 -0.199094570434885 0.0475557279082375 -0.140626989900202
0.689593452090164 0.551916735778783 0.929498065832866 0.752806173174322 0.586854915494262 0.307178555351954 0.817509284530993 0.678628562112245 0.675914732632339 0.582189741012556 0.460630271942576 0.523166637723429 0.675461747506023 0.579370353513159 0.826032654696773 0.782399083989866 0.546958554970701 0.40118580170125 0.714086466147881 0.598436780838031 0.290935819985238 0.117690124632143 1 0.797457329504456 0.735985800445998 0.542901550659351 0.473576207369285 -0.000535837912659515 0.576364474169245 0.555126221204919 0.769265649107708 0.687634770414034 0.755464553855244 0.607807835946739 0.557731460261356 0.514274346768063 0.5112120675214 0.289390101146156 0.504257393492557 0.517443301126059 0.340408254000724 0.296959054442923 0.550526432899248 0.405457907835734 0.498548299611299 0.461381334001478 0.572626626814626 0.57985721434263 0.474285028058166 0.467238845640963 0.607005676418986 0.573098611534859 0.589806122663215 0.503804971801067 0.750208822649084 0.684825595765147 0.652411065504283 0.467795202846269 0.605119184931702 0.465087378382028 0.718765210119057 0.538973558995759 0.681580124088003 0.49444192468201 0.794179079810247 0.597522569598492 0.602130013178821 0.489422422579654 0.513714259343942 0.341938717660984 0.69070317913452 0.642368921110444 0.564636279216178 0.591368665734235 0.0106040625746325 0.13056458555537 0.26312140363375 0.383536009670162 0.533935464309989 0.423996159710636 0.662744538676239 0.443938824173918 0.648720168155519 0.392475668163787 0.84740676490008 0.743483843002279 0.132832936163962 0.647996411477264 0.712217481529109 0.647625499050545
0.615565817895106 0.533829365098631 0.803623163405569 0.861903320245376 0.440919162269599 0.446193022629928 0.689787721933533 0.739228342123941 0.451857503476433 0.553685821211782 0.392212757766546 0.670342794877973 0.462938903917897 0.605046141605656 0.521873671898623 0.830194350065618 0.526683798843102 0.386912201426766 0.63678088193435 0.699619307729275 0.222698905148849 0.17577068892356 0.797457329504456 1 0.520046263015938 0.650469589661288 0.378600626526777 0.0224432920960049 0.606771192033417 0.646901882038176 0.644432582115823 0.836040239588162 0.70089905940061 0.711115326935563 0.525915441595122 0.483549028949947 0.496457198282054 0.212053141556315 0.491141285500073 0.419964771328691 0.238264101788303 0.249616328961941 0.369368192303712 0.246355865384146 0.415028988304066 0.355449897704372 0.425450743627482 0.404196812968387 0.268670298094011 0.290929058279854 0.448066729305186 0.41963978979007 0.469950971345261 0.35010137891317 0.639538487220841 0.597881386609626 0.589199081480667 0.442253231529812 0.436776487096746 0.319198169010779 0.658260547821685 0.689196247031924 0.568441613928485 0.555590975397267 0.679894910387496 0.769382525804022 0.546826263445482 0.484336835183509 0.529908488657915 0.393357078226819 0.56539347839343 0.585724417422369 0.558835940410681 0.648325871105147 0.00167830203950985 0.173463475899862 0.250839186857117 0.390355815491915 0.543705671612287 0.42768984270278 0.68816089365792 0.439060989721316 0.497586291936535 0.402033928425699 0.59473678873196 0.780187721488907 0.11060063596038 0.597463630795104 0.540571979651783 0.624355609701717
