1 0.888563163870556 0.630458817810739 0.7363351257151 0.250192147071408 0.297640664762246 0.730643720884384 0.667313511410829 0.145600697200998 0.484657673042414 0.832801990544068 0.827496016288744 0.747775564409999 0.773966366880464 0.5266804403249 0.387667141775528 0.582821809832688 0.777237996339939 0.881829569013996 0.903497228083968 0.207005577928892 0.0635640588794535 0.622396811143762 0.464632682549903 0.384355678457357 0.430078012999637 0.116426501525493 0.115247664355325 0.812232179180496 0.828218676307573 0.6862544612194 0.510652309384699 0.803014572453149 0.764241712794512 0.604373608182268 0.580742397793369 0.770147699823335 0.7298455593158 0.64014569434158 0.743495485796416 0.525250685162123 0.327328649501587 0.730648097579078 0.686040268322459 0.824418226159783 0.754389553550176 0.835613618654356 0.691165610008289 0.745440340743165 0.727969864326963 0.783087327168564 0.709404593243545 0.711903763320461 0.551474147291643 0.83729563304268 0.843339422804891 0.911285142208802 0.854680227407886 0.832656734540255 0.7710789649856 0.527330066044544 0.439925884965491 0.610140758372248 0.619877217087187 0.363702081944747 0.367058544285846 0.736499023587134 0.71964518864442 0.859103288594168 0.874231780027883 0.0823428259264841 0.377959437897835 0.604034989583723 0.551477435098929 0.444875923774562 -0.0535693878214661 0.548491895810156 0.194626681099762 0.784984218162587 0.706713907352497 0.863980915108854 0.831879777585637 0.707498849778607 0.570436546154441 0.691231314878498 0.788454991578193 0.471659755461115 0.501244104369034 0.796455246473583 0.784455143359108
0.888563163870556 1 0.57634273439562 0.683198052839873 0.225128346619076 0.330003963568583 0.60123319494541 0.616214668414502 0.11155812435361 0.372741643739509 0.767367303220822 0.753740188018167 0.672303038363686 0.706448310607603 0.451223599576339 0.402677374082333 0.616327570508463 0.862515425683885 0.857353777695908 0.902860216952989 0.241090254374606 0.0557699018207845 0.523692506502693 0.444318620026319 0.409513276958348 0.365831807414658 0.22169282045574 0.257251102251356 0.776559836620839 0.783985312236021 0.57153235840871 0.368578367327062 0.706053270184934 0.655865923616077 0.526799723382776 0.537195288074705 0.724408901033185 0.762361303458429 0.547384649380632 0.641182472091142 0.48256686449333 0.340506432556752 0.713917867307087 0.671462438625189 0.807910909317913 0.759844984956012 0.819410891707317 0.723593265965309 0.809487539290347 0.795669413642657 0.796219796396201 0.786052098784637 0.686645630081033 0.54804913198461 0.79946240828401 0.853802640427239 0.932108199875621 0.956310768042391 0.774405401189152 0.770979977347227 0.355916032332453 0.338840552840364 0.537200152986766 0.612973881928214 0.255310852274942 0.279760199366938 0.683923442003678 0.659271471151254 0.832185858013048 0.829682189563218 0.205914177846678 0.435537916197252 0.487417224520381 0.428618330986983 0.401159003222222 0.0652266785747707 0.543897595273202 0.256984931558989 0.776336958352439 0.661929183801975 0.81084771896645 0.863107668330602 0.642109778512173 0.55303905305731 0.585681276923061 0.740493148415821 0.410345590671351 0.50734434743381 0.726214493092477 0.769238934316635
0.630458817810739 0.57634273439562 1 0.842282251713244 0.680213692286052 0.693779625544259 0.905671767487208 0.842592235534066 0.556209357627646 0.707102659002447 0.653470038681106 0.680009587215946 0.767432225020909 0.703732041439036 0.564298772312971 0.6000804552602 0.462909708057686 0.497062143924574 0.749615905829654 0.617521543598662 0.251080603121733 0.123353024072678 0.74518278643387 0.740214589161637 0.573495075965493 0.576375208218579 0.482470617166917 0.435371749638632 0.66103828296529 0.572349953116221 0.744800983653919 0.661642328466078 0.589914648815058 0.526966729130322 0.499686503505733 0.558499512651902 0.37168077561288 0.54373117855776 0.18136232983394 0.308296122426146 0.228624072232597 0.321400474652549 0.706953658701626 0.648802499929361 0.680316821577834 0.670205206050593 0.631103543914208 0.697576986913467 0.59271138165066 0.625021652429472 0.618335568192231 0.648265608502844 0.624327632452528 0.695768404344472 0.441269427028802 0.533366647930287 0.504950502094805 0.484972312027595 0.687932637724657 0.6706917427877 0.81938531690762 0.738143756947391 0.540839343496359 0.646527564998185 0.740295850901107 0.736667268434469 0.65808052663653 0.614557644784225 0.532532035392112 0.48778902139656 0.496457684987278 0.627580253953303 0.495233764843149 0.405902448154475 0.387670332238395 0.230095618946306 0.639861772365649 0.605156213944473 0.501140794024254 0.461291141800682 0.569287899884225 0.643586933928456 0.249923647126297 0.264146667721692 0.732501500290316 0.556707734088054 0.118041283085948 0.193875747181062 0.692839469806194 0.531611161852896
0.7363351257151 0.683198052839873 0.842282251713244 1 0.657434843362346 0.685282245794589 0.866107275951404 0.914889916408381 0.492937094982312 0.785272938450011 0.648308093055223 0.828519522869462 0.740171089795721 0.811683889052661 0.65300021714016 0.681192410595742 0.326898910683363 0.495199553337312 0.814585722178496 0.69992813701196 0.31410989924424 0.283627606857305 0.771540298313852 0.756552419123967 0.589922714727488 0.710666655624773 0.457095404510788 0.435109800668518 0.65798108715927 0.68213109542372 0.806214336267905 0.718749392516321 0.769949671276431 0.739841685743656 0.682204965455014 0.691180502858314 0.618214517246838 0.64178529858847 0.374712500407195 0.497661792246595 0.318728122787197 0.306163824539934 0.768597826239434 0.696680318320732 0.733922331209234 0.729555890735877 0.739728978164772 0.71845982603607 0.602962157935676 0.692518043197115 0.648010744206538 0.689230504622449 0.721526016460997 0.763126701787658 0.604132375213969 0.661888384018298 0.604530261679307 0.621042149366725 0.763772335789592 0.80548816563303 0.778560450775399 0.758096590955808 0.487114034349698 0.664353098788479 0.71428342385162 0.752558549870713 0.7916331672024 0.783634124657788 0.661781841179243 0.67602118683809 0.380764447167641 0.631341174770234 0.61778384475031 0.505580321660173 0.39281371067296 0.249652761901438 0.672566917687793 0.497034602099632 0.517176048547003 0.48627933911138 0.568714823794518 0.719388111089642 0.388042818849974 0.39141926317467 0.761043175326842 0.749925885874421 0.24896795588477 0.366147317576104 0.770936067788488 0.739203279011115
0.250192147071408 0.225128346619076 0.680213692286052 0.657434843362346 1 0.75911436724422 0.641068429041005 0.615371361215662 0.798312043128916 0.717165109658756 0.351418521819769 0.397094262687863 0.463762441854984 0.465929821471108 0.555313323502715 0.635809382656511 0.145330547271308 0.154515331044572 0.425013428728454 0.244451929804171 0.287042272795777 0.277891688990214 0.488172998472945 0.561574489467083 0.421240874100895 0.557111961130869 0.643905362554292 0.452060836153172 0.335009497554076 0.236272707932261 0.457863231957801 0.471864578634797 0.321051840286588 0.271317142468646 0.264899358354211 0.348054995951034 0.101694269641341 0.15367532752881 -0.0964950140500075 -0.0238524820374084 0.0408327620352804 0.195824707382304 0.340287816888257 0.283534390985132 0.294264213273752 0.313838100889526 0.276569382965018 0.37285143154458 0.208390010110231 0.27726518520219 0.243501531550512 0.298945769056507 0.32216002136701 0.472516139276182 0.0506016446614884 0.183475791717915 0.156438447777366 0.165538431678797 0.299597021635831 0.328157452777757 0.615345000175468 0.565571270014902 0.355879965860546 0.424076434651089 0.615009034647608 0.583344854266205 0.353542149725512 0.337683319468696 0.190817088851319 0.151009645292832 0.468899398471148 0.527945440432534 0.352947803159338 0.228040820835056 0.156224529904782 0.339487587123297 0.375867074978989 0.540028830175591 0.189909793384916 0.15227727614668 0.219502123976285 0.338016116980195 -0.0542438025995217 -0.0146087677584309 0.498181450450624 0.322624264147045 -0.152499366768645 0.0456129199704393 0.396462003444334 0.294172238007813
0.297640664762246 0.330003963568583 0.693779625544259 0.685282245794589 0.75911436724422 1 0.637706064329164 0.730177977418009 0.678268513402261 0.657995372985818 0.399960599941943 0.521885085383872 0.493623371239256 0.564909043941675 0.395425547922535 0.627390306467764 0.195611156001866 0.253235665924514 0.483374814577449 0.313948975390324 0.286537703957963 0.305334427190176 0.463729749570411 0.584567663491402 0.410054909815628 0.543187320030046 0.545657989280668 0.660277673537203 0.397124261115795 0.360422886383648 0.482471345455595 0.578607580369809 0.309995947277741 0.267996851987944 0.310678471595318 0.445778195858379 0.130524927766323 0.284510756621927 -0.190121722153121 0.00569884146436587 0.014709415473915 0.363381706856579 0.529760753737271 0.474016519826874 0.427535336494168 0.501170796143969 0.437604085498772 0.579836409883313 0.405370694323803 0.492818429620403 0.402358331323095 0.4944806325983 0.473638662957054 0.633870540968726 0.0887117560603949 0.275796613988345 0.259460100335756 0.273209990867523 0.407467992712424 0.499897208146525 0.616675345268605 0.704570096057645 0.419634703594566 0.566229698185613 0.542375734929628 0.619298776641379 0.417096327450237 0.417945157674775 0.222156155868667 0.189844001536706 0.689991100359936 0.69150530181157 0.312151009181284 0.20649189058247 0.203527814381515 0.373474828777814 0.591108993577915 0.711221459613999 0.261917673246308 0.151447320244261 0.274223100814038 0.405936645708596 -0.0825991534108638 -0.0604146335672188 0.476435162265446 0.384592672802753 -0.274357891872568 -0.0989526316855485 0.421959081916695 0.355972417791939
0.730643720884384 0.60123319494541 0.905671767487208 0.866107275951404 0.641068429041005 0.637706064329164 1 0.862897946611692 0.565674195520257 0.760289120341099 0.736497401614731 0.776913699021805 0.834667739369043 0.789622216479941 0.65809824372847 0.637940553639941 0.420708994165712 0.475066325946676 0.779131911449735 0.65697873789423 0.275743834790409 0.18488145927251 0.778850544440875 0.701653402884355 0.511380949098712 0.626833674048303 0.446673152576386 0.350966721839244 0.704439944244037 0.631848497966296 0.788354526851183 0.70521239724581 0.725050146025234 0.667325482024738 0.618827704437158 0.638722773088659 0.517197192409596 0.529889751180362 0.318374192343879 0.433008670391564 0.285275215312589 0.380023436061498 0.757395093411607 0.698389228149765 0.714579747214917 0.693434744157683 0.70548132100797 0.680471741097431 0.567917123992696 0.622511456674932 0.610439745865466 0.600425911327067 0.668054663619759 0.701348198217768 0.522320990879177 0.57718979520027 0.577634413376275 0.525726355789007 0.744127853170243 0.718275436008828 0.87771145742339 0.748682525871143 0.615839231507098 0.697699500727094 0.766835224394596 0.739676608421968 0.749425464373972 0.726970950053129 0.580525380296435 0.596973368481704 0.360075223092726 0.561578011690775 0.614445854927401 0.453253446580543 0.404605153627406 0.184191373832268 0.629268573383268 0.502840845547171 0.530983673802349 0.540122608602055 0.622471912290749 0.651430183671296 0.348014309812266 0.337832273108668 0.789887552468207 0.637533481077201 0.195124112772671 0.245776027866719 0.765658834153975 0.626277580635939
0.667313511410829 0.616214668414502 0.842592235534066 0.914889916408381 0.615371361215662 0.730177977418009 0.862897946611692 1 0.481831649529128 0.75478211917888 0.639664255347684 0.843291165652636 0.735660559441998 0.838169769257711 0.535336177147955 0.62481207468904 0.362016487046919 0.456727834281375 0.754621797800339 0.627521387404985 0.264036486997638 0.234766883866726 0.701984809285615 0.745419379999638 0.509231311591369 0.614975210005902 0.393623373393604 0.461055880026117 0.645805673939414 0.634210348988534 0.741308801118272 0.735237019010673 0.655325171125189 0.613771103263836 0.579999429390942 0.608040267126367 0.460876800929495 0.536036921420467 0.242135460388386 0.394725215111028 0.231076143064638 0.398987987478845 0.777731241166928 0.713175931248332 0.708245276210444 0.756851339471217 0.701381613446167 0.751961389334358 0.625578827541161 0.709345563374624 0.647767820783745 0.700684949036702 0.718715568593576 0.770567079418249 0.493429822320732 0.564199620417305 0.536847088330248 0.538363119136585 0.738364973674773 0.800538695367127 0.821345765059477 0.894437086196119 0.564451416606178 0.798058473485909 0.665958481573739 0.800055931815282 0.695324604242441 0.705174481208891 0.53085039125012 0.551109017061079 0.472660864280996 0.668821474569668 0.517738611311882 0.403466328058444 0.424732844605951 0.203683827506033 0.716355811472591 0.590897149386103 0.481754469611201 0.467612253318271 0.546728571342446 0.696552973520079 0.312353887304352 0.251050063678457 0.684859709727763 0.692055905217555 0.148234908881029 0.166269963067303 0.71442029792114 0.644615750637183
0.145600697200998 0.11155812435361 0.556209357627646 0.492937094982312 0.798312043128916 0.678268513402261 0.565674195520257 0.481831649529128 1 0.635856938760701 0.36455876745974 0.314009180746332 0.445919652433642 0.402558914361037 0.585115732380477 0.592801334521572 0.0710587815085496 0.0911912408926982 0.295236097413388 0.141128771646545 0.268931325307363 0.299752077995866 0.381321793613829 0.417418366025141 0.38199136368142 0.446925448313932 0.681198806071275 0.445501672389577 0.224362252212945 0.138526650571075 0.31326253911663 0.373225543237165 0.188418563371092 0.146593423715255 0.170247657037856 0.261753797049569 0.0105705063521031 0.0386394161495248 -0.208459457987415 -0.160082858647078 0.0472534603461533 0.234317959479538 0.221494214299237 0.196251502853514 0.140717553849562 0.16657497694004 0.15417449660538 0.235795991411791 0.0518244853501978 0.118824937566161 0.099061425043361 0.150017819093102 0.185277437366417 0.380210823696814 -0.108688566465638 0.0235352636463141 0.0565077397857347 0.0599916344196001 0.15400731309154 0.201266836196186 0.533423636523772 0.447680843203746 0.356218926276664 0.341773369222548 0.537353006641618 0.431813984127364 0.233810758436403 0.19863137780991 0.0442347739046745 0.0174407130696373 0.482672100124748 0.51114768296957 0.381305503952241 0.204615544505469 0.217542651621678 0.387723066085068 0.411795766113244 0.487590126941637 0.0991532769028714 0.0492466070039795 0.15307952584149 0.244352028430338 -0.121512766985731 -0.101697830320944 0.44532134554051 0.184290698168209 -0.225771646519475 -0.0965784708521626 0.3068382261712 0.169450793908939
0.484657673042414 0.372741643739509 0.707102659002447 0.785272938450011 0.717165109658756 0.657995372985818 0.760289120341099 0.75478211917888 0.635856938760701 1 0.463237775199141 0.63260213416022 0.655749150617555 0.695534622734512 0.714426417259609 0.757461672158814 0.174018130910565 0.238394164519989 0.571256099852801 0.437061989505376 0.242623078615257 0.349277313155431 0.724555268208355 0.729698567172966 0.60947777345138 0.689689933703942 0.530737314208968 0.414170957150953 0.435642802078655 0.456382578839934 0.699480302341137 0.631669523967676 0.620167373761177 0.603460672419411 0.581524499785073 0.553032744103443 0.425171612663198 0.420193358188545 0.273030252308341 0.377101426633156 0.14721693583492 0.141447865375896 0.573395440385512 0.537350514970266 0.501102922219254 0.509266304524377 0.520142278775412 0.504188840995939 0.327431446455575 0.427743913319243 0.358728794362482 0.399857779466373 0.473838395003891 0.65408002708175 0.34977832774682 0.438041385769407 0.321623067987341 0.297102428878063 0.491126345768573 0.527786753895849 0.752629599381084 0.717623121351361 0.284508873562945 0.464489948408325 0.745328003136395 0.772033005006984 0.614606388411425 0.627558291194504 0.427163308605529 0.449601770197401 0.227952762225119 0.49038805118031 0.512724301877525 0.388233942068299 0.310082987489339 0.180826498264344 0.554614269071414 0.387631962254746 0.29077399963348 0.345943099914951 0.356902046021034 0.488314214616342 0.275780825383974 0.232848209322728 0.673528650890048 0.568319660129492 0.201882972858359 0.281490695037073 0.622046672201921 0.54534458909593
0.832801990544068 0.767367303220822 0.653470038681106 0.648308093055223 0.351418521819769 0.399960599941943 0.736497401614731 0.639664255347684 0.36455876745974 0.463237775199141 1 0.751128544510128 0.830172612438553 0.774555828624718 0.551825076769932 0.442828402084893 0.660195305454942 0.732723677447042 0.800023945675411 0.808328788632882 0.177379120212522 0.0358404587068199 0.579660082835083 0.452130961921589 0.332112839459889 0.332978322214231 0.302301894051568 0.215822193176604 0.836440439292242 0.715258662104608 0.628828002135499 0.452132422945659 0.660567677149361 0.585871772292837 0.41080444835279 0.431721340031538 0.512385866476199 0.555620390687792 0.403510564495272 0.533399542549676 0.41954003373619 0.388209905199281 0.623326061904732 0.606350233953971 0.692417592944085 0.624237201212523 0.682817560503837 0.625240415430392 0.623734275094601 0.58103052999013 0.641651254911983 0.584370581092421 0.576708593227846 0.440785155274915 0.608681078191757 0.640034726810142 0.746883115961575 0.709195429341495 0.649204715332738 0.617375816964957 0.509742988524978 0.448437024379059 0.754742859209179 0.714361738192967 0.34082926459492 0.327424002600184 0.565670663152328 0.522898956536616 0.618110411060257 0.628240647149075 0.223816272786578 0.449988607000736 0.587653809715956 0.468901373475809 0.430845962380988 0.0503057377835283 0.512126577194524 0.357599767267618 0.742832880047882 0.597141611191522 0.833509139337897 0.749025365731271 0.568934136674037 0.374638073464698 0.636662088198808 0.590702466647846 0.303756228087291 0.278527836255878 0.696205843310339 0.580257693919771
0.827496016288744 0.753740188018167 0.680009587215946 0.828519522869462 0.397094262687863 0.521885085383872 0.776913699021805 0.843291165652636 0.314009180746332 0.63260213416022 0.751128544510128 1 0.766594104808418 0.916789975623197 0.562417012034408 0.571385233723475 0.434485270954001 0.633920760397372 0.849031264109925 0.76583549989115 0.313212917548406 0.211200664502185 0.680135260275268 0.613362575349777 0.488779626035756 0.560741055821762 0.275347759992079 0.329381029884475 0.754803016417642 0.83484851653522 0.728334929417601 0.690993758765659 0.764304556180476 0.747022111112895 0.630079233252154 0.635758978500204 0.636887376556985 0.620650904489732 0.440911695052074 0.61515806816241 0.374775385838197 0.328898872459696 0.780055880616459 0.735097266262379 0.770546081301167 0.762504764402146 0.790335210513143 0.703835870554815 0.661147801729163 0.725844220112018 0.696471229712913 0.697802910523288 0.750757264629904 0.690230252594105 0.665925311413253 0.706388203114014 0.726595186988955 0.71459957426164 0.760859212254523 0.816322393561066 0.678470175206514 0.740289868982893 0.639444067419784 0.811441302649487 0.482611122604492 0.587171771109305 0.730971182101075 0.74010043105547 0.664714815998721 0.723647389540602 0.295922808446482 0.589703657516161 0.59933413594078 0.541041293442287 0.449930207561641 0.131500755140679 0.651887094371825 0.402813168147021 0.664225686034457 0.621600432548159 0.709611969201314 0.77486758291439 0.515424129379131 0.370002820588001 0.686618539420964 0.752211537275776 0.285920746650905 0.316738558736949 0.755521859491495 0.774612641093137
0.747775564409999 0.672303038363686 0.767432225020909 0.740171089795721 0.463762441854984 0.493623371239256 0.834667739369043 0.735660559441998 0.445919652433642 0.655749150617555 0.830172612438553 0.766594104808418 1 0.85831665508381 0.727482962985723 0.663611535564589 0.508933589145926 0.600335359171572 0.793778310178101 0.755767074873085 0.224266275845139 0.141742942941671 0.808609918524102 0.722280087296793 0.560705749535791 0.509405153346116 0.493174885626574 0.380570899504129 0.76844329750073 0.700692767751073 0.799933200762302 0.552121080613631 0.743398233785304 0.672642323330375 0.578508973481393 0.53544667232274 0.534652811522679 0.61048133506349 0.433548949786127 0.50199530676755 0.303826540428544 0.310468646636168 0.758304035302165 0.748974047918767 0.723850386684268 0.665321165120524 0.711269285087324 0.607676072709598 0.564697683230148 0.586035878095906 0.558877375333078 0.557488810154605 0.577215062671137 0.619797153367516 0.571877511064162 0.59259903274374 0.620449022933989 0.580616059449938 0.621136778246853 0.616512993882572 0.69201974308399 0.601173970601094 0.583597789556819 0.668046488901088 0.6235176651992 0.586583057700188 0.671969399527269 0.640540660925222 0.599872641862768 0.619503299290945 0.225615608083652 0.504230556959146 0.606797244931824 0.406006101659086 0.535478535604454 0.101109549295673 0.578621450031637 0.373241836587915 0.636023491394003 0.621464747929051 0.685832155699637 0.699468060252427 0.551465744155002 0.42162535735984 0.777387115374797 0.555451485032892 0.383655538768644 0.292336834009522 0.720446731334379 0.583695489450588
0.773966366880464 0.706448310607603 0.703732041439036 0.811683889052661 0.465929821471108 0.564909043941675 0.789622216479941 0.838169769257711 0.402558914361037 0.695534622734512 0.774555828624718 0.916789975623197 0.85831665508381 1 0.663523390924886 0.701448694703012 0.46641440439567 0.615939780936673 0.816286882347919 0.75914318961728 0.279267944179719 0.262980747421959 0.757561099720182 0.719930662323564 0.545843099401904 0.625425522014868 0.395566559299535 0.445372044108151 0.760763665088899 0.805376240291326 0.785156230230145 0.687986495344695 0.765357170795811 0.736435565874319 0.629641366472101 0.640980501891555 0.596182750999256 0.6197651540245 0.436586709683861 0.558484975171892 0.277730777903074 0.332487819730785 0.792828420479154 0.782020899067021 0.761711120426562 0.745913630111528 0.769402627997289 0.668322311020028 0.622692203982675 0.684381594132096 0.637136535855582 0.645071602329115 0.673976818767337 0.669631654056411 0.616432839236202 0.658605769214231 0.672209280607012 0.640756713681401 0.69764724040829 0.734393723748117 0.690398300200335 0.736170881294892 0.604244266369833 0.778357430882113 0.55193674191456 0.644852182364846 0.717808784418557 0.73331471452871 0.623549120847903 0.673503472411101 0.299192374180333 0.581331014965187 0.595034540991577 0.456702453410873 0.505919030271091 0.156703248185784 0.62340583974816 0.417739273354338 0.668761358524294 0.650999556429616 0.704766732864426 0.771964745114035 0.524725975368051 0.362258318441529 0.727969261783067 0.698986793537889 0.303045404323583 0.289407559199916 0.728150568931461 0.692375113527096
0.5266804403249 0.451223599576339 0.564298772312971 0.65300021714016 0.555313323502715 0.395425547922535 0.65809824372847 0.535336177147955 0.585115732380477 0.714426417259609 0.551825076769932 0.562417012034408 0.727482962985723 0.663523390924886 1 0.765271926621989 0.209180222137029 0.328428171923451 0.594259928965381 0.525155525375138 0.299224741426023 0.403678901510664 0.770521992977317 0.64049631556663 0.628883975783481 0.669920873063255 0.587120635233918 0.319292253218016 0.477686636881715 0.512237289807777 0.673168865347386 0.477153597322108 0.688599621799822 0.646264940448506 0.630156642452842 0.529085222601945 0.567192006508669 0.435447543079017 0.457352854550098 0.412902112741295 0.282065652555787 0.0779217429684025 0.531256455217929 0.526199663738758 0.50834346073551 0.412369238330338 0.52601502493703 0.370399260907661 0.274941739164937 0.339840361021475 0.297472431417714 0.318041383954086 0.384464938081944 0.464113113164443 0.466248354888873 0.452850151016159 0.399481790714902 0.390039175440321 0.39439484917428 0.406072635403101 0.570342040490315 0.390267032021888 0.29543947535129 0.355837391792399 0.68986345357086 0.526899853513854 0.613797331938652 0.579529603713746 0.533278569109528 0.557607076503714 0.0795228395046547 0.373564941226525 0.628612229216003 0.368577414397789 0.393778764843611 0.182013896085209 0.41621092387441 0.184280854349652 0.409850056010209 0.425780500131537 0.430349730991963 0.51702560617778 0.456568081988485 0.440739212370713 0.778881928352284 0.524864627290656 0.366753973529983 0.378786091044715 0.6035570653285 0.54888640954776
0.387667141775528 0.402677374082333 0.6000804552602 0.681192410595742 0.635809382656511 0.627390306467764 0.637940553639941 0.62481207468904 0.592801334521572 0.757461672158814 0.442828402084893 0.571385233723475 0.663611535564589 0.701448694703012 0.765271926621989 1 0.149707574928153 0.258216264034734 0.539549742501043 0.398391122362022 0.367758702699475 0.419645108907954 0.75165514671287 0.797663754080883 0.721938180850986 0.775310429240085 0.698010856615523 0.630277996203709 0.362974569885819 0.455870105854224 0.685695207085567 0.579775745330741 0.602358782252219 0.59478749023174 0.609187472816413 0.61506547189737 0.449908870676138 0.431719109964483 0.168923541945433 0.240344742429986 0.0171217318823405 0.139142393162372 0.617780353753396 0.617415667204861 0.540802207713938 0.520755193712603 0.539372093099234 0.47367507116953 0.34931539570541 0.480513858079584 0.351180266226596 0.434127753506853 0.482848766715242 0.657487613021779 0.306910600023461 0.440035419488635 0.314196695663738 0.369076681808829 0.427443073187852 0.473507922793315 0.603743328616822 0.550505686034886 0.235321518343689 0.462664593639698 0.738096969310078 0.705945137131609 0.642257451668948 0.6422129394518 0.364453176629521 0.428931245418847 0.374833347869486 0.539443155776085 0.424143389031128 0.229602616441298 0.30455864930174 0.364220024888379 0.519561210507595 0.415214710593133 0.313967287302307 0.295742145712898 0.284455285913005 0.491602143472667 0.20682569959351 0.222319482920806 0.707310977438638 0.504388717936702 0.0727640245943832 0.229748141979038 0.506765844780525 0.548242738604277
0.582821809832688 0.616327570508463 0.462909708057686 0.326898910683363 0.145330547271308 0.195611156001866 0.420708994165712 0.362016487046919 0.0710587815085496 0.174018130910565 0.660195305454942 0.434485270954001 0.508933589145926 0.46641440439567 0.209180222137029 0.149707574928153 1 0.813445225964571 0.62290069345302 0.646832866586028 0.0113173351851119 -0.139828398059901 0.319049289219762 0.270781115396411 0.189651609950336 0.0545192355573094 0.201340191757741 0.216039979072193 0.747032311064709 0.538017161340539 0.333274125930783 0.198970358820049 0.297864012356163 0.224488360272059 0.0882517434102936 0.110746036053533 0.191344779463782 0.409482084500368 0.196510956426437 0.320976011247859 0.305463551992769 0.290037223564346 0.407626792707387 0.38500412303022 0.472122458368553 0.394644253560496 0.423718770083952 0.415008567950487 0.49738801965919 0.385543890405764 0.450955015953504 0.391391917196405 0.286673275587009 0.175561039266494 0.36636783387276 0.412594594105654 0.654616024662746 0.575789910357045 0.393147331387051 0.349034138179813 0.192155076300811 0.202925630847 0.680281319586776 0.544805231377684 0.0795412570108759 0.138943502227487 0.243511092622535 0.183271807298647 0.439469435981297 0.376835711194733 0.258384828826306 0.367786128044857 0.291946015358308 0.187425758994622 0.448679888661172 -0.0949247972598305 0.29204032236068 0.321578935862535 0.726493477449659 0.571948391401071 0.794563461708842 0.641378312140209 0.389596680083 0.211576869449873 0.298014569891538 0.282667357521073 0.21735071632505 0.167684488185185 0.346923344398939 0.258628842488121
0.777237996339939 0.862515425683885 0.497062143924574 0.495199553337312 0.154515331044572 0.253235665924514 0.475066325946676 0.456727834281375 0.0911912408926982 0.238394164519989 0.732723677447042 0.633920760397372 0.600335359171572 0.615939780936673 0.328428171923451 0.258216264034734 0.813445225964571 1 0.783801620805904 0.85193197044181 0.111750550720859 -0.0952416780968253 0.412536576199264 0.338019872651305 0.323902562429058 0.20084918799945 0.171472623313412 0.259794414666145 0.791456423397415 0.739250354676905 0.448913113797346 0.264263803485893 0.517638744263996 0.457777289438287 0.279298298515755 0.308227880544861 0.490339549377165 0.632913601359906 0.426793126690626 0.529808169059486 0.422742815958509 0.328967926879554 0.55385540415866 0.524757190772449 0.681716117196375 0.597072794775347 0.633248611767998 0.53820649325634 0.685913212114599 0.61939826253832 0.644016169589477 0.611214065418961 0.474802664289652 0.329439480054192 0.617244758767709 0.672526613013586 0.855501432026922 0.846255159017846 0.569904229733201 0.555489505470636 0.21738302423288 0.254441869041696 0.595197430619982 0.565232737094858 0.0816588677274794 0.130459509454614 0.452591542706751 0.404737655894031 0.697534837744991 0.647544399765818 0.223418705867784 0.425157162339931 0.39324108077466 0.370338718406056 0.492903224088271 -0.00293572633410502 0.413671505376469 0.230450423196132 0.837422798556179 0.644588480852161 0.870625901685865 0.823138122582546 0.584906820167198 0.412696779974015 0.440040774130546 0.523004559939218 0.338253168606268 0.38621020681267 0.509144335288038 0.546621773097788
0.881829569013996 0.857353777695908 0.749615905829654 0.814585722178496 0.425013428728454 0.483374814577449 0.779131911449735 0.754621797800339 0.295236097413388 0.571256099852801 0.800023945675411 0.849031264109925 0.793778310178101 0.816286882347919 0.594259928965381 0.539549742501043 0.62290069345302 0.783801620805904 1 0.888177284068765 0.229200683353573 0.108622210611409 0.734199257727185 0.63678735296218 0.489298192415618 0.523479246529608 0.33790857329718 0.326521783289136 0.838431917355626 0.843410327534672 0.736980737511717 0.609883431911669 0.78766611081237 0.736891060458426 0.606877743005213 0.577037002444368 0.684931523210431 0.695692306237382 0.511418446515254 0.642613993441384 0.432452776145116 0.313526414560134 0.783827849789829 0.736247973861087 0.824316969493942 0.760042490519937 0.810834751086418 0.714779144300426 0.715754920419822 0.726045178504863 0.731059058714121 0.717195145289785 0.696438545056684 0.607663250656023 0.74130751357717 0.768236247788274 0.840822085053823 0.802730127449819 0.764577077941132 0.759419568521508 0.609298947651843 0.578220412367988 0.630265460245749 0.703607014155482 0.493461949686558 0.522292384567451 0.745298859793233 0.71320262372192 0.798015001954373 0.775153837244179 0.315554977770097 0.579990401665472 0.587163611393624 0.531321981067544 0.496257268108326 0.0572762535816162 0.630212405418558 0.399176461582608 0.779792725413757 0.673828045395511 0.82534136824533 0.854519509517048 0.589706216798989 0.465819052453169 0.745513390613202 0.737647543654473 0.364721790782839 0.436681764520629 0.781079127617216 0.758069241094371
0.903497228083968 0.902860216952989 0.617521543598662 0.69992813701196 0.244451929804171 0.313948975390324 0.65697873789423 0.627521387404985 0.141128771646545 0.437061989505376 0.808328788632882 0.76583549989115 0.755767074873085 0.75914318961728 0.525155525375138 0.398391122362022 0.646832866586028 0.85193197044181 0.888177284068765 1 0.134155934610911 -0.0179084353855106 0.630509409554792 0.516049135232829 0.375196340143354 0.35599618814939 0.22597728210564 0.199425231249726 0.853847717637917 0.843402067960315 0.677187771653936 0.431007218502819 0.782686355042329 0.722178707028521 0.531038823857287 0.501207939526887 0.713716869934355 0.744137926014411 0.638626963337164 0.707486591070468 0.523641957410125 0.305832969374567 0.676367292238834 0.649982845299625 0.788349689906065 0.69978365431474 0.761993975474735 0.619058439564113 0.693071503082673 0.661590916930002 0.694618857304341 0.639427482965081 0.595534989862234 0.474341347123091 0.799151198306326 0.792824418823166 0.874264865953441 0.829141696494448 0.685034598895211 0.660482095357373 0.408417774835971 0.405310866039764 0.547452439140881 0.586810504607904 0.288135095673814 0.308487271838026 0.639173281314331 0.617512266217069 0.860921791306827 0.82776032309893 0.095085226953526 0.397769516106301 0.633298761632535 0.572819845598222 0.514969631307988 -0.0502559133876539 0.50063898826744 0.201818753850352 0.789474732983138 0.703247942926416 0.862600228769829 0.837993262240723 0.735883926741271 0.571193747732079 0.607080994640262 0.674605934450306 0.524841793277998 0.507070239261132 0.706183964959105 0.695050691503513
0.207005577928892 0.241090254374606 0.251080603121733 0.31410989924424 0.287042272795777 0.286537703957963 0.275743834790409 0.264036486997638 0.268931325307363 0.242623078615257 0.177379120212522 0.313212917548406 0.224266275845139 0.279267944179719 0.299224741426023 0.367758702699475 0.0113173351851119 0.111750550720859 0.229200683353573 0.134155934610911 1 0.28506993808482 0.3308275034766 0.345813026531743 0.447477967399685 0.453270803304582 0.353022255096176 0.28556447564385 0.156627414565182 0.255120709294389 0.267788553990364 0.311399090853404 0.249457990776633 0.208431035545839 0.325676645608184 0.372417699971671 0.259710250363943 0.243149672884926 -0.0374244186270176 0.10982156995755 -0.0513149847360511 0.201391938893013 0.292862838685683 0.257670907154398 0.31894741697618 0.268315382244342 0.342558444908085 0.267391858445818 0.266754332926143 0.323763276018479 0.279133357079526 0.32780270458759 0.357450809038755 0.327445864858571 0.169376379080077 0.271899035668261 0.172977459279593 0.257515717159218 0.325412923059487 0.31675317742638 0.287351215287186 0.181439869649991 0.157746783237252 0.216754519649167 0.373721672637575 0.31120166570304 0.39074283316959 0.347419043318247 0.180023632920456 0.236149193360195 0.30904032454698 0.254441727832448 0.14510800507407 0.0350671065032977 0.0254438903621666 0.353830178338443 0.253849684743665 0.275471505058763 0.221888210479006 0.147739437630389 0.148963944154018 0.254695897751141 0.111310296866331 0.0518828370226961 0.438296646291433 0.343710532736758 -0.155357072054782 0.181471793873427 0.292844119908194 0.281514665429721
0.0635640588794535 0.0557699018207845 0.123353024072678 0.283627606857305 0.277891688990214 0.305334427190176 0.18488145927251 0.234766883866726 0.299752077995866 0.349277313155431 0.0358404587068199 0.211200664502185 0.141742942941671 0.262980747421959 0.403678901510664 0.419645108907954 -0.139828398059901 -0.0952416780968253 0.108622210611409 -0.0179084353855106 0.28506993808482 1 0.238076943235879 0.276360359502242 0.394838227499295 0.47557426891803 0.291873706715891 0.355285464458419 0.00605937845889423 0.040085739436635 0.247560844733562 0.353431169476531 0.249529080576685 0.266023007299946 0.472548743087966 0.427467364459611 0.196248842165573 0.0571625647324723 0.0858468791372462 0.0505064683428495 0.0148253189305502 0.108958826808095 0.263355917440695 0.264551849976529 0.153262214919575 0.146170190627331 0.208914064794559 0.135447096413236 0.0421530514582258 0.139877777925561 0.0275689825538964 0.132421301396019 0.198058531544614 0.361030753491575 0.0705945882675712 0.0623704299369788 0.0529415218088816 0.0720091594321429 0.175517662116547 0.2560162108552 0.325662055466748 0.202820006783339 -0.0394111294276912 0.150097445707811 0.424323508176499 0.398041170716506 0.361225769738274 0.369169618490379 0.0891804809819814 0.113193360962492 0.15398398674275 0.268460793763622 0.208411020824413 -0.110109891667047 0.040244522435876 0.374797886220487 0.273947325222852 0.0722553728035278 0.0353193583793361 0.0807833853430742 -0.0513701051831621 0.0848066760997364 0.0058312207891545 0.104450273763437 0.309500344906452 0.268892013278869 0.0384758055784374 0.227053284635296 0.210295218493437 0.274323619533441
0.622396811143762 0.523692506502693 0.74518278643387 0.771540298313852 0.488172998472945 0.463729749570411 0.778850544440875 0.701984809285615 0.381321793613829 0.724555268208355 0.579660082835083 0.680135260275268 0.808609918524102 0.757561099720182 0.770521992977317 0.75165514671287 0.319049289219762 0.412536576199264 0.734199257727185 0.630509409554792 0.3308275034766 0.238076943235879 1 0.893466643955552 0.708100835652328 0.71831392694911 0.505294899310728 0.376834628198213 0.608891278437888 0.683527916119924 0.870060429327873 0.731684076107458 0.816571952669822 0.785527055703628 0.733280223935847 0.653106577363321 0.619725425627876 0.581008727825529 0.489502141171683 0.539282380116476 0.196182344999554 0.119257897847794 0.741775878026471 0.731012742979447 0.735655183748954 0.63695159793729 0.684320397201096 0.54929459798225 0.468184679109454 0.540976086242985 0.499907745773722 0.507142242521537 0.600286268311322 0.637554211066927 0.60184865345115 0.612290817059472 0.476367293765091 0.459305232004471 0.579520412390028 0.555424054622577 0.733919690336147 0.619906149752385 0.351220702880386 0.511039165414239 0.816970493084786 0.745353488633432 0.772553760673731 0.741915063096855 0.621945892911487 0.645659935966956 0.183128550022786 0.431230062346448 0.5650862952573 0.461269542615563 0.44358223591212 0.0580865948644594 0.537453959493292 0.341127576365703 0.500557261926695 0.570819462954089 0.535413907829604 0.635588189470626 0.509083516395706 0.427179966876187 0.895039733323081 0.6416330576152 0.38319669598592 0.435779045237492 0.705407105899394 0.649146061044077
0.464632682549903 0.444318620026319 0.740214589161637 0.756552419123967 0.561574489467083 0.584567663491402 0.701653402884355 0.745419379999638 0.417418366025141 0.729698567172966 0.452130961921589 0.613362575349777 0.722280087296793 0.719930662323564 0.64049631556663 0.797663754080883 0.270781115396411 0.338019872651305 0.63678735296218 0.516049135232829 0.345813026531743 0.276360359502242 0.893466643955552 1 0.750179549578586 0.737694060629965 0.611870809011737 0.570047918044005 0.510576814681913 0.531579792877679 0.803219478202631 0.712780653663588 0.666543481777799 0.641362603852855 0.660570871261473 0.615994435266365 0.441810714354501 0.52807661310412 0.283788470195705 0.346550813562247 0.0579453112388867 0.167240897127831 0.723942284209731 0.708254980061803 0.642775706449895 0.608382847540874 0.587465180601261 0.540926951928858 0.429901100045064 0.524470337054815 0.425628929557191 0.485855818213 0.534058830752387 0.680514188145951 0.414280743599803 0.477735998522977 0.362093670786447 0.362871754180716 0.496405140057335 0.520351914943008 0.709121715300243 0.689258149435893 0.27396938560599 0.511932454306782 0.803407099597795 0.836918283479844 0.687413679911031 0.670368344323088 0.455370236133423 0.461131985634555 0.351293468658103 0.550146934610287 0.431374391290895 0.299453336389582 0.404994136388963 0.193894195845533 0.56111748483983 0.464963217509355 0.383676014547245 0.451605737864258 0.387628282284654 0.576892269881335 0.354021781846944 0.251017248679205 0.766740315532514 0.529227092200168 0.24195133560071 0.283771562470655 0.586907753711124 0.517117524808115
0.384355678457357 0.409513276958348 0.573495075965493 0.589922714727488 0.421240874100895 0.410054909815628 0.511380949098712 0.509231311591369 0.38199136368142 0.60947777345138 0.332112839459889 0.488779626035756 0.560705749535791 0.545843099401904 0.628883975783481 0.721938180850986 0.189651609950336 0.323902562429058 0.489298192415618 0.375196340143354 0.447477967399685 0.394838227499295 0.708100835652328 0.750179549578586 1 0.723192809889807 0.583231508174365 0.507138065535149 0.334804214360037 0.424883300587185 0.653953076309558 0.529982230947026 0.531492396134699 0.520524139721911 0.62003452384563 0.583627930100722 0.417117970743836 0.553905521594114 0.214960424104032 0.291670682660959 0.121374301084898 0.120398064989371 0.606144151059901 0.591650896238306 0.543713814850049 0.515231693523059 0.523238854165385 0.463449274959999 0.403558946991429 0.505752462647859 0.398807490045772 0.485612142871037 0.500869320367515 0.639933736941752 0.346019804388772 0.442012083384642 0.307217913245331 0.368090307121378 0.451083631266665 0.485639719990625 0.554918722493985 0.439565831548428 0.132713497245007 0.329253083071676 0.700338824268505 0.653748114649983 0.630503868505732 0.583272610683393 0.394878293560019 0.422904453452837 0.300724576032517 0.512873346265682 0.317248216559391 0.197989740789153 0.363604354843531 0.299771183420501 0.550268991227983 0.325313052591576 0.306284596410492 0.335760194208431 0.283126544474712 0.499604553048807 0.27538617168871 0.294385029009017 0.700699204742005 0.483737824004233 0.196212766000726 0.335406025013417 0.523033846180626 0.504907539673638
