1 0.870765696058366 0.61801673996439 0.499355582057173 0.443817732693693 0.421523822196601 0.760355679791278 0.6128528270877 0.495640283007018 0.401541032918141 0.721446009707962 0.631425307720275 0.747280224118848 0.673777505841159 0.468775816663549 0.409948462245801 0.640101917894211 0.682708426563821 0.78394518449976 0.701546192527395 0.030498678894859 -0.0309085202231433 0.496402610038482 0.29027956480989 0.167027980692111 0.106406324398353 0.249383820495455 0.21054783646961 0.521514718446411 0.601682941647506 0.434628121202348 0.355021827650739 0.699095846433605 0.60499617231854 0.399939713476879 0.394946896646536 0.283990201268788 0.343862930161004 0.25393147110308 0.404334876991707 0.269265689964353 0.173015913398457 0.496197870465331 0.444409432209926 0.45498361473513 0.443664081076224 0.457010938802839 0.450368619974835 0.509122116880184 0.617945625358185 0.612220331289737 0.610375366022745 0.548984358149688 0.641359193390117 0.629918985513373 0.69733589243047 0.83422684024862 0.788288247275791 0.784705538851963 0.734719178906259 0.814707837423113 0.525069953883914 0.705781907013369 0.597029134964254 0.467721994178807 0.354382259855595 0.513646315040699 0.399871349377503 0.525630203684294 0.53753772655518 0.698840040794902 0.651007777932568 0.470495808713068 0.569679214963682 0.183466546344712 0.185524698055508 0.538741529589475 0.61887152173916 0.11103529745204 0.514345732353117 0.585796861905149 0.611224325968994 0.480400882721592 0.494138592067573 0.692551095730913 0.593522828959425 0.329936281336509 0.45284887791384 0.751310568933067 0.698252245388715
0.870765696058366 1 0.518493057270467 0.561035962010946 0.381539404471012 0.447690594101301 0.615564895458297 0.636437689255782 0.374209532894786 0.375862801655646 0.525502797544661 0.682354287204554 0.529965771575901 0.671553212424683 0.361787216825051 0.414711915001239 0.684772023714282 0.747445525260342 0.663041786890054 0.760403988132951 -0.0539354291158421 -0.0258099796886855 0.403503521557233 0.328649105469603 0.245256695983106 0.204492979380049 0.207701123253621 0.222067493946874 0.551220193812719 0.671457426694682 0.561674359921312 0.52351606799492 0.699332619824367 0.699570564959691 0.425934475995001 0.474764498595079 0.339632496761494 0.440328954993963 0.346187593829105 0.453508558523639 0.347093187865818 0.186403590198976 0.583328171019089 0.54483752528433 0.556839184048711 0.573513080589831 0.573814395135636 0.5564158603682 0.640728203794635 0.722851836935016 0.742236405783498 0.761303469856747 0.62706067365906 0.697471821753357 0.715538666711087 0.755179657606797 0.875268541836851 0.861407522266941 0.778366813625182 0.773587177032561 0.721192366657282 0.569103145978579 0.673803348784277 0.657577418208165 0.464318654243278 0.393173657403111 0.557278987582491 0.497835567598012 0.594790684859059 0.682934802274976 0.660553207506723 0.640881389862544 0.496713294582624 0.548369759013503 0.210396099782396 0.214620982835659 0.502646267347339 0.641599195472039 0.182798300582223 0.589106955385098 0.646302781218339 0.664122039782646 0.505388030181318 0.464588628623953 0.610636518468139 0.627149093381496 0.325189724942409 0.477797445234161 0.653384425407298 0.748950702730193
0.61801673996439 0.518493057270467 1 0.797916463648283 0.624894494838326 0.410976719964871 0.680541456511565 0.689976927121628 0.52419731212189 0.525122242764657 0.346524748543184 0.210445586975529 0.694539120690041 0.57400267262157 0.728358058720951 0.649792391118712 0.258375897161581 0.345752331203913 0.731298384399784 0.375677539651478 0.11212831896535 -0.0546921098969862 0.85097892471491 0.625368461344426 0.509522316267173 0.456639048223284 0.50084012820818 0.236232336620696 0.135448343482536 0.239749143462103 0.543507990472276 0.518434299021203 0.637183702677219 0.584549241802145 0.656899746443377 0.549567726499131 0.337488604994887 0.325875117544317 0.283040963411703 0.333885858075512 0.0248387198714207 -0.00884608228342067 0.295355109609348 0.167643008875957 0.338953417372246 0.256389890886455 0.177196097718165 0.24264049193328 0.250884381760863 0.358921433608068 0.353822797125863 0.351689018688361 0.445592184665498 0.442181038727215 0.474575907738685 0.506403264938685 0.570366134302406 0.567149555883518 0.521277674253814 0.559092759526819 0.500098458906613 0.400499731541606 0.226413262264512 0.105065677064273 0.687810836483036 0.653208224203107 0.675237611551256 0.587303480251498 0.527524195045439 0.37153787877988 0.734011124440134 0.678702588846741 0.388612957524601 0.437108057446881 0.131001189855935 0.142710206431391 0.50446738565215 0.543165857860367 0.174149481073423 0.361004651360283 0.301488240354418 0.535651323161258 0.487815500036167 0.491295638146129 0.82595061140623 0.711242246292294 0.516266473184074 0.614295515725125 0.684177347936807 0.720564268308588
0.499355582057173 0.561035962010946 0.797916463648283 1 0.535810677326905 0.592757032964932 0.582781487797871 0.864479800736344 0.49163831693934 0.69586050716354 0.103925710264276 0.371967969499644 0.393404713194104 0.632202160778293 0.545354214137482 0.738044147424402 0.314403407273166 0.411912434148592 0.512097242476905 0.437929761380768 0.0809888863055907 -0.0589706679898029 0.747462382434945 0.777337743525157 0.663900409415878 0.655216232169589 0.530578811779005 0.363731801306643 0.222159008054778 0.375213763853163 0.750061961299326 0.819460640947537 0.690292381776319 0.784074789009115 0.737655926677407 0.742179313546965 0.444139836644129 0.430892389543051 0.480393870458844 0.437951752648395 0.0924381259931361 -0.0568896799758574 0.376859124329318 0.263229809476732 0.485275929525168 0.444603624951929 0.272281274314172 0.369006978283957 0.338942356207758 0.418170987234293 0.396035270604421 0.414588584465338 0.413479707501106 0.410732326415222 0.519053040132004 0.551151295325609 0.579821769560735 0.583605790929362 0.487215584986521 0.574415698889483 0.466570207289803 0.591325981692093 0.214634047070772 0.2380102811744 0.745847371856438 0.865694563000975 0.81755166318165 0.834825725169513 0.517499336563732 0.416778628901687 0.70550146256188 0.604960231466995 0.282793594126147 0.464088261365442 0.0834394435313515 0.185663119858723 0.406956174624158 0.568706811625202 0.280693429508767 0.490071487360555 0.418264185914247 0.612355669543742 0.433719380478141 0.439051108417979 0.679925236392824 0.831589734335538 0.485693734877947 0.647516398722837 0.549828504134226 0.758275734632517
0.443817732693693 0.381539404471012 0.624894494838326 0.535810677326905 1 0.477961842757626 0.702596074941302 0.590960513599156 0.635016194573802 0.54519701442646 0.293647373473783 0.299910925819501 0.435568417111507 0.337296448531966 0.3707812172249 0.340543983256743 0.228037641947542 0.249216072496044 0.450744216865414 0.260747257965379 0.168375054697342 -0.00790096722541156 0.441324836825214 0.291474977292738 0.313626883563493 0.329718112658778 0.220349443095227 0.0829761168502417 0.30718013746714 0.339230931318504 0.518890370428593 0.444210156411778 0.579925986609087 0.537003625038245 0.408991016378795 0.294239530250337 0.241892442469049 0.248317425076148 0.372785808127837 0.131616227704993 -0.0965824721967525 0.00881056603020334 0.418600383097448 0.352456209486804 0.417349557897502 0.361200896704597 0.376251415203386 0.412174173380282 0.367170652174666 0.361129912614873 0.428321663360876 0.388398827256917 0.431026145457138 0.420241389596097 0.454877260206706 0.406365675596772 0.396856775796051 0.364262193487622 0.517509381918559 0.462120331784768 0.514051882147642 0.535840306257844 0.241066780105775 0.259526360547644 0.320677877242536 0.405860823971101 0.489391899060014 0.368852690559754 0.268363696519716 0.230218201388105 0.521908995429156 0.456261890226166 0.217734969296224 0.303439578925794 0.0040996242081041 0.107761805552423 0.342371881813988 0.278793165947799 0.130025958690932 0.262432807115284 0.296854300013771 0.363681893845998 0.250538822174829 0.221006177905295 0.457460340935167 0.398366739699994 0.276325783930876 0.338104422314162 0.568253275368164 0.537929812538794
0.421523822196601 0.447690594101301 0.410976719964871 0.592757032964932 0.477961842757626 1 0.648109808511624 0.740013372556412 0.586085508570952 0.667423048293795 0.118392266136221 0.489346453261536 0.286624693216871 0.485550470539149 0.279066385018116 0.462485179848951 0.318279611271704 0.340060657025514 0.236784887425425 0.301608042417008 0.132836273832473 0.149301371566554 0.340038479722809 0.401748280087368 0.347466999846043 0.286360155455574 0.217352540331576 0.273854791544763 0.426466665921772 0.420350165730051 0.51866218367662 0.537648929116436 0.589492600652197 0.615948396157042 0.452157881801517 0.375671554473593 0.287095048086024 0.218803710503852 0.415902648084961 0.204375620899148 0.123545412973696 -0.123353550479684 0.350981742727353 0.257418069703493 0.41640543151652 0.422010724649043 0.31530249517361 0.368204625552961 0.329348436064268 0.366831942631546 0.317225411829445 0.293410085562712 0.326520401289611 0.327684728903915 0.416788564767264 0.407477507728286 0.459438089675584 0.372393333344151 0.412318888323954 0.395401022386468 0.497659926151674 0.641654027062342 0.264593539411736 0.360186527435253 0.373955417406529 0.531164652571398 0.522811729150617 0.436918334843339 0.286249140243954 0.19891329449433 0.499441052672855 0.351574004548027 0.11613207952895 0.372704498330667 0.0945277320463609 0.187568005712221 0.233294473620236 0.344219701503921 0.240131628249704 0.313214237178859 0.323957907387445 0.35230038813689 0.251066625854778 0.182745644855713 0.355499924422297 0.545034749810025 0.396550043680276 0.290657728849709 0.501490546774637 0.639252067953421
0.760355679791278 0.615564895458297 0.680541456511565 0.582781487797871 0.702596074941302 0.648109808511624 1 0.794835998572826 0.785321853352504 0.657544235192124 0.514993213635781 0.589659176221488 0.66196921306613 0.537639027917152 0.409270860486625 0.371949869240018 0.4362257262267 0.429034559690993 0.640167724590558 0.471368320758826 0.0865375274273971 -0.0215642721565479 0.494272584475333 0.300042324000191 0.216258077064488 0.193397534098892 0.210587929064057 0.109844517510421 0.498783084140973 0.506096657011942 0.438665338014796 0.372044527609956 0.751800106988407 0.658818154411386 0.439696358131227 0.338076030897023 0.247179736945019 0.274860097304541 0.373890884443431 0.292910937535945 0.0463257754774457 0.0262649507763538 0.481985308598328 0.364278586244891 0.478763344493727 0.436521469399802 0.435198325823296 0.438264428740423 0.444474701322918 0.473964367050755 0.432218954089475 0.41798986435244 0.429655907169507 0.471491928774281 0.543011975052999 0.569699750883303 0.582445388876866 0.523569222635396 0.669605186162354 0.536803539960445 0.835820831674396 0.699605630263488 0.489836080349853 0.473389026783352 0.497998380569037 0.537508798555103 0.577663961633308 0.444224685781535 0.371681817177841 0.259755437252174 0.661959949987778 0.549802896826728 0.33264305949709 0.490096871988606 0.138013845265172 0.198405389581715 0.43170149802423 0.47966952387435 0.166778957628267 0.367144616723347 0.417794354997259 0.464605198268877 0.338203932272002 0.33799277201456 0.589959398719159 0.561873413656856 0.323535482962321 0.378562917502782 0.745480324559708 0.678100633637377
0.6128528270877 0.636437689255782 0.689976927121628 0.864479800736344 0.590960513599156 0.740013372556412 0.794835998572826 1 0.658333211708566 0.784658273946653 0.228391074868962 0.637612799249209 0.445861076462169 0.664587799788303 0.418213180987043 0.622312757520266 0.44868693294925 0.472784296712727 0.499277900277267 0.510144212622703 0.0386265515704037 -0.0447561451312526 0.588366132717809 0.624636365589959 0.462300797460695 0.458386616047493 0.36109391310131 0.259427966797964 0.444182169402032 0.54697186762514 0.687660428894166 0.706314554534568 0.780780026717468 0.828803639647456 0.576486272185769 0.589439622792353 0.383047189125873 0.389355984505861 0.508076900955433 0.390813661663675 0.137153956246967 -0.0423615440453118 0.455987279484383 0.346110786563549 0.511050318836381 0.489859310952904 0.377635588813753 0.440569151047661 0.413453038363395 0.45023746631382 0.413160290107398 0.419108335360094 0.358868682851872 0.39633530909566 0.538430945026052 0.562793583730764 0.601764169688537 0.577973337387481 0.565774568823609 0.552733983794096 0.685809633668313 0.821135372149321 0.372764031003684 0.484420975315931 0.659180352149089 0.822768106765607 0.753879770009945 0.711835090086418 0.456853029929005 0.365165480654354 0.671551981006974 0.558658056054762 0.30641191221683 0.510932938931942 0.0898211669398514 0.191446332322891 0.36526452726375 0.557857797377796 0.32308306540289 0.495397883086925 0.497457247402074 0.588158421774162 0.368534331425018 0.34866424836965 0.613611338010334 0.777305820454365 0.388651166722294 0.507300426226811 0.624538166433851 0.767927605701721
0.495640283007018 0.374209532894786 0.52419731212189 0.49163831693934 0.635016194573802 0.586085508570952 0.785321853352504 0.658333211708566 1 0.750479748904527 0.233923157547375 0.40602867991779 0.49183496159519 0.39023181190798 0.460927882986371 0.439103780066495 0.239345915399251 0.240212414407206 0.376005293726069 0.184967272448557 0.159629738531837 0.106520769106863 0.499271357543583 0.367057946725052 0.396974312222752 0.359961637355165 0.324866314584877 0.243892350935228 0.204937313408155 0.236448548643173 0.413950492590935 0.369320601283415 0.600216021714836 0.494519895603589 0.471820811634697 0.419143161541487 0.349838330997371 0.309874653754016 0.394282457986447 0.190996010306952 -0.0489254498682313 -0.118407389202704 0.364838379461883 0.251688200615361 0.381823091403907 0.313128758228283 0.323031302449547 0.307756759981041 0.270204363865357 0.291214578452439 0.291080710291787 0.237451442039799 0.327237557155468 0.2811706896996 0.423623153123651 0.397297883625685 0.341983171721839 0.293963927712143 0.460543744293596 0.380438257539577 0.577548762722767 0.565831444424987 0.166298930312844 0.186839831595119 0.419150805363425 0.522413103562019 0.52183784943094 0.433787394329628 0.262218427119448 0.178405064253417 0.522133040620403 0.386799068138909 0.151733988779475 0.286357361180069 0.0992889248868741 0.125255415161312 0.293087049397141 0.358571985417054 0.107759538512026 0.288383443549038 0.20685079381229 0.292677736001281 0.286915810882255 0.189045821587215 0.448365161977797 0.46578726816061 0.371654289191523 0.325332694112443 0.65903649144775 0.502819677584527
0.401541032918141 0.375862801655646 0.525122242764657 0.69586050716354 0.54519701442646 0.667423048293795 0.657544235192124 0.784658273946653 0.750479748904527 1 0.0275899496248991 0.397638925298564 0.362487991471992 0.490234122614976 0.452317463423973 0.602107903675007 0.234377943389437 0.269941163350837 0.295872132382623 0.216208700276215 0.0627412648867404 0.0129234232105965 0.530197677015021 0.561936663979072 0.463646763819217 0.446584632528576 0.335568825680296 0.246212373350574 0.162231956918951 0.242033385544798 0.505661449501028 0.537610526222198 0.552578271056894 0.580362647184294 0.502050672429812 0.491181864110761 0.383277811666593 0.324482686942428 0.503608553951979 0.311403483361014 -0.0394081851542946 -0.135103473368335 0.310344583451614 0.202718274577463 0.367355644351965 0.321784808935822 0.216264218098072 0.264583448137022 0.229996843259405 0.254924819820234 0.26782720667259 0.238692367707969 0.274849275571252 0.268460111028086 0.395456271554651 0.426841478628528 0.359408769120262 0.330970966904732 0.374006341225782 0.351631829487739 0.479478857794055 0.65830287280731 0.0758516857856069 0.15260775448526 0.514037554300094 0.709655958946531 0.58341880328963 0.575030584170089 0.342660602796168 0.21225263054795 0.484818324054832 0.370538056942061 0.110843026084538 0.305243488565885 0.0718698749022958 0.125682296926181 0.246810665447448 0.377365528967847 0.279802777998746 0.335047725094534 0.223296509719264 0.350570363380564 0.204311405901601 0.27058564919852 0.456041104742553 0.615378408213708 0.451413956455445 0.431023888133905 0.589504059935815 0.616165222549892
0.721446009707962 0.525502797544661 0.346524748543184 0.103925710264276 0.293647373473783 0.118392266136221 0.514993213635781 0.228391074868962 0.233923157547375 0.0275899496248991 1 0.462461552601441 0.662450941143551 0.390577935749284 0.234791349360113 0.0892476608351019 0.532054269555914 0.479492957709094 0.739651860488645 0.606567956743675 -0.00750431510317101 -0.139373275038072 0.192360756829661 -0.0802797446612909 -0.192680803405607 -0.152958012389945 -0.0278863325138153 -0.0898239475318959 0.502034001103911 0.467299387076759 0.135957010736107 0.00652462332886538 0.468212618806249 0.328687991064298 0.0597667548192491 0.0486873989559143 0.0718578064209534 0.103502034903793 0.00049476227870909 0.12174443735463 0.301773956503981 0.243998018034249 0.415522027971292 0.388624153883186 0.26665524480621 0.252243727049991 0.396608364685566 0.377725623133864 0.354171604136792 0.376551912361843 0.358325655267374 0.382350513046828 0.33245633189977 0.428980313472668 0.33591952182259 0.39261191566263 0.493900959056921 0.452488096626394 0.538303013002981 0.438841825666566 0.526434460201885 0.173437874812629 0.731776060942978 0.533305778007026 0.0689479570687752 -0.0718278105889023 0.130398825823811 0.0382982836944263 0.196992036086136 0.2114022721928 0.385864733362658 0.375852457339608 0.406339168997557 0.366842198946045 0.109641758358629 0.120893908288248 0.408961412535129 0.388414285587276 -0.0722953260093963 0.205114040083235 0.297306481393112 0.282038556378711 0.41131458713596 0.314916249117837 0.39064548580847 0.197780072903205 0.0342291181944534 0.234101950322585 0.463970787888248 0.346159026214524
0.631425307720275 0.682354287204554 0.210445586975529 0.371967969499644 0.299910925819501 0.489346453261536 0.589659176221488 0.637612799249209 0.40602867991779 0.397638925298564 0.462461552601441 1 0.382963907171659 0.635771969680485 0.130830799925805 0.258798789253198 0.539112238216725 0.554141191052663 0.414705099446288 0.697869046008016 -0.110054516195962 -0.0035385940096607 0.153158552966622 0.192012149451289 -0.00801337525373121 0.00336676006462452 0.0260023928136047 0.0861216573502091 0.660875132484078 0.780177777579091 0.444318219930144 0.37862002654797 0.625074769123614 0.621443593584198 0.14895354692431 0.216209994170568 0.157503217497193 0.181778893495325 0.238955624576126 0.228425050228559 0.356420650764309 0.0805307567699405 0.415974158752468 0.386381211895837 0.339976306366019 0.41916439160444 0.448868653653879 0.401565261243559 0.413367874497579 0.427285034138556 0.411161821459896 0.412098837648819 0.219791242722691 0.26290224845254 0.424274414106489 0.432493771960796 0.517415055557265 0.579364820885472 0.597555647966617 0.527071639680167 0.688145710035795 0.711006274723331 0.634389991702021 0.788194279902214 0.22656702526591 0.297506254748537 0.33192413563032 0.263791466537913 0.256184177094199 0.339637246269163 0.391915439216148 0.352803672342314 0.334174538986403 0.486560603073839 0.0564026120894004 0.241720702718795 0.291746672558061 0.38935204179305 0.11791639399552 0.471336295311566 0.489980915400883 0.419978479657897 0.306197901635156 0.189480892100569 0.314685507204593 0.393110673016283 0.0838592405894732 0.262962768675835 0.429014481710432 0.51115159427912
0.747280224118848 0.529965771575901 0.694539120690041 0.393404713194104 0.435568417111507 0.286624693216871 0.66196921306613 0.445861076462169 0.49183496159519 0.362487991471992 0.662450941143551 0.382963907171659 1 0.680346824819333 0.734040101825359 0.511065675307576 0.333394617474066 0.366847527299158 0.740018508114109 0.411656703449463 0.0119385831862702 -0.0578277843564702 0.658182920170602 0.382427653438862 0.17369471521129 0.0677764268719932 0.297731781618823 0.135609545862403 0.204909802470877 0.28840427087059 0.252300929348194 0.165579733559802 0.525496181003774 0.381624290825376 0.356924991438442 0.28274901608721 0.216462488541297 0.15562052226914 0.166556878856103 0.27780242038857 0.166584644744824 0.0293219542318931 0.205561151891032 0.115347718219264 0.12077555894262 0.0387588725667899 0.135452735977445 0.131572657887129 0.169654431380391 0.261386794619937 0.304065295877766 0.306033866507041 0.351838925595933 0.358933576790962 0.415006887613047 0.434185740425383 0.526078719152243 0.507770495611058 0.558035124647298 0.504420906744249 0.586698054345775 0.319085535111635 0.334681225067881 0.189999812171847 0.49116954079598 0.301112385107356 0.322152942338833 0.199153966948824 0.409279841671102 0.312877913225104 0.558900821283041 0.543479293588835 0.456475804853996 0.393229459942734 0.16841575468779 0.0173196156902036 0.511178614899582 0.44211994377309 -0.0422267361522756 0.270350098804615 0.153283525278351 0.327667939807082 0.494893363097205 0.426050091755202 0.760486378404477 0.525004257717634 0.436994701588564 0.476907880652648 0.752601953776648 0.604435318991126
0.673777505841159 0.671553212424683 0.57400267262157 0.632202160778293 0.337296448531966 0.485550470539149 0.537639027917152 0.664587799788303 0.39023181190798 0.490234122614976 0.390577935749284 0.635771969680485 0.680346824819333 1 0.653820646101157 0.751145714742855 0.42797027578215 0.519296848320483 0.544421147181107 0.554167994987678 0.0141421479645149 -0.05190028412858 0.649379079092098 0.657125973472261 0.37760575216214 0.242604215336184 0.38591184280325 0.310077571456484 0.312141328453844 0.532807904646539 0.532132916969479 0.522874997410095 0.645445717488871 0.610003774957608 0.482643766836401 0.466381162935716 0.344538769461618 0.255918253846168 0.318104871117556 0.336565298142795 0.346231043696727 -0.00780879424654878 0.29794822480676 0.221498277082014 0.271913920907001 0.245258650084167 0.223876824925465 0.248111298451964 0.289416883098097 0.381060867237568 0.391795449226542 0.400532543085714 0.337553125450921 0.387163523841784 0.450722472637512 0.472438364699668 0.655854848133236 0.63930000275815 0.574173762643972 0.577245592293446 0.57900933151568 0.548497136689699 0.387399505457125 0.428952064167977 0.642737112651517 0.540817632244643 0.50698343517868 0.458062631015486 0.468658226329005 0.448817656911823 0.557454561440437 0.521227610564494 0.466500904075418 0.509113850170504 0.166377123833185 0.125780082854928 0.424930996189617 0.534465046042347 0.118181948229639 0.441443518428058 0.369067343092393 0.530787904341799 0.49837673776712 0.412325751576203 0.744218702876032 0.760254224876231 0.458638137149596 0.674174201926025 0.631502212325989 0.712951461133755
0.468775816663549 0.361787216825051 0.728358058720951 0.545354214137482 0.3707812172249 0.279066385018116 0.409270860486625 0.418213180987043 0.460927882986371 0.452317463423973 0.234791349360113 0.130830799925805 0.734040101825359 0.653820646101157 1 0.789732882329562 0.122029567474332 0.163280928833294 0.502947794855014 0.156075035554412 0.101359281276127 0.080449009892487 0.827935815886771 0.677163869294005 0.485396674235447 0.33368154245074 0.544088983629469 0.303107578465521 -0.101410584770487 0.0380962559326548 0.344765888413614 0.328194684947092 0.435265898089642 0.328758013394483 0.541369603444448 0.446608365647069 0.365579628359351 0.224834004156883 0.175587260158792 0.219318955665598 0.0585547966295122 -0.110613781244033 0.0880533258608812 -0.0235241964752416 0.0852485986512458 0.000208280574149937 -0.0368867301456223 0.00241102031115069 0.0457173819431183 0.174391993026864 0.21080213827507 0.21227354740966 0.330139874215887 0.251735585221261 0.355637257721388 0.339961365972001 0.417574261549094 0.394238076556985 0.397759010091351 0.423377551723641 0.313744779184058 0.223018578361263 -0.00840281105795464 -0.11845806145459 0.617289154429223 0.470897488416546 0.427791056546621 0.342386235973066 0.439958729255473 0.321979492751298 0.50181430576691 0.509073861629648 0.314180201065148 0.244238638781037 0.11608091018901 0.0016872173328343 0.431078011756209 0.434593344800042 0.0602375881178187 0.249098991852941 0.0649346858403219 0.294140629576853 0.496576448275822 0.411494396373447 0.771700789271605 0.63717229984617 0.634142273179417 0.636032424586039 0.665592134111844 0.584219052020924
0.409948462245801 0.414711915001239 0.649792391118712 0.738044147424402 0.340543983256743 0.462485179848951 0.371949869240018 0.622312757520266 0.439103780066495 0.602107903675007 0.0892476608351019 0.258798789253198 0.511065675307576 0.751145714742855 0.789732882329562 1 0.211866043102422 0.267476944921517 0.360816500553237 0.23365651110225 0.147775851017713 -0.00732927077161043 0.804290174283166 0.885336068579073 0.645503397681807 0.518775495847913 0.627304063929028 0.421786861732828 -0.00922582195647375 0.168314308411996 0.535069769627945 0.584114182994778 0.490014383253156 0.488068120201511 0.605150225812838 0.596663383573473 0.455854481554975 0.330460794941233 0.329172569218653 0.316351813352038 0.118299066691481 -0.151039236575633 0.176337627415774 0.0826139291798567 0.242501838927243 0.13449812213675 0.0380794232259729 0.118437183540397 0.112113031094241 0.20712839695927 0.228156767389634 0.235079302819667 0.288317914285117 0.278786563821819 0.345244064290726 0.354897682255794 0.45546682028597 0.435648453375978 0.315612116105765 0.405593787805906 0.304216937936424 0.392878718521883 0.0129833175695479 0.0171888954037318 0.719846549890137 0.710795502169489 0.560849356843418 0.565011019611108 0.504517689928698 0.389893030017488 0.525170610421263 0.443561763832647 0.213033941386606 0.30112294909096 -0.018438803524745 0.066031171285967 0.319437133374401 0.428354770146395 0.176871082092869 0.303390598796001 0.145641757461176 0.371828378682834 0.430281882213813 0.397883328839872 0.704260868137969 0.788397363075217 0.610270784652733 0.686092383142821 0.540862396237467 0.629926288539789
0.640101917894211 0.684772023714282 0.258375897161581 0.314403407273166 0.228037641947542 0.318279611271704 0.4362257262267 0.44868693294925 0.239345915399251 0.234377943389437 0.532054269555914 0.539112238216725 0.333394617474066 0.42797027578215 0.122029567474332 0.211866043102422 1 0.705035959823319 0.482156472719327 0.685582265708529 -0.0658158406062528 -0.143413774528804 0.153377535278431 0.132438646997959 0.0262002982961992 0.062942490102652 -0.0169355642434773 0.0638587733552117 0.62103073778674 0.629741301158995 0.377009814082585 0.322745115487327 0.47554312319374 0.50789959758139 0.15111534522479 0.273921890232099 0.286657812961613 0.405951861833966 0.242808089392089 0.298863802347969 0.341369812294994 0.0825517805019108 0.533710765575614 0.539635439367809 0.476658269593806 0.488676790344304 0.543406954282124 0.531230371531002 0.526615839679398 0.519788366812058 0.498548682366131 0.522049937159576 0.397485119925249 0.499100416563746 0.478883679706061 0.5323324491198 0.685386676499667 0.608015410189719 0.511161213960027 0.472596905775202 0.50466944438264 0.400142249002007 0.656350605673053 0.643540240397538 0.222261712327638 0.20764795471185 0.314744353767381 0.317042012558299 0.271182434722026 0.424559663217441 0.40568078307057 0.435397279009436 0.473943525727265 0.406175725945091 0.287947993542997 0.173427479050397 0.287512602414227 0.440053963817122 0.284011559603004 0.486377651371906 0.63660232739822 0.536086386232696 0.463756432522361 0.326179927433848 0.340746007271576 0.368473164040872 0.175127962444994 0.284257130793112 0.357311113247635 0.413351884307569
0.682708426563821 0.747445525260342 0.345752331203913 0.411912434148592 0.249216072496044 0.340060657025514 0.429034559690993 0.472784296712727 0.240212414407206 0.269941163350837 0.479492957709094 0.554141191052663 0.366847527299158 0.519296848320483 0.163280928833294 0.267476944921517 0.705035959823319 1 0.559194296554731 0.742859094859586 0.018535527015466 -0.118034789798406 0.258494506118533 0.208448676607689 0.128353489381154 0.104929416917909 0.11552338304866 0.181283241847773 0.596563662011845 0.751821367540502 0.50303352837223 0.450544272441647 0.569968221539503 0.593738700464922 0.270792797457613 0.354808358435043 0.309883666944089 0.334687296639432 0.256669222511558 0.319433129313051 0.347237066108302 0.165076419150473 0.493911218375345 0.489834666274574 0.424848702855451 0.428455348739548 0.485000207997052 0.461788605614782 0.487065048462034 0.524375502654484 0.538449658664635 0.539697384919161 0.453837349303215 0.513574027380882 0.513185772826519 0.508825646071499 0.758860026794814 0.770586632248535 0.603850500377144 0.597932976033778 0.509827929397567 0.40921631760988 0.633200813583472 0.680250158370443 0.277595114380658 0.205392321451641 0.368303550436644 0.358954207398576 0.409630422960733 0.574352257573697 0.480076284820424 0.517580770054461 0.455258526794081 0.555463651831585 0.171883208792763 0.234357655188425 0.314554357435275 0.488780056720825 0.2434563718653 0.639370244475302 0.63927365679069 0.663551951444176 0.375244812383099 0.421672743890983 0.432358025580534 0.459593634363699 0.200582809212136 0.376023411589762 0.412601975388021 0.52538376579864
0.78394518449976 0.663041786890054 0.731298384399784 0.512097242476905 0.450744216865414 0.236784887425425 0.640167724590558 0.499277900277267 0.376005293726069 0.295872132382623 0.739651860488645 0.414705099446288 0.740018508114109 0.544421147181107 0.502947794855014 0.360816500553237 0.482156472719327 0.559194296554731 1 0.682146725697369 0.0243366958926276 -0.183432167351193 0.561810202247475 0.236560204365781 0.13506789675185 0.175001412322016 0.232670807588395 0.031078362358836 0.386765689546125 0.444533010243432 0.408398004766301 0.292620619054667 0.630365669149503 0.567189281139624 0.399758562035301 0.345446860246584 0.262998263478197 0.301884507628902 0.127227984180191 0.314219715828365 0.208552508302712 0.11707125249425 0.431429412965578 0.372068262780748 0.380427115460415 0.355613191215186 0.364932559723179 0.374750338628251 0.401364548808727 0.494269905311284 0.438784706269765 0.475748576624006 0.4423302107765 0.5485826158299 0.46112701033241 0.563699942782997 0.629109282336845 0.650227042613679 0.645841522984161 0.622919545577719 0.579901366720782 0.300966005972923 0.600376373269118 0.416371771318944 0.388039558636433 0.287467040445248 0.456417555610553 0.369522419625368 0.390305597135649 0.397016932798958 0.665075280540852 0.624205395931951 0.483674935361875 0.474414937773271 0.165349242810099 0.152825044881427 0.54251465100844 0.56268198220304 0.0605324246362923 0.375296901079182 0.38778953803103 0.529422768123597 0.470152176990392 0.49400573141279 0.658333503803403 0.485431752057555 0.249318969720013 0.476012807379361 0.641249058336656 0.597857427051579
0.701546192527395 0.760403988132951 0.375677539651478 0.437929761380768 0.260747257965379 0.301608042417008 0.471368320758826 0.510144212622703 0.184967272448557 0.216208700276215 0.606567956743675 0.697869046008016 0.411656703449463 0.554167994987678 0.156075035554412 0.23365651110225 0.685582265708529 0.742859094859586 0.682146725697369 1 -0.05886448821628 -0.227593921402382 0.253886698981366 0.137712960368215 0.0165789324780644 0.0471063004673659 0.0716886423826556 0.015726022069468 0.661997043975136 0.747987744105146 0.450404475858134 0.378193498471224 0.619148850951617 0.639459980796924 0.210473968657086 0.285049320299029 0.198179988659874 0.244261155177352 0.200660497754808 0.293717302600681 0.418381232625603 0.104544920958554 0.456737990300116 0.458862153183343 0.412127623544556 0.465994684690371 0.48125086538421 0.447302196828603 0.476638202507834 0.516413374150128 0.496508365674861 0.508192241005984 0.331822395413555 0.459859085911098 0.430625794543081 0.536156331667697 0.669630617637312 0.730534978860827 0.632273329569535 0.61238407411607 0.581769416865203 0.480862619282451 0.769066563250944 0.769090393993248 0.252405502913863 0.219365877903207 0.347803645552796 0.335571761094584 0.343540108583078 0.530867191198232 0.476331286628337 0.50665436146099 0.444308659281272 0.581729456694458 0.0695828109780505 0.289290227930518 0.315661018286513 0.489842187016914 0.13245986239215 0.50789159352608 0.598786464949226 0.606893630419328 0.432874990990024 0.362042420733173 0.423459159588125 0.402823004888883 0.0987497928408797 0.348651455176796 0.373145588724269 0.520637893959835
0.030498678894859 -0.0539354291158421 0.11212831896535 0.0809888863055907 0.168375054697342 0.132836273832473 0.0865375274273971 0.0386265515704037 0.159629738531837 0.0627412648867404 -0.00750431510317101 -0.110054516195962 0.0119385831862702 0.0141421479645149 0.101359281276127 0.147775851017713 -0.0658158406062528 0.018535527015466 0.0243366958926276 -0.05886448821628 1 0.190653455405642 0.130202896732124 0.0873799833828332 0.247473564229107 0.269367873487274 0.240639343942913 0.1341505533361 0.00723706283560824 0.0276932096301985 0.222913323570436 0.187861921865578 0.0898856379972025 0.0554388600106312 0.153719416323894 0.123450937948167 0.00853436327854024 0.0428834310670733 0.148557679276943 -0.0620584581384504 -0.151432785563549 -0.0152085236204405 0.0787181829751795 0.100252560237275 0.134138182133092 0.0817473937173073 0.0805531713220181 0.0629420021045994 0.0225598047997159 0.00344810553728682 0.0205892231920448 -0.0163477446332639 0.12253696809899 0.0756773920157618 0.0349813298293023 0.0153693991399487 0.000289212939977304 -0.0493944294849628 0.0246221308109713 -0.0138978652288606 0.0432860444215392 0.0166675324426809 -0.0688048418938565 -0.0403174241084279 0.116707018098083 0.132005654833061 0.122452610769841 0.115398945501874 -0.0784917219848941 -0.0757712185034531 0.121147004396881 0.104894648417578 -0.0290329497844694 0.0727883074611618 -0.0379840295099661 -0.0654683363329127 0.00412803420936061 0.113943005765169 -0.0257837775264073 0.00627881933267053 -0.0427401941463213 0.0622839627764204 0.106263090573691 0.16852040888812 0.0704555341311575 0.0996757725505641 0.178133553097558 0.135656919940836 0.102386319358324 0.0375869760150025
-0.0309085202231433 -0.0258099796886855 -0.0546921098969862 -0.0589706679898029 -0.00790096722541156 0.149301371566554 -0.0215642721565479 -0.0447561451312526 0.106520769106863 0.0129234232105965 -0.139373275038072 -0.0035385940096607 -0.0578277843564702 -0.05190028412858 0.080449009892487 -0.00732927077161043 -0.143413774528804 -0.118034789798406 -0.183432167351193 -0.227593921402382 0.190653455405642 1 -0.0873555404637536 -0.0168610503213341 0.0309379186107477 0.0196021975252096 -0.00936871372906448 0.26119569566354 -0.0870621538262946 -0.0655304852959684 0.069682216605482 0.0118072984400144 -0.0177351490621848 -0.0654488481362775 0.0718939053502206 0.0258006086436356 0.0531721163786204 0.00376897148038276 0.11970491230557 -0.0377550807752025 0.0320734108513321 -0.0703852362070344 -0.00845510944287815 -0.0656506887326578 0.0278460646501484 0.0441160221273928 0.00148353504152005 -0.0167362945608498 0.0499151067073491 0.0486967502515866 0.116586827107098 0.0689569395964427 0.160194130797499 -0.0538916382095465 0.20347230349811 0.0479928584517797 -0.0421416910509969 -0.078681789758802 0.118757302565648 0.093011841693593 0.0195969765170075 0.00210459738374319 -0.138240107266164 -0.0921510366702696 -0.0171664390461377 -0.02106517676926 0.0541883026298736 -0.0083452752436307 -0.00520658753547028 -0.0829422426520204 -0.00615274771125082 -0.0204371402693202 -0.0959146713949589 -0.055965462690867 -0.0669895395901337 0.0161347182465598 -0.0187040589097957 -0.0400359914294517 -0.0229776883017893 0.0382541939036759 -0.0787894521631803 -0.0895654966199641 0.10118399950688 -0.0233003005468365 -0.0377716614561716 0.00332889556397968 0.0377929464599589 -0.0176263772014178 0.162201178553891 0.051689271528408
0.496402610038482 0.403503521557233 0.85097892471491 0.747462382434945 0.441324836825214 0.340038479722809 0.494272584475333 0.588366132717809 0.499271357543583 0.530197677015021 0.192360756829661 0.153158552966622 0.658182920170602 0.649379079092098 0.827935815886771 0.804290174283166 0.153377535278431 0.258494506118533 0.561810202247475 0.253886698981366 0.130202896732124 -0.0873555404637536 1 0.800264550979269 0.64454158664542 0.513087124300317 0.712612246849545 0.334417349551383 -0.0542464026475706 0.108828564422223 0.499639133602258 0.498152344954521 0.537975318249406 0.473476516813391 0.670715729200728 0.59368348077501 0.385499255739062 0.262341458162667 0.233540780531622 0.262156606768646 0.0480858421408157 -0.171491494404311 0.13444122529222 0.0268537875722527 0.18217699793167 0.0811480576691072 -0.00391429580198739 0.0556268767507142 0.0653260154085628 0.192031734851756 0.167556575225406 0.177171874267632 0.289982666709712 0.300075034682554 0.32247268318784 0.347537950528197 0.455671739281196 0.456546841527647 0.362092816930796 0.436242020291139 0.367517808403514 0.309679676043958 0.0572223752779207 -0.0521277380237708 0.729730578197088 0.673682673575472 0.580956676977797 0.546495600161504 0.470153482514393 0.364895209121294 0.668739087191146 0.554314108555748 0.304938141751835 0.304176959024639 0.0717694888079924 0.129076307029221 0.447468731139927 0.49583456246975 0.102740505821037 0.325822650719732 0.173991245755824 0.410286914658915 0.446172514273447 0.423301788597929 0.817283767981147 0.725169519519328 0.571576174036058 0.659396831395164 0.590359570497947 0.600078830350381
0.29027956480989 0.328649105469603 0.625368461344426 0.777337743525157 0.291474977292738 0.401748280087368 0.300042324000191 0.624636365589959 0.367057946725052 0.561936663979072 -0.0802797446612909 0.192012149451289 0.382427653438862 0.657125973472261 0.677163869294005 0.885336068579073 0.132438646997959 0.208448676607689 0.236560204365781 0.137712960368215 0.0873799833828332 -0.0168610503213341 0.800264550979269 1 0.752760495707558 0.599464180045402 0.664636789773123 0.455177276053807 -0.096480068996202 0.128589527928708 0.573788078126989 0.663454856499155 0.461820530695979 0.481721982506482 0.678478056568777 0.664831793452579 0.352095547653769 0.326109208591895 0.303785059734273 0.306217719755047 0.0454358853622765 -0.195213796992696 0.0659948945046782 -0.0475074568267078 0.153821050773369 0.0709035182203674 -0.0643024379980843 0.022404770184147 0.00898350969559857 0.0989340793239767 0.100520396597076 0.133261973904508 0.175885822714266 0.173589299525787 0.258492313752371 0.265066823514131 0.403477092717788 0.388922100247055 0.209831094677283 0.352709496493565 0.212776398581306 0.365994288824549 -0.0886885479347821 -0.0489654315847483 0.751720190429067 0.785635554367835 0.63184189642455 0.657087680526364 0.492273413488053 0.3626438681766 0.523243554575 0.422976423105698 0.216034681867795 0.284563377542698 -0.0157569917193535 0.0851658502718982 0.277452478775262 0.395296819971074 0.187169442468911 0.348935136736777 0.160484743981052 0.385573374028963 0.363548448275228 0.361117512716061 0.660682067534596 0.787288431946737 0.562075064625335 0.65977646378934 0.408251307766181 0.573418718601898
