1 0.826565735227781 0.549906182457886 0.582925775292809 0.47359250654127 0.52693365901017 0.606729300743366 0.606357006021486 0.402384585487146 0.301092891616205 0.638502862490196 0.593222368962387 0.68728222883811 0.565207495470615 0.394016817606854 0.461776246613731 0.815392920860712 0.761093328742382 0.879351440618057 0.841564615445845 0.252528800257341 0.105311607539027 0.492065331940167 0.442455364288102 0.271221707374758 0.403745542654363 0.149189706001786 0.161210024161125 0.721091514836766 0.738383790850666 0.431698209167044 0.217776794489553 0.749506776366926 0.668462998620482 0.129355674277261 0.204458403208689 0.477633009619111 0.364591506539384 0.400692328019019 0.28307147513889 0.303388422412292 0.458610401043486 0.588194818386632 0.547187299843984 0.534894312133398 0.586790243221621 0.607415908004818 0.642131064512519 0.638027637685889 0.702394940107483 0.70758192724052 0.686624014415854 0.531609906524254 0.555970319213151 0.730306169690875 0.692618411484912 0.77070537831886 0.776905706211451 0.800849632217359 0.653472339568489 0.848971991696484 0.576585757127068 0.819731424718459 0.661232457613931 0.0906913015117348 0.322347825907037 0.408448137111315 0.455636536146318 0.697966521708419 0.628377974832699 0.361389337190422 0.499517087183235 0.534422672761286 0.541915147418389 0.218022098697678 0.542405233282461 0.533022411535723 0.543036018886442 0.712651286846671 0.64993247291488 0.784865119746405 0.761142729006014 0.595106580602689 0.558917146344925 0.516157340513854 0.588451392721036 0.437582736459864 0.197444448833721 0.438038819251886 0.617628584183417
0.826565735227781 1 0.357415968311494 0.410793731875415 0.294266338871579 0.398210379249768 0.367258859799853 0.41346546595591 0.186416586555344 0.164137036474219 0.446445069447599 0.544154160821846 0.449982722852159 0.403084675179442 0.130291645668394 0.320255107484736 0.837528750439206 0.834803093456274 0.679787317514322 0.720633815530327 0.0975869364043419 0.0394192466378805 0.284730148326206 0.254395311388915 0.227457947251605 0.305799195128688 0.0575857767667779 0.0771599797867007 0.629477879697192 0.655638041158647 0.194513076841347 0.052957980527015 0.576899634442979 0.513376757976622 0.00886696616924575 0.107920452990936 0.340987393127041 0.304456892702237 0.33156243968435 0.286094463597697 0.361990584139545 0.352842004399909 0.564787582740402 0.509775292617319 0.577891183957989 0.604907174936831 0.584216569580956 0.66218605615954 0.682235589534698 0.723869623936503 0.685764496862755 0.714875388088785 0.497574042712064 0.606982813977178 0.646542444477189 0.692062451483432 0.879022925737918 0.923405485011895 0.681959766415044 0.586668449001999 0.696669612321943 0.521989452628917 0.796912318927919 0.613589974817199 -0.0344457188140777 0.188676158239778 0.262573601241765 0.336901296431504 0.702573959225816 0.596348139959375 0.259114066110166 0.374646137815051 0.475495039457506 0.484471755336973 0.157610801184816 0.472213596390766 0.434755539536479 0.443471003897667 0.748063076069588 0.741584223280561 0.818649793769961 0.79143519385389 0.492481790025124 0.546169822174582 0.347387050804911 0.536494454586554 0.273488438581123 0.166413818204595 0.286779254400231 0.544069363005362
0.549906182457886 0.357415968311494 1 0.830529227017668 0.581299695760327 0.555821768373796 0.835407209885487 0.672454101067838 0.462738197311023 0.291882554786059 0.321813079987024 0.194955638156458 0.525333289589633 0.316796020537914 0.533766204995112 0.476983589502183 0.413207632716745 0.388580306722587 0.55188837167876 0.557565630963874 0.252672790902597 0.109873766930069 0.823104663689713 0.694291900038998 0.552133714712181 0.674172318987426 0.27439443788716 0.390749534611111 0.477544982191724 0.505605924305796 0.743316817370218 0.664125857246105 0.664323493986729 0.653362716202703 0.523914348355602 0.516363475826887 0.469651186267915 0.408872913392425 0.476175375772695 0.242608030747585 0.24771495908075 0.320199698634039 0.454957381883053 0.422804662009128 0.364820656301165 0.374126653968227 0.415058610894325 0.449989187463896 0.420129734055399 0.393185218569724 0.589751066519346 0.529399957972035 0.555626085452903 0.557857272543519 0.565915785422404 0.536228441886155 0.342525338731204 0.375190607667886 0.493975758241951 0.403580589910988 0.475903252001034 0.32897947321991 0.355155210026365 0.391394151531841 0.686533379179844 0.534166252461485 0.657639776817687 0.574904585478847 0.479453137713634 0.46360326530055 0.472979677115857 0.547532804464861 0.38325119703041 0.450532343543106 0.164790788063608 0.451475240564456 0.462031416462558 0.402712380476022 0.499212851571344 0.458866419481942 0.525955532311935 0.6134762849072 0.588460251022672 0.484322805729316 0.684334869364606 0.66626044442792 0.435476200728046 0.364328976009628 0.545725536846466 0.562429132866632
0.582925775292809 0.410793731875415 0.830529227017668 1 0.451680598105442 0.610165542478947 0.739293000928646 0.796740779885021 0.432744124512889 0.362771844860726 0.329179207709449 0.322184641000886 0.499897724398671 0.507731276376237 0.452689598992745 0.545547129970314 0.395369578735964 0.401442119908511 0.590433084972292 0.656640939274867 0.324711165634221 0.133033290752564 0.644542487998508 0.756048300296696 0.505254886115729 0.678697479229768 0.220093773373962 0.269025789041652 0.470797680390159 0.561310185516031 0.677728177268879 0.573599883407963 0.609171655943612 0.713460809897304 0.419017344456288 0.577346473909971 0.442081509279178 0.39800504293273 0.497372628822983 0.233416342597707 0.247152151101335 0.309605968804461 0.412948543811681 0.409482479082152 0.368121010676186 0.389886236039465 0.436701056888935 0.454097911053952 0.407394741218329 0.43604195125329 0.552813214505003 0.553048025598547 0.510382905363514 0.483325679922762 0.603004204491513 0.586678646363413 0.323005700912953 0.386788590616029 0.541239796988243 0.488551687675778 0.497854854388428 0.412737202330327 0.378745484394689 0.468706279810079 0.481377908022732 0.649998216916673 0.613766435347915 0.650060833380644 0.413239821557334 0.440591997139311 0.467053350075322 0.557306779373929 0.408041882179538 0.418330118261818 0.175502987549798 0.500096214458005 0.433629603454402 0.450758194491837 0.441670532638272 0.4482928558666 0.502700607800698 0.625257913207906 0.589222533880332 0.498161999336241 0.557658032346152 0.709779454269492 0.510815577684436 0.426000726960356 0.499272886369061 0.657306970306213
0.47359250654127 0.294266338871579 0.581299695760327 0.451680598105442 1 0.501130418281013 0.638856099881192 0.541869234387709 0.729401232499969 0.498944794938514 0.308007486061572 0.259414948221035 0.519952906262872 0.360428489435112 0.627615138121841 0.471982846588902 0.367620684756282 0.365547667386679 0.459049807765472 0.515437368322116 0.203915962322843 0.122866357851787 0.619390179712787 0.502967017410785 0.230762040758333 0.284711480792925 0.263161684796351 0.188670666005617 0.37808273840842 0.446776880506635 0.534149004948028 0.358012754607694 0.587445462176409 0.497180334925469 0.341838438342352 0.358110767267767 0.381945654917798 0.301041475036568 0.38288260513881 0.0667880305300887 0.23564499651697 0.224882317484207 0.287799974191675 0.309896042505477 0.186026983769566 0.195114067049205 0.228657620582045 0.295510957137676 0.250818200224509 0.270357333663089 0.399279945918941 0.354228604795683 0.502888812970846 0.513471637997867 0.390344124808331 0.368677636676861 0.248522093900212 0.309131202302131 0.391945513166056 0.234777929723844 0.44789776053831 0.265952427058155 0.27685516181651 0.339215764531182 0.514500700995291 0.488349555763276 0.422064633212896 0.344805381936264 0.480783693370316 0.457990680368943 0.483130203725404 0.526472802537618 0.508752978291156 0.479791137906036 0.203037370049379 0.33073352694631 0.559955337773318 0.484549638698901 0.463834563124376 0.310007983499072 0.37814581780816 0.409901433268571 0.44026840396533 0.427610683304211 0.504603011655507 0.537594992773856 0.335336074267055 0.300185444816044 0.450817000847521 0.537380174783666
0.52693365901017 0.398210379249768 0.555821768373796 0.610165542478947 0.501130418281013 1 0.512176183747487 0.549750354186426 0.546775733696059 0.636192011462194 0.285489031086395 0.253028319436254 0.491340640659109 0.481340065925314 0.45141106642165 0.72582272082721 0.387876204584527 0.381851425743349 0.495661275760516 0.573834053686127 0.191286362574917 0.221252444821565 0.536689842802358 0.666362844034646 0.460981080619776 0.606322660021676 0.305130463315477 0.346042042711335 0.374738800854546 0.465196853505353 0.420659899795959 0.276938102605857 0.560873201659803 0.580597449917661 0.385835687151328 0.384688672330358 0.417590926190885 0.312998305745804 0.435776542658384 0.211138707459371 0.168906702538882 0.272024701338881 0.343432976016283 0.353452179055898 0.29023573994978 0.283961776897506 0.31632921798986 0.366913426986128 0.304997448376883 0.309318583227302 0.459397408744375 0.381975357014731 0.366451293981998 0.411324846684888 0.442440486558591 0.460871352315335 0.303419562196862 0.335207167864091 0.458859846842782 0.284385608702432 0.465334899751788 0.290987267013946 0.304533051235937 0.327170567776807 0.313641900135251 0.574922425227383 0.475952434324338 0.466330067444566 0.50972967555952 0.479199723605908 0.390031639266246 0.450351431004555 0.40901338767954 0.457657874390435 0.115102512740825 0.48633059885389 0.441189223604287 0.472327854294185 0.485176897894099 0.392410127229551 0.460535097222426 0.532634519021452 0.45123924910403 0.475325171071125 0.477250172068383 0.604322077266241 0.417833797215427 0.41957917163377 0.427586871448096 0.635383980283671
0.606729300743366 0.367258859799853 0.835407209885487 0.739293000928646 0.638856099881192 0.512176183747487 1 0.81495384774087 0.58138905024868 0.348528403766984 0.487159649971057 0.421953106313354 0.685325785769438 0.400270217374549 0.506767385212387 0.390343937451998 0.482387335116296 0.452920986307078 0.625735123197414 0.606920810024629 0.285036244431839 0.0929784996656017 0.662321756279816 0.568870992702275 0.404002459595889 0.468085137542504 0.181950483992118 0.153035656910961 0.611762033157765 0.609037777403212 0.790376786364828 0.552830783803305 0.796767232878595 0.769314347056912 0.354052742955338 0.460005819371348 0.576400492942088 0.417696037802862 0.480258650622784 0.0465223406438708 0.257614607829062 0.282083884738146 0.455918846847365 0.476316784726886 0.382766497049585 0.436143894610104 0.445745448202117 0.447380556531078 0.459524237067708 0.521292668834844 0.61713208664353 0.586057911183226 0.669337024446069 0.581248860836989 0.63255211925014 0.578487244394778 0.279869721074028 0.355830532165935 0.66167456894964 0.559009446227371 0.647518737505826 0.527736596781375 0.447987308620672 0.536015947340916 0.530848823979352 0.570421239731799 0.687043934799493 0.641230640579877 0.541391788481074 0.59379582233744 0.530601914323594 0.659264987624341 0.475240043252676 0.512137535054983 0.103658317148297 0.41244960255553 0.567873155068572 0.547956951306566 0.502076401183694 0.419303023885955 0.54974193338489 0.53317707745321 0.582907695954285 0.404922959573203 0.579851194862409 0.551528763857039 0.488688060715115 0.222548859301351 0.511317849712394 0.652825255800779
0.606357006021486 0.41346546595591 0.672454101067838 0.796740779885021 0.541869234387709 0.549750354186426 0.81495384774087 1 0.545350652482956 0.543747492798156 0.515346381889398 0.61668867495916 0.692040384013353 0.678991799681287 0.478549024151498 0.541346735805946 0.446636501071371 0.446665056817011 0.573360948743088 0.655803091595183 0.338908995748665 0.123967725905933 0.496554667022887 0.639256258176131 0.292232607999941 0.37981394607398 0.149840694634527 0.077731179717317 0.577750507191564 0.719012731328994 0.650208081209422 0.514091879382298 0.732364802558126 0.785489730721088 0.272834996084428 0.491053798202562 0.502532962094993 0.411001805715539 0.379459072939394 0.0828812749117854 0.272032302484808 0.2311180588769 0.370950148339913 0.427744861608209 0.32692609842957 0.403405019695517 0.40475101790843 0.423983113399414 0.380572056158739 0.4990025826201 0.51663172120814 0.563564915352747 0.55943791665238 0.49435981013313 0.568327827589726 0.561459657907392 0.234806814757182 0.341658941067229 0.665175666268616 0.628429319810981 0.656079313085757 0.693235098417655 0.462019073416986 0.653358304324878 0.334426548825396 0.716539348912935 0.599156940537006 0.692791583683068 0.482434984096479 0.516080738338569 0.50544842005575 0.645763864570342 0.502865992141521 0.551845528063678 0.112760040112204 0.517799970255236 0.561415687961726 0.565729365854726 0.486918623202652 0.40788236703504 0.501900601721769 0.536023901161914 0.454095394616877 0.372779510368581 0.412060014908667 0.591248794364669 0.418260199068507 0.178062109325074 0.395756536925187 0.680905676558532
0.402384585487146 0.186416586555344 0.462738197311023 0.432744124512889 0.729401232499969 0.546775733696059 0.58138905024868 0.545350652482956 1 0.566370375684236 0.298690845308463 0.243030743425693 0.565969964517362 0.425020757851434 0.679778126617274 0.561681491276291 0.236123720224729 0.222897157253694 0.365171466568202 0.397242306696384 0.165269114043046 0.213568778299697 0.538441458188307 0.544028788189646 0.198230563665806 0.298731691452283 0.312875820502391 0.147845482446058 0.227621855372375 0.307883777760044 0.515868947072903 0.261341414043385 0.442542381839777 0.412141760220397 0.299241000373777 0.309952575363844 0.352889093974334 0.359454117779792 0.380004259326482 0.0263160764046084 0.142913567433137 0.154483610272526 0.222674579393188 0.269551644923752 0.129231894956314 0.147523299159217 0.171137900711009 0.186239175865915 0.171143984569377 0.235638177469856 0.359965532616078 0.31888815536325 0.395664505711524 0.389612823704507 0.3423678728807 0.346924811623584 0.126510011699538 0.183613608428411 0.386999700943205 0.24151954009073 0.484202139254296 0.255880291404336 0.182817960544129 0.225104650937445 0.410853716260369 0.591265452840131 0.373938797957705 0.301211542227797 0.319408450699133 0.359925697401958 0.38068101017204 0.443633191269496 0.371666073494362 0.34171917310522 0.113138135270095 0.301099703560842 0.419623931910595 0.384749192088251 0.322878130842098 0.187771141004417 0.252712380800138 0.318757901697649 0.312544569170739 0.348113630605052 0.44478916899056 0.440301566232917 0.380573557794429 0.34681430135056 0.421318602806839 0.559691916978198
0.301092891616205 0.164137036474219 0.291882554786059 0.362771844860726 0.498944794938514 0.636192011462194 0.348528403766984 0.543747492798156 0.566370375684236 1 0.206883244085906 0.271547752064726 0.367195808109431 0.544559028695168 0.455080874745786 0.657089219901577 0.199044538151172 0.16729565816717 0.267923978416496 0.420145331025807 0.122751615091487 0.168245658182558 0.310100930498632 0.558747804754018 0.214695367990028 0.271729612062017 0.347351239331916 0.229548427174685 0.23909953796318 0.411301685545314 0.251248655508238 0.19591738987938 0.372060942379008 0.370625047246384 0.165837637798209 0.184986420511451 0.302744865349985 0.139559397748054 0.239363448441668 0.104137589376929 0.132944697675996 0.0321363292855026 0.151769778628693 0.204048499133497 0.0848088499283601 0.0454542411069213 0.164761822904815 0.156802823837066 0.110803842706934 0.135531700185164 0.215892067490295 0.215693053356863 0.18982644596677 0.233431060427558 0.18985020135637 0.21515390500384 0.05887551286836 0.0830899771654023 0.258138534296667 0.190987738035909 0.297673318311505 0.332030114005225 0.099772354996987 0.256044269568293 0.181029558615907 0.587883885641994 0.210045581600147 0.222928534727594 0.302926884276101 0.270393262854822 0.269237987540003 0.333212542008267 0.34550769017121 0.320688457166787 0.0347075997752065 0.301472429684327 0.323012090318228 0.373332853052671 0.331519586476325 0.131828125570537 0.169934138899958 0.242370641062991 0.117540495830411 0.246353699864614 0.192846351781377 0.403117472482813 0.205284162573122 0.231566621472927 0.30248402068935 0.490568377026994
0.638502862490196 0.446445069447599 0.321813079987024 0.329179207709449 0.308007486061572 0.285489031086395 0.487159649971057 0.515346381889398 0.298690845308463 0.206883244085906 1 0.766250907313588 0.706068200748597 0.613399601305823 0.459573095882352 0.374752800982522 0.542057708239578 0.507068016831918 0.583140635418109 0.493225033523055 0.335139958566246 0.209537063912694 0.326011859175748 0.235286365560609 0.0498875116732388 0.200459074845404 0.0758154777785483 0.13979607461707 0.707172881959484 0.667473408062923 0.343782940278622 0.237831364898307 0.593427782511533 0.506866238843994 -0.051404192320213 0.136278336322271 0.300968814239221 0.206043787034449 0.251489363897625 0.241078563233267 0.225656835286598 0.264925001999106 0.387265012940712 0.363198672254294 0.364789357694827 0.437555617769075 0.417599987165324 0.390488920614184 0.407715595401611 0.537536465931425 0.431045874476003 0.481992223799581 0.288351615806383 0.278438959085029 0.529727157341408 0.451333417362739 0.264225554006917 0.388268145224918 0.60344230881385 0.599421945826651 0.623923383044643 0.584812162616826 0.637582581588303 0.657920298536083 -0.0463780209325468 0.143165123499017 0.367858785205213 0.486890574242622 0.411429960886908 0.428664256077679 0.327511410300095 0.516836352600157 0.349445328051084 0.446474547556843 0.181788053420907 0.441140257147865 0.457863031516479 0.413815051567377 0.426626291766766 0.350887046436326 0.569170691179283 0.520625134407092 0.457431408008555 0.324708879591863 0.402070382569907 0.424908807956641 0.384705816188922 0.0562230626473753 0.381998993195957 0.455701919303787
0.593222368962387 0.544154160821846 0.194955638156458 0.322184641000886 0.259414948221035 0.253028319436254 0.421953106313354 0.61668867495916 0.243030743425693 0.271547752064726 0.766250907313588 1 0.572624181796174 0.611148405419087 0.228595187429767 0.301775345020322 0.574398362296819 0.621240042231417 0.542169219424457 0.532551886372357 0.298481183397258 0.067355349156375 0.0590596182152495 0.125981193844719 -0.0879786080911095 0.0374814432686556 0.029087902423651 -0.118504029542096 0.716768139534868 0.752379840065555 0.303990410488205 0.142093958272315 0.615223699946397 0.607802475735498 -0.129686105463268 0.163556742657235 0.308489012690249 0.225042249482387 0.201273471186234 0.0942420164537508 0.237311482729614 0.177860820452551 0.385184645602894 0.395844266859235 0.36314503945339 0.444449053615615 0.407861060001575 0.395982439132307 0.419988201692013 0.576118005317046 0.382040479644649 0.513275836143266 0.332592143751769 0.300562285589567 0.477077025581814 0.459592945746373 0.293032118010904 0.442599463058674 0.683704756304401 0.722202331630782 0.667646075920338 0.835511883997414 0.683484479146737 0.831851007186273 -0.23603430498223 0.225776067405834 0.379451941182996 0.557503521820707 0.411654825363325 0.465458645632269 0.266798888116458 0.462254155729361 0.379559660161064 0.476271966034795 0.0782206801279436 0.458361064640208 0.495600426663588 0.495238426505978 0.434645709049895 0.383889308656091 0.54069676502657 0.463184240958079 0.324725805891608 0.303236079295255 0.129744375108086 0.352931131710244 0.272485904242407 -0.00282635023079466 0.225644867844954 0.532542440193223
0.68728222883811 0.449982722852159 0.525333289589633 0.499897724398671 0.519952906262872 0.491340640659109 0.685325785769438 0.692040384013353 0.565969964517362 0.367195808109431 0.706068200748597 0.572624181796174 1 0.70808877186704 0.637263636164044 0.559052264699769 0.48111127698203 0.387407948623575 0.573624925973857 0.547331141258776 0.229385132694772 0.14255674608928 0.60486432596314 0.550692801789208 0.261362707166408 0.336355295490002 0.10817776071813 0.259266859759067 0.555613560646848 0.571420252046207 0.48855127914929 0.335729462334559 0.592691677101936 0.523274538906121 0.248436509905622 0.283575968163346 0.448004007875875 0.40670694451038 0.290444269866606 0.156023047628877 0.270996805669682 0.244350590332003 0.314952307399176 0.322200378870576 0.260346790362083 0.326588082853459 0.331896709748718 0.314618920416447 0.342062406785394 0.410978768162373 0.557242835944287 0.46843620986788 0.444252419566957 0.396484177619768 0.521524760396716 0.510678698342972 0.32788635785967 0.363482201033945 0.642250089861707 0.50347811160151 0.705099782128686 0.539812775401624 0.507482258802286 0.46421501487512 0.265813411996949 0.536086100278759 0.40736224057933 0.423810373595412 0.445881816848151 0.412380904679609 0.482616726666039 0.52984549542589 0.49666316501298 0.502265580948667 0.219798036474475 0.521941148875983 0.46378528807229 0.436030928805595 0.433668907255444 0.355376053145436 0.554690957749238 0.540655716893441 0.563466694965562 0.384496170327888 0.608828161748273 0.553917049341711 0.400540857485829 0.17845366864 0.51300850616233 0.564535332467092
0.565207495470615 0.403084675179442 0.316796020537914 0.507731276376237 0.360428489435112 0.481340065925314 0.400270217374549 0.678991799681287 0.425020757851434 0.544559028695168 0.613399601305823 0.611148405419087 0.70808877186704 1 0.597140552645814 0.701497050811486 0.352655018248472 0.326230456109211 0.476055865423486 0.582423701857547 0.286600551852433 0.11184897098778 0.403328537327435 0.56988538088416 0.149941130896644 0.270078731266071 0.177981268562724 0.129496209980784 0.463362766105703 0.601584880904671 0.311637332093563 0.246194934727057 0.435881577803395 0.46148738139295 0.0936142315545219 0.301938101962795 0.261845484468324 0.181103112902818 0.245142149562494 0.217282893973251 0.190485608671747 0.156431447318739 0.24286511942008 0.309243556165235 0.261489426716057 0.308001264151271 0.302769849962148 0.306874615965217 0.305660495560115 0.400604572546644 0.436293192047581 0.445349190133344 0.3347015554183 0.309066880928571 0.448799245034482 0.486706032064514 0.238803539745595 0.311918878130909 0.520861736592306 0.477652424456866 0.528644224880696 0.460916316887677 0.414589858439189 0.453683306318159 0.102646590701722 0.551377844711068 0.286745841018863 0.395736258826324 0.355908794390041 0.360508630176808 0.431908992565642 0.469514330655223 0.434590997142469 0.496153353222753 0.202923394089257 0.533403428491106 0.399995659032852 0.368013863882979 0.372582699893594 0.310189250335836 0.452900214948957 0.517400804818187 0.420447034514556 0.383697135927716 0.434947982952514 0.617128244319969 0.347218024314796 0.217935555607634 0.38044415426364 0.574647408515995
0.394016817606854 0.130291645668394 0.533766204995112 0.452689598992745 0.627615138121841 0.45141106642165 0.506767385212387 0.478549024151498 0.679778126617274 0.455080874745786 0.459573095882352 0.228595187429767 0.637263636164044 0.597140552645814 1 0.669225943457915 0.178789352325101 0.124581747422038 0.381221158652431 0.367645936005337 0.340595594571429 0.298862208169186 0.669154857560908 0.581540642565639 0.292212948069736 0.421263637212646 0.377222229775376 0.322978531646207 0.302087440008491 0.350352995906353 0.546385260188985 0.401238708723138 0.361690673933961 0.325586649608861 0.30867188537617 0.359435765164542 0.280800494857496 0.273476360389331 0.348132900642985 0.172914708400493 0.140592926182899 0.199656027856922 0.265243702502514 0.290565460898229 0.189756349802318 0.184129465427232 0.241867118697416 0.208199581640227 0.191689205174517 0.229339609232972 0.37635001628687 0.303988627266977 0.312651307566644 0.251987788345048 0.382244762341872 0.36221827617665 0.0733483197530655 0.130421415100082 0.324400809734777 0.200022172455875 0.3460134139016 0.132144014480615 0.166533324673041 0.170436614813383 0.455948602401384 0.437450876467841 0.335615772407923 0.290005300981403 0.220730995939817 0.256064776471985 0.453020906409415 0.435270139968131 0.344820259295828 0.346462419576742 0.188291083637342 0.358849303727619 0.391814114333887 0.270800712343606 0.209184602464088 0.134078204248089 0.269796655581145 0.351305028556294 0.490796783598597 0.341346161369403 0.614464006039468 0.544087001018216 0.43937906225031 0.358549790734728 0.557801751500698 0.462888828192316
0.461776246613731 0.320255107484736 0.476983589502183 0.545547129970314 0.471982846588902 0.72582272082721 0.390343937451998 0.541346735805946 0.561681491276291 0.657089219901577 0.374752800982522 0.301775345020322 0.559052264699769 0.701497050811486 0.669225943457915 1 0.301561566959431 0.280262722291813 0.423999974815875 0.525237442585525 0.221961990272215 0.298831102596901 0.535584381169357 0.661506937335947 0.253369072585108 0.440095670642248 0.291649751344803 0.324913872711135 0.312064850429769 0.413238340723654 0.391389028778229 0.332948114131211 0.402572528547198 0.426832396483997 0.280475980764053 0.398994745039585 0.328967265180955 0.295270850918411 0.241542072286673 0.25419884590886 0.15190228750029 0.149947146036498 0.288745876407399 0.310403925364679 0.260788265153454 0.235182259317198 0.273478564304056 0.323347009338317 0.28514686138196 0.280720465124637 0.392552753975088 0.337178601459146 0.307992473876224 0.366215580148812 0.380153540483863 0.479461518876524 0.246676641538516 0.296889257189892 0.341350867217124 0.222146453971109 0.35906657132896 0.192131742571807 0.239116300363408 0.263463369572905 0.324774923239338 0.530196105471447 0.322182144210035 0.294940606252531 0.38991995383673 0.364810206891768 0.396732675476008 0.395729829937826 0.295633855522642 0.337589035381311 0.159403388651455 0.486099275364543 0.400805225333878 0.296022910962126 0.402052176567137 0.309004215616564 0.405503810040342 0.548655963495824 0.473022257921167 0.45703851872098 0.534554742950659 0.695900837201532 0.392988334346973 0.499118061442159 0.471270274488555 0.602449929490802
0.815392920860712 0.837528750439206 0.413207632716745 0.395369578735964 0.367620684756282 0.387876204584527 0.482387335116296 0.446636501071371 0.236123720224729 0.199044538151172 0.542057708239578 0.574398362296819 0.48111127698203 0.352655018248472 0.178789352325101 0.301561566959431 1 0.907740695788542 0.78097634107377 0.771619751043012 0.203731601480304 0.0591384911270992 0.302215838107323 0.230574296023406 0.201928081209144 0.247938441743153 -0.00110953125605862 0.119111598924752 0.767610190521966 0.724208796855591 0.334479163379124 0.125914682684198 0.715725056026002 0.644023528834567 -0.0147821326476126 0.153668980110494 0.426826171107418 0.316084015164149 0.274129862949649 0.226881974918113 0.323727113707385 0.366337155546445 0.560138517017763 0.52045314636197 0.533821411731225 0.596122403671136 0.551616333987395 0.640920669626831 0.608371830388786 0.693620557335417 0.593289271037956 0.616789337570517 0.513350838366984 0.577059754315319 0.633640784642551 0.641818236610169 0.817356530621124 0.858609782723661 0.668209914047583 0.563185999934764 0.741315810257829 0.537758037838431 0.890848407794544 0.702374712345754 -0.0225666873228588 0.113759147574851 0.330409648112884 0.398682437413859 0.743743995459187 0.630338685014657 0.251119685976714 0.441980093347213 0.47128093376307 0.479308025106625 0.146316844847419 0.431374932239778 0.506096920231025 0.537660686254092 0.828245087788966 0.695851949634379 0.892836552940976 0.741834142052054 0.54815501516605 0.50515744269889 0.367456718961736 0.459026125570576 0.355234376770448 0.15872259921292 0.298658556102888 0.501679758447795
0.761093328742382 0.834803093456274 0.388580306722587 0.401442119908511 0.365547667386679 0.381851425743349 0.452920986307078 0.446665056817011 0.222897157253694 0.16729565816717 0.507068016831918 0.621240042231417 0.387407948623575 0.326230456109211 0.124581747422038 0.280262722291813 0.907740695788542 1 0.748367238311457 0.756385774190635 0.198683659921155 0.0730109017310499 0.234818684081427 0.167142332305158 0.162840333853884 0.243667244232082 0.0173093142976905 0.0397995984418031 0.754198594299695 0.760132759067394 0.34247707863621 0.086668911173509 0.717639289960339 0.676576608415663 0.0202455134056143 0.205140730244428 0.434645800203526 0.355713300126813 0.360399648669154 0.251937678638745 0.371868534794342 0.389650933367218 0.554613208485433 0.522759741661092 0.536535978151089 0.584899331796238 0.542415246807585 0.653744850065465 0.603587652742739 0.690489440014319 0.567134705373013 0.635465084377872 0.535280767217421 0.600744395476605 0.650534808727647 0.658200003758969 0.754624275162659 0.862833389616668 0.645587517264608 0.560988694937519 0.663685476523551 0.545469746116003 0.832078666441923 0.7588007619683 -0.034067686942932 0.105612385907462 0.383708787836853 0.46278643621794 0.703171729598906 0.671734133465969 0.253353516737709 0.458771290975512 0.412152391171988 0.510528252883629 0.15992077933134 0.469394617873812 0.603233552391828 0.59443484022169 0.805379355781595 0.717740029755614 0.839901334616541 0.733247869066341 0.547135813458442 0.552857773554302 0.311488388015932 0.484868200912458 0.382408348874444 0.218344209350511 0.255300283989866 0.549946091429182
0.879351440618057 0.679787317514322 0.55188837167876 0.590433084972292 0.459049807765472 0.495661275760516 0.625735123197414 0.573360948743088 0.365171466568202 0.267923978416496 0.583140635418109 0.542169219424457 0.573624925973857 0.476055865423486 0.381221158652431 0.423999974815875 0.78097634107377 0.748367238311457 1 0.888152539524588 0.260261613367418 0.130880969100038 0.470307189355618 0.426310081409333 0.21333052098037 0.351640415246742 0.0613460465734619 0.138402181495218 0.782593363284958 0.708214577085443 0.4918666401177 0.275033352939855 0.775208221345568 0.720781908139603 0.0362948546855357 0.179112271044451 0.46831823994799 0.332126121737713 0.347105399000086 0.190558694976775 0.270925752117704 0.385351025403431 0.510586001053656 0.492186070058485 0.472643874604493 0.517975328755279 0.546158257877726 0.563025133077289 0.555715684876337 0.638708463410162 0.552004509181482 0.552113901408952 0.539727575048123 0.488596012899245 0.659518987890546 0.594804781654056 0.637157098885048 0.649336598133587 0.673434464756252 0.572433876945622 0.731390377040767 0.496475955103908 0.755998725452551 0.645400590240612 0.0352932371391389 0.228879442022351 0.382125845947172 0.420744233093038 0.67860580139503 0.652975035043359 0.383939532538187 0.5589145654051 0.499450921988481 0.50955746213236 0.180080770021975 0.478461493778472 0.554280303933804 0.558697398131591 0.665295324642248 0.564511989052324 0.703495916218389 0.63764874102886 0.608579699909963 0.488906409097869 0.430275644526314 0.485897016111174 0.4263530522154 0.216341827169258 0.366596668614834 0.553688880096838
0.841564615445845 0.720633815530327 0.557565630963874 0.656640939274867 0.515437368322116 0.573834053686127 0.606920810024629 0.655803091595183 0.397242306696384 0.420145331025807 0.493225033523055 0.532551886372357 0.547331141258776 0.582423701857547 0.367645936005337 0.525237442585525 0.771619751043012 0.756385774190635 0.888152539524588 1 0.199133996419492 0.0919911204753199 0.483400880779823 0.543831383094721 0.242607481190953 0.35365972845457 0.101065693151501 0.0943536870197131 0.719605344924376 0.74147770833003 0.45061964422235 0.25147649476529 0.7798830114512 0.773008384015544 0.09022067325221 0.280334089481435 0.469910105370586 0.311801278300599 0.361675306076656 0.248924164329701 0.296939526858623 0.329153876558682 0.492367132993291 0.499567965026461 0.471554624525419 0.513724869211165 0.537226996292034 0.575509420632412 0.558805954837027 0.632633293785715 0.567882984128647 0.577461767618031 0.548470074119268 0.545122198326546 0.6763842903443 0.644805107009421 0.630151906305238 0.695077640994929 0.660532178653903 0.559062801266981 0.687683141065719 0.50453104879183 0.702457490469899 0.674433051307271 0.0983156708686131 0.367753600711242 0.40081191782971 0.478193936135339 0.765419302189953 0.713172410646447 0.424020543190593 0.593032757624747 0.564534612710341 0.565734995790092 0.223431272128976 0.520267963988733 0.569524068541745 0.634968651066006 0.718400467566954 0.607189564992939 0.725370752127679 0.702169315385019 0.599001025646535 0.542744216179809 0.42967982510886 0.616332827369777 0.421084569594941 0.287824382095827 0.369704585709778 0.641665202224755
0.252528800257341 0.0975869364043419 0.252672790902597 0.324711165634221 0.203915962322843 0.191286362574917 0.285036244431839 0.338908995748665 0.165269114043046 0.122751615091487 0.335139958566246 0.298481183397258 0.229385132694772 0.286600551852433 0.340595594571429 0.221961990272215 0.203731601480304 0.198683659921155 0.260261613367418 0.199133996419492 1 0.159461112604073 0.223954302170921 0.191899435250291 0.125571101272596 0.266124504611665 0.151381781869553 0.0427992324242598 0.249856873444532 0.326488969832882 0.344276018738026 0.193734848018541 0.29930001306669 0.319465979029601 0.0898117370756551 0.369370920582017 0.276744333046829 0.123044143133855 0.281631934982469 0.0853349149805573 0.0603531990553699 0.283605309053835 0.163589592515222 0.208126721064559 0.126892672881128 0.149413973645216 0.152555166828774 0.131061032904331 0.137578951058524 0.217516728765597 0.224588915564348 0.20954956362214 0.141735384200368 0.0762134512037801 0.279118862307529 0.181572190674111 0.0815070748665577 0.121562507999911 0.272517552346933 0.219715982198745 0.254404377845658 0.228110443553717 0.275414962651775 0.278721633531972 0.139692246339385 0.2170714786909 0.336706554895121 0.387531502724285 0.118523312614134 0.184400533130178 0.297126335710115 0.278135185082539 0.141315110111044 0.105023124196923 0.113399307820149 0.22766331605248 0.285126725023074 0.211527899818333 0.148227534450633 0.0507080242602079 0.211358953586483 0.206455661512542 0.281893279189792 0.178293056399124 0.23678600707168 0.281018815631352 0.28101706677315 0.00611572069013264 0.225688255113421 0.264155610302309
0.105311607539027 0.0394192466378805 0.109873766930069 0.133033290752564 0.122866357851787 0.221252444821565 0.0929784996656017 0.123967725905933 0.213568778299697 0.168245658182558 0.209537063912694 0.067355349156375 0.14255674608928 0.11184897098778 0.298862208169186 0.298831102596901 0.0591384911270992 0.0730109017310499 0.130880969100038 0.0919911204753199 0.159461112604073 1 0.120930594103852 0.112528047441361 -0.00820959903601022 0.117174176895625 0.237557714964304 0.185769142044289 0.103957725185726 0.107464168580484 0.186146419835811 0.155196669419185 0.0888020935442099 0.113819433673609 -0.0165892849520058 0.207937155091387 0.0804768001585566 0.162215909033939 0.0235730787277426 0.0109051127831696 0.0208513561693088 0.134193379895915 0.202914216892649 0.203736895941267 0.119046428875593 0.159221703000335 0.165487422339207 0.138257829999513 0.0478722152408118 0.118688669272607 0.0246908988345232 0.0642447941319009 0.0463313345981523 -0.00500599776595422 0.0928336950726828 0.103744126022296 -0.0222574536835692 0.02986049756945 0.0610701708830175 0.0175993386364972 0.0935364152788083 0.014603064929642 0.0746543509266514 0.111843703503933 0.0358899606976141 0.0204820602926799 0.0982241775119544 0.120656322905184 0.00897251626553044 0.00734930594084054 0.236684391430561 0.158805882141163 0.0950519345250943 0.0695887464384681 0.0150219661785325 0.177715564885947 0.152627258987254 0.075328761684423 0.0254939666444807 0.0592491426690692 0.0326820966860882 0.143254738451813 0.158675569150255 0.0923562273538435 0.178189292168305 0.152219684099437 0.0950972292718714 0.227782836979046 0.206887446488723 0.130911272703464
0.492065331940167 0.284730148326206 0.823104663689713 0.644542487998508 0.619390179712787 0.536689842802358 0.662321756279816 0.496554667022887 0.538441458188307 0.310100930498632 0.326011859175748 0.0590596182152495 0.60486432596314 0.403328537327435 0.669154857560908 0.535584381169357 0.302215838107323 0.234818684081427 0.470307189355618 0.483400880779823 0.223954302170921 0.120930594103852 1 0.793300822692602 0.558180017621911 0.650484318174404 0.272822055424148 0.486693290585392 0.316300393805707 0.357374058975182 0.558625067267641 0.542102817916336 0.505370042580812 0.429252905693448 0.55097439154222 0.390544089565233 0.356247196957116 0.336342861007261 0.434521567034531 0.336068951710554 0.196372297150316 0.214087076386321 0.297758758775545 0.256293208323294 0.210333876946544 0.2184549398604 0.269770041650444 0.282253257491191 0.258287623196952 0.213360166942129 0.522024373119802 0.367647875621425 0.432224449937051 0.451496245021851 0.466024835740064 0.420554336386371 0.283539081707227 0.271437408980535 0.3279322446582 0.17334218423211 0.381660471567052 0.113651918616427 0.225400964060522 0.153370039603483 0.699603727941901 0.529590551984463 0.479311955255404 0.354411075366004 0.439687089361508 0.360024159346701 0.47760825333209 0.467754710779215 0.408451440017022 0.390864255324835 0.211398821955963 0.371881546530571 0.37843122818217 0.312282133585856 0.426798868826474 0.352994763146956 0.422712233043526 0.559428716311482 0.568835696321602 0.503238976745852 0.772164717046965 0.679507360897911 0.394514700211506 0.432453158758172 0.57981615655716 0.458695588569099
0.442455364288102 0.254395311388915 0.694291900038998 0.756048300296696 0.502967017410785 0.666362844034646 0.568870992702275 0.639256258176131 0.544028788189646 0.558747804754018 0.235286365560609 0.125981193844719 0.550692801789208 0.56988538088416 0.581540642565639 0.661506937335947 0.230574296023406 0.167142332305158 0.426310081409333 0.543831383094721 0.191899435250291 0.112528047441361 0.793300822692602 1 0.566465908704446 0.637740226925384 0.278490177792677 0.432662526666527 0.273134313435632 0.396752172009853 0.47120814648974 0.521040727353199 0.423560207423119 0.481090350448193 0.492866713939177 0.413129152975926 0.337040310710393 0.313341525824471 0.396246637379832 0.278523025375286 0.123167249867801 0.0982097441790937 0.213744275892141 0.213811164751373 0.12324841430318 0.138748820234134 0.226054377578515 0.221603579595857 0.164906956846905 0.144707351428194 0.412034582660862 0.287955500404146 0.339701916462831 0.344254372346337 0.40723879388033 0.382770452229924 0.193008433427408 0.176990817918561 0.305767506000248 0.201008678322455 0.35925319466501 0.194946370657255 0.150901055516733 0.147095280707826 0.529550576364416 0.719356328607095 0.404527200411398 0.373544557670133 0.352419425530849 0.31865338870647 0.423199998493755 0.451492408980402 0.42777625592975 0.401177441107423 0.185489700622913 0.423614386767039 0.27039314930495 0.31313444307953 0.37838275546174 0.274519893747169 0.353021927798817 0.48218748441265 0.462156817463107 0.459015498024535 0.600319115820183 0.663874502755379 0.379741022852863 0.458396786654687 0.500289003372076 0.52170230439796
