1 0.871628273617331 0.691307841202445 0.639561990557907 0.348057370378506 0.484946041856862 0.626513874996632 0.469611957120777 0.467366018677403 0.349285220132398 0.724396966979446 0.547397147601969 0.633436865744121 0.609383301250896 0.515815483234302 0.636239871582651 0.84085570502076 0.793533946904504 0.831854302079528 0.799757526703023 0.449330189031753 -0.03634664529207 0.713977858556374 0.608493426056588 0.590061207666651 0.419741340829588 0.342980380327721 0.464675015261498 0.755728109378669 0.674510801195602 0.628884433119158 0.393490669879002 0.674487803209022 0.677691699398407 0.554772767005859 0.524945637064242 0.686747332796368 0.646682371838058 0.673510034283538 0.443916427381128 0.0896777741932762 0.450257009384426 0.677195702730886 0.610882134026673 0.714561928293214 0.693522499211721 0.722817341384628 0.696775745150492 0.570726300282973 0.553736619661288 0.591154957332764 0.459750439653706 0.570276556626594 0.495544959262036 0.717647897613657 0.69644445069707 0.892433060090445 0.851272952466307 0.651967189739152 0.475284499000855 0.741005555599334 0.43093832675674 0.752225492320556 0.68249174004125 0.523933727261638 0.310333794141297 0.628922826072812 0.590857311691576 0.816222646170383 0.732138917506254 0.392697072278674 0.161695170153919 0.373772152577176 0.378189002300614 0.208942455703327 0.437761721978549 0.30992950292975 0.399453309280927 0.580332665624183 0.678554436250674 0.793090583920013 0.786377710828383 0.712243796145603 0.742622097359298 0.759360170365232 0.69641846092202 0.574963167399193 0.69212605973681 0.632024578261012 0.557899805601943
0.871628273617331 1 0.675813015933954 0.674410520249075 0.357327793741843 0.527425920937425 0.610147234811385 0.501310571830022 0.46520507299986 0.358762895705693 0.650833586989586 0.517333676319298 0.638583504275978 0.668321880427091 0.569554348799932 0.685393713807205 0.820725556689985 0.829839283506445 0.812386364092442 0.844168410492652 0.483605253242302 -0.0299715810658847 0.734049456267724 0.659225979169054 0.635652060940153 0.522794924496583 0.38088164838585 0.51299425507601 0.763607422365883 0.673943378238132 0.642480549182382 0.450909381089426 0.666739516004141 0.709031071934559 0.536636741938952 0.547378406127283 0.648701772727503 0.663486372893453 0.671743699831545 0.500192319290464 0.138487960805965 0.465566635139938 0.724084861228535 0.690275605841534 0.696577559480472 0.718921441187109 0.770132763339463 0.740135655956411 0.582006441527505 0.588116591547747 0.623796906741056 0.515016595496164 0.608303391101085 0.556805025313766 0.728943026461848 0.695252166313791 0.877559132550169 0.935666854738404 0.626135752510398 0.53336940033946 0.646341240966827 0.433968796089083 0.722229852719086 0.691648111165607 0.536372755607691 0.351757619982896 0.655877709323617 0.664507008106045 0.796901825748959 0.753224099971936 0.418115781762116 0.181943265759516 0.365644321530023 0.433302650277992 0.253678863524555 0.479682599178782 0.224754920511389 0.369588838229444 0.614919031360051 0.729190749045096 0.822417297975405 0.819385402088164 0.722139036062281 0.730744715621245 0.752983534957536 0.69304602833825 0.565557033051999 0.686212093360652 0.560138792953894 0.507847242258335
0.691307841202445 0.675813015933954 1 0.861845894094186 0.607796484905826 0.714432140443907 0.918817473319758 0.806292075647631 0.770479929658477 0.63210305018273 0.622885554117869 0.596798660182325 0.78242972382881 0.722959369059461 0.702071779298846 0.783579290041498 0.690420466967914 0.714537389524732 0.740815787668186 0.697163023900854 0.511691117854716 -0.177945239625031 0.89243881104886 0.721850903649308 0.765984979554534 0.568973754630361 0.326388837568577 0.506001162153982 0.720274019876696 0.687108750037476 0.723315784312361 0.584086797122557 0.762421978748928 0.745262626260908 0.747126827204121 0.674619549375579 0.707489390694456 0.624685588835598 0.677756712225028 0.510429985185463 -0.0404570294432305 0.245501053170386 0.679639816458793 0.611086034462209 0.668856837395927 0.642863796739017 0.666306680231689 0.682892672981979 0.548195485075165 0.595423867749635 0.691488776148978 0.623201158686362 0.617893680820466 0.615590830064162 0.747411121667235 0.737000468304946 0.662935341000166 0.708450789552083 0.595801478838514 0.51572551094729 0.821608783700919 0.690221596945041 0.694405570240977 0.736131789090339 0.689907125560875 0.648398431653156 0.742571659801877 0.705292693954995 0.641255084063336 0.647343822744804 0.547483768935418 0.3061514443014 0.411186420313636 0.401180069149021 0.231842380771079 0.429366756321373 0.462401074672285 0.550701213491041 0.557828578345925 0.643912459484105 0.738551642562857 0.713740161279354 0.649418597225171 0.665140213396098 0.778950892105796 0.745693253481244 0.626222334397083 0.729713950377957 0.763443191153593 0.705149828036407
0.639561990557907 0.674410520249075 0.861845894094186 1 0.550097367542122 0.757330398660753 0.865963765618118 0.922025830749756 0.719336883296667 0.789518660936941 0.605404422663754 0.731081127603685 0.687037120736462 0.760206667734991 0.594541240184725 0.779555893939509 0.660826026062647 0.750701181190827 0.711201658000866 0.705100628078642 0.533709171466099 -0.259412916507949 0.767722718234045 0.67335899136948 0.623993081626094 0.534993273473786 0.187777962229394 0.387185725155054 0.733968592675099 0.78226908416571 0.725391126851259 0.63013914783898 0.783156487891781 0.808211437789418 0.640336659165999 0.703732401256508 0.723535294113828 0.639252906028918 0.720023053797403 0.420183310703431 -0.191971627597126 0.264468109173099 0.662438536942798 0.592636804191847 0.615027090499566 0.636611433406487 0.624043842282729 0.670725258425722 0.526516837698031 0.592722337049749 0.67782268205678 0.613991543193709 0.650591225735875 0.600806296752303 0.764320097995371 0.750636635536818 0.620552295813189 0.700028687052982 0.568802345941411 0.552254395378731 0.799683668415494 0.816368756925772 0.666645614190407 0.784745036390104 0.51873752962816 0.700563274515072 0.670441517305408 0.737129911891213 0.619356109062486 0.678190843057557 0.533019725860548 0.334908875061181 0.361435880392002 0.433918457116077 0.25713348896066 0.39657205258037 0.543393934298462 0.662271026392991 0.591977765919641 0.631123008620867 0.707142670128374 0.690322177761212 0.617334390060823 0.680405836640379 0.692464888847791 0.733488100789779 0.621495636365757 0.694438748596841 0.735563387530059 0.77958265887544
0.348057370378506 0.357327793741843 0.607796484905826 0.550097367542122 1 0.532335218230021 0.577572185670018 0.465749953791007 0.704111419749134 0.601413545161239 0.429984650096175 0.348284930196889 0.494647046788487 0.400335728663488 0.554437756340083 0.533432859421639 0.398869647459525 0.422228723501309 0.455750579279977 0.373593581978386 0.296429286853724 0.0008177527428136 0.553371346364814 0.371026962881604 0.476272801540877 0.315156619397793 0.330573251805605 0.370664811102566 0.352050958566782 0.384220643021481 0.349148829924188 0.30809539292469 0.42965353128993 0.416712880910702 0.555363463059913 0.465454906509522 0.400728945006884 0.413581948704701 0.358954735019942 0.325053536224937 -0.0413243753586641 0.113305721128139 0.342612063319851 0.304739707640976 0.344524485439817 0.322903165589595 0.339838811359033 0.343721318315728 0.254826407920459 0.27689490043674 0.359811842115731 0.35674190687241 0.372200064146901 0.410369598877101 0.410505487009282 0.410321102079835 0.361242741676409 0.394810508378681 0.273853711417879 0.256251241321037 0.523229877472269 0.498723128995405 0.396201486544249 0.380435674367885 0.541145501534131 0.365642505255326 0.415134671200121 0.379314349080993 0.362715882657153 0.390864474178152 0.425405718157193 0.292150729323652 0.243357359300465 0.269032844577035 0.133293234810733 0.391741028032035 0.398706833229026 0.395417352299144 0.344687200616111 0.327916734088198 0.405245030986444 0.391165212506363 0.338576316548313 0.336548897274909 0.46866106635356 0.415868963935809 0.370322414620033 0.352457604884973 0.515951687547026 0.441336234762452
0.484946041856862 0.527425920937425 0.714432140443907 0.757330398660753 0.532335218230021 1 0.687269732425437 0.671446803350666 0.690587311988248 0.700232689709926 0.391081690713918 0.460516188199459 0.523462043555755 0.530573124224395 0.522940577150839 0.589519276939312 0.528539508224812 0.565897865424106 0.553205944637824 0.515338944165046 0.472268068639884 -0.141543038416472 0.653594447063381 0.539558705324079 0.543443192859714 0.559849788296873 0.334963389983892 0.364406871547112 0.560088998890217 0.533637389314889 0.557141142936661 0.522217548646956 0.597163315454923 0.628867887408164 0.551434369311797 0.533529373518327 0.612001684114966 0.507685141894697 0.567790736834672 0.406146761327759 -0.0435216577632415 0.128280315846991 0.545047540810165 0.491714004720228 0.499390972059249 0.534442112939418 0.53703407872106 0.543563815026276 0.389264648217567 0.425620459596086 0.498861546437137 0.447493024340204 0.528426025231069 0.522005178475395 0.592004265560504 0.590415107266028 0.53433721121443 0.569122740851062 0.363437097982826 0.363831783003273 0.688181572438725 0.686740352436032 0.516232615235431 0.585633007128285 0.53273754650551 0.53929987154275 0.541493218447506 0.557020527805176 0.480447598547524 0.490112605818319 0.369287880161426 0.231891239679723 0.183163015005855 0.223868335267694 0.0674956412579781 0.293589311624616 0.409574541079557 0.499038066296203 0.544740309473658 0.539317945996836 0.611802194569622 0.568856652891342 0.461818291027614 0.484331602565496 0.589171112317122 0.623035833309721 0.500306462732366 0.576763195190319 0.583489132690966 0.584164270387474
0.626513874996632 0.610147234811385 0.918817473319758 0.865963765618118 0.577572185670018 0.687269732425437 1 0.867395778701312 0.819056764326705 0.721313342646351 0.652883346905071 0.644085638164188 0.812255530157835 0.721774186542778 0.675180704850536 0.74033661250274 0.693891836430639 0.736999021984455 0.757081761445793 0.691164466431206 0.528510972201994 -0.225535825230615 0.820269345949491 0.605988657470862 0.651947829116142 0.459888028355711 0.146290535083831 0.375820766593293 0.730794511378771 0.746789250167428 0.74599217081195 0.606690289356892 0.804943637744205 0.77250153236998 0.710972137373434 0.662125389638268 0.6676190690703 0.56160582500344 0.658313105000765 0.35853687632995 -0.168341510863118 0.213279135516475 0.620747490329986 0.556918853731002 0.590873601046452 0.576656290434919 0.569121159423731 0.623809470169767 0.457854539208441 0.515794366240377 0.618149385539453 0.574216783613161 0.596844339802473 0.627095444658425 0.698047703369416 0.690819190910009 0.620023375468526 0.674751490168234 0.514919485960935 0.430483325093754 0.868525650454206 0.786514621123968 0.689379572442594 0.764485456270308 0.632197310582211 0.630505387936243 0.673759478516576 0.634488211813989 0.628140388054783 0.68167668784146 0.566796908666691 0.382160096329164 0.404551999786561 0.407767121514316 0.245139766428837 0.44213291350248 0.57150279015969 0.633270429783248 0.617935478886506 0.630482485882558 0.705093378037816 0.646296252865832 0.595596641169489 0.648368132733054 0.734029513144785 0.706869849681613 0.585587253733458 0.653797162737716 0.778161548383956 0.734098480290493
0.469611957120777 0.501310571830022 0.806292075647631 0.922025830749756 0.465749953791007 0.671446803350666 0.867395778701312 1 0.700342458386723 0.774530159223102 0.528807095153427 0.71765662580708 0.677916111547853 0.776438547860063 0.572220592995416 0.718452058036716 0.565756810108819 0.666201108617451 0.601063883034179 0.606318079553338 0.48402502683379 -0.298073085475233 0.692722963293433 0.611503940657097 0.528948965721648 0.476881222119958 0.0319684668392828 0.275381496831881 0.692856459642828 0.75119621881955 0.706035402341009 0.626686669627948 0.734625561533855 0.751735885376452 0.575530621444115 0.641022774271353 0.601347153865033 0.493402939103813 0.634604999734854 0.337517895897537 -0.235611848882029 0.139656569203754 0.554406115456665 0.50089219074997 0.489450963260508 0.506202807756822 0.469565474307279 0.532091379657287 0.381143592736772 0.460008251070906 0.577101501199434 0.530012940384345 0.533992928631941 0.53724633077357 0.635073256177106 0.612153996750325 0.471105958506439 0.569148355789207 0.42707591046911 0.425194158614606 0.739811024503531 0.84333950084625 0.619514842232107 0.776802258553064 0.449499450707096 0.75717120386925 0.588993355295332 0.682820304660148 0.479301797446248 0.577227142689872 0.539730388380763 0.379466163514395 0.359296748977051 0.408388844714395 0.297037374311803 0.363448467781162 0.541290081299578 0.637297856273428 0.520508626878996 0.556713345253644 0.611888635337586 0.574737367135803 0.510158790944699 0.590577648658495 0.610503897666588 0.672909758692441 0.524218975921625 0.61438114375063 0.684219324902483 0.726364132690932
0.467366018677403 0.46520507299986 0.770479929658477 0.719336883296667 0.704111419749134 0.690587311988248 0.819056764326705 0.700342458386723 1 0.784372279337936 0.554031518768651 0.492123450467864 0.713260750632603 0.577060754963279 0.715239643737167 0.674933769774571 0.525097876324189 0.601961315758527 0.604080170427202 0.511739628285748 0.424827437966141 -0.149889901519751 0.686180625266706 0.445640960079146 0.531641216329989 0.344701699356115 0.244299927280164 0.357650887230019 0.514725533940836 0.563932472581312 0.533631345594881 0.494733688962415 0.64884680092198 0.586060056993845 0.641997778639645 0.55911593549919 0.571136599995026 0.499420290692336 0.547402107183686 0.302738589956229 -0.121388008014072 0.17943682320108 0.518652733535668 0.456337833110623 0.489242491431024 0.473583340476187 0.458879154324744 0.515014227446325 0.352738822459803 0.42049613897667 0.506049473738658 0.499414888451775 0.56091802203075 0.585268104536526 0.576034697178559 0.571995272843274 0.48983616551947 0.542743504878583 0.333864072993319 0.279775324496437 0.768232383099477 0.742940951251101 0.498736188459551 0.567553951415609 0.636985680537941 0.567507210672039 0.538490056170596 0.491841800448874 0.508018007869978 0.558055558060326 0.472972367172512 0.370843427833467 0.230460620576701 0.257883530766472 0.136268853400245 0.348325064266157 0.551693766196968 0.534067350323231 0.512750530911706 0.537342050607212 0.540283959012672 0.530239539647026 0.475310831574289 0.506758224310587 0.613109031687913 0.609462442213729 0.50127777867411 0.544232978064783 0.725782510576324 0.670098408157158
0.349285220132398 0.358762895705693 0.63210305018273 0.789518660936941 0.601413545161239 0.700232689709926 0.721313342646351 0.774530159223102 0.784372279337936 1 0.452856736129513 0.621147663492991 0.504852947993043 0.57754938746656 0.541274381546916 0.665082353730709 0.467845126349564 0.591102113406556 0.513817257387926 0.472000547753945 0.471801993398982 -0.214996796353029 0.548129531654577 0.395381655442915 0.377134374821219 0.322342884639263 0.082178682585866 0.218551348476136 0.547485571905804 0.677096433932358 0.59166610842698 0.563256721318469 0.672224072236946 0.679214614823959 0.541741166750169 0.625325575266274 0.614072350526669 0.492295509553714 0.622471891936386 0.238916282944758 -0.372094711049058 0.120509105714366 0.437130169231142 0.382841115240739 0.391707713218818 0.414096463871796 0.361580991424753 0.441586167780363 0.266951468027717 0.348481239943487 0.471028675975761 0.438054844268641 0.493154643195454 0.475173747133353 0.575688192056704 0.570738762262813 0.40726387302193 0.468835584203812 0.279481594880223 0.229000020309411 0.687376602340967 0.831177900624908 0.501540131010728 0.638822044340228 0.427247277183124 0.578149083917335 0.464891466593309 0.536906754891712 0.426598059255521 0.541763177341898 0.45294004586276 0.379844440727713 0.25266388905256 0.343272101558472 0.195328142095355 0.285269193449793 0.649328901348136 0.718331062045779 0.546469784471324 0.475612804788442 0.513894966253193 0.476163663468859 0.451681558277812 0.513416022540267 0.524454030199449 0.594979056244355 0.547435420911715 0.520990654525585 0.653892095033199 0.745116592251622
0.724396966979446 0.650833586989586 0.622885554117869 0.605404422663754 0.429984650096175 0.391081690713918 0.652883346905071 0.528807095153427 0.554031518768651 0.452856736129513 1 0.77498157865689 0.78077564188297 0.647274432317812 0.617368545070162 0.61215694957225 0.687939667434793 0.676217794249758 0.7522388898369 0.662325217041014 0.299205002065919 -0.0940214436945468 0.698566415122303 0.499190792117226 0.452272506049288 0.294568997707097 0.276413105041209 0.355576877044558 0.690298783334306 0.644848545663127 0.556192242387398 0.402979140536745 0.519983846956846 0.538665464876853 0.385495151822603 0.35378630659142 0.558631780749605 0.537274162841949 0.501128547187235 0.394593132277022 0.00958292538646661 0.270590956461253 0.416535019701503 0.399624017001338 0.363835499092734 0.381397704178842 0.424973071911869 0.422085691648411 0.294848098493694 0.316950158912077 0.385513251674159 0.353688768186508 0.446738163744302 0.467534963004087 0.552912883577796 0.536945885384501 0.570236751267927 0.612394509890148 0.360854072552496 0.300525004089631 0.664744953829359 0.475542630541472 0.736238325616683 0.626817074020327 0.5301820692867 0.245057197795097 0.329524522513276 0.365400328521788 0.540163535177026 0.51998083428228 0.349913493355145 0.128545246152926 0.2836309367759 0.298784419278774 0.223027291254132 0.456848434776079 0.246118829879747 0.348342813393023 0.473095095301064 0.517298313767976 0.638755465852826 0.61329412152991 0.627207087107683 0.618156266428293 0.701723246830759 0.563348013400903 0.541700120001322 0.568340218240862 0.617109941803946 0.555784647099631
0.547397147601969 0.517333676319298 0.596798660182325 0.731081127603685 0.348284930196889 0.460516188199459 0.644085638164188 0.71765662580708 0.492123450467864 0.621147663492991 0.77498157865689 1 0.649870738874971 0.729411589400111 0.473070092144026 0.607506774512572 0.541926157833315 0.625071933622926 0.596106735743795 0.583064473916537 0.386927280611917 -0.208961140020411 0.592349905979483 0.484384111684958 0.325830934008575 0.28218113606592 -0.0129086377404326 0.207301794222282 0.656561268690553 0.731554052211184 0.587227635745037 0.501164254308874 0.546369463593845 0.605445639028726 0.309703183381758 0.411401916248894 0.621423293766839 0.547733463606873 0.621722830825145 0.312014162025617 -0.271023439447021 0.189393365152392 0.361723728201196 0.308866340017836 0.290652380134346 0.343501013183768 0.368424324230807 0.395214953344946 0.329040721473408 0.36331155613919 0.481219005194957 0.415159451186156 0.5016245175519 0.463365901267579 0.630509197793212 0.605612898502346 0.420706113891917 0.503841675978895 0.402229397231154 0.331911915233355 0.68376941215907 0.655699986185964 0.643811866286134 0.701786292651019 0.378262015081833 0.396051779693258 0.288269060438183 0.397941925814762 0.432174760424163 0.485209364216715 0.319524062604793 0.15818311393188 0.289932542836311 0.3778120331843 0.170425491037505 0.347942524302794 0.369371280235192 0.540417862145083 0.411910837443584 0.424361767578216 0.55823306564915 0.524438410937197 0.521368606080341 0.635725092638798 0.61786670147412 0.600173430442308 0.586276306410649 0.581512664676588 0.643293450920115 0.737014003307383
0.633436865744121 0.638583504275978 0.78242972382881 0.687037120736462 0.494647046788487 0.523462043555755 0.812255530157835 0.677916111547853 0.713260750632603 0.504852947993043 0.78077564188297 0.649870738874971 1 0.792969016015472 0.817771952451564 0.743579341408131 0.674811073216425 0.675119975365261 0.792910861811986 0.681937459401298 0.475663002084591 -0.0602109119789923 0.83788477624404 0.616588653768736 0.560811943502495 0.378418081010407 0.30957690324852 0.446753579558525 0.668717611516905 0.625691736013638 0.642282098164951 0.495221204663364 0.586545519575895 0.580034335668143 0.489785651404501 0.412879439567728 0.553388286092782 0.56003150706779 0.512740528052405 0.460403634706771 0.0606310624320349 0.256601104012991 0.550087857144798 0.532338614104902 0.479749813182576 0.468697908565409 0.494732780391189 0.501403894265086 0.405291003090309 0.425122202271464 0.501895975205249 0.509497181550627 0.550187658659261 0.642415625236597 0.587130332368044 0.553046135452806 0.571731200892438 0.629861662113999 0.441158073633836 0.372080786899319 0.686480001041813 0.535936037123037 0.671410479785843 0.629278652931751 0.635736779608318 0.432036250515332 0.510619623347153 0.473132427689107 0.553390317433129 0.559943632189197 0.510238413996703 0.273359369106248 0.41964857791665 0.373457101085196 0.266994551246644 0.5238813872772 0.283095129928433 0.340346317644417 0.548765050498021 0.610998074453551 0.693953937947554 0.647413714640255 0.654740502333429 0.625856343415132 0.741809670414279 0.567659377830926 0.524854470778923 0.605111470595575 0.665662097040967 0.545192955245383
0.609383301250896 0.668321880427091 0.722959369059461 0.760206667734991 0.400335728663488 0.530573124224395 0.721774186542778 0.776438547860063 0.577060754963279 0.57754938746656 0.647274432317812 0.729411589400111 0.792969016015472 1 0.677146195724221 0.85722028663091 0.68838291099424 0.733252451174727 0.749391979304816 0.768622889276816 0.52122049979427 -0.126347123086417 0.778051977664295 0.807005066512158 0.547802233423554 0.492691142889165 0.250340439883391 0.470598483198247 0.767523108308347 0.767984678953555 0.739937262679019 0.575454976500806 0.673328918766842 0.744342145732852 0.502241988537249 0.56235426545669 0.600366059131224 0.601831404023782 0.67419863177507 0.478944317126147 -0.0437980969384296 0.334907069000424 0.623490171134759 0.61483160398013 0.549148694110123 0.564914255084394 0.540886935255722 0.565435778310471 0.416159772290209 0.460790424523158 0.564300300825518 0.50098506916476 0.52270879793035 0.562650719252136 0.633391196161416 0.582822389699267 0.62676686299303 0.689177452617264 0.486176414721027 0.418141800880929 0.628316810585957 0.578144212386655 0.773488419524799 0.823904850108357 0.48588371271855 0.530420959711377 0.601296608390393 0.682920554904615 0.57644637407951 0.63964324188603 0.51236963267597 0.283390690318507 0.449992780738625 0.449000212962209 0.340492508507907 0.476692929247695 0.330173963978145 0.470932333776012 0.589689419560768 0.686000357381565 0.760419820653264 0.748376094608947 0.697293669561867 0.740607243527314 0.742577648156483 0.728708001318764 0.584143424038423 0.720774712043037 0.623026361722235 0.615007996821198
0.515815483234302 0.569554348799932 0.702071779298846 0.594541240184725 0.554437756340083 0.522940577150839 0.675180704850536 0.572220592995416 0.715239643737167 0.541274381546916 0.617368545070162 0.473070092144026 0.817771952451564 0.677146195724221 1 0.793497313518147 0.580187806193038 0.625482767001034 0.66756681915294 0.612672243429529 0.437402465945237 0.0552325929965822 0.799463143199444 0.625899307258809 0.592304441535182 0.486242439887772 0.362273896673871 0.447416555939671 0.592486486361041 0.569406442760569 0.64806097447965 0.559505888962212 0.591987860335683 0.578930098005556 0.515428917453287 0.445912496126939 0.577449924935177 0.556485901540934 0.522125403794936 0.463041855170437 0.00490168060403928 0.186947949481142 0.527033578197754 0.518533537133078 0.448450980962172 0.475918792471747 0.475084149445283 0.481728357189781 0.346130004571222 0.407945089127003 0.460329554730814 0.470347325420537 0.508548692625803 0.600539520265904 0.552694658104926 0.512743503931387 0.535635102945474 0.588522749630043 0.355569789563721 0.307426809119543 0.57760306328628 0.489163374764849 0.613010319967842 0.581881964961168 0.639118605474248 0.424773026314425 0.492071000820284 0.482340314598812 0.522362773231435 0.560815116767571 0.472916861761696 0.320283952163987 0.328917447867272 0.332325423612568 0.269265154086325 0.446215012144317 0.346323365557449 0.397911028563176 0.533274539127884 0.635391043437951 0.643727980979319 0.624392069431506 0.650439618484573 0.616399050749759 0.686795382857072 0.580927567650014 0.554788428859991 0.616275517950834 0.672846187513443 0.53229188057921
0.636239871582651 0.685393713807205 0.783579290041498 0.779555893939509 0.533432859421639 0.589519276939312 0.74033661250274 0.718452058036716 0.674933769774571 0.665082353730709 0.61215694957225 0.607506774512572 0.743579341408131 0.85722028663091 0.793497313518147 1 0.693089360687535 0.765183061517641 0.760297143223498 0.756035479215886 0.561520747237449 -0.081513199609828 0.835389788225495 0.795560328373849 0.648925097452976 0.54010971031849 0.373044433585938 0.557018583589126 0.727920939492225 0.751353341692954 0.758209281407541 0.600718793928936 0.747322726803749 0.774397499165784 0.610610308258311 0.644858465171724 0.675603365074559 0.62768302197549 0.726061493555395 0.517629861821406 -0.0791441093117768 0.285841598105619 0.696338045669542 0.665552259391582 0.622333012997342 0.644798495138863 0.624703591447506 0.656531727546391 0.46063919242752 0.537512671201271 0.613093897030792 0.562134260948426 0.582811311370197 0.599613783055957 0.719367816802072 0.676564326727707 0.674510644627111 0.730645769489242 0.506141640016114 0.433579747351185 0.664488914488508 0.57937383873719 0.738066976129995 0.791031476414434 0.59474854040303 0.588488150923817 0.682694521272153 0.709610182614061 0.643533696370361 0.715658350296164 0.52228501944777 0.342577378019178 0.369767241426818 0.40867318896507 0.299980271106733 0.457770196952995 0.45599448589016 0.568410998182255 0.635245118730553 0.702570815659209 0.762365568004718 0.765402034768141 0.740952811383024 0.773563896900636 0.76368636188852 0.754023862552932 0.682711168259222 0.771966632334133 0.705126896143223 0.681073825563352
0.84085570502076 0.820725556689985 0.690420466967914 0.660826026062647 0.398869647459525 0.528539508224812 0.693891836430639 0.565756810108819 0.525097876324189 0.467845126349564 0.687939667434793 0.541926157833315 0.674811073216425 0.68838291099424 0.580187806193038 0.693089360687535 1 0.930359167736871 0.880829175682031 0.843908248758949 0.561930789413682 -0.0472477350559289 0.711562394333739 0.577682345852369 0.599799226477116 0.44603777817825 0.267410775941904 0.467586446012198 0.884433001648318 0.823525344965029 0.723082664742041 0.533058902304816 0.806107121853254 0.825174015629829 0.615480627070476 0.615350432345225 0.672816980331378 0.626684089194545 0.705740544288959 0.46845069109875 0.00587582076467031 0.447694308146328 0.68482006171759 0.658348329084379 0.708061451291285 0.693842255182452 0.688476177954226 0.698555476035199 0.458502924657573 0.488956151392843 0.563585033178572 0.467735397068464 0.50168767119428 0.472004189996099 0.704192294446015 0.656800710396404 0.891336945753346 0.889485784434849 0.531693736907173 0.389668428944489 0.714498296408935 0.532360340919079 0.848129938591982 0.811092743910756 0.548245505264867 0.37708619107637 0.68564667791388 0.693629702846299 0.798353563550257 0.790865914314435 0.430454204928409 0.272171392590156 0.434826350787506 0.423065288542928 0.256991044485749 0.433862509456917 0.38098797608979 0.51651801568117 0.813982621991233 0.792665366582447 0.91422554305474 0.837274769543472 0.746852974962753 0.775491286666466 0.781105964417045 0.707520589806231 0.563930493164586 0.651649028212725 0.629550944241735 0.56703116675219
0.793533946904504 0.829839283506445 0.714537389524732 0.750701181190827 0.422228723501309 0.565897865424106 0.736999021984455 0.666201108617451 0.601961315758527 0.591102113406556 0.676217794249758 0.625071933622926 0.675119975365261 0.733252451174727 0.625482767001034 0.765183061517641 0.930359167736871 1 0.842595729178543 0.838545248969695 0.588362775272372 -0.160700932581923 0.716600423296101 0.570993242973466 0.611846813914402 0.509092020689368 0.177278585088509 0.431089519666437 0.884153142004235 0.921363493237466 0.783825216739944 0.647265140593676 0.874650083316191 0.891737015713722 0.644110325867696 0.705828191035663 0.771759716891109 0.680307841043968 0.81956402983982 0.432660519145216 -0.162801904655161 0.453353211389475 0.701357731156534 0.679147278196193 0.679602326971016 0.700073297819324 0.669234517241624 0.728130564178825 0.441797988507611 0.50711968446555 0.592070508352758 0.510562470691818 0.565976225168999 0.542361601165144 0.790242772708103 0.726575190884594 0.8494024800881 0.901207768868542 0.495992390410772 0.372297327711193 0.771931424796874 0.651973338265109 0.812750179520783 0.872946106735832 0.568941750499275 0.461259846704562 0.669430768713262 0.72588446797024 0.780050129012521 0.830165873969333 0.510776877572349 0.392563106930945 0.425582265268628 0.508667888119999 0.330595405990187 0.44798277762464 0.528611922596256 0.677915344723639 0.831177020764337 0.82228748668106 0.898501639764004 0.839306535599852 0.753245111805905 0.838620066623165 0.775300872694523 0.763561688001797 0.661735508149329 0.703712415264902 0.686210639038149 0.676421092567213
0.831854302079528 0.812386364092442 0.740815787668186 0.711201658000866 0.455750579279977 0.553205944637824 0.757081761445793 0.601063883034179 0.604080170427202 0.513817257387926 0.7522388898369 0.596106735743795 0.792910861811986 0.749391979304816 0.66756681915294 0.760297143223498 0.880829175682031 0.842595729178543 1 0.925500956210686 0.564464742101628 -0.0162963817313895 0.815962876378458 0.675891910430142 0.59076218421893 0.403332445386752 0.346737007202623 0.527517846899352 0.817068527354689 0.771594788775068 0.73466810233836 0.537147331822711 0.778208578430495 0.799685259409226 0.619455497519499 0.613796269858384 0.655774734652958 0.648577293306835 0.643749792269742 0.444942457252353 0.0346698839026695 0.384880221829613 0.687686089878642 0.654990925927308 0.681156486860135 0.667046262923591 0.661865764639476 0.676242904658406 0.494733513209366 0.521202054949912 0.588926597296215 0.518048901354275 0.579674990600871 0.561074598295808 0.701112854439139 0.659712282144238 0.85559034491553 0.851777179438755 0.597262636882653 0.469966388507125 0.715356196266861 0.539948012073426 0.843698227830463 0.782719501444501 0.562857896622952 0.404322341265301 0.705296761770531 0.661078385768304 0.842370943710049 0.818290617480155 0.470486866417645 0.274861806839046 0.424156604046543 0.418261607506825 0.225854411008518 0.442672653953779 0.413116689609179 0.485354448957082 0.73771709180377 0.752012961683855 0.849766217386366 0.790042429907674 0.742220187655418 0.751905435712442 0.782342248519075 0.692321393378837 0.556505305352034 0.6756840847691 0.691176974173691 0.59941105100712
0.799757526703023 0.844168410492652 0.697163023900854 0.705100628078642 0.373593581978386 0.515338944165046 0.691164466431206 0.606318079553338 0.511739628285748 0.472000547753945 0.662325217041014 0.583064473916537 0.681937459401298 0.768622889276816 0.612672243429529 0.756035479215886 0.843908248758949 0.838545248969695 0.925500956210686 1 0.529213113991154 -0.0260246521827687 0.752815612618235 0.744431794118722 0.577936908375694 0.462930307321627 0.308559333562617 0.514729371470454 0.825303292831128 0.788643886361853 0.7439024599059 0.56015472188861 0.785715091259888 0.838744160437793 0.588490493674818 0.639836184333016 0.633059952453653 0.641474222098245 0.655430667329956 0.45517673269249 0.0085038766342285 0.386008206012122 0.694053578992904 0.664620496300633 0.692365822043985 0.706266481011378 0.670832760158183 0.69772729654447 0.526512569778952 0.559123788583941 0.627886474946806 0.499938944231938 0.542929387954789 0.49252123807932 0.680416421257627 0.634057296498614 0.867378934611386 0.869276902744198 0.65016562232147 0.530236584477575 0.661267629518477 0.517776376956373 0.845672787102735 0.83471043572262 0.484418949867121 0.429298669458914 0.734990113604248 0.712075784558916 0.864021769514771 0.851617552001876 0.443290237442551 0.2708833415347 0.417953104297945 0.461479798514849 0.24023287162355 0.431465219393349 0.393444452597788 0.490431367267253 0.697247952497334 0.741114316205704 0.845672471739484 0.80579491892867 0.738293860663341 0.770988433041578 0.761045852311766 0.725328021021943 0.536538688880963 0.7075932431294 0.679572519198552 0.609231040973272
0.449330189031753 0.483605253242302 0.511691117854716 0.533709171466099 0.296429286853724 0.472268068639884 0.528510972201994 0.48402502683379 0.424827437966141 0.471801993398982 0.299205002065919 0.386927280611917 0.475663002084591 0.52122049979427 0.437402465945237 0.561520747237449 0.561930789413682 0.588362775272372 0.564464742101628 0.529213113991154 1 0.11150675892843 0.503385460512888 0.406175169858483 0.441844327389873 0.41719946436741 0.17397018784599 0.368154264442346 0.561960864755542 0.586107784711666 0.641106083470809 0.513682830982699 0.608659678708209 0.614461696221604 0.425924458496401 0.468481952541138 0.53475903797605 0.502029754952878 0.535831977259623 0.375598985376659 -0.0187104121776084 0.320504942868121 0.474194273171238 0.41555907356445 0.431193208667387 0.417625705496237 0.409775469996387 0.443791318192029 0.297743519885872 0.323404876170672 0.41448168977048 0.359419326197187 0.419261026557643 0.412912565712692 0.534639067770112 0.496288812058364 0.486976415663654 0.522177444016608 0.334017020117572 0.246888646797775 0.466924617841717 0.394219194897157 0.462063728079132 0.560431218860114 0.322691288580425 0.391270013582316 0.495263785378807 0.483874903240817 0.449699968356734 0.51015275342095 0.525211630339434 0.402237498891966 0.429120981696821 0.44505095966712 0.155658042637236 0.3702197988963 0.335143161334313 0.428237739401941 0.544755743199268 0.552224451251282 0.614892028977015 0.5953364805125 0.502077334371189 0.542054671089052 0.506640146780032 0.463241052230538 0.399209500893342 0.466540641809391 0.441273093145658 0.479963467711116
-0.03634664529207 -0.0299715810658847 -0.177945239625031 -0.259412916507949 0.0008177527428136 -0.141543038416472 -0.225535825230615 -0.298073085475233 -0.149889901519751 -0.214996796353029 -0.0940214436945468 -0.208961140020411 -0.0602109119789923 -0.126347123086417 0.0552325929965822 -0.081513199609828 -0.0472477350559289 -0.160700932581923 -0.0162963817313895 -0.0260246521827687 0.11150675892843 1 -0.0387778258581738 0.0371603877443757 -0.0602567976885288 -0.0181170775782469 0.177519855044732 0.123524149884919 -0.0762610454585 -0.197531536357282 -0.0248847546050565 -0.046291923609971 -0.147104269660063 -0.153994578608276 -0.234426053440645 -0.240271811882932 -0.190688767140155 -0.0502354251402166 -0.280488373297308 0.103612097849862 0.326039253509598 -0.0320754361749391 -0.121697461002338 -0.116574288535635 -0.126045755910613 -0.124569441466367 -0.0965066608444926 -0.160436925932672 -0.0624074025873698 -0.130838996584369 -0.170929576552617 -0.189479949071612 -0.143091996513085 -0.100701630021352 -0.239239393805993 -0.242175348051321 -0.05358106535991 -0.0882160251054649 -0.0717026734998229 -0.074970185697753 -0.258771674381541 -0.338018707695045 -0.0585100662520682 -0.149353557427605 -0.157136061586886 -0.248837599042355 -0.0924336990171489 -0.175412136781296 -0.123558177785631 -0.172830687416451 -0.0819781813683741 -0.0848784389867143 0.0471045051523703 0.0584631766471401 -0.163007485232113 0.0636244472370318 -0.298004195860428 -0.347382606272321 -0.060195407900367 -0.0119980290040921 0.0114353302591622 0.0233155766263984 -0.0493945630655766 -0.106161889119759 -0.0914918842805983 -0.17228513531225 -0.263012717772658 -0.183538804177766 -0.162358248696743 -0.23509135594549
0.713977858556374 0.734049456267724 0.89243881104886 0.767722718234045 0.553371346364814 0.653594447063381 0.820269345949491 0.692722963293433 0.686180625266706 0.548129531654577 0.698566415122303 0.592349905979483 0.83788477624404 0.778051977664295 0.799463143199444 0.835389788225495 0.711562394333739 0.716600423296101 0.815962876378458 0.752815612618235 0.503385460512888 -0.0387778258581738 1 0.815001911430636 0.798984114957114 0.611696629647738 0.4357839898183 0.605307794009733 0.725452346413361 0.67025824315583 0.763858424985536 0.612671091649338 0.684010663245907 0.714100465963665 0.639612876499862 0.567053535208673 0.689074581669405 0.645150205502762 0.657583967215848 0.558375427041568 0.0628473664994583 0.264644643840389 0.635260919595761 0.59797090995386 0.601150964398702 0.590531536833675 0.638406846319194 0.627104863567033 0.461264123908479 0.501052618463594 0.594991928046089 0.554953403142892 0.581621108755972 0.617248581639318 0.701584109986067 0.680055854987062 0.687461073383158 0.737362137655257 0.528092483667656 0.447599039868479 0.726394812639258 0.5558195195269 0.72975160043452 0.716616232233845 0.742151825479647 0.528819651533546 0.658894555169603 0.641028999026237 0.650772952941115 0.644404079636235 0.48334442039179 0.21594311935162 0.410635698635123 0.401334779684338 0.248219403402198 0.479000056605812 0.31918696234456 0.436691829823359 0.57254155436312 0.685695859002325 0.771150127113613 0.7657196713481 0.733619882087544 0.712852774775592 0.84022409877429 0.761326523896638 0.65634750223375 0.776634999445048 0.725297069302514 0.616552044304656
0.608493426056588 0.659225979169054 0.721850903649308 0.67335899136948 0.371026962881604 0.539558705324079 0.605988657470862 0.611503940657097 0.445640960079146 0.395381655442915 0.499190792117226 0.484384111684958 0.616588653768736 0.807005066512158 0.625899307258809 0.795560328373849 0.577682345852369 0.570993242973466 0.675891910430142 0.744431794118722 0.406175169858483 0.0371603877443757 0.815001911430636 1 0.669575877355482 0.637342972701113 0.451106617124401 0.593395534719211 0.670684533392076 0.563397143188542 0.693884878553097 0.531613001981939 0.577027941186955 0.661630655972562 0.52105452897671 0.536427900207664 0.51497578236465 0.540028004437659 0.533551483945637 0.567601702019954 0.150441478704405 0.279422493217988 0.587454649932378 0.564537222609068 0.559952935667532 0.56897949480488 0.575902969979787 0.54872636217452 0.453497563232606 0.493271905108725 0.544960378683628 0.445767202351117 0.45751853482409 0.448168449875829 0.555798493216008 0.51948249872544 0.611787437045409 0.647101671819467 0.561372999040052 0.524558823580293 0.517119364990917 0.385310474156449 0.692744006433457 0.702003563450075 0.491831258573625 0.528151408609584 0.654938756488131 0.68307348097536 0.550050043016534 0.54304977248693 0.407669479941216 0.141366619182187 0.373656849382833 0.350190493568034 0.204117055412332 0.457099823263177 0.179712202973 0.311936457374103 0.44227115316882 0.609195108219377 0.677726648993262 0.716116373993725 0.649199461784608 0.621076042723966 0.705551651541752 0.70045029814432 0.506923471716578 0.739169298232272 0.571702592569494 0.482314517736232
