1 0.905003818663844 0.378975786974912 0.583886214567392 -0.145849881679775 -0.0897105435510087 0.408517130835486 0.492857056393835 0.154313383826796 0.0323331448648924 0.70158908393159 0.523671147554737 0.571042829576596 0.507570579197084 0.419295271571963 0.366880585122907 0.916042080599656 0.878861759222103 0.847647186933804 0.897706693701056 -0.0163556249838765 -0.25022928268966 0.291911165643546 0.346308469217325 0.144234083786799 0.082446031187103 -0.30908102572798 0.177899142566123 0.713223518585082 0.762729325748656 0.242018952020251 0.122146315150157 0.604579607996335 0.550490624298298 0.154636412824996 0.360620301966895 0.519162457753971 0.589923160932023 0.598369119555008 0.598385726937139 0.453526261511504 0.115158723716436 0.742328328705154 0.759615425833417 0.729554884200355 0.760512005413087 0.867752318981971 0.820676634912588 0.697373763377914 0.664131609508774 0.573191491707748 0.655497206864753 0.677638319852825 0.62920957683006 0.815163056508063 0.841094225143717 0.936396260876969 0.931066786501494 0.688640295558011 0.699428814992396 0.492255378836319 0.301107284477834 0.80511658836159 0.436150152676029 0.194877745717233 0.14967938501075 0.33118924680578 0.548570750177698 0.894245929189216 0.852710286789264 0.170558851840421 -0.0732204779397976 -0.122497135351507 -0.0132786182549583 -0.122609130669011 0.00306473784557089 0.239289514301495 0.403235148025657 0.794493302799491 0.752615314862078 0.848767697363983 0.804344103601453 0.717674663062626 0.712994235273712 0.749071758905796 0.783778965886395 0.27920495321501 0.497849289405307 0.657568696038776 0.800645641825052
0.905003818663844 1 0.183083336492524 0.412586855730987 -0.216246574995274 -0.132098739105598 0.195654665309208 0.340331919747473 0.0730973891708036 -0.0716852812474822 0.558811181292256 0.453196447491343 0.364991702404264 0.398976744309758 0.231058099779096 0.242812809580383 0.90913455449814 0.898591724697185 0.71926162266097 0.87399282687711 -0.0530863225144453 -0.232442102720701 0.124096570999447 0.167641218306454 0.00649997953448253 -0.0277708616505725 -0.322517447903932 0.197863458922033 0.686424892477753 0.76315195574632 0.0490487997627521 -0.00801035983653885 0.441389939035956 0.405344315399987 0.00721613485917917 0.161168103671063 0.39783827797822 0.505456801531536 0.479904221962429 0.545285263130579 0.412393485012236 0.200041146525871 0.610694190532855 0.668590583037558 0.647120025923177 0.708056222147446 0.79242198471274 0.729381524124025 0.597488340175416 0.564015068757253 0.381328313930199 0.543944400343875 0.544638093560215 0.501230872594557 0.717404556504658 0.745242565267625 0.915360976859755 0.925803527934198 0.535199046870031 0.556950214638937 0.275395186697077 0.16290218466735 0.697387437582361 0.350715494125433 0.0161751104330693 -0.0357474905206891 0.141164578705761 0.348547861484992 0.870415591153804 0.818346662835967 0.0905906117996402 -0.149931458349443 -0.194669288330214 -0.0395005386615558 -0.101589275685363 0.0260903978447453 0.189401084114409 0.29146569237042 0.790038007016866 0.696713452692478 0.811499818299058 0.772662524819082 0.560418416203109 0.704313199536675 0.616666351656737 0.727640754086864 0.151441668091203 0.455858459473795 0.452592435234219 0.685004494205526
0.378975786974912 0.183083336492524 1 0.73510573656089 0.196926509379693 0.257639064234112 0.861000330183574 0.64204759180699 0.187965977076048 0.454270258666334 0.518178513525331 0.321382787243972 0.633010526781243 0.426776699201833 0.749093661785296 0.554087691004051 0.23733443918036 0.207498609206159 0.615598823957963 0.334460525846354 -0.0115621446814417 -0.11742328484474 0.877790291132718 0.823675134056784 0.629609871535644 0.487697743909515 0.0656092992740696 0.152598447734377 0.330902627673016 0.313593164141287 0.819589502290358 0.643054757148955 0.708910680609386 0.657997908273884 0.771308646550361 0.626208330909829 0.458697000611666 0.42869901267962 0.395125048392924 0.442875194971882 0.243031643605097 -0.0430202501810597 0.548982666978972 0.449529447488065 0.515851401181693 0.437329439943061 0.388540395509138 0.456657740054536 0.517910745351326 0.493754126186758 0.650984729818512 0.544343817095616 0.55634825734044 0.546959182410593 0.490917720214231 0.481324256858868 0.337815794149889 0.330933256133713 0.611579018843158 0.551707437022135 0.697593375387614 0.59775171292267 0.457561954703358 0.290993935074084 0.878686865753831 0.661655153339633 0.782600473620335 0.688111140489947 0.349578576230364 0.388185975473211 0.315774203773603 0.237766945902144 0.0738106501449181 0.105649046510992 -0.0706984353232509 0.0556275099497834 0.320383603900877 0.359742615980678 0.285106518084601 0.381128304228413 0.327528912483788 0.410007075168179 0.502111685143554 0.370545947953255 0.635641664387861 0.482266028174767 0.407947004182028 0.512927743583933 0.746948408577698 0.600478059691047
0.583886214567392 0.412586855730987 0.73510573656089 1 0.0554052395591571 0.203795871035295 0.723561650253442 0.772466904079919 0.425590043721625 0.515723759226776 0.634133901363034 0.626922398721222 0.684534597900909 0.598770644716447 0.669312401459463 0.629132399989371 0.434165397337928 0.393025172940408 0.659517318045376 0.541849767174194 0.0190673041223014 -0.284852177715034 0.682410597296773 0.751867859348477 0.401903444242761 0.467698764937397 -0.171467892013235 0.180418616925783 0.503046976895295 0.510209262698086 0.710999740878182 0.538680390640546 0.665485349313416 0.686097201977366 0.62259721739322 0.559279309636417 0.513991349480032 0.521286411793764 0.572449123362618 0.572704007690461 0.308066136713259 0.00860688407338856 0.600409746421797 0.534020998198475 0.535146303216992 0.491853124614827 0.547541338002473 0.54889956150376 0.553918373870165 0.500011132485515 0.628569236781013 0.534129217303653 0.539997267927935 0.508210313524244 0.577985064204377 0.588258035653687 0.482038283232319 0.489306206401524 0.647197973996641 0.630264830961896 0.719613415158152 0.703203361128097 0.526774432277942 0.366762424670302 0.625465165427347 0.693050798528197 0.70697739141607 0.714080191110283 0.502729282012391 0.44288693784048 0.364349608570906 0.146193827957515 -0.006496322735762 -0.0245570191547292 0.0443608343883328 0.000161839364901192 0.240793863261215 0.417054687834334 0.43298211104465 0.486493849812252 0.487788765248027 0.534484421910987 0.559485426104053 0.495337387450874 0.633280869150449 0.554897897074509 0.311036220898907 0.581388370629502 0.723632923001696 0.700671166774363
-0.145849881679775 -0.216246574995274 0.196926509379693 0.0554052395591571 1 0.40612448671827 0.239008464040768 0.171720916310589 0.0615706315443519 0.345170695097631 -0.0462080593172978 0.0203043159450265 0.100197466369389 0.0341635359107512 0.178633367665245 0.0606430613726227 -0.174969031029569 -0.194579704239189 -0.0318879242573919 -0.16852208467486 -0.0686118296275695 -0.0986363917108168 0.170024558207651 0.206811777607985 0.472430977344425 0.223368867385674 0.281324811610433 0.0342334346548071 -0.0475961211437756 -0.104774600013031 0.253533972880452 0.257236443817304 0.143071918599614 0.153137681735064 0.211563561887129 0.148788037051895 0.116952263310067 -0.0408443996786448 0.0359757139481347 -0.0119180766002763 -0.153644518452036 -0.101612393440877 0.0229399935770594 -0.0292007468571678 0.0397035394030468 0.0440508260574174 -0.0939583424017131 -0.00594409935807447 0.0861069556139139 0.079188215743338 0.174387945532338 0.10349352245382 0.0965542976114061 0.109225296043472 -0.0394392098855167 -0.015604526884908 -0.121869240343422 -0.142806981183374 0.110371474063035 0.143721861429208 0.220124687659252 0.233811591492561 -0.0494176591932869 0.118037719922291 0.243928365014549 0.22108655571478 0.241835090831884 0.181984572552848 -0.056533097289562 -0.00305957915034872 0.0749458222600273 0.0982437140220872 0.0115328290845273 -0.0645461091347116 0.0536655138951615 -0.118068910807 0.171490082419166 0.176295266040513 -0.077163934250217 -0.027406445765623 -0.131361218940445 -0.0953956743998557 0.0171605546620096 -0.198571918154966 0.0680651196501454 -0.0439591301794413 0.164053354987503 -0.0281069699486882 0.164464222666864 0.0117426759855554
-0.0897105435510087 -0.132098739105598 0.257639064234112 0.203795871035295 0.40612448671827 1 0.233198191392225 0.19534944725303 0.0971671987329689 0.464500464325461 0.0741622943693159 0.146365360843052 0.188529825970255 0.186209082660273 0.310520880313427 0.364706049247675 -0.0950256730104853 -0.137673633256136 0.0594094094165076 -0.0784489807559431 0.123718306699635 -0.0520647667088572 0.317922284631338 0.339918954944932 0.409878860165675 0.249004346043204 0.273644463849764 0.327781705450442 -0.0165125597934977 -0.00445169343087391 0.390764720648483 0.301555743647315 0.243106375321755 0.239627856351469 0.331897510945531 0.229536214107636 0.134132904597774 0.0150326896700494 0.0260932825586638 0.131613156207444 -0.161352447697267 -0.0554865070275677 0.119754156915343 0.0676158342668755 0.0471335759381791 -0.0155412552460673 -0.0498113314642951 0.00815666478647735 0.168451859607405 0.113577874203535 0.336602575420946 0.174162366895912 0.171792874016554 0.157013172711388 0.0689001518712418 0.0470803833878181 -0.0656784320222474 -0.0899422586089531 0.25706596748206 0.243757976034396 0.314474334142013 0.306135470629645 0.0605728660496364 0.111222338433084 0.301908291172646 0.424518102086864 0.43518148855059 0.305553702405026 0.00451987053298541 0.0348906169941422 0.0222523097070877 0.00615529083086497 0.00702270310987635 0.0133866235492713 -0.0172723144532261 0.12574200016924 0.252071859831995 0.264981266974243 -0.0566797398716185 -0.0132163939328797 -0.0915541326939512 -0.0408438660645333 0.07791786040917 0.0404508657105318 0.186646425553979 0.096721622877095 -0.000440321003226814 0.158625367642903 0.261791242871208 0.0995558280852454
0.408517130835486 0.195654665309208 0.861000330183574 0.723561650253442 0.239008464040768 0.233198191392225 1 0.828303521823236 0.275591355118314 0.514650531052422 0.624165309766499 0.462636015517056 0.765812697687338 0.550007566513939 0.653989116094232 0.459441877489859 0.292639438979383 0.286409218889708 0.655597908004123 0.410591137064027 -0.0037078888661769 -0.126196604547745 0.726347006754931 0.705081344256503 0.476083033156146 0.3311462187563 0.0593042242225779 0.101162459891469 0.481197269614035 0.462360222988925 0.786702107329365 0.596767849347914 0.779793861377728 0.747678415542695 0.594444365461925 0.554855752003334 0.431305489848788 0.433045830823202 0.445523927713667 0.422779754308335 0.242388617238366 0.000791581024037537 0.553809940260562 0.44401144266688 0.522194940667656 0.464495240233973 0.428372180214364 0.4829222172806 0.514260308683839 0.493484389132929 0.717041479823061 0.541316927640074 0.576280261903645 0.553252445197914 0.552116355876558 0.51435992675558 0.313366574425533 0.34112536951293 0.633887118460453 0.616819334425855 0.82216890872374 0.719024672461042 0.560656419873574 0.551279835406851 0.709132391242781 0.590705938732317 0.812127999899828 0.750719087521371 0.32617226502526 0.373526094850335 0.276621890060912 0.164217136249446 0.122296247490297 0.146682815973911 -0.067564050341331 0.107918193070265 0.323274721464121 0.4211522397016 0.288375516577032 0.449229329641158 0.403708023874019 0.473796924968271 0.524465233990985 0.4024805753397 0.654055576116883 0.50974577509888 0.320075790589108 0.357697107956412 0.774540033494547 0.604687155395283
0.492857056393835 0.340331919747473 0.64204759180699 0.772466904079919 0.171720916310589 0.19534944725303 0.828303521823236 1 0.297995698363329 0.565547118135644 0.650902050072429 0.710470158411457 0.795976581566638 0.764953214559043 0.539732814666599 0.516687740843786 0.445335583948855 0.458226537099922 0.689919286385217 0.57391862114397 -0.054880859187403 -0.208586243318735 0.551331934655309 0.608325522482762 0.294646583772188 0.233670449212842 -0.157985592873869 0.232138536039991 0.635022167634969 0.651436996061153 0.649309356053383 0.525017028885704 0.767470813293905 0.827826498055273 0.470770894554208 0.427136713996481 0.455889306039946 0.462798170823365 0.552190815296096 0.523911334935071 0.23377669010828 0.0327801964201323 0.626523982381892 0.531688454310358 0.587882470424623 0.546188573126775 0.541556259963221 0.554086718178003 0.57414187659382 0.562496583546665 0.718547434009336 0.576472272980465 0.59684369723428 0.576363163859329 0.651939214937788 0.589111111644982 0.382839187260698 0.450813813999707 0.644907447547957 0.700060356416318 0.816024140778275 0.85867382518606 0.655538919356216 0.772072642404729 0.512365979070359 0.578645587432222 0.739244008653679 0.760694612371959 0.397699835243339 0.426726040352714 0.16993054291241 -0.00423873239317911 -0.0304079463503741 0.0710834226487999 -0.073958707416038 0.0307685334583797 0.335114486194172 0.514331439979787 0.418474759070021 0.561555588638855 0.532569884473733 0.614033346814253 0.543938531833868 0.539518211921902 0.691079791294202 0.629054543749653 0.190747027429185 0.358384164837877 0.71764324776965 0.683144730660168
0.154313383826796 0.0730973891708036 0.187965977076048 0.425590043721625 0.0615706315443519 0.0971671987329689 0.275591355118314 0.297995698363329 1 0.380520342806926 0.203944322821835 0.146386703699034 0.290139352278174 0.130857741747991 0.353580945090678 0.272441549862011 0.115764460771712 0.0861576368893681 0.101037345670706 0.196454059755305 0.120896958991618 -0.0651919832272494 0.23218216167267 0.303102718582923 0.108936568347001 0.126019519020251 -0.0110788972367627 0.0915529415048779 0.139389709854349 0.101456722019295 0.300769034248477 0.0940068569023556 0.203731276629923 0.185058241738629 0.119582254175238 -0.0142007403558853 0.147151409848877 0.154113465352064 0.282104622380812 0.0562817352440033 0.176148463747375 -0.0895310430737052 0.00787729051611001 -0.0123308650871551 0.109542020191017 0.0390950540128352 0.0604977114815759 0.0706080359550077 0.0340660381031363 -0.0250022742955916 0.0629877991000155 -0.0081103551829854 0.0137160478288883 -0.0158921174818206 0.0553143504036627 0.112399895326292 0.109182039110558 0.0443156275900256 0.0908199315484745 0.05882039629519 0.213413213704218 0.204021832775947 0.136582374228791 0.137271797979627 0.14320797392891 0.073019697216619 0.163877062695413 0.0961952925791879 0.0875274880098265 0.0284221890419135 0.346536099188781 0.267062695003487 0.263141259259564 0.0259315195701272 0.0753992917425875 -0.075119717729508 -0.196738496709357 -0.078768018984022 0.146949094184266 -0.00421848912859516 0.104987798827206 0.0815792241310365 0.215444669077421 0.217872148645362 0.0899889876182674 0.0141784613402175 0.316561186485304 0.325981288158067 0.179448022407512 0.192073908651098
0.0323331448648924 -0.0716852812474822 0.454270258666334 0.515723759226776 0.345170695097631 0.464500464325461 0.514650531052422 0.565547118135644 0.380520342806926 1 0.198386146015678 0.347509978821948 0.404628123940326 0.43846441400453 0.408197642876068 0.452396279700087 -0.0432165149404507 -0.0416660856918425 0.216253922657263 0.099333041526292 -0.0530643630383077 -0.0607598965033807 0.451144435653993 0.49182930752705 0.412066252136031 0.279383923194855 0.161958908055095 0.184713561360744 0.119118549495571 0.17429769808536 0.539376847537766 0.449505233316294 0.463819563939524 0.513280072709638 0.412523743730605 0.328861407754153 0.306404582031895 0.194220446647406 0.222679033435387 0.22023101566037 -0.0439754399325246 -0.0268960325346647 0.223772327338217 0.145239828574147 0.18676995156116 0.139592779053018 0.070634920048501 0.13464995061462 0.280804036583427 0.239142591392811 0.445920390679463 0.268710334359186 0.311818185461767 0.280187826731384 0.183990834907714 0.123048669645685 0.0291705544146979 0.0226072854903462 0.411416027140767 0.377097845312951 0.616644501886012 0.685376211964546 0.163072508378892 0.375071331627899 0.41940783937988 0.422758508461069 0.582288611831516 0.437798131907409 0.0774424416691337 0.0836575669091572 0.190458993741198 0.130258475846738 0.0269232548207912 0.0801126015268747 0.00969506283686904 -0.00873689507616694 0.400487258953292 0.281204718742249 0.0381775826390498 0.0707799232043001 0.0670479589115947 0.0904251123965006 0.234085672635827 0.206867972703817 0.286142136741341 0.166339252788958 -0.0242710826360823 0.253856571241114 0.42575826099767 0.293034324167931
0.70158908393159 0.558811181292256 0.518178513525331 0.634133901363034 -0.0462080593172978 0.0741622943693159 0.624165309766499 0.650902050072429 0.203944322821835 0.198386146015678 1 0.75059585818077 0.83341485985037 0.701347923830635 0.608701539135906 0.499331297903939 0.646096703355744 0.607581738026572 0.775815544707322 0.685928919771459 -0.0491469968078056 -0.255974316598332 0.491092970819111 0.473458992465624 0.161762436274419 0.163359822718402 -0.296231763142147 0.166130870978191 0.677065013505446 0.700319756023656 0.440144887373266 0.292175574851922 0.640544250588657 0.633748027271925 0.313717287766828 0.394917128612026 0.423629062888876 0.459502395420189 0.53544795282954 0.454508820577749 0.351105149074877 -0.0420655777321027 0.649335463371631 0.603839256616671 0.5195401080031 0.522089139648145 0.641004477691078 0.613277887972902 0.531529242467925 0.519720136887372 0.603959549862449 0.533663870582039 0.517434852018691 0.510120116378844 0.644331211559094 0.641138150087434 0.562241477566058 0.623041325175992 0.605646316182535 0.645643924720232 0.688679803757396 0.554351506113172 0.766721767509495 0.569055059374856 0.413301740240205 0.399422911987692 0.505683140902513 0.606432433690795 0.566200159102617 0.539589695375712 0.112526737591175 -0.0298132423741747 -0.0373837197973106 -0.00494196881835956 -0.0702366649397643 0.000765599865069935 0.209780110934643 0.376783405615925 0.615482069437209 0.628514591600548 0.663065678038279 0.701175659819907 0.637456854666423 0.521795713081299 0.777532080861383 0.645885718827433 0.306497193167128 0.399411110731234 0.753716140726102 0.667845873140782
0.523671147554737 0.453196447491343 0.321382787243972 0.626922398721222 0.0203043159450265 0.146365360843052 0.462636015517056 0.710470158411457 0.146386703699034 0.347509978821948 0.75059585818077 1 0.718327440303546 0.852177254526617 0.467164297309481 0.553737041199606 0.498600567728629 0.502410481439814 0.603802797491382 0.566584851281555 0.0081163439810227 -0.301590791671071 0.394964544587616 0.436152751728791 0.0794052584090226 0.180158247876505 -0.348999226683251 0.218540853415489 0.651307900109423 0.719083295174036 0.411990000913999 0.308225749796412 0.581900777167566 0.637449951982247 0.301926742752604 0.30536879513809 0.356504109876913 0.354159927813046 0.49988785248734 0.476783720600302 0.212713718593627 -0.0362128077729065 0.573358904401981 0.531182132747619 0.428234741930274 0.443433353645478 0.536294606425507 0.499406546808974 0.462592989065895 0.449817897564599 0.520898380851928 0.45141890467892 0.404807124719866 0.420563064438254 0.556990294288561 0.5060297567225 0.386129573709162 0.490259051813459 0.514475394377768 0.586146098654847 0.645096714934459 0.689955715785195 0.609810570595995 0.657708124887344 0.285194278636463 0.494159205966067 0.482339466896284 0.552309446457961 0.398239120824202 0.346277249702255 -0.0369490328851158 -0.237512657000762 -0.182021470209408 -0.0629196935988007 -0.0612646179400776 -0.0949399432932793 0.311247268969354 0.427482706387819 0.520257319284946 0.556015802568234 0.556456580039441 0.62009768763563 0.498329809821501 0.488350307902203 0.626460791091935 0.585136605285792 0.124086027297357 0.33956191785848 0.584171195802198 0.572471971370355
0.571042829576596 0.364991702404264 0.633010526781243 0.684534597900909 0.100197466369389 0.188529825970255 0.765812697687338 0.795976581566638 0.290139352278174 0.404628123940326 0.83341485985037 0.718327440303546 1 0.779809309986856 0.758019092672561 0.615843799740613 0.50390755942903 0.480425439620729 0.739343321671578 0.593966577764012 -0.00606590237154216 -0.222200200443313 0.627818706328766 0.625740414785458 0.312604943909881 0.213160339701274 -0.190745882589648 0.212544341227643 0.621213097846118 0.620182488456996 0.64599059995462 0.436852712722023 0.760332576146433 0.754234792964867 0.44425613787649 0.497886850708446 0.491996045109396 0.430505704450285 0.618748063531869 0.494999378580375 0.292929922026006 -0.0883314206744362 0.694430657483473 0.609740734737237 0.594004211505273 0.560359908733877 0.595909518127164 0.611155173798011 0.610203983372722 0.613938209301847 0.760650704871225 0.639056454569285 0.584800443110138 0.621962749091204 0.660572602513217 0.636982832653971 0.441201166229316 0.501677096404733 0.694326844389923 0.723092573519664 0.783143355715087 0.672097943472709 0.71359939630202 0.687988320265943 0.520926086074294 0.522139913438494 0.689617710087462 0.742427969408648 0.463895637004717 0.484198531261573 0.0761756002308178 -0.0628531669296709 -0.080205307789432 -0.0315936431065836 -0.118921606746788 -0.0445962455940756 0.361567283085102 0.510988116111797 0.523522572341281 0.611130035788618 0.581609470181652 0.630276274779377 0.668773323612234 0.523320415797038 0.791148147525083 0.647237105921773 0.281980330643298 0.407718548514708 0.821584977109847 0.682202402527195
0.507570579197084 0.398976744309758 0.426776699201833 0.598770644716447 0.0341635359107512 0.186209082660273 0.550007566513939 0.764953214559043 0.130857741747991 0.43846441400453 0.701347923830635 0.852177254526617 0.779809309986856 1 0.51931787216694 0.624440141308702 0.501657160653754 0.495271026182826 0.636797289308534 0.557818629994718 0.0331030777931974 -0.220712098755101 0.456795442382601 0.538965741975753 0.146053279056677 0.188021461979612 -0.286180865979709 0.285736501496105 0.629065523119837 0.688177549580788 0.513586880197799 0.415525405930127 0.686382445145678 0.738564087202222 0.331636033733143 0.399572659639722 0.394107614188698 0.325212894618334 0.548230022486529 0.456904659042267 0.157753599917999 -0.0742258909651903 0.6545047123117 0.605813892482852 0.533775829319887 0.522261439980952 0.555337766749852 0.550593988860061 0.56892861724238 0.561006398376161 0.678611858034058 0.572398631444422 0.539070413666326 0.54626027826313 0.639469628406056 0.573605501963236 0.389146605121886 0.487162482923879 0.64009949149235 0.686363489202269 0.694238943919004 0.697396139092907 0.675802809937387 0.757104871252919 0.311763475649548 0.510335796416204 0.596285219126776 0.673299038528841 0.410730915565701 0.429760110266894 -0.0897364480516357 -0.234325940783068 -0.203359093002987 -0.039419161263691 -0.11587554579291 -0.0834957563026082 0.371298776268677 0.48833351403073 0.51959075223567 0.603339278362466 0.583454966830375 0.674418268429839 0.580369399527254 0.535895918369137 0.697223569026694 0.67182798142561 0.0461178438922282 0.309206941296487 0.67997649687702 0.634915952778043
0.419295271571963 0.231058099779096 0.749093661785296 0.669312401459463 0.178633367665245 0.310520880313427 0.653989116094232 0.539732814666599 0.353580945090678 0.408197642876068 0.608701539135906 0.467164297309481 0.758019092672561 0.51931787216694 1 0.750899990425964 0.302142636370618 0.260862017715695 0.601567546177885 0.382339250484471 0.0494500334042522 -0.185303184983404 0.816921125489202 0.785742038622717 0.557989967680752 0.46328813443084 -0.0613479829062971 0.238256550698628 0.371701140457945 0.346684360935617 0.729878144603059 0.502944832794189 0.648265817845562 0.610968130744886 0.667209357035471 0.570323558738183 0.507913778776021 0.444240608239543 0.530739265337436 0.433947575102347 0.303067271052131 -0.129737821075154 0.551320985963951 0.464008436768218 0.496534942874888 0.420214258338053 0.420503998660733 0.473944687501978 0.54303754560971 0.517129815117157 0.648588904047862 0.569362485624417 0.505362671845082 0.534044316635678 0.485968628039321 0.504137256645933 0.372422934099713 0.36121994746921 0.596657192472885 0.552140587802238 0.614508622558737 0.479127464151371 0.487796354378896 0.313560912731743 0.713866284708539 0.590437014686547 0.668347113815059 0.628525439706646 0.38297981293929 0.384272758920668 0.16573705068622 0.100811046005175 -0.00928714884430948 -0.0577763488631373 -0.114709187953908 -0.122672027158297 0.321891920882625 0.387968909352735 0.39727468259996 0.423142349720988 0.352732098441905 0.414436332696705 0.629623333661772 0.435101291495748 0.668907842308259 0.494681507597888 0.460049513008979 0.56494316965563 0.737730405318923 0.60083753325578
0.366880585122907 0.242812809580383 0.554087691004051 0.629132399989371 0.0606430613726227 0.364706049247675 0.459441877489859 0.516687740843786 0.272441549862011 0.452396279700087 0.499331297903939 0.553737041199606 0.615843799740613 0.624440141308702 0.750899990425964 1 0.29991989597566 0.287789991037431 0.492295881887429 0.390584727321373 -0.000282101111233436 -0.222149903673551 0.732709142681322 0.765283181703615 0.438288796353856 0.370864475866308 -0.204085189567288 0.353894548753145 0.375459385274074 0.371583317823881 0.64376052478128 0.499261328642376 0.604171165471231 0.628959891774799 0.566936915325383 0.49364267701746 0.410178852324141 0.326306105462591 0.535764847260769 0.447280181338278 0.119136577792814 -0.0721773753692657 0.529893374799961 0.465314629749013 0.417969811462972 0.363046629230747 0.401695301683235 0.419828698618089 0.461875616475032 0.413976179723844 0.53649332566341 0.476004617939361 0.398696452425126 0.453394289061757 0.448512237666419 0.465812368546545 0.288729048982594 0.335049814911177 0.490351132594684 0.473019367721076 0.517265901877428 0.489525771635351 0.436296873473908 0.384323302558354 0.533515056932221 0.579149250120247 0.56917881364291 0.555470238892589 0.327049940358296 0.30243581895662 -0.0183569603623679 -0.0721781559259824 -0.149677688240442 -0.0619930186941265 -0.0687412324825952 -0.16313000043549 0.294247650359916 0.350713366400535 0.379034157370554 0.371580829688802 0.311504029880214 0.402266583264829 0.531328664592285 0.432463543804649 0.558518044588537 0.497888149556308 0.198402538282365 0.608513371813327 0.567313765936421 0.542678537905639
0.916042080599656 0.90913455449814 0.23733443918036 0.434165397337928 -0.174969031029569 -0.0950256730104853 0.292639438979383 0.445335583948855 0.115764460771712 -0.0432165149404507 0.646096703355744 0.498600567728629 0.50390755942903 0.501657160653754 0.302142636370618 0.29991989597566 1 0.95713319395118 0.789181074738266 0.921287522080103 -0.0547069526640157 -0.275678052550343 0.166601180180453 0.236921001958922 0.0449705563536714 -0.0279270312545517 -0.308265792969174 0.238467657436512 0.79068621206195 0.816304262125536 0.137046497419823 0.071807791592802 0.590809131219588 0.560035196903597 0.0369993503977293 0.272609044522182 0.485411068278665 0.534381241149232 0.599663080671207 0.545784508205266 0.408278681678095 0.112971204848585 0.72715927686241 0.768326301218197 0.700639854152688 0.75283167453599 0.856651181611302 0.793371305736979 0.659555582907384 0.621953243349369 0.491325615833601 0.59225449108871 0.628653589729288 0.593729213656422 0.790402461426955 0.789743786013808 0.917538387591464 0.927846523598756 0.590070452238236 0.63758667807745 0.402771259271449 0.257843928030573 0.836953072632532 0.527685357805913 0.0595522184381436 0.0515566862217451 0.242873483594083 0.485020812072112 0.88120579340419 0.84814820807507 0.00653643633342225 -0.261476797779774 -0.290323179078001 -0.151702203394919 -0.164258890153418 -0.0978446776586848 0.24241005768154 0.452782934665717 0.865203263993179 0.822340613682187 0.921180607538 0.872084350158311 0.714199545121033 0.734230249978106 0.733388340531052 0.785314277142808 0.215228996425542 0.460851924809977 0.571738333080439 0.725287410055599
0.878861759222103 0.898591724697185 0.207498609206159 0.393025172940408 -0.194579704239189 -0.137673633256136 0.286409218889708 0.458226537099922 0.0861576368893681 -0.0416660856918425 0.607581738026572 0.502410481439814 0.480425439620729 0.495271026182826 0.260862017715695 0.287789991037431 0.95713319395118 1 0.780434827682642 0.921277636151846 -0.0631556040972629 -0.269690676431544 0.157366868021579 0.199063127609642 0.00963183840562855 -0.087645052026491 -0.345725835937841 0.184696264471823 0.802324637313359 0.846460699703192 0.11624600350359 0.0551337457854053 0.595488678415791 0.556103176602595 -0.00108836321688305 0.196093854227038 0.424455984680832 0.500527086150532 0.552631596358653 0.523025264962581 0.413311949787807 0.176621647825711 0.7041077135626 0.744532757469045 0.687838185155797 0.740386942057584 0.844253467367871 0.780504137443094 0.651803038555726 0.619025937246445 0.477917568268688 0.595371980273587 0.617836969285008 0.599979671743434 0.785093902563969 0.796433713112176 0.883443229711459 0.932519889606653 0.55605406759051 0.620276040369778 0.385512054907047 0.250547453218567 0.844772859590131 0.585062511156187 0.0404036571798635 -0.014583528620544 0.203989222366016 0.434897900156716 0.828925707890214 0.810591662019007 -0.0494920856694308 -0.299776323158953 -0.287072287237984 -0.12735448457396 -0.197425445657626 -0.0715656314307156 0.251218756940285 0.438548682793826 0.835735431935712 0.805256716893316 0.89247115377516 0.846481938283505 0.669142199795627 0.764638696286044 0.70048036962839 0.791136587047049 0.166368750698693 0.428685156604833 0.531203680297025 0.731507234127578
0.847647186933804 0.71926162266097 0.615598823957963 0.659517318045376 -0.0318879242573919 0.0594094094165076 0.655597908004123 0.689919286385217 0.101037345670706 0.216253922657263 0.775815544707322 0.603802797491382 0.739343321671578 0.636797289308534 0.601567546177885 0.492295881887429 0.789181074738266 0.780434827682642 1 0.849319118575729 -0.0451912019171138 -0.246816207232752 0.536898126490326 0.532814505747315 0.255369940225414 0.155038334778037 -0.243893199890987 0.261571450543945 0.717341436987982 0.784252990880964 0.470652060410095 0.357991104940361 0.811532728748207 0.763481475070136 0.371845703242765 0.485319044201327 0.584142342915275 0.630343818754257 0.623954623117831 0.621563328108747 0.37689234713888 0.0440153049308535 0.811515874226398 0.782525111116536 0.76356967782586 0.773090844573867 0.835863274631266 0.825671438125715 0.776368103938316 0.758138642873319 0.752263829652553 0.777599273744327 0.771378448113214 0.769827413028583 0.851919131975875 0.854887171334331 0.795364438780279 0.838292406636077 0.79475759925531 0.806825286293903 0.683338613491848 0.517058590063671 0.87241712412824 0.610059956676486 0.461094683469967 0.346233881231379 0.564808384634951 0.700320538674634 0.761690723786408 0.765924001581016 0.0912569078790841 -0.118660392661176 -0.175416399454666 -0.011123020972082 -0.160552746727081 0.00593374148975207 0.407707123143736 0.558490797965204 0.717046675647116 0.810457717198368 0.785972502755415 0.801148518070361 0.758019480402629 0.72218340123697 0.856612747003951 0.841314009135622 0.318011736359417 0.542804119834129 0.804458091842302 0.868089580801491
0.897706693701056 0.87399282687711 0.334460525846354 0.541849767174194 -0.16852208467486 -0.0784489807559431 0.410591137064027 0.57391862114397 0.196454059755305 0.099333041526292 0.685928919771459 0.566584851281555 0.593966577764012 0.557818629994718 0.382339250484471 0.390584727321373 0.921287522080103 0.921277636151846 0.849319118575729 1 -0.111509657205643 -0.255130457776246 0.280732224435167 0.322570668868193 0.0705151331817988 -0.0559045856906371 -0.318405784865292 0.274892028691395 0.75774246213293 0.817775981078917 0.240306025909393 0.13518707764113 0.69704835973299 0.662408225343746 0.101879031147201 0.254002387900998 0.500714862870739 0.570520614754818 0.589096789524397 0.569623005356195 0.358540612668532 0.102640099504093 0.735109513189971 0.761539314605557 0.729861083989904 0.765214805995567 0.843552834273794 0.804686684208136 0.692891567138654 0.655820282560845 0.557722763380162 0.643045357816158 0.657450599865718 0.6255300689984 0.783099188248399 0.796797277542117 0.866651632151281 0.896282680616778 0.651543160474782 0.692323906722808 0.486905334996798 0.371161285775268 0.849903102728407 0.606875788472897 0.138500824299223 0.0868983080357585 0.33648642832929 0.51544704474147 0.855689808692402 0.817052246016547 0.0682361727619491 -0.180970391577079 -0.239658054098697 -0.0729458495971289 -0.135678401537601 -0.0285295636766447 0.297670466641899 0.44037446919536 0.806149847688131 0.790429918359299 0.885477716123951 0.838259219978595 0.672732375910707 0.77126396134032 0.74379914839385 0.786367226942981 0.196988547805497 0.487052695027989 0.60577529459751 0.76281554489167
-0.0163556249838765 -0.0530863225144453 -0.0115621446814417 0.0190673041223014 -0.0686118296275695 0.123718306699635 -0.0037078888661769 -0.054880859187403 0.120896958991618 -0.0530643630383077 -0.0491469968078056 0.0081163439810227 -0.00606590237154216 0.0331030777931974 0.0494500334042522 -0.000282101111233436 -0.0547069526640157 -0.0631556040972629 -0.0451912019171138 -0.111509657205643 1 -0.0256441839550896 0.0183130284396195 0.0473775322281052 0.00120196230682109 0.1696900679131 0.167153131988886 -0.0674492784671793 0.0205492446391351 0.0326942334831065 0.108450192866178 0.114844297421048 -0.0779688253090662 -0.0817246800781459 0.0639187756698959 0.0260959652999623 -0.000936509759356618 0.00712118150128393 0.0679147373316551 0.0669236893329917 0.17963998698621 0.0579213060528798 -0.144825249580074 -0.128061496395383 -0.108980743543081 -0.100417874873158 -0.090824625441797 -0.139364339141968 -0.133137303871316 -0.1301506532423 -0.0210597895151684 -0.110622552764048 -0.105578654336478 -0.114349384752359 -0.0259776079622131 -0.052316739710138 -0.0416772569803481 -0.0740641612685539 -0.0377777301596587 -0.0701768288928918 -0.081379233808121 -0.141767691162209 -0.0640758755262873 -0.0951846821030767 -0.050804490400944 0.0101577975373442 0.0125276204796801 -0.0329587371798023 -0.119578644968204 -0.109141348790081 0.114483855120982 0.141969676288228 0.220029300939337 0.153822896204606 -0.109947248096399 0.0609747775603054 -0.0593726681697243 -0.10365387640289 -0.0461241248788565 -0.025060328233661 -0.0570576006746873 -0.0752246715114699 0.0565321001968812 -0.0987395967868242 -0.0671039774638333 -0.069982737907805 0.0849640856896363 -0.0599216926004363 0.0148842291759703 -0.05476616915739
-0.25022928268966 -0.232442102720701 -0.11742328484474 -0.284852177715034 -0.0986363917108168 -0.0520647667088572 -0.126196604547745 -0.208586243318735 -0.0651919832272494 -0.0607598965033807 -0.255974316598332 -0.301590791671071 -0.222200200443313 -0.220712098755101 -0.185303184983404 -0.222149903673551 -0.275678052550343 -0.269690676431544 -0.246816207232752 -0.255130457776246 -0.0256441839550896 1 -0.146875454675477 -0.159084249243811 0.0706013756072465 -0.030677018836494 0.177385674329658 0.075799947145245 -0.263763239355045 -0.257338430563069 -0.131332015265626 -0.0472112071977432 -0.173679845328954 -0.241869674409126 -0.103062504415913 -0.149345406904083 -0.185656079572732 -0.107678537794393 -0.311403608764661 -0.262543283553114 -0.158907208830799 -0.126443819750808 -0.289283878577852 -0.307790550950408 -0.201088262708884 -0.208093975329672 -0.299938428522592 -0.277852631580101 -0.234257707186387 -0.166843693439433 -0.187345780260237 -0.206164339337805 -0.218013323358237 -0.240552607355792 -0.245741610371642 -0.299151693528204 -0.240086104606217 -0.27634805958464 -0.160964255460211 -0.1870102382879 -0.197350669426159 -0.192504553040828 -0.263577209401727 -0.181894087552709 -0.131046759298403 -0.222494302689575 -0.112991045246611 -0.174015896380619 -0.269726975369471 -0.229397893910714 -0.0196424396477356 0.129060966125047 0.218303487891705 0.208998657660877 0.0626990309990443 0.203363515108212 -0.0520232292214727 -0.219849321186367 -0.321103605768081 -0.282563360844765 -0.293438577338973 -0.265152398883919 -0.142643033146989 -0.0890464092454797 -0.257593993657027 -0.246041398650034 0.0712924604381711 -0.186692558057312 -0.256502764653965 -0.266706819098832
0.291911165643546 0.124096570999447 0.877790291132718 0.682410597296773 0.170024558207651 0.317922284631338 0.726347006754931 0.551331934655309 0.23218216167267 0.451144435653993 0.491092970819111 0.394964544587616 0.627818706328766 0.456795442382601 0.816921125489202 0.732709142681322 0.166601180180453 0.157366868021579 0.536898126490326 0.280732224435167 0.0183130284396195 -0.146875454675477 1 0.892401701824654 0.60792677043916 0.494499424146615 -0.0454730848521049 0.192149968324929 0.293693955841261 0.279856549460527 0.829046724941009 0.606611428198646 0.662915127251714 0.596980260887445 0.747048968857536 0.576542831027334 0.400764809781416 0.380275760664141 0.371254712350182 0.434053029224502 0.200904629208726 -0.0390196846611544 0.494383838608533 0.404768400283373 0.413856874082127 0.333391263589181 0.330000722301847 0.395843135938329 0.460305484887875 0.418053643165917 0.578468590609417 0.48249193815225 0.459734909131416 0.469962291458087 0.410063239522083 0.426455636529539 0.241018997486045 0.261512095525339 0.509307090496871 0.447440209250391 0.585443719480497 0.493685715324094 0.393470466322001 0.248714591926465 0.824606134145757 0.636119759563789 0.687745156252133 0.562630269853342 0.269142398615758 0.265321168393643 0.237682716256233 0.165694115565419 0.00781780228406526 0.0669839889179035 -0.0323647676165211 -0.041088751302059 0.292914704272894 0.314771095594115 0.244080904998166 0.325578723716277 0.23164566812137 0.331046364154871 0.498035358814663 0.360679965876474 0.584841269897957 0.444384093140433 0.380760245531251 0.600172705842713 0.682126264950345 0.534921860717441
0.346308469217325 0.167641218306454 0.823675134056784 0.751867859348477 0.206811777607985 0.339918954944932 0.705081344256503 0.608325522482762 0.303102718582923 0.49182930752705 0.473458992465624 0.436152751728791 0.625740414785458 0.538965741975753 0.785742038622717 0.765283181703615 0.236921001958922 0.199063127609642 0.532814505747315 0.322570668868193 0.0473775322281052 -0.159084249243811 0.892401701824654 1 0.606595402141923 0.606029481287297 -0.0242841078031856 0.282185909462276 0.361355437783402 0.299786427156561 0.82916987044472 0.692871242473202 0.672037276343852 0.662752296155695 0.721897317264151 0.618708361819252 0.484628981435259 0.430061321692803 0.510090224530154 0.483438594862779 0.171223233166673 -0.0542106933711164 0.547635829115018 0.470792211144689 0.467168093579196 0.398389690377753 0.38226093859317 0.446658332443658 0.507250295763675 0.459357916297546 0.606383971365435 0.507592888259628 0.490584913341492 0.507548856809981 0.466429715755805 0.46229586560305 0.297702221196756 0.300312382118726 0.549604441242494 0.502476229162579 0.604120292327689 0.547493312888674 0.413301349223939 0.312105644837631 0.735262164639117 0.692426310030771 0.701022992158718 0.642532946484042 0.325227200705519 0.323074786711563 0.236709919815045 0.139856638406206 -0.069168699615073 -0.0333839152105099 -0.0524300776712402 -0.0894574828961596 0.29573436948972 0.42665064620955 0.26801374152072 0.384850118909617 0.297512192686451 0.398564103438598 0.553645218124378 0.396887208118903 0.595191136994367 0.496521950688143 0.387904663696784 0.619037131112644 0.678842703838912 0.560678511029692
