1 0.841355570615883 0.636729100132517 0.540114932843787 0.468613265319393 0.054763132329528 0.693690929382094 0.499167843479351 0.50100373729725 0.275870772901681 0.752200809749285 0.693362742782063 0.780408001348938 0.542053612059911 0.552938144249105 0.462270653640056 0.79534621983018 0.677176396239684 0.837184886001061 0.699518368653478 0.280961070856068 0.19114729303247 0.617427502551438 0.550239070285182 0.596210926656157 0.361588028656617 0.392943052574597 0.433401957149241 0.763998623463252 0.681640507232673 0.434240424544935 0.435816025111839 0.50199262085006 0.553000018521499 0.423706024580728 0.219401608390361 0.630361934038523 0.611279133103198 0.43170431829078 0.261675276895166 0.477092116301564 0.435885638756578 0.676327672599928 0.638315301990185 0.57617579226426 0.626079070463099 0.621196473619288 0.619205617495756 0.695007418322755 0.677202885613789 0.643602679718052 0.623257477612915 0.678062626751491 0.553800535210071 0.685209769430028 0.675747783416925 0.854118223552468 0.797477411440345 0.782345957425037 0.762007164173519 0.565353158239869 0.309032570716719 0.790693848945661 0.583572917172919 0.506106858420599 0.411107823819621 0.575876052039314 0.495514486970087 0.765398365626723 0.716153263648455 0.265887451955193 0.203794098986525 0.365464281717839 0.510819362708889 0.131549491538941 0.421960385757839 0.042010096297865 0.146782416659266 0.646196438972967 0.587301550338326 0.806575132839705 0.713238593178476 0.827063124003977 0.570980723405112 0.783128135607048 0.60656966727986 0.485209428276924 0.667884262095971 0.660360397820609 0.618612435068632
0.841355570615883 1 0.564370736848085 0.620902576673166 0.500765120122641 0.208090712870652 0.640708027955575 0.580847897430004 0.488801899953263 0.369054214512256 0.59542695321684 0.674373767994997 0.68383659346832 0.599373237942333 0.482520174039738 0.550388633715232 0.773689677285879 0.827716049991993 0.761545617448284 0.697452204024065 0.201065504730221 0.243370615865785 0.610682397004859 0.552571718343263 0.603904082793463 0.357461924377984 0.262392455568585 0.34727585392338 0.755262177276774 0.770635451633896 0.534307776212578 0.520457773058287 0.514701189977855 0.612080308726689 0.370294474472608 0.259208592519732 0.616338984665294 0.53823322895754 0.457529084711111 0.329169240121248 0.416387965725469 0.408715153408886 0.632700321150291 0.626978181795728 0.58024071016592 0.618727165418432 0.600512749378084 0.617445377138336 0.634069231857428 0.652035146604031 0.602258029874156 0.6097250428499 0.628370904645669 0.580809712221363 0.65080439741252 0.620512085807492 0.874494440631164 0.920032278425721 0.677715863183385 0.712516550297722 0.512623542758491 0.32445735212655 0.735364236296353 0.62956103901346 0.450026245277742 0.38653701041329 0.567250789833867 0.51419837278178 0.74326016221563 0.72374477438129 0.415536479369082 0.294144590542243 0.350741335422732 0.554381865085407 0.155001584293255 0.427432974486957 0.221967944738921 0.196532617795502 0.697706140831045 0.695241633089382 0.83905482168994 0.76733190365476 0.758186015399743 0.556275873066146 0.702158247739551 0.633096479038492 0.397503413776433 0.573056680179038 0.619911528250391 0.580513326928134
0.636729100132517 0.564370736848085 1 0.67913356175489 0.691731059849774 0.283558885141037 0.839065837869459 0.519988160781994 0.656980498836085 0.398076196061233 0.490960531973725 0.34420041410752 0.685491838954352 0.368827134122411 0.662038476719819 0.463902970035253 0.542805841139449 0.438771524236354 0.696432226763448 0.532108636943128 0.31175073986913 0.15121916205954 0.853929549759141 0.624934630551877 0.578507005768829 0.426887535577107 0.396044461243404 0.370732997348197 0.499849161379246 0.394510585119207 0.481273374218182 0.427596245295274 0.542618971795542 0.543010090309575 0.630998503607899 0.374094446163745 0.405123000827682 0.420008404829488 0.309790758481731 0.276531405475588 0.299895598288818 0.264733455644904 0.618307857902271 0.53913455473313 0.560942402955706 0.53961507545691 0.595232390909452 0.562109457231166 0.536266161581859 0.55610633844678 0.587306393501099 0.58213007392994 0.610820397046532 0.521935044386863 0.599053569428467 0.622707072152005 0.582926858697637 0.573913489082748 0.637471660883325 0.596532225476898 0.65115188795096 0.469386150251513 0.569317692070352 0.512014094053803 0.742730829503781 0.615099642778362 0.666586582041188 0.569685832959924 0.626238109490056 0.526558302195473 0.450866017494979 0.350821681195659 0.401382239949799 0.403130100816487 0.102690308671146 0.215284403554358 0.21484525561982 0.333078119480733 0.392140754118472 0.371868827477003 0.569242631931733 0.557347491859028 0.654053011972805 0.47053841044761 0.775807665884877 0.651102713369136 0.359271599784318 0.667172491450424 0.646904995322223 0.569438247971235
0.540114932843787 0.620902576673166 0.67913356175489 1 0.608596874956016 0.53793609125792 0.713753673504072 0.827213617945086 0.588922822036494 0.65381025441075 0.454008956287469 0.45317841996945 0.497185196258762 0.582135117884455 0.45320056521196 0.680192625470346 0.630723514639422 0.601178310275472 0.650267919627361 0.632563968328184 0.154198963620315 0.243003365879966 0.627150990352136 0.731370911310415 0.40756955775438 0.479957953928301 0.0951232781725569 0.198874852217247 0.590921804432168 0.645234894354128 0.57672550235012 0.707234806505979 0.634346358689511 0.749203533857917 0.408841020154761 0.47645406035173 0.307176231719125 0.315030041068172 0.334774217986005 0.132555141749432 0.273600696713085 0.270511531080682 0.570103232033956 0.536631498019312 0.552341443745373 0.533218833523496 0.538105419910486 0.565471897816957 0.520013750607284 0.52614830117103 0.551766780847025 0.548071855966255 0.610277639070015 0.511209674847896 0.580536651385938 0.580285233409821 0.583387647174749 0.591681740968263 0.560551667008255 0.562316566383661 0.534999556857102 0.659391302643349 0.648588690671693 0.82267025718585 0.354912039029856 0.558554079397384 0.548498637501618 0.643814358598881 0.567666462643396 0.500610899988799 0.503657816288337 0.489003978084462 0.463433039093736 0.543919296570315 0.221188187980897 0.379209647656799 0.319645370257224 0.455555455058971 0.533850914060859 0.541390360923547 0.665818123745674 0.607842819852736 0.523593624966405 0.415648505312746 0.561320831903609 0.687676047313889 0.259925664325953 0.515180242909879 0.585620617601454 0.626212098591283
0.468613265319393 0.500765120122641 0.691731059849774 0.608596874956016 1 0.485179087477064 0.731312885299295 0.583147300859347 0.749958618962437 0.573684799141727 0.355004338588594 0.25792273628277 0.466804889339823 0.286679751009043 0.617840588102253 0.533169032741738 0.471834984174144 0.496232720303647 0.601687014439348 0.603696725873591 0.29997575039101 0.144969730906199 0.717244020942799 0.535182816693202 0.650524740280774 0.617755748050936 0.402023586798271 0.453230481144408 0.470416101825348 0.414186674348429 0.635553769152806 0.538838938024989 0.651045504596447 0.647218457294895 0.561179640387477 0.599890250375407 0.422008577121936 0.33409338404946 0.43035289534585 0.253841781077999 0.447498670454943 0.338923572391097 0.537861396583269 0.492675586653829 0.550338689743861 0.499317802222449 0.531250471579853 0.518204227357674 0.487641668303173 0.49583032776252 0.605424827239945 0.559575639777743 0.59648565217999 0.561325683985986 0.562213137406657 0.56462136393697 0.505154445132871 0.483455337372396 0.583356974236303 0.510887681377037 0.533156618846826 0.423904158095181 0.41862006175907 0.491850403195101 0.582522060306733 0.55268668441095 0.672452613764928 0.626566763786399 0.599454220118553 0.420799439848104 0.592443105752096 0.547023605140165 0.517333875497031 0.541850917890899 0.155411704322024 0.261810444679484 0.470475889252689 0.510908124698536 0.376604300716558 0.411788932462534 0.540400918478869 0.485740611591766 0.534782543499452 0.443100296524803 0.642483767265956 0.659438946684608 0.349835488790502 0.514821641980344 0.669750331268774 0.586231450424844
0.054763132329528 0.208090712870652 0.283558885141037 0.53793609125792 0.485179087477064 1 0.336974096134957 0.504005936793902 0.351611624669413 0.706045480825836 0.032622329198221 -0.041236600200639 0.0633112535742743 0.117854143243385 0.145933639743124 0.370324982421311 0.115995147005626 0.192563346742896 0.207326966525264 0.21760659784323 -0.00830838227107081 0.363130431693316 0.290721692383022 0.380388687221881 0.205912210837961 0.479195812029572 0.0844169952506005 0.0895615313053969 0.158091081757549 0.186087670375271 0.382657030599569 0.320870913785024 0.490614060458708 0.521419398351853 0.333756510767442 0.585270792673219 0.0326997215447604 0.0494837108436919 -0.0156882174343211 -0.0851073402736931 0.0759579770166474 0.0215403679344768 0.0994656805276737 0.0973078167340547 0.171860719264785 0.111294129868796 0.157071885978918 0.102975173916489 0.090392508683674 0.106944039918972 0.221249904817995 0.208027157895655 0.330113148308241 0.297324150406338 0.206730280198579 0.124424291894888 0.234834245384119 0.216321348927491 0.136446662455704 0.156651490015508 0.31688772133461 0.449919992997807 0.214962098049352 0.348892025486258 0.169665671485317 0.32260438866804 0.336163125614651 0.41347299967077 0.237605410822359 0.222721240722773 0.393325444087636 0.313593929470094 0.298564678943892 0.446074250096277 0.0669665418584939 0.393282255106163 0.359363649645098 0.211598807031316 0.176827460576969 0.165167737901695 0.177209768791899 0.109809107286918 0.0708672649506406 0.0375716752700673 0.168278915859392 0.252863367546917 -0.109030909197884 0.117406248363819 0.256935863556168 0.360395424260034
0.693690929382094 0.640708027955575 0.839065837869459 0.713753673504072 0.731312885299295 0.336974096134957 1 0.726818232929734 0.720379186449198 0.491432941790919 0.621067849683782 0.458923694400333 0.75333017103513 0.534239360207233 0.660428248080723 0.573292728888183 0.596193121040345 0.585933453838472 0.741311535300318 0.637848135122061 0.276864006273862 0.204523812729356 0.803263142932821 0.56264461514576 0.619460933653688 0.471378838672844 0.349950287862905 0.422654410690196 0.635568187266111 0.532853262971448 0.537983623466738 0.535709964911074 0.647636237034511 0.669963638075405 0.597332179120527 0.434267081696758 0.486986127218087 0.393173014986533 0.399636076724363 0.281959041208777 0.398682563262425 0.371191365260952 0.692666812349147 0.634602214523991 0.646384213136319 0.624114374156562 0.648497936037131 0.623849053940902 0.592863096070394 0.602539621345077 0.66967615083652 0.636926159798175 0.682977564358811 0.572245947560447 0.643771427661661 0.648489761337381 0.650007181240958 0.642895073433653 0.748904583979575 0.656887516656114 0.802584576230786 0.589399994414479 0.667275150985866 0.66050656051859 0.694022465923738 0.66776202365099 0.751478537829262 0.685932805711112 0.639305664472937 0.559519335344628 0.542589471474624 0.439925739103792 0.498105868185331 0.52789685558633 0.185558310031269 0.299162630797952 0.299450288013388 0.27711493278282 0.476644527072347 0.479656937461933 0.661280380500016 0.62872741000032 0.658968829384626 0.506154851996344 0.792849810976205 0.698407995596752 0.335586933907313 0.636878305567433 0.707151164183417 0.639144771583306
0.499167843479351 0.580847897430004 0.519988160781994 0.827213617945086 0.583147300859347 0.504005936793902 0.726818232929734 1 0.576096829927842 0.721315845362363 0.533538858630641 0.537865903679207 0.505936517074114 0.684112034067515 0.475685840997731 0.703547184464774 0.555395119981903 0.582436751652597 0.530029266029525 0.57414709769797 0.140127963609486 0.174725203564746 0.490373134774604 0.630387817478954 0.441512070272992 0.520640438729483 0.100200625936063 0.234988809906637 0.547514763393653 0.611098587096972 0.46295010677509 0.653690621419085 0.570313700529746 0.70991682632043 0.36064453283862 0.464544250935124 0.345540427177057 0.267425051956614 0.361770725922752 0.190802377752142 0.290383071828422 0.272812462976265 0.591928259384965 0.565342113863686 0.582990844724292 0.57289916322419 0.559110980822956 0.588123338121901 0.538004748214582 0.578519642969913 0.581157201576704 0.599922360968676 0.611477846153056 0.522794945057653 0.582261303156271 0.58182064322326 0.535231222049403 0.588244348683976 0.637876264938117 0.617504598046615 0.634018247422164 0.78951009364152 0.582541549189407 0.800798375080837 0.341650776454825 0.662931716971179 0.542457030705382 0.677828711557971 0.513377039951448 0.429240344432784 0.485999639866975 0.485122311892424 0.403410471562586 0.465936811028532 0.170428475258643 0.289740290856896 0.342047020275361 0.36690522372567 0.436660140585575 0.507593119886024 0.615891045814214 0.576481325523367 0.457765789443137 0.411568989048669 0.536431144235289 0.697247952519492 0.235254649332447 0.435918181966593 0.598306486791793 0.656354951141036
0.50100373729725 0.488801899953263 0.656980498836085 0.588922822036494 0.749958618962437 0.351611624669413 0.720379186449198 0.576096829927842 1 0.639244229861955 0.461694767385376 0.338030330328973 0.607377280544412 0.492480535672734 0.790836217756788 0.616331827678647 0.523162160336772 0.475221684921731 0.560185689517424 0.572961421336517 0.17088337258527 0.0940251066549982 0.688279092143701 0.512155167619212 0.500050755420919 0.380013758551802 0.318600203079508 0.435996872568676 0.448397592156241 0.457925775893163 0.430733064064799 0.499393804313024 0.528688846500763 0.519347599212261 0.509571572856371 0.433470173612198 0.432723005095074 0.360168100932014 0.379129530019341 0.34996090616884 0.382647627480127 0.487421058229643 0.522103928792915 0.466326202711274 0.488744088020299 0.451837675177719 0.482617453925531 0.491270100180288 0.474796294006378 0.469358820499647 0.57317901404695 0.504167484699054 0.618226929690635 0.527654094264818 0.555425027037381 0.571390904967297 0.469282110211851 0.45847048980838 0.545801150344983 0.474581067134569 0.577013070562087 0.41173446181175 0.502255093749236 0.542640124280763 0.578317068183178 0.534368758767634 0.546091030951053 0.489329068469079 0.510718066954395 0.329715349681502 0.531834508638437 0.513077576441228 0.395412133095314 0.429750934839347 0.18029465746339 0.242689559745449 0.291692517221094 0.49988287481996 0.340720714111368 0.377128294531116 0.570060199233798 0.52519958956014 0.566946513961814 0.497337045336975 0.675247118718737 0.654792099002884 0.313837278994352 0.537256660027249 0.708330019970121 0.558423803664258
0.275870772901681 0.369054214512256 0.398076196061233 0.65381025441075 0.573684799141727 0.706045480825836 0.491432941790919 0.721315845362363 0.639244229861955 1 0.289293484016806 0.206923820678203 0.332396333615168 0.46520687868009 0.514792623631685 0.653483402188359 0.354673989671942 0.378811124694315 0.377418715232977 0.454117961172416 0.00506635425425885 0.120172797963479 0.421157995770283 0.615213332439056 0.407131369597482 0.557829145597197 0.169381817834092 0.282395045856465 0.310425253573668 0.395810579230231 0.34900450783474 0.536077623573021 0.546776888745116 0.601689877938189 0.442393687666991 0.565684820035179 0.233728339030629 0.246505496414871 0.179163728156995 0.0999834353171151 0.140890485822499 0.300744864116596 0.354633433084736 0.356332390049337 0.366698988185478 0.336622222068363 0.376005566260494 0.381929934382393 0.321992702047804 0.389974793324507 0.468916483795335 0.432214961903013 0.505761519651416 0.444624490396496 0.4170522508249 0.409216276692978 0.370083575402484 0.393558784525086 0.392947054595419 0.397493758568348 0.479922621060206 0.603063704078133 0.370642204943578 0.577823824816829 0.31491262368014 0.550966190528044 0.441599560161616 0.53135151900039 0.429811084232578 0.310603849832254 0.386039232242045 0.396281639393497 0.302304048075707 0.409667644322149 0.152083573083944 0.327547645990138 0.291768827455715 0.408463252568588 0.291214627379039 0.394754244570176 0.397412395015972 0.351796243308734 0.290840844367984 0.2380606129521 0.422764864046372 0.51721943433955 0.141350015707994 0.354867285320334 0.544524732812569 0.556165378721941
0.752200809749285 0.59542695321684 0.490960531973725 0.454008956287469 0.355004338588594 0.032622329198221 0.621067849683782 0.533538858630641 0.461694767385376 0.289293484016806 1 0.741766886478243 0.748003444403538 0.652225200663788 0.566468254111742 0.460316235016031 0.711288405948914 0.53052335208552 0.602531099215745 0.590232673665832 0.212729065206915 -0.00212851576846899 0.468443910568015 0.487832157183614 0.334415503649008 0.18946115259493 0.178554137230113 0.229923571681417 0.651144762413737 0.611885657669883 0.248189862006362 0.424165737878805 0.267940687267763 0.385153665964961 0.206588375335841 0.085912475594767 0.439681518852034 0.395692244638138 0.30815134917672 0.252919475010533 0.367894601229478 0.347426418269738 0.456052147073136 0.438166562105278 0.355202601675637 0.436164909205193 0.372162719716346 0.429707932180464 0.44690921109714 0.477262465310108 0.447838921538022 0.446727116474626 0.493900986486251 0.393393360624977 0.502812576482016 0.524255958520761 0.579471962551376 0.553207471677556 0.562786235728421 0.522187540946311 0.560450786066495 0.440799567229918 0.70205764405175 0.626423468971036 0.323773145278597 0.355818954337319 0.335421636812425 0.323505036964426 0.470610541761638 0.384787560490458 0.185823273560714 0.204167429578713 0.182047722448514 0.260438010422257 0.0221523615409227 0.224002185960914 0.00217666615021346 0.182690066668516 0.415019206530173 0.422730181419999 0.618327819569968 0.570438696643278 0.613832077118849 0.448025513027996 0.556753103158335 0.527432626511243 0.362621125781401 0.426788677919893 0.51453911204678 0.445404490536375
0.693362742782063 0.674373767994997 0.34420041410752 0.45317841996945 0.25792273628277 -0.041236600200639 0.458923694400333 0.537865903679207 0.338030330328973 0.206923820678203 0.741766886478243 1 0.592555494014241 0.686758449483713 0.375624973292527 0.47202240321355 0.634020743418599 0.583483418694663 0.532263416872472 0.469382583797007 0.208458719751738 0.0191399953455696 0.337520962303308 0.399006536022398 0.300784827145192 0.128651269698922 0.0812453484663826 0.169920968031415 0.616191998616913 0.649088790845528 0.278741427230465 0.38380654300395 0.222188892465874 0.367510450633696 0.0625640994336929 0.0524677258706765 0.466469492012283 0.40468913538181 0.410027885605789 0.353774929451592 0.406327123420641 0.293367953641615 0.45662151220719 0.396566182395527 0.374525000120562 0.399393674860957 0.36783600710602 0.407737626841066 0.507235512638546 0.508058964113685 0.406932454953443 0.473708759507224 0.42583739203965 0.382015869286216 0.499929471436621 0.509641678919332 0.549798924537583 0.596707058094071 0.562299708217928 0.580223580989348 0.382880994964013 0.338387681810024 0.641259828336611 0.605501160175824 0.187542142273752 0.221925537849059 0.24774393164265 0.260964668069451 0.419418522702839 0.381689767496541 0.242043720031386 0.288247492560612 0.250416444445604 0.313478624706024 0.0776173796618619 0.279687485904601 0.139534821288924 0.130102620786702 0.396066496077227 0.438083148396441 0.583508700041739 0.59259887467124 0.542571068910403 0.480330248767284 0.442886833463722 0.537642728627902 0.360970444776571 0.35605471941964 0.443578953896782 0.486682684241296
0.780408001348938 0.68383659346832 0.685491838954352 0.497185196258762 0.466804889339823 0.0633112535742743 0.75333017103513 0.505936517074114 0.607377280544412 0.332396333615168 0.748003444403538 0.592555494014241 1 0.684461619708934 0.741155520171556 0.572153774720619 0.642074457267779 0.523421582621945 0.675886806075942 0.558136434842958 0.256639563239155 0.15604205040247 0.661203406166196 0.49166736703895 0.414797008121432 0.178338218260415 0.291410882344545 0.34279486184391 0.631413729331869 0.564115538903853 0.244041112736894 0.349008554846093 0.325602680483733 0.392696732094794 0.400477258048651 0.136597648658495 0.522998919049209 0.500351437025544 0.359257001559597 0.363140496196988 0.357038716986988 0.326673362442469 0.556772496956663 0.469778405116169 0.453885402683532 0.489644285144759 0.498337680106696 0.480511377700526 0.540091958780809 0.557526705016052 0.533320010362865 0.528203624539065 0.600391994885947 0.503708355972208 0.597141780470569 0.602804795810836 0.685552812896583 0.659772133762039 0.627666159912261 0.553262947821423 0.728757456676811 0.430667096245822 0.684918435218727 0.498738620209678 0.601696104018904 0.544111056044509 0.481927370757833 0.383948834978794 0.590228706334784 0.518517673396036 0.301338553325214 0.214862851792105 0.178307670392291 0.241759535529631 -0.00174826997414089 0.166859617595819 -0.0161892659409943 0.0618491060743126 0.415038080586453 0.428363721456231 0.660232275467906 0.640458112712105 0.713118244759408 0.507898725764194 0.795664941124656 0.614407092132089 0.383027042763451 0.546850599185319 0.658255832033994 0.513053196504798
0.542053612059911 0.599373237942333 0.368827134122411 0.582135117884455 0.286679751009043 0.117854143243385 0.534239360207233 0.684112034067515 0.492480535672734 0.46520687868009 0.652225200663788 0.686758449483713 0.684461619708934 1 0.531745594812335 0.743741910985711 0.602966794656938 0.579409270968205 0.455565212634367 0.478895210612796 0.101153848608003 0.0263285056786967 0.399679479409514 0.53083056208126 0.261016297846698 0.112205436468744 0.0106687260709484 0.146428709497905 0.557719963905874 0.662345021725842 0.181543662109191 0.451579982782026 0.230591421992061 0.381264795609864 0.109971351001044 0.0664615794737531 0.345983770077637 0.28321737325791 0.354430577161738 0.285848813199253 0.194178833051268 0.3046498620212 0.434096126767757 0.393591268524452 0.333213191647809 0.377379745895479 0.325710392277305 0.402636756700387 0.385990087279574 0.422756113596274 0.357393341051719 0.389279319617746 0.404606324335464 0.377692692471397 0.453389701792843 0.477150956787247 0.524068973197359 0.564539176399048 0.441019478760807 0.420470011293996 0.551596663468739 0.539326888941125 0.631287508447121 0.71061504447814 0.22225149871286 0.407129226820626 0.220722125153894 0.266324368981943 0.344821305030498 0.291220289594776 0.274860812965251 0.249834390735828 0.133715503049345 0.160881675002298 0.0935640512633494 0.111883851949128 0.105189962872484 0.146362830712108 0.387855719022759 0.523071093439687 0.585555326798425 0.635440784795661 0.433947699993516 0.433703318681959 0.483097397543159 0.611045397662604 0.30236997642682 0.391101271484331 0.503501265895564 0.461738208833748
0.552938144249105 0.482520174039738 0.662038476719819 0.45320056521196 0.617840588102253 0.145933639743124 0.660428248080723 0.475685840997731 0.790836217756788 0.514792623631685 0.566468254111742 0.375624973292527 0.741155520171556 0.531745594812335 1 0.657627177556111 0.538134174858159 0.44255177691592 0.546946698730762 0.529773636936411 0.208375463685344 0.0511117422228698 0.698887749489382 0.594491157922078 0.471239756562042 0.367655831836323 0.376040671451351 0.430791639961555 0.479048923329919 0.451169959982744 0.289736992768164 0.452877277287174 0.337345358956151 0.380444826103439 0.440478143687796 0.240365625752446 0.35324702264232 0.346793895929014 0.352336505835421 0.356483607092731 0.326569310908481 0.38772075335193 0.495972571225479 0.433110091668389 0.389963816535264 0.400996528506 0.427987893850676 0.437573516147241 0.439122188370149 0.471431294050544 0.522844809571114 0.457995549404264 0.564955466153551 0.432385753480091 0.508078208946883 0.53322211721542 0.469295470820661 0.485330872102268 0.505512933660918 0.439434758701048 0.562307016910968 0.355622281506909 0.494833520188405 0.458570116904508 0.65227410333749 0.538209602392384 0.424562589604418 0.36009757814357 0.464683073092732 0.317594452945304 0.345981919941 0.316686198389991 0.218992646542477 0.230830201742509 0.034540675156992 0.0995582887005666 0.0988935885815075 0.339178027363481 0.329881441653253 0.389403255285987 0.550964169968521 0.532613551091488 0.588418697365604 0.532734698798544 0.686841200708892 0.632494847828165 0.37809072756908 0.532695506252396 0.669752168945386 0.490687476173881
0.462270653640056 0.550388633715232 0.463902970035253 0.680192625470346 0.533169032741738 0.370324982421311 0.573292728888183 0.703547184464774 0.616331827678647 0.653483402188359 0.460316235016031 0.47202240321355 0.572153774720619 0.743741910985711 0.657627177556111 1 0.524615859877462 0.625262174957824 0.523246422914163 0.515338078048221 0.178457998412999 0.204528194739464 0.581669710292264 0.723061191531861 0.404529395279029 0.436956549975545 0.249714078252853 0.375111629801277 0.518938652367534 0.642128276425191 0.418142111236652 0.559389425117579 0.423822674615147 0.562274560415783 0.285775926601422 0.320274818949315 0.349324621267803 0.274723730962974 0.453937373628505 0.335841874225764 0.270457201051568 0.310987838328587 0.451437676660061 0.401006153737355 0.35486134577513 0.355079044327214 0.361866848166621 0.402539466188277 0.332124311594612 0.36351864604786 0.390200723271692 0.362477240356899 0.465909456312069 0.377269793312654 0.43980301746529 0.447081876996289 0.53333050557277 0.559405104534643 0.396405232582619 0.379833191235544 0.532806757989332 0.536903922185412 0.544532701128009 0.680305754670926 0.411793129853792 0.524129953642237 0.344418294610277 0.379746366189588 0.391886887147571 0.349254442285307 0.41174909204166 0.444673506030546 0.323057228073984 0.361154508492347 0.199349957519424 0.266903187125858 0.26934700841494 0.238907213365589 0.467461453881719 0.577133524628963 0.582579560306829 0.633479230736525 0.515932090914236 0.571157953897922 0.538995352880119 0.658240592901481 0.389575167095519 0.556099635212077 0.586927218515424 0.562003272873773
0.79534621983018 0.773689677285879 0.542805841139449 0.630723514639422 0.471834984174144 0.115995147005626 0.596193121040345 0.555395119981903 0.523162160336772 0.354673989671942 0.711288405948914 0.634020743418599 0.642074457267779 0.602966794656938 0.538134174858159 0.524615859877462 1 0.809845285686271 0.748398741779882 0.751195052992207 0.235275558059868 0.044449778080625 0.531582832668479 0.570269125246311 0.463193777479804 0.333814918106004 0.20416786301276 0.265397430203655 0.810443864016663 0.810928762986968 0.47322116106104 0.610354146527857 0.42499778725957 0.548491020577308 0.275553976651954 0.141227257041359 0.476006710261713 0.429512179282441 0.428632876132447 0.268666396936673 0.420735654165605 0.423352949737174 0.612049735322313 0.621689980668039 0.524577614649153 0.582583415100937 0.528653258902342 0.594906920589431 0.543842716402325 0.52339330357006 0.483642919229453 0.469668094434073 0.534902785055788 0.444746121067787 0.591828091711017 0.618290362721304 0.755722978879733 0.729167616960033 0.593417502277856 0.59121857081235 0.424648166856896 0.368201439278976 0.735042333105698 0.716373779923232 0.331758359944895 0.372239715102231 0.415830115365151 0.449079721490965 0.649541918613765 0.593469699927332 0.220706366127432 0.240487546826854 0.313443913228564 0.478805695355099 0.101110925304204 0.322784312786865 0.075091775962695 0.345819701207955 0.72068147312776 0.695186154369342 0.872584109358511 0.775452612955305 0.764671389032181 0.54038869182087 0.615291490924695 0.600770053177353 0.40480563643128 0.518805878637636 0.573170861968199 0.481760910727892
0.677176396239684 0.827716049991993 0.438771524236354 0.601178310275472 0.496232720303647 0.192563346742896 0.585933453838472 0.582436751652597 0.475221684921731 0.378811124694315 0.53052335208552 0.583483418694663 0.523421582621945 0.579409270968205 0.44255177691592 0.625262174957824 0.809845285686271 1 0.703319035702404 0.681086032650259 0.169350672546637 0.173206495071184 0.541931890547447 0.517240744110237 0.547666184105924 0.399682782765209 0.217627221504434 0.376943731010002 0.722103713119858 0.806066324323638 0.551225207340575 0.58803849406516 0.468495874907284 0.594933482401831 0.206728003935897 0.203615352106247 0.458825768390351 0.275356338058548 0.593297619248988 0.366085008226237 0.431168797360033 0.394988749275423 0.569688332241082 0.595683495412007 0.483682332820075 0.521849173819989 0.473896622997402 0.550698002769992 0.467087628000765 0.464458337493301 0.47210298919726 0.44268872119071 0.506355305457358 0.462210981962669 0.529607873616058 0.523348086184072 0.763900466559851 0.793434722060304 0.530271147189447 0.507125594966151 0.406038099767723 0.327568972080698 0.635585259602574 0.69594185916992 0.354265798358645 0.338770577929819 0.415191922770327 0.419014119130303 0.524208014808066 0.540569996547835 0.349302200832681 0.383731579449248 0.440945181276867 0.575184475671804 0.210263550241678 0.361213478793702 0.36658555784328 0.26835799512063 0.754966434236578 0.826254694157077 0.822889984881723 0.825685930352089 0.692384971398204 0.633387096538671 0.553440260352449 0.648461121366774 0.403437095356727 0.556602003763173 0.556766360537648 0.495663682551792
0.837184886001061 0.761545617448284 0.696432226763448 0.650267919627361 0.601687014439348 0.207326966525264 0.741311535300318 0.530029266029525 0.560185689517424 0.377418715232977 0.602531099215745 0.532263416872472 0.675886806075942 0.455565212634367 0.546946698730762 0.523246422914163 0.748398741779882 0.703319035702404 1 0.800928185800669 0.203178546180085 0.241769231185816 0.734857661544096 0.588414604575598 0.649896890037465 0.484936922544127 0.362494411107494 0.428073685657652 0.740138443565549 0.673145729073151 0.621616315796586 0.578751097829536 0.668156569792983 0.687043887904655 0.491618340500003 0.406778583919927 0.589039900557052 0.526964051063989 0.451645681763728 0.197595801537767 0.502128308696872 0.365627516788205 0.630898343096457 0.630631248309938 0.567194417517581 0.57509690462022 0.582614278634674 0.584904801108646 0.56747175018729 0.584613643789921 0.605115427732432 0.554006318124194 0.614380881411962 0.533009521721055 0.614776460958017 0.605885302156022 0.7612710849452 0.689557513900921 0.693453750861782 0.654469548964881 0.550887320885313 0.345040860775506 0.742578410682084 0.658919099342844 0.530773931585496 0.410249518852688 0.65091859791184 0.565308259452057 0.763235692465503 0.656944394740567 0.403552146225252 0.403113723547502 0.545521255526622 0.624566046504437 0.303838905141184 0.438606831784254 0.199582724619734 0.298139329497968 0.652684530928348 0.617713080714164 0.751383355073055 0.673766636923244 0.77580768024577 0.543521848818723 0.740930995427083 0.634664628127567 0.467374279202693 0.677464295714005 0.668016836207928 0.639724161319628
0.699518368653478 0.697452204024065 0.532108636943128 0.632563968328184 0.603696725873591 0.21760659784323 0.637848135122061 0.57414709769797 0.572961421336517 0.454117961172416 0.590232673665832 0.469382583797007 0.558136434842958 0.478895210612796 0.529773636936411 0.515338078048221 0.751195052992207 0.681086032650259 0.800928185800669 1 0.196588042611514 0.104588357949724 0.631650621150422 0.577098540194532 0.549057986852809 0.519752412319402 0.251593153896166 0.323268276632659 0.713421169025236 0.718127242427913 0.608904901279888 0.653830032123027 0.657400506294387 0.718310710609905 0.382823977815238 0.41006330325197 0.521420432906347 0.453278109634168 0.396837125233214 0.179204929268443 0.472035023428002 0.413420361364663 0.605419299566571 0.628172535541934 0.569941256089978 0.574248649029534 0.540349554913403 0.563035610742108 0.549530758456449 0.562155484409092 0.585308523154984 0.52879520881533 0.609949991872515 0.554835656732361 0.578567299925884 0.593732768927406 0.648993789042428 0.611620083312922 0.591731808284454 0.561284790795935 0.444266686009573 0.362766152519905 0.668148041542717 0.709131319854453 0.367841526461353 0.379881590985807 0.581766675791731 0.567875102881786 0.731618408549341 0.584781153913979 0.400182538365692 0.428802405940878 0.456054082454337 0.606409974703649 0.200102800419958 0.400752859785844 0.226245287622694 0.450403619274817 0.676122503243526 0.644669933068571 0.767269635910711 0.627619064990916 0.684075410600713 0.455393708965254 0.632043570256276 0.597581383628383 0.424564514216222 0.513441304600474 0.610944844889094 0.59140829388677
0.280961070856068 0.201065504730221 0.31175073986913 0.154198963620315 0.29997575039101 -0.00830838227107081 0.276864006273862 0.140127963609486 0.17088337258527 0.00506635425425885 0.212729065206915 0.208458719751738 0.256639563239155 0.101153848608003 0.208375463685344 0.178457998412999 0.235275558059868 0.169350672546637 0.203178546180085 0.196588042611514 1 -0.0300721399028672 0.35613407197589 0.177613942025133 0.28447061530972 0.299795510593992 0.341204932263328 0.171393558998811 0.323203557482565 0.144842859813254 0.292916560385637 0.136629518145887 0.162839439611638 0.210849731711214 0.221920213573017 0.160083366962891 0.190712409090726 0.180399501542842 0.267310102608485 0.126658837421669 0.355897967143814 0.114583510944444 0.241091371999989 0.169506927160801 0.251035452790091 0.190090336071115 0.207353890815567 0.202381683214941 0.19499146411729 0.130863410769952 0.117132383144899 0.186561352670745 0.205553200548922 0.167317629070653 0.23565985785645 0.292232133790629 0.241852258104442 0.21667067770089 0.224882950161556 0.232221944517022 0.13246659521707 0.11655746576997 0.130008435900532 0.142521024336857 0.230165734064913 0.230526662016362 0.242435149763519 0.20725729727711 0.219906010591322 0.125907562557912 0.157194821784548 0.135873324109734 0.0280348553771767 -0.0184450003166943 -0.150362305055087 -0.0139358873496987 0.114920559288713 0.18918926165588 0.210865628623307 0.162175311353131 0.245596487802551 0.221963032373442 0.318537783115684 0.237331773290823 0.300742163915133 0.25255397934729 0.200167338727895 0.355359053754877 0.267086820957186 0.203124614474381
0.19114729303247 0.243370615865785 0.15121916205954 0.243003365879966 0.144969730906199 0.363130431693316 0.204523812729356 0.174725203564746 0.0940251066549982 0.120172797963479 -0.00212851576846899 0.0191399953455696 0.15604205040247 0.0263285056786967 0.0511117422228698 0.204528194739464 0.044449778080625 0.173206495071184 0.241769231185816 0.104588357949724 -0.0300721399028672 1 0.234595526535488 0.191005060482428 0.174738706841596 0.125826212559072 0.195979804587922 0.169665567179724 0.16559466964837 0.200190897922993 0.226773684417446 0.0543154504244367 0.319728252230222 0.340345528243241 0.276342378125174 0.258681333687454 0.201791259816906 0.130345784810717 0.0501554288083147 0.0710891252383625 0.136192425304606 0.0360214645039011 0.0554293856833786 0.0082097236457816 0.0842956128989248 0.00652805299131828 0.117159761762143 -0.02228717378675 0.0519535437176488 0.0585536415818479 0.222897905867659 0.184066055464565 0.314366211346075 0.238872523949252 0.191345285096733 0.0277298112008396 0.233247934489485 0.214124082763788 0.108038042304883 0.131155598942798 0.233519211659582 0.101305502984007 0.27435788111315 0.147297568757289 0.303638297738037 0.216072047099766 0.347214707873349 0.294680187881256 0.222683183862718 0.344734319506238 0.208607235642918 0.141281819354525 0.250759113021072 0.336910609746577 0.134156201243733 0.355734284492243 0.161843953298058 -0.0839967570418044 0.169688104446312 0.0872320050275968 0.161951169223895 0.131716484623975 0.204985381718577 0.191109008256027 0.27277423161812 0.171911225039719 0.059877509358798 0.24842527713127 0.218863333432401 0.310156578542455
0.617427502551438 0.610682397004859 0.853929549759141 0.627150990352136 0.717244020942799 0.290721692383022 0.803263142932821 0.490373134774604 0.688279092143701 0.421157995770283 0.468443910568015 0.337520962303308 0.661203406166196 0.399679479409514 0.698887749489382 0.581669710292264 0.531582832668479 0.541931890547447 0.734857661544096 0.631650621150422 0.35613407197589 0.234595526535488 1 0.670318707141949 0.653115623109091 0.495978901978362 0.472498487563561 0.47736798637157 0.576341294812175 0.506518298221019 0.611104904343736 0.526645446299031 0.62402685358189 0.618012151765943 0.627701784217967 0.419711105903563 0.486820692409096 0.411914415991743 0.416531862112563 0.28637446880041 0.435488912153352 0.331464111927203 0.578377793374935 0.488667936702544 0.51253912050884 0.461011263452484 0.520492407177232 0.482033248502638 0.447881020063585 0.47507578358557 0.534646303482374 0.515835922966529 0.573917239649295 0.528276422656242 0.536235105268291 0.559030894756912 0.616549731146982 0.589449480924522 0.542815211812529 0.509793673647416 0.605745762380447 0.365112122703597 0.56287138936451 0.524921852255753 0.73607253360968 0.54120846359522 0.683560503819151 0.536334457948718 0.627832387234403 0.518446047325453 0.52880429380271 0.435543263462156 0.410886855331495 0.472879510144539 0.13814835197532 0.273352783292402 0.281977028862315 0.360593964640709 0.501771963386208 0.487744836406697 0.618859418246672 0.586533804537527 0.675500762599326 0.497033465082801 0.7827913054109 0.630501454527498 0.382622250100142 0.652833511442858 0.660084198606956 0.560774245059837
0.550239070285182 0.552571718343263 0.624934630551877 0.731370911310415 0.535182816693202 0.380388687221881 0.56264461514576 0.630387817478954 0.512155167619212 0.615213332439056 0.487832157183614 0.399006536022398 0.49166736703895 0.53083056208126 0.594491157922078 0.723061191531861 0.570269125246311 0.517240744110237 0.588414604575598 0.577098540194532 0.177613942025133 0.191005060482428 0.670318707141949 1 0.4573178530557 0.526531506360748 0.233863434849005 0.308257434973264 0.566097962202662 0.613011529946737 0.498860655550091 0.64774050442863 0.534612084066804 0.638780108708732 0.4377004041233 0.351776735277681 0.304237580680619 0.37160550141939 0.249032862645038 0.186773937760432 0.1664824513556 0.324798900492552 0.508106956626142 0.450398688231523 0.397917289096909 0.398367012404812 0.429110824414834 0.442799799855906 0.394230720184523 0.413947984707819 0.405727825035371 0.385985030877335 0.49404877678659 0.367829670405327 0.454185223405597 0.459896602087094 0.550645747659869 0.541740246596077 0.458903165310966 0.488739940605219 0.471234044698806 0.546676641171625 0.570213419672987 0.662578391394597 0.395774311058364 0.530848919899914 0.453051158919331 0.497108573116222 0.542549462244235 0.504811018401832 0.27594423915802 0.254968703973679 0.286883624233259 0.399972187760691 0.152303024736554 0.354477080798102 0.153990043909707 0.358484078633544 0.482464153598976 0.493369645398907 0.600902343776798 0.531746363920922 0.589385463038283 0.418705261795166 0.539761860366571 0.550411041720987 0.342847789387547 0.509185054876224 0.501952737139436 0.51296260298708
0.596210926656157 0.603904082793463 0.578507005768829 0.40756955775438 0.650524740280774 0.205912210837961 0.619460933653688 0.441512070272992 0.500050755420919 0.407131369597482 0.334415503649008 0.300784827145192 0.414797008121432 0.261016297846698 0.471239756562042 0.404529395279029 0.463193777479804 0.547666184105924 0.649896890037465 0.549057986852809 0.28447061530972 0.174738706841596 0.653115623109091 0.4573178530557 1 0.650794954328466 0.56558955133507 0.649411803417329 0.412789515776633 0.378889763733687 0.523472081059127 0.379985150400143 0.600371822025238 0.556485465030814 0.622781773072969 0.511523887386926 0.627078768972079 0.464393554325012 0.473219311933893 0.278895667649014 0.452070850731473 0.414717010357862 0.57842526979888 0.57665663153081 0.57022787086214 0.550402031649729 0.550263406842282 0.53226821940486 0.514514983228118 0.591905288071654 0.652837747774114 0.667384223805031 0.610510754654348 0.621834084975411 0.60541087282862 0.58852030012662 0.586623890296249 0.611385969492558 0.669041109197205 0.652647289984804 0.463609889278532 0.270433902149784 0.432587507973535 0.431654167991407 0.661681700354493 0.520523951887818 0.714816401986908 0.608444865714071 0.668369275835543 0.554871309954899 0.413924562035017 0.329810109359406 0.514517893079585 0.549908158828303 0.315497764525086 0.313455775676432 0.308666401591441 0.348074149845059 0.475544334698979 0.491314539169262 0.570600389132143 0.53339363345509 0.590989573197518 0.462811177696004 0.697943561944398 0.633358993029381 0.487525068255648 0.738917026887026 0.690056483730762 0.66465079979897
