1 0.880537219946188 0.715113917106595 0.612409637004804 0.386818300063337 0.214880864703376 0.663806625567462 0.521260349370954 0.32650336348218 0.204389581613005 0.737575235037675 0.501507645600049 0.740413938663743 0.46165649695694 0.537489177812696 0.337071558898282 0.744204772198016 0.683701997382708 0.900932455375931 0.74501043792136 0.0802224378223253 0.31189110074264 0.646140985219437 0.373776511708259 0.515938715694554 0.357089577809869 0.214257029443029 0.205878533119114 0.525492426871728 0.518705866819903 0.438332837735007 0.314618358589314 0.685859632733034 0.463060788756956 0.32609526295694 0.229874158461532 0.623624250785083 0.45317725910569 0.467608301006328 0.470337299968239 0.704432689835816 0.50518743176731 0.60057389254228 0.574990049468611 0.641952793832942 0.610732295574555 0.695020259143342 0.62806173056638 0.528142897561829 0.563659060300987 0.614191539263492 0.669780833368315 0.617565229705681 0.582402119661495 0.740108805840885 0.66007646916598 0.885780421445349 0.862199562282943 0.649156294592109 0.667939070733907 0.584025450989013 0.292133452900723 0.656549050818684 0.485557772853402 0.507662615987955 0.269287405658162 0.527747899137673 0.559636835157416 0.747107548948692 0.751337229745711 0.605793711862212 0.564527743121703 0.443413586358857 0.480733358395381 0.291205827250912 0.34167551109462 0.419275307914773 0.213382095324961 0.645354020540892 0.544939986048259 0.753292864475306 0.76160282415838 0.634829543737589 0.57972979975322 0.815443455592705 0.645197697922104 0.459381973723444 0.6544628450543 0.674110369130818 0.621853371953248
0.880537219946188 1 0.615959496496252 0.637901234478327 0.286583077178342 0.18652767819446 0.606462047758568 0.546693492334007 0.289728780106436 0.221739021972061 0.66493287328688 0.636035245895297 0.618765417319613 0.597050999188852 0.418678151902391 0.44023508790157 0.812673321376733 0.836416199145401 0.813259662440915 0.859308245324812 0.0200738998899539 0.134362601792421 0.53796423520765 0.417726581749696 0.433605992232051 0.357741269908547 0.178260770656328 0.0843261459377526 0.695274839148415 0.71620218696022 0.432741553651885 0.374511875968596 0.697860022308694 0.646547362972889 0.306404887377897 0.270842814955796 0.704557173163411 0.613334372122778 0.662188325864357 0.622975776377616 0.715534659887783 0.636368185010445 0.638246590206404 0.685977605579925 0.638351823413682 0.680233040754548 0.681398093691525 0.742000589833506 0.573830582288238 0.583524680479003 0.636143604705296 0.667067128287763 0.566199498532141 0.583571005551671 0.787740310739576 0.655988151626833 0.839539425363685 0.816396462348786 0.622745281536849 0.637121709227065 0.49527327024531 0.263367773976866 0.621603694476568 0.655398498429795 0.386950856433571 0.244219843725496 0.381695051478649 0.58636438863064 0.595971763867983 0.619857260107972 0.507588321399442 0.651551371841971 0.586445764230219 0.632344354957902 0.359826809813861 0.413799299984381 0.539326638824524 0.464435881996569 0.699041355601099 0.744917568749071 0.783439010675441 0.839597307984837 0.637346108510288 0.657249032602917 0.623666005989265 0.678707340121581 0.538876627037431 0.70003798443092 0.574650088935958 0.620381161455367
0.715113917106595 0.615959496496252 1 0.826326424254809 0.421702347441042 0.366633890601439 0.825545990067311 0.666562404904821 0.441252986600494 0.241467623139317 0.454281971360449 0.359235876803748 0.600971081546239 0.409495260568285 0.425804375785944 0.243268749387819 0.461097533566356 0.448502416914111 0.604244247537339 0.547504362477998 0.0563128380575759 0.137619343971419 0.707704349475084 0.482412952496103 0.639909910399534 0.478361251590648 0.240305023170477 0.128818890376412 0.354919885132133 0.317762596355931 0.622115770351955 0.520254965544595 0.679482954232193 0.559372036859326 0.577785690573094 0.456622339228318 0.692859785307545 0.554598920418809 0.495831235153519 0.52598228529569 0.51979621628124 0.367987311687224 0.658858947087629 0.570336536193251 0.634496281444805 0.574478332643142 0.614301891739997 0.550326998289339 0.533111673275776 0.535810445412839 0.655940076550997 0.586207828366467 0.642723836905442 0.60863085506486 0.67309246372263 0.529305066341612 0.619481132956693 0.582560288884048 0.680141223567847 0.591932565088111 0.56596470491699 0.300306640731609 0.403166960131571 0.37512822351956 0.73259945199432 0.45690077270647 0.714636651465507 0.659571498510004 0.530991996514125 0.585562744508321 0.512828178680414 0.567918811598647 0.46338716429996 0.402245357402324 0.197452596367782 0.143763840355041 0.477510001882409 0.354780909876419 0.400212711949784 0.422447786253898 0.522429781329123 0.52789202327667 0.357039742558717 0.373686133066782 0.633888790427776 0.598803815016724 0.391193276154492 0.545728493022423 0.688042126775317 0.605601741183968
0.612409637004804 0.637901234478327 0.826326424254809 1 0.408129410920993 0.370821174210996 0.741683122840122 0.768336383770619 0.420852122674786 0.458676451907642 0.429747710545251 0.517615860472821 0.526916209710675 0.534425344221472 0.416085424714463 0.457571782394492 0.479581615720521 0.499117794683146 0.476038409571626 0.539760507187053 -0.000909337024849616 0.0238815602146049 0.679605492228713 0.665225682601261 0.564652368408594 0.509178946382766 0.323294047488574 0.0494069326624802 0.406254657460675 0.397291755349955 0.52854594110874 0.592164650296139 0.64323053837905 0.644451370034091 0.615978044089992 0.514113135697725 0.708032985940968 0.578413639292387 0.618925406133103 0.508585681617928 0.519587989845892 0.46463550830171 0.605427536459066 0.563528317533893 0.492826475747951 0.486937126642439 0.48284376829072 0.505686963603722 0.402608191438587 0.403386917867261 0.551204605623158 0.470733489402517 0.542631025643993 0.534918220279768 0.583511600762603 0.389743898664721 0.563864054743149 0.515578309070881 0.590507317775011 0.514737097319313 0.568826409909713 0.425169859485321 0.392216369106766 0.504366493744503 0.747422875100164 0.670032695622487 0.614580941665397 0.67283308219089 0.36768815307889 0.397987835246304 0.427919143226194 0.597778822026249 0.526373228959162 0.489517385856073 0.282836038161946 0.187671148115042 0.540269263737357 0.541421625839219 0.405617348297903 0.498769731819954 0.475338066583473 0.550087579717978 0.349585537386201 0.460825644809052 0.582551514540482 0.754110461840487 0.503826484976111 0.64962776383271 0.651538534780526 0.688712626237931
0.386818300063337 0.286583077178342 0.421702347441042 0.408129410920993 1 0.258430531813222 0.495353764840657 0.342663808575165 0.46090008829967 0.448739138293504 0.359772970702345 0.343121515111272 0.460428545460873 0.34468593692072 0.527128597580489 0.305686300242239 0.135062798809775 0.135195314822729 0.241069257803462 0.213366015568442 -0.0888825926407528 0.12225576900671 0.377916925492519 0.0454884639381536 0.493089297076551 0.329498272968826 0.0993379300600245 0.0408451673015275 0.180043078729381 0.106743089269239 0.21498700146849 0.1806731353952 0.418941164595507 0.24497753713153 0.439327179425841 0.312809448772826 0.32285398718678 0.163213532216988 0.238820659723382 0.171144369816101 0.227262071179702 0.100549428859611 0.289018199510276 0.270929851650786 0.231542513639157 0.223002098088108 0.196030975273167 0.188346558726249 0.156737577641079 0.213072209218942 0.273123397776797 0.217355114069926 0.305545169897755 0.234792617133074 0.186016024788133 0.127377313543249 0.249996111260658 0.24679121886643 0.254812733127089 0.207634208204053 0.399342861881519 0.339572320986236 0.251091588287059 0.223730178541662 0.551986321965364 0.431608945979064 0.460043426054167 0.35152552914731 0.190224464549978 0.226849545901904 0.455602110580236 0.267610834461263 0.212028809460306 0.180148626684909 0.210292051311142 0.0248966019407985 0.34102892499906 0.236713195712967 0.085745994489597 0.0657460085502822 0.154387167156891 0.224196796426873 0.0692833409581361 0.0704458020313589 0.475284315936489 0.427607340345776 0.16698270248469 0.266436683300677 0.419589756809915 0.376300630709747
0.214880864703376 0.18652767819446 0.366633890601439 0.370821174210996 0.258430531813222 1 0.454244923373413 0.534729806136905 0.563819185778956 0.475053906749836 0.211793177558157 0.341642816788593 0.258059030976156 0.441178590405306 0.296683052134405 0.25778848385435 0.100965037482321 0.108357337684393 0.131336060457201 0.172072202829682 -0.0503982075235628 -0.218935690039895 0.255903925398502 0.280230601410415 0.115318983871442 0.243145998888658 0.00766614503884331 -0.031753049524811 0.185748555768682 0.0898357086615691 0.434341191819671 0.421056507787206 0.446392471801491 0.384924191650443 0.574578714880327 0.564987372807558 0.266685976593108 0.225347109589839 0.254531546240536 0.179910308444236 0.200655565954389 0.136717306168384 0.420549735910273 0.35660244833862 0.318751095734875 0.348150254736665 0.300888226619241 0.273244934495046 0.33255168921796 0.314651640991344 0.410189625220614 0.230998489853151 0.503135345343559 0.377511368410545 0.275045740996846 0.165955300555842 0.185321118197407 0.135497825554125 0.365894255785568 0.337948854576167 0.484430401379511 0.54481678755077 0.20919558155871 0.306737759185698 0.385638830751294 0.448281263942797 0.435398083890447 0.434816026022453 0.219751106405442 0.287623492543797 0.210304706445347 0.250482267385378 0.167312608524927 0.163838426673213 0.120538970055417 -0.0458935493963357 0.445628562866907 0.302906216885494 0.0946828043688595 0.119471356748363 0.0853725181140033 0.106077560646635 -0.011949514514694 0.101761239500855 0.199575820826635 0.361350446453848 0.231667475862464 0.202164578124739 0.385810027983812 0.483401014870945
0.663806625567462 0.606462047758568 0.825545990067311 0.741683122840122 0.495353764840657 0.454244923373413 1 0.859562337386964 0.609089556234459 0.459020952693854 0.570605690221007 0.595124245293852 0.690337889708475 0.641384792247511 0.504120416226012 0.356522445380731 0.411451339873942 0.465378093331153 0.561419578374067 0.568273634546568 -0.0872047871398688 0.00606159886524468 0.563807724817645 0.334989332996358 0.463180927681762 0.340079499483519 0.102802382200105 -0.0458434659584624 0.473316730411689 0.409040130095998 0.636176425860506 0.545781881035622 0.765129786454674 0.680253556771831 0.589249297406905 0.524364548633023 0.608441018534567 0.456062060816866 0.502250309775238 0.410634010425941 0.489221617204939 0.42876173044881 0.68389290841343 0.615859932434586 0.60872523836598 0.60069434034269 0.597432947042995 0.587953366856777 0.56260249652892 0.592736736634704 0.691920286884623 0.599290272566555 0.676431530572032 0.647904059617505 0.635187250692991 0.497932698425143 0.504925710066155 0.453267702880034 0.693058140431828 0.617459996325243 0.769631840745008 0.568339544729129 0.600424465157612 0.613431587277597 0.665131408957568 0.509730655509188 0.675164848354076 0.703231357752794 0.430201463675315 0.548367081455852 0.551562319939454 0.574154324539796 0.519351208822297 0.503956815221723 0.272675565328352 0.203627225944843 0.600342395996953 0.464905917274469 0.322823540181479 0.381054807795749 0.431111017569873 0.482520016941674 0.247201412848745 0.355024403500361 0.606398772449948 0.667960525015908 0.406418111567216 0.49364794541366 0.753115248659368 0.750298192117624
0.521260349370954 0.546693492334007 0.666562404904821 0.768336383770619 0.342663808575165 0.534729806136905 0.859562337386964 1 0.590689957368734 0.58139707308612 0.509616504722504 0.697122264193149 0.569376619692024 0.754824633319142 0.396777534254686 0.426720261973641 0.416852012091166 0.457144214742756 0.44445779783408 0.5005591308828 -0.0320113893358567 -0.111984657031835 0.48150852787071 0.51544460378841 0.261677742069949 0.268923379678945 0.122387043444067 -0.0917004909455768 0.472795224682922 0.454003947690016 0.60486539889958 0.650012663524643 0.697194841113366 0.737080732751145 0.590693033534883 0.564768303302356 0.515769641829819 0.417645690423218 0.478297187441229 0.365254900738687 0.440809013800674 0.46537351500093 0.624984965515853 0.585210704098894 0.500463546893405 0.553577343256111 0.524892504105427 0.541838955144095 0.477137205299914 0.483402068418702 0.609349089295455 0.488656500877621 0.622450353267863 0.5790317324162 0.559082539114183 0.407350962748929 0.414098062809254 0.349122697331328 0.570005387817115 0.551061186873114 0.736735464790986 0.717069629439497 0.600205859124741 0.707741200712601 0.527364730195107 0.614473272556937 0.566882583868621 0.701584356665917 0.355935659180643 0.464739776300553 0.42529405215642 0.552350252589894 0.471474338720119 0.48859481858499 0.235077516185314 0.241632181556051 0.594602997413599 0.525041052085704 0.347297614629189 0.394563707477594 0.3968371773484 0.463418700527068 0.191109063423361 0.347305741696633 0.467388494650837 0.690384948553122 0.418786415683209 0.445381187113897 0.647045111681161 0.752906192289055
0.32650336348218 0.289728780106436 0.441252986600494 0.420852122674786 0.46090008829967 0.563819185778956 0.609089556234459 0.590689957368734 1 0.742232016176592 0.364114636440353 0.480390795177876 0.49114021890037 0.54924407059127 0.618597119644796 0.480819591170725 0.183481590365103 0.187162287274602 0.234074901086477 0.23734167046109 -0.0614926593660268 -0.188033779079469 0.404792262243984 0.308348148893535 0.222422670039004 0.201978043954703 0.170912808827372 -0.2269368432637 0.306045869403231 0.177709080684774 0.398472951669461 0.383071881185858 0.493435790454884 0.420333920233795 0.6052912340736 0.568002703502589 0.334221871136412 0.246798209976578 0.3241465160169 0.175242459232882 0.28138061473236 0.22823161194451 0.367210312453009 0.350052557356696 0.247208660268404 0.330774512493215 0.301830490296162 0.290247132170198 0.268278390555809 0.329485596784682 0.404681851511501 0.26333920904255 0.467345503320938 0.374526181782319 0.331017439974597 0.184193348557869 0.223934530535204 0.149450248651901 0.395717058672464 0.286524189149829 0.619751455541514 0.613448921023731 0.39692441223591 0.412626906736463 0.516803623692682 0.462967483823367 0.370182462318311 0.380704215901945 0.252268059093139 0.317586973162917 0.362213314287147 0.339456778686738 0.305340270542687 0.289909024946235 0.269620282288503 0.128357378544272 0.495100438511661 0.351504153182896 0.184280418099057 0.172699753731446 0.162588637635789 0.190921410756481 0.0956711175781488 0.199771719684234 0.434609021448208 0.49838654589967 0.415824138727404 0.288651490235872 0.642191500525385 0.600389347921945
0.204389581613005 0.221739021972061 0.241467623139317 0.458676451907642 0.448739138293504 0.475053906749836 0.459020952693854 0.58139707308612 0.742232016176592 1 0.273333666786785 0.57283049308216 0.343530141353086 0.573725053478211 0.562840906303111 0.651689903585266 0.167537443785527 0.206915084874131 0.0769952914130493 0.160378841336835 -0.0820278962005298 -0.190534579001057 0.340235903640318 0.345319813737288 0.216762762136969 0.252941302727987 0.175231657444076 -0.241228160710829 0.309254225820293 0.237403958893966 0.234896892603909 0.368022454375392 0.366573110516927 0.396310877280558 0.515245110974984 0.483730538664456 0.279941147916229 0.188821599112554 0.351912323284426 0.10115616982727 0.21162319911655 0.181052980732602 0.261461169889498 0.283874247919077 0.0798436334746048 0.175335092698169 0.137775408995191 0.199573764144049 0.0894681390240574 0.129611054827542 0.194542939979676 0.0745280059306904 0.258307674077429 0.215885873296434 0.169250726918866 0.0197584553298753 0.133047819752845 0.0638801493694396 0.223849140058079 0.117745842910851 0.530104684737825 0.630696315426404 0.320032200538486 0.434347826516026 0.47695372759455 0.573757075832861 0.212187915648693 0.285038360729889 0.0397531371554157 0.0729179508006396 0.219478735783306 0.275316823312956 0.31838722852685 0.34201443441794 0.289370936404947 0.13350295818158 0.414373764145515 0.427871814217686 0.150085128430527 0.148828509112515 0.088042618163801 0.177961080638312 0.0655339940510002 0.195909721132328 0.348595991673381 0.563425588462029 0.389386436410809 0.316644900519623 0.495840032850785 0.567546619274877
0.737575235037675 0.66493287328688 0.454281971360449 0.429747710545251 0.359772970702345 0.211793177558157 0.570605690221007 0.509616504722504 0.364114636440353 0.273333666786785 1 0.695714558089609 0.869191968299243 0.649295783546223 0.618531055300492 0.419329193699133 0.548954272757001 0.517082666359162 0.726174283166008 0.58279089173667 0.0802793479747851 0.164846827012904 0.554575847189228 0.324277739906156 0.316842802722739 0.206329936173709 0.266706807941375 0.0917856345023309 0.538033147451556 0.50987692343057 0.345337031983189 0.333649301973224 0.599063019423396 0.408020184696753 0.255403556342264 0.125991718839256 0.396772564969725 0.240070226962982 0.330401646191703 0.252323266330621 0.578575882097202 0.425561612932118 0.405128094930831 0.417852707285091 0.368529147846762 0.349489668315035 0.461910515448794 0.391051591714714 0.234234246402555 0.31597934239532 0.353713214063442 0.393160182468799 0.440282372808736 0.306484234766756 0.507338117071262 0.397168449535052 0.539210388161236 0.535156970154425 0.384706597258172 0.41065276860387 0.6760246727322 0.449818316844661 0.718808803783198 0.555444078475109 0.362505485630373 0.256320413202769 0.360865950522092 0.379391943826939 0.483767846550702 0.4575289976239 0.598166521442004 0.537968259994207 0.410928610162271 0.466077318046597 0.294675562191176 0.460632454938391 0.42164036850568 0.197594532706977 0.456534960202169 0.396431918721815 0.554194207978984 0.555640186184068 0.520274760089915 0.417208907550191 0.682709225364212 0.513060996561536 0.363233274393772 0.405358468655178 0.612288328596591 0.507461597803817
0.501507645600049 0.636035245895297 0.359235876803748 0.517615860472821 0.343121515111272 0.341642816788593 0.595124245293852 0.697122264193149 0.480390795177876 0.57283049308216 0.695714558089609 1 0.627058993293152 0.893970111408197 0.511757569877237 0.680923806462165 0.461717651543828 0.533316344539264 0.46532451622247 0.589667030504549 -0.0745558766865799 -0.0923996158539556 0.444015183499025 0.450929256010046 0.252829640872508 0.292376037112114 0.142181941824724 -0.131776356395322 0.654481611348152 0.648359350872688 0.385066750165819 0.528138564972867 0.623982044793787 0.670864066824742 0.412353838796796 0.359807901557048 0.47345126626065 0.39358169288555 0.556530990480102 0.375863463392464 0.481104845499887 0.49699675271639 0.507717843942595 0.57647884783345 0.346595155223149 0.441614061727954 0.43012006220904 0.50926608399243 0.296083032562857 0.31266361384398 0.40479286702735 0.302402506472923 0.427609463765796 0.347492253556341 0.483190180764321 0.311619081222537 0.346619855663107 0.300495959280974 0.337892737776024 0.309321312062983 0.620999862684555 0.611239691228873 0.599320129214351 0.777466411991152 0.358039402846542 0.458618473701962 0.287379671693505 0.492994251903346 0.211899218531693 0.228691102438524 0.44780617734948 0.568060967745748 0.54497880013734 0.606953547071336 0.358727839891908 0.423444445763598 0.604509931085564 0.579213928356373 0.362743830211177 0.456153831033188 0.437987016318846 0.541072350625051 0.378963595116466 0.458339958620609 0.453797081920208 0.682648680947849 0.464958987301612 0.488229671789529 0.542705616825704 0.621354853803695
0.740413938663743 0.618765417319613 0.600971081546239 0.526916209710675 0.460428545460873 0.258059030976156 0.690337889708475 0.569376619692024 0.49114021890037 0.343530141353086 0.869191968299243 0.627058993293152 1 0.65792367773849 0.764022236940559 0.456989409060801 0.430100226216455 0.44389075154617 0.689104891741567 0.532757970309094 0.0213587095872092 0.135468485011135 0.622355560769012 0.365071677408898 0.437431343522311 0.259517597760401 0.327262072563514 -0.0035612472609211 0.478172027597317 0.418606472963153 0.376535288423468 0.341328277201247 0.653875576268221 0.444694196495637 0.439892362326464 0.271414243612994 0.473613731198211 0.333828880771688 0.395461078578475 0.26815423177166 0.545156951089793 0.401241369510037 0.458157269959805 0.43657167687145 0.413431244721514 0.38597325136585 0.461322966310888 0.382428158878398 0.265616074937597 0.351671168130164 0.3953710654685 0.401807252370788 0.467791455737029 0.361726308563377 0.476819980345353 0.361199994450684 0.516987373978567 0.522008002728551 0.444254488632962 0.438334162340248 0.730941187327649 0.470583079063062 0.643177759840975 0.485726131349759 0.575229281217401 0.387892984001002 0.528256770846069 0.471003290559265 0.468744014459556 0.484955916813152 0.631808755740367 0.545216371862107 0.388748171715664 0.385737555514437 0.246671995737381 0.366799095100582 0.448012179837961 0.252154381817832 0.403879182134845 0.343024314189355 0.469979151087795 0.52013164354579 0.474503382505449 0.410215444574082 0.775252444812911 0.581772251825352 0.41892757560177 0.452184491556885 0.723508099322948 0.576731782980198
0.46165649695694 0.597050999188852 0.409495260568285 0.534425344221472 0.34468593692072 0.441178590405306 0.641384792247511 0.754824633319142 0.54924407059127 0.573725053478211 0.649295783546223 0.893970111408197 0.65792367773849 1 0.508566779542117 0.618069372499775 0.429944560520227 0.499968527910639 0.419410079744632 0.514995420435031 -0.00610380121043334 -0.133371516660921 0.356374188914103 0.380111057498253 0.295144994789905 0.361984235028089 0.169389818904082 -0.220659976465636 0.594769799518049 0.561800946996536 0.424557545327292 0.537450228474051 0.678986715504657 0.725357943011853 0.514309871650785 0.46725282371969 0.483370741903565 0.432354920686504 0.531507909203002 0.383947056180345 0.461866443260424 0.477882463662285 0.542083918213976 0.592046721332664 0.386364118957396 0.462403362309109 0.438858900009697 0.508916085808625 0.326371679678604 0.349494218560135 0.466345814104117 0.328540437616083 0.475328455323029 0.375145039311445 0.465710009097437 0.302448341586654 0.355133609289747 0.304688701912968 0.417315186614108 0.401069905632318 0.709340968411301 0.681091987829451 0.626471316661816 0.774400054866501 0.376290692656156 0.529935566971973 0.416262083314852 0.608107973789302 0.252045236521452 0.310340700128788 0.441973669614454 0.565139366713099 0.50780693741083 0.527191372735022 0.312825629201028 0.32801873881531 0.632213614158312 0.575330734018949 0.367518385046599 0.447064222724797 0.41250948184201 0.4856405597945 0.242238558696857 0.384603583899635 0.376116106267599 0.631247930081421 0.382551767560334 0.387513969716213 0.581969221724543 0.646655910094767
0.537489177812696 0.418678151902391 0.425804375785944 0.416085424714463 0.527128597580489 0.296683052134405 0.504120416226012 0.396777534254686 0.618597119644796 0.562840906303111 0.618531055300492 0.511757569877237 0.764022236940559 0.508566779542117 1 0.668514823846941 0.258591446816024 0.276849237603531 0.511412709119407 0.405496061896956 -0.0326275159848025 0.0669140692892346 0.632428488956335 0.356146256766998 0.444619862100007 0.271909183720073 0.327899338273049 -0.0924406852589267 0.409677001801774 0.320653713999563 0.323410307254372 0.294220559586216 0.524129296949797 0.331395919355834 0.467766010121318 0.299906991298721 0.369985980605236 0.257892963925969 0.364257549781463 0.212948568257502 0.453286256539922 0.286258962504426 0.293344846713557 0.294047831710131 0.186521359841895 0.204889744266173 0.270236870857851 0.229873223624053 0.116297118209057 0.200049198333656 0.216943404758963 0.222169871700018 0.31157309066767 0.220921046281455 0.314325206809029 0.181118477730661 0.327053335697364 0.328130597446847 0.251530315492867 0.191721596690705 0.512292069420724 0.333556913981446 0.458375316516156 0.317769268985142 0.583331776398102 0.330434160824827 0.330794256135715 0.23819362215359 0.289822752919726 0.283986834815635 0.464157704889755 0.378779039455484 0.301830305703768 0.272974254518255 0.238599463423862 0.285219869137763 0.390715027809199 0.24064618275175 0.286039890765059 0.223590656487494 0.302624896534577 0.393010243249554 0.411280523374056 0.394270554939286 0.72768999019183 0.567274848967266 0.48936312229376 0.465616719111593 0.655303882080186 0.489591959683088
0.337071558898282 0.44023508790157 0.243268749387819 0.457571782394492 0.305686300242239 0.25778848385435 0.356522445380731 0.426720261973641 0.480819591170725 0.651689903585266 0.419329193699133 0.680923806462165 0.456989409060801 0.618069372499775 0.668514823846941 1 0.309554459055456 0.39267151539491 0.233173234996626 0.429837185203012 0.025370785586452 -0.0939093923481424 0.521706074797976 0.58517226548308 0.328283243983496 0.299212074679653 0.348730396018823 -0.0921095485640648 0.498060196263444 0.48311966514866 0.327713100574609 0.455222609448995 0.469247632792331 0.514217500910637 0.433701249231513 0.329077558015568 0.415660321777259 0.34937598443057 0.526920566300083 0.3295306568855 0.43424273691221 0.337495712191709 0.346059932925073 0.40044202012465 0.216764957267897 0.274130361120848 0.249736404143796 0.343897441411589 0.195421573313872 0.19587288032076 0.263755866016905 0.149952000326221 0.289396734504551 0.237564717306034 0.31906960193882 0.174966191386668 0.273681776616221 0.207870207307445 0.235733077470352 0.148376736333831 0.408820234170496 0.336784902359983 0.39514502593326 0.494568729572377 0.433315200518718 0.382459168042314 0.171334391428711 0.282981596912236 0.123146957456776 0.0817772372765312 0.260273890312486 0.415690507014923 0.436485660343449 0.421252292424491 0.28838577745393 0.307597286700699 0.469571466396534 0.544263888194253 0.264863723278163 0.406059376225373 0.277190060000722 0.419606785726284 0.343003185105448 0.455556425473275 0.442627004709739 0.683430290487486 0.475226402815799 0.572367146854491 0.514623272789872 0.551659108876744
0.744204772198016 0.812673321376733 0.461097533566356 0.479581615720521 0.135062798809775 0.100965037482321 0.411451339873942 0.416852012091166 0.183481590365103 0.167537443785527 0.548954272757001 0.461717651543828 0.430100226216455 0.429944560520227 0.258591446816024 0.309554459055456 1 0.898788248430891 0.723906819338517 0.755616217708903 0.202371986205716 0.276552340582647 0.388891252338954 0.378422605225918 0.337739838358146 0.334698983436654 0.109933968111889 0.176251643947869 0.69079092929885 0.756811502139315 0.436804536693994 0.372418582378255 0.626944791697098 0.576972759016249 0.201015644817931 0.227704275940709 0.652750189167699 0.476883977780769 0.533443548471247 0.561895746047362 0.718093130396132 0.53136420821152 0.497257786218612 0.541876543691925 0.515167624799702 0.577224556673921 0.599895674777629 0.603382244702533 0.433695133500433 0.388521536697889 0.473450419726766 0.495001417579515 0.454110411239012 0.43902906165372 0.703798404018148 0.569451582348708 0.840754356299908 0.818478307400215 0.457653408032361 0.506109894114494 0.351106402901124 0.192685322287918 0.657584951650767 0.622099635925001 0.236516119513895 0.178714104542072 0.239373090806052 0.442773671007855 0.612994466528155 0.550666104029645 0.328653772898069 0.494283619221822 0.468550268068288 0.563597831651759 0.26510456296363 0.433245465075271 0.470819706312618 0.327267814003476 0.874668835553419 0.79020903989441 0.914533291975306 0.861134043427247 0.670510378326028 0.595913958615146 0.503107308816677 0.559313753320697 0.42084180558252 0.587085278554626 0.408489337527072 0.458278128696951
0.683701997382708 0.836416199145401 0.448502416914111 0.499117794683146 0.135195314822729 0.108357337684393 0.465378093331153 0.457144214742756 0.187162287274602 0.206915084874131 0.517082666359162 0.533316344539264 0.44389075154617 0.499968527910639 0.276849237603531 0.39267151539491 0.898788248430891 1 0.648339102407016 0.830072798540986 0.015841459626908 0.0774605210835712 0.389361732464218 0.378463833173314 0.297662200115831 0.256050366794468 0.0355237313176499 0.00148958723525457 0.813437409395892 0.860765572454084 0.436667840252966 0.375527692198412 0.691495278510739 0.725150976744677 0.285371034998796 0.305268004783533 0.736566173171498 0.583415039633415 0.700027250438351 0.650808625187501 0.718389174774133 0.616778081416164 0.611906497008944 0.687202604980786 0.567620802665502 0.656938826787047 0.636221751965548 0.738367336587109 0.509215893835871 0.462615381690239 0.532644934852074 0.540499628711899 0.497157905870121 0.537152845963929 0.763151362387829 0.571827897792344 0.750724764242853 0.756110752259682 0.484717097369601 0.497238167103067 0.380592864548485 0.203975357258988 0.638653159573737 0.751659426103644 0.278942779403838 0.18403884578372 0.200428786833716 0.468320158042992 0.459051446943019 0.439210105541183 0.365679551904072 0.588013122973194 0.633221770548742 0.6860567087854 0.38803186226659 0.465549623048373 0.614122553571726 0.558053088628857 0.81003939038951 0.897237333867158 0.859046999895235 0.871759430943749 0.663770993924183 0.674030004299539 0.487056621827132 0.626845203726104 0.558412586175842 0.682907757082194 0.466675357415776 0.559011399850548
0.900932455375931 0.813259662440915 0.604244247537339 0.476038409571626 0.241069257803462 0.131336060457201 0.561419578374067 0.44445779783408 0.234074901086477 0.0769952914130493 0.726174283166008 0.46532451622247 0.689104891741567 0.419410079744632 0.511412709119407 0.233173234996626 0.723906819338517 0.648339102407016 1 0.775711072726115 0.0836193579402773 0.308741957700976 0.570139744844876 0.301015248744434 0.403101330057367 0.251131953472769 0.149917110751792 0.18639528706201 0.570274716871961 0.568175829697257 0.455209383725215 0.310144150343952 0.635895181832562 0.420315270580766 0.171498288758532 0.113983237084944 0.536832670079299 0.403846743312794 0.379953554802572 0.435628503771499 0.649642809193909 0.496849380085946 0.495756903902856 0.478254183717167 0.525109380436998 0.516117069412599 0.623606507838722 0.554392596697345 0.432942050594253 0.470801046331499 0.470918007058735 0.592111784022823 0.478959376605796 0.446220232181542 0.672382273941931 0.614761557579084 0.779009082854966 0.785044943549765 0.499240001450239 0.562158948637446 0.441511476902748 0.191358626837627 0.637532135075948 0.438686825873226 0.324142711897441 0.0985196362000127 0.381271907977266 0.43928630002896 0.714587346103209 0.716763137688127 0.576388713407138 0.555506844426096 0.411597914507382 0.454143116861657 0.222132151011441 0.416957422347786 0.355016032070524 0.126179684536076 0.652177165030261 0.499953996175855 0.747769830922604 0.716719134158011 0.667438231837955 0.564031814586817 0.702538896244933 0.469857619501344 0.424675753303855 0.528999530471505 0.547845795350101 0.445648556863578
0.74501043792136 0.859308245324812 0.547504362477998 0.539760507187053 0.213366015568442 0.172072202829682 0.568273634546568 0.5005591308828 0.23734167046109 0.160378841336835 0.58279089173667 0.589667030504549 0.532757970309094 0.514995420435031 0.405496061896956 0.429837185203012 0.755616217708903 0.830072798540986 0.775711072726115 1 -0.0811076358565275 0.0438314019420198 0.535953446209605 0.409921968995624 0.302648801996209 0.173032197255156 0.0169845860039034 0.0284007704449117 0.819461971504527 0.821010054249865 0.493891707972696 0.368221152520947 0.721517308455493 0.700303796396057 0.28807071651492 0.229033317324553 0.717685113348232 0.566287227764475 0.723375696087161 0.646833593994054 0.715434603129837 0.596745707127332 0.618554593667862 0.675853148034521 0.550640244387678 0.645323771394295 0.655007143306653 0.74956067863332 0.566124595534295 0.513218636229097 0.564459797128748 0.588850598123493 0.533871950675181 0.540723419234657 0.798831860172748 0.600715169205343 0.680786335382075 0.660649598391334 0.511744170439419 0.494128280576209 0.349391079849523 0.138011078659515 0.57509988694206 0.669454099297432 0.316621305973641 0.0957683025105703 0.216157878996495 0.427910003688179 0.48195508314274 0.51071232198209 0.444657682587525 0.629306574695884 0.680729298326774 0.716683129661544 0.380025499625113 0.460622209071058 0.602691449389691 0.505449382829502 0.646395894476663 0.747679718291993 0.759003936151198 0.782805320417144 0.700688692513247 0.676474749821751 0.559819469507372 0.615133261489446 0.662503798219015 0.722582246760802 0.525998497993078 0.566046287563988
0.0802224378223253 0.0200738998899539 0.0563128380575759 -0.000909337024849616 -0.0888825926407528 -0.0503982075235628 -0.0872047871398688 -0.0320113893358567 -0.0614926593660268 -0.0820278962005298 0.0802793479747851 -0.0745558766865799 0.0213587095872092 -0.00610380121043334 -0.0326275159848025 0.025370785586452 0.202371986205716 0.015841459626908 0.0836193579402773 -0.0811076358565275 1 0.176319885584766 0.00725199979907672 0.131086243303728 0.110178791142326 0.209525894731492 0.357458778686845 0.266706902784859 -0.0958217780033436 -0.0235706171568402 0.196051601534212 0.167000959284845 0.0280112534570739 -0.0501649880978958 -0.0490157750161869 -0.013781638143601 -0.0448770260053151 -0.0397902861340785 -0.195263564629003 -0.0159557541776486 0.0757504509439149 -0.0539284294121288 0.0248752473373239 -0.0331620859654569 0.145549238714349 0.0683979964339166 0.0795730466303753 -0.0346006332926494 -0.00369433589461427 -0.00776850111143292 -0.00295483736273891 -0.016891177503726 0.0119606716516527 -0.0661920419252178 -0.0499289463270989 0.0571437437961169 0.153569387552767 0.165677079927907 0.0318243096787205 0.100405485847992 0.0156795530592832 -0.0141139520899334 0.18645136613819 -0.0573568064760862 -0.102840224513578 -0.0291185968496396 0.15742007215447 0.134274108241365 0.237731794472666 0.216093901586042 -0.000222986920945115 -0.0517930342230578 -0.128330621266958 -0.106992063717388 -0.145165514851796 0.00626775065974292 -0.0842267002837719 -0.166088242211282 0.228658407610444 0.0707146610108443 0.174749718234743 0.108167930162333 -0.0193079739955334 -0.0537146599999583 -0.0195347735734371 -0.0452270693028717 -0.277770870641615 -0.0941211814390603 -0.040477775714752 -0.111669509892303
0.31189110074264 0.134362601792421 0.137619343971419 0.0238815602146049 0.12225576900671 -0.218935690039895 0.00606159886524468 -0.111984657031835 -0.188033779079469 -0.190534579001057 0.164846827012904 -0.0923996158539556 0.135468485011135 -0.133371516660921 0.0669140692892346 -0.0939093923481424 0.276552340582647 0.0774605210835712 0.308741957700976 0.0438314019420198 0.176319885584766 1 0.107246944947437 -0.083603937557477 0.309659416629563 0.252990904382361 0.153006444988552 0.424268331328914 -0.0744224986703351 -0.0189800574370827 0.00665039689533854 -0.0849996034563408 0.0463545547561626 -0.197157981897949 -0.276251992068747 -0.300200850315249 0.010716278739784 -0.016878390595846 -0.235046977877694 -0.0835223126016303 0.235455642019906 -0.0782550553962378 -0.035869404549063 -0.0971774940512973 0.0820540704915787 -0.0328594514333223 0.0930794754876515 -0.0857106290602481 -0.0508923812066297 -0.0180573696872062 0.0151495416493045 0.0948449211635145 -0.0372745593398019 -0.0581688087147547 0.036527214811384 0.214989461725285 0.344625352822687 0.374471449217985 -0.00527007563095752 0.0835288915145789 -0.0188855828300594 -0.156449845669456 0.185833228649567 -0.131402318055364 0.0592143283482495 -0.049763684766813 0.189740878013797 0.0535741445456634 0.335394195490965 0.27069392374913 0.167736470974131 -0.0704174080481288 -0.235136497049807 -0.163164330683148 -0.128246057480366 -0.0570608698056949 -0.223573761480043 -0.387753065079961 0.228940082849623 -0.0099589820592106 0.288181451356837 0.239498511773988 0.146426722580661 0.0545615505735219 0.208841727869331 0.0030898331988628 -0.26209672264976 0.050995418936098 -0.00577367094038905 -0.105802484231973
0.646140985219437 0.53796423520765 0.707704349475084 0.679605492228713 0.377916925492519 0.255903925398502 0.563807724817645 0.48150852787071 0.404792262243984 0.340235903640318 0.554575847189228 0.444015183499025 0.622355560769012 0.356374188914103 0.632428488956335 0.521706074797976 0.388891252338954 0.389361732464218 0.570139744844876 0.535953446209605 0.00725199979907672 0.107246944947437 1 0.742884668148857 0.546614299137578 0.342076358616001 0.383382772582593 0.11590302744836 0.420710512502655 0.396044525023964 0.542747136818845 0.573797837335521 0.596415260900595 0.418402748728036 0.497231454787455 0.300459588772153 0.575096186715072 0.426073952319826 0.436047569834559 0.410477169549421 0.566053570627828 0.39275451101075 0.471789161863562 0.43218474726922 0.381078281580683 0.353347991341771 0.44589155441639 0.402771698534659 0.272461398741606 0.291624605689492 0.360943849947851 0.338849409954345 0.481358266201003 0.406809918161002 0.483944811616576 0.310646265188942 0.501286742911389 0.485871315340957 0.368986405253684 0.294508337814454 0.442585929526192 0.246780630429526 0.361350117465455 0.316224405205256 0.69954732080505 0.378005573108596 0.433710867542991 0.32982412348467 0.439356518339193 0.388128698671379 0.521129001959155 0.519042837889183 0.436015804078192 0.40183784618096 0.322153191320089 0.310309589154343 0.487422799943403 0.334361977275018 0.351646572109344 0.404493353944205 0.449793915431686 0.511777043234975 0.533351799483914 0.498662394836719 0.776787253314021 0.631037618971459 0.523941941917171 0.650196670540185 0.676102392251693 0.564141760694505
0.373776511708259 0.417726581749696 0.482412952496103 0.665225682601261 0.0454884639381536 0.280230601410415 0.334989332996358 0.51544460378841 0.308348148893535 0.345319813737288 0.324277739906156 0.450929256010046 0.365071677408898 0.380111057498253 0.356146256766998 0.58517226548308 0.378422605225918 0.378463833173314 0.301015248744434 0.409921968995624 0.131086243303728 -0.083603937557477 0.742884668148857 1 0.241720451581892 0.238176620239225 0.452655637685597 0.0862948366860952 0.372068763610487 0.407611323934798 0.498187636815921 0.674482435585102 0.437429898836434 0.485231364736858 0.496194810603539 0.371734204104734 0.475771987661634 0.417006078062003 0.456296157627788 0.388792875751215 0.445404612842979 0.400940263503214 0.387286753949896 0.368362853368579 0.289128114966091 0.328694458562725 0.332629054315279 0.330305349352966 0.22458146920622 0.188522918070036 0.298822343795252 0.18051472867466 0.378336642333562 0.322206944592382 0.393372385344947 0.196757500263954 0.360657115144 0.293451281249574 0.2726074994412 0.213454502354588 0.320796431717856 0.294784974308239 0.271844498482266 0.372256839132378 0.457127145069466 0.424524610001984 0.27002201968755 0.328894684423875 0.278372155486479 0.216427764637336 0.237580732300757 0.46579652986495 0.37809152853708 0.375672622250998 0.25414519906993 0.322964055756112 0.444161418092355 0.467507846210769 0.350109080735102 0.4536596601602 0.363210107576612 0.441361514424316 0.422864286677976 0.470326771706326 0.457709092438312 0.591099321366999 0.488478281473876 0.557978244352686 0.479493561751799 0.490728805739686
