1 0.80881045346654 0.625823200841533 0.599540956867122 0.352813979364696 0.421975375945833 0.629009730379939 0.549428585810928 0.130741453064013 0.173720203436207 0.362843259826118 0.552356694192814 0.266637728199214 0.429799733692238 0.271171191596322 0.479707011315432 0.69414167249874 0.6216287735748 0.865026143918861 0.87248735525354 0.265471967447795 0.353757989388051 0.591187624305624 0.49215064716916 0.425103122463456 0.552421151245142 0.140903296290227 0.498052177016377 -0.0332784353565214 0.669294690432892 0.424249725098671 0.347373090900119 0.671621718086864 0.579294669450616 0.294741924092856 0.117332728904375 0.372099632199862 0.35066366199893 0.470343834168257 0.400705816590841 0.530009729418203 0.553583252991397 0.642196774708584 0.52432912133539 0.653504423734183 0.686302718158742 0.752716542325138 0.701254303166598 0.655494172060477 0.51829953017311 0.633505306662672 0.606129320866786 0.717242916146964 0.513320952051892 0.755325974402043 0.756459250383013 0.921398683045877 0.831753376288892 0.816822391549028 0.771502928171454 0.757759339209937 0.658642883051996 0.801157577870251 0.733369482665736 0.723340859368165 0.676982514323808 0.699218463600902 0.629282994749767 0.701553842010202 0.733444141710605 0.605872851129126 0.162498765600183 0.00294432939978095 0.464999796904678 -0.18407598109106 0.310701216563361 -0.011089632862526 0.130274590933481 0.399677718297275 0.302649064542946 0.725940450373868 0.800309724746554 0.414103705976136 0.47120338615913 0.760491679800283 0.834368357983589 -0.0710162193780069 0.661789483350767 0.741274609185331 0.729947369460086
0.80881045346654 1 0.636304858970825 0.571948480264965 0.0551254302760237 0.179455115900831 0.619342299554107 0.516297231131754 0.191661624501417 0.238712621257564 0.581288523159031 0.706984599825426 0.533714187912948 0.383668806336682 0.486632448926149 0.614528034136164 0.782563888560605 0.830871574531453 0.769399978378832 0.74027655757421 0.0944686419743883 0.167202991127154 0.5323476769191 0.526455151064441 0.310457583635115 0.30401254660281 0.0388649001353664 0.31183271642409 0.315981633106846 0.673352999035505 0.255368572018966 0.315435738556355 0.62876433506738 0.639677501001623 0.299332021917616 0.363689935604377 0.569515334805886 0.27550627656304 0.550777486614901 0.477629363410556 0.577722742439228 0.541013251964255 0.557896363943494 0.444632728566928 0.564809971881244 0.608549570833624 0.754085799470664 0.639618208223798 0.592418957879628 0.487186474350332 0.558774819687541 0.547532411407227 0.605795783981609 0.472387329033813 0.718201396747277 0.692435624454452 0.835209495199378 0.939315123384522 0.678060186921908 0.752668894113135 0.545184020303683 0.575753058802465 0.66821756946351 0.710098252067897 0.670985936662946 0.628347453635661 0.631235944231129 0.605884297571986 0.717659606551705 0.717377799382215 0.432292384265672 0.400367688223959 0.211007612754888 0.320519717928026 0.0671250632305383 0.0618475583966225 0.269913676487786 0.193227591109928 0.574154259189701 0.501662828962535 0.812998958686098 0.875398767651718 0.507470636888229 0.577140334367339 0.806669458512134 0.750965377116323 0.181799420854591 0.537328390768369 0.657800329598594 0.604257287956392
0.625823200841533 0.636304858970825 1 0.600782776996603 0.189385483486327 0.376380107028183 0.843295206288818 0.364212276271162 0.386852530994071 0.232970826328626 0.307224893121072 0.372844645151924 0.455448415443039 0.152022967739039 0.557958683866724 0.602931414166747 0.469162362831919 0.458921280220848 0.695441521738766 0.638624805730385 0.210039862817919 0.399894816898283 0.72039281150596 0.79001648012848 0.523947032794515 0.555538391986412 0.236835983866839 0.475243633438301 0.0622423941822912 0.505934374120971 0.601156362438941 0.645279252674331 0.794900512866096 0.666956112128121 0.46090866465672 0.392679108292133 0.403552236650379 0.476801308524476 0.330523304251955 0.406439208363363 0.518196280658403 0.531661912465347 0.615675906264752 0.536521070189871 0.601601359910824 0.614223092257056 0.613504106578581 0.580483541881983 0.541060616402025 0.499341714308653 0.54411664099289 0.534045414871312 0.543576930103138 0.377529737965967 0.537861262992866 0.524197990085063 0.548189702447063 0.656441901474212 0.626038098650202 0.694924486171716 0.609399966172 0.547387614463802 0.509276051048608 0.481005868372586 0.772058554922499 0.689708589859835 0.739229627355568 0.724929171669207 0.553131247313329 0.499326114797969 0.628913287119763 0.363563387785607 0.172833524870786 0.397760625329495 -0.166932304919273 0.125147161268536 0.306315763492107 0.314449368285454 0.441256573309236 0.344649775042159 0.550225630361781 0.6247886349055 0.419567262394304 0.524058422511043 0.682149943066361 0.658132176167364 -0.0164752945896403 0.51719108649261 0.643828078115443 0.541958806880192
0.599540956867122 0.571948480264965 0.600782776996603 1 0.384777960201172 0.341612469454546 0.67309565877309 0.873510215823961 0.515352005031687 0.620105318153018 0.337927786484331 0.567642513945841 0.42746172556034 0.566985966339283 0.555994521366498 0.660411204496126 0.527363799911855 0.514958875753299 0.583108239773211 0.632478817806639 0.0468674309493667 0.246324598917059 0.764788305440951 0.723173727154597 0.429637564032181 0.478951942236405 0.177762532583473 0.335600528825625 0.232216762730899 0.634138716280621 0.616884044930885 0.460877906417337 0.706001320820785 0.58882289562822 0.546661851781115 0.431328508210225 0.362507688149178 0.423071233316594 0.440636762204122 0.340626279215149 0.461715832197038 0.428612633600723 0.595761237487232 0.490321405988665 0.531271765984524 0.577037657556346 0.577105196297764 0.534876606014491 0.478063796726306 0.406336245841083 0.461572328403491 0.435281843765107 0.529259360433126 0.324832450187738 0.580409635499671 0.546302153768966 0.553384513631699 0.574580559656314 0.596303939847142 0.636840638626548 0.644534646264751 0.665236788312182 0.625251347344522 0.535286590888777 0.728005477718398 0.720786369478699 0.703555097050717 0.740262059042632 0.503459157014842 0.569557391352398 0.55288207517384 0.459914451138368 0.314640968046296 0.48785043814605 0.0250112201007073 0.275910000717015 0.297592665645553 0.280934970396564 0.417873078896583 0.377259435608891 0.631253496618698 0.593516930676322 0.482909673455785 0.51331809633317 0.700105930530219 0.709258208484126 0.187430949453189 0.706443404259865 0.635811946070437 0.572878541507238
0.352813979364696 0.0551254302760237 0.189385483486327 0.384777960201172 1 0.479037637248136 0.173542013580124 0.38850088857261 0.217853002918821 0.29807127383285 -0.270749671814836 -0.018569226027832 -0.285212465310009 0.208351632955049 -0.12102321357721 0.0818122159560288 0.00399195196971582 -0.0867242300228759 0.327501638251715 0.365772763516719 0.305584784203126 0.261206496430149 0.234053643967306 0.186028019555249 0.339369564893128 0.581323535011174 0.177810433694912 0.316598005428987 -0.390937384116137 0.11875559677683 0.402636453509372 0.10600179814491 0.231590024872 0.0351043094959915 0.30766447931648 -0.045155500688243 0.0807890634361843 0.354846497828383 0.0907219026930737 -0.0539427050959228 0.203163696357223 0.296333492931375 0.293330214823065 0.280352291364865 0.318968500750693 0.320692509505349 0.157022958961333 0.245926569643363 0.327693239336739 0.290151594987779 0.319102856853845 0.296414065541897 0.353282777934805 0.24664509971694 0.271225062606467 0.256155090632394 0.320967763750403 0.109394670201582 0.385362702739254 0.264877557215766 0.450441054518541 0.387530051210791 0.34130132503153 0.146052654913826 0.309461002071524 0.377067076571423 0.366344944497588 0.265648394386054 0.163619536112606 0.236560938770614 0.390603512179899 -0.123961748512959 -0.238069213289466 0.252528996217397 -0.38725335666504 0.245145475872329 -0.14270810419314 -0.0432667554827042 -0.146578101402065 -0.272209692817652 0.0502872695962993 0.066507739759955 0.016470880072501 0.120741401923337 0.232861806247562 0.400576085889136 -0.193801103627046 0.484758641919426 0.383284657478562 0.479554217043362
0.421975375945833 0.179455115900831 0.376380107028183 0.341612469454546 0.479037637248136 1 0.334055328839774 0.198676999036357 0.240532940565842 0.303021982759234 -0.202901920510866 -0.0139576760372594 -0.187130241078885 0.034474455424795 -0.0916101583082693 0.252137724912263 0.0368059317937336 0.0398359672646009 0.30991612605234 0.399206851878377 0.384622326500768 0.754171522208934 0.290011970280166 0.283241224290377 0.630232213767716 0.746155568836959 0.0595363837859972 0.70328680881693 -0.354468883959712 0.224849353709158 0.438676589850293 0.229507801561258 0.284379983788829 0.0536390206701258 0.0229414426543849 -0.150671051151901 0.091297287175411 0.261190228789679 -0.12289786893257 0.232160130280559 0.260349125342744 0.407668492822618 0.191714284473339 0.164011408726311 0.223594343931839 0.209806940281575 0.202495776631104 0.117246715179949 0.176658286347057 0.0915997624568374 0.198306853649892 0.16441643751172 0.209216923309639 0.0495154506903223 0.236108415330615 0.155690695249585 0.322468738442648 0.231868521591731 0.28495192919253 0.232393677367611 0.388987085019966 0.217548825186658 0.379372817072138 0.168623911651639 0.415100661640326 0.282802956979883 0.330761328418662 0.244249534703588 0.217886778129946 0.31500960264009 0.409161210936993 -0.192699245862105 -0.163633478518312 0.388000565810131 -0.365699373330593 0.382854109028501 -0.164318033811979 -0.0405566265950436 0.063041897100215 -0.101647273987446 0.0861853034046817 0.150607070206098 0.174827926018184 0.231623965860719 0.2413187435787 0.342847821439943 -0.510578275695585 0.375763582112364 0.382101621103477 0.300853469612883
0.629009730379939 0.619342299554107 0.843295206288818 0.67309565877309 0.173542013580124 0.334055328839774 1 0.478995547075306 0.471528878052449 0.266659302749395 0.259905351676982 0.352014168877881 0.443988683432903 0.147836221556221 0.489030167898144 0.472489109514778 0.455032702049324 0.433023522449136 0.718136997628653 0.61145120992715 0.136774621995652 0.327284062968671 0.700651853256414 0.674940580896364 0.457186226214548 0.477877283695256 0.316825440486671 0.463895581969242 0.030301339088915 0.487848467994173 0.55515738562078 0.507303922717005 0.718406834116733 0.605154686727961 0.365852395156339 0.316262263536128 0.289151241594832 0.390083476932393 0.346621491229093 0.310688044402876 0.382789212885995 0.454653693509944 0.673036341594866 0.596068168735303 0.690928616507996 0.683788752698394 0.635141920355977 0.611900352925744 0.632076688941875 0.591559921270112 0.631783878854532 0.611425102749341 0.642291569141112 0.474737089214991 0.607413805992025 0.581691841376353 0.589905628219698 0.610964982420271 0.704601928167685 0.745026172247366 0.64763683700302 0.560575539360564 0.534558803664251 0.512768367821388 0.729974019197742 0.68327496942856 0.76568970057597 0.73869950404169 0.442675727029167 0.440623450629575 0.665825908256471 0.343380521877378 0.113993003640496 0.363589900361263 -0.122774399853221 0.122315510911709 0.294461198130234 0.289528313172489 0.436063648990995 0.335653035025997 0.529177055613275 0.572233439449114 0.303503488105415 0.426878857446437 0.621577363462381 0.656189510741675 -0.029117641778067 0.525861300592412 0.599729272769815 0.590624272943621
0.549428585810928 0.516297231131754 0.364212276271162 0.873510215823961 0.38850088857261 0.198676999036357 0.478995547075306 1 0.401506997092919 0.605354173547411 0.396473250129012 0.615095322450566 0.392571003856635 0.707326706093403 0.472275906702019 0.572381429397679 0.571009003673299 0.513523686146861 0.522335733753923 0.57162824441104 -0.0527296517592342 0.0924448166382727 0.641405415759107 0.499507222741189 0.246548704841365 0.334345372101841 0.0557003553625107 0.156970130167076 0.336195405491321 0.651004333888107 0.527932443588641 0.333359857864879 0.584051201004453 0.546727409686573 0.515873271180545 0.364316772335904 0.382409300915228 0.384552850713876 0.453035310862467 0.34255987088402 0.449470281516832 0.402003791508599 0.542176149517262 0.432177062931746 0.47026313513698 0.513101377543817 0.534236877744717 0.512947357618051 0.429099663586876 0.364196226473735 0.409184214837343 0.412296378631465 0.49277751142574 0.329135218632345 0.552043060203009 0.571849710252522 0.531770098291259 0.498533425156378 0.558727751963205 0.569907167434484 0.624982345521115 0.691593201937134 0.638698744314984 0.594077361713702 0.607908092923526 0.645938653471018 0.612029130504633 0.635238305497606 0.441955990567969 0.520660635414447 0.421146117620805 0.488440799818976 0.359490012700448 0.430486215681767 0.13622387472746 0.24445654310997 0.289008085681139 0.291834794944351 0.352597335193495 0.344342908682492 0.622870964246758 0.562838199553119 0.427426273115111 0.469346650777036 0.643530171487492 0.662761975163964 0.316649708933624 0.630810956428656 0.567986857235045 0.568846418915775
0.130741453064013 0.191661624501417 0.386852530994071 0.515352005031687 0.217853002918821 0.240532940565842 0.471528878052449 0.401506997092919 1 0.49454883752171 0.25988046821196 0.187254011335011 0.442878628761764 0.109595805371463 0.513530158138885 0.299267861076864 0.21633588173702 0.22770971234197 0.19040841824204 0.167938624994576 -0.0126870512137806 0.0922195371146144 0.502877572306456 0.367506992344111 0.338813169180033 0.309013635487391 0.173615185883138 0.138745033667744 0.250071959214819 0.243440877943054 0.34055058378066 0.248315620434181 0.407214854035385 0.320530977313811 0.260878085988788 0.198779304730016 0.17686273128336 0.204866395552229 0.21158461946562 0.301617884513159 0.18046828459622 0.126364679444139 0.192938553329983 0.146520691798211 0.145149380132399 0.144116251215282 0.172408971346271 0.0911700338186054 0.0868419871804806 0.110847627592058 0.0857563821778054 0.11301477396145 0.0834948324682444 -0.0411109699464767 0.165819440854648 0.0989939052345881 0.129354671531021 0.227190719984176 0.109940292650205 0.132146822998095 0.184380742797335 0.0874309948543702 0.16747901600042 0.0506423942239315 0.447508383419292 0.248289811667946 0.322266866358621 0.349312111986066 0.19892844841107 0.221220861771161 0.119844082756027 0.318497229853285 0.230997694396459 0.13551525133282 0.0274082127747348 -0.0401857657217752 0.292349230800082 0.262853637938877 0.214830939923917 0.307186728727278 0.286460709851199 0.162358223505522 0.359274830154606 0.213961211140516 0.330758902258746 0.178351939340331 0.273647458949099 0.34875019902487 0.186333424399865 0.0960684184526534
0.173720203436207 0.238712621257564 0.232970826328626 0.620105318153018 0.29807127383285 0.303021982759234 0.266659302749395 0.605354173547411 0.49454883752171 1 0.123943064561102 0.27287442881507 0.216621710757446 0.36514207959249 0.330729868410028 0.415397653591892 0.188788837636279 0.252600023738503 0.102245185850183 0.149520438184498 0.033950346180858 0.0753521479937808 0.372235038963109 0.334690421370826 0.427331131347492 0.264597963602573 0.071127224606073 0.0963111463823924 0.203633945398772 0.29326512257808 0.325605137782435 0.0879671312582116 0.312186171978456 0.149062284117121 0.34033074241386 0.190043018921402 0.382193210582166 0.327934121889497 0.204163343036354 0.216343307702921 0.278293717221677 0.173420692772845 0.212706180486164 0.128445205523335 0.170362549736342 0.173539844248205 0.244609027110247 0.142649532713478 0.183238576081597 0.136672366130864 0.181460125904481 0.194092162544613 0.14787214759938 0.0236978654713906 0.178728762696187 0.148115977382377 0.180248843232129 0.251251879483283 0.171505921746197 0.218497490586697 0.281573386804546 0.252142579648811 0.266563275258035 0.0441465501174056 0.441166587460851 0.351923868000355 0.283291965570878 0.296453341215815 0.262366573342959 0.32195989440625 0.142581180065139 0.222674322990135 0.295643544135104 0.198136295029807 0.134697402059872 0.0062310791305059 0.296523873140374 0.152913140017397 0.227764064084728 0.264837829398533 0.269934784430789 0.192247012593832 0.284963678282765 0.256421228273351 0.381277532172965 0.286058190611402 0.185366936859661 0.453541650992685 0.367971558860473 0.278833596368994
0.362843259826118 0.581288523159031 0.307224893121072 0.337927786484331 -0.270749671814836 -0.202901920510866 0.259905351676982 0.396473250129012 0.25988046821196 0.123943064561102 1 0.716125797379148 0.843267256620172 0.416704459633895 0.616675737725132 0.465686199954104 0.802584222599477 0.787248978370203 0.332028963517415 0.305710666745954 -0.166795980113715 -0.207317167637056 0.393675251039082 0.226923056622804 -0.150915982326162 -0.123465980268499 -0.0929801497241996 -0.120114899414258 0.809108062711578 0.556204896400438 0.067569340346533 0.187226339398182 0.447334994110001 0.66647721273647 0.292564228780495 0.356066889676464 0.37707420081175 0.00566240084346993 0.460053852303713 0.511087261239341 0.415011464530158 0.190992735442902 0.200040543298103 0.0728402127660306 0.0793513096205246 0.124759632582122 0.380196100012027 0.218585559852796 0.0461331981561535 -0.0155774500955978 0.0566171858440343 0.0746365645789907 0.145700933578743 0.00954689199398839 0.359363981865466 0.284303740605396 0.383580250981064 0.562239138221394 0.222596827725574 0.307117813008547 0.292728020417738 0.276884874366021 0.426956772013753 0.567921448073426 0.382406569281923 0.239340645602972 0.257703593533302 0.371689034582724 0.314903143245095 0.269857727146083 -0.0994921739612488 0.526026230846268 0.480686336205461 0.0648187926107936 0.362644043336106 -0.0640628351630497 0.326551513814476 0.30393164876535 0.651148743268616 0.639044816209239 0.759364779739919 0.615328833619078 0.564729629760241 0.335766218058082 0.564500265111368 0.290455672163319 0.521739089406654 0.141364223254588 0.297315189942461 0.0823510270416141
0.552356694192814 0.706984599825426 0.372844645151924 0.567642513945841 -0.018569226027832 -0.0139576760372594 0.352014168877881 0.615095322450566 0.187254011335011 0.27287442881507 0.716125797379148 1 0.614495353474109 0.726793858588759 0.531382144319182 0.677140600948048 0.757128952598324 0.768390884229983 0.516756019127359 0.580601781509355 -0.0739024093374821 0.0156699144162172 0.531930647575026 0.487095946111991 0.0897038280121746 0.108711189602795 -0.0349745827846423 0.100778593543929 0.514597931460777 0.764056478729216 0.143426640249096 0.250710143873486 0.508494834113206 0.619279483989946 0.25519481698121 0.393805469714892 0.376673183222468 0.166206453360043 0.515351284651554 0.526652561796191 0.530950398986268 0.445711566184403 0.267710287745054 0.148149617500812 0.200936907009107 0.257000619844323 0.455764684765503 0.359212841467078 0.182555022906823 0.0578357853217719 0.126291815666031 0.119803339504061 0.213783683291033 0.0650683186440241 0.417055502663474 0.44932361921635 0.519513198779015 0.634604669663496 0.334293858031771 0.446478615379974 0.412376837361188 0.56314149673695 0.603769317555544 0.773214612217033 0.467422121329401 0.446480290180559 0.342242992777355 0.457039381021493 0.498962707675323 0.580867242927216 0.216254872283403 0.439117818252714 0.373507468753643 0.352782592587961 0.262004689300999 0.162652056043117 0.181527822784554 0.137542876517563 0.504024377181711 0.489908523423229 0.764494131496963 0.759646137348284 0.593288577110199 0.422320387677357 0.622701807525908 0.570826044308691 0.338560887140123 0.481754465000854 0.384305231996409 0.313982048600787
0.266637728199214 0.533714187912948 0.455448415443039 0.42746172556034 -0.285212465310009 -0.187130241078885 0.443988683432903 0.392571003856635 0.442878628761764 0.216621710757446 0.843267256620172 0.614495353474109 1 0.339560854701272 0.844285727485432 0.540847233058663 0.661375362298536 0.654205002580303 0.315644194853363 0.292065416871367 -0.196447968872227 -0.189309304501164 0.553833043173636 0.424330398037144 0.013532790490648 -0.0717513514907557 0.0681129986988036 -0.0993411946934212 0.770687522846569 0.489332493879882 0.160845453984132 0.311311363616416 0.503410048306961 0.681767379555159 0.378642905206995 0.458458543723352 0.308600318163757 0.0976836146100096 0.442134236980064 0.492969039922399 0.373398138347815 0.177956642916388 0.284707405802491 0.161290911858952 0.146016922083513 0.18625130000186 0.406465187668954 0.254819264803884 0.0769874476666803 0.0589957807663198 0.0765274807522928 0.120205314389223 0.15809783703146 0.0280061149422802 0.347230778737367 0.270960154241977 0.271157029840214 0.503479005963208 0.217315438868038 0.330270691864469 0.264148080896808 0.285195578433153 0.330689793287063 0.453912328636469 0.445119556888819 0.299383973839237 0.310608610013495 0.41889232488869 0.339576073156331 0.263209403683717 0.0085007201001363 0.619913577253004 0.540096617236578 0.0696760680240008 0.34912215984901 -0.128089382711521 0.444026884561868 0.425528471910809 0.649316078365751 0.637079208250954 0.701562177650293 0.569879260933592 0.546629555133155 0.366544873550048 0.586027304857086 0.323933206803796 0.581472771157945 0.183723388697395 0.273952283535687 0.10819189816855
0.429799733692238 0.383668806336682 0.152022967739039 0.566985966339283 0.208351632955049 0.034474455424795 0.147836221556221 0.707326706093403 0.109595805371463 0.36514207959249 0.416704459633895 0.726793858588759 0.339560854701272 1 0.387080175506875 0.614842424455012 0.485220270882141 0.428401370290633 0.395697359321567 0.527584960005251 -0.0150754767097688 0.00306019841449283 0.522680782117464 0.373751620200704 0.135684973215377 0.119334586807203 -0.0897000250648113 0.00784198528519698 0.300449669967924 0.677547362100235 0.261035409498815 0.241909602420059 0.386290307612871 0.412292192391515 0.283623294584859 0.226240180738001 0.187746361251886 0.183337279037945 0.400837323622834 0.289722431399764 0.345829934432829 0.247864589669685 0.211647416845919 0.0766378793483199 0.111614361509147 0.186103249327666 0.302915774214135 0.294768478980266 0.0891955290673961 0.0173521298034781 0.0565723693453309 0.0485153644113014 0.146953134857182 0.0251721081458138 0.276695605833949 0.359149904548635 0.366622043628144 0.343758482523234 0.277006418924132 0.28313459631987 0.458230670948451 0.567301215589016 0.619510380692667 0.624730221288787 0.355026485779838 0.3494002278689 0.255797664278805 0.344767058346834 0.420379376748116 0.555281261528767 0.233849392488977 0.287481752962587 0.266349611541564 0.342287672861531 0.214733707583344 0.336153209081104 0.00765386865664973 0.0765564938586933 0.210698510186905 0.318108551582972 0.535013509243225 0.532382934361899 0.45645596911487 0.366089120774947 0.508875596430778 0.494874953590219 0.32369931192507 0.559333184474904 0.391711669939716 0.364633543885367
0.271171191596322 0.486632448926149 0.557958683866724 0.555994521366498 -0.12102321357721 -0.0916101583082693 0.489030167898144 0.472275906702019 0.513530158138885 0.330729868410028 0.616675737725132 0.531382144319182 0.844285727485432 0.387080175506875 1 0.667818519401299 0.535239512771641 0.536775083217637 0.358182974409512 0.352182928270867 -0.116794712248334 -0.0745598011225736 0.6734621267094 0.60518297109732 0.196719775155603 0.0925974365559688 0.0958215742243461 -0.0282245171958923 0.62400453224367 0.515217646857024 0.388143466036451 0.509808521233473 0.59688380340143 0.683232443986682 0.454128715446964 0.552690660717538 0.368679580376362 0.24161937831785 0.476195662193934 0.467864310182966 0.373413222943988 0.214092841124234 0.443191692857866 0.331374944864914 0.298735296991423 0.343857350652821 0.484848936274925 0.386601683720638 0.235257742928952 0.240822488879088 0.218686680508695 0.253180115339878 0.270068709141409 0.164842278809198 0.416295329571127 0.36930445131623 0.244018288484436 0.488565568267226 0.265423931955627 0.390536318690194 0.27406133549919 0.330910780583424 0.298675539467603 0.354868245237801 0.517639822285897 0.427740437718487 0.451017393303895 0.526715471208994 0.409825867079411 0.365267613210245 0.198761744014101 0.692082123889376 0.478304550120644 0.165493259030477 0.195444009426048 -0.0981907472856779 0.493950607783295 0.452901396276005 0.544996080995923 0.601582571565425 0.63479281234179 0.533680223921784 0.592182092370278 0.450231976551114 0.626334341264881 0.417249768669251 0.571523810125084 0.344810239106756 0.40252145981125 0.26226325676498
0.479707011315432 0.614528034136164 0.602931414166747 0.660411204496126 0.0818122159560288 0.252137724912263 0.472489109514778 0.572381429397679 0.299267861076864 0.415397653591892 0.465686199954104 0.677140600948048 0.540847233058663 0.614842424455012 0.667818519401299 1 0.547412448338173 0.557105694168353 0.503500292342448 0.574178467299065 0.107186419649715 0.301748919912866 0.624977341067109 0.708860096976197 0.452188144512119 0.310349628269601 -0.068665277736855 0.240091990463456 0.382930230052974 0.729409354264136 0.490805152042711 0.60321163840072 0.637417801887726 0.661137011586591 0.41371981525512 0.510167536858985 0.514948265766312 0.343906166267791 0.552028263728954 0.508184871495928 0.52856022881866 0.477273319403877 0.458700440730237 0.352369917322807 0.349745790244134 0.395007102484866 0.570865915892123 0.470923375220652 0.300613405353544 0.262361314637277 0.309873168722295 0.312263513070007 0.345854856997323 0.224018697804403 0.509257350787309 0.491072243700772 0.4213725129724 0.611867827786919 0.418300208759733 0.535166314349993 0.469178345390009 0.589751761655062 0.531930621546665 0.549333752023722 0.653927324602716 0.629156869855768 0.541170778822796 0.60863279523553 0.543833529752816 0.569394332705626 0.411655050714987 0.516259704431149 0.327435877577223 0.336304709442975 0.0847874941961025 0.131589429948883 0.294814467862068 0.291320098428405 0.459710909304247 0.518971332342448 0.653000445903037 0.693797113524616 0.576626966685041 0.624938923903914 0.741687824314258 0.675776857383088 0.281181201257619 0.573171596623316 0.595290421991259 0.498407820673991
0.69414167249874 0.782563888560605 0.469162362831919 0.527363799911855 0.00399195196971582 0.0368059317937336 0.455032702049324 0.571009003673299 0.21633588173702 0.188788837636279 0.802584222599477 0.757128952598324 0.661375362298536 0.485220270882141 0.535239512771641 0.547412448338173 1 0.872623888314367 0.651691379811202 0.602809406932597 -0.0635082545149249 -0.0100278073722054 0.55183383544012 0.407505966697839 0.0974997927988483 0.183964094956897 -0.0261445649398327 0.186034137234561 0.54745786482304 0.732836872465791 0.245167699106594 0.32959484758694 0.647169609742255 0.757167901380632 0.386093220195437 0.349165564025852 0.444154177884185 0.200444063854801 0.532501221162213 0.546804508717192 0.552199834354542 0.405726495831441 0.492191402391919 0.369028864858341 0.40906903739901 0.470018926915553 0.652810345291273 0.537098761257502 0.379073208578205 0.26477278383058 0.35999568736767 0.352794651618494 0.460893203490712 0.267147671437625 0.632453675403994 0.583356153113972 0.740504106950128 0.791757611421813 0.532814080796476 0.581410870917584 0.542151279429063 0.516740779366479 0.671320819567047 0.747589699071231 0.612717489332856 0.521320998960902 0.542962091589987 0.60548582316576 0.522948017915803 0.533773944915385 0.220474850655879 0.498109123863231 0.343317130392269 0.274167202234768 0.208003304206645 0.0418361165857942 0.192674227751434 0.25832070647058 0.66941804381368 0.60385487900217 0.903279676166309 0.818814876168117 0.570708953230123 0.458255873148705 0.752721404788696 0.629195864954993 0.346056268597286 0.430915154913893 0.555702322671705 0.438427453159667
0.6216287735748 0.830871574531453 0.458921280220848 0.514958875753299 -0.0867242300228759 0.0398359672646009 0.433023522449136 0.513523686146861 0.22770971234197 0.252600023738503 0.787248978370203 0.768390884229983 0.654205002580303 0.428401370290633 0.536775083217637 0.557105694168353 0.872623888314367 1 0.567403230898639 0.573122795377314 -0.00137932943384608 -0.017474506085103 0.47764737607575 0.397849151655234 0.121942283021863 0.161211649778822 -0.0255644889753171 0.171582497847474 0.592030048119253 0.749455756560234 0.191393341354246 0.251702166675551 0.601968261287809 0.68594623146339 0.357402112181102 0.382668779801677 0.487749017887978 0.19187893579842 0.464427597157059 0.553120870564377 0.524716098101656 0.366960269823346 0.380596381095882 0.266579387568795 0.327291453884746 0.382076534668694 0.578711982154387 0.443304756078114 0.324073668152546 0.223232826750955 0.301471443195066 0.295121722023249 0.350818093253573 0.23182022350003 0.525596960311752 0.487534905920335 0.67883555526453 0.819106172763819 0.442332713530034 0.528436543451035 0.42357447863358 0.426556362640637 0.579718309180009 0.695686724628211 0.554955586602955 0.434772988198555 0.457754850847062 0.541990522104569 0.567463051227146 0.56993666684298 0.116499029392232 0.43468235822607 0.334750932556116 0.214105581237757 0.24914913881573 0.0366456273852992 0.32074952616836 0.234664962447938 0.706691149957578 0.696476683842055 0.836643979942052 0.802387086129848 0.584297663896916 0.536340777488461 0.684836134522256 0.515692465282391 0.315893210069187 0.376386884171198 0.475710658291473 0.304771690987246
0.865026143918861 0.769399978378832 0.695441521738766 0.583108239773211 0.327501638251715 0.30991612605234 0.718136997628653 0.522335733753923 0.19040841824204 0.102245185850183 0.332028963517415 0.516756019127359 0.315644194853363 0.395697359321567 0.358182974409512 0.503500292342448 0.651691379811202 0.567403230898639 1 0.840496126907381 0.272906115527182 0.29479273304643 0.636580270120908 0.549069633894673 0.345537686546177 0.500553165572087 0.179947157455292 0.490660892796881 -0.00528339462532868 0.643472320869726 0.429590074499044 0.433820589918335 0.718455894689499 0.5996738689612 0.37538242171963 0.217962921584149 0.324701907410904 0.335134530474315 0.453797938629705 0.35508525239129 0.483221774079443 0.518613287341486 0.68556699883687 0.58294309071237 0.691639850045205 0.714064527461898 0.712461931307949 0.714290188934499 0.685011258435774 0.609434097617744 0.670745431166711 0.63890304492695 0.715470336886483 0.568266641649567 0.739700284729093 0.719347156719377 0.862312064187175 0.778703840725096 0.787218585414419 0.773856382720957 0.715634862571054 0.653068773685186 0.742167256129388 0.694679638990762 0.717053902217199 0.68506336277501 0.755697323356791 0.690027057984458 0.662680933621342 0.639558613009584 0.616874766903099 0.257833940577876 -0.050425580170942 0.349435731178508 -0.1901197008644 0.27442871798193 0.133174376044662 0.226568919608631 0.355738186752125 0.305294389063548 0.671985273651932 0.732572016397207 0.330885553886632 0.488203475946899 0.723879637773733 0.782179016147919 0.00359985635380648 0.583075866905229 0.73194385447723 0.718261813272487
0.87248735525354 0.74027655757421 0.638624805730385 0.632478817806639 0.365772763516719 0.399206851878377 0.61145120992715 0.57162824441104 0.167938624994576 0.149520438184498 0.305710666745954 0.580601781509355 0.292065416871367 0.527584960005251 0.352182928270867 0.574178467299065 0.602809406932597 0.573122795377314 0.840496126907381 1 0.27236801815433 0.390015215919713 0.672509481041831 0.604640474767764 0.419902938711056 0.552276728206518 0.171528678111515 0.51569285532515 -0.0156689511961218 0.758642608470506 0.473866205183445 0.442822387587588 0.706627898753963 0.609461738350168 0.331035576192999 0.177310782110607 0.292088179899459 0.340057676799655 0.457628208381718 0.387485095864273 0.472376952416416 0.549173434759631 0.624967838740524 0.499571829887386 0.610486160544057 0.654678594931566 0.691470491224306 0.692122503415858 0.582950596832089 0.483275917203011 0.544082814767286 0.520679025865657 0.61229369280113 0.452239832117555 0.684375599166155 0.718101554174059 0.805171005284479 0.740075372117581 0.712123329490488 0.708905159550796 0.702346941973626 0.727479935936703 0.789434439066951 0.779271232324096 0.694645356481141 0.640833428118728 0.663383398018966 0.632899119448872 0.725229546272757 0.766342247078506 0.624560721827297 0.194360400566585 0.0149020159663543 0.49770095697865 -0.120728451552189 0.380110433012111 0.0348162836723878 0.158747367178952 0.340565425283815 0.261590500363718 0.694248905655203 0.780379716232367 0.414003840731745 0.519525455782651 0.73041853306569 0.818864028949181 0.0170538885602837 0.689698672833404 0.67523883764723 0.69651736024599
0.265471967447795 0.0944686419743883 0.210039862817919 0.0468674309493667 0.305584784203126 0.384622326500768 0.136774621995652 -0.0527296517592342 -0.0126870512137806 0.033950346180858 -0.166795980113715 -0.0739024093374821 -0.196447968872227 -0.0150754767097688 -0.116794712248334 0.107186419649715 -0.0635082545149249 -0.00137932943384608 0.272906115527182 0.27236801815433 1 0.365046298304329 0.0815510699573452 0.100791565153342 0.286994716121081 0.378453032281253 -0.013937597544292 0.360742741150494 -0.289161402608411 0.13158862205274 0.272020281789452 0.156190625284936 0.215492609992165 0.00909311198647057 -0.00851322421437996 -0.112247435638155 0.151561288477211 0.220132264677414 0.0265159522146995 0.0758145896277726 0.190026393820155 0.224010338038416 0.147356251678211 0.0698509746472785 0.178717643197594 0.11561493575359 0.203763993659401 0.149194473743877 0.196038196685205 0.163854349501017 0.251705733114169 0.196357168679125 0.170223209872939 0.169207862977747 0.215163363969573 0.115666777342976 0.247306488679231 0.167921042861418 0.260950143269856 0.175543849013346 0.247726812477101 0.119146616955229 0.242491057332971 0.0403136182710802 0.282986797128225 0.250432962060627 0.240398317093731 0.183701542101196 0.291427044231048 0.163459471605891 0.211946164822112 -0.2368426936626 -0.252833888429973 0.0385180146583109 -0.289696271625836 0.293408870232598 0.0537244847734858 0.0170006424326661 -0.100717428803664 -0.0407193966600385 0.0555073469943355 0.111485635407701 -0.0300049239357454 0.227334083147551 0.167778794091935 0.17657545754656 -0.30598126672289 0.218358410400799 0.300601945265614 0.237309819274689
0.353757989388051 0.167202991127154 0.399894816898283 0.246324598917059 0.261206496430149 0.754171522208934 0.327284062968671 0.0924448166382727 0.0922195371146144 0.0753521479937808 -0.207317167637056 0.0156699144162172 -0.189309304501164 0.00306019841449283 -0.0745598011225736 0.301748919912866 -0.0100278073722054 -0.017474506085103 0.29479273304643 0.390015215919713 0.365046298304329 1 0.314597920982055 0.37725752903546 0.593376410634544 0.646161757250286 -0.0172973826190325 0.683330489372008 -0.329825904655682 0.220364805657166 0.41176713181997 0.358714192852767 0.294744744272027 0.0777859100140557 -0.0613791077261319 -0.031876673390578 0.142561737251352 0.213893952847472 -0.0511236574686857 0.208701098610988 0.222935421567408 0.406823359607022 0.223232307936766 0.216142787250451 0.282262676692118 0.242451228135496 0.238154755992811 0.17626287169723 0.243705412937067 0.177810795401429 0.258832444582565 0.212192689236274 0.244276026259654 0.129146147560984 0.232204722023023 0.224264611380859 0.247222015794185 0.223133567258782 0.272084790408448 0.272207428124746 0.312895051374094 0.175566036706335 0.31271970639896 0.172796811280025 0.388057781990906 0.282111629272811 0.347662349475989 0.270342270020945 0.267041179274259 0.312010480034022 0.46475186573489 -0.188319082172998 -0.233517313179926 0.336998330766365 -0.366516436608393 0.338029226457302 -0.141157596460229 -0.0372327499189343 0.0341111587232344 -0.0828122972240761 0.0542347799333338 0.177589294071802 0.165945320201627 0.281750340671074 0.227106532161182 0.343351193512416 -0.503428740746943 0.348983517958536 0.348203743044668 0.281374373566042
0.591187624305624 0.5323476769191 0.72039281150596 0.764788305440951 0.234053643967306 0.290011970280166 0.700651853256414 0.641405415759107 0.502877572306456 0.372235038963109 0.393675251039082 0.531930647575026 0.553833043173636 0.522680782117464 0.6734621267094 0.624977341067109 0.55183383544012 0.47764737607575 0.636580270120908 0.672509481041831 0.0815510699573452 0.314597920982055 1 0.770121527991637 0.477711063011588 0.494572443386915 0.191509451828271 0.339832992817919 0.206359129685112 0.656305519205309 0.616708783024232 0.529158120297172 0.764750609350064 0.624973495800733 0.483896979100013 0.338792885906701 0.262672840611662 0.323948626299216 0.397267260602268 0.431962053204211 0.422605778807168 0.363880310335329 0.510807923999055 0.369785663586154 0.456436417295935 0.500239492162197 0.532952044566288 0.491308834274282 0.362583301873121 0.2999914616965 0.328327293419262 0.347612513746819 0.417886148627561 0.198705154042551 0.513917004537594 0.489955928873005 0.524087010621105 0.544843157522149 0.466136309574219 0.518294319956764 0.604607413084843 0.528335124316965 0.661069163468409 0.5633587440662 0.75330453954145 0.588613813610828 0.646955254458374 0.672205333778887 0.510316063503109 0.58933433378725 0.487059289193384 0.380238475358514 0.247760602856992 0.448605550737611 0.0109270482157666 0.262741035479878 0.144777850748153 0.242640965536116 0.407484760783459 0.358920138992649 0.622512378959521 0.614204433434189 0.503234800064954 0.498968614305825 0.716363717319373 0.657934907094541 0.239636121336805 0.689808401054791 0.571292350886946 0.477659067313836
0.49215064716916 0.526455151064441 0.79001648012848 0.723173727154597 0.186028019555249 0.283241224290377 0.674940580896364 0.499507222741189 0.367506992344111 0.334690421370826 0.226923056622804 0.487095946111991 0.424330398037144 0.373751620200704 0.60518297109732 0.708860096976197 0.407505966697839 0.397849151655234 0.549069633894673 0.604640474767764 0.100791565153342 0.37725752903546 0.770121527991637 1 0.509819433601192 0.506656087642607 0.228001229015147 0.387706757410775 0.130783949262681 0.564420106372503 0.57856562527455 0.637864715148997 0.736949069189046 0.607042437502355 0.48274890876388 0.536627374063515 0.342585326863225 0.471428823813926 0.410217903453189 0.354449579528096 0.46380878894932 0.495501464392702 0.528948539719124 0.447405673310963 0.496549792954694 0.510339036448524 0.498736616705366 0.487345819339273 0.397842971848989 0.351024888768642 0.356526047224836 0.349985218754824 0.388016534123943 0.212558442269667 0.451800287632695 0.448535970159635 0.396304043758193 0.538965692615419 0.459099298427378 0.559997983649985 0.498229573326996 0.549408474058863 0.473915277081217 0.481664241875371 0.665831066725918 0.64899507598133 0.639461180127135 0.689766949151604 0.535439864661397 0.547459069318418 0.580457914926255 0.410092367082948 0.276952425780509 0.460573797592528 -0.0378722684331207 0.221130876184022 0.285803230409069 0.251393723412849 0.391038967285499 0.298977606515441 0.537198649471114 0.595546387473057 0.461496320199021 0.533986171096497 0.611221708778843 0.646996617874645 0.102662711335673 0.617073733053344 0.528248899001554 0.470519042455058
