1 0.921767318910191 0.666500583122549 0.759005712611583 0.475276050732593 0.510732818295379 0.708832726633907 0.740987100319067 0.45396439610025 0.483174192382595 0.74758760704415 0.778899193807529 0.697707383721932 0.651936840924604 0.528844443556688 0.605465719862192 0.892602036425414 0.860495496330848 0.895389402195191 0.831387983369313 0.101165436794052 0.511627917828701 0.560150046250588 0.571818847692648 0.600524513945447 0.556889304869766 0.480083567331455 0.437538637129901 0.822360308017946 0.79354867409989 0.646397045662537 0.618338824451149 0.82132602232107 0.829063860220667 0.565246721680088 0.487777166698402 0.776247093573629 0.615694381710977 0.653285376246941 0.8634938142399 0.681180354398541 0.398619970862791 0.658129992154522 0.65035008464213 0.783949466331887 0.806374707625036 0.776003872054687 0.776021305477112 0.78636431740545 0.764332954629472 0.719560798547846 0.767116716420185 0.579420609519353 0.599881703318641 0.867646134786194 0.851173896508521 0.921116465698139 0.910156827197393 0.855562099957559 0.82511726088128 0.839103237801075 0.638386868026638 0.83737851231052 0.825746943911016 0.499246783003216 0.611661631558304 0.77065996889844 0.755069294499964 0.823987766397065 0.87133764386269 0.629965443152406 0.603229602805386 0.71602856006449 0.725933986313734 0.404556268808047 0.6398159134528 0.580422018920631 0.563711850737441 0.829850029562282 0.665450578432862 0.925003230212559 0.885830136327086 0.737932413656533 0.740556409100198 0.872512851325454 0.855978799830617 0.479527489035456 0.741866815970065 0.724504573357681 0.811352119377307
0.921767318910191 1 0.535941179584041 0.685620007641538 0.353265282300813 0.399320137049447 0.534319664594158 0.633077342915915 0.289003026074373 0.370063882462822 0.567684479764433 0.726736424768215 0.49441867848593 0.568954048971437 0.347846675471461 0.515069533399414 0.889487029104595 0.867890130753578 0.821751042990414 0.865917611591446 0.140883529486285 0.420571273587141 0.443373118732095 0.516148607602973 0.501384976619791 0.477601137130029 0.314333385842608 0.343799452438675 0.771526674566353 0.793549985358611 0.568999191605044 0.552976184221762 0.753289059929632 0.763443772975725 0.489396500918585 0.478132652070353 0.723681331269682 0.537701787619681 0.704244300622311 0.859067862484503 0.650867433223555 0.35622524140418 0.511167614950857 0.521736426700126 0.700024776743128 0.7291020331798 0.670128075986411 0.657734549970965 0.707223279617133 0.681693496820605 0.590041319643749 0.679023910391163 0.445540546960753 0.471091333345603 0.776022073040246 0.810339428350701 0.930786210009313 0.960550897186738 0.744011698430743 0.710548211303754 0.717159167930961 0.528106547409739 0.740931357395337 0.755203535434622 0.418276592315528 0.531451021221029 0.665128842968946 0.665746740704066 0.906907215168452 0.927987273998813 0.45544292193446 0.483400134972595 0.609906522730221 0.643935636584769 0.355864518882644 0.543359049144837 0.491068532304004 0.441895866950165 0.806695763480556 0.636118755127342 0.930668997562548 0.903447782110409 0.73846163168417 0.780262497281777 0.805518799739446 0.830482954181623 0.463966387455443 0.755698263006074 0.549882469306552 0.747389934289171
0.666500583122549 0.535941179584041 1 0.881891369548547 0.782580888908878 0.776411022737439 0.882171839428421 0.87114129913251 0.780385626158818 0.728863538954579 0.592900619757104 0.644791984413067 0.777046151557143 0.796271818501303 0.83536917186896 0.846225188279651 0.521610516196883 0.615974055960169 0.715965590970868 0.585863244819726 0.150722883981611 0.696523853720838 0.9078836851992 0.829237926144617 0.860238937884804 0.827014986833193 0.750785499211018 0.679193269399329 0.602128418795724 0.601613810484141 0.822992997167159 0.844834789379962 0.846166852551268 0.708252738446573 0.845539000657704 0.665974164838477 0.68974877863573 0.56050012524962 0.429575045380738 0.608881986877499 0.3787897307776 0.08143378922575 0.816922886876799 0.799567995829917 0.768468606859278 0.731100565461222 0.716618162423955 0.777000400184082 0.691051231565019 0.742847784806199 0.78322210943731 0.749978157207153 0.696599237043731 0.756942751075106 0.779697269771595 0.669440809713209 0.50553702506807 0.531192153387691 0.773201556030194 0.787354310136176 0.812585189633231 0.817987128975434 0.670705653280238 0.691081311331933 0.859262681119844 0.858691050080725 0.873322783618505 0.84552096983436 0.446072611649851 0.507972838928755 0.823386819898829 0.802611906046384 0.771639690307936 0.725570438482639 0.465379593328059 0.598756639618162 0.786348718564895 0.741832196248883 0.621355530119516 0.566900122648014 0.600823234889857 0.552456819532502 0.598982495662311 0.45328542280475 0.780793193389662 0.744067028692721 0.469703658021029 0.537845841158127 0.84548900257393 0.793464601696254
0.759005712611583 0.685620007641538 0.881891369548547 1 0.688496955408801 0.769021811480358 0.841643289976325 0.950430710150504 0.647128316129128 0.712644083416363 0.605521185129113 0.711000529677092 0.68285454735853 0.808198140124856 0.639423266652996 0.782139991322571 0.68170476304919 0.724217341187421 0.743292398839936 0.667942045791914 0.169529142188831 0.6906282084701 0.773161996290718 0.826431966678807 0.796076102675845 0.838155685869999 0.650407800149706 0.702701800035886 0.683597240709984 0.717914537675261 0.802554179130521 0.852236684490869 0.886945900396977 0.856912911060159 0.826560846187253 0.731602467479211 0.715087975536739 0.550671799995828 0.536195183866987 0.720033112966482 0.412923525354767 0.123664810363895 0.794288956537626 0.801085158496397 0.822102207591951 0.79679870988511 0.759927557771199 0.792317341992793 0.751140105360814 0.781691573326513 0.796873288423216 0.785193698118058 0.676795721407938 0.732459756801454 0.831014522526647 0.733124429107229 0.645610109109774 0.692712644909463 0.849685302857505 0.852452448421975 0.877019792158123 0.899155647240782 0.749920303880124 0.79665744174487 0.772622487716862 0.922175011559379 0.904114854153521 0.914117477395063 0.607726693145784 0.649319171290336 0.731477584753906 0.738834339143744 0.745086892580189 0.757685907974355 0.447322992564751 0.63059330113469 0.761689843602466 0.684208487199988 0.7138524811976 0.697930029070477 0.72639936017571 0.687168539100635 0.598472883615843 0.536671019026651 0.801718818869238 0.855202959681776 0.466663597744704 0.63032501098105 0.766304188757682 0.846353739506367
0.475276050732593 0.353265282300813 0.782580888908878 0.688496955408801 1 0.747677844655967 0.728207439312655 0.695023112048968 0.781033937734371 0.73652959449959 0.471072418482586 0.475016714519437 0.651358864492506 0.629328546181828 0.772938985107533 0.748310292643743 0.336395683316053 0.424371834141566 0.528296364316191 0.393849732564293 0.160290866951788 0.557084914643695 0.814453813849377 0.694005324532043 0.712000435265979 0.72345571158112 0.753502272575243 0.546810103439013 0.443095921267509 0.440686735684643 0.729931432302165 0.706885692978116 0.651628836603519 0.556202700669832 0.720050294535464 0.503211314327684 0.490836434818011 0.437500251207176 0.219568825670727 0.410662698220259 0.258885442334302 0.0770164770411376 0.636692008328931 0.623726911197649 0.607457319025542 0.562620353307147 0.554173768426561 0.608981730496432 0.548370927002356 0.582468826633207 0.615176102440933 0.579158977946513 0.591419299353157 0.627606346741901 0.572497877008918 0.482927206930186 0.341537348396695 0.346569698455024 0.567096331606664 0.588758127865375 0.613942378391268 0.716848031034983 0.443522157717294 0.499441377673397 0.742641134552322 0.68873699950848 0.663829907982075 0.630532582418785 0.291863420436954 0.329678906115767 0.730434488162185 0.698444390546338 0.6027221682528 0.567308176128748 0.389915790698661 0.43859891880768 0.664847669185368 0.571297497430225 0.423940822372453 0.36299936196825 0.372405046871365 0.353760420903947 0.400146909717637 0.290816197094753 0.568221391665007 0.523293855030674 0.356489060094678 0.324085792384673 0.683681135374237 0.608857101774162
0.510732818295379 0.399320137049447 0.776411022737439 0.769021811480358 0.747677844655967 1 0.808423819565779 0.835470780433725 0.744646647238563 0.819182634374407 0.516021035514553 0.59958429744107 0.617462809486872 0.782042671348078 0.661915579749911 0.785096553092421 0.453795167418843 0.522860181156324 0.567361134302195 0.418053660825145 -0.0143632468114745 0.596146795001671 0.730548902396639 0.687885569232293 0.663268412785129 0.728852143662558 0.701617745383212 0.681052523607624 0.534309386775143 0.550908301938376 0.766321433982864 0.783168529545018 0.73182413669784 0.653743382766807 0.71515627466235 0.57735333960803 0.574042824805766 0.431116405357884 0.232347072431358 0.43909407009305 0.24125634446537 0.0108752218833247 0.770486533642654 0.740658850491634 0.716716215100502 0.678052654779542 0.669751103404856 0.703031520846109 0.689352971667672 0.734320014477296 0.771410440265997 0.727089108668803 0.728422915686817 0.765698364936458 0.643355183506416 0.546957336340017 0.377914581716892 0.423225603353458 0.724432693581369 0.742891430432281 0.728706785673458 0.818252481482945 0.596681089260957 0.683255328838296 0.618343410433707 0.776048278785213 0.795333190016284 0.7634806987539 0.263431565452822 0.346279497813078 0.804969703273799 0.774143519058171 0.630562019715338 0.645928876605786 0.392281134436065 0.466070374558893 0.72630309056636 0.732261219296243 0.501429443380038 0.497851447659874 0.474502145280654 0.439771197297493 0.384471947933223 0.264631057065737 0.58668520744545 0.637824957564343 0.258850499715961 0.313379575642447 0.728080530191937 0.74621811636155
0.708832726633907 0.534319664594158 0.882171839428421 0.841643289976325 0.728207439312655 0.808423819565779 1 0.905789590460577 0.805612253700954 0.744735846264597 0.763489304240367 0.747430989708004 0.826594513560198 0.809673848981055 0.749907065820886 0.751590108743922 0.608712649142495 0.65183696111804 0.741017252446441 0.556708641840562 -0.00690196937895064 0.599313222377531 0.762888136285001 0.678240120671124 0.688564943249309 0.67414699301067 0.734778074159914 0.575363333874094 0.709054788418504 0.680920032002704 0.788758129287912 0.75550792322268 0.84296049870832 0.768606648679102 0.688525468998775 0.522363442077807 0.651426129586347 0.54272913125018 0.359439373907504 0.590678794312424 0.391867014671396 0.120165250829695 0.844711505234216 0.824144190726108 0.796129503054777 0.772924732505113 0.779879928870846 0.815610165918529 0.755220702464131 0.777042803032248 0.820106247994842 0.769156412647718 0.729340162612624 0.786184329118662 0.778146796944937 0.662968648771059 0.535212345836604 0.550869395839233 0.833268376639515 0.833495750905002 0.885979213535762 0.859203330844684 0.787443269625924 0.808899625067706 0.63695052675509 0.770808476577469 0.870566672575362 0.821843245063731 0.391684971137676 0.474058391327016 0.841300275357494 0.812020414128399 0.771728915761103 0.757534359875402 0.460727592421088 0.571090392800304 0.774866830546679 0.733847403132571 0.641187954408884 0.598044983164847 0.620575079098568 0.568916630072029 0.515309650962789 0.406186016014622 0.734478825963023 0.730939759629495 0.377326840843179 0.448882175819462 0.836899656329016 0.811068082646385
0.740987100319067 0.633077342915915 0.87114129913251 0.950430710150504 0.695023112048968 0.835470780433725 0.905789590460577 1 0.700311441806253 0.760189116100193 0.687736718783506 0.79454286585424 0.740122664222738 0.882364586388509 0.669111489161735 0.812528267953436 0.682121252242035 0.73001190441312 0.759891827242713 0.643068172825723 0.0951427724845789 0.684420489056726 0.763922811162341 0.784938746470672 0.736499715384489 0.789373048468505 0.696225440489522 0.687218334924924 0.743015467746558 0.766978838949711 0.836582137371136 0.858524489745882 0.906382009482365 0.872985200778307 0.782267615178419 0.66882642877658 0.6960186856256 0.526848196208411 0.489219689887574 0.690482208357331 0.404459029707448 0.108833802755897 0.856153867298648 0.857986223249307 0.832879083143527 0.806803917344807 0.797856293964315 0.806831442971841 0.77177050442349 0.792283351268423 0.83601330784881 0.805068271520231 0.724859411560729 0.779794821872912 0.835880645129189 0.724531198306558 0.591930947116212 0.643866177996468 0.871054844166879 0.876611706403007 0.90159262276196 0.938136185180418 0.814267151881794 0.862054927137643 0.684982884051404 0.891641839235701 0.92808062061062 0.926502603340151 0.519062992701741 0.580424533725376 0.799895138165071 0.807233217997345 0.774430636465127 0.806225732126687 0.43602391901456 0.635134618995603 0.803528448636645 0.745910305180189 0.706934907762276 0.714340008070117 0.70337841419225 0.645705377392344 0.566055518664172 0.482132845605279 0.759117837218486 0.834769078060179 0.431855305303151 0.552473570680508 0.800407487954923 0.875143826501901
0.45396439610025 0.289003026074373 0.780385626158818 0.647128316129128 0.781033937734371 0.744646647238563 0.805612253700954 0.700311441806253 1 0.743497473499373 0.629002714075095 0.516206655247278 0.740505909063697 0.638849853710388 0.799593832706901 0.672797312981927 0.289106797453792 0.351462283390688 0.51160267508908 0.328124274365699 -0.0235012213151269 0.564211073566874 0.731815372817054 0.543391020564862 0.618274091247908 0.598376544129117 0.747332006971437 0.522492167479687 0.459228376236329 0.411368109681488 0.668329248876927 0.584292614734523 0.608280405584431 0.534622805025928 0.578171409654252 0.419753112933929 0.467199590322746 0.437597917737036 0.149283480190119 0.315824641498711 0.248857045548479 0.0276091120719503 0.656092489199606 0.624904272461701 0.529974887072876 0.512435367895882 0.533295958860343 0.592964884284879 0.506931123501831 0.539176979768111 0.620165226102213 0.542394022090105 0.61283606770774 0.625902680438869 0.543667889436579 0.38262219490422 0.247942948991109 0.274934667441609 0.579826948034609 0.58398332406455 0.679364996320836 0.701363129135658 0.50686806011359 0.531270293904121 0.616589766556254 0.621648384585186 0.628728153681963 0.592154041644599 0.174181497094222 0.22767424033827 0.766175391485 0.689909591011474 0.641064031190025 0.588444545228528 0.376673697181709 0.445903293554746 0.650009983762172 0.625469006416165 0.368844241726075 0.300685695167156 0.322570176501316 0.26460638574269 0.317858068765595 0.164985055819726 0.514291022837799 0.47268737007296 0.261018546353636 0.216670369887606 0.740342731896516 0.570904520631875
0.483174192382595 0.370063882462822 0.728863538954579 0.712644083416363 0.73652959449959 0.819182634374407 0.744735846264597 0.760189116100193 0.743497473499373 1 0.542279843741437 0.580785575070204 0.639687639500299 0.747315346906133 0.655742269552277 0.75298269777269 0.396675290191092 0.478903095232566 0.469660950037541 0.347626900010163 0.0675102380246371 0.507587416040948 0.628171435522861 0.581904260449017 0.601367289559483 0.651672966299027 0.688894771192914 0.656767609030291 0.493318767300781 0.487699927496671 0.671994381768169 0.655501462890564 0.642732670456835 0.57474008678614 0.580900975250391 0.468882815524858 0.483192854344974 0.415789800016767 0.264090495974369 0.44140217406377 0.18021838038421 0.0742333512609417 0.676034448680614 0.671750370474079 0.584425115931243 0.583295912756255 0.603102206567501 0.629592243070892 0.555477491967588 0.619356040651631 0.657881618863326 0.640530659797546 0.630296778741031 0.685861551178508 0.602003633405301 0.496870906920815 0.299063453613426 0.374337002717955 0.665106355576795 0.660196757255496 0.717364781240044 0.753531145104426 0.549618637747007 0.606605436332699 0.589477207007204 0.71222518600458 0.680103466354268 0.64990711784278 0.236226577277971 0.284247021638175 0.708761102615214 0.667238431423595 0.580982085811558 0.606539040555725 0.415229285880286 0.422495087216222 0.665695040138774 0.601790467314084 0.469221919705561 0.456878473426695 0.424636825127027 0.357495245685012 0.340463634460707 0.198998629238696 0.538782650433938 0.574941553946095 0.269684638045315 0.288256563916414 0.685608196118692 0.725186653750989
0.74758760704415 0.567684479764433 0.592900619757104 0.605521185129113 0.471072418482586 0.516021035514553 0.763489304240367 0.687736718783506 0.629002714075095 0.542279843741437 1 0.76670710250562 0.85153244498766 0.648689081968662 0.601873958547785 0.534505847425052 0.674342042618287 0.629227990113037 0.729495835544246 0.481930394701443 0.00958428285518425 0.44179607006041 0.45212480642037 0.345942870531743 0.424647477038909 0.384398628490086 0.546771026552246 0.373918690251181 0.76106586053011 0.698782312340866 0.576357140875301 0.453971949688682 0.67790535479487 0.764567760156242 0.386557742580388 0.306688284644041 0.548606513433746 0.540846547340658 0.344743796936714 0.601972117288337 0.530619682792939 0.287224319778414 0.620790867134777 0.62138885735253 0.5821254618345 0.599267422977925 0.635249620321878 0.622159417946104 0.574949836830261 0.548296136081291 0.593721870751105 0.578425687748565 0.485938301511774 0.528003205560704 0.652281647768712 0.561547172539541 0.551985376484568 0.555525434985293 0.7234513931997 0.694499773479941 0.803895690048505 0.625936769643377 0.769357110895135 0.775741743107912 0.335562229103353 0.462366033482116 0.632123993981009 0.597995242164557 0.391094822357129 0.486281281577632 0.662550031717033 0.592618522620797 0.653727017869726 0.692086398688576 0.271213470859201 0.499646791033369 0.524755748079277 0.543422254898714 0.645722409781831 0.54525718072419 0.619020517746776 0.567219225266841 0.458640566421512 0.460930314950147 0.627750356093215 0.604045586518329 0.23085610992835 0.44058902933651 0.711084972475312 0.685348709212821
0.778899193807529 0.726736424768215 0.644791984413067 0.711000529677092 0.475016714519437 0.59958429744107 0.747430989708004 0.79454286585424 0.516206655247278 0.580785575070204 0.76670710250562 1 0.642113774143114 0.814629889573406 0.487105941677681 0.631730184672369 0.789349533682361 0.859193858375482 0.779738534008438 0.706969845312885 -0.0234545594740622 0.513007137742103 0.505657289205354 0.510695529592072 0.484842517097699 0.471654427181038 0.493037480602643 0.42964121216499 0.867617991636196 0.889560970127362 0.674942486323277 0.659724900096295 0.823590270921868 0.778477586017731 0.49166161764555 0.442024238528593 0.603618362350545 0.482067994885176 0.540966622713602 0.72355761568705 0.527590832420394 0.136069552772393 0.72331900928348 0.723031217222204 0.716579384964955 0.725742728010917 0.756744278339864 0.729410318554812 0.718399304521807 0.69575004454568 0.700879856116508 0.724493433360989 0.566345769656904 0.635607830552006 0.768167581515189 0.716131536906804 0.661990535522717 0.74492092486832 0.812227794086039 0.80393530014147 0.814638372013223 0.725942682544679 0.844833035550002 0.916919586133079 0.374077762218234 0.609170257291576 0.775093231546121 0.740162734687628 0.553236312473714 0.612630961303092 0.656566762193526 0.671247936797232 0.647202600761143 0.740664020451294 0.387164642321808 0.547613723326541 0.703240824528715 0.642908001739236 0.75874458548211 0.746814263442208 0.769202119409737 0.720053320737049 0.645796750854002 0.557938911714139 0.696348826201986 0.780728435188419 0.392691581242961 0.537943236038561 0.675585396846073 0.828209711652078
0.697707383721932 0.49441867848593 0.777046151557143 0.68285454735853 0.651358864492506 0.617462809486872 0.826594513560198 0.740122664222738 0.740505909063697 0.639687639500299 0.85153244498766 0.642113774143114 1 0.728173973942325 0.849723945738609 0.717851124515802 0.570164784664831 0.573164248390394 0.706827035485603 0.449120407736658 0.128308465832027 0.544975852329371 0.698621801616983 0.560993668508071 0.63391057112016 0.58646362939619 0.699352714254882 0.542264387684232 0.622540992319822 0.58340317527673 0.665582362774346 0.569225370990806 0.709260192973016 0.689997487470702 0.584351570912384 0.459077960738275 0.599152190735702 0.55123991935471 0.304164953322071 0.538485727330914 0.493613497894156 0.24365937814323 0.693972670009439 0.676468070241917 0.623333660437994 0.618656720651343 0.642444179331747 0.66911583703372 0.589710185011848 0.602890779731941 0.65955726111702 0.619822683706224 0.5562900645102 0.614358606625605 0.688001780933359 0.587407914034031 0.506918721463474 0.48067475468901 0.717235621789264 0.694481546797826 0.799239408845613 0.675317968503608 0.706907506865717 0.682971165811498 0.613657143376994 0.62159605259003 0.706225483855324 0.662459554163056 0.354310832197516 0.442368297918521 0.775972423937071 0.703511638379493 0.702453797473916 0.683124179756242 0.3869937491371 0.520850735065231 0.61517642915772 0.596683627965529 0.580077070809241 0.501729989242704 0.572472797523438 0.532798799596396 0.510109965213603 0.449213754433074 0.728492898080227 0.629870351341766 0.300529770975908 0.477021951768033 0.822569688986354 0.698650981596048
0.651936840924604 0.568954048971437 0.796271818501303 0.808198140124856 0.629328546181828 0.782042671348078 0.809673848981055 0.882364586388509 0.638849853710388 0.747315346906133 0.648689081968662 0.814629889573406 0.728173973942325 1 0.679770367167483 0.890547531569691 0.630596435038283 0.736754099031787 0.733087814786336 0.643756418181784 0.0266792067733233 0.560916883285646 0.716788619301499 0.765135366927877 0.651985457989075 0.699482258687384 0.637355630398405 0.653077026775232 0.72120348992095 0.763091165240208 0.797628569015152 0.800767848643509 0.849081899847666 0.742290189535137 0.691582852595504 0.588600517805289 0.618407631613895 0.392918832720318 0.471185030031564 0.613248709173847 0.401633123480025 0.00642882140478855 0.812034384409172 0.814787214158193 0.740528098720656 0.724460879190881 0.743998731297253 0.741727826697966 0.698393416563368 0.722592072190338 0.758158543797159 0.756428080207292 0.662518343722779 0.743001041456631 0.78572964154843 0.69362814573706 0.509075712047795 0.566870844841713 0.769269250942169 0.78282493828656 0.815017778597875 0.83057176811321 0.777204694481953 0.811569705379304 0.623287351489718 0.795728861420765 0.847863442345974 0.817134386877913 0.450932521231087 0.511059097538931 0.752810584800941 0.794001166848003 0.677743158966139 0.755839452278918 0.423097774537579 0.538698850621804 0.790720407354052 0.750544500718414 0.689090956116399 0.722408354114579 0.661454780043585 0.610417619569028 0.618824456451641 0.463846707104059 0.719569450036096 0.785140931544274 0.43657339187137 0.563173619000998 0.749752506940557 0.850470691710439
0.528844443556688 0.347846675471461 0.83536917186896 0.639423266652996 0.772938985107533 0.661915579749911 0.749907065820886 0.669111489161735 0.799593832706901 0.655742269552277 0.601873958547785 0.487105941677681 0.849723945738609 0.679770367167483 1 0.80421816354468 0.374703495057249 0.431758781141346 0.611782523831574 0.418293267833338 0.137776441787255 0.596505250773579 0.845480385553688 0.660248097170146 0.731698686480204 0.653062826319509 0.728897158182626 0.576044169479314 0.483628227054505 0.452118846852118 0.734306241227676 0.649632091881913 0.652114737667577 0.544990363624099 0.644101764070278 0.444516502313065 0.605912298084006 0.516326678849114 0.226463230267081 0.436891556789073 0.407108938785181 0.143085928429318 0.699905848487783 0.680825301925088 0.572794169737376 0.567013123976645 0.579370475497698 0.625577857190145 0.541412160943303 0.597554538523137 0.639885490258011 0.612183908140313 0.628766861261855 0.677733980810959 0.629631814609011 0.508864552160205 0.349630236485079 0.313867363386978 0.582823092606844 0.596233273433478 0.625657076533074 0.609209844516491 0.528512947660782 0.491754454140269 0.7441329949377 0.608780682273461 0.660986692501144 0.608961500198297 0.281835620304282 0.347802277672364 0.811119692291109 0.75412308164201 0.685207562433492 0.616585193972994 0.386814748115282 0.476895278582013 0.657702772111173 0.636889806496328 0.464327416348945 0.39354592854537 0.41925603174854 0.372560673472991 0.4988711976878 0.350691921862645 0.630555799022897 0.520385596754075 0.407178046476215 0.383474113091978 0.796584726786714 0.612155713362778
0.605465719862192 0.515069533399414 0.846225188279651 0.782139991322571 0.748310292643743 0.785096553092421 0.751590108743922 0.812528267953436 0.672797312981927 0.75298269777269 0.534505847425052 0.631730184672369 0.717851124515802 0.890547531569691 0.80421816354468 1 0.534012926462321 0.618828637911267 0.70922464631982 0.605286116275272 0.134284137469473 0.601636187397742 0.834414617185184 0.842957488033858 0.745109284441013 0.800170530944624 0.678354964638924 0.657229769744374 0.621427918568227 0.642123223362233 0.83987684354961 0.817733115197623 0.807809328439216 0.68191983214553 0.757406421672993 0.590073187775858 0.677853007562124 0.43051583923016 0.434156330442019 0.584513622984885 0.399535669813697 0.0702945324902614 0.781818338952548 0.791258173424981 0.70896585518461 0.691461977890914 0.686145956762504 0.718911843244236 0.655001522893136 0.710464434226223 0.726250485536658 0.729867873536372 0.682548906816961 0.750947973266209 0.758772084197864 0.661110239935971 0.475867633927738 0.487672854442084 0.68518803414746 0.713848703619245 0.715693459844583 0.764833091125958 0.654768197102642 0.655758589057479 0.75373200946607 0.790071751908132 0.807667342663798 0.786015170884354 0.456511481712725 0.513008015011067 0.79043493770679 0.801873434789565 0.715746823062808 0.719003204217744 0.444459534020783 0.509894704253598 0.765672689256049 0.740778001090097 0.62983327672175 0.602713668569312 0.589947276925602 0.543294299334585 0.611577715590529 0.483454251183797 0.722586743064221 0.727883657354147 0.490993492248216 0.5894163123366 0.791998969862563 0.804577805038914
0.892602036425414 0.889487029104595 0.521610516196883 0.68170476304919 0.336395683316053 0.453795167418843 0.608712649142495 0.682121252242035 0.289106797453792 0.396675290191092 0.674342042618287 0.789349533682361 0.570164784664831 0.630596435038283 0.374703495057249 0.534012926462321 1 0.909973701083713 0.841445438500712 0.807719807673759 0.100451775176033 0.433092846239362 0.417175030760861 0.488658466511777 0.472734436740268 0.462213316752313 0.353208486671264 0.371613437292204 0.869442382464503 0.87934845502554 0.625823885008742 0.595818960177776 0.794683891679304 0.836545035571846 0.450195831880218 0.448708375177527 0.685653343376168 0.485456700643139 0.649129728256715 0.818411018235548 0.639230500657496 0.318911384108997 0.603825468726725 0.617465045188565 0.730879680894847 0.745373416334693 0.733014831618214 0.692282373217447 0.701496749974689 0.668416528859359 0.58661308587103 0.654041671976027 0.425646588843564 0.487351773347465 0.75874019874767 0.782149452426174 0.892768895411339 0.90242444993106 0.766275996489539 0.728056599002411 0.748977108466175 0.580270094918982 0.838117092213653 0.846995452779632 0.357666343613563 0.522145485329307 0.698720240896514 0.69424472555145 0.79854615941319 0.844229685430959 0.490283091226314 0.50238982120191 0.594892897599784 0.65922955475269 0.351158808983287 0.520767827235503 0.519536232951714 0.482948511885604 0.845353587313506 0.74234686916211 0.927713071028941 0.884849137674923 0.70535506279278 0.713993221241029 0.761440981139666 0.800483795622955 0.434545879802174 0.705480196653539 0.566603994190637 0.756443016849781
0.860495496330848 0.867890130753578 0.615974055960169 0.724217341187421 0.424371834141566 0.522860181156324 0.65183696111804 0.73001190441312 0.351462283390688 0.478903095232566 0.629227990113037 0.859193858375482 0.573164248390394 0.736754099031787 0.431758781141346 0.618828637911267 0.909973701083713 1 0.822020527934224 0.821827932652925 0.0641526077032223 0.523247844183488 0.512869983734744 0.570983563344237 0.571421675387614 0.547330674664004 0.455518676438338 0.418699523221822 0.853520323888808 0.910183581986009 0.673449343320906 0.681827719713257 0.839014811646688 0.781819071407238 0.525269957508352 0.484968562291809 0.666032573863021 0.495654036416957 0.67890580642027 0.830738884750658 0.575217199823627 0.198550301248009 0.681913486640605 0.675939270542314 0.792499093945383 0.796621446472029 0.796399602319802 0.756288422301209 0.763350043326415 0.735095540146758 0.663798303536757 0.727991643099321 0.501658368240002 0.58090654083751 0.834324705889868 0.855909429506976 0.858734610483664 0.908527122416941 0.801146594533451 0.773663233688852 0.781563755284528 0.625752402747224 0.833303369576191 0.878429155308394 0.455210442181622 0.610238312078287 0.772946243619882 0.737606818011106 0.784678228929285 0.815703334587182 0.535137595289015 0.589018158685866 0.575498695047109 0.661256912559034 0.396738599667005 0.569500338609022 0.615145731199047 0.526421198469917 0.850547712993429 0.806582630114149 0.914939335026402 0.893742671215985 0.77551646513594 0.718818846642525 0.803056928424153 0.846082363175173 0.500883334919522 0.716572384910825 0.641776936160419 0.830567757967499
0.895389402195191 0.821751042990414 0.715965590970868 0.743292398839936 0.528296364316191 0.567361134302195 0.741017252446441 0.759891827242713 0.51160267508908 0.469660950037541 0.729495835544246 0.779738534008438 0.706827035485603 0.733087814786336 0.611782523831574 0.70922464631982 0.841445438500712 0.822020527934224 1 0.846316563967978 0.0797152541665163 0.518101864928623 0.651714146261329 0.650465328157034 0.608765299424368 0.580135749544408 0.519970963173026 0.428689869184421 0.826162837152436 0.812137038488981 0.732954549767342 0.68962806631629 0.867447153665747 0.84040469107985 0.610802268890337 0.500240709919927 0.743205891799211 0.57844349399494 0.590273387647503 0.789741652199726 0.616417313161619 0.322651279273035 0.719237043141893 0.720082447288922 0.784248614811451 0.79373621707222 0.762683550280126 0.768111424531645 0.745948025512153 0.74597243139162 0.69978411134371 0.738610669650254 0.578224323466518 0.630505021500849 0.823740555471367 0.797574988542983 0.812150645865308 0.79254120910171 0.785664217620056 0.790570770491957 0.783799086887886 0.652854222377659 0.859916681648509 0.809630198865863 0.532161394765891 0.609721773886112 0.795387985373166 0.781434053145448 0.742473433328005 0.809007116508719 0.694838359061393 0.695607535084001 0.758593782392748 0.759144539494572 0.364562628470302 0.61817633791305 0.655675132043952 0.652059259325939 0.828498936112798 0.695594138398468 0.875965466484972 0.822882005578733 0.760445416344983 0.714756362523489 0.828931095724879 0.806158608859155 0.506579352995746 0.710848150880303 0.716605629356669 0.794032122585618
0.831387983369313 0.865917611591446 0.585863244819726 0.667942045791914 0.393849732564293 0.418053660825145 0.556708641840562 0.643068172825723 0.328124274365699 0.347626900010163 0.481930394701443 0.706969845312885 0.449120407736658 0.643756418181784 0.418293267833338 0.605286116275272 0.807719807673759 0.821827932652925 0.846316563967978 1 0.0649241214636047 0.407886038576566 0.563255091015755 0.638792103883582 0.53069382755635 0.506643987276164 0.339070139240286 0.332101810331281 0.776969704986247 0.781019272550125 0.659022803799069 0.639299737671327 0.793963543599491 0.715600803610905 0.54167649216857 0.466371433153639 0.691420815815799 0.401626410541072 0.727229865451021 0.803817115511779 0.566006633258524 0.20109387258035 0.584794127548276 0.602047147919678 0.706034180129935 0.724065146342251 0.669293996488583 0.657767595391658 0.668838053390192 0.66326946485824 0.575328175313908 0.650238567512965 0.457265830588244 0.510475045876706 0.783108411939344 0.778400993240304 0.810113072235216 0.834475484601536 0.666964915983074 0.660206017760278 0.668284519304179 0.552208076530519 0.768921836538732 0.71411490626893 0.460251993156285 0.536364603082247 0.696815961693406 0.695728524795943 0.856416512745577 0.879248076919955 0.49852785044224 0.569056569170329 0.623453816270103 0.657361100071372 0.377192085735169 0.541992984457758 0.606309923751975 0.565383063957502 0.794115310685736 0.670227053747167 0.86802743280474 0.798016467744553 0.810400138212717 0.684673802132496 0.766630972406249 0.775093922860554 0.640126901208547 0.717586026638057 0.550944592469236 0.71381389673748
0.101165436794052 0.140883529486285 0.150722883981611 0.169529142188831 0.160290866951788 -0.0143632468114745 -0.00690196937895064 0.0951427724845789 -0.0235012213151269 0.0675102380246371 0.00958428285518425 -0.0234545594740622 0.128308465832027 0.0266792067733233 0.137776441787255 0.134284137469473 0.100451775176033 0.0641526077032223 0.0797152541665163 0.0649241214636047 1 0.254685555219598 0.069716325962336 0.13173676805093 0.210758403834177 0.218124506095617 0.0859966916360608 0.291986873587862 0.0207585451375376 -0.00429034172285097 0.0307173379289379 0.0758007638920298 0.0733618810607647 0.114432685960661 0.197110187569743 0.345028290165329 0.178787536553943 0.210100687186971 -0.00778424550308449 0.187458085760212 0.300153754522702 0.344630487394464 -0.0263206774847389 -0.0081787432907814 0.0702446929732415 0.0336465715898815 0.00256150765120192 -0.0250338144053329 0.0030076950584393 -0.0286953073859702 -0.0214590031869646 -0.0356590029447864 -0.0931711995974344 -0.116459652090457 0.0467251160119998 0.0203306608707324 0.119319873585353 0.0982059676810322 0.0064478981772214 -0.000109436535743802 0.0419155945180218 0.0443039713399166 -0.0191542041788877 -0.0184200622495041 0.259384364104244 0.176159812852265 0.0356076577783339 0.101530231162037 0.148509702960518 0.139667418178613 -0.0503182195087884 -0.0647122864546115 0.00591573834142959 0.0457016103412606 0.0314469455019843 0.158204479498366 -0.0693322325123071 -0.0717142114341329 -0.0383361783517425 -0.0391601012266897 0.118020851058641 0.142291948327739 0.138641434254897 0.292424271423734 0.176493737479751 0.172784569294622 0.0619558880090984 0.186712858316131 0.0768910675742592 0.0378786190497216
0.511627917828701 0.420571273587141 0.696523853720838 0.6906282084701 0.557084914643695 0.596146795001671 0.599313222377531 0.684420489056726 0.564211073566874 0.507587416040948 0.44179607006041 0.513007137742103 0.544975852329371 0.560916883285646 0.596505250773579 0.601636187397742 0.433092846239362 0.523247844183488 0.518101864928623 0.407886038576566 0.254685555219598 1 0.670494629220393 0.568059132605886 0.738408066810905 0.672022177751248 0.575335387183435 0.610259611674508 0.546414288227998 0.560716456524699 0.696748017870064 0.680647101061763 0.652585642256924 0.607396445088836 0.633972097763787 0.512010154020065 0.551807572034029 0.506918641968591 0.365774185470355 0.469919166359435 0.355264783033611 0.11344536526468 0.625834015250057 0.604669651090017 0.607864565806097 0.561361909248487 0.566542661914057 0.573279171567205 0.541863890471695 0.554874563420348 0.606094009224799 0.563108873769932 0.565589503994093 0.597237922695256 0.6122720861322 0.503263394170388 0.384046994890477 0.434565553690166 0.580260340879056 0.587554834155093 0.598132249531143 0.608181161706082 0.520287378345303 0.570334796539756 0.622045538014726 0.644006951692719 0.674503900790287 0.665526924670375 0.382934856232344 0.40572992911733 0.596229553574285 0.576518313429348 0.575348337018952 0.557216187995944 0.380635040237342 0.498845000005751 0.525101609044804 0.496056536866084 0.464566592528265 0.457484649409024 0.468667411671266 0.438354152542715 0.457711386801389 0.394262904016323 0.545201489901481 0.583601804760572 0.339261216234335 0.40426441468196 0.658447536445679 0.603386518259483
0.560150046250588 0.443373118732095 0.9078836851992 0.773161996290718 0.814453813849377 0.730548902396639 0.762888136285001 0.763922811162341 0.731815372817054 0.628171435522861 0.45212480642037 0.505657289205354 0.698621801616983 0.716788619301499 0.845480385553688 0.834414617185184 0.417175030760861 0.512869983734744 0.651714146261329 0.563255091015755 0.069716325962336 0.670494629220393 1 0.873781576565914 0.855944128734987 0.82296133179869 0.71748398031339 0.617769140414868 0.526390311673941 0.542899280987958 0.851047950510075 0.84359831078773 0.788647735352957 0.629235032596447 0.848483958533419 0.634707156254543 0.624933587475887 0.460730472679095 0.387731668105976 0.517069354507982 0.308216082488243 0.0174119203294628 0.747727484102151 0.748666381123047 0.684787837528038 0.651703694449927 0.62739879365166 0.692873912203934 0.608633315985128 0.667945631944245 0.701461769931268 0.680345746662841 0.667485560194228 0.730137852964263 0.707813225570952 0.611913431368892 0.427418090263312 0.430117050893018 0.638672560043184 0.65912597504983 0.665608998662847 0.728586182683088 0.567237751177309 0.560467995539603 0.856787105167695 0.762041954708088 0.79417234096717 0.757177523436243 0.424057688869335 0.464592930449698 0.779790821542488 0.786053337246656 0.7201535189019 0.654219743969389 0.452024910379418 0.536996744487826 0.750324622805946 0.68271559984045 0.548406069467142 0.513642136715974 0.504932166210107 0.45559055368199 0.57124837498963 0.421289955720076 0.711279090999789 0.634623932837637 0.51022405547288 0.508638220670182 0.757825210077262 0.69101533530563
0.571818847692648 0.516148607602973 0.829237926144617 0.826431966678807 0.694005324532043 0.687885569232293 0.678240120671124 0.784938746470672 0.543391020564862 0.581904260449017 0.345942870531743 0.510695529592072 0.560993668508071 0.765135366927877 0.660248097170146 0.842957488033858 0.488658466511777 0.570983563344237 0.650465328157034 0.638792103883582 0.13173676805093 0.568059132605886 0.873781576565914 1 0.770140594461148 0.840438159769529 0.583100272895017 0.635762571913725 0.518182095387456 0.558280792944885 0.793245902914172 0.865127262418413 0.804959347524188 0.653837281959934 0.867684651084068 0.733607356114872 0.596324582258305 0.353444639282617 0.428549841929999 0.559173257465011 0.285495595609031 0.0078978275699848 0.712745680372657 0.736259123042162 0.717557968260534 0.677992040772291 0.633747165671396 0.689760496738642 0.633390609385411 0.678262523823691 0.685885691136934 0.697795179623758 0.621982719604673 0.672105392063134 0.716110767618002 0.665818601086975 0.499780169174082 0.516088980116838 0.655187543769485 0.69485149690257 0.653573897493181 0.769533712677753 0.565740291162519 0.591213006537335 0.828104125508566 0.851732006196837 0.796363405826185 0.792136886090279 0.519090878394327 0.545585405820255 0.657301791489438 0.686172645833074 0.619155218654004 0.621900489153346 0.44007873940752 0.494656889217446 0.742928385336732 0.684195497953808 0.565724772697101 0.597172435103088 0.568027767335626 0.556305152507657 0.586597548258018 0.470663032630105 0.739906595708386 0.743104578510333 0.51691954405764 0.638313525441953 0.681131277380139 0.740242694657966
0.600524513945447 0.501384976619791 0.860238937884804 0.796076102675845 0.712000435265979 0.663268412785129 0.688564943249309 0.736499715384489 0.618274091247908 0.601367289559483 0.424647477038909 0.484842517097699 0.63391057112016 0.651985457989075 0.731698686480204 0.745109284441013 0.472734436740268 0.571421675387614 0.608765299424368 0.53069382755635 0.210758403834177 0.738408066810905 0.855944128734987 0.770140594461148 1 0.885663453857382 0.683886657437295 0.660072547235266 0.500707015833813 0.548754743538218 0.795039059088069 0.806899093932386 0.747630177102689 0.626740117824552 0.826658036450922 0.644355085937212 0.640680085422795 0.56756897056701 0.451592288440076 0.583795820683196 0.359080167092801 0.0966974748186723 0.710193813318277 0.683264324583347 0.711758047131315 0.675838770466613 0.647339036829008 0.687649629815974 0.624320089906438 0.67160606001643 0.68998045076034 0.664401640082415 0.607075604477862 0.664788917735033 0.732532789465698 0.642531095462262 0.487389184875528 0.502437355347597 0.643284055499641 0.642037216534532 0.651904662659349 0.651503144318425 0.546107403031409 0.553030978815015 0.828819729990588 0.758762773985459 0.785585369022475 0.765392868368496 0.477958070830561 0.511219133327977 0.690380099604205 0.711596951537789 0.638231054273744 0.613030944474399 0.381123231518435 0.587408493824535 0.633310599905404 0.572240836727391 0.546459259313789 0.526593494861716 0.546743541821898 0.536420135610809 0.565656425651689 0.480371786992507 0.704345650319761 0.669367237074541 0.464451614619046 0.529759775828361 0.721016535624716 0.680819995566721
