1 0.838125633593481 0.219002679129354 0.324011300362774 0.0689320465226555 0.224275217781561 0.165680614028537 0.202280667357662 0.153771174365638 0.150266924793048 0.743866624198673 0.553083881359598 0.643654251218208 0.45967144214589 0.262676671975633 0.25916251733219 0.790496443585808 0.671543062789966 0.592667436388934 0.663798813041415 -0.0513894827141029 -0.213506021304459 0.0422329140141909 0.18820632996339 0.474934337753087 0.197578853828943 -0.368627803436776 0.225092063147319 0.663048969219574 0.43475248383169 0.195210411178574 0.268228598115772 0.3423000259898 0.320799762792998 0.0573830701182216 0.0295094118955089 0.426891870801927 0.369397830545279 0.434581394293302 0.51870167483165 0.271160817391339 0.402304267317572 0.638314774642773 0.696861270273534 0.704352501373783 0.747381430808471 0.705929787413858 0.748318362218887 0.740036340268146 0.645929594419136 0.721714376751463 0.609978784118986 0.544803581504349 0.481246389813485 0.760231429132139 0.77967605791702 0.893709498414543 0.857091926112163 0.74427048774087 0.636400318051764 0.775247642788879 0.291809164489231 0.735871910531669 0.545064164483844 0.0814118057367034 0.0715791260440209 0.146292703453313 0.296923476943765 0.683847609863149 0.656329491741261 0.0877326942354543 0.0715761198973271 0.307120922201408 -0.0589466084086707 0.0859965023130889 -0.0610926932396541 -0.0180020320992718 -0.0044037413036583 0.362936353391283 0.483637676479292 0.782666065223383 0.812649410805064 0.428767066304533 0.52427540048441 0.697849108996943 0.574030686339387 0.336002970186019 0.60053748328336 0.694102067484091 0.616588395622065
0.838125633593481 1 0.198263385152229 0.330635152590747 0.00640008326089893 0.198094252244268 0.195849036973282 0.276097162451892 0.25143496113141 0.0368670853597062 0.442677114484179 0.661531268697677 0.44160746881707 0.584537109859325 0.27882018212817 0.363350296861836 0.839338645894569 0.87458418068522 0.670330934191267 0.765911778938927 0.125513919576653 0.0174942202571376 0.086680922379357 0.34008049286155 0.516973987327914 0.171359218784396 -0.471646772843826 0.294104912154938 0.802236429339 0.71699360390703 0.331171263854899 0.424434762491229 0.538376446644687 0.573692478940828 0.247263823668141 0.254806617162472 0.375309071809109 0.41995369687696 0.222931709081386 0.627712017520881 -0.0189808802182212 0.568983203122058 0.713067081314373 0.765807463979507 0.747315093396379 0.768176775899399 0.785110751746967 0.825360136182388 0.769771548017785 0.743127224486208 0.756073352734686 0.755133216065892 0.637746368697427 0.643781068153422 0.729786017415562 0.792504342630267 0.919521779232964 0.923197120490376 0.745435442689141 0.703999569772609 0.678023608577316 0.342912203080857 0.784383250987185 0.679766535969762 0.15825774324004 0.163492513211532 0.290226720119428 0.35455535124395 0.828479854613198 0.794837719799558 0.263537743426052 0.12377018288426 0.397447984891294 0.273512116215469 0.100584904427006 0.205896274889844 0.300561183086443 0.340907582908459 0.620316276898847 0.720869406941423 0.90234699695203 0.885198572358891 0.291810608879766 0.644580436881815 0.670751870770854 0.650561129010871 0.069055057070582 0.479945372894372 0.537239655483225 0.658964009926321
0.219002679129354 0.198263385152229 1 0.722235840238949 0.414743611104922 0.193184106886199 0.908619130615449 0.636110155502559 0.658660363534205 0.198592964899832 0.207489102462612 0.334431982033578 0.616135768279731 0.445811969024909 0.724005150694953 0.441924119188927 0.277178756118256 0.233071477984826 0.654293507267669 0.421481680345756 0.173042082313351 0.0178853752132203 0.83254394803092 0.725986164498614 0.56444742064482 0.485584831934901 -0.243366289417992 0.255334016457928 0.466871831993229 0.329973564701202 0.721873263262328 0.584595200861024 0.630986790012353 0.50813761109884 0.65273592087827 0.549965295269771 0.589644225658816 0.430622234180281 0.399430214360824 0.165369213847468 0.123717131865593 0.0908631112026598 0.571003934606547 0.468288583885782 0.450993000069796 0.254876657514257 0.417966926171291 0.350439648927091 0.261319785305706 0.372190192669102 0.446334352935392 0.365003150667123 0.460374358141559 0.474956896254459 0.306335961192717 0.274576596933982 0.157510264858993 0.189785045275614 0.425015709582689 0.447957752136761 0.528713722390616 0.517889816365989 0.289036379841874 0.462014003013309 0.826547479999928 0.690761231213043 0.798927653861617 0.745587891952909 0.0664829861084346 0.0242999764450781 0.623379912932458 0.563434204554959 0.44084125041333 0.177017692558318 0.0823817901868248 0.0306900480430967 0.287532617867135 0.190203764276479 0.372579019000518 0.359264030041665 0.244201437683067 0.305519603092928 0.424233098761966 0.217690211118487 0.582625030542222 0.620401259142981 0.256759632851036 0.380430884151061 0.515327840468858 0.536632084211888
0.324011300362774 0.330635152590747 0.722235840238949 1 0.331170397562678 0.456863449306903 0.734574133047579 0.806954157644705 0.557917515608778 0.374525476495939 0.195532705628819 0.523995257721652 0.439468154456361 0.617948600015526 0.43519487949311 0.706600156724727 0.360836785496804 0.315262451268244 0.637870554112289 0.613212812085045 0.174218717583805 0.134239957707226 0.6906709161145 0.775058320624605 0.491075098643469 0.623452016654512 -0.144379025327144 0.41643951200503 0.508364085863345 0.450629457787297 0.656855023676023 0.541627956040099 0.700500279407892 0.617938378175806 0.557348767296221 0.530043544842757 0.424270987457147 0.25931565497594 0.309506511573711 0.409916443211829 0.0496282525416852 0.19168996227517 0.558230931579089 0.49847030558937 0.435104559158479 0.295441760050185 0.443783739004725 0.409687609276701 0.268798301266797 0.358536400066073 0.44522055944548 0.391628434273109 0.453122193179005 0.464564686908333 0.344963204719364 0.339992139983565 0.266241565647016 0.285781466471417 0.38603343704152 0.564713760957923 0.519630833203036 0.695986713547108 0.400606625032423 0.58756681971599 0.673143329138549 0.746155341034001 0.695187830129942 0.734980566235589 0.194801416734205 0.140928504582244 0.581842241420291 0.545577396942222 0.361295316789791 0.297308139125928 0.0924328076368665 0.0764440724663764 0.314239979070692 0.267860380606986 0.450752800493767 0.359535032807184 0.340478003895661 0.407688197922803 0.33696195908596 0.380090726650343 0.501436264150675 0.716117939307796 0.204318192357445 0.507232487113118 0.477635281746129 0.575741556319546
0.0689320465226555 0.00640008326089893 0.414743611104922 0.331170397562678 1 0.23257597605544 0.344301603239299 0.2068440119284 0.578939338051645 0.401496222595142 0.195095913133575 -0.178044211176459 0.349216438923055 -0.011237260667502 0.48048461434319 0.221052800381648 0.229989646769472 0.115465237727627 0.242671818081363 0.0347129563344785 0.129718943032713 -0.0724736994563717 0.397145518402674 0.30559292877903 0.242492083482137 0.494861399186753 0.123228356708371 0.117281211297521 0.133007392440676 -0.0320018156799043 0.247213119187752 0.132462586750487 0.124657931580266 -0.0160894338270828 0.20594872621617 0.206601769075409 0.354055176337086 0.123999460367528 0.428333764134012 -0.129675220124527 0.231360964909842 -0.113799320559859 0.103729131246134 0.0995719320558026 0.0972248820551789 0.0120475384986481 0.0699527603978319 0.0293006004262039 0.0678160712485447 0.0893788940668362 0.115029816859669 0.0621850410515974 0.160653124304052 0.110361448197987 0.170120726587902 0.059343134556931 0.0913345301027915 0.0964837166154359 0.0444566906633494 0.0830630850571394 0.124714768410597 0.114530500416941 0.00446190464023924 0.107119760466667 0.428823230795285 0.259485145346737 0.34709668733033 0.323153481050331 -0.175113470260293 -0.170705639393621 0.202013214447246 0.184301371659782 0.13451931422903 -0.242155185167613 0.151926685389755 -0.0969847925104009 -0.178014708674793 -0.202669584614825 0.0541160281814298 0.0515217968181545 0.0943305148976419 0.132523603475483 0.37909486132328 -0.0719775402771276 0.28285150896386 0.225419292809945 0.421754111031473 0.353017458261542 0.342994069361714 0.19826756616038
0.224275217781561 0.198094252244268 0.193184106886199 0.456863449306903 0.23257597605544 1 0.185331017046788 0.275164651936287 0.176215632242643 0.727876384457298 0.181326514489661 0.1044114524146 0.267153270055319 0.19265213932984 0.0675392562840096 0.509982683069222 0.285104874689557 0.128641939929834 0.255049786205276 0.291193590476751 -0.296259210932631 0.0388682759697016 0.286035686108696 0.329173728331693 0.403706779212168 0.465911771414713 0.0185882598564302 0.426093205806066 0.153648425960374 0.0958529921928621 0.112724754239565 0.0221797465565458 0.18090107315351 0.164685822477623 0.126252001409874 0.151979022099683 0.0371271508764877 -0.170167608823135 0.26479466620256 0.34494190576956 -0.00634579064155243 0.131868537061447 0.263110184850529 0.281740814548004 0.288635493079263 0.288580020609735 0.262039789588029 0.279941017268397 0.271078891201583 0.251475251137218 0.282823082155727 0.256302747742248 0.220632944632576 0.219765440105595 0.271529925227529 0.297712769953074 0.232200053218289 0.230514065240292 0.191908615140375 0.224758994627554 0.343781476402189 0.170713782778863 0.329029562534481 0.283540380113179 0.34903643748669 0.178812301603233 0.200554257180511 0.237959043037375 0.173323595606345 0.175416492246679 0.127296205257161 -0.0250194693206798 0.0182782484911946 0.0657553888490044 0.377151969282772 0.08262590536737 -0.155175296497263 -0.120816238923441 0.149377400723599 -0.0241541643487021 0.228663427701007 0.316511691032972 0.375575399600763 0.446425477964333 0.420034724757227 0.351883692010321 0.382103721849927 0.613240113538969 0.338120414930019 0.316926266987692
0.165680614028537 0.195849036973282 0.908619130615449 0.734574133047579 0.344301603239299 0.185331017046788 1 0.794737515433815 0.731944426291125 0.218219675055304 0.108933986741617 0.424037339012472 0.538101335242507 0.580003703954056 0.688860060485954 0.581129226956304 0.287230501794819 0.281916277097434 0.681002828603477 0.486815326938481 0.201158687490141 0.0800149531586657 0.764636839387617 0.708545355148176 0.522322844911376 0.387707814353782 -0.286380765841772 0.205422323866889 0.526484834598809 0.454951474454238 0.754851186389894 0.627544596390197 0.706042139399724 0.617428172306881 0.61549999252212 0.564468688979087 0.449510106243337 0.338697766067663 0.276634769431942 0.199406762828869 -0.0200167636178096 0.125804806892909 0.565352161006329 0.457601291557806 0.421237645790851 0.209886391055359 0.389333882457317 0.32381301368996 0.212890364289748 0.366473575136034 0.427924158104605 0.382650602899916 0.483741239514401 0.527076889119677 0.272249228581021 0.234691805342069 0.134322509437841 0.176101849126397 0.407211574448417 0.492534360464208 0.549039034864365 0.661847645146261 0.321634859421119 0.565537214136293 0.799778945304564 0.753264122505381 0.820936032584778 0.746745925170082 0.0135623256623656 -0.0124756398770275 0.701535557397258 0.593177911103645 0.438204683066488 0.276412136508593 0.145609937283224 0.159661210403184 0.366749051262098 0.295681338800892 0.488332850111152 0.44223315769631 0.255669406079799 0.285227280487539 0.294285648896549 0.196372638315838 0.499150614947916 0.65310771940624 0.134418773381336 0.311045514895763 0.477139133148937 0.552503542639479
0.202280667357662 0.276097162451892 0.636110155502559 0.806954157644705 0.2068440119284 0.275164651936287 0.794737515433815 1 0.600138568685232 0.322350731610349 0.0624651092918486 0.625043659690283 0.407589200636399 0.769601788326507 0.493599496352982 0.81364031012446 0.323583797067357 0.336160730930804 0.605918971971206 0.573607813559034 0.234726045853982 0.142274957088685 0.587976549920038 0.680595081637878 0.429228348298444 0.374247818333455 -0.230522694253376 0.152282515026761 0.563193054941118 0.561967238486513 0.650181454133271 0.588136446894246 0.709729509264461 0.693519944349796 0.519594478540314 0.532133707560496 0.268404872554873 0.205092699438873 0.171702845310252 0.320468664936219 -0.104405185979095 0.22357901033603 0.554271896922201 0.469980328986255 0.392495652681819 0.223154759327336 0.412902876447012 0.358192009708964 0.211132329210003 0.37690540773922 0.440918490241655 0.425990982828094 0.513303801526246 0.547788684358569 0.283076596259203 0.259553942273426 0.184146894958223 0.225059067545691 0.38594366109198 0.606151805026794 0.523900198317316 0.875676821484337 0.343777483185549 0.683523310713471 0.641530068885868 0.826717082299108 0.707374511125079 0.738943702250721 0.045496247778757 0.0252447894655589 0.678306056454949 0.578338553735283 0.376675043292108 0.320423366571876 0.181998363957711 0.203948322846639 0.389574363612329 0.342015777568715 0.556570225802174 0.43410496502682 0.306826462157823 0.327311960091221 0.191131145520795 0.204549430941482 0.377953559557112 0.730050742963607 0.0554270286795454 0.327182369487366 0.446924048078395 0.597141923428905
0.153771174365638 0.25143496113141 0.658660363534205 0.557917515608778 0.578939338051645 0.176215632242643 0.731944426291125 0.600138568685232 1 0.243203296828096 0.0182200210327227 0.285514459150584 0.416294825720197 0.451005543583498 0.621574149013015 0.552464616233762 0.317666517263641 0.351141835594424 0.507516850096716 0.37684682255948 0.222882024374425 0.236208927383532 0.597075185093808 0.657171945183138 0.510360964917415 0.532257272880547 -0.170097273064758 0.283072562629511 0.470745715242721 0.441710470416773 0.667456111962745 0.535597705964788 0.54124448646278 0.49447143613975 0.546728384403269 0.495657917655482 0.404650913578397 0.33650929948964 0.188697948873636 0.149152268784877 -0.0498222670448946 0.18109404438394 0.427277287211507 0.353389223030115 0.321340042570263 0.144642081802975 0.308311596570659 0.251886098606956 0.188741907461052 0.311254165513815 0.340356221603806 0.329087142820186 0.399873383312463 0.395889679202795 0.212734725321065 0.163868338558992 0.198165982732777 0.222195153467315 0.328492019275006 0.407482934793916 0.422391651912117 0.467888518215943 0.266935592289864 0.420989317374172 0.659933663052625 0.573723533544581 0.676660838464289 0.564639869221772 0.112837805503278 0.0987230460350887 0.644870518615391 0.392696241020622 0.327446163594688 0.266532182524571 0.222901457337702 0.260559855968001 0.32406452797833 0.310031429704578 0.452687686841264 0.471755025956084 0.305287053644219 0.301256366172353 0.195359392123976 0.220264289329472 0.404234560822666 0.523355863793658 0.0586822158859286 0.271871738602754 0.398211972363052 0.439867361813147
0.150266924793048 0.0368670853597062 0.198592964899832 0.374525476495939 0.401496222595142 0.727876384457298 0.218219675055304 0.322350731610349 0.243203296828096 1 0.291438588051611 -0.0745067163257992 0.371358060222815 0.0807315927700166 0.198087823087132 0.475551020345715 0.221664113372259 0.00464427989998333 0.164776368825706 0.113425771914271 -0.317156046620072 -0.148481137567323 0.260886520461776 0.153568042759462 0.295231125172302 0.366360976713915 0.187586127542497 0.0762133454225789 0.0806390477860415 -0.0891949076561487 0.0149909007474211 -0.0622249384442564 0.00424690882404079 -0.0321324138580007 -0.0828553630098688 -0.0111410771976522 0.112647757231827 -0.12112582107132 0.441188551084796 0.0964113414737654 0.271057194917695 -0.0173512460317764 0.117416209544169 0.139444776733679 0.186398411305578 0.203665598014023 0.132730096077083 0.137356009925887 0.216141003456154 0.211818985341513 0.220624855958755 0.184446072363517 0.206232895461388 0.178807529582534 0.284514836182861 0.212373379040388 0.129563356746788 0.111110725852243 0.151095839566552 0.160455714275497 0.284075194924603 0.16619032506167 0.137967230013156 0.201920153253516 0.241319934704151 0.144300247364659 0.138997614200769 0.180226452581562 -0.0987429920607591 -0.0886330474037499 -0.000570270096286516 0.0853478306573644 -0.0481088122711813 -0.27157651627368 0.292219402607629 -0.210399719021941 -0.371085789675322 -0.353902149597414 0.00776100714343111 -0.119833469043565 0.0747442667981665 0.166076862033183 0.38589876451328 0.182861506286949 0.286258921851764 0.270837952744699 0.533118206339551 0.561677358926516 0.418508279552339 0.306841459100575
0.743866624198673 0.442677114484179 0.207489102462612 0.195532705628819 0.195095913133575 0.181326514489661 0.108933986741617 0.0624651092918486 0.0182200210327227 0.291438588051611 1 0.210428588693556 0.710141743304788 0.184172361845994 0.311829495892365 0.0882932769237046 0.506974259854893 0.302861037838609 0.426082102584951 0.343045524486524 -0.0739772362778274 -0.430125554181754 0.0610528772169949 -0.0323223262493607 0.242080312251348 0.0574574293866728 -0.10613291336438 0.00850033499488947 0.368113775655619 0.0562017807153687 -0.0356224187150531 0.034473368103963 0.0812551436345626 -0.00913315133042662 -0.132145213120866 -0.114055757127756 0.458837616640087 0.406044779179717 0.578212151903846 0.217664498808175 0.555103289985198 0.172867524671398 0.374187398725383 0.420714905331453 0.476235977108894 0.521237030661985 0.454348828466986 0.459604549566511 0.533328931737509 0.432513212036013 0.511817918503926 0.372418066883502 0.39325095120297 0.286410529024025 0.587832026289171 0.552339132567988 0.54879574593787 0.500353712795994 0.543019677357264 0.395225952786429 0.548071130288644 0.0940475420619254 0.503875897389043 0.317487595444809 -0.016767154097507 -0.0689617891398286 0.0230320717695542 0.157889435550746 0.26781436531615 0.246650605579815 -0.0558200675440808 0.161565572537891 0.112615956719949 -0.39093491635088 -0.0372895959863671 -0.388638319793453 -0.274935310960158 -0.322218935157005 0.0381095856784684 0.0916263885389872 0.41668848428837 0.500055803502952 0.550414332910248 0.250465744534622 0.510964100482812 0.331277954779006 0.600651510210232 0.507249509768864 0.649697321740068 0.450594275835463
0.553083881359598 0.661531268697677 0.334431982033578 0.523995257721652 -0.178044211176459 0.1044114524146 0.424037339012472 0.625043659690283 0.285514459150584 -0.0745067163257992 0.210428588693556 1 0.39160206962001 0.88175310805965 0.30052076175891 0.569296248237209 0.550705326315627 0.630381314188424 0.634022927090709 0.787186535426402 0.141176854717775 0.1167789935805 0.246146299128499 0.484007122675114 0.451301243028791 0.143226795701122 -0.476979297338737 0.259647694798169 0.730427610162965 0.76835982805853 0.489029265213711 0.541576959144948 0.645691199850595 0.766985947501745 0.374556735506663 0.376869608157277 0.322864798385794 0.315961799917957 0.0369534585087451 0.54446186225485 -0.19124858669813 0.516401764986213 0.674955275440911 0.661837302987823 0.576597055232541 0.5025270597805 0.635229511779034 0.629222026802774 0.451735352802693 0.524845850478698 0.603305003394761 0.601109657725265 0.565566353314371 0.60481682347403 0.478428058636932 0.534798451638364 0.506718296048883 0.527586784442735 0.595048440159251 0.690877328277161 0.66746953086908 0.694909137958104 0.650891057206386 0.751550475880975 0.27695498063525 0.489836172808299 0.409622804413542 0.5289100897723 0.552626469271381 0.494414299128719 0.488637005833473 0.353955337834354 0.458454150597181 0.503096975981732 0.142675098029026 0.345778350389461 0.512165135682046 0.481553872539368 0.668690435425343 0.683593658707212 0.658255351108122 0.613491153341401 0.160703729301899 0.570076832980696 0.48381799843428 0.694867769249786 -0.118094554415834 0.285745038497101 0.401296069484231 0.63934715915287
0.643654251218208 0.44160746881707 0.616135768279731 0.439468154456361 0.349216438923055 0.267153270055319 0.538101335242507 0.407589200636399 0.416294825720197 0.371358060222815 0.710141743304788 0.39160206962001 1 0.477242565931301 0.679898670505407 0.406718606990719 0.507500325006194 0.360586409855139 0.621726622855206 0.520456173824383 -0.0887550324062222 -0.32284161213185 0.467399320770494 0.355538712301705 0.542627930212631 0.275124488516406 -0.255414946309238 0.135786233271452 0.521777643817714 0.246386426331594 0.33360539818012 0.31449268446145 0.325571081102393 0.277038695419904 0.187754711505138 0.127949658428551 0.588985400772482 0.416273542919393 0.598505921567415 0.227471172573346 0.363717169247374 0.182006014470059 0.623225659699239 0.611787811064448 0.631898577920014 0.574096373309011 0.588150067726893 0.572583741157907 0.594421011169141 0.580835616513218 0.672565854731053 0.537373147602477 0.582537376493511 0.528087623699393 0.632209763631258 0.601654182091257 0.458710503394191 0.44817285443895 0.649470762348156 0.533640248777737 0.747705858986857 0.394330110944334 0.488618898765023 0.489247953795088 0.418322168859372 0.32302854922323 0.372074548093652 0.479243748495624 0.247722649620041 0.224900552069367 0.277303254157427 0.326947756420735 0.264709397962559 -0.166223391595121 0.177074872762153 -0.179418766119421 -0.0842062616166627 -0.149318846118103 0.257693120754532 0.320874289150924 0.455862010620039 0.552751850008484 0.605700862264982 0.318120871228556 0.692549222166615 0.60432349822413 0.568448787517958 0.611234422413408 0.768561961866003 0.680422561114328
0.45967144214589 0.584537109859325 0.445811969024909 0.617948600015526 -0.011237260667502 0.19265213932984 0.580003703954056 0.769601788326507 0.451005543583498 0.0807315927700166 0.184172361845994 0.88175310805965 0.477242565931301 1 0.50131792486506 0.750459013075638 0.565798118942346 0.613290699523283 0.666092666123143 0.76579469256092 0.198915380296594 0.118411194299329 0.409193118616466 0.603202712142179 0.521502098479755 0.239200274022298 -0.428807653394025 0.263708457930361 0.763962428378261 0.774439204772002 0.566283099135391 0.591623657460054 0.711173725790814 0.799216841167807 0.473449746176732 0.45843557671377 0.335909820560935 0.29122252385152 0.154859956816742 0.540808763916108 -0.17322018689151 0.446989785210744 0.710467644022471 0.686207353518279 0.580617226140728 0.447038433136873 0.610259759924139 0.60025995140974 0.408856765908179 0.536138298467136 0.627803008977346 0.612415118164894 0.613538827168751 0.668928703636345 0.507346230374173 0.520230955439549 0.425830253434374 0.471000857960163 0.555095191129163 0.691750950376224 0.657533482640876 0.757721995571921 0.592425746128523 0.794679176003105 0.458576883338908 0.647124451291709 0.564432464220475 0.647525989384278 0.356501190213418 0.327626122990367 0.584885795363902 0.447560465173747 0.474620195724642 0.4649879848554 0.24447195533486 0.330543677582748 0.475412389027826 0.421238074107367 0.723008977143383 0.689875345378576 0.615933292587116 0.6030877112396 0.272286552413197 0.499123389895007 0.510694250716606 0.790204781517653 0.0328771118421087 0.410481340628262 0.507030071347094 0.724574876842846
0.262676671975633 0.27882018212817 0.724005150694953 0.43519487949311 0.48048461434319 0.0675392562840096 0.688860060485954 0.493599496352982 0.621574149013015 0.198087823087132 0.311829495892365 0.30052076175891 0.679898670505407 0.50131792486506 1 0.480911054108901 0.397604011469488 0.333879138776649 0.627460033159433 0.386296443702954 0.233599277180276 -0.113583104935181 0.695965735582448 0.581083614153782 0.542657316926246 0.305989302047919 -0.248061948111827 0.145734630631313 0.561856150212741 0.359694595432885 0.53996370367493 0.540468208342575 0.455676903306002 0.421767475523881 0.478234276865137 0.448713185139218 0.612704728808836 0.45112979976843 0.496448251379305 0.138674357196851 0.183064633805405 0.17409124499498 0.57596615551952 0.53224777774329 0.498734925882362 0.337317384740668 0.450441389293647 0.40771010426601 0.379198530862112 0.503837088381419 0.526895121035069 0.461049931595092 0.533634036758009 0.526739859290163 0.436578175368237 0.398167103067097 0.228302678228361 0.267466604926018 0.443254953439449 0.411308638085491 0.493811079285814 0.375507032451413 0.299881115873286 0.45442805396855 0.636498950267648 0.476954500993305 0.62119978644592 0.581442815146156 0.0318999723149661 -0.00211932495699029 0.53986383728632 0.536457755620169 0.46833881591413 0.0590135642478689 0.143956266105012 -0.0591594832618897 0.21547417314765 0.101478287181803 0.46729996177097 0.453419754976373 0.340518911667831 0.379896760486331 0.494406808649981 0.132675058720298 0.592865348156894 0.578944159186467 0.34971200186879 0.404432476681881 0.561248758294508 0.571260888693316
0.25916251733219 0.363350296861836 0.441924119188927 0.706600156724727 0.221052800381648 0.509982683069222 0.581129226956304 0.81364031012446 0.552464616233762 0.475551020345715 0.0882932769237046 0.569296248237209 0.406718606990719 0.750459013075638 0.480911054108901 1 0.398969713355833 0.383652411520826 0.584048509539767 0.62460128638918 0.153193128777768 0.214738732794697 0.541087308502655 0.669924994862043 0.457811455292518 0.459503852181782 -0.154970174607069 0.326196472966699 0.583451845700346 0.596779055560054 0.5281855321408 0.479271322442387 0.643341895358878 0.66821381937051 0.448962186351342 0.454895723816389 0.198725637675534 0.0697628323298935 0.165988974328489 0.45634639345407 -0.156524272299418 0.327861903661316 0.534565920742512 0.492317729525965 0.3972153177957 0.263069506290167 0.414118492373095 0.381700351257065 0.271544050242527 0.413152250218806 0.452053768784739 0.45528308952699 0.484258356556576 0.532671539356442 0.31781147012821 0.3289370733768 0.274850549736469 0.308745426585134 0.36435851809469 0.535427019179493 0.501665544155689 0.685550834021265 0.428492376241115 0.651589905236464 0.526834724789921 0.601547233604358 0.554243198637048 0.564116721088367 0.160987536634613 0.146521465227931 0.620240276072768 0.456511701533937 0.347512583777432 0.370548661213223 0.271479608015411 0.235457161705689 0.341193504971289 0.308143472912026 0.586943657725613 0.412344045034014 0.403235687542773 0.400646597484556 0.226900962492339 0.3847289129008 0.403102461182526 0.664106505863206 0.0900379432668986 0.451503564808717 0.448747366400751 0.585220345289612
0.790496443585808 0.839338645894569 0.277178756118256 0.360836785496804 0.229989646769472 0.285104874689557 0.287230501794819 0.323583797067357 0.317666517263641 0.221664113372259 0.506974259854893 0.550705326315627 0.507500325006194 0.565798118942346 0.397604011469488 0.398969713355833 1 0.887265119279538 0.658553329966261 0.669614339554416 0.0916467870008095 -0.0700443325364048 0.139807722481329 0.309320435228608 0.545218794220013 0.223129279100422 -0.380482943730975 0.202216649852955 0.840586651179836 0.657054579936046 0.304883034330886 0.391644929432906 0.5204792943692 0.517739896765901 0.195371381648139 0.231858614078825 0.413091598482856 0.287071034387392 0.447325561359999 0.564040163921743 0.118216843431871 0.488119393965962 0.67868169809415 0.745993702616143 0.691237165509744 0.669076777345957 0.70558302007682 0.753306714893332 0.678501433731448 0.681721845061134 0.726127454887694 0.684710512418463 0.651676718829785 0.628907759387172 0.795482214361454 0.759932018304035 0.875727455521202 0.878887488957527 0.682798056603204 0.653678376566938 0.674650258788616 0.339817752349533 0.792834381934396 0.742559626483734 0.235122878723633 0.212515047423535 0.357243297468232 0.421126619624857 0.569898233071373 0.542639393851385 0.266670948694769 0.181647482096201 0.463276953433981 0.0475951066474634 0.286112445863333 0.178579784932679 0.0733051156681219 0.0787171645802418 0.655636997779278 0.672960671811807 0.915418762613432 0.870848195259637 0.521306996547056 0.559728988458121 0.721830318395618 0.667359632414692 0.332361054226931 0.615818657351124 0.685267298002653 0.685796994575147
0.671543062789966 0.87458418068522 0.233071477984826 0.315262451268244 0.115465237727627 0.128641939929834 0.281916277097434 0.336160730930804 0.351141835594424 0.00464427989998333 0.302861037838609 0.630381314188424 0.360586409855139 0.613290699523283 0.333879138776649 0.383652411520826 0.887265119279538 1 0.672253723412927 0.716813420662651 0.233465381437523 0.0493565479190403 0.105996765614766 0.36225079593981 0.49617840376299 0.169179762266832 -0.484997330248385 0.243948569157661 0.854827184787807 0.827952588240701 0.420101969044099 0.491954787314693 0.614190415123038 0.657174508698057 0.294709071153407 0.347942158176835 0.346716501664865 0.340680916962099 0.208067870712774 0.582089574355646 -0.0905796609014179 0.537085682113136 0.656695793628838 0.70276044184402 0.620446612845249 0.596332877682554 0.685013900659239 0.719915667300605 0.599776917954374 0.654422035488648 0.674917255758697 0.69694703486343 0.638797356035801 0.658932312414807 0.675870785535583 0.664399489492239 0.813139207944596 0.847618451919079 0.62385875552926 0.658998015142936 0.560086213379174 0.371828164772982 0.784968918650472 0.746658523973489 0.227441639181333 0.264812824921951 0.401653713237712 0.426943074308136 0.631577451519717 0.606137724201788 0.365017273420744 0.197314438377254 0.476824654282854 0.302643408104956 0.204994015891333 0.314130328133577 0.352364639079221 0.383157794316643 0.740962897085682 0.803861858562119 0.906315856637385 0.830086605635721 0.278310901303706 0.576374067826512 0.591258628160942 0.641984466135525 0.0417220916738308 0.397795244478984 0.509987463765064 0.633071227996914
0.592667436388934 0.670330934191267 0.654293507267669 0.637870554112289 0.242671818081363 0.255049786205276 0.681002828603477 0.605918971971206 0.507516850096716 0.164776368825706 0.426082102584951 0.634022927090709 0.621726622855206 0.666092666123143 0.627460033159433 0.584048509539767 0.658553329966261 0.672253723412927 1 0.788168806539099 0.274944483422645 0.0523456737223572 0.557543692056381 0.614159733783425 0.563217140782887 0.344786155033815 -0.434403346405327 0.355486722561433 0.823128478030791 0.720836757115072 0.629278900313555 0.608176519240701 0.753328541397017 0.72998829606294 0.536977709006674 0.538865314059994 0.511006258934487 0.449868966974145 0.28341182521199 0.485305561803084 -0.022505180417681 0.469287257867882 0.736925486538382 0.70406259106492 0.649846075308434 0.530164985021451 0.672487409576348 0.641659922124785 0.541685489766019 0.647631796070949 0.679179431466365 0.652703145760215 0.675122917841832 0.701995632894604 0.56839128320608 0.580985527426644 0.600736655505599 0.631832584377683 0.641183961435067 0.688709343175315 0.670290239902815 0.548512943996947 0.708662584183846 0.746365096095713 0.545452537259094 0.480672796828294 0.635147139869717 0.620173676666119 0.454576153664695 0.428672642193264 0.635236762376917 0.529472105497314 0.53753497694104 0.369444773577111 0.149392441163616 0.225185327263572 0.436286992535607 0.406644935691422 0.670383678360778 0.628088162359137 0.671022894647021 0.660623956632802 0.374345950467209 0.472835548728984 0.675061318994756 0.743886811252824 0.153778428283489 0.458884748847652 0.579819703406706 0.722200322336912
0.663798813041415 0.765911778938927 0.421481680345756 0.613212812085045 0.0347129563344785 0.291193590476751 0.486815326938481 0.573607813559034 0.37684682255948 0.113425771914271 0.343045524486524 0.787186535426402 0.520456173824383 0.76579469256092 0.386296443702954 0.62460128638918 0.669614339554416 0.716813420662651 0.788168806539099 1 0.127648934974383 0.0729768532977282 0.336894044811905 0.596514206542445 0.582973514220469 0.320782173074016 -0.512511574101286 0.396404503423882 0.803194870377485 0.757519493086102 0.546298262433637 0.563549120062486 0.69585704668164 0.744942140786154 0.366863260732856 0.391520169379025 0.356844637745169 0.321983790657668 0.158284842577668 0.577195014287455 -0.103518187478947 0.446686315708996 0.719389797332753 0.731605281458266 0.660006501097506 0.59651552871385 0.693838434065093 0.687397931128952 0.558537441196102 0.595149444187499 0.649959859468886 0.621571198179202 0.573255015970294 0.609961246193816 0.573376524851149 0.63015523784118 0.64204283914051 0.677555741621681 0.630445627652031 0.675632167350424 0.691490317170767 0.558925373848684 0.73105416306568 0.723571345761365 0.373073594194155 0.409766248484632 0.444079600302957 0.525307510427968 0.648698298234247 0.611384066500287 0.49705272506763 0.340870662615367 0.454983374866777 0.440726149617092 0.184857567263016 0.318069516305884 0.407560169092945 0.393491700264602 0.663598417693938 0.688556451618774 0.729881575200584 0.722900652896629 0.280555340223659 0.623968686755555 0.585668306967276 0.712535378940783 0.0670687967633195 0.498257701955848 0.482302196089855 0.661973525252189
-0.0513894827141029 0.125513919576653 0.173042082313351 0.174218717583805 0.129718943032713 -0.296259210932631 0.201158687490141 0.234726045853982 0.222882024374425 -0.317156046620072 -0.0739772362778274 0.141176854717775 -0.0887550324062222 0.198915380296594 0.233599277180276 0.153193128777768 0.0916467870008095 0.233465381437523 0.274944483422645 0.127648934974383 1 0.283397992843194 0.228576888607528 0.289110144572948 -0.0164775999374545 0.0124431991626521 -0.178831136487733 -0.0415262888178762 0.296312056338891 0.378705393113827 0.365986494669238 0.433327497541465 0.451910722295597 0.387016007707333 0.42900262808986 0.454706232297262 0.027559225247063 0.238499605606224 -0.121433997146745 0.169732458259176 -0.209275851675968 0.174808762288148 0.161048430218712 0.110874569329778 0.0238474187313396 -0.106296195181336 0.0935138515968136 0.0295970187058986 -0.0474296786134757 0.0603564112588594 0.0678292170885686 0.0942903034640082 0.117189043263764 0.15585316535348 -0.0656716971015117 -0.0460311355217512 0.0460015778403137 0.0831806789597484 0.0292965994730661 0.21016301073852 -0.0873501936198706 0.254191880269963 0.0884043622672035 0.234092106042958 0.239972731164708 0.345048043591624 0.380218971115554 0.294810601669623 -0.036902684201795 0.0126344763158389 0.369397957718051 0.386035615537159 0.230797172616668 0.273138589759245 -0.0677820058111198 0.255823392371022 0.474013893607594 0.418221354413649 0.364917515069752 0.295194015868979 0.160998608884136 0.108555247894306 -0.124050984432489 -0.15763015468984 0.047321190854374 0.216088576569694 -0.241214318205299 -0.219155093902076 -0.00161035013280358 0.0805004920195708
-0.213506021304459 0.0174942202571376 0.0178853752132203 0.134239957707226 -0.0724736994563717 0.0388682759697016 0.0800149531586657 0.142274957088685 0.236208927383532 -0.148481137567323 -0.430125554181754 0.1167789935805 -0.32284161213185 0.118411194299329 -0.113583104935181 0.214738732794697 -0.0700443325364048 0.0493565479190403 0.0523456737223572 0.0729768532977282 0.283397992843194 1 0.14623831205155 0.271385453646319 0.00209476637343035 0.154548837772351 -0.0118108290873981 0.311627047575426 0.113362221795131 0.32439580128404 0.262966581076464 0.179769095356101 0.321933776791886 0.377096875124282 0.417451161374453 0.260002562796545 -0.178864257487516 -0.165469978948964 -0.544552762985486 0.160312409429113 -0.469894647641168 0.241436528806974 -0.00492741377719609 -0.0413306323008407 -0.0946894996138717 -0.185066163078456 -0.103483400357779 -0.0997116219660044 -0.196597050858672 -0.0858340160279562 -0.132481641131657 -0.0369075834818946 -0.0572701808184883 0.048679541898233 -0.287966820319395 -0.2224211276322 -0.10028659917693 -0.0702358100730227 -0.11862068456001 0.0260426942580668 -0.139178295438965 0.0867243685845559 0.00936871208052481 0.0679257960891709 0.181151094000855 0.149961249709882 0.252395333327758 0.0846803844849617 0.129215802531703 0.109733919236344 0.342748732307339 0.0645155331180035 0.110117623540629 0.587294604668659 0.105978355333049 0.493339069148457 0.514033872093809 0.505186149713806 0.277604217399848 0.206857692476704 0.0257454050265845 -0.0553711993491024 -0.376544203369659 0.193598482569906 -0.143064600726081 -0.00323216205377382 -0.541712922766925 -0.225325811193352 -0.253204914445962 -0.075558973902546
0.0422329140141909 0.086680922379357 0.83254394803092 0.6906709161145 0.397145518402674 0.286035686108696 0.764636839387617 0.587976549920038 0.597075185093808 0.260886520461776 0.0610528772169949 0.246146299128499 0.467399320770494 0.409193118616466 0.695965735582448 0.541087308502655 0.139807722481329 0.105996765614766 0.557543692056381 0.336894044811905 0.228576888607528 0.14623831205155 1 0.777069529195409 0.442079157791164 0.603709978862626 0.00338737003321371 0.382557108722031 0.366093945310624 0.309803983234127 0.673206792856115 0.470033458862337 0.581893074215847 0.509842894525972 0.72925757391375 0.575158173670406 0.415131070368928 0.283726090026989 0.228935755427817 0.221709498153315 -0.00741063182002054 0.149768726325519 0.436650468126204 0.343271113644242 0.286442551823675 0.0876848269950211 0.272780617730314 0.202657687833745 0.102680471024182 0.231037616894249 0.286929043947133 0.240321598769728 0.323605306537907 0.360702565325549 0.112625866322418 0.123214265166568 -5.5132798904483e-06 0.0221312788009457 0.222206909188266 0.296834777920425 0.330839022867807 0.414328846575642 0.198321821433304 0.333051872746214 0.810040348074198 0.632413398670283 0.737536854783501 0.636925648284218 0.0126169763218826 -0.0461992580496201 0.65660537583745 0.527351400805241 0.393184354692041 0.323832379828768 0.111471120693051 0.110855667233002 0.348241683935122 0.236353597971209 0.35368377714821 0.268227092390189 0.156605243479392 0.219087393884641 0.37341904459869 0.253979793298363 0.501953334429627 0.509407991728498 0.130266729937667 0.349792367661942 0.362431287386761 0.425323323822822
0.18820632996339 0.34008049286155 0.725986164498614 0.775058320624605 0.30559292877903 0.329173728331693 0.708545355148176 0.680595081637878 0.657171945183138 0.153568042759462 -0.0323223262493607 0.484007122675114 0.355538712301705 0.603202712142179 0.581083614153782 0.669924994862043 0.309320435228608 0.36225079593981 0.614159733783425 0.596514206542445 0.289110144572948 0.271385453646319 0.777069529195409 1 0.685911662602156 0.646351346781834 -0.367295938746895 0.534721272171392 0.561292966528792 0.572607261243047 0.830593879698467 0.761840805425247 0.733688770070705 0.716986562262609 0.757803359185878 0.708414005550936 0.364885819734806 0.257061435112741 0.110173197803672 0.430298969819764 -0.202274109623711 0.214973381100066 0.59451110264295 0.540139427365576 0.443534321658573 0.261821273165549 0.441797010957795 0.402160502934089 0.240407716895469 0.373574719934355 0.414215449321608 0.409763204074553 0.413151897475465 0.481258784000805 0.227726713564724 0.281785604410043 0.216547416703813 0.273332248793095 0.330828935275807 0.488022500273894 0.43425986241493 0.551146096888747 0.363638262225044 0.528725053446626 0.771793447753276 0.69973176078586 0.753887574207266 0.711391648874351 0.280215901444754 0.250332658140923 0.728714445565883 0.478594178599636 0.472924661837836 0.518636142332224 0.157778871726572 0.273074773496821 0.529620111673728 0.475139832955417 0.588694685615974 0.492251863799831 0.358054957126491 0.380199160122184 0.234568411928161 0.390788165531669 0.505641545773554 0.670411638192134 -0.009843366450687 0.380341825547498 0.326657968583121 0.501254596867735
