1 0.944076584741566 0.404524364305522 0.717852219508346 0.117082519943848 0.383139408205451 0.554424696186222 0.645989547957098 0.182286819708565 0.398287228301936 0.821813037176631 0.829075432353451 0.72819055082256 0.733696136390937 0.547067274645515 0.437256454087611 0.807796921351416 0.835112139222977 0.88323452324073 0.878985150267152 0.0557272060987614 0.228206248561948 0.449079654089101 0.523689542816183 0.226433231522765 0.435729865001173 0.1417491261513 0.450170617435971 0.665186632170597 0.734119711924698 0.209825121657203 0.277226733841314 0.623796340502781 0.541609809319026 0.218744341914371 0.336187277899234 0.548988176575758 0.421495138493061 0.481744151703741 0.582619929179267 0.67188040821018 0.463653433756336 0.666543056152085 0.605451366626454 0.745641173575249 0.773241755868722 0.77351635522643 0.689465390834191 0.668590645059905 0.763554690356978 0.815263008491013 0.784870682384348 0.728439562679348 0.520655942580143 0.741867004877043 0.763228686851123 0.933811475277332 0.912429901397298 0.758520600950773 0.759597261698617 0.821984443750052 0.530196550719173 0.823919129078842 0.789812038421388 0.493400029018386 0.572227437432234 0.550803745149353 0.521584370880688 0.817342701856038 0.856241019736096 0.399091190005966 0.344348149622594 0.246384609758515 0.348857366793836 0.162410833701053 0.434922861833824 -0.000674382567075426 0.137745588445119 0.687055400918943 0.577708688586269 0.88537163065366 0.892693414560136 0.664804719970686 0.6826086457967 0.878602501377005 0.855703964472063 0.165507523086224 0.530939389919391 0.632241243704674 0.717688058458789
0.944076584741566 1 0.345444041667671 0.685741303902142 -0.00783307229154453 0.360886986440084 0.507854574110732 0.553565094395525 0.173984922385618 0.36556256207253 0.722130733504815 0.782023007662381 0.666346690188225 0.695664651243546 0.514893809329223 0.443557376980653 0.839523035122993 0.914932809349506 0.827354747490798 0.826619348729883 0.0721746408042883 0.259911653604041 0.399468474439024 0.488583749650078 0.278601053672854 0.420165544354861 0.132925481108902 0.446313544907108 0.707908860234648 0.762594897850587 0.295888243142695 0.325904613147017 0.667211056126427 0.593828403591496 0.257324874077058 0.39691931590667 0.627966227199607 0.544896655469886 0.598231463680339 0.649195410769824 0.666160804865044 0.462047589799809 0.713711758836316 0.674846492627579 0.771652939664817 0.810901212965514 0.78510863008621 0.732618409592179 0.695704711504051 0.808780230364056 0.816604799155295 0.778523307926 0.730411758754506 0.548401635243258 0.787322388141271 0.791280278679823 0.948812844848925 0.94827149001988 0.727542291614668 0.751961768194043 0.737585558204924 0.446379841866673 0.765651646480942 0.763887059902361 0.499725206768793 0.525648368184387 0.553330920847841 0.523379295077945 0.749045057734195 0.808366303444795 0.387463900376263 0.380025579315167 0.259952231344267 0.414493017315207 0.15068053407183 0.476924217273964 0.119927540760921 0.318024705946688 0.692250847188835 0.641924527629157 0.875053897675531 0.896272803678904 0.66994256493269 0.700423834350481 0.835120830269715 0.821714262887259 0.251665189405347 0.597413383558222 0.628184433719211 0.763523587709671
0.404524364305522 0.345444041667671 1 0.514375825230071 0.423168219883606 0.309614175294263 0.684478337010829 0.500117996176514 0.490144437126644 0.367495498376373 0.410649598901102 0.384821155761411 0.569543669595677 0.402688070568979 0.448031155433442 0.281632296371266 0.473753185683562 0.421981798588331 0.477205235170495 0.284607667434776 0.19638473679697 0.389897800100135 0.532905703229809 0.407685300862545 0.515861564966036 0.349179903073252 0.484083907546128 0.19758929602181 0.452200840743273 0.448176330987653 0.469967366910227 0.452128822663214 0.584134028488323 0.523171763942725 0.458791270637359 0.350548803841363 0.464142557923249 0.403514266385036 0.344478084306083 0.480285571067862 0.294131454794603 0.205906490035531 0.469191494935747 0.44750269413657 0.419449596484996 0.400433857883021 0.407623808663704 0.469765893632434 0.339125869251206 0.304579012945079 0.380573621881994 0.388724561714954 0.423320367336052 0.379169317842846 0.452004553388434 0.394477704807712 0.35361514430226 0.38048153689274 0.486224098063544 0.467204976109858 0.474128740343953 0.505374889664259 0.457966474942085 0.438597068453456 0.640199287879641 0.512690140445506 0.627372948188797 0.555036595682789 0.316266348308583 0.350653977344341 0.488611002202134 0.438352176202242 0.344549962640251 0.342628287184275 0.0691963655934789 0.258067342924021 0.298136553258563 0.302068304891328 0.455362861591611 0.455953465014879 0.466092522279895 0.448372635840141 0.374163486750861 0.443993739536927 0.519702237871146 0.407611594952558 0.281274894372319 0.254143068361846 0.51580798702841 0.413965199241549
0.717852219508346 0.685741303902142 0.514375825230071 1 0.298410669074485 0.642386119466815 0.556173884440177 0.85093964055919 0.232541350807142 0.59224748173575 0.534449101672654 0.697507637984176 0.496590193231176 0.615132915765004 0.458275571233532 0.46048455477388 0.664087884984786 0.724771526484466 0.709652133180041 0.680655205872791 0.233658720643362 0.364390533246282 0.547166472201652 0.596287404791 0.172643416504571 0.698766183490144 0.364747226921719 0.60893208333473 0.580563285153505 0.771895943388145 0.348363883148604 0.502144132131522 0.695203385948196 0.74196843856301 0.553823908278629 0.589170691330875 0.650059001125136 0.602301301205281 0.595181863245654 0.671830588042178 0.594747214744113 0.43506018441459 0.624372699769831 0.581375126911261 0.646611211211362 0.653069897669606 0.632382383943464 0.631456562496435 0.56533860863444 0.635839281248642 0.706390225600622 0.69701705641259 0.636092693486294 0.525358514391241 0.726945530388831 0.691809107801766 0.711164157895863 0.759865512008063 0.697510173101572 0.754365492560102 0.576733484076359 0.644823518459245 0.694482717199086 0.77845724100019 0.619880947429834 0.760412598780835 0.760430751744587 0.765631977881665 0.598415396086052 0.624133606829071 0.584411512773082 0.594129686334912 0.350100680049022 0.550968643823921 0.165986633654752 0.471708221879922 0.253606728076265 0.386507948490588 0.613138368782659 0.602612029022946 0.773356371829483 0.798731990157288 0.65104392190851 0.705799527671527 0.822548653702753 0.80623376536236 0.307743562925528 0.593805148109649 0.606855584966732 0.740938435528929
0.117082519943848 -0.00783307229154453 0.423168219883606 0.298410669074485 1 0.372163323976972 0.253890285253927 0.393575517232505 0.277075768075538 0.204561606761301 0.101979552674226 0.115774669526474 0.105858804973402 0.00322930880378071 0.205205066717454 -0.0499645787768872 0.148605055669946 0.0549460589572182 0.173251806800714 0.183203960363438 -0.12210310477746 -0.138062538516001 0.328945549609679 0.00694137780870129 -0.0436144747546089 0.308687515847103 0.450640730854031 0.048697871406483 0.0128682704980254 0.0880377953325937 -0.0565481360354015 -0.106218618709623 0.181157843118773 0.0662937509702659 0.217209440263065 -0.00436388926971801 -0.0440929257203564 -0.000645455442385387 -0.042087363288537 0.0156611356803335 0.0367935806402197 -0.111456142118623 -0.0390224695053988 -0.080513844994031 0.00964879992200034 -0.0353420240238202 -0.00448874213941836 -0.00438720151009078 -0.00753061597113436 -0.0173781951678786 0.0307886184051387 0.0290417855505812 0.0479597617316529 0.114605747825006 0.036321596567524 -0.0218063443134403 0.0791319893416392 0.0682436176958113 0.0830728885967942 0.0911715135782921 0.192476193128066 0.276602926709215 0.16862863378404 0.109035232694261 0.244946127313277 0.179137326693432 0.282067449850478 0.156478028371481 0.235254892808346 0.171427344825057 0.0810062908231587 0.052396549836622 -0.179224732724822 -0.0676911455740929 0.00527490696792806 -0.00373767614496508 0.0158955099682218 -0.118445611408134 0.171405221035672 0.113806270607742 0.140990005525027 0.0756476333324871 0.180564711087257 0.04152852040625 0.182893107142493 0.0895018388411346 -0.0770151767330171 -0.125302187501535 0.238882058836684 0.0302489257602453
0.383139408205451 0.360886986440084 0.309614175294263 0.642386119466815 0.372163323976972 1 0.358507963189946 0.679234541210568 0.273195705322764 0.541382913722261 0.260150514396149 0.419997676397122 0.24918579107105 0.371441969602671 0.433155937073589 0.425722087446536 0.378456871273904 0.423933513929413 0.411965828571574 0.441004954583309 -0.0185391912171391 0.174768372028198 0.431770263212594 0.390021160766631 0.145146008979546 0.530598977679036 0.406380011632004 0.565128803339172 0.258759562407448 0.414068275324837 0.196980150752898 0.133407856276744 0.438361081951611 0.49249220480056 0.478235866431563 0.413690605865973 0.428708813914742 0.393038406014896 0.364851315204561 0.412887382850733 0.398669817804608 0.162811546146551 0.389788644735108 0.335315275911698 0.397798140108283 0.387911375637094 0.403629644937879 0.433078838118001 0.34937165692296 0.418779407877784 0.448273555320909 0.467354691726113 0.458152797670893 0.488592717765089 0.461738264802955 0.436487885353354 0.386820287063801 0.399032810340207 0.371356185166177 0.489390266186733 0.280593402162986 0.470902146134376 0.320868710787143 0.430276291411709 0.442003414021816 0.54073743245488 0.542811456059073 0.53777311099136 0.40533589443395 0.428577213623102 0.343409939744361 0.348002221115534 0.203823932709228 0.398290205164087 -0.0167864423722296 0.442142421624437 0.265709949018838 0.218887008810402 0.419033017953665 0.376888552524075 0.450605929479595 0.433270948744288 0.433676802683449 0.41592642587692 0.470874556917711 0.470390153752542 0.207492958378975 0.338556332494905 0.447126022756801 0.461332551431596
0.554424696186222 0.507854574110732 0.684478337010829 0.556173884440177 0.253890285253927 0.358507963189946 1 0.562686211455686 0.702697753081819 0.500640528255477 0.564962592599623 0.539906288215588 0.753387045853601 0.489963325479734 0.604684881713892 0.351134842396944 0.570235885564824 0.554976185778703 0.615469006195509 0.415882510809808 0.10758039354251 0.221419157866019 0.739564596891905 0.460086541679466 0.196251350083289 0.288001272922286 0.215688431885048 0.323715415345029 0.588735512412813 0.59881720295626 0.469150255686129 0.463102486360727 0.672363161161772 0.577766874276138 0.353960320565766 0.31092482166379 0.482765231278402 0.36376676648294 0.359115066872854 0.439620141453432 0.445447484384645 0.221236540097416 0.54749403984148 0.514269711949175 0.543018432818001 0.511121275064617 0.536328571885062 0.577874307799993 0.507956727885325 0.46156193283631 0.496137967166698 0.531154278250086 0.448583806304679 0.449143791731083 0.519195979899653 0.534585521994529 0.506709463180638 0.508245898913054 0.573191380709387 0.596861933552782 0.75072071890338 0.618784368165187 0.531870947006722 0.601698566129436 0.673036265884261 0.466125717660685 0.591703884290264 0.511924936026505 0.39786556508067 0.473182982190556 0.47925584737934 0.367728925212139 0.380905418286444 0.417482072585656 0.106119122179366 0.41280193487148 0.272355932309961 0.275215688288574 0.581313715274178 0.579315191107426 0.608072860900738 0.5520760034195 0.443085981216465 0.475759771065113 0.60785524753577 0.540137411449049 0.274420454002458 0.32603608112115 0.685443220929742 0.506317612210165
0.645989547957098 0.553565094395525 0.500117996176514 0.85093964055919 0.393575517232505 0.679234541210568 0.562686211455686 1 0.348551402075346 0.707747551402351 0.500955335385545 0.699835530648244 0.537810808554865 0.680523519360491 0.458821406080084 0.54373519533056 0.533042817996742 0.570217497033785 0.62120221031694 0.638530975232369 0.182324961585408 0.275239005782509 0.624292239015155 0.652190052372974 0.151214729422689 0.683163827812293 0.365185154665827 0.615480786254868 0.396037551841875 0.624136903065114 0.136511437987273 0.358121491624566 0.51163163866282 0.584898651714375 0.482885378721676 0.471166156558064 0.491018607376927 0.398816147549123 0.424769550841844 0.521249218517641 0.486692249545418 0.323995833531181 0.509271936214245 0.461478938582917 0.540554113342306 0.50363237757129 0.551882435295438 0.516763871332691 0.432519524633477 0.499641346126802 0.610093383826492 0.62206332328978 0.570227559783444 0.453345822859301 0.571022457162939 0.550809405269843 0.60161951467092 0.620824038537557 0.600582754007818 0.663375856363782 0.617556267665951 0.838973143617637 0.558683723881646 0.716025540584177 0.695120101365889 0.845438654971275 0.696986146609828 0.692943808618405 0.62634366187081 0.613979404436418 0.523575215144803 0.414140827235267 0.213857947673231 0.383174219286529 0.0774592635913095 0.394855803445299 0.113580032042257 0.203566037028558 0.552627918715293 0.516148407493709 0.651996412950456 0.683560253925374 0.583167712325092 0.589353780420771 0.773577806042287 0.781072863052635 0.200802805700073 0.465965896224846 0.593529814665977 0.67714651553104
0.182286819708565 0.173984922385618 0.490144437126644 0.232541350807142 0.277075768075538 0.273195705322764 0.702697753081819 0.348551402075346 1 0.505305227462457 0.229382060161015 0.206208072859906 0.470135120711392 0.219425156839536 0.579512565094335 0.348329038195002 0.338898391428375 0.295311109173388 0.296015793377399 0.0799837362306817 -0.0427769891739896 0.044605934719192 0.638636529666685 0.281226343119892 0.254241522211232 0.10431203388443 0.257729278471219 0.202898813250671 0.314187571342726 0.280200694332542 0.329499091169542 0.231353385206549 0.443903306340863 0.350303845743501 0.34660325943485 0.158308182571965 0.26961271420338 0.245432066131226 0.277151664079594 0.199982053755808 0.177070545205006 -0.0474382790455262 0.291586285656425 0.280999938298726 0.260991163802779 0.19775715618284 0.229528913858157 0.294023689839114 0.257499785942185 0.206749813155526 0.193311870322142 0.217764369031112 0.21154226866049 0.271066148494049 0.270128918235506 0.182695427471609 0.221514251992319 0.215447350666098 0.254081201107069 0.302316609689267 0.403046559580142 0.435591915944187 0.195790567445509 0.285204421890198 0.476307748300716 0.22361863115893 0.391451156760431 0.287763196537842 0.126665349387787 0.164908948113359 0.247623163537121 0.119824125769318 0.178448748157604 0.173731204388118 0.0192257970779917 0.271908932619847 0.339642475892772 0.283251615183411 0.389161003191816 0.418255900647641 0.277359374376029 0.215764955174378 0.252957895137018 0.252410992371611 0.260480469120195 0.225453556836795 0.308349263660086 0.118664791407415 0.544217185744313 0.308085997940323
0.398287228301936 0.36556256207253 0.367495498376373 0.59224748173575 0.204561606761301 0.541382913722261 0.500640528255477 0.707747551402351 0.505305227462457 1 0.369166905228461 0.476241764397999 0.383477812026843 0.548164921370716 0.496074660525184 0.692516320981873 0.39387616845247 0.422466695682701 0.418051057434936 0.377949084808169 0.0920931536551072 0.160776504520109 0.58904698812256 0.632244325095273 0.189780264105032 0.412799939713834 0.268469433823215 0.378093040401503 0.312087831442619 0.474588833044357 0.316972256649458 0.393277596911148 0.5036695817259 0.539533656081124 0.422262513636671 0.411132200480681 0.363717576765671 0.355593431983508 0.33090928976969 0.407162201316711 0.328125458296891 0.0819191142297015 0.420218582643701 0.393576091673483 0.3829318698772 0.376442660651846 0.419232134851407 0.439814887618582 0.366378569574063 0.393655130385866 0.518298372175159 0.505388140730128 0.489915911666848 0.430115962478561 0.46378001397769 0.476531945871835 0.37925291430193 0.391662610012056 0.419089031965953 0.49900455347257 0.397691780017418 0.66836547204578 0.377002469424338 0.60863229066148 0.47100073239712 0.619060059688003 0.514455135263756 0.527491042105136 0.398413252301564 0.388722105431908 0.518057664225712 0.35305092850114 0.308748895041857 0.363041367079454 0.119566965421601 0.379224124937101 0.22528234026251 0.234185396139938 0.484412445446448 0.455366274168908 0.436960198792008 0.494116670011863 0.471012797662315 0.496062428296794 0.512533485942783 0.61093555251803 0.29043970999627 0.381075641176866 0.45322943452866 0.624866755914374
0.821813037176631 0.722130733504815 0.410649598901102 0.534449101672654 0.101979552674226 0.260150514396149 0.564962592599623 0.500955335385545 0.229382060161015 0.369166905228461 1 0.794016469354337 0.802971480005575 0.695619469009273 0.659665893421963 0.430309499875478 0.626320794546478 0.653754114108033 0.783471212194733 0.681739616667383 -0.0446322369227074 0.195250308662257 0.36202079601219 0.498348871797557 0.218190746371326 0.17600921761798 0.0243638255564872 0.233424356222986 0.691186511994836 0.621314536490539 0.278944414261433 0.253617774485818 0.546466297826016 0.445513688899785 0.0561068144324701 0.224750514588423 0.347467905746486 0.208087825144725 0.270782627526113 0.387523231046888 0.544404129386161 0.347592150339312 0.511646154653935 0.452770698254904 0.576447977139712 0.578251824382554 0.599579733953578 0.52257003198704 0.529230403150009 0.510082512906486 0.621894472276514 0.615972757477712 0.563470914505948 0.369417912753656 0.567667464997804 0.547691685323494 0.657877767455416 0.644997013184909 0.631993891026865 0.606666583529335 0.745125362075054 0.412538428946475 0.81861427227796 0.736132611179192 0.33613119141834 0.373370575948637 0.34626475422938 0.315610838136643 0.579319058100816 0.609574173816983 0.331180508607616 0.232906324578145 0.285188033157344 0.309852855404335 0.143854319145631 0.391161514057856 -0.022663909482571 0.00287115917145133 0.547707299898959 0.485593111737459 0.74212764078717 0.738818943910711 0.49758251376349 0.535134650162819 0.713531446599267 0.694779531724351 0.0999535704464763 0.344954396079659 0.53779952451277 0.510757923756444
0.829075432353451 0.782023007662381 0.384821155761411 0.697507637984176 0.115774669526474 0.419997676397122 0.539906288215588 0.699835530648244 0.206208072859906 0.476241764397999 0.794016469354337 1 0.76188141093347 0.895665752262903 0.602171018973504 0.626758610498625 0.657108893110933 0.761949379389326 0.739572782764764 0.754918135054919 0.116042798970952 0.278732378344308 0.483588416129874 0.690443772246416 0.202116560854571 0.364200606689415 0.0664465968052702 0.403799122926667 0.651799473990896 0.750630985989929 0.226128390614703 0.407913216992177 0.578527035254834 0.561263530059146 0.199903126271862 0.323533396379644 0.518323261553997 0.359404429722318 0.419032260624595 0.530813561335498 0.532558008243057 0.450921969244643 0.590525186474968 0.561017500942817 0.628850742774958 0.63107632616853 0.653104167567293 0.601630779287341 0.524707551297326 0.581170646961298 0.668022303220343 0.672518659531659 0.591735944546913 0.403690279606645 0.635087058110185 0.633031156918928 0.736151690917608 0.744812853604928 0.666726156790733 0.69812371726418 0.743072857779681 0.652162815243482 0.743228046443167 0.851491580095318 0.527158663314241 0.603581078778663 0.458135076949495 0.461435137641005 0.633930368431533 0.656980928725021 0.51159405614483 0.426656577024916 0.326527399791023 0.483108303885556 0.0764222858774224 0.550911514948483 0.0787112272791835 0.208746621860784 0.605046331481483 0.516235084521184 0.781595421382363 0.830914735783045 0.608633847863777 0.666728593240425 0.814935636596956 0.875110243425204 0.201245410478527 0.561306169266605 0.603111207782701 0.705866810367309
0.72819055082256 0.666346690188225 0.569543669595677 0.496590193231176 0.105858804973402 0.24918579107105 0.753387045853601 0.537810808554865 0.470135120711392 0.383477812026843 0.802971480005575 0.76188141093347 1 0.755477738793939 0.733140024197213 0.503490877615848 0.608008865080546 0.648315487065196 0.708822150466074 0.560467892514587 0.0913189107422101 0.30186028592168 0.577892976294666 0.529450790303769 0.274062824452558 0.175306862488471 0.0889071540426379 0.297898349250045 0.727702954039683 0.649964572136914 0.335041539861569 0.364278859183079 0.59686663810344 0.506180438951136 0.147499004211281 0.235787573153326 0.477317199587693 0.323034014092953 0.401574708734567 0.501771660210151 0.49193375339474 0.419605186572397 0.574651490814664 0.541195579571701 0.57772203293954 0.545256240022112 0.590047968489873 0.562172739381963 0.478750133576056 0.467549209973587 0.558284829240904 0.5745423731362 0.502678703771778 0.345797775427668 0.565337843336961 0.527321117313767 0.607593581482183 0.603743010439212 0.605455756181846 0.597377658691852 0.826103345231402 0.578318393041571 0.693775836023065 0.714366552563799 0.5991389387728 0.45298262981407 0.422836806887723 0.383159414023286 0.474934884394355 0.544653380602517 0.414416402773491 0.31252242339012 0.351047429593044 0.380645400615414 0.0969124685074343 0.44260070157284 0.0857928608301092 0.192896733465785 0.572867380588061 0.567585928237444 0.716449025525355 0.711088753063748 0.534276379542996 0.582056678427695 0.724562986740587 0.681661886539776 0.236089185938804 0.40999739782866 0.652996353328114 0.584235666179973
0.733696136390937 0.695664651243546 0.402688070568979 0.615132915765004 0.00322930880378071 0.371441969602671 0.489963325479734 0.680523519360491 0.219425156839536 0.548164921370716 0.695619469009273 0.895665752262903 0.755477738793939 1 0.573951864501037 0.763117473786441 0.606375439717319 0.705054705602892 0.646332644099479 0.640459885162633 0.149970141418243 0.305433199293769 0.448316026688205 0.732030133955877 0.258613206059718 0.341025032140284 0.0685100616349914 0.445660668028435 0.612661964173118 0.711638994710534 0.25490539198876 0.477713624018636 0.569761692702469 0.601264597357218 0.216135712240488 0.368000865050532 0.51347869153187 0.389651003083806 0.452302581419905 0.571143005438748 0.435008079855205 0.430766886230761 0.642624645592372 0.623940019076817 0.630995395568313 0.630412993863898 0.662129327307572 0.633329865612504 0.53269508157425 0.566425661442085 0.677331452775536 0.688952863443011 0.626702944766195 0.439090941109653 0.655133327169084 0.643550454875258 0.645677666774219 0.649690489968606 0.642384202928462 0.673129880126718 0.6553706851189 0.677422317896398 0.647948151560814 0.833287326155842 0.56072688543187 0.668802172340924 0.467560298579756 0.517159726183576 0.549248152105291 0.591416276429832 0.513523089340473 0.41400416147578 0.379814039171736 0.461029513787997 0.0864605136044879 0.500304545826947 0.153992753125477 0.286484915682095 0.594280482086473 0.514480926223167 0.706843952359642 0.798763872773194 0.592282549041867 0.681419475814326 0.753610004687227 0.864299257551547 0.292890274828885 0.606075767325018 0.548921867345524 0.727620184632011
0.547067274645515 0.514893809329223 0.448031155433442 0.458275571233532 0.205205066717454 0.433155937073589 0.604684881713892 0.458821406080084 0.579512565094335 0.496074660525184 0.659665893421963 0.602171018973504 0.733140024197213 0.573951864501037 1 0.583146407012481 0.531623386857779 0.584446535974196 0.605631169413965 0.427740192258758 -0.0674720256616754 0.14163525395739 0.61226955698004 0.469666501901762 0.306613255484029 0.196885431568785 0.227677219644365 0.276876228346521 0.633281194297157 0.576485290916087 0.413451276331718 0.23739541586228 0.602055570399722 0.516298957301415 0.262464771555626 0.261421723202297 0.416607202190746 0.407104485294135 0.449583457912463 0.479035373242055 0.441082177384882 0.300287632261463 0.456727555626412 0.416000165780935 0.465560694041917 0.438358400086577 0.427547200895438 0.438531438180551 0.410344151819433 0.394707570064683 0.453132023574712 0.466352605276091 0.404727384662753 0.296164612620985 0.505358601289082 0.407124923754494 0.481250179275941 0.480459352532133 0.440828721124965 0.524283441518989 0.582978828196701 0.449268361642954 0.564539654262601 0.595370906213176 0.46720443215588 0.341703765877501 0.390727361353914 0.366559254711141 0.362909249906126 0.393222771487578 0.377186097462729 0.274459361613307 0.346359814460809 0.414976100093099 0.124630984998064 0.472485250432881 0.246566381961504 0.218970016718347 0.513610539453558 0.512226348113351 0.581282062201481 0.560301909556131 0.512412820674011 0.525452460051525 0.548183010355113 0.559088476656625 0.360433730681923 0.39538915592083 0.680552702857937 0.541854564767537
0.437256454087611 0.443557376980653 0.281632296371266 0.46048455477388 -0.0499645787768872 0.425722087446536 0.351134842396944 0.54373519533056 0.348329038195002 0.692516320981873 0.430309499875478 0.626758610498625 0.503490877615848 0.763117473786441 0.583146407012481 1 0.427639259282039 0.519927729566115 0.373803223752605 0.349957593415348 0.109489590264181 0.236984040972359 0.485760373200528 0.778186559078367 0.373153266682984 0.23218208727102 0.137911739705459 0.376624745585706 0.417855511528971 0.531378428370327 0.345358132383486 0.45752702832766 0.464073780536274 0.540597686370832 0.309705498425438 0.426340976380712 0.441672714562005 0.358609205359133 0.444653265717277 0.483621530122622 0.266192979721945 0.188106448290998 0.509435032386286 0.52180971389776 0.436228078054681 0.435687646811855 0.448652640650213 0.480548979518205 0.358137643908683 0.377055605504927 0.498483716369279 0.505729929694643 0.453460868373164 0.309707859020904 0.482465920154739 0.45949698297442 0.407987821844883 0.407613872669201 0.418424698060422 0.491369274623471 0.376032760519817 0.589927793929232 0.404375902762611 0.678230398847056 0.447337441516235 0.564489695060278 0.358002552962652 0.434654809453797 0.299527928965747 0.31641411681883 0.450880468317564 0.361334873938902 0.320855811990592 0.422785769055113 0.0231055389381861 0.486010825771743 0.276955849041606 0.374423775819401 0.497421937445097 0.511845390658704 0.498343993284618 0.563384949681056 0.495773231689994 0.546704787025004 0.519569593488942 0.667636072701997 0.399420661965045 0.582161281008956 0.417588826139478 0.656174940365559
0.807796921351416 0.839523035122993 0.473753185683562 0.664087884984786 0.148605055669946 0.378456871273904 0.570235885564824 0.533042817996742 0.338898391428375 0.39387616845247 0.626320794546478 0.657108893110933 0.608008865080546 0.606375439717319 0.531623386857779 0.427639259282039 1 0.903668138910644 0.782772867953247 0.697583120974509 0.128699270034934 0.199971418045548 0.415881178149858 0.453958251895394 0.325595537836483 0.489411928024853 0.379950556203379 0.508026073117163 0.750236735466369 0.78327220454926 0.39296574910952 0.383026465077704 0.783208792900342 0.691164606756381 0.366580252899444 0.386938241049249 0.678004603589413 0.585264887596049 0.598478431343961 0.621342281025386 0.591882840637392 0.386778072910138 0.754597139198213 0.716549206995485 0.748417220007273 0.750112762706842 0.770433018849103 0.750854351618622 0.714044194484985 0.765608217234079 0.758403232416419 0.73324010856799 0.701650915687388 0.596998234002186 0.797908451366537 0.774936629216247 0.868336708685983 0.859276904969026 0.727036048923726 0.75934691545214 0.630226160277421 0.44030529782141 0.777844164426798 0.714509211371346 0.505589702206291 0.521555675998681 0.672628989551869 0.605588626616921 0.67417862875067 0.751558477829438 0.394124615469348 0.366280939272676 0.275883661132822 0.435002140503839 0.103402931714107 0.507826546784643 0.342025114808971 0.396696685861733 0.825067316372252 0.706808636079456 0.887306754902655 0.830630310031572 0.74057359036142 0.749842666352462 0.761145471975664 0.721678283974287 0.384873430022949 0.600996923931525 0.722768140498402 0.697541949608877
0.835112139222977 0.914932809349506 0.421981798588331 0.724771526484466 0.0549460589572182 0.423933513929413 0.554976185778703 0.570217497033785 0.295311109173388 0.422466695682701 0.653754114108033 0.761949379389326 0.648315487065196 0.705054705602892 0.584446535974196 0.519927729566115 0.903668138910644 1 0.769732660201172 0.711947062533676 0.151012898135219 0.272006084238218 0.438467182274163 0.54078301066878 0.318751768153297 0.471023434148287 0.242612649732404 0.511679977351279 0.812802594862351 0.872390685834177 0.462914863920155 0.478332123247713 0.816295489669203 0.766747350722753 0.41356246176491 0.510965961665645 0.746101414875001 0.686736767014716 0.706533268254718 0.70875836454003 0.660678854983767 0.48969066448027 0.777182141497622 0.765302698051384 0.781758380476209 0.800549635238338 0.77279336850042 0.783676666342412 0.70869426030389 0.78594919423495 0.779049673634349 0.772036891044573 0.717710824206497 0.594690570502325 0.843492728764481 0.795910207379751 0.890597034564665 0.914281683028785 0.731796924919987 0.784632892650023 0.643517392671829 0.473320185788992 0.754518607353806 0.807302191404144 0.566252710004848 0.565750380968894 0.655617468700151 0.633197590393568 0.631265699131356 0.721582258529975 0.474557851512869 0.479055182358376 0.359729637479629 0.576455219001831 0.129510391447981 0.578347576276841 0.376542715608171 0.528908770229973 0.770301062818989 0.7638085595162 0.904910794691451 0.898515849007205 0.740975908942982 0.775884750165259 0.80692379688075 0.807711117084807 0.432794924456396 0.693250152243256 0.723262505668122 0.779307633249933
0.88323452324073 0.827354747490798 0.477205235170495 0.709652133180041 0.173251806800714 0.411965828571574 0.615469006195509 0.62120221031694 0.296015793377399 0.418051057434936 0.783471212194733 0.739572782764764 0.708822150466074 0.646332644099479 0.605631169413965 0.373803223752605 0.782772867953247 0.769732660201172 1 0.824595579979337 0.0535643435503416 0.187191185864694 0.447585964321265 0.414665748698332 0.209545586096135 0.427249032034529 0.213175470097613 0.436117884358677 0.706430214352294 0.728295471859162 0.332079990093806 0.293846322631952 0.710185156230664 0.617791797801364 0.270598884787728 0.308213027316491 0.506932555500258 0.440089634140913 0.443777806639824 0.546583736686897 0.653934322787503 0.42683876316851 0.629208822542824 0.550082656240476 0.713617127769668 0.705078956267959 0.694409971223424 0.639787729871303 0.647275425200482 0.67797336477861 0.698383249776283 0.678625647862978 0.61130571146315 0.457711617071008 0.684213667808208 0.684971645694491 0.812907873484416 0.805733561542986 0.729441330904833 0.746011958758744 0.783384422030148 0.521621084019126 0.820396433841448 0.749259217863171 0.465282967202916 0.552351045938713 0.599502486841558 0.560177361712404 0.740483236242589 0.778650758458311 0.389691884821726 0.298893734062686 0.27454130983337 0.343575637357247 0.148858412547812 0.423041545469535 0.115771787000353 0.12692764039422 0.708069490478719 0.591149318689036 0.824839656120732 0.803655481313721 0.602553544763168 0.677651026866544 0.783462202440444 0.76434434780337 0.141133408226159 0.431760271121473 0.675779709960908 0.651638396950038
0.878985150267152 0.826619348729883 0.284607667434776 0.680655205872791 0.183203960363438 0.441004954583309 0.415882510809808 0.638530975232369 0.0799837362306817 0.377949084808169 0.681739616667383 0.754918135054919 0.560467892514587 0.640459885162633 0.427740192258758 0.349957593415348 0.697583120974509 0.711947062533676 0.824595579979337 1 -0.0373795602677517 0.133252469756537 0.368817766220678 0.451976737591451 0.0465088662617349 0.487231953394983 0.140590963080787 0.446910204048565 0.487661870717993 0.610697364594826 0.0231379759563244 0.124507945123469 0.494973266919025 0.420520474910858 0.16547162935326 0.225337678573085 0.380295730392549 0.285867088247988 0.293916759797706 0.434016119978145 0.618255853579845 0.320309892753651 0.509158464661014 0.424503374618646 0.608943721568448 0.635289271320351 0.647383727373286 0.55398371919792 0.540639557203146 0.682318163741028 0.701337681911679 0.649460085084482 0.632621273358851 0.470628540226037 0.60284387684901 0.663434845239014 0.850145796650995 0.839644777757211 0.616365362968848 0.620458454034187 0.696882625901362 0.463870601956251 0.726157943670248 0.679492721811456 0.374153423786388 0.520045186906476 0.488075197918296 0.425666180764877 0.863252961980631 0.886055445941085 0.352135448488287 0.254306907914381 0.112871235898825 0.210689116106366 0.0917966770752394 0.375611743927021 -0.0903132320310016 -0.0225189607812644 0.613531900531578 0.463059757868046 0.754291922512961 0.782811322219349 0.608375103630146 0.62390613400454 0.773159468179609 0.772035143162627 -0.00785795254144172 0.423360618469371 0.526188998448514 0.617426079508431
0.0557272060987614 0.0721746408042883 0.19638473679697 0.233658720643362 -0.12210310477746 -0.0185391912171391 0.10758039354251 0.182324961585408 -0.0427769891739896 0.0920931536551072 -0.0446322369227074 0.116042798970952 0.0913189107422101 0.149970141418243 -0.0674720256616754 0.109489590264181 0.128699270034934 0.151012898135219 0.0535643435503416 -0.0373795602677517 1 0.387042789554953 0.14576865752682 0.220300801782316 0.163610803530335 0.232730791445077 0.0968573310895258 0.295035423760215 0.167381059557387 0.256402055696524 0.231479017722097 0.408741466504047 0.22406038617172 0.276368508120082 0.343694981199191 0.406382457875735 0.383460912872956 0.324113746152166 0.335788451238188 0.36586925273186 0.142930523888006 0.276561724105656 0.231346998721864 0.259073249649642 0.130389366743633 0.103448579519082 0.210469945737271 0.19410845648918 0.0518933502804163 0.0755298480220555 0.121652001827205 0.133986490373077 0.109298702789966 0.0678455401896623 0.152360397664825 0.205123489615164 0.0840524338996234 0.114770805015605 0.170809348078022 0.155367622133171 0.023658919432915 0.250396162390593 0.101844853966889 0.207189624198653 0.420189785785673 0.399932152910692 0.341060087151636 0.357835108739269 0.0374294147728743 -0.0274086107957063 0.31502634382141 0.327511073402374 0.223989923480215 0.299929981738003 0.0790437033164521 0.125254794522177 0.175034127217262 0.309002410729052 0.115073105955534 0.192996501335157 0.217144470032598 0.222909479962659 0.244127545007382 0.316237036984605 0.27943214716688 0.232346436832857 0.371530982849084 0.41319201672146 0.0943419990362353 0.207773319824595
0.228206248561948 0.259911653604041 0.389897800100135 0.364390533246282 -0.138062538516001 0.174768372028198 0.221419157866019 0.275239005782509 0.044605934719192 0.160776504520109 0.195250308662257 0.278732378344308 0.30186028592168 0.305433199293769 0.14163525395739 0.236984040972359 0.199971418045548 0.272006084238218 0.187191185864694 0.133252469756537 0.387042789554953 1 0.181100858839602 0.327207861525313 0.181294287658617 0.22201911632438 0.026073738238393 0.29283158492307 0.323802961655472 0.344455224598541 0.331901971694549 0.412101825912334 0.35351580627089 0.366510848169186 0.304128403068489 0.440282225808316 0.503717598908891 0.390839221440851 0.362979030581346 0.399713989450465 0.172880551189183 0.427929266305606 0.354307872532063 0.361863779523711 0.299133108166166 0.273504893145704 0.315375224765276 0.318141993855734 0.219883175681338 0.186215596145625 0.282610883146203 0.290870499766589 0.276688846799391 0.167009980745973 0.348180133644107 0.280764487109951 0.208310613510079 0.237056290441202 0.353548711021813 0.288503715021687 0.161212520320131 0.214595891116016 0.221304580932644 0.294637866215319 0.372153069071806 0.317308753932074 0.334850206671041 0.355154776234352 0.0987525768621198 0.0997466110671575 0.50764981310105 0.559819150075278 0.417684695539162 0.454014846558929 0.00853403445668163 0.299625058379799 0.101197710612977 0.351852514611968 0.0675364458999882 0.2069870789201 0.282789590497778 0.350365396544952 0.21452898261077 0.379366336208798 0.366632196149891 0.27761137982678 0.249428218118682 0.376361609731817 0.128732112648028 0.295802930563203
0.449079654089101 0.399468474439024 0.532905703229809 0.547166472201652 0.328945549609679 0.431770263212594 0.739564596891905 0.624292239015155 0.638636529666685 0.58904698812256 0.36202079601219 0.483588416129874 0.577892976294666 0.448316026688205 0.61226955698004 0.485760373200528 0.415881178149858 0.438467182274163 0.447585964321265 0.368817766220678 0.14576865752682 0.181100858839602 1 0.580553824628807 0.221388114991585 0.418961410368994 0.217919260237476 0.383993415185138 0.348493071724532 0.490343068028262 0.334579174476658 0.398081481777568 0.4742397139561 0.419873592971797 0.398155249898473 0.332522769740234 0.368729656776427 0.315616255835771 0.337626902130502 0.369304386725671 0.34984551764585 0.176638975872901 0.409360234783856 0.386450642830994 0.382329034747198 0.336446167052945 0.39773955188309 0.417844424548182 0.295207746569833 0.32908394195283 0.405486994954275 0.416504850478182 0.37871979786248 0.316821836216711 0.358777583070375 0.384874892961556 0.452248938472313 0.446803991625843 0.390249243861931 0.426856505600141 0.607938784242832 0.644723731791952 0.382200773071935 0.531141931616859 0.690092722814963 0.533619029432088 0.505956422688311 0.451961006472469 0.415742894096047 0.391525317813455 0.421367492444868 0.357588807155301 0.206123751273326 0.340258589432308 0.128158650084991 0.34906995040674 0.173849443904769 0.219008344557262 0.474981265461253 0.472102779084848 0.476523648974112 0.476760236629162 0.465850339475745 0.436470192639346 0.591744546146483 0.540499823215452 0.322618117503436 0.386064910961409 0.54675158618293 0.489231472283051
0.523689542816183 0.488583749650078 0.407685300862545 0.596287404791 0.00694137780870129 0.390021160766631 0.460086541679466 0.652190052372974 0.281226343119892 0.632244325095273 0.498348871797557 0.690443772246416 0.529450790303769 0.732030133955877 0.469666501901762 0.778186559078367 0.453958251895394 0.54078301066878 0.414665748698332 0.451976737591451 0.220300801782316 0.327207861525313 0.580553824628807 1 0.307712354235544 0.356127655846992 0.082564954945582 0.375335161063246 0.381134082128416 0.583382891088324 0.319411900459284 0.63307315357848 0.431630336636261 0.536749320943572 0.33889404961793 0.468187528454698 0.446070731082052 0.295114105637517 0.355894219955069 0.472643982990216 0.36653965373642 0.268774615115031 0.542975842013415 0.547791205371711 0.472220509620046 0.463063253397512 0.532484806512406 0.539661272898499 0.358274283647446 0.379271362047246 0.511647258165193 0.529258554720848 0.509653990011685 0.315833178708785 0.46780303216681 0.484187231588641 0.493748709670217 0.507706991293071 0.47969968711361 0.508712480481454 0.477192042701517 0.657114177024419 0.454276882570504 0.684544822777517 0.545052828580249 0.651946046170594 0.427204660644944 0.496298983869789 0.423728241214943 0.443565360685745 0.509832598119663 0.454967593290002 0.283507628438518 0.44114951146554 0.0262547161084936 0.452689586243469 0.160925212646792 0.307853892180307 0.466765931946908 0.51089661272811 0.569226560237917 0.601542877238285 0.486138007070645 0.530230015022467 0.627226072890705 0.692332573171451 0.322955292897645 0.581431104388555 0.437292990226782 0.588625348147494
