1 0.806814497006195 0.0890849958414088 -0.0195242121913737 -0.00705925821349977 -0.0118957621417525 0.337225264218215 0.10450399710939 0.207261696578402 -0.0586201969448217 0.592964555990525 0.262437748902427 0.438120167985419 0.259704634216355 0.206301331421822 -0.0739724205612688 0.616273719758637 0.524216686427238 0.38980296094942 0.528476832795723 -0.088205389532596 -0.022661677719696 -0.109749234762266 -0.29379307967527 -0.0685911481964922 -0.0840378107281331 0.149958395778143 -0.0483999796927592 0.412521826222201 0.262943703022706 -0.0532200953233734 -0.217095846536734 0.166900691037761 0.110716225828364 -0.12219287876003 -0.154967278944156 0.197247718219752 -0.0378098333267209 0.244610525795658 0.209587495234945 0.257860635084419 0.0821595001471281 0.409846133417996 0.564012622168877 0.500881307155165 0.544625222711986 0.547053632871543 0.550803424881986 0.461562268838682 0.457548661403956 0.334940968661211 0.369700949523442 0.363104057955549 0.27570553196097 0.409224942779055 0.334374416021232 0.76267663802992 0.737665412138834 0.701285373741972 0.605678816294577 0.532335790887582 0.229001055988194 0.45885832967293 0.376981055299137 -0.0409997911803821 -0.133743744342308 0.0881550006597085 -0.0268925345624149 0.52819804853725 0.494703411723056 0.149629755825151 0.19036074944205 0.323110626394357 0.249916313949635 0.235765858064672 0.207389173307833 0.148984016004644 0.261185253217712 0.245796936042829 0.372558951621792 0.472427902423881 0.212130743474773 0.0882733180745933 0.0673773458250109 0.256285690566875 0.180424358890165 0.220077904837614 -0.112130233972061 0.40553777740364 0.317849790809925
0.806814497006195 1 -0.0921553212237718 -0.105154385426413 -0.157690543189517 -0.0349902097872741 0.122862784695078 -0.0470127434724699 -0.034823487178991 -0.195005829803672 0.414056277209666 0.151206008788376 0.231088929305151 0.0839486700879947 -0.00654954617291679 -0.185116559725548 0.647215648112845 0.57751904913434 0.230902629975895 0.476500863302083 -0.108546737960998 0.0232140169643885 -0.229295128602848 -0.356114985029434 -0.0830590870537807 -0.165646571571435 0.0160587935559927 0.0530505817600464 0.309932787906013 0.272952997807839 -0.133105018378301 -0.253685179095216 0.00707179707796035 -0.0421882002076192 -0.255211172770746 -0.196305385770415 0.203705000524017 -0.0555840817476633 0.177917559139805 0.288119269660232 0.327165509073555 0.0696543490704528 0.397944793525791 0.572946161411365 0.582815002412345 0.661740419410199 0.573376724500688 0.563893156177553 0.502194742861283 0.484142399071185 0.233094265648493 0.310975388892709 0.386323304203406 0.221684344820949 0.428143744048238 0.327275628105854 0.781729489226703 0.864591451304127 0.572378248682805 0.587543933369398 0.246194634040345 0.122806100962602 0.341454539915531 0.370574143514528 -0.111244393661387 -0.187540369580727 -0.0700620671007824 -0.141809721028057 0.625223712420044 0.657921018667002 0.0930229183061491 0.131321957368749 0.205261941431066 0.214081411411161 0.11817811005162 0.179995704857932 0.0407391105699541 0.156351413183355 0.268445636999492 0.397281094288532 0.566565492830172 0.253147368742875 0.242950085311477 0.0829615103885016 0.112234424069984 0.134127847794299 0.0881926116068575 -0.115308143157815 0.233545959688857 0.285159020439166
0.0890849958414088 -0.0921553212237718 1 0.636718515152112 0.409804473821929 0.132343197608161 0.805776621136334 0.422944688362891 0.289304437562085 0.282259459858785 0.262283780953362 -0.0109143879079029 0.493253781652937 0.140678961695469 0.679735609521991 0.362849509252278 0.0614202349039724 0.129688791889126 0.467286607306014 0.010567496869726 0.377042599167796 0.124973294505671 0.760699979908883 0.658266814091545 0.646210853017834 0.505551548753587 0.315931131737374 0.131829218358162 0.171454668199769 0.226370290719028 0.610516094567235 0.559861145511399 0.662989053217704 0.466206659716608 0.617623752523966 0.304712032716958 0.262520267855835 0.255947678694366 0.343134530202193 0.157552333008972 0.138501845384643 0.213124417983517 0.272100232549959 0.181633495448828 0.00725888976257226 -0.0657561510068578 0.123429662835321 0.113739374788751 -0.100020018797463 -0.104843200353288 0.229199427914655 0.178359862683739 -0.0672466204567206 0.125710731378335 0.18593433593163 0.206651261716101 -0.0322516097716225 0.00453020000040829 0.0424636604031367 0.00508066047120694 0.538201720222936 0.374862831967439 0.22725585640332 0.162817828195109 0.639389505796659 0.642145452199287 0.742898647505725 0.611175685033322 -0.0715286423270067 -0.100761374450602 0.318156205847231 0.333545991317754 0.170360785797413 0.28316821410373 0.273767712904768 0.203485517387327 0.30055803458026 0.0948818669987711 0.26972511788399 0.00811058572284 0.161130786577293 0.255432753802845 0.290516212078256 0.258513926038481 0.683757377246335 0.557050320006276 0.48951333169942 0.493511742359474 0.667098443705901 0.475831894438609
-0.0195242121913737 -0.105154385426413 0.636718515152112 1 0.238437770009534 0.395849899898919 0.45147056273132 0.420882738766615 0.153328012379831 0.24204146065236 -0.151819272377441 -0.037646345314514 0.0396249862427755 0.0259840725092063 0.414431268279924 0.265906364184247 0.0140039280770522 0.0729402895355848 0.209239779376447 0.0409846090275247 0.439332769739626 0.413538068506127 0.667166480405951 0.708115627831919 0.619499066872882 0.693434833123226 0.455891848693463 0.172799284880666 0.107192284100898 0.220014343712323 0.59322715070914 0.569742649569896 0.548474618574805 0.470600149978399 0.604334036978059 0.54329606738637 0.332895654033 0.386918090470145 0.265504578642999 0.122943120816299 0.207443922086031 0.346217629975299 0.266745235990045 0.16014978315559 0.0632265954605655 -0.0372274082911227 0.138419171711306 0.12773405359566 -0.00351072431482907 -0.0861507695516492 0.301276041650156 0.146465580873782 0.0363636522812075 0.122531689757673 0.0934915243405975 0.134178297345176 0.0828836840442772 0.00819053486505206 -0.141367680636202 -0.0442711818222803 0.261656348933883 0.287421971341623 0.145739999355441 0.0698212214885391 0.701984993012407 0.704017045661007 0.714806021383644 0.675549963876301 -0.073374265582108 -0.150307503724606 0.490527148643679 0.304204566488991 0.156564462747357 0.25824492893711 0.21612452582818 0.0472115194993377 0.260091983979714 0.198514377822759 0.274586201953477 0.106453115091438 0.224738459233671 0.351680318170685 0.339965208610155 0.271331871428235 0.588538950830093 0.593788579460623 0.392722899984704 0.426398921820996 0.379927644135279 0.351039148620967
-0.00705925821349977 -0.157690543189517 0.409804473821929 0.238437770009534 1 0.0672555825890025 0.40636516072942 0.328139114028727 0.572456855599717 0.352787322946914 0.148301506252387 0.0724988358959898 0.353396034263754 0.19973960572807 0.51619473233285 0.373735894508371 -0.061552780306856 -0.117577844711338 0.317402716569153 0.106111448335809 0.0686893363143591 -0.000383164977945001 0.309670168743842 0.295642005323983 0.0551894987715332 0.224847723351191 0.454127702997172 -0.154603151236836 0.0173633352821925 -0.00287118049898283 0.106610094321324 0.183153978947313 0.201803897461968 0.0939215021267295 0.271093465345381 -0.0499406000666332 0.0368470650060797 -0.0495425805068493 0.0898599773953503 -0.148725194125479 -0.0375684617971697 0.00384838199098196 0.00496782247208337 -0.0575828896618364 -0.11975710396216 -0.165921379717066 -0.0875926943116664 -0.0644476925672293 -0.195022273504659 -0.154757840222657 -0.133490420112777 -0.143084626671241 -0.151045940611501 -0.0548388035439686 -0.137280654857361 -0.0907571870145239 -0.11986408113278 -0.0955662500437861 -0.0490183950727644 -0.125293843034395 0.335538636113933 0.246789737694912 0.0571976718935167 0.0301716782809202 0.297927284167547 0.173816965268534 0.300423420638635 0.169779445208306 -0.0359005801418747 -0.12253441839363 0.18520399301032 0.142976655372108 0.0100596577343128 0.101840992042662 0.0982952892180204 0.0354541001526614 0.181519080115579 -0.0337500332432893 0.00555514078304726 -0.148699631819369 -0.109735069969955 0.209363365056808 0.0994657830815775 -0.0199427759591503 0.343050512046473 0.147707488452062 0.220687739223161 0.137176349835279 0.347939419000476 0.0768540398956871
-0.0118957621417525 -0.0349902097872741 0.132343197608161 0.395849899898919 0.0672555825890025 1 0.0368688018424428 0.107384753422142 0.144208240929127 0.31562421317589 -0.147767039197564 -0.0451074599439892 0.0168899077740826 0.050011525543743 0.2039048789191 0.242877303033179 -0.0575264173179143 -0.0714387938262747 0.0128557650300898 -0.112899710251367 0.173445493231102 0.221064598915571 0.328844722327814 0.285064578525051 0.217040525768742 0.229530888310961 0.296486080110442 0.382022046492124 0.0250969441205525 0.014813293381371 0.185614822094354 0.207123722292864 0.0285124419219859 0.0750452852478438 0.31299499618342 0.288540760941595 0.0534732606364156 0.100411193772787 0.105094676589806 -0.00922122470548249 0.0165269905060139 0.17726090030447 0.18426306566903 0.100246931727458 0.118207181912259 0.0609076741561411 0.164927831643316 0.068286669142429 0.0643940237082898 0.0713776547025768 0.129438691201657 0.0320256068852467 0.0541282674784381 0.196921746476665 0.0391584082058599 0.127497674687343 0.022866795553853 -0.0490051398969812 -0.0747226739399859 -0.118016474961464 0.0672907901217445 0.18277041570077 -0.116254623815995 -0.138266620993845 0.353459414240175 0.228351135490089 0.298115996658596 0.188730549585534 0.0476168397394108 -0.0463557113240372 0.346327467190715 0.0849264105397322 0.079902890074469 -0.0253801351878367 -0.100016864960671 -0.154600403062633 0.0311035465405876 0.163273250310023 0.0768642312473065 0.16776672389889 0.164851271762986 0.311492226012131 0.232332627704275 0.101384584224142 0.340990809850104 0.329612618609005 0.0511149531425524 0.109971506016457 0.0718787429858028 0.170368264455609
0.337225264218215 0.122862784695078 0.805776621136334 0.45147056273132 0.40636516072942 0.0368688018424428 1 0.581799941386487 0.345565339793647 0.335960974778624 0.580239955035034 0.261593892229426 0.741926350096064 0.41539689386091 0.541011028155008 0.346290678044233 0.129735336284463 0.26852447835506 0.372096102905446 0.179533341209011 0.191054200252959 -0.0291476192648272 0.478334748635221 0.354796403184309 0.436096789195246 0.255983465723176 0.18195866563433 0.00949946426741028 0.310100214098242 0.346201310082124 0.452772247351497 0.350701587468942 0.583809343248797 0.440937918136638 0.43769829136856 0.112271495304482 0.283816163988552 0.149554435824212 0.427646061253452 0.123022422831551 0.103911919750009 0.173183317640072 0.275084386002211 0.249227986396792 0.0397168479867477 -0.0278628452386862 0.155105190138419 0.113387494229613 -0.0103707793078158 -0.0685259408992048 0.243505447145081 0.18581337413478 -0.057298602890649 0.0962759030558504 0.275374574931008 0.21537142660598 0.0468848342334479 0.120790849275034 0.274424161656262 0.21826082685283 0.756143888324022 0.439897605026209 0.357369107081496 0.375699206058853 0.380493638721506 0.45873109509607 0.661625738349825 0.562208380340596 -0.0090159095954988 -0.0203270001058906 0.221174134220136 0.319040757933844 0.295031418575911 0.364818270519023 0.286523258948474 0.264971011831139 0.24425380894106 0.146995834408975 0.351383749640495 0.0169312944243489 0.210173405389692 0.220255892193288 0.18649124754646 0.187534053288102 0.54024856693559 0.436374799570601 0.333069737672991 0.356873567547086 0.710284568991199 0.515493964664516
0.10450399710939 -0.0470127434724699 0.422944688362891 0.420882738766615 0.328139114028727 0.107384753422142 0.581799941386487 1 0.269405577901609 0.681188786416438 0.238325111331728 0.546694080955605 0.351664549514986 0.636315193389935 0.305966744253131 0.408779385562001 0.151189039959035 0.341061172980584 0.157698880795865 0.216346327985531 0.080410125402709 0.0299884006211519 0.368298619584101 0.435994149020103 0.14301634386348 0.129659229294393 0.0993532637668281 0.0954028721374476 0.421535259867012 0.595420729721222 0.435550814410825 0.550540247553462 0.486253273584511 0.588744868572874 0.350500008750695 0.114956532342889 0.142309895536819 0.123015019969621 0.300230058059481 -0.023105942064647 -0.0609888468634801 0.244276129782079 0.173305577989152 0.102267720859609 -0.0843817396273874 -0.149440215542828 -0.0148200032731597 -0.0466534529791716 -0.0716807079319138 -0.0931676810019937 0.188594219547308 0.0586070136920141 0.0593263987823944 0.212487154845084 0.122236986936313 0.132570772781347 -0.0510045662135781 -0.00691543901033309 0.0546941551687213 0.143093263261289 0.45031678493426 0.540115494711937 0.287396522773543 0.537187769428453 0.0815564578290298 0.239928816254735 0.461051332714866 0.495540149731648 -0.14771590755699 -0.158659671421492 0.209550242068866 0.439599386789248 0.374856587842962 0.456506849036658 0.359257595546134 0.408399455862096 0.10600797029205 0.118258457753934 0.414143940725166 -0.0500341396803097 0.210866506065265 0.322312673825547 0.0454244601752312 0.210996735527369 0.272897514450068 0.318517664295132 0.306502225788579 0.34898710739535 0.381224904074677 0.476390754729002
0.207261696578402 -0.034823487178991 0.289304437562085 0.153328012379831 0.572456855599717 0.144208240929127 0.345565339793647 0.269405577901609 1 0.416838583103136 0.245503236154824 0.0426174977604255 0.352795430634367 0.254826994584288 0.413103787582505 0.278284302223605 0.0190641035084229 -0.119021644570437 0.149654788410798 0.117149097415599 0.0365737695933259 0.0365303811653049 0.204821743669305 0.0819884720294008 -0.0841441658235937 0.136448212203012 0.509422003713618 -0.213605479849867 0.130457586984237 -0.000410031310298269 -0.0159484006803606 0.0827857335063336 0.0625051059801554 -0.0730696969243204 0.136551218371854 -0.112673973591066 -0.128025731624734 -0.0599542397116347 0.0326615683651493 -0.158011687130436 -0.166317719572823 -0.0682981850495388 -0.00210660010891955 -0.0425746240414506 -0.0998091554818648 -0.175419184219667 -0.0959558094348001 -0.0419875508277677 -0.11627952038264 -0.0856767563387442 -0.0051793522991392 -0.128158310874411 -0.0658942293528693 -0.0712403136394279 -0.218123882438112 -0.271491812855159 0.0411180959596597 -0.0285884303516663 0.0757743446249556 -0.105894781120284 0.434356964335149 0.259523778981399 0.0214469895808757 -0.0285278558727389 0.144364917329188 0.0181823165037535 0.136237210645874 0.0274602286519239 0.110250015691954 -0.107488213785797 0.2686905373617 0.136364645437346 0.1091821219316 0.117856528041769 0.131820115319583 -0.0522800545157672 0.247594423321686 0.0976645590672331 -0.0487912993508688 -0.00389401168926291 -0.0318019557048114 0.207099876532627 -0.0480092040199924 -0.113464663102966 0.308220568371054 -0.0143112967118142 0.179046403575004 -0.149205793353857 0.255185411743454 -0.0632513461253731
-0.0586201969448217 -0.195005829803672 0.282259459858785 0.24204146065236 0.352787322946914 0.31562421317589 0.335960974778624 0.681188786416438 0.416838583103136 1 0.123357417470741 0.421424515709905 0.342471913771753 0.589401815477874 0.376580671128446 0.652341828223794 -0.0823424531480029 0.0777304564649102 0.112613848721444 -0.0366934925990179 0.0265402919968147 0.0439157104430105 0.368662515319839 0.37821962862803 0.032279716039591 0.00123992673014424 0.101595143805505 0.130153002538254 0.12135459254157 0.42048735900676 0.144514876951931 0.390125950759659 0.184119444302433 0.270651949003501 0.288190842327213 0.102874308922098 -0.109498535831259 0.0392638701937443 0.247378889105034 -0.0802047153430524 -0.229629141509014 0.184137171358181 0.0307565574154583 -0.0753558692026901 -0.223498593632826 -0.260737655304605 -0.142890767850079 -0.229451424580685 -0.244884536233719 -0.215214683006924 -0.00238759018625231 -0.0726193133690032 -0.0407709414150532 0.0631010073471891 -0.0219812024462226 0.00363094064364692 -0.180056682583659 -0.17355034942862 -0.0728217109532438 -0.025030886534155 0.354075494408434 0.603837483216831 0.119805739845412 0.256560065039477 0.0929322476340573 0.249436366176047 0.257612931962084 0.321443734466625 -0.11520400116998 -0.154390560498213 0.0668688678312722 0.15844645119455 0.275800662388936 0.158315898925021 0.260532908549753 0.277162512762175 -0.0606130573973863 0.043102836991633 0.279733378467004 -0.21251916761979 0.0800536146179439 0.272531210231299 0.0311677380557641 0.153340797534349 0.290357196853607 0.302660940218407 0.255152076876459 0.225178445692921 0.193016139579587 0.359978930956376
0.592964555990525 0.414056277209666 0.262283780953362 -0.151819272377441 0.148301506252387 -0.147767039197564 0.580239955035034 0.238325111331728 0.245503236154824 0.123357417470741 1 0.386806512121206 0.818195492112175 0.503736713223258 0.193728499424989 0.124161229890294 0.330326718752413 0.312777833025873 0.341296038387764 0.309559793804403 -0.178459122466666 -0.158634452445793 -0.107216281908677 -0.219871442978449 -0.0989540420403229 -0.269498578581965 -0.102083097748162 -0.069714119408366 0.216557062116519 0.203041404407925 -0.0832864124416561 -0.122993959083347 0.142690509608766 0.0784243756007625 -0.0788687259725875 -0.231427192169304 0.0386969238235098 -0.123040592598205 0.19152375008232 0.189509764130282 0.0471417992831852 0.0498942899675273 0.124463032311265 0.207618535255804 0.0880398371119704 0.101966164906749 0.168398166543482 0.112236299194126 0.0449117380944393 0.0256448776053423 0.0240951001423568 0.110890467344125 -0.0115953424307848 -0.0246217780406379 0.328398573972041 0.141036787774027 0.140119004658649 0.264429479313479 0.546685045080298 0.373372018830154 0.641856634470601 0.320095990990186 0.29414585266193 0.420265994471584 -0.192121940883014 -0.0718587002738851 0.10189758356599 0.0509025260427254 0.159642460688722 0.168283605084233 -0.0684599795006246 0.123611705528556 0.169517171715224 0.188342134044385 0.152430301794575 0.194870819337665 0.107796582443177 0.134353944566484 0.184410358030486 0.0211451206476198 0.164405738382774 0.0306551569283455 -0.0495450181636594 -0.0618268617981826 0.163993997786429 0.108414320192681 0.0576252312376391 -0.0578016957522286 0.54023582156046 0.305111348398897
0.262437748902427 0.151206008788376 -0.0109143879079029 -0.037646345314514 0.0724988358959898 -0.0451074599439892 0.261593892229426 0.546694080955605 0.0426174977604255 0.421424515709905 0.386806512121206 1 0.369570655054332 0.813168260337755 0.158795215716981 0.338974426875078 0.242409453503247 0.417634302069662 0.0729541201987251 0.421058868410897 -0.0598352427772749 -0.0825778716432156 -0.0222910277407263 0.0480805106264783 -0.0673524900455161 -0.144905894378766 -0.163653580835804 0.0966351824326248 0.457610019514058 0.570897569029661 0.125002685674595 0.178666891697793 0.289542123555298 0.429900488623417 0.0786318349045446 -0.0186359447793463 0.007413527577918 -0.0262092657524316 0.296725100407442 0.0298700748439415 -0.0272229973157623 0.161613316098319 0.244391891105196 0.238136724015072 0.035227282006382 0.0307092432136591 0.0709549674628439 0.0531683749845961 0.068086523200296 0.0543276151788886 0.18386351594469 0.118555194073355 0.137218606395923 0.151105128060623 0.224316780631887 0.12366105423348 0.00662196413063459 0.0596367211680357 0.18506427533318 0.318784833893489 0.361796067130097 0.37462416356801 0.424605384757539 0.618188862503165 -0.210168537934371 -0.0868226079741607 0.165193334487024 0.234384690933299 -0.0964189384788859 -0.0252197488955895 -0.0336474068339974 0.311067038910185 0.376684598358472 0.297091297989954 0.335946092595677 0.489763308971124 0.0137441368385747 0.258791380155502 0.293516318032727 0.000604170879340323 0.127410866845687 0.227212183866648 -0.0467141759605821 0.155529873542362 0.0303207358779264 0.1443324885926 0.191978861466829 0.151726780714723 0.179829014950867 0.404548660293281
0.438120167985419 0.231088929305151 0.493253781652937 0.0396249862427755 0.353396034263754 0.0168899077740826 0.741926350096064 0.351664549514986 0.352795430634367 0.342471913771753 0.818195492112175 0.369570655054332 1 0.553099354205837 0.502992939256711 0.433263172136585 0.14483164665429 0.172962146284767 0.405317340168907 0.097689728044834 0.0341500392912807 -0.170911410520511 0.206618464652278 0.0764500868261254 0.176318608078118 -0.0636414750241614 0.0344268533191657 -0.0455983681072314 0.11083512473661 0.17716668534519 0.0295820218203182 0.0371749630468022 0.221839151254481 0.0917179356845303 0.228417458531586 -0.0447748695859235 0.0895011811982372 -0.0605964890996007 0.299849649248989 0.182315030145088 0.0275206695354161 0.0569031630829951 0.206460053823441 0.220586425425861 0.0488105613922687 0.0146763782577086 0.124250975031873 0.081563021143576 -0.0358834464269215 -0.0517819270367033 0.0758465221075371 0.0974467005848837 -0.126104937286969 -0.0490417416819263 0.310847240418054 0.196701211872125 0.0175936390833775 0.13334225165654 0.427372116233351 0.235804265130945 0.748770416721194 0.529173921761044 0.152417505948812 0.26721342938417 0.17268139413602 0.240634232973141 0.381588255457608 0.310659450874631 0.0629785507298691 0.074677638908283 -0.00920958853155648 0.179570583526815 0.0916752994064905 0.107601335527256 0.164131767286369 0.221314812341954 0.169060934619109 0.1107228608144 0.229158001170217 -0.0421578109889792 0.0718387999486674 0.207356314620826 0.0425637164811013 0.00856066473263409 0.454067935686956 0.369812372502927 0.187921938265373 0.192988330734303 0.639474601761636 0.407118401380563
0.259704634216355 0.0839486700879947 0.140678961695469 0.0259840725092063 0.19973960572807 0.050011525543743 0.41539689386091 0.636315193389935 0.254826994584288 0.589401815477874 0.503736713223258 0.813168260337755 0.553099354205837 1 0.301992126160435 0.555489768288993 0.121532663705573 0.29450620907748 0.136412928393647 0.24579551856023 -0.0593682643637172 -0.139667016800062 0.109481732795125 0.15875861702331 -0.0042302682824299 -0.07401002114868 -0.111412286286721 0.0807101806794645 0.38535113466579 0.510213479928576 0.113077118009271 0.211289143493308 0.260597703274426 0.373539130732583 0.136104077314149 0.0563988764242295 0.0301005869440008 -0.0266644522711501 0.350736248427919 0.0550121332194331 -0.048539022475988 0.11983403439607 0.165470605737531 0.117635486404417 -0.0865615437390061 -0.127464890002211 -0.0180606438083659 -0.0634958434717342 -0.0740832610528766 -0.0715865418180963 0.132424994378861 0.0774298662198475 0.00375711445242191 0.0746239815906556 0.175339531929088 0.0987766844994198 -0.0753615576598573 -0.0272889950830488 0.1395488253084 0.205262874967446 0.480727427481507 0.522111086669804 0.270497237139549 0.512867282190821 -0.113987596527955 0.0710109458938614 0.213030817058322 0.252059451569027 -0.146554109864908 -0.130955573612337 -0.0238909445306774 0.261065092225597 0.296255228797267 0.265448789680504 0.258072300179738 0.439153590167661 0.0324599028539234 0.228120999729173 0.283797517058795 -0.0762988146931826 0.0754399698529454 0.249021730775778 -0.0665322232608097 0.126206342277685 0.112344765921917 0.233125968522201 0.258433081111397 0.167899733218965 0.306389355645237 0.384462476175803
0.206301331421822 -0.00654954617291679 0.679735609521991 0.414431268279924 0.51619473233285 0.2039048789191 0.541011028155008 0.305966744253131 0.413103787582505 0.376580671128446 0.193728499424989 0.158795215716981 0.502992939256711 0.301992126160435 1 0.563685713010979 0.133335967516244 0.140135303880039 0.525295735675899 0.129879242265362 0.325488333352672 0.135460503261642 0.689424082804578 0.554307895166519 0.49072430425244 0.452994142082359 0.389210443161344 0.188557375639106 0.164813941940497 0.194538824568332 0.415346253433095 0.360809369755456 0.464789585639371 0.298091839153864 0.534325894823711 0.259303379293185 0.243156213169321 0.190931151898686 0.407137591873655 0.123279040369857 0.206360551273352 0.221038954799552 0.389208889261827 0.358917576724846 0.155970089259559 0.0986646321430513 0.229862459369148 0.22417081389305 0.0403807732796301 0.0922621712899262 0.244612517514907 0.267085128399038 -0.0145170973294088 0.233381892957349 0.257662340640448 0.261365069680505 0.0855755717997244 0.05628876841571 0.0758066157682982 0.0148136160657174 0.494031320576555 0.434139736663822 0.200682765159008 0.120123663185376 0.624805457247343 0.477877112841814 0.55384682057754 0.406166195296491 0.0516620840426603 0.00330560910224798 0.267083158037991 0.241312461369091 0.0681553128742378 0.173489612372283 0.296018940532945 0.225195434109834 0.213574415384362 0.157554448561286 0.207226291023405 0.0651468022188284 0.1147120075723 0.383074456206974 0.302073496229594 0.279392938246909 0.686318187834273 0.57167728488674 0.592029420905189 0.42644451294173 0.589315556155987 0.459582918288176
-0.0739724205612688 -0.185116559725548 0.362849509252278 0.265906364184247 0.373735894508371 0.242877303033179 0.346290678044233 0.408779385562001 0.278284302223605 0.652341828223794 0.124161229890294 0.338974426875078 0.433263172136585 0.555489768288993 0.563685713010979 1 -0.137550340974589 -0.0412782328994777 0.204089374673619 -0.129239196961619 0.267083565669723 0.0405574441256455 0.511671008723396 0.565437196420314 0.333146136557003 0.277801783501893 0.155718261294413 0.232675267697867 0.0760542653952789 0.320316926190644 0.23306686278282 0.390205288516961 0.279353534469974 0.191913956458596 0.427884795610825 0.307434810941252 0.19977394945215 0.123253606955608 0.392480130109332 0.118706667508441 0.0433396176550937 0.156406214892306 0.172912197664157 0.0404996787063283 -0.138983031908751 -0.20847921570414 -0.0611645684032947 -0.14484478967361 -0.208203007038572 -0.181783513842508 0.04089690852034 0.037032463954916 -0.170149425505671 0.00468266640069389 0.169843897592341 0.121705335790271 -0.237492792916661 -0.224697221807934 -0.172272712932594 -0.191420863395381 0.272893925209363 0.509984230601975 -0.0609785972156541 0.044392692888013 0.378274143878343 0.488060854671931 0.356280709072136 0.344355885662878 -0.186629223952078 -0.147424667697629 0.136656402988417 0.219850794275345 0.100258262562835 0.100326146640837 0.204031922353001 0.261111187905802 0.0131511825965048 0.0327500936289761 0.215063767628816 -0.187482369160541 -0.0158823982981512 0.289465502728697 0.196008065451074 0.286973986925944 0.386038893733217 0.494362188188984 0.393356133993032 0.516307557817256 0.316986655404355 0.406214767587147
0.616273719758637 0.647215648112845 0.0614202349039724 0.0140039280770522 -0.061552780306856 -0.0575264173179143 0.129735336284463 0.151189039959035 0.0190641035084229 -0.0823424531480029 0.330326718752413 0.242409453503247 0.14483164665429 0.121532663705573 0.133335967516244 -0.137550340974589 1 0.779005393986142 0.228776549191345 0.544218557460905 0.0255515817771917 0.0552151352537196 -0.0333165557557732 -0.124535984340908 -0.0139530029628331 -0.0281468857598057 0.149000249763393 0.108413239209054 0.513040204762765 0.470181402593019 0.0891246177416593 -0.0342683063167495 0.312245206992332 0.2920665278718 0.00902144818805166 -0.0604596733878868 0.324760356865275 0.139060598329866 0.268823567476982 0.346833967418847 0.269112784818463 0.237007413416815 0.348191513691986 0.540397709533427 0.480293091897635 0.520328454008959 0.475181585258515 0.497284438694742 0.363889602381081 0.382558750482047 0.277276683044965 0.272138686790515 0.370725278244934 0.315030994791521 0.443679926483596 0.391860274997344 0.682362708765006 0.731816257712655 0.422341186496624 0.486181307991936 0.234643658982057 0.0139049541247855 0.482235268654129 0.528168697180622 -0.0453401825804646 -0.0889289525009532 0.119184701971202 0.049493393694255 0.476058376372616 0.473407933782172 0.177203198514055 0.266746891971423 0.409246811958285 0.46217706451726 0.291470070263488 0.308096532688012 0.00954087489912506 0.115446007027836 0.488731861232953 0.411169711610478 0.599894061522962 0.336538179382988 0.255346308001676 0.284727983771592 0.207464093266861 0.213690650389576 0.375764759043034 0.0630648754132499 0.276178063122608 0.37330861834439
0.524216686427238 0.57751904913434 0.129688791889126 0.0729402895355848 -0.117577844711338 -0.0714387938262747 0.26852447835506 0.341061172980584 -0.119021644570437 0.0777304564649102 0.312777833025873 0.417634302069662 0.172962146284767 0.29450620907748 0.140135303880039 -0.0412782328994777 0.779005393986142 1 0.187065860429362 0.567443788033455 0.0237335124132852 0.0077878171116197 0.0345240247218347 -0.00253594773402252 0.097158604116074 -0.0297376088564833 -0.067267582633416 0.173479587444991 0.641455187228524 0.669379006078103 0.30375899084791 0.176847494138809 0.48169097300613 0.554264602749173 0.0353166510433122 0.033791671164757 0.287875286941043 0.196415804343166 0.414737538979582 0.247789456666821 0.225804092635428 0.315849499879689 0.404871236380551 0.546934064145005 0.390325570459078 0.423510169403248 0.446919664936902 0.413938787052456 0.372944029278846 0.331021939478794 0.422907237612601 0.385354476333035 0.452448585321645 0.426200288534953 0.509940838205074 0.489081250657693 0.547217093970999 0.687254432509878 0.380945296073971 0.577565372124227 0.267880225531289 0.151837488360702 0.568959756570558 0.768713356507604 -0.0767348234232126 -0.0303162813646344 0.188857546666349 0.168426789868052 0.240839032458433 0.308305568918792 0.16288860321768 0.356557399865824 0.545469610295104 0.518593168455039 0.410075314365062 0.49078412115138 0.0417094109422776 0.190489471721195 0.634880763359906 0.284850255483831 0.590980832100672 0.321054782693151 0.24407597884958 0.374741676272846 0.139186969584629 0.275150150401834 0.406623689232148 0.158983189181854 0.290260604399713 0.583843504242982
0.38980296094942 0.230902629975895 0.467286607306014 0.209239779376447 0.317402716569153 0.0128557650300898 0.372096102905446 0.157698880795865 0.149654788410798 0.112613848721444 0.341296038387764 0.0729541201987251 0.405317340168907 0.136412928393647 0.525295735675899 0.204089374673619 0.228776549191345 0.187065860429362 1 0.234661874665528 0.0492976323115944 0.0610429259859091 0.469518975979917 0.289005513669541 0.159914717944887 0.145634823142458 0.12010137868138 0.0822995833888324 0.0892578503556561 0.140731162481314 0.221678976394561 0.232577519159208 0.285575611323367 0.129446941652599 0.0936909391828217 -0.00899689530364466 -0.0134815125577055 -0.0664734793481272 0.0489376208447871 0.126215806976657 0.142600300478967 0.0743009382168437 0.27271041541426 0.293758260192401 0.146377304443736 0.185680964465058 0.199747604533384 0.273917867714368 0.0295289230385137 0.122048164745095 0.0290853291301977 0.124835680555443 0.0264559660059272 0.115741218550592 0.134824293291022 0.148493701167562 0.223211678016044 0.263630328870653 0.128674136775208 0.168128679357998 0.241970615150935 0.204032065324251 0.22125618341339 0.0551588882777206 0.283868118442423 0.0888205592669677 0.241027445838108 0.0926092807633569 0.212613102107258 0.135431311754309 0.0887330315042112 0.219772415858683 0.00791727572658616 0.0724235046802654 0.084606773479416 0.18040638338548 0.0453661663564606 0.0871040463465044 0.11655273551257 0.116411596047946 0.113657278588685 0.284687751359067 0.180196596659567 0.153703522986779 0.444009486442951 0.260464907596215 0.329726083603934 0.185512041221873 0.391062868761886 0.246929386742041
0.528476832795723 0.476500863302083 0.010567496869726 0.0409846090275247 0.106111448335809 -0.112899710251367 0.179533341209011 0.216346327985531 0.117149097415599 -0.0366934925990179 0.309559793804403 0.421058868410897 0.097689728044834 0.24579551856023 0.129879242265362 -0.129239196961619 0.544218557460905 0.567443788033455 0.234661874665528 1 -0.0801747338038937 0.124178656975879 -0.0618110524266162 -0.0911468662075734 -0.111210192210507 -0.00235571967910247 0.0955886347236359 -0.0257206972681757 0.518297543279315 0.379607691060476 0.183212636865696 0.063688277483906 0.320834534887048 0.346593755760655 -0.17020062035016 -0.241817977633818 0.0861011476908797 0.022315793015168 0.178011874138762 0.060481244032198 0.182789417513977 0.107130683499636 0.319854620718695 0.462644942858115 0.350672531924338 0.358439771266376 0.375442587081785 0.37615472697856 0.354488458988263 0.324669520683536 0.290840213106324 0.289641843020714 0.306277188776546 0.303544209135788 0.276917463423307 0.129011513955206 0.440604544262763 0.468396771726309 0.350383233359226 0.440087621110409 0.204357395800678 0.00752843694481318 0.535323411519147 0.551702224126379 -0.189779441173528 -0.243838453805689 0.0437884698964447 -0.00232232838452048 0.359458709713869 0.231727536010249 0.254239013339229 0.372021218134507 0.36116517326594 0.391099087437763 0.289134545635552 0.181877434177747 0.188391235472089 0.180216476648246 0.177634123361929 0.295651615112452 0.287928343119791 0.180311794580791 0.151129936302985 0.170199517972205 0.0376997560850404 -0.0112335823057565 0.197508402986015 -0.121364610351722 0.141433207105237 0.211221469057673
-0.088205389532596 -0.108546737960998 0.377042599167796 0.439332769739626 0.0686893363143591 0.173445493231102 0.191054200252959 0.080410125402709 0.0365737695933259 0.0265402919968147 -0.178459122466666 -0.0598352427772749 0.0341500392912807 -0.0593682643637172 0.325488333352672 0.267083565669723 0.0255515817771917 0.0237335124132852 0.0492976323115944 -0.0801747338038937 1 0.211592219062188 0.472210934277348 0.471741783328757 0.701237329941973 0.582908002212595 0.34663113548529 0.158834018966731 0.102924376686008 0.0848195660168046 0.504831244343691 0.396904234213251 0.375929382396677 0.284909347032641 0.556874395552989 0.484113266298463 0.367675775848428 0.463369331461787 0.300876088290743 0.177789891686242 0.0415421930993592 0.240557244039311 0.353738087902032 0.195095826468484 0.13016976902799 0.0422211283694044 0.184372890324294 0.14583074941701 0.0712428148337771 -0.000237686338560141 0.224486330606715 0.139387987530455 0.0242519102655396 0.061128995149742 0.205972150962101 0.181223379943564 0.0598390215854201 0.00843442618081743 -0.0811404173886287 -0.131034767112638 0.130515599170176 0.151825309605916 0.00682174105839863 -0.0492854930517129 0.567424919157275 0.536353612969361 0.554700999173717 0.520676315074877 -0.110823194229984 -0.12764997990412 0.29260201814047 0.202279261212409 0.0612917894172282 0.196062352323843 0.0658267094860953 -0.00698141700410204 0.243695844983809 -0.00686832161593481 0.277286500983688 0.151479178409282 0.0969116985008011 0.342361239993213 0.16727468413267 0.257551858833784 0.479749781557631 0.509384458139678 0.302739029209147 0.414015389425625 0.264953587949567 0.29195609754826
-0.022661677719696 0.0232140169643885 0.124973294505671 0.413538068506127 -0.000383164977945001 0.221064598915571 -0.0291476192648272 0.0299884006211519 0.0365303811653049 0.0439157104430105 -0.158634452445793 -0.0825778716432156 -0.170911410520511 -0.139667016800062 0.135460503261642 0.0405574441256455 0.0552151352537196 0.0077878171116197 0.0610429259859091 0.124178656975879 0.211592219062188 1 0.221602371488084 0.241166116138953 0.201583723361859 0.29459927975068 0.217911291100936 0.167597810031575 0.0586354321335644 0.0865166959644055 0.256249275686055 0.296631257943223 0.104299171272762 0.0785336734273353 0.199817394511174 0.241278509401536 0.135019576306443 0.160278990256499 -0.0103940011331485 -0.0716108204048256 0.145057059888909 -0.0517078363243299 0.129366739239904 0.113726191409217 0.144102290363316 0.0702047256273718 0.166367280369607 0.105406715937018 0.0668008964639702 -0.0338477864935097 0.113028627512009 -0.0548980918824664 0.0674956405491351 0.053336497594223 -0.00944738715756835 0.00730513345000224 0.0735633894710484 0.00720839133375494 -0.120605427672067 -0.139203222786181 -0.0385865102843067 0.0138756992012715 0.0344069297042291 -0.101109418738775 0.271405887208559 0.170195974746328 0.222167125600757 0.174075115933768 0.111178224937287 0.0146335001227977 0.354154581068309 0.145127779822074 0.0216407798908955 -0.0259817021712748 -0.000448058701375331 -0.114418056580537 0.0737055678890041 -0.00762839429662677 -0.049733989638604 0.0391524777267892 0.189807333546259 0.2161879977823 0.250945050911546 0.107265263684017 0.280979836792724 0.180851589069147 0.0559739854663114 0.0633857994060527 0.0340557563962533 0.0355622437092619
-0.109749234762266 -0.229295128602848 0.760699979908883 0.667166480405951 0.309670168743842 0.328844722327814 0.478334748635221 0.368298619584101 0.204821743669305 0.368662515319839 -0.107216281908677 -0.0222910277407263 0.206618464652278 0.109481732795125 0.689424082804578 0.511671008723396 -0.0333165557557732 0.0345240247218347 0.469518975979917 -0.0618110524266162 0.472210934277348 0.221602371488084 1 0.863861091736483 0.648238298644743 0.584783673279816 0.335128944475077 0.304663095857404 0.131431786151125 0.291731035443306 0.696516971810203 0.688431961187739 0.546916480381499 0.402807852584621 0.636400966956595 0.451846892849564 0.241741127633174 0.27817304233812 0.322181571246461 0.200942493206871 0.0905181789495495 0.192582976024972 0.296842342011909 0.194371914170696 -0.0151084488995197 -0.0831105008058178 0.0527859552318542 0.0543341115540468 -0.116544107354755 -0.122034921966691 0.174868772482787 0.0302560806056053 -0.0787130681380529 0.158887384155904 0.0890792753361024 0.115260952001702 -0.0619833260257456 -0.103120523261166 -0.294115431459742 -0.296044507620013 0.210994106526759 0.344308370189532 0.0312648605291164 -0.043806764389187 0.73737942166477 0.650520288065339 0.640055090240073 0.546509574143042 -0.0946871275541605 -0.189375036430413 0.406996984851856 0.32271090865395 0.0796789617428769 0.188318685727919 0.162333782035869 0.191921632913602 0.12961694882934 0.105942918133155 0.260306568257338 0.0417419058635131 0.109316945192282 0.355034525715533 0.400954825239617 0.359388239045217 0.674870354018228 0.531261747670662 0.530418114159557 0.648592717386945 0.38995877223621 0.384877545479147
-0.29379307967527 -0.356114985029434 0.658266814091545 0.708115627831919 0.295642005323983 0.285064578525051 0.354796403184309 0.435994149020103 0.0819884720294008 0.37821962862803 -0.219871442978449 0.0480805106264783 0.0764500868261254 0.15875861702331 0.554307895166519 0.565437196420314 -0.124535984340908 -0.00253594773402252 0.289005513669541 -0.0911468662075734 0.471741783328757 0.241166116138953 0.863861091736483 1 0.618252241401224 0.619775689391284 0.205549261543516 0.28611711285183 0.110802930797977 0.292606508390056 0.664598138254254 0.779386373596321 0.563805472090712 0.464969879293959 0.621323563853296 0.520116259402114 0.239812716295988 0.272405033019662 0.306653901068357 0.150127519288602 0.114137173729337 0.265013793637828 0.207901468395494 0.0614372374180485 -0.104849778419397 -0.189940356680996 -0.0350393995556824 -0.0392905115183074 -0.154447900924288 -0.185623054181559 0.182922869649425 0.0633091979954476 -0.0919209616318516 0.106894218232428 0.095009328978699 0.154213815547619 -0.205204917159401 -0.235191500416674 -0.381385261731057 -0.274370038256569 0.0607742382632971 0.314717075073647 -0.015572031072172 0.0128111107061134 0.670439270089201 0.686741933952251 0.615879645493244 0.593549507944845 -0.234682208212236 -0.271257400514909 0.352614372419535 0.407840070838673 0.00343448955850688 0.181736081063628 0.202124568545533 0.197825382927823 0.149410967421917 0.068194631448559 0.249210971981108 -0.0309959281072917 0.0447238773454002 0.372910179874004 0.351016459083243 0.353466027286413 0.539043352454037 0.563902749672107 0.489557256012011 0.699349977916087 0.311508772278068 0.37745020832376
