1 0.827346361247543 0.62471102502666 0.52172569605976 0.439301698975942 0.311973117052433 0.649466935557698 0.640420153706197 0.536240239757568 0.524170967844495 0.75416111134033 0.594418034520503 0.57623566788932 0.525276954619081 0.518834683464403 0.36822695537567 0.836327964709764 0.82225373367465 0.875338975963122 0.811354003739014 0.211220492066884 0.230085542146235 0.626563777353635 0.476912533330998 0.34578338391987 0.272854040273082 0.0781374816934312 0.11178852685306 0.75769326403004 0.796295279675727 0.639592370004169 0.564506601628895 0.791892352276187 0.751010154740286 0.369029915155105 0.533722104720998 0.530880432366261 0.369614585743484 0.361654117086581 0.381002791844498 0.507689393205305 0.359700174359208 0.71278014019451 0.650850630677629 0.661871937384876 0.682622049522788 0.650936628739792 0.690447528489896 0.66742086010899 0.622692803665984 0.486340607048874 0.602513185037099 0.59724808897628 0.614154759888526 0.601847275229822 0.596509104165639 0.834646256779868 0.791680629183587 0.700667443775844 0.645857272758521 0.591199900216555 0.344075568151822 0.808285546908435 0.682716674024262 0.297508781306909 0.200817256675734 0.602384493301817 0.472379355890308 0.659376122499015 0.677152610037695 0.625852339138649 0.587482843605405 0.597990209892074 0.645982422696875 0.227478399330399 0.297588697526369 0.694314528278963 0.568058532929048 0.779608324736319 0.706804816911625 0.754862011547616 0.729758121301226 0.505531033984179 0.510127746421363 0.581740837194969 0.3539036410299 0.250719053331039 0.181923584723953 0.5504551564301 0.474416836247601
0.827346361247543 1 0.544784596099306 0.471475383942153 0.339091052709175 0.292980685812548 0.559308027973558 0.555794835283483 0.506508394956137 0.456195244392704 0.642020329413744 0.569163949731848 0.492665075498261 0.47957524288443 0.473889973187406 0.361899994580005 0.75029405575537 0.827271873560282 0.749337093977975 0.814245544726582 0.227236505952453 0.301531512841548 0.556103595699025 0.440774516200899 0.280933080635706 0.266636045703987 0.00461491136761551 0.0518220813306734 0.702027388190594 0.782952361529685 0.588299413465718 0.553535552374555 0.685465316720266 0.67878410767749 0.292014229112182 0.447103302149776 0.444103482067606 0.419526092638831 0.252851522614129 0.457636467735402 0.501969221033968 0.393748058433868 0.667482553621478 0.682029140069221 0.627456288778703 0.67989921687893 0.691016539183076 0.680147568020685 0.674227849284809 0.687565742376136 0.526767602109701 0.574503529397093 0.600169331170797 0.585435476476322 0.571262330108862 0.583569289748128 0.809456868969028 0.845217390536622 0.578674093880598 0.598277317263249 0.524337680990767 0.315328835437983 0.651166068066014 0.619570398793482 0.242064517314991 0.136167754831622 0.470581187842648 0.331353781012626 0.661228705703787 0.657579461967155 0.629420943976188 0.576768154535788 0.626220414999429 0.662464157521919 0.315292264297837 0.318184569842396 0.581214799272676 0.517943895501154 0.689585387359779 0.694362809517457 0.699830150431937 0.692217849427367 0.448396054950346 0.45982810540785 0.46625786388887 0.319926092363462 0.174114449385423 0.0979138492888928 0.542991238526871 0.459478423870628
0.62471102502666 0.544784596099306 1 0.634509949307527 0.641538646941274 0.552365040251496 0.902364657596743 0.636051063737 0.621856443595482 0.562919365423779 0.499217926545368 0.376576008890414 0.642989969334307 0.483819743191294 0.603636274991364 0.547232087362233 0.448507018199319 0.482135390437797 0.541765550692538 0.427605447573517 0.325654419201562 0.265861095684786 0.778840135618297 0.581108929254976 0.566480530919287 0.53215507334374 0.24089763409791 0.318868974497932 0.430840473792559 0.470057786273014 0.442980278231706 0.436019093104636 0.554676807440875 0.442477919374773 0.476084203823047 0.431245552528412 0.440401668905191 0.34508691646778 0.247003991027452 0.364854438547425 0.327467340893325 0.200940670079969 0.536897818083392 0.454783718073962 0.370412979459575 0.362430297805414 0.411001501836181 0.487873292281361 0.329684224618392 0.410842144596394 0.352525890448127 0.470491945288013 0.465489745522797 0.545658649836318 0.394076503736734 0.495194463228482 0.473247958940293 0.546807466138429 0.463038834996616 0.359104439369082 0.620682528984365 0.383712108557279 0.461190315793826 0.38838570297797 0.680876611509124 0.402973097750057 0.567713562445961 0.413532175923561 0.447094151225779 0.4653271326885 0.691491787230672 0.628601877545709 0.450231975202384 0.485770789810664 0.163565311279527 0.234620940987378 0.466473049228691 0.414886188328517 0.483802175653645 0.50949484175574 0.511786234167424 0.543762572647742 0.438018428921348 0.380077349453448 0.666998921933971 0.415366486132781 0.151589632712844 0.288015052463174 0.559480414333659 0.477059092862036
0.52172569605976 0.471475383942153 0.634509949307527 1 0.316638491030998 0.600473043900831 0.515045974841336 0.888129673844284 0.283301104402191 0.541201596162825 0.375047654983203 0.598706631551577 0.334678263233827 0.679603833634415 0.262438157307736 0.616740696957611 0.487884889199491 0.519153780117303 0.50311781466846 0.491293698501858 0.32416904409239 0.321310683138359 0.465555910961409 0.754970380595043 0.501227832876082 0.590339244653994 0.205103359886323 0.337571371367638 0.463132824700771 0.468125227401198 0.384319493755905 0.446249459685674 0.568075700007445 0.672622771392151 0.56238303306348 0.633887688226766 0.298657315040723 0.301215803925631 0.328802857217197 0.45747419660042 0.307851043104925 0.262786521559341 0.472637664396205 0.43466542538396 0.32667948423522 0.365396644472929 0.336143062590697 0.462030458905412 0.233371461615308 0.287357108622745 0.230807692826574 0.457410986462853 0.375651144720011 0.468851466203187 0.464049893150823 0.596600003079993 0.442742507882476 0.523610234805737 0.374582452549667 0.430525678197814 0.363017366075123 0.676231591837149 0.354362107601015 0.597455907189627 0.473394530587837 0.667467096004871 0.611911080656668 0.705800372603952 0.458905539666268 0.425405615609198 0.531203000259103 0.586023752368224 0.451763247525809 0.508149001257533 0.22463282245462 0.286392973558121 0.466669175675436 0.537984627566914 0.547142306229812 0.546686208588811 0.5182794362087 0.704822821515321 0.416633459787596 0.633607218259384 0.496615943710853 0.7463163508619 0.332646722855271 0.532090916643297 0.417191433299781 0.681444876698766
0.439301698975942 0.339091052709175 0.641538646941274 0.316638491030998 1 0.439881196908047 0.654452974818577 0.36337968176342 0.705816718143449 0.557504758154358 0.404110305471835 0.142723015748277 0.537674181216711 0.340291270359396 0.696525469179034 0.451505508016284 0.350920564404722 0.26452478749647 0.409475910994966 0.286415684693079 0.163491182857459 0.170538970254843 0.689801346544395 0.406907124136258 0.312558871086912 0.321671856402111 0.198863234561221 0.158208026242314 0.414378916054461 0.400382662162768 0.405001475773457 0.324650534545303 0.356997411352014 0.248160248882681 0.306952341555107 0.24637447436199 0.356332812927568 0.203269881821155 0.21332793353955 0.202194075524654 0.273862634754015 0.124878945920833 0.366620097840296 0.317598741358971 0.326172800918858 0.289959566555019 0.26494945305467 0.328886400959751 0.276935848159255 0.29322782033517 0.185313843039644 0.221911943035258 0.345021811141975 0.467058121319782 0.204784973152761 0.246952822182537 0.212857799515216 0.25403571129062 0.244291167191216 0.201403312005362 0.409549856077908 0.183726836736315 0.421200835268973 0.218684016031027 0.487900290280723 0.0979729059384279 0.354240563837019 0.158149517653497 0.322971944795956 0.315591979607138 0.524990071693076 0.441752711604712 0.201537682580871 0.150434331620117 0.0729973076760455 0.0504831925078496 0.236952902965091 0.137161055406714 0.367357800666817 0.339171715143798 0.422429764762471 0.344213279807031 0.465819923168898 0.272746978220102 0.538329471544357 0.153152198287345 0.310108653124087 0.224000565236153 0.507418920339477 0.336300815110123
0.311973117052433 0.292980685812548 0.552365040251496 0.600473043900831 0.439881196908047 1 0.434435797680592 0.481273760745049 0.508113031065544 0.649286059254568 0.390488104151762 0.549941707877428 0.511294665674559 0.581461557909584 0.499317170220056 0.777413601516697 0.235994276482694 0.232407595757783 0.159187259934418 0.17335120687906 0.247696493491978 0.256222150262763 0.376764843223083 0.453634067714578 0.268267281465352 0.376300239924176 0.342293614242894 0.496720136129351 0.268043101760175 0.232812087425909 0.0792828676194235 0.0711856462168448 0.248100563831718 0.259279431387157 0.256719781353597 0.289336336873458 0.315169334776842 0.302505235613634 0.286322118110092 0.405379115423625 0.306777740796335 0.231150077710432 0.201594647984567 0.14657607378062 0.0806333964723402 0.0885965192869818 0.0826070860978197 0.200897624171178 0.0644611594672194 0.193205019094317 0.231385358353729 0.395498906969052 0.248803755921734 0.369447932109908 0.356003606719478 0.514200227157554 0.255943190615542 0.298346311889466 0.295639533913087 0.297957695198306 0.508609363194162 0.625640820969664 0.163287147184575 0.306234734738108 0.433150279834787 0.657824762993671 0.239139850844088 0.298316106238129 0.290656945561028 0.255765488600569 0.420600094765575 0.480406288093108 0.300532601445607 0.317752328988332 0.133627244752044 0.124862215994138 0.203445790196155 0.295031788395079 0.275510481016283 0.299055163784165 0.306442498283794 0.432598618498658 0.36408484176765 0.377169836592291 0.427451036013444 0.659349209421605 0.220153558099559 0.424674228768074 0.594294385693376 0.701129647925472
0.649466935557698 0.559308027973558 0.902364657596743 0.515045974841336 0.654452974818577 0.434435797680592 1 0.62854251385822 0.687907496383277 0.59225000138516 0.592559373752367 0.411167803906326 0.715839817141012 0.487584057652056 0.618276596900514 0.448713792913886 0.437072701046946 0.490058720750244 0.572704577175211 0.477453263101378 0.26330259933523 0.257445662257523 0.780155079351388 0.467504573987509 0.478456212865413 0.364425447655986 0.177545792167911 0.187527863423736 0.48409792350938 0.527547845176775 0.485905682440375 0.457108066142584 0.564364251523048 0.453787420989543 0.37892891461348 0.384323995944651 0.45258180916308 0.321913916801741 0.267589544914204 0.360533492925176 0.379480459117672 0.162098898270512 0.602245152283503 0.512142835383358 0.468020840100477 0.442803063138207 0.477903400874915 0.527348031546535 0.42045908827846 0.455705042029006 0.407769601431857 0.471441400965321 0.508777991372669 0.559569125953104 0.419160247326389 0.434478625310011 0.41848830464549 0.519563841013167 0.531820010143591 0.409524238232953 0.729445134146082 0.389298209960753 0.541280490981858 0.427096721120455 0.608673050544959 0.314426341236031 0.571012302552969 0.377378063617627 0.496442941786809 0.542684886400812 0.699517445842886 0.5809764076989 0.442685486674322 0.454834159533284 0.120489113383782 0.228825625134146 0.505297216080154 0.43435428414436 0.466052374550698 0.499116927216873 0.51733681848821 0.507209834928971 0.409280817046014 0.296149513720732 0.689612349519308 0.310684446028734 0.0984262581270029 0.149551932030701 0.577121786488168 0.403601686181393
0.640420153706197 0.555794835283483 0.636051063737 0.888129673844284 0.36337968176342 0.481273760745049 0.62854251385822 1 0.34328669364519 0.639018975349305 0.441739577301159 0.634160196873593 0.359170866927684 0.694141154306903 0.277365542162092 0.53917442470243 0.558495087425954 0.616267480611189 0.662550353848034 0.620312089143004 0.253122864082674 0.310315271907567 0.563566740826465 0.74801477347185 0.458797135051959 0.513244931221105 0.149836850449951 0.218241117803219 0.557522754041028 0.610033399679226 0.522394690742523 0.58532655111305 0.665216587679991 0.771056996400638 0.547959477726206 0.618982061585314 0.336488908051837 0.338092016586275 0.373424861504005 0.452379253236826 0.334144002743604 0.269092925796592 0.600413779355581 0.517401626994638 0.486530635858678 0.491985548200283 0.454486743200737 0.561088057722819 0.367694412057444 0.373274264906226 0.270394992180431 0.499216418571419 0.432273871555376 0.518081197682276 0.52486048859922 0.585673981519328 0.491380250882682 0.58733009027162 0.533444928836441 0.553874318983978 0.437306356517755 0.681825167544772 0.490417372233862 0.745133017077208 0.442498038689535 0.520778556289447 0.699125427531666 0.73436794026269 0.538938700567815 0.556534555706538 0.596078016029356 0.617639497056475 0.488748997306847 0.543032180232203 0.110834849768482 0.30398022229463 0.569351892531968 0.576833458482475 0.596990987346137 0.614667414646675 0.557252726770414 0.73483447314157 0.384399181214414 0.595430494419831 0.526177787347198 0.661500790813863 0.227858857011171 0.384482626903366 0.398631476723721 0.631128165027422
0.536240239757568 0.506508394956137 0.621856443595482 0.283301104402191 0.705816718143449 0.508113031065544 0.687907496383277 0.34328669364519 1 0.680525828932461 0.554772836360052 0.330262741539503 0.700780452920605 0.372694902319671 0.759585848488957 0.493051053571205 0.431050530556341 0.392371466653608 0.427418285316545 0.41989075090161 0.17684237563747 0.212663836886624 0.628045913816363 0.288073620514189 0.276825904926334 0.271360618863723 0.231027037354191 0.184658527565427 0.507494714194241 0.520858104597102 0.419824678812052 0.332583319589831 0.484179225186754 0.306999456576944 0.23091548543922 0.265385215237499 0.530471242245509 0.431490656455071 0.281375582516249 0.346198792504201 0.397112255870513 0.201451505300275 0.411515041615036 0.363993221505033 0.330503436968377 0.280996462718713 0.31190041460947 0.368192318011987 0.340398972055661 0.388381485692174 0.336272286447204 0.364868288541686 0.402330107568077 0.570709520052276 0.31497694781161 0.323911379426399 0.367989710539194 0.440828635463814 0.405636490322298 0.364686951646191 0.611496898064511 0.247522504268836 0.508572001647362 0.303945549309881 0.337349679363779 0.130334399371463 0.335473713735964 0.140257766594145 0.533075461718637 0.561642324633099 0.533340923300637 0.460522664273173 0.331107775004642 0.334313138155251 0.104797441123144 0.0940640301229688 0.360387594265169 0.236485802176809 0.442027137135476 0.401323208002401 0.484682996613052 0.344774799275075 0.476316036254905 0.203359987369401 0.495316740952058 0.172609131600188 0.141061291389317 0.0717261250650654 0.629494858600083 0.39457473006711
0.524170967844495 0.456195244392704 0.562919365423779 0.541201596162825 0.557504758154358 0.649286059254568 0.59225000138516 0.639018975349305 0.680525828932461 1 0.534150239876102 0.525680085986306 0.571707586176316 0.576691155515604 0.565279588960395 0.641753125211231 0.438943938883643 0.442188823079333 0.471944617452638 0.440775362608449 0.0926505832248259 0.315083082596381 0.559861591933505 0.474934212472239 0.229737147785912 0.323711362369088 0.196236886440771 0.218591747389421 0.483662435545431 0.539122303093282 0.372812234034087 0.37630973520044 0.483164246452143 0.44920921831883 0.283304832354816 0.304386242541255 0.365782352810577 0.334855231700809 0.223997560972702 0.378517205008161 0.332863083477148 0.175377044105012 0.355731691518386 0.29655283244843 0.306295215406784 0.291563814607511 0.237679072850145 0.353654050775807 0.251887329778529 0.299644373956998 0.217469336404187 0.37695709448934 0.344542012634058 0.487261041086915 0.339968836842782 0.437109988811995 0.38887696034338 0.43429236564689 0.422462994945742 0.434530755758909 0.531160959499465 0.580119280063116 0.464566637524329 0.481537494844457 0.392933133025327 0.330805427744856 0.353701379269317 0.297765082245895 0.45946807676258 0.484721342484849 0.555440910451423 0.552818119496947 0.410221564710914 0.435727708456012 0.104520801524519 0.195757487153977 0.393157071241742 0.367577483654532 0.441054801970477 0.449846999487294 0.450306087483921 0.436962876036649 0.365668975242435 0.334470984293989 0.466183781951635 0.435430646833636 0.157995909403433 0.183985050634626 0.544184771740992 0.588721790212083
0.75416111134033 0.642020329413744 0.499217926545368 0.375047654983203 0.404110305471835 0.390488104151762 0.592559373752367 0.441739577301159 0.554772836360052 0.534150239876102 1 0.660487531548024 0.758232635304378 0.555973012166502 0.574528215738633 0.397163784926397 0.711921611322689 0.683163852378515 0.668871090871567 0.649849279989136 0.0694062513170539 0.237918065536923 0.5120969340863 0.265938979015354 0.230786536665842 0.0909598695927802 0.0571223171290293 0.0581698496554504 0.705351079214417 0.711947043691921 0.433957162877511 0.360567250510923 0.633595937164277 0.566320629114434 0.170500960646724 0.383348832824037 0.470066017045423 0.244737209667596 0.270440516237042 0.315218871425258 0.483634799254416 0.339260656280921 0.566933443781989 0.582360045593084 0.476319036521616 0.519755459179076 0.537239595583592 0.553527321215693 0.496888722204488 0.478260865375015 0.434666474693321 0.453052471580398 0.510857943563796 0.533257732506818 0.486162262427701 0.464291544309028 0.596754022107078 0.57016569170089 0.566302154188043 0.499599034147115 0.685644876005687 0.382923277760897 0.726741451344848 0.525380288939413 0.188233299146097 0.227060270442818 0.351394482460933 0.244042261556104 0.566979789500895 0.567660743563387 0.536446926429565 0.482273408406628 0.489512605589634 0.492343698708217 0.322809905453321 0.271729176069101 0.580327580048074 0.531924074449287 0.645588258119264 0.551997538029613 0.646046186108124 0.55225512966167 0.410866763994038 0.32002580030824 0.456878231293958 0.292728516828241 0.150914907761481 0.0661796235947496 0.679477786654297 0.454429453728044
0.594418034520503 0.569163949731848 0.376576008890414 0.598706631551577 0.142723015748277 0.549941707877428 0.411167803906326 0.634160196873593 0.330262741539503 0.525680085986306 0.660487531548024 1 0.498775149989725 0.727236122303566 0.276473954870108 0.5194367813278 0.494126727320101 0.562222917249521 0.467463622069808 0.581504610968142 0.203105119436844 0.284446892026627 0.296989827165868 0.391207990124397 0.182489453047589 0.114409508151685 0.118365670783716 0.147098137461695 0.453791650259637 0.544654084446266 0.269816662374503 0.263429074120858 0.496042310185318 0.585786326203207 0.189306164132959 0.350168196431352 0.299848133050928 0.265601955278148 0.319309572176068 0.411927683761228 0.411081402416718 0.429789669914561 0.499925416526566 0.468417634532281 0.354092357528812 0.417987827356331 0.446631422255821 0.478380528736831 0.319945115406133 0.377068976331679 0.464291866295746 0.550102852025671 0.470420267463538 0.3764505428148 0.584215214556573 0.619491720729944 0.502679410158906 0.587233217786703 0.538528431294246 0.588138351832366 0.664833742997542 0.682361536501278 0.403717420733475 0.670722596029659 0.111031918484572 0.520770538670407 0.366046558303771 0.425925770667693 0.504189209898693 0.46160511741626 0.360058366765615 0.422293336679554 0.38834072127661 0.469695971116142 0.21577167955005 0.280476183023951 0.454407472119313 0.585162606131248 0.448928091704435 0.48409755125351 0.431072947064516 0.60107371022202 0.258215902813852 0.413343333164706 0.379534863949771 0.628208687036831 0.0691326500850324 0.217902416099723 0.612923311665 0.657786568302095
0.57623566788932 0.492665075498261 0.642989969334307 0.334678263233827 0.537674181216711 0.511294665674559 0.715839817141012 0.359170866927684 0.700780452920605 0.571707586176316 0.758232635304378 0.498775149989725 1 0.633028689037545 0.833019160612764 0.60352264882209 0.381840402396674 0.394614189447892 0.448395245047559 0.44170317469857 0.183432322342154 0.262774134088805 0.668119131308325 0.351916205502481 0.294885236925442 0.193296053564719 0.159374669502933 0.175769182859821 0.535379289427766 0.502452815365828 0.334803118078472 0.259703077636464 0.452821502178674 0.321268082800185 0.102586693044072 0.210658965526113 0.423708941575527 0.191596108996401 0.242421408778998 0.253374170773838 0.416946177370565 0.190574343601095 0.405472252177065 0.39349130601233 0.241125264584147 0.255988873283472 0.347821485001744 0.418704238400771 0.262950743492886 0.307842953840094 0.305822988006895 0.305600572560854 0.360845009057626 0.455932884317857 0.325362750107713 0.359510225783053 0.352634367295905 0.416874969724172 0.357098996704669 0.253845325795616 0.69749369742239 0.299054686873612 0.555526100354059 0.340833036147876 0.359529869721341 0.217973365827717 0.261431115776922 0.0833499294148659 0.499008672123375 0.490553772814251 0.537958316449018 0.53031045176132 0.28786707735528 0.319593801044593 0.240438723653622 0.127913968929877 0.428738323115688 0.314664685567751 0.444012133140709 0.388835334494747 0.487505451483351 0.429071698972162 0.511163897442503 0.27037994787207 0.577863485063243 0.286801577923824 0.203932789076686 0.0985969041572369 0.778736737162106 0.439477627279673
0.525276954619081 0.47957524288443 0.483819743191294 0.679603833634415 0.340291270359396 0.581461557909584 0.487584057652056 0.694141154306903 0.372694902319671 0.576691155515604 0.555973012166502 0.727236122303566 0.633028689037545 1 0.539873611053076 0.786812211617147 0.387842714130284 0.441949080832126 0.427055218005412 0.506280199171701 0.15986865200505 0.29840094537461 0.447030133690797 0.643219295081831 0.252884081852106 0.22266383710369 0.131611877583063 0.210390686748237 0.475029628048616 0.492101515195921 0.252433215485723 0.261988287702557 0.436431076526217 0.527060717845412 0.165864481257278 0.310327446761596 0.217417886439692 0.115805415696278 0.290676580705497 0.40383043495782 0.388443511524134 0.331893569819259 0.410827808666698 0.413074716924688 0.26971118006238 0.328119849011883 0.361266148630374 0.457911144394907 0.237316293180855 0.275449403080444 0.276946004295046 0.404251076533731 0.39850432932128 0.421782301664003 0.462130592862742 0.545227614788708 0.351062480439479 0.445804725201053 0.374938742931617 0.409153352133906 0.512173734619765 0.621017769441189 0.470179485935003 0.650314048333524 0.296459472670128 0.497836978501202 0.34561859414082 0.377489434966039 0.472021713638556 0.405026212671977 0.391343152395129 0.534505076027437 0.319109882214139 0.38988704042375 0.196731426306656 0.211935665225804 0.407309801437961 0.451599837269277 0.46354178619602 0.462869751923805 0.484889249885064 0.687354376807352 0.471393951787093 0.507307389514116 0.517996090982525 0.724081564218926 0.284633549647174 0.368691474813818 0.66005328957265 0.721761802088032
0.518834683464403 0.473889973187406 0.603636274991364 0.262438157307736 0.696525469179034 0.499317170220056 0.618276596900514 0.277365542162092 0.759585848488957 0.565279588960395 0.574528215738633 0.276473954870108 0.833019160612764 0.539873611053076 1 0.659099536501043 0.388559222222431 0.37086877546323 0.404179250097334 0.428188270273748 0.282359940481721 0.300641558432099 0.730199246781077 0.429088277578332 0.334331173932397 0.324597853696623 0.21734797623125 0.273056195843884 0.560003183261138 0.517624802734425 0.406152613786389 0.304832326390979 0.451643008054589 0.29408414284219 0.144121870763169 0.205410850049176 0.522080494618201 0.259617578507909 0.275127560196187 0.329822519674357 0.490852914344047 0.225633905756749 0.376555301062021 0.347224828789107 0.269729281735457 0.257919527151631 0.325706863213956 0.385016662248198 0.286820238629865 0.328491748764656 0.229714797637846 0.25822184138937 0.358714431063422 0.505109345288637 0.276112621403484 0.327349660658602 0.289189247014137 0.355502625959235 0.29501772629347 0.217824278711363 0.495142919562497 0.133821056193001 0.585462954032032 0.326816402059775 0.446754613367374 0.0676363672555233 0.260956478650111 0.0309265171437871 0.501771465331602 0.512413669414883 0.555090969856524 0.545799605941626 0.227046436053628 0.250900655146246 0.140647239298973 0.0171516569205002 0.388208336610399 0.243513234465069 0.466163364014627 0.385240474236779 0.527838538207098 0.418901435793504 0.668568261215457 0.334555888053628 0.602839600706931 0.233288060352647 0.340741571859415 0.198443663109289 0.763267074403054 0.458327227054117
0.36822695537567 0.361899994580005 0.547232087362233 0.616740696957611 0.451505508016284 0.777413601516697 0.448713792913886 0.53917442470243 0.493051053571205 0.641753125211231 0.397163784926397 0.5194367813278 0.60352264882209 0.786812211617147 0.659099536501043 1 0.260745789704307 0.281132454699669 0.228289363409432 0.280386935714437 0.269514956168349 0.302553174518994 0.513680635084514 0.697688199976696 0.27309437677417 0.41749511028039 0.311670872248674 0.420657778661577 0.347654436191295 0.318490421490766 0.126214192119801 0.152883765028449 0.321361446975279 0.315695151500386 0.210247307340012 0.242503631370294 0.284938642169184 0.179523424654866 0.278623149462013 0.384515714648734 0.349336616470187 0.230026668460587 0.275025111372932 0.25762882939919 0.111725387481466 0.144072111434843 0.184716407021825 0.311807814677473 0.10622748500578 0.220166201584004 0.219573797499996 0.362294085883113 0.335584645916351 0.463548338483664 0.341962087394988 0.494762182045807 0.22299322282292 0.331068864085284 0.253654780524291 0.267822259628449 0.461162324871912 0.556842572129273 0.314228694249874 0.467777479085643 0.489948457150692 0.508736067185068 0.257396701091863 0.271213846639458 0.389163065773112 0.325817900916083 0.379781219881578 0.509291127493266 0.239436152987606 0.312116674023002 0.106497141186029 0.0806981319330284 0.257327522250811 0.32471819397067 0.343925018990249 0.361450969233001 0.389198086138079 0.550399188503644 0.48282741954276 0.462250889111212 0.55424255812316 0.721203392927397 0.358205491493665 0.521797274306816 0.653032842840798 0.744977483877201
0.836327964709764 0.75029405575537 0.448507018199319 0.487884889199491 0.350920564404722 0.235994276482694 0.437072701046946 0.558495087425954 0.431050530556341 0.438943938883643 0.711921611322689 0.494126727320101 0.381840402396674 0.387842714130284 0.388559222222431 0.260745789704307 1 0.885952340323259 0.83420378667214 0.799296242747568 0.195183497167033 0.246880552914715 0.478306755339675 0.382348893505521 0.29195346236765 0.266788832819092 -0.0274706001011775 0.0137399042090695 0.826526449229189 0.832897696895564 0.629756779240065 0.547819320696449 0.81740438326097 0.757182880144534 0.363216448947077 0.566629806835013 0.537205098871484 0.411534748691648 0.32552194480621 0.398082980842057 0.545945305090702 0.47531753740978 0.690089333045304 0.678825199895114 0.661972904661118 0.690262060641092 0.661096439252351 0.655196914690135 0.651780456508507 0.580623031308858 0.385964959160088 0.493267400152006 0.52293872837637 0.576735243460927 0.553456995761867 0.527528346483813 0.782312191665584 0.668455279826197 0.605185756755926 0.566449495139073 0.405864083094274 0.279132465849588 0.790519468532041 0.620564004645569 0.18479139069288 0.165213125461369 0.529165543488988 0.438078033825232 0.693701621056422 0.67054338511868 0.572348109547265 0.514337517136363 0.568587248690129 0.576977706155903 0.264072310369166 0.259869512696452 0.721785377929392 0.572785645561329 0.877390200970223 0.756410434385398 0.840132075020097 0.70254454769787 0.514441778154014 0.559453338441536 0.414752549291931 0.260288855581356 0.274986587612294 0.167244220658842 0.463998021292591 0.427089280073609
0.82225373367465 0.827271873560282 0.482135390437797 0.519153780117303 0.26452478749647 0.232407595757783 0.490058720750244 0.616267480611189 0.392371466653608 0.442188823079333 0.683163852378515 0.562222917249521 0.394614189447892 0.441949080832126 0.37086877546323 0.281132454699669 0.885952340323259 1 0.826702687204776 0.872796192998161 0.208883887435376 0.267061328399414 0.507268996808199 0.434818390938388 0.314389289966523 0.294944111308905 -0.0586988210293771 0.0126053352704336 0.787452056562025 0.871879286414718 0.628483693426341 0.610321232861073 0.785024099191909 0.764310233778039 0.322932567548365 0.504714965945031 0.441414149049771 0.392038073529921 0.232205251705773 0.411431069689791 0.528115181709696 0.48228553058262 0.649604941229971 0.657128253966874 0.581103618686425 0.667998276615882 0.645266534857545 0.644643455417544 0.587897840822819 0.565451130379504 0.366641112169145 0.502237786889856 0.511842416899678 0.588131124969405 0.535862527141648 0.539473300855206 0.809357908991233 0.798435417706586 0.599312820720289 0.554374485837248 0.429400266981617 0.291414258294211 0.781683411439669 0.677517406907393 0.216514629081107 0.172364171352404 0.504627684058348 0.418297648854779 0.701382458670653 0.727639796235495 0.627601648200832 0.603712595459239 0.700515093285719 0.714206738005792 0.278433842342849 0.394949707900266 0.705557912135605 0.640777063436913 0.802085506149125 0.773917667484091 0.76061851066824 0.731327368686106 0.465588829178495 0.52150376451213 0.424111442629648 0.317415151229956 0.129316482336184 0.108746205588289 0.476306246828643 0.44947054080869
0.875338975963122 0.749337093977975 0.541765550692538 0.50311781466846 0.409475910994966 0.159187259934418 0.572704577175211 0.662550353848034 0.427418285316545 0.471944617452638 0.668871090871567 0.467463622069808 0.448395245047559 0.427055218005412 0.404179250097334 0.228289363409432 0.83420378667214 0.826702687204776 1 0.883046941659939 0.219000774307069 0.224563009983652 0.612543757893483 0.500830446761145 0.349977247672226 0.313574919056643 -0.0480007824721508 0.00758188269461247 0.811345228967778 0.833098618716459 0.76235918769436 0.708256810913619 0.838041067751954 0.831412971824271 0.455318552500887 0.592605217568297 0.516073829253528 0.421488500370225 0.323709495985856 0.310759555214658 0.461826651095916 0.312270917669619 0.693435113110477 0.637544982903955 0.643784952720513 0.660259752258454 0.624139774619015 0.664179296220415 0.5745136803233 0.510349162984354 0.283197717239437 0.434822357442544 0.460970168390706 0.564827369509528 0.519159110181012 0.485848143748577 0.719874684127594 0.683040820736126 0.601636979383435 0.530956003388651 0.370326535365669 0.243622701765481 0.8326870104959 0.639832165544876 0.251178590946167 0.0834933058613608 0.619669179476851 0.487973112406542 0.691356308201026 0.729224087245101 0.620731227688294 0.556450085608337 0.589524081336644 0.62820354069712 0.211309599365255 0.333793361092951 0.691591791384376 0.539431212146772 0.779786470836087 0.683947179972359 0.713788363529334 0.63047862677035 0.465219779275056 0.48655141146791 0.466681774345548 0.221143780028487 0.251743556956392 0.105210253895753 0.391442031702282 0.38495024588359
0.811354003739014 0.814245544726582 0.427605447573517 0.491293698501858 0.286415684693079 0.17335120687906 0.477453263101378 0.620312089143004 0.41989075090161 0.440775362608449 0.649849279989136 0.581504610968142 0.44170317469857 0.506280199171701 0.428188270273748 0.280386935714437 0.799296242747568 0.872796192998161 0.883046941659939 1 0.225953113248848 0.287862315909167 0.520907503602106 0.455977400183488 0.317829042413282 0.261554109504376 -0.0709628253548577 0.00751446054764704 0.799950687868177 0.867986942839515 0.684662639156979 0.688614632775245 0.809615251360268 0.805675555768457 0.311068592512992 0.478962251094268 0.467500902131248 0.425513188824569 0.288691004477466 0.372196945979769 0.555858917432637 0.434618081117783 0.636495970202533 0.630100512343734 0.564774631476571 0.618943393255862 0.633974286510517 0.631454748631537 0.522758173539131 0.491774803094839 0.269205789030369 0.413924150926468 0.453833664885765 0.541445794960803 0.508167664173277 0.492520630239111 0.703856751280605 0.730360659241879 0.534950743165167 0.523004766035629 0.347646507221895 0.221168308637825 0.803203906688251 0.697996836850104 0.150640470997576 0.0450271300291512 0.501177731894515 0.380973417757045 0.801526916867413 0.813432383109178 0.578675614189919 0.541299307637964 0.59055037654742 0.659259276427473 0.232236493847203 0.336256049313257 0.65707612629333 0.580570664408187 0.743075883780426 0.65821343777513 0.70244147865253 0.658016513119954 0.504876689046812 0.467868058373628 0.427240132913909 0.262973545187215 0.196244908748769 0.0767129677201834 0.471127162358277 0.454437732029847
0.211220492066884 0.227236505952453 0.325654419201562 0.32416904409239 0.163491182857459 0.247696493491978 0.26330259933523 0.253122864082674 0.17684237563747 0.0926505832248259 0.0694062513170539 0.203105119436844 0.183432322342154 0.15986865200505 0.282359940481721 0.269514956168349 0.195183497167033 0.208883887435376 0.219000774307069 0.225953113248848 1 0.281815587970039 0.295885189662816 0.358101569646788 0.408566516176285 0.527671026093047 0.250663932776848 0.344593433452358 0.252949557301531 0.202321662526156 0.31915379273959 0.202844792814353 0.360817274547278 0.33751364799464 0.357787657852523 0.402452276378921 0.391430694863451 0.338271579433983 0.302170913768487 0.338212831811957 0.346626234859824 0.21421435522653 0.315406407594747 0.246380125580756 0.114051579854645 0.0813491592838197 0.194517907409896 0.186708031220587 -0.0015464996201391 0.0367214210252363 0.0856727373361599 0.174662604947926 0.148285511213654 0.219220578049162 0.238304605050591 0.225857568438951 0.110769881977288 0.16389843097813 0.185496559265352 0.0877020557446322 0.197472838481371 0.141868309421622 0.203496762354836 0.234440164739029 0.308397613684033 0.246295776004599 0.369169259832848 0.35209737462979 0.282087943039494 0.282069902944451 0.307875063730286 0.262304828476776 0.088093836116494 0.170236278918426 0.00544442559172169 -0.0421645550417581 0.216210313181605 0.291248412155908 0.257573868002499 0.196236641534091 0.222445628713236 0.225631471715527 0.392820454157539 0.340013800743356 0.33917115173718 0.281495296692215 0.260751606515652 0.354950975074148 0.353908185309071 0.250548999421784
0.230085542146235 0.301531512841548 0.265861095684786 0.321310683138359 0.170538970254843 0.256222150262763 0.257445662257523 0.310315271907567 0.212663836886624 0.315083082596381 0.237918065536923 0.284446892026627 0.262774134088805 0.29840094537461 0.300641558432099 0.302553174518994 0.246880552914715 0.267061328399414 0.224563009983652 0.287862315909167 0.281815587970039 1 0.326703301234744 0.316911062567882 0.411606499324209 0.404404565663771 0.176950671120341 0.357364436445135 0.402646902819943 0.439965431561015 0.44382561486296 0.408111955706605 0.356421582773755 0.376278087797453 0.318081440564457 0.339187657817748 0.367622291049423 0.27502263981029 0.223135079613268 0.448485957331025 0.37773016833482 0.266675112516407 0.322201329691297 0.289109891389517 0.206824701291411 0.169495298567498 0.260027854790182 0.272292284551561 0.170378167221638 0.177881988893625 0.192608742526519 0.281070674844774 0.219667080484198 0.273542233869943 0.284313703477231 0.21827204255302 0.150035473032569 0.216648018045463 0.225396119163474 0.234665804254494 0.209079414831328 0.227460279597825 0.2793826111003 0.35739200308204 0.22629843928395 0.144286185216623 0.368495179431556 0.320405228245777 0.301041249133068 0.342338358052749 0.326219045501038 0.328264900805189 0.148623908206032 0.169780774023989 0.105690356827708 0.031059420336282 0.335249902397859 0.355967884268819 0.288311007131711 0.274022175678808 0.369324986928938 0.316041149417299 0.335293029581189 0.330507854583612 0.305908686212885 0.221028660334729 0.128669173148447 0.215702373246292 0.376803054224584 0.336383297710125
0.626563777353635 0.556103595699025 0.778840135618297 0.465555910961409 0.689801346544395 0.376764843223083 0.780155079351388 0.563566740826465 0.628045913816363 0.559861591933505 0.5120969340863 0.296989827165868 0.668119131308325 0.447030133690797 0.730199246781077 0.513680635084514 0.478306755339675 0.507268996808199 0.612543757893483 0.520907503602106 0.295885189662816 0.326703301234744 1 0.693359254352463 0.574188833195115 0.565012115101969 0.271711839628835 0.308174247234409 0.572065033167812 0.620481396163997 0.639987014562382 0.631291145927688 0.578326300143963 0.460417560372114 0.454380068573225 0.399805656112925 0.451456128144788 0.291409106063974 0.277099937516475 0.300265057198163 0.353804926977987 0.109195032619719 0.613691548331711 0.532113207345027 0.452472274813707 0.420826440459567 0.493822851630568 0.542121077127692 0.382800016062798 0.444119212474298 0.245176468815867 0.35033394799579 0.388602883897232 0.559528564245131 0.307160305150188 0.365128372759753 0.373169290697451 0.486502799260293 0.320485953942299 0.305387090555094 0.477805280353401 0.230383331127365 0.565751344000651 0.412130020666925 0.662891367598496 0.121488576797261 0.55645723333644 0.319528152366455 0.482132619603954 0.537428096373045 0.736952024071204 0.675652543566195 0.338123671272483 0.371544196046497 0.1080551500321 0.153929041488235 0.518253141763051 0.380302244263237 0.512974516421353 0.503558083519225 0.516451189324274 0.522248424332051 0.549565333805917 0.443658405108275 0.714516151322887 0.240842414876053 0.327445564503643 0.272184026463676 0.569167191382216 0.407246895331672
0.476912533330998 0.440774516200899 0.581108929254976 0.754970380595043 0.406907124136258 0.453634067714578 0.467504573987509 0.74801477347185 0.288073620514189 0.474934212472239 0.265938979015354 0.391207990124397 0.351916205502481 0.643219295081831 0.429088277578332 0.697688199976696 0.382348893505521 0.434818390938388 0.500830446761145 0.455977400183488 0.358101569646788 0.316911062567882 0.693359254352463 1 0.547018205998723 0.679138284083273 0.323199931538043 0.411176714219767 0.444925604849404 0.46147866931888 0.445614807234573 0.531383047196289 0.510247457234379 0.57448976873061 0.563948832701975 0.522805687025768 0.298937386797495 0.251892178856821 0.344408842576467 0.355168271590285 0.272756646043065 0.161083652212024 0.477537975650863 0.423378776479455 0.318044004076765 0.321772093628887 0.355898357420902 0.490198215069029 0.203716336002201 0.26727705744038 0.120132591708726 0.327218030213406 0.324184029213732 0.473597978869698 0.378966363675719 0.497912775432109 0.306318460710118 0.43322621952912 0.25090498210864 0.300710673616936 0.217590135418329 0.453937137658664 0.380357210686002 0.569083008703929 0.60734226178827 0.390958969932632 0.583510875309484 0.572538433866897 0.405563216421521 0.387504061668262 0.499926496514477 0.586291098921377 0.334968446305492 0.405603398288018 0.07430139485619 0.193655997775244 0.408904956180297 0.408510772960789 0.463166756074959 0.500802582160509 0.440660214891812 0.662409335820973 0.49522264889774 0.675756678878273 0.621212239829061 0.636981193424653 0.486822641205718 0.618802501704527 0.401551352306212 0.606843994596716
0.34578338391987 0.280933080635706 0.566480530919287 0.501227832876082 0.312558871086912 0.268267281465352 0.478456212865413 0.458797135051959 0.276825904926334 0.229737147785912 0.230786536665842 0.182489453047589 0.294885236925442 0.252884081852106 0.334331173932397 0.27309437677417 0.29195346236765 0.314389289966523 0.349977247672226 0.317829042413282 0.408566516176285 0.411606499324209 0.574188833195115 0.547018205998723 1 0.761402222628315 0.372237473641332 0.462716005794805 0.397126888307792 0.402434898320579 0.569125129793599 0.528774100289608 0.525487934815326 0.452267923866366 0.588310606157244 0.531890090549219 0.454933517932124 0.308500053276216 0.348844524275901 0.348523888197021 0.323653650967751 0.150582923362714 0.478411347002983 0.368546154419888 0.324514324740216 0.283604942144432 0.339825060435832 0.399876141891191 0.211991960259879 0.249262523036063 0.209181964687203 0.267882292121767 0.270406174677971 0.39739084693126 0.330700526550126 0.30632189319149 0.196869174279407 0.322195476180118 0.272816609345945 0.234698296207087 0.24951253578804 0.130546403371565 0.314118074547229 0.29663292163118 0.448786471728255 0.20030181721649 0.579147112416641 0.460451905746106 0.307049269218554 0.355267507663402 0.505626320828212 0.453348904206673 0.2758284223725 0.263676864611922 0.0181992189385796 0.200595050442389 0.394024581550758 0.394292196801166 0.396283154628417 0.350587619882849 0.404341907864888 0.409025657721397 0.438132814543658 0.454753059279116 0.462572235061117 0.268172588425418 0.30671291215095 0.446690726328277 0.364659826829463 0.337339916456594
