1 0.758311079065482 0.545694463914219 0.519126657391785 0.339255532978206 0.286441251360522 0.607055794445903 0.561661606131365 0.24855036388921 0.359015073093596 0.787082379252971 0.704469382260909 0.530085304699278 0.48360681580475 0.256680334124574 0.274284812061847 0.763336163331829 0.703981952362375 0.781565195948368 0.681921447761644 0.144802363352984 -0.0324340408022865 0.316246016255617 0.181856445176503 0.237858243120572 0.323314913487218 0.167635414330574 -0.00207822425562522 0.585854913464348 0.621206131834655 0.321521428462379 0.353229529866334 0.641197094746926 0.694528033470095 0.190278564132657 0.315233941617814 0.35090718011232 0.459811813358616 0.445471775545048 0.352460906717205 0.310962937856543 0.253219149087456 0.612265541060719 0.599067904027994 0.54474631465107 0.514599637401305 0.568533860507256 0.546649999479507 0.481442674655323 0.509935795073228 0.585866529304334 0.469017289640001 0.661862639056653 0.514233862805846 0.632100226377717 0.600071777475681 0.835461936213396 0.771604884469263 0.720462030727836 0.724829747722426 0.711743613991347 0.519355654742985 0.61636204939228 0.603792894067156 0.182705366015177 0.316057811278215 0.591264630038764 0.595109566655924 0.588415471793944 0.649134817941601 0.60779280771183 0.614711160838814 0.760874752722461 0.705710823698442 0.418754181652152 0.282720947843328 0.693409071137365 0.511853886942176 0.617028871937446 0.600594609665256 0.712525311164994 0.621481161240888 0.464172537527234 0.428315169885913 0.572197565854037 0.582811713976559 0.224828168663775 0.266807730081508 0.651134592370219 0.735326439762007
0.758311079065482 1 0.520016836579647 0.46068020148814 0.194036429808887 0.246179885897004 0.514451626424995 0.549929085397 0.173596754517918 0.219012103596176 0.598326519520314 0.7141058486149 0.35284694781874 0.472392566373173 0.242137422993264 0.286817298207345 0.748483812589211 0.851198027172304 0.68698256239735 0.713201618544465 0.14618252169973 0.0436587127520307 0.303043955879993 0.21347665529265 0.202638721217794 0.309324039541122 0.0102744221370592 -0.122590271650942 0.672292971562327 0.754866431471529 0.491882126869803 0.448474533254953 0.710728689468997 0.774661889349393 0.219165790229128 0.315440649506351 0.358697753276081 0.479279164450321 0.483519902687583 0.359130702013585 0.283880208525263 0.235188299669511 0.641598181683268 0.640205193397748 0.609688790038128 0.617545235936926 0.635737159853387 0.626890262945943 0.609851729844647 0.615608256303494 0.56992214671228 0.599572642165736 0.693654815390611 0.578082120080358 0.674691972695297 0.664342336712649 0.724496405805975 0.882872307950142 0.686484826961123 0.77507963671159 0.476726890828051 0.468226431764882 0.61942368910844 0.725506857503205 0.086363468631941 0.204852964031457 0.560805796241469 0.571167552407445 0.528196502854296 0.65761520861708 0.553442585154124 0.581472828131261 0.637524837124459 0.695519461293624 0.343330680974418 0.292473107946533 0.614034781707141 0.531587836902453 0.62563231588864 0.735269924870337 0.754917634084542 0.725720744228844 0.508338215218574 0.53666448305407 0.472812355664774 0.556454623787345 0.231147787164645 0.254207785494899 0.543289081089351 0.733794467771132
0.545694463914219 0.520016836579647 1 0.679252532101979 0.580403578710063 0.269810671955789 0.879445354959666 0.520411137327641 0.610345665054728 0.435796020814583 0.424102696999974 0.279009086267074 0.493897847957806 0.200951513060154 0.577506485434936 0.281991660994982 0.422095611863406 0.452708307618207 0.640645335671166 0.426161845060014 0.205855212048263 -0.0973867989004736 0.832681767366887 0.614105815950578 0.595384725055054 0.587881188445948 0.33556176093273 -0.0370350979527838 0.391730274361492 0.296295431660714 0.60447723330013 0.562579642156618 0.683376584144789 0.568385087454989 0.598835594701626 0.444596742905551 0.472659310899195 0.518357234753752 0.478442290476475 0.334828310999437 0.219640493533852 0.0519591084020664 0.692025802122888 0.569648197454811 0.676713187497258 0.484639394047813 0.60771389595538 0.556444414260263 0.46719896337648 0.488955352671408 0.659579409156274 0.463002711480532 0.618426900296519 0.559090837907672 0.602845123045219 0.532450052694433 0.48686636134774 0.556071158085993 0.550160321168897 0.508139930703071 0.585392266796193 0.395932676260329 0.1981971928681 0.371678212345116 0.701090426839933 0.605073927117134 0.799582579882144 0.647467077872647 0.355528202335854 0.434971345439414 0.664310851644871 0.535290634992963 0.468846031404931 0.493568337594465 0.293025312087322 0.155285628651551 0.572043166557663 0.441061292786708 0.367574264608654 0.454454008623612 0.391408774071202 0.504089465894422 0.521482604892736 0.433074580059107 0.769518643049177 0.697454552633336 0.289401295908548 0.332700253323396 0.679250499930372 0.544697215709763
0.519126657391785 0.46068020148814 0.679252532101979 1 0.558695181006624 0.652318518263834 0.77798321192667 0.869850072342545 0.570563055548801 0.763749301015248 0.442525744057452 0.466294868138772 0.44981691190979 0.584475584668244 0.412897307153959 0.528152105456398 0.38253710350141 0.422731056267749 0.51078498370182 0.495672780967511 0.159560514753392 0.00826748901146134 0.544185979213438 0.648596014185757 0.363926489193744 0.565993552711337 0.342782106559039 0.158486341595118 0.331496098934841 0.36751956000018 0.365229308136918 0.560364476441201 0.532057128442303 0.612808897038345 0.36913959294401 0.361682049559431 0.345193551635459 0.380468193080702 0.356598609353658 0.214843364813148 0.103490152073037 0.124835581903778 0.516053671046663 0.439828758148547 0.43908220727859 0.319497035946343 0.433161483498697 0.350963569210915 0.326862107435429 0.377226771182092 0.514321694129696 0.33484555312669 0.550721523090529 0.423029947858855 0.469245890211857 0.413730462985064 0.430376561612501 0.506885109047177 0.520580718003288 0.523166866886196 0.705980992261973 0.780932718844905 0.29177695058208 0.55176857605254 0.508525546668213 0.799057479958385 0.629817622853177 0.690293544650143 0.288738024707751 0.423343900357153 0.613015017922038 0.677582189946583 0.458615995538085 0.515686053668193 0.319801952850622 0.191463669982373 0.422604057958834 0.51524749059486 0.406194951630637 0.428925806231114 0.467945086596213 0.58789488128184 0.387904638693446 0.481294418892876 0.642781519676744 0.796190113638524 0.149065824013913 0.288531583102512 0.617479757239982 0.644220809124291
0.339255532978206 0.194036429808887 0.580403578710063 0.558695181006624 1 0.401966886502456 0.658357646253376 0.456398981985145 0.679981318947817 0.590605314778783 0.380090804711686 0.193005852033505 0.642825941487185 0.351016701069349 0.594283088513034 0.39333982960163 0.20165227640747 0.22498127770479 0.358599805100524 0.187995401900175 0.242007511065713 -0.0640086876243662 0.636427986573039 0.475671200601801 0.426283309265755 0.417883929199526 0.507455186046601 0.162675413292508 0.106942274880362 0.112006671280445 0.218305597561995 0.327446801925978 0.323279152151742 0.259526748549722 0.499229732861487 0.301674184760393 0.342003661552503 0.280368667189288 0.39010564983801 0.21859763805825 0.142524818672162 -0.0655600100231451 0.347511144115943 0.278671575485489 0.271402502470771 0.12889528403861 0.215031961356157 0.182735727690232 0.0814320059208176 0.142304923589831 0.385148176584865 0.0959891605451849 0.280797725706722 0.235509262783819 0.265778575706499 0.19125004425268 0.25623919019626 0.246372440824831 0.239517350372421 0.185337535611588 0.611724233956342 0.448363364937798 -0.0223668431585085 0.140672718055042 0.69795485267754 0.688946672182019 0.517896944750193 0.482633392761843 0.19989524677939 0.213754072429949 0.48573731302063 0.405042099467343 0.231163124550711 0.223767931299064 0.232261357530408 -0.0979822938271126 0.371930811990335 0.352777109989088 0.26957079019364 0.331653963758251 0.252499190771886 0.330304968608681 0.448565381508939 0.410407722721621 0.612381602144438 0.554647421229946 0.303894484945564 0.241865865036044 0.458648336326015 0.346558014825527
0.286441251360522 0.246179885897004 0.269810671955789 0.652318518263834 0.401966886502456 1 0.450278425235657 0.608253670492886 0.30265686983767 0.64869649118528 0.186271260549586 0.315557582886691 0.313988478395004 0.534951107525198 0.267115182387205 0.565950639940169 0.181752984647018 0.18116946504153 0.21184886081962 0.251868041339945 0.192570539607728 0.135883500112453 0.287047912350078 0.486800555001487 0.259291686938474 0.451580433136154 0.272438045775642 0.391949627114012 0.11897395115106 0.184121218321898 0.117781995645626 0.359792768296876 0.236092404316422 0.388979416077474 0.281962390184316 0.337326878691343 0.185628016364022 0.212425612643651 0.121110337664429 0.217083472274077 0.109533897264041 0.307104264268935 0.365339793429124 0.33007570653206 0.271718705228273 0.235890109931234 0.295175724296931 0.250425187393135 0.214073621211157 0.258533676498717 0.38126374481092 0.267336695581397 0.33203411516855 0.234420562593014 0.30781412494732 0.309694870185735 0.207867845728509 0.23615547234243 0.364482183798668 0.346956903661034 0.488615247341382 0.537393939334584 0.19529147864093 0.360686319503949 0.329743971351006 0.606307933630513 0.402301852904106 0.506329975165031 0.0791690346846574 0.158450336667844 0.438041026292391 0.483420017360202 0.341206666957526 0.335974119260739 0.186793881601559 0.148932784203931 0.205379892137621 0.340830555859932 0.261952420327442 0.195309945227458 0.288644094136593 0.422464336467193 0.203278799642747 0.364799668661278 0.436431105929233 0.611929641574393 -0.019206809427123 0.257009861523247 0.412097550842257 0.435630386320095
0.607055794445903 0.514451626424995 0.879445354959666 0.77798321192667 0.658357646253376 0.450278425235657 1 0.700752081452118 0.591419919672225 0.588066786596063 0.580737821393986 0.403825573307885 0.651462948691751 0.389645915664772 0.516020610541274 0.310429003529714 0.417643107428139 0.46567152696505 0.649790596406298 0.454973777234201 0.152072327203442 -0.110491853018207 0.731388991392861 0.534957181832205 0.51041062720518 0.543597501356063 0.312895941905869 0.0481693564037416 0.385144388792299 0.328530764629395 0.442054869761383 0.464882159532655 0.581476546547242 0.580024431144334 0.501980692163811 0.4324994728645 0.371543614890471 0.465186452364838 0.485550326170622 0.290060916150101 0.191619246075069 0.0780509775159882 0.676203585909325 0.561327143094757 0.623081657846895 0.446040464648172 0.57126278812676 0.495434019028638 0.436888269687063 0.471618308973769 0.689822685313221 0.414163402284178 0.610533780228353 0.53415309079031 0.590217098924596 0.500133807506257 0.454164677955614 0.544945842443349 0.573921123406265 0.539448874406713 0.759842701170442 0.565954807354628 0.244024822288081 0.434094632418979 0.668488949337957 0.701026109107938 0.806105943338395 0.694352415887403 0.381853466816041 0.492339538388945 0.728705644756877 0.638411782906226 0.530547954820217 0.548567740593144 0.368114114332119 0.196559056368287 0.586505798960749 0.486855487851916 0.418418827671638 0.492119561001051 0.466683512985146 0.581927069071284 0.469043761546419 0.430315320576068 0.803197961135827 0.760451372043805 0.230389117505648 0.324443188303434 0.726098067865295 0.623747112536851
0.561661606131365 0.549929085397 0.520411137327641 0.869850072342545 0.456398981985145 0.608253670492886 0.700752081452118 1 0.46184035766561 0.683005056871318 0.523016556515266 0.647143555117606 0.423002428245533 0.71878282486027 0.234883873267815 0.383589032057319 0.484447609214829 0.524314457024839 0.567646099113055 0.606064592266803 0.0478626488931958 0.0716564280033509 0.304490130099573 0.355396019897643 0.131409753383808 0.334696070445472 0.114039667661658 0.0443494715972388 0.469026084177426 0.551198170941789 0.297850330704744 0.440913831418718 0.55099966895388 0.707678450916869 0.125605997136666 0.2007074528682 0.223935433455641 0.311217911418767 0.32544000306234 0.134840076340337 0.076942119547403 0.137942053046527 0.493425019721486 0.445544566238723 0.392772449743966 0.344025759575366 0.442613609286297 0.361652453108487 0.343564372208923 0.382615446296823 0.424205838851603 0.339412010244579 0.538265837115784 0.396811145277282 0.463038754423237 0.394053525410399 0.425435372487908 0.514203028695751 0.567154877502786 0.616101561051715 0.695051639942209 0.857313686614422 0.487264250854988 0.728463853359525 0.261509889768201 0.584642240406154 0.521566373355517 0.610797494348539 0.376569714758524 0.543138579423557 0.611142273876728 0.680140571640297 0.49876225884302 0.562521186458785 0.343877907011417 0.228540377744113 0.441976902023018 0.55175931487448 0.482968528218933 0.516699792932392 0.609869979114315 0.659260159955829 0.310993347997079 0.440370366247177 0.494826045227436 0.662239342650513 0.0544379571453804 0.265452087329831 0.530550680067978 0.722114749169119
0.24855036388921 0.173596754517918 0.610345665054728 0.570563055548801 0.679981318947817 0.30265686983767 0.591419919672225 0.46184035766561 1 0.642946596885782 0.282576084262 0.141918500283649 0.484091027872001 0.287238027424413 0.623590431316013 0.39222732003157 0.190184196014031 0.163071517799456 0.33062036198834 0.189814290417563 0.0163883487636632 -0.0298902630941551 0.526612073709035 0.415358616912887 0.210506977592238 0.264890467059557 0.432252010549461 0.0524032384837869 0.190473720108051 0.11377562244007 0.199862340832376 0.301645703382567 0.333269405516761 0.278672213701637 0.257521413302419 0.11112429428698 0.223259260199592 0.16198718905955 0.23893281851593 0.061948317178725 0.130304005005522 -0.0509498406359778 0.367945766800117 0.265745317983424 0.286374401867562 0.135485210462922 0.285111557323218 0.243500723248267 0.183554367561684 0.211563350549327 0.263526021428957 0.135532222232473 0.314164016409663 0.205068504325975 0.20377892734384 0.189917941348512 0.196879598093913 0.223729517456922 0.233683091702225 0.186296037966029 0.467678288984625 0.431902680620889 0.0883017240127475 0.166357717006667 0.513096215379503 0.507162078238273 0.306768821200781 0.255129865142249 0.0683187832922472 0.13228206644397 0.436152798968208 0.304897084741918 0.227933858529347 0.190159069141759 0.173426666891867 0.00454790840680217 0.245503275754738 0.201818900392549 0.233405454419513 0.189898656754471 0.194623191597097 0.201220600796433 0.315718578815854 0.251823625561404 0.42998920897824 0.411050471678354 0.0628540712922453 0.225067665992613 0.437290608653973 0.316346365910976
0.359015073093596 0.219012103596176 0.435796020814583 0.763749301015248 0.590605314778783 0.64869649118528 0.588066786596063 0.683005056871318 0.642946596885782 1 0.391711507038516 0.369607498190742 0.526401874045077 0.560102715093594 0.426194289181326 0.602856877452203 0.186425110708384 0.203724191194842 0.33926638276119 0.275733833593788 0.065512210020766 -0.0894545370211266 0.441262050143873 0.490308995171908 0.1574967407142 0.330686727654927 0.318072327141463 0.316517001153574 0.125337711951202 0.198909422685174 0.0544906254258985 0.268869765889136 0.243171133458208 0.359465916679025 0.249332582202247 0.243625829913993 0.117941081073463 0.17015246956612 0.224105621070756 0.150500130462502 0.0575813425994416 0.157424897286756 0.325997335715 0.263172739155451 0.200826686540732 0.103497214538363 0.226604136678271 0.176996934947108 0.138564609017891 0.242820657757767 0.289566788988883 0.184334484611721 0.323675425839404 0.229560554606502 0.257215504780911 0.272280450187466 0.230830814276154 0.237647675307247 0.342939517425719 0.328838765996883 0.662107464345664 0.705373468010221 0.148027074654847 0.296099438753027 0.508105463567786 0.72815047652354 0.334753170206776 0.432301421663921 0.109260336954837 0.174791268664585 0.456868986229258 0.486610862087033 0.326194602084542 0.352058182849704 0.218591347062224 0.0722707689964021 0.241764861230589 0.291629570219057 0.238874522757918 0.221472132825855 0.246061946996783 0.320943065239861 0.302795953989437 0.354738051749728 0.516718448642689 0.629177311080374 0.0636085064156101 0.238750098534199 0.475140370346342 0.525805605642799
0.787082379252971 0.598326519520314 0.424102696999974 0.442525744057452 0.380090804711686 0.186271260549586 0.580737821393986 0.523016556515266 0.282576084262 0.391711507038516 1 0.755700646818722 0.688579386480459 0.534821016335448 0.259447268655153 0.209643820474174 0.693721095843302 0.686774939253229 0.674370014083662 0.610255912711962 0.134799414399219 -0.0358738182047634 0.264906845424303 0.0740197299909784 0.0764275381865854 0.142399843287365 0.081424135092158 -0.11535328894221 0.61161703812075 0.623070643324744 0.173660123826215 0.201639201977267 0.535267848475716 0.61577364017185 0.10212142812877 0.193994344919119 0.206984207535618 0.361815226299769 0.427778323288096 0.210823514006892 0.237672901681191 0.131054668999379 0.430041323894734 0.412909052612359 0.332208717753776 0.286838462678465 0.339219294160495 0.316256586193983 0.25160798597801 0.261950022910056 0.372434653375786 0.173878032260894 0.45946203480841 0.292060315237371 0.406235004370374 0.336150023787854 0.60850486602421 0.623307456070448 0.541542567396933 0.559463860092343 0.766800371390039 0.567713171960052 0.615584116072736 0.55343518335394 0.176273230697403 0.321217710882238 0.477177991226357 0.456765330566123 0.469784845191105 0.56518114870225 0.54945889664016 0.534519949226254 0.644607283259114 0.635496544862648 0.293338959745377 0.296429571380488 0.573136564909244 0.471040524078313 0.57534587654974 0.573135671737569 0.659374883180048 0.563458193105733 0.366528024781537 0.363063226490064 0.488864758708302 0.496592622759383 0.142314074946771 0.238918567794178 0.602182699480914 0.655767456425255
0.704469382260909 0.7141058486149 0.279009086267074 0.466294868138772 0.193005852033505 0.315557582886691 0.403825573307885 0.647143555117606 0.141918500283649 0.369607498190742 0.755700646818722 1 0.423647219880964 0.780257585564471 0.123329370749963 0.346000578447442 0.700365034762616 0.749776367654872 0.600517732485365 0.746412053552798 0.0691702332299036 0.0926207893092522 0.079936487311576 0.045466172837973 -0.0836729161123276 0.0908700064185197 -0.0945979878113372 -0.0304622473088576 0.691199707329736 0.811547625134721 0.209002773062424 0.233764122679813 0.60323029993011 0.769617243792402 -0.0596557138959385 0.116921600674396 0.12864820682909 0.29142351871403 0.370628732255849 0.214018106455211 0.228698188295668 0.188709649557617 0.359389100573221 0.398857204143704 0.282461356123019 0.341158998151317 0.350630286329963 0.306866893370709 0.299804786241842 0.347483429154635 0.331348404583766 0.341952940198137 0.451827380122179 0.271436421461826 0.489542693459464 0.450311252561789 0.534919131348768 0.63522506851463 0.62025055064117 0.703494632757895 0.630574101471483 0.706127569455493 0.750475058542323 0.81528896383043 0.00564287078010026 0.23363678004664 0.381630825343461 0.485846264725792 0.411838807725001 0.610104229056259 0.478241244210913 0.591665670807086 0.596489861811653 0.713160294354947 0.320699559540659 0.258288235052298 0.47108919513286 0.527713699232016 0.598829930159056 0.648720282931429 0.713664584614949 0.613498581591058 0.3495091219444 0.477150333554072 0.396552877346524 0.49985011966673 0.184467189250624 0.297314439441761 0.535066700257112 0.776412425383717
0.530085304699278 0.35284694781874 0.493897847957806 0.44981691190979 0.642825941487185 0.313988478395004 0.651462948691751 0.423002428245533 0.484091027872001 0.526401874045077 0.688579386480459 0.423647219880964 1 0.536988412008598 0.663744067669859 0.482861035150754 0.319570768503431 0.356713672495171 0.478192836819892 0.322820685668413 0.273462324624168 -0.0418097609142077 0.557112008901615 0.32670154070036 0.351675493819748 0.332493360355671 0.320975643611529 0.189502013245545 0.310833382231708 0.290924913676325 0.232405792452672 0.250388893373088 0.377448898703807 0.339192554697196 0.335079981100699 0.261263883937635 0.320414932875593 0.359361562936182 0.453157169514109 0.257040778997395 0.261053145254572 0.0922859989386918 0.42272089333495 0.381830392853779 0.348279085043203 0.273484129400372 0.334606799839154 0.303539844664366 0.273380025750561 0.30940244321258 0.474339293409348 0.224535428371056 0.363935977080715 0.332763159691987 0.373763608233587 0.314433928315633 0.359881612939936 0.308014371841137 0.303693806959239 0.264639528661387 0.672431825826973 0.447826502240713 0.203285239420353 0.231392830845558 0.476070229395449 0.48672941094638 0.445988908774403 0.389502228439463 0.287929317118977 0.300568583500702 0.567838473816502 0.405296269833052 0.456203738486882 0.425431527399093 0.211137050378846 0.132327496596649 0.463723751988634 0.36254548884435 0.390587351274957 0.429331571967338 0.405347062111013 0.45533644828677 0.430538344629865 0.441017320166156 0.631799039625456 0.567004634885201 0.231609523860931 0.304966189067323 0.582927007443668 0.489297762917652
0.48360681580475 0.472392566373173 0.200951513060154 0.584475584668244 0.351016701069349 0.534951107525198 0.389645915664772 0.71878282486027 0.287238027424413 0.560102715093594 0.534821016335448 0.780257585564471 0.536988412008598 1 0.347769033608727 0.665430495628154 0.413742056473454 0.492849209492538 0.371792572999636 0.577422548146366 0.182866637000688 0.17169702839493 0.156056564545873 0.256444383025105 -0.00291370880354075 0.226928652809472 0.0584450247006639 0.215926728421228 0.444429656144164 0.585847437607087 0.159324180205491 0.273245894207019 0.442591311773767 0.591799407762525 -0.0379533148816346 0.103029301891308 0.121945473913265 0.224989517013838 0.320423698044916 0.156102314223193 0.197394193759673 0.136932887207421 0.26830906836344 0.284651538867949 0.140929567016253 0.193200111822952 0.261535164852734 0.195714701753758 0.184926252738929 0.245089237124246 0.27733218217562 0.23422472123466 0.324820921908293 0.225805397906408 0.356629459398193 0.308254162036469 0.333821368666328 0.367753154427166 0.425644852941932 0.455709789530588 0.591830590493712 0.735226305029448 0.526597812352059 0.653429844400173 0.0973092986738746 0.389588826456461 0.27074237341007 0.410467583738121 0.243227060432308 0.382795419112621 0.436081523183913 0.571157558900082 0.395259540205326 0.494426821227482 0.277776254858037 0.144689555786498 0.354207735866334 0.488989609049029 0.469868563977215 0.478493672063854 0.551799303777935 0.554223543721021 0.32133074207075 0.535552737362931 0.376604920252475 0.535059628180875 0.128434323732723 0.345400074744975 0.458641739016937 0.653894401693867
0.256680334124574 0.242137422993264 0.577506485434936 0.412897307153959 0.594283088513034 0.267115182387205 0.516020610541274 0.234883873267815 0.623590431316013 0.426194289181326 0.259447268655153 0.123329370749963 0.663744067669859 0.347769033608727 1 0.638705504766645 0.180232340169294 0.218608726534466 0.301569235925892 0.203099326929522 0.36015510549019 0.0308693376382989 0.715833908991052 0.561914346325532 0.503777479584644 0.480856368521992 0.358529782086933 0.227343010965528 0.208385667233648 0.143847427643189 0.432952894205114 0.400884454978833 0.390770611787637 0.261924606222798 0.477174998230037 0.308835318119125 0.409528916901855 0.299107088116289 0.452154739553017 0.273974754159311 0.331907645285372 0.0387440023649523 0.42860551777766 0.361156909059084 0.385851979270603 0.29875825211995 0.38104794818087 0.363418854773006 0.288870583476999 0.337864754212313 0.436889156918066 0.337403685851357 0.368735210019655 0.428905813254265 0.385988763247028 0.328021682374511 0.248826077339419 0.209942845880242 0.201640495742527 0.13736924313651 0.372406592618534 0.222667033260974 0.0435608759471574 0.106217161819245 0.582359592706393 0.433698835713239 0.360921213230168 0.276245532993154 0.0829163670440838 0.102428602845896 0.466093507426031 0.318825492703074 0.24099402483506 0.213468994406581 0.0880198822990066 0.00256145037022891 0.347038284351885 0.175913363951926 0.263666879355185 0.274055863854725 0.247071061663937 0.320778388808233 0.582793041352015 0.547620235371715 0.618616688539858 0.541427499497218 0.341562789724272 0.408162655340415 0.542799207328442 0.350035351487099
0.274284812061847 0.286817298207345 0.281991660994982 0.528152105456398 0.39333982960163 0.565950639940169 0.310429003529714 0.383589032057319 0.39222732003157 0.602856877452203 0.209643820474174 0.346000578447442 0.482861035150754 0.665430495628154 0.638705504766645 1 0.164558090461801 0.228781135934643 0.166864923877302 0.310566082606392 0.377600951423754 0.0809922301197893 0.451836202706649 0.64190699548248 0.292776897094092 0.472951976938557 0.287671866660479 0.489480242257098 0.146686392778376 0.249319059837138 0.271006477127353 0.433711426890086 0.305943955722337 0.324329551510585 0.28820061970982 0.319047611186356 0.275721788641688 0.217175742598109 0.355207111890602 0.319101343115588 0.287272782560367 0.150423185262224 0.296014243989462 0.284950614637498 0.195896026053582 0.201094276369341 0.27405691780285 0.24488306495194 0.226471139802961 0.270926692063143 0.346497084005219 0.281846808989971 0.326305757979093 0.274303483003848 0.351130940705178 0.336666366927131 0.278260933334601 0.236200047388137 0.246368646442408 0.206450026253239 0.37527997313102 0.402127341503047 0.129613507320463 0.243582502352431 0.342397994889145 0.491822058243074 0.22680985810882 0.345217777420462 0.0514189961954058 0.0934218614517904 0.379771202143138 0.431279460541095 0.267856531861375 0.295087183796077 0.15131476538546 0.0764672416600033 0.240929313521347 0.26562887531778 0.299497148538211 0.270223882627897 0.27996617839324 0.382145678751223 0.424216728939638 0.608840119069394 0.458758824297901 0.610920829532981 0.268838555549479 0.414800316148231 0.448341230554489 0.439431950728414
0.763336163331829 0.748483812589211 0.422095611863406 0.38253710350141 0.20165227640747 0.181752984647018 0.417643107428139 0.484447609214829 0.190184196014031 0.186425110708384 0.693721095843302 0.700365034762616 0.319570768503431 0.413742056473454 0.180232340169294 0.164558090461801 1 0.886744168777252 0.7094518261419 0.735291849034986 0.203689927095262 0.104922823802345 0.221780713444798 0.128812973833074 0.159464695095688 0.233660582831781 -0.0254114863416784 -0.188328463714163 0.818004386941043 0.808884453899907 0.40813669474088 0.376068572012688 0.734693878140324 0.751227205124 0.116712262690363 0.265172801053119 0.337449765164298 0.455321718873784 0.462537076554407 0.313751513064735 0.374044962866989 0.201749637956165 0.48506191231681 0.505303020852569 0.422481094118848 0.422156220923765 0.468699243121342 0.454904632934155 0.361365722117066 0.333278305545014 0.33503363547568 0.306597888425226 0.516604387370907 0.358984694014083 0.520570067368957 0.441288657840943 0.813259804539212 0.739671924980208 0.631415944703427 0.642347770547418 0.502940709056923 0.421479228142494 0.735212389306944 0.740651713707461 0.0655939899651574 0.176147656770918 0.483928843548586 0.496424500611719 0.585261067697163 0.672860379742654 0.465698032544347 0.550909480355227 0.705550862629421 0.687494880074719 0.34053212643719 0.243484553829307 0.610913529889208 0.511940842722433 0.764782495118533 0.740284905112064 0.887938684359243 0.712745305290861 0.515637172202586 0.454585776015894 0.419563157119418 0.428237178481408 0.231567520612279 0.264963494099751 0.476402529888112 0.590638912870063
0.703981952362375 0.851198027172304 0.452708307618207 0.422731056267749 0.22498127770479 0.18116946504153 0.46567152696505 0.524314457024839 0.163071517799456 0.203724191194842 0.686774939253229 0.749776367654872 0.356713672495171 0.492849209492538 0.218608726534466 0.228781135934643 0.886744168777252 1 0.726391817088996 0.756555932819368 0.25999741495414 0.100105306012867 0.294740699418846 0.169171895603289 0.207220878765474 0.287864821172013 -0.0301813987715472 -0.200096900460438 0.821282387621946 0.870183237986618 0.495207004782139 0.431530851848222 0.756600956911116 0.804330038886534 0.188082511038126 0.310620678097377 0.303775867872541 0.448005593377289 0.541230314737759 0.3238956614057 0.253409257015947 0.14817792268351 0.513443878164892 0.52883540940939 0.465253419056193 0.47591948911527 0.497781794804952 0.477425264862926 0.420852779202473 0.407441419939334 0.371929999599954 0.384867878415187 0.541066146601436 0.43301286307467 0.56140063951342 0.498827729840079 0.71557452182417 0.795005565522001 0.589861810321906 0.673571786356218 0.468093247261831 0.479670942241078 0.69150612353891 0.781923486239864 0.126932563832417 0.214501067526415 0.516288170752402 0.536695921100344 0.548762713128762 0.695021041101825 0.515654474465421 0.591594565353688 0.65058180340676 0.705218936231487 0.362235646864275 0.237569023668046 0.603469123489978 0.589472433104415 0.706439998858938 0.81313415097015 0.859840985011609 0.761923705538106 0.546709321955836 0.541778639900329 0.462589750822725 0.4893306473727 0.28529296110616 0.26626771178422 0.47274810051174 0.669190069690757
0.781565195948368 0.68698256239735 0.640645335671166 0.51078498370182 0.358599805100524 0.21184886081962 0.649790596406298 0.567646099113055 0.33062036198834 0.33926638276119 0.674370014083662 0.600517732485365 0.478192836819892 0.371792572999636 0.301569235925892 0.166864923877302 0.7094518261419 0.726391817088996 1 0.7550946036804 0.103066117033444 0.0196104829414925 0.426558642824708 0.179403464376111 0.253750763134599 0.271974474307062 0.0928753384984801 -0.11126443837909 0.723434140731562 0.682234580032816 0.464968806701003 0.425708743439422 0.759770282764662 0.741320566767605 0.227078933527805 0.26284518869151 0.341634349016056 0.418757251370085 0.428678693934583 0.265327687557249 0.203799538069039 0.212176551239925 0.590616811963638 0.548796348084445 0.530682349431448 0.466003404664041 0.572828419915779 0.521838646066483 0.452724398653459 0.460522188301417 0.451988379770928 0.404122640492603 0.538265034618422 0.457654100943765 0.55338191263463 0.509940242252017 0.656643277429278 0.656409720494215 0.676385735624685 0.671440941241738 0.591122612965726 0.46933647126354 0.608112481078893 0.671343092897553 0.307313685780237 0.279830150476305 0.587977110580612 0.54388727702473 0.564364076961082 0.731183304207989 0.612898561709886 0.60316556824872 0.699231266241552 0.661996142589306 0.327664722375157 0.263588621523243 0.716860562948233 0.548917572438822 0.567840019615471 0.638122347540219 0.683873818306927 0.641830876997805 0.521063212234315 0.371657911064733 0.599961909825093 0.517559182502313 0.240055122755521 0.336350327330511 0.567136657347933 0.628883681176198
0.681921447761644 0.713201618544465 0.426161845060014 0.495672780967511 0.187995401900175 0.251868041339945 0.454973777234201 0.606064592266803 0.189814290417563 0.275733833593788 0.610255912711962 0.746412053552798 0.322820685668413 0.577422548146366 0.203099326929522 0.310566082606392 0.735291849034986 0.756555932819368 0.7550946036804 1 0.109929164812704 0.119883933058274 0.220220544597128 0.168410699932289 0.102404341529495 0.233227995118505 -0.0923701430693653 -0.0946626863592986 0.760453921320114 0.786867011583664 0.449729391575665 0.450215418306174 0.762687692774827 0.827330131795989 0.0384140191314974 0.137666828308379 0.29564768211218 0.384233093907402 0.456209015407961 0.226570364236476 0.251699558962211 0.218158767978427 0.42713562438099 0.45027101453663 0.395851459882175 0.412906500239793 0.458060802055528 0.404922741269422 0.398194134447689 0.378275079317149 0.354930043606057 0.362923605584463 0.512381667629063 0.366093273661462 0.522961918530522 0.434559556454306 0.619856336665172 0.6464324334263 0.619015209635877 0.637293974652274 0.494539576937727 0.484511826729396 0.683173610029262 0.824292766592577 0.0420782676292685 0.164951450571262 0.444782398924475 0.512024556778128 0.623730569566148 0.768237260856759 0.521164186546109 0.615872508930704 0.647434474751049 0.667239494489348 0.275965993272287 0.167054377382461 0.58695195713821 0.495546694770041 0.622195385729997 0.650089391200752 0.74360166361304 0.679627367518925 0.492348086789471 0.484582518345578 0.454001392188972 0.524533848430909 0.301929143395659 0.436556355338335 0.492948371256424 0.672152610746588
0.144802363352984 0.14618252169973 0.205855212048263 0.159560514753392 0.242007511065713 0.192570539607728 0.152072327203442 0.0478626488931958 0.0163883487636632 0.065512210020766 0.134799414399219 0.0691702332299036 0.273462324624168 0.182866637000688 0.36015510549019 0.377600951423754 0.203689927095262 0.25999741495414 0.103066117033444 0.109929164812704 1 0.217871080475782 0.402232444562785 0.373139600859274 0.49797404021118 0.462797537294252 0.25740361237466 0.200624609050724 0.197087951885096 0.15164052884734 0.45136378299139 0.392035423047031 0.282203643924756 0.183616904706507 0.360744872530108 0.284336737188769 0.396020983483635 0.327981225072115 0.442449946228759 0.393284680162894 0.293140517646302 0.0149197285153457 0.201516542971012 0.218526330796848 0.196886103965207 0.218014299231414 0.196559581779196 0.19737993390251 0.132548744702483 0.0971822661783318 0.261172220388381 0.113352431995223 0.131316797526101 0.141494844954939 0.286351390080232 0.182985893317289 0.234586665036581 0.167215961114196 0.125604846824347 0.0713698944062521 0.122126187061131 0.016032850000594 0.0307540329628971 0.0724979543297616 0.307315396076767 0.248698382710749 0.307114519614858 0.329848650353502 0.148304811459898 0.160668012265023 0.295514035039724 0.325400447404811 0.144680841257596 0.197067601136476 0.105287918092874 0.0111136558091886 0.262588051394882 0.199750690605609 0.273805778655363 0.235317234668335 0.236621350936174 0.283381493247042 0.460106986468146 0.410441593480856 0.351544307835773 0.297766975008432 0.369052977172364 0.246842049697002 0.265320333595971 0.114721985860937
-0.0324340408022865 0.0436587127520307 -0.0973867989004736 0.00826748901146134 -0.0640086876243662 0.135883500112453 -0.110491853018207 0.0716564280033509 -0.0298902630941551 -0.0894545370211266 -0.0358738182047634 0.0926207893092522 -0.0418097609142077 0.17169702839493 0.0308693376382989 0.0809922301197893 0.104922823802345 0.100105306012867 0.0196104829414925 0.119883933058274 0.217871080475782 1 -0.0782818555221441 -0.0232219662697893 0.10221334185804 0.153771388604171 0.0506843854904829 0.13477714156413 0.189169917671443 0.158453000780205 0.304708035092891 0.255807914350324 0.154925375612233 0.176394141635409 -0.0503758830343688 -0.0163107911719591 0.179658081976358 0.0476103613458758 -0.011486332256687 0.0505733839975892 0.0646393238978634 0.0496608400936104 0.0939858427574907 0.157731636417933 0.0723240238014494 0.136619238221136 0.0983453617535551 0.113471127468638 0.0810172740461944 0.0167627104051699 -0.0350094545736978 -0.00946768267475704 -0.0161327764990064 0.0110186001250746 0.00718150365193766 -0.00261474689360945 0.0540950150071772 0.00143883848661116 -0.0374964929780699 -0.0177215802299111 -0.102298733098772 0.0145345200791183 0.127121675482808 0.173445946332856 -0.15630222605621 -0.0794876432148216 -0.029217502056339 0.0298226849318395 -0.0193778691608782 0.0394892437137832 0.113746765329191 0.145015569136336 0.00347484389490191 0.119441446291506 0.0603854712063949 0.085773259894151 0.0172970557037294 0.0641332369158432 0.148219382836532 0.0663712516218778 0.171531752357309 0.108894466570797 -0.0503473914644039 0.142787140593788 -0.117365682322276 -0.0197105517440862 -0.200121994134198 0.0976811505641249 -0.0891036297673503 0.0414173847434973
0.316246016255617 0.303043955879993 0.832681767366887 0.544185979213438 0.636427986573039 0.287047912350078 0.731388991392861 0.304490130099573 0.526612073709035 0.441262050143873 0.264906845424303 0.079936487311576 0.557112008901615 0.156056564545873 0.715833908991052 0.451836202706649 0.221780713444798 0.294740699418846 0.426558642824708 0.220220544597128 0.402232444562785 -0.0782818555221441 1 0.779071509752413 0.780586167554417 0.732033054547188 0.455459541081012 0.139503752631937 0.198109097337349 0.131719885588305 0.625884224774085 0.591454926852965 0.487882061952446 0.343502620573389 0.743064856189098 0.518430602038677 0.491757104330892 0.462487243817793 0.500933391017683 0.400274598756769 0.242527332545828 0.0209876945815312 0.559652063527507 0.462061899051288 0.533423706854889 0.359952932348417 0.458246881229885 0.410950680009801 0.318928163245142 0.35131103488681 0.57729784824422 0.326624144639371 0.42746568241549 0.428169894811597 0.503200595183162 0.39932182335232 0.326029361587744 0.355938903277782 0.282498089340704 0.231339624792751 0.439054356803209 0.228163966576114 -0.072348869503237 0.0998643021854488 0.866017601910421 0.658510857251944 0.671724920134251 0.554119156191282 0.206556476101203 0.232213638508591 0.545515499489256 0.440473245154562 0.329246585582765 0.358923452243576 0.202994438690819 0.0526112965084276 0.479555853490492 0.322625656081694 0.265960266040983 0.403086946870366 0.218630993991717 0.39347091503922 0.573552580537966 0.472983791530742 0.782278070232346 0.662664053360157 0.395284803027167 0.349741749113755 0.539399181132723 0.366213147757027
0.181856445176503 0.21347665529265 0.614105815950578 0.648596014185757 0.475671200601801 0.486800555001487 0.534957181832205 0.355396019897643 0.415358616912887 0.490308995171908 0.0740197299909784 0.045466172837973 0.32670154070036 0.256444383025105 0.561914346325532 0.64190699548248 0.128812973833074 0.169171895603289 0.179403464376111 0.168410699932289 0.373139600859274 -0.0232219662697893 0.779071509752413 1 0.636608803390477 0.7711299944434 0.43824137587577 0.343085522423246 0.0590311944145154 0.0648030488866609 0.477132864421082 0.648437055860826 0.346025864104358 0.26350017877984 0.655572675315234 0.551112574608517 0.428474642156057 0.389034662276129 0.360507121401743 0.371245485874677 0.226698910058393 0.0924166932271057 0.427578757661238 0.386768920820592 0.402378688198673 0.265329242656137 0.327489631180699 0.302842410229977 0.25426959661075 0.266187529170634 0.492031297305507 0.264200793700318 0.370206813543121 0.308676099352895 0.42681718140721 0.360286249034635 0.283239188142208 0.300188898724923 0.192251972252334 0.145333528201325 0.327707024257121 0.260151233237025 -0.110563856016611 0.093813885785015 0.703373766996642 0.747385983746816 0.547206088494146 0.560512468127532 0.0848072850519175 0.101669705719143 0.382034406948186 0.442059822673497 0.25377822850475 0.277090835605242 0.180469502076271 0.0713241812288441 0.265513468440731 0.295148576395119 0.239565318224418 0.281323814874025 0.146127090651616 0.361559272507933 0.41850851485511 0.542496781996195 0.629801483122982 0.707698339131186 0.324704791010565 0.359357261024814 0.442747075332785 0.291251164739117
