1 0.927864929033415 0.709572909245123 0.622061923175572 0.416825755572378 0.282959451694723 0.703676032468597 0.559712879980873 0.42118727717486 0.177537175796286 0.738996019085054 0.798580103704035 0.780471008074709 0.687469427500073 0.554414294041455 0.393813579713794 0.844954776586624 0.769957501909553 0.925044895795948 0.881355521857738 0.136561874263916 0.295535146580563 0.597085086047272 0.397255795326972 0.507481590723734 0.310048781758371 0.494015211918855 0.374427677286092 0.66387196639823 0.690620584252723 0.351730579556804 0.323963475058627 0.651997903213228 0.594557055415153 0.482388557977578 0.415359923519783 0.652723534581614 0.502971997924791 0.562350333431501 0.493239923736731 0.478922559841022 0.36268647306987 0.543868235215603 0.605899464910308 0.700572618590616 0.696258839654873 0.721659850236504 0.669134067748139 0.709513116396768 0.757285847053194 0.58840418099769 0.672908035035639 0.439342592972511 0.222378987811194 0.692928302716287 0.594530064887542 0.870425397253769 0.867993303913352 0.731605540554108 0.812230008182426 0.628102778136719 0.278540216626098 0.794686318794815 0.59465899170286 0.3057288502059 0.399465252457275 0.472286980799655 0.498998961252195 0.868264276992476 0.883198856218835 0.35486741305305 0.356320047073595 -0.077581188631698 -0.00990190403669534 -0.0732041124143298 -0.0799676160001124 0.506833729538862 0.601453282123768 0.53719992665626 0.584361257363483 0.674725258834692 0.776527015211566 0.733677883598024 0.722898950639944 0.71385448467186 0.690294960760824 0.49826822311237 0.454615073539055 0.64816661495607 0.596426831705567
0.927864929033415 1 0.635080094760017 0.631179904730873 0.361794434808586 0.297402698863697 0.613735290480978 0.580488988243468 0.357960963594476 0.201766644647822 0.622552504625202 0.773853813303527 0.641113126990581 0.656012026048857 0.46176735755999 0.375044561226124 0.845454790347078 0.832721821341246 0.888926182559428 0.919716387364955 0.129361451900919 0.352156109716242 0.52069947210431 0.38787494545602 0.4594706778217 0.295595816224838 0.477250457228723 0.345001190294925 0.645716876490507 0.735222933298477 0.363831988269484 0.362229765541873 0.659208657232191 0.624215365117632 0.492311026003851 0.441141747850767 0.654479058907355 0.489394775242794 0.523089739887946 0.487009072610189 0.472405517399873 0.359828726715414 0.52061534806608 0.593453667211996 0.690513072690988 0.703422669962168 0.699234542287993 0.661744975788937 0.694781269224934 0.746735774918679 0.55089198544912 0.646332388999417 0.425110529403254 0.218943327135588 0.641341039831536 0.573651109809109 0.88160592025187 0.902272788392816 0.650145874817882 0.762086481986508 0.551261870906636 0.311419577377646 0.74130615896856 0.619209073967703 0.254253458595894 0.381283072637042 0.455656616694635 0.516756312465004 0.895328811144935 0.919223602630701 0.38853999616342 0.365001454993571 -0.117927105992582 -0.010013838478943 -0.0801872177687706 -0.0930583790241123 0.550198562310176 0.594504688069312 0.587066868535071 0.625562694103797 0.687507385463069 0.781603368911893 0.694555122032852 0.708294380497287 0.61716671104928 0.660755174547677 0.408436491455331 0.378256998431518 0.56790810542394 0.567078294960541
0.709572909245123 0.635080094760017 1 0.796764463710823 0.738101218457459 0.377140459519791 0.84444384850949 0.637958327960209 0.666884072620681 0.374481206663942 0.493537297338421 0.486849621152822 0.637722077839119 0.613403917387672 0.724075825901993 0.433102051591531 0.659563740939308 0.648779990470885 0.703522323370331 0.683592799460314 0.470228769727976 0.27949002267394 0.888200485027915 0.686930651473723 0.796574897971097 0.703888285384174 0.710952743976338 0.584164693812272 0.606061377055703 0.625322120999217 0.734829454228353 0.620307528674039 0.806420523665925 0.734485927305186 0.812511369383277 0.67691512405712 0.57559294112691 0.597022985185182 0.627285677903803 0.439786130088646 0.50277938904545 0.515053193741711 0.723502795631474 0.708558536173606 0.775635661764902 0.706231961154508 0.720374771580201 0.750228499852211 0.741202728501789 0.74971093085885 0.707969606069789 0.732230559887244 0.614231256847883 0.482133137346482 0.740350613488644 0.72920920932172 0.730894274420763 0.732255408544525 0.756352310426605 0.718843225953211 0.654693975763378 0.512912146535643 0.655254752891283 0.597501021180119 0.700667763710209 0.697821168733902 0.786922156868562 0.687868275589079 0.715005169504603 0.659482567615262 0.3960344391863 0.525880171101819 0.0589071602134412 0.26760773452351 0.073139947119712 0.198448281727727 0.630712713071595 0.71524017336396 0.563865334269456 0.604751364291349 0.70722309736089 0.753945118560156 0.719043753944264 0.742685403494508 0.854124820506861 0.78784278353459 0.55641969404603 0.722766028879736 0.818544922909601 0.8053001415118
0.622061923175572 0.631179904730873 0.796764463710823 1 0.528431922487258 0.559148441745274 0.759236085628478 0.85200154939646 0.631307219542483 0.646302316940587 0.445831852805504 0.563028618554535 0.526125801144244 0.745908035462436 0.605209501783112 0.64732839685058 0.632089497930888 0.624764473668135 0.652767695859291 0.682716232140354 0.277750448725895 0.387073450498419 0.726741524478183 0.883173703513312 0.631564872598354 0.711464395135974 0.607091545133313 0.555007621771793 0.599297017352948 0.69777879768801 0.721409299595754 0.778552069226596 0.760552996714327 0.818736015543579 0.736169279273979 0.732521929783055 0.524321392939097 0.549645736792013 0.553445813592476 0.443539397683267 0.44457928466829 0.4518360726517 0.664879156778331 0.649837972173594 0.730006437079393 0.680841783019168 0.725666980753093 0.703652098368998 0.694630721633606 0.715545145077498 0.626891611858063 0.656527913247716 0.560448448210042 0.380998302815142 0.707581403622412 0.68430190783316 0.702156443587294 0.711103641477987 0.682046853497727 0.727973449346161 0.636853859593617 0.771657544327222 0.583240584964495 0.701529836810302 0.608957278097542 0.840431786033173 0.718570216382857 0.756568687199248 0.683066562148981 0.619979432267798 0.425334581014893 0.50817354557549 -0.0141606954971032 0.212196754907353 0.036721645181143 0.115290976272029 0.544174144458711 0.67263941762149 0.580847541176352 0.614604739312556 0.717574262180056 0.804295078196702 0.714647193834164 0.747983940832931 0.748791028607301 0.878989313479484 0.498475040655419 0.706569527176181 0.728324126052682 0.800642909319763
0.416825755572378 0.361794434808586 0.738101218457459 0.528431922487258 1 0.504415017906607 0.664968377518615 0.471443269694151 0.565185285199036 0.29777523246804 0.351513298684288 0.223950428014701 0.48190656205707 0.437515665990349 0.577193168783798 0.351280236674117 0.425238639738719 0.445724186900369 0.428066611221004 0.371759987467565 0.344159989603514 0.186310508026568 0.725147899084852 0.484336588642558 0.685234511390208 0.636113853182509 0.650389579285257 0.59641330571567 0.417914988914963 0.399757956156406 0.593307815514162 0.486958947284577 0.625085279316765 0.562823978169468 0.666526394537031 0.482545426942475 0.412387995908356 0.497853069301752 0.529179291541973 0.345269826300113 0.398366467000666 0.383077548114773 0.577643917152104 0.513667634485802 0.560730530591019 0.500125554190834 0.441645127559363 0.555863546232803 0.567014721362727 0.537859322404361 0.573604821257227 0.548849670937095 0.510221097142426 0.496527919369392 0.579894480240165 0.579480949936541 0.495017065244585 0.494079545568445 0.595361232473059 0.473938797868646 0.523407496536879 0.397103872280906 0.499082363022671 0.431791600122048 0.652853119988311 0.545914305516864 0.603480930030477 0.462913603025342 0.483503601650105 0.399092427763684 0.375775959324317 0.398776825151589 0.262562749197427 0.288792975173706 0.0555570625309509 0.267014174816209 0.609887027784372 0.592631141387476 0.414515536819779 0.461919808617058 0.554861767054815 0.509785668561348 0.512982592867181 0.528058057253947 0.710769898091953 0.608413461547651 0.563406645932651 0.656570486495023 0.726617314475441 0.716208963851295
0.282959451694723 0.297402698863697 0.377140459519791 0.559148441745274 0.504415017906607 1 0.485669587367849 0.663655019930167 0.497920097503198 0.540608210567043 0.343186171521936 0.324335778345965 0.373387722231626 0.559799389615881 0.415577171819945 0.666878186464217 0.417392359734678 0.423178503347116 0.345144753293127 0.360665196618832 0.214806826018923 0.416276246920105 0.450699823038778 0.575995790598227 0.523439424553387 0.550341329189613 0.535283361822087 0.683066321003724 0.44667966541118 0.556361010709783 0.507089359918702 0.578538965795203 0.553714358845079 0.627065072215287 0.5051535616741 0.564786799082139 0.295235149431303 0.413601856132801 0.427290743287767 0.264396198006401 0.366596475825507 0.325156444222348 0.520402840913212 0.461530371441768 0.452914145158024 0.413522701055663 0.463696923720839 0.467737573075543 0.431200832286324 0.423032792026667 0.477801492031347 0.403511596510419 0.527341948476069 0.492659730657594 0.548903363056361 0.499402588382456 0.421071022604972 0.41901345601752 0.456218302498439 0.40356401091688 0.442596516659687 0.588099785453305 0.415320241459238 0.568814696145727 0.505250401381509 0.675982675941501 0.454394345227444 0.446883450490743 0.357249495393472 0.279790727436814 0.377801348915267 0.283407850940314 0.134326014374068 0.235726110683138 -0.054005708214558 0.222654527127882 0.463201307480002 0.49886028077532 0.43942978678189 0.507730665139675 0.591194894504691 0.535545165533421 0.522071168042859 0.501330488442131 0.567411590194082 0.597310928698703 0.459751834885878 0.539442333271359 0.590342529507171 0.62466690370861
0.703676032468597 0.613735290480978 0.84444384850949 0.759236085628478 0.664968377518615 0.485669587367849 1 0.788288289492545 0.737954769584015 0.537983911320144 0.729603680183458 0.644853539787799 0.718378366855034 0.677680949226533 0.721054773718984 0.553354675690922 0.658216525781372 0.650201897317332 0.669240024517902 0.679084772196405 0.345062182412305 0.268632403239287 0.748055711745088 0.63561071900727 0.660746801726921 0.558881664283187 0.582417452410979 0.49629695830616 0.727718725064551 0.701270946221564 0.653438164185822 0.646969323765858 0.787532916346238 0.770193382068198 0.74086779089222 0.680468796468584 0.50424536448862 0.577665910404444 0.562159437520293 0.390081623539838 0.454749798389722 0.389875321423218 0.68271137230508 0.650243670950485 0.731109137670317 0.649759390990779 0.678057607666303 0.713698430689467 0.677109668249823 0.714271645141254 0.694633064393876 0.679315438836688 0.597162112200053 0.500703381902094 0.726874137670118 0.703521164646995 0.684896262816491 0.699352982663137 0.799371013455537 0.758150215321804 0.874774092774689 0.645809446989538 0.742008920227971 0.721193808101066 0.698266106685233 0.717560889000903 0.741258371449171 0.679561945083831 0.684582535284033 0.624825920861649 0.505036299476237 0.517683780864109 0.163684436931239 0.325219958676984 0.127587375154903 0.207824573064662 0.626747357999514 0.717299018621859 0.567510849284627 0.608808824899779 0.721580065173918 0.746999158554734 0.689807439605948 0.701744314130267 0.829374583013372 0.795893272466886 0.484204543626202 0.62965896210648 0.853485323703624 0.779425152701614
0.559712879980873 0.580488988243468 0.637958327960209 0.85200154939646 0.471443269694151 0.663655019930167 0.788288289492545 1 0.597914016057378 0.741094802313762 0.555787887562208 0.692754913913244 0.497788206604052 0.76976374990477 0.524403953545615 0.725358931882148 0.637862973664402 0.6675267369659 0.567823679732309 0.678849205967961 0.323136362269772 0.369466619092287 0.549488082213685 0.767619877424388 0.575751322013768 0.584145112378334 0.492750062253924 0.467272995636853 0.747217744341325 0.833937637659747 0.715398372062005 0.832100422844648 0.788141222038051 0.884321880747266 0.6874526866087 0.773200871160123 0.423486376186945 0.545365075105952 0.51015149176032 0.331462285084888 0.41957613605203 0.344253975922277 0.704817137106235 0.680627955304915 0.720898304110138 0.67945063493672 0.723576593872747 0.729930559402607 0.679725653505307 0.719671957811724 0.695182118067798 0.68131012148028 0.67254271952539 0.552882603761149 0.736272527207458 0.736162546869533 0.646594672287493 0.666663295955694 0.716983046210937 0.75141009178076 0.762496971728769 0.859390750138034 0.650483623045054 0.864630614266155 0.512203274713859 0.80440032435863 0.697308764596908 0.757386197358914 0.588788196237992 0.546141593849193 0.498429623129399 0.507501651714055 0.0928983831209001 0.345701433895054 0.178265188827305 0.182617828266129 0.605804872812827 0.730583524065244 0.626343647690051 0.663520248890096 0.765303938146543 0.763183601795028 0.629378812880242 0.677930350123339 0.66120962939991 0.831806311479398 0.323343893553842 0.543834883686901 0.737715489774163 0.781061646563557
0.42118727717486 0.357960963594476 0.666884072620681 0.631307219542483 0.565185285199036 0.497920097503198 0.737954769584015 0.597914016057378 1 0.659581077208106 0.467241929089206 0.352588949388765 0.564623911804789 0.586429288950832 0.746434938754753 0.665368983661302 0.432599484582136 0.492453611963185 0.425124127081031 0.4142642920781 0.376564584212844 0.25642929065612 0.64721724653328 0.659692364617204 0.616838059340598 0.61931452833075 0.541954263223574 0.506730373407267 0.488489272735326 0.476821312291187 0.553529865700425 0.552999225327807 0.623027068893448 0.600671920190781 0.632594987991509 0.585500410667538 0.423510564677668 0.544070756254826 0.571281753881918 0.367930846249733 0.31735753999847 0.350623735632592 0.606849112351026 0.557865659052257 0.564203864647379 0.493748335313195 0.532865798884053 0.579554306133563 0.515394481824221 0.520447401261279 0.535885600022368 0.486368053841649 0.510566236969366 0.433926600520024 0.621663224673417 0.576073725109425 0.50943853024904 0.522146538232697 0.602938725306323 0.538921616176602 0.569195947226414 0.559873906483421 0.427296924065511 0.476012783040247 0.710292814231612 0.729355687346246 0.561875497709985 0.51576276995894 0.502409912235548 0.393467438527703 0.358034567530317 0.430393339622309 0.106350208722994 0.274094254376178 0.0732116964958788 0.222338893124142 0.507183072253627 0.607295400016078 0.506208652068832 0.528412310995433 0.626097680353565 0.651696082578894 0.558099717894463 0.609353127167018 0.738634764032305 0.720515858889318 0.47362408552319 0.72580608840817 0.744405672331698 0.706952572913482
0.177537175796286 0.201766644647822 0.374481206663942 0.646302316940587 0.29777523246804 0.540608210567043 0.537983911320144 0.741094802313762 0.659581077208106 1 0.277176964028708 0.324797219081832 0.261227527891223 0.539859649708313 0.435332111355684 0.724932942774098 0.304451529320943 0.367886571427164 0.210893295822402 0.306386649737471 0.271618158207733 0.220577210573746 0.330864279757189 0.685873689423977 0.324620688973181 0.468147621204994 0.316474259027745 0.286470719761366 0.423192998974526 0.469072626698287 0.482952979877029 0.670005022043279 0.501962938726514 0.612156582484494 0.469312256980976 0.572635094928779 0.14473135118276 0.364269168112776 0.280787993461237 0.180143664448346 0.121821520441057 0.21459745389237 0.450484422820296 0.392762688426206 0.392391398495772 0.338484274247213 0.386607841287014 0.410195102600902 0.357565607871696 0.364517176107177 0.392907100685275 0.331645886500632 0.433640011472881 0.383034634754219 0.409434029854272 0.448986153315261 0.337690136267303 0.363589624807659 0.396993051066654 0.418201433117814 0.498236565018739 0.798180354553967 0.311977557649993 0.600967298080189 0.421398007534656 0.672330957504233 0.435142316726527 0.465126996187291 0.2925423466065 0.231508206654832 0.325134591104548 0.383755420742446 0.0811455063528925 0.343112825001348 0.171593698636462 0.231035190159925 0.411707643695618 0.532973330014327 0.46302347961461 0.44025106402917 0.535278117003968 0.526283890947871 0.359845001643767 0.439330817943981 0.43177096331717 0.653300123610028 0.156281396203094 0.519078264696456 0.513464337785155 0.599011494106448
0.738996019085054 0.622552504625202 0.493537297338421 0.445831852805504 0.351513298684288 0.343186171521936 0.729603680183458 0.555787887562208 0.467241929089206 0.277176964028708 1 0.799663023477924 0.801657373547677 0.660034867082573 0.590105260466801 0.501084051170929 0.581683500039339 0.512654982760865 0.658957952046479 0.615259180597622 0.0784519561854724 0.282228375752172 0.503529986561761 0.35675677958408 0.373217712261707 0.194017434433825 0.354824825126631 0.30433256426262 0.642085316305376 0.573271906256467 0.239100699448244 0.284546571681246 0.45956741343628 0.436618017329091 0.339603283485224 0.291066083817908 0.405811138897694 0.365617239538287 0.368559172025482 0.368842211088115 0.36970648885005 0.259732645640356 0.329238362805664 0.342491189529381 0.43980724247811 0.384190288312831 0.461560750120509 0.414043335715807 0.395085901613242 0.471863344902959 0.37425069494234 0.402483610538139 0.247584294624537 0.135618123304974 0.50850553600883 0.397886160142884 0.532473506944965 0.551601288059974 0.565475508632614 0.645618409052305 0.711027890823246 0.315657568567483 0.682624506038946 0.534208977859129 0.338045166510481 0.366639878091848 0.327776457815109 0.368025035064034 0.599300415873721 0.595320160483847 0.377764718357611 0.310801175803263 0.11316675968463 0.112119749185046 -0.0615313116887655 0.00361238831596317 0.33006873913519 0.426799435526808 0.332307161116152 0.37687541723481 0.488079207743994 0.5935874394942 0.631366666740576 0.575522303713771 0.575697007650308 0.527160654738065 0.433262658497656 0.336827541667809 0.576797298207496 0.428527864988644
0.798580103704035 0.773853813303527 0.486849621152822 0.563028618554535 0.223950428014701 0.324335778345965 0.644853539787799 0.692754913913244 0.352588949388765 0.324797219081832 0.799663023477924 1 0.672464553810096 0.758459143122583 0.452974456310533 0.526559658696999 0.688065710292981 0.651327123307263 0.725387260230674 0.777950997268201 0.0541308573274501 0.339359464021479 0.423863324282897 0.423486410047162 0.320978815732823 0.185937161716715 0.331374107360223 0.232552764994653 0.713301163415495 0.736305907388214 0.328846555562094 0.414258499119854 0.546200665579859 0.570873278265105 0.351879369877292 0.379438053839993 0.455009606862902 0.370512099968755 0.389554078519219 0.374161169913726 0.371630963237731 0.204278234849331 0.423173755039253 0.465811066029997 0.539211693456982 0.531322292558426 0.601091021360028 0.534195405274993 0.543577241731935 0.630015140088111 0.484791865064439 0.571195866724863 0.37348681215163 0.181459145340333 0.582533571461837 0.512401735163293 0.653288611737689 0.67844924234581 0.619432823625952 0.79708318113731 0.668347143830172 0.443684533415123 0.693124225973581 0.699793157235316 0.172545169097107 0.398598869744764 0.360142340530871 0.465975432181042 0.674495171245583 0.707553311390762 0.399614911649047 0.327523311522816 -0.00800880083664729 0.0790642769223125 -0.00340458605657047 -0.00125769890761396 0.409500815843319 0.515194198920521 0.459201185966111 0.495189264787614 0.564366638472329 0.666322412098001 0.586090325388719 0.577443322872024 0.49474255665696 0.62959221502614 0.297866730636291 0.266460304632623 0.528820282713592 0.499044751213024
0.780471008074709 0.641113126990581 0.637722077839119 0.526125801144244 0.48190656205707 0.373387722231626 0.718378366855034 0.497788206604052 0.564623911804789 0.261227527891223 0.801657373547677 0.672464553810096 1 0.775682432727518 0.824815069963685 0.569615515082549 0.622361837645104 0.558325543711591 0.730207878188425 0.613976910399501 0.172258725472925 0.326159682761897 0.726964258613466 0.482679805167805 0.523062560541755 0.341652978797944 0.580218994225357 0.536304925589097 0.549706763034032 0.543884342585122 0.301714531956561 0.264114715360015 0.506697009497988 0.443563242859645 0.405356936812637 0.283161763438297 0.426241062167514 0.405146298604046 0.511327589240186 0.474316896984939 0.332222638828899 0.321490313236588 0.434319262149579 0.442004328481816 0.48357616348849 0.434732051693557 0.534001998577831 0.489106893773421 0.473920460458534 0.518640190317578 0.42472850084367 0.489278259919971 0.324773086217161 0.189245996837306 0.591096000885901 0.468030233578158 0.631563489278834 0.63214347589523 0.589552759863605 0.648792899112254 0.551228762088358 0.260028849572768 0.627730774692435 0.451112767540567 0.434985961930099 0.477303117529848 0.344484540028149 0.334466901296994 0.630595661156137 0.631504306792233 0.245751688596322 0.284136136245788 0.00741457353348879 0.086584766754772 -0.0593988974477813 -0.011956056034197 0.395189366358039 0.493268934140428 0.388004170908636 0.444495784968356 0.553108031949279 0.68725840979948 0.72463520048584 0.676988355402252 0.743662780599642 0.648959274545816 0.577417898432787 0.565230888793185 0.679982227195488 0.565030886430412
0.687469427500073 0.656012026048857 0.613403917387672 0.745908035462436 0.437515665990349 0.559799389615881 0.677680949226533 0.76976374990477 0.586429288950832 0.539859649708313 0.660034867082573 0.758459143122583 0.775682432727518 1 0.734276122319455 0.83593160216715 0.641608865570098 0.619277656074445 0.661849975503085 0.671803403127229 0.23086306591531 0.493381933290834 0.665009754942066 0.765740659312371 0.533033212427845 0.511303501314146 0.599897702470409 0.568807445437261 0.626243112085704 0.72404077978415 0.497826663595802 0.557026273599886 0.61134524924598 0.641479254940036 0.503579758812765 0.484249636536232 0.416902152297873 0.45198178596035 0.522681521128369 0.455149292452171 0.311578148208499 0.337970443953608 0.555384649629113 0.563782236073789 0.579297349358892 0.550525417016886 0.665962106313307 0.599946051609817 0.557130177053703 0.604567537879077 0.503729155738514 0.573815509194206 0.461491760254421 0.301243910135642 0.657708314900499 0.588718052479003 0.669968434980221 0.666541690149461 0.60273214770403 0.723985619565802 0.583332507440183 0.559749977895542 0.63800471580875 0.69244559745926 0.408513973454215 0.672284484460769 0.442113189912899 0.521085131436795 0.61861827780037 0.609645365265074 0.267310943778194 0.32258565940862 -0.0850989518503095 0.122556368700625 -0.0453411211516953 0.0374534583641376 0.447985941961616 0.601123015933817 0.488410933930394 0.551235460305064 0.673279440263674 0.818877336274834 0.734314438911039 0.754195514145188 0.696869873729111 0.79863986408918 0.484206765526782 0.617737138146888 0.669755948201812 0.688604844558947
0.554414294041455 0.46176735755999 0.724075825901993 0.605209501783112 0.577193168783798 0.415577171819945 0.721054773718984 0.524403953545615 0.746434938754753 0.435332111355684 0.590105260466801 0.452974456310533 0.824815069963685 0.734276122319455 1 0.676573606435748 0.467331986734092 0.475118838061884 0.527873444288699 0.458896664897798 0.472546044977015 0.37706276585776 0.864331065994661 0.678130713571432 0.68338777232556 0.567283864958676 0.734087333699016 0.62148070825171 0.476395175873352 0.493522523281024 0.510209384816002 0.446122889629304 0.552501864529209 0.49376426677653 0.559629157395319 0.415338092355433 0.400357878622212 0.44080162247838 0.53613286443867 0.41904631122912 0.28217112983158 0.425540429399799 0.514286581658888 0.492011052027362 0.484047134409392 0.422374782663063 0.517627002560903 0.512776983840899 0.442445135922853 0.47479334065355 0.433243235709589 0.471052021826086 0.40970717312088 0.328327911842037 0.581564948733864 0.515264168134277 0.548104823153136 0.543157068156378 0.519592196711643 0.543541217832105 0.4882797886864 0.387601753952136 0.474583484364723 0.444687974050981 0.618553555836629 0.634795940031909 0.438071222950474 0.391578919738596 0.529766489906018 0.48886048960722 0.201435892083064 0.352386238824016 0.0123100410003648 0.225760100567182 0.0209824179036748 0.144704652101746 0.438427957424457 0.526747440706824 0.427640436171509 0.464995784148762 0.562176001372928 0.687584949649716 0.707895385773235 0.691088387440566 0.77830451680769 0.691952347040973 0.578315674652402 0.726602872533536 0.726658329269344 0.647038567751843
0.393813579713794 0.375044561226124 0.433102051591531 0.64732839685058 0.351280236674117 0.666878186464217 0.553354675690922 0.725358931882148 0.665368983661302 0.724932942774098 0.501084051170929 0.526559658696999 0.569615515082549 0.83593160216715 0.676573606435748 1 0.450475079401958 0.461126405503118 0.393426412893389 0.420891331381353 0.256159895951674 0.443861662043186 0.5300426644167 0.78798968090222 0.486173601835872 0.521863413001199 0.550076062531843 0.541943288574579 0.501543876829105 0.574463514579317 0.446198849584174 0.580012246655037 0.492403651657333 0.55990057936298 0.428840681514677 0.47010892812761 0.314895706855506 0.422850518462833 0.462507596854223 0.378404263683543 0.230208081366789 0.278919991737122 0.489195950707887 0.462485649667808 0.426777520760501 0.385111261381522 0.525803215967305 0.468791545463346 0.386382694845127 0.430417737620462 0.393573460230407 0.393845156689536 0.407560054984176 0.304650621900511 0.547744347991228 0.488628822712224 0.474165118653033 0.463353997305385 0.472264399494922 0.530102592709312 0.491069783175097 0.614321305917909 0.418024042892884 0.591014282071968 0.461116058392434 0.73300924087644 0.347287682851269 0.414428496431067 0.412450272019203 0.379693056769444 0.247040727554763 0.298362226410093 -0.0247707668499003 0.175268829139277 -0.00701821326828287 0.112325416298038 0.384639589154384 0.530019581968815 0.453367053417622 0.490459409088346 0.583336799275953 0.683856821679344 0.61192334183885 0.607385570500011 0.585432730103391 0.718417268342458 0.420231119003769 0.619961698603077 0.596545666448812 0.602585318287189
0.844954776586624 0.845454790347078 0.659563740939308 0.632089497930888 0.425238639738719 0.417392359734678 0.658216525781372 0.637862973664402 0.432599484582136 0.304451529320943 0.581683500039339 0.688065710292981 0.622361837645104 0.641608865570098 0.467331986734092 0.450475079401958 1 0.924401283397514 0.798992734581752 0.834324760880071 0.21591206247898 0.36407355673808 0.522097338904041 0.451325208718775 0.545741890610947 0.408783001896626 0.492361042161864 0.458938106147261 0.794649111546757 0.828045742932164 0.498508507614466 0.508658550023248 0.792919781218943 0.767941204339096 0.617985945357875 0.596405021198964 0.697447489477507 0.546541715875934 0.670181968286573 0.491688203036565 0.504778300881315 0.346863311967486 0.704391390120422 0.750738187039091 0.797095311058472 0.805237454638356 0.786738080073315 0.785224544131326 0.769428117502971 0.811578279889152 0.666752863185979 0.718732176879963 0.571896962899709 0.39533512417347 0.773416593370967 0.716892215352775 0.928652259913227 0.917758923434116 0.749965222744436 0.778169005262769 0.606054377384079 0.419261489925215 0.82242543605232 0.704714467925934 0.37022155418789 0.504900038068493 0.584807309718795 0.594926602016462 0.805298452929236 0.797169562180214 0.429121740637693 0.420544516061825 -0.063118701498357 0.0557252932157011 0.0482271360864 -0.0265712999986159 0.707602713302736 0.754744741751119 0.784320739970372 0.807278785220689 0.861545074919412 0.80616799791545 0.710591036778646 0.736458075050402 0.718082668983382 0.729836989101975 0.49325350515372 0.514679744823569 0.688225052756935 0.68209069484673
0.769957501909553 0.832721821341246 0.648779990470885 0.624764473668135 0.445724186900369 0.423178503347116 0.650201897317332 0.6675267369659 0.492453611963185 0.367886571427164 0.512654982760865 0.651327123307263 0.558325543711591 0.619277656074445 0.475118838061884 0.461126405503118 0.924401283397514 1 0.741710461655452 0.837050351757501 0.350670718860947 0.351406701057106 0.502328382245387 0.452726267681888 0.577833672089814 0.4576585950125 0.510933355974395 0.463659754433594 0.792606263793202 0.875323951244437 0.562318281095124 0.556291419295232 0.828433091219629 0.805039744381411 0.652830030558647 0.625197935747961 0.670268743283602 0.58786430826172 0.696301752047835 0.446444510745252 0.5126320024896 0.372912708904736 0.749292589365034 0.794701864423377 0.805484240999154 0.824228349556578 0.786956886718192 0.827300376400794 0.785696922122668 0.818106059663528 0.721143879792633 0.751106009339953 0.657507597666998 0.518787511977394 0.806959738014068 0.777551468045104 0.894954005691584 0.932776051771219 0.757604344402133 0.773889690352931 0.589430156185058 0.444802965283185 0.775991863778389 0.724377796047225 0.358712941566605 0.538706302708818 0.616670712948138 0.617735343213137 0.802770517062581 0.772543658540272 0.44856159975663 0.453558282300716 -0.0181594195164645 0.143401998247062 0.112981247734699 0.0290454045718525 0.781649634002645 0.801962397315226 0.833532699703827 0.871144870193602 0.873629342387169 0.803824970715958 0.647450682282792 0.732140240529254 0.679489562401067 0.724778193552349 0.388725727390496 0.50439490882739 0.716278976969122 0.720640149376236
0.925044895795948 0.888926182559428 0.703522323370331 0.652767695859291 0.428066611221004 0.345144753293127 0.669240024517902 0.567823679732309 0.425124127081031 0.210893295822402 0.658957952046479 0.725387260230674 0.730207878188425 0.661849975503085 0.527873444288699 0.393426412893389 0.798992734581752 0.741710461655452 1 0.897353018592476 0.109591180542184 0.352295235512559 0.610666220025431 0.436854086785264 0.514075212870241 0.349834796968972 0.492938129967366 0.42772131683887 0.61139868563983 0.680543332036221 0.370530600189287 0.357012184559676 0.636168859770621 0.609916277140442 0.482124535427172 0.440293670353224 0.597264280762946 0.492169856042977 0.503442867920382 0.458565369731307 0.426112337145847 0.409849254264779 0.503009579721547 0.554510354810081 0.649259395962615 0.640874853619906 0.68088367524308 0.617865335640191 0.658874171932769 0.696531898209295 0.533990961029549 0.606240460013819 0.407344769271314 0.191359981466527 0.636557617907503 0.539368322718726 0.803395629273853 0.799141878278585 0.655485248745064 0.731683710810291 0.543850174525892 0.304346881547453 0.727957848925661 0.54665859249817 0.343062468570973 0.425642074898566 0.469296757265464 0.508889338212936 0.844272643920194 0.864228053421798 0.40452546484101 0.428857970470573 -0.0447349694948294 0.0208539451952713 -0.0936386758262883 -0.0902080693389374 0.476037193788477 0.556811659075301 0.505499120838781 0.562555881688451 0.666364046073651 0.766052628607235 0.712537603707897 0.714705287645187 0.672526965132105 0.659632679406997 0.494485651509499 0.452515198716236 0.604846369999509 0.580748580635115
0.881355521857738 0.919716387364955 0.683592799460314 0.682716232140354 0.371759987467565 0.360665196618832 0.679084772196405 0.678849205967961 0.4142642920781 0.306386649737471 0.615259180597622 0.777950997268201 0.613976910399501 0.671803403127229 0.458896664897798 0.420891331381353 0.834324760880071 0.837050351757501 0.897353018592476 1 0.242533759807643 0.377574802019 0.529824734837627 0.47413149479141 0.52249711501999 0.357687700087043 0.475379024055895 0.360067201264722 0.739461096564491 0.823878621300539 0.493143262661351 0.495380842552388 0.746333342122739 0.726958414444463 0.575344815892097 0.558794823079617 0.601017460514432 0.479699908699261 0.529621149686268 0.444350695700866 0.471230115997237 0.394151218979278 0.600706316417353 0.667378831367375 0.748138785352603 0.742975840844381 0.777861248567579 0.73098883897217 0.726284828178303 0.766222049844078 0.627599273137922 0.687769111722613 0.520490666535789 0.328123711291196 0.699765107745318 0.638468495861778 0.826434109261332 0.848069873361622 0.675610287636566 0.759498703943172 0.610481812532195 0.40760846212921 0.77590200520313 0.709934014006439 0.309540569341486 0.459359703376179 0.577191179500694 0.637611433445283 0.868619011861041 0.883717885262448 0.393919020585146 0.425738893214396 -0.0688923399315507 0.0894180895109028 -0.00478790497278901 -0.0283954166855223 0.610948357085522 0.656377236710173 0.63174604701301 0.667902504045309 0.741590865164665 0.815643632516322 0.681937244418295 0.742954447414846 0.633397687268163 0.689697239425967 0.342066792699706 0.426426730626623 0.619329661525762 0.627655832054072
0.136561874263916 0.129361451900919 0.470228769727976 0.277750448725895 0.344159989603514 0.214806826018923 0.345062182412305 0.323136362269772 0.376564584212844 0.271618158207733 0.0784519561854724 0.0541308573274501 0.172258725472925 0.23086306591531 0.472546044977015 0.256159895951674 0.21591206247898 0.350670718860947 0.109591180542184 0.242533759807643 1 0.210953140852254 0.447508540051099 0.38043818159674 0.651849548380459 0.534625212318199 0.492353317969747 0.410973455900355 0.350799257536481 0.42873232556269 0.610233349168 0.48632919934288 0.512890934171107 0.458756865887687 0.53601078824276 0.470037286141402 0.199490781386996 0.384667194165279 0.348118531631859 0.0527676004237361 0.205260303888292 0.342488080686616 0.549555123198594 0.523504719554167 0.417425518874997 0.389761546867364 0.421908355652181 0.488994588038561 0.368488476611688 0.342594648744123 0.47212497170119 0.417495519125122 0.566027655404214 0.63626523118425 0.468564129255772 0.518605839334238 0.276043654482866 0.304632970055048 0.305472188427331 0.234970057978375 0.200527117702742 0.24205244210549 0.195270521340755 0.340265085283888 0.296400073890706 0.381504746066929 0.49120995439144 0.389357432919154 0.220225045568432 0.120476908467711 0.0472247016789717 0.275386780043823 0.0729759630694251 0.407318786600111 0.204712000714261 0.207753504402773 0.440578557601987 0.458543608365592 0.456579850340565 0.420974316697424 0.4415391653324 0.365793665350412 0.285041785601916 0.38212351829483 0.415194493850432 0.32403175709435 0.107504340804942 0.419773815011279 0.455141355931585 0.441664197197302
0.295535146580563 0.352156109716242 0.27949002267394 0.387073450498419 0.186310508026568 0.416276246920105 0.268632403239287 0.369466619092287 0.25642929065612 0.220577210573746 0.282228375752172 0.339359464021479 0.326159682761897 0.493381933290834 0.37706276585776 0.443861662043186 0.36407355673808 0.351406701057106 0.352295235512559 0.377574802019 0.210953140852254 1 0.386640942975662 0.452156008518446 0.37442535456404 0.394447255645231 0.385918845835137 0.501873273229951 0.324482395890828 0.43558854942213 0.319647930690738 0.372678247228771 0.340629192433706 0.369298670702062 0.300863657177148 0.304972117399009 0.311525965364245 0.281411866038322 0.301357539123741 0.323452698781596 0.182097817939887 0.27135721294166 0.256568499056581 0.289335000460893 0.288602761528822 0.285624722272269 0.342780811995037 0.300848400066568 0.216162049368391 0.260790646330776 0.19512320256655 0.231732278302468 0.197540591265148 0.143572323896288 0.352655638553131 0.308705099327812 0.342346405584671 0.332928905720544 0.254206812901115 0.320459346752153 0.241076131373476 0.282165634362277 0.275609683330367 0.305003795794869 0.315305861108429 0.429457362420732 0.224897305396507 0.336576333710562 0.286028466733544 0.362732056443041 0.288154950383195 0.308926558996075 -0.00785541518943315 0.062160995332097 -0.185905142671455 0.0405604204719472 0.205229180394953 0.239642889533005 0.347741984732981 0.347786182847277 0.392105173052399 0.507202812964246 0.511023410502816 0.522626639883309 0.37720045373033 0.38786815131041 0.345417816820084 0.400373470153974 0.341300440584658 0.33428417076545
0.597085086047272 0.52069947210431 0.888200485027915 0.726741524478183 0.725147899084852 0.450699823038778 0.748055711745088 0.549488082213685 0.64721724653328 0.330864279757189 0.503529986561761 0.423863324282897 0.726964258613466 0.665009754942066 0.864331065994661 0.5300426644167 0.522097338904041 0.502328382245387 0.610666220025431 0.529824734837627 0.447508540051099 0.386640942975662 1 0.738489931102032 0.784574987622353 0.717792156715045 0.80465169459986 0.710895789354909 0.475410921135586 0.527236527897589 0.673065851094279 0.561895007419878 0.653150862239524 0.594930393308278 0.706899598338701 0.528324509864059 0.470455084266677 0.500997060946768 0.574686421998003 0.435496131228756 0.423178963769904 0.529710105673332 0.570393044067395 0.542068988949134 0.58196750808464 0.510907994858028 0.578444871641728 0.5750559778866 0.551042956989109 0.566785391472745 0.528744164884765 0.56718302872167 0.473580262563646 0.365875173233471 0.641185849400987 0.581364157745837 0.597302027146308 0.592970507415861 0.582545276925663 0.581030312663382 0.513534313569974 0.423858641621352 0.515209969412093 0.458818553355195 0.711058424264099 0.680879963710064 0.598343541523073 0.523977694699542 0.598445142356268 0.545900677607949 0.321601109644896 0.463838368155811 0.0829800200752416 0.268827889264001 -0.00916609099504592 0.220421164825697 0.512463843466981 0.578209746310142 0.432740044380474 0.484091034688417 0.590331232359199 0.690441752494942 0.748325494602625 0.720933737077608 0.830237112002409 0.721630284413611 0.66784644130372 0.759718307581716 0.76614194226226 0.71443477964732
0.397255795326972 0.38787494545602 0.686930651473723 0.883173703513312 0.484336588642558 0.575995790598227 0.63561071900727 0.767619877424388 0.659692364617204 0.685873689423977 0.35675677958408 0.423486410047162 0.482679805167805 0.765740659312371 0.678130713571432 0.78798968090222 0.451325208718775 0.452726267681888 0.436854086785264 0.47413149479141 0.38043818159674 0.452156008518446 0.738489931102032 1 0.626406442836209 0.754658198924223 0.622994905620736 0.605153159344827 0.505712684968502 0.597297590647398 0.725939240631819 0.793589512698034 0.641637470665386 0.710597605045371 0.681373786600379 0.68376260401534 0.383607194042809 0.465744187126723 0.519893140976689 0.414319967895106 0.293921690955313 0.421800789090224 0.59331336329553 0.556092867854777 0.578594183548047 0.517747505490116 0.612053872788148 0.577904900282223 0.523126051173887 0.53344590573737 0.484802459921363 0.499287131657394 0.477725307974458 0.351907832003207 0.613328497843641 0.5925327904439 0.510888535417729 0.505275959532713 0.51363142886859 0.559866252486861 0.509332742997335 0.738016741002252 0.417797136202783 0.603870431620176 0.6287289947682 0.846568936525747 0.614915103108587 0.651685499443605 0.469523377379405 0.394376722070427 0.264622157961456 0.41657568474922 -0.0417500246409547 0.206807740422525 0.0267318928766014 0.154208043516944 0.433737901999488 0.56952940770538 0.487911773744611 0.529894823861772 0.61690953436915 0.724523816487707 0.663604987222186 0.693581154194996 0.676366364148035 0.797031919931915 0.515283627285243 0.75059064527848 0.652955896064127 0.717326923044234
0.507481590723734 0.4594706778217 0.796574897971097 0.631564872598354 0.685234511390208 0.523439424553387 0.660746801726921 0.575751322013768 0.616838059340598 0.324620688973181 0.373217712261707 0.320978815732823 0.523062560541755 0.533033212427845 0.68338777232556 0.486173601835872 0.545741890610947 0.577833672089814 0.514075212870241 0.52249711501999 0.651849548380459 0.37442535456404 0.784574987622353 0.626406442836209 1 0.799990306707678 0.765164177257623 0.736934688692983 0.547934564435339 0.597416886263944 0.735164762136183 0.599206636324362 0.776844589713949 0.690404071117144 0.804600588218087 0.648460201526278 0.599847129155233 0.639192830019102 0.667618373607121 0.415025645732596 0.547378440526444 0.515626932112714 0.766533366186401 0.720841851579815 0.703431847195479 0.628333903381122 0.679249474877103 0.732144182176382 0.661912915901659 0.652336728569782 0.693443749866058 0.666528864673545 0.677569934219212 0.633916291745469 0.768546217640702 0.734033237518643 0.617746011165386 0.612482093103154 0.669161733686887 0.57813325294285 0.494682429480522 0.439226818280222 0.506137860227238 0.526489453943147 0.691845876341364 0.702751141296311 0.725765253345097 0.60345834309536 0.590752264813087 0.483045054796907 0.347041992465728 0.463768116065733 0.116381750646572 0.320016999937852 0.0743710100298473 0.17994463963096 0.63621688387881 0.698571904410771 0.569370350519673 0.618677802197165 0.711897448165446 0.69201085580067 0.675202828179497 0.694714357186385 0.812621033452895 0.691645346299532 0.541942605971058 0.736262685332441 0.778944531274158 0.771791847921864
