1 0.929277495812338 0.627386107654623 0.568684508102688 0.189606757066248 0.461465959939061 0.689200454041666 0.515225029728576 0.380487169525433 -0.149718602958208 0.869980811961381 0.689825374308486 0.84344466261237 0.589985431766367 0.577236017312122 0.355533015996733 0.879522368961287 0.838337148384263 0.869849491091656 0.889532590688182 0.121196507772971 -0.163822641296722 0.485766007042628 0.387448700073351 0.632723459482494 0.44714542471372 0.502058882104585 0.362358424382711 0.771921959366564 0.70988417623616 0.489755976174425 0.356493727297962 0.602531554437177 0.546036834608392 0.260506422218873 0.18169372270217 0.773514903636049 0.683709651111049 0.718652829082127 0.752735230386996 0.691090376075439 0.216739836768574 0.813722793850199 0.811742505248708 0.779014447252765 0.806557919905064 0.849735357521013 0.805580775768718 0.74568453474717 0.768646278557111 0.698862446286223 0.686291900399468 0.638197396468117 0.561424879054221 0.80009029302536 0.771835687782487 0.936678467362168 0.874016311061295 0.691205750013034 0.788454579713585 0.828447553850355 0.541558507393145 0.542549435910206 0.665507214939973 0.390206875876634 0.431071543827174 0.41824867780829 0.431438021287297 0.890681299957864 0.840757360813547 0.451675749629822 0.380439375885483 0.538454568810816 0.589685009510831 0.522315980235001 0.366605828791213 0.484646606765627 0.425399172073203 0.619917380959433 0.654760165247263 0.838731570613754 0.82907420446311 0.688349316488563 0.781716975458509 0.784028583946673 0.665010064323735 0.216653380904895 0.525201504686005 0.740941984781537 0.69033213788142
0.929277495812338 1 0.495054745200676 0.457834278926815 0.0897480930118162 0.399852344876547 0.528065583274178 0.43170725820726 0.32139750923969 -0.160587906188277 0.796114927652466 0.729797883492938 0.785225330722534 0.615943780496697 0.535087156436051 0.344198237139009 0.849799032801818 0.861475673167687 0.803597032788236 0.893946084319407 0.15941568417105 -0.0959686118080436 0.406943852949317 0.346998518691852 0.598032172382549 0.423694935464442 0.47286114289762 0.320273281521817 0.730018395643384 0.7321818196865 0.384866100478725 0.294443583366832 0.521502722969482 0.513460738191823 0.183173408408085 0.139656918879424 0.764265538157632 0.714139251285609 0.682163059973593 0.732086721138848 0.670324434477409 0.287971444885866 0.768295148050775 0.799687156511357 0.76596276035849 0.823181000942357 0.84350286725382 0.793756025636471 0.742635310693596 0.783338289951913 0.690785437954474 0.696201679151192 0.654294194375295 0.595437461000478 0.782191733046862 0.770923828800298 0.921112479009491 0.923568482325789 0.600672916478988 0.775988225002152 0.727666513701392 0.546151130347787 0.518855015017681 0.696846191264119 0.305871080471706 0.330225609255593 0.318072053300912 0.356079836588852 0.859275046012677 0.831547908058845 0.33642947947827 0.322823647037006 0.449826196917608 0.611389031933659 0.506481971358075 0.390250103926572 0.406306430745043 0.399488171772925 0.589244169753003 0.603971965899142 0.831087715417289 0.85916547803003 0.715419321781181 0.842954070814298 0.754579420582787 0.68388111528569 0.254770176921456 0.55337363106142 0.733891563802944 0.696793144662828
0.627386107654623 0.495054745200676 1 0.771143394309416 0.444583553761825 0.554214825592215 0.882957048601286 0.502925577871274 0.565490086083729 0.0469675606585039 0.439047142976263 0.204258156467097 0.563618512508412 0.295566236478942 0.643474836761141 0.360274874846623 0.596794298304796 0.537249982063226 0.690152888526951 0.486839134553301 0.294662735530017 -0.0577312094315893 0.812450818570685 0.659383860103209 0.826351003074115 0.717807180552159 0.691576683835642 0.236380250095312 0.513449013453342 0.374184999759466 0.75352421069809 0.587324052224448 0.746922810499668 0.619062977617707 0.673187217151857 0.569805294226183 0.614511568150951 0.502109056070928 0.52625760206632 0.513740613626184 0.44769650815928 0.0964948239817435 0.703487221675843 0.661433459259451 0.672642413029534 0.566654769570412 0.642645156569786 0.630490596647996 0.590204601202284 0.557836356695727 0.638876731659797 0.543962286723629 0.561878854772864 0.569514809135059 0.646365766749804 0.594786827512817 0.59747860886386 0.538375495547638 0.704968067427258 0.60774428715877 0.688060579519356 0.361441829983088 0.512256660032467 0.431603759787752 0.710022027689008 0.645118822082601 0.796948912337334 0.646907127262045 0.686962047596339 0.603416990325409 0.694651414486402 0.440581604165323 0.494521128677354 0.304023670822906 0.39408376625272 0.25753038716843 0.656105874065635 0.551400523402063 0.558401216555598 0.592925962550332 0.625899166208223 0.550268885843072 0.568085602914189 0.466507023333547 0.793996774581356 0.609422883385994 0.261745246408841 0.441577181153303 0.621951659746107 0.701480535683616
0.568684508102688 0.457834278926815 0.771143394309416 1 0.404873599948249 0.576851885564587 0.798098029069511 0.740724587908384 0.344650241755819 0.122129679094253 0.379694474527744 0.316489778990443 0.457767586953366 0.445709130152083 0.506417471072018 0.508922552621137 0.485635378518407 0.429032723014556 0.545091074176143 0.484252774141594 0.359407980564687 -0.00305932018553854 0.709418667905214 0.770626822200182 0.661771578999553 0.682589992973455 0.569503596175624 0.264570267180564 0.394549490822629 0.334154608809534 0.654119734444725 0.674810351083137 0.575757199658943 0.561251272985366 0.567006505471932 0.580736934592192 0.568703866214694 0.479320969160971 0.559819571994593 0.518897487632645 0.40240177021127 0.10983880809923 0.576384924329083 0.527561747241266 0.50623977202416 0.439570736532694 0.518321389295098 0.505104671654146 0.445133131607124 0.43014397526129 0.508081386267157 0.433798510395877 0.402593789729296 0.407844087625578 0.531672409369242 0.485950448979871 0.529063013265838 0.50063063012595 0.62798543107667 0.570919713943119 0.621588324481595 0.443385002929368 0.338106077876922 0.344324782815677 0.716739466783527 0.853143186430433 0.699324189318488 0.655852694396882 0.618386695519679 0.532340990746602 0.57736061547435 0.417794721411111 0.431136307420573 0.317867879034406 0.398265662405428 0.185197487444055 0.5058296215055 0.47277475687053 0.401339767433968 0.448024027998054 0.508203222280308 0.526582370658726 0.484235152189528 0.443936483661742 0.690908117249684 0.700207644211341 0.284647617063345 0.521183633552781 0.517110030840782 0.589325239576502
0.189606757066248 0.0897480930118162 0.444583553761825 0.404873599948249 1 0.284318329027118 0.510941685474895 0.398210977358936 0.436372619614434 0.484811280390308 0.137956732976149 -0.0252571952946651 0.180874762740827 0.0977658487732138 0.21057736235111 0.115530464256617 0.233422334268536 0.208839360987927 0.34375209505833 0.188804944080612 0.0685528925146004 -0.0415929634023235 0.297209663963897 0.277938735235521 0.293069855576487 0.246001180142024 0.379844961162216 0.133771750123191 0.277634552238251 0.12344350476123 0.29992271741728 0.250948250468781 0.375951838772336 0.355753695477048 0.332064596120921 0.254096154864996 0.0930954042545012 0.115085933832316 0.082466286899998 0.0538933515940532 0.118797346474651 0.0471778249142498 0.181568562675834 0.173401069326788 0.194013323132618 0.140771042132235 0.177837591876356 0.173503023257725 0.157219450927235 0.142176413107705 0.140968539836985 0.0938341002554471 0.124344764956093 0.162300714084605 0.0711105671404236 0.124655930324552 0.188153320112695 0.122805435803548 0.330506068806384 0.199168892858365 0.352079919270545 0.221112110515027 0.275240906723466 0.146571989564801 0.301457750208859 0.33971020075833 0.373078602789593 0.291920217690698 0.27760894139005 0.263761625142593 0.438756326438372 0.312641449122771 0.298430291987772 0.218878832975805 0.131025050688916 0.10354911553933 0.256084594099116 0.285390349150238 0.243919713627782 0.235271913809123 0.2269900960244 0.175815753605791 0.0900932548852443 0.0944784654174986 0.233759252959159 0.163734353245334 0.131289930505673 0.0910980356645934 0.135288600141391 0.249105837804262
0.461465959939061 0.399852344876547 0.554214825592215 0.576851885564587 0.284318329027118 1 0.529867321752302 0.560613670333522 0.373721673505978 0.2505072193639 0.33245521539883 0.36658596594973 0.426551388408823 0.47984533927522 0.312512929839631 0.447344818043803 0.452844235628628 0.407475241271316 0.467276607622233 0.431739194914728 0.30166734272616 0.0853645650635015 0.444830985861714 0.490075711153828 0.499981725937758 0.569346929018492 0.42022209478154 0.291666666392672 0.406700483417011 0.422708238913467 0.483899992554695 0.46992486809001 0.53747363011334 0.546469074566806 0.386725407537569 0.447659304433116 0.371311170964134 0.308173731055932 0.338738718152482 0.249428910451342 0.315515219617899 0.268683872582635 0.531269608121421 0.515478366029151 0.488250939701298 0.436894428756636 0.520033383444484 0.497166068239418 0.470443470858918 0.450807933483418 0.53343052693454 0.46822658417884 0.484151288374498 0.475999333320484 0.475978775998887 0.491861059647886 0.431192216662985 0.352825321161653 0.55078925266995 0.504457201502222 0.521934917076027 0.464546701305063 0.418533103361571 0.439467879192826 0.403849257733851 0.543550987779668 0.554364404575751 0.523256035651187 0.487214145604072 0.426152728860448 0.440419001573834 0.465745434387858 0.453091569043978 0.389811478372071 0.199783853950946 0.263943675864961 0.496059357666922 0.483865361535446 0.434025921779602 0.470510894627047 0.481745481218964 0.444309560197014 0.385105762621894 0.382935272422996 0.519473660902732 0.588857341460858 0.049691301188423 0.272250657892206 0.495609851046924 0.568010457168251
0.689200454041666 0.528065583274178 0.882957048601286 0.798098029069511 0.510941685474895 0.529867321752302 1 0.70358297308769 0.551330986085113 0.0954811450182373 0.550772242942373 0.37004063023379 0.681071039756601 0.399458874121196 0.571238703787551 0.36217587110339 0.628759921586747 0.562287484632352 0.702747251886434 0.55462522369845 0.158904296114901 -0.096844553462668 0.720195339097713 0.565195589095828 0.7089140283876 0.569628843480342 0.574584102862391 0.258883415010411 0.551420209155759 0.43059324229942 0.671778163286041 0.561571716784288 0.706600068767411 0.606074129569365 0.579450057478752 0.473207319403907 0.581091098756277 0.452689175274096 0.521909657655262 0.525820730843729 0.478952415377016 0.0325548086377709 0.671458298324064 0.626779231786969 0.615680367429101 0.537558834917799 0.600356526375704 0.59192129516408 0.557359075101454 0.530278795895284 0.590108468957805 0.504003422328599 0.484907385197208 0.494869556276283 0.59263537906993 0.563515442967083 0.614094360572266 0.535347217314325 0.719723944082504 0.616831007291018 0.820839932088186 0.512623402208995 0.490765381061293 0.465641352099923 0.711787307606797 0.736712625154787 0.709224325983274 0.622650538246455 0.691620563690217 0.605599957699017 0.675386441417635 0.457807144147312 0.521789802483447 0.377842179436828 0.481567512443105 0.319573337422265 0.600889581913783 0.537120698600825 0.534908008800833 0.578323605102636 0.642684967232671 0.585205002002741 0.492624731163581 0.470976100782753 0.76291085507588 0.638738644613488 0.180712612043375 0.410970218886998 0.607798855300921 0.65423048346464
0.515225029728576 0.43170725820726 0.502925577871274 0.740724587908384 0.398210977358936 0.560613670333522 0.70358297308769 1 0.39753285594449 0.346857088511176 0.420464637982463 0.601818145049599 0.507507989259259 0.62894992807218 0.245236778048295 0.37456650525813 0.463186861035964 0.44534726492507 0.489606878450793 0.529912160503294 0.237882693597818 0.00864101613460519 0.388967810391498 0.479756387320331 0.358364094954222 0.421769583730459 0.300303782216645 0.123733929447459 0.455947407366972 0.478169171042122 0.472979731340812 0.545810043373856 0.535429586897861 0.623329850494694 0.351858576282114 0.431180868833088 0.355474114351435 0.260689540980238 0.390434836127494 0.326446309963344 0.300301144273712 0.0477422137527938 0.49632748644214 0.479492665749474 0.434476811797736 0.419316457689862 0.452810456610326 0.475815227592771 0.452975090041393 0.439937601084448 0.494364530902667 0.467258016109928 0.372747651519445 0.400269978580062 0.445774807853975 0.468958044070555 0.395466695318806 0.331495576987395 0.633975650728211 0.594484008089265 0.693254737291228 0.76418778240835 0.421931293999557 0.485672131454586 0.433188286604359 0.756312182806646 0.517261538185024 0.628066652627689 0.483054189807312 0.415990955407916 0.531118195191575 0.597876808057857 0.493387008094259 0.446744855969227 0.335841732700289 0.273710686937397 0.476368077134013 0.508726494688983 0.452130089734785 0.498757681753687 0.516077769191446 0.525396542214615 0.298672143605537 0.32726481002837 0.513579319584734 0.687339197277369 0.0831081815808397 0.283905127618421 0.506182348113181 0.572854985439191
0.380487169525433 0.32139750923969 0.565490086083729 0.344650241755819 0.436372619614434 0.373721673505978 0.551330986085113 0.39753285594449 1 0.42154749974269 0.379910216248704 0.201039011794125 0.506775465257731 0.318515031960707 0.591634655896172 0.425401220772096 0.384106318368796 0.365200341877647 0.469782519705922 0.314573063017497 0.128470342384 0.0621473425305058 0.51441961088382 0.403140324930179 0.39180646727987 0.344677313606884 0.480015642729897 0.228608620496773 0.369703900164409 0.272685372571444 0.419847608599579 0.29134376992605 0.467392244616539 0.383669906456361 0.333152378837382 0.235457659230072 0.255452275441442 0.224414995831265 0.237995319887632 0.238472324887343 0.283356828437829 0.0920109146142935 0.361251952577948 0.371996200278031 0.311853629340694 0.29478743758377 0.383315988286805 0.37874928696359 0.28737242492509 0.290503685214914 0.28514623998465 0.279783141411511 0.341258091986029 0.331080049013199 0.287142102765735 0.323523026281516 0.357357113556475 0.30183233492085 0.361247426785456 0.294113475277558 0.482168744892495 0.272966104000167 0.387357543187265 0.296636057780728 0.388031247875076 0.259747105564562 0.368499191006011 0.245363871748504 0.4045887595618 0.367449795274457 0.41166719243521 0.32991992790102 0.272139231319333 0.221041927225326 0.178237227152641 0.18132651346163 0.380555918990772 0.315579814128475 0.398763141166798 0.388432070448952 0.411505586931135 0.379192604521976 0.343074332573207 0.34918269061157 0.47539798095056 0.373979731392294 0.325501196339412 0.371431760456433 0.413539644398235 0.434092659890834
-0.149718602958208 -0.160587906188277 0.0469675606585039 0.122129679094253 0.484811280390308 0.2505072193639 0.0954811450182373 0.346857088511176 0.42154749974269 1 -0.168924872407849 -0.0505679980241605 -0.0536469016684448 0.19165450611958 0.0750415433324496 0.296290787746799 -0.0663391588333754 -0.034621853527711 0.0462824405043523 -0.055766366345676 0.121544489521023 0.155307688003123 0.127340762750672 0.224527918442391 -0.042931111777022 0.0864994349948737 0.146290140332428 0.0430184983481872 -0.0300680196771263 0.0162047892821475 0.0874571120472878 0.127467324746372 0.108390108423632 0.201642184957099 0.127203253975841 0.140556220065692 -0.218435119224272 -0.210553711979234 -0.286540077631358 -0.297664709194591 -0.161947982221007 0.0165674542197323 -0.153022988844996 -0.121704017125863 -0.103347284064751 -0.117939992008772 -0.108343174744946 -0.0935015835080678 -0.0924210020413238 -0.090485827195029 -0.117784353331183 -0.136385244408255 -0.0849719742684685 -0.0374640075437885 -0.224758277247218 -0.133151597672325 -0.113857977107935 -0.166331158756074 0.0324846727461694 -0.0654631000193759 0.028919754246065 0.150314084830017 0.144376352225076 0.0422267957445712 0.0542812360888284 0.0448251532001101 0.0990644525763711 0.064574218669559 -0.0653799231830034 -0.0535201444419339 0.185641347696186 0.277436546407175 0.0215122607938639 0.0711828932595325 -0.137286182475974 -0.10362886318356 0.0761582816469196 0.125824326000938 0.0100042457305932 0.043058014225874 -0.0319066974169888 -0.00692095527463305 -0.0997332898217521 -0.0807074009302097 -0.0398231864946487 0.0606707917857989 0.0766729048728245 0.0287507034993532 -0.0845624328693004 0.085088577735449
0.869980811961381 0.796114927652466 0.439047142976263 0.379694474527744 0.137956732976149 0.33245521539883 0.550772242942373 0.420464637982463 0.379910216248704 -0.168924872407849 1 0.755924596598542 0.846959570479444 0.588656024235487 0.48145930076355 0.302409739911034 0.803552739506356 0.755680312260971 0.78427449601249 0.827030592186447 0.00859842208025911 -0.158318157373325 0.322718061915103 0.233384516088692 0.428356476212504 0.218925279315421 0.33816122484376 0.326892844118143 0.786154963275876 0.701678577153431 0.379039754855976 0.250142727539848 0.472640902138292 0.424349019450281 0.0998986933336909 -0.0183113020316951 0.614861092632748 0.55563499986051 0.576645431067117 0.667804880290377 0.661060080672806 0.195711358727449 0.643967500651572 0.631955179468651 0.554456958051563 0.603468041264026 0.671470730028809 0.630134074252518 0.523263832720845 0.562176429367378 0.468668574619673 0.476974996387457 0.47445319963094 0.395327300506173 0.612751559030728 0.585592244981761 0.765452457879407 0.70291205010347 0.466640181541663 0.598617312341739 0.705429636315621 0.46127965562402 0.49003729697076 0.602522061185359 0.20638967624207 0.226641976762718 0.218772135542723 0.206595927623033 0.735338218368892 0.677423130420193 0.2936821310695 0.288201111170352 0.482078558618218 0.560590202377433 0.481040045077353 0.372779522473136 0.348330143799921 0.307436272965707 0.582701827284615 0.562724006108526 0.734898142133792 0.707536494098539 0.559831524739072 0.70152714626751 0.580865954057226 0.45331647085742 0.151654977392534 0.411238548909095 0.57047265703836 0.478328017193474
0.689825374308486 0.729797883492938 0.204258156467097 0.316489778990443 -0.0252571952946651 0.36658596594973 0.37004063023379 0.601818145049599 0.201039011794125 -0.0505679980241605 0.755924596598542 1 0.730195803437794 0.811930158853815 0.246743276708862 0.332182199332722 0.633762547606242 0.654795302018654 0.576340372878413 0.787904679723447 0.128506670112768 0.00176303452746725 0.175505729407293 0.193168335547317 0.282489755620062 0.213337905217396 0.172405621148824 0.182268302401024 0.67210850955473 0.785790528429663 0.307967792285534 0.30077820890508 0.376238913952185 0.474299746199824 0.0329299620024739 0.0645615664918264 0.407624395695806 0.3749074648925 0.44827865894454 0.487528758226719 0.500095529943603 0.216772009703748 0.553712351454891 0.562907421418648 0.489362049647803 0.554791818765268 0.594963613209027 0.578158214936464 0.510244324066613 0.55564305718424 0.490185750870299 0.522247213376208 0.440978235934569 0.437041539340198 0.554325816385535 0.555691675168323 0.545984450221 0.535249514522209 0.444865086235549 0.628117273025357 0.602162872229535 0.699714542843352 0.426121464489961 0.654542095301894 0.0967008479304057 0.291820210165825 0.182378111608012 0.311471044790128 0.55885444385551 0.480113803211523 0.213644607896726 0.386694723835576 0.476035758955428 0.601949220878477 0.448982660978488 0.382824159291357 0.288421276580739 0.340680453441842 0.525056346346891 0.504759593465713 0.652620135354979 0.674931180184297 0.460480663123411 0.580760745631542 0.463995420425805 0.580212479437092 0.0364198925133398 0.301584037981517 0.542499001833084 0.493793463856894
0.84344466261237 0.785225330722534 0.563618512508412 0.457767586953366 0.180874762740827 0.426551388408823 0.681071039756601 0.507507989259259 0.506775465257731 -0.0536469016684448 0.846959570479444 0.730195803437794 1 0.705265848460582 0.645789960710614 0.474919000128017 0.786174506475919 0.747309730833561 0.77350809985882 0.773148141073277 0.089684792893756 -0.0731329153505656 0.535882255439991 0.418026776519681 0.584725005553598 0.39403246310636 0.417941174671533 0.342958414427901 0.738846689543731 0.720191308079549 0.477746973005048 0.365006117706705 0.563502145655822 0.513594079424981 0.310005807607445 0.153916702303861 0.608916194677712 0.52701677797119 0.552569889345959 0.622823402466314 0.617308634948447 0.160446384291722 0.70839501290775 0.685238526180218 0.635353088617767 0.648731409296894 0.718797358444415 0.700808910143945 0.60831934850747 0.628314983051418 0.611097308893426 0.578002992784352 0.579372440881707 0.536548030742398 0.663827082796214 0.654309581319913 0.762263205378952 0.708535451841324 0.563551019792645 0.65291260484658 0.757824656950938 0.530030888582706 0.513263440978609 0.624087639200729 0.400063624517565 0.371111152070831 0.381089292333325 0.351330548675218 0.750943567256783 0.686156410981701 0.400071888732798 0.34817279297193 0.467108438908598 0.509344862935489 0.526398690851201 0.442400785469544 0.439638110272845 0.385245926965733 0.610837914393469 0.617391274681412 0.766786990976386 0.730551624795565 0.631518403787487 0.700382055426609 0.728108229688052 0.606436557703691 0.221486969665761 0.513761378588408 0.695793516032315 0.607911997810974
0.589985431766367 0.615943780496697 0.295566236478942 0.445709130152083 0.0977658487732138 0.47984533927522 0.399458874121196 0.62894992807218 0.318515031960707 0.19165450611958 0.588656024235487 0.811930158853815 0.705265848460582 1 0.414241574992603 0.669818143690117 0.578774530717779 0.580181291810063 0.555376370882868 0.678957431247293 0.342227672277102 0.118877847208408 0.362164236704025 0.50744358088598 0.379396840567523 0.422885258310081 0.320142183294765 0.258411660390158 0.584867441376602 0.726982746450433 0.407957512648296 0.451870215870669 0.439158206174872 0.511008617094508 0.193565683226321 0.241119428692259 0.391683528949247 0.357884999312677 0.415023833013848 0.431817940624781 0.430273176033302 0.177972478444153 0.550234327751599 0.536903050723494 0.4771757646682 0.49514423045207 0.569155234271787 0.572247775319476 0.475448737014664 0.490544124017016 0.489273531359779 0.470634473959222 0.468976298176421 0.470244091201087 0.511053158584031 0.529367316355227 0.498493501210219 0.468372855255846 0.435196309436913 0.537712413883349 0.531426085881986 0.568664784649982 0.443845876869088 0.562715166543674 0.24132570452596 0.370425161958556 0.314832105872887 0.391877681478353 0.516879563812586 0.443177322426219 0.308366204012325 0.464351033234073 0.418629921923611 0.476071785347205 0.398176551666765 0.326975754018418 0.338335860288719 0.388047745183286 0.530023644265182 0.538603175199427 0.635284862214359 0.689434315415342 0.569605804594527 0.610925091878498 0.552978350517977 0.664970191145131 0.169456722732874 0.488203866270483 0.557850528247633 0.55309004269023
0.577236017312122 0.535087156436051 0.643474836761141 0.506417471072018 0.21057736235111 0.312512929839631 0.571238703787551 0.245236778048295 0.591634655896172 0.0750415433324496 0.48145930076355 0.246743276708862 0.645789960710614 0.414241574992603 1 0.646290442421196 0.516768340025539 0.488282302136951 0.618324543251265 0.462636064977871 0.245537076381805 0.0185999461095467 0.807924648112102 0.660595914625693 0.67291608064484 0.531480207648193 0.680275152955719 0.404341154972749 0.447884340909631 0.365863486730469 0.523134852171265 0.406919607279306 0.442622074847633 0.313644885584324 0.483002850603075 0.25738130069749 0.58758593414331 0.532583167774729 0.435016403930989 0.552338797697662 0.510301558609467 0.152182194839037 0.492263689993825 0.462755947344645 0.448759049600618 0.428222141970623 0.526043389247101 0.473212066093425 0.352689280566421 0.383679624174604 0.372821343955427 0.336268151576378 0.421460921919928 0.342000326263232 0.484275545127519 0.435871738656789 0.596296358558972 0.598290944798753 0.316818457255226 0.377626282540036 0.424037608590904 0.145755984422333 0.274082133489872 0.282299194384792 0.639226983191132 0.299773358781735 0.388029649056134 0.229542090113252 0.594444095979709 0.59695051161867 0.354734403581449 0.13739147571546 0.233136384040746 0.298049171901082 0.271430727314638 0.284807837843996 0.313227825538815 0.153828414157987 0.349771325941578 0.361514057290504 0.502936583593026 0.522847853981091 0.670303322792941 0.628869951433167 0.744980983661831 0.474953538361846 0.62224024853072 0.677351919091395 0.538006097354809 0.473015715037336
0.355533015996733 0.344198237139009 0.360274874846623 0.508922552621137 0.115530464256617 0.447344818043803 0.36217587110339 0.37456650525813 0.425401220772096 0.296290787746799 0.302409739911034 0.332182199332722 0.474919000128017 0.669818143690117 0.646290442421196 1 0.282544799941336 0.252397874268158 0.34488287025421 0.336393362347775 0.380782582127524 0.167728414490096 0.583856434845492 0.708369062811221 0.42848876742234 0.48007722458908 0.459777250056372 0.42341793466222 0.223289530932241 0.304854331048054 0.394784930202106 0.420184517802998 0.225943017827384 0.212086432459536 0.270204231912213 0.225042304212937 0.325441894135437 0.363652916819428 0.305487939928077 0.38117917669452 0.29924943625999 0.111823229352232 0.307740889411661 0.269869541127328 0.240564620464152 0.229284009537825 0.330786301692761 0.287389218781216 0.203013276011295 0.215502250176636 0.239341846663239 0.195079811004969 0.292712438855967 0.218825822656013 0.269905360267514 0.271060462293207 0.349320994515962 0.368839371661292 0.139532101500885 0.193453825663281 0.250946359286695 0.140238981408235 0.0959305058514919 0.146488422289183 0.456248809656267 0.369766885588756 0.226814982246575 0.151831868958894 0.357340655674185 0.340155179958272 0.22120981227421 0.166259771110066 0.143395529019078 0.182551702812028 0.157259858097061 0.20549236609231 0.139404279560951 0.110054103650715 0.170635310219455 0.196926981653013 0.301001391128436 0.399299914687156 0.541248196009124 0.502540484273681 0.525070962468464 0.525639709589922 0.432061017859322 0.656377227004179 0.376133540842475 0.356190133702022
0.879522368961287 0.849799032801818 0.596794298304796 0.485635378518407 0.233422334268536 0.452844235628628 0.628759921586747 0.463186861035964 0.384106318368796 -0.0663391588333754 0.803552739506356 0.633762547606242 0.786174506475919 0.578774530717779 0.516768340025539 0.282544799941336 1 0.959545491087294 0.90785902991858 0.874581618939976 0.151994146976117 -0.0863029230150913 0.495086999565054 0.42008398197861 0.640467640032935 0.502784267832657 0.500067266053804 0.337991188762464 0.889638626562881 0.847353499895384 0.581805185116193 0.495769192439567 0.755656751059776 0.733184366225556 0.374423824691523 0.337917419991198 0.696368895196796 0.587277449365783 0.60724670469771 0.622510386765295 0.629577909858466 0.161107012295429 0.803969285966161 0.805134888774739 0.766810755651647 0.747372920341436 0.797825589558607 0.798229096702455 0.710857473644894 0.715463288060912 0.64610114744784 0.618421550617408 0.603894997586952 0.627603752455568 0.714178649321423 0.71884968368007 0.869302254628009 0.771963119577206 0.699248342009547 0.774881217128744 0.802467914875313 0.567334218003185 0.805950809434164 0.835128575788351 0.362850673591866 0.33753758398408 0.53004321481166 0.521395802361173 0.821167412727585 0.747575297234428 0.487119944077467 0.464764412120682 0.587449616607763 0.627815724187954 0.545862460479263 0.370282382995458 0.631900380644697 0.615220716550818 0.847035463477992 0.841583487979001 0.945906221923759 0.861332972928204 0.717486131295568 0.748334722643362 0.734636254275744 0.580537445740359 0.135373967819295 0.44460089364854 0.646661764516784 0.689380099596739
0.838337148384263 0.861475673167687 0.537249982063226 0.429032723014556 0.208839360987927 0.407475241271316 0.562287484632352 0.44534726492507 0.365200341877647 -0.034621853527711 0.755680312260971 0.654795302018654 0.747309730833561 0.580181291810063 0.488282302136951 0.252397874268158 0.959545491087294 1 0.875332730584764 0.869557740178099 0.181380421594959 -0.0416124425220467 0.468203038565958 0.388748462782839 0.600217695266801 0.480437298150152 0.488199140005614 0.303088499891539 0.877773665300778 0.875933850460827 0.539399121896536 0.487957289820388 0.74387586914564 0.751010917536998 0.363508266853988 0.34081300154016 0.656558427797113 0.545522842682231 0.542111848641832 0.571887531731439 0.575411178405764 0.15282658314776 0.771068371816101 0.792613597216545 0.766473520241894 0.753157512413881 0.780912745733369 0.789319921986992 0.721582587656258 0.722864016042693 0.635246309432146 0.613461123112914 0.611220146502456 0.647751334255976 0.692185638586923 0.714305778035701 0.842763584866101 0.775320580344247 0.680958714615875 0.778507276145104 0.77879504442003 0.604445897187268 0.825112398734371 0.88478492540906 0.340432068937745 0.288261258682567 0.507545268957431 0.513832079743925 0.76919787031865 0.693685822953431 0.487226644330592 0.500411962280469 0.596550254243018 0.688008219505404 0.516486301132607 0.40766153932877 0.620025943328025 0.638396767334993 0.841666672829799 0.84199585987724 0.933408228697399 0.864268399541236 0.722408969537313 0.749728812202145 0.707795983334193 0.587243538710214 0.13873898088737 0.426166342581189 0.649390398960519 0.707005278260161
0.869849491091656 0.803597032788236 0.690152888526951 0.545091074176143 0.34375209505833 0.467276607622233 0.702747251886434 0.489606878450793 0.469782519705922 0.0462824405043523 0.78427449601249 0.576340372878413 0.77350809985882 0.555376370882868 0.618324543251265 0.34488287025421 0.90785902991858 0.875332730584764 1 0.875779954541838 0.193926393481057 -0.060127130594262 0.588294147815691 0.469308712282332 0.663402665427663 0.496850884127433 0.567361607962746 0.336247246173264 0.846348501965009 0.746803456497707 0.632681284410899 0.477414305797624 0.769006577909818 0.712225210958676 0.399233459183694 0.329603749870586 0.671370316281214 0.569535010903696 0.580019090243134 0.623754763442528 0.61597734418646 0.177957894764682 0.773973499698038 0.778406769921 0.742296246709445 0.71280886039143 0.769110353354658 0.766314006601065 0.684798697213146 0.694928725126657 0.627146531945136 0.587445158908995 0.604529833192045 0.605663534670758 0.686138246897856 0.681619726816509 0.811160209205358 0.7258741121047 0.700205199672496 0.753724003082183 0.770448087058018 0.526134651408692 0.725305333091673 0.720588969187978 0.408573887569257 0.350993625524549 0.559934313408937 0.508036501080348 0.83180973453982 0.752649367079093 0.5901207949672 0.520660701279965 0.588040159037326 0.611441387279547 0.494267251266315 0.376924102461137 0.626719426017952 0.597787118925694 0.763884379219816 0.776418980099054 0.853545239268441 0.783915377490479 0.681465605248307 0.690994813563123 0.735765744420628 0.556071939271313 0.20273782408282 0.454630796257493 0.632093346755222 0.70886871542366
0.889532590688182 0.893946084319407 0.486839134553301 0.484252774141594 0.188804944080612 0.431739194914728 0.55462522369845 0.529912160503294 0.314573063017497 -0.055766366345676 0.827030592186447 0.787904679723447 0.773148141073277 0.678957431247293 0.462636064977871 0.336393362347775 0.874581618939976 0.869557740178099 0.875779954541838 1 0.149709810056385 -0.0826083256499765 0.413074879283408 0.384362591996226 0.555689440091105 0.419284550323428 0.471677022455284 0.338398213410165 0.836533862902679 0.836953701362252 0.504284582296364 0.417655583827271 0.627550000560231 0.65281658790324 0.207628846506284 0.193449797217142 0.654150858180496 0.594252871503351 0.62417102201042 0.66066404745316 0.666152566970289 0.271946856308674 0.753988555898724 0.770818336331441 0.717908473182953 0.74593785758076 0.780028479896591 0.75748696888674 0.692254713123023 0.723195254312717 0.621550047887807 0.631639565362045 0.5722179946124 0.560056595115026 0.71371431058411 0.705806138979043 0.807687221546446 0.752585175901653 0.645866909594035 0.781321651937392 0.748785120604852 0.606780409902832 0.622156233104288 0.741432390793554 0.270273653459698 0.319895337345801 0.395788069441867 0.438262632961992 0.823960947532552 0.754976467072952 0.429506058394742 0.463882194068424 0.603516059189469 0.680434456524925 0.487781064678082 0.379819383149358 0.505768338075557 0.525433432703765 0.698528842663937 0.707327630204813 0.836797531169983 0.808281956999334 0.651355638213565 0.741122048979623 0.659337813905137 0.609681713828323 0.107352958594565 0.450513624662243 0.635811445287128 0.64906744234078
0.121196507772971 0.15941568417105 0.294662735530017 0.359407980564687 0.0685528925146004 0.30166734272616 0.158904296114901 0.237882693597818 0.128470342384 0.121544489521023 0.00859842208025911 0.128506670112768 0.089684792893756 0.342227672277102 0.245537076381805 0.380782582127524 0.151994146976117 0.181380421594959 0.193926393481057 0.149709810056385 1 0.289983270627097 0.369198461265598 0.497361471023841 0.291821497478775 0.474899540022878 0.353356669523927 0.00892189124061055 0.187453722704569 0.229476532066387 0.407293911427349 0.420683090409463 0.331890482698624 0.346498456775537 0.389018677484334 0.432624425858056 0.162605899372534 0.162254181401022 0.165834646737304 0.155259146502465 0.113780677847041 0.0842040584037925 0.254639154428169 0.232221437369719 0.247752945199434 0.190623980673744 0.24431620600697 0.265956658632874 0.231578991545351 0.2256253529233 0.287135867997603 0.255613468553144 0.29479019134917 0.329247449072976 0.264630406093763 0.235184479327466 0.134580645068299 0.151710308609597 0.261627316868506 0.25210077670269 0.116469292080256 0.185419841227099 0.223293080585482 0.222083328943242 0.259059444242759 0.29495601028479 0.399546561449021 0.375230047298116 0.167219516281636 0.145004708455803 0.237496829809526 0.250399139596694 0.146837410661972 0.0817751111077129 0.14125620503626 0.150167827467631 0.231498171297114 0.283914737535821 0.212882314843658 0.242302660504056 0.234966358995032 0.282553730159087 0.360038994087331 0.263628431860834 0.307566751447438 0.390802031600547 0.282841011562656 0.325680325062404 0.248731629402577 0.321771120102055
-0.163822641296722 -0.0959686118080436 -0.0577312094315893 -0.00305932018553854 -0.0415929634023235 0.0853645650635015 -0.096844553462668 0.00864101613460519 0.0621473425305058 0.155307688003123 -0.158318157373325 0.00176303452746725 -0.0731329153505656 0.118877847208408 0.0185999461095467 0.167728414490096 -0.0863029230150913 -0.0416124425220467 -0.060127130594262 -0.0826083256499765 0.289983270627097 1 0.0333165827073232 0.0914197628744718 -0.0247944098714155 0.110102275858143 0.0255170257657957 -0.0178316118398985 -0.0329092445757288 0.0286940427341675 0.0756124817721818 0.0699586203309093 -0.0212582984099887 0.033912400111725 0.0561786951794826 0.186117207587818 -0.0955532929630429 -0.124634931849892 -0.0808413758177986 -0.155025974853034 -0.19494493493974 -0.156027302914276 -0.0415050448644784 -0.0118609726882496 -0.0384031481937848 -0.0586321678692562 -0.065046432854592 -0.0202361255780645 -0.00902504682915941 -0.00866793959601193 -0.0191805032070741 -0.0244088786894314 0.0168219589766585 0.0723537669542945 -0.0561126096981619 -0.0432466618736669 -0.15079281265135 -0.123348623602313 0.0228608175986558 -0.0134584165208975 -0.076645671314779 0.0436344524012876 0.0570139933303188 0.030021212039649 0.0105659641192375 -0.0175504973581793 0.0820569114815877 0.0715055718347203 -0.0777343073033992 -0.184289689801904 0.0578066719110738 0.0683097254245297 -0.0769402235885372 -0.0226105502775959 -0.0640352490182281 -0.051861488828995 0.0415803391993815 0.105697934595012 0.00951312958765327 0.0261646146342228 -0.082839877031788 -0.0348460323075064 0.0357657710744071 -0.105088028587878 -0.042847152253766 0.0351316500497508 0.00857056682109711 0.0316765985700709 -0.048769696539034 0.0318337704809637
0.485766007042628 0.406943852949317 0.812450818570685 0.709418667905214 0.297209663963897 0.444830985861714 0.720195339097713 0.388967810391498 0.51441961088382 0.127340762750672 0.322718061915103 0.175505729407293 0.535882255439991 0.362164236704025 0.807924648112102 0.583856434845492 0.495086999565054 0.468203038565958 0.588294147815691 0.413074879283408 0.369198461265598 0.0333165827073232 1 0.820769769639348 0.832493028758578 0.728125319849931 0.711424537706763 0.345455499770305 0.430666323330782 0.377431879788756 0.773708345712702 0.698400533591064 0.645220871681421 0.521827206278525 0.759164053313528 0.57048949301387 0.514098719749034 0.415304800054936 0.372037140780454 0.45880302204895 0.415865193654778 0.0710092552841109 0.508796594789723 0.462122295378984 0.476485349670161 0.369039039904563 0.47236760701099 0.452154119888178 0.36349634567543 0.357281951169963 0.398154602672677 0.316918328231392 0.370120813405215 0.40254850824572 0.455278856233308 0.394343965704292 0.492709367915156 0.470734390098204 0.490005691398224 0.435879828636411 0.519943234351657 0.249082593754201 0.408270202764486 0.36733698258635 0.851082429623792 0.52839383617369 0.702138203788405 0.494596673546127 0.558430661791827 0.486511087703473 0.542728349159332 0.318107535216397 0.348714487579946 0.267686115050005 0.336256667650245 0.292049411917295 0.513958746876298 0.42672436977978 0.451760955523612 0.464356033472072 0.523309055867293 0.481852561265814 0.607494181070085 0.488002130420104 0.754445613823307 0.529324126105773 0.468045514001711 0.599222228903538 0.470751510928885 0.530616491783953
0.387448700073351 0.346998518691852 0.659383860103209 0.770626822200182 0.277938735235521 0.490075711153828 0.565195589095828 0.479756387320331 0.403140324930179 0.224527918442391 0.233384516088692 0.193168335547317 0.418026776519681 0.50744358088598 0.660595914625693 0.708369062811221 0.42008398197861 0.388748462782839 0.469308712282332 0.384362591996226 0.497361471023841 0.0914197628744718 0.820769769639348 1 0.692559161767145 0.795735828598668 0.633587393399686 0.309635632920897 0.358614997668288 0.355253941219247 0.685279530979586 0.765970832045671 0.541615595095598 0.535016829845131 0.652549598577193 0.624904744030629 0.436332910966791 0.388639438931873 0.376659708377193 0.390507033100849 0.317060438572773 0.125548809512183 0.469656040652021 0.42509248637725 0.406907792953651 0.329317474789651 0.426295070575059 0.423683062551569 0.336498379526745 0.325457971794014 0.405647939728895 0.347004314709183 0.393202181823643 0.443258621984509 0.421086706679065 0.392754742270339 0.402961723045605 0.38645130195733 0.443847954020907 0.419079812190582 0.404350061180866 0.262111966173687 0.359460353188668 0.318091626431777 0.68381692594443 0.57378486894763 0.632636956481022 0.518676353529783 0.454694184863692 0.390782874945707 0.484361204357681 0.367860466287156 0.320679942830058 0.213885732828164 0.280215582170672 0.190494260024491 0.417029430083912 0.420526966152274 0.405814898477601 0.435890782181998 0.459284238577868 0.464868078644792 0.560476554013054 0.462293571323115 0.644048620311192 0.596468141708435 0.410600532524402 0.646379093286619 0.434990326360103 0.54663374605432
