1 0.901590438489932 0.769887540179554 0.744292956319012 0.422455493963063 0.566901269020876 0.731679739695564 0.695418811663076 0.301597242139979 0.347056891997926 0.806658497714872 0.753495070894688 0.692342788208207 0.731737226071276 0.624982713789919 0.707575813466956 0.853865324712816 0.822844881936297 0.84570325121023 0.800499528443693 0.258035865761916 -0.0769552183875618 0.727357571539134 0.697367077965007 0.681527988111041 0.655816601767629 0.47201667658964 0.588326757479595 0.8013864330488 0.738490944953003 0.646987410211253 0.621245895608524 0.722472438263734 0.657323977302129 0.465482843448268 0.393971885560314 0.611146423762042 0.592213456799422 0.543129335865705 0.637736396503503 0.558870133496134 0.50586764755435 0.563725315380981 0.638378722465059 0.498217365906221 0.529489037745925 0.556647187451839 0.567437777105367 0.575802598354288 0.536879844321579 0.522395377068685 0.537092274426238 0.427117083513851 0.277243739358896 0.523265501967667 0.520365223921829 0.926662910833196 0.858333248715972 0.683196718766338 0.59964785382412 0.648908656387586 0.479195339953623 0.843199387040902 0.770578021554558 0.538039535974702 0.51983792563386 0.522117595430827 0.54436004703603 0.621763154608492 0.588919410083314 0.394147395027721 0.281543324442097 0.451521707729691 0.546479974383281 0.321537996034275 0.23583386322937 0.148478414948507 0.334985952849697 0.748201760379757 0.714500328763792 0.843639156602257 0.821458863104392 0.754995579115148 0.621383508433637 0.680532028607938 0.603889784136129 0.436576512382435 0.551016176287213 0.512670449102084 0.570544035405029
0.901590438489932 1 0.662867240737068 0.68507237126586 0.339032752580307 0.485353681054896 0.623252551483155 0.632466712003458 0.186695141461674 0.24992828697165 0.705430129724169 0.754584483103984 0.549565602892419 0.656663354755033 0.503574700250638 0.639416709293327 0.87176492701839 0.885540483974602 0.808875030494942 0.864117575728292 0.310528566976007 -0.0178090831643687 0.632650158229615 0.607146981269348 0.602980456347263 0.606645798996944 0.389295375992004 0.508314467746327 0.804649933388477 0.784669112279892 0.616027265570199 0.614294868302843 0.701924370813684 0.685750699768748 0.408516813813507 0.365061377950574 0.60065594208386 0.540874255117506 0.548807697052559 0.642922503567731 0.534421731194377 0.480753643267425 0.582535303824888 0.665419225727498 0.511433807686967 0.567048395022305 0.575943012567163 0.601328326458268 0.553268998888028 0.524292212772777 0.469062804332573 0.499948637971376 0.338371954748864 0.192987861622943 0.481609667904037 0.501850278206428 0.904887656987362 0.920944392629961 0.588755208298172 0.546138358236627 0.550621206001693 0.445976825354028 0.805459517812361 0.75291228844906 0.472455817035075 0.470937182905705 0.4894342339194 0.543789050381835 0.687719425207159 0.63981258691306 0.357107075794568 0.234018835602935 0.414127737817546 0.538601557039006 0.287177227352646 0.284474480635558 0.156399912767989 0.314673593650443 0.751334560622356 0.718474382880975 0.819791921627178 0.77979708780896 0.667480337338399 0.555075431013879 0.576774064409255 0.555147125822689 0.328040899117069 0.445760306375153 0.396725768624951 0.463283056020552
0.769887540179554 0.662867240737068 1 0.912837424245806 0.744318202451703 0.76140745253278 0.906591671499409 0.806675594984441 0.595907999470705 0.552821792710677 0.611707886112721 0.554663589813388 0.767945704508419 0.691516286391193 0.788251553039038 0.766687821479204 0.614545322409954 0.569895021896148 0.768280135390797 0.619028312343887 0.292396976573514 -0.00214822499732534 0.9086502716715 0.802052924795961 0.795757432969544 0.775472565676356 0.65108835746058 0.662728452722426 0.606493909510011 0.53951785088554 0.728058450961647 0.717334725375382 0.767521432752892 0.713970688550808 0.71790912036872 0.621505138581376 0.658350486871367 0.555714174379898 0.633646736611297 0.586817634447727 0.472272841184591 0.328888748691385 0.651941788602285 0.665020660190207 0.594752624210957 0.567993496446275 0.630721727753066 0.602482638936209 0.609416136604558 0.556362758294416 0.632252929032447 0.565373442334629 0.568990314909874 0.435466108033318 0.630719898056324 0.552199994471442 0.709103688912699 0.717160485244192 0.750386953807223 0.683832128804662 0.776739838700629 0.671846009522964 0.763512897470113 0.75840665668566 0.808741231118538 0.74947687409994 0.725230748745175 0.714650513425334 0.576045418257669 0.582756390369238 0.403932001207771 0.308963852892262 0.373040252737228 0.414906497285544 0.270056287367704 0.242086194343077 0.331642214658555 0.476758339621559 0.512833036831386 0.480407869642421 0.661759443490128 0.75473483307097 0.703346090605201 0.634793740802642 0.835005695618444 0.739409308246769 0.578989275860086 0.677106115890212 0.691946834152852 0.686249209114504
0.744292956319012 0.68507237126586 0.912837424245806 1 0.670683428606232 0.735906682062212 0.882752697539451 0.875528131441565 0.595677973063704 0.585232924798944 0.565935842254562 0.602208479529402 0.674980970571124 0.705827192764919 0.724988092980998 0.728573096063448 0.63809183621703 0.610705200952845 0.772801871721491 0.683441169121851 0.284759490607497 0.0132816032296613 0.82186262546044 0.767532796355786 0.697501992573325 0.726460945185947 0.539014119623102 0.614776105086812 0.623625766759079 0.593818309062784 0.713213049457152 0.757601340453291 0.763902969625868 0.741978240569409 0.651113157370797 0.619876578755622 0.58980200849463 0.511945308844174 0.605165089502956 0.592809036400358 0.483264199024403 0.333931629361725 0.623739111211569 0.656694075149782 0.592992336496471 0.589865180468319 0.604068263133749 0.590728590538039 0.594417869541834 0.548404270243405 0.602594202992481 0.541920958079514 0.514744899975563 0.382046318024598 0.598526340252556 0.531645710417418 0.701433115916668 0.730774226957572 0.704681365640017 0.695228989837666 0.694376564216413 0.680378725089097 0.798221010070781 0.847464609303039 0.68646424790001 0.745289209525525 0.698304542176276 0.739264938500766 0.637470733864458 0.622033758155905 0.398100792233317 0.299305483036478 0.353034382498807 0.437033049028122 0.238846669717555 0.288106933761854 0.304235978346554 0.508624684854968 0.523818378858106 0.512248137061678 0.663940068355898 0.767480712638755 0.637180479124906 0.576960425454846 0.788234710934673 0.750262692278012 0.509213574041798 0.584986379795569 0.61869588828563 0.663222426905703
0.422455493963063 0.339032752580307 0.744318202451703 0.670683428606232 1 0.792093611065699 0.698134700076772 0.60756355491966 0.764493633741484 0.737108276275937 0.351715653306497 0.303920238048414 0.716851571144163 0.539589238385683 0.745328166443496 0.611604054615441 0.297726955090365 0.267027897546804 0.456311123263562 0.305398886738555 0.163177552856247 0.0168069722772056 0.679177036783732 0.576944255497413 0.500118878049407 0.50879419775053 0.620507966379908 0.470289827240148 0.324991705886669 0.297199885977763 0.428766338272178 0.440873237578961 0.470213899996649 0.438733886205232 0.551040469723986 0.442091089393183 0.415381013271728 0.322321979273361 0.380250085136832 0.286340541532677 0.232781917252699 0.120960839262117 0.371131906325507 0.369872170434784 0.33735065160572 0.283208929232819 0.342674160064884 0.309339178455397 0.291990629194026 0.268797087150202 0.389082586910396 0.299129840503396 0.450532413772047 0.38530630216315 0.411805145160799 0.323338708254497 0.428267188777397 0.428562972676933 0.426978331662637 0.396302727052882 0.651143344342701 0.656718775834114 0.459964810816712 0.444374620714306 0.607427241203079 0.522597040301947 0.47327396046537 0.421125193300089 0.285859529462495 0.330881050381037 0.297120705740549 0.256351177092784 0.281193321660955 0.288063560449621 0.103867969056417 0.138322365945086 0.302734731710915 0.382782471653109 0.256003885718625 0.198284546493979 0.352700374246399 0.482769656488623 0.43398127994326 0.422312483248258 0.620070364216549 0.533549520667535 0.395325268421766 0.52832405742068 0.572234919966899 0.504130716793001
0.566901269020876 0.485353681054896 0.76140745253278 0.735906682062212 0.792093611065699 1 0.760597757581549 0.740544114674946 0.712542897569344 0.75211736950211 0.436488506738623 0.425666189827818 0.699027800603879 0.600400403241746 0.704146480599595 0.714680485875108 0.470823008642457 0.438064909102828 0.62365042621327 0.451460101057505 0.361162585336211 0.143307572725813 0.704007627849771 0.640809534621666 0.624085652857304 0.654271392239109 0.633058771928057 0.671169448997164 0.467148799530938 0.405816342673549 0.606668230453699 0.613098846673744 0.654662083923094 0.639513365503524 0.658662673116406 0.568163103299351 0.502113764352104 0.427386558111074 0.446509166683371 0.414162375724914 0.298170999999545 0.162242743451462 0.54314396766562 0.544439594396462 0.512270161227625 0.46245012297316 0.520659385304223 0.474503397161214 0.477980631241731 0.450861401396531 0.538423505779277 0.452696041545898 0.580797761441268 0.526860854395433 0.548415818556414 0.455402550730799 0.58191440899906 0.581320583988123 0.567534829040681 0.541707344297179 0.680191343056215 0.695447124659569 0.596625109234133 0.6128920220179 0.627838434112904 0.613202665722108 0.635763047522292 0.586615178346749 0.503079350649345 0.532153738566614 0.412177336073434 0.348494617703954 0.277057302937928 0.405406391689812 0.153589636745718 0.213623562718077 0.436735433498702 0.517687768265977 0.40013653068228 0.331600312482627 0.490451492496572 0.577734227018474 0.517594343717793 0.471880586467344 0.687545756218433 0.654313480242323 0.433983266192852 0.55364165703406 0.597713626051821 0.635587408128302
0.731679739695564 0.623252551483155 0.906591671499409 0.882752697539451 0.698134700076772 0.760597757581549 1 0.91020624097376 0.665627544584215 0.617769484811288 0.600799483240685 0.569285826396195 0.728904390721758 0.652453355224696 0.707395342974777 0.644548782250996 0.569225200728258 0.509344504324313 0.749601746560025 0.571162952611088 0.279152250371297 0.0757720957574845 0.735363875780456 0.631597247546287 0.632468240897473 0.634925640615039 0.510435506028436 0.585950246110099 0.58376865251437 0.484929079229304 0.697747494561712 0.70878787020911 0.800207205371503 0.764947825952456 0.69574640480875 0.660065041335465 0.567724808207481 0.485143001275571 0.583804343730478 0.542509378463753 0.405693669090968 0.240981461543964 0.688733325772989 0.696788633299529 0.68670064989992 0.662024683734491 0.678702050711531 0.654159625464224 0.673496222295096 0.64354002971478 0.707297387944777 0.636915919249584 0.638159360674617 0.496395223254391 0.712330933890546 0.644059530094109 0.678734748795595 0.689424109688412 0.798844456127626 0.750033454048623 0.835922243262242 0.760623136239678 0.757957300210012 0.79618179958011 0.68424121778639 0.783579285066062 0.793388532926251 0.795469328950199 0.618127970478247 0.615182711881657 0.473412334407698 0.400039768214279 0.401827714815354 0.472246912861057 0.225263613536136 0.262604378545966 0.456925840869077 0.588316723595836 0.445470423616748 0.398320818851978 0.606229439933775 0.703536365469943 0.624134216802172 0.586483080646749 0.805359152905151 0.770554357128502 0.523808390251762 0.572342477070853 0.735386524038919 0.740742547871601
0.695418811663076 0.632466712003458 0.806675594984441 0.875528131441565 0.60756355491966 0.740544114674946 0.91020624097376 1 0.5941333066855 0.62787157922569 0.617405402240443 0.697961129040832 0.672845445609372 0.739494660984769 0.623528282438846 0.658846063029258 0.586523827527935 0.552894743991648 0.723182683307564 0.617230967870818 0.292023047071672 0.0648474183313838 0.646249465918644 0.611735558787266 0.573395119176758 0.586686756933185 0.439777925660874 0.548039043886115 0.636290718906659 0.575496406097185 0.641948147112389 0.667245184661398 0.74372484275814 0.738698590705882 0.576610372305551 0.602389196197432 0.568429446756733 0.512197189483368 0.56625474100656 0.591541067535663 0.441294418872258 0.30301483636466 0.664029402341704 0.689864673072431 0.648494145210737 0.6514539739179 0.666421074534033 0.654272900156598 0.66762599132441 0.661246676274929 0.697660263995569 0.670529048685005 0.596037165806115 0.460323529246101 0.708812295468906 0.657507392489578 0.638739108271783 0.667643098430944 0.75064307299531 0.750247293148078 0.753845631074726 0.778267333168088 0.728133737525968 0.815468921699524 0.558992927345051 0.760384590170421 0.721465207818793 0.767753913516559 0.633809567767144 0.609387161709213 0.405783017760295 0.31285463871617 0.358366386320503 0.471961297250434 0.213620121565358 0.235533151933611 0.360678868713877 0.522984781386227 0.483762438151844 0.446677622400433 0.624185472720927 0.706825559311831 0.621644451647145 0.589693154701771 0.739282606438054 0.759057959210748 0.462390344821229 0.532103353607001 0.682438014039457 0.711129616575534
0.301597242139979 0.186695141461674 0.595907999470705 0.595677973063704 0.764493633741484 0.712542897569344 0.665627544584215 0.5941333066855 1 0.886192526641471 0.222975935573833 0.202350820117946 0.538238215100254 0.382109215188524 0.658528665212289 0.428866799424013 0.151960715435057 0.101593330502253 0.362321445586985 0.176276366772006 0.159156603363743 0.121296440924842 0.490558209127041 0.390410984175178 0.335747342008601 0.368793162977903 0.423220096337882 0.381192180874704 0.186707984415084 0.132824546568039 0.359999052375428 0.394833645903472 0.374120878998851 0.352257769489496 0.454173038766788 0.391870070591971 0.286161040550539 0.221621907649638 0.270953147072383 0.134027584589489 0.116941167702238 0.0494089058139875 0.258848032732289 0.262884686675153 0.27055474439022 0.228203297179865 0.228906185406361 0.194584047938504 0.220470681714104 0.204523651888427 0.31549708456311 0.214585998935708 0.354518684405328 0.32624219555917 0.326052715876006 0.242007406221938 0.268428367261465 0.260133898574344 0.326230268091031 0.328640480321718 0.520208508725889 0.552992062733091 0.364802108320384 0.412190729635585 0.410147374985111 0.415619030289474 0.414328098543138 0.365609347620219 0.266458923863115 0.246325315221414 0.380091174574919 0.386843794619204 0.19337542704306 0.216776673691198 0.0210837706271779 0.0857369434431102 0.386550994862617 0.446515635855774 0.101823616508136 0.076204358729828 0.222901737904886 0.344165336216834 0.273466298490387 0.302049402565325 0.508707688996255 0.475577433507607 0.370750429443127 0.385300923174003 0.46233164456834 0.444977310594633
0.347056891997926 0.24992828697165 0.552821792710677 0.585232924798944 0.737108276275937 0.75211736950211 0.617769484811288 0.62787157922569 0.886192526641471 1 0.308913130250779 0.294133675524255 0.613891358550874 0.510547205152621 0.67278313933994 0.558997731631499 0.24013075667827 0.2219131912547 0.384547441508571 0.25247187834434 0.149902984878477 0.083533712925152 0.478995205924268 0.46792114005005 0.335314795935993 0.386600119197643 0.462406785334707 0.471831209849324 0.255395782456445 0.230760341782883 0.292314701892292 0.327808162854606 0.334685282611562 0.339340374165715 0.402528259250147 0.350755251328085 0.322321037098024 0.311813944497355 0.303368533356441 0.235907071739752 0.20088243570075 0.130104839822228 0.263803746004371 0.270240739225015 0.24383075215917 0.206548791921803 0.24659270447868 0.209302523186388 0.225184605376701 0.214254705907215 0.332037161355348 0.2494538400551 0.382378607137088 0.344020638366341 0.346988541331363 0.283180883302314 0.32551146423134 0.315630848519485 0.293540995113565 0.302036290304759 0.509704997669054 0.583798391857357 0.384180658628088 0.426384287446268 0.406455038245335 0.439491246936852 0.372966348160945 0.330013176496518 0.301597219111296 0.277139319466993 0.317136054452917 0.322168994821153 0.157380569034019 0.262092659179934 0.0212295024013632 0.0593779601438242 0.28346446698641 0.388039760485247 0.185187236596145 0.174275589073403 0.300075693890875 0.441639228743435 0.352679545199305 0.404669473793531 0.531989785208472 0.509202571940293 0.360562793815205 0.461524202661042 0.473944487739209 0.475870533102364
0.806658497714872 0.705430129724169 0.611707886112721 0.565935842254562 0.351715653306497 0.436488506738623 0.600799483240685 0.617405402240443 0.222975935573833 0.308913130250779 1 0.787704395679259 0.756344303294399 0.768470054358895 0.62410799312513 0.679108727221262 0.734544034385246 0.705025491741534 0.648500998866597 0.630652268761016 0.199003433098547 -0.230006386175592 0.629280119001406 0.630290622041161 0.593899407380307 0.574595154761576 0.40546363746328 0.496538027158393 0.827698779392957 0.75912828426148 0.53986924644348 0.486792135460344 0.463266175400061 0.43123923949775 0.27612022174379 0.235535688366679 0.567555415691882 0.636486570746798 0.488543538803957 0.610951684479678 0.599916685982114 0.600831556237336 0.352909906682759 0.409901168149983 0.233332141328386 0.24276189145264 0.369632361289776 0.372671651370799 0.335726664962118 0.305514195825764 0.358680634923921 0.398229223596226 0.30529285436759 0.102569291438354 0.415077876159932 0.387576938942471 0.70357870013778 0.599332938196592 0.471366456514206 0.376875599673331 0.599906577920076 0.426503401016454 0.666494282534461 0.587665063686227 0.448083127116992 0.421747049893717 0.242174573322326 0.277867489887084 0.317074348143625 0.290188099250793 0.349683997535728 0.255136275537377 0.533297316044786 0.553268900794412 0.335890644216737 0.199414212077686 -0.0666064804718328 0.158292340709978 0.69462099740756 0.615777678323295 0.76195896534536 0.69328845708688 0.774979199638516 0.595882006133323 0.533086171413307 0.396204200419677 0.45806394447379 0.51246992775094 0.486877924637259 0.410711303205889
0.753495070894688 0.754584483103984 0.554663589813388 0.602208479529402 0.303920238048414 0.425666189827818 0.569285826396195 0.697961129040832 0.202350820117946 0.294133675524255 0.787704395679259 1 0.647340032017016 0.850553316268486 0.530146885503776 0.661083804425332 0.742211665185221 0.763402190610259 0.632786392625832 0.704599599504559 0.28283033037428 -0.0709741128725097 0.545979788548813 0.546231938029359 0.503294304525559 0.490818667426274 0.302381519764915 0.430507404099065 0.837500747510382 0.833318957708389 0.54741753857952 0.497627817351245 0.497627351053282 0.470709796443713 0.188294842419211 0.211945705833669 0.520347640919541 0.498733022903907 0.426965930220889 0.62207422651446 0.525736784886592 0.514828100105656 0.442998769525686 0.534569539258575 0.333339753777963 0.392710058630842 0.459072746338418 0.485673133997325 0.411656711110934 0.393041682251915 0.384536974576569 0.447752440546598 0.262530522194958 0.0764690723555279 0.413522543277859 0.45458613611068 0.681613275997649 0.625320287651864 0.42137923241821 0.403709036051566 0.484311074669563 0.400841172115287 0.729345851662405 0.693685964013493 0.327303358702946 0.379137255250089 0.26441499152479 0.366978509317174 0.383833103204778 0.330350016829163 0.365348056425138 0.239516846861488 0.440334987786654 0.527385357298885 0.367882237858637 0.229180940962664 -0.059474286280799 0.0944532412038444 0.734312830529561 0.716022949313341 0.787141941830533 0.740279821180064 0.694848675931798 0.58375033537585 0.503786656621885 0.493316284517018 0.268761913066306 0.402809738298255 0.382647373822742 0.340210680730486
0.692342788208207 0.549565602892419 0.767945704508419 0.674980970571124 0.716851571144163 0.699027800603879 0.728904390721758 0.672845445609372 0.538238215100254 0.613891358550874 0.756344303294399 0.647340032017016 1 0.859090579962864 0.88554703012034 0.83961611530888 0.608774873377101 0.581590301904456 0.634120444587975 0.543556012771477 0.217617209671419 -0.183258312091907 0.787831123270399 0.764401391671179 0.634480095744052 0.623564385936478 0.619161943173483 0.644278638249205 0.68593697911965 0.628073286416769 0.528022255563865 0.482883400257121 0.50041560763083 0.426733099832851 0.430382331740325 0.333559800224364 0.54258392342709 0.514031781655257 0.480866508285185 0.535284541408617 0.513619571257065 0.4317129515391 0.403428064856994 0.442693738330798 0.267001213172137 0.245483277506841 0.397543065951099 0.37394036677247 0.306377493095426 0.264773152297301 0.376640644344388 0.347746588863775 0.42278351265128 0.258910710368634 0.438113275661675 0.410365348779135 0.649003513895525 0.538477794158083 0.440951006333586 0.351699623030491 0.688009092672328 0.540112184521272 0.663405304676884 0.572729094823222 0.630654989010711 0.496937415541682 0.356534870200456 0.35261435036585 0.304154600401171 0.308508503499807 0.332639265400358 0.259640007718373 0.392270734907717 0.448398198602934 0.318098291323905 0.122419816734095 0.0589459836863536 0.226615567448795 0.616905373909131 0.577120075784609 0.69373358962742 0.752899966228696 0.773267191012796 0.683569248831171 0.700421017651243 0.543174110126994 0.506936076992007 0.674179545484935 0.602340953804254 0.459449334225427
0.731737226071276 0.656663354755033 0.691516286391193 0.705827192764919 0.539589238385683 0.600400403241746 0.652453355224696 0.739494660984769 0.382109215188524 0.510547205152621 0.768470054358895 0.850553316268486 0.859090579962864 1 0.759356774582723 0.867798031150384 0.685868315476679 0.701459542553537 0.625269072093673 0.672526241717758 0.196907668051651 -0.180093504851729 0.700930543162671 0.771054012133183 0.596919451660284 0.59660038319864 0.490045408708188 0.56616313618534 0.769831478394327 0.762599896474899 0.497395213048495 0.479673699875345 0.477736493173024 0.429402111073215 0.302983765602635 0.289836175438479 0.544223339892952 0.540487469295167 0.461972017093906 0.624921730855891 0.594892039294258 0.535344472159238 0.446810747138272 0.504161320048103 0.298514946553807 0.316250683582548 0.457488106497129 0.447311402138535 0.374820309650446 0.339117214974359 0.423673509813303 0.43706119152416 0.405953658235712 0.225030512852827 0.455013954151052 0.474470475311127 0.681639508247386 0.601329981122589 0.415723873899087 0.372436673136863 0.551530491593036 0.46856680798355 0.722852181337825 0.675303497670192 0.508113519772089 0.487143251871693 0.315334630315 0.375559580067397 0.392622897225448 0.353106138268846 0.288629834910291 0.188817788516247 0.364060232285234 0.488565904844543 0.3856468332523 0.160557842420308 -0.0685910207691104 0.129090963030204 0.67520770943989 0.672138759371343 0.755599432403185 0.801186480799202 0.770192085346704 0.692834496242415 0.65736128222254 0.591194293985398 0.441215676905343 0.617334307695285 0.510178806112913 0.41567130668922
0.624982713789919 0.503574700250638 0.788251553039038 0.724988092980998 0.745328166443496 0.704146480599595 0.707395342974777 0.623528282438846 0.658528665212289 0.67278313933994 0.62410799312513 0.530146885503776 0.88554703012034 0.759356774582723 1 0.849359240952762 0.577366867768698 0.542606904359577 0.588297526727007 0.492000435291912 0.214188788458786 -0.194790436736108 0.857674376536589 0.80170831294035 0.717149442310909 0.725138395114311 0.678111656592126 0.643994940946691 0.607331721055482 0.56042078851703 0.602091565596019 0.582563742914682 0.516847021167749 0.456213286972735 0.508285891679115 0.409338695771562 0.600595375113851 0.537538977966828 0.563060560288743 0.504948073521926 0.512475481567872 0.416918453526785 0.375808607603375 0.417426812970033 0.260866557000255 0.247115084994654 0.369768693846639 0.343173302198341 0.301169548278227 0.240017473063399 0.379615640254742 0.321695328500571 0.431728826452098 0.267338007491662 0.434482849440737 0.379168567800721 0.592921419998637 0.519879247847491 0.393475734905829 0.33684820537886 0.59656086806431 0.488140769559976 0.669146222592778 0.589636664936583 0.695251760848064 0.50632108203449 0.376071922548457 0.378987275091959 0.324680297208484 0.323514657953245 0.412078779997294 0.346551067307509 0.384395078862696 0.417022558393447 0.310236608378504 0.173812007859099 0.154931513966228 0.324978657298616 0.552695559083291 0.523135683863273 0.645718267208191 0.718103280853375 0.751371359621783 0.648128669817328 0.716508022122747 0.550052671266551 0.620209708829321 0.681248096998202 0.575631021715341 0.468276459674212
0.707575813466956 0.639416709293327 0.766687821479204 0.728573096063448 0.611604054615441 0.714680485875108 0.644548782250996 0.658846063029258 0.428866799424013 0.558997731631499 0.679108727221262 0.661083804425332 0.83961611530888 0.867798031150384 0.849359240952762 1 0.67535061027922 0.664857998995331 0.650878983582311 0.630209824212133 0.336286670087116 -0.0580825328794545 0.854919356158543 0.913665921488713 0.789696943109086 0.80489172923869 0.698205504899957 0.741121471382542 0.696167865373753 0.676452764700552 0.613479382520484 0.593360694480422 0.556625334225138 0.510313733910734 0.477371882936146 0.415616845026294 0.678919060832578 0.598020691625839 0.582427386172064 0.662505836506144 0.591063638370979 0.450027018294531 0.507296863770171 0.538027653655807 0.34675484794863 0.336746279389871 0.501664241131782 0.47130943017924 0.396715122829148 0.350044719900478 0.470578062834113 0.430327500150822 0.49751838610473 0.354866056612922 0.503041236514127 0.486089025442177 0.67099459181511 0.622104529980595 0.430190679135411 0.378215720855466 0.573533132913113 0.496152889242854 0.725314492544913 0.660694296001494 0.711395236321484 0.567299092893541 0.411717433549421 0.427534496229683 0.425143144749875 0.412688919204647 0.333128350056722 0.22676089093501 0.305982178261176 0.435834355199523 0.310334071386714 0.17623061545724 0.104649076657398 0.229437884402134 0.672250841083201 0.639010256976425 0.746137012534544 0.817915463234463 0.8287183063101 0.778669334403027 0.769289124337075 0.668307373096844 0.555260726250596 0.776973635501068 0.600611810875699 0.522959340133282
0.853865324712816 0.87176492701839 0.614545322409954 0.63809183621703 0.297726955090365 0.470823008642457 0.569225200728258 0.586523827527935 0.151960715435057 0.24013075667827 0.734544034385246 0.742211665185221 0.608774873377101 0.685868315476679 0.577366867768698 0.67535061027922 1 0.956717991237453 0.806114753373262 0.839943487818502 0.267649271685239 -0.14530999566881 0.668144249752232 0.643127342636701 0.644354074199926 0.625345425908981 0.450381249084694 0.536184017160889 0.904817324523243 0.875780240698906 0.674559863040859 0.651915540169348 0.701290275377172 0.66910150613751 0.370858848512077 0.335463288661467 0.611527696708224 0.570499387117478 0.569594023809027 0.634168632778328 0.566598410907883 0.500559843052943 0.56641207677506 0.675464636780717 0.432486608181635 0.506912867693718 0.579862238562486 0.611970973790713 0.5099753617673 0.480017345868502 0.441406218197579 0.488167571979917 0.358080925669601 0.196597489266663 0.479370231178703 0.511393934974904 0.912835641487589 0.834280099858543 0.499358353603972 0.448645310336164 0.481437983003096 0.348517998410835 0.84004865174463 0.708684433835856 0.424210394937234 0.390458537938133 0.391396784236184 0.461239499452641 0.609893486574899 0.608148099786245 0.335866404953607 0.214750623852854 0.421846490612059 0.529519628677508 0.329675811262672 0.285389823045572 0.0844215632337842 0.283838796322461 0.890652143388316 0.829737248606069 0.911267797644647 0.809045456585692 0.786550315246192 0.57568662662845 0.557309149485374 0.467884887270197 0.407707485395216 0.454207534669763 0.350744092899774 0.397971488715876
0.822844881936297 0.885540483974602 0.569895021896148 0.610705200952845 0.267027897546804 0.438064909102828 0.509344504324313 0.552894743991648 0.101593330502253 0.2219131912547 0.705025491741534 0.763402190610259 0.581590301904456 0.701459542553537 0.542606904359577 0.664857998995331 0.956717991237453 1 0.773817711950121 0.860588847466354 0.237250416364148 -0.159428140114 0.625800595585578 0.609744832494811 0.591118302727557 0.599345240173086 0.380402189418231 0.496830262039485 0.883232757380213 0.912589195643922 0.641267079767734 0.627446566886673 0.637830424409955 0.616493518681102 0.290819628011779 0.259850046474616 0.57368039514076 0.557243290839917 0.529678649515419 0.636852895421363 0.554132214004079 0.523043978880658 0.52090922182363 0.63235620788817 0.379921337482795 0.460550022312549 0.538907630988441 0.57473884924158 0.454741799491293 0.415351243207856 0.369857609843984 0.413113217520863 0.272695020587989 0.103510559085546 0.409420889837625 0.458244739161584 0.894941205963978 0.838272940934893 0.430870049322886 0.380270987095392 0.421398343425795 0.302137130678516 0.808218910491127 0.688816066959042 0.381267408893904 0.343650161918647 0.320608337880921 0.408728095245039 0.588157594938044 0.570566234311749 0.289205965113455 0.160230646256921 0.375148508554782 0.519821420663815 0.34483718887954 0.277649363739844 -0.00966396792358132 0.196467869340027 0.870143157643418 0.856245772140306 0.887720275890093 0.795757774232793 0.732831091889971 0.526532357732331 0.497948188540056 0.429861230240664 0.339412554665122 0.386838968418399 0.280690875207527 0.306082718798765
0.84570325121023 0.808875030494942 0.768280135390797 0.772801871721491 0.456311123263562 0.62365042621327 0.749601746560025 0.723182683307564 0.362321445586985 0.384547441508571 0.648500998866597 0.632786392625832 0.634120444587975 0.625269072093673 0.588297526727007 0.650878983582311 0.806114753373262 0.773817711950121 1 0.879666735228103 0.404300689232886 0.0793242544336407 0.719621362926525 0.636143915486661 0.629891285840748 0.61128120344678 0.493244191680426 0.587730547405821 0.736835003586147 0.687159079681925 0.734063675092009 0.725260182418637 0.829203006592234 0.776495481774485 0.529795312335793 0.480555002394478 0.589717885730907 0.499733349206775 0.475730934514806 0.54161142278012 0.478269695040377 0.383369386954222 0.613549042590978 0.686251033099613 0.569872310583984 0.596515068010019 0.589904721227738 0.607570790872718 0.56500531227491 0.544128613741062 0.484431550950464 0.469067641194629 0.417142990081114 0.307011584994588 0.508656554391966 0.492417401257941 0.815069392435027 0.785136245811598 0.645414470175781 0.589751093882215 0.610154069023399 0.525674702029769 0.791553336637207 0.734271740796599 0.536632911901836 0.529765547548993 0.608827450001746 0.635603293370157 0.757800936583582 0.742007863249935 0.366111702258667 0.279602446765302 0.359341304638483 0.534486025990904 0.155646530535386 0.293753292699424 0.333812260376975 0.448441381182947 0.673074186625001 0.658074861508285 0.751465574920933 0.739112866686318 0.665502787149977 0.562184451405898 0.620241695842638 0.573976338701686 0.348444596776075 0.499275963561374 0.465032042295129 0.55008446046824
0.800499528443693 0.864117575728292 0.619028312343887 0.683441169121851 0.305398886738555 0.451460101057505 0.571162952611088 0.617230967870818 0.176276366772006 0.25247187834434 0.630652268761016 0.704599599504559 0.543556012771477 0.672526241717758 0.492000435291912 0.630209824212133 0.839943487818502 0.860588847466354 0.879666735228103 1 0.3143576642083 -0.0380847401784511 0.595007846698524 0.611357115678248 0.543500485709016 0.540315321503071 0.381260130848415 0.471698433375267 0.78370210580774 0.797126210611265 0.590903071269854 0.612796074338447 0.689774954466269 0.660150465457397 0.312755418076627 0.292720355800382 0.545768474445133 0.483472890905864 0.466317911809006 0.586658774874012 0.548534198661022 0.509109137077226 0.51878677670606 0.623246294210291 0.436218761516299 0.510455212852903 0.501228029616269 0.545321993436454 0.449525550242079 0.428740280903353 0.346923620915035 0.373057459414769 0.242172330945785 0.109475254222805 0.373456198579241 0.416018084057701 0.815028945122515 0.797759225406984 0.483838080982705 0.446306472820439 0.460588787078348 0.380360688885 0.766618260778416 0.70090089172167 0.404986670575759 0.417236405217738 0.426656264291103 0.50467399292924 0.760755515527593 0.725319680268909 0.228915726694133 0.102547309394704 0.325736954469587 0.496937030410367 0.196791392931305 0.253049857363148 0.0737463183277199 0.245159904360299 0.722056014322657 0.719239773745553 0.773382708372634 0.750456205168724 0.644695167236669 0.521495743697771 0.515549393915159 0.493792606003462 0.277154787053051 0.432695188045215 0.317519247771487 0.368448942108967
0.258035865761916 0.310528566976007 0.292396976573514 0.284759490607497 0.163177552856247 0.361162585336211 0.279152250371297 0.292023047071672 0.159156603363743 0.149902984878477 0.199003433098547 0.28283033037428 0.217617209671419 0.196907668051651 0.214188788458786 0.336286670087116 0.267649271685239 0.237250416364148 0.404300689232886 0.3143576642083 1 0.536953194385699 0.335082390304001 0.255150257261899 0.390720465334939 0.363004939418415 0.388097486612618 0.419823535117203 0.234724156491378 0.207923384423952 0.416950654266025 0.350472129901218 0.378314627547817 0.353940155362363 0.277803432163614 0.252446721185095 0.242054712101497 0.0045406053744625 0.0325124462683683 0.217992072064113 0.0576859284315778 0.0220353848448205 0.23668987957322 0.25671529918824 0.238624976454551 0.240095877999677 0.243270277457513 0.227091635225128 0.207206321560448 0.18747163879396 0.172532087044171 0.142503856151989 0.189694747246752 0.16791645554465 0.157099175003513 0.136701945886256 0.230439662708399 0.285109690986747 0.248874200452766 0.26114278085357 0.221771378223051 0.282460168302952 0.299692430486539 0.296721540108832 0.293869032283051 0.230144618428479 0.323479933734854 0.302311548484894 0.272193164650195 0.329260063786367 0.320632877957753 0.194828992419395 0.12778981874847 0.260957295811807 -0.0319156576541705 0.239828868704356 0.299358056467126 0.146294718539941 0.257045815610088 0.185588733367401 0.249200418311146 0.267931242009936 0.242060705076164 0.349381284106592 0.259165688930463 0.281657185806259 -0.0945499894310753 0.283803414103573 0.177248942716697 0.221719089414597
-0.0769552183875618 -0.0178090831643687 -0.00214822499732534 0.0132816032296613 0.0168069722772056 0.143307572725813 0.0757720957574845 0.0648474183313838 0.121296440924842 0.083533712925152 -0.230006386175592 -0.0709741128725097 -0.183258312091907 -0.180093504851729 -0.194790436736108 -0.0580825328794545 -0.14530999566881 -0.159428140114 0.0793242544336407 -0.0380847401784511 0.536953194385699 1 -0.0510897854760245 -0.110840669447262 -0.029593212335162 0.0114963838366548 0.061686611276573 0.141085448053499 -0.231934784526479 -0.209942441968474 0.0621985825833018 0.0520806871864882 0.140374750991603 0.135908641335054 0.0968993063375182 0.111797209520022 -0.0341867737836464 -0.25006212473988 -0.212557132510445 -0.0462095703166242 -0.203004808347197 -0.284931163729543 0.0770432342732995 0.0363206571005698 0.156791575746099 0.129123760826115 0.0738720580327184 0.049580903616914 0.103947425479705 0.112277563854436 0.100471482675795 0.0533426608854955 0.107330085891773 0.19323940786758 0.013717466793901 0.0130170020867172 -0.100649400808936 -2.62521877367586e-05 0.0955860374219138 0.145932086748966 -0.00905342369545068 0.082254064237855 -0.0297238230455002 0.00801911985859885 -0.0196421491894661 0.0717717695650683 0.241212883583395 0.176057742203859 0.102561980336505 0.166119440127091 0.203197499794334 0.173397574220177 -0.136553734693131 0.051591321930571 -0.343369829897535 0.101851679183725 0.402352137701051 0.047139615535632 -0.158479882587443 -0.207179703317268 -0.160642857302569 -0.103079678853308 -0.177138658780147 0.0632430588620606 0.0225369423302589 0.134845175151068 -0.364038389609756 0.0104825346138003 0.0157388804446777 0.109407103853675
0.727357571539134 0.632650158229615 0.9086502716715 0.82186262546044 0.679177036783732 0.704007627849771 0.735363875780456 0.646249465918644 0.490558209127041 0.478995205924268 0.629280119001406 0.545979788548813 0.787831123270399 0.700930543162671 0.857674376536589 0.854919356158543 0.668144249752232 0.625800595585578 0.719621362926525 0.595007846698524 0.335082390304001 -0.0510897854760245 1 0.888386183842197 0.878356935236624 0.858737388799097 0.750512835699465 0.743626934776505 0.650558942982857 0.605155925728316 0.76822452815446 0.735366804172982 0.68782191592258 0.631988416670324 0.663458984108313 0.558842634581501 0.700726651819426 0.579272339746794 0.6501467989719 0.617350217804924 0.527912218687904 0.387112034012161 0.557236799744817 0.580607599433211 0.429910566215959 0.407640183409893 0.537292872942682 0.517460218400019 0.458253634388748 0.400712325491124 0.494314159293615 0.436792440664671 0.4947996798397 0.352144120672298 0.538561129477584 0.463153632315366 0.691788985621538 0.660395542311162 0.563099608656437 0.502126797951437 0.654962413275974 0.534318717446631 0.749985704633467 0.678759590027346 0.821508498230316 0.625497423355406 0.540680185697588 0.53804095424226 0.438602191111674 0.45526441773537 0.416943959957174 0.308960770543203 0.399455306071731 0.418535977907284 0.283679111597 0.235162513875593 0.227970287820717 0.391254755214511 0.62241990503467 0.586248635440478 0.722141007973458 0.772748316033524 0.791624604111061 0.685693733478236 0.792733103937807 0.62575928003615 0.627514904954841 0.740698199240332 0.619551334414682 0.571899734791472
0.697367077965007 0.607146981269348 0.802052924795961 0.767532796355786 0.576944255497413 0.640809534621666 0.631597247546287 0.611735558787266 0.390410984175178 0.46792114005005 0.630290622041161 0.546231938029359 0.764401391671179 0.771054012133183 0.80170831294035 0.913665921488713 0.643127342636701 0.609744832494811 0.636143915486661 0.611357115678248 0.255150257261899 -0.110840669447262 0.888386183842197 1 0.854623482179209 0.828294721394075 0.747200853186648 0.756021203084788 0.628079595586961 0.593461009414928 0.591518927538618 0.589589408134996 0.580256309739325 0.528785483262755 0.531145935299685 0.453268295884328 0.657470375244311 0.553663833553865 0.63307510739558 0.601287080058031 0.587597081280347 0.459888561499201 0.500652379319736 0.520281833356654 0.351392714491721 0.336242171846989 0.492532282601136 0.462961673367323 0.405023752837676 0.350934684899334 0.482936446427084 0.428478723474283 0.515315924118978 0.375752552030012 0.502331949465536 0.454686820982118 0.66745018957685 0.641041323823828 0.499370939151804 0.453618900979451 0.584053515761991 0.493738903802275 0.7310677111803 0.682069466784878 0.769440640735721 0.622395238200616 0.46122441431156 0.471131023857513 0.44792064088146 0.455399745922384 0.259494909253501 0.169475502707923 0.274745857075743 0.368949236133433 0.273544979147314 0.136048064017935 0.108400404809091 0.26942549073734 0.591922528301446 0.561263067829173 0.699387095207434 0.795362356689702 0.803152398611782 0.747089716718376 0.812018297208072 0.681700098921076 0.626262022472054 0.798339651609166 0.622353955772838 0.568929752960871
0.681527988111041 0.602980456347263 0.795757432969544 0.697501992573325 0.500118878049407 0.624085652857304 0.632468240897473 0.573395119176758 0.335747342008601 0.335314795935993 0.593899407380307 0.503294304525559 0.634480095744052 0.596919451660284 0.717149442310909 0.789696943109086 0.644354074199926 0.591118302727557 0.629891285840748 0.543500485709016 0.390720465334939 -0.029593212335162 0.878356935236624 0.854623482179209 1 0.912072588525711 0.777803825583163 0.758071320237307 0.616654431013093 0.557797171393399 0.746536561224594 0.700789761988766 0.676155397142759 0.631614985555189 0.664715108143616 0.591511313523792 0.726682240424115 0.615814764272371 0.696945214728196 0.641819392353322 0.490271516195749 0.398917754062734 0.588614108567169 0.60297553124752 0.459961977005775 0.452051892146388 0.604948770605884 0.569749902107613 0.519039259851915 0.470082233696438 0.582512069040031 0.537460227437145 0.577315227928609 0.426462300164209 0.626728654056173 0.566634118155977 0.666973858982719 0.638581622407348 0.603280825670015 0.529606101927441 0.623794445363939 0.508667925761464 0.699357398242689 0.647780563186926 0.806784399429807 0.657667086610209 0.553726428432365 0.556420911372405 0.442519209769838 0.452630841570132 0.407699856385413 0.29143876451842 0.359959061820323 0.387429890189786 0.304915247615073 0.275964945767303 0.247118999637627 0.375410714291778 0.576833493232573 0.515671095982647 0.686361221466406 0.729665727925318 0.764449824182083 0.660409269399754 0.772332866894077 0.648635464184808 0.620717973055951 0.709127938569542 0.640325042207548 0.614724869529105
