1 0.833513727259047 0.404301015070882 0.369488305198438 0.186107865188396 0.064263433400875 0.470575925616239 0.480267962851547 0.468818482922478 0.102133324914597 0.585168062474122 0.506732785128121 0.563304836960485 0.548787822858681 0.463558458468084 0.353375275228952 0.710022012708561 0.680003022297091 0.654854678501201 0.599090520588233 -0.176316006594321 -0.0466113261458413 0.205422045777444 0.140379449564968 0.0843829000700325 0.106265076842721 0.226176394406733 0.222950892042914 0.545511044183256 0.55151438382669 0.0816531888967442 0.151464601777967 0.306773235940453 0.207204726024017 0.0637985116882315 -0.0262489378200533 0.19403512792324 0.139209927119689 0.204328595194975 0.30691235544572 0.21560439995543 0.200589312902419 0.242142123515793 0.190509799504631 0.31673355372851 0.279451732572277 0.419572886981756 0.262785596221092 0.286771086716869 0.316956101474494 0.424253236233147 0.251832503312348 0.45168165632054 0.10543568013677 0.423307244603228 0.380053321320077 0.855424549702449 0.827700665007394 0.645710079119061 0.491833697576403 0.699846663997376 0.286329446712629 0.621529217212056 0.455333658194551 0.192308401280776 0.250090249711104 0.304217660693288 0.256630959611924 0.737684658204286 0.693297237511302 0.261985989789141 0.283577636851451 0.102368446284488 0.0874692782244161 0.0600700331964892 0.0409259787746864 0.049262932738927 0.0151221841743474 0.678023766233466 0.5839937322455 0.745696769286483 0.717333851758736 0.503435599398761 0.500118793875888 0.524955673911124 0.504021276795324 0.147761977782416 0.192687250811557 0.41744538621691 0.278190203531088
0.833513727259047 1 0.431323266676918 0.476073105078563 0.231450649485084 0.129258804985965 0.417671435022905 0.510172736459659 0.396895319601082 0.139320097173311 0.333761065177316 0.572362887122346 0.411838711758664 0.465086327310021 0.379254262387148 0.419875089081035 0.772482102466136 0.803848664581817 0.653381595925571 0.766137137905216 -0.0716144309490617 0.0528091552120112 0.285683772137002 0.225891479646566 0.18757221916491 0.251183459646175 0.290559270725557 0.265479514268365 0.58845865125283 0.661150331382237 0.276252221528072 0.285877564969756 0.49853193746548 0.393060725588528 0.193605799726724 0.104167419871694 0.34648532346882 0.221857122426492 0.308225807513366 0.338221829828377 0.264713139534352 0.201792078159676 0.374942689032475 0.321296964042915 0.454642917066659 0.430745431090722 0.532135759872034 0.391276795192373 0.402875719439036 0.458928439153196 0.453343196502399 0.387091497651299 0.511966201960085 0.328147152880526 0.464519602837295 0.482894304810138 0.871121418369117 0.883184160283463 0.543282599229346 0.445628369487982 0.524730157236861 0.236844912014223 0.646015489469164 0.592126610094338 0.244222867088335 0.227245137152856 0.351236168269069 0.331459515342438 0.756954509413191 0.688577024266192 0.343979599920176 0.424923020038219 0.202860148089606 0.190041680597187 0.237542439953247 0.0301874791124436 0.177575120756058 0.0679333879826053 0.707534230483005 0.691840284930756 0.760221305091079 0.783914955837137 0.555206915180155 0.554257580006935 0.515251201801777 0.579636927670205 0.321764617247218 0.322318896230613 0.357573649152388 0.407293894365914
0.404301015070882 0.431323266676918 1 0.803114096526838 0.628211705979473 0.262933188247463 0.788705363433062 0.536343386725225 0.447159015535923 0.278419001024736 0.049215609294432 0.159177664398031 0.508506964563312 0.347840320425203 0.551449849190373 0.485512329981031 0.427928063384896 0.390773974316048 0.678701943629938 0.444904350714939 -0.0782474305079901 0.0696007104383954 0.811091001711571 0.707470996231765 0.694914419488832 0.574294339950642 0.438288423705101 0.230782019525211 0.477537051738238 0.401173387535957 0.640141466417335 0.695076535550287 0.674396888945021 0.563925314957272 0.665433117782102 0.516069951177003 0.344277765702362 0.232637882668517 0.386871522566636 0.303421487058279 0.0989873152237265 0.0745774432900967 0.53354407797908 0.481784435774321 0.52379046089005 0.394822592465214 0.558488959185094 0.525654093720023 0.39757856608378 0.398570140585897 0.501884451280446 0.340868026484044 0.406152641805976 0.398414541773961 0.55070916656876 0.433247279338266 0.39986027225835 0.393874669898258 0.389856781772469 0.354447530718502 0.371695364380223 0.397887005458753 0.498208831498192 0.376403316874621 0.748756314868643 0.580178193773171 0.81068953690683 0.6633697119899 0.351649051819577 0.213444388318078 0.409233023147861 0.433850447553687 0.197370452343073 0.143238076838626 0.27109423108306 0.0460758327658824 0.341122575675354 0.162901593878919 0.28885419891872 0.411433037137048 0.417917472689757 0.45109883517585 0.470619074767405 0.304893616891672 0.75132506106642 0.568172973763082 0.340446158077419 0.405047024439134 0.557061137408042 0.588270741028981
0.369488305198438 0.476073105078563 0.803114096526838 1 0.485252619649518 0.269857712956573 0.77120923057082 0.798856885613291 0.404143990723598 0.375807968206027 0.0611436639708755 0.409361809865717 0.276350948313377 0.481255533406884 0.290742775258719 0.441268523040686 0.477991244313118 0.485752713902499 0.613310719766887 0.588532449700189 -0.0808516904091806 0.120770948289562 0.541314040593309 0.572950386750364 0.408165284835466 0.397827000237743 0.274982605199501 0.146706215183703 0.529313508394249 0.579488101233554 0.617516191837944 0.706539349988358 0.639651949037349 0.690291933343008 0.516132375150532 0.488455703873624 0.353499278345381 0.108561587931793 0.338243507606503 0.250052828860279 0.020416910294459 0.0443007662834144 0.533758434414143 0.510894632869737 0.531973062061137 0.444437193155928 0.592339184184619 0.538416914338397 0.44240934675439 0.471051622234732 0.585535012301415 0.463391839524554 0.450191212816292 0.428636618666458 0.547283673811676 0.494649036863712 0.382838802932261 0.430673269857029 0.515732967454833 0.571485620895332 0.42999317480659 0.605723174085616 0.560629134888567 0.575405200317582 0.541670009124145 0.525586536929874 0.747467447563006 0.770223674969731 0.377733834758147 0.271310926768535 0.417227742794939 0.515322816205277 0.260949847057607 0.298610032310072 0.327430334014226 0.222829194963046 0.359039331996312 0.220986246864814 0.309981917884829 0.414841311572327 0.422850879313801 0.4764204888192 0.392645966408155 0.292845643635501 0.576980332615512 0.618386514754063 0.285663004044694 0.292893029019757 0.509837716398092 0.631747147314354
0.186107865188396 0.231450649485084 0.628211705979473 0.485252619649518 1 0.255889338673555 0.559121005404282 0.430966629015943 0.626291391524221 0.305784149759017 0.171169381049045 -0.00922832954330333 0.511429662822672 0.338010751729732 0.611995201401818 0.448605826448525 0.24426858586456 0.206639438300709 0.459879862899726 0.309548894772093 0.0214433730490393 0.0265590135480668 0.546744437632158 0.552956467196906 0.457280964268419 0.36677775246376 0.483944710410426 0.431148536150195 0.268107487738695 0.190476920525996 0.319564372970747 0.300788546357529 0.431719055975697 0.234398791369498 0.546852140659282 0.395037913432948 0.233029077843708 0.309117251829615 0.169932941816006 0.179067137202007 0.0943939547159581 0.114952754612935 0.26574706778804 0.270510738668958 0.266739175944022 0.13353437288357 0.265174775629261 0.302542377990681 0.192906098510205 0.16224201335719 0.192275645751503 0.103002631124886 0.179252482259958 0.213642036735745 0.283870951600681 0.194717593557179 0.204247659857095 0.173007133002873 0.194344005315153 0.189996366481106 0.285082079923364 0.504779189389451 0.301403688068259 0.249224713415312 0.570518864647011 0.400700492071852 0.447898634947788 0.311364170957196 0.214592858716979 0.112441359089257 0.322189906086128 0.332050384988563 0.18054315737274 0.229102298080536 0.273397508204498 0.124672956005104 0.306074440666988 0.16102053416016 0.247703304688344 0.226987329712165 0.22324015211963 0.260679791874113 0.345230817288848 0.176912294284631 0.523268751116137 0.343801919173242 0.179223452670141 0.311459199422714 0.486046218893388 0.463829478168772
0.064263433400875 0.129258804985965 0.262933188247463 0.269857712956573 0.255889338673555 1 0.270543381052946 0.347496222805877 0.198376778081236 0.693203834139101 -0.0761190402197154 0.0857757578770835 0.287478121020963 0.385308768759167 0.449382474037699 0.644079788179529 0.301905002812775 0.326761892764324 0.288249497708256 0.195123505974867 -0.10161844734134 0.0933339092943775 0.337090205428201 0.401214667721065 0.381041060175196 0.52160887673882 0.222618372249148 0.237735853579216 0.209406455044858 0.206514427541122 0.240493428155605 0.233894309162229 0.35786362912893 0.32023741602722 0.367316130499683 0.410694169540796 0.19104239940638 0.1038954606903 0.263666667677026 0.225272667240761 0.00883776966162444 -0.0341669406546838 0.467776111033015 0.479785889931299 0.511866280575142 0.485104382607399 0.408708689758546 0.471994869726189 0.501077430103557 0.489098088736566 0.380064887353427 0.419469751644229 0.397089159228223 0.407603395234674 0.431038184781244 0.398371289133493 0.246474126234421 0.213237874144555 0.326149175258346 0.3546119039506 0.1603671713406 0.344997855717969 0.234367805141619 0.253418789236678 0.34223279323693 0.340178997061499 0.365231446737435 0.389212391927717 0.0658685445128315 -0.0152706542943426 0.15170209917576 0.290474861625476 0.157800505221707 0.21471875227026 0.171399105219385 0.0837514632610146 0.265365595143941 0.194020120608651 0.195608791441429 0.262851977643764 0.232082538487297 0.257050826888427 0.47061239328784 0.0989624155940242 0.477555141726274 0.578764113552913 0.301537247969803 0.503643422513119 0.389243845278237 0.565730576271244
0.470575925616239 0.417671435022905 0.788705363433062 0.77120923057082 0.559121005404282 0.270543381052946 1 0.784746597680977 0.682664403500696 0.480054310996178 0.411552608996032 0.344991715864445 0.588014819194955 0.521625214069985 0.521124115836004 0.379579193949688 0.482716220078396 0.450182506957224 0.629941385624151 0.432754326834251 -0.180642808329648 0.0642015675641959 0.470811249142126 0.455708739571622 0.302751321382547 0.282746362282401 0.302064269752809 0.153091011754434 0.537490598396768 0.469215534743868 0.501814854299165 0.484964645625803 0.585355895623248 0.53690831937131 0.469964396452076 0.374167203055877 0.296804761727433 0.154660136213083 0.29642188894953 0.258051749953505 0.0136528227040435 0.0381646018523764 0.528944817335177 0.51058169753407 0.535259182077666 0.440737819036514 0.572286757636602 0.568278534379749 0.503353599002176 0.481408635779377 0.633611216778098 0.459739368328239 0.495977395312749 0.450413608029112 0.542740434681859 0.494388723801335 0.427053182404098 0.436004816912802 0.645449459967048 0.586267910142578 0.688185359289235 0.633256013611601 0.59777902050014 0.506636910200574 0.570294053876526 0.516389493333553 0.718332611122194 0.673487032119119 0.397350554504607 0.305127698351383 0.400098642221802 0.475112014523773 0.289447905299117 0.250020568446575 0.280851524445751 0.218817454207153 0.357935625841811 0.290636637354166 0.354595168578833 0.43758223981276 0.476217526557397 0.487736413690684 0.341092067908951 0.3264017415197 0.620938049918749 0.614280926349628 0.196815753875482 0.24856411687192 0.701841906897036 0.628711983955666
0.480267962851547 0.510172736459659 0.536343386725225 0.798856885613291 0.430966629015943 0.347496222805877 0.784746597680977 1 0.576363324046346 0.55249775508097 0.379540997065061 0.579560859756828 0.41729499648022 0.744784074750206 0.348668366205094 0.46610258043541 0.524129781223107 0.558944402618846 0.530986837897576 0.540452227259103 -0.14261339193569 0.115539247543946 0.229851811227198 0.339256634153454 0.0942235704591877 0.163134092561029 0.179537579133233 0.117844273865828 0.54386630318595 0.625181288752871 0.421172926586794 0.433836485625333 0.520243818968155 0.569112597296732 0.335532621577784 0.386704448632132 0.314908050764215 0.101862270579117 0.25670502290074 0.263609860345686 0.00849452126215706 0.0904816308040679 0.464850724137235 0.464390622122819 0.521363131594928 0.439206975077116 0.553756066359035 0.51687776236327 0.497165539420106 0.502522820680776 0.607604845337077 0.506081436072898 0.525590506421492 0.397475949523175 0.510964445698478 0.514928352792654 0.450342544543476 0.474295386939929 0.672096504532763 0.738189193499777 0.668046982318758 0.781410014286084 0.617165552665453 0.671470989232602 0.341777192291285 0.421361747230063 0.555161737938049 0.682441050001412 0.397103662670172 0.324825789099519 0.356986365795932 0.506671537687874 0.259874134044948 0.343601873517671 0.269411716557949 0.289660312793257 0.285944102766045 0.276521219211085 0.375252279668632 0.452567627041706 0.498256632855344 0.575720170967105 0.36532643338305 0.35236811185788 0.488539848258192 0.700133975315714 0.209275564798469 0.216555359408478 0.586187907915421 0.647553716619137
0.468818482922478 0.396895319601082 0.447159015535923 0.404143990723598 0.626291391524221 0.198376778081236 0.682664403500696 0.576363324046346 1 0.464997421632818 0.497223385469543 0.141138952948155 0.552451787301825 0.441489577022295 0.590683114826915 0.281341938673234 0.387782660197107 0.337323145336315 0.451492720725896 0.298906076260498 -0.0133679484968515 -0.0410611245415824 0.303592875419348 0.348895728349282 0.166928634010364 0.187771090689858 0.50485586300279 0.418299403456693 0.301617191656791 0.240804270136549 0.171953071000945 0.187990541998179 0.285011424458072 0.133616163238671 0.391381529723554 0.20520507776389 0.26361961985706 0.281477241810421 0.21605630715288 0.299767732071551 0.182176019928122 0.00227387725360834 0.245249334351554 0.219395439123825 0.260523424099287 0.173876162394291 0.263728069009077 0.282800127823115 0.243510086396103 0.207564417608674 0.350578053101671 0.15251668284437 0.263608801404143 0.161650889597203 0.366474255384024 0.32128738756911 0.460642157373129 0.421288999051475 0.50478649546582 0.414761570829865 0.672782727923917 0.598036895734586 0.375007608690417 0.223506901601021 0.452297460076567 0.425655881727682 0.41694736344387 0.308481896141112 0.461438501172466 0.362810379545818 0.272062718734339 0.278371624103745 0.151443687930532 0.159627450060384 0.189429827137836 0.153176364306658 0.266281050474668 0.246542736715097 0.409231836763493 0.381553646371846 0.390795068020304 0.360678326950403 0.275385169130313 0.265453953782942 0.442302714853996 0.383381070769801 0.0763752906189775 0.125837819530383 0.640550756440185 0.421296725786859
0.102133324914597 0.139320097173311 0.278419001024736 0.375807968206027 0.305784149759017 0.693203834139101 0.480054310996178 0.55249775508097 0.464997421632818 1 0.123505681423974 0.1498434541269 0.247325848558069 0.361458420347037 0.399849457048697 0.450819234588204 0.382094922609243 0.374648701930163 0.22226721250596 0.165805426398599 -0.112687751559114 0.0447925484621854 0.176716006506056 0.277127497690607 0.21764041117856 0.358013313472158 0.164513098388553 -0.00524836116232343 0.264423014899701 0.2651282389823 0.232215985127869 0.23038146542835 0.289167674550065 0.249895335137761 0.340876911032349 0.305647118085986 0.224337988080391 0.0909128619079627 0.197850388078231 0.267780740600014 -0.0151083203757897 -0.0461965017809808 0.449494542708346 0.416745300920226 0.431484074911554 0.402045046787498 0.401441651127846 0.476787373891707 0.459545534828075 0.408198530884201 0.386399735658033 0.385319198564808 0.392119365477123 0.447376944227358 0.444179690056953 0.417214202445495 0.249276337469313 0.228774512927234 0.367237686875369 0.410212557587571 0.355175335490326 0.554712602037488 0.280795143862408 0.335771037744238 0.304939582981946 0.324110430594701 0.301709573011102 0.317877059599619 0.136822911067642 0.0469813434737787 0.160575305859695 0.330831436761758 0.252900131972491 0.294230285084414 0.195455203957725 0.180229318710247 0.213237098375691 0.270602976226655 0.254218982778091 0.366008209288199 0.318508631443201 0.335533242495457 0.358428465224019 0.123282085511569 0.353533871292624 0.533436013404833 0.181480736466571 0.291453910612436 0.567885378855528 0.595830691368707
0.585168062474122 0.333761065177316 0.049215609294432 0.0611436639708755 0.171169381049045 -0.0761190402197154 0.411552608996032 0.379540997065061 0.497223385469543 0.123505681423974 1 0.475539587845877 0.526950348288055 0.534142049265943 0.346499734667038 0.100802335478685 0.371939727680777 0.32274121309584 0.368451045134109 0.325211116007093 -0.228103155573196 -0.0440852990501008 -0.22477583478557 -0.205903244845036 -0.279022766838446 -0.306956179461106 -0.0248663738578907 0.0297235246957633 0.449270409715429 0.359058362312065 -0.127785604507262 -0.206232758121717 0.0368558605693847 0.0141507584531964 -0.257389539099005 -0.306806053711109 -0.0966527087995133 -0.0266001019468065 -0.117868244166786 0.00407726370434968 -0.0475070963556426 0.0650451147957334 -0.0268525164045948 0.0119187163576177 -0.0115948411794007 -0.00980255733763486 0.052920134932318 0.0276634555824779 0.0678901506406884 0.0419766360945809 0.17118573551658 0.0691225126824826 0.212839588643291 -0.0563703644291523 0.0835966302978333 0.0863623458557538 0.336529917898607 0.33354066466149 0.495827827440742 0.332833196465377 0.652085002970872 0.274686108050705 0.463981049968828 0.360076400899572 -0.175263054456302 -0.09260744809966 -0.0595433869517975 -0.0557147629850179 0.397364586068589 0.350546770831255 0.219043941837364 0.158916899891219 0.166568214742962 0.137324511798463 0.0451284668042544 0.19593827667054 0.0639086828767345 0.0456645633499765 0.398854310039373 0.209046492971795 0.346081598355138 0.286454722185242 0.102292886836028 0.178312108120138 0.06287727080551 0.0988798450257608 -0.0804005451447451 -0.192164309494958 0.301253661765391 0.0123441210102757
0.506732785128121 0.572362887122346 0.159177664398031 0.409361809865717 -0.00922832954330333 0.0857757578770835 0.344991715864445 0.579560859756828 0.141138952948155 0.1498434541269 0.475539587845877 1 0.157012369818303 0.541429703508351 0.0519332441861902 0.214545126806937 0.612074301892289 0.676336725582482 0.417698270722263 0.671435572299839 -0.231430511487225 0.254238792016768 -0.125433177782906 -0.159423688606742 -0.139215825160614 -0.143600448469141 -0.102779853523913 -0.0656642656771037 0.700031131305077 0.793212219248232 0.290827025041004 0.174301061832869 0.451259510721726 0.575238188962948 -0.0952181127474199 0.0277174840384072 0.193776982468103 0.0780356641593434 0.141783086459976 0.173408592720344 0.085760524257421 0.179815086537502 0.316555386144429 0.332003349105006 0.386962983063646 0.387500120769423 0.451821068296937 0.386482303167021 0.446892699549529 0.415515088124941 0.445939891860924 0.485690712140236 0.526055721101096 0.356269321071441 0.364452656201953 0.435847710257091 0.392023594292224 0.422135972710196 0.571063593032081 0.5307164427052 0.394794723828823 0.1572809449902 0.698532954627709 0.821932623907634 -0.188850760601124 -0.196357345144543 0.168392659187497 0.345980859992245 0.360937687409185 0.357369062684067 0.354229522938423 0.465228682123026 0.356877007848782 0.37805032480511 0.214466346727743 0.241870731046114 0.260557555585915 0.178830369220119 0.394663022671274 0.427223277940047 0.503415364403785 0.544382861051326 0.268766586977751 0.36973308299341 0.147676834948043 0.412822143430349 0.165562938514855 0.00930220017450884 0.210332866254265 0.309411233612242
0.563304836960485 0.411838711758664 0.508506964563312 0.276350948313377 0.511429662822672 0.287478121020963 0.588014819194955 0.41729499648022 0.552451787301825 0.247325848558069 0.526950348288055 0.157012369818303 1 0.57442317651202 0.833790154881702 0.587413836754256 0.344680537827831 0.321085386631522 0.612317587710719 0.319930387413371 -0.192707650459418 -0.103629514887966 0.474842580909414 0.38404473388458 0.304398778240704 0.205683558221007 0.255549644239289 0.30452826498471 0.331513126802399 0.239237186280475 0.120128646950983 0.115575582018301 0.298658935235571 0.137835087770457 0.26926686486986 0.139959605695253 0.0809483770821612 0.110699430419028 0.191417042996014 0.161260958723099 0.0127974857003042 0.0329660100242629 0.257323436930532 0.260776873460445 0.273503151166986 0.224875610609388 0.343452709640609 0.288451070294105 0.258388903945242 0.285618386031435 0.329177054333132 0.22382008231582 0.347494402591227 0.159561451811727 0.350241578766313 0.260721342426558 0.465705977247274 0.430736641911455 0.370344938401444 0.288975588241076 0.535619380913887 0.341197856981232 0.391197750570941 0.231919915119022 0.472800538160998 0.35488086970921 0.329472995823235 0.212588303517092 0.300573746003412 0.262915604213662 0.195338732291621 0.188700675885892 0.0368050020778429 0.00147046324478481 0.159891974956222 0.0725514512099631 0.152431136955223 0.0211373114669863 0.321746749047972 0.315261052435896 0.438101534037455 0.440929052671184 0.402135918615737 0.336758248266667 0.63724068457397 0.474528825285739 0.198345215868223 0.321853592924507 0.504889230223004 0.369722786010727
0.548787822858681 0.465086327310021 0.347840320425203 0.481255533406884 0.338010751729732 0.385308768759167 0.521625214069985 0.744784074750206 0.441489577022295 0.361458420347037 0.534142049265943 0.541429703508351 0.57442317651202 1 0.486791818549709 0.642064561916406 0.405054744253225 0.443039681082275 0.525177662489716 0.497135262037516 -0.128875141253816 0.0348372150003468 0.141509210330703 0.287776023088593 0.0451965796233874 0.0629651360501952 0.0482469457076672 0.191160656234718 0.421403160593915 0.522222977201073 0.129324189360747 0.21881739974497 0.32714517305071 0.337275314747273 0.1809062512982 0.213036339031104 0.12757849502823 0.0653715574853597 0.156407875952169 0.146710924652684 -0.0557984904385901 0.0619617440583746 0.258910967715459 0.298537292705546 0.333449898545728 0.270742073269085 0.351928990993251 0.302089374171534 0.30396948665664 0.352291149376328 0.410691736931264 0.324170571735968 0.379948333144526 0.142045419983943 0.324137719249948 0.307131604137031 0.395491951407827 0.410387586917037 0.564133444433967 0.586788360639045 0.569710945112764 0.587973090942267 0.486752415610275 0.517345584797312 0.194261373785105 0.306310326343991 0.338440143470452 0.425503695655684 0.332294432613135 0.283354038295076 0.302248875303141 0.365615291718256 0.15733020058033 0.224540726144262 0.226672886249979 0.118254146388181 0.207041342757886 0.155761898075304 0.331957904028895 0.366206957770689 0.417069611123932 0.506195050502622 0.301906803454223 0.2494832961615 0.402018703446628 0.589138037105778 0.159510123388533 0.193458977642199 0.336380543026218 0.447661525780353
0.463558458468084 0.379254262387148 0.551449849190373 0.290742775258719 0.611995201401818 0.449382474037699 0.521124115836004 0.348668366205094 0.590683114826915 0.399849457048697 0.346499734667038 0.0519332441861902 0.833790154881702 0.486791818549709 1 0.735569891725317 0.422548177793653 0.388677573402815 0.573520545871509 0.340270724756347 -0.0429024821364052 -0.0644050742891015 0.617859343286193 0.556486424712177 0.528080514352992 0.46485999172122 0.438250510857452 0.463912176021153 0.365555682897 0.268996342526051 0.242780290364895 0.236645180922339 0.398506334337373 0.190824264934672 0.451525360306472 0.270416496449056 0.213104084008082 0.188717298524039 0.34992271059429 0.293123069233458 0.120583970785219 0.0578386020495079 0.354020898398544 0.325392893420656 0.352155742281568 0.246076453997795 0.351013340191678 0.351095779685511 0.315548403071802 0.283482853556796 0.336429933284412 0.221782098552019 0.316839736232487 0.238370281340574 0.447261525696499 0.314483643616685 0.450789081436394 0.383683995816175 0.305080478468021 0.230600810267326 0.400611288507877 0.296808932495073 0.377566702622345 0.214273361670125 0.559606679538842 0.431362630921878 0.423185718445691 0.264368735390711 0.280912160276782 0.192945444399786 0.284313181828969 0.303184873961442 0.154751972982409 0.117383620104633 0.188350705084436 0.120296452191776 0.212106804683995 0.137570350398927 0.349806989298932 0.386815487656418 0.459214042433845 0.460115605347486 0.573758990367536 0.327248909001112 0.709257269027047 0.513846592577644 0.35820298424068 0.474441677723733 0.571547526381556 0.479019285774377
0.353375275228952 0.419875089081035 0.485512329981031 0.441268523040686 0.448605826448525 0.644079788179529 0.379579193949688 0.46610258043541 0.281341938673234 0.450819234588204 0.100802335478685 0.214545126806937 0.587413836754256 0.642064561916406 0.735569891725317 1 0.425664531256181 0.468361651807134 0.489116240234781 0.449240146712784 -0.0700576432267323 0.0568917212398883 0.546306687178553 0.630756421596748 0.514174995638449 0.542795449676828 0.274236338943991 0.380411185915805 0.350090780180555 0.428018142958724 0.333656500266902 0.404305357303429 0.456836573639879 0.36928814707775 0.430864930537341 0.414071977484149 0.246084391185753 0.161405139277404 0.399682099804049 0.276498875976973 0.0513032008216385 0.0949899640986781 0.440154565312465 0.439557747733102 0.456292145276058 0.409316307363774 0.490698916781156 0.451595540571643 0.41792645601473 0.453088411213854 0.405440460723708 0.383501746954037 0.414277306844203 0.353056270947081 0.511058104237446 0.415732043579392 0.412271549002689 0.394685751025992 0.300610650360842 0.34066231092421 0.239297306058529 0.353448058048358 0.39966905005663 0.417522921458393 0.446546248678153 0.446346058751269 0.420542865083424 0.400932648290554 0.203657987358418 0.105353588052929 0.25601301294397 0.37802565651279 0.170316096251771 0.170052784138044 0.222025958074652 0.120035035489427 0.224417907165157 0.154133635308079 0.309249357821313 0.374409829053635 0.432380753756975 0.520155970577314 0.611549221082474 0.339447805585104 0.662354005918905 0.687516390888498 0.395903339553538 0.605038013295133 0.443902392316034 0.623729191390068
0.710022012708561 0.772482102466136 0.427928063384896 0.477991244313118 0.24426858586456 0.301905002812775 0.482716220078396 0.524129781223107 0.387782660197107 0.382094922609243 0.371939727680777 0.612074301892289 0.344680537827831 0.405054744253225 0.422548177793653 0.425664531256181 1 0.908138903174712 0.611014792774052 0.717639016044216 -0.0729614618879158 0.108687217790462 0.267128637433333 0.204791288224376 0.233948359843351 0.30975380266608 0.279027531491155 0.232955926679546 0.789070540813965 0.778932103082566 0.384680669758351 0.340737021475137 0.60645707073352 0.537058932512908 0.191898774481215 0.169846193682896 0.372284233291707 0.250306486104964 0.398660361130651 0.482295238861585 0.259572145063154 0.232710047522398 0.530813675848549 0.459842486201278 0.538971193240485 0.521823088699375 0.639214973496302 0.557512660528327 0.531332096898574 0.498873531277645 0.53913592666575 0.474328629121389 0.603165110026321 0.475278582840839 0.624003049798931 0.601777729273081 0.793823754370483 0.751407181868241 0.578748858700988 0.455106791533595 0.513389228322085 0.24630183263513 0.805645457932938 0.71904148002962 0.207569549278083 0.180520599264814 0.356288867682909 0.391535226127683 0.621386522694843 0.53424568727431 0.341375458743867 0.466814197550114 0.339626646677294 0.305680980130266 0.281210380719379 0.189087238314489 0.257283251345146 0.19319048977831 0.767253671499009 0.764914960053897 0.865861562027699 0.818063646797868 0.654323239687517 0.584712280214147 0.538824380065045 0.612739920656921 0.358843324530873 0.395913185161537 0.517968620847333 0.506269351665879
0.680003022297091 0.803848664581817 0.390773974316048 0.485752713902499 0.206639438300709 0.326761892764324 0.450182506957224 0.558944402618846 0.337323145336315 0.374648701930163 0.32274121309584 0.676336725582482 0.321085386631522 0.443039681082275 0.388677573402815 0.468361651807134 0.908138903174712 1 0.579996191536721 0.751215724833839 -0.140825225526963 0.143293189317708 0.240941783942258 0.181791991252596 0.194676788281821 0.292609380651629 0.246915738732646 0.193639862227875 0.784768422020866 0.839192442812931 0.395162561232242 0.336138277083001 0.629042240268456 0.571059527618632 0.163533358539145 0.153115289591092 0.369717182069185 0.209639687688664 0.350305446822135 0.444997358757207 0.226168811827874 0.215489627825108 0.529498338525472 0.481162464712264 0.566350634875998 0.550743563388856 0.646923289701397 0.557398020176149 0.554332052372776 0.537559417693563 0.552087144447419 0.513375687594469 0.624506702970538 0.508097611467843 0.61711034031862 0.607514323549584 0.765779158480855 0.743419095550302 0.567160937348067 0.482662256228746 0.469800956573005 0.228619420589648 0.814344055000523 0.803611358501132 0.163789486048779 0.144516228120217 0.342829084370396 0.399418652720153 0.599068740904189 0.489858851078396 0.329807306249753 0.503475213387508 0.31531181131494 0.319230746254483 0.277226793677709 0.15698389955753 0.254911291964883 0.189897779285345 0.697381451194157 0.758478082726497 0.830090521584717 0.839471518408857 0.655532360274377 0.60085857227964 0.532780980648621 0.65470381343096 0.410404932676882 0.385383185352159 0.468647641249398 0.533748116310984
0.654854678501201 0.653381595925571 0.678701943629938 0.613310719766887 0.459879862899726 0.288249497708256 0.629941385624151 0.530986837897576 0.451492720725896 0.22226721250596 0.368451045134109 0.417698270722263 0.612317587710719 0.525177662489716 0.573520545871509 0.489116240234781 0.611014792774052 0.579996191536721 1 0.726236345641619 -0.135931299988586 0.0776256811776419 0.531085892902304 0.406934374402919 0.368917298764387 0.339727427909299 0.333695758248419 0.268596077172523 0.613059946848671 0.55808441875815 0.420273966670139 0.413072560300697 0.618224804329271 0.522415123068597 0.364643518112697 0.171339875739167 0.335050676634633 0.254706504017656 0.274405732459006 0.296763374564212 0.155030966013819 0.0949491880709553 0.414346700271341 0.43699484789855 0.429160473142696 0.320251831418772 0.469301447823801 0.439787244792747 0.313271966633483 0.332446419863608 0.3560512711523 0.266477735471517 0.326830029949092 0.261184432715549 0.431715675716583 0.379568261110049 0.567645601847338 0.554599976048599 0.508428236256267 0.408069315581473 0.429018952638013 0.3368798169857 0.566810026658122 0.467351392358219 0.431858075797359 0.331358029854467 0.533188785324291 0.454695188001246 0.550712047531493 0.417501149778834 0.490270742387659 0.502130027227483 0.268707507966462 0.262138412950508 0.306686772812778 0.122534309849315 0.334657618144542 0.0971611687454048 0.509649117091886 0.523844354374937 0.5443832881032 0.558278980434688 0.482514677943564 0.36421770948641 0.588955987344974 0.492672011317133 0.320960657176313 0.302163374856441 0.406062969571162 0.403087555296706
0.599090520588233 0.766137137905216 0.444904350714939 0.588532449700189 0.309548894772093 0.195123505974867 0.432754326834251 0.540452227259103 0.298906076260498 0.165805426398599 0.325211116007093 0.671435572299839 0.319930387413371 0.497135262037516 0.340270724756347 0.449240146712784 0.717639016044216 0.751215724833839 0.726236345641619 1 -0.115788549800582 0.188698042973681 0.277926148681103 0.259150837704647 0.193521215994435 0.233875147550062 0.210392887750442 0.276952318883848 0.735340044513281 0.768038440142463 0.39220726667369 0.392229636543116 0.631295885125324 0.627821508890182 0.196122859312699 0.0995822296985842 0.309793579444415 0.209155938669094 0.272749998503621 0.271239632347951 0.197789821346803 0.185001346148245 0.360144286885206 0.386583499379968 0.385292253182202 0.343613410029133 0.476429711083792 0.373853611767198 0.31758992946132 0.357072860668694 0.333619416170636 0.320081055861555 0.373831013629193 0.275691428596785 0.399847442277728 0.397582623098647 0.568128621976834 0.572058200131955 0.469886090605206 0.372271828734458 0.330213402026935 0.251081466994407 0.684993834710709 0.723892319648759 0.189743859116444 0.118177948931653 0.353252723307952 0.40130071550655 0.610509275830033 0.528827325937927 0.481678598060879 0.55385669732118 0.434423187108189 0.424087049607578 0.345135645673972 0.19492935017459 0.321741323786875 0.138223144483501 0.618562693789431 0.579654302185626 0.591338430583275 0.627686961419769 0.50477277961832 0.435963719169006 0.41660519503531 0.465107113938043 0.386786860714973 0.264968331275158 0.291948858944012 0.364446780956828
-0.176316006594321 -0.0716144309490617 -0.0782474305079901 -0.0808516904091806 0.0214433730490393 -0.10161844734134 -0.180642808329648 -0.14261339193569 -0.0133679484968515 -0.112687751559114 -0.228103155573196 -0.231430511487225 -0.192707650459418 -0.128875141253816 -0.0429024821364052 -0.0700576432267323 -0.0729614618879158 -0.140825225526963 -0.135931299988586 -0.115788549800582 1 0.0164393726403273 0.14470318746561 0.226370627092765 0.220368292336796 0.291747938191854 0.326015800080053 0.279372103191089 -0.102315206843083 -0.10831544316076 0.147631026097842 0.171693799630542 0.0707251356651938 0.0127237230334791 0.216414748351145 0.206441098727241 0.258396828636492 0.186994840106701 0.167788663694867 0.147864293911895 0.129090687323548 0.149324244918497 0.0274662672577689 0.0312161293661104 -0.0500313309800159 -0.0794892259811177 -0.125050511410045 -0.0639492628085401 -0.167816756849393 -0.0926168182325637 -0.142247415872519 -0.15591433782984 -0.19171456257667 -0.107762525653109 -0.0471668220951805 -0.0697365716587878 -0.0722171812254104 -0.0941474691435212 -0.226706555048651 -0.191621340128299 -0.186247655030889 -0.0277662919206589 -0.212441402270472 -0.236061796672099 0.132847664837263 0.201025664730068 0.0998985040949146 0.0272977793441076 -0.01300563303524 -0.0657254542714552 0.13690137523107 0.111957910254266 0.0530173863108294 0.140068912691536 0.079711568178749 0.115120930354224 0.191217340964877 0.186986646984366 -0.0782187185880994 0.00727607831820684 -0.145121119631445 -0.121642025694401 0.036581282370099 0.0245440510101683 -0.0249484969503452 -0.0449159301591393 0.162142098771151 0.21345676867335 -0.0973545266269442 -0.00368113142459048
-0.0466113261458413 0.0528091552120112 0.0696007104383954 0.120770948289562 0.0265590135480668 0.0933339092943775 0.0642015675641959 0.115539247543946 -0.0410611245415824 0.0447925484621854 -0.0440852990501008 0.254238792016768 -0.103629514887966 0.0348372150003468 -0.0644050742891015 0.0568917212398883 0.108687217790462 0.143293189317708 0.0776256811776419 0.188698042973681 0.0164393726403273 1 0.0237925871065555 -0.000693710617943105 0.0323836279013047 0.0917628377690648 -0.0216120016864312 0.083607044283149 0.228654887284278 0.255753724322518 0.313658640189665 0.204950081403452 0.325532595306368 0.380048792860758 0.186519955067201 0.174264562879161 0.190981307487743 0.155812266275623 0.226778661969983 0.160812068291052 0.152763889809753 0.299917655436306 0.213987285114217 0.230568134358746 0.187265947597789 0.137881377216942 0.128687874694462 0.217303376232279 0.194635206983468 0.193080269682153 0.131884323391208 0.22736546875201 0.15797057392441 0.224015536939584 0.166587517230143 0.249982312902391 -0.0416273389782364 -0.020642963330643 0.0957000316689346 0.104490781955845 -0.0733775575462185 -0.0612971171186791 0.181854650898936 0.269789278824117 -0.0547727812564673 -0.104549018963216 0.185769511688533 0.199887878177881 -0.0442864509215675 -0.0495490496801745 0.340534689697252 0.330635667728516 0.361180953939831 0.362789685571427 0.218250102476045 0.181695896910719 0.320165860786157 0.300773648486381 0.0976309168732616 0.0477442604716425 -0.00606066472993941 0.0173926146209151 -0.0177130141308657 0.0182140578104184 -0.0192143355789765 0.0928973045839142 0.297148068557831 0.0696324156241817 0.0485894952788375 0.178483147578595
0.205422045777444 0.285683772137002 0.811091001711571 0.541314040593309 0.546744437632158 0.337090205428201 0.470811249142126 0.229851811227198 0.303592875419348 0.176716006506056 -0.22477583478557 -0.125433177782906 0.474842580909414 0.141509210330703 0.617859343286193 0.546306687178553 0.267128637433333 0.240941783942258 0.531085892902304 0.277926148681103 0.14470318746561 0.0237925871065555 1 0.854474643672366 0.876332150307652 0.764856907917447 0.589103353018678 0.440218687136155 0.258057256038189 0.200362555231883 0.57964033630195 0.665796830587236 0.554242950033625 0.425858609433612 0.764648819646934 0.569061553067122 0.357990642583826 0.257164448824252 0.487209306819995 0.268515382695492 0.161159077440896 0.0562195130070479 0.494472328852733 0.437022501876068 0.469148020170719 0.339899224906184 0.435663584864745 0.41993920427299 0.304963563965937 0.323829836827763 0.339249015187081 0.225307912019108 0.262753953580752 0.306872964708613 0.490264131137415 0.350325246813926 0.30264017634812 0.284916171654598 0.126801737500084 0.113788063034245 0.10393301264483 0.21320837021399 0.244108858728873 0.0998489431030904 0.829889170549728 0.639412371272015 0.722600233630437 0.508897945081255 0.182395726655763 0.0636000303403224 0.291639380847452 0.319347409551122 0.071909661552478 0.0170205063908225 0.226392647304493 -0.0574864799772381 0.314094501188078 0.109546463282697 0.15969913260869 0.342270675995141 0.277925681541813 0.316054398868605 0.515808831504292 0.283479341514723 0.793656746322575 0.504859010405949 0.466966644779928 0.637386159851351 0.469904440754194 0.535768346273558
0.140379449564968 0.225891479646566 0.707470996231765 0.572950386750364 0.552956467196906 0.401214667721065 0.455708739571622 0.339256634153454 0.348895728349282 0.277127497690607 -0.205903244845036 -0.159423688606742 0.38404473388458 0.287776023088593 0.556486424712177 0.630756421596748 0.204791288224376 0.181791991252596 0.406934374402919 0.259150837704647 0.226370627092765 -0.000693710617943105 0.854474643672366 1 0.768111600229725 0.75981268949254 0.542216737318674 0.493226494089394 0.164194031810339 0.139029366385323 0.508725332079664 0.662875405721325 0.474336635157692 0.369048674516553 0.749613111498412 0.597797047711059 0.316760975780996 0.207917561534938 0.46254155917415 0.292827280144028 0.0862719509588422 0.0742465208141975 0.464734633472265 0.42258212015856 0.417044833500775 0.316435894101815 0.426460304585704 0.373541044275988 0.26184072832526 0.319770773206476 0.359818924387759 0.223718783038756 0.259715330032926 0.233726265322724 0.497536836851787 0.384030607044565 0.248899185855799 0.250008161450619 0.139040810509579 0.185012330590794 0.144959649643015 0.38488985453682 0.193121766417444 0.0837261446712997 0.786584535012542 0.788616578945777 0.711671314463086 0.579975591078215 0.180838925495759 0.0635651993172385 0.242694979220724 0.299173885837477 0.0840106724455052 0.0783754627823179 0.173842666383694 -0.00424599491299967 0.284167022673866 0.191609621949066 0.171246129923737 0.286834029845199 0.213617308856422 0.285015927048293 0.448203811595976 0.227772591499198 0.716998930229917 0.573378546289747 0.410199197575067 0.670268566954787 0.490716715848123 0.615689877388401
