1 0.797723786706628 0.71469453354747 0.611583305341174 0.269013141455529 0.509089799875653 0.751907528209372 0.620792495593312 0.543933797684016 0.400177213181519 0.753341901380275 0.726088680901744 0.76335033220622 0.661982654691065 0.545366975935766 0.615652756806304 0.670186500722395 0.679817317317552 0.781785005871174 0.781028523935441 0.521334834946134 0.0996999220925999 0.588800257642114 0.509078076852641 0.534782044154789 0.432118333371334 0.307478779152778 0.427006419247662 0.684511308628767 0.612964892760557 0.363446417008879 0.406558075574837 0.698709903175426 0.552244294202035 0.304700432381965 0.337064489624801 0.160531067513776 0.360619623921384 0.256331000143409 0.137143581530343 0.610831468791232 0.308121489025165 0.54755470446377 0.558319416317857 0.473556343865744 0.552939996281812 0.705004737606334 0.562073805453978 0.658664062502044 0.645432793851252 0.663973463374609 0.579232600992619 0.601880637255491 0.313139948754417 0.547036487977354 0.509267555537534 0.831697948938472 0.733122479980876 0.749780571869882 0.616219498277481 0.693544032495179 0.401323755024296 0.778106270079105 0.684148863720495 0.364797448401954 0.481620600511071 0.629153550646158 0.529002034435697 0.685849802069331 0.632343763796273 0.28594655282691 0.166330424542793 0.500319654712893 0.429756474471575 0.197443449533468 0.282630242453668 0.0404667493568128 0.200723524010685 0.500334410400041 0.396549094186659 0.529921277620463 0.547783704770177 0.540399607179213 0.518609819233307 0.528640785015484 0.551497333174494 0.281089815877312 0.402436791807684 0.482666054033621 0.567738325283953
0.797723786706628 1 0.625178685576503 0.607386370585028 0.218928627956777 0.488539233170155 0.617035869562805 0.584500793417406 0.531899629927351 0.358292793027571 0.663345891627371 0.701702154172178 0.648762813298722 0.605237892131817 0.516098613547916 0.581187534985488 0.753276243598484 0.829371107853296 0.683793298522825 0.779322515722626 0.581110103298598 0.129480784115467 0.580258166044013 0.530751154742039 0.5821524740249 0.470098941157447 0.281601438088075 0.396199647530475 0.702892973835162 0.65343836443165 0.435102903718145 0.430922012093265 0.636136314607928 0.520323417550182 0.0825611285274371 0.198054985042719 0.289678359028536 0.458805317925979 0.321687783726457 0.269056699119557 0.572199618332121 0.234205986623342 0.666055548227026 0.64458928233436 0.619344172793961 0.625691262450687 0.721374789490064 0.65612947268983 0.631441578831128 0.706047610284017 0.673194815435616 0.628969307841233 0.623161021567761 0.402764835648724 0.599387346879676 0.582148167180664 0.817746247741125 0.910504068798523 0.611401360457699 0.636417890246788 0.558604706905363 0.401098006521301 0.642316756663399 0.668507719763447 0.359535460163846 0.536964748694221 0.638904288153694 0.524773997386501 0.679460763656964 0.660975126601171 0.359772308631134 0.0408997826070003 0.496616118874399 0.355979422797955 0.063880882344122 0.238466303151167 0.130309959578263 0.358730679050444 0.660514710205412 0.566680836259531 0.656751694251579 0.666507798037974 0.597089755429436 0.569744661351571 0.571241976898541 0.627226309946908 0.384715257671728 0.432600683024517 0.523541603647188 0.604297937735002
0.71469453354747 0.625178685576503 1 0.838576339058902 0.455991172198123 0.469998523211838 0.909065048270633 0.770542385939349 0.724420563377092 0.49726048756258 0.636098419045429 0.654381827148079 0.753813599563074 0.619310600672688 0.677669096466364 0.658471203869045 0.583919421581256 0.601778385382581 0.774976325240144 0.647224172715119 0.574776220235664 0.278831846088831 0.83856144729895 0.671858031732177 0.673155805058676 0.576051626115194 0.218955272112996 0.351572516874655 0.634272464696296 0.566472963472139 0.558238709387884 0.615812400736938 0.670141057504922 0.474416457550929 0.245134061827298 0.268306167932987 0.372836249693528 0.52311734824039 0.376788186788471 0.345687959063038 0.461033626995951 0.0775807029444163 0.562999449416064 0.499926242080221 0.529782022647325 0.506586411538035 0.639684167227497 0.588243015374369 0.573553532271068 0.567896859330242 0.657029712816699 0.515967207875086 0.609232859241147 0.511627299866312 0.628399955634775 0.558701463176299 0.580425797637075 0.57095144662828 0.683799294586369 0.559968542463362 0.735751359086964 0.558184972702013 0.583508780653735 0.599967795357612 0.703805029313469 0.645320859925193 0.749394144552188 0.57473683644754 0.446667253318006 0.432045652073559 0.436885676302875 0.329968962280441 0.525340116715669 0.287997833422467 0.0302085373667207 0.196806344213005 0.222621032271249 0.38822328173967 0.438875112571443 0.452584208788495 0.528750568311272 0.607755994310721 0.633285464607117 0.567524380492243 0.66425094168997 0.612624084439671 0.475050893416843 0.511359347901599 0.641985833694492 0.605323402228994
0.611583305341174 0.607386370585028 0.838576339058902 1 0.344357856254314 0.538140627796992 0.770594189669808 0.832819641354616 0.645329655248646 0.537043692199989 0.568091008458619 0.637768433537668 0.622795241570486 0.627938822550621 0.569648610016116 0.672177376080278 0.529809196403805 0.56266486534939 0.66894283819169 0.570797113285691 0.521059662430637 0.340846919411558 0.754816202537239 0.726018744620897 0.597432394067538 0.635774079001209 0.132747046508454 0.403964091835231 0.544172650526483 0.541200777406816 0.513001336094898 0.610701784725419 0.547241308035773 0.4922822123542 0.185445911921832 0.216021258252521 0.421372719804742 0.554620395028104 0.44544485394991 0.372107794703518 0.422296299348679 0.0396165146802521 0.466340722900006 0.394640874706521 0.491436314960061 0.441244619437458 0.552096700960917 0.524141922595759 0.500256309402325 0.547698196740244 0.601691691266216 0.540256329937703 0.564571969218886 0.489373058849128 0.579534035434095 0.528647606399103 0.539139982895131 0.600660098118511 0.609644560324589 0.590304226224836 0.621227210445855 0.593992142918703 0.463995762474423 0.583502964831496 0.616822513575573 0.708614509087951 0.671949373386477 0.579886440361777 0.339988359569933 0.31619592242329 0.52536585847016 0.415770536143025 0.5660394523659 0.342339715625894 0.00371931523104928 0.194504950709377 0.273152269366686 0.416133479934039 0.40287497283712 0.388684671669373 0.461837213439174 0.570806224238459 0.572267895017636 0.571198997065796 0.607930325397447 0.673559302690616 0.502293918672299 0.612270414549823 0.626503279404411 0.661804721239759
0.269013141455529 0.218928627956777 0.455991172198123 0.344357856254314 1 0.0629674315057181 0.491507424682355 0.466235773270691 0.486920969152737 0.24106105436265 0.137198425774341 0.213385426050508 0.38823788302641 0.371485327585427 0.306914717923061 0.275872931644172 0.159855052841963 0.206249964456286 0.282001780009029 0.237623760017621 0.23235746761804 0.172999133225302 0.381063601511631 0.344510696953741 0.374434374838172 0.153140360363779 0.182692735436916 0.00503981640246301 0.235139260570138 0.247507682044461 0.22317204268098 0.46840570992843 0.268577350762841 0.142189201495308 0.103025101355926 0.160364587586199 0.00737773250578268 0.158591077394704 -0.0495547961648311 0.0364962628386259 0.119938458226794 0.0549384629993526 0.172837252745578 0.146550456065053 0.155418512717518 0.130483052054235 0.194056876043734 0.167522221950682 0.16774226914768 0.147285057804659 0.19752285806758 0.0613902969773807 0.129946759233878 0.183396743514488 0.146665062443614 0.115233462233744 0.148731258865694 0.168616811571252 0.295675056159128 0.176879631740286 0.377959483972632 0.303631347725943 0.185046924028758 0.159970320480335 0.370189674704717 0.19565260767916 0.279483252495835 0.214006626190798 0.0756962971343753 0.0950899321388944 0.209507649297793 0.22856473673102 0.3613944752862 0.0206272260377297 0.0383805004007547 0.0658047671808473 0.10947353695032 0.111675843382759 0.0585446579346486 0.117492075647354 0.0968860308116064 0.114270092111246 0.195381559403931 0.0602444415771356 0.216824335745606 0.124727672161745 0.0602830811187921 -0.0572333222471861 0.245792368078491 0.139495193886138
0.509089799875653 0.488539233170155 0.469998523211838 0.538140627796992 0.0629674315057181 1 0.446566630636049 0.492535170162201 0.588550715444358 0.725762345821315 0.489000642420429 0.55398693389151 0.562238749080981 0.582213845004019 0.527259137308995 0.687644048830183 0.52655087946348 0.471074200652629 0.427306622535048 0.445249005528266 0.31598397766633 0.148590084018592 0.473968433411544 0.439311163832642 0.493207941048615 0.581431892798061 -0.00471789575783707 0.599639843721686 0.475487181297813 0.43339016726833 0.247165403369285 0.218180557571897 0.362632665202516 0.423265228503332 0.0368235678884225 0.0363820223372102 0.348427957303219 0.419740124850626 0.44473446635831 0.321826366575384 0.484083471773422 0.108071603309268 0.280764478805394 0.280152793535177 0.304072460632656 0.266181401675397 0.354753799483761 0.408400059667516 0.375265992404089 0.396299524888233 0.465458958083435 0.45198693825641 0.4418694358082 0.39993496049766 0.453863307061627 0.468399715199796 0.543283973051202 0.542208331822671 0.443582113905984 0.391363654602081 0.368661099280256 0.293922911039726 0.362364963626455 0.457385517328476 0.285421810728359 0.409665698102173 0.434389530340263 0.300882948729828 0.360217628950373 0.372472433974959 0.417063877336534 0.291485349511777 0.409673856761966 0.39313885166464 0.0148709069629054 0.0389164036785695 0.194209512752755 0.345927627364848 0.425564584417358 0.263508850497537 0.396929738564134 0.430010733629653 0.466306254777637 0.511055257909402 0.432109193097629 0.515287977558779 0.429499345270099 0.624179788398375 0.468298060629617 0.607841757470144
0.751907528209372 0.617035869562805 0.909065048270633 0.770594189669808 0.491507424682355 0.446566630636049 1 0.843992815849751 0.731222455600132 0.51731355159842 0.618843505073051 0.686682814118709 0.768606318627307 0.68466823712667 0.551367916087031 0.619545757939322 0.566791490119003 0.598412794581189 0.746380950630259 0.659974896698428 0.506529252719935 0.2342655194718 0.734875081419179 0.597041545750804 0.573240010507981 0.516483217406076 0.180688465978838 0.304308856223873 0.660521073624526 0.609316203794674 0.502547505813711 0.588813262480339 0.702423231290117 0.538501454109955 0.226226039683341 0.296902326717741 0.270884499096142 0.481047352686562 0.305543998347398 0.30602907533877 0.470723340004152 0.110428324605847 0.541375015961781 0.494555841957207 0.493463470179243 0.500206983146782 0.631728200557219 0.559852820842695 0.563033790776995 0.553592908666801 0.632091156596612 0.483404386482208 0.5386734254943 0.450957516002778 0.606116964352775 0.540848641418004 0.5767765199584 0.513441034517135 0.683452822479148 0.546398922022622 0.778488855084357 0.597032286833689 0.67312581998873 0.650891683593067 0.622133392808379 0.656443007522333 0.71967859673321 0.596476957749529 0.446341461452563 0.44590437212689 0.415316671926311 0.319328758233544 0.520825775211851 0.288477714293805 0.0807672326597406 0.226499463397425 0.200785954082649 0.364937194682538 0.413033548843711 0.40809488389061 0.495042660424606 0.583292349209159 0.595270088305982 0.517063425986614 0.602121443585121 0.600701876387778 0.366837210551405 0.425953751347389 0.631567835317767 0.560084640212942
0.620792495593312 0.584500793417406 0.770542385939349 0.832819641354616 0.466235773270691 0.492535170162201 0.843992815849751 1 0.68607701839533 0.649832080177719 0.498070724709721 0.70004372163869 0.630004969224615 0.706177791255775 0.446294271294984 0.624681157234669 0.48918153958406 0.535903522759921 0.622202396012931 0.579867389717349 0.428431276167324 0.310384730071805 0.601475772559146 0.532616131028245 0.473499705517181 0.512896547715112 0.0264916374705423 0.237659565729109 0.556221238193335 0.593924400939119 0.422693369431024 0.60009962136372 0.566390055155807 0.539656135246245 0.142649537981493 0.25953440640542 0.325844040173336 0.503679489491664 0.355099759105219 0.345539954292473 0.426823118371455 0.0546515764621996 0.443079845478918 0.382310724910657 0.439787430178141 0.444029334030898 0.511904015770321 0.471063689040631 0.465062118659565 0.515153519943491 0.53631737117489 0.472999520703929 0.432614716905156 0.388676206064606 0.524422263956527 0.486741109033681 0.506320106165052 0.515325299735705 0.627525802488631 0.616126456158012 0.732509277864999 0.737841050662374 0.58128097946489 0.705101136781845 0.559556292562921 0.677413298266134 0.64502378820813 0.587092325430596 0.324041832568379 0.323153440027208 0.438879605022903 0.406230182838508 0.532543981153771 0.303072324758905 0.0189025301061593 0.183335116341026 0.269138282162761 0.399303976024672 0.356305981279268 0.344136198922613 0.413962580906923 0.515094907211062 0.483898717770073 0.444344756237124 0.513020884612179 0.595163605180643 0.347125393357913 0.436655189712827 0.595449798339154 0.604869604265647
0.543933797684016 0.531899629927351 0.724420563377092 0.645329655248646 0.486920969152737 0.588550715444358 0.731222455600132 0.68607701839533 1 0.710864903689786 0.436763996513131 0.494816535737486 0.621696514071784 0.551003184332252 0.63916241183545 0.655444020499987 0.57384644446942 0.52935863289052 0.540776142175163 0.443852425862451 0.471942743106874 0.242408046928469 0.604318364922045 0.524718883998419 0.617497786463163 0.575753590418531 0.231447421355575 0.449480209924643 0.568478576204272 0.48241247317066 0.398385917533835 0.512849494876778 0.520272503247712 0.383110843172509 0.0186808991872128 0.109212309717046 0.412088789164462 0.556792842860065 0.403693207781419 0.413962397178336 0.440625714069273 -0.00764929914433196 0.478667189972001 0.430874649447319 0.483183233813712 0.407975216435079 0.519099401546568 0.561215195671367 0.468316845911324 0.471042414870881 0.540485540694568 0.461764055929764 0.453924729073287 0.487481921260695 0.576898520344404 0.550173707173444 0.527833845562295 0.486139798255802 0.53511822401814 0.408714446772621 0.596420186729747 0.538111663161089 0.42476408800628 0.494082652495989 0.552084414337774 0.57525046730585 0.565359188169752 0.429285390591453 0.309783925568399 0.354586219545276 0.546936143597838 0.436898072595139 0.606691246971549 0.280713317661468 0.0193003805517858 0.0597968038638299 0.230854883967449 0.464852173172263 0.432950020052744 0.412781461576224 0.50680760917136 0.529708919665441 0.59161730880202 0.481315441925954 0.518071431308352 0.56305364936563 0.451379953710327 0.435432351838012 0.620855283948558 0.579866192537287
0.400177213181519 0.358292793027571 0.49726048756258 0.537043692199989 0.24106105436265 0.725762345821315 0.51731355159842 0.649832080177719 0.710864903689786 1 0.401206577301177 0.452851045843007 0.515727534181473 0.476201072629724 0.447981374484814 0.640982097579216 0.342068371441523 0.315288244354496 0.3379497472185 0.332211414873418 0.250747786953594 0.206209044507865 0.345024843923751 0.299319493312257 0.391780517797516 0.568611581029053 -0.138797189379701 0.33796306070314 0.297612463139847 0.294113151453978 0.118083062459161 0.274592881353872 0.223448437937627 0.316001113094797 0.00792595444779769 0.0618120473398679 0.290237267867294 0.347167925004287 0.347019402599622 0.328766730835099 0.30922266925195 -0.0387475934125377 0.215387061972713 0.1982363477875 0.231073707821064 0.223038590252024 0.275338396833073 0.306067419009228 0.268843551031416 0.281468631175181 0.33463138724613 0.307491598737162 0.248278245778206 0.237290157884754 0.349183627866359 0.377123503701383 0.365197868679132 0.368446091982493 0.388684599000334 0.362924703802164 0.451690684721485 0.521819141490155 0.292619808074275 0.418925211417842 0.347238170047075 0.445287664431557 0.352656838454933 0.269518441283855 0.167075912209016 0.184802161557959 0.361663454987768 0.332182560003951 0.430577709261802 0.252171624332399 -0.0152832984147771 -0.0606355154862496 0.0774996520484006 0.297468038898138 0.220648433346762 0.17473950318365 0.259240411314359 0.313812378329891 0.340683339312325 0.414372744818041 0.361601230970603 0.399853053302669 0.360006086553664 0.492915360783014 0.470059785250718 0.593648525062853
0.753341901380275 0.663345891627371 0.636098419045429 0.568091008458619 0.137198425774341 0.489000642420429 0.618843505073051 0.498070724709721 0.436763996513131 0.401206577301177 1 0.659201691011157 0.776446612210074 0.576622942057378 0.594136014318232 0.552124295439156 0.510661203707266 0.512767721865946 0.702275543102427 0.565296817688681 0.333728352151503 0.110836123048973 0.558521389212035 0.483227087833748 0.402074601985486 0.345964238925714 0.125943423451469 0.344730301373528 0.510698852854852 0.382111805503819 0.199445205360383 0.228610528328706 0.393733686091361 0.338843618448197 0.151004542950265 0.0715729504630325 0.252885924005459 0.38964340304334 0.281027471697733 0.238956682596653 0.411063144648542 0.0890255639938037 0.366363644259844 0.337732702394121 0.28735869235367 0.314075755644943 0.467587519242153 0.400606474787332 0.382244794475362 0.419618194313003 0.514351741757849 0.486265165322118 0.491861585624142 0.348021842846487 0.446615742109881 0.451494630091351 0.536643469304807 0.597136073740389 0.554956760847081 0.550463475167122 0.586163414858269 0.36554994535121 0.613220641266641 0.548146053210073 0.394505552494428 0.463655142554432 0.484325050069928 0.344733829065626 0.433346901712007 0.460924892775298 0.339879611517349 0.135552882961128 0.359407895280906 0.236714527575696 0.0583538464209096 0.0733459285606773 0.0342498019679319 0.224158374198371 0.291226634129653 0.262324369194914 0.315263755897288 0.403206712400062 0.414591659856429 0.468764287842381 0.590664045916777 0.505482121981216 0.344176035837627 0.486608410470962 0.509697320238475 0.571697889052194
0.726088680901744 0.701702154172178 0.654381827148079 0.637768433537668 0.213385426050508 0.55398693389151 0.686682814118709 0.70004372163869 0.494816535737486 0.452851045843007 0.659201691011157 1 0.738574147328526 0.850688816850737 0.575161958720569 0.769409451689555 0.617272684475011 0.668896870915217 0.63292851463344 0.647821237558651 0.518518784400339 0.174092742712036 0.617753788970987 0.622150306065986 0.464045077783354 0.481053459555828 0.123573865739001 0.434290669454038 0.677748997955599 0.64615747036862 0.384886755278465 0.46573362360874 0.565581914044002 0.499011531693753 0.119053740128207 0.1257179118783 0.354981609158135 0.495907308452468 0.424482874217371 0.322934600038713 0.556617609354859 0.128145619220443 0.444533614932423 0.405485256866929 0.364256954468015 0.395084537096216 0.511960988031953 0.451831794827987 0.437719150752153 0.504487070363207 0.605290500553408 0.538366017338932 0.536412310120786 0.384190689428565 0.574197849724494 0.578314814440232 0.643573905687349 0.61644682641562 0.570192565784373 0.644968770534322 0.668880157792295 0.495124577497619 0.74345843229456 0.834730672143544 0.43617307985215 0.554756232396137 0.589610052899233 0.475704457336155 0.429676974311298 0.438872894769158 0.376826787197643 0.189173040045606 0.363936582327099 0.258920871014658 0.0414124135542969 0.148227598485972 0.128478806259685 0.375488897633857 0.445867867099559 0.416412472593927 0.554410614445555 0.648448974193767 0.623138220059238 0.647627388962032 0.621798985453575 0.736025136611666 0.437773888329931 0.562160210536275 0.593727905452208 0.660477000766711
0.76335033220622 0.648762813298722 0.753813599563074 0.622795241570486 0.38823788302641 0.562238749080981 0.768606318627307 0.630004969224615 0.621696514071784 0.515727534181473 0.776446612210074 0.738574147328526 1 0.802795117989199 0.762690542780234 0.735549274630819 0.628331461303645 0.648445873517959 0.702110442897796 0.613084738909551 0.518109145065283 0.152623280754502 0.726458158599833 0.623077994073297 0.593619664943977 0.496642277187079 0.217753551973899 0.363499788007425 0.673019146040136 0.588380545918284 0.354523565125684 0.424664220644222 0.540422658408143 0.409177090607 0.137410487471648 0.140718852827395 0.326097575902782 0.46249352835861 0.396972188082722 0.346729048083641 0.48352213824192 0.0580289866717461 0.498791689532436 0.444761834414727 0.376566682477188 0.39431727835491 0.58140262217546 0.508254157838789 0.444933767987146 0.455267726289296 0.624768402933207 0.480685975559927 0.518081667502467 0.444941002008916 0.5835849534899 0.540188762255528 0.619841580565943 0.608933350410283 0.612775598898039 0.518261073527109 0.651136638115762 0.409581791927668 0.589989594490845 0.569944582475597 0.52898020533579 0.609047130800474 0.624640522715378 0.475400908127828 0.449480333768262 0.507462296476288 0.349503121823745 0.196610149070856 0.408499044622358 0.195860046620118 0.00472978797450672 0.0129708195820701 0.121068645286862 0.345161746694802 0.443748799321778 0.429227016540133 0.506492413405159 0.543594101655626 0.612022014427473 0.606952255658139 0.754123711163154 0.556793732423854 0.498391598177878 0.516648341003229 0.643363866160534 0.56793078785034
0.661982654691065 0.605237892131817 0.619310600672688 0.627938822550621 0.371485327585427 0.582213845004019 0.68466823712667 0.706177791255775 0.551003184332252 0.476201072629724 0.576622942057378 0.850688816850737 0.802795117989199 1 0.590893440336819 0.800478168186063 0.602338948152407 0.632619301195406 0.57467089697731 0.596821105343019 0.545667188192619 0.243913441569388 0.639297861235897 0.661229669052855 0.517805098546564 0.478899045808639 0.16153551655896 0.384283843212989 0.700141053487402 0.664665278025208 0.397483174309203 0.557426509573087 0.565021643984736 0.500348392372157 0.0501012255062375 0.151579769438533 0.325757314415082 0.493914340114398 0.408172345206663 0.336062792297954 0.551445709518093 0.117113506892322 0.449763431951709 0.379293898732542 0.367333394786906 0.371230770360012 0.520850505401785 0.470632956310072 0.422774368255033 0.475700540880979 0.612774372403755 0.48975656892523 0.512455486623028 0.459287222314937 0.590392102612522 0.559712272841737 0.595385040406299 0.556632036896396 0.536216760731401 0.524585928009154 0.60352626950762 0.434626473850849 0.648267902458988 0.723336250395537 0.447807652948253 0.629225418087144 0.593583600169912 0.527688732173606 0.396698496635269 0.437468567348198 0.378985313751702 0.288270216482889 0.420070912493579 0.242419375704978 0.0266926014616784 0.0924134028553043 0.200875315465117 0.399912180419023 0.456251305062841 0.396153025638471 0.557925925528872 0.632588054484919 0.615408054323673 0.641240434003363 0.640454120563102 0.688174275791228 0.416435247713859 0.526749484818972 0.596502901044596 0.546917154597997
0.545366975935766 0.516098613547916 0.677669096466364 0.569648610016116 0.306914717923061 0.527259137308995 0.551367916087031 0.446294271294984 0.63916241183545 0.447981374484814 0.594136014318232 0.575161958720569 0.762690542780234 0.590893440336819 1 0.747563139588789 0.611658816134594 0.579285974381822 0.607764333014068 0.398927285100874 0.529330154435339 0.256367898339708 0.760084546591681 0.694625861554143 0.596682183134032 0.504780633830611 0.312051229716897 0.468527617914813 0.565765792058402 0.454146082909533 0.376658625740804 0.396754712554549 0.430683036312104 0.251057886711672 0.0368738055851274 -0.0560443530814399 0.53108760772673 0.623031962298853 0.547224475473267 0.519592313128605 0.400772666447306 -0.121104886654408 0.387965099523085 0.337970175254385 0.314405479050934 0.250653915577637 0.440687891436443 0.504152853832664 0.334064318974693 0.334241128654859 0.585820076510519 0.482654493329005 0.573395933932052 0.564939178336218 0.604470087358526 0.575334231896839 0.523403643415996 0.532732235560608 0.494018666235818 0.507726185833726 0.554492460777977 0.398060575794468 0.413334125082525 0.48376791122711 0.615933220566557 0.530243831107486 0.529701211016641 0.315429126571048 0.316455492299804 0.339986344684806 0.431648115956006 0.211539234892109 0.376545401776361 0.0440165480625388 -0.0340419130593052 -0.178804007776061 0.0697031933134881 0.450653640625605 0.417788794732838 0.442963764154546 0.521908709656162 0.511864323358381 0.700382424565194 0.662169108159389 0.788492355188151 0.592889992271087 0.690179960111372 0.662842672150456 0.69580007285496 0.659106782836324
0.615652756806304 0.581187534985488 0.658471203869045 0.672177376080278 0.275872931644172 0.687644048830183 0.619545757939322 0.624681157234669 0.655444020499987 0.640982097579216 0.552124295439156 0.769409451689555 0.735549274630819 0.800478168186063 0.747563139588789 1 0.641119143083621 0.616750427991023 0.579014562675153 0.520361690818689 0.611435869866941 0.306151507026821 0.696326026871934 0.746039083909759 0.580342650345198 0.633198127633911 0.223131390835085 0.530198971345353 0.651417394458578 0.595722558965806 0.45009817363063 0.541441842797467 0.516316955892621 0.447234373584989 0.0953634678298118 0.120814680115236 0.459131661311282 0.562734993924816 0.468448332458156 0.402045260723488 0.582468444104017 0.0756728300343733 0.422360664433987 0.375616178030786 0.401806238090425 0.353799303187547 0.466983276032776 0.474585455083811 0.400294622979074 0.426217702990974 0.552722475649862 0.446904871424603 0.529527576248844 0.468808004362901 0.559563421132864 0.537390726426485 0.618047258736368 0.584504476277286 0.503953564866423 0.491405184109466 0.567238245517718 0.441077544022571 0.554055775152687 0.647136441733184 0.496923587476855 0.531738848758862 0.579486439529815 0.446910370234616 0.394423186467785 0.37529415970435 0.49965790933417 0.310600209712873 0.477238576015373 0.296346247186612 0.0542398789180835 0.029103516847707 0.135398375060172 0.427992019115512 0.494849367946837 0.422729534921449 0.612645428179089 0.650480602877405 0.703364032069329 0.755218618828357 0.653936197547235 0.688163190926726 0.545046672137329 0.684894171450817 0.592964973193089 0.684354292131334
0.670186500722395 0.753276243598484 0.583919421581256 0.529809196403805 0.159855052841963 0.52655087946348 0.566791490119003 0.48918153958406 0.57384644446942 0.342068371441523 0.510661203707266 0.617272684475011 0.628331461303645 0.602338948152407 0.611658816134594 0.641119143083621 1 0.894343734744245 0.680888000787001 0.657334827003298 0.632639787568343 0.278461832842661 0.631232547579957 0.545028467118275 0.525967961238084 0.490851414602792 0.295433101407887 0.404570420144814 0.862967151264388 0.791915328333765 0.518615836724127 0.501065282737818 0.630429975153853 0.465887802135274 -0.107624441906139 0.0323857246485707 0.502001283220383 0.632054393854709 0.530138048583901 0.494919880449865 0.5539434161496 0.000693871171265026 0.738738595502827 0.702661276865088 0.686256587166667 0.66836434851332 0.774184996582285 0.781578451072197 0.66674932293564 0.698387354485564 0.680536499107373 0.623591824910538 0.635589437667543 0.552282015778662 0.732926508334677 0.683879547268879 0.845615639350193 0.760201622332186 0.611755984672582 0.532068192276469 0.488755182222615 0.284951700246834 0.568359181034785 0.648186553662654 0.365633231763077 0.513348431551557 0.670759659943747 0.533292363583115 0.58866513517129 0.595601350336195 0.415924178863133 0.126480124785461 0.48804245352817 0.218263106686706 0.0236155996384603 0.0325575133105697 0.196484958430075 0.610426156877544 0.830431790541837 0.743637464195127 0.769527912215588 0.673653862857584 0.707371613172273 0.563253161742254 0.539940048078647 0.603441434400154 0.538454168336728 0.485959294525188 0.513868589032432 0.604467666887069
0.679817317317552 0.829371107853296 0.601778385382581 0.56266486534939 0.206249964456286 0.471074200652629 0.598412794581189 0.535903522759921 0.52935863289052 0.315288244354496 0.512767721865946 0.668896870915217 0.648445873517959 0.632619301195406 0.579285974381822 0.616750427991023 0.894343734744245 1 0.672232580802629 0.711205411801429 0.66008020670745 0.258604158691035 0.644671077795478 0.565136723343147 0.550291869579379 0.477279565002161 0.300500788180625 0.347466518973504 0.812511268940505 0.828554126175884 0.514314387663706 0.508775162524685 0.620835306013823 0.44049385330256 -0.0724688913832502 0.0704936134693293 0.450394676669796 0.568373216605285 0.48304587561564 0.477283443692805 0.516155306689815 0.0163384981090152 0.704610934586866 0.657146339106068 0.637173852200005 0.653844604278909 0.741590903915546 0.705679392591991 0.632323322862143 0.696648058696712 0.663210463741615 0.588788125311328 0.60011543764907 0.470097599002763 0.682694437508247 0.639377530437306 0.805787658878524 0.838219933859769 0.60466656028746 0.563114369836354 0.508734785346943 0.323180512781224 0.584381253477865 0.677614750144857 0.346256108315041 0.507149432016585 0.64615059769074 0.512732646043428 0.574144588736486 0.607211938231245 0.380232472318744 0.1025404087959 0.46954414411669 0.208980162310465 0.067257328374367 0.0732374248150946 0.172560647568172 0.519228001033614 0.744606191212386 0.731402974533473 0.72944957754094 0.689923272841664 0.686812533449602 0.588790903352621 0.573162713707165 0.590215237545989 0.55893464088392 0.456953791108393 0.504378748441428 0.576300142476288
0.781785005871174 0.683793298522825 0.774976325240144 0.66894283819169 0.282001780009029 0.427306622535048 0.746380950630259 0.622202396012931 0.540776142175163 0.3379497472185 0.702275543102427 0.63292851463344 0.702110442897796 0.57467089697731 0.607764333014068 0.579014562675153 0.680888000787001 0.672232580802629 1 0.733797232194528 0.514820199009894 0.256650509558422 0.743098826442566 0.567138591398286 0.525045331480963 0.443565963679859 0.294714439438762 0.34085683597758 0.734141851063649 0.665754709067299 0.580337407370268 0.549283519057039 0.727179291710446 0.529998452244517 0.230528627090101 0.238471800599899 0.364628253497079 0.49665292314199 0.342070186543845 0.29710061709437 0.486407852357537 0.126396387404104 0.613104373814125 0.583825521277589 0.575829244961461 0.591424031725149 0.653151827362584 0.604809873369435 0.594494728753455 0.614222721498816 0.578635545723336 0.517856294121183 0.522908146386488 0.415036144667655 0.549257482577569 0.525172276123943 0.667734099514626 0.602609429506053 0.661066939001054 0.569752385837389 0.608250216325532 0.397232984902094 0.630662125666386 0.624411493476131 0.489523735101043 0.492831170172491 0.691476055251821 0.5559378830262 0.549844592401977 0.506985337217045 0.415816267010547 0.274584081634672 0.499771525393256 0.332516317093071 0.0956446064015659 0.202752125844975 0.254652656205478 0.380271274834872 0.523684854559736 0.52685728336442 0.567167005860751 0.586947937614342 0.588208926074837 0.493909112844809 0.582222760876336 0.551585561695511 0.41107840598809 0.408331445531132 0.471383407628771 0.494711599834987
0.781028523935441 0.779322515722626 0.647224172715119 0.570797113285691 0.237623760017621 0.445249005528266 0.659974896698428 0.579867389717349 0.443852425862451 0.332211414873418 0.565296817688681 0.647821237558651 0.613084738909551 0.596821105343019 0.398927285100874 0.520361690818689 0.657334827003298 0.711205411801429 0.733797232194528 1 0.571987840365686 0.106216272476932 0.606318698263238 0.472968536892112 0.508431991007455 0.402765422744281 0.243013427279361 0.339941734389353 0.720434794352248 0.736694081665499 0.536360994517812 0.508454737111324 0.763750556539235 0.742617134826139 0.319230648053085 0.397077477066193 0.0736986820934703 0.254648323567565 0.150129766597109 0.0768291146882748 0.562174424349066 0.412932350747268 0.575179372524271 0.61610007449357 0.530879268832073 0.64087010420262 0.659841569288073 0.525597928482337 0.573665639659833 0.648106164218139 0.490817631863515 0.416046275381711 0.418743939599892 0.202490365307781 0.416744576508422 0.391064802936268 0.727613905412005 0.703685208528658 0.545001713011341 0.441812853834061 0.455349081606224 0.301361572265672 0.621900510545989 0.587688634085053 0.261639616741101 0.387952603150451 0.596175482738364 0.572469480549407 0.755424996458978 0.700970305053834 0.212347273321415 0.0768858021271345 0.437290399195484 0.512231107472648 0.111929135670498 0.38121484633965 0.269087043437038 0.195125050613379 0.626654696754624 0.541377692090205 0.581331188301259 0.592561886465404 0.497599728685608 0.483817419652663 0.367399228154857 0.437561152036829 0.187866437662921 0.287561985504286 0.268163733143234 0.371178017616432
0.521334834946134 0.581110103298598 0.574776220235664 0.521059662430637 0.23235746761804 0.31598397766633 0.506529252719935 0.428431276167324 0.471942743106874 0.250747786953594 0.333728352151503 0.518518784400339 0.518109145065283 0.545667188192619 0.529330154435339 0.611435869866941 0.632639787568343 0.66008020670745 0.514820199009894 0.571987840365686 1 0.345896326970958 0.670256136749602 0.569105686173661 0.640306254572737 0.570089719241832 0.355320036309304 0.35239851226297 0.69601785462982 0.700073702641088 0.618036945678756 0.641249048784217 0.600953385044012 0.423323025770036 0.111833412890779 0.266391784137429 0.343567907446342 0.425991388320081 0.395167475510879 0.307775795903588 0.562704278580095 0.204119504700607 0.570732959373853 0.496459617744072 0.494834793557481 0.490439123658908 0.591444546185307 0.518816272836968 0.418599947091786 0.46998452030671 0.534439396528252 0.424367815628549 0.47679279539529 0.379626406661637 0.533276588429491 0.497360460444358 0.591108952621626 0.534905157741705 0.372530393611089 0.33923964024713 0.333680810194287 0.200883726168329 0.440165666692567 0.476678578054205 0.366056532362272 0.464835870641399 0.604139400324613 0.50296058475509 0.516291331263216 0.473108552250034 0.354574964206147 0.196157492029281 0.399400088517232 0.255128070316988 0.135023219235336 0.158563128000821 0.221800101046267 0.344947986223458 0.598560375741025 0.557518110829511 0.662624962821663 0.611838399021383 0.629730113447436 0.557596551468214 0.446987020120735 0.540378061274064 0.411855085783525 0.425263128093493 0.355695704867582 0.41589987030871
0.0996999220925999 0.129480784115467 0.278831846088831 0.340846919411558 0.172999133225302 0.148590084018592 0.2342655194718 0.310384730071805 0.242408046928469 0.206209044507865 0.110836123048973 0.174092742712036 0.152623280754502 0.243913441569388 0.256367898339708 0.306151507026821 0.278461832842661 0.258604158691035 0.256650509558422 0.106216272476932 0.345896326970958 1 0.305959208118975 0.324816928577044 0.286035297113587 0.337998509732468 0.110027434156741 0.098056982937671 0.309159944718049 0.350613509402844 0.363480943637626 0.447101628118284 0.183177779515388 0.130318057029552 -0.121181566970374 0.0147087057039358 0.375092522722345 0.406220342337525 0.289289261176592 0.418347318518309 0.139760116522864 -0.131099390035065 0.279203216362616 0.117880565462931 0.29356476457392 0.174674654413504 0.224631144147094 0.295087887392519 0.168302940843478 0.195676395630481 0.289848349543203 0.22119222198793 0.228821016424992 0.380950893269709 0.344096297679295 0.3327091991248 0.160749100871986 0.15901174593585 0.183517030349777 0.20971226648042 0.184838347574404 0.206024829665954 0.128696738764694 0.280703692094844 0.300998617158459 0.294240393803232 0.358390620242926 0.305017329924218 -0.022626251902989 -0.0252283430840215 0.286391744603694 0.337343527782538 0.268356815497014 -0.0481787847969272 -0.00405131171543003 -0.144428351994938 0.145202294096926 0.432248283017378 0.22770448261495 0.240267763423669 0.301325220946209 0.223017842415515 0.316207479515733 0.272506453102474 0.235335836516581 0.280228865801832 0.370351637431045 0.315069160855487 0.244293078747683 0.23723257896253
0.588800257642114 0.580258166044013 0.83856144729895 0.754816202537239 0.381063601511631 0.473968433411544 0.734875081419179 0.601475772559146 0.604318364922045 0.345024843923751 0.558521389212035 0.617753788970987 0.726458158599833 0.639297861235897 0.760084546591681 0.696326026871934 0.631232547579957 0.644671077795478 0.743098826442566 0.606318698263238 0.670256136749602 0.305959208118975 1 0.820269823943752 0.68391572875748 0.622130884369858 0.332459940346704 0.428736796834543 0.722863567703286 0.658827343995495 0.730045103000145 0.645594808740539 0.649466565624696 0.493411009874485 0.219357731408167 0.199909589845398 0.464817255367856 0.56252156325472 0.4446701064193 0.374969348241308 0.492521301473223 0.10163097774624 0.530247919852319 0.477435971595424 0.497731176200252 0.441574106977421 0.556453764186998 0.570821703136115 0.452139866520519 0.49667965639816 0.583327563443436 0.468431721262656 0.587722533238406 0.566892684183151 0.57568365426014 0.531958656230174 0.559809018231074 0.575918162906674 0.529848698178825 0.471482425102641 0.560188614050865 0.388172120683657 0.484175635007617 0.50502886496028 0.666912050875545 0.593841741220886 0.708334344192757 0.529992988802955 0.403747897118973 0.393419172110525 0.486082327493892 0.292177304588708 0.463857405766999 0.243334734775461 0.0100231536131677 0.131015556452961 0.307735680012245 0.397996003537395 0.51524543756488 0.486571100641377 0.565777674864318 0.589012258089641 0.714415985279225 0.597015850302129 0.683429047445685 0.597374836318922 0.542170513761553 0.543786764143041 0.571767625107623 0.541948569931607
0.509078076852641 0.530751154742039 0.671858031732177 0.726018744620897 0.344510696953741 0.439311163832642 0.597041545750804 0.532616131028245 0.524718883998419 0.299319493312257 0.483227087833748 0.622150306065986 0.623077994073297 0.661229669052855 0.694625861554143 0.746039083909759 0.545028467118275 0.565136723343147 0.567138591398286 0.472968536892112 0.569105686173661 0.324816928577044 0.820269823943752 1 0.600802345141243 0.590747135297959 0.326624982387146 0.482440021443974 0.588373284108307 0.530191706046126 0.516557521972095 0.624148200692117 0.471515989982894 0.35155310351478 0.105588577011063 0.0713355588584794 0.418224223851125 0.577846290589838 0.419475450327754 0.36117550687526 0.457469641735147 0.0456447214920898 0.398842594448007 0.325896810340696 0.422608508814674 0.333630039971888 0.431670856656833 0.471535959233336 0.374604917509123 0.431734330923658 0.544918163009854 0.438225782226535 0.556363598943361 0.552825257863483 0.515389102621814 0.494075805870904 0.498183349575417 0.546242813157309 0.464962117883557 0.46552885893311 0.497081989403802 0.341780444828093 0.409191536821112 0.48588021763402 0.562237099209709 0.532688799775927 0.547787405201653 0.417302591418197 0.318110464030854 0.301020734991526 0.490999689987164 0.249372496632525 0.458583562124189 0.201537996739574 0.0992525941953473 0.0828055296362814 0.143758373776316 0.377644323698492 0.419355071377015 0.402908540705426 0.493147344177659 0.561971629216518 0.656652284492257 0.661001392154788 0.642188916941108 0.667083450992851 0.533962848523474 0.610129291229369 0.525132166992585 0.550544888986325
