1 0.750104785046685 0.449005801043424 0.476876574388985 0.137674528788739 0.0512936149011544 0.537852617464431 0.546870223174928 0.241036633899867 0.176095367123934 0.679019686798549 0.595142623495961 0.479776952165199 0.430015431913571 0.208611331919965 0.201488018980528 0.720637038990012 0.507886547360551 0.730963496680534 0.689110359794198 0.107881774571044 0.0220340621018653 0.243187341816933 0.171093989788739 0.150017337544315 0.0789302748597022 0.269374474961277 0.137943297837499 0.74915253355516 0.638269086698667 0.339337028118431 0.217463694433667 0.698296634418072 0.621902887003051 0.137112358495743 0.220653978650591 0.306981811940903 0.207766514954048 0.373853953668699 0.28027064495813 0.339866671672118 0.205255818364867 0.406263309604523 0.472615005042431 0.371697416370057 0.341593453326689 0.412792595784311 0.473757617881749 0.520732486841937 0.330243751687528 0.506842529761064 0.506184452927997 0.676846027366557 0.247755507814284 0.534226179466814 0.492695943356702 0.852692242228411 0.783576593056848 0.732974893103289 0.53954795268747 0.691833314524215 0.210229232808956 0.750016004714025 0.624290846359211 0.0452835375939627 0.0521514514372882 0.41004201241291 0.384162931801941 0.56313640622652 0.670085737118458 0.513004428081888 0.639701152067574 0.532709361739284 0.545698545792299 0.192086515655054 0.206682184614917 0.539045087647204 0.480579804949893 0.476179761365831 0.450851019025744 0.711002660255556 0.62002761762785 0.167900946924837 0.214662384491572 0.369909895841835 0.348704893933813 0.0618358040102086 -0.0119842978540366 0.501440016155849 0.373034559484984
0.750104785046685 1 0.397780072803202 0.548734561125776 0.0376936576179267 0.00907863595444378 0.559057123365685 0.579158140038642 0.25489896308594 0.0945987351493726 0.516222943274551 0.618862913883309 0.35331870342496 0.40054233923579 0.0920746256113698 0.120414853884869 0.760558653382216 0.660502038114318 0.667185324928954 0.695718780054086 0.131417585159718 0.0896495583363011 0.195021809106789 0.0849592760692679 0.0985914914492686 0.113597961539645 0.167611570828997 0.0332305121678695 0.74922392725026 0.678556579473386 0.426973525195884 0.293110342690408 0.758001026695279 0.732852242343581 0.188876509714016 0.269844294946289 0.419269578588468 0.377394880135446 0.468213410280662 0.325467285415381 0.400440898495225 0.285349659684452 0.509185243233595 0.618053222185327 0.477441030013047 0.518674304746362 0.512999257351073 0.619067113084657 0.587606967454516 0.49776077190001 0.589623508199183 0.60452034595039 0.619828591958889 0.484231379467538 0.519956039261696 0.473408593500605 0.75278589420084 0.747187788622044 0.655945512535123 0.485698827406028 0.489041856189092 0.160976228487903 0.693898750466196 0.691153104661896 0.0211468741549203 0.0520485717962289 0.452802008320609 0.487758585264654 0.526280438422462 0.701462127440341 0.495957241489086 0.639891789602329 0.481261762282861 0.53513887639788 0.12894800612813 0.176204502612039 0.633485619051661 0.480511335177275 0.485798664775001 0.521604066127766 0.747411550859708 0.73897425369079 0.187521279257314 0.329806320018729 0.306713460083333 0.390538917265435 0.117030671554095 -0.0439550043797077 0.372389557533138 0.328098207443938
0.449005801043424 0.397780072803202 1 0.628114766287926 0.383364197052499 0.034723146389228 0.646763506708629 0.29796471077086 0.257735304290925 0.0539454846590372 0.069642791198899 0.100097583682291 0.320706016931024 0.0904107887171857 0.389585945602644 0.27816003613509 0.236972268552157 0.27137053805457 0.538562832624959 0.475645579533665 0.142297238125109 0.0950989990082208 0.796101649372653 0.579062830550903 0.627013771192567 0.553876587940446 0.38521646591612 0.222052211705207 0.238701554092085 0.206745600284691 0.731683486724212 0.692343516029355 0.531677301621905 0.428378024019833 0.503948718648292 0.49519239166362 0.561303241804567 0.465940552860387 0.46109653159174 0.314402605238846 0.227712320885647 0.179584539727981 0.586301792642163 0.531715970842566 0.575255120593478 0.369929597931127 0.451795941730703 0.502487008181976 0.39140445105725 0.248593094398828 0.429254754040962 0.33121731565944 0.306867158326564 0.487608536766366 0.428879598489485 0.356663745770235 0.366635415119482 0.388568239755276 0.327285760221296 0.188655900932958 0.307213180539434 0.102547747490539 0.294875096709586 0.227539877578118 0.574557308260473 0.3833231646585 0.69647092841744 0.445513312407836 0.488746507189083 0.518070251105971 0.613493296980292 0.516087207223626 0.311973442342577 0.332636000081045 0.00637045516926222 0.225751385648367 0.415134766937031 0.421057873878182 0.404036832995745 0.345781085890992 0.330372614699288 0.41223364974423 0.325627539402813 0.321552233213457 0.642700076931444 0.431242064774357 0.381078011005523 0.339783033901549 0.450636944835416 0.499831881664918
0.476876574388985 0.548734561125776 0.628114766287926 1 0.3614427283553 0.322141572867605 0.734046785628929 0.776045365588289 0.344635411199774 0.374884566722074 0.213130726306748 0.367057160275588 0.180612452883693 0.455696295132176 0.0398981471743923 0.258590763433127 0.505672821406054 0.322445219535774 0.538795763364465 0.530042375364867 0.214155817106413 0.0482094790407937 0.393610548811682 0.387087203782477 0.203587127062704 0.334917480758422 0.2792580798917 0.147496326215771 0.516650321547846 0.590281617043841 0.629995269380824 0.686025639782063 0.665334192806133 0.801888346208346 0.449722520440117 0.580665114162094 0.474960829101289 0.457724184289446 0.511598684768269 0.355162393831862 0.21903978937755 0.262703554863018 0.572200559372604 0.591735397049258 0.596144141371548 0.471400894356618 0.476538001400772 0.601927816837036 0.540788177809842 0.366369925928221 0.570325314924586 0.424315835229498 0.348918026187452 0.398608000703152 0.422694925140913 0.259426970309244 0.541203517427955 0.547955507744968 0.576642369983948 0.574012007331969 0.471537773510142 0.535697755017107 0.427768216486959 0.487533222815911 0.301855559239397 0.411763461638006 0.751841229099247 0.778679668988801 0.49713479483094 0.5780594532339 0.594685957891781 0.619797764136199 0.436695928940649 0.386710679827099 -0.0167401432272144 0.0602098619594147 0.625869671825109 0.583651625561086 0.473712975535188 0.393353974859949 0.554190454242511 0.556393460119561 0.165874248423111 0.182245271871679 0.37973970659813 0.447328180850601 0.177473314177727 0.0577475001083966 0.423607980686151 0.551072148586816
0.137674528788739 0.0376936576179267 0.383364197052499 0.3614427283553 1 0.32684079496865 0.427362464521971 0.303373496125665 0.52681787904665 0.375006123988421 0.126306262135424 -0.0832590275611444 0.342508852778782 0.300866148053224 0.413536415280639 0.39532704465959 0.194620252893574 0.00558424170728995 0.220272808319184 0.124159382913853 0.125205710939181 -0.0443769779241441 0.348154429432183 0.415483111940824 0.303925365349968 0.263554217441746 0.318706761614191 0.224211524030289 0.144801449002376 0.102793812644334 0.28866896760394 0.325597506902367 0.23842148878394 0.220070923000085 0.457554922516642 0.294927461068708 0.247823286457244 0.212503207397393 0.288158322888243 0.191139513883148 0.0680344057796989 -0.0925376670247014 0.163070890003924 0.14735266230038 0.179564821189607 -0.00342597561561146 0.0739142532517282 0.151274790920898 0.0737548151574905 -0.0161995343945204 0.164690682131639 0.01076354098231 0.122325436659711 0.100646023276053 0.0901199748659262 -0.0055872124312259 0.223954401194974 0.137650108265447 0.193430249591675 0.0583993563230411 0.331793573512811 0.333813865512242 0.138123599739133 0.0484347858119071 0.435363375862985 0.33200080651646 0.340558913951278 0.222162752517939 0.124473776170382 0.16703567518754 0.18474954602824 0.232329058172422 0.270190246737053 0.13729937636377 0.0527613039667632 0.00199328711506074 0.237310199951262 0.28595599984487 0.203029431285353 0.0475837422554786 0.196303737775896 0.162828530427897 0.170897767020784 0.0961781363023314 0.398767672422962 0.19126577585509 0.119856796656231 0.190753820891112 0.429995766195013 0.321963460789036
0.0512936149011544 0.00907863595444378 0.034723146389228 0.322141572867605 0.32684079496865 1 0.185058273277334 0.468864369468013 0.327853014814621 0.704828510746595 0.0694153455113211 -0.0362401867346134 0.153636523487304 0.459152651672857 0.142606588581683 0.512263769216696 0.209672461065143 -0.0758484170111189 0.0281113429481472 0.0468733713857202 0.167909202894894 -0.15890428986319 0.118778430921406 0.35945248075649 0.0676059589749855 0.255055129295386 0.362881753398154 0.43532440944387 0.0896896489472721 0.118724091999062 0.0334442301963445 0.190022068661814 0.196961049709283 0.260790265656286 0.433360779137247 0.35280431727528 0.109370257143489 0.0692573234049248 0.228985989455017 0.239642943872004 -0.0879365867058395 0.0283177811944609 0.092894086065773 0.134797728171862 0.15559755635505 0.0248255389807016 0.0506677928665653 0.11744347798612 0.0825398402175451 0.00471363011221654 0.113736028721225 -0.0114542570901423 0.0705721463111688 0.0277323528036647 0.00618199431465878 -0.138509452034775 0.197718546656399 0.0865806721185629 0.195158520941431 0.263852719748835 0.175065875631898 0.606656860932731 0.00776849255960256 0.0748316606428554 0.361360760357925 0.468639462355407 0.270663260919401 0.353752806921311 0.0346178502682574 0.0221644369334361 -0.00537606993959708 0.163311160231038 0.189681781669344 0.0817023032226086 0.00480484112454749 -0.123073328411101 0.24625436799293 0.264924200211297 0.313202204399292 0.0236635892287857 0.245226604121678 0.285126633845712 0.143429450758961 -0.0583527933532086 0.31570996830336 0.311931688676979 -0.00954248749249409 0.145482404953868 0.252023226247209 0.320178590706771
0.537852617464431 0.559057123365685 0.646763506708629 0.734046785628929 0.427362464521971 0.185058273277334 1 0.710671486867065 0.656115214327098 0.384785103534554 0.400017043353161 0.307694979137377 0.35074698667937 0.401963771294971 0.157654630341863 0.0625576803873183 0.467875999410931 0.401683757489282 0.541613893461582 0.441271731747231 0.0901959127934597 0.0148082736833772 0.341502754658076 0.213510070064273 0.115172454415974 0.159274534984337 0.259174102241772 0.105150004970534 0.512793479727549 0.523847995388449 0.576782697275508 0.525854707607448 0.552563695244728 0.62211194298056 0.403395669461676 0.354731087490312 0.455691887054654 0.369727426050177 0.446575866493886 0.244649873880405 0.185664113327913 0.135184114287308 0.498643847542322 0.575364918314957 0.502535378830666 0.385758322969168 0.413484683446803 0.563748626743802 0.485362765701794 0.387409873568583 0.651956001785373 0.417399700008614 0.468354055821268 0.426813253442456 0.466878161646339 0.382188324901255 0.476419183637264 0.472752713379437 0.667754686758415 0.472814229895216 0.674581203956391 0.489490532639607 0.417014086145199 0.405542964217173 0.335176288431286 0.281745514356463 0.638552590584772 0.535365211525433 0.419390997697175 0.537529569065127 0.592815089394242 0.607717670905295 0.433911967647351 0.387322992006413 0.0943907933009301 0.12177968608632 0.485485950444744 0.445052633274101 0.38265979695078 0.423033117672359 0.520927352079628 0.542647464814131 0.0367094413088641 0.219766017105944 0.393829457923551 0.340181513617679 0.242295641085033 -0.0788298731038046 0.630665549065687 0.379746933977161
0.546870223174928 0.579158140038642 0.29796471077086 0.776045365588289 0.303373496125665 0.468864369468013 0.710671486867065 1 0.490900639113987 0.595092666138631 0.469984987901231 0.578978739328547 0.268499661815846 0.681670103164472 -0.0102841409769381 0.248453532335351 0.558918001717576 0.384905903100667 0.427427546131282 0.50204947866124 0.106842028538153 -0.0104627438793766 0.0602984115299401 0.16540433794033 -0.125744764553176 0.0339414646533015 0.213418334643553 0.114332421647113 0.652219244334467 0.726993993263935 0.401826666468901 0.411353441294602 0.589941764943282 0.748865939453372 0.284258158618389 0.404019489090583 0.291600179688929 0.279890206850233 0.379305792868021 0.287253816810224 0.205636958392952 0.205620624283838 0.379708125896067 0.511095550663472 0.401310245528691 0.371935906989494 0.33795928447729 0.534851407507256 0.497091109887444 0.411433456646855 0.557475390781917 0.451787068825684 0.530372744986045 0.303124648773016 0.426106532745412 0.311581777300794 0.561070452659533 0.551301291489267 0.71908205459431 0.718008036837715 0.692031019196232 0.753471416837891 0.483432478059568 0.591071529260367 0.0664457015292104 0.261233886311122 0.518023717496944 0.652645652187119 0.402925712438085 0.513506344542144 0.472385615980912 0.600036361489596 0.448005035149178 0.393558362421888 0.0928447053800725 -0.00953845116175826 0.567018742619079 0.507886795135701 0.391245470055038 0.44384496381489 0.595211635843057 0.597303949960782 -0.00585268639460232 0.145941186328784 0.233926210234225 0.457195563114584 0.0305575701171626 -0.137784686737516 0.544075968187943 0.498488673029789
0.241036633899867 0.25489896308594 0.257735304290925 0.344635411199774 0.52681787904665 0.327853014814621 0.656115214327098 0.490900639113987 1 0.620456729587955 0.271642728526563 0.0139101110415258 0.303674717359399 0.340821182063382 0.332867317973889 0.143492471776698 0.197242838400876 0.102638961809964 0.168984668389985 0.0267790052056785 0.127893749832278 -0.110357018684085 0.153881366761951 0.26310086870137 0.0742567261679381 0.2050406794498 0.387017924582528 0.334996796621979 0.191362011398923 0.111470876434699 0.220636494596881 0.200611750504078 0.166830581891742 0.219979117502025 0.386791412124733 0.147169877647744 0.305890029458404 0.20863897765379 0.342824242368409 0.206566712638455 0.0922411967875643 -0.0512105650241905 0.221222961470533 0.305044352293077 0.202787328337074 0.0807387952664783 0.133674501437289 0.281081270107406 0.205551766783512 0.136830353555936 0.470621695705326 0.167458301073628 0.311248407616858 0.152465085108107 0.356713236656903 0.236585829666937 0.235073616880054 0.187463596978086 0.457784097108725 0.272305294945634 0.543639263642348 0.509719769516983 0.0599663516889855 0.0191765536756718 0.376289115033831 0.467283566851422 0.36537297907741 0.281185245839903 0.0527579480909526 0.0897018508589135 0.222355422073902 0.312688976834093 0.236745757992466 0.156940280548977 0.0583918962637127 -0.0126047494585693 0.20925568586732 0.252908562161677 0.229332934500256 0.133234043663269 0.274029668113655 0.290104263796808 -0.000519563718913927 0.131168074351946 0.299722447283967 0.204146432608202 0.230044101065339 0.0652044207935016 0.653221172756322 0.227552174162173
0.176095367123934 0.0945987351493726 0.0539454846590372 0.374884566722074 0.375006123988421 0.704828510746595 0.384785103534554 0.595092666138631 0.620456729587955 1 0.261614681699297 0.0321204408277054 0.161923721743225 0.387681834929497 0.144237806736897 0.245905295254553 0.18993146706109 -0.0197379341780681 0.131028856956186 0.0576092935012195 0.0737638909854906 -0.187123423597689 0.0319628621438952 0.258121106919618 -0.0533116631603596 0.123068104482859 0.416437967162702 0.340592646293968 0.170778055173577 0.14002811179323 0.103159251425005 0.129661768964533 0.199668688546932 0.249624455792765 0.383824093443275 0.207899030005985 0.136440805091346 0.103020139736257 0.252722738437284 0.189876610285421 -0.0157184368833521 0.00391041174233492 0.148473954375017 0.217055790379543 0.132528330143158 0.0703190825122954 0.103420419441828 0.238668540373802 0.172286795163332 0.128031182818424 0.277504605521734 0.110666398762724 0.184092061218012 -0.00543773407971682 0.19385348222216 0.0546629078760326 0.243513519205458 0.140658653417072 0.424280325216369 0.452100974428891 0.464669122140225 0.804769147916309 -0.00196373869356362 0.0580673243793047 0.29136769545046 0.455831129461408 0.284450354649941 0.323117177263087 0.0904431708197782 0.0930196633134911 0.0797911552301979 0.250861454259711 0.277982793510031 0.197145559259708 0.113809246580204 -0.114677505779163 0.275273798409826 0.273033024937386 0.242000561857347 0.0939908905394808 0.247736662425888 0.210657151517639 -0.0280505439134951 -0.0429226238065398 0.189518179972537 0.222519644281664 0.102949553349422 0.0381766955999189 0.536680826901622 0.374476357401858
0.679019686798549 0.516222943274551 0.069642791198899 0.213130726306748 0.126306262135424 0.0694153455113211 0.400017043353161 0.469984987901231 0.271642728526563 0.261614681699297 1 0.422751947564379 0.660173267942273 0.592353413802344 0.206088975915021 0.155458449142355 0.551694086497333 0.169629945061617 0.579144282407386 0.450243880301493 0.114133520491587 0.123369351025741 0.0102259586813831 0.0510835610835073 -0.0764473483049395 -0.219611729106409 0.172320296541529 0.0559525666069706 0.66099362915038 0.533228802839934 -0.0386386396741729 -0.141120415329291 0.468973138615298 0.404453810532251 0.0353144749994335 -0.141323831329041 -0.0762780201382409 -0.0864486385786086 0.087313244021251 0.00113091228693776 0.0978668828310075 -0.112130080410307 0.0212344604974201 0.144840988347006 -0.02298599770722 0.0414624525844743 0.0959483404186062 0.137128029453496 0.173448862926738 0.123853400117698 0.209790091471141 0.244373642548058 0.523583096792614 0.0348664617803277 0.240653555703722 0.177964136533752 0.575897953149273 0.518552210767575 0.515859843723278 0.338381611457395 0.603288614869802 0.256443989686085 0.641955074854491 0.442040906514655 -0.107094006216905 -0.120900790689775 0.0428228101623249 0.0618771291296772 0.183145803811183 0.404071203854735 0.0876892225323122 0.450156953081337 0.438724016358014 0.343210867228426 0.2818249404293 0.00187258691650039 0.452056182703826 0.182367087033147 0.253149507990729 0.161396292360287 0.603944862342137 0.406075441911354 -0.2266520133087 -0.0514563013263579 0.0721922429898678 -0.113533049102634 -0.155138949054509 -0.236057693265347 0.38351299853493 0.0731928709393121
0.595142623495961 0.618862913883309 0.100097583682291 0.367057160275588 -0.0832590275611444 -0.0362401867346134 0.307694979137377 0.578978739328547 0.0139101110415258 0.0321204408277054 0.422751947564379 1 0.0990670647873935 0.336850226889744 -0.170834991335748 -0.0336906422793187 0.53569138430325 0.629926452555737 0.312762958934916 0.527518771959316 -0.0929999879353285 0.0470739350777578 -0.165325706548728 -0.203314080553637 -0.20452226238313 -0.180985792394651 -0.0794493256662079 -0.115375126630958 0.658917921106618 0.751591652571158 0.284839690367451 0.127665658681868 0.498211894057208 0.585966723082583 -0.20386198947192 0.0932686034641229 0.120289002445526 0.0860586711207868 0.137077670945569 0.165416318653105 0.472337928529804 0.399696790822738 0.240619981019266 0.36847447631227 0.252736956083136 0.414025822710176 0.336875939405649 0.361353662442885 0.530673654466195 0.481138662860032 0.472907482978699 0.629262669253314 0.69636150819047 0.273758294948624 0.420669028967718 0.50616754705672 0.494975027941876 0.557790500110869 0.58292405875029 0.593433884691908 0.505674386959444 0.19552996295631 0.669892723441885 0.795398196322292 -0.320183098179368 -0.228052292867347 0.164730147259055 0.321603547966941 0.349439580644859 0.505360066125957 0.413174987511834 0.462917791260022 0.388784094961797 0.436320252709973 0.175339300038233 0.177656394434938 0.420854900425592 0.295535122588193 0.187960196275677 0.494058035096235 0.442452933182394 0.446369453468814 0.0993297924323717 0.164390478330303 0.0593810509896092 0.467090053358715 -0.158614046882444 -0.266177814121542 0.317256616413625 0.368830601780963
0.479776952165199 0.35331870342496 0.320706016931024 0.180612452883693 0.342508852778782 0.153636523487304 0.35074698667937 0.268499661815846 0.303674717359399 0.161923721743225 0.660173267942273 0.0990670647873935 1 0.548416501829944 0.708973100643469 0.574736754798239 0.360720484560869 0.0285186800066359 0.535564901696977 0.324221394661138 0.108978091456267 0.136616881392668 0.463305749697316 0.453015173151505 0.377994571560394 0.0890178729833765 0.268840532901068 0.238878531562796 0.409288561245235 0.257740581600362 0.0127660883179519 -0.00249372569277525 0.392395133563304 0.231626061745064 0.25533639131087 0.0775548589708065 0.00214021826342303 -0.0482016945231634 0.164057945469727 -0.042475833034693 -0.0485553916506494 -0.107201129214662 0.0601113496626884 0.101760875538742 0.0653878901140994 -0.0121463256563575 0.00966080134641664 0.082655740921823 0.00996467621990235 0.0104492691200516 0.0292037842529874 0.08813108319669 0.297568058976592 0.148175140233983 0.111713463902111 0.0283505875037034 0.388443973381907 0.330783781233311 0.229817521964058 0.034159405357048 0.290240980603583 0.0795864368649859 0.446338094621503 0.253637796007824 0.313624753274013 0.0482425135434007 0.0918442589098866 -0.00909812876397841 0.114163328798451 0.260427090590052 0.0753343786154557 0.368658252047425 0.21423860010276 0.152489560421556 0.0749620266071634 -0.046395010871602 0.321563647885899 0.155368674406979 0.236477017978361 0.062342582493527 0.417431023460459 0.355819832251105 0.0344000760935091 0.00240018455118197 0.513221367127854 -0.00432364360236999 0.0203649430190891 0.0517985641544475 0.448701265520328 0.14097861753973
0.430015431913571 0.40054233923579 0.0904107887171857 0.455696295132176 0.300866148053224 0.459152651672857 0.401963771294971 0.681670103164472 0.340821182063382 0.387681834929497 0.592353413802344 0.336850226889744 0.548416501829944 1 0.234878370418436 0.55215213657397 0.487946056414719 0.0561321328922299 0.370061623301113 0.360236888752028 0.161814778329611 0.101621930320357 0.082466685274762 0.257145099458251 -0.0344654412803341 0.0295676202685042 0.222847957232304 0.186918086061141 0.517775927812749 0.533488714381149 0.0271175471008502 0.165343770760894 0.402912990358673 0.519063438659667 0.206902052785822 0.211861168397693 -0.0069298520963602 -0.0252185229752689 0.201676906814806 0.0748126164093608 -0.0876504130756069 -0.105864261718148 0.131031671141112 0.22829080935186 0.134356680086061 0.0891899814861648 0.0906451102624973 0.233882614037809 0.176890283892339 0.111906564566562 0.212362041372756 0.139067747546079 0.303980914064851 0.0935709043657372 0.185211995567388 0.0186694360122306 0.442726969487133 0.429261388327611 0.415730740209957 0.353458775787396 0.401487087875075 0.477536487147289 0.417268033294277 0.384006923171871 0.0632476148122389 0.205717619733091 0.245077049086318 0.339560577903972 0.0939043251375453 0.251620536011405 0.13312798407093 0.418057363804973 0.274449898433208 0.19115695439141 0.0856268774398269 -0.0818223912239141 0.419589403104157 0.283055310717038 0.28949273493291 0.185286961816407 0.566278858577831 0.533936776395131 -0.180832679006035 -0.00141235893268597 0.212375021480804 0.14948926480506 -0.165255288800969 -0.0945296710825195 0.287943790320453 0.159225002157957
0.208611331919965 0.0920746256113698 0.389585945602644 0.0398981471743923 0.413536415280639 0.142606588581683 0.157654630341863 -0.0102841409769381 0.332867317973889 0.144237806736897 0.206088975915021 -0.170834991335748 0.708973100643469 0.234878370418436 1 0.655250113303836 0.0620928283808437 -0.0742226107121937 0.284604336102383 0.130914697104305 0.042615563484894 -0.00642340422581871 0.613493158949972 0.615300881040417 0.582846564396013 0.352971261792346 0.324094276729653 0.375684420642238 0.0446492704407177 -0.124420007611338 0.103769705968174 0.0683109578518312 0.116320982890808 -0.0634197930231494 0.280400312734154 0.131933901312311 0.149108842519701 0.0161248688006857 0.166546326943201 -0.0264855221340987 0.0266611665657025 -0.0878454583631799 0.0754408230391568 0.0450391314413387 0.0624487032940678 -0.0871509074329564 0.00759014020730671 0.0243705883180451 -0.0701989881961412 -0.123091379885812 -0.0572024465859462 -0.0578410296478292 0.132427591200028 0.113310281766651 0.0496496667303487 -0.0249086883484766 0.129947583833489 0.0702774398729077 -0.00227426664061015 -0.171399830413769 0.0577573678699938 -0.0717723533110291 0.130243057033497 -0.0381407849742007 0.475395294518176 0.221397448577249 0.0825547093948212 -0.0921937188901356 0.108786890204408 0.0373598426176103 0.118433835771891 0.202520502813629 0.0856819441801276 0.035341178071948 -0.100003368824109 -0.0384609526507264 0.0361675788276193 0.0871532466947997 0.0663899235984444 -0.0122462884240056 0.0938356838342269 0.10513870858734 0.261660076710798 0.028270191744193 0.57419142269614 0.0906229219424171 0.287171309574684 0.304021988608364 0.410244549794829 0.172746533489748
0.201488018980528 0.120414853884869 0.27816003613509 0.258590763433127 0.39532704465959 0.512263769216696 0.0625576803873183 0.248453532335351 0.143492471776698 0.245905295254553 0.155458449142355 -0.0336906422793187 0.574736754798239 0.55215213657397 0.655250113303836 1 0.23229904418855 -0.0801195496887901 0.273564814331252 0.254048631759457 0.100777736376308 0.0236342993598423 0.512034387916918 0.705332373563469 0.473859171619687 0.414751032694339 0.343071221020831 0.373627544370774 0.17935693805861 0.125033202420666 0.125864268820356 0.223119898150775 0.270745395369792 0.225918590337713 0.346743778405086 0.324160950863413 0.145226105993384 0.0968462408302989 0.228691104562934 0.132215279207023 -0.0801588739328356 -0.0216372896734127 0.13641904189444 0.0917317121437438 0.157627837484972 -0.0217535805811399 0.0588475797422875 0.0924339521564849 -0.00360073908058192 -0.107557340289934 -0.07443333543824 -0.060221420846863 0.0602271149511966 0.0578656169034721 0.0320210361716696 -0.108022143181419 0.248323514592187 0.206283348138044 0.0296597492026411 0.00172971734694286 0.00766558045756224 0.127861640448966 0.195460345708855 0.116800471808483 0.379856272585414 0.324816490473241 0.210655038299854 0.189160837995737 0.131542453862244 0.135025036769625 0.107933529129929 0.235154705553338 0.134471849672231 0.0949562333558522 -0.0662393925790002 -0.0314829761523574 0.269131763106453 0.270779193732904 0.250018566954411 0.0189661073555422 0.244308354448509 0.290561008258337 0.225166388343351 0.0373138715648722 0.49599703985317 0.237656061814097 0.0828059841311724 0.338036705504549 0.190770897910026 0.316896786904358
0.720637038990012 0.760558653382216 0.236972268552157 0.505672821406054 0.194620252893574 0.209672461065143 0.467875999410931 0.558918001717576 0.197242838400876 0.18993146706109 0.551694086497333 0.53569138430325 0.360720484560869 0.487946056414719 0.0620928283808437 0.23229904418855 1 0.616939344317976 0.662924287991925 0.645223242952381 0.18932391479369 0.0575486494793507 0.0915725224355564 0.052034381926915 0.0263734917103457 0.040872240680405 0.208393847023252 0.0249949279070163 0.819840343772862 0.774898064984766 0.283125505005976 0.207342275146032 0.773633589555689 0.753766070326761 0.197463102960382 0.240202292929267 0.282304987974294 0.191324751012678 0.334219130678521 0.244215184940417 0.348999240497904 0.265568532839116 0.341055045236619 0.419932356727526 0.325016537848043 0.293904800592145 0.359075950754815 0.453648060147574 0.42544341935534 0.26945510730315 0.387923002267288 0.395016576598712 0.504256457029293 0.288507096476858 0.32466018008174 0.248569011337045 0.80650967686259 0.739407259923649 0.594920208948412 0.409298948716499 0.449585053699299 0.19111640586326 0.778981136630892 0.716893193800382 0.0105711960417444 -0.00238764300522442 0.394925702605998 0.446091314251462 0.450600586749068 0.63485385874446 0.413601993729743 0.573948960202086 0.579011062149395 0.517319730807475 0.101810982985198 0.174450529515385 0.684919072978889 0.521415669724132 0.55058119304117 0.511613837433269 0.844290479490836 0.732146043417431 0.141596542512883 0.128919273241529 0.247031485209714 0.227096186488828 -0.06941340194881 -0.156616736405448 0.307377421989328 0.24905646779766
0.507886547360551 0.660502038114318 0.27137053805457 0.322445219535774 0.00558424170728995 -0.0758484170111189 0.401683757489282 0.384905903100667 0.102638961809964 -0.0197379341780681 0.169629945061617 0.629926452555737 0.0285186800066359 0.0561321328922299 -0.0742226107121937 -0.0801195496887901 0.616939344317976 1 0.362056481410039 0.534113015714941 -0.0477705721013271 -0.102104574036442 0.0323093589066114 -0.174037189865925 -0.0843421030635936 -0.0333913603330924 -0.0220762571794864 -0.136329953372023 0.582245689288889 0.66181849347811 0.444168563801034 0.304297284858909 0.517832621945183 0.536752891835013 0.0196649514161751 0.213452090254842 0.267458483062277 0.260799651955045 0.224949535964179 0.126445996606923 0.493977724470598 0.375657379098429 0.362347647133346 0.432220886101285 0.342217835168943 0.387138194859394 0.349475235636538 0.439940157780029 0.454242755324284 0.356428128300118 0.389026608226235 0.442344776060819 0.44199779541131 0.386692172962603 0.261642743609163 0.385525993555107 0.490833007459857 0.534440700333118 0.41497186225913 0.275883736475568 0.299493793762218 0.0386516403503523 0.592262092163109 0.767413667519295 -0.0781877205163421 -0.151752354676274 0.257364986855839 0.270940037866281 0.412518836001751 0.502497049823942 0.499186665503158 0.383673892861845 0.345343735918187 0.482335005392476 0.091872577294873 0.282318405689969 0.366650610383274 0.313550669972438 0.262214693708469 0.722342024988919 0.471905973683843 0.561899069827466 0.318127716105788 0.313204759978166 0.198821014488993 0.464640504765509 0.101485117192675 -0.156539944569794 0.239275911778734 0.251010757029026
0.730963496680534 0.667185324928954 0.538562832624959 0.538795763364465 0.220272808319184 0.0281113429481472 0.541613893461582 0.427427546131282 0.168984668389985 0.131028856956186 0.579144282407386 0.312762958934916 0.535564901696977 0.370061623301113 0.284604336102383 0.273564814331252 0.662924287991925 0.362056481410039 1 0.730228532777665 0.0508067686190437 0.161751014115903 0.410659606971908 0.248399857503515 0.253188621419642 0.0867128858732468 0.241805894588853 0.0498597261449418 0.692171666662695 0.581349332714612 0.401694409180285 0.262575804860398 0.75493198691964 0.611456297331364 0.225019301731505 0.232021120859214 0.310584345933264 0.175687829082768 0.363399600325893 0.217756066653843 0.204652489683272 0.131400862982613 0.402915404108507 0.399486653171287 0.343274686124326 0.271450945376648 0.38799825407973 0.411088827617227 0.382691331230105 0.248140405275985 0.360394476507857 0.369073640037333 0.426458882018121 0.269974665371593 0.403024992428411 0.311169030098874 0.692456457801182 0.630328401159548 0.559787832325183 0.337343849716061 0.401388659315766 0.115715018202316 0.653867814507877 0.479310482699744 0.142703274089617 0.00643588761948704 0.407582491040865 0.330236560226502 0.575136323904855 0.659703651543371 0.446978822850714 0.603543425610883 0.558891937709499 0.5533306612647 0.095045091814752 0.147437157239298 0.603302025303461 0.462136306563611 0.51523587005036 0.326846471540374 0.709027054896915 0.533604722633482 0.0535992862865757 0.0644021928695767 0.30782942006845 0.0441199397769451 0.121300092708416 -0.0650402462450105 0.338578404328841 0.19253378671389
0.689110359794198 0.695718780054086 0.475645579533665 0.530042375364867 0.124159382913853 0.0468733713857202 0.441271731747231 0.50204947866124 0.0267790052056785 0.0576092935012195 0.450243880301493 0.527518771959316 0.324221394661138 0.360236888752028 0.130914697104305 0.254048631759457 0.645223242952381 0.534113015714941 0.730228532777665 1 -0.00889788916666631 0.0115883528950062 0.295798800194435 0.173992442943234 0.129793777645708 0.064312014633943 0.172278683989808 -0.0115241053483709 0.707539305223304 0.696196397536289 0.493976194831585 0.321451158031013 0.719847232949936 0.69424563786469 0.0924766762633397 0.264534807896818 0.2918580221166 0.170316422531538 0.278568611061704 0.230525145407867 0.371660043412616 0.228424382078592 0.385931940617551 0.447918113134889 0.37607979184501 0.365319566812297 0.389792973295711 0.46212117515448 0.472629850412672 0.336422804185686 0.362438555087086 0.427851278765494 0.514427088592138 0.345196436499998 0.386458091769602 0.311203766974079 0.664690242354439 0.62533141056596 0.542139990280023 0.3734245911918 0.394368457076909 0.123805356138366 0.689398769703964 0.653315982036898 -0.0153240523050775 -0.0646561301462905 0.366960686266167 0.367476951483797 0.637427393185008 0.721019636793069 0.500627735170677 0.557596009847891 0.533865357959833 0.609887442717801 0.099667121378624 0.253466010627817 0.566581234084514 0.444793463213381 0.443639424446724 0.477257455567524 0.642505700461333 0.580668707441982 0.17684669283976 0.229788970028056 0.264148829790645 0.279212487724408 0.11085177418705 -0.0714883016629934 0.27350535905879 0.257646692714431
0.107881774571044 0.131417585159718 0.142297238125109 0.214155817106413 0.125205710939181 0.167909202894894 0.0901959127934597 0.106842028538153 0.127893749832278 0.0737638909854906 0.114133520491587 -0.0929999879353285 0.108978091456267 0.161814778329611 0.042615563484894 0.100777736376308 0.18932391479369 -0.0477705721013271 0.0508067686190437 -0.00889788916666631 1 0.0971755774055489 0.269833470720482 0.275505709898522 0.27544881727027 0.413051216209511 0.353566982639093 0.255652733965345 0.0783220869279969 0.0436482592050073 0.137128917982073 0.295473516319512 0.243768874616552 0.215469437327469 0.346141931469887 0.152327815491113 0.264345990141279 0.313816531116861 0.160778351755053 0.186443797171198 0.112959232048086 -0.00459931892531659 0.199555076082541 0.18708005253179 0.218673370548653 0.052031676311135 0.0757805982793431 0.139569676093978 0.0465828789005543 -0.032942935526718 0.0738510664630728 0.0134386178764841 0.0282816820098608 0.134524890916229 0.0272829274653517 -0.0744236855100203 0.250762477664231 0.213620043301469 -0.00614843235262373 0.0421555333800766 0.056113687968754 0.093034096319355 0.0376074083198393 -0.0313368759721054 0.215249138259124 0.33915077970711 0.316844437267504 0.244778759074147 0.0420940841065708 0.111818361154655 0.0349687869841548 0.160224909438774 -0.012597467715506 -0.0669686842565001 -0.0684461861874184 -0.0950135397127396 0.231822086792552 0.139637735740791 0.218996441943608 0.00583448946100006 0.212533480482752 0.191124733037238 0.0165823297747246 -0.0655460139309423 0.0983292411653811 0.0299087718754279 -0.0296409806528634 0.24663604989989 0.0366794803671182 0.115641134149943
0.0220340621018653 0.0896495583363011 0.0950989990082208 0.0482094790407937 -0.0443769779241441 -0.15890428986319 0.0148082736833772 -0.0104627438793766 -0.110357018684085 -0.187123423597689 0.123369351025741 0.0470739350777578 0.136616881392668 0.101621930320357 -0.00642340422581871 0.0236342993598423 0.0575486494793507 -0.102104574036442 0.161751014115903 0.0115883528950062 0.0971755774055489 1 0.0792513286014586 0.10501710951998 0.122198053364074 0.0678405286180742 -0.0348378382256576 0.00751297401351771 0.110522389366258 0.034240689621715 0.0191608644081893 0.0650396404092424 0.070862245437542 0.0524086885139752 -0.0546026477600036 -0.115452897597107 0.11872425600138 0.0830042353897876 0.108225350850941 0.15873739690482 -0.0136589774999759 0.0118184153047475 0.0677915314760823 0.106159970061088 -0.0303999399814621 -0.0204999482986091 -0.0136863440436798 0.0409027180244273 -0.0535971323048355 -0.0424057950191988 0.0248560450836453 0.0457754201439905 -0.0160748761450444 0.0557183462716844 0.15104144975785 0.096794988608686 0.0504790955077923 0.0763998346741524 -0.0509035112885777 -0.0726627818462067 -0.0619498900126925 -0.141129274399749 0.130220886646849 0.0155401291662514 0.019493204972444 0.0506451327455903 0.0645252096167647 0.0012574652926013 0.0315463636208069 0.113081350800448 -0.00989920669850796 0.0695181283057776 -0.000113310349298263 -0.0624458895363444 0.0638576498592472 -0.0331222492019679 0.139061057019346 0.0649942594340894 0.0616047140849446 -0.000443765299990121 0.0329080869835742 0.0202904397341587 -0.157222332521216 -0.0970621547020983 -0.0274616135334796 -0.121237929734665 -0.155931345964323 0.0792040418814021 -0.092688569267284 0.00515768725259399
0.243187341816933 0.195021809106789 0.796101649372653 0.393610548811682 0.348154429432183 0.118778430921406 0.341502754658076 0.0602984115299401 0.153881366761951 0.0319628621438952 0.0102259586813831 -0.165325706548728 0.463305749697316 0.082466685274762 0.613493158949972 0.512034387916918 0.0915725224355564 0.0323093589066114 0.410659606971908 0.295798800194435 0.269833470720482 0.0792513286014586 1 0.792929157169596 0.875352326874657 0.729311902929661 0.506432992042142 0.436974211248137 0.0276876712507031 -0.007173507457952 0.556621353492846 0.607431708253549 0.40128147698617 0.234752697338729 0.59549457108026 0.44944015395245 0.495225686095741 0.411587527786419 0.395215992475936 0.210874292911905 0.0967169837236606 0.0671146294457925 0.45697215829119 0.362536015027666 0.427840879669264 0.214836432062915 0.286297735849394 0.305070049592473 0.143193471793624 0.0845056512952388 0.130361456443132 0.0965126969115198 0.157627938377877 0.366761229517817 0.248464280529254 0.127130166642011 0.231941751149732 0.228973552392281 0.0109655077347768 -0.0819844967007438 0.0421865236174898 -0.019474057647113 0.0803897342545248 -0.0177214876053027 0.67522208562423 0.430368296713583 0.50789828485657 0.230885782871043 0.339892372626281 0.275204406950348 0.37996125420543 0.365067406413044 0.148723071135719 0.163319267020563 -0.0747075588944624 0.149062940073999 0.29982957702891 0.315363557952968 0.290793911102653 0.168712756908848 0.211556082506073 0.283427580399647 0.325289264222142 0.206891609458783 0.684892824714044 0.289321101646687 0.392173484457516 0.521041485936433 0.337936925476926 0.399984251201487
0.171093989788739 0.0849592760692679 0.579062830550903 0.387087203782477 0.415483111940824 0.35945248075649 0.213510070064273 0.16540433794033 0.26310086870137 0.258121106919618 0.0510835610835073 -0.203314080553637 0.453015173151505 0.257145099458251 0.615300881040417 0.705332373563469 0.052034381926915 -0.174037189865925 0.248399857503515 0.173992442943234 0.275505709898522 0.10501710951998 0.792929157169596 1 0.7503885685386 0.748178437796686 0.509658016312744 0.560233279929557 -0.0152067197561346 -0.112439347659599 0.346286467559768 0.463425621211405 0.284819284021134 0.19951534034091 0.609591358003452 0.450593643943496 0.370443435427142 0.360260997713363 0.352308508709737 0.294815746987243 -0.0121531371509203 0.0552437587915385 0.264944146587861 0.197131767261092 0.245691182671717 0.0411452812312497 0.120209377334214 0.143586014780105 -0.013924952708666 -0.0978197701002252 0.055670855671009 -0.0302415415516578 0.0601704236049363 0.147118262683786 0.20933651521843 0.0406739953027002 0.20690624242166 0.178110723737208 -0.0274369858535277 -0.0341105451448499 0.071306021708343 0.140283474014839 0.0419814816750706 -0.067635855596536 0.680302302091403 0.670847496811198 0.456595126637579 0.289950796759274 0.162181138285875 0.127396925554841 0.153790236433606 0.242693287087964 0.0801014466552473 0.0374249672178129 -0.0537059583089191 -0.0502984153174848 0.297210405696005 0.355703118418738 0.296100166635381 0.0284956138873962 0.157839576616162 0.226848268013158 0.234605521468251 0.0653635769719897 0.60844514337812 0.274714134465091 0.274900521506594 0.575500689917421 0.32372717383776 0.48867644947827
