1 0.922383343806787 0.667234902275833 0.589514055079563 -0.0456553597942324 -0.278011714494142 0.759681326660157 0.562711585730122 0.306323044067247 -0.173271146096712 0.871696257365883 0.8910834933918 0.842378764468573 0.709710712734451 0.741868012765928 0.0638808945969481 0.878081288447177 0.900404658617122 0.882253845920114 0.888281937809521 0.0406462099546097 -0.464690507702469 0.658680852696882 0.246251632365426 -0.207359409165419 -0.260494737023608 -0.326665011044825 -0.432629317595462 0.875829330221885 0.597148689415381 0.376433856745374 0.193444223843525 0.713995155808726 0.774775383442641 0.283972546541157 0.0692990856980453 0.768868871940188 0.488589591739529 0.607342850956845 0.269584174357013 0.326517255406604 -0.0258408356409312 0.475215903541862 0.690651078405007 0.774458354746155 0.782774211079532 0.746126660679914 0.78356341031295 0.823575573923241 0.779645840807201 0.665215797953286 0.789230694089702 0.556992808689696 0.476409880962086 0.86572480695682 0.781234227180892 0.94882150536293 0.925220968938422 0.78489141218185 0.703940051804503 0.710640037013051 0.680581427978601 0.773957514610021 0.810156706621996 0.390696749652648 0.558868623254375 0.600044333273795 0.545459352791089 0.798501655964364 0.677333519391541 0.307785393852819 0.481011917249743 0.642545676243239 0.409782460059262 0.424325417966559 0.25126019519124 0.199416878986125 0.479985735201957 0.833390059789539 0.828852354683734 0.930695112693848 0.910565050185319 0.833449091869301 0.0704218642617872 0.812250825360239 0.861704091741917 0.720177962563688 0.239858188514423 0.785046783964468 0.801571841812333
0.922383343806787 1 0.651679610968869 0.593714108603032 0.0364197600483684 -0.162868696626932 0.731676029919688 0.618202448897282 0.340715768757733 -0.0582276371934427 0.790125706362418 0.863837273951459 0.760236026728487 0.705351753145751 0.688226523108835 0.13576709271029 0.844390288641861 0.887176940730358 0.860369678455342 0.871114505361925 0.0624988671849128 -0.327034342655006 0.59770967721277 0.262328878878388 -0.137514802732082 -0.181131191818535 -0.258262176857525 -0.317519113350937 0.726770875481488 0.565241123261651 0.369172989447785 0.195927391268181 0.674647823753996 0.717565927589341 0.269035579770796 0.0960078794801363 0.658732001248353 0.508151509746497 0.466266861683473 0.250044989017984 0.294908208072115 0.0103797065347314 0.519584893971739 0.706425437891588 0.782646431925034 0.800092719882487 0.793053806074274 0.822899297783385 0.81677075372423 0.818040975609887 0.676570762045293 0.819652863075643 0.619580911457237 0.515111902036793 0.797373106332661 0.803941691312493 0.941759815275294 0.955135198129885 0.800927106758868 0.783465241731063 0.703966931798364 0.616681980174443 0.744353230881257 0.765454002684859 0.320519633103116 0.54094197498217 0.586972382436755 0.584112447056781 0.854655378391594 0.770457468444558 0.406608713627007 0.493866803046413 0.483853828874185 0.347267355101815 0.394479076966874 0.281628289649334 0.180300222711244 0.487568392617161 0.729458711278226 0.808411675141285 0.870192927114901 0.905717463789719 0.696714036740734 0.197972230195122 0.762950223300645 0.858647975488006 0.528072035350502 0.220432514495595 0.728058689748582 0.798222020773499
0.667234902275833 0.651679610968869 1 0.720247351451886 0.200836181584692 -0.0360798860078418 0.889113790719428 0.755026002198145 0.624637805295 0.00891798384095929 0.556979841865524 0.720401523096884 0.752427999063273 0.602267858084587 0.713576229816647 0.163446163516719 0.594625948047828 0.598444838299761 0.747495771889467 0.601113765570978 0.0961244887163496 -0.21285972173381 0.768716735338406 0.407656998486508 -0.00471505204360632 -0.111291706174215 -0.0541150468899497 -0.229622839265944 0.527368732753051 0.381653876961044 0.52721948798091 0.274963676621542 0.882779214656487 0.79595475711185 0.718335489704446 0.462158601150299 0.524192813401991 0.46672360152635 0.315001888699913 0.217532516208555 0.20311548235535 -0.150034870230295 0.766443520381173 0.782822795675134 0.800631148587571 0.726395213079788 0.72092309706007 0.75601257528914 0.720704595292949 0.681393920469016 0.795704570998229 0.761604996827895 0.718637958896319 0.68299350532158 0.620695943608561 0.743764885505731 0.653916299565134 0.66339929065087 0.817280280609692 0.747169867561083 0.856988610461493 0.725353717841326 0.732447148528868 0.633949663004292 0.763660189968369 0.749089808734844 0.87744442494014 0.790621645472657 0.604282247112539 0.428698373095995 0.564388337869934 0.461076860257408 0.364502993448 0.155821644170052 0.411733051297579 0.243463454727356 0.465681831708029 0.619225467431451 0.644942938534032 0.729359395362172 0.666214505009338 0.678602115911496 0.475877211074824 0.172418622279743 0.821490548685269 0.7266775734815 0.417653515241092 0.265124081451525 0.805345821057987 0.696583408119621
0.589514055079563 0.593714108603032 0.720247351451886 1 0.572827688811482 0.404157720686129 0.800283348705777 0.903267106195979 0.729204883349944 0.468851523643827 0.488745896493378 0.687848212727188 0.676400567318428 0.820929816912824 0.745686794254119 0.621551966102354 0.474168162994793 0.474704793308304 0.592026117145384 0.426865050579903 0.432728467416139 0.0829071970734267 0.776424603283408 0.776055182852586 0.401907650274244 0.3592836067373 0.321682007010343 0.173715894370319 0.409452034212915 0.693979990849833 0.741890979092583 0.66037461622946 0.668275559980954 0.708020110676075 0.579242604216065 0.446850519684753 0.454718443219135 0.586182897593266 0.429110902589664 0.559777373356024 0.386839114175523 0.30235145755231 0.687227368598361 0.718073638088264 0.639450323711502 0.566985528675987 0.554440227794692 0.606836672954292 0.574480018611333 0.534785122803136 0.722015518160975 0.661352226741189 0.656121127716362 0.64019441783399 0.507806479493471 0.693523729860563 0.559887248607926 0.596541191072246 0.689552423917933 0.681802795624666 0.717455705164038 0.759539698704774 0.670793499554194 0.651356656202765 0.549706878949753 0.750654746265856 0.707048441602963 0.71740299337298 0.475470759590543 0.338128569141976 0.650685716435234 0.727742129580689 0.421984606256818 0.591994125258947 0.412410358451907 0.492648736507742 0.547923486038351 0.670425058017215 0.548412911219892 0.624661066976245 0.594960213017542 0.619382746194339 0.371699419392799 0.503472796747647 0.647816643901976 0.645901754190825 0.319529103435804 0.567884151718335 0.650549771601419 0.676299419252715
-0.0456553597942324 0.0364197600483684 0.200836181584692 0.572827688811482 1 0.876365427004598 0.329905788745739 0.525488075345593 0.60927565749505 0.859174851695664 -0.0706427203400792 0.0544802544699821 0.105625417148289 0.393920594528015 0.320565310009844 0.832418590858532 -0.0644263764135214 -0.0744490631097132 -0.0167945599014657 -0.22427468038937 0.683176617032888 0.585292642722581 0.314947724369135 0.759538821845231 0.819216616935375 0.8191502128199 0.683175940492158 0.688979596796566 -0.182426255957377 0.537704973929829 0.68030838128188 0.772078128844304 0.210532509715224 0.166408438798051 0.352229840988968 0.369660846578196 -0.0651323497232117 0.442008971174235 0.121907338378404 0.604610687279534 0.315434913084898 0.574253622622701 0.446900243962245 0.300708926085181 0.165523845258889 0.110617689467145 0.090399780770268 0.120170156532173 0.0696678224569124 0.106551166471457 0.345402944256786 0.203895033407073 0.32887299719891 0.41971933679238 -0.0560349204835 0.243290475852238 -0.00764484769841012 0.0258767688267226 0.200790587942034 0.243630991258557 0.26172973721766 0.189194030846501 0.217618490268664 0.0806427396957686 0.169848854429072 0.229482826175287 0.318122438848487 0.361680199126179 -0.0767206532904233 -0.128369180965397 0.530985298644255 0.577623511817152 -0.0837456745931922 0.468578521638395 0.0955281309651318 0.386793493340623 0.563709095536198 0.434568355178647 -0.00834623502456979 0.134032268771163 0.0142850313541694 0.00378289486641455 -0.137765536270709 0.708898103960487 0.0748444523515895 0.028469367766434 -0.228447549175464 0.555281023769379 0.111982914341222 0.175201247427946
-0.278011714494142 -0.162868696626932 -0.0360798860078418 0.404157720686129 0.876365427004598 1 0.0576033009853858 0.377947528273985 0.454409851972978 0.95878619997687 -0.272934470912453 -0.16464541837939 -0.118899732402079 0.241902553054934 0.0763687997862609 0.861156084522608 -0.225637713499438 -0.253062375281298 -0.258705483796709 -0.433082302699695 0.668391029482851 0.745016572570099 0.0885729877572538 0.704981668039505 0.90993869058021 0.935969469352537 0.82817790424765 0.886875447263065 -0.398582532756201 0.432510760366527 0.561993675936626 0.741870320302874 -0.0537007540573249 -0.0788811738159248 0.194117247480574 0.392781418700086 -0.186831836192436 0.327750296570691 -0.019956569667684 0.627924792034266 0.249967861399927 0.644164685774809 0.277965496352705 0.100392535607752 -0.0385499443125288 -0.107119566722075 -0.0826890783605967 -0.0772431987214981 -0.151046737739565 -0.123817801226055 0.12310567050333 -0.0398157154770382 0.123306562502589 0.196510808628028 -0.258860705646861 0.0346907094025815 -0.209495161552588 -0.165978421484351 -0.0223400790089694 0.0507627482523455 0.0511312044116851 -0.0393044262041908 -0.00508239268438336 -0.140098526227363 0.0318091749557191 0.0580376357392842 0.115727421736607 0.20122585179178 -0.22323157799703 -0.186378794261366 0.436253127665819 0.439126398316284 -0.23445034807943 0.384232973599112 -0.0798487255452321 0.356498617429412 0.410764863322082 0.249623068129596 -0.180795204382909 -0.064194973093481 -0.191736404019959 -0.19069000169462 -0.399175106813782 0.743219562976952 -0.155526666854225 -0.175001783774546 -0.46768950155314 0.535541635107157 -0.161337585822954 -0.0453346832767607
0.759681326660157 0.731676029919688 0.889113790719428 0.800283348705777 0.329905788745739 0.0576033009853858 1 0.850775790358766 0.675108533224436 0.0981368762307755 0.6425347137211 0.806502948253519 0.827745866581926 0.75011697296379 0.769734699547856 0.267149731933412 0.650250503967065 0.669628364029011 0.778332159140907 0.643301079457948 0.211841360922527 -0.202523500557008 0.716561715679039 0.459712588102118 0.0513430337207119 -0.0302143284742747 -0.0462616498896556 -0.202464470571786 0.605770502033217 0.57521322242647 0.584113846128101 0.404372518194627 0.881897604730721 0.859922482707964 0.630003703947967 0.39451985202392 0.558293633166832 0.507744201527874 0.425635493378827 0.303817864174286 0.291252669868657 -0.0189912605442915 0.755663908474431 0.81207863379633 0.803238429194384 0.752028222267368 0.712597949585307 0.761135162135468 0.749779077472944 0.716798378033085 0.840093192612315 0.820430737342816 0.728366081903795 0.737585411613605 0.684403388530899 0.800982159532899 0.718428482861645 0.742619790407128 0.878182337049194 0.810326500892282 0.905411564655671 0.815997577558418 0.795448991393802 0.771448336956381 0.602954234694761 0.784630242630714 0.831516420084494 0.816755343472255 0.602087867183866 0.443135229392019 0.593542159580438 0.605407007482314 0.49245102450257 0.390250242469671 0.456505825578717 0.335042185921722 0.54161062032101 0.739902855675001 0.689426333404885 0.792218195942106 0.773377816274263 0.762272450974035 0.576275202271933 0.227112513909165 0.800720726819327 0.756306256064865 0.493726553479432 0.3153697974607 0.828885616766525 0.763966636730032
0.562711585730122 0.618202448897282 0.755026002198145 0.903267106195979 0.525488075345593 0.377947528273985 0.850775790358766 1 0.729799883476178 0.41626707363931 0.458990607281139 0.717023917802383 0.689637004865534 0.830239112483803 0.689868687933987 0.530630685717217 0.503554540765447 0.50854276273156 0.588558933075013 0.442593752353689 0.372049360608282 0.141437570784479 0.666511020541295 0.652094832433529 0.320094670164809 0.271691998119999 0.23062970296298 0.121180203876549 0.397582431834292 0.64751577073743 0.687770756909876 0.593289308114405 0.710763885897894 0.755577820279747 0.572144825416978 0.483535960250112 0.406184121439291 0.55556327757456 0.35286973013842 0.491742593148351 0.356258860425951 0.194197349248192 0.764774272279304 0.774775756572176 0.697537724184876 0.623276921895318 0.635444701345181 0.680040312965832 0.619131155764148 0.588911792104008 0.776858012193521 0.724987415240104 0.71121475810114 0.696257923045781 0.518610807309294 0.757881779854241 0.568392297942526 0.632353941703313 0.769348871148683 0.780617564699262 0.815627141798365 0.799524984718472 0.715748216387687 0.729411035030819 0.505411743378174 0.806141248663332 0.749813800058813 0.838765521684019 0.480707757022655 0.387175987024387 0.700287834891749 0.688732186830085 0.359316809075818 0.477865321277356 0.375906258916503 0.463349067192642 0.547252916967751 0.738103289033893 0.550782459476009 0.673435571892242 0.613950052320369 0.6504061063953 0.352804107854765 0.503491432875014 0.640018291475116 0.694861966489626 0.222543198057758 0.467416064745957 0.659205503830489 0.716023659587564
0.306323044067247 0.340715768757733 0.624637805295 0.729204883349944 0.60927565749505 0.454409851972978 0.675108533224436 0.729799883476178 1 0.473976134818873 0.227517998225807 0.387827215940556 0.466014809201427 0.526599676457413 0.624752916691939 0.519687854624675 0.212967523263928 0.206659447446792 0.376013833067909 0.175165580522697 0.376797271118214 0.198930229478944 0.516183309100604 0.61992556001083 0.371742840640798 0.344241872509165 0.406099458955705 0.212781525221792 0.107174502083487 0.413153844026913 0.599539439372562 0.503046275036948 0.57517219344234 0.501267827742459 0.559734408992399 0.55947830044825 0.143189334776801 0.392162190764179 0.0992936154975018 0.386995952697541 0.241039629584535 0.102005101007965 0.630956861114053 0.536870359584567 0.470953654283402 0.408026094245406 0.40321239920703 0.413972010137761 0.376249302181502 0.365325811451001 0.585672126788322 0.471833918930034 0.564195974873936 0.60669174481076 0.198568271113939 0.440529103287065 0.303609364426491 0.329948726926993 0.540207921613947 0.551889012329843 0.614367799833315 0.548534557906853 0.517903295858799 0.399192506597194 0.461145688182151 0.542151028595358 0.586787265075335 0.627473620709967 0.26260038036613 0.160370650597588 0.66667047139243 0.575150651331258 0.176076257207842 0.276881189267174 0.230871526191681 0.263012845760427 0.638381703209251 0.656623925846013 0.301212686051997 0.421804705118233 0.307283773364882 0.301005533168687 0.108033406504249 0.374527669284825 0.426406181500912 0.338078013721841 0.057029383647565 0.309112325785829 0.438210114433985 0.359346869083891
-0.173271146096712 -0.0582276371934427 0.00891798384095929 0.468851523643827 0.859174851695664 0.95878619997687 0.0981368762307755 0.41626707363931 0.473976134818873 1 -0.176299857855552 -0.067716738369488 -0.0248485993764818 0.339040927578323 0.191306727021643 0.927793661706081 -0.126883131540551 -0.160686888110659 -0.197085417717888 -0.366883586631651 0.720654627715764 0.715084174785703 0.194370136379049 0.765977209002206 0.913613330221863 0.931375428500205 0.795232512406011 0.868736094576808 -0.320530735453389 0.505695753831199 0.610803558997829 0.77040254391968 -0.0137503556996303 -0.0447271540964501 0.216231517932739 0.38229776223876 -0.100661790879293 0.382262658236998 0.0692716290222071 0.676471832501943 0.316805749172984 0.670540271460928 0.300204433547471 0.163323336627482 0.0271934345858139 -0.0408675689418266 -0.0323159046095779 -0.014871751629731 -0.0897762391246528 -0.0555230174277211 0.147085606510116 0.0101189517809831 0.132314516546918 0.204221827366632 -0.170446077734228 0.10445346896218 -0.1041933453398 -0.0634680953961137 0.0345856362958606 0.0929223372091865 0.0990785384190823 0.0378446622934104 0.0496136734371537 -0.0735737510962707 0.0956311297007588 0.126843999498903 0.160154393312139 0.212234001543108 -0.129570094301748 -0.0993068390731806 0.436830959749658 0.464984641752873 -0.220143784952423 0.416849154923541 -0.055937852258161 0.384749434867822 0.387304185063826 0.249291564443315 -0.0830991904278196 0.0130847454869159 -0.107345354123016 -0.096723040260437 -0.314117472553119 0.785498589208028 -0.0640049370282208 -0.0699426725365844 -0.393994562427706 0.587031227516527 -0.0735495499095375 0.032673101139384
0.871696257365883 0.790125706362418 0.556979841865524 0.488745896493378 -0.0706427203400792 -0.272934470912453 0.6425347137211 0.458990607281139 0.227517998225807 -0.176299857855552 1 0.861948471031416 0.82487402140163 0.687988865063066 0.696060664315203 0.0631962828358144 0.84074347181817 0.835018671848976 0.832384408258856 0.843443756998374 0.0773185238343007 -0.396886462459804 0.602921387450836 0.212638810592054 -0.205240884556142 -0.24402988270347 -0.29454948558978 -0.373258493789184 0.862515795166626 0.6098521724173 0.353826008293779 0.186720576982467 0.629513946623809 0.673974876165033 0.205309445008945 -0.0370213129247245 0.597833508314461 0.29995962583282 0.490393561301144 0.1935431499121 0.248039048386021 -0.0732919348589551 0.359023889937701 0.57588888129706 0.629550101897663 0.618995238445396 0.664813862880202 0.666483696045578 0.666427392318362 0.594185907306631 0.480031084038557 0.611459983132271 0.390799931348535 0.256765868063165 0.789818505097355 0.590083815151373 0.791591190607841 0.789123390136796 0.649582618643523 0.559129222785935 0.631297629747745 0.61629920379837 0.746264445708029 0.75152211815918 0.327395624480194 0.415863066293532 0.463678035630929 0.435143664305264 0.653550835072006 0.629035657346933 0.252125306086145 0.418487205674962 0.651734468863896 0.445090969587587 0.522299852006081 0.356398730602349 0.114867656760731 0.372450423496385 0.760488297040565 0.738630719307242 0.857144517165618 0.820383170995219 0.748900923197573 0.0783413717521256 0.738313673672387 0.739939817618156 0.605467934500938 0.154320499732855 0.630162225124013 0.616703896928986
0.8910834933918 0.863837273951459 0.720401523096884 0.687848212727188 0.0544802544699821 -0.16464541837939 0.806502948253519 0.717023917802383 0.387827215940556 -0.067716738369488 0.861948471031416 1 0.857183119990064 0.834606153090838 0.738953542988476 0.153873701178465 0.800727902129004 0.834228854403 0.856352967389923 0.84113047352382 0.0833000739133167 -0.300039073420566 0.658892171497812 0.337947148436372 -0.150154630539118 -0.197118781184394 -0.235361060801744 -0.329624114015569 0.783615814137316 0.629909693492012 0.416875819748614 0.256815956342147 0.733635849390911 0.810290803630345 0.351926211013958 0.128740438813946 0.615306640674428 0.39839872806855 0.487399307822962 0.245479590658242 0.281410447009262 -0.0305276239150061 0.551115990746296 0.720515847905301 0.735128183272023 0.713417996272062 0.734311858550858 0.766435044215224 0.744351536126304 0.700651172269373 0.669097972852654 0.754952940655781 0.572818114761677 0.488700528427 0.782610091967872 0.754868696055602 0.832720523848689 0.857797787521725 0.779857100541263 0.743490471354864 0.773670130298646 0.800998546636386 0.820615506437275 0.884128943725605 0.417969146766418 0.658223103842286 0.635056017420996 0.636386469417725 0.728840731056949 0.633115228991572 0.448904459822507 0.545659718327584 0.567925593562793 0.413279021274018 0.492075994051384 0.36051330706187 0.280212139798043 0.554190326533249 0.774911471266926 0.826252173663547 0.863408631798175 0.885353528003544 0.696529327123454 0.176706402417947 0.801826838492628 0.867397630710309 0.570214448721187 0.247870047723849 0.742743326548173 0.775390743706486
0.842378764468573 0.760236026728487 0.752427999063273 0.676400567318428 0.105625417148289 -0.118899732402079 0.827745866581926 0.689637004865534 0.466014809201427 -0.0248485993764818 0.82487402140163 0.857183119990064 1 0.817333696855873 0.874648332413947 0.228738723107051 0.764421548381685 0.751656574158663 0.823415858405085 0.726736400950094 0.178195237738287 -0.293048557893302 0.752714045613953 0.367180673184833 -0.043532067709615 -0.134560655688225 -0.184066861285306 -0.292147152723721 0.765271692245499 0.602610288641297 0.49613493392324 0.307286407790404 0.776077694851493 0.78373678251355 0.492346485746885 0.235348186737095 0.628190428889541 0.409226298891869 0.541992977808472 0.265632217781455 0.309821347959984 -0.0932541101274594 0.643692438865492 0.782425545717361 0.757442129597427 0.711364904786694 0.710601081369266 0.746751743539375 0.694007442420048 0.644573814086904 0.650016315763741 0.702837375646374 0.548180741175473 0.509155866563829 0.757736203671526 0.700024561717406 0.776316363578705 0.77092377109128 0.81192836891353 0.684409586427752 0.836802298395748 0.807991102487792 0.779572926085987 0.762803846988894 0.572465554113757 0.67430497376849 0.71178615460149 0.660079424939949 0.630385945595517 0.51988316034252 0.42026040965461 0.516518795245808 0.583540215573636 0.411581802914091 0.461982091168285 0.329299357238973 0.379612233588052 0.597095495722112 0.823654287197632 0.81938214554753 0.836311150574057 0.776041582251773 0.688069479438339 0.142151719783199 0.824676531159466 0.763637589803025 0.604555477111552 0.330575542125346 0.774723827545259 0.687763420610301
0.709710712734451 0.705351753145751 0.602267858084587 0.820929816912824 0.393920594528015 0.241902553054934 0.75011697296379 0.830239112483803 0.526599676457413 0.339040927578323 0.687988865063066 0.834606153090838 0.817333696855873 1 0.803451135010499 0.555609050997123 0.608189266658387 0.614342128340106 0.690248432069178 0.578316914638585 0.402422993091858 0.0128188949396433 0.690749116224288 0.646177964960654 0.24076329204644 0.206423606686805 0.11152805766298 0.0536211440129877 0.574308577289755 0.778057338798549 0.626074646937036 0.564137566343329 0.637727180655073 0.725772230666656 0.41509343237683 0.302819568593917 0.489436680681279 0.474462579425973 0.496361534931983 0.469032999132396 0.381703456141895 0.219788219924934 0.649054969088953 0.740635151742236 0.645901705068686 0.606185375395875 0.606412942192669 0.654483995248373 0.597914093027134 0.560315210503379 0.664108700266662 0.658014274364203 0.567310063742629 0.55874106777064 0.596037708996094 0.687371412808672 0.660063349210128 0.691830093794571 0.721214876836379 0.688371022560812 0.750815984495551 0.791095311624679 0.748817165210083 0.779686597663306 0.378730103910064 0.680556820582957 0.620104331861365 0.661264349132238 0.530218891636567 0.435932060677973 0.562827753008562 0.690217904035702 0.452156257615735 0.575879913966033 0.393754109424434 0.432000088575897 0.493041256685703 0.657226610029651 0.684608559664984 0.734179959845669 0.718813765071815 0.712325815962053 0.497354422857041 0.437201128071041 0.684440070053507 0.728754346932524 0.395984863559877 0.532063191279458 0.633361282914544 0.697055297658685
0.741868012765928 0.688226523108835 0.713576229816647 0.745686794254119 0.320565310009844 0.0763687997862609 0.769734699547856 0.689868687933987 0.624752916691939 0.191306727021643 0.696060664315203 0.738953542988476 0.874648332413947 0.803451135010499 1 0.43227694092536 0.641853387230748 0.617041668168427 0.73485710894523 0.558709505382783 0.35591387051013 -0.133003510931087 0.834250282679986 0.562330907582013 0.158382198670601 0.083148851356035 0.0106764234845673 -0.0780994625463298 0.593642937752223 0.627164455718257 0.605487287756718 0.431420636651689 0.739516783098768 0.727752509742167 0.56772420791409 0.334206068375826 0.542098377223912 0.482679076105673 0.473557947603304 0.41268658198359 0.402276763251856 0.0285952654395345 0.669098742236306 0.744989981180293 0.682772889890022 0.626501262774171 0.626936818366637 0.662160774885609 0.613633573041041 0.566876750416435 0.656250885611759 0.646880170453228 0.575275956403927 0.549174283320166 0.642108061599264 0.644978308116598 0.680866679027833 0.68397277922608 0.720304028100849 0.625993799581311 0.749493991147689 0.73178133624017 0.732461179979799 0.662296865228016 0.567776241099118 0.616520552728052 0.704021351079152 0.621143145641014 0.543078466190606 0.417760476444255 0.482780112925543 0.573256617621679 0.468996650673246 0.438162054962116 0.437840051980015 0.320646197005928 0.529150093153725 0.647028473391188 0.744944035521766 0.734427883143129 0.71138011146061 0.664310515699785 0.606004630100426 0.293663879665856 0.78417344105763 0.679204484923662 0.494725721823769 0.432414119904544 0.71004034802793 0.620698383080697
0.0638808945969481 0.13576709271029 0.163446163516719 0.621551966102354 0.832418590858532 0.861156084522608 0.267149731933412 0.530630685717217 0.519687854624675 0.927793661706081 0.0631962828358144 0.153873701178465 0.228738723107051 0.555609050997123 0.43227694092536 1 0.0739772443172301 0.024096046926088 0.0423824755593806 -0.154005354627306 0.757659553155846 0.591869935622116 0.435676980114446 0.872089971859014 0.886229355423839 0.873034533283379 0.709618742520901 0.767483453149638 -0.0851179247279911 0.671997001900721 0.741793182266928 0.846192452126427 0.165428778362573 0.161456303623483 0.311299228521101 0.372145373324448 0.104068736003351 0.497977489722847 0.259105745663296 0.743248667697031 0.415891935938642 0.651568100053991 0.434604427086541 0.351189504617809 0.194787742320261 0.118685405579894 0.132961784091129 0.161234220812575 0.0682018281592337 0.081441259265874 0.284525187735225 0.163788908079264 0.245622653922479 0.29401901188489 0.0392460744004166 0.259192060288662 0.0967790319602836 0.12056004686622 0.208171173578441 0.21789436936295 0.259195304649134 0.215658098190154 0.249791303196596 0.111327960555861 0.231445904081652 0.258674074586629 0.300320423553122 0.319345283592537 0.0396900112258371 0.0189809185968173 0.508262160452595 0.594566403098304 -0.0440161959745171 0.552311291167853 0.0483919900786385 0.450952936151762 0.457192484733863 0.369031731118371 0.149579921313784 0.217240122212555 0.119361185248223 0.105825430847082 -0.098563932888261 0.796056617137295 0.160285320763459 0.127469682860046 -0.17787116791079 0.706341309310543 0.139288160114258 0.20848409334432
0.878081288447177 0.844390288641861 0.594625948047828 0.474168162994793 -0.0644263764135214 -0.225637713499438 0.650250503967065 0.503554540765447 0.212967523263928 -0.126883131540551 0.84074347181817 0.800727902129004 0.764421548381685 0.608189266658387 0.641853387230748 0.0739772443172301 1 0.953996822901484 0.772381498633196 0.813883166584536 0.114488202516953 -0.323228484271982 0.58508565623968 0.198000335765348 -0.136135500114212 -0.188971476199045 -0.25311478078651 -0.3044057691088 0.846101305953245 0.623148773933361 0.389871734777754 0.218960783919172 0.655474229699188 0.694001873967228 0.297416152913642 0.0340831062895764 0.754451120793939 0.516714747321265 0.51296980135668 0.319857120664047 0.373002520865042 0.0219643852717301 0.476771742264743 0.666440003684131 0.779232738892968 0.756082782972258 0.812648432683148 0.801169426094767 0.789285627657497 0.725683628346532 0.596129952056201 0.723299234640081 0.496683436691339 0.303431467380366 0.866366100335073 0.74468494592436 0.902806209710044 0.897304849295611 0.748991835875817 0.661433742928955 0.692162634605451 0.590823769767151 0.7526896133421 0.738432085077378 0.406952147554909 0.487208882172096 0.571987373453649 0.561599786542336 0.727012133412827 0.750527636257514 0.297128104143935 0.426960580449948 0.58215483191866 0.390464728068413 0.435567626059186 0.330387870536748 0.0887292571241399 0.411669405989815 0.830051810063817 0.830236050091361 0.910617674313851 0.870692104216217 0.72066852318285 0.169273375480621 0.755775994392633 0.82430375352955 0.55861922316502 0.207431643482208 0.697202483152626 0.704084620349377
0.900404658617122 0.887176940730358 0.598444838299761 0.474704793308304 -0.0744490631097132 -0.253062375281298 0.669628364029011 0.50854276273156 0.206659447446792 -0.160686888110659 0.835018671848976 0.834228854403 0.751656574158663 0.614342128340106 0.617041668168427 0.024096046926088 0.953996822901484 1 0.806881521385574 0.864196148346552 0.0591522512807278 -0.370774938776712 0.534920565463898 0.163566088455687 -0.202703699279313 -0.242767106565834 -0.311707932820622 -0.369959042781421 0.830210534381597 0.603085792740416 0.328934529986628 0.166001074582819 0.672204898892777 0.711481498059038 0.275855460279155 0.0484587744260067 0.720719594826675 0.468520648097637 0.4935208366813 0.259110247372175 0.335258277491852 0.00198682672456033 0.467338688508652 0.662163357691307 0.781063128195997 0.78315199774454 0.811527289416875 0.811689951944811 0.804440795489867 0.772577178794109 0.605072939215285 0.759215315128257 0.513631506595802 0.372638973408297 0.847129467424859 0.750512466983043 0.923241037687758 0.919909183359552 0.751895872084586 0.688855242279534 0.680495668909815 0.592393377870401 0.740846018240108 0.758332297113932 0.343430776920184 0.496478094104629 0.54696532273106 0.549030410721257 0.753144489955157 0.759589898129066 0.319272562647452 0.447075007041969 0.583577743774529 0.376518148679911 0.41366302942642 0.333465019426728 0.114014874372876 0.447217297672635 0.817124301903773 0.848944185424019 0.912483953768591 0.896725858800863 0.723531958704599 0.131680850593057 0.737248885961002 0.832041439962764 0.583200334864593 0.185006278154338 0.678191141795126 0.725497530946728
0.882253845920114 0.860369678455342 0.747495771889467 0.592026117145384 -0.0167945599014657 -0.258705483796709 0.778332159140907 0.588558933075013 0.376013833067909 -0.197085417717888 0.832384408258856 0.856352967389923 0.823415858405085 0.690248432069178 0.73485710894523 0.0423824755593806 0.772381498633196 0.806881521385574 1 0.890302453909664 -0.041893349893377 -0.451461330749998 0.682647285483467 0.239736880918864 -0.247760445265765 -0.31253091255329 -0.327765330468187 -0.439830031090337 0.78098803372334 0.494420919432481 0.340665072556853 0.1507135035557 0.789823256432549 0.823619685671018 0.347274852207231 0.0842279596657552 0.596761623169953 0.36071603207324 0.436283120518061 0.121939885463662 0.145060351108264 -0.210129329669509 0.567110698494228 0.716506407803651 0.746688231628473 0.759678318338815 0.745081431018186 0.771542748473945 0.763408149286838 0.736809019406713 0.670781374470934 0.77562623197211 0.641490535307977 0.561099944474444 0.72914138941323 0.725388888612653 0.825317913689607 0.821433612745647 0.767482042515598 0.700374266993704 0.726338132404992 0.662208416069358 0.794390714143385 0.75310133483283 0.389650575118064 0.513567377914968 0.600446360507611 0.577692111750939 0.715667658038136 0.597925552428849 0.445330865630609 0.513298607777455 0.586692922796266 0.333220794446371 0.509664844885666 0.29210069087908 0.343844900234061 0.592888533787834 0.78390693717127 0.812097974855472 0.845880186104426 0.816853308048071 0.706212009201128 0.0181309807669396 0.783091323039006 0.764847920256246 0.627201864240804 0.190999676375084 0.739020466865193 0.73033493512642
0.888281937809521 0.871114505361925 0.601113765570978 0.426865050579903 -0.22427468038937 -0.433082302699695 0.643301079457948 0.442593752353689 0.175165580522697 -0.366883586631651 0.843443756998374 0.84113047352382 0.726736400950094 0.578316914638585 0.558709505382783 -0.154005354627306 0.813883166584536 0.864196148346552 0.890302453909664 1 -0.15672006784236 -0.542287352357886 0.516756516619082 0.0468412400450949 -0.415942579866757 -0.454487448135228 -0.445595584430964 -0.564311676923778 0.835782514259955 0.426800100391446 0.18382880402803 -0.00726464747136597 0.64622190026961 0.720147231884546 0.16099259997714 -0.0501230405536911 0.622297905560206 0.30250370668602 0.400283141971376 0.0114922474545348 0.121325970258864 -0.226887560963042 0.3609514167156 0.572347063137117 0.673543237075339 0.707710850049447 0.718013789642819 0.720650502834793 0.746743793743198 0.711604364906222 0.561225548998671 0.714210233177949 0.513942449723202 0.372248904304471 0.783064613116033 0.664529481686749 0.83821098556287 0.833635760129476 0.671702868360739 0.628880696980618 0.595096412506612 0.558061192048318 0.702696304136274 0.757296712644499 0.248867029048751 0.433054079118625 0.451655138254376 0.464043370284962 0.75939529218058 0.703912339626376 0.281679044631141 0.388571466877434 0.573524061375981 0.263103037256962 0.444937800040509 0.206172170421066 0.0904689607974111 0.397018678675398 0.739030443982558 0.741590528640149 0.838380324660033 0.848491919255372 0.728033579992236 -0.0798613212331731 0.698083664567977 0.782543132550076 0.659728140126503 0.0480661623680289 0.654946838214162 0.680794131961026
0.0406462099546097 0.0624988671849128 0.0961244887163496 0.432728467416139 0.683176617032888 0.668391029482851 0.211841360922527 0.372049360608282 0.376797271118214 0.720654627715764 0.0773185238343007 0.0833000739133167 0.178195237738287 0.402422993091858 0.35591387051013 0.757659553155846 0.114488202516953 0.0591522512807278 -0.041893349893377 -0.15672006784236 1 0.456878304998586 0.339563802346335 0.685817019034035 0.740834525288031 0.730024756417182 0.588262607839265 0.622000852740705 -0.0189578636006607 0.600673917939048 0.680953562940222 0.753259917132302 0.128228918009348 0.112245560947685 0.277632188957267 0.302541433397662 0.103894684518883 0.369568468189584 0.213643520975822 0.635653900233889 0.483180407950873 0.522128378586056 0.29475506541413 0.244857947905185 0.144285955733987 0.0451026564357245 0.0668982107171241 0.0699433744282393 0.00569732146773834 -0.00989871962953062 0.142570225831639 0.0494150488385177 0.0547854703935304 0.124181600996721 0.0587968328954187 0.114741574105783 0.0657576900762323 0.0725833362646699 0.133542106600358 0.095386153455119 0.206411066931698 0.170097077076171 0.158646951955333 0.0749558880474722 0.217994969726926 0.230459740545503 0.265122301799224 0.264387069197899 -0.0103943564705482 0.0128759477518757 0.330251489031157 0.478614451471338 -0.0108245870644607 0.482260949935959 0.103030703584913 0.324629256195414 0.329840860880029 0.233499601840561 0.16771268351087 0.202269710706894 0.117190177194445 0.0798621237008767 -0.0445811195125399 0.641929385429889 0.130477728633488 0.0473526589145167 -0.120099018976989 0.468806249760541 0.0757566985602096 0.0725734683893198
-0.464690507702469 -0.327034342655006 -0.21285972173381 0.0829071970734267 0.585292642722581 0.745016572570099 -0.202523500557008 0.141437570784479 0.198930229478944 0.715084174785703 -0.396886462459804 -0.300039073420566 -0.293048557893302 0.0128188949396433 -0.133003510931087 0.591869935622116 -0.323228484271982 -0.370774938776712 -0.451461330749998 -0.542287352357886 0.456878304998586 1 -0.137385930023129 0.415857257607349 0.685862377885501 0.716249310672452 0.624476331783663 0.802001605303744 -0.51957741799203 0.166895931952044 0.297395086452013 0.467764058492938 -0.233555334403011 -0.260290472991671 0.065160506783385 0.217988772047969 -0.324499083195857 0.104194141183184 -0.224698728048713 0.417950503925157 0.167565574593748 0.500728925264586 0.10634486950626 -0.084027108172295 -0.189833470052251 -0.270260929689584 -0.166675844747967 -0.192640861904281 -0.299632701811453 -0.297026976571312 -0.111939963366226 -0.273475947313442 -0.082137400146505 -0.0713985851313182 -0.402753265599484 -0.1939038053633 -0.383235312519483 -0.324821950918806 -0.208724817610737 -0.124442809149943 -0.118930681299765 -0.185964677353299 -0.165244062400092 -0.250600930601551 -0.0457923477644683 -0.0940989741311946 -0.0754983187192964 0.0473095989748686 -0.324787091210981 -0.211238718635677 0.227228878887165 0.119530401430843 -0.402723677703058 0.100366038966213 -0.176886127086115 0.196935623464279 0.180696240852854 0.00809655191442096 -0.340535991116707 -0.224743266864375 -0.389297679902296 -0.35477516459542 -0.547019038557417 0.563347772411374 -0.298153142312051 -0.278942659456081 -0.660598368647095 0.308329617402587 -0.344259568587325 -0.265175520305256
0.658680852696882 0.59770967721277 0.768716735338406 0.776424603283408 0.314947724369135 0.0885729877572538 0.716561715679039 0.666511020541295 0.516183309100604 0.194370136379049 0.602921387450836 0.658892171497812 0.752714045613953 0.690749116224288 0.834250282679986 0.435676980114446 0.58508565623968 0.534920565463898 0.682647285483467 0.516756516619082 0.339563802346335 -0.137385930023129 1 0.654756245751866 0.238049374501774 0.143784130711811 0.0875741870784864 -0.0407575651193454 0.574500292653521 0.603761741897353 0.732216910077988 0.526475199319448 0.727545776952683 0.720436573943366 0.608159511946282 0.32831036796003 0.60917971737801 0.589695161416903 0.549135457205981 0.446169482473719 0.359435769925856 0.10187419583028 0.651164936716969 0.730299345845467 0.686315878339342 0.606628266078479 0.582967822816277 0.632383330599221 0.602761867182166 0.536440321411194 0.634495002733876 0.622236981980956 0.553317149969504 0.516701939903105 0.624197809521532 0.66138857115108 0.61393562652777 0.600681023480669 0.637909960144177 0.544741008594098 0.654244902727233 0.660564246158853 0.678814985047118 0.570741003993171 0.708958392064775 0.613322705426076 0.743714790535168 0.599697631974088 0.512864685839392 0.345049706961561 0.456704487151452 0.564907929958104 0.461366717931177 0.459615613002395 0.464587119092714 0.390239441653786 0.444619068084557 0.555761686443635 0.701520137496564 0.641415876817055 0.6594312817392 0.644560416039885 0.590830184572278 0.356832383152966 0.799174813074988 0.687754522474214 0.528703834425518 0.524588683564629 0.746043436755167 0.657980023080529
0.246251632365426 0.262328878878388 0.407656998486508 0.776055182852586 0.759538821845231 0.704981668039505 0.459712588102118 0.652094832433529 0.61992556001083 0.765977209002206 0.212638810592054 0.337947148436372 0.367180673184833 0.646177964960654 0.562330907582013 0.872089971859014 0.198000335765348 0.163566088455687 0.239736880918864 0.0468412400450949 0.685817019034035 0.415857257607349 0.654756245751866 1 0.740693571464813 0.71789906894657 0.642811810096619 0.571059771986907 0.109899063760382 0.710455253444976 0.824851835794214 0.857427711846921 0.409409780493273 0.423119600484444 0.480646275632475 0.481526323940571 0.276478410829902 0.577784506944845 0.334417128300764 0.701241653003678 0.389329157664719 0.52078415286602 0.551102024762773 0.500611232040512 0.386476069385141 0.298588010984799 0.27924994513199 0.321564946883981 0.286095770612694 0.249973217056414 0.487866279374293 0.360974964198349 0.412068484378801 0.441970898501539 0.194819185657889 0.395699133454826 0.249794815868421 0.253308744874604 0.344190863453486 0.349429012751519 0.412045720750997 0.405143056465457 0.445587810355592 0.313666344584281 0.424976169943695 0.43400544125402 0.504411241299264 0.495560849110028 0.170179936069044 0.0839960150949654 0.606091926699458 0.702914918565886 0.149364776710585 0.569300842239349 0.226298102633421 0.442476877025992 0.57584433997394 0.505126281799552 0.335438666536056 0.358533654876174 0.287682656701823 0.275722127486439 0.106489534401161 0.688986470636373 0.393403865892234 0.339313226389593 0.0496165095400357 0.717132055047518 0.335492574879262 0.380914101918019
