1 0.862312225355524 0.565030843784121 0.539448626201983 0.436666286797532 0.62494727051881 0.70320957361895 0.639717797431144 0.510024861674778 0.304162895533634 0.773160520996761 0.728213779926759 0.740028434896959 0.700094679535409 0.574695405895063 0.500635331401076 0.740591875557839 0.797424766253978 0.8796120243038 0.789883371831272 0.132622772125293 0.239458608493605 0.538124654502546 0.389312014547334 0.276080553170519 0.276780106206147 0.120621753147822 0.418124930633493 0.640649341486242 0.657267113942658 0.265096921953887 -0.0446264807119066 0.741774443698906 0.714388432749362 0.134663694875518 0.287274379411238 0.536932677050549 0.249177445731386 0.447973690851852 0.257152533462555 0.531255452039814 0.364721967069922 0.626705687140257 0.614523448827426 0.500674743668859 0.543957528323178 0.584329137943704 0.572070679123056 0.465431071582979 0.506718228724003 0.634138264389454 0.551931214185734 0.602242185560596 0.584652100034101 0.653807362313385 0.629063922619652 0.867624628409473 0.869836925929295 0.60268469763753 0.594320917875883 0.739174288951742 0.599373360974726 0.760527759453476 0.70429355967434 0.257633182707781 0.461410521830107 0.433285780955066 0.463007697514909 0.525176514070274 0.438100578247253 0.629933844174953 0.451799969845204 0.68331368756747 0.733003952181787 0.196734851605732 0.561757330661673 0.711737207861449 0.608747895843359 0.519520589721156 0.533361012821048 0.725967853409324 0.653677615931935 0.451682420156341 0.295522020155456 0.74334017862649 0.671597482820117 0.371416366676171 0.209831219292088 0.738012517026624 0.658648114160963
0.862312225355524 1 0.430050926592801 0.503163017282472 0.293208975987 0.587734081493446 0.513040435026062 0.597349451103064 0.466218675690171 0.290613374080367 0.663574933051066 0.751558604164024 0.610958352870742 0.681643803853019 0.394408338930199 0.359105993411125 0.691344561426609 0.741246925646007 0.773418324074739 0.802798243058451 0.090840470801547 0.251459250553785 0.367688688018468 0.279970699805368 0.109208367905933 0.193413679365237 0.0415994129707355 0.340066694683708 0.606202242260027 0.707719947975773 0.267403767430811 -0.104002597985036 0.64894188294522 0.654607405717843 -0.0319369697846186 0.133763099535657 0.497596259370594 0.304060402336384 0.377306385790169 0.321668384761124 0.496107256981153 0.359949241603785 0.545695019997673 0.572261451533579 0.436871790353358 0.533887936916469 0.501050641333284 0.530245098802541 0.439174690267797 0.517296734744263 0.661703085276721 0.599586194644591 0.648970289523828 0.515984364261627 0.644134950200375 0.597684760564349 0.832466683411183 0.890306106871465 0.668632408698434 0.634908147138845 0.656453667565007 0.635057166028765 0.672892807649432 0.683306115026508 0.0646585933570099 0.361547917300275 0.342262116386503 0.437464075075515 0.547744188393274 0.480401625819095 0.546060786458942 0.402335769968885 0.630513439219739 0.783218885668345 0.208755884169595 0.628867296039719 0.657261837639084 0.52258604983891 0.518406878087184 0.465128813239207 0.658549739409625 0.685033926758508 0.323878402612378 0.227958695172438 0.569742870974398 0.605360661021096 0.293740737084096 0.157926384279777 0.683756564323756 0.674814171645394
0.565030843784121 0.430050926592801 1 0.797177101226046 0.525473241966554 0.516153472306436 0.897852675287364 0.7037496020382 0.625888970679788 0.406094853868862 0.556036884914664 0.328373309553258 0.691200999585925 0.406597652779153 0.597868156696234 0.329487312537341 0.370476227088715 0.371243839748644 0.59330863471207 0.537807051939328 0.19821830305667 0.180299451555742 0.747812535407909 0.725778258162854 0.573104439638954 0.580100575180247 0.335626662929546 0.311180286430288 0.351694426267304 0.345332830842818 0.43454132928148 0.265614718750051 0.607615341633434 0.560294616562373 0.434336512598742 0.37391705660846 0.591445485418061 0.352017580416855 0.476031016155925 0.331619263394711 0.398812636204523 0.183226839211171 0.531644632198001 0.482669290080973 0.399033232172938 0.391327315530166 0.483883199228561 0.501029540623372 0.37158186266188 0.363197377220806 0.491997036217584 0.338456603483952 0.361353097317124 0.363290232055226 0.569308907104885 0.425245148795062 0.446371397930204 0.43942287414076 0.492531434483768 0.458295568538536 0.76143655001045 0.502119679361397 0.473075887654973 0.375102509211555 0.593433427778428 0.693321861414684 0.634816196025478 0.557413520596943 0.558384869008065 0.504454864077582 0.392043464220172 0.267537107520953 0.534613895369384 0.394556688132681 0.0484559323777067 0.444448847945326 0.504470938614572 0.293080335438246 0.414874556388573 0.396818680411775 0.495154905466102 0.455210922760105 0.190406424096035 0.438533648312342 0.629863938436168 0.402065649161128 0.48401854265181 0.260037494095869 0.616730501226236 0.496115864355047
0.539448626201983 0.503163017282472 0.797177101226046 1 0.366180034768193 0.506923689347965 0.738329545699011 0.876495631821247 0.531745694785831 0.502391106899857 0.403608696404093 0.414638655444063 0.549604936892289 0.502613957883523 0.380107496214264 0.257081488950442 0.345646736268829 0.359251839899715 0.52863774054523 0.669504504239103 0.173211311980531 0.259992156905074 0.52354565019504 0.785793199713893 0.39529009989771 0.46523832935534 0.180621891621084 0.176289053992825 0.30320679958509 0.419967133698889 0.372293038052483 0.25802436912106 0.572048801685069 0.629975896108025 0.29170994325078 0.382135314593587 0.557559261136212 0.369320453855173 0.352568672167586 0.382732603096482 0.412443446489395 0.0993379886396198 0.553529585835417 0.480181702369456 0.465883369426704 0.490606413574206 0.506983963695761 0.530324846015906 0.420025798239201 0.405126682928732 0.564238465055675 0.401480215479696 0.467998463700062 0.376977953256655 0.589553621893279 0.515628641343453 0.477667906706334 0.467781417413971 0.543899582986895 0.570091327938063 0.752323651969647 0.752625612868301 0.449352805832826 0.459854381865696 0.410780985034216 0.844747286564429 0.593739829898953 0.692483096306306 0.532922362312363 0.608574729420091 0.365089062480265 0.28687069860677 0.497837272115714 0.450341615871804 0.116331594501937 0.45810494379877 0.480723597420934 0.264931376136593 0.492852153888696 0.437400490681559 0.526609610332408 0.534176826697161 0.0635664520838676 0.409301732278625 0.524009841305474 0.482951771196231 0.338850300416046 0.394915753388639 0.639863797426742 0.606177205062506
0.436666286797532 0.293208975987 0.525473241966554 0.366180034768193 1 0.52443789409159 0.53456705300427 0.393458113635037 0.411295342430837 0.513952888039879 0.396700295829283 0.289878174182738 0.452954716786456 0.342943433943375 0.721885727270163 0.501381699069881 0.254581736743481 0.304151796989526 0.417192970836656 0.385141457896282 0.124116056777486 0.158840275759879 0.649110234503829 0.51837750901288 0.375902265796762 0.322552656857078 0.371415040564319 0.207623346465884 0.242744853409496 0.272196990581964 0.347761566212912 0.126425576478203 0.462682609294656 0.375326395944776 0.256430736254117 0.166727453954697 0.249435775677518 -0.0329666668676648 0.304687405322933 0.254983988372429 0.280872669515945 0.156262765902629 0.30934929880951 0.308118166276035 0.227011559900618 0.230770081908813 0.308532691260876 0.356351142090983 0.272586312009985 0.299047854331076 0.270422895782909 0.245964646021547 0.234377012669963 0.187448263147425 0.359636027935922 0.333994788846781 0.33000257903755 0.303360762037971 0.306264695359187 0.275986005176154 0.398420637319762 0.256880017954819 0.377737284084032 0.29534740402522 0.261040442773014 0.264388210368104 0.313171958926084 0.272900555936868 0.212590174660916 0.261610272347818 0.343500076994633 0.177770142413144 0.463907654539861 0.291548909460812 0.211699596824964 0.243855812876553 0.409149179918735 0.238890083407739 0.246592283021019 0.362452155133862 0.311191824801064 0.30123280931091 0.159664311771315 0.225920987767285 0.42511406978518 0.307773225201601 0.37702833340156 0.310357696764477 0.44727476070796 0.403241123683831
0.62494727051881 0.587734081493446 0.516153472306436 0.506923689347965 0.52443789409159 1 0.602858632179982 0.559822564494434 0.374672262053112 0.512059312936694 0.474730467280845 0.454580056634804 0.573334667714003 0.471626944100458 0.591783026577231 0.53240967028431 0.447253557205099 0.422173738102181 0.63942506819725 0.631915314601439 0.126512107729191 0.10035390472541 0.623001822969914 0.569697549035922 0.314664155191513 0.396979077825174 0.284389862377275 0.540367304121492 0.403454928912712 0.50845473216535 0.246467958741216 0.110025299700395 0.496056839370798 0.441176544726768 0.0958251485402904 0.173227529392837 0.442502284581759 0.0866822077181811 0.201199736743953 0.201513199655149 0.455727712179755 0.256928106940538 0.418042227153629 0.39519675842053 0.30847604556158 0.366617438049079 0.36534700408223 0.409848789072156 0.340948277472488 0.441737320877059 0.419487281390874 0.418748571137964 0.38633571201921 0.346635941828674 0.438415748995856 0.416652016587651 0.511637693181216 0.496995651061656 0.479688135841441 0.450342151441215 0.502966443048083 0.35731056214419 0.41710529214032 0.373121614233164 0.2656250032489 0.312146127121337 0.379365526049064 0.310464161203035 0.511807953968116 0.433715257299089 0.344563627845087 0.21949926727018 0.584502744655364 0.565918035979906 0.271601955671576 0.543233674780969 0.51262562854133 0.234914706457138 0.393151125158416 0.43116351673087 0.434798872456336 0.494347443847423 0.191575973112956 0.212963139584541 0.534722889629042 0.406459445529619 0.294282975510649 0.298485777637969 0.520226053415428 0.517461985914631
0.70320957361895 0.513040435026062 0.897852675287364 0.738329545699011 0.53456705300427 0.602858632179982 1 0.769779107616086 0.68108765297727 0.386016256844227 0.647296308719362 0.476985107773182 0.809533415857617 0.579745426241217 0.678932045561506 0.483423218201569 0.487622840975915 0.524212893131831 0.721333782895934 0.605404913345102 0.182886165145201 0.14861234964421 0.774902693701044 0.700391326720581 0.509821785907541 0.469942861913849 0.249934230937217 0.353024472035023 0.456443290956089 0.451627828301433 0.335478031652064 0.149304595606775 0.726560102618307 0.666524041464812 0.346430552664351 0.390417522162036 0.624362695520808 0.302555780857421 0.519605637544833 0.290575680148424 0.527550726498632 0.199301808982914 0.608906526201638 0.547939267626597 0.46984557991651 0.453551299137895 0.563043542156243 0.555336439789906 0.435246727918852 0.428196148010693 0.542126984127978 0.395327898238072 0.403391882300274 0.454370236263834 0.598042410700705 0.526004110085048 0.549690674811123 0.563946154821034 0.465862777950629 0.443418448157055 0.739099968880136 0.53087002817647 0.600977953150957 0.526594014584372 0.564404194107153 0.686096780371957 0.604232247062945 0.532395116886181 0.546935642446937 0.469644015794198 0.480421965070461 0.362980178884093 0.617484030226911 0.477042464312706 0.137804395513728 0.489972597539333 0.613622245119234 0.434283582538193 0.470656915105585 0.47883953511056 0.620970005051637 0.556330265160788 0.309686118284217 0.437592051847047 0.771807375730335 0.560382020575186 0.512077096042044 0.274869253649921 0.667033829599988 0.56150181259792
0.639717797431144 0.597349451103064 0.7037496020382 0.876495631821247 0.393458113635037 0.559822564494434 0.769779107616086 1 0.633995639884935 0.542373539835085 0.53003412742995 0.632483960542255 0.682246147656317 0.736570134475236 0.417358262971727 0.306327047887843 0.460735708308037 0.496602752656207 0.672462557134947 0.748863372190135 0.0634497661573977 0.256362340770946 0.431655110684618 0.632093933821779 0.239814178165957 0.280985977398431 0.034627656038543 0.171015130895138 0.443087977890224 0.554398693154913 0.313106872030249 0.0318447062661739 0.686102272211694 0.711809871785248 0.127424367455231 0.281734128404282 0.569811499658227 0.329521829872888 0.344099478948132 0.30428924234041 0.462840866476724 0.159086522278624 0.624291801637772 0.552290227456587 0.521888333291836 0.540475265026997 0.583785944798613 0.570569589133004 0.463653571739223 0.468597018896724 0.616098538063648 0.440498489890666 0.477773983942859 0.532733306991269 0.573139602665622 0.570158900458212 0.584630223434483 0.552078835811089 0.538569455574787 0.56797526256273 0.725605976785293 0.822047753382519 0.533657388727379 0.613912596953226 0.193548562137601 0.75524952986325 0.535760127672048 0.625041197575478 0.543297323725662 0.606655978651913 0.458091628096743 0.38628968871747 0.54693313789516 0.517741740887501 0.170143294670822 0.477931687274056 0.559945248883521 0.392556720585723 0.52036403097813 0.494876313414099 0.611551691922643 0.595250196861222 0.158005873144628 0.308803071528577 0.514947210646593 0.564660485622202 0.222991156400999 0.217115646546709 0.633132055371109 0.600463147018618
0.510024861674778 0.466218675690171 0.625888970679788 0.531745694785831 0.411295342430837 0.374672262053112 0.68108765297727 0.633995639884935 1 0.505351157235229 0.619047007105678 0.531507110736547 0.645558499590206 0.573467907715965 0.451570237062681 0.173644906318778 0.449954680412551 0.457715183267639 0.545089307186876 0.554982090273631 -0.0259371747575865 0.236898117642935 0.373169324394529 0.354330823871755 0.104771198082573 0.101105324351515 -0.0209531405129878 0.125996246360664 0.563706028358937 0.542226124857027 0.303592814511573 -0.074744932313702 0.57238274199064 0.555716715881617 -0.00979727718777926 -0.0164241477395241 0.414517998743563 0.270558999099669 0.300201752644658 0.125088854253008 0.413460046618847 0.0874276401668799 0.426110862846463 0.381581245577762 0.347463576119127 0.321353341227279 0.387041261655803 0.321646489233334 0.271020346473277 0.27116919660018 0.458829232809704 0.276074513176116 0.291574307120167 0.360261945228204 0.392275371190551 0.291097921763329 0.477465326748826 0.462045913936963 0.377048468198256 0.312832144609307 0.614898579029717 0.58371290421441 0.53275279123175 0.551851746630228 0.120611842450684 0.449599282749754 0.336081465226978 0.292864161223782 0.485929214255161 0.425570505689401 0.34396104054671 0.185995032886006 0.500472823926626 0.459167617474084 0.222626159239275 0.53907829180791 0.462790200928118 0.290214589848053 0.395001594264632 0.352492438971461 0.470879492013484 0.364313533047531 0.00678622832365493 0.103717469565938 0.362206981430954 0.303282712630445 0.131937340486817 -0.133494015398533 0.515126935047849 0.382054395288253
0.304162895533634 0.290613374080367 0.406094853868862 0.502391106899857 0.513952888039879 0.512059312936694 0.386016256844227 0.542373539835085 0.505351157235229 1 0.34969150001396 0.394115327145897 0.401636877956449 0.418800849118584 0.366808098353215 0.250888861004792 0.272655122997561 0.25047451112773 0.305724421794945 0.410650992531463 0.0494339912762244 0.175746202843632 0.247698587743855 0.413828106041212 0.169883188211348 0.305138482510388 0.0982544816672645 0.086547406585632 0.383795512997505 0.435017013463685 0.430192303959013 0.171423587368536 0.390269228034386 0.393305467057584 0.0470715410350041 0.0123402450009014 0.31414688362954 0.0570642259959867 0.10707859438179 0.237595959118289 0.261416196272982 0.088679124033482 0.27934331768319 0.2330918039895 0.271028077656964 0.3182218531698 0.262157479291496 0.278622353250925 0.209881591727833 0.240635014489928 0.275535309535818 0.153382006137831 0.165950499284456 0.126361694325163 0.293485868344574 0.243829118455914 0.306860240992397 0.226039382717138 0.291325781013484 0.245710805535866 0.428663726878057 0.501616621755687 0.357071150794337 0.418370375069505 -0.00527563986174874 0.36443632816841 0.253103725841128 0.301444045794081 0.231742156065075 0.265511473551639 0.211530361564548 0.108579201123107 0.346547420204844 0.286379548354635 0.200821823668049 0.302381903874053 0.316971784755221 0.0986459876043332 0.336916938396607 0.358428846603136 0.302305580095528 0.257542208537573 -0.0657514662769816 0.0769922074006053 0.17523004972544 0.225073201509061 -0.00778662005599318 -0.0216756961627053 0.340798150389024 0.298340897077048
0.773160520996761 0.663574933051066 0.556036884914664 0.403608696404093 0.396700295829283 0.474730467280845 0.647296308719362 0.53003412742995 0.619047007105678 0.34969150001396 1 0.768195309344456 0.846224729768966 0.744461998767315 0.57454762742247 0.453259102996386 0.561141392636565 0.674036624489078 0.626301164892075 0.527507612326272 0.0403436494905335 0.128376596438343 0.426945505472077 0.222548163835533 0.209231317223937 0.150097423774383 0.0804272685544492 0.342581940118915 0.701111961560795 0.625930744692947 0.20733091298721 -0.0639486462068623 0.541276323390294 0.543330264480926 0.0722569116209746 0.0514988375489555 0.436497080773379 0.0997655722402065 0.413670152305786 0.190111631981961 0.33257532004116 0.29458073126433 0.320370154107439 0.324866289567961 0.209112597932512 0.254941823739225 0.267595684784251 0.258641493547592 0.143395276697031 0.163660958579222 0.356342263447972 0.201053584385079 0.23669829081944 0.322143866309448 0.339544486352637 0.287391810582565 0.60981148618483 0.664587166248371 0.397118931380653 0.322051728625447 0.762078524611668 0.539948142737289 0.767465900255818 0.665965986869671 0.199316725895485 0.393622398127987 0.223097396201202 0.203495076202468 0.311090608720855 0.178760705440344 0.456155217597481 0.295954418260595 0.56483587953731 0.598250959116291 0.183132042407266 0.519843557236158 0.536709442773927 0.479787662534035 0.363678923467305 0.377438413969332 0.541112981113409 0.48637824990583 0.333013418959998 0.18739070891026 0.550671686841325 0.504094446387358 0.274206144201881 -0.0518096104024541 0.565561974857967 0.39519868098543
0.728213779926759 0.751558604164024 0.328373309553258 0.414638655444063 0.289878174182738 0.454580056634804 0.476985107773182 0.632483960542255 0.531507110736547 0.394115327145897 0.768195309344456 1 0.674658061310901 0.885771987971139 0.364531967475203 0.365113983983921 0.562858350627055 0.68813384628269 0.642164509089324 0.66909383177581 -0.0526891254427328 0.193747589622758 0.21607443559748 0.162661212916822 0.00942892519852116 -0.00925973846236613 -0.112594385294868 0.202898317997909 0.694063620670541 0.723277088427853 0.219479381080276 -0.0866505367814321 0.601828527395382 0.659031133589117 -0.0897549174806111 0.000106466698481297 0.425211019006338 0.167886549938369 0.352797833776391 0.200861664177198 0.433466808365704 0.290593692794799 0.367777754338759 0.365997451748518 0.312739587231174 0.387977702924246 0.327802132534047 0.335038306673906 0.245629800155772 0.291952042343892 0.464605989534454 0.318082245263657 0.380469277234364 0.400727592404369 0.411835034242269 0.417663853414418 0.632005145108591 0.699545300128179 0.426436672513003 0.374547209739921 0.596394841673154 0.663091400489149 0.741017595837936 0.779836893683165 -0.100434426878087 0.33242574334827 0.170504266149749 0.279394549605417 0.308519165075041 0.234375626869847 0.470439531519164 0.399885544099407 0.53019920580456 0.629986089175884 0.125102012216399 0.502182192846198 0.530331547081337 0.506849635504185 0.396256594205737 0.460780153241202 0.629301645553921 0.602402338291011 0.332580883954885 0.201654285204526 0.448144946104618 0.662522911766668 0.103548561568151 -0.0415420804805512 0.580869669199631 0.493522880741816
0.740028434896959 0.610958352870742 0.691200999585925 0.549604936892289 0.452954716786456 0.573334667714003 0.809533415857617 0.682246147656317 0.645558499590206 0.401636877956449 0.846224729768966 0.674658061310901 1 0.739324465133117 0.693604184062633 0.48144802557219 0.511841613018072 0.601424442785297 0.643518667132872 0.563503838454606 0.132426431946629 0.0954586363655617 0.572595732624215 0.443817158000864 0.42679586494708 0.37619704239091 0.191845098296713 0.375444369976601 0.589739289335585 0.617093457272566 0.264166549294499 0.0170027101312451 0.584167334391938 0.536907645522023 0.111627025528662 0.128232993106572 0.526048250500675 0.169281697731981 0.457595171737361 0.299994943221025 0.386753481832651 0.238652857176609 0.459791102936897 0.445008462855065 0.322536535552718 0.368975618489968 0.425133450244797 0.440864166740132 0.267392218934485 0.302336684821907 0.435645707562804 0.259832252447221 0.282902837845045 0.347815593908645 0.462814189519558 0.397946858449615 0.555618703832261 0.586402541768637 0.389246343492836 0.310620458455547 0.76405751393736 0.51774156279107 0.627294168751342 0.559315369678178 0.389819341813859 0.532941061283788 0.353478043471516 0.330369513493706 0.425603992038754 0.36242902237192 0.377631635777525 0.224767954462962 0.592528999253963 0.518775569900216 0.17866529044591 0.513198454045292 0.593474495933476 0.390115233020278 0.506833870366879 0.493590550915602 0.598944092204715 0.594632571955383 0.224436800181871 0.314142809826279 0.651704584778808 0.49164544553475 0.423707056690364 0.0688216806742857 0.556524783531011 0.42644791665625
0.700094679535409 0.681643803853019 0.406597652779153 0.502613957883523 0.342943433943375 0.471626944100458 0.579745426241217 0.736570134475236 0.573467907715965 0.418800849118584 0.744461998767315 0.885771987971139 0.739324465133117 1 0.480431618759619 0.530003142030002 0.484546285956522 0.635159912186323 0.618925141276808 0.626438965140345 0.0353565117276499 0.221143917726294 0.309444100754109 0.314322099325092 0.0504992478009058 0.00954738350572117 -0.087680602678579 0.187563369950975 0.630502793354617 0.685848281432656 0.232918056650284 -0.0198838781612619 0.605569519413468 0.68439359759644 -0.0674990422012108 0.0787391791023574 0.448324551177008 0.1672084007894 0.361612881334143 0.271855749754136 0.446813190501497 0.25563602593223 0.433046375249175 0.39080133028451 0.343200827779477 0.387904200149472 0.373276556630531 0.372829222589455 0.278308175322961 0.285489220549063 0.457494030062691 0.297109844884649 0.327983892710398 0.397094620863317 0.434840996893478 0.519973781178776 0.588846052133078 0.64721024389788 0.427224652449436 0.367699841471034 0.610560062291651 0.689830827876685 0.701913118206062 0.750112039275099 -0.0221703462332266 0.459971257034813 0.213146510926705 0.324355006749459 0.336599808875352 0.256201948062143 0.495849799125959 0.442457367724181 0.505362031906409 0.611746047996403 0.158040925408642 0.431683751570714 0.558972681018959 0.541846285917728 0.385135772020415 0.482051431079469 0.629968785588572 0.641850225271012 0.36049282886421 0.243620222640677 0.518505253914531 0.708291495425079 0.130808848104014 0.0578407230241742 0.578201971861668 0.49710339179871
0.574695405895063 0.394408338930199 0.597868156696234 0.380107496214264 0.721885727270163 0.591783026577231 0.678932045561506 0.417358262971727 0.451570237062681 0.366808098353215 0.57454762742247 0.364531967475203 0.693604184062633 0.480431618759619 1 0.720755877373674 0.285974298389196 0.393133102099096 0.504562877741757 0.410754236017748 0.267879980111552 0.0794778034381976 0.778501724207382 0.578421409669233 0.491543353809024 0.41373190437433 0.385425483178037 0.421504680660106 0.302729328970814 0.319701047119465 0.313754351429986 0.201790102063851 0.471608703507618 0.408479621468205 0.25660730962019 0.17902165723697 0.347000049965416 -0.0365347804171018 0.384301523885145 0.259147166741124 0.384944303433621 0.252303629189249 0.34212674450218 0.352067324915728 0.230189162128777 0.238468149190187 0.344558289432982 0.36133932688502 0.257299648128291 0.296604397487748 0.297880659326342 0.257142870305827 0.223185987368044 0.225620008878782 0.397387203143368 0.396281785204811 0.365480405634402 0.370862201048005 0.318678204894534 0.254812594668947 0.474707075185632 0.188741288736999 0.444560025638783 0.31832385284519 0.442976904263637 0.313236922842093 0.277652894608806 0.224789614753176 0.312384348486665 0.239846850807082 0.363179922330496 0.214950136023995 0.530143271878066 0.397287671125034 0.206596664206679 0.299459417836467 0.528453902297359 0.285642671053446 0.323445540712886 0.386752176168476 0.386816706179198 0.449068061182328 0.362463697889181 0.374485723316832 0.638313818695615 0.439019177670593 0.535362238105235 0.397236809204624 0.516180705132216 0.408805275163962
0.500635331401076 0.359105993411125 0.329487312537341 0.257081488950442 0.501381699069881 0.53240967028431 0.483423218201569 0.306327047887843 0.173644906318778 0.250888861004792 0.453259102996386 0.365113983983921 0.48144802557219 0.530003142030002 0.720755877373674 1 0.152644199302829 0.324978200469397 0.375843180257791 0.248492728940726 0.308354407486285 0.0512011874293674 0.604566498379651 0.498553444537105 0.402574196106981 0.286848964474659 0.322021305463234 0.396898916213241 0.225416261664715 0.185611337858177 0.100912013654811 0.297080833302193 0.26632431301708 0.318731200686979 0.217030487064858 0.205559735774677 0.244111154274145 -0.0590332819632356 0.299975911476597 0.298616093645652 0.282753123703769 0.263009534002674 0.161169926420942 0.144008554053066 0.0588992352209744 0.0731987410130716 0.146557578152666 0.196412115028425 0.124416770901056 0.139645745137118 0.123009267649781 0.156555252241442 0.10995647903285 0.0955196497968058 0.265178011819152 0.406675630269009 0.25844633674241 0.353835533669706 0.170269841716335 0.119220408951217 0.287294293722558 0.128169444882747 0.344058415148251 0.243371191470826 0.38266551444228 0.27408332296665 0.0818635806569255 0.0744057432547733 0.150664544221201 -0.048296353543938 0.382653590156765 0.374369053841915 0.32894971266991 0.382043848494496 0.115467863899691 0.12563480229816 0.397192275379866 0.361498656828835 0.138496950369223 0.357757819567038 0.310306411215179 0.476342755100336 0.537080993750925 0.383402935675522 0.611439906316862 0.654758280741699 0.367756827795261 0.484347691214683 0.37820804391944 0.353156278232111
0.740591875557839 0.691344561426609 0.370476227088715 0.345646736268829 0.254581736743481 0.447253557205099 0.487622840975915 0.460735708308037 0.449954680412551 0.272655122997561 0.561141392636565 0.562858350627055 0.511841613018072 0.484546285956522 0.285974298389196 0.152644199302829 1 0.867540885905023 0.758910845566276 0.680018395385055 -0.0199347128277782 0.211170847207796 0.331190722755701 0.210948639437469 0.106218512131982 0.190327736656159 0.0420044743801427 0.322685642021354 0.767721320623621 0.779636572947421 0.251242647965309 -0.0684148577400002 0.707324689075345 0.648763610293204 -0.00612824311576526 0.161299555805578 0.493808437783143 0.257217008238831 0.392606837298584 0.217210455891608 0.503565355268211 0.247349286192628 0.5418707414272 0.53579422727183 0.443959295242346 0.465714679766334 0.468110253426452 0.44725666712157 0.330610397945033 0.359818436711116 0.458194238370816 0.367603235445349 0.43193417099788 0.489905517883011 0.486835323048587 0.379737760933097 0.892313905296609 0.790937295000596 0.403876990388983 0.403218178633915 0.557653960937264 0.506753143852651 0.722461114420047 0.710053096203057 0.138456191318082 0.333752675180267 0.406840303298552 0.386411904097917 0.400635148714062 0.312996706333337 0.446969178145383 0.337616104576498 0.629209311370438 0.65939014529339 0.20591942255511 0.565270330959404 0.677836696807203 0.538413624266562 0.642682657952499 0.573355906299346 0.810861583495529 0.594851130672224 0.237237906038641 0.201026572028898 0.547055320087649 0.420131350155269 0.284174261859782 -0.0107215180708654 0.56128606408141 0.456387677592615
0.797424766253978 0.741246925646007 0.371243839748644 0.359251839899715 0.304151796989526 0.422173738102181 0.524212893131831 0.496602752656207 0.457715183267639 0.25047451112773 0.674036624489078 0.68813384628269 0.601424442785297 0.635159912186323 0.393133102099096 0.324978200469397 0.867540885905023 1 0.756633310467459 0.678614542909311 0.0920128362126717 0.21989494985163 0.35015679080064 0.223126952543946 0.162110473310615 0.161887828463991 0.0718511491215184 0.3170870130387 0.753640843413801 0.791558760437266 0.212486823429347 -0.0379430827841129 0.695665985152723 0.697658954807099 -0.0187888413658541 0.176283867486242 0.453241048145984 0.183986220891822 0.458438141588884 0.25472408453793 0.497046864090995 0.325180289874841 0.502555449529307 0.50721275463466 0.397408546290898 0.447396656930537 0.438531877319488 0.41832985444422 0.293994037867015 0.317567779973254 0.429736972716338 0.336843935438202 0.396430021012926 0.461691405563503 0.491572040302332 0.446969548178077 0.865030408866057 0.876743181722022 0.37131025288454 0.379424912357856 0.596440126195034 0.554079838490251 0.809189999460048 0.816972838425822 0.156788333073873 0.343228183682675 0.289757238166978 0.336518736617225 0.325299979561584 0.236371151277935 0.51436932781431 0.47155281223808 0.623780143711614 0.716189091483548 0.199225375956147 0.509423499453696 0.656409710912042 0.619043277966567 0.603147619612405 0.658831013211426 0.843162865736886 0.707149629592713 0.368009236633861 0.297712272047444 0.61976342647397 0.594669430937744 0.327450200183482 0.0666789309851989 0.616978451368325 0.50860503633759
0.8796120243038 0.773418324074739 0.59330863471207 0.52863774054523 0.417192970836656 0.63942506819725 0.721333782895934 0.672462557134947 0.545089307186876 0.305724421794945 0.626301164892075 0.642164509089324 0.643518667132872 0.618925141276808 0.504562877741757 0.375843180257791 0.758910845566276 0.756633310467459 1 0.842721407622965 0.0659527251915578 0.244204827923885 0.534394377275306 0.390974391627241 0.172107587560553 0.247332121530758 0.105195241400411 0.385813551021032 0.596314194935334 0.605764955525447 0.312308225441511 -0.0576129915029407 0.850329365527445 0.77972353079491 0.170471238801856 0.298515877013231 0.567830184481454 0.250805853090069 0.384484758895966 0.155907821341136 0.595996871262852 0.345959858216541 0.718811884424344 0.689223041426628 0.593525994207757 0.610901264976431 0.670259565206278 0.640870111883346 0.544904659530101 0.59433949557953 0.634499587741424 0.576628922207515 0.590265298939043 0.689492030862026 0.610358541219853 0.581806198989434 0.837580434514108 0.779233840453692 0.524422717435034 0.561788189668721 0.59965228204314 0.538492152642322 0.662147025402585 0.655418248581684 0.171185491661419 0.397118137477588 0.541399503462096 0.505330247842136 0.664875283038376 0.523607942287166 0.698370100573933 0.561377265930926 0.637324717633405 0.664283383946208 0.128579246411348 0.536138383453741 0.703233238803844 0.542317741830041 0.491109560628203 0.52905029840068 0.724602894805226 0.64535173289254 0.424965951498657 0.264294361481192 0.667186378184474 0.596470337658548 0.271482691883271 0.133161870585217 0.644531975759648 0.588342878531581
0.789883371831272 0.802798243058451 0.537807051939328 0.669504504239103 0.385141457896282 0.631915314601439 0.605404913345102 0.748863372190135 0.554982090273631 0.410650992531463 0.527507612326272 0.66909383177581 0.563503838454606 0.626438965140345 0.410754236017748 0.248492728940726 0.680018395385055 0.678614542909311 0.842721407622965 1 0.013752803007905 0.263858516102854 0.406678311176996 0.431981032351576 0.0935601900342804 0.188628408437511 0.0180827413128177 0.220037774491016 0.540669562488022 0.661135394812215 0.313341484166102 -0.0682302170490211 0.746334330769056 0.717367939925863 -0.00971387042167879 0.122144063785827 0.50335235183234 0.300859727121747 0.249479462562983 0.175689298555708 0.574458107545482 0.218465394043815 0.62828493273019 0.602491464517062 0.519755852653114 0.574863597640742 0.585064073382255 0.577952990735452 0.475754758062137 0.545785023808644 0.661161452783628 0.564258593914498 0.61268777709649 0.644968660163839 0.603745835360333 0.547113113751284 0.7959612859918 0.745476575173296 0.566175645520693 0.608512247036457 0.635000399896156 0.684438743893105 0.634047412554167 0.671938535061812 0.059354560330064 0.459412161235057 0.442918998939436 0.550564864434664 0.68107953356757 0.704913640729609 0.525094416599628 0.418471257993825 0.670702106441522 0.657639272128171 0.198320979414669 0.584523666635525 0.673580574222747 0.37732712173936 0.548941549258683 0.519921590429346 0.647374256383474 0.598886278439431 0.151859815912544 0.246090136679005 0.509176633036296 0.504865612488484 0.237579862406169 0.225326565489442 0.654134577276093 0.665945147099849
0.132622772125293 0.090840470801547 0.19821830305667 0.173211311980531 0.124116056777486 0.126512107729191 0.182886165145201 0.0634497661573977 -0.0259371747575865 0.0494339912762244 0.0403436494905335 -0.0526891254427328 0.132426431946629 0.0353565117276499 0.267879980111552 0.308354407486285 -0.0199347128277782 0.0920128362126717 0.0659527251915578 0.013752803007905 1 0.0897561305506156 0.349983671329309 0.333480583735617 0.431119220666844 0.398023733882181 0.378460436970934 0.149230537849496 -0.0512697384019407 0.0182483741600878 0.247359089281511 0.30268207553552 0.114353757751159 0.137096591671766 0.332937862646026 0.291745833344035 0.133760004332016 0.0405493710617814 0.203067733038506 0.251755880815094 0.0896765502869402 0.153838162104925 0.135730932873616 0.0802823426436502 0.121666864559067 0.0942902923704864 0.127628288182663 0.110126728519412 0.1626174134291 0.118535602331895 0.130996568311599 0.163534057137485 0.12652274166085 0.0121815168945982 0.248035989230883 0.224717202933249 0.0392591586729857 0.0821375477670527 0.0821736975141036 0.0974040397496358 0.141997126916243 0.0161040078734394 -0.00835538994428176 0.000732423461061721 0.420255909578868 0.198046421406833 0.198295406867386 0.170716359616701 0.132932701581203 -0.00493378196140119 0.115958357802366 0.185882242677105 0.0221988772147347 0.148834554898376 -0.143719667825757 0.00762359348962747 0.10297986195144 0.0829655340335946 0.0741018303432909 0.136689585631408 0.193657200952431 0.302241558200652 0.277715991206784 0.311797556306083 0.345902403509492 0.208827515900795 0.271798117531304 0.290523122166886 0.226344312958919 0.227476409435244
0.239458608493605 0.251459250553785 0.180299451555742 0.259992156905074 0.158840275759879 0.10035390472541 0.14861234964421 0.256362340770946 0.236898117642935 0.175746202843632 0.128376596438343 0.193747589622758 0.0954586363655617 0.221143917726294 0.0794778034381976 0.0512011874293674 0.211170847207796 0.21989494985163 0.244204827923885 0.263858516102854 0.0897561305506156 1 0.144629371760808 0.192131986084599 0.0795236801339542 0.0827759397128309 0.0197441330610724 0.133167612697327 0.14631897252248 0.158297069696464 0.274010107666803 0.124527591833733 0.293530344058533 0.357760009142445 0.0688595656777641 0.161574199987758 0.229667787387031 0.256239090568221 0.280547294843952 0.182206926073574 0.168023365371673 0.270431839687113 0.322804297530335 0.309579346903759 0.31143928460371 0.279216110056185 0.30105564908007 0.312131989765757 0.347292820226235 0.329032600359093 0.355511521634769 0.367794982982621 0.347037955534078 0.229731179489126 0.3417629328346 0.377582065587972 0.265857293578214 0.284344748952599 0.313019759306586 0.320168660705631 0.217456429897525 0.302263158006439 0.162030987557892 0.255904005279607 0.0258934666652969 0.199864448239297 0.211615106385752 0.262955199196897 0.285702498373933 0.208931563718768 0.322422458237291 0.212207925004607 0.132343552699369 0.292100029143673 -0.0993726712372709 0.272870589210781 0.249785573610703 0.204982735668274 0.0676166515283155 0.280028613174589 0.277929976856972 0.263982651778187 0.15112682696376 0.20772668894817 0.177177328452763 0.294199724522732 0.0301604433456957 0.0629281390091315 0.370184947590401 0.302965346629369
0.538124654502546 0.367688688018468 0.747812535407909 0.52354565019504 0.649110234503829 0.623001822969914 0.774902693701044 0.431655110684618 0.373169324394529 0.247698587743855 0.426945505472077 0.21607443559748 0.572595732624215 0.309444100754109 0.778501724207382 0.604566498379651 0.331190722755701 0.35015679080064 0.534394377275306 0.406678311176996 0.349983671329309 0.144629371760808 1 0.794051640451111 0.696639246435579 0.614796598097096 0.553961321620699 0.489379833286097 0.249455035046199 0.260258375794993 0.447144310932203 0.399736532165474 0.538971806027839 0.457670739542281 0.521894349145324 0.406511405962637 0.466272283038858 0.109234477012004 0.447468085807192 0.27648085806291 0.437819911817691 0.262968102696539 0.40840653903154 0.370773229375069 0.275609974525116 0.267607138876454 0.359728137812417 0.41625035876681 0.338701779799503 0.357667549086029 0.340564345622608 0.330340457532548 0.285994539111326 0.234839508432258 0.497508959474999 0.428100493945521 0.37989119567521 0.397341040345605 0.34411309624227 0.298880371070707 0.47831220835287 0.170278799031663 0.378740044165353 0.218860889292009 0.69815358236599 0.464545338996618 0.51471683836985 0.369995128646872 0.41804476034024 0.273294855876572 0.380586072300275 0.29184898351104 0.529082516247369 0.417555921806745 0.0928379873500718 0.354986023605064 0.531584544623078 0.249744195069318 0.331066138347665 0.436880665634838 0.450422910089673 0.475199148310938 0.322028805601818 0.513809422964801 0.738824597914071 0.444432861091211 0.616124852717545 0.475407153720994 0.536476715224999 0.476223629072479
0.389312014547334 0.279970699805368 0.725778258162854 0.785793199713893 0.51837750901288 0.569697549035922 0.700391326720581 0.632093933821779 0.354330823871755 0.413828106041212 0.222548163835533 0.162661212916822 0.443817158000864 0.314322099325092 0.578421409669233 0.498553444537105 0.210948639437469 0.223126952543946 0.390974391627241 0.431981032351576 0.333480583735617 0.192131986084599 0.794051640451111 1 0.621649051429479 0.622678804044063 0.457159928763703 0.301772956791438 0.155926392563736 0.243743376975341 0.382179106550037 0.473932203400426 0.44519015009367 0.46098543754446 0.452360529862103 0.449536515886577 0.46637068102421 0.179224408916594 0.360345550431238 0.358937032090062 0.382388045924087 0.140669648343122 0.412947105121497 0.338955608956499 0.312575678498091 0.308161595559832 0.368764725232795 0.405391555645901 0.340906078216078 0.333403931581871 0.36770817431767 0.312146847514592 0.315937950301778 0.221331547265736 0.496678515845297 0.467681775473079 0.291079393144285 0.292005817275952 0.34134872749317 0.356498803581603 0.498346125155557 0.394553437191138 0.270452400947068 0.188109879954535 0.604606503177266 0.672494136258228 0.518825304832006 0.495337090269514 0.395869832606129 0.376233631212009 0.294294900407951 0.273158162319186 0.427230092120355 0.339802911586994 0.115442827504784 0.314235096574976 0.442473851876655 0.168305510135896 0.409821818496892 0.49080591512042 0.433825745303983 0.468258222359545 0.152841683081862 0.527219538603281 0.592951082392142 0.429229913232662 0.510084950886729 0.595484195244582 0.528457250190344 0.487383194652354
