1 0.943990375302495 0.64650594967379 0.708552597320778 0.0556676264668174 0.318676852783726 0.46656698026415 0.589930743498888 0.0304883500296442 -0.104549722876431 0.650413378484183 0.749995558976965 0.751557120816957 0.768584367159058 0.505948987610094 0.613085438024853 0.842771436276508 0.834789520068125 0.637611192435187 0.817247613984918 0.23373585287851 0.251462487126373 0.450330030409701 0.597384611688492 0.450001835256844 0.401637461740538 0.469863791024253 0.349123598272307 0.579551460434502 0.748536881699374 0.344151433883981 0.300256332171871 0.772371531138473 0.764941462212075 0.390816850620284 0.410050009902346 0.706851721100255 0.664796414712226 0.708367072728905 0.605074775662309 0.627032060589134 0.346431734577465 0.6732372698178 0.732261693292051 0.629011883498263 0.859005152092247 0.801656303981069 0.829128844530494 0.675229981344943 0.74308128582031 0.437261317586229 0.536230927778691 0.707770874681902 0.554252788100046 0.784648964776663 0.816385721872335 0.933344042589172 0.935856352813821 0.749300818493083 0.719137718517387 0.736516401967829 0.701417402367857 0.631770883328179 0.666601196837686 0.34222340932845 0.435490139928395 0.564302594830116 0.693610522827632 0.886244083213167 0.869535948043725 0.408548616308254 0.345824793719917 -0.176389732030736 0.3877977859031 0.202682751377562 0.380394139734621 0.388775823939616 0.259344165956607 0.568039208790037 0.663139843177738 0.864018480198679 0.863848531702115 0.815516758789837 0.744360749188203 0.833378774614823 0.822910042695008 0.652401291865892 0.534636337293397 0.664986708472633 0.686557157854636
0.943990375302495 1 0.613827305626562 0.689062392423128 -0.0021326120817309 0.286340053736416 0.403829006088973 0.576528684815004 0.0244492605806614 -0.135294279625593 0.574036639959857 0.736757385171622 0.69747921192675 0.795640189845027 0.518082073950245 0.606048501007356 0.842662479494849 0.859785366092074 0.615180650930555 0.809156883358503 0.232295178127681 0.277746829479576 0.48575440252271 0.618607440604243 0.436245675085376 0.44681944154934 0.499989143233416 0.337390576133386 0.545209700431943 0.758310385847691 0.368714913014963 0.3201355949947 0.75337640226885 0.741467298473225 0.399337108117464 0.408959590024643 0.682728250199872 0.629540862585171 0.701185425477281 0.591034203739517 0.644988166359522 0.355725285472333 0.682435427629518 0.747655617896028 0.647180032170655 0.865640537827638 0.807891257936708 0.832057384637505 0.652018544298133 0.717385424389524 0.397190114009548 0.489778507411474 0.675826509791093 0.528710043052642 0.778450572667856 0.826433438728222 0.921861989713539 0.94837279801456 0.69155085616619 0.689619164374502 0.606735651274328 0.632137641009482 0.586127373398923 0.656882941034538 0.33252538910499 0.417076869337791 0.52810255810454 0.672384007682135 0.878527841924602 0.881128133203066 0.404423328957442 0.37883689153083 -0.154992242496321 0.467318492897076 0.238106252375898 0.450796941613109 0.420302359415776 0.257766203427663 0.583852488721283 0.665163730564537 0.854879701135329 0.878325193580626 0.843344746890705 0.780673025976492 0.827776345394223 0.829076161370531 0.699194262079846 0.524655835543904 0.612682648497146 0.689078134084729
0.64650594967379 0.613827305626562 1 0.887683649510911 0.349417372377979 0.5092836678882 0.749300076740468 0.710222374349855 0.441861958299926 0.139685787208955 0.305002767420651 0.332483852398325 0.690244543658223 0.573145107445464 0.640021403438869 0.670727398063593 0.477923077193955 0.427091860657262 0.599131349880634 0.568780337994643 0.234334323827978 0.273308729208909 0.771083282476322 0.81522305780234 0.731273809533053 0.66852871380729 0.63480946678647 0.297762500105882 0.324132407456287 0.432352541407521 0.66558702238291 0.544480864015844 0.715930033406826 0.668710858634796 0.753707797975939 0.6457195692582 0.606320825937351 0.508374547134193 0.644569758017222 0.399746313767748 0.352075435599275 0.0630883997038291 0.666073016748684 0.672013017552965 0.568989759095866 0.628492856589274 0.695906021648728 0.707110997466416 0.537110666590184 0.619304986424957 0.528372020528615 0.582581953589749 0.689542941102175 0.581055775417592 0.70648931218503 0.688177915686144 0.69112586455962 0.630522402897384 0.580895750743364 0.552471662141925 0.546724170630523 0.469758404061497 0.237302628077271 0.28634185417723 0.769125856210097 0.694530839409312 0.682674080398594 0.699598426687766 0.63655026482911 0.671468032162391 0.491893599102246 0.478592173115064 -0.044089131296646 0.393485564885066 0.232665642494351 0.323834015607704 0.446803441618865 0.406448844139242 0.501868657621273 0.580539678640046 0.562977308974149 0.616759721516706 0.702386084635602 0.625286505318412 0.82591489809666 0.788045440694239 0.693231497361096 0.613324278749009 0.697900503488792 0.747701984162995
0.708552597320778 0.689062392423128 0.887683649510911 1 0.249364963818743 0.449248284460098 0.698539494713044 0.781027233910993 0.41245363125262 0.262912711912429 0.315569124893062 0.420241912639163 0.646327720435097 0.611393872854585 0.52915207753265 0.649431436848694 0.536224309083995 0.50557165791479 0.657638753023641 0.646406164310141 0.233410016763544 0.208470983143342 0.668599032339151 0.826093175450631 0.689737351317326 0.655128001714272 0.5221193480226 0.256612820268658 0.33044424692157 0.502994620792487 0.580848264368047 0.537567357787305 0.705765512999805 0.703225195513251 0.699270731424159 0.606680170417782 0.627097843810336 0.567901982697206 0.622223377561476 0.45060639140834 0.429131830485022 0.0814129363576062 0.608141511943705 0.650664432212571 0.558402726074803 0.657738786153441 0.686458015423813 0.700337628611454 0.544917283821274 0.628112355780018 0.491130064635827 0.547486853652406 0.623058603533171 0.508314024736302 0.655705107085993 0.666943729864714 0.721122932692399 0.702572570986631 0.594798917860277 0.562872329162969 0.562025288352437 0.550717195729575 0.286293234841529 0.374243436876015 0.655261493540601 0.706440571167304 0.652799175220139 0.692268126526177 0.724722199227351 0.741785051923115 0.449988943336258 0.454512031753578 -0.0516653533317206 0.44268059467353 0.186333115637198 0.306597104846877 0.426492032910159 0.31985319498087 0.495892377871763 0.58285971591677 0.623503586629803 0.687362669390452 0.710941145291232 0.676986973237626 0.801114488880035 0.79786898921479 0.631772672798581 0.587908345435054 0.629662806035348 0.71459864541704
0.0556676264668174 -0.0021326120817309 0.349417372377979 0.249364963818743 1 0.301373107003735 0.537121757347736 0.411335046176053 0.345051969330562 0.408200493152054 0.0493268346638511 -0.113872095432668 0.173828808940475 0.0226514494805794 0.174826692692474 0.276347286520526 0.0406389559049566 -0.0832444209605313 -0.0188598269858345 -0.0903686894088236 -0.0057128020090898 0.104378671040445 0.194877462518859 0.109014305217551 0.304447614471312 0.324449058143367 0.234323604627742 -0.102668572036987 0.107552729056635 0.00899122174251815 0.398094637749675 0.432736431954455 0.363097398671995 0.266780811670908 0.360532823189429 0.413808601616692 0.213952417882857 0.0461651642282047 0.235790013263181 -0.0757421968019244 -0.205353528210441 -0.243228533232426 0.418616667845715 0.352901923773258 0.377560769812023 0.139374516460997 0.3063845955989 0.256593824955149 0.321743109094525 0.272591702763462 0.562391430049104 0.497879101779658 0.409114417767947 0.489492135190157 0.239381986986247 0.158047798373984 0.163037639934197 0.0858843675843998 0.338375984235281 0.356186306972617 0.311365205806904 0.325608878202749 0.119213647296681 0.108450697900983 0.498155683856628 0.500934947468072 0.544208517222099 0.425079367057602 -0.0865948228990224 0.0507183633125494 0.442135153989163 0.54122328880037 0.331630278883986 0.22757856225885 0.0631303837472232 0.231487080012655 0.481438522874505 0.53300498513479 0.299949628147101 0.287877093334959 0.0525288912704848 0.0500399106313359 0.128083308335462 -0.0419458659589896 0.218792173415185 0.246513195778882 0.228526247667123 0.206303277162072 0.284669412079783 0.443435847176398
0.318676852783726 0.286340053736416 0.5092836678882 0.449248284460098 0.301373107003735 1 0.446100276431066 0.402561210400535 0.435132320588948 0.241266922813584 0.186610710944472 0.202606876420298 0.454191246253589 0.319438045973057 0.39261785613705 0.464816368351545 0.230064059589715 0.189335898156292 0.207580244320334 0.205760630258505 -0.0209553917690987 0.147793459098144 0.372063913755011 0.410918532061561 0.415249999831109 0.33058438680294 0.337942090352825 0.318268480052315 0.171833584873271 0.231137695513201 0.348403381823298 0.215150080394984 0.336793311380304 0.274279329130607 0.390584432692479 0.287560120373726 0.268503416126595 0.148841271740843 0.242024254716683 0.160612923704148 0.117205337513935 0.0296361345249201 0.369680824971096 0.338247148107376 0.352482032005672 0.294532448167232 0.371099815025588 0.364770409435283 0.283658154183381 0.308444016107863 0.270298908417836 0.220654037706322 0.37021377849312 0.26498601784057 0.336648969092765 0.319426330401812 0.309391934134831 0.282571640170722 0.28490450334259 0.235245104543325 0.331164057731419 0.261970896482201 0.120886466357688 0.199918920205619 0.398996909662588 0.343539144936709 0.371604868132662 0.320521383807488 0.200115436361069 0.276335546730506 0.268867109805538 0.252747685092275 -0.025868271176165 0.128668345691618 0.0672152141735911 0.0901300044227634 0.258552200307643 0.265269247058344 0.22180398583761 0.291073370497233 0.241418901164787 0.261489124345654 0.256499545954702 0.254974734093696 0.389700200993244 0.372465840200169 0.279275149733832 0.319641011076813 0.503333710811645 0.438374263461029
0.46656698026415 0.403829006088973 0.749300076740468 0.698539494713044 0.537121757347736 0.446100276431066 1 0.842775645603616 0.555608656943676 0.273206780511077 0.249271507177471 0.128708892422719 0.494621059293045 0.339045741923359 0.402846510694721 0.434166712828044 0.373343253360127 0.271899373045076 0.479633578519691 0.329970979040389 0.11499944307773 0.219639932500637 0.496765023562998 0.508044047933354 0.690724950817663 0.650838063452981 0.431265120124637 0.0920002666053193 0.388801773219141 0.371222527289269 0.740532105489712 0.619108272716744 0.720383570195303 0.624885464467587 0.590006643452261 0.571233849178377 0.514294789673613 0.367771086517276 0.562162174918766 0.26431961467892 0.093697636455284 -0.130260340754526 0.584995357669853 0.570439145696124 0.534860602684387 0.443272294028296 0.562010687007732 0.56567021652726 0.468188661097255 0.512104279115717 0.597397385311847 0.577351912216483 0.58467428028552 0.532208196168782 0.533321755573661 0.474564254606924 0.525513092429976 0.468173503083773 0.572465675778325 0.537743488742294 0.59047972111706 0.562683999364796 0.341457937704979 0.33748178624287 0.734604056186059 0.694229777502268 0.775158935682223 0.724698069583736 0.350678628100228 0.475100762662807 0.575768001414165 0.596799524339487 0.236697846140123 0.415753730165628 0.149187453168131 0.330357548215538 0.539787475081983 0.575663260287994 0.500915750420876 0.54798836924321 0.40603597191406 0.426713755608219 0.46318725955637 0.316499617757639 0.577584474592965 0.568712969773965 0.515787191691044 0.425694597270289 0.478905979891014 0.625945814091062
0.589930743498888 0.576528684815004 0.710222374349855 0.781027233910993 0.411335046176053 0.402561210400535 0.842775645603616 1 0.487447560567146 0.348910317581 0.367007609525694 0.390237268218022 0.527683579108951 0.540075754871004 0.401509885465513 0.535815987136487 0.533817474076344 0.434355140008209 0.608533615279787 0.540519153861758 0.188644110784155 0.269838318050248 0.457202613605491 0.591223934332509 0.668546465763816 0.615103084484331 0.399532907496978 0.0500237763632828 0.469082885410199 0.543311843838077 0.70435325550667 0.655490229684296 0.774847942177803 0.768801322491345 0.577647287518324 0.544358218079429 0.570260820094162 0.44270169587217 0.612558138171766 0.360896055571624 0.250716439285007 -0.043536797078836 0.647910159281548 0.669995389224958 0.623070043007323 0.587614423713701 0.665105417300584 0.671843439484902 0.557731194046166 0.570070949768698 0.55413797681656 0.548433931332221 0.59281377516924 0.531788398799982 0.588504677600201 0.565430983964624 0.640694467457089 0.588636292539056 0.605394620230922 0.595114443027235 0.562732607260132 0.635014671630975 0.455271699660493 0.537623615576029 0.644811530568661 0.694550768722956 0.730074596792842 0.744246987464592 0.483157429796572 0.559406322099887 0.629781632806002 0.649453623034162 0.245299871644348 0.540680938244674 0.198241572130402 0.430118415251927 0.55846546878826 0.54555846734344 0.577120544753058 0.653716559779835 0.573680265835648 0.601033285172209 0.603017530384958 0.494129198840679 0.650066309082515 0.676095344723693 0.580375190176775 0.503550957291051 0.459943872876829 0.680384266705074
0.0304883500296442 0.0244492605806614 0.441861958299926 0.41245363125262 0.345051969330562 0.435132320588948 0.555608656943676 0.487447560567146 1 0.467123519162778 -0.000838310607230886 -0.0961974266691829 0.23099085569579 0.0858149048974839 0.358221351571851 0.33692445041454 -0.0649755179595304 -0.127492534743447 0.126084849490311 0.00987532142136116 -0.0598577238309432 0.0711760920724812 0.262548135937956 0.304940411589137 0.4194439440533 0.295792832340368 0.287557062609683 0.0483749810884799 0.00667816630338019 -0.00849100539859462 0.511299555411047 0.358587444294707 0.272992246607175 0.201945935094887 0.380790089516716 0.340736378101191 0.175035326754794 0.0460876740560865 0.217744308536411 -0.0400059762535626 -0.0623819263668909 -0.164547469702955 0.210934955017611 0.190362119142853 0.215983310905323 0.0303256104128668 0.144536607482872 0.15971286256896 0.113298604797111 0.12152690611457 0.253539715276635 0.197655651132955 0.193575381727014 0.195646428957051 0.130625650353064 0.0919050243439746 0.10793968454642 0.0413404439645935 0.134407230646862 0.105797151828883 0.197588091299774 0.146654982218657 -0.0915868008611507 -0.00384955355603714 0.568933875391155 0.462420669978007 0.319605255401687 0.226286469686969 0.01115950741123 0.105902784932847 0.352424894566462 0.416322629133817 0.232375679481136 0.250134261756991 -0.0873597924568239 0.113515186093209 0.268670157186112 0.318418873541781 0.161291519813706 0.170620341609434 0.00803519192374782 0.0648372745713837 0.121275600104932 0.136158049238562 0.254467134316445 0.242920284600382 0.231093090766625 0.297630644724784 0.342457562605378 0.368090127355603
-0.104549722876431 -0.135294279625593 0.139685787208955 0.262912711912429 0.408200493152054 0.241266922813584 0.273206780511077 0.348910317581 0.467123519162778 1 -0.0022615732106761 -0.0985650636224791 0.0230700829524922 -0.0374507582786193 0.038933897085435 0.219887227095561 -0.150133332793357 -0.217912914857681 0.0260525692493234 -0.0972643823102869 0.0231374215039658 -0.112481048359987 0.0285516724385462 0.107659184774647 0.127905417092941 0.114025156989835 -0.016482147789828 -0.271341946841627 -0.113490114076021 -0.145382661073874 0.1469786725282 0.229829439858421 0.0330711312011727 0.0408610585298283 0.149239552406427 0.176752592451161 0.00468109124103378 -0.0181156725422437 -0.0812030251380338 -0.0257296357042251 -0.118630844740701 -0.271083538885188 0.0332147992592784 0.0587182000520872 0.0684181597342135 -0.0750947931113541 0.0110516987558631 0.00445331250643963 0.0312701022149148 0.00867685613794125 0.196268611035472 0.136668150982926 0.0469835060954793 0.115083665416401 -0.0695490840144865 -0.0545136697734553 -0.0629004861659899 -0.103142563657902 0.036550127791945 0.00912459300929364 0.0753218022709767 0.0819879019337205 -0.123607007703094 -0.0117769330075814 0.306875615492867 0.361229089646364 0.150371046570514 0.0491663298154785 -0.102688677625523 -0.0304692252299707 0.190453441971692 0.279606695664247 0.320408755278533 0.160560444264658 -0.226704682366332 0.0504370381328886 0.206146401504717 0.128706509415531 0.0480589118031725 0.0427660406287807 -0.078987760415421 -0.0349073183166224 -0.0103145331707992 -0.0139873874726345 0.0472990840087632 0.0843866686577734 0.00334851973398648 0.203509801025812 0.124159452065101 0.176778246524545
0.650413378484183 0.574036639959857 0.305002767420651 0.315569124893062 0.0493268346638511 0.186610710944472 0.249271507177471 0.367007609525694 -0.000838310607230886 -0.0022615732106761 1 0.714975953227112 0.722995141078047 0.677828090571993 0.486584552331157 0.494236009736812 0.601296613258236 0.599884988488677 0.336567346794557 0.523837297076426 0.15605301415127 0.311180892753214 0.279225890911589 0.327422571610033 0.123607811818188 0.0410447466186442 0.25186751486596 0.220742052789052 0.636383800002983 0.624285212054379 0.189795321801941 0.094333616597176 0.484114494769462 0.458604395138298 0.017973512522445 0.113171399145842 0.377085016710661 0.456853017888686 0.432412965915032 0.405980664212663 0.4255764878261 0.370863210089868 0.389097808840193 0.45441875304932 0.361601210560594 0.517753836517814 0.461323128554819 0.480122386758299 0.429425102499171 0.401246113907253 0.201122125260912 0.264313556775104 0.380646718483261 0.308993792096248 0.438057422836937 0.440683969789136 0.544458128561857 0.570018223853795 0.475043923353953 0.454658981091708 0.63299838819272 0.549294793801236 0.617020162956559 0.693896789517701 0.200933992423762 0.158122128270377 0.27148959716482 0.358387953892473 0.483499337764377 0.445837825277265 0.219313202650649 0.156104348325493 -0.108469715589029 0.267271477168494 0.127363848261255 0.273977995591321 0.191735486382333 0.12686735723437 0.406834922618779 0.433641163652659 0.613557004441785 0.586325564389106 0.534434717019348 0.453153419095894 0.490338116087208 0.470736973571587 0.346500683373947 0.361533711039044 0.523850717361862 0.384107718503995
0.749995558976965 0.736757385171622 0.332483852398325 0.420241912639163 -0.113872095432668 0.202606876420298 0.128708892422719 0.390237268218022 -0.0961974266691829 -0.0985650636224791 0.714975953227112 1 0.638087691052869 0.847299428724393 0.441646562483302 0.532687164076602 0.719231026242063 0.744472971112732 0.482213813316242 0.739031197146171 0.272330524798347 0.237999725216476 0.272687134785752 0.454579058979092 0.170879287185238 0.0779426316284167 0.230056021055465 0.279817428387251 0.583738712957392 0.731596044673244 0.136859891738429 0.128414532259205 0.486925887419606 0.566529274193402 0.122643671859817 0.128563741442617 0.395036464227055 0.4790864438199 0.435027090571058 0.508043722515171 0.600299581038763 0.438020693965367 0.384255254905429 0.469623415620894 0.354395236497099 0.610038001666472 0.521226020802548 0.535841409070101 0.388500278990544 0.437684149110713 0.0875620953154182 0.197907831829818 0.371008881206557 0.236210760416414 0.504316440151676 0.569234745556028 0.618204118287396 0.655360322730765 0.377305335845995 0.384898004250065 0.46352371186338 0.516700765434397 0.550996496943197 0.766604030332239 0.131408282120267 0.162468570321697 0.204904085602902 0.372317983682777 0.665806525376183 0.545860238328739 0.190513215227064 0.0927979737273936 -0.204349325678842 0.254682953398686 0.161006859205959 0.229737586402272 0.0583305779475667 -0.0215589789934509 0.382015067944594 0.445913984386464 0.708953842879843 0.712764337689755 0.627080494076507 0.620073925699044 0.552124805725467 0.555397144514769 0.391612398916466 0.351260578284363 0.419141601975395 0.3790465677157
0.751557120816957 0.69747921192675 0.690244543658223 0.646327720435097 0.173828808940475 0.454191246253589 0.494621059293045 0.527683579108951 0.23099085569579 0.0230700829524922 0.722995141078047 0.638087691052869 1 0.801797983755213 0.801977387547232 0.780473045960806 0.594952556586439 0.605729700386136 0.445745033042556 0.553842008799454 0.277406367635469 0.293916796283237 0.661893716665983 0.667700054302621 0.44681066967566 0.390927253147371 0.594809820943076 0.407809619748881 0.536160465800543 0.60861954592709 0.404443644494545 0.318703691740951 0.597825066864707 0.537332012089943 0.410094321686274 0.395199110464595 0.596611198861493 0.635947814100551 0.59372670403512 0.499061801109205 0.488565891149065 0.325725535941633 0.575376941168854 0.629988489837383 0.505754366916239 0.650817477334174 0.655197801566889 0.660037327781096 0.505335446567546 0.574024830758375 0.342810548434737 0.433554216717958 0.566820215253418 0.441261122805138 0.634105197731689 0.631575182528315 0.686939689350532 0.677934047774809 0.53559929533476 0.502315928401947 0.657145196412476 0.577693381223954 0.416463931184715 0.541522447349941 0.52488502135506 0.478183460236456 0.468056404901825 0.551561623940112 0.668181430288891 0.637792156856144 0.322378583038291 0.303094872929127 -0.144387866829957 0.35829057906735 0.129427851218427 0.298292927775342 0.306617105679283 0.22358494330335 0.442942806584249 0.561815911782365 0.681677121305832 0.688670626454039 0.724020974308677 0.62024219244256 0.751920265436955 0.701675971775993 0.576917173934954 0.539108896773775 0.807640025014747 0.623233196158997
0.768584367159058 0.795640189845027 0.573145107445464 0.611393872854585 0.0226514494805794 0.319438045973057 0.339045741923359 0.540075754871004 0.0858149048974839 -0.0374507582786193 0.677828090571993 0.847299428724393 0.801797983755213 1 0.681545829677905 0.75883090155418 0.726465517117075 0.735054544588635 0.548659855559526 0.710496188790069 0.296986119862656 0.328667671026656 0.605150080874208 0.732105615717455 0.389028704749294 0.314109367091124 0.497324806771327 0.398630407088787 0.586788403601237 0.745979405590908 0.362293935088005 0.331401327894974 0.626019574268856 0.620474638669019 0.352988456678689 0.35501254270155 0.557972883695566 0.572480566168254 0.59006186773158 0.545501430647674 0.632862554214208 0.433374837776556 0.553444942155388 0.634950662108745 0.498604460033672 0.706269437298378 0.672328587988057 0.667239388794011 0.476290672992285 0.520892260658225 0.228507955380964 0.313295820475528 0.505523034379399 0.361017718422393 0.630913084528628 0.654686755474115 0.723172932011889 0.725962980192546 0.443559699684756 0.459722965646189 0.45939379752205 0.488826960535392 0.509450749027124 0.700380950599458 0.436005081046144 0.377932164586668 0.366391899773798 0.528315570542388 0.755606286300314 0.682000327282035 0.322587401059982 0.309593854057981 -0.153226658383519 0.446154117408947 0.211118837934258 0.384420150369798 0.24280956887293 0.155386681550963 0.540775677563977 0.59343331220775 0.77606514073214 0.818541950228897 0.793696964924618 0.753020913416538 0.758857570662556 0.7484339648119 0.596972908498943 0.524611701975475 0.60993473434857 0.57594606855389
0.505948987610094 0.518082073950245 0.640021403438869 0.52915207753265 0.174826692692474 0.39261785613705 0.402846510694721 0.401509885465513 0.358221351571851 0.038933897085435 0.486584552331157 0.441646562483302 0.801977387547232 0.681545829677905 1 0.807382839695147 0.418870518752982 0.414895263886014 0.329128275481314 0.368827891616238 0.31379679717073 0.370121648691595 0.730816244637529 0.634437454512787 0.444399282006592 0.419966252279704 0.639764796739198 0.388391840614178 0.422311909531755 0.462787657404837 0.497144056864853 0.383668634322129 0.494135412951739 0.408619420151424 0.418399580371229 0.396393551648072 0.528611048530625 0.541314871220927 0.59069370406556 0.348333784006305 0.349181262096161 0.302150268799777 0.555278201772151 0.594504630680562 0.482314099219143 0.52387154799019 0.564350396840993 0.538711945245269 0.407876091451575 0.427587062287967 0.309183562816347 0.366573357350256 0.481226038372447 0.396807102526957 0.520615034793751 0.511145700419549 0.528341747232694 0.495819921463879 0.404711169578216 0.396115474510981 0.413767945694046 0.330856640367184 0.27601650594332 0.367980673744014 0.541246017244884 0.376208083725571 0.378937793085789 0.430202458099339 0.480531001176666 0.47146442878842 0.31224678336637 0.384962270819672 0.0204501050501302 0.299669424816173 0.0848993716813376 0.270195543614471 0.295885654074713 0.234509679839373 0.455653689835689 0.52455179168877 0.526086117933695 0.550419744617588 0.628237196409655 0.570826499239445 0.655585779538933 0.606204110770583 0.591006047608809 0.559241521571149 0.791244644724384 0.591573625769446
0.613085438024853 0.606048501007356 0.670727398063593 0.649431436848694 0.276347286520526 0.464816368351545 0.434166712828044 0.535815987136487 0.33692445041454 0.219887227095561 0.494236009736812 0.532687164076602 0.780473045960806 0.75883090155418 0.807382839695147 1 0.51882531786964 0.487322975159923 0.400830141122415 0.476384020619293 0.290555368170201 0.272471023759295 0.693719283253021 0.730254907770092 0.431331152542661 0.479556436182466 0.640251422324642 0.374249572976132 0.438023474976773 0.530092371481975 0.479173535220094 0.468672221405208 0.608865353444106 0.557838802277299 0.482812517155503 0.515913227855228 0.669339497678809 0.630412059731431 0.655507369181021 0.51586170259672 0.436302964302231 0.326040794379719 0.633680475886021 0.665871627813375 0.578632905694838 0.629090635358313 0.672796961146202 0.648629407035237 0.519590809818857 0.550693129252662 0.442446004342277 0.495893960934241 0.622124266924371 0.524373587098102 0.623930096054348 0.631738621629442 0.652268253814276 0.588367368499968 0.518235958102072 0.511984043842854 0.5084688317852 0.497249883292287 0.311544773856145 0.479678584689091 0.589867913685321 0.567701269704823 0.499065654993812 0.565565237932286 0.585052316736267 0.566460452926584 0.353248060228666 0.445903028007194 -0.0247132732454509 0.369549487505807 0.184641954073587 0.331717141381443 0.370631944906685 0.307919157949151 0.524960344319821 0.599655704227018 0.62346088018903 0.656556220911156 0.723467572452169 0.684411488784797 0.755569846519099 0.765245927278418 0.629069705474978 0.722623050885683 0.810266483732209 0.75075478386595
0.842771436276508 0.842662479494849 0.477923077193955 0.536224309083995 0.0406389559049566 0.230064059589715 0.373343253360127 0.533817474076344 -0.0649755179595304 -0.150133332793357 0.601296613258236 0.719231026242063 0.594952556586439 0.726465517117075 0.418870518752982 0.51882531786964 1 0.934699378857298 0.630843078160435 0.834562926983502 0.230361589033813 0.288052975825365 0.414875731218755 0.519127235931786 0.373236969160956 0.370791103295981 0.347498455862451 0.271597566176228 0.756271603792988 0.878429275435088 0.389694747590923 0.323428235577342 0.791712521428482 0.809618958912359 0.300044865387315 0.34001647442709 0.608312300003491 0.519116670472929 0.61043067580284 0.575715142320574 0.561303095640982 0.429809522526112 0.577275804360036 0.630444020892437 0.550790830192105 0.744964565197313 0.682064190279559 0.702301952591125 0.515997452831116 0.538113566276407 0.26630794740638 0.359455785572287 0.535057859830199 0.415893636857619 0.616844118778815 0.66423108235458 0.854873387980925 0.868555717761125 0.595321172422637 0.583444336856229 0.568479347618543 0.545364300633034 0.787681791283777 0.747718551949653 0.306533221520752 0.303089199329926 0.509675030758219 0.625050803620625 0.798472447232346 0.762872032080922 0.40304802484969 0.323983904862483 -0.136515039855632 0.44660132738561 0.283456480523913 0.502745791556259 0.35376634106409 0.247826347692592 0.742119928072091 0.760689851111234 0.892724170158539 0.857183028438163 0.748847895754017 0.657478209431323 0.685707284710424 0.696656191318442 0.577601803772034 0.473651531877152 0.481436130016172 0.541306650699813
0.834789520068125 0.859785366092074 0.427091860657262 0.50557165791479 -0.0832444209605313 0.189335898156292 0.271899373045076 0.434355140008209 -0.127492534743447 -0.217912914857681 0.599884988488677 0.744472971112732 0.605729700386136 0.735054544588635 0.414895263886014 0.487322975159923 0.934699378857298 1 0.582553316906299 0.810166242811745 0.230734151152069 0.240755828770999 0.415659827746974 0.513703466052326 0.294438482519243 0.31569622561756 0.360111977976438 0.332859598296355 0.701644054296352 0.886094292409529 0.321134232127467 0.268020102450373 0.706702220107366 0.713378274763258 0.239367665373988 0.28156279969538 0.564058835289063 0.509477106773843 0.571389711674168 0.577991837333421 0.635026102638942 0.49605975594911 0.501490445137837 0.580466067899645 0.465316932611996 0.709863072941198 0.619840524512451 0.645001571570474 0.432679748618536 0.472111175487152 0.147302171954274 0.24985472753638 0.446630701384003 0.301662202728421 0.553822477443847 0.629050695863294 0.814103036199922 0.864880792349659 0.502365377230168 0.492244231230704 0.507598318547149 0.49538127390373 0.728221992757118 0.733390667098221 0.244142163150752 0.250031315888215 0.394354573991587 0.54536345433734 0.817756439469702 0.754221825446254 0.307122342633266 0.239833452420964 -0.20171357599515 0.440878106428574 0.273988349312243 0.466655482031485 0.298622508842573 0.156181734418815 0.66517332334439 0.722428989518907 0.893874181223239 0.872101684450632 0.721803717927236 0.645909880514622 0.658036369954212 0.651199901731927 0.521945847545511 0.397703501283301 0.453551127364452 0.471305013102974
0.637611192435187 0.615180650930555 0.599131349880634 0.657638753023641 -0.0188598269858345 0.207580244320334 0.479633578519691 0.608533615279787 0.126084849490311 0.0260525692493234 0.336567346794557 0.482213813316242 0.445745033042556 0.548659855559526 0.329128275481314 0.400830141122415 0.630843078160435 0.582553316906299 1 0.808507646696283 0.207356975274063 0.149206723818971 0.535662300479115 0.650836812809672 0.529345663658352 0.454594853331238 0.226422947902402 0.133542481854039 0.492128676897092 0.64844758822478 0.52763662904407 0.428349878442132 0.660214153255482 0.733309926915505 0.406435961934993 0.346188104951304 0.45555741236252 0.403201961703418 0.517591947869343 0.438427522682193 0.357743352911644 0.192568651185728 0.408671828043009 0.45771630263071 0.368505158452796 0.514373742944925 0.48894862904048 0.509024537821345 0.332817001439164 0.335362211471414 0.181550462338009 0.227593271550263 0.388395319889125 0.272848333084962 0.442252076570697 0.460974513904563 0.63113938014684 0.592200464670637 0.342209081928636 0.328074506499498 0.314160252086862 0.288572682593831 0.37005988897766 0.377544319787022 0.394176732384603 0.31845538616163 0.352301861551593 0.43611979206348 0.670006047481712 0.590139597965051 0.3683247699964 0.250237188869165 -0.0461727188584299 0.316400446265553 0.204755366452097 0.237598736411072 0.165455678536992 0.153104224180787 0.462015793366414 0.486257734262873 0.580666944520403 0.592503288772491 0.601765750134596 0.590576233795583 0.599709427473474 0.567221284374853 0.499515858714646 0.427217489196255 0.34189302013068 0.398369479201057
0.817247613984918 0.809156883358503 0.568780337994643 0.646406164310141 -0.0903686894088236 0.205760630258505 0.329970979040389 0.540519153861758 0.00987532142136116 -0.0972643823102869 0.523837297076426 0.739031197146171 0.553842008799454 0.710496188790069 0.368827891616238 0.476384020619293 0.834562926983502 0.810166242811745 0.808507646696283 1 0.23472409177822 0.211431836502614 0.43618569914852 0.628512056868395 0.442737267409279 0.337570107148833 0.261864596931887 0.201391547011133 0.612703237376582 0.780533813027476 0.394456547817829 0.303747361235087 0.714065873380449 0.823748108394386 0.391035278187996 0.338844594409661 0.528829273163316 0.494313290169934 0.568603314132827 0.533214616964976 0.588255778871903 0.340828209253638 0.490380209998457 0.556824478956437 0.470644332496421 0.696745108023989 0.607635953101009 0.643625300392058 0.448920306554583 0.479191461364248 0.161954893188095 0.257641598253949 0.458094708312051 0.313717360671475 0.578151655310573 0.635024776710156 0.786691637331507 0.786406244063168 0.464045940853046 0.459842259720354 0.447913000451362 0.4093028613366 0.520635285187375 0.562085406501311 0.34074241925184 0.297861853317333 0.388602797214459 0.505864501527127 0.838244926798653 0.741298106555603 0.362344362155395 0.208826809342787 -0.209722308359204 0.340752938861563 0.261767074047223 0.311237531706486 0.192286553803086 0.121082485331951 0.557744882302118 0.579835724813088 0.773354841035785 0.773354338486246 0.710487813857312 0.710294205740448 0.682908758213361 0.676107693847036 0.545178443498001 0.477340352942808 0.417641523362326 0.479473355618061
0.23373585287851 0.232295178127681 0.234334323827978 0.233410016763544 -0.0057128020090898 -0.0209553917690987 0.11499944307773 0.188644110784155 -0.0598577238309432 0.0231374215039658 0.15605301415127 0.272330524798347 0.277406367635469 0.296986119862656 0.31379679717073 0.290555368170201 0.230361589033813 0.230734151152069 0.207356975274063 0.23472409177822 1 0.0806018800425753 0.29591956773005 0.273033617767176 0.195924548648169 0.292504025895316 0.319152011096468 -0.0426156448406702 0.205720498147875 0.289590623148077 0.206894015906867 0.296767497087239 0.139262057575011 0.199367754665142 0.172510323526257 0.143580360722561 0.226784563237395 0.314171006606654 0.155517867334717 0.224303509568048 0.186065492931571 0.0631712649403548 0.181660580146659 0.245262916398326 0.144121143936228 0.239571586516379 0.201309829523688 0.184410497878729 0.0661982359637445 0.127185312867039 0.00634954485640948 0.0886358744036539 0.0890731215542614 0.0644728985710691 0.140280610822172 0.21272397041955 0.188817187371811 0.18963397099326 0.067333377451223 0.0818905339513144 0.0670700555385068 0.0832874376382662 0.0738306417071743 0.13154891487677 0.105676267337385 0.137276195519026 0.0880506923292431 0.172773017014375 0.251296141776791 0.154772048054391 0.0994452319874385 0.0238065387449083 0.0714345081949492 0.120825502623066 -0.044754052856818 0.0733490651522608 -0.00366984754782642 -0.00218203925715004 0.162409855395975 0.155923802433145 0.242339878400964 0.234101578239651 0.266334147134155 0.200069038779004 0.18045758783091 0.17975390969405 0.159818278540375 0.149494766255923 0.120753906772753 0.121997637649821
0.251462487126373 0.277746829479576 0.273308729208909 0.208470983143342 0.104378671040445 0.147793459098144 0.219639932500637 0.269838318050248 0.0711760920724812 -0.112481048359987 0.311180892753214 0.237999725216476 0.293916796283237 0.328667671026656 0.370121648691595 0.272471023759295 0.288052975825365 0.240755828770999 0.149206723818971 0.211431836502614 0.0806018800425753 1 0.28060385222611 0.298796880745042 0.312094066945487 0.279091161883766 0.246640822733214 0.257520523893495 0.374086502443725 0.360550326373938 0.350585745176604 0.306050240401394 0.334063887160901 0.310765181170303 0.214543877767447 0.277374536620306 0.323461258103578 0.253060183253523 0.413600068839042 0.250214685805952 0.193000304487374 0.214645074918777 0.383621786981301 0.384546277751851 0.372260443128307 0.343795347952068 0.344956133827415 0.325139649796864 0.293001208927706 0.31026820165141 0.248320288932433 0.273312398016419 0.279853624467917 0.274634125712504 0.34732069302801 0.312729957718134 0.294620093574752 0.236040189455925 0.260300072294456 0.306526601259634 0.152045882359479 0.226769775092189 0.245251321547555 0.268060363449712 0.219133670937879 0.191845537726224 0.281159058460379 0.346102775376465 0.19886215861135 0.204506149886426 0.27811606853327 0.299424594145299 0.120152056037504 0.177935865329176 0.114487362716594 0.21373713407241 0.222016593817791 0.201279515210316 0.366640998612249 0.334402050696701 0.320188057380939 0.304065997689212 0.353129227291468 0.2952220317235 0.319557153807276 0.333041955055917 0.310817787677281 0.278089057073703 0.330973774262851 0.314920883420497
0.450330030409701 0.48575440252271 0.771083282476322 0.668599032339151 0.194877462518859 0.372063913755011 0.496765023562998 0.457202613605491 0.262548135937956 0.0285516724385462 0.279225890911589 0.272687134785752 0.661893716665983 0.605150080874208 0.730816244637529 0.693719283253021 0.414875731218755 0.415659827746974 0.535662300479115 0.43618569914852 0.29591956773005 0.28060385222611 1 0.859887471515805 0.56914385805074 0.590830236590605 0.659308133758792 0.437596548059155 0.381564316445767 0.481879096712457 0.640046525235485 0.545068826266296 0.544548904452876 0.469218034473612 0.616594493409412 0.540398794417628 0.476702085025219 0.45947817750016 0.538318566073316 0.348837990865662 0.366593907231294 0.182286649224018 0.499241535346343 0.527111606728734 0.415543205571483 0.463552985221577 0.515098674852089 0.4865025490398 0.282828220579826 0.336338297124322 0.243785163433952 0.305523738904279 0.442069724826525 0.354944747892868 0.469331124615607 0.462962333211205 0.525487759335708 0.473307269271491 0.265052723630133 0.281377196827654 0.246818808894639 0.189549213060542 0.140287889286296 0.207223096397006 0.731468504334511 0.499266103212726 0.395061185088099 0.456575043446756 0.539123445394408 0.518582308504412 0.318995633924261 0.35689564974563 -0.0411479558680309 0.39991244573242 0.180513064335774 0.368466937526856 0.274829715957403 0.225459473834699 0.482033902711932 0.50368531985666 0.501468734744404 0.551567497897815 0.645744084623011 0.567375163541261 0.708920146889707 0.647613925836532 0.646649303890314 0.532839363588391 0.621501102094118 0.552158562306255
0.597384611688492 0.618607440604243 0.81522305780234 0.826093175450631 0.109014305217551 0.410918532061561 0.508044047933354 0.591223934332509 0.304940411589137 0.107659184774647 0.327422571610033 0.454579058979092 0.667700054302621 0.732105615717455 0.634437454512787 0.730254907770092 0.519127235931786 0.513703466052326 0.650836812809672 0.628512056868395 0.273033617767176 0.298796880745042 0.859887471515805 1 0.61086116787464 0.601541432532279 0.598566654399187 0.456458617188862 0.37871333611942 0.546034853408989 0.572963194648591 0.512110644798191 0.611648482911107 0.60222526541201 0.663462084497042 0.607305628021828 0.576838638507331 0.529399245272268 0.606010103103978 0.452911138813594 0.500361844818083 0.207010204413124 0.508319141148937 0.552697204833967 0.445576804939592 0.577884347751493 0.580470243758915 0.58734249665608 0.373040779118301 0.450522211461441 0.284378223947747 0.355592327525742 0.48916090602255 0.368986162097729 0.559470134276272 0.573930596407835 0.635491118504973 0.580825660082305 0.345106560369057 0.347976671445278 0.308505569814394 0.277544033411172 0.186077712326498 0.309328848863944 0.691036809223769 0.584355570818611 0.437981686456967 0.535671649571369 0.706913608321832 0.6526311764194 0.386979806091481 0.370271560407525 -0.161685650421107 0.376192854349315 0.210667853037562 0.328193038327292 0.237140429868403 0.21332120949436 0.475540267073438 0.528113965764287 0.611594573350962 0.684565058739736 0.729246050138448 0.722884853958957 0.795658860241727 0.774979076639039 0.66271876862487 0.631470922049175 0.621257946584366 0.61704558153177
