1 0.954044687161945 0.585866543628965 0.714273483168096 0.232121526167352 0.461476695947513 0.642703134730369 0.680559397702275 0.450661417121825 0.499719565282281 0.786289486320545 0.870985990605506 0.531722066984747 0.681356204837105 0.469040048868022 0.586302457126662 0.801988450712977 0.825438389336205 0.794977716826749 0.848750186571525 -0.0663478856301936 0.281967065302509 0.402864133189557 0.561884318947089 0.579674360353185 0.671724595327509 0.411672967871436 0.329110526515228 0.669268069674819 0.799441051922456 0.386659780285142 0.3875321944825 0.617013153926362 0.606235588780148 0.30734304055851 0.453865350397879 0.641672196404977 0.542971990196491 0.670429767370937 0.713619513366915 0.600858306906737 0.329338043261523 0.716513940587525 0.758700959021419 0.797221235296652 0.811239375451871 0.754318716896915 0.851250699520081 0.819672254240859 0.815663811472903 0.763715408584715 0.828790470828519 0.329217928133512 0.409074419123635 0.849164676666868 0.868332324321294 0.932344930443758 0.93281786040913 0.92862886158674 0.911451783781354 0.871942201682445 0.65982262198241 0.880657806989804 0.807128197005649 0.395325285840416 0.722062058900721 0.707985393136855 0.684931192201815 0.901093730000791 0.847389438708331 0.207152266144699 0.198296612323331 0.214966593629889 0.384989308025109 0.207731168848777 0.186408068016073 0.152630850374087 0.278411615818625 0.607007987810085 0.611591967499643 0.837077101204742 0.872753712183586 0.768521662929201 0.817952063522455 0.738814505379685 0.839052830573221 0.590813177463533 0.730016496550691 0.649061334923812 0.791564258936996
0.954044687161945 1 0.521719215566743 0.733239115373076 0.174642908992163 0.466820430692107 0.547538820779368 0.684396271071051 0.396307416305961 0.515960730933308 0.740532243164126 0.901221781667994 0.457628095638879 0.699514776803866 0.434789039032515 0.61081656746687 0.811655800459138 0.872236647580105 0.738179247171274 0.881087762758416 -0.132416702994711 0.339127674995036 0.354174009509216 0.583285697807969 0.568920046143326 0.693368582218076 0.383534862691447 0.320522745846515 0.678207880601118 0.821445734568717 0.360955274688245 0.407404305056212 0.623580943586213 0.621980533086375 0.292280023470616 0.491473240461753 0.631875952183633 0.547848372798111 0.671131742452416 0.758329100358187 0.582585140123309 0.379582975585646 0.725696176538791 0.766239553982341 0.818631686169782 0.828155161312742 0.765740231356296 0.868067059592021 0.8147153884958 0.81196133612117 0.737028601015158 0.839323140856625 0.308959412869642 0.400658532448432 0.868359494392962 0.899328165980981 0.952067012315975 0.970402707794057 0.916388224920988 0.931298711889546 0.816270289805372 0.683365203760063 0.865951757376238 0.830853895607271 0.344866612069212 0.739111325991232 0.717220507719966 0.717694518149074 0.929648363447088 0.893698375065611 0.139609761068206 0.182999038062115 0.156486877595308 0.364001770326587 0.215001963511246 0.149230541935992 0.13685910455075 0.273654678178831 0.632553332222889 0.637754775910901 0.845639235251875 0.908962370573975 0.778324830078905 0.868387000577442 0.722656081470999 0.877235396711819 0.589224371510262 0.76140402744318 0.61072600799452 0.810328483412795
0.585866543628965 0.521719215566743 1 0.706784329993195 0.633131894492718 0.589722193693483 0.883959563727876 0.607113272655031 0.714389521855415 0.594913833630068 0.622483117368766 0.489459938712721 0.744755322943392 0.634514663514849 0.763630936938525 0.600592700185393 0.61682273058871 0.572417935357018 0.789511284335092 0.616486542151823 0.213919429397077 0.366076796303671 0.860133581051598 0.719583351239615 0.742867573712745 0.684271011147842 0.349526390092995 0.462567147593074 0.583906790154004 0.625636478022834 0.758930341170996 0.590489581590414 0.70138868371861 0.599023470945822 0.71108011892418 0.463655413892358 0.570361082969446 0.503290187206644 0.644080215122653 0.588669401208495 0.48028989369928 0.124473678796404 0.643544806066067 0.635604608227224 0.602674006114232 0.590962376799391 0.644746498412446 0.627569753614568 0.639106634797159 0.599763606327448 0.567615833426478 0.585296929572976 0.426591877215912 0.486698799070967 0.602553173382512 0.590645662123736 0.592628465561671 0.5401414355299 0.584004714308728 0.541572222433092 0.630781003189174 0.455030552168545 0.625209300062083 0.549632660526261 0.801053927871448 0.566318136820133 0.706885586411964 0.542130330634224 0.546377433502576 0.449466794960079 0.61491600834048 0.460442296088143 0.476654134123925 0.540595734064993 0.251095541233218 0.282046491979365 0.504988530382112 0.45427646361962 0.424977079816541 0.554236874646593 0.612831616095514 0.600500945535718 0.646764137565573 0.52163765262598 0.797792895212172 0.630626609338541 0.637941309653675 0.550669124220144 0.72836894912277 0.695332675394875
0.714273483168096 0.733239115373076 0.706784329993195 1 0.613707528979017 0.738121379003659 0.736782798822713 0.909553382943259 0.700578741327186 0.760651984503803 0.586299961141837 0.775467630688788 0.579287687355357 0.84903953143473 0.671143477664118 0.829620073601515 0.760210256469435 0.790351102135523 0.719941887452101 0.830738501319284 -0.00707422292254339 0.511761177122034 0.679182585185189 0.894712890357985 0.612863793081993 0.810200492473861 0.253274350415136 0.568525759117138 0.727980854917597 0.862399411306901 0.718222450322874 0.78901089047327 0.825563884010793 0.832605106533531 0.680018617069374 0.705767969860349 0.471557309733575 0.506805504493652 0.764320778589265 0.717788186613883 0.517740972391885 0.205413168484051 0.82171726959655 0.81797549090346 0.817473737516146 0.785849980106587 0.821091493946265 0.817749736915415 0.798367796586324 0.732657873364964 0.739754426972948 0.754003999689475 0.549047689897679 0.606191023660051 0.77802846714972 0.785080953591498 0.748714118262978 0.708621797686421 0.768846826902036 0.756685020230669 0.749503043441005 0.840983983108119 0.775323388562258 0.799067018191147 0.690258534187464 0.772168387350109 0.880627839219627 0.868400886841679 0.6762886014299 0.646645571480469 0.482066650692058 0.481378126039975 0.384256926537661 0.586580275501741 0.291982092270604 0.341353226805675 0.558613521532288 0.58572574851187 0.617849490066606 0.760240820457558 0.806945000423807 0.819808093097234 0.773029116004349 0.679155845420173 0.804952332770777 0.854251962213464 0.737507273406458 0.695118507562191 0.727138684494112 0.86631447731774
0.232121526167352 0.174642908992163 0.633131894492718 0.613707528979017 1 0.642010895479535 0.687727151124312 0.575962708814816 0.763554041271693 0.571884994311537 0.27553820489665 0.266378120149865 0.515214087816979 0.518966350360277 0.612737537853124 0.55577794579161 0.386097964481983 0.317732780658654 0.462825342240455 0.369697199741943 0.238182787283644 0.346065132197037 0.70956354695469 0.632682316063573 0.39072509669842 0.454939546506687 0.125760923539116 0.440173930516273 0.41475542571035 0.472874457566531 0.728150037313422 0.654684300283947 0.582186889888521 0.567704328269732 0.585749122240696 0.385973520748312 0.257149068861733 0.325158047706767 0.508923354728592 0.289141246001755 0.264667221735908 -0.0115317357710187 0.478517102742567 0.4579338890651 0.382197129838355 0.358412689107741 0.44083025297219 0.378268271133321 0.418656130780245 0.3759627406937 0.477392592320818 0.376391042488547 0.616681415940416 0.607255657946928 0.339275366075679 0.317814491958036 0.24213101231324 0.168587269135915 0.297984675087095 0.239045342215444 0.431634653922573 0.492071881795521 0.373730179876558 0.376863151814497 0.726186352582609 0.301380493403416 0.524377787682833 0.455866091055996 0.173950171028075 0.105841778691711 0.681082976583946 0.591376691884794 0.46605847881199 0.535147569366176 0.27515326108981 0.400738767640674 0.622888952858671 0.592581353646663 0.318613462337184 0.427997089373897 0.381059083248927 0.29577641610236 0.399110439402598 0.147503687742469 0.524865437977406 0.357674106679139 0.486500975675161 0.283471204963589 0.543160591381107 0.489974935964091
0.461476695947513 0.466820430692107 0.589722193693483 0.738121379003659 0.642010895479535 1 0.662069578547817 0.766278963875707 0.723214806309405 0.776768862695654 0.425149548389134 0.550154108987187 0.601320526777287 0.766711044324854 0.653598484466376 0.840109646249342 0.641511654889722 0.637624095495207 0.580089968809843 0.632103948114158 0.109078454453392 0.49141962337303 0.632824659495743 0.731997913388394 0.532361948838954 0.705486299660286 0.0986248262767156 0.618530211603111 0.6480917297815 0.730534030954128 0.710067313258253 0.743308869360989 0.751980969414087 0.785588001085346 0.607287643817956 0.581335847187151 0.379595554901891 0.475227411959913 0.680814112095214 0.576459354437041 0.398273833294321 0.0584961168837929 0.757812528360971 0.746135926204029 0.675938505982556 0.669793715293431 0.717948793692522 0.672493622262083 0.658208611657979 0.605292672527684 0.644829879129191 0.621635909625275 0.610208993597474 0.610714310218615 0.626368770039952 0.643559293998208 0.540607588362269 0.471027867270247 0.577997423670008 0.565053374238937 0.60304926630407 0.682789227662375 0.610586861755815 0.63167798196161 0.6479961513915 0.579541652829694 0.745674632615636 0.732084812790948 0.447014788489602 0.423018957800653 0.541141520192169 0.568960977220605 0.320863260479849 0.490274823609237 0.293564664387935 0.281223326411991 0.670091827489399 0.719160647971148 0.536421042569675 0.743234154883855 0.66580056819584 0.62386068445318 0.625354827765645 0.496537538819267 0.66688058919879 0.668350551277381 0.665252293223191 0.567253481351364 0.665270649209435 0.757259274661383
0.642703134730369 0.547538820779368 0.883959563727876 0.736782798822713 0.687727151124312 0.662069578547817 1 0.753953930911811 0.795647528812532 0.647827759827205 0.68662447260101 0.56239889580189 0.859124208965003 0.740933675445856 0.760950637910021 0.687732887856773 0.653814433996506 0.609714637445792 0.796292239508538 0.667096178979552 0.178165911404188 0.321533081997093 0.795162519430912 0.694509976857738 0.681378987973381 0.65737609503046 0.290603790910059 0.458635727648164 0.612446510416491 0.681706486035997 0.73135401252431 0.60348907417133 0.725583282713185 0.655592317139434 0.62058467922536 0.415654598056152 0.494300461733568 0.482770758837559 0.667771245637914 0.54301318210844 0.481749172554904 0.0933609823540892 0.682554041915905 0.684572823848186 0.616268185397785 0.616105474064581 0.673567253113288 0.66000702761062 0.665701408501155 0.620257493730704 0.637168474317566 0.607311109298206 0.519232613881635 0.545300890380759 0.620883932325001 0.61078921039351 0.601213853854095 0.544247570900415 0.630723845051963 0.572512901820763 0.770190268622942 0.618836083919318 0.690918400397971 0.613147960439455 0.842693079433554 0.609037600239576 0.719861029601674 0.606509639119354 0.564354692007672 0.46015743631489 0.67033125339894 0.548273961714368 0.499741342318737 0.58870832307392 0.274703888475576 0.400874548077268 0.537936789606366 0.510703171775602 0.457888850319616 0.574076207576884 0.647545680504589 0.612429121426091 0.647036872471672 0.508972491332033 0.808484027420782 0.65201851376648 0.659994180468228 0.553552018872381 0.786959097368889 0.734170077012086
0.680559397702275 0.684396271071051 0.607113272655031 0.909553382943259 0.575962708814816 0.766278963875707 0.753953930911811 1 0.738079738314488 0.809944427302855 0.591590818396031 0.771607968237535 0.641783332780353 0.889539501499828 0.622071913156808 0.851705087473473 0.764562002136436 0.792591326159084 0.662778823189143 0.784189355869776 0.0163404724365208 0.48084955022409 0.5839608831223 0.781850318448797 0.547520169286737 0.734273553139505 0.173857656628995 0.54305821375269 0.76490988148472 0.874673997453358 0.668101688811468 0.749058175885078 0.814032973063905 0.859427531998676 0.597166650475299 0.601041150369826 0.409410137241795 0.496982322508699 0.764892107434781 0.656157567555676 0.484937922660812 0.140107167771124 0.815984339063786 0.813106741550594 0.768240802543565 0.756567498758196 0.803467444011538 0.783801394752213 0.76654701431862 0.694784503282181 0.749228152607189 0.713528722648836 0.611155121134386 0.617337207892353 0.763733572852868 0.753838564745294 0.712456753315904 0.655188524974797 0.743452982599339 0.71935149631307 0.806544184204525 0.908139884876422 0.782485912911662 0.810667748501417 0.680936771841881 0.771793341944943 0.840762726288421 0.85324268058236 0.622766574457364 0.583380156248446 0.53126826196847 0.545772015726604 0.419060587509881 0.635296401513375 0.300862492489997 0.401645112125177 0.611452155181207 0.66439691346516 0.646743557925537 0.784589061240214 0.799582231530365 0.769469048099847 0.711318513078036 0.609823967118117 0.742127980535749 0.792269475733038 0.690007671766288 0.612588698735976 0.755536277853518 0.864241787978561
0.450661417121825 0.396307416305961 0.714389521855415 0.700578741327186 0.763554041271693 0.723214806309405 0.795647528812532 0.738079738314488 1 0.748481284056459 0.523839527941663 0.468486605088367 0.728898092684391 0.700378673563643 0.753526472178767 0.720353881510156 0.613890803565718 0.568416663551494 0.631398432521034 0.520388988264351 0.258163784346085 0.477497903559512 0.750907339602754 0.6704240083982 0.542783815068442 0.586334028836601 0.158034881365462 0.493567282065901 0.638556360738994 0.642096523527506 0.754223388992171 0.645782061236877 0.752452198242605 0.739945344384668 0.622860831259942 0.419381163114071 0.458549789176504 0.472996720569195 0.707531094835525 0.515634338513417 0.423479232870961 0.0500917514665083 0.712152542865359 0.693302247797248 0.56934994663776 0.593576409473449 0.680816926061897 0.609745043100263 0.619717594873739 0.592887871846678 0.646284655818561 0.575691065168342 0.712852556663238 0.707673762226589 0.590774974307309 0.549786863340962 0.51310916928277 0.411342571945032 0.506275972274086 0.460623333664284 0.631777380477173 0.596675993228209 0.586574131508719 0.56044200380254 0.766213216693674 0.465096402034245 0.668487041875824 0.607065377189848 0.424586395374062 0.315023660549539 0.738648044301863 0.667527926882077 0.524796173715249 0.628824260340098 0.267453757758142 0.470339035897675 0.700846317212007 0.744446826792823 0.51933757880056 0.682346822671974 0.625400703105021 0.51357585986173 0.588867309637082 0.365915905341957 0.681013752076961 0.542300175693451 0.600909404930889 0.428892546763056 0.758838715368502 0.718886349217206
0.499719565282281 0.515960730933308 0.594913833630068 0.760651984503803 0.571884994311537 0.776768862695654 0.647827759827205 0.809944427302855 0.748481284056459 1 0.496746256697473 0.577581140317116 0.635015497860373 0.794792200240373 0.719681182324333 0.863510639692756 0.646625126709783 0.663406822120801 0.608753136860616 0.639737633576464 0.0937301600990757 0.49032181966442 0.64768374252713 0.756450360569252 0.531455071090621 0.68643937263422 0.093148836561606 0.505002221182381 0.665519316136731 0.742696003758425 0.698394095749436 0.741067656190485 0.710286328904941 0.769349069416944 0.590853455106025 0.473678713515755 0.373694538824264 0.436512158249227 0.685259197788515 0.579513509974948 0.370988115885522 0.112179492584654 0.757984642900693 0.758420495314334 0.685118020885374 0.688422783751439 0.742891120177553 0.699497994218569 0.675044970380085 0.618870675547041 0.646699458579456 0.628693073464904 0.62705544414096 0.611758993728381 0.670815418510025 0.662939561285258 0.598976301729513 0.525372812164982 0.602492044325788 0.581803928757256 0.624533983334159 0.713044078393121 0.619686841858269 0.632090487576075 0.631218758935802 0.575120193871956 0.722010559946375 0.694891893962783 0.525995149086165 0.461444508374243 0.56004325775052 0.54105463054441 0.328309288296766 0.542871893813573 0.357257376589771 0.437960057943724 0.610190660102908 0.671305876473259 0.555498203751963 0.739774185676253 0.698105277951427 0.642568568088664 0.639525899614446 0.517150256500894 0.691937348320242 0.686640488402247 0.697248111333212 0.564391116543099 0.690736980024941 0.802995151638973
0.786289486320545 0.740532243164126 0.622483117368766 0.586299961141837 0.27553820489665 0.425149548389134 0.68662447260101 0.591590818396031 0.523839527941663 0.496746256697473 1 0.68518809302358 0.742554630166638 0.688178076376168 0.632372135464474 0.537188935113071 0.707279043338912 0.687960533544657 0.857478677161271 0.780376142204423 -0.0423536445340819 0.209594253469601 0.53389592662486 0.516421073859272 0.598387818850494 0.574224069271207 0.374985460103636 0.270645464920173 0.577214920038672 0.656458816608407 0.463642973335241 0.385909621256582 0.563736144248961 0.536068798183837 0.300621010915732 0.360849849959897 0.487882314928163 0.300020815624103 0.557416927633942 0.484272185129775 0.527468344963521 0.164161299972376 0.629691833800679 0.650516783792295 0.652229490150855 0.680405484093083 0.661406122888861 0.714109769443711 0.688910974139855 0.682654316561739 0.588923055965336 0.662626176322986 0.282239365048793 0.359133219881364 0.683090318638868 0.708636340403452 0.750349243974191 0.73316131335624 0.674238505975606 0.682567009248642 0.705594969220737 0.527509626003801 0.735269944848991 0.635605588710172 0.436512772128644 0.529342570442603 0.560231580256339 0.508250084355843 0.707207816354265 0.660121486344509 0.31157174312495 0.246628829025783 0.247020183558757 0.41406756393043 0.214452189109973 0.228700318081059 0.224890011395599 0.269170944548694 0.459467513067321 0.527695396504056 0.721344073428136 0.735731237034572 0.718877241118554 0.701931378341836 0.737502483199787 0.693086069806595 0.567511518030451 0.649491425564356 0.599474155716212 0.689820534825954
0.870985990605506 0.901221781667994 0.489459938712721 0.775467630688788 0.266378120149865 0.550154108987187 0.56239889580189 0.771607968237535 0.468486605088367 0.577581140317116 0.68518809302358 1 0.494875225544397 0.804819099982815 0.473932018513954 0.690006425106491 0.774480908979754 0.833624194044478 0.709671145403486 0.870015508269179 -0.180871759544763 0.354018905116222 0.38154522519953 0.639814040045638 0.537587134624537 0.706170984575855 0.357364668154739 0.359843113465363 0.693054835209678 0.846418366142084 0.437409725871528 0.490468198803828 0.67102573504906 0.688387612761071 0.3208318170094 0.535414210659243 0.504759276869506 0.500470988114843 0.674602420755191 0.728730647969129 0.558812908948232 0.34176711864164 0.729369150257331 0.767098113864267 0.781808731258894 0.793742369914186 0.764085649919591 0.83566793582596 0.792565278388334 0.759699617901476 0.739701799621915 0.791222228079322 0.370266965752014 0.435457188776271 0.831073506544945 0.852065373235081 0.858947535677527 0.8566012481471 0.846322559350751 0.867523249001042 0.812061624228598 0.790410139595919 0.835378501218749 0.848547857325236 0.396778470094802 0.724543874063166 0.717949550210207 0.742808983003081 0.810853407357113 0.788810274817778 0.221905446351301 0.263284833883968 0.238576992338112 0.436611386704244 0.228950897067612 0.226077284687373 0.287591897104704 0.377922823700068 0.635444371954643 0.677111767547595 0.827965095260909 0.882189051136917 0.752060615697852 0.829686337145869 0.69556345547692 0.86115629122121 0.58382017666147 0.742149298984643 0.607974751279424 0.816491046190069
0.531722066984747 0.457628095638879 0.744755322943392 0.579287687355357 0.515214087816979 0.601320526777287 0.859124208965003 0.641783332780353 0.728898092684391 0.635015497860373 0.742554630166638 0.494875225544397 1 0.740209226425532 0.811250565155261 0.667517705949887 0.606872679078304 0.548180277464013 0.763639257952667 0.60902062660434 0.154848840857894 0.257902698982426 0.758457059035712 0.598888354382587 0.677899806913246 0.587805110963199 0.28850345536432 0.402072126560324 0.56145831182928 0.589073587920586 0.644782776366969 0.500506875464635 0.638875588584894 0.582441732013267 0.529965009929446 0.350524778060197 0.366577036857731 0.346010540677397 0.607353775372635 0.44358736725768 0.404981533085042 0.0841627907518597 0.640627817171759 0.644321468771705 0.519833881715547 0.561301090349453 0.634297029466143 0.606347460169526 0.587539824005818 0.551529750731642 0.526818711554941 0.522597549785144 0.465787140772365 0.460073857211342 0.553656621604668 0.560966741605847 0.524721992026711 0.460759906624216 0.48921286774217 0.470657933837111 0.635899729872677 0.512913957448638 0.582611413333079 0.503626556431024 0.725024170158015 0.47575488755676 0.586915426837819 0.48646100900206 0.472113157975219 0.374007217298634 0.597658858500014 0.493216543095797 0.400021149263573 0.512261202220493 0.292107085228477 0.363253623105428 0.527221651932327 0.487703908825598 0.416095894802248 0.530553917866454 0.605585292106001 0.555937179055781 0.614975544543464 0.490551894979669 0.763554188490342 0.572459688500251 0.597794318790719 0.540192097019327 0.72808991957034 0.656044330892343
0.681356204837105 0.699514776803866 0.634514663514849 0.84903953143473 0.518966350360277 0.766711044324854 0.740933675445856 0.889539501499828 0.700378673563643 0.794792200240373 0.688178076376168 0.804819099982815 0.740209226425532 1 0.727801199064724 0.901109583890845 0.742867092597074 0.770315515185676 0.766382905675076 0.856338704827115 -0.0176265959816255 0.469187186547025 0.663316125966628 0.815912462743703 0.606171305453945 0.800530483805925 0.211831381141397 0.513420064340564 0.739367630871165 0.851993799152165 0.689217313101162 0.73306353669825 0.804997733884445 0.823439629697434 0.566048555455782 0.593933757073505 0.419775109880929 0.449219701036157 0.731230238996402 0.635169131133896 0.517692137267251 0.208983110252053 0.80785259335051 0.819224389731849 0.748697980038649 0.764015461041475 0.801283053425995 0.795322531105105 0.742235764394231 0.675214800399073 0.68165943911346 0.691558608104764 0.534651922355188 0.542054996006637 0.748921880934567 0.765774157217992 0.714194695904556 0.65729419666831 0.689229950211887 0.693579210414261 0.735059334252628 0.82359232029265 0.737702440780767 0.752195905456136 0.645388495627882 0.671033852050328 0.768515639538767 0.767422126175005 0.631065389974085 0.594748516843906 0.483466570198432 0.499707420670717 0.367781978187691 0.574043602598585 0.358117264357788 0.364203426685158 0.576792343575366 0.601291713196991 0.582033572752007 0.746772695802415 0.798113857418054 0.809584240508154 0.763971277319568 0.720054925755462 0.78741046499459 0.814389300130745 0.662563643788602 0.720611599480552 0.726276575308507 0.855017482149755
0.469040048868022 0.434789039032515 0.763630936938525 0.671143477664118 0.612737537853124 0.653598484466376 0.760950637910021 0.622071913156808 0.753526472178767 0.719681182324333 0.632372135464474 0.473932018513954 0.811250565155261 0.727801199064724 1 0.746337190652381 0.542301746099099 0.514284777680926 0.758875660779637 0.613590218188989 0.256825525944836 0.345891896706561 0.879588534987408 0.773374946652469 0.683420254868761 0.661197322780708 0.228164377584885 0.478066388605812 0.550782929633009 0.581363436994867 0.758643435148683 0.680717690248068 0.63782678828814 0.608055011310511 0.602928469073057 0.425799635002444 0.391121553701245 0.386172917091557 0.634532490728176 0.471070140179863 0.397158732926867 0.151195305321029 0.662396119634026 0.651023507945187 0.555254575356811 0.575011492560507 0.650216062934354 0.609376641190775 0.595945440326497 0.566590607222323 0.546286932625574 0.549566143188397 0.506805284914439 0.528104931404003 0.555738400497484 0.558238123777649 0.505503930290646 0.433485095382006 0.460789996308608 0.448089860836128 0.511903578423763 0.527305019837561 0.503802099126203 0.451317415505048 0.744867339863026 0.473137095510831 0.604807672046804 0.502340386009179 0.461450567943869 0.358118719828393 0.608013369279481 0.502147788349041 0.396299456286546 0.556614385800299 0.322484133446753 0.345826403921635 0.554148909456087 0.530659198501863 0.392721680893227 0.573127990137115 0.579387671414795 0.543906020476137 0.650517306207127 0.479552884140068 0.798500488465105 0.610030934363933 0.692216554450056 0.581649274320201 0.68951640229837 0.695475327043696
0.586302457126662 0.61081656746687 0.600592700185393 0.829620073601515 0.55577794579161 0.840109646249342 0.687732887856773 0.851705087473473 0.720353881510156 0.863510639692756 0.537188935113071 0.690006425106491 0.667517705949887 0.901109583890845 0.746337190652381 1 0.676931714716356 0.709036998489292 0.666066874696313 0.75774657226928 0.0707591021204273 0.51030413316937 0.667013620390514 0.848373290788728 0.594687755252753 0.818992295429244 0.136217048304364 0.567593907685017 0.699039466687583 0.796375095077938 0.671801444128954 0.762109408880422 0.761050122285873 0.800075499789058 0.600732500022925 0.627727291364691 0.400153680655713 0.453456707151682 0.726236660120711 0.649155960184376 0.445957102282511 0.188612219881949 0.791074408755259 0.793168338441152 0.736070097309902 0.741566355943612 0.774259920238749 0.76513458630561 0.722407948206152 0.653569605616756 0.666688938009592 0.669582756469102 0.557707058530739 0.56053966803582 0.706644592281284 0.733650999318083 0.658019509633497 0.596239533018374 0.64516856293879 0.637976043821732 0.656531609591251 0.799685054785148 0.653498349267563 0.664709365993818 0.685698308861594 0.678065384844942 0.771692308274617 0.772466865092079 0.588070103535889 0.542187553252783 0.504515899517537 0.508806993395775 0.301958875391972 0.532064297808025 0.371084959792208 0.349353682268366 0.611289946853413 0.644756538162756 0.548783471859377 0.732875717599814 0.731269543743321 0.740785353219123 0.735413840184271 0.638554268220167 0.778555117771382 0.807747300255224 0.703156080658222 0.705342363773746 0.686373918847455 0.839773986720117
0.801988450712977 0.811655800459138 0.61682273058871 0.760210256469435 0.386097964481983 0.641511654889722 0.653814433996506 0.764562002136436 0.613890803565718 0.646625126709783 0.707279043338912 0.774480908979754 0.606872679078304 0.742867092597074 0.542301746099099 0.676931714716356 1 0.951033419180222 0.76263917478719 0.827870009458426 0.0509228692079142 0.48352459510112 0.512484560668763 0.615839388116158 0.597289921825197 0.684806084438776 0.285673517201426 0.482644554233202 0.8503766947165 0.902956452439662 0.582336686297124 0.588603391012264 0.84326494080842 0.825594011232517 0.521628861924117 0.556849182453975 0.619210753934022 0.621068408670696 0.797338112038583 0.737737973283185 0.565727991670787 0.28694105020223 0.851536635919326 0.860731590281065 0.863949437759617 0.863493881498541 0.867461425503431 0.888807214940026 0.851894225916671 0.813343838984364 0.769141687074966 0.797758971850124 0.540743198566135 0.594034398851454 0.855680010762577 0.868899391152539 0.905674477568956 0.859427535574955 0.831065189326049 0.823990793528515 0.800953841859378 0.64160654411321 0.91044145989609 0.881636274158071 0.496995384572682 0.627171978732845 0.840631140946939 0.800677525443569 0.799959570495862 0.760598919394569 0.401711231416511 0.438293933885481 0.302442431601129 0.51344722490213 0.290382332543334 0.299671178091104 0.460696429973697 0.609978461290266 0.841568505345329 0.819466601646095 0.931497682754737 0.862759370173328 0.774515305161596 0.747234402756377 0.734968528276094 0.786783170844994 0.692425846016087 0.640085669072323 0.756653997227858 0.862788276696389
0.825438389336205 0.872236647580105 0.572417935357018 0.790351102135523 0.317732780658654 0.637624095495207 0.609714637445792 0.792591326159084 0.568416663551494 0.663406822120801 0.687960533544657 0.833624194044478 0.548180277464013 0.770315515185676 0.514284777680926 0.709036998489292 0.951033419180222 1 0.732827377402812 0.857413410309678 -0.0402059503016865 0.482783458048333 0.458675011454669 0.628646599038191 0.583441541240451 0.714391806114798 0.232002899690295 0.518789739308398 0.853847194805353 0.928239017083242 0.555405211789708 0.603874974457242 0.836236241522054 0.843584642877566 0.500992006057924 0.576835249858507 0.605143547703121 0.615489984058537 0.805844508680792 0.785744163750853 0.56141810218022 0.32737714317432 0.863387862729193 0.878267362066729 0.88173069918725 0.882030233782061 0.880006858148824 0.911686913239285 0.857507630492185 0.821117284229674 0.785795183273054 0.827750454607068 0.532813673495716 0.586268919311562 0.886231513956009 0.901391513852912 0.932586982894295 0.900507090211189 0.865789143645117 0.870438888317036 0.808792359459038 0.695752770887986 0.919249842838827 0.914464949549912 0.466581640525168 0.673087904489456 0.850229939713315 0.840464922094227 0.834098148887185 0.805948075430013 0.345210143332227 0.400463419220988 0.273811798524351 0.508360918875777 0.285934854940846 0.297574215871394 0.43545786658224 0.582273063276826 0.80821990768133 0.84801192455375 0.937441300835925 0.899293961850904 0.787356937828107 0.795751925783697 0.729805629839137 0.827110777898266 0.686719306471007 0.673310270705749 0.740308048775147 0.8890604468463
0.794977716826749 0.738179247171274 0.789511284335092 0.719941887452101 0.462825342240455 0.580089968809843 0.796292239508538 0.662778823189143 0.631398432521034 0.608753136860616 0.857478677161271 0.709671145403486 0.763639257952667 0.766382905675076 0.758875660779637 0.666066874696313 0.76263917478719 0.732827377402812 1 0.834734846293448 0.0696761412110053 0.316804568695407 0.693349171993973 0.682405493049166 0.630699871424748 0.700146985193676 0.344021467318959 0.410493616469675 0.651158766642746 0.753757373972245 0.666026280040554 0.597840682771779 0.729991014203825 0.68073135618879 0.496113192355453 0.4737516052933 0.574991713987317 0.475925034076255 0.680617523613387 0.601403375982579 0.514464362022405 0.164712992843187 0.775852447471756 0.791145973050765 0.761672212748871 0.78854985515116 0.794461934405931 0.81580740598199 0.808653345471919 0.778276803018425 0.71002419023245 0.763528561687934 0.437365423969935 0.522698318930775 0.744154579093613 0.780466729327692 0.777428161758748 0.732201618235275 0.734384613466319 0.734095638550775 0.715803916562057 0.570826399530677 0.753242180691195 0.673041205390935 0.575476495160803 0.568322256356984 0.704136147907821 0.614670181816084 0.72475883629709 0.655916499839274 0.50225706559084 0.423891085202456 0.35738656144382 0.523675415937057 0.250736769914118 0.287401455697153 0.425056851075024 0.45752589217178 0.549887342579557 0.658103385899708 0.765453196684361 0.770247348247884 0.755417731638781 0.711932184099184 0.801182479763012 0.749654942659516 0.663095926883209 0.688009804461849 0.707235874316412 0.801374477092179
0.848750186571525 0.881087762758416 0.616486542151823 0.830738501319284 0.369697199741943 0.632103948114158 0.667096178979552 0.784189355869776 0.520388988264351 0.639737633576464 0.780376142204423 0.870015508269179 0.60902062660434 0.856338704827115 0.613590218188989 0.75774657226928 0.827870009458426 0.857413410309678 0.834734846293448 1 -0.114923509687366 0.397754018488514 0.564209120498716 0.757241885232176 0.615714478189192 0.76927327903071 0.31695858411648 0.432242915246032 0.734249265345282 0.870365569013317 0.568316365749716 0.647805450066419 0.760584074572254 0.754588213965484 0.457732402283411 0.573890610715194 0.519635079998743 0.490582957176087 0.71346204180814 0.685250957372424 0.565939976936016 0.278296326061649 0.790732663060397 0.81880310216859 0.840969903762112 0.839011514071509 0.819419150621684 0.871751993623254 0.8252509810621 0.775068481066827 0.719604858444164 0.787210714071971 0.37770405649627 0.461086265705956 0.811952426313956 0.859988059570478 0.860317912076863 0.848711627777174 0.826044114739264 0.842192818432905 0.777747749168968 0.750423853367119 0.844140804831063 0.817386503441328 0.481743396670885 0.670523192858654 0.773087962525418 0.763310858616704 0.812526296931016 0.806355473713761 0.30643659778064 0.357891042686511 0.230151633847583 0.492642064769959 0.254404824681857 0.255849293829213 0.374857642109509 0.430606004625497 0.633514320846837 0.702159675016018 0.84411363959626 0.892940336623454 0.810375325546254 0.832277540802896 0.781974494902094 0.87146877180249 0.689743631988968 0.786194724118451 0.647702503414193 0.843959507557127
-0.0663478856301936 -0.132416702994711 0.213919429397077 -0.00707422292254339 0.238182787283644 0.109078454453392 0.178165911404188 0.0163404724365208 0.258163784346085 0.0937301600990757 -0.0423536445340819 -0.180871759544763 0.154848840857894 -0.0176265959816255 0.256825525944836 0.0707591021204273 0.0509228692079142 -0.0402059503016865 0.0696761412110053 -0.114923509687366 1 0.156953773235171 0.296532010934504 0.071226275587688 0.0709168592351593 -0.00617006525599524 -0.0176617646144275 0.0161065092184611 0.0809222076416044 -0.0230315447360365 0.254762144446797 0.18093273523501 0.119150655313744 0.110416144542772 0.257280942094886 0.0166288316624769 0.167339671019566 0.118419031233215 0.0763011633303429 0.00982581264810971 0.0663832493636468 0.0190138682258073 0.0860177009947919 0.0627691039779706 -0.025734621951908 -0.00136732791661253 0.0719517780340681 -0.00556565124930094 0.0045561401187354 0.0146206651721883 0.067299845984245 0.0174464289889708 0.244080113734964 0.210476784691858 -0.00794833563487587 -0.0309126949006285 -0.0558143166710567 -0.109196887714506 -0.0433305069585871 -0.0919123077896285 -0.0416397539776634 -0.085430555985721 -0.0150322217765198 -0.0636427829426609 0.224011082573417 -0.0238482631298247 0.106930981939588 -0.00496279935219679 -0.072155902299958 -0.17941029794559 0.298983980652874 0.310605074502709 0.289946430907941 0.253249205341894 0.256321885108092 0.188147292140945 0.253611523161499 0.23800026421529 0.0717744702818158 0.0763811584489525 0.000653246495295448 -0.11284072543203 0.0318801398040463 -0.113240838440231 0.0863490125788071 -0.0902485118973482 0.0933662986252149 -0.0433547866961749 0.213847665025476 0.0644483898279266
0.281967065302509 0.339127674995036 0.366076796303671 0.511761177122034 0.346065132197037 0.49141962337303 0.321533081997093 0.48084955022409 0.477497903559512 0.49032181966442 0.209594253469601 0.354018905116222 0.257902698982426 0.469187186547025 0.345891896706561 0.51030413316937 0.48352459510112 0.482783458048333 0.316804568695407 0.397754018488514 0.156953773235171 1 0.361021255909807 0.487802317455656 0.319126449936397 0.495321891832318 0.0180147281353002 0.415641971773658 0.487236659222766 0.509925028709417 0.465765361464023 0.472959427874196 0.560312432178956 0.575750626365951 0.511918392255202 0.456701282616799 0.374817561215728 0.470995725204808 0.527230522219313 0.456257302369747 0.336511962537124 0.0938555642790726 0.5549200555243 0.531794681021447 0.515448556994106 0.501046843054086 0.508659827291728 0.495638366377184 0.431852776032364 0.449722035634305 0.416644596214553 0.446128609600593 0.464996774699581 0.491673586492963 0.487931185261208 0.467961600029838 0.406886980508252 0.363200925106453 0.389263294489977 0.396874500367042 0.354127444675892 0.401382058781185 0.384952150370312 0.415403776992538 0.389659125297856 0.387572181647674 0.574624835145945 0.541553824564049 0.327966163613277 0.306029451771376 0.304613417063217 0.406818846377775 0.161864570978328 0.314991825874526 0.0600734516731642 0.281032284448844 0.450879569122336 0.526422449718614 0.447014788811573 0.541484737956551 0.501126578778114 0.4376679386083 0.424211990810221 0.388932388004338 0.400992356918523 0.435199953773361 0.3664714789351 0.345025517120802 0.474893541449674 0.555608233898375
0.402864133189557 0.354174009509216 0.860133581051598 0.679182585185189 0.70956354695469 0.632824659495743 0.795162519430912 0.5839608831223 0.750907339602754 0.64768374252713 0.53389592662486 0.38154522519953 0.758457059035712 0.663316125966628 0.879588534987408 0.667013620390514 0.512484560668763 0.458675011454669 0.693349171993973 0.564209120498716 0.296532010934504 0.361021255909807 1 0.804938770631535 0.698671973570263 0.648415236055916 0.272074033206419 0.488765721234117 0.51803277087771 0.537935924600152 0.789655849300665 0.696258582256665 0.663378834862876 0.582571964762847 0.713482703344802 0.458399361526598 0.371385757433867 0.376407980465537 0.575550539340008 0.431953940446166 0.372233809325932 0.0752392235712942 0.575563269603467 0.561858416626494 0.481836748393075 0.471701873664225 0.563902847936523 0.515672456986365 0.508631931521954 0.466510056521622 0.465914470432181 0.451884736797074 0.467823776923902 0.480558499017638 0.461863083588163 0.464428085991496 0.428116836467871 0.362605418677817 0.397123304412164 0.370945847900678 0.489636296059607 0.469176226781311 0.49689826610392 0.439840923765931 0.832954739264472 0.445436773298469 0.608448375240723 0.473169215349123 0.392140730166849 0.301036344801283 0.633501472124312 0.512739474213041 0.434786113554463 0.574903034505649 0.289608280071629 0.373222750849362 0.57820131249911 0.50766234310051 0.393289396486167 0.516824184114663 0.532887279987189 0.499279823339627 0.608260706543483 0.417596947218967 0.796328512148833 0.549770526066729 0.666752240493533 0.522841261409233 0.69382692955568 0.630861070421099
0.561884318947089 0.583285697807969 0.719583351239615 0.894712890357985 0.632682316063573 0.731997913388394 0.694509976857738 0.781850318448797 0.6704240083982 0.756450360569252 0.516421073859272 0.639814040045638 0.598888354382587 0.815912462743703 0.773374946652469 0.848373290788728 0.615839388116158 0.628646599038191 0.682405493049166 0.757241885232176 0.071226275587688 0.487802317455656 0.804938770631535 1 0.652946768079374 0.817876230084217 0.220279169559323 0.53310724236129 0.625081226022703 0.730135728355384 0.742397883209824 0.805483187848923 0.724973978480416 0.723851643068206 0.707582510169708 0.665198466019271 0.377331832538411 0.37893283358909 0.668785037393807 0.610031021387115 0.442161834433943 0.192324773695545 0.698251212418637 0.697491535298678 0.684448816829883 0.65721754346699 0.697603402136044 0.689934402868862 0.66611756612983 0.594618387767057 0.593256189437244 0.613850803789003 0.446096515826496 0.492794086422731 0.650292633027107 0.65880965630158 0.608551951178115 0.568914004493922 0.59371517939934 0.594063713688845 0.591095479296743 0.731988215575071 0.604171784446134 0.608958921744427 0.716547575909025 0.677239299972302 0.7501286400163 0.723978631780976 0.564430074899507 0.525764391415308 0.48606310927846 0.446664018393119 0.342822753708275 0.565015686260509 0.336421827011702 0.311431764191583 0.545902234681088 0.51510467992538 0.496981015065333 0.653642678412763 0.680526850905749 0.715162129421751 0.736036838119326 0.618650049616459 0.802293849199198 0.788786120038122 0.743442827426937 0.700013471129369 0.635433739230223 0.777046253879865
0.579674360353185 0.568920046143326 0.742867573712745 0.612863793081993 0.39072509669842 0.532361948838954 0.681378987973381 0.547520169286737 0.542783815068442 0.531455071090621 0.598387818850494 0.537587134624537 0.677899806913246 0.606171305453945 0.683420254868761 0.594687755252753 0.597289921825197 0.583441541240451 0.630699871424748 0.615714478189192 0.0709168592351593 0.319126449936397 0.698671973570263 0.652946768079374 1 0.730410844076885 0.36773644879388 0.388975695143796 0.561397717914253 0.58577590034725 0.516554681897964 0.460648802127866 0.576646399879049 0.488312949143854 0.573221130713359 0.439566425048889 0.443854766866017 0.43071051552444 0.559737468056729 0.578521497209114 0.400454385900341 0.324503128674291 0.55084412460756 0.552771250217067 0.534393054793105 0.522737573756412 0.543745387320057 0.593127972238113 0.537528538143188 0.50914192843211 0.459611029950364 0.517181517529002 0.293203785460965 0.308416190062609 0.591311385290579 0.609362684382971 0.6150922781156 0.58928641600196 0.568444586460811 0.549509540118216 0.578372084422787 0.460591551496323 0.591253999478997 0.543244023521817 0.673120506080441 0.626887589776534 0.628170204223778 0.517752111029097 0.597640344641631 0.523384142507412 0.350630629293261 0.216473038040857 0.282237044206362 0.420059546958185 0.242783194855116 0.129863364912064 0.292820163258018 0.286693682490413 0.375717826273009 0.490683986775897 0.628624867050526 0.658884051374975 0.637129135935601 0.585077242681683 0.803626568276291 0.682976310408389 0.598041470090016 0.667540549510514 0.678458317778547 0.653914271089005
