1 0.780089009126619 0.567872057987408 0.476029671473484 -0.0303377572882579 -0.0117309216750486 0.632569361101206 0.398997989823503 0.330842819580766 0.00989702507182961 0.721101230397039 0.676142028831918 0.843854506341169 0.706253112152984 0.607832188693379 0.581431217020618 0.763574200094095 0.698634082540287 0.702171379193277 0.676826149857366 0.318580085581171 0.0653319889513539 0.454423863008806 0.33941832817213 0.0781763160783245 0.219968495223696 0.225811335706672 0.0969548307196764 0.697452043366348 0.576071353265135 0.367389692932141 0.300390133947379 0.665533109323152 0.525281902747148 0.503409907506819 0.514239690946456 0.446549959237927 0.308420368687402 0.3647094680013 0.383231547076887 0.458841306476968 0.401035794036792 0.707342995770767 0.693211067047112 0.639098701805809 0.607580970376289 0.724130659704392 0.678717084133038 0.669538005131388 0.607679952813675 0.704442157688914 0.690551183032813 0.662169816596243 0.617447495540607 0.677264423144357 0.603098906774899 0.835209898301972 0.775181040747617 0.752970347907387 0.655304028504775 0.846140811740009 0.543139259429744 0.784289854871671 0.623792589112241 0.570360821599248 0.549927469733678 0.562610843501872 0.515693825887358 0.280246592464697 0.312548411481522 0.432546814633894 0.35245963608156 0.350636204734949 0.400499597476404 0.245549678037765 0.171142715431649 0.407293724839524 0.332756275327327 0.527038548110427 0.590848189996521 0.710822737042164 0.609381093265253 0.559582223223883 0.589788611105376 0.813984651671077 0.703940333416315 0.405427735751213 0.51493685456687 0.726394930993359 0.654442222726209
0.780089009126619 1 0.452627003195544 0.604175467938769 -0.0526844969333851 0.0717421102242665 0.586936858390278 0.483308107338437 0.200294744903798 0.0857817987912453 0.566344264847151 0.739641556284022 0.647247929894374 0.709230072522648 0.457359727009978 0.627509663689193 0.813032088427052 0.866400004768594 0.415658221333214 0.628436436992175 0.519153074829282 -0.026882145938548 0.38664666004521 0.382901006155021 0.115556273631749 0.272826351591702 0.38378221973198 0.0340507078976857 0.783420747413644 0.800554223982123 0.333215967685363 0.271118468140866 0.733854247247878 0.741958289735836 0.552717224342761 0.572683433582218 0.673423700701216 0.64851960747749 0.700073175179394 0.703057540256186 0.359244913293343 0.332367777595323 0.74553375222202 0.74564956424374 0.69697038647661 0.684970419423867 0.781531117521493 0.821052390648882 0.776556707972947 0.6626403097573 0.774726634754016 0.75316448924528 0.763895158086247 0.689382038855916 0.848610178338246 0.847238476125029 0.847715187949151 0.893462469029353 0.699202844978147 0.552292671021854 0.705203721583204 0.604707213793271 0.724522877691973 0.725940844532819 0.512096877815968 0.485112167016633 0.422047235877524 0.344146609821112 -0.0383642360849509 0.162931201943064 0.434941326539033 0.539029497169448 0.499887233490985 0.423505641006297 0.513601029015093 0.232727911264891 0.594384236402054 0.612754868956378 0.686922368019349 0.773685903538481 0.800884172021987 0.795609690659018 0.675768292263025 0.680927346326753 0.755246224250003 0.853950714611161 0.646429305054417 0.749429939063212 0.691890603356492 0.85847252400467
0.567872057987408 0.452627003195544 1 0.753658317148774 0.57393185705677 0.301919906690618 0.815241667024878 0.638437175864578 0.739114381874401 0.38283949837751 0.551899118197213 0.369828556545792 0.560353432054383 0.478760548883142 0.73901898580638 0.513744679371377 0.371351435609333 0.285185963612358 0.631447992361118 0.277071828958602 0.378114567443021 0.114790479814146 0.877467859292957 0.701192528359584 0.670049334461426 0.602023150279995 0.370958339949462 0.271217017528961 0.267632446096626 0.211969352977649 0.705893166092369 0.628088099502221 0.395918680692521 0.248527677518703 0.554049674400419 0.488215844206654 0.315898922523673 0.168834013647422 0.101868273126961 0.168627947678258 0.276592934784271 0.411481022809048 0.328453243041312 0.306594762290859 0.368236267800719 0.355352610595847 0.31968202083574 0.316829026668902 0.32659441121985 0.345476875565716 0.369767585551756 0.361862654649456 0.358247591300453 0.41480389446368 0.251740080071253 0.267988696256471 0.406238834957401 0.370048368310112 0.368971104280251 0.287101886622197 0.503848649283254 0.346253689097849 0.338679850368337 0.143121129650807 0.802276407492991 0.659930005165029 0.620295758214754 0.463531798410783 0.223867315862105 0.26859194070312 0.406756091337687 0.353256842186414 0.206063072737001 0.285803468893644 0.0157963907278574 0.129691204485485 0.226019489681794 0.125151015861789 0.286524046990497 0.348571792469508 0.390015871196987 0.425484863648974 0.337420673883672 0.404964959302557 0.59677503811608 0.47110881331408 0.133649194470144 0.325108366619941 0.480794275159097 0.411807896348908
0.476029671473484 0.604175467938769 0.753658317148774 1 0.504385976058831 0.41089710348507 0.794884497744933 0.898986386675036 0.622383540445381 0.527575744999224 0.448478365796377 0.655555486565161 0.468062056883927 0.700279063762448 0.517977036067821 0.601850665356286 0.436012261734429 0.423646723774049 0.500395210347846 0.338136568691351 0.464858619569025 0.127500118803142 0.760465379994946 0.86773794280521 0.627075909685349 0.603622447808459 0.422248059491693 0.178494200271295 0.398292279008018 0.454795972117241 0.7305364364454 0.747691642407606 0.569005105474708 0.56044610181649 0.622123691875166 0.58743451365476 0.447563806968606 0.43553949249462 0.339960189596172 0.382857478223059 0.226230246860191 0.28457754309571 0.378479939872138 0.399234920652573 0.492091539749397 0.518694972466082 0.348637506149893 0.456179950167282 0.425644603579775 0.462061443082236 0.45517434191885 0.438814544239614 0.460408280628864 0.44155855884587 0.390004128966258 0.454598383354919 0.393728458405475 0.421585160098023 0.36216101698752 0.273386808493791 0.44280758341852 0.582697686071965 0.416196154776677 0.493520830761477 0.596540541838327 0.670218339957703 0.497946888811945 0.422892911889007 -0.111849270330598 0.0213453909044913 0.539555646322759 0.619708464166814 0.442399882761713 0.48559709716819 0.269375209331999 0.335613249698532 0.484111729768807 0.429866962341238 0.370316861086172 0.445442300449395 0.490180822685053 0.536702701187324 0.362929881719753 0.357735525403942 0.456943017871607 0.601612058196869 0.246519885833491 0.430430755011337 0.466153263851217 0.580172832697085
-0.0303377572882579 -0.0526844969333851 0.57393185705677 0.504385976058831 1 0.558011348139963 0.383506908397956 0.554705360960508 0.743312808010039 0.678378987108222 0.228354266242181 0.0625786653723405 0.106105615486605 0.11461975828141 0.345149046391873 0.166356506056675 -0.117771944892017 -0.15633407033701 0.218051455343559 -0.0740789916225619 0.0482461635794775 0.180232622043813 0.501582443545254 0.544110072777082 0.796411686048237 0.437596379855936 0.369575305146878 0.264089257293671 -0.181241192556647 -0.146949503194024 0.513807574464778 0.503469291065208 -0.10126017145465 -0.110730524790564 0.0570988432688677 -0.0206952627322593 -0.0262721940308881 -0.127622143078479 -0.236274207151078 -0.149106320580155 -0.0051268067888644 0.0972225976915027 -0.257125700308096 -0.240904183147866 -0.104343615521188 -0.0540665210036999 -0.225996216154838 -0.18424959468261 -0.117197095640404 -0.0557985530626565 -0.118003456328493 -0.131219901790525 -0.118029378739791 -0.00954578662185155 -0.219874122605904 -0.150330440095422 -0.165980285616384 -0.148477717762061 -0.071582716906002 -0.0896833549814747 -0.0396113018493404 0.0851840600798391 -0.0520215771763006 -0.139997473566022 0.190252568210249 0.175621597762878 0.0724256874193855 0.0250690490559625 0.0360168260639804 0.0961147228779342 0.153267753552138 0.1882557292911 0.0100201059923367 0.101218013489199 -0.132460480829514 0.141807153348053 -0.0384086034363501 -0.105739207971657 -0.116217152118128 -0.0583447186622921 -0.0716329065935981 0.000120351366448364 -0.19467673188238 -0.0860870495989834 -0.0754566684193897 -0.0823981430511736 -0.330952134374818 -0.142297168767389 -0.025031610143334 -0.0579241997228567
-0.0117309216750486 0.0717421102242665 0.301919906690618 0.41089710348507 0.558011348139963 1 0.207508950988633 0.480702309314288 0.435679555549025 0.492121083687277 0.0413254670807381 0.152903850403089 0.0164069890333512 0.189843755841844 0.108984261822168 0.354058976417251 0.0181002487412557 -0.019075399061423 0.155013258782463 0.140520838673246 0.161772541728584 0.46362825554646 0.243524247155882 0.362805085982978 0.500368290281327 0.28782839864777 0.406454919651358 0.524915925266551 -0.0963407772873659 -0.0511271164331717 0.373274305800303 0.421548255035343 0.0548109618516446 0.0418781749204401 0.148974806434742 0.101071636399895 0.000665606946281208 -0.053065393234567 -0.162225810688015 -0.0954020541711465 0.0230733792849542 -0.0391559920441046 -0.0740630694635223 -0.0445956406103752 0.105458537209956 0.117182715675196 -0.0658644744436834 -0.0188885032220194 0.002621671046968 0.0620357482798934 -0.00898000682853358 0.0380411394777575 -0.0489903711503627 0.00574260823860455 -0.083602169946667 -0.022548207454938 -0.0121615839181871 -0.00797640837856961 0.032846467884271 0.000494170763740872 0.00857072964388492 0.192816943816833 -0.0664382005875726 0.0527297286978698 0.0900468517396105 0.195857151997265 0.164420529176773 0.169521969595541 0.0791288440639783 0.113703219352496 0.122711447778478 0.0965890191014213 -0.094050973158004 0.141722301144182 -0.14494989770672 0.0702243821722456 -0.00817426002465256 -0.0535717268965907 -0.0451163791727005 -0.0405889403045721 -0.0343878442776364 0.0477579254546776 -0.0293065207960868 0.0430145708191322 -0.0348422521038235 0.0917710100429834 -0.293110977070963 -0.050793518520538 -0.0227372565185873 0.0225142368910319
0.632569361101206 0.586936858390278 0.815241667024878 0.794884497744933 0.383506908397956 0.207508950988633 1 0.765460562698115 0.628825594713917 0.410229306688988 0.553296767141276 0.572424108024329 0.660123730553909 0.675427807919329 0.663989323907506 0.564955562709602 0.547101041363714 0.465286377691932 0.606080346001062 0.35635758407472 0.425164020474413 0.0947496150631808 0.803579276466534 0.726615942698439 0.586224782410498 0.541877241216083 0.346014626698423 0.211030230464844 0.50639701750998 0.470145680933034 0.764209001808883 0.665131246580145 0.692651970654518 0.59853321201684 0.673538239404009 0.619908463030094 0.461690280243059 0.423814014230451 0.379032978103159 0.342052428586501 0.32121018608559 0.36434258261094 0.539917345543397 0.569348081637051 0.625606402154943 0.641433974547249 0.488977550563804 0.582703781393219 0.555107459447031 0.582917426044573 0.562642411393558 0.556800012964535 0.562488815829382 0.569721448353751 0.477633365372587 0.500211092034685 0.512185006699038 0.457927145601079 0.515892497410198 0.378756512493915 0.581553791897848 0.438250790802428 0.570373900741848 0.453168931825962 0.698782258494136 0.60872370303958 0.642141799345038 0.543301963798115 -0.0651391813670067 -0.0156795037961836 0.58509523113361 0.602478094347834 0.53362543971404 0.560503147746858 0.30121259618365 0.381886498921507 0.524657550007407 0.451173905665875 0.430514816452497 0.464142991860586 0.578060341177032 0.535279946261699 0.513207783068395 0.386898787638371 0.662575932883374 0.627692723653092 0.320828434372302 0.463322777071968 0.582786031127691 0.580706082515764
0.398997989823503 0.483308107338437 0.638437175864578 0.898986386675036 0.554705360960508 0.480702309314288 0.765460562698115 1 0.654102729371372 0.652416190365928 0.404118932631562 0.653543935173214 0.444760844455726 0.711337381459718 0.438883666922811 0.578353739414865 0.337223228409892 0.30621560524261 0.483261987576428 0.316529661704639 0.374041906487934 0.157687019688824 0.623729105366291 0.795211748478177 0.663074883504222 0.553805173665645 0.432768755248529 0.241782038805268 0.288615701788796 0.386192891351402 0.687225864933222 0.757615893300839 0.500573882710189 0.521925050951268 0.49158274315751 0.461844833372482 0.326525488962746 0.325203335393529 0.229630999215728 0.272190001975055 0.198283338277526 0.197942058305311 0.287867238271322 0.341628163510055 0.475710177834395 0.536270324091054 0.262601279575242 0.385767456996636 0.411555224938336 0.476584904355834 0.418540446544335 0.424634700072697 0.402746916773259 0.372743008954265 0.31118091845983 0.366844041275957 0.267877703233113 0.284330145700086 0.373705031946363 0.297699379677459 0.390168488675772 0.577869635215098 0.385907527997694 0.494320716034486 0.400192676249792 0.531603166162716 0.411343752390795 0.411651120456746 -0.145400840824275 -0.0531174984970586 0.565937577793272 0.656888497358858 0.500378722166403 0.570396717687359 0.269296786454383 0.438141618008912 0.447411521497355 0.38121116063504 0.233720765087097 0.305252599619589 0.396797180983856 0.42652810124182 0.271317737079014 0.23132209468919 0.360072211885577 0.498743080050986 0.0858118703298804 0.27513298814491 0.440334666171824 0.484846256515203
0.330842819580766 0.200294744903798 0.739114381874401 0.622383540445381 0.743312808010039 0.435679555549025 0.628825594713917 0.654102729371372 1 0.540944473633997 0.429460589665134 0.262199290174357 0.39558178880329 0.36324118448687 0.633533122131669 0.416879583760399 0.137390559476189 0.0352029133885177 0.468537697572473 0.184874383344603 0.146841900742354 0.234999202197707 0.617747538055273 0.598229569369884 0.683677352351649 0.374218779437326 0.369071181367491 0.332594099087353 0.0133055710818996 0.0159885401673264 0.535545952942707 0.560885674059238 0.17403690121066 0.0775038895425139 0.258393734256107 0.215748242067312 0.0978643091768673 -0.0505714894553691 -0.11018324756213 -0.0353384649657814 0.255374882125665 0.285401782712564 0.0238074224280289 0.0404660249017374 0.189318029650472 0.227104748826278 0.0333492766396118 0.0667697793968791 0.158698663939207 0.227628119005568 0.158885687778231 0.168118079802363 0.122922551884719 0.180393351205961 0.0159001961488516 0.0465441127764218 0.126917292681898 0.100617356609715 0.253037853577235 0.229557004429348 0.263053749098329 0.284790106055741 0.187931212111134 0.0499191066373397 0.408045429057711 0.393412613257142 0.37238484450571 0.321359243046045 0.189081491151798 0.218228097174074 0.410139462972105 0.326258336817785 0.123821186290525 0.235711459050671 -0.074508033812114 0.138647776300847 0.0831274313350915 -0.0344275737160107 0.0287476404778375 0.0928662593313805 0.191577708530085 0.186596942781218 0.0894373056523722 0.181541334039707 0.279293275317119 0.187645507959913 -0.10474459098128 0.125048451817258 0.293801881679791 0.198852107978637
0.00989702507182961 0.0857817987912453 0.38283949837751 0.527575744999224 0.678378987108222 0.492121083687277 0.410229306688988 0.652416190365928 0.540944473633997 1 0.171043636572343 0.299307706025615 0.168211338746267 0.334433119524165 0.229332814733112 0.403468781052026 -0.0409156137448638 -0.0128632088830281 0.121958763094147 -0.0749673256226439 0.122062549598632 0.064252947903233 0.396120307900143 0.564431600709489 0.684213612889782 0.392181880880948 0.463569893610919 0.154996734383474 -0.00533421581082234 0.105163032815631 0.440877257535057 0.495016357928195 0.138387295456378 0.218571740275026 0.14586783857936 0.131396188721953 0.074920639162828 0.145985831533819 0.0578893689662951 0.094402505253104 -0.0646277278600277 -0.0164478404143481 -0.0995189882629634 -0.0281490984781004 0.110670412984094 0.156878800375707 -0.124817087374848 0.0461412734195106 0.0664380148614815 0.106049449795213 0.0246984162932219 0.0404928037967519 0.0117094695280976 0.0568575968443334 -0.0364851536358402 0.0721951668396379 -0.135595307588803 -0.101313282237528 0.0598052194751231 -0.0583155805293942 0.105281756197598 0.324234957603997 0.0595118072496309 0.145227517803584 0.0848591115586852 0.19690540786405 0.00601611899885483 0.0327493653088712 -0.316937677272228 -0.244642809221079 0.30589075392524 0.445544122577114 0.329513025314145 0.332728947237207 0.156565717224973 0.323866225684646 0.262481908327202 0.246065204814385 0.00237554636892502 0.0354061455797853 0.0242907819310929 0.0723662127987219 -0.111078525212953 -0.177415142034946 -0.0352226142406867 0.115807674736491 -0.198582762403802 -0.0397308322315416 0.128431452226417 0.107758316590376
0.721101230397039 0.566344264847151 0.551899118197213 0.448478365796377 0.228354266242181 0.0413254670807381 0.553296767141276 0.404118932631562 0.429460589665134 0.171043636572343 1 0.508689950386093 0.772088175075738 0.557435406940959 0.573120666326797 0.412622140149943 0.552144727346792 0.523244179653596 0.613306834195198 0.403135354670814 0.216383336675555 -0.0483172387038945 0.489408308224938 0.400794112265349 0.231279542877702 0.144936101038873 0.277023269284751 -0.0247076522514189 0.514518362628074 0.419269489524113 0.34383057123609 0.21922822469069 0.362155280880757 0.29908755325935 0.225475815252178 0.208958630005259 0.29179111426611 0.247736751464313 0.244608319011706 0.309807133711205 0.256123813304469 0.239599452470434 0.377094747647655 0.357036636399866 0.257645658463498 0.262550267310897 0.398818487284586 0.386095402650257 0.384348726053121 0.2575694752488 0.38022388956119 0.35826342690736 0.425399274505794 0.395726283359868 0.375743738195939 0.416178873171205 0.531148025911121 0.528182030928045 0.385895684576352 0.298956076036999 0.536633970177189 0.377164980113489 0.603831428320374 0.39093941912371 0.407622827072234 0.323889559551943 0.186066027719248 0.113016249852421 0.0927735536052673 0.200796045152538 0.303962756547388 0.338575085683741 0.319099263476901 0.281353280401532 0.27970547444873 0.15055570005278 0.238411063448214 0.247695631568133 0.352681044086315 0.453738877764431 0.540531796120996 0.563652349703378 0.401108663414099 0.47781657784433 0.620260705017504 0.523642642190527 0.372142936439385 0.48763934255929 0.535915713710108 0.492614025677879
0.676142028831918 0.739641556284022 0.369828556545792 0.655555486565161 0.0625786653723405 0.152903850403089 0.572424108024329 0.653543935173214 0.262199290174357 0.299307706025615 0.508689950386093 1 0.70176288964915 0.92364791554881 0.415771978431723 0.674386945610559 0.540798715025674 0.572563510335084 0.439425250063723 0.538061968655726 0.297231862459512 0.00742610918732843 0.393759536495417 0.534875933127819 0.162762859203917 0.308105790618785 0.342896083432874 0.0163990196146333 0.625742790769955 0.692404547449256 0.357542380052698 0.435686113439679 0.660896978581165 0.688445452301998 0.527298272300235 0.52388023055045 0.446454430689924 0.48936331165597 0.513739194014758 0.501717466151876 0.259407162768062 0.206681210355837 0.535153242425082 0.600951084591768 0.612342814568412 0.643733743500612 0.519838277451361 0.619372967882423 0.575408080623223 0.563574524174787 0.590105400747578 0.613436472387757 0.542303129307354 0.453125702697707 0.631168061329637 0.621617019721344 0.51639761577921 0.546666277504509 0.613081697268681 0.465831101362997 0.707566859798599 0.819533588749327 0.634991107461778 0.826819532491639 0.360405950909062 0.565668543384757 0.364790700523554 0.397081160729322 -0.20051574018872 -0.0888362507164821 0.522364417147268 0.610180839944415 0.565257208851217 0.537380689029398 0.47685692187828 0.364005013145879 0.602686747154518 0.576921267538219 0.385655737334124 0.504151657723214 0.566590503343958 0.515509944084928 0.451024141444189 0.355186814856375 0.499309593856392 0.708052642247959 0.340116846573859 0.428036870021361 0.554690294954814 0.66325487690324
0.843854506341169 0.647247929894374 0.560353432054383 0.468062056883927 0.106105615486605 0.0164069890333512 0.660123730553909 0.444760844455726 0.39558178880329 0.168211338746267 0.772088175075738 0.70176288964915 1 0.764826978237655 0.694078404619652 0.624588444436708 0.617513117341266 0.555193814366719 0.57797840641794 0.48152369953972 0.225293458385013 0.00093433670230974 0.514642904520245 0.415729530925127 0.183214965669227 0.254603140131358 0.235760519056193 0.06541984015077 0.669293956389619 0.54936158811688 0.392660990095719 0.322119441355039 0.578339347466542 0.494119524793021 0.431416516854658 0.421774605273103 0.378380382780719 0.322580327562125 0.388519550374018 0.336711263142826 0.37304835043687 0.347649061638745 0.544903465751264 0.557661796546406 0.50700527826215 0.500159140819503 0.538191238835383 0.562712065798715 0.53288367613807 0.455574532339949 0.564125394072121 0.568944828953863 0.534521196305491 0.499954244850149 0.573294240875022 0.525367426923489 0.618751009254712 0.576429458872315 0.648783567628375 0.482542356295316 0.835080695755008 0.583656527144868 0.709088538915749 0.573402618124634 0.539421569344887 0.514275599645636 0.415456721488223 0.393881401712541 0.0643160031178159 0.100715018048079 0.404696004523734 0.407694175270422 0.426170182059773 0.420252817078044 0.326812901413151 0.255097395009371 0.430399869946186 0.395634984113732 0.393640558517155 0.454365512490631 0.596573827734972 0.515788574370662 0.488996747023281 0.441097143113108 0.734044090528065 0.651641970508384 0.383831417758345 0.46700968361699 0.675590113954432 0.603272477428885
0.706253112152984 0.709230072522648 0.478760548883142 0.700279063762448 0.11461975828141 0.189843755841844 0.675427807919329 0.711337381459718 0.36324118448687 0.334433119524165 0.557435406940959 0.92364791554881 0.764826978237655 1 0.524881599801173 0.754708100577593 0.523782783363102 0.53647521272514 0.516676293013869 0.46816116382809 0.348613153870666 0.049332629463899 0.509954595290716 0.616899409949714 0.268839447788868 0.331063206473796 0.334549487447173 0.109034622519609 0.621621313538944 0.64584311422977 0.454861114830504 0.481844597633297 0.655183232395384 0.642861432078942 0.551042170865813 0.537932966386621 0.387576494915587 0.447128502079589 0.457322638784168 0.438085062040874 0.258474189785867 0.269326264829522 0.569941998811456 0.625756450818508 0.628272935376885 0.650890901379588 0.53227601733595 0.628475066405844 0.591817062441164 0.576519409806536 0.616445113554191 0.645630921911995 0.571361014391489 0.494964485353069 0.606791822091331 0.606973812786266 0.515545681824574 0.528268968765668 0.625620588490688 0.479783240830612 0.735489592952342 0.769821584115743 0.645930169040902 0.780648434440808 0.480391079112602 0.616197152344189 0.428522703440538 0.442007743034287 -0.154242287297209 -0.0576763560189048 0.495159422445922 0.583307554001285 0.553014700650221 0.572071292066061 0.427020534808374 0.37396698914697 0.547731499112206 0.51480874357226 0.380613267616341 0.495359925804311 0.583510089372811 0.539781960098264 0.488976020663425 0.411053973012303 0.581102241391796 0.736658318271539 0.346625344893559 0.466691072797989 0.636295188627626 0.698556506143663
0.607832188693379 0.457359727009978 0.73901898580638 0.517977036067821 0.345149046391873 0.108984261822168 0.663989323907506 0.438883666922811 0.633533122131669 0.229332814733112 0.573120666326797 0.415771978431723 0.694078404619652 0.524881599801173 1 0.606765848676963 0.373454406028861 0.305062523705648 0.53080226122433 0.30770496291401 0.362371078020047 0.00544865959511809 0.750822496947547 0.586363501892842 0.416090484700163 0.335437125550526 0.241775605814322 0.192283767325645 0.366541503287821 0.293489503169957 0.503313553809283 0.419156927503761 0.390991556343539 0.257301191066754 0.436806124745136 0.383040707452264 0.312700170214589 0.16955810240934 0.213246951687086 0.218015841489244 0.345752226118644 0.442024388670859 0.339867668139825 0.347101345971397 0.34998956629235 0.35789579010525 0.359006327330781 0.344883901049233 0.336089760627999 0.328251867221638 0.357724195318371 0.395609600831852 0.336843211311325 0.362986466159321 0.365758176335049 0.309654234620272 0.439235907832368 0.384719206163176 0.464546312482931 0.380977712088084 0.577544906749711 0.360644252571729 0.440086554522272 0.248092267347679 0.701378621960971 0.554707649154982 0.518122315495637 0.426028797441197 0.224424730547698 0.259023445338595 0.329190291914151 0.253253044290723 0.192311314337085 0.189302443336762 0.0294191962190085 0.0480046679868208 0.261508993315452 0.155171300168285 0.279747399037451 0.358957752734494 0.379145365792252 0.349613412014751 0.435016647898672 0.423402116659079 0.613840819557369 0.455835115995854 0.276685735847429 0.336958929517855 0.559237909534098 0.478665104497858
0.581431217020618 0.627509663689193 0.513744679371377 0.601850665356286 0.166356506056675 0.354058976417251 0.564955562709602 0.578353739414865 0.416879583760399 0.403468781052026 0.412622140149943 0.674386945610559 0.624588444436708 0.754708100577593 0.606765848676963 1 0.430607143746264 0.436772183625283 0.424669466335306 0.384332141442611 0.462364458163718 0.229085771877459 0.533910342169417 0.560658488217978 0.314615576144274 0.40093622896251 0.442716767992379 0.312328723196048 0.479553501672515 0.502104360843382 0.468806507167146 0.492526470119671 0.563969010095294 0.508616447442589 0.551275727597749 0.543065989645962 0.30960158897646 0.328735994020669 0.384593082564794 0.356100818319207 0.185111969925889 0.279012933994955 0.465835007313524 0.50850961824791 0.554738904886977 0.551748226213583 0.444109854190335 0.541048393846559 0.505323581259028 0.5102108069476 0.544227271170172 0.608885222273729 0.459362759400684 0.410774743110227 0.513691080010385 0.541157697329416 0.463847524641183 0.473516807994095 0.601891994997577 0.427923911741679 0.661480664970951 0.613825964698024 0.445342420871973 0.523523398837369 0.535233206019219 0.622879680948914 0.500499591971514 0.489787545477289 -0.00572683560175431 0.0885761136525599 0.379450933424342 0.418412559417128 0.351681959258807 0.465236601631646 0.209841959998028 0.257102251749773 0.389157058749497 0.367193244634406 0.352753116593767 0.414502259204071 0.465778602183015 0.458084491000409 0.534111858580954 0.412886785512703 0.568950298175186 0.665036830113626 0.247538899651081 0.4483812247125 0.669950716736424 0.620143921047839
0.763574200094095 0.813032088427052 0.371351435609333 0.436012261734429 -0.117771944892017 0.0181002487412557 0.547101041363714 0.337223228409892 0.137390559476189 -0.0409156137448638 0.552144727346792 0.540798715025674 0.617513117341266 0.523782783363102 0.373454406028861 0.430607143746264 1 0.893707241533994 0.417729577323796 0.59288396698284 0.418440905320886 0.0277962320785701 0.326775313315062 0.271512399120584 0.0938132340882585 0.266150475787816 0.295612481263147 0.0595365151211466 0.854044012081536 0.752778365586002 0.378936522993036 0.264135891420852 0.758404121284381 0.730867159779227 0.519469812225239 0.555176151998977 0.628652948734163 0.581798245922408 0.591435843815838 0.57690624864109 0.43412834510519 0.269427534990448 0.751857157184986 0.723323689777034 0.667806049042997 0.621211332122526 0.767275363648068 0.79284507695421 0.726840758305998 0.61677196223994 0.706393119473696 0.645725341584101 0.732633581030937 0.737631193865622 0.738668471283193 0.716608102577221 0.911510371680483 0.857975973523615 0.564594795051138 0.460243674041125 0.605147007886927 0.371832893408444 0.78508929013658 0.652227747801902 0.439459536853638 0.345515551683845 0.44661934961513 0.364099218022724 0.0594602555321542 0.18532799572026 0.412748912130078 0.445458850514276 0.484377239463216 0.482069015606897 0.461649239460454 0.29157979552708 0.546361439347687 0.57620157747931 0.796581627584586 0.697806023935899 0.844655126469934 0.746415585111177 0.647080500005958 0.615266621265197 0.739897140863446 0.726201651529478 0.563055287629003 0.618573364684534 0.584234645983868 0.668224441718003
0.698634082540287 0.866400004768594 0.285185963612358 0.423646723774049 -0.15633407033701 -0.019075399061423 0.465286377691932 0.30621560524261 0.0352029133885177 -0.0128632088830281 0.523244179653596 0.572563510335084 0.555193814366719 0.53647521272514 0.305062523705648 0.436772183625283 0.893707241533994 1 0.284594683470887 0.537157993450845 0.413789700502021 -0.0721710700716177 0.247571098631689 0.228888156399377 0.0644393584259027 0.206811684326422 0.364551141484284 -0.0698529473362086 0.872168717005941 0.871116662825851 0.297323756982281 0.15402734653442 0.724210570125355 0.752500555473408 0.468379127886561 0.5043488387835 0.646596179459538 0.683916750405747 0.704343366932934 0.709615716676125 0.327646097901508 0.247102867397447 0.707417083436461 0.691428692717619 0.602485010436403 0.579388750084968 0.729958594661981 0.803764574448595 0.728627001511261 0.591365627548701 0.724908196712055 0.686459770973637 0.792897059307312 0.751642180087997 0.803015617961243 0.838073503345883 0.878688919072619 0.928221890759408 0.571864105229672 0.469148712176514 0.581460059730276 0.388745212284206 0.812999849214082 0.739351141616889 0.352719232551946 0.245338141333602 0.300552286905278 0.229311464342108 -0.0915619053116311 0.138130814587885 0.297787032331464 0.467205861511002 0.471043329759931 0.403774071662125 0.546512469679202 0.234603194044583 0.56424276763502 0.634780244532328 0.820248403250086 0.841209171680122 0.885802046592964 0.847964758362436 0.663746980201629 0.689199036260981 0.713946359934238 0.811092902096158 0.654779768832967 0.711585428411491 0.617542977856282 0.784971810371091
0.702171379193277 0.415658221333214 0.631447992361118 0.500395210347846 0.218051455343559 0.155013258782463 0.606080346001062 0.483261987576428 0.468537697572473 0.121958763094147 0.613306834195198 0.439425250063723 0.57797840641794 0.516676293013869 0.53080226122433 0.424669466335306 0.417729577323796 0.284594683470887 1 0.619078884583331 0.252752202706384 0.229635784214095 0.576322061620822 0.457901352246051 0.226923766889632 0.32338728290838 0.208897122828063 0.212284021874253 0.284344855454765 0.142312068420345 0.538556559783733 0.508869377887069 0.431258308071075 0.227960202459945 0.380937879636849 0.365862419805886 0.157992758941533 -0.0579561120367621 -0.0810032173780693 0.00447196187475693 0.26508278957778 0.314998446079538 0.426772190441394 0.422323173644756 0.440842298041489 0.435953555559578 0.428072237517639 0.335692067454313 0.39571684620102 0.425457537072891 0.397757365927176 0.388625721215499 0.324935405301248 0.36286048433173 0.261440894933171 0.191042179292878 0.478698334430292 0.36163241205887 0.430922049952505 0.429258078795874 0.495579367364175 0.315887364099931 0.435773742243716 0.254244220727318 0.473354100065295 0.503150317399157 0.539001154604283 0.4803394389679 0.437127077239476 0.353059222788498 0.433490795064207 0.203666880322988 0.183910719482995 0.416772723303886 -0.0609159265315441 0.159428575951349 0.169266788624362 0.0165105873111705 0.167625602890731 0.202310032724992 0.352039171463078 0.260478327752308 0.308713196059136 0.31812377134506 0.496489418516 0.331254228932848 0.037030961006636 0.158154595035792 0.46212117657181 0.250764765615953
0.676826149857366 0.628436436992175 0.277071828958602 0.338136568691351 -0.0740789916225619 0.140520838673246 0.35635758407472 0.316529661704639 0.184874383344603 -0.0749673256226439 0.403135354670814 0.538061968655726 0.48152369953972 0.46816116382809 0.30770496291401 0.384332141442611 0.59288396698284 0.537157993450845 0.619078884583331 1 0.213165197244365 0.232834441881004 0.210483397226157 0.147904351819573 -0.0561360630757371 0.147397484406937 0.294943075305207 0.235305821797499 0.476124059544957 0.387987040347441 0.222246101304686 0.234307992104174 0.481791605114061 0.387753758038238 0.221843982455379 0.263278688511339 0.305966322514432 0.0885037294203488 0.133969941998215 0.162160879760002 0.370196463591601 0.242024583604966 0.474370147172937 0.463016872672257 0.501167622923271 0.493674545305372 0.568933879707843 0.461679678545449 0.519862899454622 0.461446385987443 0.513750199577683 0.475441979616407 0.435274799503457 0.410238534842969 0.52346584967996 0.414677162829916 0.660202321570493 0.609499933811916 0.551792819180942 0.580061967561103 0.510071174223102 0.373726932765916 0.597878546400024 0.525994565441549 0.235017748724847 0.278319799914058 0.376079327320399 0.365702608612468 0.43711998634559 0.465422775745006 0.309483273793503 0.177473516805019 0.157725980526608 0.307350682797115 0.0803924474114333 0.0666058602785176 0.256776412103872 0.141478662342067 0.344305304827679 0.376883273442682 0.505088746263601 0.377759646778942 0.362153380434859 0.421544618449025 0.490183431340176 0.430075162639189 0.158254809831715 0.276385637084847 0.384404074703241 0.377689186442462
0.318580085581171 0.519153074829282 0.378114567443021 0.464858619569025 0.0482461635794775 0.161772541728584 0.425164020474413 0.374041906487934 0.146841900742354 0.122062549598632 0.216383336675555 0.297231862459512 0.225293458385013 0.348613153870666 0.362371078020047 0.462364458163718 0.418440905320886 0.413789700502021 0.252752202706384 0.213165197244365 1 -0.0392505885632147 0.405600181305424 0.414357563668502 0.294389327423993 0.419901603567941 0.224884587462323 0.169124013451837 0.413250322341348 0.410366720566304 0.478597434041881 0.41090698365408 0.46678150174899 0.466863729040916 0.477170882496232 0.419829265412347 0.43161014454354 0.47097362682137 0.418423038068863 0.472155217180766 0.0300410851327456 0.1721775114085 0.4392188612248 0.484747396056888 0.421485483453596 0.438663433225283 0.389606464336293 0.461338707950218 0.384573604561371 0.393566541031714 0.376235944388302 0.381361034975124 0.364345836901297 0.352695912898361 0.393128131832194 0.414241789234297 0.403453437647786 0.426579304332993 0.296906171287563 0.188975970903385 0.270025359284286 0.247930313188437 0.318175307173516 0.30530866832494 0.450376919497435 0.311105248675172 0.372027419456371 0.264990527813333 -0.104093844009604 -0.0287280995853377 0.389269948052807 0.434433966595107 0.396243199513135 0.371957073397929 0.266429593692382 0.192423468347525 0.368584374616481 0.39932888985611 0.427403524484686 0.405875897336474 0.369660282510776 0.398232206243219 0.57603446604884 0.384210278855652 0.393588122332672 0.450030456647971 0.453670965326729 0.451764476077344 0.410052818628314 0.518428685286656
0.0653319889513539 -0.026882145938548 0.114790479814146 0.127500118803142 0.180232622043813 0.46362825554646 0.0947496150631808 0.157687019688824 0.234999202197707 0.064252947903233 -0.0483172387038945 0.00742610918732843 0.00093433670230974 0.049332629463899 0.00544865959511809 0.229085771877459 0.0277962320785701 -0.0721710700716177 0.229635784214095 0.232834441881004 -0.0392505885632147 1 0.0355291427319186 0.0198118865921995 0.130117110081331 0.119172327454193 0.176215799484253 0.550608969615457 -0.128998478114099 -0.201113864398271 0.15076792210693 0.258408322300224 0.0478576697206987 -0.0694060015533378 0.0743843202061256 0.0676092889795496 -0.142672224558482 -0.242200181090786 -0.259131317303432 -0.286068964721565 0.046924060484709 0.13826365805144 0.0209900611556831 0.0478176408679322 0.157471974709489 0.130661752477569 -0.00346674620239924 -0.0101436388927131 -0.0150567648020492 0.112673040358758 0.0333198476616356 0.0580164657149233 -0.0339036601031881 0.0109373457018673 -0.0966054014835583 -0.111124863197275 0.0677999119557864 -0.00883100285436916 0.128204153612683 0.200964515640654 0.0501904592878856 0.0257827983835332 -0.0650578645772599 -0.0428009069467919 0.023244655037775 0.0772146261885409 0.240495872379177 0.257527546164271 0.283006787049261 0.245856384211577 0.0886467316937367 -0.129852881500696 -0.175513637978356 0.140759337591028 -0.290140254965258 -0.0200866621748571 -0.117465735333648 -0.199976111870833 -0.170127758193687 -0.179023871069114 -0.0763399272323399 -0.108689495853404 -0.015157313688676 0.0224084208239498 -0.0294367802866961 -0.0256865093568763 -0.322157708908702 -0.0858431683188933 -0.0260802411785042 -0.121262236013684
0.454423863008806 0.38664666004521 0.877467859292957 0.760465379994946 0.501582443545254 0.243524247155882 0.803579276466534 0.623729105366291 0.617747538055273 0.396120307900143 0.489408308224938 0.393759536495417 0.514642904520245 0.509954595290716 0.750822496947547 0.533910342169417 0.326775313315062 0.247571098631689 0.576322061620822 0.210483397226157 0.405600181305424 0.0355291427319186 1 0.832067866328991 0.650073408106109 0.631130522329821 0.354239278013989 0.226644140969053 0.327982625780307 0.268444322910459 0.80172739950208 0.695838327474396 0.456220100517192 0.331898609015515 0.619483822433088 0.532394080619713 0.294109915328906 0.231827465587684 0.175486187040393 0.174444253479242 0.183085032580186 0.31538944867133 0.345660032883456 0.336968319525469 0.362159906489749 0.356719042806601 0.299320490662599 0.330923586747457 0.280777719041727 0.302473165829168 0.29576887872277 0.29237587045719 0.308563767970386 0.384700505756672 0.23973901251446 0.251771550755335 0.319790637616525 0.267258455826606 0.240458275082815 0.162010552162979 0.443974913718068 0.308290989295017 0.350021916503433 0.196188650090636 0.797474127639252 0.655357883877038 0.606729945621665 0.450961128912352 0.0613950076753712 0.107671115250466 0.387570105274501 0.360029378232051 0.252338262671442 0.323799003854354 0.0660809930586718 0.203009787067211 0.309584295608532 0.223507202918091 0.288261956367288 0.326432910719443 0.339253165330625 0.350211427144302 0.336577935638558 0.266899792238854 0.498603454770029 0.433796961191505 0.170976233932888 0.275811236735494 0.414454671144483 0.380636354558623
0.33941832817213 0.382901006155021 0.701192528359584 0.86773794280521 0.544110072777082 0.362805085982978 0.726615942698439 0.795211748478177 0.598229569369884 0.564431600709489 0.400794112265349 0.534875933127819 0.415729530925127 0.616899409949714 0.586363501892842 0.560658488217978 0.271512399120584 0.228888156399377 0.457901352246051 0.147904351819573 0.414357563668502 0.0198118865921995 0.832067866328991 1 0.676473553878618 0.574059793968638 0.306892793890708 0.132499848463435 0.273871529122907 0.312741046112108 0.74793924059816 0.747561534239795 0.433300465118012 0.413370429317706 0.534575980054133 0.495071872346749 0.293760060419343 0.29580632012977 0.201417372757097 0.222945641795948 0.110730055383615 0.21485720670278 0.259283563178693 0.280051653236488 0.329394319476062 0.361797268100034 0.213423050723956 0.308678502540632 0.266835129056973 0.303407041963115 0.266289366959265 0.26710447288576 0.285946417688041 0.323187062039238 0.221486471402385 0.260719747795129 0.218789241924247 0.21045008506784 0.197870412694497 0.118706841681981 0.344600696232785 0.463462267191624 0.311942237017401 0.351944787578614 0.574834951864026 0.619643696528392 0.437085984185633 0.364206778183864 -0.117754458361154 -0.029330971885605 0.458347768462694 0.49111950915345 0.366667688630246 0.404819741470362 0.148782645340418 0.313402482675385 0.370548443465819 0.326103509308716 0.258223760813645 0.317400288285723 0.325498405913068 0.364184758624449 0.291957093885809 0.169895996594744 0.348087899187561 0.430976642350371 0.0927349279368061 0.218086307294607 0.364824680783935 0.397226174366984
