1 0.836162192354695 0.478345993972853 0.574592773442975 0.370568683736274 0.4196096609039 0.464288703207247 0.338570451866946 0.345400753297689 0.277986540501865 0.778165272328099 0.512440133427106 0.690179256676577 0.547754570950997 0.397010547445254 0.459487814934559 0.645946034781459 0.658517384448052 0.759367678528748 0.819820272108921 -0.0500724459276094 0.0419715011877203 0.352855023376578 0.421609424004185 0.420096138407882 0.308685662665722 0.393791831758711 0.429418721278475 0.372280476592849 0.568931624485468 0.212475688917521 0.292968788110056 0.448224076403379 0.363082018919865 0.0580781472042683 0.0765892160422441 0.495480782516996 0.539960172483112 0.313903005697319 0.5094308132402 0.361853873347843 0.276782999036298 0.2205974115533 0.0938630897894355 0.322333597127359 0.323230042605054 0.386051086485383 0.413637984703785 0.251696217102526 0.243253387096605 0.443580028062151 0.274568108925193 0.41602093453258 0.240218429503868 0.638411677788849 0.552321993838036 0.852570574709137 0.768230067852075 0.550862674277431 0.397617077631079 0.590629820027015 0.319707630192768 0.5406337306118 0.515836050101964 0.423996989161283 0.283423906941311 0.297969993939734 0.241675082013449 0.753734887711799 0.557972565289692 0.404667763190944 0.297015891754888 0.169391993132642 0.309456544978792 0.108892524338661 0.301052321907612 0.179792584315704 0.242935875922676 0.496504495508156 0.484385788102507 0.798954523043462 0.773634409283979 0.716099092512787 0.563719285730077 0.811916238901867 0.659059957980835 0.498274853867716 0.566630562185756 0.72627541251176 0.647155884899617
0.836162192354695 1 0.173054469043107 0.389484669758341 0.114110176998209 0.243753775770942 0.168108920583012 0.18788508270574 0.0564342595863202 0.131982085907681 0.609543965882514 0.607417442224433 0.378013814857041 0.520261186118776 0.0596007486215693 0.306875065910766 0.716301634980701 0.805732598198388 0.728305448328121 0.845397610358798 0.0152256274838624 -0.0177561642967718 0.0305846025802114 0.222206179712926 0.301368564296933 0.20534550183238 0.266527921714458 0.386380982849437 0.396301324457931 0.677165776048195 0.218660984482259 0.320975893701078 0.326185901357594 0.381009988738888 -0.0742999548051864 0.00481178284463943 0.542515060347635 0.62281942119273 0.400581738799207 0.599040482577673 0.43368397552665 0.29105175968789 0.281543837421976 0.160643255328049 0.458091025998269 0.486758644202047 0.46125321545214 0.510672244661574 0.406876117732774 0.422622630969853 0.461002903765101 0.359860328442261 0.472672435258882 0.284819812004098 0.707303294382879 0.726598908367937 0.890104215486283 0.844260413238181 0.498444451441044 0.445836183449048 0.311054815172707 0.205138751029627 0.591507953011243 0.66878955747214 0.190885793156456 0.0270121209737347 0.139414731903507 0.112630057353887 0.769484184396644 0.556284842436965 0.354681306146571 0.227062481339102 0.120226433914301 0.222373767448565 0.0388725884868329 0.217769607776431 0.175274951803935 0.214230668601196 0.505599106023454 0.602123425537648 0.841482387620486 0.865708652317899 0.72828154109802 0.70170498716625 0.756432291994915 0.713480697110994 0.56487213172124 0.652807318236321 0.615565166108384 0.736235120323121
0.478345993972853 0.173054469043107 1 0.685895234257406 0.695390498755271 0.526373337264895 0.821240247397403 0.428975203903932 0.669351579670128 0.298713425023223 0.436408841354503 0.0326745214461418 0.681816154581713 0.247501838599048 0.737823896471988 0.441742508945168 0.326147165031066 0.180678846163776 0.44335723951758 0.40277570383513 0.0485622576492667 0.215274629115577 0.869441825961621 0.628672723837548 0.672523702296757 0.581359364543631 0.385074180577292 0.452596213328854 0.288301085816386 0.108186293884004 0.461392272385717 0.264654838105171 0.692393128103085 0.490754945572602 0.610041974319476 0.481328960653327 0.307600818442041 0.125594947053063 0.0960811718952226 0.116167432835372 0.139884862273268 0.160489293166805 0.256507714454334 0.156816508851949 0.217086398472535 0.123032844940472 0.24974808580877 0.198334032167723 0.116651395121271 0.0299129280327329 0.327284402266808 0.149636104425108 0.361285420272459 0.299529313986683 0.41623231927461 0.172055063531254 0.325661621086976 0.301996492878969 0.399850061695001 0.202441218869949 0.625835727964825 0.280689246519046 0.352615330061734 0.230522294918467 0.769101761859579 0.578293533768526 0.726060768720544 0.580598875321287 0.365634410367696 0.468249715111764 0.394429063592137 0.371409468814508 0.265365155619732 0.367230434472893 0.100566690295394 0.189525233094828 0.246269394573154 0.313787494865814 0.284417278700027 0.183539914331821 0.334540121268665 0.233677868029731 0.281139973980574 0.0570473631371727 0.524494923691235 0.258819869956771 0.100967274532963 0.145559542236159 0.605880119527155 0.274666836229748
0.574592773442975 0.389484669758341 0.685895234257406 1 0.492019297374731 0.733646680936408 0.704056656209037 0.817917165385701 0.550770989955107 0.61525464303394 0.455776435747485 0.376324929340509 0.574249414598335 0.624595577901603 0.558222211305652 0.738557335093882 0.409109672306836 0.298002249061195 0.443064419280751 0.502322154844722 0.0787902627565676 0.0722310394724742 0.601420428085295 0.806994199016489 0.494184097767079 0.606810695028649 0.324233930750386 0.346834130027979 0.407821348926215 0.385747029805029 0.412704688837144 0.464702599570864 0.699980086665255 0.652501781289001 0.462147687396593 0.501255586990943 0.320646675030932 0.14566417411194 0.203829659664125 0.189063249970563 0.193209939949957 0.157171359808422 0.386038092727778 0.307884314175209 0.364188150850706 0.299671040833305 0.455542858039796 0.377609550834086 0.282065394955995 0.249385394622774 0.496022306481376 0.378138708459772 0.552574927666889 0.389581591377485 0.549432965647308 0.357374883747326 0.390411725165622 0.352499771585016 0.580925057009081 0.42321061490336 0.682933353187211 0.71993128336681 0.429268566700134 0.486334904027063 0.584170584534052 0.729306138178734 0.597698013510854 0.661405952861069 0.435019988241039 0.53204100714847 0.539998511484175 0.586784185022076 0.427100327420154 0.479989782079096 0.126664060695824 0.244069176073959 0.276430458612776 0.472061038380904 0.393949202459542 0.362883530617967 0.495065419714356 0.404209427874438 0.420319447956817 0.206773555056363 0.527207450081665 0.46984074921937 0.196171306016062 0.224904522093651 0.669864735879371 0.477007755069549
0.370568683736274 0.114110176998209 0.695390498755271 0.492019297374731 1 0.590136753936324 0.656361006294543 0.323118439867809 0.771953208186808 0.477229812408593 0.241188958871032 -0.0327164566960988 0.547752751936753 0.188094968905787 0.680772923515565 0.420028222592303 0.127936569607553 0.0956537793280013 0.203624917509242 0.202540248433572 -0.0260533738202566 -0.0192098472256166 0.650479371458959 0.57752440853856 0.654779257028029 0.563325053666401 0.523021212262918 0.448278320048558 -0.015052536285327 -0.089956948414063 0.121884164313768 0.0533461159571214 0.411682000290593 0.196147235227921 0.511288206247751 0.368451394508579 0.255189471064126 0.0802290945218559 0.175388140952423 0.066592368635321 0.0535738302664504 0.0718619480862414 0.0542441723019669 -0.0098087020592413 0.0605009449703735 0.0295208475755816 0.101009035744039 0.0852209571236171 0.0335269100067758 0.00419115159505682 0.277228812785606 0.102669670666089 0.246807476747686 0.259281834120349 0.358676559509372 0.134540248507466 0.255497941634763 0.212413677185742 0.306570685380921 0.0661679081483282 0.492219318408538 0.304576322786218 0.0791768130418548 0.0511035415564126 0.759057457078981 0.595018667674119 0.608412799896431 0.421210288597348 0.272864682924675 0.293822938191471 0.202178163976715 0.165281738118249 0.135060251826822 0.15980175477364 0.0112267570130685 0.0314711512387964 0.122840919339025 0.110934875294493 0.159205496816551 0.113219889624363 0.208001599087959 0.222614865863383 0.23732787355767 0.0804858397249443 0.494216658862604 0.284993353397383 0.237869282209245 0.238290951613785 0.587081675812313 0.298212217735434
0.4196096609039 0.243753775770942 0.526373337264895 0.733646680936408 0.590136753936324 1 0.58712617715711 0.689373186607543 0.6607700992192 0.788337674634801 0.304763585402377 0.120844415448826 0.512358185780638 0.542618744581498 0.552863091691491 0.696606698964072 0.291819291737441 0.0923815592318561 0.272717935289928 0.308715438590831 -0.0550148795985989 0.115584767591806 0.565024914980937 0.71440288431601 0.476421681901232 0.595878561191524 0.446168921747458 0.376128625246926 0.256801112357443 0.216998124252425 0.287536267460411 0.312822968632949 0.571426707466056 0.526744072983614 0.510212283460149 0.432928621177971 0.207155980727968 -0.0621761732177104 0.0941559995752691 -0.00260587901481071 -0.0131458791562118 0.0563340468900425 0.350231724450489 0.310458177984713 0.296322646919716 0.263266428522052 0.393101799595878 0.30180343747177 0.291904007301754 0.251690072612771 0.464344686627842 0.338308430630504 0.457527510175273 0.355116676935692 0.431404837129964 0.264996586533345 0.307714987601152 0.277365140396639 0.481030765201394 0.294913795560057 0.564831078459094 0.636567082694495 0.200446767096394 0.287843854745975 0.583910161810603 0.68456769577405 0.574587107974282 0.582817298835 0.20342732770629 0.391349475487983 0.264279926205858 0.471332295754985 0.3383453404222 0.371494899769264 0.0456054276612274 0.285470724490377 0.037802861071264 0.349708416054259 0.301249821182034 0.251225866707756 0.297143958949449 0.214521937541622 0.320192112535797 -0.00163559517242347 0.400104466533058 0.264551231986299 0.0691495039660369 0.099044204140024 0.597670117578285 0.338987223834994
0.464288703207247 0.168108920583012 0.821240247397403 0.704056656209037 0.656361006294543 0.58712617715711 1 0.618233100755486 0.797315815857444 0.40798025709923 0.381368606598019 0.00909963034060186 0.632729030749089 0.258755101673619 0.671353141246706 0.396853690507256 0.294608079511651 0.0864502706778331 0.29136324888612 0.311034447533176 0.0490188155577571 0.172230149548641 0.666878895386513 0.558905026662157 0.556914085162415 0.458803879116304 0.268432836824621 0.310156622633851 0.297914166488919 0.103455702747904 0.245434495044147 0.11012571608597 0.599236737901082 0.47311225043633 0.528254832054605 0.374289144500355 0.274018550025168 0.0558346973429148 0.078490404764644 0.0646494681669044 0.0637961056870071 0.205240308874636 0.2713640730699 0.235439379577175 0.223123635905732 0.169459051216356 0.329198770475971 0.289446810115739 0.228893933363358 0.177997588449556 0.503391614530677 0.341239075838535 0.481589773454258 0.424147151983761 0.418493320552242 0.168330510956888 0.286802014574543 0.276795592962448 0.601823121779709 0.388392823955656 0.786412845017839 0.502289170100712 0.364823615075834 0.275562452022364 0.698113760766304 0.67659736445427 0.696836614994424 0.610475664527116 0.284780478421698 0.461575031772629 0.347072469778917 0.382897251082535 0.356650950790967 0.380309729056928 0.0947890784087337 0.153045831044804 0.174974632794448 0.333006064737366 0.274154958358557 0.116595265894256 0.317783534582786 0.172431919744742 0.230915099120421 -0.0502058397681166 0.462407059499099 0.190196524486328 -0.0104667387810432 0.00707988837465553 0.645475949900469 0.269745183076715
0.338570451866946 0.18788508270574 0.428975203903932 0.817917165385701 0.323118439867809 0.689373186607543 0.618233100755486 1 0.463748808372721 0.685513318007327 0.269831557933255 0.368644583789181 0.376124450535376 0.61836644545642 0.380316918003118 0.670547215634257 0.237144913344339 0.130920852224641 0.191865800927079 0.238016119765028 0.0178120814834264 -0.0547821439798232 0.426942884652109 0.67271814926131 0.236560033942843 0.356066035590836 0.118278223179751 0.109362549508582 0.379475407299319 0.341053198844201 0.276710075329712 0.39529117092915 0.620904799594295 0.607141283979437 0.45536935728422 0.450579570513267 0.0842935599581669 -0.072160051235295 0.0805302719682624 -0.0241099122395751 -0.0565063034748887 -0.0367678959947183 0.459246235946945 0.46742939128145 0.368027299803306 0.319899620411405 0.492999789002417 0.407648309145576 0.392713785186272 0.383447444372994 0.547838453591298 0.523275362937811 0.567208203732469 0.452035041144373 0.401012132655124 0.272002828922799 0.105673153956128 0.0790394760091355 0.595951282048813 0.530481848319683 0.630253624085743 0.897511206323037 0.282064319980149 0.445356874540105 0.370963310141574 0.702157137702375 0.541681173213187 0.676186221430103 0.179763533767496 0.380974875400631 0.490810705440198 0.574853487917132 0.511030979170075 0.433542859879165 0.0991597987917934 0.195561374972324 0.332590690799318 0.577915944612316 0.300898499668326 0.304182753788726 0.225669222588087 0.146080211511916 0.115334569664943 0.0760027915158547 0.227639256968529 0.324922072578471 -0.0262655472649635 0.00336919858119447 0.493036012360671 0.39310828936508
0.345400753297689 0.0564342595863202 0.669351579670128 0.550770989955107 0.771953208186808 0.6607700992192 0.797315815857444 0.463748808372721 1 0.570995147174298 0.295201353516484 -0.144502150180055 0.49100725057585 0.172354179882182 0.67524975459031 0.407347833542226 0.071929733171606 -0.0791083140065477 0.145643084975027 0.166263051869266 -0.0966635469689851 0.138178594827274 0.624550166679877 0.573054424404694 0.468868590936815 0.440365550099246 0.447453015941545 0.258024803219144 0.0576316054400777 -0.0891088487104042 0.085895352543778 -0.0529351769799614 0.409487784073533 0.25990419309005 0.490552540323403 0.295255015448247 0.165828209905658 -0.0639875885226298 -0.00471700675621075 -0.0918798370025314 0.0637002551505321 0.1830913242608 0.0261497546680166 0.00896340591495262 0.00175582261739939 -0.0242347821693408 0.133453309769552 0.109399282832322 0.0752628224790838 0.050677240437481 0.371062312215142 0.228002114279394 0.343745021081003 0.332474926020857 0.268322074077874 0.0582755701547942 0.193317359394874 0.16299249262321 0.417560993679547 0.192391495320186 0.569255878019856 0.340757045571729 0.110064919921256 -0.000447901471061837 0.574234395371134 0.540315851869684 0.518975441749275 0.397455022207167 0.145032193890532 0.286084246113223 0.20624112043399 0.326315073420962 0.181927287357776 0.271833414917337 0.0804997327339711 0.117998299553015 -0.038074095271657 0.0808621303380732 0.0456751981812604 -0.0669458235871218 0.166840619856789 0.0547982808574121 0.206626077900299 -0.143722373376804 0.336707145783198 0.0517107569664942 0.0228429702893327 -0.0353570831071487 0.502512643999465 0.133882993222068
0.277986540501865 0.131982085907681 0.298713425023223 0.61525464303394 0.477229812408593 0.788337674634801 0.40798025709923 0.685513318007327 0.570995147174298 1 0.185932815529369 0.132690542061035 0.282213316475731 0.424911202144865 0.438194218657588 0.62607979931294 0.088567991700826 0.0263097318582206 0.118440458532892 0.153269120818394 -0.0442206368623191 -0.0371544034511986 0.364893012296341 0.661077662264749 0.263064140876712 0.386474947837948 0.412407283161001 0.181314240522114 0.0835408782659961 0.106877052246685 0.0437329128169522 0.165731368292547 0.367515564232376 0.326107661619888 0.368208610931439 0.329186905561105 0.10021725574189 -0.120149462426333 0.0304696316313414 -0.116558839590998 -0.029174172225331 0.0067785038126554 0.144228699402974 0.135612603117293 0.109371933912105 0.0601417213401316 0.219566151010463 0.13891436962874 0.150912611530662 0.136630490315063 0.329118523358977 0.262543994312979 0.368160912948513 0.269805386787981 0.251692913175254 0.13839005361006 0.127713951138901 0.101137120537715 0.345256643743984 0.244609656712994 0.381183095487836 0.630700399872707 0.0460598937988694 0.171210127406136 0.346286510909791 0.551095887844182 0.338328209566251 0.371674166423046 0.134426155378486 0.214366781222007 0.25270822592192 0.41604467740714 0.253185505526231 0.309851175784065 0.0744089163001106 0.257525271951564 0.0236812901882666 0.217491582890681 0.148037062552479 0.13332757512868 0.169556526408354 0.110418897827683 0.190080226843792 0.00864728801473875 0.209394196772388 0.193296292517393 0.0822950565333232 0.0201627713806231 0.419736833178962 0.288112076659079
0.778165272328099 0.609543965882514 0.436408841354503 0.455776435747485 0.241188958871032 0.304763585402377 0.381368606598019 0.269831557933255 0.295201353516484 0.185932815529369 1 0.494252642352064 0.739424160496951 0.494398471482674 0.442683828522379 0.454729273684734 0.586385898528093 0.536175864690064 0.731339960616403 0.701950253681941 -0.0501013244572648 0.0762822099198382 0.422748878488749 0.377279144717051 0.240685437036674 0.141606616159695 0.236584863035833 0.301266408482917 0.498743277181364 0.551313114783312 0.354111520426901 0.306683904208487 0.44509614726343 0.387813267851154 0.0760212567910261 0.0594836859908493 0.312868265110884 0.356741510995297 0.167416462909823 0.389026935555948 0.396132162511149 0.309952869329333 0.199753936166343 0.103821469680673 0.196203258356769 0.221981142206085 0.31405335892254 0.297392185358028 0.187889500100006 0.158710238900332 0.270846156168001 0.164524008933232 0.304298548995246 0.187211768421141 0.450110947861354 0.391359391897642 0.628092542962602 0.565407676727743 0.379876484459911 0.241442692583973 0.466381523576301 0.152664794084938 0.582235142915192 0.450529643819267 0.217954286561125 0.0957148110267336 0.22067784724284 0.163615937473712 0.561673692014122 0.458824207303297 0.432423990920832 0.370247443370578 0.216990283539852 0.364691416081614 0.214311781671181 0.238469914629604 0.171159442048466 0.19939303015896 0.418670520485734 0.351289846745649 0.576735711447853 0.512991100125421 0.646884558277073 0.422931058644183 0.631232983666444 0.442594568819066 0.359163187264331 0.365433496284077 0.550275087684518 0.467771612094517
0.512440133427106 0.607417442224433 0.0326745214461418 0.376324929340509 -0.0327164566960988 0.120844415448826 0.00909963034060186 0.368644583789181 -0.144502150180055 0.132690542061035 0.494252642352064 1 0.259986762165886 0.73526037665214 0.0997551262746684 0.504935586310816 0.423623634674158 0.696409264443795 0.506416359268663 0.57633562754539 0.0986624157719904 -0.348100590439408 0.0452976059689627 0.322961704804932 0.0507888927683571 0.0789533788593685 0.031432067518317 0.159970755590253 0.454259653491097 0.656062240006592 0.395543565617717 0.564800095571915 0.376254301774316 0.334714297583808 -0.0742261577951444 0.0586939342244812 0.30770791483138 0.489918558356712 0.409592911346143 0.476848800635952 0.426601611426924 -0.0297297234027004 0.324812354670413 0.255974501843366 0.33257440825286 0.3410433005987 0.367747354394499 0.379240077426429 0.308965288379056 0.290191823368561 0.272111969980691 0.259878054377654 0.332044574597887 0.22458502452233 0.42979630688894 0.490552050025868 0.374842677567266 0.282737860084494 0.285851505517991 0.330728780390443 0.178466410035413 0.368933847749412 0.401729181267116 0.65445138659348 -0.0360204382618288 0.0664787877606498 0.0398870858343859 0.100778758506599 0.545015146126248 0.315072994130445 0.583842311938543 0.301101032985038 0.24927469831207 0.193303549745184 0.0813376865795197 0.023776284080283 0.57865980809653 0.417745959747054 0.402113698060162 0.59628115547051 0.459602077509308 0.597190226610093 0.460871529782421 0.762818401730271 0.399686873380929 0.786088890158694 0.529533949817595 0.62202732336675 0.336314379322236 0.691243140339234
0.690179256676577 0.378013814857041 0.681816154581713 0.574249414598335 0.547752751936753 0.512358185780638 0.632729030749089 0.376124450535376 0.49100725057585 0.282213316475731 0.739424160496951 0.259986762165886 1 0.496825729533729 0.766993698388639 0.55691065341339 0.434380687055862 0.312127157251014 0.523136787399124 0.506413461624994 -0.0450475552384824 0.0853527093856717 0.689854897915003 0.553701663365842 0.502054667986966 0.402824943889042 0.371154145733012 0.459848823446644 0.303598361667031 0.277296085423869 0.324778216036056 0.277088079394712 0.522966970967347 0.335681005527281 0.273591874478488 0.204391232159882 0.340513559948213 0.228831707038893 0.200421160206227 0.313389392405113 0.124064358425256 0.188254079096324 0.214564953129025 0.108461348922809 0.162844936401705 0.13472594727109 0.264026881253407 0.217785679804691 0.0717058621618045 0.0250804378354524 0.249480422713635 0.0870219144790143 0.208951629673784 0.163772516397256 0.40296815632995 0.25176010674678 0.475317702622774 0.431304662714722 0.370405939979793 0.166961435532086 0.681765063759597 0.304137764076829 0.414756914500944 0.310307091877227 0.64733735604733 0.475189759399952 0.490536484781864 0.394323917672145 0.440843555969004 0.43273165916829 0.321824092712883 0.253509978623622 0.179431503301726 0.249695211896385 0.0996971105226135 0.193829184294253 0.1747359562742 0.240586802764041 0.377249676753837 0.289491610131127 0.476255923006109 0.437266194527815 0.518231139530622 0.245711925567095 0.686191523272715 0.404397354100179 0.312753881792049 0.333281134295387 0.671410356664014 0.361657925768876
0.547754570950997 0.520261186118776 0.247501838599048 0.624595577901603 0.188094968905787 0.542618744581498 0.258755101673619 0.61836644545642 0.172354179882182 0.424911202144865 0.494398471482674 0.73526037665214 0.496825729533729 1 0.35467484120595 0.806065972354227 0.458582482444624 0.464716023249406 0.409905185705594 0.521700631020047 0.094210914067737 -0.15471912673901 0.351650824086756 0.663622250484333 0.262589060759324 0.427356944796304 0.183570182083785 0.316465549815862 0.520807890460333 0.623796854050257 0.495786139598171 0.65205631589224 0.55991487543282 0.540750441728417 0.202882967989953 0.27724493269468 0.293822661619519 0.276288700622656 0.32422491535016 0.355180639689073 0.204945813526929 -0.00628483939654285 0.499368592183006 0.437514207213021 0.44225144563227 0.431526179781379 0.535557514937416 0.487121146689658 0.407090474319593 0.356237389904799 0.40786011923416 0.325642269883343 0.437214906085032 0.269064513611917 0.498628344654032 0.492213024758296 0.381966973385176 0.342848274027156 0.45038337745629 0.3743466728958 0.413259529769554 0.604892033388339 0.373632742043919 0.592533300649685 0.281781425593105 0.403399783197274 0.348322796153818 0.422329778581102 0.430412632873679 0.445287354689307 0.534522023542371 0.488531004068408 0.37518487863261 0.276089949543287 0.0888330378006176 0.120767547529824 0.412920246158966 0.565495943892367 0.490847623634955 0.601811162760443 0.455650469009448 0.493860974287171 0.452087615220025 0.458128878906269 0.468631615260826 0.61938991631855 0.350767509468146 0.41934222219892 0.517751693470208 0.584355049979743
0.397010547445254 0.0596007486215693 0.737823896471988 0.558222211305652 0.680772923515565 0.552863091691491 0.671353141246706 0.380316918003118 0.67524975459031 0.438194218657588 0.442683828522379 0.0997551262746684 0.766993698388639 0.35467484120595 1 0.576831130109314 0.131119371413427 0.046226795437864 0.276669791589578 0.209585024607644 -0.00329259996298825 0.0487909721505338 0.799262871706358 0.665752061459564 0.522421874339921 0.500898396388547 0.399494237497502 0.422604033566993 0.137333913147688 -0.0303117405400648 0.304930990023135 0.206389528443458 0.483275660121652 0.225487630603721 0.411106407281048 0.250553241082805 0.261898138262311 0.0908087300469571 0.188202284912225 0.0958241121256853 0.0969254801600276 0.106590361768809 0.0790050680938285 0.016336209084952 -0.0240569524247682 -0.0648996239213186 0.0788210937966961 0.0352579630553758 -0.0727566980918142 -0.122308602052824 0.125474516576289 -0.0134032768527066 0.147432711344826 0.168736386441939 0.207519693634433 0.0315214359601682 0.170133779830672 0.146615586993409 0.191879603274279 0.0350943101278319 0.541703075374676 0.278708792392558 0.132663090664347 0.0756902386474095 0.652211556778463 0.541221426501011 0.47713878941118 0.360774711033522 0.248961133678022 0.291189950320041 0.266257019473786 0.256041850860791 0.13673495044574 0.166339450820937 0.0851843354520686 0.110349944887101 0.187863091962167 0.168396069861702 0.137610627833906 0.0694224191198744 0.150400622465616 0.152095833568468 0.273970331437856 0.051989468256961 0.449709601031429 0.258392888294184 0.238351152382394 0.179929122435737 0.513693289775005 0.224206720260506
0.459487814934559 0.306875065910766 0.441742508945168 0.738557335093882 0.420028222592303 0.696606698964072 0.396853690507256 0.670547215634257 0.407347833542226 0.62607979931294 0.454729273684734 0.504935586310816 0.55691065341339 0.806065972354227 0.576831130109314 1 0.3375495371749 0.265066830195196 0.368618893701608 0.419410824318042 0.0502976781916539 -0.0105825416288711 0.569458460151194 0.831313605125087 0.360774857961107 0.547304262496879 0.344394805415169 0.396885102517635 0.377949496151422 0.398607933676372 0.483395237526319 0.569716776223687 0.579737563064284 0.495302057536826 0.330203745512906 0.369218007066231 0.213149841205871 0.0698751797567283 0.155330772582021 0.225626232699711 0.144178064477215 0.0130874528042543 0.330910204791685 0.273150351236673 0.253010965491937 0.201035420357357 0.363669721928364 0.286632475150518 0.212462388829083 0.154635785978495 0.323194028160346 0.234995891077506 0.380287061990884 0.261388685470563 0.382134639872353 0.277355055577301 0.287368204152699 0.227563190020136 0.333747471482474 0.249993645646559 0.464158482873964 0.585694824002298 0.297816332697397 0.392415737361492 0.429370954680928 0.54251445429726 0.39858340903306 0.454876292296196 0.336673314739221 0.420934227684519 0.453153751533164 0.495884548850333 0.303556391237481 0.391215181945424 0.0632268811085057 0.176832455548943 0.264313335272482 0.437059877988511 0.381895500103069 0.381554232487239 0.349683044342319 0.322569596520896 0.411917506630509 0.258616665859335 0.426277381700644 0.446296593071185 0.265629155325754 0.283202184371386 0.522100286171193 0.4316156120807
0.645946034781459 0.716301634980701 0.326147165031066 0.409109672306836 0.127936569607553 0.291819291737441 0.294608079511651 0.237144913344339 0.071929733171606 0.088567991700826 0.586385898528093 0.423623634674158 0.434380687055862 0.458582482444624 0.131119371413427 0.3375495371749 1 0.776671186218264 0.788121085166674 0.812015224885064 0.026260573683684 0.194164007431078 0.26775105268487 0.221318048049384 0.334061718298501 0.243731109773357 0.188806882541807 0.34507914866926 0.677275188855703 0.797241878047776 0.474619524546907 0.424683140086514 0.559044702498557 0.651638203114966 0.0607889147890361 0.147890983796444 0.407955006544777 0.411697168435964 0.28137184179486 0.379026223072395 0.32320310099964 0.233539776955888 0.504251371225304 0.405115621516234 0.545201380761194 0.530621277514758 0.570535633869271 0.548833138795654 0.462340387906697 0.411820023711643 0.399629039923261 0.285159103500235 0.532016730316632 0.354627937012757 0.598107227993149 0.529393362512088 0.785633052943006 0.793260487834479 0.461282608637126 0.384001129193223 0.417807257468126 0.182701048303637 0.82967828859283 0.768560821661699 0.284532655720373 0.0793226047677621 0.344768208994503 0.328883762273437 0.685345111070324 0.733655386049655 0.378848546500401 0.336318935791693 0.308024118926849 0.409506091700809 0.110154864073494 0.281726558139613 0.254767832940863 0.463917976088624 0.743075305614161 0.665719388317619 0.773270917415914 0.622050283012616 0.636753321121611 0.454943374431147 0.609153027663001 0.437140202763524 0.204883594256847 0.348885780979315 0.572974951476112 0.509580586015511
0.658517384448052 0.805732598198388 0.180678846163776 0.298002249061195 0.0956537793280013 0.0923815592318561 0.0864502706778331 0.130920852224641 -0.0791083140065477 0.0263097318582206 0.536175864690064 0.696409264443795 0.312127157251014 0.464716023249406 0.046226795437864 0.265066830195196 0.776671186218264 1 0.771365080608896 0.812432697819534 0.0619016997257843 -0.117515932306214 0.0759516849916594 0.142223365745255 0.265261675906174 0.112454131078992 0.206029591286546 0.328112181434778 0.469032938123147 0.741950810170577 0.32634395049888 0.375942881828241 0.411516011290446 0.390073599387422 -0.101030870894158 0.0325025490631697 0.491359726088382 0.63334117458834 0.438031991135747 0.565684445889761 0.49467955429696 0.131763902163083 0.367557185157644 0.251473186033136 0.49209936431758 0.482091891771099 0.446255054382476 0.495595843304976 0.383835948250529 0.369518399497232 0.316319971759137 0.23912781038421 0.420868733907253 0.289883174384604 0.603981679039233 0.61768122053262 0.714618925116377 0.687289871085193 0.351052873522209 0.345672749297684 0.255262242228467 0.144169007062764 0.702017606958068 0.779629528791305 0.142938277837297 -0.0565563892438329 0.183192186001426 0.102094430373855 0.80040846144098 0.560653785220459 0.463489060093196 0.174698798669959 0.179915308896576 0.254553237487191 0.0323259055784083 0.162469486753552 0.509449901940153 0.391737579502489 0.6555699356425 0.744125492296318 0.738950687277685 0.793840790061759 0.658853867736199 0.801247397087164 0.642021133425858 0.754112327776551 0.516286488421403 0.641819193360281 0.480919041518486 0.718592962318639
0.759367678528748 0.728305448328121 0.44335723951758 0.443064419280751 0.203624917509242 0.272717935289928 0.29136324888612 0.191865800927079 0.145643084975027 0.118440458532892 0.731339960616403 0.506416359268663 0.523136787399124 0.409905185705594 0.276669791589578 0.368618893701608 0.788121085166674 0.771365080608896 1 0.899550031558991 -0.0844285339699693 0.0916774888798792 0.354726289057494 0.287195476864625 0.345329747906707 0.225683747597247 0.286505297497752 0.373940682206826 0.539480620497619 0.67075219390644 0.431888823392147 0.396432149456127 0.572072018452093 0.526008787182097 0.0784211653533083 0.161696019601955 0.414052203237497 0.473218784983344 0.30177585466883 0.461657577163292 0.456440190268312 0.217839260020864 0.351620946166442 0.21574769479213 0.381540963227157 0.359645183016928 0.420896028708712 0.397963072038952 0.294966298260354 0.248049312352848 0.338743954662355 0.219731513958838 0.434608056347475 0.310113862205794 0.590894569958624 0.505739544728916 0.749737093553965 0.705188757914451 0.383459489245713 0.335142728862723 0.370872025733456 0.101803563940256 0.716836981283209 0.652347312754571 0.262074527148299 0.0417570891983465 0.293708266297797 0.233003700279306 0.765761237946165 0.663053283304545 0.445029104924192 0.347792284844828 0.23249731911299 0.414311575431374 0.133801076257105 0.328868056138082 0.307911099021799 0.378815726473711 0.601385012691715 0.547941934624191 0.69995253323502 0.650429242895151 0.663369224959972 0.560947644972901 0.669952776796967 0.550423036011275 0.447434421505306 0.512881127886591 0.557754764602267 0.585240334518875
0.819820272108921 0.845397610358798 0.40277570383513 0.502322154844722 0.202540248433572 0.308715438590831 0.311034447533176 0.238016119765028 0.166263051869266 0.153269120818394 0.701950253681941 0.57633562754539 0.506413461624994 0.521700631020047 0.209585024607644 0.419410824318042 0.812015224885064 0.812432697819534 0.899550031558991 1 -0.0534311929447529 0.0859353707828421 0.292160751109974 0.339145974638313 0.369299355467467 0.267179002013425 0.300809212811357 0.399243977496596 0.52250703425023 0.735465231389897 0.398836694426455 0.399687049372324 0.532295996006269 0.552601960444724 0.0513139993161951 0.116746003852554 0.489555551104387 0.515812195802879 0.305868195808966 0.534058718825689 0.472031007251056 0.22693709456225 0.315656265669751 0.177928401428642 0.418274953914631 0.384529955732744 0.444641845403435 0.438152597087952 0.324787841315504 0.285418486966874 0.391826739918957 0.268146878827638 0.499947082647436 0.336816994489927 0.654134421134566 0.563716525461044 0.844493406391008 0.812098781467569 0.44551191503002 0.373480201105872 0.40573661939681 0.190077794411545 0.724584569400917 0.698637511597994 0.297922102595059 0.103220810074106 0.281375381836071 0.226382389425798 0.846909203622943 0.728713152698079 0.416476254580525 0.326249419087911 0.19926540430358 0.389870643629118 0.0815638948443377 0.264084683399175 0.260021591077599 0.349896260447433 0.62423896213637 0.597237510544603 0.824956669909484 0.759758040685287 0.756869923170018 0.606155848081856 0.732275797002678 0.621881590120875 0.45596436017015 0.566528194200873 0.616087469668229 0.634658650138195
-0.0500724459276094 0.0152256274838624 0.0485622576492667 0.0787902627565676 -0.0260533738202566 -0.0550148795985989 0.0490188155577571 0.0178120814834264 -0.0966635469689851 -0.0442206368623191 -0.0501013244572648 0.0986624157719904 -0.0450475552384824 0.094210914067737 -0.00329259996298825 0.0502976781916539 0.026260573683684 0.0619016997257843 -0.0844285339699693 -0.0534311929447529 1 -0.146366444359222 0.00513293117676938 0.0976023391794953 0.196547461571772 0.272570938607481 0.0985591140261017 0.102550830603876 0.0389550022550273 0.0513659365752482 0.247243806779404 0.133287868626374 0.0813769625334617 0.0931154340834543 0.0637160248374104 0.0866885803154319 0.259391534194048 0.176976361348863 0.15994730636705 0.196266778468836 0.0920812493796404 0.158398219040114 0.115958871411732 0.0883944962461351 0.0969045232622124 0.107403996382397 0.147172826333619 0.142997596200069 0.0855477060084548 0.0331315831850001 0.0339697539122654 -0.0615318323312098 0.082872173638999 -0.0983993613315391 0.0727325761626818 0.108774600171935 -0.00620877842812576 -0.0357474225007946 0.0041525297601771 -0.0696125464417943 -0.0479365021861861 -0.00584341116861116 0.0455219137534782 0.0659832942371957 0.0644555756510183 0.0806848026035487 0.0469504277310086 0.0506299010486932 0.035820360912518 -0.00853486579172459 0.0987364674023256 0.00749170389817903 0.0772053256738234 -0.10497587748876 -0.106969448217995 -0.107027205055169 0.0788955388956529 0.100299720416854 0.0542496491830215 0.0947866395420578 -0.00553512374081958 0.075015713242376 0.00247555660714486 0.081945617260506 0.066222862770978 0.110672067674949 0.085201512489426 0.0459964354489163 0.0952275302999457 0.110500881022294
0.0419715011877203 -0.0177561642967718 0.215274629115577 0.0722310394724742 -0.0192098472256166 0.115584767591806 0.172230149548641 -0.0547821439798232 0.138178594827274 -0.0371544034511986 0.0762822099198382 -0.348100590439408 0.0853527093856717 -0.15471912673901 0.0487909721505338 -0.0105825416288711 0.194164007431078 -0.117515932306214 0.0916774888798792 0.0859353707828421 -0.146366444359222 1 0.204118245057195 -0.0453779746940206 0.179635748224958 0.155452973349183 0.173663722405483 0.141393823293969 0.17250540007191 0.0705010107460537 0.146062556286979 0.022120016525454 0.135971493577138 0.195742386242792 0.140187930243074 0.136963937368365 0.026821435250985 -0.142475642923264 -0.217477441133139 -0.05451110716668 -0.0908118248615226 0.157690804745773 0.114596133968526 0.0985554529389983 0.08943504196905 0.0701486318281222 0.0881394806092418 0.101323838585565 0.113466832935166 0.0689905755867842 0.0869648376407949 0.060290263821319 0.12129118533025 0.0588354112371312 0.0143555073327462 -0.0816240231514582 0.15778963422468 0.209087673696696 0.11333202498525 0.0328027279930663 0.172079783879795 -0.144424588731172 0.138227706263176 -0.0959814655200086 0.15304404100112 0.0314289504542702 0.12840840775377 0.148131938433443 0.0105853820367856 0.213640993113484 -0.123486656878135 0.0663422468814458 -0.0812014308244155 0.184627289250879 -0.048028019459675 0.217738043867661 -0.257274121016522 0.0227460172447211 0.0900210924979681 -0.022453592948845 0.151798203796774 -0.0821041259257046 0.117399700389884 -0.29230623115967 0.0329402298204307 -0.313052737636911 -0.308966472371278 -0.302298322501477 0.0737164855568047 -0.239900324188037
0.352855023376578 0.0305846025802114 0.869441825961621 0.601420428085295 0.650479371458959 0.565024914980937 0.666878895386513 0.426942884652109 0.624550166679877 0.364893012296341 0.422748878488749 0.0452976059689627 0.689854897915003 0.351650824086756 0.799262871706358 0.569458460151194 0.26775105268487 0.0759516849916594 0.354726289057494 0.292160751109974 0.00513293117676938 0.204118245057195 1 0.707048356413523 0.613262850430076 0.589795469217612 0.357925124691246 0.436691177814471 0.323276328864346 0.130467544199983 0.594230661559586 0.434219034214275 0.690240012708216 0.490000358242364 0.571569773423942 0.454332873925897 0.182546197679533 -0.000749929169365542 0.0427918546230522 0.0270433775813655 0.0250989825986113 0.0274171869702318 0.296823772132868 0.221262183732535 0.173324007183507 0.0958008479201488 0.24444213857258 0.168053454824282 0.0980327162648857 0.000576467443447795 0.182230473877502 0.0569217829276855 0.236528693389766 0.22091399455191 0.255447775732268 0.0773975907037719 0.195554713524394 0.164612851132981 0.251522730376777 0.0662501535536834 0.524927223163795 0.265001326311359 0.240858740134898 0.13901351055636 0.673591134764405 0.503238876240899 0.612857334664006 0.512088115745923 0.210814031368064 0.360324622658863 0.400433040649134 0.405893098360295 0.263522938549655 0.336427910584625 0.116595520986746 0.174540874616654 0.226881364809917 0.342236715422148 0.284728308657561 0.192672248832796 0.201784275631136 0.104533726930627 0.220287509018609 -0.015535040242237 0.395467837299042 0.142633378735028 0.00726017729321127 0.0586519833686277 0.48903987083034 0.152485104962942
0.421609424004185 0.222206179712926 0.628672723837548 0.806994199016489 0.57752440853856 0.71440288431601 0.558905026662157 0.67271814926131 0.573054424404694 0.661077662264749 0.377279144717051 0.322961704804932 0.553701663365842 0.663622250484333 0.665752061459564 0.831313605125087 0.221318048049384 0.142223365745255 0.287195476864625 0.339145974638313 0.0976023391794953 -0.0453779746940206 0.707048356413523 1 0.536093851599012 0.680279210509265 0.395025210087271 0.499998443675046 0.219437354696617 0.16958423945658 0.443905597641281 0.461526029697905 0.597817445149655 0.484431787536621 0.517679972387297 0.44871344003136 0.236083302090842 0.0472743631463976 0.135363829557901 0.0943013222981905 0.083266130311242 0.0496410828011275 0.32166539979002 0.259056125103718 0.233663327634057 0.19911736104188 0.357907763690407 0.276213656186458 0.232796371052091 0.16805617885445 0.342646195618038 0.238170385111818 0.399197705633558 0.308194388731073 0.409837961815264 0.254740716403504 0.246689558941396 0.199926940435311 0.38649637546912 0.232406412358474 0.43433224893411 0.594225522503161 0.179232459821023 0.279173726025194 0.587488328738995 0.630086673033004 0.529740973562503 0.498095005484234 0.284872673708443 0.385586243635773 0.445908735885316 0.480860892813824 0.315334197853861 0.32795675886997 0.0770802387315749 0.109358271857808 0.211951881655357 0.355203693679475 0.269711137695659 0.301525267298448 0.294254305551253 0.283377384858996 0.285097472581694 0.15595121480389 0.477656315322875 0.394711020004973 0.240115724804957 0.24937878146572 0.595144518882958 0.426547147789224
