1 0.904883444498416 0.631772848083073 0.617642254373306 0.616167000702746 0.577587944125903 0.695866856956745 0.544855506010388 0.560668059794927 0.468595226601882 0.806276129083874 0.641169029934301 0.638073586716705 0.578087483634937 0.389526803253409 0.5606440230123 0.867792309076091 0.793243624839111 0.840543482671758 0.755741989399483 0.0963316487223098 0.240283238856609 0.568858690687346 0.465561895668923 0.207148577100403 0.565793980840752 -0.125915277541025 0.304713332827119 0.779015272210354 0.632252484711445 0.361178244059324 0.291999298768819 0.660772523247012 0.598233290833744 0.277003188545313 0.175600748079044 0.361254844271024 0.669631288342812 0.325553115946067 0.589548116268574 0.172891142934946 0.707627641019442 0.769911591659425 0.766858428642541 0.799389897462669 0.795232717954792 0.820377007373738 0.801622038346374 0.755393683853102 0.742634722321882 0.773686585555594 0.71804910589865 0.673208694243789 0.609792840729926 0.741648080833066 0.785130292199517 0.911884106109199 0.875083610586795 0.815665569786737 0.717217300246902 0.817772239255683 0.485190061001338 0.792696822943793 0.652243849091183 0.397693823762762 0.330733636010272 0.531910286056786 0.495685290580458 0.719797960500043 0.722628620899334 0.477370901093737 0.402282904498614 0.617891434060092 0.616175974863341 0.0663986841065612 0.295535217338559 0.487268293658064 0.332989191431205 0.637992280279524 0.662206919231804 0.830937872634032 0.823468360326194 0.325181088993664 0.591230120948229 0.831810775051967 0.718576029968374 0.123523689765902 0.609349074015245 0.681707842026743 0.68348734070345
0.904883444498416 1 0.589301003570996 0.595028074633429 0.537564293594931 0.4515600618685 0.659537411143054 0.553738584004578 0.558564842921368 0.436009963020503 0.673516998953885 0.652548663778334 0.546244111874887 0.634897170155581 0.439551338059233 0.52204260034462 0.862479732529756 0.856136893286713 0.779442121506819 0.823184998300557 0.118723521435183 0.189907221721916 0.532466381803886 0.4440746998048 0.101033967091884 0.506178050119578 -0.193324751836841 0.175883250447987 0.793754991613473 0.670122218559796 0.399554145410056 0.278280496963041 0.635883605795805 0.649533920296651 0.227356562178905 0.231437912415531 0.474611610773181 0.732631485674209 0.387924670433114 0.593862526267642 0.259952979980848 0.663594131884604 0.765302887691204 0.783824462643047 0.828554630224144 0.849934570333598 0.826922240799595 0.803426223831442 0.823555602193269 0.795550931451218 0.781712153700119 0.756324149035606 0.674652123354113 0.64646613831419 0.771753736447285 0.821343644610273 0.904932452043792 0.919231723190455 0.794973443160504 0.719374939593219 0.796757667697042 0.503590969258743 0.746121697099761 0.724146636941501 0.375040082294552 0.333380753260548 0.516263892603747 0.524096123756295 0.669096983567597 0.708612717283406 0.402080695548757 0.411658428829563 0.635595383894537 0.612701769346237 0.118854089961679 0.196960764751811 0.522148591512722 0.424274076407264 0.647415722070219 0.756262308391995 0.828508418147925 0.873926464957184 0.382110028367319 0.601309579487867 0.816789591818451 0.755646401281898 0.173820158545087 0.608315976837198 0.673899148317821 0.748292155921492
0.631772848083073 0.589301003570996 1 0.790801202515818 0.513358978487849 0.462433582901166 0.919339227743207 0.783804099493931 0.648370998357438 0.394198229330637 0.529179697031246 0.565141853179047 0.551173272677156 0.593282393396513 0.4757384427707 0.548483353870521 0.48882712071419 0.524555146698073 0.715461225167426 0.553103937449961 0.303214851818091 0.268016773878074 0.87168620563142 0.826850580749725 0.0322695318352362 0.725427878960369 -0.229821588590587 0.20485622684747 0.614222036775281 0.59368648484561 0.66435000970856 0.511761918361485 0.751846506679772 0.683373680322488 0.581153313532979 0.539274601046151 0.22889487210767 0.614342160303996 0.162923301465544 0.430911792645101 0.149381815750622 0.519545408073331 0.661082159124006 0.585376535889456 0.576099589817169 0.538941778982588 0.591427820351842 0.538483674307562 0.502899439483435 0.615923354015281 0.68357139324551 0.663654935241458 0.686763925510816 0.707127535541638 0.512759551896272 0.54710216785329 0.490685582836755 0.50369987517591 0.6623712395511 0.682732979178712 0.722930891891184 0.63571052140293 0.541059711879643 0.583125870390562 0.801689051278842 0.672766274802669 0.838598273738939 0.75538082940084 0.487830101469027 0.458487050386326 0.696730808297745 0.620308302977867 0.451710814742675 0.512342094725437 -0.0281677597496217 0.279688354735987 0.555129817039189 0.422624173977072 0.565284130070583 0.559608314730701 0.540645453947701 0.579903005456299 0.166498080878897 0.374670760256413 0.665079300559602 0.744443656084001 0.00622494321389044 0.384984483098478 0.538418542418302 0.672967829962757
0.617642254373306 0.595028074633429 0.790801202515818 1 0.641823116621655 0.660191427113818 0.813280618276358 0.919224319664594 0.750735406304437 0.635930501702534 0.399421667618596 0.736474757387664 0.35067270270561 0.714059709166754 0.312507438069152 0.816273037088142 0.537166552082602 0.569073213381882 0.705150982474821 0.632786970354324 0.266694944041179 0.489622103508625 0.766755563455926 0.821803988969472 0.126575120760261 0.747579964704113 -0.282378989848685 0.367850754532336 0.694010473765536 0.742515773028989 0.716419078850776 0.637952774108925 0.804800651039612 0.783212099483245 0.408189216019537 0.344307834668905 0.159450751951746 0.471129751622998 0.130670727223351 0.659710501655342 -0.0160519163304839 0.492114187311043 0.644798241677217 0.589710101314268 0.545720485538202 0.517280220400529 0.551756572530055 0.490825576061374 0.472460957447044 0.552786671703093 0.651066318729513 0.630388324278335 0.665604062705411 0.675165111452127 0.484043963840403 0.51680286570525 0.502089807928955 0.458510313072522 0.674590415189411 0.732731687147081 0.720689645773797 0.762498039607654 0.613619156186098 0.694565473266196 0.643638431895769 0.717231216260177 0.712034077872704 0.748081459408309 0.487511549628946 0.481869064940663 0.630179038744426 0.474295621127325 0.570077390982447 0.696428185957969 -0.158102179105153 0.499727781501485 0.514209628442264 0.461273372361806 0.611348896676298 0.549510796973274 0.607209218035946 0.562232351033587 0.0577531902673461 0.568284477552147 0.59125108139824 0.75601683632241 -0.129281996051656 0.569134941409845 0.467727974365799 0.676361580933796
0.616167000702746 0.537564293594931 0.513358978487849 0.641823116621655 1 0.674701934786092 0.570551673709935 0.547539277410755 0.637813462535272 0.70740298267202 0.513401386555984 0.472777251051511 0.462804021031621 0.492630447254425 0.470812538706954 0.682766569225895 0.528073562811272 0.519165471148893 0.648688137298854 0.546629306836791 0.095642778462136 0.366882126072696 0.612682191782178 0.536187190478323 0.481647779721252 0.583118043765181 0.136892911381084 0.622528582552056 0.59069929117836 0.556940120499978 0.44628012080403 0.487461651971018 0.625197223872105 0.525508464274457 0.322815160350177 0.217127911412427 0.136724470813504 0.40598450688964 0.15867271216383 0.583781268015467 -0.0887793249380739 0.543675616770786 0.520724356100067 0.509332900393485 0.534889295964631 0.493487847878138 0.558445805110901 0.517135177130252 0.487194371351093 0.532045581180401 0.557721062646366 0.530129412223765 0.518387951119805 0.49389808131768 0.47671850851629 0.511660220341798 0.527413747796605 0.439380173158595 0.528300471091323 0.530268779566305 0.580990270880838 0.408103687213947 0.610865288843397 0.482632651507512 0.421187295444741 0.295913151698608 0.45704661579883 0.402677422239059 0.508525895184092 0.572268633904244 0.474030621016864 0.226233017429146 0.435510272655843 0.588875116983838 -0.0730047097205695 0.406773522811226 0.389393442040258 0.231158469264821 0.507021894706123 0.467267091437987 0.600816760792618 0.589821494478517 0.100042412253164 0.608511593660111 0.625351863850993 0.552908454494391 -0.0420092676536999 0.662621479333897 0.477744954977328 0.502755719725702
0.577587944125903 0.4515600618685 0.462433582901166 0.660191427113818 0.674701934786092 1 0.542542279058614 0.55455097219403 0.497739739724931 0.76037273523224 0.448925367290974 0.544315628620566 0.426826422928327 0.519290540155139 0.104380623931343 0.743331120488078 0.519616863515497 0.432903413798744 0.556808181423321 0.493101013926049 -0.061186884147025 0.251938822657544 0.573492923728122 0.484506468785458 0.294083767821493 0.656687357897613 -0.108402043010293 0.526457630442678 0.514023647940066 0.456818791282529 0.360222476990014 0.303866708759477 0.520004211632191 0.45607863077533 0.20304468049954 0.104026624424916 0.24562512139907 0.356551509696407 0.34726294819739 0.607707855680171 0.0127084138061347 0.411355558586934 0.604594579955944 0.590250999821212 0.605676411605608 0.545778653571252 0.589827601614739 0.579085937270185 0.508279307220107 0.510615800572631 0.582345255549439 0.518784352182323 0.547020792550432 0.514726019584193 0.567518304118738 0.533550606890032 0.483126770632908 0.434838715480369 0.506692710610159 0.48748778594022 0.575078272360705 0.560730578069305 0.512794646899182 0.540446525422966 0.469081123442749 0.514539810863586 0.443742280847848 0.512081590286832 0.383280022296352 0.427534813466841 0.435476710134628 0.274956734877314 0.335501560261858 0.439564512724586 -0.037771232140431 0.274847638739737 0.362086405263689 0.305109247826966 0.502365655081456 0.490276240492435 0.530140734394456 0.520513845353906 0.234020304444314 0.610695477433979 0.59478970768063 0.616042391232929 0.13287715026042 0.733942603522098 0.509992752505987 0.524868020106791
0.695866856956745 0.659537411143054 0.919339227743207 0.813280618276358 0.570551673709935 0.542542279058614 1 0.860193854159695 0.702945541311965 0.545343520720431 0.596077486759746 0.6978235875003 0.590788726341023 0.697451715003777 0.479365483769256 0.629739714644044 0.53737163954242 0.544809837686385 0.799596501339426 0.668256379367901 0.227173745168736 0.194017511298409 0.811631714185594 0.704063474713396 0.0143036406706054 0.685323745928231 -0.231950168429305 0.186752122785022 0.664681958640475 0.649269494487896 0.658496226045374 0.480312798849163 0.770853417548271 0.746795660587889 0.389367233343424 0.369629293605308 0.304552007038553 0.624275255340786 0.290335695575909 0.506754659628919 0.210575204191445 0.516725530820173 0.681082268713199 0.617702485432691 0.614451627945118 0.584354664585725 0.623329714190751 0.568888322385239 0.556810511897259 0.665938355913743 0.737924022672106 0.719169196292166 0.739155536172878 0.749284547559516 0.608091277243826 0.59854730433548 0.523113327776562 0.532960870064846 0.728919853380642 0.736205603705578 0.810374320764613 0.752142128266444 0.603806773390998 0.728232588640089 0.691779818130287 0.644935573395037 0.773893788796327 0.713585946834471 0.4376242334506 0.446268411073547 0.709416340532414 0.682817154530238 0.548237383849396 0.549327676363534 0.0451882328075708 0.262583559309135 0.593351647094916 0.510601541434103 0.568658470700106 0.618941321813316 0.593760177245475 0.614510456694595 0.263314145819969 0.424586803493409 0.680164364811608 0.784969149913597 0.0925887471261875 0.476193277466591 0.676886538547913 0.75128274421702
0.544855506010388 0.553738584004578 0.783804099493931 0.919224319664594 0.547539277410755 0.55455097219403 0.860193854159695 1 0.672669446780079 0.613465966988697 0.384356154041158 0.788746058069352 0.3544171064755 0.784458865488525 0.345264674461374 0.762746972599628 0.46770113655358 0.508903944710315 0.68251690385587 0.639840199234128 0.248032720159188 0.38733019771848 0.70643815942825 0.741709317402894 0.0354925169726059 0.658799135355211 -0.239084147617846 0.264957870853243 0.642259193006652 0.716722148414684 0.66471887114245 0.635180113548574 0.772389484858597 0.799815517928285 0.344700116377644 0.331469744632587 0.204343459805596 0.476272107987638 0.16533079052787 0.566332965630816 0.0508429394102311 0.426935308154961 0.589044179884261 0.510321038138379 0.472268219228153 0.449179689100566 0.474402361175182 0.413233723363395 0.420484112058952 0.540661590373442 0.642806717450664 0.636095155538435 0.685359468646546 0.709680058046602 0.468959391737863 0.452429147207935 0.410470542232154 0.399051609390735 0.661991816999541 0.744224833738378 0.723510204423412 0.863118043130334 0.542207716398458 0.75477917806341 0.627977407363734 0.752465719746247 0.731695232551881 0.740989951958811 0.395398946921726 0.39157538624017 0.666583668236444 0.60819599520899 0.569266079267383 0.641337032465502 -0.0908091428736613 0.392653474339625 0.575651470467718 0.578597097758103 0.566907039906901 0.520515157697227 0.537071493053441 0.49557427214186 0.122860407505391 0.463714337986149 0.505182187425634 0.755054904304228 -0.0697584688267736 0.452214180293336 0.509267752066901 0.708499072569418
0.560668059794927 0.558564842921368 0.648370998357438 0.750735406304437 0.637813462535272 0.497739739724931 0.702945541311965 0.672669446780079 1 0.510538771690338 0.32918329859979 0.571981636959967 0.362507872939706 0.574747535776127 0.446808721238464 0.714014831008685 0.452031071331212 0.54369826194512 0.621896356754008 0.537098223886812 0.314715693638776 0.355666973798922 0.675640701282372 0.650435748122369 -0.0113148327110048 0.576441371884051 -0.427706813074673 0.19763006279692 0.598257075061233 0.670427509648559 0.680353943017969 0.448006766110099 0.678375055340609 0.603204565123797 0.298229717742346 0.265573735368024 0.1812680257071 0.482671145714636 0.187602193166891 0.606971950627978 0.0253471856857845 0.389889819611725 0.615031777826929 0.614205372997323 0.521702050836218 0.537992718461492 0.576101560359942 0.514957679249316 0.521901429285523 0.593695014831638 0.611865939373646 0.621091456005043 0.628663842716548 0.643245466496798 0.481514893328535 0.560646521081403 0.48485144874446 0.441069017879933 0.56456188058296 0.607601909156393 0.619784857523029 0.566228357484525 0.48045600702095 0.560710637682201 0.514427996106843 0.459623467643866 0.535971329029571 0.576252699543499 0.419127667302392 0.480166624923663 0.446125131117194 0.352703496886085 0.457123465632886 0.508287393136376 -0.0921412288532454 0.385769824670324 0.368648061775763 0.314244213040689 0.564148768844254 0.551799867720049 0.566704506794092 0.564138697564392 0.0884873936675738 0.532157449538931 0.5861226050723 0.65860025343368 -0.0559333755195478 0.573380590327815 0.513383837731977 0.634947286711378
0.468595226601882 0.436009963020503 0.394198229330637 0.635930501702534 0.70740298267202 0.76037273523224 0.545343520720431 0.613465966988697 0.510538771690338 1 0.41594619401016 0.490374295141726 0.396460047689938 0.5461752777176 0.235152960409637 0.702278690775144 0.410432037545796 0.342132328612613 0.495068488353535 0.508360735872522 -0.0278282549332922 0.104099093106547 0.532355865344231 0.403926420010361 0.322446267556042 0.615244168822628 0.0458805129927207 0.466557955474235 0.395222303365743 0.400807458073488 0.342138968530647 0.29979245444449 0.433068449098295 0.495098253680288 0.0685259009990582 0.0701723969280596 0.431427499451381 0.397172517366451 0.456212632330461 0.499357550753058 0.190122346718863 0.367301371413497 0.439856707543236 0.452215740027616 0.459772514966302 0.422583506348783 0.454718981711902 0.427929450618375 0.423903795438128 0.463880636141449 0.512574977796726 0.494470723673689 0.528739499579435 0.502060606298816 0.542710230729516 0.441039432132441 0.346621112354666 0.351994483359415 0.400962808467862 0.406940040568687 0.467494674750949 0.564845138493005 0.396099405262525 0.575247300665624 0.340059003750815 0.417095106047259 0.36379550100203 0.421578077594468 0.201715479794426 0.264222677969129 0.45209206549866 0.355159008616048 0.338544104643577 0.378793896568682 0.068670806151894 0.101159692158052 0.477171819230853 0.51454026974342 0.341164896829119 0.466194339181697 0.407018174614233 0.41954478109947 0.387004170918518 0.516246223323622 0.485203375323339 0.553539101386663 0.262186231974839 0.650848155391841 0.564345741022597 0.575474990139002
0.806276129083874 0.673516998953885 0.529179697031246 0.399421667618596 0.513401386555984 0.448925367290974 0.596077486759746 0.384356154041158 0.32918329859979 0.41594619401016 1 0.462728336715985 0.81886189055558 0.476374999937504 0.44403587545726 0.335981124414594 0.674322097568683 0.536832652123404 0.67493560274882 0.606731095380441 -0.0076299845088504 0.00933814040775391 0.448530644310118 0.323134205191171 0.286970292378132 0.430200447394091 0.140601715018134 0.237037024960972 0.588872021093027 0.343359424236684 0.118712323532606 0.0782733645536661 0.451130819831179 0.431290635868753 0.286837015784449 0.186599546571813 0.352281499248866 0.52554047558058 0.346770051239059 0.237925229855503 0.219446694307587 0.552542623973397 0.570085606878524 0.562153062403484 0.577151036204552 0.560915312951823 0.620394214964097 0.638173781922685 0.535017795300246 0.531580184429507 0.586087039749344 0.491099746749294 0.499703099249054 0.407966315517299 0.598673237483345 0.570391925238878 0.640218514938827 0.629009220323833 0.579444323479795 0.502218487363974 0.621449500093975 0.343568144781176 0.61696748095216 0.489690443079527 0.315803990997266 0.215126676396554 0.416710950061862 0.328130784209663 0.519312820202752 0.482239607658808 0.427489218051751 0.345877175301068 0.462583459785479 0.372128128791456 0.206384143883577 0.114181675003657 0.422940420826819 0.345788532484224 0.451949120002793 0.521700105790742 0.597660164984343 0.60513120670431 0.385068992465186 0.297167581781542 0.673160277164677 0.487644558081341 0.291846468414821 0.382041304362262 0.61912824766919 0.487868807539948
0.641169029934301 0.652548663778334 0.565141853179047 0.736474757387664 0.472777251051511 0.544315628620566 0.6978235875003 0.788746058069352 0.571981636959967 0.490374295141726 0.462728336715985 1 0.430982042158776 0.918983730164881 0.354349965879454 0.787102966903159 0.58494026879861 0.623112923947578 0.693794436231446 0.792674181790398 0.235721613287471 0.309179787078283 0.543677172737898 0.524539478339934 -0.0877853871279192 0.440239584008335 -0.272842415499718 0.137555378243337 0.745259586294878 0.794154090092256 0.58863911693081 0.517930914932985 0.728882911306574 0.768479293529101 0.166192311819352 0.18473841043328 0.231298639474068 0.429583681248271 0.265034149391416 0.637531743787119 0.103756760861619 0.45984556166493 0.654680526035365 0.613950644996997 0.569508816815199 0.576250815376788 0.572163409181059 0.507406215104048 0.481937710458606 0.545107108931985 0.68046594577296 0.638010998442552 0.640734503776673 0.661527894053124 0.597756189850056 0.580473177851391 0.501909182265969 0.491751734538346 0.711020413969555 0.727509848543048 0.827043880908587 0.839662680305833 0.667429906068152 0.861718308072287 0.471556215359782 0.601348073489417 0.557687416444098 0.656137610010696 0.38441905301623 0.442384234267947 0.467329916455856 0.489352572900044 0.611357042985216 0.666327020693317 -0.0356818218154235 0.328669622935808 0.452028072294063 0.487847509149951 0.585857034983024 0.634363876893783 0.663610985081714 0.625620344570222 0.213321038597613 0.591591476654366 0.58617728903501 0.764436673606859 0.00727641781168407 0.533348239057696 0.583139669124968 0.72045067412803
0.638073586716705 0.546244111874887 0.551173272677156 0.35067270270561 0.462804021031621 0.426826422928327 0.590788726341023 0.3544171064755 0.362507872939706 0.396460047689938 0.81886189055558 0.430982042158776 1 0.556463891955071 0.624218135873825 0.296918344379654 0.528707792186299 0.407325990817438 0.560233853294937 0.556285733859036 0.0759775318160817 -0.182557765249674 0.568274816755682 0.395430180966886 0.168506397425498 0.51911461421041 0.0936998527047004 0.0839457309935329 0.499835600423856 0.237624381099328 0.166739407888806 0.0314285758747494 0.40675531331355 0.428440218349699 0.341327797211417 0.376708225159348 0.4952876757582 0.566626633594149 0.521020348385542 0.140987918797743 0.376404204697757 0.435539776737063 0.603788109546751 0.607528566119654 0.556073340485446 0.529856414434818 0.617015924682623 0.634348957187794 0.488874206288134 0.542943157816967 0.623973296584832 0.534764283772126 0.573258948626821 0.50445610395399 0.682351049149067 0.598267590062055 0.455164737463415 0.513315850973957 0.47507911619386 0.414427487786144 0.565410322486244 0.351756969503073 0.420858120974042 0.465614433217351 0.456966054369198 0.332209159202087 0.474345966506066 0.42504610107051 0.354097962981221 0.353298638454346 0.4560892451436 0.419763962840498 0.328917697204615 0.211609682269019 0.285601066487114 -0.0758855473958278 0.484173030033166 0.414721165007783 0.385400896605424 0.564190231046556 0.45831240302822 0.538591478950271 0.567231904578355 0.164171861585571 0.688974651997568 0.522932987618326 0.514100036658806 0.321967439889214 0.747141184669298 0.561890174748885
0.578087483634937 0.634897170155581 0.593282393396513 0.714059709166754 0.492630447254425 0.519290540155139 0.697451715003777 0.784458865488525 0.574747535776127 0.5461752777176 0.476374999937504 0.918983730164881 0.556463891955071 1 0.504448943704937 0.758399272652044 0.563111256168616 0.59382799649584 0.650051042568789 0.816660318500608 0.242047458491394 0.225553225264822 0.614576707889347 0.583194122889331 -0.0380527298741124 0.503892472115706 -0.177858871918754 0.137841325662352 0.731904771960794 0.721421276315613 0.570336826057109 0.480178740410282 0.689559654026174 0.786430054049465 0.255721944363006 0.366748528308184 0.364699332051857 0.497266994919364 0.364244089520314 0.530015799558674 0.21294283454165 0.459361547840797 0.649370471956616 0.614041925899163 0.572680969741912 0.558669195684519 0.56703438998609 0.517576723241962 0.474627422271005 0.547278177453604 0.684256290629906 0.628388704740049 0.648090016855405 0.656224117051354 0.643872972260889 0.581422398048759 0.448937042245508 0.466231249027921 0.643595814914856 0.662073481890605 0.767927024908276 0.805906499464647 0.597414374807276 0.841358208131105 0.518965741446668 0.648248557491003 0.582221408994306 0.695956878407741 0.35846749167846 0.421755495813979 0.479908506217931 0.504595433726741 0.587116114909359 0.605640141474125 0.057694667699523 0.225302157458971 0.538377133094852 0.559209390660694 0.574381221851583 0.689069305809606 0.619369991122234 0.620659358408134 0.335173427313987 0.525434266226081 0.614125346945124 0.765530237772695 0.157594863879464 0.496075013282258 0.629210348607093 0.746937524764933
0.389526803253409 0.439551338059233 0.4757384427707 0.312507438069152 0.470812538706954 0.104380623931343 0.479365483769256 0.345264674461374 0.446808721238464 0.235152960409637 0.44403587545726 0.354349965879454 0.624218135873825 0.504448943704937 1 0.305548914728878 0.330765439520465 0.353128538519563 0.51535386675199 0.520001220998879 0.369635642387394 -0.0298468178991861 0.596796830452487 0.458670672982913 0.223022446294459 0.334428724928634 0.214049975711858 0.147396690531895 0.439299556967739 0.342575667898826 0.343581293187938 0.301012808775264 0.433993661198978 0.472945145862164 0.440551696721044 0.453625272750963 0.348649299269671 0.46902248569734 0.233077859323959 0.143567972509275 0.30562446940613 0.410235288999587 0.408697684359933 0.384114976090937 0.344920330990026 0.333718505040969 0.412001515337729 0.374734145633557 0.345796170162184 0.44430882023953 0.474592989344289 0.455473245255651 0.47075439264041 0.439638819488981 0.455521251831045 0.437644314028924 0.288588639650663 0.324465185119862 0.36360296064553 0.369073764042833 0.441151478968126 0.270743689302507 0.341493680697923 0.327131844993348 0.45434584773929 0.243810736523043 0.456829919103454 0.359363256106097 0.293039126844234 0.329061699675039 0.461228334895097 0.413600475644131 0.443139212802087 0.328485633425647 0.159174892554787 0.0198252185979543 0.497924691694283 0.322553506513732 0.348801307999363 0.42111181022707 0.352171106682675 0.425382420076589 0.321724157032919 0.251958233467069 0.537567773117965 0.402535634858567 0.207423324210396 0.210041706710273 0.51053276851803 0.476120384461926
0.5606440230123 0.52204260034462 0.548483353870521 0.816273037088142 0.682766569225895 0.743331120488078 0.629739714644044 0.762746972599628 0.714014831008685 0.702278690775144 0.335981124414594 0.787102966903159 0.296918344379654 0.758399272652044 0.305548914728878 1 0.528679781963924 0.57125341361607 0.677424997838078 0.663109870903726 0.257122417777668 0.495944531741401 0.664445275156366 0.651211909950928 0.0974447301433063 0.594095039910647 -0.235570268411099 0.467251924040869 0.674580553008593 0.796388443346061 0.662601273612449 0.593907828843256 0.739683744595248 0.698454928510067 0.246097133328707 0.153915973498724 0.130513809086099 0.37431323394457 0.15516654331895 0.777465136984443 -0.0507176224698089 0.482438793399757 0.610629738163717 0.577669468110088 0.545765140399574 0.51767675846282 0.541545279371164 0.474465749693857 0.465627047613137 0.532224591922806 0.622592018227979 0.594841649868533 0.614055516554789 0.627512834331427 0.489871057391686 0.522642898208168 0.464595199486973 0.394944663381088 0.592468333596456 0.63383646922972 0.687273134433037 0.733220257775617 0.614678027191053 0.694187652052298 0.509703998180755 0.59203593298264 0.521858997990313 0.618365280951783 0.396635668803554 0.461301332104898 0.512869278553788 0.361504496606092 0.533700834181099 0.692816219589886 -0.132787245351002 0.482413708893872 0.395484909894728 0.391086608735952 0.588587348604937 0.554559664993808 0.624099658349231 0.573827775929307 0.0648612594934475 0.770351083490921 0.575350213166861 0.730531987794846 -0.138801006388091 0.737559479379101 0.460964183365396 0.650348008673909
0.867792309076091 0.862479732529756 0.48882712071419 0.537166552082602 0.528073562811272 0.519616863515497 0.53737163954242 0.46770113655358 0.452031071331212 0.410432037545796 0.674322097568683 0.58494026879861 0.528707792186299 0.563111256168616 0.330765439520465 0.528679781963924 1 0.914085237550812 0.734553319741348 0.771025154777178 0.0514816059993307 0.286014321174095 0.444174010169762 0.407999997449124 0.141942065944318 0.503802565134406 -0.0776639803428112 0.307126434472417 0.862246699025143 0.664056948658579 0.293408601955674 0.238115877846118 0.640920661139034 0.633364974729189 0.309173027920048 0.267012078397869 0.336953844878314 0.610130003619389 0.270644458604926 0.538598203570518 0.0884693758533103 0.583202039821963 0.765804297788568 0.762313951881436 0.787374299809369 0.777631269831652 0.790809192866851 0.792993066546896 0.738205088036811 0.701490400676593 0.711332349349748 0.665896514392623 0.615714457521033 0.568243857442829 0.710015453343959 0.742956554473645 0.912144124645674 0.869097287877373 0.729895323545641 0.677968927248312 0.691902698662495 0.411027442192027 0.816417682775882 0.656760405467199 0.322795041855877 0.317985922892774 0.469089176862565 0.470653600621279 0.751514666126765 0.740045321291839 0.322530954367792 0.223230219842447 0.570836065637186 0.601180831487461 0.0534302948985426 0.335243219858484 0.493759440298425 0.306488009570282 0.75011765971046 0.699600102298767 0.8971376366532 0.828902673844754 0.281140546465854 0.600546350469126 0.763587982899481 0.652419577535494 0.0891175268914537 0.564769933956475 0.549779554731085 0.601245621705523
0.793243624839111 0.856136893286713 0.524555146698073 0.569073213381882 0.519165471148893 0.432903413798744 0.544809837686385 0.508903944710315 0.54369826194512 0.342132328612613 0.536832652123404 0.623112923947578 0.407325990817438 0.59382799649584 0.353128538519563 0.57125341361607 0.914085237550812 1 0.720986937226038 0.744974213509006 0.138375817417019 0.381701719992666 0.468959205751215 0.47009033791263 0.0276183232056103 0.447921307003079 -0.212624066367753 0.246006014704706 0.858186757340975 0.782463153237541 0.428219077602016 0.339123536572846 0.705628981853024 0.663148512197519 0.31468352842929 0.314436247648891 0.243558603881154 0.587994995867903 0.184100245829291 0.630085056748126 0.0196299256314651 0.581935166339656 0.751056856405103 0.754541995453183 0.760222181749349 0.76912338828898 0.762321939218825 0.750232388859937 0.721891941663646 0.708067184452162 0.69491728000276 0.680915493712333 0.617931926408295 0.61679357481907 0.634010990384976 0.736362329248502 0.873657028202188 0.837166414330521 0.724411438413259 0.695582563431792 0.713550983890992 0.447339712245159 0.828141525941963 0.703263709219319 0.39216139984301 0.34649709417259 0.505918810945952 0.531564597257672 0.71783185358453 0.73303138019926 0.314556251988609 0.224486005705861 0.583257630431795 0.664067272733674 0.0214209014179331 0.403507188531658 0.446970526750273 0.297381845991635 0.781646097263041 0.724589071852234 0.915027665683336 0.866268688728135 0.172895811495158 0.657368385018471 0.752714819002293 0.701912923394035 -0.0535367334564099 0.576700941263626 0.485391763346682 0.621539317447209
0.840543482671758 0.779442121506819 0.715461225167426 0.705150982474821 0.648688137298854 0.556808181423321 0.799596501339426 0.68251690385587 0.621896356754008 0.495068488353535 0.67493560274882 0.693794436231446 0.560233853294937 0.650051042568789 0.51535386675199 0.677424997838078 0.734553319741348 0.720986937226038 1 0.807900484281914 0.206383804440079 0.321825467386139 0.714488624134443 0.589139566052783 0.17037613049779 0.573797092537157 -0.146199969980819 0.321505711515526 0.800340178582268 0.760400516304304 0.625894675007501 0.529999410760656 0.819594885608407 0.749895577283782 0.352209730578731 0.232919122167768 0.254423586437694 0.621346704039238 0.236809328186029 0.656376508129909 0.0775318711808164 0.654863702692193 0.713767760644139 0.669386252441383 0.700989717398872 0.679799618369148 0.715749422677786 0.650002453052871 0.665784037897104 0.717408285994756 0.754119924033675 0.732197345612848 0.716131197457835 0.69430371534863 0.643495044491089 0.673627912830437 0.731436461402215 0.682531073448168 0.777212813580082 0.740854874438841 0.822033676174096 0.587632090133495 0.779687907182992 0.691111034924513 0.517280790269542 0.413909637981381 0.645290388696321 0.573314432704363 0.61809804315057 0.649937260647226 0.608755266719411 0.514408447538305 0.670391860753911 0.696106564588552 0.0572472620938431 0.405049215850683 0.535230502895985 0.395747679220967 0.684330400569737 0.667072489984571 0.76478250866021 0.733737420116875 0.210708777196938 0.628406041120603 0.756171994147126 0.724052869918878 -0.00320515465396857 0.606141548036847 0.650469657927429 0.69519988060019
0.755741989399483 0.823184998300557 0.553103937449961 0.632786970354324 0.546629306836791 0.493101013926049 0.668256379367901 0.639840199234128 0.537098223886812 0.508360735872522 0.606731095380441 0.792674181790398 0.556285733859036 0.816660318500608 0.520001220998879 0.663109870903726 0.771025154777178 0.744974213509006 0.807900484281914 1 0.204379696474114 0.222776328971294 0.585354868939816 0.486912515981827 0.0908576098728285 0.45367831799005 -0.105077417763169 0.213624477919634 0.826352441406651 0.751393616103722 0.499999364241267 0.411578976652466 0.704435854552279 0.774728327800941 0.268252243817457 0.301836393743482 0.448817429696437 0.631983241162964 0.384273910000212 0.562892449208821 0.256576376993425 0.603346114893114 0.703618325468916 0.684532656754434 0.716522047272121 0.715724575993481 0.704229071274252 0.660390179703069 0.66303657801847 0.661524431992943 0.728989229131052 0.680231871494288 0.647702086758465 0.621774895094347 0.739152564146453 0.712820107383733 0.683150431674037 0.679077579569527 0.715431067512804 0.673932660244102 0.77632102644133 0.630681848316345 0.717017985487197 0.772967813451385 0.406632298609951 0.42980481000508 0.509260309983477 0.568711628831135 0.574988200485547 0.637459779847197 0.45536040867015 0.471368230359851 0.685360384270063 0.650225632653443 0.0756276527626266 0.232887685734656 0.611198879946375 0.492995368824625 0.636710973200289 0.766953811769219 0.764467968690795 0.793733514048684 0.358325143865552 0.649613563911465 0.728070304280543 0.737232280338813 0.171167204699429 0.594441733650514 0.65563701955294 0.741440699992702
0.0963316487223098 0.118723521435183 0.303214851818091 0.266694944041179 0.095642778462136 -0.061186884147025 0.227173745168736 0.248032720159188 0.314715693638776 -0.0278282549332922 -0.0076299845088504 0.235721613287471 0.0759775318160817 0.242047458491394 0.369635642387394 0.257122417777668 0.0514816059993307 0.138375817417019 0.206383804440079 0.204379696474114 1 0.254609872613981 0.323321513696022 0.345749094917582 -0.0826780924982891 0.166463161938861 -0.13097849491644 0.103247521669363 0.259270915969555 0.361916305190013 0.43622134474437 0.438385464193007 0.366083017518362 0.35307501849139 0.327004934726365 0.299030242506778 -0.131837395376772 0.153481354853735 -0.275043286982621 0.223137423183952 0.0388082356995686 0.20748343923005 0.220592525341388 0.167916462532345 0.117296502432335 0.113392313411378 0.142437889209731 0.0950573803776815 0.0798873783530225 0.169891003598574 0.2169470517653 0.241694202519734 0.222560881439606 0.276134808417085 0.0367682178424201 0.127442243735548 0.0351512413615679 -0.00913661893616257 0.213552496779257 0.286630534281393 0.240527715276135 0.153553473088646 0.186238025767694 0.070646442709565 0.263707014547476 0.164641908221065 0.286423129377307 0.243658653871657 0.247203827196242 0.282889352544627 0.327881286991691 0.140176459838214 0.29485891975808 0.250392312200816 -0.208243696413753 0.282093701195857 0.196370281235812 0.0112554214198187 0.244806909743052 0.153039590279491 0.142879868717775 0.0886436291727084 -0.217954739091894 0.259527550030472 0.0875187578055893 0.168917545334368 -0.316522417337863 -0.0372896050507938 0.0191292630120573 0.166764108610218
0.240283238856609 0.189907221721916 0.268016773878074 0.489622103508625 0.366882126072696 0.251938822657544 0.194017511298409 0.38733019771848 0.355666973798922 0.104099093106547 0.00933814040775391 0.309179787078283 -0.182557765249674 0.225553225264822 -0.0298468178991861 0.495944531741401 0.286014321174095 0.381701719992666 0.321825467386139 0.222776328971294 0.254609872613981 1 0.240923126805248 0.418907247811644 0.194822517100804 0.177425674264382 -0.0663526101259708 0.532546035649445 0.427920210261129 0.551635713581632 0.412347110499031 0.628728737817644 0.524683745357825 0.357177049909403 0.364868452656705 0.149001367832764 -0.442235564800121 -0.0194853417717966 -0.524380161115327 0.513638154875736 -0.529019101564552 0.343662561962309 0.23673289312532 0.177490032115366 0.196350737643029 0.174498686459407 0.18964334568282 0.152027802765472 0.168068491857263 0.200576868536812 0.208114634862466 0.214968484181489 0.194469205470751 0.221015092339871 -0.0595200136667838 0.119208767837913 0.304142763263172 0.133661856986351 0.385957626198049 0.431517269538738 0.330251081487261 0.186329823302795 0.457091316861377 0.145501737928747 0.190092287036842 0.149982043829182 0.300668179693081 0.228236505416196 0.53361747867598 0.502046079327182 0.27568099395207 -0.128884655821261 0.373208280622521 0.656081371773792 -0.415534661398483 0.789523038037675 0.0463089100365838 -0.105791229669617 0.418986293588854 0.0574578373060078 0.440009345088662 0.255944510470321 -0.558255526691436 0.492047457884686 0.14594017421247 0.216863370320742 -0.719242791076881 0.239120544443254 -0.19093256057053 0.0908600106199714
0.568858690687346 0.532466381803886 0.87168620563142 0.766755563455926 0.612682191782178 0.573492923728122 0.811631714185594 0.70643815942825 0.675640701282372 0.532355865344231 0.448530644310118 0.543677172737898 0.568274816755682 0.614576707889347 0.596796830452487 0.664445275156366 0.444174010169762 0.468959205751215 0.714488624134443 0.585354868939816 0.323321513696022 0.240923126805248 1 0.847034072993395 0.167455890821419 0.797872926638669 -0.144018611002651 0.329348783814954 0.585187114166415 0.572315501925495 0.707712130110348 0.538953380211124 0.739863107066828 0.699364041701755 0.59740349449787 0.53280879826122 0.346923478888892 0.627533634616643 0.284633614569555 0.494596906218093 0.22436973274747 0.53245128077856 0.646564745609392 0.5895436186268 0.570932019666302 0.516570241257256 0.579764196080649 0.518876906320955 0.475209838361952 0.599569614400009 0.676250133592398 0.652803272119997 0.692184100739359 0.708929116276635 0.565443283630366 0.555899621607682 0.427134605637177 0.437748839923819 0.565784977142789 0.562955640717207 0.662684712099715 0.58437628276988 0.492664386915448 0.550767088683716 0.825779836153576 0.651845425578321 0.778788650436071 0.72831640121991 0.405556291665678 0.412170686110812 0.703821767160052 0.567381632829503 0.44282422383526 0.500056643439097 0.0340623907445435 0.225695757747683 0.588188572600808 0.456039370830779 0.553802863259484 0.5785986237897 0.489157015075472 0.559118950032333 0.283102973842814 0.481076562712628 0.705695828628909 0.73205418417233 0.113740079621287 0.528440651747731 0.602212670428421 0.688091479074632
0.465561895668923 0.4440746998048 0.826850580749725 0.821803988969472 0.536187190478323 0.484506468785458 0.704063474713396 0.741709317402894 0.650435748122369 0.403926420010361 0.323134205191171 0.524539478339934 0.395430180966886 0.583194122889331 0.458670672982913 0.651211909950928 0.407999997449124 0.47009033791263 0.589139566052783 0.486912515981827 0.345749094917582 0.418907247811644 0.847034072993395 1 0.130783320826295 0.77582772299818 -0.178715312322675 0.3115137778429 0.591256347538585 0.59065248345826 0.70230385322403 0.634375820593778 0.713954337064059 0.64953288972761 0.627193274012005 0.557631757591991 0.123801058188892 0.469571073873723 0.0647937262862298 0.453213623738342 0.017790354378267 0.435324114697704 0.567933372586451 0.499052768107442 0.432852250329568 0.378315853275948 0.458030836951327 0.395799778140787 0.349842111295506 0.460781507701984 0.544242901468049 0.518610794463087 0.587144231765575 0.60576801091494 0.365348309463461 0.405990122635529 0.37652677884698 0.361026984163488 0.494365412265129 0.541669195548774 0.541156909164409 0.573696733763076 0.432778773618316 0.488229427996135 0.755244818188242 0.69008130995632 0.740555238136585 0.72315598909874 0.440733667129206 0.395893134719863 0.65289076218052 0.481717074399772 0.429413669778112 0.54768957731143 -0.0875278267374427 0.414677901405055 0.472505768755893 0.403876101214726 0.54556289478935 0.46624620823149 0.436193696558399 0.465931522921375 0.0442616528513888 0.391168153644562 0.542135395865017 0.658633206265309 -0.100694695252196 0.410112480194886 0.362001740727922 0.560974358069038
