1 0.943245801407244 0.82888649499848 0.879500036920337 0.330397864390877 0.51265916112533 0.807801213342155 0.829939167805198 0.248226830972349 0.400724482383796 0.795677895263698 0.856766254695903 0.899459710001696 0.828835280746974 0.75677141526139 0.77442355018394 0.917406372856312 0.914759158005285 0.937285781515466 0.917086273754399 0.580182220960661 0.276977603879816 0.77248474328743 0.805623316166866 0.648895473259805 0.765881763025864 0.377946264805527 0.406059043306679 0.873910407147784 0.821806252677837 0.696888147965311 0.741177353994857 0.745221812356202 0.827139078012325 0.45257163586349 0.513998288526961 0.749945800897125 0.69056790964273 0.77400191180763 0.76122122465658 0.592421546995739 0.416209397126976 0.701981486990816 0.628762675712301 0.779214561929033 0.749892666956521 0.723028167650846 0.653537304219713 0.6572403115982 0.646946795460132 0.694192865015459 0.587206270045158 0.608682747395682 0.487541773654717 0.824157800036564 0.81599735262624 0.961938535351717 0.910044180668991 0.780115651500131 0.575723556187656 0.824814257301495 0.677331008139971 0.876819494304985 0.859561537003746 0.603480723261792 0.540369875457128 0.637909608280478 0.653344772325027 0.799883775946271 0.869528604955611 0.475503164502966 0.632623408770511 0.197947138227212 0.523776295648618 0.556067017155239 0.276564550508292 0.385648564224564 0.527825806590294 0.799922087214228 0.822219685081147 0.913306254704547 0.886924415549806 0.703347180220327 0.764686739394154 0.860331755046726 0.828414567516619 0.520810409700482 0.655352276315603 0.751363855008689 0.707427486679796
0.943245801407244 1 0.789021460797534 0.883914963016441 0.232295583814754 0.460535178009537 0.744402237809746 0.83502137282291 0.164408343223364 0.377880519647551 0.745676423332101 0.872569550746372 0.856746144425377 0.875437137055227 0.740036649960964 0.807269252291936 0.918649933679075 0.938706623351067 0.939524951177132 0.962699155420042 0.58352653592284 0.297847173158914 0.766803648057546 0.817506414721277 0.59512297044076 0.758967277894377 0.296075427704165 0.41725997845045 0.869488963628488 0.856242963017348 0.695737431780342 0.763680112440075 0.730230056848127 0.828403979656206 0.455384860335434 0.546375590735968 0.777173836565173 0.750298054240752 0.767384597290841 0.801239366596713 0.609482897051855 0.454958730304875 0.723350186494414 0.651037712496638 0.80838865788186 0.762883259645108 0.73546935686334 0.655602513422723 0.644524034323443 0.61967073524199 0.651174057815188 0.541413912432228 0.560208642845159 0.439680148765457 0.795672565505571 0.819212133354998 0.94515742968207 0.913669458243695 0.748695920607695 0.527735107158229 0.796025677888883 0.689918509671494 0.84167556168456 0.861511287488201 0.606103516700457 0.55634054257637 0.630616748850343 0.666122533289036 0.857475408314787 0.903887620370334 0.462676728465274 0.640886267508063 0.167322773653404 0.526759735980504 0.530823648879482 0.334336600181392 0.351150085344485 0.505943434344383 0.824272969581996 0.868083067799975 0.913479095244804 0.920501974323866 0.651111494349887 0.774444694627011 0.84341429165404 0.831705849947995 0.466911368307599 0.641752685630691 0.723683048761965 0.680018765448922
0.82888649499848 0.789021460797534 1 0.899655906635593 0.510513379061948 0.68544573431071 0.892122717643817 0.824878386916743 0.421562055364133 0.543752059645232 0.71789985400653 0.704737489421097 0.815707306783246 0.704625003026369 0.782584742391278 0.813876052183443 0.775618207080446 0.764169351857104 0.778940156828569 0.763963699717449 0.568606925446549 0.334288075961346 0.917719246563245 0.889962226948681 0.756641761051029 0.811781206104533 0.424031920302916 0.385553520394582 0.71949989949238 0.632604437511288 0.773376936714414 0.788760683709857 0.81306537665948 0.835159784054005 0.643609542936873 0.62843010004342 0.725218544810193 0.601795645797649 0.75714825323408 0.75900918681366 0.515635802958662 0.350141841113494 0.769385776713313 0.718990097616679 0.81072837468123 0.802156942008829 0.801723541800328 0.768820771803159 0.740302326624534 0.744915964158609 0.788934983504552 0.72215798777047 0.73725866881396 0.654672154158171 0.832803278111849 0.836417731695292 0.828455048996724 0.841042855806808 0.791699259357192 0.69097912783073 0.852152673181838 0.716425856634214 0.787048394496358 0.791106879893816 0.812553581470392 0.757693948646503 0.796025855234647 0.796469812360378 0.723895636398079 0.792103481654138 0.534890931113892 0.607598750299615 0.114513441400315 0.411946072767237 0.511828061855248 0.229352193501725 0.517796861163719 0.596570810059131 0.739736935835683 0.715374950357729 0.845850532991247 0.808614078430543 0.708042753519981 0.748268932043365 0.880113622712299 0.863628512552432 0.617181002601991 0.687180648694025 0.857579740440986 0.823335166852619
0.879500036920337 0.883914963016441 0.899655906635593 1 0.431206007403122 0.619863631675908 0.862487862580379 0.930381510494219 0.398728646946921 0.57577721242243 0.720547204769068 0.791564467139853 0.82949866951001 0.815675717350601 0.768368733395759 0.832217450126499 0.844275247327422 0.849408743705309 0.846899665533088 0.851775511014381 0.63429936764433 0.363320873172256 0.864688931112988 0.914014760082563 0.669575657990947 0.812454515240093 0.413750255787354 0.418940553392194 0.809299521175611 0.767362249860881 0.793793696550817 0.874605134857993 0.815049390061847 0.878601363264302 0.572535708030025 0.626538798448596 0.768668596546425 0.716530775345893 0.783128506046302 0.782166644010389 0.564455985067844 0.378301852119543 0.774178477523857 0.713475451348219 0.823230144400711 0.811887180071396 0.799132564328992 0.755078509023564 0.729242343726964 0.715525158163968 0.751466944527435 0.663850166091657 0.683417375820708 0.57341135099812 0.840559334721674 0.854256698411896 0.885541518932471 0.890103293699464 0.812377468692462 0.673005717973674 0.845371377781008 0.784580138345691 0.830820791158467 0.865360998453182 0.730893747398404 0.737742267690045 0.747758093727255 0.781792220088506 0.802862997716303 0.878601895959499 0.495546488956853 0.663123830468602 0.144133063245414 0.472287850596917 0.516196023688868 0.269509042341318 0.493565305974688 0.613843503105591 0.795003703964381 0.796433111640681 0.885104678777096 0.865005153753555 0.648610703739455 0.763410714797345 0.856701718884027 0.867973470464914 0.540482820388742 0.658666455181358 0.811165693917077 0.8011692803721
0.330397864390877 0.232295583814754 0.510513379061948 0.431206007403122 1 0.683210787000601 0.618376767562316 0.469356518457812 0.774296257383445 0.576930976029601 0.34793101857052 0.208238842548553 0.370373889503751 0.168561420623754 0.378815611430205 0.277671721127744 0.266801181772612 0.213588576035422 0.27875585642768 0.170064595806384 0.27735638702161 0.0342804992833801 0.38051976575392 0.349218527975997 0.513944272787099 0.34202311708092 0.514345580753152 0.135451331130426 0.233846153534763 0.125297560533875 0.400130594253974 0.317664561674004 0.499085430210348 0.44447580399562 0.361878086810673 0.321609318735542 0.304006197498913 0.200766561657547 0.300070618852425 0.274067133942058 0.167310200500029 0.0794939780199298 0.384928383830818 0.386289107421686 0.347907509913033 0.348418127419379 0.403025431576986 0.444197802856204 0.426273044139404 0.446598591851606 0.46621299084783 0.458663439104787 0.456538598704617 0.442580279954134 0.3831891483971 0.294281479377402 0.319637108687687 0.380722526078361 0.489892373532498 0.55197728786851 0.486906380710277 0.466029285382457 0.393674848196385 0.344927445958571 0.346085326250137 0.443085166526605 0.484980464625588 0.443726611355894 0.332067273130078 0.324289003612388 0.476469162811412 0.336007106912836 0.0566210276330655 0.132094995055138 0.10984686435106 -0.0272834359222215 0.499018541009512 0.419974241856738 0.213337154601862 0.157421565248362 0.339308844287532 0.226818920337262 0.253891666530457 0.253606384367987 0.313106911757036 0.33683124995033 0.3060214366586 0.196368032875755 0.470600584146211 0.450443865375452
0.51265916112533 0.460535178009537 0.68544573431071 0.619863631675908 0.683210787000601 1 0.718869033552854 0.616893099939237 0.627179329232059 0.659559379050535 0.455977470977545 0.443179751913925 0.552252246678088 0.417087308718152 0.570423545215138 0.603825698710315 0.488192711707672 0.484730958664759 0.489188211357152 0.426958417721361 0.410038644186348 0.0702588482417541 0.606167627688378 0.578056449492649 0.540552430660492 0.5409912363338 0.479379051288375 0.260292019613663 0.432869643491609 0.365988469685372 0.613403251531235 0.563152297427622 0.680305320543374 0.659266276714265 0.538793412314497 0.485343267287401 0.490932153856528 0.336610404634017 0.538215368356143 0.516971627474498 0.23655796579765 0.0397394540279813 0.649780363261557 0.644730163775782 0.593204953940346 0.609256020444226 0.652973227883215 0.673908141270233 0.638421994282851 0.632153903406479 0.639176318419786 0.628084038045211 0.651275318862793 0.630523486677416 0.613514351748781 0.581354750429927 0.531702616353041 0.601100154328889 0.646540707487401 0.66801006841258 0.660261708475969 0.643967226425104 0.547728068770802 0.593469529384541 0.57110264844715 0.659616365235598 0.65350917360812 0.631386461947438 0.482495218614092 0.525210105902606 0.4764499447485 0.42613444358371 -0.025244433673183 0.120303407146582 0.252982488199647 0.0207393533070693 0.600477824543303 0.601034972759077 0.5041415465603 0.490774216068898 0.567651592894565 0.493077269362569 0.432357481546569 0.481603189547072 0.557924083274444 0.592682186970838 0.538225892954379 0.456456751660023 0.673039057499291 0.683690037205064
0.807801213342155 0.744402237809746 0.892122717643817 0.862487862580379 0.618376767562316 0.718869033552854 1 0.895449037054796 0.525159304913747 0.656105619147395 0.680833313104113 0.66580833986337 0.802677956539173 0.655357567709623 0.727436656174322 0.69872568185466 0.754890827269684 0.73917324783728 0.731136367414895 0.688718079406197 0.560843914155411 0.255287092984038 0.815426743751652 0.784922045459358 0.746486471653117 0.802642873804312 0.454598705551277 0.293303303330441 0.711719758175932 0.599243067846728 0.83421066569134 0.758089169271618 0.88811037769684 0.892447020846406 0.663536663714371 0.678939581803274 0.712019539234312 0.566478465447481 0.785227734877245 0.754872003216167 0.445770071456897 0.294644589208215 0.849299252276325 0.812806120757614 0.847951486481329 0.865298219467757 0.870073407822284 0.859672966538871 0.843397030399336 0.851276567028543 0.89555337478463 0.827862816008051 0.848025015281267 0.778582711703912 0.870918482733368 0.854548790516237 0.812285604560815 0.860202703599824 0.921165791848453 0.837436028378229 0.927298163776887 0.840670065279278 0.785265986008316 0.852315405175376 0.693869676557811 0.763661363533108 0.842387512017545 0.83725893521726 0.712065687908269 0.793222204278358 0.595806909027217 0.656182636429064 0.014763600133131 0.333864430512732 0.46576275258992 0.0843637800715502 0.65159141403593 0.763083074588947 0.756616167154963 0.725819597111171 0.834304121143955 0.76747002059547 0.611084114837324 0.626870484829204 0.808808756092383 0.85220585014389 0.532619414608981 0.564043466252812 0.87007402082796 0.884862786822738
0.829939167805198 0.83502137282291 0.824878386916743 0.930381510494219 0.469356518457812 0.616893099939237 0.895449037054796 1 0.423388485380593 0.662552546827496 0.703519347136863 0.773277117845218 0.830623523104645 0.807829751203617 0.706381688863669 0.760347850653425 0.806547613604398 0.824728860713945 0.791898325149693 0.789411273305282 0.590085321675829 0.35678910913055 0.812533087702528 0.85283847055958 0.609882273469398 0.812468268317604 0.405849100628801 0.343952852115606 0.802783264012449 0.744570697253179 0.844104818771595 0.869394156379055 0.838313731201159 0.891486318912042 0.585981997314452 0.670417527682899 0.723574829023264 0.654019878392464 0.779332035225781 0.735044578429854 0.52405838055478 0.334766347966753 0.796028569172381 0.74732069466031 0.806319494692532 0.814581460183683 0.815034386702558 0.787319295253098 0.744866537057644 0.743815527564416 0.780357413796442 0.69489455788725 0.727563492237639 0.632949890471948 0.833380648832021 0.842585451155591 0.842705346016119 0.858038743096516 0.866134397450026 0.726047675819201 0.88124073519878 0.865359772066923 0.790287858215993 0.890806137341805 0.63976979587183 0.732696631562788 0.733737122698006 0.762683045771006 0.770813490812004 0.845069907982331 0.513445575424262 0.691883917754998 0.0919143903379381 0.413917748042605 0.482400707092867 0.206781277665142 0.549271165988265 0.704605696595618 0.809737872873103 0.792972688317433 0.853342116178148 0.82601621535924 0.584524351738013 0.683383341789548 0.790156605498005 0.834217088370328 0.459997929945747 0.557689322298859 0.798457942774392 0.818011463034652
0.248226830972349 0.164408343223364 0.421562055364133 0.398728646946921 0.774296257383445 0.627179329232059 0.525159304913747 0.423388485380593 1 0.685084386589717 0.353852538424606 0.155818745136337 0.339737783228076 0.16025383504826 0.416208906532042 0.288316186072528 0.233896317603766 0.156272881342833 0.19001504705292 0.0920084559244815 0.300998173553923 0.0257591512013081 0.387130414611735 0.354975035272407 0.414272111541196 0.345799591126308 0.568248107820222 0.178290609841179 0.184467081758367 0.101233300926485 0.384495634725055 0.365858514120181 0.440442676893428 0.400597492281066 0.30676101639671 0.235826857985171 0.237419673865225 0.16545327720839 0.293456615728615 0.210115492291096 0.116356053378407 0.060899744507257 0.369685207710598 0.376100156009116 0.324652753548826 0.348958666950297 0.382112652351911 0.42491387664858 0.411442776095151 0.431584916115774 0.437966755766474 0.428352732994093 0.40258514669841 0.399836351218909 0.330670120794804 0.268111567520336 0.24492343659029 0.320028713360612 0.432219000498231 0.514879248615455 0.451451605552292 0.502637290544215 0.383192631255494 0.322043258561691 0.401834794221607 0.475360832714329 0.439685523961852 0.421274879769493 0.278797547966475 0.292677179475603 0.40795055383186 0.26860211537287 0.0282024418583298 0.0862755279349929 0.0389848298081036 0.0584657261928094 0.497788961688268 0.391376940906872 0.192593607516925 0.178211733937125 0.308111712869822 0.195779706319715 0.233851858766168 0.190544227722656 0.283610530933682 0.30162156668734 0.288230985936675 0.197248930482126 0.405554379104127 0.423750686285055
0.400724482383796 0.377880519647551 0.543752059645232 0.57577721242243 0.576930976029601 0.659559379050535 0.656105619147395 0.662552546827496 0.685084386589717 1 0.416920312661571 0.338107091549989 0.446024268215346 0.375223846595403 0.48179299450069 0.503666723193545 0.391210498928659 0.371276341384434 0.36004452398789 0.313051620994021 0.323870994159951 0.166251022353156 0.569273234355244 0.56192550828027 0.378465484669428 0.543028672125728 0.469560520678167 0.122900902004968 0.39918178559166 0.33307604249922 0.651521701039465 0.642845925939882 0.617940045552521 0.604299761406992 0.452978324296617 0.479152805423486 0.349926077256185 0.221984886054511 0.479680369697972 0.384152597783463 0.215844815698437 0.0667965467910313 0.574015086649991 0.583089364889287 0.492090730733658 0.550152496330652 0.569725949826101 0.610239389973696 0.563397298547369 0.586691179662718 0.591307077260781 0.590318805305787 0.595028103344369 0.571392002827806 0.504078300524762 0.502176472495643 0.423069137628462 0.497262694443195 0.624358366762897 0.666268599709175 0.618934729865829 0.710512739327479 0.464496456340634 0.56880920838496 0.475624151946585 0.646003589316779 0.543289081582006 0.553240156175092 0.429172483574379 0.505035863507638 0.449139037133797 0.423550881701599 0.00825123058561729 0.138324284317109 0.262097594617256 0.0906865859671396 0.56852840271172 0.609622498056162 0.453981846802177 0.431458749581105 0.475782330004218 0.391649994934677 0.238251646912247 0.295026791604217 0.404829091134141 0.489972598093835 0.332320674230207 0.254546638211336 0.568484752151576 0.632075156667211
0.795677895263698 0.745676423332101 0.71789985400653 0.720547204769068 0.34793101857052 0.455977470977545 0.680833313104113 0.703519347136863 0.353852538424606 0.416920312661571 1 0.838224902677727 0.905572691752821 0.818408569125534 0.810875960867717 0.696245762215671 0.766557300325213 0.742912506713616 0.753492062572086 0.737469665719847 0.453287488886003 0.178898754412794 0.733511747456662 0.725725300180561 0.530795654444005 0.678292576429016 0.490489659288284 0.454085395557849 0.748971760820687 0.742163321535066 0.499468728085485 0.595015328775873 0.508190791720886 0.617956394191848 0.287327496806508 0.370627306261549 0.508522380983463 0.497537263404283 0.629908354459364 0.533765454633376 0.45853580482249 0.336643538261646 0.476872842725748 0.401581623792174 0.55209305095779 0.515399103906759 0.514325863488497 0.440702288912743 0.384541389095039 0.384827564225514 0.472619794481223 0.332852965925567 0.402051108652006 0.29248897718627 0.640546016731452 0.602240844637411 0.711609945774913 0.637168692652619 0.555507279851312 0.333971265156826 0.731993874349718 0.606445957962405 0.782271596102745 0.724337152496366 0.610098660879913 0.499805235865948 0.420481323822265 0.444940276121647 0.556510696305173 0.62009408840117 0.321947831288319 0.470054858342803 0.287306377950881 0.525345083872986 0.52668813024693 0.398874037865901 0.204185362293017 0.286438792758999 0.640864482522057 0.666447438420203 0.738643596725576 0.695238673627636 0.56325650473763 0.581744251236516 0.712072592847412 0.614911255569188 0.479519038210462 0.48399799515567 0.574086921574841 0.512297419550946
0.856766254695903 0.872569550746372 0.704737489421097 0.791564467139853 0.208238842548553 0.443179751913925 0.66580833986337 0.773277117845218 0.155818745136337 0.338107091549989 0.838224902677727 1 0.884296080739204 0.944976884718577 0.795742318068048 0.815915486200763 0.854994710441516 0.876637467139856 0.855827752844549 0.895422694318989 0.53299250929929 0.275859780374852 0.723178863809518 0.765760520741586 0.56260793157783 0.729941944972754 0.386358087130093 0.504660321527066 0.853553622707732 0.895163348022882 0.565245062083074 0.657751366900708 0.588420209690027 0.723875208225218 0.350864166412206 0.432972654755936 0.63740439640245 0.641500481840563 0.734532066344815 0.697309331723903 0.584205010441725 0.390616030000876 0.574405000116945 0.504318750876425 0.651726628081097 0.612669635107273 0.593527950906183 0.513657953926513 0.468612160686936 0.441266707256604 0.519063093294378 0.386519687216863 0.453337160284397 0.329239842869579 0.741109434131775 0.737131102864702 0.819176300332629 0.748779864966464 0.602150038755365 0.360482055755408 0.708315021807245 0.642029273578828 0.794126193586637 0.827347677204989 0.569382932510315 0.543305339051002 0.486316775606217 0.547658403030604 0.672982710843072 0.752534094597742 0.322587284449136 0.514105056860552 0.22147209072765 0.496845961711628 0.553159961061776 0.373836764004841 0.232355636593196 0.380645779668893 0.773178275301562 0.798647489393294 0.835642591941556 0.850830087272556 0.658119789834416 0.753032629242986 0.78053874345921 0.752137426476605 0.514641192396519 0.622384210177095 0.622427017762731 0.605079717899125
0.899459710001696 0.856746144425377 0.815707306783246 0.82949866951001 0.370373889503751 0.552252246678088 0.802677956539173 0.830623523104645 0.339737783228076 0.446024268215346 0.905572691752821 0.884296080739204 1 0.879032783694995 0.847604050623543 0.801062061197652 0.853378995355841 0.855224275803063 0.86464882509665 0.839709717867997 0.554628980593841 0.285542214766026 0.815840338886495 0.820820849110005 0.639929634338319 0.769157034647244 0.43072845950056 0.456503939890618 0.83606821116249 0.791735102371572 0.664233973204859 0.724447390141788 0.704709924422459 0.783043314734761 0.456142645772521 0.492619354346827 0.68065095013163 0.62520625492975 0.742684142802163 0.697644367669894 0.540947653916758 0.377983858643741 0.681376623701619 0.614151624919158 0.747804531542835 0.714696468697479 0.707832199292576 0.643526094108575 0.597320425756975 0.594917138802523 0.658647260865512 0.536972489317091 0.594190266381975 0.492355312681525 0.800498071942281 0.778838318583893 0.852536327772409 0.805731580481173 0.739932800272966 0.520993223830569 0.848760612352615 0.715456609791051 0.846682155693432 0.826325547298193 0.667081549423386 0.609337377586337 0.618136645011624 0.636980694902375 0.729408742016671 0.776780359763264 0.43861427384501 0.599611487692751 0.150163995424525 0.437214713563884 0.511826370216359 0.286613608235191 0.37269810689736 0.473864590726981 0.792236830750251 0.798292405200785 0.880026386245317 0.854969903353693 0.689933347951314 0.734907099570083 0.853081013655871 0.794433505381334 0.510555801057411 0.61326035357098 0.749850380825312 0.692648626719511
0.828835280746974 0.875437137055227 0.704625003026369 0.815675717350601 0.168561420623754 0.417087308718152 0.655357567709623 0.807829751203617 0.16025383504826 0.375223846595403 0.818408569125534 0.944976884718577 0.879032783694995 1 0.802561870280221 0.853667038773274 0.852231466704694 0.888930989092917 0.823121488702054 0.881018658071658 0.585388739342222 0.301793430314533 0.759294034413146 0.803836565991606 0.500094554487757 0.756095747879015 0.368714864067 0.479465705732256 0.8789143922291 0.912921540045824 0.618148179827602 0.730800483241329 0.588119146508956 0.725544118319177 0.372081866062471 0.48809991514899 0.644392338116719 0.648627338959086 0.738704335375716 0.688553265187764 0.594803350784506 0.389849131517956 0.586325393811542 0.50942020771697 0.659716085410774 0.619681601005101 0.592830836204694 0.512780935299596 0.457407572539438 0.429298313271372 0.495584230652502 0.347409470788524 0.419033024159404 0.288925790633542 0.717861198328204 0.727741762300148 0.814508324262451 0.73999304446663 0.601080272874793 0.332489518453771 0.713730725890204 0.655604135832903 0.75751870880505 0.828092823394043 0.582044886049257 0.545444762087788 0.467239870286036 0.537836308972419 0.672150576523167 0.755423375250828 0.308181528363422 0.540198750073162 0.203116033316447 0.470742728067228 0.551362164576955 0.386694423508157 0.2071007868577 0.38491783355262 0.80548065574567 0.836924969627265 0.840334500445628 0.865567052746673 0.648260097459421 0.73792202391633 0.770261078525487 0.740945800371357 0.457384590088248 0.584605083553113 0.607189068728402 0.579701373141256
0.75677141526139 0.740036649960964 0.782584742391278 0.768368733395759 0.378815611430205 0.570423545215138 0.727436656174322 0.706381688863669 0.416208906532042 0.48179299450069 0.810875960867717 0.795742318068048 0.847604050623543 0.802561870280221 1 0.820644618972115 0.772104808746098 0.765629734971344 0.709250826143158 0.723830696221538 0.568914769990538 0.219085861571682 0.842974354344388 0.82017375209073 0.712834326978479 0.787510308696254 0.589294128640664 0.496117481137099 0.751243742103612 0.726456650211082 0.632672265505634 0.686812376639628 0.668279362127693 0.744449275603563 0.497068691444944 0.493955674563282 0.647545259055954 0.552655140727202 0.728363380941408 0.688787675991787 0.527649417616606 0.264473164166582 0.650959095550239 0.60934521651153 0.683460390137777 0.668905332889909 0.666739397483833 0.627876237116029 0.559127152174585 0.540492994841454 0.62180200697734 0.511349917224 0.573872220759287 0.486373795878759 0.749273358114704 0.715942715008625 0.748615808229275 0.725869625237169 0.61877110987589 0.464505079271397 0.75407926302244 0.6532211967396 0.747509569629137 0.754692275905366 0.763764410910197 0.670404063342921 0.614350668873945 0.65083441624999 0.609801125117791 0.698433414082499 0.383438403867435 0.47725752376205 0.107451480574265 0.348814156252014 0.500604426496738 0.210005666797311 0.351372379781282 0.480692405834793 0.74248985162711 0.751044019832004 0.802793202361174 0.780867329288462 0.710286359714542 0.740795071034572 0.811362127535024 0.768062942466326 0.643565000063861 0.665825713048642 0.699841596746605 0.676200341356595
0.77442355018394 0.807269252291936 0.813876052183443 0.832217450126499 0.277671721127744 0.603825698710315 0.69872568185466 0.760347850653425 0.288316186072528 0.503666723193545 0.696245762215671 0.815915486200763 0.801062061197652 0.853667038773274 0.820644618972115 1 0.796500124651788 0.821903642101 0.765745563366416 0.809177520012428 0.612334062547809 0.237678430368687 0.854325009002713 0.857735004055539 0.630478792395447 0.791807262501417 0.394478069935 0.460723774784911 0.772439191156202 0.782049886342428 0.70646849827546 0.767948862759909 0.708250254759653 0.782236938313964 0.584947784076358 0.572023224914868 0.705139809975265 0.587552288594893 0.729708357337806 0.749957528235783 0.518440586025236 0.272942254697841 0.70351468924352 0.650209181817492 0.743594138311499 0.714994536224268 0.70108767505242 0.652863642399379 0.590042136613148 0.558673939427976 0.598533660304244 0.516484371860767 0.543900492460996 0.452431042856574 0.736576196932848 0.769101375690195 0.79166350553381 0.767232981859841 0.648002191571938 0.463916483237725 0.740411481034782 0.673266124332846 0.714799733017316 0.799830517272832 0.747926291133913 0.713661381117561 0.652349023089353 0.702654865647824 0.692954527942578 0.77631824743749 0.396476972068058 0.525900497410688 0.0907680431241999 0.352019098493428 0.457561710808204 0.259515526810257 0.366481508398616 0.472078918172637 0.78917183559461 0.804978496096137 0.826517855041436 0.844269454041615 0.685866709219665 0.785376580393535 0.820568477125824 0.816770868700983 0.603800670262668 0.722300714804872 0.728253542883627 0.707249024690084
0.917406372856312 0.918649933679075 0.775618207080446 0.844275247327422 0.266801181772612 0.488192711707672 0.754890827269684 0.806547613604398 0.233896317603766 0.391210498928659 0.766557300325213 0.854994710441516 0.853378995355841 0.852231466704694 0.772104808746098 0.796500124651788 1 0.963439311112154 0.897566846855718 0.908202757622196 0.572641886965253 0.260426517439223 0.762394768499857 0.779987445869975 0.582455398877413 0.755108295901645 0.347066311212285 0.435314540910075 0.911576808501102 0.870276906312732 0.691657354746639 0.744802420190816 0.737984112596536 0.838615990025321 0.453837346363718 0.56447101151594 0.704415023699375 0.650502266480312 0.782726050061448 0.780898363130687 0.553082661053594 0.36154939732159 0.715185654811754 0.65095803928201 0.778497669954748 0.747313930413158 0.723988829892651 0.651214803629649 0.623291442643376 0.609398892110186 0.636195627724479 0.528625995047924 0.541747461048133 0.441326374845935 0.797825003141266 0.793351744581733 0.928539734346398 0.881610973617972 0.745999064200929 0.514655824402683 0.794954027598169 0.678807063285114 0.857434263807835 0.88931556863474 0.608559424504107 0.55657512390077 0.618362539982002 0.656028508381393 0.784442602050974 0.859622871083029 0.394728932794734 0.586464513490097 0.176283171691443 0.458655538450109 0.535788337400383 0.334096840614829 0.341760747429631 0.523630219035048 0.869534411545639 0.884968011094479 0.924288172215895 0.896965167224139 0.649703436655704 0.735743173368646 0.81577054013852 0.79360564660921 0.484590919212658 0.608888426684644 0.70229578767638 0.662604038209754
0.914759158005285 0.938706623351067 0.764169351857104 0.849408743705309 0.213588576035422 0.484730958664759 0.73917324783728 0.824728860713945 0.156272881342833 0.371276341384434 0.742912506713616 0.876637467139856 0.855224275803063 0.888930989092917 0.765629734971344 0.821903642101 0.963439311112154 1 0.908322904550567 0.937359000249072 0.567682376762896 0.30255697918104 0.762713876498651 0.776994129878295 0.562031264883211 0.768504201245455 0.312791335531974 0.406568126309164 0.919607727203052 0.906889270659093 0.713829026789872 0.759822754878471 0.731049003798884 0.835068702114427 0.45057200807251 0.569213713363303 0.719289741646731 0.656871064172076 0.812653902077633 0.809718503448544 0.582983195638218 0.378271257184125 0.716312056209156 0.651479151312477 0.77209540391428 0.747021988252683 0.72088448842341 0.650172233947028 0.608068916032151 0.599176388096573 0.626013945438399 0.515561397381964 0.546163127329615 0.441298358710498 0.811623201937319 0.817044724296695 0.926824762614222 0.884856791391983 0.734723222483491 0.493234280314242 0.78102708781602 0.66407084281688 0.834574002562375 0.897591882155194 0.582831862386899 0.543883837500818 0.590854252009294 0.637492611872612 0.767834607223708 0.854568507077589 0.373971956389688 0.59150920712498 0.149798552862987 0.462565003508325 0.555953216034382 0.325492604536305 0.329461756025027 0.537170342759585 0.889553362511371 0.924924282159256 0.914047100899166 0.912469370055943 0.645319375183992 0.750448828677393 0.810781366931076 0.800663095039733 0.491199709263827 0.615933138286514 0.701862013947267 0.664260301087495
0.937285781515466 0.939524951177132 0.778940156828569 0.846899665533088 0.27875585642768 0.489188211357152 0.731136367414895 0.791898325149693 0.19001504705292 0.36004452398789 0.753492062572086 0.855827752844549 0.86464882509665 0.823121488702054 0.709250826143158 0.765745563366416 0.897566846855718 0.908322904550567 1 0.955014555461501 0.548122450001702 0.302908886442294 0.708797664623908 0.748423235943602 0.5734810643697 0.710522574808751 0.282357784740692 0.3751343704142 0.860177914032681 0.840809465134289 0.670074175669836 0.723255117474917 0.712085978425008 0.812405334759859 0.381989378799179 0.483970123466951 0.718641872066796 0.699084143400116 0.724075342887454 0.742442902369969 0.526088848486517 0.409553692211616 0.66986612320921 0.608337812925649 0.750587137806129 0.711676301044853 0.69260168807242 0.622445346969536 0.602982935169292 0.591901554603981 0.612036548901017 0.512564213280659 0.53689059368295 0.42628911414263 0.775700740826867 0.778578615462354 0.91065594033155 0.872474501456304 0.727387872994306 0.525128894276258 0.758581536656958 0.634105944320751 0.863216752852595 0.822624527190506 0.526897750977471 0.486109389097191 0.583453737000216 0.61201942600461 0.852091147686278 0.869697417228264 0.469171875238502 0.624338170118353 0.202046961469767 0.518401154586159 0.505634350820987 0.342033155814203 0.376826623263682 0.463809929399647 0.787498964685507 0.82092320953978 0.886122132979225 0.874140225827563 0.615903707883462 0.731022017288449 0.799127029691776 0.776879453160896 0.4685595741468 0.587439529190931 0.694034690650763 0.64138228068272
0.917086273754399 0.962699155420042 0.763963699717449 0.851775511014381 0.170064595806384 0.426958417721361 0.688718079406197 0.789411273305282 0.0920084559244815 0.313051620994021 0.737469665719847 0.895422694318989 0.839709717867997 0.881018658071658 0.723830696221538 0.809177520012428 0.908202757622196 0.937359000249072 0.955014555461501 1 0.535222877495621 0.318414308531949 0.73833305755469 0.781926585545838 0.560859422510289 0.738150262604539 0.246914394684553 0.422414130584429 0.88089408623724 0.886927045496645 0.662952352846115 0.741184750196095 0.680754404579215 0.800080190229115 0.38611774269282 0.500279549037083 0.727912284531197 0.706015772675683 0.758584174652554 0.783206581901886 0.556588552742421 0.432139283811996 0.661219049300956 0.588232360685795 0.7509638256218 0.703797195528454 0.678815737372513 0.594049371975634 0.568777315024236 0.54427062273687 0.578265201470115 0.463878215102265 0.496740784722444 0.378934796150489 0.769539316756339 0.78735132470527 0.90600637971208 0.857776929317593 0.67631506374064 0.444847291295599 0.722518313739741 0.607713341242784 0.835478508184055 0.835430638448293 0.549760247903692 0.494092938901165 0.564086995631387 0.607291569174259 0.829234110412353 0.876996188163234 0.407211902556665 0.598250285564508 0.21584857688289 0.558587603728869 0.548024994773567 0.40194080853878 0.309071768479416 0.456507572979686 0.81972027935495 0.86153065211621 0.895794976362803 0.908965765818775 0.639067375007984 0.756231785313202 0.811422126546518 0.790377707039929 0.462387834512998 0.623532016130984 0.674635984856901 0.617754762758824
0.580182220960661 0.58352653592284 0.568606925446549 0.63429936764433 0.27735638702161 0.410038644186348 0.560843914155411 0.590085321675829 0.300998173553923 0.323870994159951 0.453287488886003 0.53299250929929 0.554628980593841 0.585388739342222 0.568914769990538 0.612334062547809 0.572641886965253 0.567682376762896 0.548122450001702 0.535222877495621 1 0.20043034258626 0.582483655861454 0.597988249015619 0.493247762290837 0.628810880334842 0.390096999995354 0.264740226820853 0.596220266419224 0.578133856455393 0.58612958899319 0.59458091097757 0.567225470455807 0.625645101414463 0.492508222820391 0.478537331397697 0.61443483051098 0.607540708269985 0.527978279786603 0.550737838621449 0.464959019461263 0.261303943195253 0.506453730077906 0.470911989779384 0.546862197769802 0.538371817638661 0.503938374024088 0.484317336787327 0.483330099544998 0.456442280334276 0.503541885613552 0.440154870104457 0.435226697570507 0.372287753030532 0.549047939668533 0.572682730071535 0.612128488383612 0.582380279960624 0.51784917799786 0.400399437465268 0.563996038721969 0.522947586841572 0.49488413571076 0.570548098518034 0.520480040389077 0.533250214004317 0.526264006383944 0.564392415465333 0.500256993180472 0.566574736010355 0.32854648326189 0.469913104064894 0.0292481815961905 0.267310733905437 0.346087872811123 0.0805561021033073 0.30956805798059 0.363726356193556 0.526936479512481 0.551970839429505 0.612593559120837 0.60174522402446 0.570814163796377 0.558158412737866 0.560706409940878 0.617953921427448 0.369895043871639 0.5071823388927 0.482503782064763 0.552493248507537
0.276977603879816 0.297847173158914 0.334288075961346 0.363320873172256 0.0342804992833801 0.0702588482417541 0.255287092984038 0.35678910913055 0.0257591512013081 0.166251022353156 0.178898754412794 0.275859780374852 0.285542214766026 0.301793430314533 0.219085861571682 0.237678430368687 0.260426517439223 0.30255697918104 0.302908886442294 0.318414308531949 0.20043034258626 1 0.327748797183341 0.367794227555864 0.247833081854544 0.337572597387594 0.0152944034191584 0.21474025561235 0.329624433145521 0.288151934230078 0.37777439437551 0.401769432100607 0.309546788161264 0.329683288175435 0.231568422392331 0.243513532987777 0.28306182722005 0.332999793707459 0.283811441245231 0.28625283285894 0.258183243824524 0.221130212767066 0.25678045292021 0.245505995428516 0.25808317393164 0.280395397703125 0.297310435250431 0.294247416439209 0.234207031708284 0.270464248402088 0.26445720926444 0.255124828657114 0.246994991333797 0.242209214310317 0.305655433057066 0.328437692368632 0.284719182581057 0.282580060500334 0.291261950538744 0.257131003510022 0.235242425545377 0.199455269177555 0.252716986151601 0.268297358425816 0.17966596140212 0.226623104785349 0.241513438378586 0.285428939375647 0.269408874866438 0.280577217659147 0.136714400178604 0.292751974087621 -0.0695419753055831 0.0738737076008899 0.237593282311561 0.239362431990893 0.114864958738745 0.207307584301201 0.323844760490376 0.310541016854189 0.32767987607564 0.328462814611577 0.28350212777548 0.363134038423939 0.271176892290319 0.299677593877562 0.0824641666759588 0.177883764843392 0.311581865935997 0.276953671536547
0.77248474328743 0.766803648057546 0.917719246563245 0.864688931112988 0.38051976575392 0.606167627688378 0.815426743751652 0.812533087702528 0.387130414611735 0.569273234355244 0.733511747456662 0.723178863809518 0.815840338886495 0.759294034413146 0.842974354344388 0.854325009002713 0.762394768499857 0.762713876498651 0.708797664623908 0.73833305755469 0.582483655861454 0.327748797183341 1 0.933389489211515 0.749423983297861 0.848255023114746 0.495492690876219 0.411111873425546 0.7360551902107 0.666475992210361 0.800733140885591 0.848547002375 0.803822557922307 0.832278911301313 0.680238949440478 0.633856987681356 0.691940779158017 0.554917030200306 0.746048684739988 0.739465066611916 0.500529556121651 0.305959323625591 0.770225569925323 0.721080440797846 0.801219941705997 0.788279130671306 0.787477216114299 0.753195084279952 0.697955788463462 0.690318833119006 0.752398506866805 0.674795575738175 0.705540903196255 0.628767851604483 0.812220909418163 0.824482054203999 0.783263898208435 0.796257665998848 0.745420524636442 0.610712908704079 0.841524499482536 0.751893228880741 0.743340605316308 0.800239074761029 0.869533118793155 0.796024420242862 0.768712381512858 0.779937428772477 0.689690495002013 0.776501054543995 0.484174884249468 0.604654015623707 0.0990696028324905 0.377881506255928 0.52125333931853 0.245408913879472 0.502531442536258 0.595383405623334 0.782394449528499 0.768349715149721 0.835708527936252 0.809838378984125 0.699403251087247 0.744921239040434 0.870592467381608 0.849497132119274 0.594344523447605 0.67179831384317 0.827223438143366 0.803233526026536
0.805623316166866 0.817506414721277 0.889962226948681 0.914014760082563 0.349218527975997 0.578056449492649 0.784922045459358 0.85283847055958 0.354975035272407 0.56192550828027 0.725725300180561 0.765760520741586 0.820820849110005 0.803836565991606 0.82017375209073 0.857735004055539 0.779987445869975 0.776994129878295 0.748423235943602 0.781926585545838 0.597988249015619 0.367794227555864 0.933389489211515 1 0.715299869466348 0.842774980391756 0.473611766568736 0.481582477234859 0.747637653320093 0.694573677250223 0.753748955204816 0.858096820183834 0.764472566464509 0.816325092443373 0.631839241916185 0.605086754102746 0.735189673747193 0.641334049592494 0.746114431865641 0.747291937322667 0.564676753195023 0.354998752793773 0.737868551903699 0.681325945434467 0.780145101161297 0.764012661287784 0.76018695428557 0.717890178423916 0.669372833267279 0.662111776001527 0.724311636042928 0.645035806611642 0.67240936115698 0.579626670741274 0.805331867552527 0.81920548252805 0.812272719525608 0.807154349258445 0.729994791426048 0.593506322038367 0.806424943505651 0.757810290669864 0.741235517742665 0.795842041589137 0.821129572130106 0.789161864136667 0.737908233421184 0.769360454328905 0.728613778698666 0.800426390607042 0.475485006435387 0.622583183890386 0.160962109275002 0.436329720187124 0.520610155675213 0.268110129277835 0.444356127443115 0.550378084801495 0.768745505597469 0.754128509319672 0.840086535152283 0.831569412069627 0.710569663280798 0.781556612896727 0.875388675967858 0.860861972425147 0.58894869077578 0.720183976896526 0.800251301243334 0.78787371941757
0.648895473259805 0.59512297044076 0.756641761051029 0.669575657990947 0.513944272787099 0.540552430660492 0.746486471653117 0.609882273469398 0.414272111541196 0.378465484669428 0.530795654444005 0.56260793157783 0.639929634338319 0.500094554487757 0.712834326978479 0.630478792395447 0.582455398877413 0.562031264883211 0.5734810643697 0.560859422510289 0.493247762290837 0.247833081854544 0.749423983297861 0.715299869466348 1 0.76000415315737 0.48416807427137 0.435056427422224 0.541631097972989 0.451596097044483 0.637158038559981 0.559056262314606 0.719080700920987 0.711569432707666 0.668045140122649 0.531317680266261 0.662304941881843 0.4873772446605 0.643387976064754 0.673079455432688 0.445874644759199 0.262679263869572 0.665898308667453 0.629060488434504 0.68368352137295 0.663936006736652 0.680437464655415 0.666508423604316 0.642852786917456 0.630824847595953 0.71518192687405 0.666579054983508 0.668356625776487 0.626395612500636 0.694793614898616 0.669327498475561 0.636071717370677 0.662574065830443 0.640997212732909 0.574696538495124 0.683287304758469 0.578998912642667 0.566571120942694 0.589451726048621 0.729844271933765 0.68628095689446 0.755120596723394 0.747873100203437 0.587823604564351 0.621873582318614 0.580735461256016 0.526902803037065 0.0972549914224058 0.343871103604592 0.378625084740296 0.0813465680420895 0.496518657908264 0.534774756280255 0.572887608121474 0.559073978494776 0.687115075850243 0.638116631096347 0.689084478548403 0.643112995304119 0.73697738562762 0.753977964778291 0.554052391909911 0.617331832399271 0.710000642854081 0.724815420221766
