1 0.752843143348862 0.539353988971356 0.560148699598617 0.350222355121169 0.245881875981593 0.719280623722688 0.631171594174128 0.14242888741414 0.245714849773335 0.656425997946434 0.613101739351336 0.634174811560776 0.549465570508269 0.279811633690733 0.295500859630281 0.521993035486949 0.481378801736683 0.661531643138991 0.60889378044303 0.303037990504535 -0.0225199616205933 0.278754899563963 0.437257487626699 0.164154936063837 0.330405491204436 0.24137718898481 0.263001564292144 0.391862978613713 0.2875087871582 0.411720534576779 0.146876558476134 0.551969422788142 0.544301875618344 0.216766162785596 0.300251719347702 0.321512709517704 0.350618937164462 0.0838366159087547 0.209540373435544 0.261615466151354 0.0997555915063655 0.499546794464555 0.392645945930712 0.443837035652154 0.319210708542995 0.345702439874565 0.314204702133998 0.316449250159824 0.390840925269197 0.494914910517826 0.246300856220453 0.457057626262377 0.128273558047295 0.648338189958676 0.470412355197687 0.81963761422516 0.730767871137136 0.690395136597133 0.427782515832962 0.776752444130657 0.553021250440352 0.5684047795794 0.556851622751892 0.386625777874159 0.574330563141372 0.535067044393683 0.540609000619887 0.44710519588922 0.427782174100993 0.488218559610038 0.537827383616419 0.59197474038232 0.619732641947318 0.201242589720219 0.199748693951479 0.476812541967733 0.272762839282082 0.414515254335287 0.431509749384895 0.62950698220778 0.621074967086603 0.377633655733995 0.344780317227044 0.558081580328178 0.613884917496673 0.126065223996669 0.235521889244106 0.564469894521496 0.53943114033977
0.752843143348862 1 0.534694986332513 0.605047611711621 0.271264749501757 0.235432582164805 0.658896295849188 0.56490520535888 0.231962036075059 0.218986822481141 0.502499814518137 0.72207596766827 0.50640921486382 0.548107698700292 0.355840605682199 0.337519609313093 0.461170579756164 0.526394918029704 0.696393531391898 0.756651185258171 0.214748833161831 -0.0690539532539615 0.401029959425195 0.472543410612711 0.157135883851318 0.229441222094294 0.289592172454976 0.3248747619901 0.355388843841755 0.334790522488619 0.312802164667277 0.130848206876648 0.464975692254522 0.545057969844606 0.215349452450453 0.168468711720727 0.339733420209694 0.37527894720758 0.0486994155364898 0.263448349731001 0.164285246363204 0.103031718579698 0.48652344567807 0.44124163083534 0.470768422914291 0.388822010532544 0.380442550738482 0.371195042782684 0.429052837071708 0.565957944768221 0.726510814857082 0.590749004680449 0.627202635338755 0.360636725637429 0.667254041063696 0.576555187799658 0.777202384960458 0.789922732453453 0.775787311785403 0.719314091358969 0.55338930254795 0.584828472379333 0.546497898464477 0.546288182654208 0.39834231682482 0.446052251572955 0.357012690429462 0.361189738685261 0.468983786972906 0.414390049384544 0.379568610525678 0.553509322894968 0.492359773218435 0.568782612216144 0.158823224180387 0.308961950022661 0.460255333601988 0.224856673787805 0.440422336728328 0.373062207868763 0.61082622427047 0.622906043155233 0.332464305186748 0.337733461102452 0.601471037366673 0.674462287793167 0.222986978303803 0.359201221205212 0.479812888033267 0.659736343120782
0.539353988971356 0.534694986332513 1 0.668522911801503 0.458785916528532 0.366229742320466 0.778457032215734 0.462243978362244 0.449330386596691 0.35424087960807 0.213308501295166 0.238535299211047 0.571332010559319 0.387690928542428 0.51157604307951 0.317161073637183 0.420234647877932 0.360362887369101 0.566551919569319 0.388509875851368 0.3137397021849 0.0430369796544845 0.711789556109376 0.59557502577489 0.469281675185834 0.419744442131924 0.331303039969726 0.359731600621582 0.177575877246165 0.0659224181419449 0.243658608203486 -0.0032655931290597 0.376633621004897 0.346750680292921 0.437937965958098 0.36677113511859 0.254383600256028 0.358466487781749 0.00680516133253454 0.0601427624857541 0.112421978994146 0.0949834973067612 0.440906577347966 0.377339319951296 0.394675499263418 0.229539680827858 0.33345496299351 0.34626444079476 0.315659578890427 0.273676156467075 0.53781024649227 0.415595801617757 0.455683902975014 0.369505438499429 0.502835509822666 0.460878579693413 0.619410588181255 0.618753666593359 0.434321954390243 0.328383005535357 0.459334058904751 0.501953050538163 0.247114010607316 0.120715955531421 0.797202026569467 0.60832153876528 0.506961442971036 0.332533551277735 0.544055395269117 0.403769255334792 0.546655462117062 0.560424637188947 0.391040658623724 0.451113703114131 0.162137840015537 0.186224386628481 0.481963041572445 0.352416046221038 0.288117392193585 0.337456374495725 0.549636649170279 0.568505734317034 0.476582019985275 0.376647485109739 0.769607301787338 0.674600610033703 0.281076902132072 0.501168105150816 0.439340042839332 0.574375493369407
0.560148699598617 0.605047611711621 0.668522911801503 1 0.340701296399799 0.388729984287935 0.659336057210981 0.747089473754017 0.357775874559254 0.479820969819262 0.229770083701854 0.503264546853294 0.290632510770906 0.614094270063905 0.31041227767612 0.439586288034398 0.437140367073757 0.3559916127634 0.377391466937652 0.468693132510261 0.373652365845543 -0.0812713604775704 0.515144605948453 0.775773105163772 0.322241176541696 0.519862971864823 0.326706313234556 0.440263841768923 0.203863290875814 0.19778299553411 0.343976960332114 0.151986510325894 0.405243551748935 0.52525924038658 0.286878956387561 0.359183970398451 0.237473306322926 0.276773031048228 -0.0538407972307681 0.0719747689489402 0.2577151313314 0.0437684247371655 0.355646661221053 0.267477438565994 0.31540505554346 0.178536076626241 0.233662349576829 0.246060543854234 0.246252391945101 0.261316815456704 0.525736531105699 0.32475815126192 0.537485073650246 0.275262428454997 0.455446630660508 0.410537221884952 0.586801156252571 0.587204363240733 0.451310943859128 0.402401741153883 0.512164150371897 0.668581406893504 0.367199126486567 0.352624715286517 0.627013260710287 0.761012204356337 0.472060358029808 0.474120654485224 0.48814309759209 0.239712437714077 0.370701034295437 0.500058406387633 0.402941871046497 0.44766305573793 0.0545774332875213 0.262303862038244 0.412067641418494 0.252853672945766 0.444651549167093 0.363176673740721 0.562130088687383 0.544378770246342 0.347162059953156 0.375886057790278 0.56750786787729 0.728828612082059 0.101309646455765 0.47810045288397 0.501756924167964 0.642692572757385
0.350222355121169 0.271264749501757 0.458785916528532 0.340701296399799 1 0.387064064575067 0.484881568620319 0.338396569883156 0.479635337810185 0.451082142225799 0.209676631543918 0.19053838730089 0.506681946259723 0.434916774110449 0.433401932314005 0.522132581477284 0.0868178287783347 0.113360608176037 0.105751362515634 0.134338485111647 0.252572495903307 0.181394913864359 0.389603914312357 0.404294229187017 0.321735684625214 0.366304717163787 0.199922437082989 0.278042460943166 0.127022851685724 0.194593694686137 0.329512078826331 0.246625629659334 0.368112830163649 0.251530574764556 0.275603937157475 0.277001786084288 0.267442439775363 0.199194793357946 0.107959022811872 0.0488239366971221 0.195208125473649 0.144426438531174 0.183089321770795 0.181799368089144 0.222759337698578 0.0224854533830406 0.0983839521543674 0.110684335676939 0.0457871800096224 0.0199021485868865 0.297879615752328 0.232756974284879 0.27190485729974 0.261399909934815 0.311130585832268 0.249141309631034 0.230826977617139 0.240681728581669 0.209089115511333 0.128992460347684 0.471443602456798 0.32477827947522 0.0903839238987729 0.123082333086155 0.443175324567477 0.429484830639541 0.43563062350687 0.272289447490115 0.198812242385929 0.078262527890858 0.413710576209565 0.347777336813109 0.232756585412706 0.273626036044162 0.051539343070751 0.121634103950276 0.286867233660977 0.299726101739617 0.219970525164821 0.151133708295992 0.285285003583795 0.347533585534839 0.353426280055913 0.246521215709759 0.39376591692607 0.391325087733842 0.127643275018796 0.300412063355727 0.317144598699233 0.381770081327793
0.245881875981593 0.235432582164805 0.366229742320466 0.388729984287935 0.387064064575067 1 0.276536859388349 0.191246046814154 0.320460751471906 0.334295581881218 0.10659283294978 0.248631953767016 0.295465426360232 0.345278281431408 0.397735313361825 0.414177155605842 0.130083846473786 0.113789709952131 0.135080027635432 0.250619129177472 0.222678528522364 0.0282696964655584 0.46775577564387 0.524014389725579 0.257511935211239 0.389592890289343 0.111707544388884 0.295149201525291 -0.016603929191156 0.0103947005529715 0.120657750167416 -0.0411708639422954 0.160744512213676 0.064585864546217 0.21915038650264 0.194916857105509 0.193454817904949 0.198322168804203 0.101304955592638 0.0510887110334696 0.100958675487652 -0.0064766699666993 0.147440971615334 0.150345359568779 0.161518492799874 0.0346791270106002 0.121618229102752 0.182071833833296 0.0481089330990805 0.0707465510229454 0.214434226963629 0.194895114836575 0.170459853499704 0.151152184084312 0.15729503986827 0.249864981925851 0.216870247789852 0.195120923013868 0.194927126998283 0.125589286869566 0.270666632374647 0.210419697914672 0.0192188330683043 -0.100952696486328 0.482413744292711 0.39494228625907 0.275927790097347 0.146436021416615 0.334690571967785 0.0956634827851863 0.425731882829851 0.358296951839058 0.303282271392953 0.219813572828707 0.135878392421394 0.209860960246615 0.453414224849611 0.310136419957549 0.133763674415385 0.187777676285573 0.214932760891807 0.306960504393726 0.424668204835093 0.394446020584642 0.423217003092 0.381795000084195 0.0880204761278532 0.389838488909183 0.283759075210059 0.303682456060793
0.719280623722688 0.658896295849188 0.778457032215734 0.659336057210981 0.484881568620319 0.276536859388349 1 0.699926819916369 0.361336005381208 0.387722909394709 0.503946628208215 0.530402013539391 0.609090498417293 0.551521640112074 0.360095864700842 0.376917664936249 0.476361295900238 0.428895112423126 0.625062391762629 0.517546269635567 0.324833450790096 -0.0289387401456803 0.44112268928993 0.52567812992832 0.21628872717527 0.256445755353279 0.25980715813333 0.316295279189251 0.396272738290965 0.360456492258737 0.325230318145739 0.218368054564843 0.57326276817156 0.589911566060165 0.321372011925833 0.357972927169121 0.294516432737529 0.345846090447496 0.0269833957767329 0.163965937663394 0.275980794669844 0.202971406803728 0.498971214398955 0.442490925006664 0.481999478103745 0.358760944386256 0.391210024768825 0.394139118629333 0.338718105173514 0.367874656789372 0.60023131344217 0.386201953103777 0.554056797565171 0.362469268791906 0.59581101464859 0.515537142710688 0.67746339669155 0.621416141582197 0.607955505436294 0.40940575686611 0.726698951854378 0.62874121702942 0.476452324328372 0.466744806896087 0.639723872396766 0.613896118725162 0.572055723563987 0.517220524996955 0.460549583781875 0.416419423645026 0.526614004841437 0.581685191115822 0.556016304501467 0.610414229232471 0.127953135448771 0.336070686161456 0.450410942226978 0.323880018027777 0.4377521009299 0.431522501670811 0.634243698649505 0.658004960999063 0.399377393776362 0.364929883719119 0.679610937546492 0.664987475823833 0.246088848254156 0.385396471616569 0.492528886523847 0.605144214113759
0.631171594174128 0.56490520535888 0.462243978362244 0.747089473754017 0.338396569883156 0.191246046814154 0.699926819916369 1 0.0272828253934386 0.385982211881853 0.493414317250206 0.581049183872745 0.354886373783531 0.627351193583037 0.0172790166716254 0.235888016849901 0.409286406978546 0.432086872521186 0.341637990075429 0.399258450340123 0.304572233243824 -0.0932981304743302 0.142342793537466 0.501267841933491 0.111840495183141 0.284491591064357 0.141955569691916 0.228733170945538 0.35706880938317 0.391464142285327 0.334792740212796 0.259545677291162 0.462923639244168 0.658138975873412 0.237436170565584 0.390003683719175 0.251528423125715 0.179205449213878 0.0234394086093976 0.188052140387589 0.329264519587658 0.149677395442928 0.526165270888774 0.47768259111359 0.543563876374706 0.38799821942822 0.397442944466029 0.396600041476096 0.400056595412961 0.39766569052346 0.484227396532054 0.172456899020824 0.454813674952814 0.0919094206602653 0.511185416841175 0.467406258267192 0.535288069247363 0.425204264429274 0.566244220301194 0.404596252684567 0.686118225998115 0.756096055099575 0.472386565833396 0.6315631669191 0.388857524915953 0.714478551665034 0.625691118970019 0.753033585854568 0.29001152148536 0.205650276589958 0.302145573429538 0.435308959351064 0.464191192820323 0.506201870096806 0.0668583163437439 0.311520601632875 0.246119821546001 0.17598089348722 0.462183533068726 0.427120313165963 0.618016318396964 0.579460879665421 0.162932141252035 0.182851854603417 0.344609446673771 0.587171074044116 -0.0658678202452047 0.118591137089049 0.423224617722 0.480007521899255
0.14242888741414 0.231962036075059 0.449330386596691 0.357775874559254 0.479635337810185 0.320460751471906 0.361336005381208 0.0272828253934386 1 0.539216312408145 -0.104608726326935 0.139041565013388 0.308290762043983 0.284644485974604 0.728292798467595 0.609676000046499 0.0942397412939835 -0.0155147550514584 0.20425851504145 0.257818889733885 0.0280353402089034 0.0258412072949744 0.658700374506028 0.448507171757045 0.297467627548203 0.240796771415688 0.24435384766066 0.211910560717375 0.0658699325751105 0.112306377695062 0.153325062525114 0.0662375128918655 0.171117663124673 0.0524931778024115 0.182246679360887 0.0991596902605302 0.208753157629791 0.173774173466501 -0.0231905497401771 0.0196702708099623 0.0611875355534713 -0.0140680007055464 0.0502234775188496 0.0286233230140308 0.02999764967909 -0.000278997483395548 0.0511949730507048 0.0833047609128494 0.0222499704522795 0.0672603574860716 0.247447729284299 0.383068243186201 0.229819938886069 0.386404935645809 0.200715741774892 0.222299654285121 0.211600478253712 0.194000417020939 0.0785654728388958 0.18433924161426 0.132104645082005 0.216029244460356 0.0555895529993674 -0.0835374199383567 0.495372505432187 0.187082232360609 -0.00172796026091003 -0.160536630137335 0.150632083300105 -0.00412191209480625 0.312653503009257 0.29273273254946 0.143353744083332 0.203210281872773 -0.0128096278236609 0.236109479811487 0.359770733375014 0.1971461056097 0.14305283987815 0.0684723228432211 0.101918225714182 0.117339263062945 0.389481764904122 0.353518648152257 0.554822598419413 0.314385681261883 0.276938604398053 0.509990223631875 0.348018445312977 0.426452569322986
0.245714849773335 0.218986822481141 0.35424087960807 0.479820969819262 0.451082142225799 0.334295581881218 0.387722909394709 0.385982211881853 0.539216312408145 1 0.0122361992474108 0.197884727352047 0.29042104385352 0.492686146147689 0.436544660651719 0.65552619296166 0.0891791199155179 0.0290786561947279 0.076353715809704 0.128829671487457 0.103297921351669 0.0526643312171858 0.421653465393225 0.541186148311964 0.316832565193681 0.455317196170087 0.255309973607482 0.312328129133782 0.0722925202732166 0.218956372226436 0.245764656091677 0.184147372040421 0.278463925780304 0.21106146915162 0.0857458896492052 0.0688798329215906 0.176408692413761 0.155425993381275 -0.13190501084527 0.0158743603999014 0.110009934800096 0.0705170389118638 0.120131883603567 0.0945788106367763 0.16105567823894 0.0334189840450763 0.0911688734440285 0.0741184740209438 0.0905677919563217 -0.00933702467973565 0.246370296190882 0.114278386859488 0.191498614223899 0.143818262019731 0.199020930030936 0.212407500997026 0.217512183676885 0.15161883515768 0.114407355817501 0.0974898736287672 0.332786979025709 0.45970312433704 0.0316719649186519 0.128842521749803 0.35171583859294 0.389958732882933 0.187509517738203 0.140599367880818 0.133901431990172 -0.0145590471438519 0.240903078225147 0.289965168173149 0.246513069357286 0.198462963355924 0.0411996695132754 0.27209550397523 0.251841155405569 0.205423873793848 0.274633648830104 0.240134254611537 0.277208517289698 0.227333699007791 0.249623431665255 0.167015287342385 0.345868646988325 0.359499333730867 0.0476500435074871 0.308741221365794 0.268880907777808 0.421537674030353
0.656425997946434 0.502499814518137 0.213308501295166 0.229770083701854 0.209676631543918 0.10659283294978 0.503946628208215 0.493414317250206 -0.104608726326935 0.0122361992474108 1 0.536250766803194 0.447518937669638 0.311256344243457 -0.0340164869436781 -0.00481580407914168 0.536394053565674 0.562526428255434 0.416849249494004 0.453102085401667 0.12954030142557 -0.0524290507075344 -0.085083512979949 0.172768784017528 -0.023646826119766 -0.0119242280241198 0.0221094035794119 0.0382457285345883 0.512924791924872 0.472051448717828 0.229763647189971 0.185959758074267 0.43151486473591 0.589649684100553 0.0786640019803148 0.182202311104916 0.161104161829386 0.142787061852685 0.109726149681331 0.191916569615205 0.299012287849899 0.204346465813173 0.441323489011844 0.42488555518483 0.453348685440535 0.411033158774113 0.347201360726397 0.37423833416736 0.36524769907863 0.42467906423608 0.334927494881779 0.128834776752056 0.269026036608797 0.0266644406791955 0.457795497233232 0.330331633737855 0.519941318847356 0.420656694820941 0.616571464656282 0.374734793308441 0.532519100700566 0.340949419102121 0.665253312203127 0.639176312723891 0.140843631965478 0.268939782239945 0.372941003427111 0.468285615514957 0.173107892900898 0.235960442150646 0.311431574022087 0.373998479621327 0.354532321739004 0.416338063684436 0.115505591911266 0.219993875997316 0.149514361102856 0.207589335437897 0.300270042028001 0.33339061322564 0.507977601654797 0.484977099586977 0.126495142786117 0.104217044045245 0.303955433420972 0.304988051755873 0.0718593755561663 -0.0698205329475072 0.361726531783528 0.178535632454115
0.613101739351336 0.72207596766827 0.238535299211047 0.503264546853294 0.19053838730089 0.248631953767016 0.530402013539391 0.581049183872745 0.139041565013388 0.197884727352047 0.536250766803194 1 0.389679097861164 0.638207123587709 0.217753476790042 0.406216621985865 0.340850468034458 0.452875364321905 0.506003744484945 0.745399154230603 0.161820814322152 -0.186024244887222 0.144834775054333 0.43929257780316 -0.058886025701566 0.119555194139454 0.0737951531282629 0.113376243676018 0.403734655397171 0.442832094682007 0.312195788312036 0.16947387519907 0.439321763358925 0.590649611949197 0.0578800778446298 0.189055953651992 0.316267528981882 0.204670367168955 0.075804053171072 0.307092223066642 0.234171462093554 0.160997164498586 0.461426615826284 0.403178812850197 0.467628819053756 0.398393618585463 0.370139989000209 0.363440185946991 0.345487075231575 0.468211893121722 0.458712396407729 0.331605554153275 0.406936344910375 0.187562299649118 0.546956861711769 0.523802973809698 0.546475569678506 0.490218174183674 0.619167085120543 0.468848643841355 0.504883010172996 0.446269078054046 0.61146151860093 0.642436992976359 0.18259728882869 0.40264002154858 0.310034351656301 0.433498776757983 0.343122389597851 0.291642026215263 0.307599698787201 0.530729649770991 0.446846893759927 0.486927575383134 0.0197931302851461 0.312064305123874 0.309323567846999 0.185290852252929 0.440777660008522 0.240155299786729 0.470204212854106 0.515383524837955 0.27064197616937 0.388436853079059 0.401220619594554 0.558034605080062 0.0178972821639045 0.233696682776084 0.433191883812769 0.504610197530999
0.634174811560776 0.50640921486382 0.571332010559319 0.290632510770906 0.506681946259723 0.295465426360232 0.609090498417293 0.354886373783531 0.308290762043983 0.29042104385352 0.447518937669638 0.389679097861164 1 0.555058674049586 0.576064353082034 0.417165138937395 0.248986366338454 0.224745067779367 0.520788369609694 0.393207518214518 0.191253538140869 -0.0311261477183694 0.412019547020525 0.35461748058282 0.21895495725697 0.23846118281885 0.277267794160248 0.193636974631458 0.275559890146988 0.197726922215232 0.241328060809231 0.0764706688401867 0.383996070596124 0.272826460959195 0.17659101620599 0.127097310584473 0.344528793413632 0.345764783661121 0.0969833082553539 0.123445465444482 0.0874653281382633 0.104592351841801 0.412978403270198 0.373218633058212 0.42389738918891 0.217084299580035 0.342567091146849 0.291446203051209 0.270778407500095 0.246058310223456 0.371026749053956 0.271278101243653 0.240149317802322 0.16667738618049 0.510879043777297 0.390222658278035 0.522895837334947 0.528177847189539 0.381787231130471 0.215921017969669 0.593533024948337 0.39089690121104 0.170321519293123 0.167669395563124 0.4767451660902 0.397763226036148 0.345328542695969 0.262410595430422 0.434036867750136 0.379969551822707 0.537529749170956 0.495100903027278 0.365450973206867 0.4545970502972 0.133419828925048 0.239521640436269 0.476669714850564 0.312236240574847 0.24874149091291 0.352490872238968 0.470591906073487 0.453164250791063 0.404016844745198 0.348889991471064 0.602870709928539 0.441616348560185 0.170172844200887 0.187431027597102 0.442142146162582 0.398107928775176
0.549465570508269 0.548107698700292 0.387690928542428 0.614094270063905 0.434916774110449 0.345278281431408 0.551521640112074 0.627351193583037 0.284644485974604 0.492686146147689 0.311256344243457 0.638207123587709 0.555058674049586 1 0.429797345510004 0.664720736391408 0.264755159263334 0.251555624965635 0.311383812826112 0.501296071592872 0.239300890303145 -0.0706206897762794 0.345285879665322 0.677598684181307 0.17540736013029 0.447830433798921 0.352306818906147 0.305345570616649 0.34231870259457 0.299269716273872 0.407464986839306 0.229091531516404 0.483518004931372 0.448186438432058 0.126965999291024 0.224600952156821 0.312859565766426 0.33627234287376 -0.0200081768940717 0.21267155821538 0.256679423692152 0.135503587563642 0.376068004570988 0.303454866401572 0.389143800717188 0.199153028338198 0.291709272467428 0.237236999545907 0.212156951956057 0.219371335225247 0.444058433224404 0.228900281226167 0.380461674521485 0.125798312110684 0.541073635398715 0.481827415938267 0.490283708985127 0.457040052894052 0.385798007613171 0.248729433652441 0.608390801760092 0.554079198752889 0.311646240753448 0.364573147419114 0.410176428961064 0.656999548295829 0.426207600680065 0.499217930302517 0.37137411058332 0.223141215591062 0.353096409071045 0.437546864017461 0.395358431900812 0.440069656553413 0.0391467936004575 0.262177279836264 0.393265897152112 0.267245326416662 0.369018148239519 0.339915295340021 0.451893564122674 0.462332450808427 0.395605187975121 0.407242081946102 0.445778174002347 0.62421600905417 0.107132826803949 0.319837113168231 0.432193451826416 0.560182154434601
0.279811633690733 0.355840605682199 0.51157604307951 0.31041227767612 0.433401932314005 0.397735313361825 0.360095864700842 0.0172790166716254 0.728292798467595 0.436544660651719 -0.0340164869436781 0.217753476790042 0.576064353082034 0.429797345510004 1 0.700720610439638 0.11487333538388 0.0159437377532775 0.38593722242581 0.344722850972096 0.164130798649426 0.0397498222513388 0.74905943306975 0.519591912829582 0.409236781519714 0.341157240455969 0.326522341515355 0.259678255821426 0.171023945230532 0.0867663842884904 0.241620244018643 0.0569131196877134 0.306518405441857 0.0327213467438339 0.175832146584247 0.105858376887675 0.438955971468735 0.437651649858485 0.0465570441452877 0.119294624288475 0.0841124639202077 0.0807952573175392 0.195863079830608 0.153610100275414 0.190590786252434 0.0570028290506157 0.19099652762926 0.186909237106267 0.128667619719895 0.130037658220079 0.328398031933971 0.439384310265878 0.212307556944904 0.355960836591867 0.393969548956176 0.358026253714233 0.370201810630647 0.369227148021123 0.195992637137489 0.201419357634727 0.225610074531638 0.184512885965644 0.0286579776614124 -0.142679038531603 0.582417891601413 0.26632061036329 0.0568993573533725 -0.123522480593148 0.398753338119169 0.256615507871451 0.482317753535085 0.446926209975046 0.277819731414971 0.303732960478696 0.101650207298202 0.227143511303633 0.520856572413892 0.296308259366512 0.194991753223494 0.189688755491366 0.224271862908227 0.237482676793723 0.560628524738525 0.493812542539609 0.69318654766411 0.480921469339208 0.346977654750352 0.515718187350501 0.438193427363423 0.543699131578896
0.295500859630281 0.337519609313093 0.317161073637183 0.439586288034398 0.522132581477284 0.414177155605842 0.376917664936249 0.235888016849901 0.609676000046499 0.65552619296166 -0.00481580407914168 0.406216621985865 0.417165138937395 0.664720736391408 0.700720610439638 1 0.0402396305312037 -0.0374086695782048 0.182648742332635 0.379081849620403 0.216894538423169 0.0756015926105267 0.535258035753135 0.595140187798653 0.334746858027965 0.470369044717756 0.312361286501625 0.352067391129482 0.144279100146191 0.190929215890838 0.385655897119283 0.251327612915884 0.381589864233683 0.191403425151871 0.0633053682387862 0.120778559095634 0.363591473156784 0.326175564881374 0.0188156951596113 0.153705452324057 0.164130996035819 0.137213330666387 0.129726891829401 0.0818683703647161 0.147759730125794 0.0156979824371042 0.0964519323597107 0.0680185523233713 0.0307354240798306 0.0429971330798222 0.320926810397264 0.322837558669603 0.241850549009756 0.27212361859654 0.298710942011933 0.341005476385987 0.295115484050799 0.255701439119839 0.170297768036754 0.12668356973065 0.350329659200488 0.254034558572715 0.082317990271945 0.0334471572543045 0.397186696631185 0.409434821578192 0.170315826174447 0.0828668216957759 0.323063188924664 0.173537820353616 0.339174492691044 0.399003258416773 0.338652032615715 0.373667593643559 0.0415240365061973 0.247806773288772 0.387288149336926 0.267854835468825 0.301204560881746 0.138268905714502 0.253845694420481 0.296175600000124 0.466441548957629 0.514797291822418 0.46214576426389 0.502312557413255 0.0973249106681068 0.478303374326311 0.341737191876544 0.562054502902365
0.521993035486949 0.461170579756164 0.420234647877932 0.437140367073757 0.0868178287783347 0.130083846473786 0.476361295900238 0.409286406978546 0.0942397412939835 0.0891791199155179 0.536394053565674 0.340850468034458 0.248986366338454 0.264755159263334 0.11487333538388 0.0402396305312037 1 0.747590814884769 0.453598509535715 0.38601540048516 0.217671086159569 -0.0580743528583541 0.186128352239937 0.384012111204889 0.00311067122866708 0.101228286267321 0.248871752386009 0.196531249848989 0.53045744130052 0.410889008880729 0.149139211832612 0.0630958392439659 0.388380595454243 0.451648045997639 0.216468924209158 0.305540487416704 0.0823176918586205 0.26599017811935 -0.0643164473448494 -0.0314251843085824 0.216365718886864 0.167404337343258 0.418720222789102 0.422617630823065 0.406006025558461 0.378990358340252 0.317547042543742 0.412447414842586 0.364434155346943 0.398207199338887 0.394015277243397 0.283381519805273 0.31044033605023 0.187221376511227 0.411585415179182 0.393268628172288 0.68795980587456 0.57308624789314 0.464258218996566 0.344485645690972 0.276186918269181 0.262936348853487 0.545485897895354 0.43905849970732 0.310262218008256 0.319451134282871 0.344445881839277 0.374481495830779 0.329589691490998 0.348582491188229 0.259864734913385 0.367385527756633 0.352336917993481 0.416553104080781 0.255513355826737 0.176828119269179 0.258587603453677 0.193982043526685 0.382958543215037 0.243463875364047 0.556319194075049 0.547829835473374 0.252269626383967 0.310133475323758 0.410858784665429 0.458480235555032 0.250407224194129 0.259978358272899 0.283552272730574 0.308584727357224
0.481378801736683 0.526394918029704 0.360362887369101 0.3559916127634 0.113360608176037 0.113789709952131 0.428895112423126 0.432086872521186 -0.0155147550514584 0.0290786561947279 0.562526428255434 0.452875364321905 0.224745067779367 0.251555624965635 0.0159437377532775 -0.0374086695782048 0.747590814884769 1 0.460128266023995 0.444006887275436 0.19178902169441 -0.0351057677752218 0.107033317420579 0.329550722683891 -0.0395443392761089 0.0289821824139983 0.109268985019862 0.0704178145466577 0.543334894593878 0.507927274880307 0.190580230982154 0.123955930122435 0.420797259246123 0.58833962960297 0.289169320910162 0.358166171084526 0.136358976519427 0.233137451854448 -0.0254472668330091 0.0856146723130994 0.252323241188556 0.149264784732764 0.497099714792696 0.516903814175274 0.515399469717004 0.485908107028151 0.386821358917281 0.504436207961264 0.451026073550336 0.513267879959992 0.371809737530339 0.211440321889495 0.264970552598759 0.106414568285959 0.455210075911083 0.464724899643567 0.614624174004064 0.560969841036596 0.502724744370854 0.387771394053446 0.260558135872583 0.241625300997973 0.641987208867149 0.537578958175242 0.214290662867569 0.222326422861911 0.400658184283407 0.448762185724326 0.154313884588521 0.20235175630139 0.265774248936955 0.3578200972494 0.281639136779522 0.395301854669417 0.175528449321662 0.0875714626599866 0.250107443678316 0.167904103840888 0.432262321518445 0.231012622701082 0.524904893327614 0.616845719040045 0.27284641916101 0.245603827709705 0.338741816114586 0.396237580226341 0.265341068496496 0.1609882368326 0.269997363208468 0.237920749200076
0.661531643138991 0.696393531391898 0.566551919569319 0.377391466937652 0.105751362515634 0.135080027635432 0.625062391762629 0.341637990075429 0.20425851504145 0.076353715809704 0.416849249494004 0.506003744484945 0.520788369609694 0.311383812826112 0.38593722242581 0.182648742332635 0.453598509535715 0.460128266023995 1 0.705450578265352 0.189653885946246 -0.0168390901386876 0.409906608490777 0.315237471589311 0.0465256094759257 0.0564430030712344 0.28879859669414 0.188448058710429 0.37841254858825 0.294279570924605 0.247942639268567 0.0397069912795286 0.458796378833068 0.438329534243432 0.293020892135806 0.207999426927102 0.246679281551708 0.390101070764214 -0.0568525131844034 0.149116719790062 0.129247548262446 0.176786570918176 0.385709376597757 0.324460330999841 0.364103240593309 0.319905691060301 0.265222348074981 0.289085049098773 0.292669369719723 0.454643483881107 0.487212340647218 0.478116458165041 0.500359000356252 0.392443909340789 0.571489542138551 0.427321521625647 0.763030027016766 0.734507888231366 0.569929312047652 0.466585239119625 0.388518403774106 0.337962788386878 0.558789072644292 0.353397001374876 0.302831538736961 0.246232726161472 0.363377882539376 0.280825151954733 0.536171329661443 0.513417706921271 0.470602778458887 0.535288539776041 0.506743327094398 0.554632248653235 0.204503290978472 0.216048013124788 0.396107449106122 0.165701019317351 0.390414782615269 0.237718754679246 0.53593815859817 0.55853210341879 0.420298663992885 0.365942745765116 0.646217451497075 0.465961915372381 0.246474599349212 0.308525230887466 0.391998782775522 0.501451009670474
0.60889378044303 0.756651185258171 0.388509875851368 0.468693132510261 0.134338485111647 0.250619129177472 0.517546269635567 0.399258450340123 0.257818889733885 0.128829671487457 0.453102085401667 0.745399154230603 0.393207518214518 0.501296071592872 0.344722850972096 0.379081849620403 0.38601540048516 0.444006887275436 0.705450578265352 1 0.139417517680064 -0.114418076140501 0.355690693867845 0.486598592809687 0.09361305809916 0.116277203730088 0.228526596255563 0.127932602669011 0.377722556147954 0.317433767076108 0.298003110115287 0.120885329199331 0.453141042735149 0.479922692791261 0.180151078526993 0.194607634257159 0.264035741253722 0.315163115973196 0.0110009023889856 0.218531001117072 0.236703458630521 0.172535510505868 0.435557402219193 0.349980323879722 0.415376831015013 0.378545156436141 0.326756136053923 0.350073207007921 0.323860661175843 0.505039403901418 0.540211137627754 0.499949127902792 0.49041084363093 0.31731865003523 0.612984538624281 0.575342079437989 0.682655257234225 0.629029397835183 0.609965064217865 0.572879403300011 0.341022098652466 0.339000920436573 0.599502538098876 0.426867660389549 0.248688352042254 0.341467280093956 0.340929514953374 0.328108638064784 0.470368061599643 0.401387044474895 0.446337624239693 0.586732087921937 0.479852895099294 0.520680312221951 0.0714932029352968 0.268827488099356 0.374799237246861 0.118674906150025 0.398017866768952 0.233087894659913 0.479032471894184 0.555743811715728 0.360283992257645 0.411978899572567 0.55763103364685 0.584800514937574 0.193095398550814 0.40099519675308 0.455939766504074 0.565128849303955
0.303037990504535 0.214748833161831 0.3137397021849 0.373652365845543 0.252572495903307 0.222678528522364 0.324833450790096 0.304572233243824 0.0280353402089034 0.103297921351669 0.12954030142557 0.161820814322152 0.191253538140869 0.239300890303145 0.164130798649426 0.216894538423169 0.217671086159569 0.19178902169441 0.189653885946246 0.139417517680064 1 0.22481556531982 0.196739583744613 0.222536315843053 0.222616267495053 0.312502479357512 0.201022976137415 0.267149734886254 0.137587747430189 0.0611556078528828 0.287515899356255 0.160561353004789 0.365815065982469 0.304782659539152 0.249478742459329 0.314617653738431 0.244975202308139 0.318689807741501 0.132462126654589 0.204016026756701 0.152592859801211 0.102434056786562 0.130606181072907 0.0716463680433311 0.168168600711045 0.0195146135424816 0.0146319157783235 0.0732205444438661 -0.0221921061366068 0.00700478924244009 0.195882900892207 0.00838759990271397 0.178700716173478 0.0277220616261867 0.196099375587133 0.0872370459876789 0.295560300661445 0.320386582694935 0.190771673223949 0.0520829174109317 0.392972104875202 0.222223641389538 0.21123789093378 0.0406178393976587 0.405266935777316 0.431207838107538 0.424464817641541 0.398401612775713 0.350457759903885 0.213182031360117 0.210928909619787 0.194982880784383 0.252741314710437 0.258982937915315 0.134670891983205 0.00173687041661184 0.228846420073675 0.220678993551601 0.245660603306368 0.140109253676263 0.259114435210477 0.330807273797239 0.213282026605314 0.237785014774979 0.276726514465887 0.355236077382887 -0.0189673341830627 0.211951007334748 0.241037266306577 0.30872716344095
-0.0225199616205933 -0.0690539532539615 0.0430369796544845 -0.0812713604775704 0.181394913864359 0.0282696964655584 -0.0289387401456803 -0.0932981304743302 0.0258412072949744 0.0526643312171858 -0.0524290507075344 -0.186024244887222 -0.0311261477183694 -0.0706206897762794 0.0397498222513388 0.0756015926105267 -0.0580743528583541 -0.0351057677752218 -0.0168390901386876 -0.114418076140501 0.22481556531982 1 0.0328703472137468 -0.0858626197513132 0.0799842898194265 0.138320699232641 0.0745940689973013 0.154483223118472 -0.034288849148977 0.0117182002829578 0.188264910888907 0.0578693690625947 0.132310275849736 -0.0412829807529308 0.0135377885497564 0.00339918809573587 0.11981218307816 0.058099241940979 0.0176390923929776 0.0773212266490768 0.130648526787697 0.190541314938833 -0.138633629892965 -0.158360895153306 -0.122580452056474 -0.194512125874742 -0.163660182136085 -0.13607558275657 -0.167647447021956 -0.185746205110001 -0.00369583337202627 0.0361644318803339 0.0762850837501123 0.0684674218017697 0.107094071330483 -0.0406994636696531 -0.0336628615266518 0.0253611939007347 -0.0966098090048978 -0.0862045368625325 0.0717928752689606 -0.0930019746480574 -0.109915429347323 -0.0546054250134546 0.0470836740758404 0.0391746640011269 0.126755606992578 0.0401455010973552 -0.0823716510580091 -0.0242235907259053 0.105277396296263 0.0416815569426666 0.0412745543364354 0.0831261745723418 0.0653529051559411 0.0968225443551964 -0.0140051542334973 -0.118693743321943 -0.0820398152341392 -0.141876373811208 -0.0232639712165294 0.024618109746339 0.0527319863199937 0.0276945108867466 -0.0276656692546706 0.0100018698756952 0.0187694543224529 -0.0892398467804882 0.00765103519437942 0.0557298222873128
0.278754899563963 0.401029959425195 0.711789556109376 0.515144605948453 0.389603914312357 0.46775577564387 0.44112268928993 0.142342793537466 0.658700374506028 0.421653465393225 -0.085083512979949 0.144834775054333 0.412019547020525 0.345285879665322 0.74905943306975 0.535258035753135 0.186128352239937 0.107033317420579 0.409906608490777 0.355690693867845 0.196739583744613 0.0328703472137468 1 0.663013037038874 0.545222340132655 0.444120522861819 0.3737361701666 0.359520809163029 0.166990579932998 0.145872135046686 0.38903601865427 0.166338165191366 0.394426081372071 0.178725528134939 0.457556133879694 0.332154151567864 0.387265820216347 0.424717758177281 0.115643904135733 0.0579585060914313 0.118596823020167 0.0115324867312541 0.232959726241499 0.232675990564345 0.224267701916633 0.070207523486782 0.238741734163404 0.200445875928912 0.167616647301089 0.139617247745242 0.444511884091815 0.458569777436202 0.359554829213113 0.389552759366299 0.341383159012033 0.332840428748419 0.371463055243929 0.40358824384192 0.243044526034852 0.282397481784292 0.215774824463196 0.268553208066019 0.0662749936504884 -0.113166662691912 0.723519688045729 0.372383553036032 0.288715286734944 0.0314016020881768 0.450330891798078 0.252711652810114 0.518761618490482 0.506662050455771 0.34127252446001 0.298415649989458 0.0863617126018555 0.146321797049176 0.56936908883744 0.387429748200204 0.255081500068794 0.296575070977688 0.35442077634691 0.302707877275243 0.501009024879158 0.453293904558461 0.707199828672028 0.507221398147541 0.340666928819622 0.584766718150036 0.397454790583943 0.534180498967207
0.437257487626699 0.472543410612711 0.59557502577489 0.775773105163772 0.404294229187017 0.524014389725579 0.52567812992832 0.501267841933491 0.448507171757045 0.541186148311964 0.172768784017528 0.43929257780316 0.35461748058282 0.677598684181307 0.519591912829582 0.595140187798653 0.384012111204889 0.329550722683891 0.315237471589311 0.486598592809687 0.222536315843053 -0.0858626197513132 0.663013037038874 1 0.391007602666964 0.519251652831757 0.365519871658098 0.42375729108422 0.251896923157049 0.28176644642027 0.382043839389773 0.228663429384405 0.455381801150938 0.402360592625101 0.306651258709082 0.328834988260228 0.325739244118451 0.410174664129477 -0.0424564361663182 0.0595865235355502 0.292049023041248 0.0988593765994868 0.326514282297386 0.249650592536114 0.315046363510923 0.164092884308577 0.264822584969485 0.256775972136579 0.209958593617368 0.214068305020302 0.469207807095919 0.347015919106305 0.409297670740849 0.29573871286957 0.471711447153209 0.460461461052946 0.506787001005048 0.480088528314065 0.372161243762404 0.300755568900662 0.384953719571743 0.47436829828951 0.294199867566492 0.200963655649353 0.63648585793442 0.613799508364265 0.429520542396295 0.344331788477578 0.47904197045063 0.235159294770081 0.420823346120814 0.529185870326105 0.360108540566896 0.401234010818253 0.0444395752977893 0.195847421114994 0.477856885969111 0.31909335809507 0.447586941958963 0.324193992512386 0.506220859249648 0.457823095785394 0.524367432609796 0.48640174876037 0.621826749002369 0.666586087073309 0.228953401943393 0.591436285949414 0.483867854517065 0.605242078605692
