1 0.924507187659548 0.762150546908004 0.692738093241383 0.633844263604513 0.287920695439246 0.772427394786974 0.740499598277198 0.460255512763105 0.419456297019182 0.826499901787434 0.8163113375401 0.820801012738615 0.804789284987306 0.672669232130385 0.673107590785393 0.854046864846732 0.828176857827748 0.898760032445376 0.900425456863179 0.334902942052798 -0.0832310365068234 0.747675736791292 0.657901765598273 0.576169456803144 0.566476281206272 0.573526679965881 0.271342108806555 0.80237033840228 0.808868819202153 0.620288906395309 0.483860774785671 0.69082084601805 0.605523179826609 0.425329379061436 0.205026925718915 0.754709823924 0.726633502820129 0.720123164596495 0.761641272310566 0.55674171468216 0.333276724873079 0.751259761827016 0.688445734373895 0.806169840760748 0.776058025367924 0.797137245877301 0.765101185689707 0.800054255237043 0.731832086507943 0.807107540657938 0.713225562382573 0.819534865300923 0.711069611010084 0.815753637751396 0.801641636212442 0.942639559129944 0.875211550147334 0.867602769923304 0.78556401834232 0.811760251161896 0.673145509152693 0.815782557545504 0.746475210522133 0.58421795490497 0.697549231095321 0.77562699556934 0.73023020208268 0.858994006807198 0.825881669298144 0.557349533505031 0.396023956872928 0.373488057671248 0.517441596788313 0.200192146183162 0.401966531643092 0.3445475970185 0.441396608863381 0.732722692109691 0.807182548261934 0.875116221684552 0.837390182613194 0.738623566105021 0.73062881379015 0.834386124022538 0.833333238641973 0.569444170461909 0.651226316971176 0.733910969917082 0.669380717097217
0.924507187659548 1 0.744978837109729 0.698101272016151 0.640640650991552 0.35360402801107 0.755620567171669 0.751053389789811 0.469750532944619 0.440342702139622 0.807375686935014 0.846173642446114 0.803088055885245 0.825143975811566 0.687824570713383 0.672240480303234 0.837307255620486 0.866072618555022 0.90021574170776 0.90077579132807 0.313906973119242 -0.120507441017449 0.72058300325724 0.651789079446988 0.56912418688675 0.57876524121381 0.504992852812399 0.252569984704371 0.784806026863559 0.827315503375195 0.622692388027764 0.525054703105055 0.680960614691121 0.590704356089869 0.3979135582998 0.21720371718658 0.766183339784409 0.731778480831897 0.72844142029049 0.777947399515538 0.583252617740383 0.373766184603927 0.737208345614358 0.699901928666613 0.77941121931461 0.775169269577711 0.788355916121819 0.7590894829776 0.778762371855568 0.729763544180227 0.774101315003979 0.721830242700756 0.794735260766974 0.71328923539435 0.828715092516751 0.814114020202797 0.917490432359179 0.929137010972194 0.836098616792655 0.800568248339271 0.776820135944756 0.681065586105381 0.825050283741133 0.788941308726961 0.581264489672622 0.701510265003264 0.759883576772088 0.738476173472277 0.830469809156878 0.801910385101807 0.598685654558757 0.466248637330857 0.44971502612983 0.595579081909111 0.246705370847326 0.477505738317112 0.363495107467799 0.456338952045075 0.777387616780365 0.858646963124758 0.89624228050751 0.884014408519866 0.770647832291885 0.745625540336011 0.841574912415532 0.837929354831793 0.571155245875743 0.68452840507496 0.736627573540324 0.7050437497153
0.762150546908004 0.744978837109729 1 0.884617585296175 0.726509206934211 0.412998085091549 0.94732853483524 0.8470326741094 0.631249017366652 0.557376656532961 0.706331082961866 0.710151231761603 0.778621591485352 0.775889654615449 0.770293558989035 0.718408881450224 0.612458969897151 0.714563230887569 0.795842580558614 0.71200523745186 0.344736402191339 0.0047267103111145 0.907658796229961 0.78773679566389 0.762395681725269 0.684499291732682 0.626922174227224 0.348001212927847 0.624297801134397 0.690805434069158 0.700539664503122 0.590678902927144 0.801012727602952 0.678331511063635 0.617540794252844 0.359570709215675 0.739671907482295 0.726429779758394 0.710452776596022 0.729239894820253 0.491308189180089 0.236687478175191 0.756805486893945 0.699824224459687 0.782641442309456 0.727938744844718 0.718100537677854 0.749903159658593 0.755799251486301 0.740052766468998 0.78261411481912 0.756395462828847 0.796056436929925 0.77789275364871 0.820123611232753 0.789265549284257 0.710584559002278 0.720077278444676 0.75810543006074 0.738748741475137 0.87011372153842 0.824130964804243 0.654835433125303 0.702861175060354 0.873319052916506 0.838892985268658 0.849416501666907 0.775936003018373 0.613614779402664 0.587153397333964 0.626155236295815 0.613601603289942 0.50470513540631 0.61857818453569 0.182239247547625 0.403050673188312 0.604362732916689 0.613372703991897 0.700328481518933 0.644545702710677 0.750491739122112 0.722490903167873 0.743667185282355 0.752094823226283 0.874992472135623 0.818235101153856 0.579829295267875 0.747882375023294 0.822183371828186 0.807056967873372
0.692738093241383 0.698101272016151 0.884617585296175 1 0.669762644297449 0.455152042133805 0.879717549098882 0.899618218582014 0.557660329033917 0.678403430751199 0.65285452528535 0.694694673451016 0.6585555193564 0.766419319212861 0.66077191057335 0.749597171033225 0.581363525181497 0.703860454840137 0.74724757124535 0.724807982082882 0.267671509931564 0.0470619343992242 0.838782764673412 0.870282992647892 0.701259192782659 0.686217127192597 0.59805754148379 0.303334815509543 0.633053051974379 0.706219146375731 0.729539440300238 0.700424586454145 0.837797331355702 0.768120887436175 0.595183665692596 0.424460899761473 0.657783601877732 0.676625238811959 0.68689888742493 0.703072479118876 0.413476908996649 0.24498928472147 0.772076390348353 0.729168547374671 0.774421755170283 0.723600771491972 0.723780732327115 0.76048995075544 0.743437717057318 0.746573784394734 0.771800848381177 0.75789045435794 0.774687992698831 0.762029025373864 0.814923229931325 0.782062738239512 0.645145025709138 0.671781473738427 0.728372123465117 0.701238002583442 0.821997997831494 0.874141554286775 0.639228270338952 0.717223316007174 0.767693589823089 0.847388020347505 0.841168599690323 0.83217387032196 0.555830579675118 0.53419498163463 0.626908783020566 0.630174797185615 0.492630437367344 0.656936486208879 0.202063533456564 0.41691565280281 0.660560074189163 0.694031873416908 0.715675113706624 0.658329718808088 0.72187386065672 0.680912474545441 0.712673455707428 0.720032797434544 0.785327684600095 0.808889604852949 0.548717825332888 0.726470919726811 0.803761149378761 0.818555037399322
0.633844263604513 0.640640650991552 0.726509206934211 0.669762644297449 1 0.509302895832933 0.75888316302784 0.721263247821471 0.716013837403034 0.680433341588213 0.692505046932688 0.614190139557372 0.728389415856376 0.64144886012006 0.745112082325724 0.673455513012742 0.48883321384396 0.596386575793337 0.632934672687562 0.573964594872594 0.211146608833602 -0.00831741063643852 0.671818042156621 0.606960598934283 0.516792124716935 0.511962556254874 0.528708232229544 0.236949002522434 0.58110040194904 0.580558788093796 0.504823524261745 0.450012169421289 0.657437160846062 0.526185980988025 0.41017318952182 0.0810428477407272 0.578391369015594 0.580669518021328 0.619613301072007 0.549046637426481 0.389941614594957 0.246478563304915 0.580375744829616 0.525928763747077 0.610491147520724 0.555117791569679 0.580753115992381 0.600325205924867 0.583521202329132 0.573701175396172 0.651450437885665 0.641873958229073 0.647106444421813 0.597309059004346 0.704838117828817 0.66058155247803 0.552132820256392 0.554432632193648 0.695595967038953 0.667608344579708 0.779409710777766 0.705747140067728 0.625352393447414 0.64465474822424 0.699613016228556 0.703089784064723 0.687710810282548 0.609269892616403 0.486191726298801 0.400687620972029 0.553138847024646 0.518824913505192 0.489982801859457 0.53351826538227 0.217846617465951 0.32165832717635 0.501491283575668 0.499671868654133 0.500110866577632 0.507481336173279 0.600395220941891 0.547191073372559 0.661542636395135 0.577012603435898 0.702134995489849 0.654796279446763 0.548904998518926 0.580009243812501 0.731028857307748 0.735370313578041
0.287920695439246 0.35360402801107 0.412998085091549 0.455152042133805 0.509302895832933 1 0.43353324718452 0.481856699006698 0.458766562313429 0.54776155511626 0.265476435184562 0.288578969880268 0.361941974924616 0.432721455121217 0.452592268166048 0.463628908014996 0.240170323954862 0.314990127703373 0.316180244994351 0.278398595377127 0.147257981830998 -0.0511566233971753 0.364363500668366 0.488960473981931 0.352110575465464 0.427490567175663 0.219484784787355 0.211685763492662 0.23630766188978 0.293397750899359 0.2652640528887 0.28262059336314 0.351490212736246 0.363524111130209 0.403741991469245 0.318144159808416 0.378103677684373 0.317606310799383 0.37487660589711 0.317399797151422 0.201656876181473 0.140825614228823 0.336003056851705 0.325302655728877 0.316093886248216 0.288536657776252 0.279549890719642 0.31429940201039 0.256312453814129 0.280781984373528 0.298211943188244 0.339098467809886 0.350899712281943 0.322781500138333 0.379646777814146 0.33451917305961 0.267563630889714 0.313100452843491 0.271119916471087 0.307830000213076 0.405045510229531 0.494924133820733 0.290259835400846 0.336662895454917 0.422571229341639 0.49095898559931 0.415781901075115 0.450504920923756 0.253975681537899 0.253231812251186 0.276672211497194 0.372488521238091 0.251607276412201 0.344598674280023 0.142226798978114 0.280527317345673 0.342548319580422 0.403397174806589 0.338075222754004 0.28168719991871 0.321098467639592 0.290210968877155 0.30707427412606 0.310543371423167 0.384374220714607 0.395982535738785 0.205840976721098 0.330913805024608 0.501279204938402 0.445102453901486
0.772427394786974 0.755620567171669 0.94732853483524 0.879717549098882 0.75888316302784 0.43353324718452 1 0.893003784367404 0.701036866112517 0.631490130630273 0.749823233351552 0.76490508807501 0.809876806497769 0.805368857984798 0.753793544112459 0.728221272207132 0.596773838168604 0.691505988633993 0.813543215484283 0.724535384541875 0.271779968775945 0.00415061041308665 0.864305758949332 0.780349020319992 0.643386377520993 0.637167662349325 0.60693118772334 0.268922020718187 0.651817732112263 0.698288284976927 0.694871321464645 0.59041647947605 0.78543109811622 0.657397654439724 0.547352984331024 0.294323315763729 0.700530476818787 0.709843103504186 0.694192482600649 0.753032047018756 0.492480151793035 0.245293960438845 0.736077335597739 0.686067438808273 0.776647948618947 0.720241214668778 0.707194572427217 0.735039326206187 0.731002379407524 0.721031506629983 0.770685045011845 0.729776977418943 0.7734172799208 0.736805945835326 0.818644023427228 0.783127126735351 0.695078212596274 0.705445619280124 0.764850173654797 0.730146589712828 0.913519441152822 0.835593526843582 0.709146750809497 0.747101584429661 0.819468259771329 0.80824682591092 0.843376196281467 0.789976176149577 0.5803592121338 0.574141627213547 0.618398303823152 0.594948759365896 0.512355569113526 0.625458693892769 0.175458732932984 0.438099175333029 0.581506472084995 0.620556702260049 0.681753524990627 0.642215538988409 0.738534297853501 0.710225719129188 0.709717675806109 0.701457822428578 0.851822637758989 0.795073775148873 0.547258169027117 0.685975695013771 0.826874225751504 0.793419643637215
0.740499598277198 0.751053389789811 0.8470326741094 0.899618218582014 0.721263247821471 0.481856699006698 0.893003784367404 1 0.551788535539048 0.695833802835432 0.740148700545093 0.779716322322895 0.713843163995903 0.828029649190629 0.653905814377188 0.717540367323887 0.609579307176707 0.729888139549353 0.772297110591963 0.746918390750129 0.248147145639801 0.0268174517988846 0.77854873475608 0.791143581148959 0.635267003837514 0.605168250229482 0.536294066193206 0.21391185378323 0.694865529422932 0.778187197792589 0.748054731511485 0.732961862841128 0.840217076797544 0.788322245209171 0.521115612503261 0.322215765451465 0.645114796181388 0.641086500229612 0.719090460908754 0.726402493260725 0.462820567327714 0.344924882735447 0.823104098202624 0.781449006877323 0.83251376444298 0.785794129440348 0.778385739697588 0.813403980113034 0.800503391566122 0.799794527842267 0.829701018310269 0.816860569409894 0.812077331637909 0.796162857426145 0.868858357242433 0.828387950440362 0.669768876303538 0.671856722461561 0.809669802822793 0.800462579428039 0.881321708961526 0.912098742791331 0.713148293979849 0.837399028675186 0.715323136840082 0.844660251538033 0.857853675232141 0.85967405068398 0.53871696987736 0.522011241550974 0.64492224057078 0.627006652823747 0.521642530837823 0.723863157576956 0.184059960547701 0.537328981353813 0.65092305271468 0.72655379021962 0.729357762036163 0.666258591302166 0.729907938334403 0.673709046015082 0.709814826818735 0.680157784658526 0.777418351349557 0.815553823251547 0.528654900511541 0.64445022108049 0.805355437720549 0.844965214926972
0.460255512763105 0.469750532944619 0.631249017366652 0.557660329033917 0.716013837403034 0.458766562313429 0.701036866112517 0.551788535539048 1 0.749564164489295 0.53706291836267 0.536608215680509 0.646576567887792 0.52521821206133 0.734577394341177 0.663217277691143 0.319814356428368 0.392796141201418 0.50693390016442 0.392348529457795 0.148581301391933 0.0492161174411876 0.632632024597882 0.552903718755064 0.3733600108658 0.399516505074014 0.446367701790007 0.138899078290872 0.368033480003358 0.365335042517942 0.321769063662749 0.26215881417519 0.445016070702713 0.302698514185404 0.332805705077039 0.0231743744673669 0.397802648968767 0.388289926105642 0.457333008829784 0.424081266878746 0.289408923175975 0.114037932666835 0.367262591510793 0.324879041805657 0.400929366044267 0.359040541645389 0.339487652999113 0.385925017347003 0.347288819784736 0.356732364963177 0.426251097912814 0.415745668228175 0.460429277126968 0.395562163460506 0.488911495776939 0.434908341924236 0.387864450298945 0.391127958714767 0.412275493740688 0.417263519438339 0.60906684885833 0.52113679498257 0.494388922472118 0.446827145354159 0.602915294687771 0.449780768229629 0.46576333547502 0.402938641941289 0.316649061377823 0.293080821874981 0.40928152130374 0.416650959735449 0.380387310808726 0.342578237429329 0.148560432070785 0.245775341206865 0.345572014051378 0.326453660001299 0.337657887236333 0.307751930232561 0.416264961920163 0.412943055882669 0.457492511384643 0.434358018348763 0.580616497199744 0.461431212075213 0.403957689531086 0.460713369382925 0.616099345310566 0.567307556488471
0.419456297019182 0.440342702139622 0.557376656532961 0.678403430751199 0.680433341588213 0.54776155511626 0.631490130630273 0.695833802835432 0.749564164489295 1 0.49748709295791 0.550321263387411 0.52792040754984 0.573258341573216 0.630050729037718 0.74616928052266 0.32793128627599 0.419879512856896 0.447946197645273 0.449850214372417 0.0821998210671169 0.0303181788504959 0.5537224635442 0.701780409262282 0.380864295000447 0.435155796388587 0.381441469237429 0.106426329351833 0.423774711283038 0.444711958224621 0.418429392301082 0.501565598903425 0.559650643269594 0.525999006790365 0.301991874973911 0.0974488847375756 0.321357373670568 0.367397392849195 0.510692656582708 0.391394293546399 0.261632820458732 0.262239781534685 0.46926560429592 0.446151944386892 0.463563447846284 0.428984093110869 0.412759232267442 0.472191974889993 0.417136054480167 0.441147252877531 0.490813009593817 0.527584317867501 0.513605525955007 0.486545925421179 0.5471920976248 0.484566224995744 0.351383712541144 0.321810837520558 0.46329820469892 0.465578601156318 0.611751380787336 0.652390508580324 0.495719461578256 0.538179634897173 0.538969584939843 0.53975302585843 0.513044880718224 0.5062374339702 0.241899585334284 0.213809888014341 0.496021849908748 0.527363453555517 0.42520356354783 0.473681641076214 0.179649242808484 0.358841281134839 0.523935846665293 0.559497654892359 0.43219703320493 0.356525146385968 0.437503242798876 0.395279660651763 0.477941527825392 0.466701363278856 0.532699316706419 0.524989552637432 0.467328519667732 0.515736527735799 0.641624145610162 0.669502231089609
0.826499901787434 0.807375686935014 0.706331082961866 0.65285452528535 0.692505046932688 0.265476435184562 0.749823233351552 0.740148700545093 0.53706291836267 0.49748709295791 1 0.839170649966528 0.836135048974224 0.740530862556163 0.733058573854223 0.67293541787594 0.761789618258515 0.809104225262055 0.81071410773112 0.764269132432673 0.293708546672159 -0.0265182345051847 0.699694056092954 0.579961942761673 0.540950027336626 0.47164401087994 0.584911186286922 0.192059941908685 0.790893245134812 0.790313966195669 0.639933129581151 0.510420585869629 0.706470894912978 0.583992523698895 0.316893608385977 0.0900802856036736 0.631260294126349 0.597988517536168 0.623891735074672 0.693097681070885 0.54802136523681 0.314188825809595 0.680319661103562 0.645745861686896 0.695992191136472 0.678553252563555 0.695730283393321 0.69801517781639 0.694810703112902 0.671240293323091 0.703315756347933 0.639773877619001 0.726295234074843 0.649765351512745 0.756670543412215 0.707330549669177 0.776399202933205 0.754096881421876 0.752244282052476 0.685504106202321 0.809113498484887 0.62662189718265 0.879203994381829 0.813998010994486 0.560346724965145 0.635771894771842 0.693450501584462 0.6672363264215 0.665496818575148 0.617735536376203 0.61186597702518 0.480921186807231 0.558347991964563 0.624718866251881 0.173508451657988 0.497200498446864 0.435347408867336 0.511225979095124 0.745309064192396 0.722835157887958 0.802457884684282 0.727572428045969 0.721511507234314 0.566095482141839 0.749943842934119 0.707584645320981 0.46352319331429 0.531626180817889 0.742324131015916 0.651554043243092
0.8163113375401 0.846173642446114 0.710151231761603 0.694694673451016 0.614190139557372 0.288578969880268 0.76490508807501 0.779716322322895 0.536608215680509 0.550321263387411 0.839170649966528 1 0.763885463382731 0.866778987473062 0.69578995177794 0.788969974417551 0.735108045094953 0.802786785100818 0.845146036904145 0.852695134305555 0.328609079326803 -0.0623650953987304 0.733160616227772 0.697722763786301 0.516129435882778 0.518264587726388 0.532718484178464 0.164813411128909 0.824342193130659 0.847614648682532 0.675843993390537 0.597903729208846 0.697230768692763 0.630320351771167 0.316535860631564 0.123172790438715 0.602589161416818 0.626641724856805 0.670820414148453 0.739353826020293 0.534654763481021 0.320178381784115 0.737781916919899 0.698811291039627 0.75690975118677 0.747713196361325 0.757118193724293 0.747472232402701 0.753415624687493 0.734272327870345 0.749683352351247 0.707160803721066 0.785030685912626 0.719040094104355 0.80613856081058 0.774227671533859 0.77235236634191 0.771475447718274 0.777085510812706 0.761369067400423 0.772783456809144 0.639996441349428 0.863919423299947 0.872169589345469 0.525000813784028 0.609934357342043 0.707007174925638 0.70867066402321 0.63570672961793 0.613380730408895 0.656462490859523 0.523710108296928 0.574815487580357 0.667289813259447 0.201851640798172 0.568105923300805 0.482753970729301 0.562683361722817 0.753399166615153 0.75477911419084 0.799345161659322 0.794758114771162 0.73520123087686 0.653695001034962 0.767029863281527 0.782398583976536 0.517739243468492 0.609391591427752 0.726293536954363 0.720130960615554
0.820801012738615 0.803088055885245 0.778621591485352 0.6585555193564 0.728389415856376 0.361941974924616 0.809876806497769 0.713843163995903 0.646576567887792 0.52792040754984 0.836135048974224 0.763885463382731 1 0.813848929028079 0.843617925987214 0.737920574085509 0.628528392100152 0.637965544550211 0.76640761341983 0.677034907601683 0.249894905119775 -0.074117881871532 0.736387640718914 0.672442733900479 0.537949603474837 0.605988956539017 0.604884705486839 0.208812887668044 0.646381764850778 0.637221515195676 0.496316295905719 0.335701404042843 0.552509066162139 0.444946301071965 0.344821621611995 0.0801111461716509 0.711876309649737 0.651733456015655 0.645477335940667 0.685198665111994 0.48445859082852 0.197771300311334 0.597255029672241 0.530500082033941 0.640320093588083 0.597620173448959 0.605077452166081 0.594493471004445 0.621973916631581 0.58220216984262 0.654514776854611 0.572176808627769 0.687468763589178 0.583038207899215 0.719607881223003 0.656989433323692 0.734330224366985 0.719498926636127 0.708882677963549 0.65951016306809 0.840264184285523 0.651916115694244 0.716829083722041 0.663218326440463 0.673233583533039 0.688603797097736 0.667992141881492 0.594212993864119 0.672533485889417 0.621021105162511 0.511676729119526 0.438116377731197 0.404775166029931 0.456740418159529 0.127084105329179 0.371588648048259 0.336990057843263 0.40808613104524 0.59974573595732 0.646857635010518 0.732333318759455 0.705954121317924 0.7019120802552 0.653332755008476 0.811386774790805 0.721962349951369 0.522900836489791 0.61509425537334 0.777750980561686 0.652238988590876
0.804789284987306 0.825143975811566 0.775889654615449 0.766419319212861 0.64144886012006 0.432721455121217 0.805368857984798 0.828029649190629 0.52521821206133 0.573258341573216 0.740530862556163 0.866778987473062 0.813848929028079 1 0.718034011556338 0.819697884506898 0.703267503175425 0.725306709932541 0.781581648777721 0.786824806637879 0.320831426385204 -0.182643416148848 0.769807183202157 0.812762444667278 0.601810964821655 0.687588089645429 0.585404883825036 0.194213943161408 0.750558956453358 0.773625996270165 0.641183613834649 0.527518183133218 0.635439797871167 0.584879626341374 0.450234128762082 0.25895040189992 0.648427488708993 0.619312774993277 0.754205739416521 0.786467822035849 0.443979044091824 0.246602689866019 0.742900152792102 0.694006958512555 0.752847714361927 0.715755314481425 0.769648926350179 0.736993674026653 0.744784677100626 0.699099362422851 0.778571656891479 0.71403660708689 0.807361002637426 0.718827592113286 0.828476924925258 0.79474042658252 0.757141944462109 0.777566701327144 0.780304241946854 0.742449392449789 0.811829548306256 0.729919362074299 0.756628945549861 0.796396890506698 0.653244547905533 0.780631142927082 0.783748293259724 0.784183170428768 0.662742857194014 0.654326359138794 0.549268522029077 0.469944679081961 0.461559296005496 0.554868492423557 0.253135381642768 0.501395474500786 0.41226578827191 0.498190325088494 0.725445367538989 0.775932914464471 0.797972166862351 0.798588288019684 0.718910353059989 0.70569771997877 0.80244593286403 0.829342142294472 0.526757991652231 0.702606716922572 0.739881825587445 0.716730000790544
0.672669232130385 0.687824570713383 0.770293558989035 0.66077191057335 0.745112082325724 0.452592268166048 0.753793544112459 0.653905814377188 0.734577394341177 0.630050729037718 0.733058573854223 0.69578995177794 0.843617925987214 0.718034011556338 1 0.806045322837514 0.564830195820962 0.623884565732705 0.693728576651999 0.598831539905183 0.300225474416529 -0.0679302330205704 0.793006068348721 0.693195527311555 0.625056816877379 0.579360279702599 0.521361498558873 0.305778043611733 0.590048948884969 0.612867681065856 0.512670658384105 0.409922462164608 0.575572647774254 0.457204517174657 0.415766518571948 0.125401691212224 0.650859095857467 0.58141718235054 0.643089663985955 0.582550310806125 0.440137626094344 0.216232394596975 0.576049017703368 0.556208515822806 0.588960271048303 0.548276753795602 0.560665140167428 0.587611866441287 0.567023342785144 0.558977895181014 0.618029217654839 0.584446340207785 0.673321479000301 0.605798585469676 0.690690439228249 0.610965786072849 0.633717299554405 0.640250906368284 0.63328154517615 0.632843411118148 0.773837064170127 0.627223302866234 0.697696722561644 0.63748380202028 0.709729775268651 0.653772562745028 0.638772925086103 0.566797302696733 0.558539801026404 0.501725203611848 0.530994339827199 0.480638397657104 0.518210280750547 0.47049557548699 0.149016784530167 0.399332301316916 0.432478237948472 0.426580547305928 0.590712188500055 0.5757846009817 0.689875382992511 0.662073060305141 0.736817342309813 0.687351022095032 0.797353457865694 0.681508264615168 0.593037485537443 0.660643629749204 0.778022646413602 0.703306776881188
0.673107590785393 0.672240480303234 0.718408881450224 0.749597171033225 0.673455513012742 0.463628908014996 0.728221272207132 0.717540367323887 0.663217277691143 0.74616928052266 0.67293541787594 0.788969974417551 0.737920574085509 0.819697884506898 0.806045322837514 1 0.574812825554868 0.634969873034479 0.689577840071652 0.690476667097231 0.294878345281934 -0.0405247681176933 0.76969477148478 0.835990154513702 0.590471575152922 0.605717776800155 0.619882808852157 0.242799038379786 0.68746382484481 0.683461125770836 0.6063696981092 0.534076262851674 0.63749625980212 0.582271372666125 0.362209170736876 0.15680695299379 0.564161175892027 0.568808714066835 0.678117733518486 0.655859997410158 0.386117511695472 0.223877219922734 0.65815883258265 0.621529952048236 0.639973423899384 0.615451155360459 0.655154124768069 0.664342363636083 0.648530626435607 0.63603544906334 0.69656165338105 0.668185737625558 0.738598943430674 0.663357489711038 0.72763398190691 0.689151573880664 0.624532301398181 0.614667807859362 0.677843875645037 0.667913475510136 0.725629111922696 0.663795885785683 0.689079873457695 0.692928844677796 0.602733620210814 0.656089308519066 0.648851497801341 0.651350978643731 0.528841992943319 0.490918541456009 0.574042524029604 0.528193077240641 0.48713668597033 0.520874338567365 0.182304240404953 0.476779441342251 0.498534387267107 0.554106829919816 0.662417561589595 0.638996023055114 0.689513302951744 0.675449956165557 0.716944583189647 0.668004924360428 0.739414058962046 0.754459658427054 0.537342781327962 0.675817754061752 0.762052872815416 0.744700412883039
0.854046864846732 0.837307255620486 0.612458969897151 0.581363525181497 0.48883321384396 0.240170323954862 0.596773838168604 0.609579307176707 0.319814356428368 0.32793128627599 0.761789618258515 0.735108045094953 0.628528392100152 0.703267503175425 0.564830195820962 0.574812825554868 1 0.89660075975542 0.801357408415617 0.846939683831981 0.3195150980084 -0.107837378806159 0.626211655733672 0.564872633768446 0.523707966583345 0.471852039379081 0.478914600254859 0.225980723670495 0.848186914299739 0.837773031253628 0.585082590325133 0.488522466721947 0.631792126178656 0.586453291726073 0.40380882796522 0.269814867905363 0.597921690241709 0.557141004361591 0.61146051632052 0.680380704337093 0.467553015838828 0.260669386340465 0.68725314307811 0.664392649183534 0.726289432198828 0.71715275003391 0.772942312308688 0.723860447491392 0.734903521377312 0.669088249512575 0.709856957382782 0.637104227121678 0.746989447070554 0.666153797533652 0.718103380801048 0.731858954720383 0.915621263128166 0.88504137012303 0.73693218664415 0.661938012615641 0.614011508345845 0.543298942007588 0.816100100357673 0.721270907561244 0.423012838440123 0.579871711420538 0.693286187362466 0.678072445553872 0.816329209621924 0.825456745568164 0.457684546335905 0.277126129695861 0.34899256639721 0.46978913320694 0.146394290702352 0.408561249191988 0.236738403544924 0.308102237911356 0.817364922723921 0.874289168590591 0.914119249985388 0.860302582047778 0.707239085912526 0.690096164224617 0.739691486924151 0.766160815024035 0.490748513815011 0.617341529675011 0.591442543615473 0.551869568533288
0.828176857827748 0.866072618555022 0.714563230887569 0.703860454840137 0.596386575793337 0.314990127703373 0.691505988633993 0.729888139549353 0.392796141201418 0.419879512856896 0.809104225262055 0.802786785100818 0.637965544550211 0.725306709932541 0.623884565732705 0.634969873034479 0.89660075975542 1 0.850395618297405 0.886139260997923 0.356766581220952 -0.0994762782951625 0.695709182382683 0.597627945115926 0.605280598633644 0.496201627010815 0.503181372674119 0.276204886143666 0.854190896246943 0.899187289471845 0.706736098717032 0.653848014001619 0.798953748989462 0.735323986035689 0.438730959498042 0.280794763354016 0.659558394977762 0.6300948189891 0.681123043857015 0.697968541701015 0.524787155386308 0.384039802425123 0.831603408087291 0.823914819646448 0.841765367826143 0.85236207805812 0.868635888962568 0.858085149438363 0.839675186173302 0.823539453649309 0.80247661411673 0.771109702236618 0.809631774488669 0.774642112733161 0.830571118622799 0.823429563740518 0.882735101242897 0.884211204879161 0.8022415165247 0.771080984351482 0.708178446844053 0.642785441871913 0.847463422494862 0.814689851937401 0.543746923692031 0.66751062637644 0.787220343646082 0.787110094534166 0.751407855352829 0.755232457940244 0.605610066367685 0.482431272883846 0.502776840200675 0.654758670887191 0.212236921445971 0.520548609872532 0.493471230335044 0.535618649062028 0.906009331076171 0.87217860751519 0.915251902347312 0.857863137484883 0.790036913500141 0.704269471617012 0.782851396314216 0.808454401446271 0.541288238731847 0.628191629634206 0.683482761022374 0.701097190000218
0.898760032445376 0.90021574170776 0.795842580558614 0.74724757124535 0.632934672687562 0.316180244994351 0.813543215484283 0.772297110591963 0.50693390016442 0.447946197645273 0.81071410773112 0.845146036904145 0.76640761341983 0.781581648777721 0.693728576651999 0.689577840071652 0.801357408415617 0.850395618297405 1 0.90157038662633 0.303326858198094 -0.0521405195887761 0.809625274972501 0.688165067802951 0.584423655963864 0.540897597831524 0.550805190851331 0.295232019679358 0.825292694232052 0.855621653447436 0.71601688458032 0.600148176421706 0.765337883566081 0.663534401510903 0.392624646956281 0.236041782322785 0.742492773502784 0.715597323051303 0.669699161803215 0.758253383723306 0.553832721172601 0.336514726606801 0.753775235541083 0.727652854134201 0.794439593907742 0.775344589623703 0.774247659939578 0.768405570216923 0.780198277914227 0.753554758017929 0.778595017104912 0.724184024029206 0.800313822413812 0.730347312591461 0.83012466331027 0.810759675810552 0.87430052562954 0.855160877329185 0.823314352699712 0.777826104659499 0.799864997950496 0.698553370915576 0.828971258499182 0.790415776653338 0.610733773797766 0.678289338740362 0.77079257643832 0.750848488701392 0.806172079703561 0.779284884566245 0.620519331857675 0.497818662903709 0.525962168889798 0.654955003573819 0.21993765259074 0.477972693585531 0.460969571891803 0.526207517251037 0.794118029569727 0.791768007334769 0.859672860445256 0.835093443763525 0.779114800854987 0.737140406809013 0.829328003259941 0.803534443742578 0.582640933230289 0.682620713902966 0.738937268619766 0.723629958451053
0.900425456863179 0.90077579132807 0.71200523745186 0.724807982082882 0.573964594872594 0.278398595377127 0.724535384541875 0.746918390750129 0.392348529457795 0.449850214372417 0.764269132432673 0.852695134305555 0.677034907601683 0.786824806637879 0.598831539905183 0.690476667097231 0.846939683831981 0.886139260997923 0.90157038662633 1 0.313617573048646 -0.065618558855424 0.721122448085149 0.676635684082934 0.546035919485148 0.526648270704911 0.509133261638793 0.264411931849666 0.858576232658739 0.886855945680891 0.70223642333349 0.649620987441043 0.778937705517007 0.748442291243684 0.388886286014273 0.256578303709898 0.669490056116779 0.695074697208467 0.686416019409892 0.754892858694571 0.516337623540733 0.358752910975937 0.79685138558135 0.771508936100661 0.82666915743886 0.825473615406359 0.84505896859556 0.814919135721083 0.835267673884381 0.789138211431503 0.810592855907664 0.749284118944567 0.806053229443839 0.736887218365566 0.820970890575426 0.820786502905702 0.896339745528354 0.846780558011722 0.850537277178532 0.807647785879537 0.745899296719067 0.668136303701788 0.829028685561475 0.797431348856913 0.535400394634542 0.667067609861855 0.781885752180383 0.771667523915692 0.818252243153103 0.802225282515481 0.620074632558642 0.472392630801826 0.447883790927923 0.635200807611957 0.191202760971548 0.463357794676354 0.439675534559932 0.525269301350051 0.827586091008179 0.860996239999066 0.882538646368115 0.854604862987964 0.747689417333754 0.740826195954921 0.785138443400394 0.837059044229325 0.566127486504395 0.674156290109218 0.686017230202215 0.690701684800415
0.334902942052798 0.313906973119242 0.344736402191339 0.267671509931564 0.211146608833602 0.147257981830998 0.271779968775945 0.248147145639801 0.148581301391933 0.0821998210671169 0.293708546672159 0.328609079326803 0.249894905119775 0.320831426385204 0.300225474416529 0.294878345281934 0.3195150980084 0.356766581220952 0.303326858198094 0.313617573048646 1 -0.0895802248247481 0.410582203198598 0.281198789315548 0.48841842799916 0.392710570001844 0.363366827912987 0.0939460811261861 0.358911716506035 0.402068805651868 0.41882970974899 0.355496193788501 0.321159042412183 0.274072558756643 0.276453973398602 0.224973201086898 0.352326939135761 0.343608553424935 0.350804074863894 0.369211456512483 0.274165315575682 0.0146400700316541 0.384812881950918 0.34600353531199 0.377214429056457 0.373198944493073 0.364268051578641 0.362001312573216 0.353906929117115 0.356730487590013 0.334150946270734 0.327362939058863 0.371090021155639 0.382171227037506 0.369160957551532 0.364430013638413 0.345923978829285 0.368560168629191 0.305747422994768 0.312268851509137 0.261673243957353 0.288548541935264 0.286617712712558 0.340614797437405 0.258745354449281 0.296762678843748 0.334441111268287 0.344996044547309 0.290960357391656 0.310515905432925 0.303320930503495 0.241221921013513 0.231054786033347 0.260200159981641 0.21708490959307 0.341353155144684 0.205349754332239 0.267650717111344 0.361331864314725 0.331579399622881 0.339664932844256 0.328400216983777 0.339141638435547 0.296135609534741 0.317509911436507 0.370233415973899 0.176698482222885 0.221076943719198 0.245454914553431 0.265666942544813
-0.0832310365068234 -0.120507441017449 0.0047267103111145 0.0470619343992242 -0.00831741063643852 -0.0511566233971753 0.00415061041308665 0.0268174517988846 0.0492161174411876 0.0303181788504959 -0.0265182345051847 -0.0623650953987304 -0.074117881871532 -0.182643416148848 -0.0679302330205704 -0.0405247681176933 -0.107837378806159 -0.0994762782951625 -0.0521405195887761 -0.065618558855424 -0.0895802248247481 1 -0.0894843174913458 -0.021379904077031 -0.0485792650192013 -0.103172079970051 -0.0404102242069399 0.118063279777934 -0.048472983266566 -0.0553506057421851 -0.0126537294514443 0.0669580306062019 0.103596582068652 0.14854131671572 -0.0421635548629592 -0.0195207170818769 0.136949539431549 0.0990099707998827 -0.0569167288438197 -0.00404431747914416 0.0937940523991025 0.0470885425665989 -0.00829702790198216 -0.0173762205273433 0.0191480876762303 -0.0274199224686784 -0.0655561290118149 -0.00570214753514706 0.0122481463045461 0.00358117896753471 -0.000582940479753366 0.0195640961356944 -0.067107479919065 -0.0337126951306739 -0.0287595570184374 -0.00218615771758796 -0.145084074217025 -0.16091124250372 -0.0198789222277182 0.0180049752494864 -0.0201825694121902 0.079102142275721 -0.0863508329848165 -0.0944508376824213 0.00667375547794346 0.00221124668213517 -0.00240842473981505 -0.0143809049411755 -0.16003049719461 -0.187936380634772 0.0148610687186336 0.136748854196348 -0.0533843746358706 0.141591370493317 -0.162045041600377 -0.0322089969208335 0.176095149710676 0.157849902965548 -0.109104176570549 -0.160623897808334 -0.142939405394271 -0.147588504246322 0.0293275083764063 -0.0113366348445102 -0.0669953814613174 -0.0469804597825322 -0.0920898523771792 -0.00568166065041804 0.00527113281285945 0.0516889205734467
0.747675736791292 0.72058300325724 0.907658796229961 0.838782764673412 0.671818042156621 0.364363500668366 0.864305758949332 0.77854873475608 0.632632024597882 0.5537224635442 0.699694056092954 0.733160616227772 0.736387640718914 0.769807183202157 0.793006068348721 0.76969477148478 0.626211655733672 0.695709182382683 0.809625274972501 0.721122448085149 0.410582203198598 -0.0894843174913458 1 0.806223327123367 0.797399868040871 0.649631965646729 0.652288451553989 0.339855615252178 0.686820154463262 0.731133489279623 0.772876740755354 0.629200576338272 0.771983081925901 0.619840362329625 0.605752227849877 0.365372242887834 0.630739187050769 0.643661334254307 0.642404093585596 0.68393377266547 0.433315989027398 0.181046961791239 0.727544240655181 0.677964516889937 0.735709900865897 0.675301049167695 0.710631382032831 0.714724219271237 0.708159333017827 0.701483839590774 0.736926865071894 0.697034735128045 0.774602403865892 0.722589986942515 0.789618410832661 0.75282701269889 0.692689074628447 0.704569988279647 0.732484521469087 0.705571111968093 0.816263257744422 0.746004078141188 0.700980200362912 0.707613698744494 0.75594639103784 0.731963471292526 0.807233866257754 0.739479200320123 0.618464135640841 0.587329606202968 0.609084881195743 0.555318581769605 0.552144192045251 0.579919976820461 0.228968338352323 0.422608951095578 0.542372826882683 0.551612834281026 0.688224607999778 0.665915973371662 0.738456321211996 0.699472743286427 0.724982813065559 0.713865929327936 0.816249753863731 0.766548042782529 0.596091812111059 0.712509234777038 0.785949279958305 0.756088340493492
0.657901765598273 0.651789079446988 0.78773679566389 0.870282992647892 0.606960598934283 0.488960473981931 0.780349020319992 0.791143581148959 0.552903718755064 0.701780409262282 0.579961942761673 0.697722763786301 0.672442733900479 0.812762444667278 0.693195527311555 0.835990154513702 0.564872633768446 0.597627945115926 0.688165067802951 0.676635684082934 0.281198789315548 -0.021379904077031 0.806223327123367 1 0.640240983231898 0.69611111773646 0.589778383475259 0.322115643037532 0.63964180156929 0.66849757496572 0.650873091315612 0.604766752122901 0.659569429884568 0.621509499655605 0.507539963250626 0.359664451364912 0.60158387426551 0.599834343803248 0.645771096295826 0.678885337644964 0.380686912856739 0.167190617940144 0.653975533622172 0.606589763134586 0.667620761189034 0.607382966640442 0.629689321605931 0.654663008574078 0.638278000681596 0.624098314213938 0.686537515160357 0.660039544993286 0.722823968285712 0.670812245810062 0.730927196700332 0.703330219485727 0.606971228068318 0.614657412305829 0.65440447237426 0.631274660548848 0.735933202083995 0.760010626570663 0.59805786935985 0.656881532919891 0.69135304589304 0.761914336261612 0.730210847152732 0.723222111908705 0.540110269008016 0.502077149084671 0.553068911650937 0.539896417235942 0.427421623483962 0.526153830539098 0.159403552756252 0.434746578855883 0.51774001737121 0.575209794351282 0.643225598294066 0.641884559352891 0.685920412524154 0.675244052199111 0.679574170619147 0.722881486748976 0.753935254019377 0.775478357833289 0.569453561019112 0.75308086124796 0.722025173791945 0.725322118504679
