1 0.704446539451323 0.428217842516033 0.4657948009293 0.357058579657132 0.221545475296652 0.506811150591407 0.458696392102685 0.295849787250596 0.218839546486285 0.535847834227632 0.490940003399626 0.450542951057568 0.344261890314602 0.183916799779713 0.147741955228969 0.433360560544723 0.493295919415845 0.756045947168408 0.579807492204602 0.0212576187290827 -0.022394938429322 0.343794804974007 0.397770112981293 0.295408504383988 0.214014631990063 0.114937801508728 0.129559515856336 0.360004839716751 0.451694896229609 0.373693290239914 0.289687546804838 0.519130711374009 0.381182465443284 0.256485832044277 0.137730417541673 0.285506437901262 0.366626919344843 0.298307147175434 0.28696111510041 0.183681230371361 0.0535725729264479 0.360732106280679 0.312823663720435 0.319743494622126 0.267578726875208 0.294791425602511 0.298423336699665 0.359972154335731 0.343309183834801 0.553603857732473 0.382914587409167 0.439313668594493 0.325899950005074 0.386250356249779 0.330887949865321 0.704944789729751 0.622192221094898 0.662375694677262 0.329224973347419 0.546770002615155 0.41917279574787 0.252388120780978 0.209538024855352 0.278722405964857 0.341921800033291 0.456493945434421 0.283063422505286 0.507102087683299 0.469623053582048 0.433927303470161 0.494556865723012 0.266821177158897 0.224870866674832 0.0250541660099315 0.0305910181275911 0.454618524888731 0.140238882948694 0.264914905035423 0.473152625548125 0.472390586172896 0.560408175260287 0.114369115286492 0.381388038910949 0.375591082389835 0.406067383578066 0.14056691431949 0.0238962501664784 0.605033130311386 0.510344272766167
0.704446539451323 1 0.208750246555114 0.233169348738532 0.0697115215196464 -0.00810294600069091 0.219041821635825 0.304780488324366 0.0142385617395361 0.0222237315065552 0.327686491564035 0.53310972562401 0.166629745985198 0.292180007487292 -0.0540013260189436 -0.0845216323592112 0.581119136762191 0.629903721156191 0.634846597876028 0.632301187826378 0.040731839884385 0.00239818158276781 0.0791772816608614 0.151136343584975 0.0814787941578914 0.0990488013755189 -0.0808340778261059 -0.0652320863963024 0.357213054406295 0.460123205534606 0.241993591549799 0.159169342044835 0.393228715560369 0.270835257958655 0.0339469553771832 -0.00961027310145181 0.232327241565031 0.365305382885142 0.277656622342503 0.227595602518424 0.258275338298334 0.147233114947006 0.342083227320874 0.357243348622472 0.416086210013294 0.382758027644511 0.396998771531385 0.438620346195617 0.506885165168464 0.531026055157152 0.596178034213224 0.494133590760186 0.52445957096499 0.522386838466481 0.394851536713572 0.448308366285297 0.780572582466408 0.78712208534774 0.522856875955304 0.378213726763169 0.226161522339078 0.253093298960752 0.148064334065329 0.193561943457713 -0.0236129355123057 0.0630725229047499 0.213475649350848 0.0896322406697269 0.612949018611015 0.633187016955319 0.314361316576335 0.324666905154319 0.221334139482606 0.11627138186089 0.0644660184583498 -0.0615220646875724 0.354120067140174 0.106899639546612 0.302322483885483 0.405783876941928 0.602909551450064 0.55974710114504 0.140012602377532 0.539167098208702 0.250142302502705 0.297904254567149 0.114632337837823 0.0775535821413724 0.417091171023661 0.439386882750922
0.428217842516033 0.208750246555114 1 0.651304448062355 0.546980400213163 0.217320511652369 0.853009018039538 0.441957486308551 0.599370053998557 0.243697276351498 0.42537197978812 0.0449776385694148 0.476593073399097 0.0564889983688095 0.457514333754342 0.164082126491792 0.0393876020582252 0.138264906859926 0.434855812373251 0.157008817607974 0.255819727476136 0.0387271113430333 0.751589375941975 0.634718634157696 0.59256876271181 0.530008171576958 0.318808186227297 0.128053057043473 0.262381850048842 0.258313108662454 0.651631098790183 0.556263770563096 0.586345915958546 0.419922174011383 0.429013669011701 0.297985437075311 0.350850649416225 0.326834513095087 0.31716251149397 0.114007774093603 -0.0519495570034276 -0.22393892244055 0.221916537621971 0.187668339378969 0.199046753866989 0.10816981616635 0.154911848992754 0.12298333036197 0.0462266759380243 0.0959084585239991 0.262739178359788 0.200217049028828 0.198623825638928 0.247299864375065 0.219040309106023 0.185342984234909 0.111399848278141 0.189367975514378 0.409439478700483 0.13914771700321 0.544417897314769 0.321867676391767 0.184821281026739 0.123929054846569 0.598703165064245 0.411679636642521 0.655790626945933 0.3588389869115 0.330143248949675 0.290011895291471 0.503812578443363 0.512150129364303 0.209130953885737 0.0411198801347957 0.0960880985901909 -0.0225608276370977 0.325518294358738 0.167566079860564 0.111589659875242 0.255474719422686 0.254995190547067 0.413896452381375 0.0720571117913003 0.254398815048972 0.575705047850964 0.372293131914562 0.259959424390574 0.183744166566022 0.554132024836753 0.455605359525697
0.4657948009293 0.233169348738532 0.651304448062355 1 0.468069738315469 0.276549484427647 0.682782143219863 0.682196945146491 0.537270396874432 0.513385103168267 0.283125956079647 0.148090840263398 0.325498345201566 0.174485114822581 0.201076519269714 0.293583932044612 0.0404530110968049 0.0660306185941303 0.387915706179462 0.182052671668387 0.0909904126733986 0.130054735569156 0.533833379699124 0.810138305606793 0.451681488899347 0.614419582378883 0.273235651851673 0.183906381188842 0.00169614011744493 0.0981535284101434 0.363390158741849 0.415614730623245 0.54702549258275 0.532923382863507 0.479950145027083 0.422206402435946 0.266449559829944 0.285712491856804 0.234911861059488 0.265715009685001 -0.0234282862188897 -0.0353678815244224 0.165134550307194 0.185226818498365 0.162333065822701 0.026691352967926 0.104202774973837 0.104853291066833 -0.000319865922485763 -0.0553883052690316 0.31390824468508 0.244267804427676 0.215152912799067 0.105613347474334 0.223320868705124 0.187769087571436 0.161226999836836 0.17261441333521 0.412575485522986 0.194778214468727 0.544843095891603 0.593502631590494 0.21420441200199 0.323102823818679 0.556163550229483 0.776768786323272 0.678392817358346 0.678219648606171 0.252366898035109 0.191284979331546 0.445367781530571 0.486686739594833 0.297325965137257 0.21324255626058 0.101561504906549 0.110770535572814 0.290439398016739 0.138548017867943 0.121590654025095 0.26784684407095 0.204046802666432 0.544885208001173 0.0121889587856727 0.148085153754493 0.368783292776951 0.682971003545172 0.155493172015138 0.150601504966916 0.355121990833548 0.493460061569821
0.357058579657132 0.0697115215196464 0.546980400213163 0.468069738315469 1 0.284365243885786 0.547118983095454 0.178265023600234 0.512596915584767 0.336122911964942 0.389127099205219 -0.0261665295106332 0.366447922268221 -0.0497007481470699 0.453138095738056 0.146194371797671 -0.0319980294775737 0.127772704903343 0.243243848732252 0.00370901960737002 0.167315237713779 -0.0301017730010734 0.677524081649753 0.54394893550232 0.557143212575216 0.363176389078037 0.438194918281227 0.248839342596045 0.0864508066055632 0.0184240152829872 0.341793759447408 0.267393276338651 0.295681561018169 0.148776074814275 0.592964352543797 0.399397792177567 0.33707398193149 0.211924805207012 0.256600552613286 0.085470628010109 -0.0101237836387338 -0.0875691639479193 -0.0184656517441907 -0.0761760915773753 -0.0519511833705304 -0.213549896847909 -0.157192200761516 -0.136182756942087 -0.222944270668603 -0.206691694376359 0.0868360896604089 -0.101049613887351 -0.00492704467006284 0.010272624319456 0.0353435021507525 -0.057105708053693 0.064720357809109 0.105799628943757 0.170463138734053 -0.122017315100682 0.401798772373133 0.169352260640409 -0.102600160407129 -0.216820625025993 0.670717318435106 0.50340973720434 0.572861826943066 0.34084902905022 0.158517483208617 0.0868503906940249 0.372310600666802 0.297514464935269 0.193252807359743 0.284524152178619 0.124177329512517 0.0913745412719492 0.0687103211319195 0.172258451366465 0.119910484097228 0.284485880264239 0.190188620525164 0.322544587257645 0.0916477971756484 0.104751388390702 0.463859964911481 0.229701894294328 0.112752410020844 0.0999796342046209 0.405860893318346 0.194091117197528
0.221545475296652 -0.00810294600069091 0.217320511652369 0.276549484427647 0.284365243885786 1 0.256936651525724 0.344102031038591 0.407898078164885 0.589805906048225 0.177078295557904 0.26866594216914 0.406631004791168 0.353100146676332 0.303584990819374 0.571327097881312 -0.156767947744921 -0.00259660856391288 0.0935820900500852 -0.115022170126782 0.136682622843942 0.130604335084759 0.298202076663862 0.401858429642698 0.165452467793796 0.127132854476527 0.0958113066373057 0.30678947798284 0.140222412600668 0.123671442699969 0.255527016661445 0.176950321573251 0.195701133951229 0.081845142981142 0.0932697116435648 -0.058306994699731 0.0120413756627557 0.0689763303229652 0.114699669911824 0.0863501827791745 -0.0934407496468479 -0.0239917524182557 -0.0613705439062988 -0.0112841707193383 -0.151500524434258 -0.191033084745108 -0.0840156660078901 -0.0917353473001629 -0.127422017374714 -0.242132404461138 0.0612785565344226 0.00317238901064749 -0.00606141991229171 -0.0650882324739823 0.0732597345351835 -0.0408580595205358 -0.0512992522923559 0.00466625958229376 0.17289626793446 0.0387372740705405 0.391326073777132 0.360674406884751 0.109141080997554 0.22852991281383 0.169366792043783 0.274789981445498 0.0841381028158266 0.0358267233268634 0.00455620870557749 -0.0669144517789199 0.241010111707088 0.336269304086183 0.13358667382043 0.0875138849188711 0.247988408240711 -0.0607581756374552 0.206454438411197 0.0686515771218226 0.00481082988581721 0.167038227746843 0.029922361107671 0.21518098525792 -0.211320023217215 -0.0520795016673562 0.124011292713775 0.257817066322459 -0.0040175541640082 0.0210564698740273 0.243062532349462 0.339042804011115
0.506811150591407 0.219041821635825 0.853009018039538 0.682782143219863 0.547118983095454 0.256936651525724 1 0.628604113783488 0.624341874787473 0.280494204137775 0.533086437171138 0.162627773760159 0.708794268269134 0.236163664812515 0.382537729067978 0.20221758418622 0.0357431158223634 0.0647753270876697 0.505026943640502 0.264816872237798 0.191535726273579 0.0493718181316144 0.61766123690956 0.579897495319448 0.400403473964261 0.359668176585364 0.204099841321096 0.0278546799757311 0.320119216385906 0.290866479415939 0.514270716015606 0.486334410174779 0.596021917200295 0.454688773867003 0.323498213952481 0.185257752192613 0.310891292668506 0.341076311592051 0.278116405667493 0.167768568842427 0.0507631335603442 -0.152268858947807 0.256839139750589 0.258879350411244 0.259432419402713 0.149928358988382 0.186803280918251 0.168168829651067 0.106342748513567 0.0818386293874383 0.303684869319239 0.229931552371149 0.229728809681447 0.199644518652817 0.279130213056814 0.212061212454998 0.1167122857612 0.108118082664599 0.466326126040572 0.214835914186882 0.726931152508904 0.489638581530119 0.344276724557535 0.276208432777491 0.485899421463147 0.427462610472345 0.618920002554233 0.433253623613484 0.282646584288507 0.299152973664005 0.527425954228921 0.554334455612531 0.258474398205457 0.133404889479149 0.0900519660729754 0.100002189179153 0.326423437517641 0.287604334670953 0.0523533291469498 0.191667600805371 0.235900602230865 0.449845089166569 -0.0572716357959087 0.17748513904403 0.44577343944477 0.384796647861345 0.0953071840855423 -0.00348540376355764 0.53854369714623 0.426692059287288
0.458696392102685 0.304780488324366 0.441957486308551 0.682196945146491 0.178265023600234 0.344102031038591 0.628604113783488 1 0.434959555240298 0.495046804551858 0.363324637941703 0.600830568253393 0.573033658720508 0.573197653860427 0.0856290671931002 0.301489597666446 -0.0306541201131802 -0.0708747002011164 0.411265301816469 0.333479349151187 -0.071006389966295 0.0840555965843281 0.159657666725281 0.528372109728805 -0.0135541201760338 0.233185190113279 -0.0520605480225728 -0.0816918246201507 0.23847935299041 0.38285721961966 0.333686365965085 0.54459704169437 0.515939480964628 0.528230904726429 0.00927637898199443 0.0343246401788972 0.0209719702100626 0.244561906304704 0.136409040469145 0.240455554188816 -0.047083068357711 -0.0601363155255062 0.265843414313824 0.285506483571203 0.293027114120798 0.248182934967135 0.349753053692742 0.302077813700782 0.286725042772418 0.181337649860437 0.423761222542974 0.421145307431613 0.369547114878267 0.184876850763366 0.400298178088226 0.303769306840315 0.059453324847744 0.0719895279212329 0.630390015293272 0.502004773190954 0.694710498513213 0.88240969308182 0.445114913364387 0.718893845344733 0.0538692340069577 0.45579380040855 0.31536155327595 0.397459814998929 0.157436037457757 0.231159315060933 0.371400867599802 0.574258568727873 0.316696217278296 0.137483963215375 0.141035944105567 0.125869779666031 0.340242063664825 0.131875542948689 0.0835394546252767 0.155367479368709 0.163927947759866 0.38208044996443 -0.295060219016346 -0.028074529017047 0.0674752987095118 0.521093540773489 -0.0753844250520895 -0.114880960443828 0.306535752553269 0.650131025655064
0.295849787250596 0.0142385617395361 0.599370053998557 0.537270396874432 0.512596915584767 0.407898078164885 0.624341874787473 0.434959555240298 1 0.471206898684798 0.388438546520678 0.038884442843248 0.562739648710121 0.088597281174363 0.603292673276511 0.334542351253259 -0.0456010788666474 0.0503233152954758 0.231491216675896 0.0594003122270673 0.0766420214027398 0.0955405864787558 0.635465147668843 0.600702846780128 0.409301296154511 0.269584007923098 0.288771113438414 0.0967217030964202 0.165767398756679 0.169398250789607 0.469319537993435 0.452958299018039 0.384202632178602 0.315235571865281 0.269355051282232 0.14422218085731 0.139478286475421 0.305937752454753 0.168885007365844 0.177665899873579 -0.114547236094759 -0.242091552622201 -0.0130678840829757 -0.0419597812997242 -0.139444387231525 -0.193888743796296 -0.130252271212902 -0.0615323913485937 -0.212022547007676 -0.216868746857909 0.0571839871302407 -0.0260521719647961 -0.017079548346828 -0.00753666202260239 0.00598585470953027 -0.0869388424376104 0.0495180359907989 0.0298032182625495 0.203029013550851 -0.0797889477707003 0.540535499109978 0.388234645836582 0.0483512162923401 0.152219597425546 0.475559184965947 0.45427053760361 0.34280490839225 0.163167297335494 0.154285948558781 0.0613005395195812 0.435393798889055 0.523247268310225 0.276945268538595 0.220237943376487 0.185888068315968 0.078641037611756 0.247090061969585 0.162533666107111 0.104879315804879 0.300046016101451 0.158322922784579 0.241455022829661 -0.0255201339218954 -0.00493732562373548 0.281817430178996 0.249920587816242 0.19915372581839 -0.0319807947359317 0.334039526108787 0.311975598183024
0.218839546486285 0.0222237315065552 0.243697276351498 0.513385103168267 0.336122911964942 0.589805906048225 0.280494204137775 0.495046804551858 0.471206898684798 1 0.20699225514754 0.265428130094174 0.305065659082937 0.178052179928831 0.291508595277939 0.484478704098551 -0.0336630451816975 0.006241116632749 0.203617181715686 -0.0284177747905463 -0.0548784727044264 0.115828020994082 0.308562120117788 0.523585602220721 0.164800982710953 0.263567970151765 0.230157861255287 0.145697830062514 0.00288001835655129 0.0999851041880624 0.21659995590806 0.288343980235478 0.167642369176773 0.176885130753621 0.190678240777116 0.116686797530274 0.0969104136490183 0.104089427330029 0.153717696383391 0.147212537496475 -0.0712545162264646 -0.0631727658666864 -0.0998914011866018 -0.0878828062848459 -0.183990125966928 -0.246256975533715 -0.0829095498796888 -0.113854463608246 -0.16345205838044 -0.25058889883922 0.105534187766347 0.0159503930542302 0.120726536304647 -0.00438245405935915 0.0432112174827057 -0.0503535918421792 -0.0521457579283173 0.015216140729042 0.245479742042583 -0.0348812839742794 0.369696541919428 0.537463434156496 -0.0870884346734649 0.167344230853818 0.266257772596489 0.552271007768968 0.162429431546084 0.147384096452705 0.0336134660562821 -0.10823015531081 0.324797070162616 0.378459310127016 0.312492401293045 0.148373924940932 0.255750140073617 0.147706171405073 0.125948328967156 0.047228691416819 0.0876728027460978 0.12830432377834 0.0117581095092702 0.202901022379197 -0.102020530478236 -0.119922627971506 0.145666401898167 0.381054583160116 -0.0158454400126527 -0.0813679327626195 0.165891059659531 0.440734336826277
0.535847834227632 0.327686491564035 0.42537197978812 0.283125956079647 0.389127099205219 0.177078295557904 0.533086437171138 0.363324637941703 0.388438546520678 0.20699225514754 1 0.278015202269496 0.631572275489615 0.433234533618223 0.449868924416811 0.255613342554873 0.328925769876578 0.20358384338544 0.457667195673478 0.368631537177604 0.0635409464485776 -0.0927789819411525 0.397837817884968 0.306324531463045 0.175909389133004 0.0113756155093417 0.168042809761046 0.00375318600978283 0.327259493529497 0.334944405390039 0.295430902566093 0.351068724264275 0.431180520989779 0.251673446803505 0.072338117399265 0.0498702707918142 0.155910528451429 0.249846365224469 0.13054137742333 0.172488910722915 0.205915817820318 -0.114706647910812 0.142574426367336 0.132329844619293 0.159501107067038 0.168068913038967 0.174507992333869 0.205827713945754 0.16580421539586 0.17545030157646 0.276532005722312 0.18525452059724 0.189355127138772 0.19125608002017 0.21093614147994 0.0546036070734806 0.302382624495816 0.258198859304182 0.372432820716338 0.138219523223205 0.521463292996595 0.29939350427098 0.408714704162153 0.239516742297425 0.254676840354921 0.19045012636825 0.282527675802571 0.126882948331642 0.334854986434221 0.327550654775881 0.321906094478355 0.282153935155361 0.210682287598435 0.223011308972814 0.0457341987089239 0.157924524738082 0.266095127173027 0.113545957371265 0.169191660205196 0.269205402639583 0.30676792109892 0.35972124512547 0.0175734492849328 0.193780073199346 0.432290643711703 0.237081706464129 -0.0626367433725555 -0.0174846347850986 0.609106180541172 0.314349609898421
0.490940003399626 0.53310972562401 0.0449776385694148 0.148090840263398 -0.0261665295106332 0.26866594216914 0.162627773760159 0.600830568253393 0.038884442843248 0.265428130094174 0.278015202269496 1 0.371642758762366 0.717634219728537 -0.0445695089731629 0.197312375646173 0.0706179812154235 0.135172501022989 0.388955132470636 0.406685004401876 -0.0742873404649545 0.043119925230753 -0.107196518298633 0.113744223100504 -0.17965290592532 -0.116691563285434 -0.189607252017338 -0.161489780992862 0.335091452873927 0.480093184694077 0.177360642341194 0.287625070147476 0.23322129620198 0.161898345765652 -0.234900406796052 -0.221043894726561 -0.052969832839302 0.197239137086993 0.164273594607369 0.22273249856184 0.0896870411633013 0.138097068063568 0.263743829900535 0.268255469006664 0.283785720465783 0.295847542090764 0.389271055211664 0.351465358432934 0.42097609315531 0.387741126666229 0.48562731636559 0.517786810219482 0.420858831407107 0.286396561959069 0.519690835924717 0.401701961005768 0.212548104947679 0.312151110707616 0.624596840021483 0.54535532269003 0.465199924768678 0.580307933899295 0.293157016295722 0.540944927820004 -0.242913363329162 0.0678334268941245 -0.0231822079988839 -0.0225808686003227 0.245956898805493 0.287477864903593 0.174977753228031 0.404158608812803 0.173477721620166 0.107581047334151 0.174241095718492 -0.0462882561149255 0.329054643587142 0.133857478057655 0.0788069092488976 0.248241793422103 0.202085742272315 0.313281307484666 -0.294829781335528 0.0566661120300312 -0.0245818625905758 0.354328185816449 -0.100434832802811 -0.0863745177264368 0.275680499348012 0.618406880319955
0.450542951057568 0.166629745985198 0.476593073399097 0.325498345201566 0.366447922268221 0.406631004791168 0.708794268269134 0.573033658720508 0.562739648710121 0.305065659082937 0.631572275489615 0.371642758762366 1 0.532511841966699 0.488202840030833 0.435592907201488 0.0162741514759492 0.0122207215373161 0.40402417081071 0.218154826182854 0.0995554750133021 -0.0648729563484763 0.384377158986692 0.354967500228085 0.0748989510028994 -0.0555568071566315 0.0953937968156518 -0.011960358106967 0.460324781030334 0.36149721018828 0.332429293650207 0.348657646412009 0.351601833376516 0.207159239704662 -0.0358824031355821 -0.193423601608674 0.0721047851055513 0.151372988804171 0.157006092906136 0.206260288907767 0.0662891017481711 -0.112164988274064 0.169467846902228 0.136568537867871 0.0673216958449444 0.0884288737381432 0.168995410171887 0.135853297742761 0.105703603505286 0.0422954565437727 0.259010067695623 0.169024183210023 0.169437958976364 0.121923386300372 0.258643507083234 0.121520350498333 0.0680308288482606 0.0103042116017182 0.405569776062375 0.172602785129907 0.69167098454928 0.431851921112003 0.4037707918066 0.378111391534594 0.164411196843678 0.164014084581067 0.1707269161387 0.0299331152357682 0.183614097728138 0.159768105539567 0.371803942144281 0.51417102467089 0.290293732337572 0.271429419624808 0.135909702305721 0.157629060794117 0.298036951860383 0.252507885930367 0.0506649625081227 0.173529185631119 0.178258979791848 0.324760826917602 -0.159040505998795 0.0458695854445058 0.231249753112209 0.184005328258555 -0.0339985916843541 -0.132039575801612 0.509702378452277 0.32478633695059
0.344261890314602 0.292180007487292 0.0564889983688095 0.174485114822581 -0.0497007481470699 0.353100146676332 0.236163664812515 0.573197653860427 0.088597281174363 0.178052179928831 0.433234533618223 0.717634219728537 0.532511841966699 1 0.158147609037106 0.442109319746268 0.0642482688647193 -0.0127765941322839 0.219076175111366 0.295396577320591 -0.0955398823937241 0.0340991661157809 -0.0532856570553603 0.145564103736092 -0.177122313147593 -0.13778643649133 -0.143172187503887 -0.0843642790609316 0.317315909933837 0.459963358488102 0.140406512578766 0.249360753678744 0.240197223694052 0.205379189380681 -0.304523841696523 -0.242455851472297 -0.188147693175258 0.0871135999767702 0.109856481586556 0.255312452040839 0.0454785213723726 0.0281314482538116 0.187486310606799 0.236845381512462 0.195574981155142 0.279111056964786 0.303770963516329 0.278061911633084 0.315836647851898 0.231797795692187 0.34699950894248 0.38722120695056 0.285583664553083 0.0895050745543315 0.415177701988678 0.26136159091265 0.0536006319471711 0.0336379088555089 0.393019994676605 0.441878154495322 0.455536401199509 0.46269720607812 0.585106265311396 0.686362303146061 -0.283683179299856 0.0093159065905597 -0.0530885483774996 0.00945245866109126 0.0805004978290795 0.16215682857705 0.14819363405864 0.30241088104855 0.145003183537383 0.162478809993379 0.0540754259189988 0.086391469012846 0.286378056837711 0.167481654212696 0.0779618246992079 0.170893186166273 0.0641662856618219 0.358173530470178 -0.291346425504326 -0.00505608937810281 -0.0430388638685992 0.353620898047596 -0.166021059219745 -0.0299280472850143 0.304446748659002 0.440427151000265
0.183916799779713 -0.0540013260189436 0.457514333754342 0.201076519269714 0.453138095738056 0.303584990819374 0.382537729067978 0.0856290671931002 0.603292673276511 0.291508595277939 0.449868924416811 -0.0445695089731629 0.488202840030833 0.158147609037106 1 0.512633211440862 0.0189100198239188 0.0818528644082068 0.157261934336396 -0.0478980960802197 0.236097663817641 0.028262610381848 0.702609360119017 0.414208651866443 0.455820031318941 0.147275178882927 0.424683049279945 0.21423733509089 0.24574187205498 0.137102692750424 0.406298820493117 0.315735817752257 0.156989506580986 0.00900851250419627 0.189487837569151 0.0413951050833719 0.111594410527297 0.173868964635326 0.304080154887373 0.244975378363822 -0.0714021997852157 -0.236038001914701 0.0110352277434885 -0.0512731421460235 -0.148376168568139 -0.107007687140992 -0.098744377006533 -0.0965266965730349 -0.148978019737866 -0.122924788128789 0.06440843238125 -0.0594317890103772 0.00755298935481259 0.0206388890310549 0.0124532404320665 -0.0903359580392448 -0.0194724602513285 -0.0256840161925475 0.0385270181027556 -0.209136489312551 0.322485118930092 0.0100583118868228 -0.0688610083901689 -0.0757167518813445 0.440826766878451 0.226829223774816 0.225712703656874 -0.00901064802882027 0.227474966706606 0.122472670101601 0.203199056178012 0.21300255499111 0.0964050524607065 0.190000153761598 0.0719207741308689 -0.0587436172352228 0.271399870020597 0.212596707453966 0.156681731203031 0.258025256572494 0.0948375932413604 0.207384621861478 0.141359631460242 0.161557088779403 0.427791026810163 0.151393205273641 0.31324877621455 0.176642146257157 0.401773885205785 0.151607752070718
0.147741955228969 -0.0845216323592112 0.164082126491792 0.293583932044612 0.146194371797671 0.571327097881312 0.20221758418622 0.301489597666446 0.334542351253259 0.484478704098551 0.255613342554873 0.197312375646173 0.435592907201488 0.442109319746268 0.512633211440862 1 -0.095804775306008 -0.121859364225749 0.0527334412344872 -0.0820572012653375 0.1685557815318 0.131857088451774 0.3211023218805 0.468606631101443 0.0952440016897999 0.0964385623182824 0.203369591179694 0.219481223486272 0.0836665433457364 0.126008476739895 0.126987568993699 0.160318801278876 0.00176538728131677 -0.045676539522862 -0.00151584220122554 -0.0290740552234242 -0.0628732586969639 -0.0484427309033241 0.182058471646949 0.199957098359434 -0.0921535260191834 -0.10129037722272 -0.145405178241423 -0.15906090539436 -0.254278638551777 -0.234882376998124 -0.146246038338801 -0.204005794644192 -0.189238953334449 -0.270166738946934 -0.0137260090495635 -0.0604966256324214 -0.102705708393046 -0.184444082029743 -0.0343064959567525 -0.120939627667283 -0.0830603692539167 -0.144536985875572 0.0534931682694691 -0.138810425005496 0.307555678964087 0.234537811154075 0.199621337855333 0.252419122925563 0.187353383401735 0.323258160792471 0.0502318528843844 0.0520543682727806 0.0995880648894601 -0.0610406336303756 0.0169831652863342 0.177588715651601 0.0899138774968131 0.139778663704401 0.131319456263222 0.0491826913719244 0.169368935227763 0.157352266750389 0.0122932631697678 0.150683570864987 -0.0444881280575482 0.276464587682223 -0.00717175558746074 0.0321074547111023 0.267603137570252 0.367570116972764 0.177412726714347 0.22804397812939 0.182058772504157 0.307539495552946
0.433360560544723 0.581119136762191 0.0393876020582252 0.0404530110968049 -0.0319980294775737 -0.156767947744921 0.0357431158223634 -0.0306541201131802 -0.0456010788666474 -0.0336630451816975 0.328925769876578 0.0706179812154235 0.0162741514759492 0.0642482688647193 0.0189100198239188 -0.095804775306008 1 0.682640118117243 0.466138505700184 0.471887294354003 -0.0617649316637657 -0.121609756718509 0.047586948765744 0.020607001093744 0.129002151774879 0.0663227494154256 0.192696724594832 0.0894771613958709 0.279738620450808 0.275194297953558 0.04909450342797 0.0287941799275985 0.166755935033881 0.231253889778885 0.000950251207951382 0.0459648487977601 0.133276539212315 0.198151362372394 0.235824187828199 0.166200680092249 0.126715235497762 -0.040486597983702 0.265264623063405 0.189216351085521 0.232485273841658 0.271249897264062 0.264781121641809 0.217894093280259 0.291269034263379 0.35550660728274 0.297271084684497 0.15017754417223 0.285441248982287 0.214823293862443 0.236795186760431 0.161621461941278 0.660618120246659 0.563823477299866 0.126732481264051 -0.0108938433038268 -0.0072039238079394 -0.0806469019322377 0.146608058458603 -0.0488145439686382 0.0486799007366062 -0.0393783536043921 0.135835696025663 0.0439657896873833 0.374153901336763 0.37960471243371 0.117531328087855 -0.00478687729191082 0.215167706223885 0.115224804917042 -0.108394226052307 0.0284697947932824 0.0964201461662665 0.0551854115468234 0.445752361805392 0.302779461812521 0.464693879543271 0.291208815307516 0.359249606000332 0.320933813741033 0.225388010027777 0.12042707017707 0.0530272055415253 -0.054765880160707 0.312527291387593 0.0689368977595035
0.493295919415845 0.629903721156191 0.138264906859926 0.0660306185941303 0.127772704903343 -0.00259660856391288 0.0647753270876697 -0.0708747002011164 0.0503233152954758 0.006241116632749 0.20358384338544 0.135172501022989 0.0122207215373161 -0.0127765941322839 0.0818528644082068 -0.121859364225749 0.682640118117243 1 0.51843373065379 0.457971973740526 -0.0172326259814111 -0.118142043216014 0.188124006224443 0.0613609694580162 0.281555770301927 0.0949165235547866 0.136794592772037 0.14137246773974 0.321215088555579 0.38156909012118 0.263922322315897 0.0139902988673083 0.251757518896368 0.162955789193184 0.0553844570777664 -0.0074642831531405 0.231636327209806 0.238056760444662 0.340759301189149 0.194792006773673 0.112131886106887 0.00898933407955925 0.339753507277875 0.304693291161545 0.236142010324403 0.259663608636253 0.296419373464368 0.280367980990542 0.293361293444916 0.340340334839784 0.303884934410797 0.168218341060204 0.301872968806189 0.310476861866554 0.125260366664241 0.136928246444804 0.678811220018117 0.699338491963616 0.146474923529152 0.061899048181132 -0.0164894862790256 -0.107777966360484 0.0234968068827643 -0.0607376463705692 0.101851008428143 -0.0202320155833039 0.155352032359555 -0.0121213314927528 0.344429213157993 0.368267981487642 0.208414206768064 0.164065251260726 0.208747315548493 0.180842736869117 -0.0572776784427974 -0.0749451687501141 0.230831980551987 0.218328140321529 0.432944979633178 0.466983177730805 0.476477381540075 0.32723502955594 0.225695222384316 0.48771676156858 0.172130939478853 0.0472096639103653 0.24187154248327 -0.00756682355418058 0.313582563243637 0.119151339801977
0.756045947168408 0.634846597876028 0.434855812373251 0.387915706179462 0.243243848732252 0.0935820900500852 0.505026943640502 0.411265301816469 0.231491216675896 0.203617181715686 0.457667195673478 0.388955132470636 0.40402417081071 0.219076175111366 0.157261934336396 0.0527334412344872 0.466138505700184 0.51843373065379 1 0.657767263634433 0.0534864001659108 -0.0255377595155141 0.309931560343379 0.298402866212567 0.257285643550688 0.189148980815787 0.0138589221367389 0.144590138474732 0.40947919929663 0.544568203201693 0.396988239136915 0.293449070119545 0.536789168572072 0.431570146584625 0.178338113655742 0.102207546035968 0.260209807600704 0.325372570189165 0.351241115002735 0.246397731712017 0.121551879417938 -0.0830606233078101 0.481660282063943 0.439181362103843 0.385553437134937 0.380137872935288 0.413458115090714 0.41186535926151 0.408438888199389 0.420468361392295 0.538704093802987 0.391207629334869 0.512353315120268 0.444513358992923 0.396403260848187 0.324124002381649 0.607497357560086 0.492396270515328 0.553831641398905 0.323405895068366 0.410537448528757 0.34276772713126 0.245206345538412 0.190045767191847 0.188769338899765 0.24259865918853 0.362885362280542 0.227809253828266 0.421474032003705 0.478408521914064 0.400962800060087 0.401073610002786 0.31275004050273 0.24955099685685 0.0898185706978825 0.110538316185538 0.449092044611212 0.256081623502485 0.321477735715849 0.393924843794048 0.410543390260674 0.399826025638332 0.0820665276257352 0.386127672637723 0.313722915617061 0.279575109830563 0.156989055405462 -0.10406295560267 0.603319244158616 0.40529778258865
0.579807492204602 0.632301187826378 0.157008817607974 0.182052671668387 0.00370901960737002 -0.115022170126782 0.264816872237798 0.333479349151187 0.0594003122270673 -0.0284177747905463 0.368631537177604 0.406685004401876 0.218154826182854 0.295396577320591 -0.0478980960802197 -0.0820572012653375 0.471887294354003 0.457971973740526 0.657767263634433 1 -0.103547885649047 0.0146267061451057 0.0819294120791363 0.127412756476999 0.0537510829290075 -0.0236932834697664 -0.113508404739133 0.00379804728868648 0.416366557696008 0.648132808354989 0.234658954141976 0.141711717375837 0.396969386072945 0.41834274684577 -0.0742789987486358 -0.0960329540221893 0.108051403723717 0.158528583694539 0.158380315078744 0.189923541743212 0.230478275120842 -0.12437629992304 0.539624760354882 0.501542593100826 0.477816759879476 0.528014986990028 0.495013513940631 0.487424683769034 0.555964515560243 0.563736982942803 0.458780193219285 0.429524313339098 0.471190458059498 0.351766982482935 0.296654550495388 0.344876881078103 0.56481757808036 0.45492028138738 0.436151915485863 0.451487653528399 0.232296729907898 0.308269224082072 0.264688826450016 0.335371335896636 -0.0968222970880283 -0.0067371053299659 0.132358072542472 0.0488988097008256 0.305716324970158 0.372255351642051 0.229148313802179 0.187650553570397 0.244183022965994 0.257553680713587 -0.100728017154159 0.131075047136703 0.332369781253866 0.152219385212593 0.315416653349423 0.32164636037289 0.21239651833086 0.21943753550017 0.0544387743307223 0.232759430537631 0.00555429626323381 0.069855349457981 0.0789045849803898 -0.253678252194466 0.25286691290093 0.259316801302846
0.0212576187290827 0.040731839884385 0.255819727476136 0.0909904126733986 0.167315237713779 0.136682622843942 0.191535726273579 -0.071006389966295 0.0766420214027398 -0.0548784727044264 0.0635409464485776 -0.0742873404649545 0.0995554750133021 -0.0955398823937241 0.236097663817641 0.1685557815318 -0.0617649316637657 -0.0172326259814111 0.0534864001659108 -0.103547885649047 1 0.0878425088192441 0.345386525033715 0.207415854076585 0.284636830384708 0.278628915909191 0.178169827589403 0.263383243510877 0.206290688233241 -0.0880955330438694 0.189389145704915 0.0358004335427679 0.0678609555360837 -0.00518091994479424 0.161235143528539 -0.0290536668079845 0.230703058320723 0.0836305887041241 0.253839890177005 0.153633515172182 0.092200876246401 -0.128014353506217 0.160687141347662 0.172565704234114 0.129078162363067 0.0313122950856213 0.0769335883032492 0.063258547906982 0.0396663017685735 0.073864747238931 0.135182778819367 0.166902783276601 0.0747225641604018 0.233770226892712 0.149061546878057 0.211018407497869 -0.0165357953906206 -0.00128876663673952 0.0209866549146856 -0.0282013829510468 0.121551454053086 -0.0666706611601082 -0.0629349897764696 -0.144868773704342 0.268413433010762 0.0737122907656709 0.203655222223585 0.100146844994068 0.267009005932272 0.121315520586947 -0.0374653289511661 0.00150454750952549 -0.0905140104983462 -0.115037432104197 0.0457156015509327 -0.155724185893727 0.131961324867152 0.0756382715343743 -0.0945409160851172 0.0132735013143721 0.0144287681457372 0.0805684908569873 0.130185273374148 0.25461700499786 0.311468069567729 0.20333946291374 0.162602974646219 0.437221744536068 0.152502479839631 0.141793941154712
-0.022394938429322 0.00239818158276781 0.0387271113430333 0.130054735569156 -0.0301017730010734 0.130604335084759 0.0493718181316144 0.0840555965843281 0.0955405864787558 0.115828020994082 -0.0927789819411525 0.043119925230753 -0.0648729563484763 0.0340991661157809 0.028262610381848 0.131857088451774 -0.121609756718509 -0.118142043216014 -0.0255377595155141 0.0146267061451057 0.0878425088192441 1 0.0507913177581205 0.174200676284845 0.138321691909048 0.267666148300266 -0.0552997458201003 0.213291531643266 0.0553839382607997 0.166176030423536 0.193682056504713 0.126612993915523 0.0364597101347575 0.118269096521687 0.0904765355381185 0.0912198394538808 0.114631506419383 0.0205133802791189 0.21986124553652 0.102911414258383 0.107547335878964 0.065998865595702 0.0612742408132701 0.095474667319092 -0.0151769237621938 -0.106233661433998 -0.130087406133579 -0.132866285426065 -0.0726762808828814 -0.141822912745846 -0.0595923198531729 -0.0437019797599882 -0.077245403604749 -0.0719962280868435 -0.0901477069401389 0.0325568633969473 -0.0273562273747224 -0.143552673317559 -0.00313707848753556 -0.00935163741807951 0.0201162643994296 0.110614201345604 0.049203512759302 0.0970926982693886 0.00728383948650912 0.154259581885497 0.156241841565213 0.186688140952115 -0.00302876531060134 0.0201138586050601 0.0366138225016214 0.0781768847549423 0.0578342324360448 -0.0477368020798179 -0.0157005799570997 -0.0696190844087384 0.0569030422157515 0.0793796171376664 -0.0784364983085257 -0.00882196176158826 -0.0895101366894267 -0.0376055219347981 0.021972068459898 0.00077570439708496 -0.047915486400181 0.14029465034681 0.189847909777227 0.0344459456820315 -0.107577612062703 0.0416482809010534
0.343794804974007 0.0791772816608614 0.751589375941975 0.533833379699124 0.677524081649753 0.298202076663862 0.61766123690956 0.159657666725281 0.635465147668843 0.308562120117788 0.397837817884968 -0.107196518298633 0.384377158986692 -0.0532856570553603 0.702609360119017 0.3211023218805 0.047586948765744 0.188124006224443 0.309931560343379 0.0819294120791363 0.345386525033715 0.0507913177581205 1 0.724462226534894 0.741794033100635 0.549438828019763 0.539037946907107 0.312156164639543 0.189027778519664 0.141143508983243 0.574906137925637 0.39304067714977 0.41765539167958 0.234044429584834 0.577588804114827 0.375288738775335 0.366951301869952 0.25986055302523 0.375623667915724 0.176110434551866 -0.0873294622340345 -0.202378183396044 0.14937849896969 0.0809825797482131 0.0299829949687206 -0.060333869878417 -0.0391579817996647 -0.0217728737962676 -0.147315528088729 -0.0709419657731993 0.145873371105326 0.0442306572965464 0.0587180506741239 0.132636706044133 0.0772559104442266 0.059093927182469 0.0921503945525512 0.120925233981284 0.148589517832257 -0.11819254760122 0.387733060346561 0.122080145730433 -0.108005153120602 -0.151180978701013 0.789061964654214 0.511468822749525 0.62284016737675 0.315461280220607 0.276324552876533 0.172507230615502 0.369796123315303 0.306842827437218 0.107222979602197 0.173600235101881 0.0871985193078313 -0.016857200534347 0.230726864501762 0.240407315733497 0.183223302977538 0.343187494990994 0.185336076264037 0.360278912356845 0.209343579232607 0.239417853114645 0.612756367340199 0.336685338182182 0.384533382552568 0.284152015174432 0.450895981511216 0.263018199939181
0.397770112981293 0.151136343584975 0.634718634157696 0.810138305606793 0.54394893550232 0.401858429642698 0.579897495319448 0.528372109728805 0.600702846780128 0.523585602220721 0.306324531463045 0.113744223100504 0.354967500228085 0.145564103736092 0.414208651866443 0.468606631101443 0.020607001093744 0.0613609694580162 0.298402866212567 0.127412756476999 0.207415854076585 0.174200676284845 0.724462226534894 1 0.579556181827181 0.666645292956644 0.384343850295389 0.288397766209603 0.0874007100938187 0.12860064704167 0.475436076742234 0.437066039887867 0.43897532470352 0.432822228659118 0.49137538272531 0.395932965050758 0.275285215512332 0.209378325124075 0.333411639383566 0.176670101140965 -0.139424408390651 -0.145477458221042 0.120508326351483 0.0646132656499575 0.0307461937782291 -0.088311911115354 -0.0337062811415174 -0.0565795501524802 -0.0943483564980712 -0.118952373215504 0.244508971289478 0.121343430898017 0.101550190306901 0.0401405528165133 0.110176198917276 0.125016492218158 0.113563625559308 0.119730404203215 0.267326449370181 -0.011074396571713 0.480053170837068 0.489865993815513 0.0746503269067261 0.185675390099435 0.642565044439738 0.763958270961947 0.604614640838259 0.52237180460083 0.242844273140633 0.155733491084839 0.384035017180843 0.46871817511937 0.244465105583936 0.180689142664004 0.153817777824222 0.0456742323964633 0.210770340806263 0.197435023247087 0.214831699152105 0.308573073092609 0.187494787115426 0.460107021226062 0.102941797402184 0.133874683506819 0.468504805829587 0.611629755842745 0.259875971454603 0.233251699949807 0.336897745834431 0.457845932780283
