1 0.710187003594246 0.492362276618073 0.278394606858953 0.379661653962058 0.183676451670595 0.612025439394001 0.364919673564337 0.487573352625768 0.326561067051203 0.757488243529617 0.607442092300398 0.681993378293781 0.486268213953617 0.482929222036536 0.278822128177689 0.501387348983865 0.531537551822073 0.733181381823391 0.513122507016206 0.170687905450034 0.140084726090443 0.262753911141419 0.0877159619507422 0.239304799098229 0.0581266689909563 0.17245329483506 0.0334502777293346 0.468313125612712 0.322053045353745 0.235795117755431 0.077191498682158 0.477294852560783 0.255648162823261 0.18950389113745 0.168407474728904 0.329904580997224 0.20582248953182 0.323276725085102 0.223716633779531 0.331836632907667 0.234225460713957 0.435795482041828 0.433570237714469 0.363090738610263 0.374987481159783 0.407849773996766 0.456815184384697 0.475579100393152 0.571214244191065 0.628705625497173 0.587090905215619 0.526517336414186 0.582100425993356 0.592844257481995 0.455992987530618 0.686331788717745 0.61487901761824 0.801063120556059 0.552297883670882 0.757614848588259 0.341787142469073 0.574066652278076 0.574081147290999 0.402681573827736 0.193510567126744 0.492974480616961 0.358125221744969 0.506586832393083 0.450241766361409 0.336004670258497 0.258888988471649 0.279783908851849 0.440655435136193 0.0480827765777983 0.154593862847642 0.361444553579924 0.301201430948034 0.345733087773312 0.322134581413233 0.473297093209816 0.438824762662354 0.080458677382802 0.0955118186775458 0.626644929095027 0.339983599624834 0.236344210653588 0.0956503515869061 0.700113489040952 0.456635836748195
0.710187003594246 1 0.173686801740521 0.368080339419963 0.171436645547362 0.108245906738168 0.339626163058793 0.471569018817211 0.211829119940695 0.253649665615406 0.443470223844819 0.608851040387667 0.246413655395257 0.532509083143903 0.224528716061351 0.227185538767657 0.64296265085455 0.71495044616331 0.601929275586052 0.734159732131121 0.213710171504469 0.176623651999684 0.125322436245359 0.195812213417845 0.0996247691927269 0.133949183254427 0.0328462725150564 -0.109534815892395 0.58814647083761 0.541673681176995 0.282926556986143 0.220273695170821 0.408660903376913 0.497693980894933 0.185994558911944 0.32727937172123 0.268132534223328 0.298647709996455 0.315201186552975 0.240361041465929 0.299301599291509 0.13985611715067 0.43718345104812 0.512697740961528 0.468825413814982 0.568177268850148 0.549582219735575 0.537123424967644 0.699470205218145 0.717426767536576 0.657938924362243 0.712019361810107 0.630585617639489 0.635782370871377 0.627448349238202 0.632400218799262 0.788979652241429 0.797531525822552 0.615200906564769 0.636844310468006 0.402417898206878 0.417402441974263 0.471712980339421 0.707770041293865 0.153986706947558 0.244180254500184 0.414274207484637 0.513384764105642 0.617111458314986 0.523575489212475 0.357848962781425 0.302442386962048 0.423230639751313 0.634486409320184 -0.00441493504899266 0.0345881427439928 0.388480227830593 0.209899635579405 0.556127229248024 0.497017971021809 0.683547093546675 0.656559008168629 0.314331596906938 0.24886780330179 0.417729761032892 0.387070887303008 0.230414931203503 0.274472568434 0.467360151371645 0.450800555767635
0.492362276618073 0.173686801740521 1 0.428532899048456 0.51103372843177 0.310709592023807 0.85137621552564 0.201280292460571 0.722413394471476 0.431680897492181 0.46929679988635 0.153509330755273 0.7125219023031 0.0757626733248937 0.750546414804775 0.425502208377413 -0.0188865368359403 0.0285754311495507 0.320331971390455 -0.114549896185893 0.368735636138558 0.0811708668367492 0.767769623705151 0.401828819700266 0.685237396222239 0.321153950775927 0.550819953205203 0.353337934501682 0.0941425827715888 -0.111588002396956 0.640336383901282 0.2633990321482 0.617157906223724 0.0589003076545422 0.534747462390949 0.201081471452428 0.327464374126778 0.239108233076272 0.387844709709349 0.184236720963094 -0.0134716484279774 0.0129458789420632 0.124466931786642 0.0626830189073003 0.0794652886896205 -0.120661107993452 0.0115428170282413 0.0976045627617735 0.0460122548871854 0.153832940673695 0.260401039427675 0.149050388211085 0.17780983853099 0.236776576048531 0.302672597281582 0.126489195463094 0.291062172067234 0.353236743044405 0.493465751935815 0.260897360820828 0.621093683552396 0.290949934046656 0.163469733097525 0.0763441885729491 0.871374945854914 0.431669993871935 0.589330739461089 0.0862797623743723 0.251392733283162 0.197713493646286 0.259988829488683 0.205913655372027 0.0176702421118388 0.0504192817624459 -0.0887094263029251 0.10153194750917 0.188447358943883 0.214364351991993 0.14932691398077 0.17349897779822 0.177175561747106 0.177245379276848 0.0493774341954334 0.047577179670765 0.771561919755125 0.420986448417147 0.358801856025892 0.133662184943945 0.681682048125704 0.425077127887049
0.278394606858953 0.368080339419963 0.428532899048456 1 0.32708247826508 0.589258065004968 0.498823863959606 0.828707850763219 0.315673367085451 0.669082495490074 0.190901263574757 0.469621745061412 0.230130694365367 0.450885828346112 0.375547726569417 0.666283650724131 0.231378015494881 0.253033523383949 0.232679299059105 0.233921660962721 0.292925251255281 0.207576444671963 0.50808804705422 0.806524946309099 0.371425020729841 0.597816769495065 0.367798165444273 0.338308584478783 0.263666307312089 0.356224151371437 0.499991982815347 0.7117479040994 0.533049528014789 0.654086941323195 0.490278462365487 0.553703953929625 0.18317394091286 0.234343004879848 0.209862824058198 0.22447790071925 0.175962414178108 0.0738380659956874 0.148815628645637 0.192704193857442 0.181384097068259 0.171775102705529 0.15686089555568 0.134426140043365 0.210103860443054 0.244636584914362 0.211106095602889 0.306581853465523 0.189405072836444 0.220115041695909 0.255766962929776 0.306418247808731 0.340979130523889 0.430393926219152 0.278430495583551 0.528635694349254 0.301460091953969 0.716561142207427 0.247040408481236 0.404093845339842 0.425822692345651 0.839011047032605 0.493886550535623 0.553611684969176 0.338612939089572 0.378702677588302 0.239439599270629 0.234641435386236 0.0533253235016694 0.316214959846373 -0.128707368963842 0.189741767165072 0.0648974951775975 0.275037737844168 0.368924679426167 0.307121930046167 0.490869698391379 0.494915378420809 0.203078102989958 0.311703686436864 0.421887039903821 0.786086153468182 0.161545692277151 0.426168933058129 0.335135374242323 0.631615477046271
0.379661653962058 0.171436645547362 0.51103372843177 0.32708247826508 1 0.434265275798932 0.564829210488997 0.290651637773862 0.610139426616534 0.552675550312742 0.362180348666478 0.30179208755011 0.435323148733262 0.274693750091705 0.623113412618421 0.495245260095865 0.0328778316187385 0.0176071121898216 0.282812998327556 0.0199520695400974 0.172590426653647 0.00942532476991938 0.526081285790409 0.367936404673418 0.487252343398162 0.223235373274178 0.657092829477553 0.31208789311525 0.101399032057903 -0.0274302751392908 0.29664832787617 0.128798095678591 0.330671876078671 0.0266282532019718 0.133377909004391 0.0178371123065444 0.14624190353055 -0.0284752198812753 0.141956988025898 -0.020081435380413 0.00528857278085456 0.123944219325407 -0.00474101987006634 -0.0179097685041335 -0.0740720827809585 -0.0729255933152387 -0.0375534702067163 0.100709445775857 0.10929040900267 0.152558887570931 0.28434160121593 0.220433172593325 0.200784755652626 0.283657660607923 0.217403190640904 0.131679882738698 0.142092490897532 0.144434260068678 0.33030930195352 0.253714755481105 0.418904792066548 0.438627972760872 0.169283022026129 0.229403038895756 0.477087700035465 0.297523789265673 0.252062239647742 0.0222453923114087 0.252593229802055 0.249338524217903 0.298256742460046 0.255042634024298 0.0815326733262876 0.157258128741328 -0.169892246867553 0.245087574151036 0.0328486106328359 0.135633050098325 0.0798880432572809 -0.00402606253347802 0.14458692499823 0.130154691973569 0.0217645033597058 -0.0493216856637331 0.529259911539495 0.40402550106364 0.155827875455608 0.170696857812573 0.565011474443371 0.474710076162302
0.183676451670595 0.108245906738168 0.310709592023807 0.589258065004968 0.434265275798932 1 0.365570521657658 0.554470791347002 0.299373977320696 0.706473540670584 0.197154824137562 0.422430862222841 0.274208131412567 0.358956577002504 0.407700400922681 0.743682458029567 -0.0672260092776815 -0.142087370340418 0.0488330549123352 -0.079544212668595 0.0627921031800604 -0.0398997077084043 0.30593107844516 0.489049039908285 0.215716900346945 0.296870084412584 0.462152406832308 0.625718248906774 -0.00603781358710569 0.0396692894672147 0.219190616798461 0.371526666791881 0.345673663635945 0.278825703644146 0.238278708525017 0.159630069368806 0.115376191992353 -0.142590918507214 -0.119446970169531 -0.0878148816850784 0.100886216701515 0.0044678851590645 -0.0701275854222942 -0.115307167030333 -0.0805780149364087 -0.0482140166554111 -0.117090611421484 -0.0658724646547705 0.0326430486242365 0.11437915902545 0.135594676191246 0.132069110604277 0.09920348353156 0.151206471179474 -0.00920792225761457 -0.0742727368278369 0.115868844378176 0.137580032160413 0.219752093819388 0.347631863407105 0.349811458582275 0.627359815177057 0.138404791599327 0.143366900890792 0.330751069414231 0.445209819634859 0.209040733382441 0.16524240506448 0.154056884504995 0.134837932290828 0.261124816660578 0.297510535548597 -0.120429701523413 0.160846002981337 -0.23228324666554 0.452778587264201 -0.152617060816478 0.0384675261326318 0.0854012894941585 -0.123707426025527 0.199195838548827 0.129046047872434 -0.047907669249351 -0.0766332177533667 0.360371764852431 0.509421181793089 -0.191351236326482 0.0275220911244877 0.31388690024163 0.457415185832463
0.612025439394001 0.339626163058793 0.85137621552564 0.498823863959606 0.564829210488997 0.365570521657658 1 0.432398013666838 0.741837274797346 0.550602592220099 0.62514668445743 0.342512135537138 0.710265306621905 0.334042537219653 0.721003816270377 0.439531094427529 0.184943032458006 0.202656478508782 0.593409554167125 0.175574420735938 0.265880598806366 0.103034975535202 0.695136143678038 0.396241351187345 0.444860480647164 0.0995674798115855 0.441816133700767 0.195449757019107 0.29473795186804 0.134613995877762 0.576884847466423 0.250225100943383 0.683260991204445 0.270729741339833 0.402581679203486 0.224426929407303 0.163727712198512 0.16994083468529 0.324524326955533 0.175375911168986 0.0213439125223753 -0.0365780511351296 0.242282197122131 0.190483987763294 0.22738804808673 0.119094041336754 0.171198898314358 0.233311734441717 0.153432657816021 0.246521345779892 0.341451753001881 0.256182035670167 0.269030319930997 0.351045746976483 0.352694340077542 0.257660455589957 0.398026174328165 0.384559329983142 0.541259781206456 0.391751796990076 0.671657298579938 0.425496949564063 0.370331438635698 0.352928774770648 0.811162605762445 0.400907011070252 0.601288148911709 0.252677318247305 0.360180187808637 0.333780219323269 0.335689443297375 0.284986549008698 0.169519904890489 0.268542447050881 -0.0230483963895005 0.0997384133100167 0.228934315286564 0.292794653732102 0.24691819996975 0.206484048770089 0.30088460920426 0.305269915409384 0.032737675535128 0.0395385405312454 0.756051961897462 0.429482453245884 0.313208826454136 0.175613501199511 0.671570235907182 0.470761111171635
0.364919673564337 0.471569018817211 0.201280292460571 0.828707850763219 0.290651637773862 0.554470791347002 0.432398013666838 1 0.189648017671947 0.626707313407865 0.276960489199674 0.714378079099672 0.231421456634045 0.742904644183326 0.208428603917851 0.565740205303574 0.312344307903533 0.332098526705271 0.376437571297222 0.425787658832846 0.166810166241661 0.142702730165375 0.211770263254034 0.575001401108125 0.0356041511670201 0.300510362278231 0.138984560578765 0.0818594291574361 0.366585362762753 0.524132719813607 0.258386897628037 0.566755199849867 0.409549787693554 0.669248802640264 0.304060585163127 0.481663331856967 0.0780996498650216 0.0840989340911687 0.164132081564795 0.133181460419072 0.224955214555508 0.0258755242662188 0.19173048563505 0.264199642244552 0.261769014164085 0.411946175849568 0.259934293832153 0.221049321662934 0.298673908834587 0.393479014402643 0.327656184824472 0.465314575908087 0.278634778999283 0.302371973389584 0.268572374633877 0.339514187436862 0.328365771622797 0.355928316222227 0.360734924047109 0.650204535401042 0.365509801627534 0.777710339404603 0.352499439947454 0.617407143200981 0.235666347257411 0.670641649200593 0.424542925279553 0.652145310640149 0.335499889708448 0.342564457404892 0.283078919442281 0.269918436220757 0.114774540578234 0.426388535170265 -0.0473928009154409 0.20661598218335 0.113118830144919 0.267826896977389 0.367901042494296 0.240085257275129 0.498239075630023 0.479584703203293 0.162431551855546 0.248429474319614 0.264192764281102 0.669235828568609 0.0696574383688656 0.315320199987998 0.227466956734567 0.595379872286725
0.487573352625768 0.211829119940695 0.722413394471476 0.315673367085451 0.610139426616534 0.299373977320696 0.741837274797346 0.189648017671947 1 0.573861782269307 0.471916148593406 0.175260293863634 0.623715224656863 0.133959989117782 0.685461489050001 0.328872324929136 0.0658203314459746 0.138370548851431 0.369857220472301 0.0137597655209509 0.14665722215636 0.0369423480751116 0.503610304874392 0.235464136471855 0.502970895024888 0.0974823892803618 0.44460058991232 0.251212958659531 0.142791766164814 -0.0264989471130798 0.351955633772774 0.071697592980224 0.399919840381887 0.0239466551381152 0.236728172976305 0.0398108385124852 0.196900381614014 0.173429179050316 0.22399812859168 0.0781733952213875 -0.012681834579925 0.103038544445516 0.10947213731316 0.0764270784529028 0.0921697702580097 0.00283365406624993 0.0708657449395868 0.197586920383048 0.157809420502407 0.175658141854098 0.31267567085191 0.168793249951011 0.181575802061357 0.277059365500588 0.365699641181585 0.193665050186823 0.313663527799214 0.306524496880429 0.483652489975378 0.243955022415435 0.560654145987801 0.288798330885321 0.209106197359984 0.174604740845027 0.584846488197435 0.205857029318359 0.42029802031579 0.0858531973434701 0.20305206947201 0.181617995266315 0.222695907533567 0.205997746373726 0.0947511302035308 0.111264336677954 0.0581153975328103 0.000834325828023897 0.159543933246534 0.196523090468491 0.0728629798482027 0.169307237030542 0.212212756403278 0.205177860085431 -0.0210846113656983 -0.0506790215570973 0.629373843472682 0.284980629456138 0.307555916590537 0.0332836138167641 0.67875682276649 0.413805900148214
0.326561067051203 0.253649665615406 0.431680897492181 0.669082495490074 0.552675550312742 0.706473540670584 0.550602592220099 0.626707313407865 0.573861782269307 1 0.334420347131626 0.458231972943989 0.355608011406535 0.456771826115451 0.556556278769396 0.742875943725605 0.0177830715864812 0.0400830775827659 0.22956791202279 0.0636110302274329 0.060654466047144 0.0269496491010345 0.463335709274039 0.601817427413777 0.343620727028816 0.27676159174424 0.514125824843789 0.410793035438518 0.0888244134389708 0.12665614261865 0.26564014506089 0.315738881470996 0.334291111775292 0.260884553099721 0.265883502507864 0.287654734741541 0.0978670214086086 0.0547104231381371 0.0376036331440671 0.0284420029071592 -0.00282635631025896 0.0567030487263582 -0.0192552578069687 -0.0326961311302702 -0.00671391242150971 0.0447170266982493 -0.038552822383714 0.0749049193455732 0.196131924297331 0.241270188367929 0.313502289419114 0.285830139513497 0.230303709959806 0.288510583497879 0.247208593839322 0.172482956578404 0.267945013100576 0.254273819002913 0.353043442959621 0.412437239207108 0.41067567942323 0.734192956960007 0.140962509288384 0.281426203395361 0.435965991209613 0.516638771980615 0.330606945223132 0.253077437811817 0.223577003701378 0.214071502223148 0.245451611833558 0.16245608461766 0.0237548770253363 0.163414303983913 -0.0821221715301868 0.227349535190071 -0.0120863983822984 0.166335460653591 0.174792356102883 0.103046665977464 0.299547780540261 0.287982453631509 0.0382098277638446 0.0176305927878058 0.523515566104094 0.623292119450648 0.0854211277254302 0.237344571488546 0.518311321439731 0.653717950209664
0.757488243529617 0.443470223844819 0.46929679988635 0.190901263574757 0.362180348666478 0.197154824137562 0.62514668445743 0.276960489199674 0.471916148593406 0.334420347131626 1 0.537930631953902 0.750168171471647 0.523861731621288 0.505308226418072 0.273025054273232 0.327997285047185 0.339614756156224 0.689307767109177 0.357830304857438 0.141842635808447 0.0388883781435717 0.308574446467163 0.0808150749016909 0.131725894919242 -0.0870178679349701 0.192685999646946 0.0746366736286742 0.373730269580088 0.291127019569243 0.22579565723992 0.00557973161256363 0.37008869047593 0.10965816046143 0.0551440588797828 -0.0204111727671845 0.112088795987484 0.022473336554609 0.236507132841986 0.0987448771444912 0.208106294928718 0.20239501307389 0.205265470394912 0.195555125542007 0.0788694436400218 0.148160827989157 0.175767222377807 0.182140447760237 0.142614205821945 0.284031888566302 0.383617524644946 0.341268887880069 0.368780220822654 0.359073736109475 0.372742959522102 0.251559983760677 0.414631386350146 0.343169829112667 0.54079962836218 0.269711131825065 0.701836516132926 0.258239315700052 0.511703125300813 0.421174434124886 0.435219143248229 0.0861395337026878 0.295234083157312 0.137967895417568 0.296531343087807 0.254194393391709 0.281615902092711 0.155092807422774 0.263855679453392 0.270239695440554 0.0873558811314046 0.0468510230563673 0.329285103905895 0.287747082650022 0.115978948651853 0.151192795899764 0.253845072961428 0.284912710772258 -0.0662435120061005 0.0949357570674473 0.562757555606768 0.241517894449787 0.253817099614989 0.0728267552698168 0.634339594066622 0.418613243634958
0.607442092300398 0.608851040387667 0.153509330755273 0.469621745061412 0.30179208755011 0.422430862222841 0.342512135537138 0.714378079099672 0.175260293863634 0.458231972943989 0.537930631953902 1 0.36564527896948 0.781126001561668 0.193863868363531 0.395498406698635 0.359467144862186 0.39446970760727 0.455334675745077 0.538388636572368 0.0413763418124018 0.0675129331060764 0.0399754676016223 0.203192429216256 -0.0472153029250711 0.0540192419265308 0.0723997604052149 0.074901800098563 0.407165389221594 0.49329947207223 0.0946991878273141 0.229436396318881 0.322989771627101 0.467698333434762 0.11045267743342 0.175078627268034 0.137777046470176 -0.0670488889529001 0.03639114766569 -0.0796916803255808 0.294330999353822 0.143803891114647 0.14809467245594 0.214910452014778 0.13322687092912 0.362094449494061 0.199672928980122 0.202856081679411 0.401251876576681 0.545262935166343 0.565353123480851 0.654109461076379 0.470916717285092 0.460788569864289 0.356708844469028 0.325776073992954 0.398125879240143 0.374835287392813 0.562884627658895 0.669788771201167 0.561292592145971 0.68745348791294 0.440323092880064 0.682954317695034 0.113667045560756 0.298293056018825 0.247850332091454 0.443275125741221 0.424689131658534 0.389941168573652 0.354648629906568 0.360585325131651 0.11115222474758 0.524436875550641 -0.0968485222718302 0.284456576471832 0.181339583964999 0.160032164399449 0.265748101059592 0.10557438343108 0.461481596046508 0.352153314000238 0.0962429667021076 0.0614278715935769 0.285266997998667 0.440827331219439 -0.071801605779443 0.0125764276520246 0.437497987446538 0.543766439782494
0.681993378293781 0.246413655395257 0.7125219023031 0.230130694365367 0.435323148733262 0.274208131412567 0.710265306621905 0.231421456634045 0.623715224656863 0.355608011406535 0.750168171471647 0.36564527896948 1 0.315951297352496 0.725869384632847 0.339780663354419 0.0939534135206363 0.121414169882379 0.469673964494811 0.0214945101481462 0.237275419203995 0.118258294173474 0.467647317062306 0.148551478460624 0.340156119188375 0.037039969617818 0.350858565042841 0.254375864348291 0.253489336572375 0.0352234538021976 0.31655851685955 0.0551742867144142 0.467978943798816 0.0440561073772001 0.299840478415473 0.0818599040218673 0.17992759982776 0.094572025343399 0.287048914620063 0.0869032605085115 0.134650933722224 0.198000411526421 0.151587009326635 0.0975981571700934 0.0853494805414 0.0141861148540052 0.0964478639427952 0.106208438131224 -0.000771597836465945 0.162787523924004 0.249718040836425 0.201754559143024 0.206641593389829 0.288350672590162 0.325478345301922 0.111039802009526 0.316898934800038 0.313698350880152 0.529441866137902 0.246143980835901 0.76047995468377 0.264111735925772 0.387074510325436 0.199925928041522 0.599501123558429 0.196431719188042 0.412601144107023 0.1000610157121 0.247907691804595 0.221697675940793 0.207822047511142 0.113029090697111 0.0961947373198761 0.08647558402923 0.0347689150219637 0.138822515623223 0.240822640899299 0.274558106409176 0.0885478761621513 0.0886180380846723 0.149979414272831 0.121769044087128 -0.0367102593076435 -0.00454310241594507 0.604175406393553 0.225669666330643 0.231129356644245 0.00992131255977122 0.633127670605857 0.364404881685712
0.486268213953617 0.532509083143903 0.0757626733248937 0.450885828346112 0.274693750091705 0.358956577002504 0.334042537219653 0.742904644183326 0.133959989117782 0.456771826115451 0.523861731621288 0.781126001561668 0.315951297352496 1 0.197163105802007 0.476429104194771 0.398995415331437 0.40962770941885 0.53832867926644 0.543022466570811 0.114847876806166 0.108334514240296 0.0710569102915639 0.314522452532197 -0.107101350267644 0.0814732712934753 0.0246195277064727 -0.0458025396472499 0.477376041240532 0.597150781378481 0.152660565202274 0.314956288939347 0.286830053079558 0.475850345067271 0.134983268210098 0.261708718445815 0.0532030084417401 0.0114520816705956 0.188642527267466 0.0840141938766245 0.252573813678422 0.109017362781853 0.233947977764638 0.297128274787461 0.23144909055069 0.463806221300428 0.2992576660049 0.283908129956187 0.347782429148738 0.440627595062457 0.436531223198358 0.514060679761534 0.38186357490454 0.372655656139591 0.336842608976498 0.36485115282418 0.350958357141297 0.277840418319879 0.413122800083431 0.518366975648985 0.404041072588815 0.536698906245506 0.440416113359099 0.685528247291369 0.0983192890944194 0.296981316075032 0.26090795446064 0.517755833057473 0.304793067869462 0.246427362490533 0.350935900323698 0.245339810230563 0.20395218134836 0.446565183977084 0.000297844794784652 0.143255821484699 0.266051522363173 0.223467435510583 0.265284074894803 0.194494573811565 0.464871112521051 0.451308028638875 0.131873349694313 0.308347965552327 0.241862241596273 0.498058742461117 0.0829932359849172 0.197775150491372 0.302897792266752 0.522169210599116
0.482929222036536 0.224528716061351 0.750546414804775 0.375547726569417 0.623113412618421 0.407700400922681 0.721003816270377 0.208428603917851 0.685461489050001 0.556556278769396 0.505308226418072 0.193863868363531 0.725869384632847 0.197163105802007 1 0.597105172996734 0.0375443520104715 0.0399666424317805 0.308267826899048 -0.0963154347771404 0.332179789891087 0.0789920670251555 0.784341624025571 0.50320649850629 0.607387295111664 0.299994282106654 0.647403956445959 0.450841129371899 0.157146807494751 -0.0531762490115595 0.549966413174509 0.268599229671724 0.540853010886604 0.0969543548638439 0.423057939787862 0.204555793496212 0.135933793550311 0.160786803186295 0.242910221753134 0.127181245768349 -0.0291633351950997 0.133731958660361 0.0611721971791859 -0.0350749098349873 -0.023029575956034 -0.13868094476681 -0.00456940844387722 0.0218360409745334 0.0666559002628521 0.124198092481881 0.210377227128937 0.133494471467887 0.265708222989358 0.316368585167632 0.305016284200623 0.121065436166901 0.331293935420453 0.348559906589407 0.419273387462294 0.218119867042101 0.532085949470074 0.406321454841611 0.216506548865416 0.0789254600623047 0.709834917961173 0.378066826791869 0.363461273572935 0.0170689343321217 0.260202391669259 0.246572586493134 0.259880600076365 0.156297672759332 0.0490532558514874 0.111540102121716 -0.0787224084277677 0.196950451517968 0.144862410769859 0.178868325502601 0.133142938418877 0.130889974938017 0.171745387342379 0.172210466850768 0.139721046648576 0.0292742219480071 0.739887269002361 0.399573468368589 0.330438637268794 0.21599355722477 0.686780138110931 0.444327696196303
0.278822128177689 0.227185538767657 0.425502208377413 0.666283650724131 0.495245260095865 0.743682458029567 0.439531094427529 0.565740205303574 0.328872324929136 0.742875943725605 0.273025054273232 0.395498406698635 0.339780663354419 0.476429104194771 0.597105172996734 1 0.06735929768611 0.0278995866692115 0.209918007551009 -0.0197921617174453 0.213076261618935 0.0595707165721249 0.575917716889074 0.784074905143075 0.426694683676998 0.540247589875527 0.618194583871474 0.531223449305713 0.121136051737494 0.110654227990994 0.417962545258113 0.558439779675543 0.3662589369017 0.250705656944345 0.365396731168551 0.269881934318462 0.186832056890876 0.102920097056275 0.188060598111376 0.149913053585995 0.10099901465708 0.125408351728443 -0.0274608879645649 -0.0545670568761469 -0.0636079357721738 -0.0800367461868748 -0.0556276613093355 -0.010819888497028 0.125508172328612 0.200790558019148 0.18361573695658 0.205915324523154 0.200126337573057 0.207905794658733 0.223155153777682 0.147287940141883 0.271271396472195 0.322692732715877 0.278875082132937 0.349723908148925 0.31556045053654 0.683331687504673 0.0582204160242329 0.128703893634195 0.427204547355302 0.600664307974513 0.26451708127395 0.150034706455056 0.276447460697142 0.254917235339775 0.268519848572646 0.226988264411557 -0.0454035636517654 0.202961906922928 -0.154417187042044 0.349092675200323 -0.0210452605391737 0.153390291438586 0.172052816385361 0.0643076845105805 0.247483844721891 0.276175161119598 0.125828513433771 0.21204344852024 0.517730243153188 0.731975628669355 0.163123768560443 0.400111354882088 0.454287352262818 0.629860763853515
0.501387348983865 0.64296265085455 -0.0188865368359403 0.231378015494881 0.0328778316187385 -0.0672260092776815 0.184943032458006 0.312344307903533 0.0658203314459746 0.0177830715864812 0.327997285047185 0.359467144862186 0.0939534135206363 0.398995415331437 0.0375443520104715 0.06735929768611 1 0.79130330027693 0.621161050869637 0.756256449851906 0.250545821012832 0.289380513372954 0.0589037569144176 0.124497396591093 -0.00155306322753521 0.0913674639184497 -0.0311714195237537 -0.210185945509713 0.70927438176389 0.686155852011709 0.209018819435481 0.287557917265936 0.381296827068316 0.588005536316403 0.154379784970808 0.232888710591082 0.098569799871766 0.276169113407124 0.270513824551428 0.267806222533024 0.257809462693213 0.19330960947531 0.499663842713784 0.567625293750477 0.520700136607415 0.547412398207054 0.632549226439116 0.493731012465081 0.506101862324233 0.450022141836789 0.341059289529508 0.417837887864902 0.34572151795948 0.383473522474665 0.44942983749172 0.531187180360779 0.640480873849847 0.512897265150877 0.33174996412681 0.412131190750988 0.194752870441214 0.138032786855101 0.596877073264629 0.705194651278903 0.0255226051842432 0.186629340544447 0.356813277695399 0.494742481396863 0.475761164453601 0.491198640117715 0.254807954474938 0.272202106302684 0.377322578094654 0.570582582860399 0.0547333632262713 0.0401229939103225 0.451459053956968 0.353204839394341 0.581151879979038 0.513341440056998 0.723384268249627 0.645700995283581 0.268663422779338 0.342221144730108 0.222708296421301 0.274671166457732 0.2719760372549 0.350531184399019 0.128886923855306 0.200708819796174
0.531537551822073 0.71495044616331 0.0285754311495507 0.253033523383949 0.0176071121898216 -0.142087370340418 0.202656478508782 0.332098526705271 0.138370548851431 0.0400830775827659 0.339614756156224 0.39446970760727 0.121414169882379 0.40962770941885 0.0399666424317805 0.0278995866692115 0.79130330027693 1 0.633110609609692 0.761622557886339 0.21666071521249 0.22880377250119 0.0513588198779163 0.0954989752902155 0.0448597083017319 0.103465457869897 -0.137678954231516 -0.358538553986518 0.678507138996809 0.74812818061498 0.243061152930551 0.282659786865782 0.31769921928809 0.520383433256453 0.200450333649446 0.275279119972553 0.163672627105908 0.365483448032589 0.436908742031433 0.354864935371905 0.268271017672481 0.138537420624299 0.516869235898298 0.581769909667836 0.546297079425479 0.628230605958555 0.614311227282714 0.548411313743751 0.556222017736252 0.519958084662045 0.370351706941742 0.482107323882669 0.408798271107487 0.445946908998602 0.51920161953674 0.64507674236789 0.712752466185561 0.653158804432814 0.402923270172154 0.44916342730783 0.165172470709866 0.174893880091714 0.393835315217929 0.699162019960279 0.0397406422198898 0.17932134092686 0.475951327519649 0.562147491190805 0.450054129702224 0.444783859149433 0.24185845981606 0.283747815067905 0.483694870473833 0.519524914298788 0.279403697621358 -0.180772381483188 0.517394943193784 0.327687468058313 0.589635558281227 0.652482073935018 0.695687142146345 0.722484266903487 0.361912303734895 0.36517460628421 0.218361695406686 0.286386328278129 0.429693411492087 0.367887569886818 0.221041439383566 0.33321877705539
0.733181381823391 0.601929275586052 0.320331971390455 0.232679299059105 0.282812998327556 0.0488330549123352 0.593409554167125 0.376437571297222 0.369857220472301 0.22956791202279 0.689307767109177 0.455334675745077 0.469673964494811 0.53832867926644 0.308267826899048 0.209918007551009 0.621161050869637 0.633110609609692 1 0.67798807191924 0.12073888299511 0.063797258312142 0.236517339928753 0.0815823428825583 0.0992492132574434 -0.046121054531631 0.0330395565024988 -0.204421501334776 0.543676415972187 0.492253677562015 0.273509992190622 0.132620125414184 0.450158366262239 0.331003862210249 0.0987907523445664 0.116050779207924 0.0484365773037365 0.151418126194792 0.344804243399915 0.238611098758889 0.176420745508914 0.145437840560122 0.447669944333305 0.472507826183872 0.356430548764244 0.446172706345456 0.4669494092799 0.488695985089891 0.391533239430971 0.430910614477289 0.421707742708495 0.419897874212226 0.344664449326678 0.389307839535652 0.413743004857051 0.471572284539797 0.583245593799645 0.472433831972247 0.469530868306961 0.338986022182448 0.449889913047788 0.191174006469472 0.488046533873078 0.605901949477473 0.317885885321407 0.124334249298588 0.422165170877818 0.331967254148297 0.473075258577643 0.388464384666608 0.36723984656164 0.216574351418377 0.481091404942006 0.499130680552907 0.137845247371825 0.0375435251764853 0.469213644552788 0.318592640071155 0.40733351514888 0.373141480371094 0.468818277709164 0.463779097936894 0.0806796827323898 0.248514945298217 0.46974181258637 0.296686574817017 0.28476967670637 0.282704505071642 0.378284821279573 0.347628664120114
0.513122507016206 0.734159732131121 -0.114549896185893 0.233921660962721 0.0199520695400974 -0.079544212668595 0.175574420735938 0.425787658832846 0.0137597655209509 0.0636110302274329 0.357830304857438 0.538388636572368 0.0214945101481462 0.543022466570811 -0.0963154347771404 -0.0197921617174453 0.756256449851906 0.761622557886339 0.67798807191924 1 0.0140996077078841 0.183082352216495 -0.0735366810443631 -0.0052468904147473 -0.156824163343124 -0.0807848476226231 -0.238368369658894 -0.340962774645403 0.669462248838465 0.709950662402599 0.118978294048106 0.137939274416676 0.30121506093304 0.583510006181086 -0.000727727809197196 0.209756711868809 0.107157680058131 0.119868859685688 0.179459417142885 0.166813110962023 0.301450689824531 0.147844006166916 0.442170640794963 0.53341448024895 0.455896322823702 0.614381442053206 0.577166651776173 0.530252935590169 0.563906070365624 0.532744106850437 0.473127564419774 0.540442599583308 0.457064823506645 0.463031579483783 0.423202758508235 0.597573071527802 0.549640287475283 0.45876981712008 0.355836730103271 0.462894674335375 0.195887811008092 0.206728325577301 0.521716397635478 0.786426323484791 -0.0832820514008426 0.0625098303531088 0.271855208161679 0.507068172222384 0.562698791095543 0.54263866413653 0.255038146493708 0.194936526536542 0.444458286993922 0.628476421851925 0.121595522756819 0.0246540450090335 0.409556306233636 0.199478009934217 0.445555179040694 0.364454804931761 0.636370468354017 0.559447651396758 0.224476821230274 0.264761933095321 0.112492459663322 0.190039273250723 0.106960450597891 0.238589152764033 0.141201747821837 0.221118750025496
0.170687905450034 0.213710171504469 0.368735636138558 0.292925251255281 0.172590426653647 0.0627921031800604 0.265880598806366 0.166810166241661 0.14665722215636 0.060654466047144 0.141842635808447 0.0413763418124018 0.237275419203995 0.114847876806166 0.332179789891087 0.213076261618935 0.250545821012832 0.21666071521249 0.12073888299511 0.0140996077078841 1 0.447641433460766 0.395840311790029 0.343381934461941 0.33757788306438 0.435625258034656 0.328963611647056 -0.00760042964826088 0.242240117719388 0.2520568557883 0.595701281259063 0.459183744226978 0.408669647238661 0.256635689890827 0.423991922400651 0.245240176240224 0.175632359663965 0.437172908461613 0.542226481543816 0.470131188230592 0.126748096972144 0.0915087699415628 0.271563751643426 0.233789700859466 0.254454192453928 0.144248428984199 0.226050987678449 0.15903302906812 0.0641155691883436 0.201614011571367 0.124757192778179 0.161880504791598 0.16798458430823 0.238841532606462 0.291501767634934 0.241681349379707 0.25398424076127 0.342301142951655 0.132239417394179 0.263663215389674 0.115538538156488 0.100672623677349 0.143340743925547 0.13688752761893 0.365523234105763 0.350411341938198 0.455475389750731 0.332440572292232 0.0807809208054697 0.126693870208748 0.239630826867734 0.291420532136581 0.199708678268087 0.0900669721473025 -0.0852175754343518 -0.0569608877607074 0.144344062491478 0.288772870480251 0.332389625341578 0.279805529790274 0.250305587310717 0.34375462941669 0.356795652383047 0.24988673356838 0.262186827925837 0.260103911855968 0.340899273573348 0.303327376481232 0.24617912116918 0.242505568483719
0.140084726090443 0.176623651999684 0.0811708668367492 0.207576444671963 0.00942532476991938 -0.0398997077084043 0.103034975535202 0.142702730165375 0.0369423480751116 0.0269496491010345 0.0388883781435717 0.0675129331060764 0.118258294173474 0.108334514240296 0.0789920670251555 0.0595707165721249 0.289380513372954 0.22880377250119 0.063797258312142 0.183082352216495 0.447641433460766 1 0.178782520228706 0.205139647047969 0.185281146293287 0.234660310801329 0.108957591561633 -0.0910905201874346 0.345131065765161 0.270316365297297 0.275274958031274 0.249024061024611 0.271754682905236 0.366286735814542 0.29028206015271 0.217288977137697 0.157783949931754 0.36573680882327 0.236725149689826 0.287609052596021 0.132787867606702 0.167952070971662 0.240228223148091 0.222400435221837 0.336684309554564 0.219243002502022 0.276513592841451 0.168944082671093 0.081814479400565 0.178140424183241 0.121735361549924 0.200115463109779 0.117109831880546 0.259389315650943 0.297588933028504 0.285087772635895 0.162940432622817 0.178561641245623 0.132597138072035 0.315998121688999 0.11340558264426 0.0628430195500949 0.226322184218255 0.240411124580327 0.116775725979879 0.204200767768872 0.354068962207926 0.343290942517848 0.157708610771368 0.268333283944763 0.147491892817073 0.107754364093323 0.0782146051047831 0.110899164228818 0.0621023982777286 -0.100539926489364 0.0677789114928518 0.327127345600432 0.251324717575027 0.211659946804366 0.287812789816387 0.307856396423516 0.364173961061262 0.116221154058303 0.0856749001067935 0.115405379350326 0.168054636539332 0.0683030208896787 0.16591134326047 0.141852646978378
0.262753911141419 0.125322436245359 0.767769623705151 0.50808804705422 0.526081285790409 0.30593107844516 0.695136143678038 0.211770263254034 0.503610304874392 0.463335709274039 0.308574446467163 0.0399754676016223 0.467647317062306 0.0710569102915639 0.784341624025571 0.575917716889074 0.0589037569144176 0.0513588198779163 0.236517339928753 -0.0735366810443631 0.395840311790029 0.178782520228706 1 0.705540428901706 0.718368233007864 0.462258982127297 0.662337597174683 0.410089826503696 0.144732390129948 -0.0174098541908434 0.741368884324968 0.453620579781689 0.576306616051357 0.193016144577373 0.577344728189065 0.297456686652013 0.190730808805664 0.218002045967682 0.305239779503398 0.174407437705033 -0.0891978587757058 0.0375262096420511 -0.00479919791603745 -0.0810911564533965 -0.0170258863740068 -0.19017092557842 -0.0627578119163261 -0.0479480618682632 0.014836076177454 0.0521740001665564 0.0976969271901536 0.042275634282286 0.184255158092495 0.207991850827037 0.225752223092837 0.13769514738192 0.24612589603348 0.303064344570444 0.239089430805436 0.208782555760603 0.334513406264295 0.393933875027972 0.143382941104595 0.064492607731548 0.804195514731259 0.531449235655126 0.459916206103103 0.0683485052074788 0.272852571535881 0.325688574627159 0.177517865658118 0.145024454098824 0.0139670845276083 0.105139897206161 -0.0839186185653873 0.141448735864684 0.143164847047371 0.212192932747582 0.209804628118294 0.213790309689693 0.218849693038932 0.251662429080538 0.213380182802506 0.139662838895312 0.716918491111388 0.499016246037119 0.391372344240916 0.379751566979211 0.513443955189594 0.39951198526986
0.0877159619507422 0.195812213417845 0.401828819700266 0.806524946309099 0.367936404673418 0.489049039908285 0.396241351187345 0.575001401108125 0.235464136471855 0.601817427413777 0.0808150749016909 0.203192429216256 0.148551478460624 0.314522452532197 0.50320649850629 0.784074905143075 0.124497396591093 0.0954989752902155 0.0815823428825583 -0.0052468904147473 0.343381934461941 0.205139647047969 0.705540428901706 1 0.508111722906669 0.692695055193817 0.562409373559357 0.434367979281822 0.163675260261493 0.167664294117354 0.573133570972066 0.72952901084585 0.431246106957373 0.450682230077931 0.544444400543416 0.495589110592648 0.144602789587553 0.22655106387261 0.241376096390746 0.215910038410153 0.0689868292946075 0.05084628516101 -0.053935707446093 -0.0454188681774816 -0.00069045668801518 -0.0735426696047266 -0.0540333880736944 -0.0943709935534804 0.0670996368948211 0.0594843118631345 0.0135459675846444 0.0761058500620299 0.125473431424674 0.10442299252021 0.159819394827821 0.159460205709161 0.261947073184932 0.342366267767928 0.112501110195067 0.30393388561307 0.13416126813901 0.638293912168596 0.108223747928701 0.136622645004236 0.453336223380538 0.77383888874161 0.352703485319203 0.290900135903274 0.261890341582312 0.332800923857059 0.126279093510406 0.106530254990127 -0.0207936000748975 0.171201470405305 -0.149648367458305 0.167535014939397 0.0511333434520282 0.194879846113811 0.286052887329932 0.253841528182843 0.356488529324178 0.390260116485704 0.263544923298506 0.3257008580039 0.457142501930544 0.751443684938929 0.250520819721523 0.524607876562602 0.280546710261631 0.522303223773853
