1 0.732176096309123 0.298294177790721 0.418463922969002 0.0555709017100337 0.0647190775001955 0.37981773459003 0.35180378904831 0.239954426876276 0.295963154083732 0.445838534694504 0.414829786553406 0.510217486830589 0.356797545508715 0.251720424971003 0.197705645799917 0.639621017052579 0.616770573807056 0.761736741311136 0.630383021685655 0.157212683789552 0.108543445307341 0.304023116584127 0.218658854407078 0.167041956028439 0.0867906799367562 0.0727432493987937 0.0149154374316581 0.543219866794328 0.398867449483822 0.227882692418647 0.228524579541931 0.486838031697065 0.52262392994308 0.149290345369101 0.172714804775293 0.180652962673854 0.249217031603079 0.23959328619082 0.297990254094121 0.0545072087382768 0.285783526764688 0.529805293636273 0.58890394428123 0.576254239745094 0.605525404186149 0.627152205980047 0.612651519339806 0.51967926571708 0.562528596223382 0.531380919838004 0.501814429052066 0.382750651808327 0.412564207002341 0.506748501203247 0.549938936342469 0.802538348773065 0.728293089750596 0.681608734314439 0.608524511559241 0.568734756242878 0.307689553289069 0.749994804020828 0.505981233632583 0.255399665604481 0.395631732553314 0.407130020314956 0.512210479946346 0.585004760520316 0.489950525403593 0.440058929412618 0.382705218832617 0.461346713516488 0.371784869739802 0.41107820039671 0.090161967792652 0.203264064361737 0.204867154022307 0.298977172537164 0.429175384564281 0.553469493857172 0.578769362386681 0.29746265371998 0.163673286820615 0.648378620598253 0.601163948683336 0.257275999935901 0.312230419113174 0.387863748886672 0.382597267303988
0.732176096309123 1 0.322511743760039 0.375577929914457 -0.0731685322687156 -0.0437879076275681 0.451021544245822 0.363415184498507 0.20726072921985 0.220874203492503 0.186164289604488 0.421840473975056 0.318106038185185 0.419846317811989 0.151503764849721 0.169060687240381 0.687522485797775 0.755175827320001 0.580047639463696 0.7849376938024 0.250559805857589 0.113631279636296 0.197829595684865 0.143923722323247 0.274362266698248 0.0431276777165118 -0.0798799368019256 -0.118916374129674 0.609971388686503 0.550463141081324 0.335237509168646 0.263106512102616 0.623925805750478 0.684005288859716 0.117612886104557 0.193539633714214 0.215918375941192 0.276042310964158 0.241028021500144 0.301364364275061 -0.0151305531715587 0.255958631734359 0.602806649059142 0.6372059705124 0.727378471962644 0.753078545453704 0.748437085027439 0.693654530519912 0.699449589936756 0.704352767919399 0.70405533700762 0.664617954025722 0.463736595457369 0.535590441109913 0.563733238757281 0.576311664294079 0.793176001028516 0.764334741350298 0.626095007844529 0.603090270956486 0.402297126290805 0.295012695761313 0.707803694933314 0.619613541060905 0.155940294420395 0.34481056757422 0.526172097110824 0.544799409592154 0.594519023789704 0.5671686361257 0.364615511856936 0.403023058170031 0.542486630418507 0.501105133063504 0.402368641620029 0.187790988768033 0.190298025868384 0.187795914948785 0.388960873783804 0.498800614783989 0.668915985815626 0.688741034193514 0.411789874245373 0.217241562666143 0.62972478818499 0.62714401341866 0.18368701913933 0.169158713327033 0.221096076601855 0.333203894737654
0.298294177790721 0.322511743760039 1 0.651505771917129 0.347041545759153 0.316966883800644 0.790427806287209 0.696114939220248 0.604834065198426 0.236097106479218 0.593764250612176 0.47144846274746 0.603632499979836 0.33486598194205 0.401323723845046 0.107896798306176 0.274248026002018 0.290550745984101 0.430324041913355 0.272149606508869 0.287233175283019 0.162707485481254 0.714894058856439 0.345475424980109 0.64225669339474 0.328282218930495 0.0825094541682744 -0.243139757107347 0.438707499996606 0.37339126560875 0.662425715980602 0.512929046736991 0.577610194225855 0.599704621167393 0.590695584052957 0.571912189268117 0.210888058610876 0.252929285049444 0.247266616859191 0.152037571715435 -0.326731577149081 0.0519731842885615 0.496737081794308 0.46237275470756 0.417031742606341 0.418519053140082 0.255123512267793 0.363188238596772 0.278575295544027 0.285347333044385 0.384356403266864 0.383653939515892 0.336721325259182 0.457801000815921 0.337984428402265 0.186441319132859 0.213585078814209 0.146354290658315 0.30767904776771 0.248490854296164 0.541502267379588 0.383463743837888 0.315520601411388 0.327138805066715 0.653901856257478 0.375555143199762 0.716375276368514 0.620375486933744 -0.00228500231426541 -0.135303292249126 0.652974479772845 0.559457416143541 0.435501312209576 0.462056423902357 0.170727226291765 0.0804650850189038 0.513367525864274 0.454019574976498 0.269634218783332 0.353169765155171 0.257519546860594 0.229716383002695 0.074891538837954 0.122364958972644 0.465347547652187 0.34099615380584 0.114937913972423 0.0466199313529918 0.430260621995921 0.303200284955881
0.418463922969002 0.375577929914457 0.651505771917129 1 0.118803468947793 0.311726182341986 0.429425327302605 0.719676039198481 0.263523073024224 0.486505215974398 0.417983172265908 0.674559696917668 0.3743775207001 0.58324161987448 0.356504966708965 0.505318017977898 0.389984807770721 0.365529810879427 0.449751232356493 0.39734183206944 0.269382754829976 0.213798142644409 0.696785421457791 0.76890283200712 0.48283422622912 0.49576954609016 0.260989937529755 -0.0318464848569332 0.395913089782346 0.355052324888666 0.55053375443291 0.682454867387859 0.501045290448094 0.609805048776827 0.506301620718886 0.61387325052953 0.37195330373956 0.337413315853353 0.298306725894613 0.336099690388728 -0.0828275979508206 0.132087775942476 0.506689503011332 0.507200228872123 0.426410392825259 0.446350559510192 0.357071325027728 0.476050666641397 0.317980578050897 0.366724579407967 0.375054061686999 0.405765656522416 0.291933162846507 0.412224008669417 0.327327027286227 0.323290541382198 0.378843033667188 0.316463031833336 0.377630507748609 0.372793170353236 0.352694527344528 0.526590568272098 0.37981787912043 0.424000719248989 0.476581900135091 0.692700600211046 0.513557235581166 0.651549352038766 0.163670191075608 0.0660544679665174 0.601099655536289 0.655166694107781 0.465876380582231 0.470282723584805 0.298027790190181 0.0898672683646656 0.375020005262156 0.500868624684654 0.24309881745782 0.324737157145508 0.277923686293109 0.33299114413619 0.0410431985442824 0.215858168395043 0.424356562764253 0.596417417181631 0.32580606716453 0.375926506487834 0.332760628289654 0.495996380455767
0.0555709017100337 -0.0731685322687156 0.347041545759153 0.118803468947793 1 0.546058314608526 0.470781582258113 0.383476942531755 0.612820484281073 0.310192243699191 0.388412753011207 0.200769275193295 0.516386002512483 -0.0319358823694208 0.491750817254301 -0.135093172876908 -0.115153170889654 -0.082239893238782 0.0431294920944895 -0.0278334505778616 -0.145838684757929 0.130604723219521 0.253903801639288 -0.124795461284329 0.136315587540229 0.111736146165664 -0.00418209761745567 -0.192159638302908 0.153028805045561 0.0415540641837822 0.29013800691937 0.0815231845315307 0.11605639938029 0.0888025966147419 0.246805550566472 -0.0685715655599466 -0.139183531515858 -0.0558649732252724 0.0398372516657904 -0.0991573090337808 -0.196514635699728 -0.128486762457935 0.0677508158951429 0.0322831560777699 -0.0164818665457044 -0.0575467952113508 -0.0571345977416866 -0.0529165239428992 -0.0933337357996687 -0.144984482357737 -0.0347078068679439 -0.0548817152110797 -0.0354688273201014 0.0142857785218287 0.0755961678338917 -0.0568710001577167 -0.0422026563454977 -0.144720042716293 0.0652461667825434 -0.0856104698665308 0.493079274360542 0.349748062132418 -0.000838010784659362 0.0144709456317014 0.426657830029079 0.0764649125353456 0.228309718579855 0.0468424009743337 -0.0784760785600507 -0.204479372979733 0.238164320027403 0.126959663751093 -0.0153245580444201 0.0345762251075653 -0.0246260101910151 0.0401137252462837 0.144209444564728 0.19660925784767 0.00182754438086139 0.0275397671963872 0.0492410754064467 0.00227013672116947 -0.0881091222909075 -0.305055783948201 0.220527487757635 -0.0953077133750554 0.000860681571234843 -0.132571891642108 0.392996532213381 0.119374139322021
0.0647190775001955 -0.0437879076275681 0.316966883800644 0.311726182341986 0.546058314608526 1 0.32630335082619 0.49373080168117 0.378374419654864 0.448474128191917 0.237077041094799 0.249268786635478 0.379091332342928 0.220998089587371 0.463605095155618 0.206599302442489 -0.0525953143770185 -0.121604783945689 0.118337144948086 -0.030860085782721 -0.0621682231535197 0.290704360617596 0.248934127711784 0.123887094789196 0.395384381819987 0.408517658734221 0.0469751371151103 0.105962763981046 0.16839388867188 0.129609783616133 0.39115605930959 0.32793881337251 0.124240718461459 0.221262122099854 0.306084516907513 0.124073189860367 0.225751064159168 0.147988938441752 -0.00591333467611717 0.0277144823915445 0.0541735199962855 0.0102877037880437 0.140745023794615 0.100792842368669 0.0345332584688283 -0.0145961152239946 -0.0484624677915247 -0.0331133484917837 0.00523175162876472 -0.0955329245417314 0.0356809089725276 0.00738783548911367 0.0684389935390356 0.0616791587534692 0.0675740317081404 -0.0722362484621542 -0.0733028842441573 -0.201542090505397 -0.0845277632162509 -0.117172697036071 0.230799025702025 0.318925648288676 -0.0605298517334199 -0.0724779687008787 0.298034505535978 0.154675898680271 0.170400880368144 0.069615319610696 -0.0675218759018347 -0.239445802406771 0.344662728532948 0.323621538848137 0.0914518748710151 0.187668341640008 0.0385218232097462 0.129211341168307 0.319292649915492 0.467728334428072 0.1056147891695 0.0123567442746811 0.0566186767425164 -0.0426831376645205 -0.0237780521672157 0.060689608656454 0.133226547607175 0.00196122614143916 0.00730224639116227 0.114700705652849 0.387979781994603 0.243159113834017
0.37981773459003 0.451021544245822 0.790427806287209 0.429425327302605 0.470781582258113 0.32630335082619 1 0.709332808699947 0.668518099872548 0.229544743812489 0.495425967901835 0.435914783603559 0.689224389180822 0.289267376153363 0.3521531710859 -0.138944196135601 0.307835969561423 0.391678591080777 0.396457661262531 0.386719448834236 0.146501299091817 0.139461368263513 0.452717962776551 -0.0296210393801953 0.470338356951674 0.102072701541688 -0.182287335411548 -0.374143046781427 0.607162334472496 0.562173800384333 0.647385974330498 0.340776976689708 0.703568169371666 0.609049712213364 0.43988773275819 0.264197895588075 -0.00881861402985328 0.173388555822933 0.191935736813013 0.124828890606185 -0.445375968134887 0.0819150016193267 0.464044469271953 0.423855765782522 0.460067536562914 0.431527745648264 0.318804860163702 0.362167703950912 0.345161751679139 0.310283887975736 0.440980168459095 0.424954379564989 0.346309958046693 0.463893133452378 0.46635545435082 0.249157065490258 0.241748989391318 0.154730332532766 0.418919858027983 0.293171224988891 0.706815544625736 0.441874204120225 0.459450750007805 0.557352188999929 0.596219768358943 0.282049991508328 0.772332645961965 0.564796571000957 0.0181464890951071 -0.107815140695486 0.58050170560173 0.483979046608843 0.513331832013164 0.47784478736146 0.163512314351422 0.0888115978381774 0.548675750496351 0.419237591350068 0.290329530683045 0.346415450329331 0.362717353679861 0.302476466339656 0.0912036343793294 -0.000964562422933344 0.48610681069926 0.250506529258695 0.00976034041967416 -0.221699982991098 0.460363379845001 0.304225798971332
0.35180378904831 0.363415184498507 0.696114939220248 0.719676039198481 0.383476942531755 0.49373080168117 0.709332808699947 1 0.531041287011436 0.42700750643427 0.480296719514213 0.756711882509619 0.6541182250442 0.530702758323754 0.50533164331594 0.225287196573619 0.254586846899844 0.295998261059413 0.286737371871202 0.250421648040169 0.224587628994274 0.185231798736943 0.507995049137134 0.336947545536458 0.477676978734231 0.366258284700968 0.0733916346202818 -0.254115927366517 0.472637585832315 0.458920454523464 0.534740091282098 0.489986806253604 0.547045438187454 0.60185213153315 0.545316806659251 0.404187587416933 0.226156220715883 0.229158078642098 0.250739737146181 0.235172098107913 -0.274123908403796 0.0626670820832282 0.472648178540436 0.44681840757855 0.402743344261516 0.397153092475996 0.299447203743899 0.376214624706088 0.325668083696689 0.28338468978071 0.427440196918741 0.418294631999341 0.327902449638384 0.406549876342487 0.454091619193968 0.28637910997523 0.182711924930999 0.108460107996547 0.404986671971877 0.259215965105842 0.641102815619031 0.804969675893486 0.304071642413545 0.49736341629093 0.6703226124835 0.690791390434521 0.670454605924505 0.607698208000569 -0.012937162789295 -0.124954304269065 0.597990537377391 0.611574675756237 0.404020394155438 0.43194394747932 0.230703952302374 0.0889952181394429 0.559991424415356 0.514310283101459 0.276827034438657 0.322214359947258 0.24780256176324 0.238377100068512 0.00535973706628513 -0.0263112793392985 0.400210200282171 0.453831608225723 0.174102944021855 0.031301496212959 0.547855521494407 0.525356638456685
0.239954426876276 0.20726072921985 0.604834065198426 0.263523073024224 0.612820484281073 0.378374419654864 0.668518099872548 0.531041287011436 1 0.463001544450948 0.493042224111479 0.376237736697809 0.657241453419083 0.182838238862688 0.565423467440857 0.048310231081513 0.175260459863824 0.192483301374808 0.23201147323056 0.101295433981563 0.0514024359148045 0.147203730101421 0.483546146802094 0.00813395317312967 0.403686797378597 0.143475728411591 0.030533005830751 -0.321258874062965 0.434491769388123 0.356950355296316 0.49103976751763 0.207107326656552 0.422675010315286 0.398165430162196 0.410005869592059 0.183785235874332 0.0418912425828843 0.0992513806618896 0.249546434101866 0.0322498285299214 -0.347699283059744 0.0287058614271444 0.303110161768163 0.281709049945288 0.276873597919316 0.257389663468297 0.193368660874338 0.223061682052591 0.218438240140433 0.181667998556399 0.303545792614076 0.272210152434383 0.244581552170213 0.33259578765303 0.310328395266593 0.150238923638922 0.171469236728497 0.0582228464677303 0.259947460320243 0.164523630152264 0.65483611880701 0.40762541325857 0.274327072676325 0.272188370526226 0.556312538137047 0.262439595886227 0.457204249467389 0.330988192039973 -0.0282071084981349 -0.0742311790498757 0.447063279413194 0.337123631389126 0.267500623383222 0.340230457231603 0.118702077405657 0.0430781225946188 0.323688609239636 0.274906521080391 0.297550575304779 0.308756987189219 0.301808364992242 0.25535510340715 0.00911035869130995 -0.12245156470157 0.475107932521193 0.232144016397655 0.224909628508665 -0.0888997648608617 0.556059601672026 0.320076738427507
0.295963154083732 0.220874203492503 0.236097106479218 0.486505215974398 0.310192243699191 0.448474128191917 0.229544743812489 0.42700750643427 0.463001544450948 1 0.346671344202227 0.541607613396203 0.293204908520046 0.481033875535714 0.555933786888103 0.581979682650602 0.194572388913867 0.187627834940658 0.347071486745888 0.235117382030131 0.0735673395791803 0.184966067892269 0.475224625160936 0.414389891080734 0.294632884149692 0.253415025125355 0.196349046319337 -0.0954271265264423 0.294508295008981 0.287613391700309 0.35771212630587 0.37298528998336 0.263940023811807 0.329024483103515 0.266662013232387 0.255482157625706 0.176552059969788 0.132288522046401 0.216157139472894 0.190180843429568 -0.015950037897369 0.0273852782195895 0.331126007932422 0.299053923449593 0.226855430524577 0.199681835580496 0.254775237171583 0.245642722171485 0.230253421593469 0.219255534882837 0.249000739676996 0.238748127181449 0.225928856021526 0.250189083862123 0.275936462509908 0.242545992434708 0.260667829633634 0.124581836926652 0.24102315316508 0.195162734900612 0.297650751618679 0.426891004476884 0.224970571123398 0.271917174643485 0.290989318134506 0.443013526177541 0.151648727138304 0.201661307068169 0.0731370477404628 0.0155247744151553 0.395416673054818 0.464587177251867 0.308488853628577 0.412757348543083 0.177881414489886 0.0989904057700319 0.161697378337928 0.385647595633128 0.267593892932081 0.21834257758405 0.210040761997322 0.229965472455279 0.113802536670062 0.0145342948773662 0.343550968413829 0.42767485476866 0.455771443486963 0.432296726263682 0.435900208761263 0.587085363157484
0.445838534694504 0.186164289604488 0.593764250612176 0.417983172265908 0.388412753011207 0.237077041094799 0.495425967901835 0.480296719514213 0.493042224111479 0.346671344202227 1 0.522095497330482 0.75171303781068 0.330157471346272 0.592990477532156 0.191976127123382 0.109273132205357 0.119872540490176 0.5827199271724 0.0999274747694928 0.0259354159301159 0.0553730573283672 0.577182034590469 0.216369428632649 0.233456258006058 0.0817509119818908 0.0731377637835166 -0.085384213037515 0.302277121950454 0.1452766227434 0.214711804778492 0.106926000705155 0.211107153930859 0.24561940414161 0.319488438545621 0.325354387441868 -0.0186355857230058 -0.0229607358690423 0.0394206349119494 -0.0130680982321182 -0.242029802257202 -0.0822129850907209 0.307590934670716 0.291269106958381 0.172023801404585 0.194269988598755 0.149487701053212 0.185631874926917 0.127704141732288 0.163684509783898 0.219226712564027 0.206281193980476 0.233571605538181 0.277042657719309 0.228254215638746 0.154162879972366 0.198230006647174 0.0995387694798131 0.399573804693372 0.220673810217109 0.628807448238211 0.403532140997284 0.329423111824862 0.210274726375978 0.46661552259788 0.364474197553714 0.331955546896292 0.335816533733555 0.0903454984242097 -0.0799177334620948 0.623733842158476 0.46591384229404 0.300054147019564 0.24975788328627 0.140378577094666 0.0630162006143023 0.275692171019449 0.303355941392264 0.210175781185314 0.250277145293674 0.0727308152993098 0.0679324494817614 0.0246610435953964 -0.156991793376837 0.358726454086551 0.231855251001741 0.145132262624181 0.0794815700116164 0.484748074920455 0.246413749610809
0.414829786553406 0.421840473975056 0.47144846274746 0.674559696917668 0.200769275193295 0.249268786635478 0.435914783603559 0.756711882509619 0.376237736697809 0.541607613396203 0.522095497330482 1 0.555481895618385 0.770374946307779 0.579524213892954 0.523645765523761 0.314538668008269 0.349574292945786 0.352831724327862 0.320003835428468 0.202181388243182 0.146340171618451 0.523269765412031 0.457846405490556 0.269115767875111 0.198750955747469 0.0400335197390221 -0.237812837184955 0.47104237824078 0.444936635463989 0.39021994519302 0.389316294459818 0.420834730639644 0.51075440394659 0.349375901856292 0.347089872510344 0.235313365801315 0.180520470923815 0.223632277078089 0.272139807014939 -0.136947423261327 0.0276739514503895 0.547571601462346 0.494011482240318 0.407560649983409 0.413152693141246 0.409228573017043 0.435950879379545 0.395990164090878 0.38266716556127 0.471759587619358 0.443507108144618 0.425155772160304 0.422805866044274 0.465835282211964 0.401712557812154 0.304211191919995 0.212355930903189 0.512444617073725 0.388953433021688 0.516151821720814 0.756553340221144 0.404220768118094 0.586251327334949 0.422345723937331 0.755945720854233 0.437668946366559 0.507705430072066 0.0821986380316033 -0.0311474989212683 0.605499858625363 0.57454851879558 0.417129230220614 0.393607100426699 0.232431847038084 0.130076731307473 0.443108681296677 0.490738554108571 0.337334648824204 0.433113484731002 0.294316808190145 0.302130728370244 0.0817153771412441 -0.0413147762548642 0.373782475055156 0.609232809518521 0.310163675026738 0.19776756472437 0.539058700151679 0.681398483719316
0.510217486830589 0.318106038185185 0.603632499979836 0.3743775207001 0.516386002512483 0.379091332342928 0.689224389180822 0.6541182250442 0.657241453419083 0.293204908520046 0.75171303781068 0.555481895618385 1 0.370231571639209 0.625973641062468 0.0559516502427453 0.223700445388943 0.235506990288284 0.476656790753787 0.215094903891719 0.0322321789663743 0.10030682071754 0.488839233001466 0.0505314925028234 0.304173446472267 0.0827756456673408 -0.0447772819737264 -0.246854237008846 0.538033528058773 0.369100041331391 0.395590481850861 0.192082708468688 0.433019599237658 0.397765465790885 0.382593460059337 0.200318843054371 0.00687942138749443 0.037502956568865 0.117029069153782 0.0713924455596924 -0.291002615001939 -0.0495689678103629 0.409373296626914 0.394110690461333 0.30901203958108 0.33250651199912 0.263856282375176 0.305558209849567 0.264286643404971 0.248258250608283 0.347163576367029 0.353716834747298 0.27728049571901 0.387529207337707 0.39726819624842 0.250279336548291 0.215414427925651 0.115693172714806 0.442946881911869 0.233889868498776 0.807202736310086 0.561286059924836 0.391481588677405 0.354056807142901 0.553541892676349 0.40064009239663 0.514620320638045 0.414644057288382 0.021356103238055 -0.118096854468066 0.612799826964276 0.49744878659403 0.389632992615416 0.263672808306266 0.256479493816466 0.164302720243298 0.454747933405784 0.406658573575305 0.322871649047547 0.396616572546119 0.304483530885385 0.274132108716964 0.0628624337999541 -0.121800989423978 0.463189230018811 0.263495225714677 0.0978934531780611 -0.0365196079756232 0.599022492760241 0.357929195428621
0.356797545508715 0.419846317811989 0.33486598194205 0.58324161987448 -0.0319358823694208 0.220998089587371 0.289267376153363 0.530702758323754 0.182838238862688 0.481033875535714 0.330157471346272 0.770374946307779 0.370231571639209 1 0.529045858771595 0.713239982150977 0.404811225278642 0.419934670329426 0.359088903794375 0.381914223169428 0.239317274294212 0.250976737082029 0.500304333188199 0.510271318040835 0.2396415136284 0.331225271762065 0.101512493220232 -0.110372257816411 0.525756403791169 0.563557408512328 0.500824125283483 0.479831324600931 0.499835167504926 0.559872427682691 0.289077287042734 0.414066398514606 0.342200745643174 0.266595735759875 0.218062116675666 0.27856317705666 0.0476213846735774 0.208471287161699 0.621422238948542 0.558387328235966 0.41704157696685 0.436910102628057 0.471580358514746 0.480120954006999 0.473942484918993 0.43172113637273 0.524304618851662 0.490737519577414 0.509836276585844 0.491964296695385 0.478387842715878 0.397886717102548 0.322546311510729 0.187939762041284 0.408693865317976 0.377956791604525 0.185393723654023 0.404249198375371 0.486966725859445 0.567459859409834 0.132472572170219 0.589605279962679 0.36193227213127 0.449789221043003 0.066341980782883 -0.0419326398059345 0.534474808300366 0.610290364205757 0.544549080708891 0.528199766535493 0.272005873085817 0.196998355870843 0.443878066496207 0.539567741477742 0.421602171091539 0.539471258603846 0.408958054822636 0.394719373598581 0.275105469445137 0.187722981099415 0.386896657580617 0.599359300684771 0.34094234443785 0.335853355579588 0.454042990802731 0.642414967963587
0.251720424971003 0.151503764849721 0.401323723845046 0.356504966708965 0.491750817254301 0.463605095155618 0.3521531710859 0.50533164331594 0.565423467440857 0.555933786888103 0.592990477532156 0.579524213892954 0.625973641062468 0.529045858771595 1 0.461210025555067 0.133653507421292 0.109818555285075 0.308228705627118 0.149717863886296 0.0409371867885874 0.266593045523048 0.560605006401506 0.264645054466474 0.30063096770522 0.285612056930314 0.195194607411177 -0.140862688416998 0.403474652501848 0.271892368217713 0.399810818541473 0.208654312963684 0.297035771476209 0.30132235235702 0.314552011136836 0.232401644799294 0.203076915827496 0.16741184073529 0.213487779906693 0.11103196385069 -0.0553987534576609 0.0632268897968583 0.376969552114531 0.33416981504613 0.20298860397524 0.20546018462678 0.221005493457754 0.212437329077921 0.208000664632906 0.175126514971411 0.29617749414938 0.292919640138274 0.288594687065674 0.296588677025543 0.336263767767182 0.215912220703056 0.155560534130547 -0.0112158487885308 0.2872373507681 0.167037640792493 0.448613962778956 0.472156747835948 0.254901225405013 0.232824756416576 0.396679913992038 0.432036616265105 0.244971036147496 0.235149458824094 -0.0586905735738887 -0.124797500634834 0.549286933465061 0.51050336631641 0.267863830611758 0.332494693768299 0.173452429989743 0.143863454792259 0.388335088342381 0.451015722719781 0.226922319124518 0.308422280910714 0.210110373447657 0.157839590596497 0.166167945618818 -0.0576509302947393 0.388100779427114 0.312352518432254 0.372610500722121 0.303535089804202 0.61940274202522 0.504783026194234
0.197705645799917 0.169060687240381 0.107896798306176 0.505318017977898 -0.135093172876908 0.206599302442489 -0.138944196135601 0.225287196573619 0.048310231081513 0.581979682650602 0.191976127123382 0.523645765523761 0.0559516502427453 0.713239982150977 0.461210025555067 1 0.231492541713124 0.157315575472135 0.229142584238071 0.190140553462393 0.285219948995447 0.333494380134399 0.548201583839055 0.746251833121802 0.266935280364562 0.473015853463043 0.308534241251632 0.18827589902928 0.18759984988552 0.239815652763436 0.330686890581291 0.462056520994976 0.130959560654611 0.32191541178449 0.208295126930497 0.432806812641039 0.468809481048563 0.333196509135198 0.235358192414204 0.25779368578009 0.305437542338624 0.120293232436668 0.390870322345951 0.360417711834975 0.188060053830506 0.210225100735391 0.280075641856501 0.285342215901709 0.241404227785728 0.232663279727943 0.273267076522447 0.25727986715137 0.296679821225516 0.268905897330527 0.173386796853824 0.227464248904331 0.205378323522516 0.0919491839893433 0.142696388850687 0.156461757876402 -0.0730178350350316 0.17377106386727 0.204235153950084 0.166534030912063 0.0371412427453917 0.508761462714657 0.0141438603507336 0.255011514058065 0.0463967410657251 0.015039222499668 0.383704388790952 0.514948383168129 0.29828032360786 0.376030990746833 0.24023961885692 0.123397961985048 0.199248592059094 0.371823038627866 0.230866927889486 0.319458635138051 0.208064591905725 0.260553460226533 0.157607455069884 0.256241685035638 0.258968488590777 0.554535106761975 0.429481426447915 0.623426348918817 0.261894134209717 0.497960370515992
0.639621017052579 0.687522485797775 0.274248026002018 0.389984807770721 -0.115153170889654 -0.0525953143770185 0.307835969561423 0.254586846899844 0.175260459863824 0.194572388913867 0.109273132205357 0.314538668008269 0.223700445388943 0.404811225278642 0.133653507421292 0.231492541713124 1 0.855638930509202 0.53802248626543 0.679043638499567 0.33249240877598 0.140316897151321 0.245362092801308 0.249817674355945 0.285404694051973 0.214881982718723 0.19927763068948 -0.0957143727281192 0.716027631160973 0.650764924584304 0.415054355438912 0.369401253198225 0.67263359262688 0.692050100425954 0.22814823774485 0.350679823249279 0.309204242339535 0.332286758399524 0.407562460628014 0.407663638664756 -0.0816484633713429 0.338930427659353 0.610948732831347 0.658108244429045 0.706649373508688 0.737212301845629 0.679220557259086 0.719088177286902 0.625540726218735 0.686944843445899 0.535212655545594 0.597351783773755 0.354860352411377 0.457150012890447 0.534483322611691 0.517868179884447 0.785582230148356 0.713247333096061 0.597045578925596 0.63096482371228 0.315614055855146 0.184090151624158 0.758511982186294 0.624312209764263 0.136936855123782 0.348351769084005 0.482535103672168 0.596900395264796 0.4471368330726 0.47384722339698 0.263406432408343 0.316908431053947 0.489264065749382 0.407408458527401 0.394844934992734 0.0931879423290835 0.257496861701317 0.142893827127468 0.589444532488566 0.61869365953882 0.742725805074835 0.704457303870464 0.398671326120595 0.193141157027495 0.587125085784787 0.652410606700433 0.373993031852345 0.205997422343126 0.235483120398991 0.335507503319332
0.616770573807056 0.755175827320001 0.290550745984101 0.365529810879427 -0.082239893238782 -0.121604783945689 0.391678591080777 0.295998261059413 0.192483301374808 0.187627834940658 0.119872540490176 0.349574292945786 0.235506990288284 0.419934670329426 0.109818555285075 0.157315575472135 0.855638930509202 1 0.530116224984937 0.742559828850972 0.323562554094195 0.0957668003831195 0.195177048000099 0.160372519733617 0.273139939859735 0.117079002148514 0.0790944577257 -0.157784491062645 0.724056998717462 0.72357363366079 0.399186460434094 0.408696417469339 0.738301177828431 0.734783711264298 0.222732123777932 0.269207539276132 0.281877150585436 0.336057570922261 0.37527541820499 0.39991237479867 -0.0977496513435084 0.287988362446569 0.610642477153887 0.673237055765579 0.727991945186348 0.769255726092519 0.702024400710005 0.73977780843697 0.646742850152744 0.709171283423547 0.576464095533137 0.622378501862013 0.388145244797016 0.482412621066356 0.573472415391647 0.515189137153224 0.773385523165544 0.735374712050314 0.611418037779848 0.648589104173708 0.344028022298863 0.222866423084746 0.768092450135575 0.744181571515437 0.13396441750039 0.332450392964626 0.534150636268293 0.609868553782604 0.413450775524217 0.466709978566081 0.281869524929658 0.363285462013473 0.527859394713359 0.502754819457385 0.418673009231501 0.0845284063954142 0.247025454171492 0.0834841367647435 0.525978351030224 0.57067839663501 0.680978721332339 0.679441002407301 0.40694682870253 0.178517222389029 0.531403844772091 0.612089340077551 0.314860115031418 0.0526479662152726 0.203332411954711 0.324937700514995
0.761736741311136 0.580047639463696 0.430324041913355 0.449751232356493 0.0431294920944895 0.118337144948086 0.396457661262531 0.286737371871202 0.23201147323056 0.347071486745888 0.5827199271724 0.352831724327862 0.476656790753787 0.359088903794375 0.308228705627118 0.229142584238071 0.53802248626543 0.530116224984937 1 0.548846587623941 0.0393664760475999 0.0845691146911981 0.395000512316137 0.255228075914498 0.224429345927723 0.0417634391406739 0.0477808517850398 0.0413655835823059 0.493112669533758 0.363310854437446 0.29236594142771 0.220082798122054 0.40622716088674 0.44852228569004 0.136910079975169 0.310329928058376 0.115477913408362 0.158832018116005 0.120785404641539 0.177947605422073 -0.104841806878224 0.176020311791849 0.437687356813442 0.463320957193486 0.463296287179546 0.492137733848515 0.439755412894005 0.464360837249601 0.395720242064277 0.455218598208709 0.416292339211766 0.39252351110568 0.370801321947288 0.389141149699196 0.359594671197836 0.359006131895988 0.643737482096796 0.580805330556456 0.575574654935901 0.555709356210874 0.434212456349812 0.171888695529273 0.647763680274888 0.439417023221499 0.161547255930581 0.273500824823146 0.352011197901627 0.453734171111061 0.428822507894811 0.334344406898173 0.52897751869192 0.421324802126634 0.51561293131285 0.474857316141112 0.334449948586286 0.0937118199471875 0.199352754542386 0.212998003674642 0.25658478005669 0.317537954257269 0.39403884075256 0.370475782005752 0.256226363133838 0.182009299102576 0.491434366323003 0.468234559798823 0.189205130790107 0.29325915604415 0.318008326026625 0.293440567334224
0.630383021685655 0.7849376938024 0.272149606508869 0.39734183206944 -0.0278334505778616 -0.030860085782721 0.386719448834236 0.250421648040169 0.101295433981563 0.235117382030131 0.0999274747694928 0.320003835428468 0.215094903891719 0.381914223169428 0.149717863886296 0.190140553462393 0.679043638499567 0.742559828850972 0.548846587623941 1 0.271991421191785 0.124660264895649 0.250632380893561 0.191217387499363 0.213084612391926 0.085626723119384 -0.0183797467720602 -0.11303202539647 0.599740161149474 0.560595339952003 0.397275949323685 0.321194036899452 0.654519905141109 0.658741013705692 0.0921630274417666 0.250585619287145 0.215963378946746 0.394085905524886 0.237256623656214 0.381510864820263 0.0308781912678131 0.242883317894853 0.534838843930885 0.58172177096422 0.617284472943228 0.66301031662768 0.62642999679188 0.604196273702175 0.559403789107175 0.600219532765636 0.512493067354703 0.519141018176697 0.312734514022238 0.398891148082979 0.453252366045393 0.492020665206373 0.709463893647799 0.666871830980521 0.516007458023544 0.546543196452973 0.286354485619804 0.155201586822036 0.661549622233777 0.644931867258411 0.0963627506133248 0.277270483762557 0.456313695150505 0.515700513976829 0.481472270092715 0.480849427102477 0.252454469379222 0.374496620733148 0.530129655189632 0.465243561007828 0.351821656296753 0.103418205888113 0.204033878618311 0.176194726967661 0.322184212692194 0.374268802906907 0.595966929947406 0.596455077028124 0.412001803179449 0.213590329630217 0.558138877386748 0.512153155815203 0.207934964096133 0.182846675911239 0.151910502935657 0.287426292831411
0.157212683789552 0.250559805857589 0.287233175283019 0.269382754829976 -0.145838684757929 -0.0621682231535197 0.146501299091817 0.224587628994274 0.0514024359148045 0.0735673395791803 0.0259354159301159 0.202181388243182 0.0322321789663743 0.239317274294212 0.0409371867885874 0.285219948995447 0.33249240877598 0.323562554094195 0.0393664760475999 0.271991421191785 1 0.230958701252088 0.265498447920009 0.288783569032411 0.280228306573203 0.280460918460353 0.206339510690187 -0.126083917895917 0.20503761414399 0.269067984423773 0.303579312798045 0.360478113699381 0.317489655269279 0.356555913744567 0.276709332610054 0.371029469136857 0.267901048764454 0.290626366625494 0.382533528472829 0.2126979709932 0.138198906591171 0.0124810886835678 0.265776857617301 0.352469332109656 0.227992275914797 0.289837085717578 0.204817389268469 0.309932807476181 0.156324054281107 0.194376583243838 0.196435927912907 0.247495269823828 0.12884713625773 0.223102896036514 0.199123612544641 0.200359152727211 0.171435996827626 0.174326866757238 0.205204712687496 0.113541679505144 0.117480900354829 0.103521397456021 0.191762670254944 0.23085602124875 0.231191120996375 0.26322916117157 0.391689091589643 0.422723516547236 0.00557758198026614 0.0632743059114429 0.212413194384209 0.347754441159307 0.234171697708858 0.247677296851653 0.240224426544564 -0.0145202574324636 0.183862419575385 0.132173193111558 0.158699525292426 0.304772580252306 0.216408592149607 0.262638569108326 0.154449644734624 0.1562598150124 0.250610763470717 0.33183706525062 0.237192004393813 0.115481975364475 0.0151403979046196 0.197165288222395
0.108543445307341 0.113631279636296 0.162707485481254 0.213798142644409 0.130604723219521 0.290704360617596 0.139461368263513 0.185231798736943 0.147203730101421 0.184966067892269 0.0553730573283672 0.146340171618451 0.10030682071754 0.250976737082029 0.266593045523048 0.333494380134399 0.140316897151321 0.0957668003831195 0.0845691146911981 0.124660264895649 0.230958701252088 1 0.235868981499143 0.239178120077032 0.250227720583835 0.441597108335373 0.258507394813586 0.115225154295038 0.144991730343493 0.185700870671496 0.384051151239169 0.268812102724888 0.224860205190885 0.221896537581053 0.229607832414225 0.237969843696078 0.2715651338503 0.321657493351202 0.156518617201801 0.253198196032994 0.125358829531925 0.116697138283495 0.305120498811766 0.281567511494689 0.218173304545388 0.150454152197869 0.201322061370418 0.223153260250229 0.169952554797016 0.083962802839056 0.21226302135544 0.181167018841243 0.213244309280301 0.227774479054593 0.199628118072878 0.188150802334922 0.0890394498041217 -0.0226399063789193 0.0297058961512553 -0.0118880424058979 0.00230836111615522 0.0120042928966196 0.149591943847965 0.0632648908313199 0.0520978491925595 0.0836793660204903 0.220652863923571 0.247017114947288 0.00343395948175853 -0.0128086869564247 0.226639164295223 0.210644131579263 0.161584179696933 0.280863074000089 0.0575397992731142 0.0847137032265122 0.184054290980176 0.218410284408231 0.117971295571996 0.22045398496905 0.236262854465321 0.195650384556666 0.157229569661366 0.0967837811369144 0.161231568425444 0.189461475598121 0.0177007037377345 0.192673156084655 0.162400496156909 0.138703872402704
0.304023116584127 0.197829595684865 0.714894058856439 0.696785421457791 0.253903801639288 0.248934127711784 0.452717962776551 0.507995049137134 0.483546146802094 0.475224625160936 0.577182034590469 0.523269765412031 0.488839233001466 0.500304333188199 0.560605006401506 0.548201583839055 0.245362092801308 0.195177048000099 0.395000512316137 0.250632380893561 0.265498447920009 0.235868981499143 1 0.691453879345723 0.563624073524784 0.406338507961484 0.318289722422723 -0.0745429745237434 0.345447741629179 0.328283884033299 0.610031693587666 0.593494941684372 0.442329220521404 0.499079945822489 0.529687904004216 0.608421129269083 0.283357134025654 0.298659600284848 0.236899348864851 0.113444024318133 -0.103196745553377 0.0940477080271613 0.545058341980562 0.514112290355106 0.336393384125845 0.357860710998776 0.297592912200162 0.377515154230846 0.262741399460082 0.281160098555833 0.343783927403425 0.365773335700209 0.334143965162244 0.460234860149613 0.240254069995307 0.218965443338589 0.203757283152891 0.070754999041603 0.218922895100422 0.176312577023077 0.369726619596091 0.306618517953465 0.307484749630664 0.26282045779383 0.516877572898015 0.502685330152711 0.447382556812903 0.50892736913119 -0.0508359639234632 -0.170582266239598 0.670309835372815 0.643992617261957 0.446659803426635 0.489796819344406 0.227675817032645 0.148285158129737 0.410920971345596 0.499319233634976 0.239818384250269 0.409774765752238 0.257648966086985 0.309657527704121 0.0767971334737291 0.159782334442212 0.52150005200566 0.497386091556865 0.312165861449711 0.368802059729092 0.413802070621152 0.428437894797466
0.218658854407078 0.143923722323247 0.345475424980109 0.76890283200712 -0.124795461284329 0.123887094789196 -0.0296210393801953 0.336947545536458 0.00813395317312967 0.414389891080734 0.216369428632649 0.457846405490556 0.0505314925028234 0.510271318040835 0.264645054466474 0.746251833121802 0.249817674355945 0.160372519733617 0.255228075914498 0.191217387499363 0.288783569032411 0.239178120077032 0.691453879345723 1 0.393020528737715 0.53426779306277 0.472725373130595 0.21315115913529 0.128002468038306 0.119676772318201 0.350008965510802 0.639916201053859 0.178208445850208 0.337099333805196 0.356171200251924 0.585736581332507 0.455451548731479 0.38359154686965 0.254313986700225 0.25303842445332 0.184315905146436 0.0967743284561149 0.390488619266657 0.40664569771243 0.238169573847484 0.271854353888785 0.266248997803088 0.3658144290039 0.197874618396938 0.246446391752416 0.240207877128737 0.275275166164915 0.205125588839775 0.282659926623762 0.134059407189015 0.237662594790178 0.251284918274062 0.198497087887762 0.126836106133822 0.181113730896568 -0.0514094425317176 0.225432613521858 0.17386428791303 0.115290976777832 0.20159098430229 0.576733418796306 0.162297876197377 0.428498341063455 0.107216510230783 0.0777548216447111 0.435045264330004 0.527245491972278 0.282116850662618 0.348490247179769 0.222816430921121 0.0670712314886585 0.179757046123977 0.38897656086452 0.111185845261264 0.271012303822043 0.14571975618246 0.267113038781244 0.112685891003001 0.312158759384323 0.296601376206658 0.577756860559019 0.38209864457483 0.620180282514745 0.1290930348708 0.364053272485824
