1 0.842998221095798 0.618022870969858 0.374800070818247 0.318972104519109 0.305063750989381 0.508626702788245 0.303069399614477 0.455618743855681 0.408761554162862 0.600127590248832 0.492721880829349 0.557825368381766 0.535131773938641 0.402211624838299 0.285373703583652 0.664378929643358 0.777625312703868 0.721393470705765 0.651061134696539 -0.0343004659067396 0.135584462558055 0.426419181108434 0.164163660042815 0.525405746742355 0.499182548049461 0.327629711882967 0.117584776072394 0.445490582975331 0.594510017153301 0.416896873367828 0.329601572347523 0.695707926685095 0.558528865507359 0.327050748967948 0.416694225878575 0.439961205184951 0.441734354124387 0.451854628959019 0.61689804135119 0.19711603222746 0.336764226502468 0.616277296512808 0.669810375015573 0.628925712407918 0.618134051931531 0.646743552507632 0.623472386380023 0.69049242927126 0.683919793648508 0.66326718015601 0.583131212061974 0.433014103235028 0.464463341446369 0.586287168050214 0.634513384045966 0.797553407406988 0.797084517173565 0.698922622766021 0.638330521464366 0.586692187365478 0.0630546368034197 0.508175344973603 0.550143790861182 0.414136724795493 0.0685419606835827 0.517730222495125 0.390596426319963 0.726045304936421 0.79997369086704 0.538571899830529 0.459741541445774 0.356607395408317 0.539234809148183 -0.0118188746322008 0.278657388260301 0.398315162416959 0.485055012560062 0.674709022504432 0.678191788337845 0.765581285587932 0.732624544249784 0.540211775674575 0.532958090954322 0.703995812308984 0.660592351622121 0.373050502736017 0.290768565686964 0.5165694285334 0.549687681350197
0.842998221095798 1 0.395437888399374 0.146280354673954 0.264776828187181 0.124446435799517 0.277432960372384 0.072022326450131 0.327468348603916 0.235389436286746 0.438694979273134 0.338662682053023 0.34565052401554 0.27899142854339 0.199030899035997 0.0903499791920248 0.76472610970229 0.891308705868599 0.650261942408058 0.6109822072874 -0.0216845408845988 0.00652291688494901 0.229127625260496 0.0214263433655208 0.386365305171866 0.309673941437153 0.23988737669299 -0.0467106230810385 0.440715047546502 0.559310682457739 0.250751152122042 0.148690409405367 0.606037788309578 0.451185085724118 0.110915776213565 0.259013907908576 0.32437734114778 0.34285605875755 0.372630793545789 0.481656601295731 0.191154619514166 0.30992882855001 0.485768610914953 0.604184450153745 0.65918951950125 0.735005753940253 0.635199933812562 0.608278656157385 0.690985104308031 0.712753372065159 0.530430132016437 0.4353169342987 0.371273903991113 0.457794183698275 0.491747455429441 0.573326624423038 0.907436383052689 0.904382807147337 0.626765415540387 0.486660797575894 0.370940025279625 -0.169485018816335 0.539635276010932 0.583913990764963 0.170840340596523 -0.182994820042691 0.346440711521423 0.174556199731763 0.796481710371476 0.845986836715291 0.364295861246809 0.294244055444085 0.382375407942325 0.371056127254659 0.0498603421883126 0.230821282393012 0.259704749094175 0.47916202029085 0.711738859401364 0.657235402051181 0.795685139223161 0.744674962569866 0.386471334113787 0.42824319650909 0.538120084928369 0.528459142234404 0.340417527650015 0.237284647057864 0.242011947997164 0.339680399171729
0.618022870969858 0.395437888399374 1 0.754067461672134 0.363477113562628 0.344516100095136 0.819956720145718 0.600493001324971 0.593136759840346 0.480494329459738 0.387382346862744 0.30221132993139 0.643465511840851 0.585950463295953 0.640982736759352 0.528184134101969 0.301178989092813 0.39364900799605 0.486628147065988 0.42777204431135 -0.0798439350996661 0.168378311491521 0.782010799974746 0.455081111532931 0.683148506907691 0.675958827326661 0.515846055473539 0.276656226980681 0.319305023204362 0.400665439983991 0.487430311393184 0.505938399840247 0.56182312379086 0.527451132405249 0.621773302486663 0.608129949130469 0.29066898331734 0.419379540462225 0.424865690028203 0.526237072647466 0.106132779393305 0.106793706142491 0.631447713689906 0.565887213509079 0.383959323626009 0.284519454474389 0.481472412382268 0.472243961689404 0.456010664875853 0.466715504407302 0.723361095455377 0.710217435266428 0.45872448804808 0.505520154427284 0.59065286302725 0.570526659476031 0.372467438716297 0.396045751287987 0.466263065731283 0.522247386064194 0.511159346233322 0.202895248418053 0.234434740071835 0.306498597871975 0.73530148349867 0.353868616848813 0.71317349034664 0.619867723287574 0.349074733807683 0.427425805335724 0.586666639918301 0.600124319066 0.365910620412395 0.502693555450087 0.0913118914230552 0.271073307283748 0.374231785089432 0.301576536094683 0.3356373126883 0.485837410366828 0.442841931796736 0.479524014290841 0.539601061772677 0.549147207129655 0.70084153493151 0.639134688643385 0.432374850898767 0.336775961462146 0.625454972018687 0.705150848511217
0.374800070818247 0.146280354673954 0.754067461672134 1 0.38211230822357 0.492023848608736 0.747219850005922 0.839304200991459 0.424847011304884 0.529681036949156 0.120857210360236 0.342596144084444 0.39929287120203 0.623317200005891 0.394339712202217 0.592699944535178 0.134599574370182 0.118806139520842 0.285811037727312 0.374442701036711 -0.0377856252566745 0.128224120052306 0.648758224718907 0.740188683225919 0.471685365710823 0.663024837246617 0.334312627215933 0.373894686406885 0.073129330570192 0.349463787026 0.444216649329621 0.546164493119364 0.540752253638055 0.57083356971019 0.692914857380165 0.704741580653657 0.196200224760168 0.464177206519732 0.407536915185294 0.501038189720961 0.00441830650706472 0.103955142612828 0.473023980633189 0.384980768446922 0.210326328033882 0.0918444961927987 0.258894018843706 0.234216880075986 0.262796670684816 0.196754245386526 0.563682190522418 0.635181371680535 0.329123438276551 0.32493091200946 0.447618523033328 0.382247871135734 0.199796295892867 0.160145511113924 0.396154380343381 0.563139783263766 0.484089397273292 0.520894215088873 0.122884794167406 0.222202742907039 0.615208068165039 0.709027335621088 0.721930194551753 0.803864930299221 0.262377389833193 0.32470018407729 0.514711401580638 0.458584407358999 0.194582680208165 0.417380650313085 0.0442596803393707 0.215245849515158 0.188882609920429 0.257485412211339 0.210834441791596 0.303383303936492 0.215313227868034 0.348363424468105 0.324291872249017 0.459493648010927 0.442729149859019 0.675015525502268 0.219198221234177 0.375541640778062 0.441344126492623 0.672049168020882
0.318972104519109 0.264776828187181 0.363477113562628 0.38211230822357 1 0.427120196080039 0.442425666455826 0.361679921700161 0.484452672274991 0.433953492965116 0.200522002211933 0.140909992071333 0.293413381843489 0.235834315381891 0.268197756039282 0.278956242468212 0.277989749047402 0.266955376573161 0.316338306868966 0.309610273891124 -0.01727793743483 -0.058234054974875 0.350683314099577 0.315802451765938 0.353608856535524 0.331274980837603 0.390595080244306 0.193344570454344 0.246794913835424 0.383397738945962 0.290783060681045 0.252470021535956 0.450674424074708 0.338849506433772 0.272044226116251 0.37929830462135 0.191825476422269 0.34489214923422 0.388338216034283 0.369231228594103 -0.0479180405616373 0.16187578506884 0.299312082155633 0.340146771465303 0.391247496074015 0.353646488196564 0.226930863282294 0.266489116636129 0.32776041833961 0.287737101792728 0.269363164272622 0.217469048564355 0.140306402549834 0.274122973526436 0.355940455430194 0.274697514171784 0.295119021480777 0.244707635514231 0.277829321894894 0.236229741763138 0.297552926220917 0.212625346535858 0.212610517978972 0.280881712428605 0.279726188901451 0.214570067192741 0.348835302129988 0.330969048559653 0.333201936158265 0.359545939660103 0.293234609743545 0.153558523076678 0.192149054639736 0.318594515159308 0.127935997551136 0.218713839338621 0.0678614963109784 0.318093447143176 0.254248498094063 0.208953232100059 0.25976227261331 0.267888849647995 0.25169890208386 0.23822774454437 0.26099161307424 0.346744881134648 0.199054450140286 0.281316593878783 0.165976952472623 0.305677312305597
0.305063750989381 0.124446435799517 0.344516100095136 0.492023848608736 0.427120196080039 1 0.459412078162472 0.591052773490808 0.326943089447152 0.445977106627383 0.23719287643892 0.366094411247622 0.384637508139314 0.49654108466686 0.351856879076706 0.518409126368871 0.157073017251816 0.17161715526113 0.291275562903817 0.336198369462279 -0.0503457743804523 0.0328738857755935 0.409149671646363 0.54345866519915 0.244774453541526 0.418094460743202 0.245882476830533 0.458412087190096 0.246453933845714 0.377515678103477 0.396497938740808 0.401711604684445 0.40025724413185 0.384419807086331 0.428635313215911 0.39419804570312 0.130267623856548 0.187150781843643 0.25312272900319 0.242041361621235 -0.0806133692010606 0.13593768835097 0.382632510716825 0.353125177855286 0.304640745082981 0.208854397885949 0.29670064757194 0.251016421783228 0.329552843564491 0.235949110618598 0.360892473534931 0.30734591182731 0.219342560535102 0.264325989974609 0.287013934834763 0.341913636174488 0.154124087851914 0.119921144342185 0.338443415998413 0.382377736751286 0.396925598636142 0.470824988229304 0.219386871081399 0.334908987452101 0.342241415397251 0.41427887530386 0.385074255024996 0.407507870170449 0.155906439495378 0.242979128476673 0.443283939193607 0.440213169969498 0.184903127122575 0.440380581969027 -0.0542097666390173 0.13280768389969 0.171193648999204 0.262161414149158 0.13823452762707 0.229936142446694 0.201576239539661 0.205264206007031 0.363815866097156 0.533814765612181 0.374232161475093 0.494439600696162 0.246446542053917 0.326313843841608 0.342627799681657 0.500356782898485
0.508626702788245 0.277432960372384 0.819956720145718 0.747219850005922 0.442425666455826 0.459412078162472 1 0.791220951982753 0.534322216551692 0.499458199222642 0.452335661119686 0.364381384006469 0.735619485022703 0.615124739446728 0.574474710682965 0.528237540165441 0.252195208177608 0.293049514230303 0.489911024433143 0.446397197332672 -0.142379181907221 0.0659852133552028 0.774442632392845 0.493599807560558 0.480637812311119 0.527588011701532 0.369752008404172 0.318317163568339 0.331341191177791 0.482163755160622 0.494031246928771 0.557467621514088 0.575265067134345 0.575467847192521 0.611993277315858 0.59069549625323 0.18841965481249 0.330802870193651 0.393511454755495 0.420576475356847 0.0164795010040459 0.103196566924758 0.564158610390752 0.521665718491022 0.407974304979861 0.28553120338036 0.421183792708082 0.421565031751552 0.425471495239852 0.339242790399734 0.627697071179773 0.601565732255151 0.405758593757915 0.464617018052288 0.477864677612191 0.49089840857196 0.249632866659731 0.280920319472812 0.400441925326286 0.549489563189464 0.621576503154342 0.466946894279283 0.353361322577678 0.435348970088834 0.72823580605284 0.511947945289879 0.691208920310544 0.64481254592085 0.227484852642028 0.35214357168535 0.591301418179839 0.600984445183794 0.384893619304718 0.516804324470877 0.1054984684507 0.234052170170852 0.301955561586911 0.299871964627095 0.292787972996594 0.445291899366834 0.352719524923072 0.411565768322323 0.435516824581236 0.522712586086382 0.61161176223598 0.632107507388131 0.253541357103948 0.323209704592659 0.571154356819995 0.637880378001782
0.303069399614477 0.072022326450131 0.600493001324971 0.839304200991459 0.361679921700161 0.591052773490808 0.791220951982753 1 0.335080930505566 0.489094294791563 0.250582023535723 0.516909892304978 0.5116694926094 0.637408520590685 0.398695522913284 0.572218544077058 0.147639547175138 0.07223958965261 0.366475054741707 0.44397567788186 -0.107542076577243 0.071272221905746 0.642064303929518 0.715655954841542 0.248109986813296 0.481600591950267 0.220656277453984 0.337622820492994 0.21406668335644 0.48683768957358 0.531131308678862 0.633492659773142 0.581988114033605 0.669896475327974 0.693954923987607 0.64458420920068 0.100908640028662 0.305113763480432 0.287413154650826 0.371559107078344 -0.0169942200390879 0.0252360879235841 0.421991647606412 0.359324673464574 0.264903280277792 0.121689130887783 0.259405951106542 0.21152803136917 0.251217449710696 0.137648686433203 0.444034200469397 0.460123842289036 0.27616069787199 0.271575503579723 0.305236339677019 0.290413563054431 0.108081201433795 0.067086378837687 0.31042329601963 0.553240743867825 0.577896642384596 0.772350950794513 0.266435029451784 0.40669486405858 0.545904451649834 0.752103182100008 0.594505976974537 0.712650583964148 0.123695260966532 0.213670202456163 0.522725451696846 0.464336095313007 0.214647501009161 0.437686516095436 0.0101858138076639 0.102652605271089 0.220552848927657 0.269723386113424 0.213446004490823 0.316345953435568 0.178964864733824 0.271237081722389 0.257296189517574 0.389875845470739 0.377794067868398 0.596354158839751 0.0843526374793597 0.256114135469249 0.453122795877096 0.580443275610331
0.455618743855681 0.327468348603916 0.593136759840346 0.424847011304884 0.484452672274991 0.326943089447152 0.534322216551692 0.335080930505566 1 0.627509002616158 0.34269531849208 0.210807510144791 0.455853125468893 0.390246692529241 0.530439767790813 0.521663316038981 0.103761601155906 0.324128160058715 0.216030412256739 0.181720317252595 0.0163417737834613 -0.0474764458387037 0.390711647792782 0.259656020994085 0.518000635284338 0.525672916484695 0.657408738889644 0.160659251122107 0.234914968041501 0.332482909443613 0.197513358066774 0.286924193712268 0.294373276816369 0.281322355016397 0.311636227533007 0.374110223027031 0.243935998492073 0.252498847035132 0.519432259574435 0.455555074898899 0.0108707068078117 0.149354965342049 0.419798402511463 0.371216109392724 0.258889626876669 0.224267607490357 0.244200057086099 0.263286556055119 0.37052254183413 0.384318292402779 0.536347099240314 0.463269751390646 0.287055077640716 0.31473961584888 0.462394182324263 0.466916296142113 0.222771649244703 0.284881628951663 0.387818103783217 0.385287011649188 0.451358328216257 0.148697587820122 0.0674123455911938 0.258263324282567 0.521550862696513 0.200700148817141 0.448775552104713 0.339553733580763 0.176903813041029 0.329907978162387 0.469527608611187 0.547728307370967 0.210439874245668 0.339216771701691 0.223600421625696 0.211376890760608 0.10508935453368 0.221714349308911 0.176122855528975 0.353010067703556 0.283389904552627 0.279343428582638 0.482052917200612 0.363841306468452 0.482271919300463 0.411644140809677 0.563627199105919 0.362068053685523 0.52352375094452 0.550700709649121
0.408761554162862 0.235389436286746 0.480494329459738 0.529681036949156 0.433953492965116 0.445977106627383 0.499458199222642 0.489094294791563 0.627509002616158 1 0.213510583320781 0.422631355609677 0.33505223009065 0.502550758481812 0.419862737093559 0.750405376406911 0.154845117298707 0.2496152001153 0.197770565546365 0.24767100371812 -0.100736616353771 -0.0452184250366692 0.332086453445253 0.382234835604372 0.471659733359255 0.638167475909607 0.496841947000293 0.31460334617348 0.121382982192769 0.453162488368927 0.2820853823806 0.400661111777844 0.337529941194259 0.399550183617283 0.267513691695434 0.452586541367349 0.235979002283396 0.276043258923612 0.415605353623591 0.370020102677269 -0.0109184407381864 -0.00434461044670947 0.489664626787706 0.446055920733124 0.210094058409476 0.174407880721899 0.292533836836311 0.203061130606079 0.274953066788549 0.285540478411133 0.42121175390841 0.386974332719018 0.232107357541415 0.250923824722718 0.405148786289225 0.29582516522143 0.180828636842357 0.181032399814083 0.21235387629815 0.315665416449268 0.42707076181747 0.389493154530459 -0.0306188865906531 0.196411941646667 0.435710967484493 0.437650557422061 0.36356564361877 0.400254777970666 0.156139544960667 0.278247685213142 0.487095757177277 0.449214897366375 0.141120761618823 0.364397228473249 0.240159263305649 0.242554187260443 0.134821172081052 0.209563472863482 0.201341493687533 0.42214382763266 0.248152813070643 0.208949714868354 0.287340634946268 0.307127524528089 0.294006274222471 0.324147665771901 0.374811970035922 0.267480854736902 0.403968381649802 0.477861111747687
0.600127590248832 0.438694979273134 0.387382346862744 0.120857210360236 0.200522002211933 0.23719287643892 0.452335661119686 0.250582023535723 0.34269531849208 0.213510583320781 1 0.574492565318871 0.716734532043317 0.482709683993601 0.440051820610429 0.262084640934547 0.433170292784307 0.505637851637162 0.537336122524784 0.455800696092472 -0.152515974872505 0.101213468994927 0.396346970237256 0.0634234369897497 0.247541908834232 0.26521350100454 0.246623496999648 0.0348645995017355 0.623815484913866 0.547133427092602 0.434339077223738 0.325429587172537 0.483922485980096 0.417729314117913 0.191219466877396 0.210060875663808 0.208397838705724 0.244357765556289 0.250621881469448 0.283356987957072 0.174439359437835 0.165411123128198 0.412968863843742 0.478386777164743 0.416131162750632 0.356567382282805 0.420214531515302 0.415621370347857 0.383236886345311 0.339574688795416 0.328723711468199 0.281111614688066 0.335772932581762 0.316503557985219 0.280847120948475 0.367518209157082 0.363701677013831 0.41688717723835 0.363772544626698 0.341279435477756 0.556212650287411 0.171144519028373 0.585243866356059 0.631741093435093 0.322621343830068 -0.0065802811375111 0.336629530062346 0.23475966343068 0.280540550712583 0.352228305343372 0.308523841487156 0.351505878628442 0.455191930834504 0.488387087348771 0.15895527302385 0.165330683153386 0.242012826751088 0.27769426861503 0.378742735360609 0.534946451980592 0.473944809549379 0.435933688041477 0.379334557553465 0.291767930305204 0.541935102588924 0.400706409309101 0.235096908382698 0.106630607594251 0.441885862322134 0.334448506458954
0.492721880829349 0.338662682053023 0.30221132993139 0.342596144084444 0.140909992071333 0.366094411247622 0.364381384006469 0.516909892304978 0.210807510144791 0.422631355609677 0.574492565318871 1 0.461333216253764 0.591728586760713 0.28493274905225 0.426114499930769 0.291140575020454 0.312517986313169 0.43309000786022 0.528951586980616 -0.0531791801189441 0.0486489023789748 0.289494850858992 0.264189723973373 0.0942549549298931 0.400720148900846 0.141498373859464 0.0873384998721175 0.380130755674456 0.710344780522646 0.515491186185441 0.470213639888028 0.50075629744496 0.570201121132423 0.257056926139239 0.331745837562722 0.136334491113167 0.227941144907805 0.183240206163875 0.293831960673662 0.0927401756370871 0.0798873682596598 0.407151465113143 0.427311686031446 0.26865482019596 0.238942797348103 0.347934885295478 0.207085876521809 0.274277919557026 0.2284832671251 0.293733089590829 0.299147054279885 0.270668940772358 0.131574946822323 0.2321937358015 0.147485358317362 0.262171233376203 0.24545654862747 0.310125111430493 0.463536005248276 0.580545744570992 0.567702098476328 0.362228649955474 0.565529455134139 0.191990296159544 0.319320739205717 0.259537394047591 0.374804084872723 0.220065949154078 0.302222589372482 0.390462798409343 0.353373956596375 0.293541681732045 0.455859502277874 0.100264412450457 0.196579801441569 0.167272868178413 0.291131052871023 0.40639083318747 0.45668789378128 0.333783480173357 0.303249287128363 0.192224766289697 0.2587501079616 0.267947652580533 0.370326637718755 0.0831817554445165 0.0495283408022218 0.354536704071428 0.35165916465612
0.557825368381766 0.34565052401554 0.643465511840851 0.39929287120203 0.293413381843489 0.384637508139314 0.735619485022703 0.5116694926094 0.455853125468893 0.33505223009065 0.716734532043317 0.461333216253764 1 0.68839931114743 0.732917261894866 0.482368347004618 0.262390747825475 0.361523771226218 0.589383226535735 0.503407534133504 -0.189065373636644 0.0526363917305935 0.77919042318132 0.369334708901541 0.467167736720206 0.347633467199937 0.368638770020752 0.175415055757237 0.4340385452924 0.51746151493342 0.507396509455361 0.463646157588272 0.481563898056377 0.45031474660527 0.452065223317254 0.395419760461601 0.122714181822226 0.192547566652952 0.331367566622379 0.30910338556468 0.0251856255961364 0.108416252288627 0.475976140329843 0.501614488782688 0.40922313808623 0.298750451485432 0.381926007719026 0.388577319663287 0.382685907050183 0.326301486623832 0.482017508448008 0.396514798078651 0.286054802851352 0.379498193378288 0.363516614083605 0.425586059955877 0.251927045390604 0.323703853525186 0.265763579073706 0.379624208233355 0.469213767055027 0.283466975364234 0.434083036873917 0.496308519745965 0.646552370993183 0.224251032757295 0.4404574163273 0.352208047459534 0.213380479692922 0.341888426253934 0.522882636067341 0.515852999643577 0.432760230412763 0.4849876882326 0.0717889946515921 0.11348900927646 0.205603701540134 0.253913207283145 0.31039021919738 0.468661958285035 0.354662984460566 0.370141417749712 0.596701568453479 0.498928491661529 0.735336902331754 0.51667932584379 0.341578334312803 0.330306850196821 0.534481915895352 0.519936906920025
0.535131773938641 0.27899142854339 0.585950463295953 0.623317200005891 0.235834315381891 0.49654108466686 0.615124739446728 0.637408520590685 0.390246692529241 0.502550758481812 0.482709683993601 0.591728586760713 0.68839931114743 1 0.560314174720419 0.644220956550371 0.233323422703364 0.24813683701063 0.43289476059949 0.574133249624322 -0.138522051017498 -0.00520780546459552 0.639236765548118 0.645406040779111 0.490645479629334 0.5140055609757 0.308813732358151 0.22347379398869 0.248333449005107 0.492361722294838 0.426994534174884 0.491171759929588 0.464562322264367 0.511157278854726 0.559118799890214 0.541683671396979 0.145136499241331 0.283673178845387 0.295061610041881 0.430011613280031 0.0275638652135518 0.187128687047949 0.464174585970146 0.449242719767583 0.353033032687134 0.23578666018895 0.353991307208891 0.284123352740038 0.340172017444866 0.299063732966052 0.525815369563925 0.480771584072668 0.303055225785841 0.309014749038786 0.441089018415472 0.371158380518886 0.250229380831468 0.271690239162808 0.368187987783109 0.520267016883406 0.519663931773793 0.47485449325368 0.32838479389358 0.445889170260753 0.617022570102406 0.550272545197192 0.45204987926844 0.553185976937885 0.279288696693404 0.408437323246698 0.504797928826834 0.500980123580458 0.321247449529191 0.478590259234386 0.0397359037816589 0.219929742178971 0.134739912424874 0.208575828502464 0.287467189380601 0.41866119637478 0.304084710637752 0.387347991203346 0.549114925465957 0.546318349752378 0.641331534647005 0.653522621582771 0.314035222673396 0.488780155998685 0.42409748594426 0.626204991032205
0.402211624838299 0.199030899035997 0.640982736759352 0.394339712202217 0.268197756039282 0.351856879076706 0.574474710682965 0.398695522913284 0.530439767790813 0.419862737093559 0.440051820610429 0.28493274905225 0.732917261894866 0.560314174720419 1 0.600397355425045 0.0935170789358305 0.219583889681473 0.452566642341302 0.416153421655906 -0.0668086581565228 0.161861352985546 0.745862395025497 0.35282710737218 0.593119404619721 0.545388271980219 0.540464927097068 0.200574130169222 0.365156962205231 0.350403840770263 0.491230398548741 0.499187230441933 0.351575013355277 0.329164980939051 0.464325226332873 0.405474159167623 0.215294108496029 0.186763551269356 0.378907954156444 0.29123200591023 0.114490652622959 -0.090737879211286 0.500566170412965 0.453581235869581 0.271594720139842 0.154882165145425 0.37969378900552 0.390358949905734 0.329334953775276 0.349591821875498 0.489418173859626 0.414651792276714 0.303832087008758 0.404470157501924 0.428313289062137 0.425413247019868 0.147149084028659 0.199570669467684 0.152583026766321 0.252401740439317 0.243332070863152 0.153963878722518 0.133435975137017 0.271605068428254 0.579048397341586 0.193468406244049 0.378578804451774 0.315195907054561 0.102665492066381 0.208663909292333 0.616156820267939 0.621416094888646 0.302090395225676 0.427306597214191 0.142821469025914 0.0485382544157928 0.26905119385682 0.22053389449848 0.151255880243534 0.343477648649417 0.200323076104121 0.220137450186212 0.604840230762579 0.472651362707147 0.659556992669048 0.399365096407433 0.488625542025867 0.288926011344699 0.495728736721033 0.58574438980619
0.285373703583652 0.0903499791920248 0.528184134101969 0.592699944535178 0.278956242468212 0.518409126368871 0.528237540165441 0.572218544077058 0.521663316038981 0.750405376406911 0.262084640934547 0.426114499930769 0.482368347004618 0.644220956550371 0.600397355425045 1 0.0642811180718739 0.138767687211899 0.185215116128294 0.315925006082968 -0.0949605017414272 0.110108304789826 0.561735792671673 0.612818980867334 0.55452758265256 0.673902698177745 0.522314142447367 0.361699039408581 0.224100047521188 0.41540965804057 0.417118532204389 0.539911796644682 0.376354129152841 0.418190905443932 0.462660971612819 0.541129151959534 0.156452777555258 0.196166364596552 0.347420697740285 0.304473580955006 0.0367089666050659 -0.0520433587202992 0.506540615955183 0.446382987654054 0.170981682654517 0.0935876104879249 0.273458478573638 0.227555280728046 0.22395428889572 0.204003449970885 0.438029947288796 0.407381734888238 0.286005005453338 0.352093816058107 0.426103983450357 0.300964008541696 0.08922511934092 0.069553474737827 0.0808863352951746 0.205528593953618 0.345080639675264 0.369676566609041 0.0341884695013961 0.246863545717329 0.517993433156588 0.499114115162192 0.443809791117175 0.487276450187152 0.055995159496128 0.172262383618369 0.496709046147154 0.521633451120002 0.212786872936121 0.381731399025352 0.203632880132975 0.184413191882198 0.137974168761055 0.157137900332844 0.0675750250226369 0.354675481844281 0.156656261449298 0.130132470489692 0.339345850071118 0.419473767043466 0.405582464783727 0.411330453512274 0.479523797827004 0.353563996831848 0.403920301482147 0.596372520124912
0.664378929643358 0.76472610970229 0.301178989092813 0.134599574370182 0.277989749047402 0.157073017251816 0.252195208177608 0.147639547175138 0.103761601155906 0.154845117298707 0.433170292784307 0.291140575020454 0.262390747825475 0.233323422703364 0.0935170789358305 0.0642811180718739 1 0.800365165467628 0.622749833937519 0.563371065855332 -0.160693893884605 0.0739333287361097 0.230566987069553 0.0797480346266364 0.244593111533402 0.223214638011895 0.18166254747868 -0.00387427971553375 0.547743336879918 0.58809808828274 0.357246020146232 0.212862717377764 0.663569865984892 0.541098353122378 0.0819109625815276 0.255039442468327 0.221103722244532 0.334919696202998 0.232337042214709 0.385309114807833 0.170914612987043 0.251992205747246 0.470018671701669 0.597015754206221 0.61371947588613 0.66025227496262 0.629466985124448 0.6020187968272 0.623829545963113 0.570308127685029 0.40990041069351 0.325612493951407 0.323078959971663 0.379094233719972 0.350525247280288 0.432040747114938 0.783162090686953 0.713867981719957 0.503994658219313 0.342352122152694 0.332756492844775 -0.0629829700581534 0.669586260797809 0.631650800265285 0.0522994801907177 -0.129093431274167 0.31560419368187 0.179988572566863 0.629829800737784 0.653057482108094 0.278277863721505 0.185891663238641 0.443808791351162 0.406215873480164 0.0256392758258271 0.247197456280091 0.347981609793882 0.415806442847787 0.645818238150032 0.660452209126534 0.780462449677385 0.691900140548869 0.195177849918826 0.277829308972455 0.392493323210353 0.451650478420772 0.120349216714203 0.115982073090471 0.207128950748889 0.211943052557397
0.777625312703868 0.891308705868599 0.39364900799605 0.118806139520842 0.266955376573161 0.17161715526113 0.293049514230303 0.07223958965261 0.324128160058715 0.2496152001153 0.505637851637162 0.312517986313169 0.361523771226218 0.24813683701063 0.219583889681473 0.138767687211899 0.800365165467628 1 0.629580237192236 0.597664474875836 -0.0714276669898645 0.0628829894069711 0.253336302178646 0.00880988083265257 0.376395394066906 0.265966793788259 0.310662885840898 -0.0696751803060874 0.541557406802242 0.600665476858063 0.308612718057804 0.197105581581598 0.634507929101171 0.482291981378793 0.119492711869069 0.296330542697531 0.295164955694694 0.332070645835179 0.376987741802706 0.443656610053777 0.191454972927951 0.337839643345238 0.536377247034905 0.670201352912017 0.688015396874932 0.735287849026094 0.656675362496045 0.659657338698346 0.673010348076945 0.692565475116212 0.486873596822215 0.406873038053123 0.334258400488989 0.47530213210369 0.435398541285483 0.575477223918065 0.846530248882708 0.828380394464856 0.585352350944406 0.429308136959822 0.409334939721388 -0.172539526776425 0.616069259985076 0.678543561040041 0.199409859729253 -0.212206154663784 0.40110148094763 0.194569389746282 0.704017911890675 0.785113464993113 0.3509845020704 0.294298666994448 0.451711407090557 0.387541457707717 0.111244095326624 0.201862527868442 0.309356699593142 0.368771081974469 0.689417753617231 0.70990695685706 0.836390599114189 0.745242509696321 0.364535569784887 0.440294889809701 0.540386479624534 0.528073129909685 0.367555188855866 0.244980725304923 0.31660081602602 0.35553533980399
0.721393470705765 0.650261942408058 0.486628147065988 0.285811037727312 0.316338306868966 0.291275562903817 0.489911024433143 0.366475054741707 0.216030412256739 0.197770565546365 0.537336122524784 0.43309000786022 0.589383226535735 0.43289476059949 0.452566642341302 0.185215116128294 0.622749833937519 0.629580237192236 1 0.816915249845721 -0.112392823596937 0.0825232177177216 0.567300121949458 0.180802372446306 0.355749305240779 0.339515712906265 0.172595540028374 0.117893113267764 0.521202683538597 0.626365297856633 0.570658399497263 0.442019598323929 0.694132654415494 0.622060190380531 0.270140005358496 0.348966321094133 0.269034914642071 0.317121205565658 0.33517426356936 0.374118619278607 0.114128217165078 0.167806891615339 0.544478337588119 0.611576643648645 0.606269040478619 0.570649422231868 0.629738416584047 0.625447914348267 0.610406023470652 0.546096032016652 0.4583802946424 0.391144049619568 0.277086782936892 0.431288979397368 0.38996799561131 0.51319237816343 0.634340062946295 0.60912628476872 0.477702437713359 0.464230245408509 0.347695529456545 0.072297351292302 0.598481822159242 0.568051467863412 0.260668071256044 -0.00599941814418133 0.416764263848996 0.280655514404824 0.602112430098593 0.622103093204157 0.525600762844774 0.437975353915055 0.417030513112028 0.49406750235758 0.0140351365275289 0.19494615677893 0.363308266882998 0.443788633817436 0.583535306024251 0.546294561195868 0.584622870366763 0.5947050880992 0.501533821158176 0.459670531739551 0.620597125346711 0.546723295982561 0.223272466403375 0.203033163370328 0.340383408569382 0.435949792205373
0.651061134696539 0.6109822072874 0.42777204431135 0.374442701036711 0.309610273891124 0.336198369462279 0.446397197332672 0.44397567788186 0.181720317252595 0.24767100371812 0.455800696092472 0.528951586980616 0.503407534133504 0.574133249624322 0.416153421655906 0.315925006082968 0.563371065855332 0.597664474875836 0.816915249845721 1 -0.00751403920752451 0.0926361443360779 0.531550803636506 0.384466464603129 0.321967545477724 0.372865808118619 0.14786361409151 0.107103617661723 0.447881757187701 0.650858235538313 0.549207904768417 0.460253790933365 0.704143667235743 0.665692639592647 0.334551268374342 0.434463301948772 0.265826171044552 0.327485471996399 0.319701986806811 0.383630061971583 0.0735351341187105 0.162559027570596 0.509474507006318 0.565729475220834 0.602808529449821 0.567267694951867 0.597043393710578 0.552887160057944 0.602962891049872 0.498910993174781 0.441151637051528 0.361901082473491 0.279479334330385 0.412292722405631 0.385926183891837 0.454445543664804 0.629979345498391 0.576530928680641 0.485851463435283 0.49277364138857 0.406055951369601 0.192343679404937 0.538069572234863 0.632079213712553 0.26940631286588 0.157544528972201 0.434103526431981 0.376552520573933 0.629138942854805 0.62179439206927 0.475909120635697 0.378434974824838 0.425323444816571 0.475936260752217 0.0157414968529533 0.21533222844478 0.307660721273942 0.426041337311148 0.532215441933128 0.527476804400695 0.540028081945611 0.588868452917682 0.419857336354783 0.470252701149008 0.52819221484001 0.60881789624006 0.266798606049426 0.278661997011225 0.217986804569243 0.437306235966552
-0.0343004659067396 -0.0216845408845988 -0.0798439350996661 -0.0377856252566745 -0.01727793743483 -0.0503457743804523 -0.142379181907221 -0.107542076577243 0.0163417737834613 -0.100736616353771 -0.152515974872505 -0.0531791801189441 -0.189065373636644 -0.138522051017498 -0.0668086581565228 -0.0949605017414272 -0.160693893884605 -0.0714276669898645 -0.112392823596937 -0.00751403920752451 1 0.111221657644466 -0.142743130691053 -0.0774067076796992 -0.0750838044432066 0.0397619732424654 -0.0227374542462515 -0.100598489148444 -0.192951350008247 -0.113547529231377 0.0276860159946659 -0.0858492391491357 0.00560239354894445 -0.0212204245849249 0.0374188997346257 0.00542973287967278 0.124497951328828 0.0914056464356374 0.269781431498007 0.10747647812957 0.0554517678222384 0.0620374488221739 0.0887088506280676 0.0490407759726111 0.105171103378661 0.10747661072581 -0.0387098077215082 0.0719322813178319 0.119784370519623 0.0957762899954898 0.0206346001868694 0.099684865511813 0.108933725624196 0.144155127962571 0.0845320104732113 0.102356183847695 -0.0431392149233635 -0.0568447258763674 0.0700902331697893 0.122269386956408 -0.138335844642029 -0.0781566212026704 -0.127122941477216 -0.161976633663971 -0.059300845869004 -0.0421599409552311 0.116606011624266 0.0872423574446111 0.0455787656315644 -0.00217353534485027 -0.111817344310578 -0.0899731712227269 -0.142104883440834 -0.0375436297444017 -0.0898408829505792 0.105895864163839 0.0642821546229036 0.0609436418726762 -0.0499328139730313 -0.138210046025867 -0.0324933642243438 -0.00485164731220687 -0.0642117134167982 0.015776550888552 -0.084288815217665 0.0258026675903882 0.0829489365291685 0.0392604688607258 -0.145035664698707 -0.0414453877482023
0.135584462558055 0.00652291688494901 0.168378311491521 0.128224120052306 -0.058234054974875 0.0328738857755935 0.0659852133552028 0.071272221905746 -0.0474764458387037 -0.0452184250366692 0.101213468994927 0.0486489023789748 0.0526363917305935 -0.00520780546459552 0.161861352985546 0.110108304789826 0.0739333287361097 0.0628829894069711 0.0825232177177216 0.0926361443360779 0.111221657644466 1 0.166959478355217 0.0385494438330163 0.14392440434025 0.134937846759255 0.0206785239923363 0.108511647621376 0.094115496679516 0.0711367829615979 0.283913025179311 0.275623069870396 0.212081893605638 0.130406904210409 0.127649009593992 0.124571379216949 0.0996479357600515 0.0548015479779876 0.101115295727059 0.133115719646222 -0.0301997108826297 -0.125858778041576 0.169805437648545 0.158748983633922 -0.00371631865421912 -0.0477493491056198 0.134864364339751 0.13098494310866 0.105605206413726 0.0288700800197978 0.147709368739746 0.184507520314804 0.213471172967104 0.171342975640476 0.121263486980235 0.181373955193585 0.0529193317829086 0.024631662923253 0.0701426551425309 -0.00136896793371555 0.0445261178049352 -0.0806138459155554 0.0408371962351865 0.094182288667959 0.00295832145828764 -0.0133471567029235 0.189312260355339 0.128105643781245 0.00477113924515157 -0.0347502243713083 0.156005910291592 0.174394670093035 -0.0251699618284416 0.103006452523652 0.106105122141539 -0.0174966525833672 0.209809471255885 0.112299591646329 0.00706074536731504 0.0867793517059668 0.0760944194149464 0.0729313895256675 0.022517924786133 0.0802586718222845 0.00609418346144783 0.0706955125451125 0.0484786775851476 -0.0283039617345528 0.0594363333843617 0.171045128892549
0.426419181108434 0.229127625260496 0.782010799974746 0.648758224718907 0.350683314099577 0.409149671646363 0.774442632392845 0.642064303929518 0.390711647792782 0.332086453445253 0.396346970237256 0.289494850858992 0.77919042318132 0.639236765548118 0.745862395025497 0.561735792671673 0.230566987069553 0.253336302178646 0.567300121949458 0.531550803636506 -0.142743130691053 0.166959478355217 1 0.561876835690205 0.584392973991952 0.497676102109145 0.402933153964331 0.266722861802257 0.338448265970987 0.420530773058515 0.580522994391516 0.582031372301069 0.529516483498189 0.482869289869319 0.590983915302175 0.535441703035604 0.108357345213059 0.302924376201209 0.350767387560321 0.361599053731138 0.0289896725003395 0.00398600339590376 0.535196964735373 0.510725406383678 0.370650374171246 0.223235536551743 0.386186103522849 0.40169449749818 0.34646775419834 0.310787741760011 0.520226976535319 0.499094861393246 0.313825727442895 0.459685096583007 0.429155607796049 0.437530468004337 0.226119065249729 0.236586394518603 0.233645853156986 0.359434651679104 0.33746505995865 0.276918883499711 0.300833323414951 0.340185796241172 0.66407718615084 0.353815723776865 0.569915794513366 0.528073684896854 0.242054363032129 0.315109839274493 0.548658222705701 0.548878174071783 0.353542164208275 0.424938755395409 0.0462158680729948 0.141479915739893 0.245019861050578 0.222925242997701 0.243575127033965 0.403413632019901 0.30067795985981 0.355904515695238 0.529070348018348 0.52405375608325 0.675503981118861 0.57646063103484 0.376394995602806 0.393782481124591 0.456338247641027 0.639611797077948
0.164163660042815 0.0214263433655208 0.455081111532931 0.740188683225919 0.315802451765938 0.54345866519915 0.493599807560558 0.715655954841542 0.259656020994085 0.382234835604372 0.0634234369897497 0.264189723973373 0.369334708901541 0.645406040779111 0.35282710737218 0.612818980867334 0.0797480346266364 0.00880988083265257 0.180802372446306 0.384466464603129 -0.0774067076796992 0.0385494438330163 0.561876835690205 1 0.377420267459841 0.393835380900837 0.336233497892841 0.387456063720491 0.100026277100078 0.273532065044298 0.312524220028953 0.469898058799448 0.41559686562027 0.492865463536468 0.604040039366959 0.593277886903093 -0.0457189836519293 0.223224066642672 0.27152516282836 0.284555668753694 -0.137028305872722 0.0979361102567948 0.270641785183353 0.223454841937351 0.197136351172345 0.0598059411924662 0.149497345874036 0.0502343878884552 0.148029174798964 0.0598027973458098 0.357762470777698 0.311795329659098 0.159931209340068 0.203596562262862 0.304951172786835 0.206018992903593 0.084983834703079 0.0113506691705375 0.196982769480946 0.320189579728443 0.33046888973409 0.486197212353391 0.151353879921207 0.243083251363579 0.526486961591081 0.694023825767135 0.442132211779056 0.605884140286282 0.113741520389323 0.146732472070446 0.340697125531229 0.259284546334875 0.152134296072682 0.291386250259871 -0.0110153796322719 0.110201248123396 -0.0210694495154596 0.148453808485061 0.0512258743804628 0.194879947566245 0.0821362272202799 0.157583884059307 0.33393186528236 0.419859417827687 0.380873054709028 0.587759312990886 0.234184616289896 0.540885167006109 0.212621044527015 0.492362202790966
