1 0.881235360126233 0.452929071112971 0.576245240875458 0.245282779210807 0.397160649428663 0.589681881888101 0.612795252010333 0.396203609994503 0.378811737314334 0.663929197579994 0.580007127170579 0.603910389844557 0.525885147822429 0.372053799119088 0.42554130347743 0.724630146692795 0.701694391439154 0.870814137196146 0.717970782191818 -0.0252867153346134 0.0427305465967076 0.457949976982482 0.470695511252904 0.239525222272357 0.314078286217382 0.158071470595246 0.0999807667713139 0.599105179662053 0.610102357218669 0.52380395437797 0.474490916001783 0.753146989615547 0.723801826163687 0.36795379762084 0.573910044414332 0.308966079651332 0.41749049269523 0.301758211476258 0.313506350617878 0.291964418370719 0.116108897487205 0.5258860153555 0.524548141690557 0.403767629598234 0.461241647846348 0.457350807120166 0.547858610019176 0.430968578538074 0.45296047017964 0.543272078335328 0.509768403858026 0.44535867030332 0.542668712052817 0.604074918352148 0.571744466074658 0.871968527997497 0.826154645681532 0.806446602944651 0.613946983056885 0.695674083782066 0.371207285303734 0.742184016432253 0.644180801269798 0.265621020731029 0.372587359051566 0.582006413522892 0.618316983206664 0.572512633628061 0.580462295278634 0.599565741112389 0.627093862764589 0.5052062416734 0.552290904454991 0.147550716024351 0.303367596914388 0.576574053563524 0.685192709183469 0.579381828727508 0.508767026750685 0.701540076798127 0.66511088840308 0.390029323184327 0.230059768165285 0.612385509443911 0.637242996922723 0.343199883264731 0.180167941469978 0.52911678748168 0.607090210272693
0.881235360126233 1 0.436593172411366 0.641251135027075 0.204193512617818 0.377166242126625 0.570932901137082 0.661082222443183 0.400657478013226 0.462057615662997 0.56779115053739 0.57782765980262 0.503423142791361 0.530865237567853 0.370528949657981 0.414887844927184 0.722865484624655 0.76216490375447 0.855294283614301 0.80568338965064 -0.0584643072556749 0.0512817253286708 0.472230540990835 0.49678703244771 0.273402772362276 0.381366105758773 0.227924636200504 0.0613284257669442 0.60516682304218 0.619088354093863 0.578824959869616 0.530126251938214 0.73115240560216 0.74176257081924 0.348863759839845 0.549746692313875 0.332528892933317 0.476767777061632 0.381529217806969 0.375853506222764 0.25521014090186 0.0835945784508247 0.58078946010449 0.626974180636669 0.521117054637685 0.574947726321381 0.513308423731564 0.632015796964544 0.549670544448531 0.524491407040042 0.591164810174844 0.583865731309945 0.486395571067695 0.578952780922156 0.648497812138552 0.622037360550301 0.88897692688108 0.882005088892998 0.719773915800943 0.614360145558855 0.579039865143887 0.42188744199298 0.610599189029698 0.669252700305175 0.276841240501592 0.38745763390557 0.518582749321669 0.591564604591191 0.498157382029752 0.6001522855885 0.584839022258055 0.654272934267879 0.573535594707586 0.641097527786753 0.1872122143283 0.288594043821509 0.478723713542489 0.701938895988878 0.576959079008454 0.562807810762262 0.635005571825376 0.689580568177282 0.440212345911387 0.320556269067178 0.635503080369715 0.715296148760575 0.40272944524753 0.331741372100454 0.560175609937168 0.662520221335339
0.452929071112971 0.436593172411366 1 0.648717716820799 0.550714846535786 0.584150502950277 0.821069834631602 0.546899397903518 0.714707434259315 0.588902171410065 0.322271527286508 0.223546395337987 0.519342376495072 0.3645556669668 0.652142585506143 0.517232356366725 0.191578632693176 0.189725825796817 0.416017635569683 0.175765360652004 0.00787008148741412 0.217845434970392 0.681280177518134 0.648676842108682 0.586621169817352 0.580527337576423 0.547804134945144 0.347766619158203 0.210366879058261 0.0982921435912817 0.529401070380613 0.583277383884986 0.614466257867576 0.330241800330304 0.644194012654983 0.605428135404566 0.114670891253926 0.406887177088149 0.358915009274638 0.145887101339327 0.0754299569485091 -0.0123000961838328 0.481650465089177 0.274678490173369 0.258589662554952 0.183142701736023 0.321298992493548 0.313341217625667 0.240494662906546 0.265665263524493 0.571146552323904 0.460010959298792 0.636115126666362 0.656680655872377 0.39049790552953 0.345890542679484 0.292699414465192 0.341400824021949 0.501373614498104 0.413824551815222 0.560075414538606 0.533151761641862 0.301210454253913 0.364536159799495 0.783824697286616 0.534964354720562 0.647604686412329 0.513988564846469 0.192630643301408 0.309511398257994 0.558012661104369 0.458364203123597 0.291048506258089 0.282401085537895 0.124023964388582 -0.0226788227380931 0.440469881912266 0.577100618689844 0.261594177424309 0.334416343953768 0.405673734526285 0.466095094892773 0.32568516927042 0.261743750059235 0.661891007932612 0.625100323711672 0.433174153859188 0.492896439430203 0.673343448302323 0.69231067946223
0.576245240875458 0.641251135027075 0.648717716820799 1 0.263753006663513 0.620198721073808 0.757850773333107 0.898140687306015 0.597924506894119 0.754447316786522 0.41665467347213 0.592980069752138 0.451445838848302 0.700647526150043 0.366866684852227 0.625683503092537 0.390638864654833 0.432090376634303 0.613555823670705 0.536798900532644 0.0139746984120491 0.18916466692059 0.651341944242875 0.780942949270625 0.233679111853199 0.467986972341885 0.287874595110553 0.184968121626021 0.370427075664293 0.460749024925173 0.52770250647465 0.647290073156264 0.666410051855498 0.630690017129692 0.547817417698732 0.689809054379475 0.308332674102761 0.39987766838571 0.354890786219621 0.342868193591074 0.123355888671499 0.0984785401722673 0.584057779107786 0.47609622420063 0.388606721131265 0.405734893647497 0.478444529327484 0.549787008730432 0.395825991325255 0.470942702986509 0.598680440613109 0.565402900780217 0.579377446538212 0.658484351926205 0.58820395410193 0.568023053965945 0.519871768149766 0.584953331003912 0.651429600769432 0.701804628679939 0.70480196392534 0.842760354324877 0.434724376313249 0.71889939444045 0.559639638193298 0.781626766032727 0.674014058966683 0.761238315554168 0.332876373858777 0.395546187989287 0.596738235686979 0.618157131764763 0.490293508866502 0.487356580019943 0.134363937123941 0.107813355644924 0.463944003806393 0.680407122693462 0.342937945394556 0.440953318525236 0.468372672221366 0.589991255646252 0.299096238791669 0.348519864948418 0.616428524841574 0.787862307204603 0.388637832109771 0.339295450784415 0.639099780595526 0.778349118586945
0.245282779210807 0.204193512617818 0.550714846535786 0.263753006663513 1 0.437616853012805 0.366939649355 0.209605675803915 0.503211103176884 0.44216402105522 0.189027211936969 0.00332841880231821 0.338266692944521 0.1088148036505 0.54174323596101 0.398081865129634 0.11488447502266 0.0686069174071275 0.198106047774505 0.0385294518760232 0.0268104420726644 0.187517976762766 0.418905185009964 0.391953758255712 0.494875300107011 0.276801037832927 0.462313083806674 0.330308904616496 0.161576329602493 0.0275356163060516 0.331380978836165 0.34641525704843 0.285929862923133 0.142447634324033 0.320022412290765 0.239794412322399 0.0623299325773847 0.211473281572021 0.250134428188127 0.0707969666186425 0.17627565218562 0.0442597621984343 0.0677603766248793 0.0217849246637185 0.0333572082286432 -0.0544925665869305 -0.00865118250031126 -0.0243956947189854 -0.00701731562760729 -0.0230060378759218 0.199823383593578 0.115514081301213 0.299525550730115 0.271668689113779 0.137196830232035 0.126078925600398 0.127069809566721 0.187172493023614 0.154986952831619 0.119992950266263 0.255106313157297 0.214781923168759 0.148546055417028 0.137739149693725 0.471827981067004 0.174413499249906 0.226669862590754 0.149376870099134 0.0531407440992053 0.169627241360574 0.24803390662649 0.236714548445949 -0.00661323332386741 0.0878822785648493 0.17897492705494 -0.0140482450906867 0.148366609290537 0.344026402848998 0.0940163443803933 0.120959937050148 0.219128207822629 0.260208682625018 0.239087641871223 0.223551935980253 0.45478843213004 0.34944071342916 0.342683758049409 0.401343391425225 0.38344212041164 0.387863463435652
0.397160649428663 0.377166242126625 0.584150502950277 0.620198721073808 0.437616853012805 1 0.563312761111318 0.576203387976799 0.632867959998159 0.720839735579981 0.32859715750609 0.312426816931079 0.38708412737765 0.430478488146463 0.44400207866354 0.620982626809679 0.154903128923908 0.173149437608279 0.321740283253041 0.23159544961168 0.0141932142562351 0.211216377493506 0.359396037355579 0.50325957845947 0.377571388336793 0.276463495418574 0.394355829243407 0.477131228434422 0.219766174453988 0.226435930263768 0.324455635812334 0.377170798396966 0.419246137829611 0.388376323356483 0.407423789399839 0.518622394080555 0.219970888860022 0.314588197981676 0.220193214860098 0.310208113254939 0.107038543150893 0.0868353695072137 0.415617926039165 0.302673252147696 0.291511095419427 0.249989423754951 0.294222708168694 0.299602641103033 0.321088374250566 0.301948108593893 0.497973099602007 0.401016794716897 0.432874517755441 0.523126611982323 0.344247492159395 0.322272741020451 0.292774073485831 0.298925042503504 0.376105872974579 0.367225247880707 0.471980612267176 0.533054738885509 0.246892147856244 0.421125137938543 0.41999845275855 0.515892292460624 0.456785273595939 0.477414235089924 0.195318675274828 0.289637690821167 0.475420190122324 0.457045094569728 0.138281473847351 0.211198493719684 0.0701280636910084 -0.0469785434499293 0.326045126478091 0.541832297566957 0.185079047373056 0.240338136270773 0.318830856262491 0.407303225505684 0.236040933960422 0.196886247317898 0.453569037996479 0.505545069491017 0.308245284447591 0.300921910823634 0.527817637636498 0.54731036194619
0.589681881888101 0.570932901137082 0.821069834631602 0.757850773333107 0.366939649355 0.563312761111318 1 0.744420651983529 0.699363424588848 0.574650360962297 0.489526971843242 0.405555259199398 0.573159703649714 0.47388531264602 0.45983067759946 0.43340692009851 0.333407186111528 0.281191476323801 0.553465360536015 0.318571362904927 0.0495914098963663 0.063691561903851 0.586584085988941 0.574673793065914 0.305743244265727 0.439931211989755 0.342519344465555 0.11544699336986 0.311511181373496 0.246319987259671 0.488461230118356 0.551621215255398 0.69108919027921 0.537821461603092 0.589109083248346 0.685154424454169 0.0534984553718569 0.319231779439712 0.213285150209688 0.0958136161092175 0.0678956026965774 0.0131056317295367 0.59787191894342 0.428685547868377 0.379811381472991 0.403291056529826 0.498598739149051 0.501920016386963 0.411972910034259 0.442224151293903 0.70298940455975 0.632506896374765 0.688964079937295 0.734375118172971 0.535006926457118 0.477982032495819 0.437444620038715 0.494172780490731 0.708145576034327 0.676653375390862 0.733856957598619 0.616996515239975 0.489179258908147 0.582866109759755 0.586101089538244 0.6066393385069 0.7580778397031 0.731976153122267 0.254317826084756 0.380325683548047 0.614623968976506 0.551363941181404 0.413317552978316 0.376029204145182 0.195819432241192 0.00578836511635384 0.391530815512951 0.682549782117359 0.357315907456156 0.335340662210944 0.479880554111671 0.510762601382565 0.284110553065546 0.144704831794361 0.63725202912174 0.65867925352612 0.326718162628812 0.286096161943407 0.692933275034084 0.765053079131108
0.612795252010333 0.661082222443183 0.546899397903518 0.898140687306015 0.209605675803915 0.576203387976799 0.744420651983529 1 0.57843832413995 0.715914969725614 0.533872660600396 0.735574487745402 0.528759103233314 0.765185450432719 0.314211110080292 0.580022450124071 0.470298897980942 0.528580208661081 0.66296768129795 0.560559622125098 -0.0260067915094105 0.178542572798994 0.535935282724776 0.62014030158528 0.0724476134260277 0.322052572252801 0.105475373578207 0.0513358947878093 0.474288966010877 0.584085943301307 0.519298496914951 0.559919317489451 0.675438976448985 0.74077369407583 0.503017903551728 0.709962658078615 0.248780675777263 0.323197470269325 0.257091580690153 0.259482336850933 0.176627227054408 0.123015832122707 0.61906849086437 0.5522179944664 0.494356802894471 0.530112132203589 0.548584825931142 0.637522429891158 0.456140254867778 0.504368305220606 0.565494646702864 0.563606164555346 0.531488504698856 0.6258697994394 0.566537486775729 0.57307084451838 0.538420740805608 0.600231867538304 0.660354107366263 0.726988095587548 0.759631365496492 0.791205527225203 0.58076914403049 0.844982780707313 0.417073245578869 0.735427968323786 0.701198552961596 0.848628266315473 0.307181565779006 0.366152335845702 0.58095303215512 0.62190220540857 0.543172572310632 0.534143474157058 0.176471799874784 0.16086381771147 0.472025304965369 0.669918705461804 0.418676634020867 0.496644191585643 0.575573253956081 0.658776177024085 0.282104449370754 0.289027250119607 0.553217727168452 0.745940148348288 0.326484042212772 0.208539444165468 0.553067953782646 0.718889571081737
0.396203609994503 0.400657478013226 0.714707434259315 0.597924506894119 0.503211103176884 0.632867959998159 0.699363424588848 0.57843832413995 1 0.666076065473266 0.391022456632615 0.289230914841602 0.522929717361468 0.359365766895099 0.628411388537278 0.493957491029673 0.133639164533393 0.156965826134743 0.31297581072471 0.12492235666696 -0.00663613363978466 0.0898341220716636 0.399360303875591 0.372458542053635 0.363607215731909 0.291646560685115 0.525510757675068 0.459012067902557 0.184700382706633 0.149624956223219 0.384436575321113 0.416742671276868 0.508821377974177 0.356747146035989 0.543309678207269 0.552754913084059 0.139754693770673 0.237452088210176 0.304534131494706 0.170473635384741 0.0606072984440717 0.0368555914761394 0.413821743988369 0.241090960411215 0.309628583952921 0.269770279632854 0.323808509502238 0.256120020517006 0.332502826614245 0.332564571740263 0.583682688397324 0.477335549119927 0.559018699417565 0.59873028383796 0.30268693626774 0.328119768306996 0.314446658820173 0.385104130942318 0.494087500292539 0.524937770616632 0.606437308924289 0.619156306831134 0.331844965470712 0.446909201867066 0.541079099466247 0.473767176421273 0.576314372151838 0.544198839113262 0.201530082716452 0.382722302175205 0.530127948217921 0.485569089114432 0.207456990328279 0.205729554347132 0.115425099959637 -0.0850789613039842 0.250905126124237 0.555141093795058 0.152452760436736 0.204497313424152 0.342367323092744 0.406883462522901 0.226241039997534 0.165169241685524 0.52548569890055 0.509426960746144 0.297956814638053 0.294010124510747 0.685602483943167 0.661423988676592
0.378811737314334 0.462057615662997 0.588902171410065 0.754447316786522 0.44216402105522 0.720839735579981 0.574650360962297 0.715914969725614 0.666076065473266 1 0.342307616931822 0.467382603154966 0.427983422725782 0.601917436268169 0.527990518365871 0.768098546854862 0.230786362686267 0.288264038030212 0.37948943459806 0.323078117428354 0.00528632642959321 0.223434796371958 0.560646101333257 0.639408455257149 0.319699405257017 0.383563653244203 0.374741284257257 0.355409767513523 0.26680778618711 0.307699267807053 0.435611015995571 0.55948153920985 0.499544757824958 0.477145451661944 0.501261366591771 0.533061479310547 0.180616621710179 0.303755713948631 0.354074746515614 0.333574442398965 0.090934845324827 0.0488222704190697 0.440874378080791 0.326015982101723 0.378045435101377 0.297896854987011 0.310980755712592 0.315669795778417 0.320675414613723 0.313794759600475 0.461409115327837 0.399297345320325 0.51318243385094 0.568302457482243 0.312430133059947 0.320759454368267 0.325405107611231 0.39999384281212 0.360898133641745 0.396169917348189 0.529551445892389 0.747023819300749 0.275642225689136 0.579919096854731 0.546320878596585 0.588994989538912 0.437923881260537 0.496207979049667 0.121946665917588 0.250097596833073 0.510254573913395 0.508590172672349 0.303221671785873 0.330104416502886 0.215309203835681 -0.0330791591600435 0.315661390769988 0.607424626521732 0.219567740023055 0.333592688636984 0.378795764000381 0.484454619058633 0.301500769362126 0.345680578377449 0.558343080969376 0.650653950459044 0.408903118939824 0.434564384383814 0.545324168227706 0.677612983020218
0.663929197579994 0.56779115053739 0.322271527286508 0.41665467347213 0.189027211936969 0.32859715750609 0.489526971843242 0.533872660600396 0.391022456632615 0.342307616931822 1 0.647016316876644 0.833919890658117 0.617312563959375 0.500376638267448 0.489836416934325 0.590254178049631 0.501382148870878 0.577697946256981 0.452234845856203 0.150238798523451 0.193825884566334 0.427392465652026 0.33375228006695 0.0743979672361865 0.222652962211121 0.00937150221302451 0.0444231775951278 0.729619142834904 0.657588368147291 0.459176818661049 0.419923248362579 0.690384954156377 0.687613947482604 0.27874465350546 0.433884325323742 0.29795457282289 0.269084826933832 0.289436561753149 0.274648733892489 0.182090756238218 0.348242068656052 0.382771481236488 0.418129220542788 0.330292733249086 0.3237910197692 0.325989215150477 0.376372948094351 0.23222976322829 0.207368921625932 0.324163260346494 0.307305299953647 0.374572009026174 0.391033615487835 0.544039534267707 0.487859284757942 0.564047849108424 0.571094589667962 0.57977353656835 0.430369260734832 0.747003126603233 0.423313216167161 0.731719099783825 0.651064251437987 0.25464279870711 0.373869208748648 0.40108212235312 0.536551414841269 0.217888973040309 0.167120487408583 0.565936565139676 0.521945820708741 0.418626169701714 0.39623945288357 0.293657799528595 0.267971672628977 0.238376208156631 0.439354375044517 0.47635479816303 0.453472890732426 0.617690096090057 0.541770152371111 0.422154306645057 0.227125800127923 0.496583342881499 0.397231238063041 0.156987109984762 0.0418107906421084 0.54312768556852 0.468706235111987
0.580007127170579 0.57782765980262 0.223546395337987 0.592980069752138 0.00332841880231821 0.312426816931079 0.405555259199398 0.735574487745402 0.289230914841602 0.467382603154966 0.647016316876644 1 0.589600946000411 0.860373444519907 0.234117002314965 0.560074269511421 0.506377494050653 0.634395959819789 0.616926491889762 0.520466661048975 0.0381782138513531 0.25821926918356 0.432537743883352 0.428335383832779 -0.0588946349490865 0.192907799479296 -0.106561003905614 -0.0795115901562849 0.603128629851271 0.782784637196675 0.420250990689451 0.390923879814383 0.590659773229493 0.696492427114286 0.297456597775212 0.43822655699548 0.198934147980325 0.167869657916665 0.203952344079366 0.231726323891016 0.241552538419146 0.255592735642291 0.502522621887212 0.556302185760466 0.440285376562251 0.46788966803217 0.491871561236071 0.562859081313575 0.335780386784532 0.378955989213197 0.31581831767823 0.404491280978581 0.347174134390276 0.408695801847269 0.5237018049044 0.552413372408588 0.465723084537131 0.533747171678611 0.517991084580988 0.488521518506295 0.673196785148598 0.608082291288223 0.642783870383599 0.818438144429565 0.206237136755608 0.494765339021829 0.432094630564286 0.589478920017683 0.192444685765251 0.199154834129383 0.445618805712433 0.482288944945621 0.510192914373915 0.5182748541666 0.21679353742227 0.345070935918093 0.431412951833745 0.473760583019575 0.434896123990081 0.473828065839015 0.57373223698437 0.614565076919393 0.328854907758713 0.289519157789727 0.474404333909863 0.624889402458634 0.243057986455727 0.0937561361571464 0.406508435258409 0.545595619149616
0.603910389844557 0.503423142791361 0.519342376495072 0.451445838848302 0.338266692944521 0.38708412737765 0.573159703649714 0.528759103233314 0.522929717361468 0.427983422725782 0.833919890658117 0.589600946000411 1 0.660045720289676 0.740130616996538 0.632870030923742 0.463772229329844 0.372627349637254 0.55615948681066 0.315946756201582 0.141788866792637 0.272770228723351 0.63927403128325 0.496148021885346 0.219621556348001 0.36666293195524 0.137268490422959 0.09148596509714 0.646191988579656 0.55321061889942 0.604670461107157 0.535507682980522 0.713899454343699 0.610377483552807 0.405045881099498 0.480447803419485 0.274641614093768 0.301309292579344 0.342331506089951 0.225608643293433 0.2681739760296 0.278236874258708 0.471416911012112 0.450328305340744 0.352822225375732 0.337221433010553 0.424687367773787 0.414577015657699 0.23527565548186 0.256631859934561 0.400062491318865 0.379032173297209 0.55208720216572 0.52955126442517 0.548299483601717 0.454615663272824 0.434020565277341 0.425435375204428 0.520757423216811 0.387404777154142 0.730213116225521 0.470462047923684 0.642491375330181 0.571913384362672 0.435716282846837 0.37073872698112 0.447863239757227 0.497008878014008 0.175040095578338 0.170254262106102 0.588489032209441 0.5052298374838 0.382842854530565 0.34803260056618 0.277612728767685 0.296694664937088 0.337078526137874 0.451948082866713 0.42213343273239 0.41175453272598 0.567097530310324 0.505791503574976 0.500741800017154 0.342984422755407 0.593662236128307 0.46116211098528 0.237416108661315 0.200876279439122 0.594274361871127 0.557172988055231
0.525885147822429 0.530865237567853 0.3645556669668 0.700647526150043 0.1088148036505 0.430478488146463 0.47388531264602 0.765185450432719 0.359365766895099 0.601917436268169 0.617312563959375 0.860373444519907 0.660045720289676 1 0.413638862112258 0.743099209635841 0.386569211273898 0.425340231329174 0.549065545674585 0.452585833991482 0.142339345412625 0.373133174892356 0.595012085114343 0.65061864855487 0.115721646021395 0.409203558164543 -0.0012783030886291 0.00224151147787119 0.503965557948972 0.657410426350474 0.450223691411829 0.506941250771103 0.60744067049857 0.63799051721972 0.419607880132616 0.499842941556718 0.275920079918884 0.251485354232469 0.309275220752681 0.268059336134738 0.280154342164648 0.31203772625746 0.559645928235363 0.544317064845511 0.425982786332049 0.435057884287371 0.511031999216987 0.563572209924789 0.334455233246019 0.404803036806273 0.43374549061366 0.477483882224249 0.519757642794822 0.530977813396277 0.571604909462017 0.533517688207547 0.356213499346677 0.414154913115374 0.488585132251702 0.495627785118936 0.683679536660682 0.737468895514465 0.513149115814467 0.711285541363639 0.403849686772513 0.673679915747159 0.495315913878979 0.607574574848694 0.176818851610288 0.181513587264256 0.501241096162574 0.535896760544632 0.485725205020475 0.444863439992526 0.237247531371955 0.271884754143764 0.437585135119186 0.481541376044326 0.326620733995628 0.415245398094997 0.517736439526323 0.616372874307357 0.426437172504527 0.427789299952379 0.550979406313091 0.698319540974543 0.29489716285986 0.257290022235141 0.502384645134163 0.652725282479124
0.372053799119088 0.370528949657981 0.652142585506143 0.366866684852227 0.54174323596101 0.44400207866354 0.45983067759946 0.314211110080292 0.628411388537278 0.527990518365871 0.500376638267448 0.234117002314965 0.740130616996538 0.413638862112258 1 0.686621896707606 0.239502116400485 0.155056430317126 0.321939273353151 0.159910774665626 0.180292547614042 0.304676471137436 0.644239052083865 0.535932350889966 0.534788607272018 0.455928966984185 0.503403137054893 0.403123632532688 0.393518529635067 0.255761203090732 0.543185987044762 0.527885076709792 0.527211983400133 0.329250094813532 0.42226685506042 0.359442619494781 0.235856189150527 0.420910600222626 0.483259779247176 0.272401228759315 0.134964205087882 0.14899746730236 0.290304255285533 0.235660326566454 0.176074871742303 0.101163786240763 0.208891354692264 0.182169890126962 0.116588139781758 0.104595452964566 0.347599506708667 0.278598880265156 0.553790904647732 0.484616537176107 0.327217488308569 0.24581182436413 0.265496096477298 0.272334608634578 0.287522753509259 0.182045281344397 0.477565508309281 0.408389506080396 0.343113896014551 0.324449283195252 0.616520829031243 0.291439380734644 0.27900618136956 0.234399362453173 0.08765394854252 0.185751206908942 0.499853238937401 0.405798429442099 0.211612768486822 0.200062471420894 0.267915390311927 0.0821643532639993 0.20159966706373 0.401745978559472 0.260258330024516 0.279857853100374 0.398091643767984 0.409051868445198 0.564378364616232 0.45744203213298 0.65573381126794 0.437595282806823 0.382466008235933 0.47798054084357 0.618351664194466 0.529882636224173
0.42554130347743 0.414887844927184 0.517232356366725 0.625683503092537 0.398081865129634 0.620982626809679 0.43340692009851 0.580022450124071 0.493957491029673 0.768098546854862 0.489836416934325 0.560074269511421 0.632870030923742 0.743099209635841 0.686621896707606 1 0.252031312416958 0.247013372942886 0.38351217215944 0.303097447674846 0.250551786177442 0.473660989654603 0.651245706073086 0.719510953357479 0.400724948792585 0.478053125885356 0.229340860596573 0.369395588319696 0.42493397277176 0.495338954928686 0.534280696015722 0.593123248096106 0.587179694902671 0.525125441747543 0.45726076776083 0.47583275654059 0.354631303690374 0.385373759686573 0.378079824734172 0.403944877087513 0.203174732448936 0.316262390987602 0.44256400752516 0.397687043516254 0.356425740702536 0.271074939227624 0.385651881256053 0.382953440122596 0.269640626376388 0.30265540241248 0.406235995647779 0.403626568726309 0.49840570650328 0.527870681045466 0.445743779389801 0.456854016115729 0.291860441237876 0.311097570715573 0.377558575420699 0.333865380595655 0.586408884250791 0.657633353295068 0.399554552243188 0.562750041838459 0.542847147317128 0.590663424671106 0.414413905757094 0.455845419349516 0.180849625463041 0.171575577699548 0.595185034760656 0.54818125193934 0.301095224122608 0.310438556560883 0.25340568020073 0.202438014930773 0.302458540847728 0.43677993782428 0.266409586980902 0.312689607130556 0.474583244626799 0.568705981549957 0.48647915847697 0.515877139223009 0.636171914023012 0.643734593430059 0.317497566876711 0.401458423331537 0.543749801009836 0.599300786113095
0.724630146692795 0.722865484624655 0.191578632693176 0.390638864654833 0.11488447502266 0.154903128923908 0.333407186111528 0.470298897980942 0.133639164533393 0.230786362686267 0.590254178049631 0.506377494050653 0.463772229329844 0.386569211273898 0.239502116400485 0.252031312416958 1 0.837136216825098 0.77297323523563 0.719324618015665 -0.0920306607085072 0.0534445491806773 0.372468432417275 0.313611231496909 0.072269778343272 0.176624828332447 0.0112043559063221 -0.0777993597899478 0.7873814541284 0.721819170687607 0.529945171559687 0.461024571038829 0.654337159875323 0.750931374623675 0.154123474592467 0.340239679109793 0.247602985400987 0.308536152535206 0.254983600749183 0.262296958454581 0.147156618426811 0.0906465384101526 0.346510138808403 0.465693159813389 0.334884983511394 0.37170177341033 0.285599801291705 0.430279762581384 0.275876710158953 0.242337969265135 0.193562462979982 0.198265676740201 0.187998865355448 0.250819702018191 0.465213090859923 0.393923044777832 0.793239736723003 0.744073069120911 0.54201696034659 0.348439766767168 0.482032650880907 0.220840638850308 0.727325049324886 0.643952222790785 0.0644719059998144 0.208470158442331 0.295053254788687 0.424219703580475 0.3655794998164 0.358875588886372 0.425143415599311 0.501305291033251 0.498771466080737 0.497669133430499 0.249266401547729 0.274941912939168 0.435292542550841 0.495213860949367 0.788341011839672 0.721825209502108 0.764239098926097 0.55606475899506 0.294407868925153 0.212659357886703 0.392198693386972 0.374856623347148 0.261768989026359 0.00399774946969644 0.271126332029099 0.296714690596102
0.701694391439154 0.76216490375447 0.189725825796817 0.432090376634303 0.0686069174071275 0.173149437608279 0.281191476323801 0.528580208661081 0.156965826134743 0.288264038030212 0.501382148870878 0.634395959819789 0.372627349637254 0.425340231329174 0.155056430317126 0.247013372942886 0.837136216825098 1 0.807743792286383 0.774502797324361 -0.212997824119071 0.0585874122618683 0.345561097937279 0.316699073624076 0.0893564148471817 0.146454731507038 0.0408573075785382 -0.0292379615492845 0.73375495081355 0.772941065814199 0.527282464622353 0.446050074305745 0.591164419847936 0.724499805756697 0.18117391867293 0.38154346070917 0.260938764731067 0.308662873927965 0.284196231261652 0.281233611282637 0.20754318664983 0.0122142344922758 0.345950886991284 0.450112194205721 0.372722149361515 0.399803573290487 0.31919150155945 0.451664419423859 0.295105144147322 0.271990815722927 0.185862682450104 0.216232733540721 0.17114478594751 0.264663497090392 0.473077964550581 0.441742195825336 0.779621023654541 0.766085759319603 0.513205268805095 0.337482789809618 0.43693199124596 0.263035103889305 0.649354094096681 0.689420045181206 0.0878022856466872 0.217140676258839 0.320730928858659 0.448658458068257 0.372144538481117 0.409837124350432 0.389450053276618 0.47041459426401 0.562055086333328 0.642173205225093 0.183449302265449 0.337319482912715 0.514241899527093 0.51501850592384 0.702573316035666 0.703294164563675 0.712301340804946 0.617124220247397 0.263748689257521 0.231878546170585 0.420581719402853 0.49815947005202 0.366647309355422 0.118703341676093 0.28644710745774 0.35568078084433
0.870814137196146 0.855294283614301 0.416017635569683 0.613555823670705 0.198106047774505 0.321740283253041 0.553465360536015 0.66296768129795 0.31297581072471 0.37948943459806 0.577697946256981 0.616926491889762 0.55615948681066 0.549065545674585 0.321939273353151 0.38351217215944 0.77297323523563 0.807743792286383 1 0.825754384195152 -0.19061001321075 0.0585760326369636 0.53520553367309 0.526775438863142 0.173588974824107 0.288768968689164 0.0795120877836718 -0.0369270124786677 0.66110337759676 0.670431357269603 0.638416511210706 0.576612737483438 0.751412031012538 0.777183910248208 0.340719983782457 0.525731429350629 0.278051065481008 0.330457149676895 0.284209994615825 0.212322436971005 0.296157094529373 0.000238632336307562 0.495326038672826 0.534247153274458 0.404419797463918 0.460651742202055 0.43063980929533 0.559754746912848 0.390389516701272 0.407183969910645 0.43405280474149 0.432082426690984 0.383456978606455 0.463965958588306 0.583126426220948 0.514526212764395 0.81323968785137 0.783285471008443 0.697871537125515 0.540066575041938 0.613626761074571 0.354818023710917 0.706559283227903 0.686541199466203 0.229818672141917 0.343732753638823 0.544319554861785 0.601709282104529 0.536619249775402 0.544261371290649 0.54689190898852 0.604123584868503 0.590216969913119 0.641497000637291 0.143716040856566 0.338558988292071 0.62072023784254 0.644344480064545 0.612989292181487 0.608636142416555 0.698044135834376 0.643199908799221 0.340541041120025 0.25421710757167 0.562814787910462 0.632469115280539 0.34469564829209 0.20022056056575 0.418952948120848 0.546195556711523
0.717970782191818 0.80568338965064 0.175765360652004 0.536798900532644 0.0385294518760232 0.23159544961168 0.318571362904927 0.560559622125098 0.12492235666696 0.323078117428354 0.452234845856203 0.520466661048975 0.315946756201582 0.452585833991482 0.159910774665626 0.303097447674846 0.719324618015665 0.774502797324361 0.825754384195152 1 -0.110040616919999 -0.0356052419377475 0.333059813602443 0.411263631985064 0.0621467775375183 0.115556237794269 0.0573442959404548 -0.0257795278890065 0.557405424084092 0.644666223755733 0.43357236540492 0.408699643408758 0.547151128291002 0.679331076810468 0.145397341271311 0.351769499889688 0.365662910343966 0.391517307389609 0.267532521039088 0.324431115486463 0.16945265758685 0.0268467059455535 0.336273148564456 0.430727283914292 0.344521927983259 0.404228497861142 0.329232831801061 0.503859131478882 0.379204278784836 0.375825337375028 0.318693407300996 0.332727615561326 0.218566628196275 0.325417187470881 0.507346218372168 0.468859980656949 0.769781194115195 0.724679561260557 0.504834406780083 0.436008883048149 0.383980096588811 0.307161499644334 0.510179715492105 0.594109533870149 0.0983594808534767 0.275309603756388 0.322370120765382 0.448285274737938 0.531726863193967 0.517220030761621 0.46742021456116 0.533485783335503 0.543747205579576 0.609434773450118 0.168561703967825 0.309181010952849 0.487168398128683 0.524405182002325 0.510336749068518 0.569136584949247 0.560135429747158 0.591237713928874 0.308607088573777 0.276528883171212 0.436244008359006 0.524301631554125 0.282743699318757 0.160324764120076 0.297798782165269 0.387964101384284
-0.0252867153346134 -0.0584643072556749 0.00787008148741412 0.0139746984120491 0.0268104420726644 0.0141932142562351 0.0495914098963663 -0.0260067915094105 -0.00663613363978466 0.00528632642959321 0.150238798523451 0.0381782138513531 0.141788866792637 0.142339345412625 0.180292547614042 0.250551786177442 -0.0920306607085072 -0.212997824119071 -0.19061001321075 -0.110040616919999 1 0.233077964373152 0.0763219149276968 0.123801633595655 0.0139372784583616 0.218666999546644 -0.0626910647041968 0.0543019121289212 0.033569232852052 0.136193317961948 -0.0188749895554737 0.0535619084477181 0.193901144929479 0.0334422779009675 0.142228327711875 0.0982469560456298 0.231590080197922 0.147168444493783 -0.0533141203670583 0.0584465487815803 0.00310536527507256 0.472691486824845 0.0811360645565137 0.0661697506004761 0.00727183056976152 -0.00139466246467451 0.14044167724092 0.0752486810073555 0.00515460624490351 0.0656616458659135 0.05828011518358 0.0706594692143584 0.109442257182683 0.109198558473775 0.101869283307919 0.184849926769407 -0.0357524217520419 -0.136766080310441 0.0642481591676419 0.0611722721167793 0.0966122493705689 0.129456846257088 0.10982717194333 -0.00806415737493244 0.134796892356755 0.196575649657741 0.125789434131053 0.0925004016717994 0.0626578820019219 0.000134193682664336 0.142341464457933 0.0847597171121666 -0.00790474811439762 -0.0227732667144419 0.315082676742388 0.177125288817088 -0.208231310589581 -0.106608411442617 -0.0724921500210147 -0.152136217131626 -0.00681326167863839 0.0399936404655478 0.109438938250022 0.137968107297546 0.119272401719767 0.0499763767566401 -0.202084253044101 -0.0760428616126928 0.101187377019864 0.0725420919330629
0.0427305465967076 0.0512817253286708 0.217845434970392 0.18916466692059 0.187517976762766 0.211216377493506 0.063691561903851 0.178542572798994 0.0898341220716636 0.223434796371958 0.193825884566334 0.25821926918356 0.272770228723351 0.373133174892356 0.304676471137436 0.473660989654603 0.0534445491806773 0.0585874122618683 0.0585760326369636 -0.0356052419377475 0.233077964373152 1 0.355125070083657 0.395871791494415 0.234442986434824 0.388215753867366 0.0172967288100483 0.182086768194535 0.24247984010174 0.270376255114736 0.319769594411929 0.27675997122524 0.312891987292862 0.187467066778545 0.295031086378783 0.289253245640998 0.308329297614543 0.0999560002580725 0.142401456405321 0.159722945044402 0.176958740716631 0.307104822821922 0.199297843120159 0.225486612951344 0.0893233394068896 0.0256479803447761 0.12143598203858 0.168113362734145 -0.0629745899114898 -0.0102122806797536 0.00997810158641373 0.0122058303361284 0.123136513637311 0.124808904456627 0.206828258142449 0.182378846791442 0.0308245089225954 -0.00271533458216167 0.013840917288016 -0.0207465599702383 0.231001181680306 0.273552538402942 0.196370421313992 0.209208098100568 0.347182988442269 0.384793408996597 0.216649284826784 0.218688901949123 0.0744927745553278 0.00881371264565042 0.256400749692396 0.228156736144939 0.187630428921533 0.155413946049147 0.151268443614668 0.256558303126584 0.118259648653609 -0.0182387862331552 0.0760600045646967 0.0833527574740894 0.169325292101346 0.248675761182199 0.202393947546998 0.335841587421937 0.24783857635935 0.293853001942326 0.027737378508046 0.192297141194317 0.16947317206995 0.1559319680447
0.457949976982482 0.472230540990835 0.681280177518134 0.651341944242875 0.418905185009964 0.359396037355579 0.586584085988941 0.535935282724776 0.399360303875591 0.560646101333257 0.427392465652026 0.432537743883352 0.63927403128325 0.595012085114343 0.644239052083865 0.651245706073086 0.372468432417275 0.345561097937279 0.53520553367309 0.333059813602443 0.0763219149276968 0.355125070083657 1 0.858163852056507 0.459211966879403 0.663041844770278 0.292111323690569 0.0494236461944995 0.461920154487091 0.41558757886765 0.72510425545136 0.749157181976471 0.678430080334892 0.487057346602452 0.535728790930267 0.504557157755175 0.278024289566679 0.389733507586091 0.450563933222615 0.264187930331892 0.208208560219169 0.108360108791236 0.443486758160083 0.372165216221839 0.268020294598321 0.218496144378958 0.349031534333711 0.374747167085308 0.149481869556145 0.228690468172126 0.369917803203228 0.341094480526401 0.569965984949626 0.533170352216045 0.516571843008369 0.359686351838576 0.345983958910507 0.393647257085142 0.440839101305738 0.340862414184835 0.583376128057809 0.563933254701269 0.394026952945687 0.478893185422344 0.699585113159234 0.51719794048677 0.48255212338409 0.44173771678502 0.150266065967465 0.173674535066033 0.535676682275019 0.521621932167656 0.433151200238168 0.39775735533891 0.333964351485274 0.212606234270266 0.4537348060566 0.477742656845725 0.372848563114392 0.428527042662333 0.441668933312998 0.46432631290817 0.485610025217441 0.459910354978528 0.709045765638713 0.655064467145143 0.404003570598517 0.44462060878671 0.536661358729273 0.605369818134756
0.470695511252904 0.49678703244771 0.648676842108682 0.780942949270625 0.391953758255712 0.50325957845947 0.574673793065914 0.62014030158528 0.372458542053635 0.639408455257149 0.33375228006695 0.428335383832779 0.496148021885346 0.65061864855487 0.535932350889966 0.719510953357479 0.313611231496909 0.316699073624076 0.526775438863142 0.411263631985064 0.123801633595655 0.395871791494415 0.858163852056507 1 0.47122220168526 0.688302239063264 0.299223617751566 0.139030824120533 0.38115244167852 0.397385046250274 0.618532514481969 0.726548451249376 0.618570992068257 0.48291528400124 0.495836929666868 0.548619839704319 0.321625178648571 0.434357621039924 0.442392763556503 0.344536169666878 0.235580687574067 0.170209782660966 0.472047664961879 0.401591909856979 0.236262893883863 0.209459861241859 0.361135351120995 0.419632908329557 0.188109656353493 0.275691343802063 0.431853687877859 0.400132797825703 0.577965411566762 0.561542734165922 0.565843504287815 0.438320895962459 0.35553448439091 0.389980170332822 0.454671748621611 0.411545594930146 0.505113987459578 0.632739626754026 0.30185234085391 0.488053110584811 0.666333558729687 0.650078219859984 0.497319270604958 0.503510199475369 0.211725562594135 0.232557801697202 0.545316076334326 0.568070725689142 0.448874951698832 0.429140560534116 0.272952378657701 0.193584075709805 0.466916852058409 0.54102724650228 0.298029022179106 0.371852615152964 0.398486426681341 0.502075608908479 0.506660928035327 0.514623738005498 0.687304346797027 0.74192557099845 0.508381228061031 0.551199642697597 0.566920981503977 0.68316993984354
