1 0.48485193914074 0.512930564778173 0.436880078823503 0.362912415788929 0.29017192346821 0.628042220886642 0.496873186923445 0.458517325243191 0.361882286084051 0.578061435807102 0.481823504078185 0.740322862344408 0.365644398036897 0.244450988174617 0.110055938040418 0.190183274923296 0.0191044128751563 0.60481343606628 0.392337731102095 0.00282867343654385 0.0586324578979397 0.296351553460365 0.0660356363930769 0.149351027681703 0.208669882918282 0.315953391733708 0.215009966598312 0.190866738512067 0.281739595464391 0.0875785879083304 -0.0325923381380727 0.46369880660905 0.211258580630076 0.103978416961994 0.0926571823135245 0.085256125914517 0.0114268541913481 0.212510144323825 0.201507080088174 0.104636417611504 0.178239631401637 0.500391967091442 0.450507394548305 0.421332468509781 0.252785813344226 0.380430194179363 0.373230164108279 0.311209653542762 0.322121906399495 0.537922139319896 0.381469806013572 0.516975197697585 0.288093607239936 0.352225324699537 0.196008933786678 0.445251439932715 0.357782266844286 0.624337505643753 0.442812292496098 0.82404135468749 0.414159679712145 0.226860367633039 0.0850930396231382 0.28595827675204 0.35393716973152 0.374753104908162 0.299941743506866 0.285211039562946 0.206106855513699 0.508460843283106 0.342608747844921 0.31020141429332 0.31804210786772 0.0879271431022257 0.219232718690863 0.227332502362232 -0.0226411924406506 0.330695499523727 0.222068066347941 0.342861778607607 0.253632858875599 -0.0417569583717114 0.0400534155997174 0.277059541977253 0.201572531372834 -0.118568487603183 -0.06222625172977 0.599164145255724 0.311683256191714
0.48485193914074 1 0.156874979888738 0.431430536210795 -0.0682333954323781 0.0709129200343822 0.335446519142174 0.510690981727964 -0.0401198963710724 0.0862921050238388 0.308903662194188 0.258952033222391 0.0840498480608638 0.225677367921349 -0.147522857775102 -0.0216266493958194 0.581561267303603 0.601233152517488 0.505254035227367 0.740392756414376 -0.125134274420223 0.0509256807869446 -0.0310207916337093 0.008655779836905 0.0686473333979727 0.252226105275797 0.0076793232965771 0.125590165379061 0.414042111060338 0.592775137085261 0.273238032083718 0.278603935624799 0.526155194901306 0.471434894731806 0.035265695204847 0.231046295264046 0.237055468422863 0.242230434462219 0.0741425925156193 0.261825997305783 0.270099390717267 0.26700896681833 0.444934016127939 0.507861726520779 0.52918080419128 0.626737557218305 0.659020518123753 0.58496433128078 0.549234279606088 0.608999426697705 0.518266321062214 0.600102947485327 0.345351894297476 0.300146529772971 0.495140045624552 0.509003498248083 0.697284430156469 0.747918023444406 0.70184192460745 0.658584436821673 0.28916509130655 0.371905035750588 0.294407893858448 0.492967075373755 -0.0210081295079431 0.186207335993079 0.417371593007469 0.489637087295578 0.39209815615903 0.597574621102479 0.404939526903922 0.491479661206931 0.29738599035217 0.48315729799744 0.223754734479561 0.244496475580421 0.272894750203896 0.211891056436729 0.400390151186306 0.307167168209801 0.504866114477515 0.495602683599209 -0.0149719409125158 0.155035218017857 0.128622147365197 0.316956443438768 -0.116576836554206 -0.0712773957912921 0.216000721543154 0.308701853818835
0.512930564778173 0.156874979888738 1 0.545288981037479 0.383864114209141 0.399773976835079 0.811514062088602 0.363886826136953 0.511679097655285 0.273534290073754 0.0189313417551376 0.144182053895253 0.503040402150989 0.251109566726761 0.481379083852876 0.239918086372248 0.105438917494978 -0.0415781760250014 0.419253332497684 0.139929449732105 0.0155845622228102 0.0877097950193247 0.717083472146908 0.372200127608046 0.516651047509602 0.520561801520443 0.414489299422925 0.372533803270204 -0.133183612743047 0.0828209925794564 0.475694863799122 0.274540805008897 0.623889923245103 0.379118957587488 0.526776605961352 0.296943791056324 0.0686748261756451 0.00678645157247445 0.258892966928678 0.314402195076323 -0.0238265666487833 -0.0432675120520523 0.49420547448113 0.342895113788432 0.373375265434598 0.119514922111975 0.247187476610202 0.258613650387494 0.283548779179264 0.232349822228076 0.608284193997439 0.35132716484112 0.439309312722877 0.408757271560163 0.214250424100816 0.128262746180548 0.178187888852704 0.15171936010927 0.454125098749577 0.28773150066774 0.553934813589866 0.0953181536560754 -0.145457585614866 -0.168720387831569 0.670336621938085 0.375106040526994 0.697374960777448 0.434637203015644 0.351975359936184 0.109443089385574 0.461554920204653 0.350661060879709 0.262555777428797 0.291734582463364 0.0203926785275569 0.0601142946011645 0.162228927961097 0.109221553343533 0.388790831756611 0.276569824167943 0.375005251855958 0.44432758216591 -0.0637789062662842 0.0153393378624941 0.470916170295806 0.430705709448861 -0.050493400072611 0.0703879790409027 0.389521336898485 0.213356229799672
0.436880078823503 0.431430536210795 0.545288981037479 1 0.3994299803413 0.623324601517897 0.553997460656125 0.88118096016402 0.40073981034221 0.56901269358882 0.0283620972888943 0.563038466587739 0.250534697451865 0.439079054432826 0.282994943913609 0.431630215295889 0.217228658267586 0.0725120077643712 0.370880539568341 0.406787240884084 -0.102083379527576 0.0858737709198134 0.49844774764018 0.524415253958209 0.323761807499453 0.600610805234256 0.230827575403356 0.294744661099726 -0.00466184580483809 0.42119089348995 0.356546053439776 0.371445674046159 0.653076644072479 0.630660603573683 0.382876709397835 0.53267743321271 0.0725356370976086 0.166775409793019 0.166778953735018 0.345981434837257 0.0198146165278475 -0.136061577244427 0.495685715256879 0.441443424778737 0.387343939986 0.247579159968631 0.350240993238342 0.442011869876541 0.305133775368572 0.336028073789464 0.512380246007877 0.541832846988804 0.389999063461373 0.435727052444659 0.263596287764446 0.215594681653343 0.293437716141554 0.243330176777179 0.521630644656854 0.588361843777786 0.52741964862892 0.673902194033251 -0.0408044474901215 -0.0395725686418391 0.5269102913436 0.818293483843386 0.595439923126207 0.631802078026926 0.412267028664133 0.221107250117941 0.451197516646446 0.461756284337079 0.214382340829562 0.340508131924146 0.0380224552686439 0.117951838096672 0.165703134278351 0.165709416030441 0.311024778330858 0.258336760243427 0.341149982921206 0.343358169487014 -0.161501743884468 -0.12696864761064 0.295977134063033 0.540290496272375 -0.0469934982757398 0.03845735097995 0.277225861357295 0.465109164233477
0.362912415788929 -0.0682333954323781 0.383864114209141 0.3994299803413 1 0.645818121906331 0.435025399607362 0.316333175854454 0.758534138308777 0.61381609993977 0.112138593953039 0.315745448487297 0.585020991985164 0.326862665393285 0.728862430243277 0.630217381348165 -0.0786185169357115 -0.179975666172984 0.227074142055673 0.00479818328023357 0.0348100245341923 0.0647949859381891 0.603888748674028 0.438482812835161 0.217643533167369 0.25343778542959 0.553181725553173 0.204528923639963 -0.0784422948613395 0.0602384957605482 0.150936994544059 -0.063726211054024 0.264305624687794 0.024920786200877 0.282830854505964 0.200816961882339 -0.154708710302149 -0.147235378597793 0.126220669886123 0.0277022758474813 0.0445825038502943 -0.0127269857516178 0.0757645290642858 -0.0268740910103479 -0.0500906809086817 -0.244823661009114 -0.149513662882206 -0.107689355760644 -0.127051882423339 -0.133503753059511 0.192257473434828 -0.0252299358861368 0.279282388058532 0.20041389976811 0.0681642452828342 -0.105677048667656 0.157430237114915 0.0264933641652576 0.125240506736763 0.0200274429066735 0.542769685663503 0.263999089902757 -0.168342454433956 -0.286309104216294 0.67220636978072 0.472767515685763 0.265150306658122 0.0107649963733508 0.229248526010917 -0.077388230206909 0.202853923026487 -0.0191769600804722 0.120058719719078 0.058378931334163 -0.0898767002050772 -0.0645143989385396 0.0197258657571351 -0.0630415820209749 0.0781924840050616 0.0179368618609676 0.131150027974488 0.0905993081173676 0.0459605161267289 0.0371209302577797 0.49979781412978 0.256882891525995 0.117478918265381 0.102166418068642 0.481746421046262 0.314812646534076
0.29017192346821 0.0709129200343822 0.399773976835079 0.623324601517897 0.645818121906331 1 0.377838269431528 0.590810850852094 0.614317422669441 0.805082066017452 -0.0378073714258207 0.50435620143732 0.402307722615094 0.453752180690102 0.552293294596229 0.721565703662645 0.0736721522703688 -0.147372015694332 0.148777392317858 0.0450340107524595 0.103114983850647 0.184782069855931 0.577105122262536 0.583080135493706 0.384151117555076 0.519826281438783 0.556500836929752 0.395093485352704 -0.136030629456371 0.230163394509162 0.228933055394208 0.130889268588474 0.341908341828624 0.278642936653959 0.365573306812635 0.375026075155679 -0.0709802168321591 -0.00394453307813153 0.236966426436491 0.254555993305152 -0.0240293407567349 -0.139567684561796 0.229031510158574 0.166092041127971 0.00362244044506202 -0.126162291075188 -0.0456858867651012 0.0629702609673503 -0.0390365811628655 -0.0167545000249205 0.276138681916299 0.214871806901414 0.347104001526253 0.402123572837062 0.0962849063953092 0.0112023574031059 0.0809325236057929 0.0158359881361468 0.154629784825059 0.247377536152178 0.450508812695319 0.486479951299156 -0.244511901117027 -0.256321141710334 0.562525227272154 0.679712806525821 0.339237876564881 0.274643073090391 0.283829522254163 -0.0584492440308301 0.283298401782591 0.145501790423685 0.157880360462886 0.140514786927949 -0.079412055826401 -0.0144268594783953 0.0308800451516267 -0.0766495736050589 0.221993244332893 0.0627458741037412 0.175113149662492 0.133030890243311 -0.0849287699477468 0.0297203395942741 0.287649309442394 0.393238471033293 0.134576358556889 0.209502353935523 0.446378228252291 0.52294933557316
0.628042220886642 0.335446519142174 0.811514062088602 0.553997460656125 0.435025399607362 0.377838269431528 1 0.497250651330965 0.643597573078415 0.314107174735059 0.241818557969161 0.263692440105949 0.538009702457679 0.216183043793583 0.398627084423501 0.175814115769217 0.201052860357444 0.106087498948709 0.580006643286698 0.381582018259655 -0.110528922758487 0.101129808464406 0.530955558350953 0.134381539629085 0.225602458785549 0.289059152369717 0.319184300759883 0.291419726141486 0.149935558957437 0.225553505203834 0.374342775116511 0.084411446842819 0.596388855557489 0.307773018476908 0.25007021052105 0.104194221099551 0.0468959255275501 -0.0267049722875896 0.211360433414854 0.243206176961493 0.0636339220856088 0.043186355497922 0.363978286255193 0.263161100932445 0.303154037800368 0.116777430739357 0.234323118079073 0.240866699036804 0.221005494361193 0.201785225007768 0.514345541041032 0.294293817547334 0.359212544477261 0.296422827403616 0.266055915056571 0.20662321277826 0.322028099919679 0.322604727020572 0.515787180211217 0.317107045235911 0.689761321881227 0.257378084684267 0.104376482152525 0.0468473292736482 0.543837896021621 0.375519643235947 0.542099129762865 0.327239249639663 0.316711117082486 0.18468661845617 0.520852883439293 0.39903955100776 0.410254102274253 0.461480513122902 0.0376328481361895 0.145616458064161 0.136425721128965 0.0211355354702965 0.376282410025956 0.211208555628633 0.389801288546394 0.393216784175312 -0.0352693372450063 0.0225363962159682 0.395333856699749 0.312632515774675 -0.132840483552682 -0.0691701401278817 0.423770478396534 0.214500359163751
0.496873186923445 0.510690981727964 0.363886826136953 0.88118096016402 0.316333175854454 0.590810850852094 0.497250651330965 1 0.389234451373764 0.621793678259517 0.124709015131634 0.698671852045162 0.269715449105693 0.41792467502322 0.169248206920123 0.359212880621923 0.260030239603419 0.0730227543061335 0.383784535011326 0.466707698553541 -0.146185753183663 0.101097764739698 0.29052982209126 0.318759849365654 0.176918183992708 0.437795475183332 0.186618779733543 0.257355451749104 0.0883644148412229 0.49217864286326 0.210854470178268 0.260380204669503 0.548721827768754 0.582528641908465 0.19891472612507 0.418534711095364 0.105905875368816 0.130761397745372 0.0940831175819889 0.293295814535051 0.0224780139582372 -0.0546941126134673 0.422469063293754 0.418761466350775 0.312169677262011 0.250190393323833 0.349014944679278 0.408841373504699 0.266886230498421 0.338382961295953 0.462451721362408 0.525667758103718 0.411582417840621 0.406688189800934 0.241272996091858 0.215204424342955 0.326209277014863 0.253665720881192 0.532278828083855 0.663396443654353 0.587727999284942 0.819080568541877 0.0584158666617759 0.0865437057761054 0.342637361066337 0.808954388352346 0.447310488654928 0.562856224121233 0.356482987361623 0.220135903825036 0.458666808513312 0.401374653968478 0.236912013852761 0.381962727433642 0.056912239926978 0.148431581349348 0.100111940442018 0.0680125440370332 0.285728750876874 0.149908697804649 0.334396763653334 0.229765281040516 -0.20577502314935 -0.163205774177437 0.133588844867709 0.378376607398828 -0.114153497175472 -0.0386790743734201 0.320894201256227 0.485877689361796
0.458517325243191 -0.0401198963710724 0.511679097655285 0.40073981034221 0.758534138308777 0.614317422669441 0.643597573078415 0.389234451373764 1 0.65930984407367 0.0896005577781609 0.336273272503555 0.635492760674265 0.267270717431719 0.64988662480059 0.503456407683204 -0.136788490362143 -0.285253792770434 0.239986250809781 -0.0624443359187815 0.031972432773319 0.00733707002834957 0.607482796007622 0.262237760199002 0.168514004336184 0.208686670502152 0.561471108392989 0.185251272355213 -0.109457516095501 -0.04114772254669 0.119764701850175 -0.173747270295813 0.287227521596031 0.0335435689962998 0.196710193548549 0.0916061831231571 -0.0721819087522563 -0.116480856987516 0.250384878812504 0.109805877059385 -0.0202697757756165 -0.068327555341974 0.14739186095918 0.00939953775545934 -0.0549709996509554 -0.276697377885928 -0.169340356914056 -0.0631925017447149 -0.132263087745532 -0.136041245257041 0.242861278968674 0.0271223982411935 0.299379583535543 0.218643549044202 0.111298168789631 -0.0482577861157595 0.0885630827063763 0.00646218455608889 0.108418943698593 0.0198299858202619 0.679295829657144 0.293793532084777 -0.149498513131221 -0.316776972425622 0.619448114910296 0.438400213375521 0.239432114774201 0.0161288487142106 0.195154362683523 -0.165315521057757 0.334593947973284 0.122274125157507 0.212030013899681 0.211284384364779 -0.087783848531105 -0.0342867504852958 0.00468873193847709 -0.0935363425530213 0.0263651528441506 0.0131096870209909 0.059169606719219 0.0569408846143682 0.0355190631626838 0.0137777727211352 0.329986439444151 0.143788397435658 0.12295494625011 0.091826366125538 0.554828463905364 0.376182330063933
0.361882286084051 0.0862921050238388 0.273534290073754 0.56901269358882 0.61381609993977 0.805082066017452 0.314107174735059 0.621793678259517 0.65930984407367 1 0.0100961368875458 0.562121379084698 0.439191702464618 0.43050323501264 0.530432742003456 0.633834494617684 -0.0456728102574657 -0.197700628591583 0.117658803163095 0.00654087547181218 0.134699424045806 0.107927394941151 0.483940038918255 0.476288317599632 0.262118586558188 0.362341425079653 0.49640944334817 0.159442653371779 -0.120156466509382 0.158619050787842 0.0468197793275289 0.006585181369975 0.240178159678215 0.207723378032508 0.220381216262709 0.346203146948719 -0.0644197009364851 0.0151996110942438 0.255864565105311 0.204107492882075 0.0457553521844561 -0.0121358090388901 0.149889802497343 0.101705361772009 -0.102434453767616 -0.202329781522306 -0.102003608013407 -0.00186825428151621 -0.134228554542562 -0.0596798906669858 0.19860265620344 0.175577300253254 0.355923028676842 0.310563856799443 0.0669859730159147 -0.0524463192901258 0.0495760800230792 -0.00938821575711629 0.118964122272331 0.249400537575305 0.51853620018971 0.576227434521935 -0.142611743190736 -0.25107947285793 0.533624939398934 0.718174185872554 0.172837022710368 0.158309926378534 0.257916939808326 -0.121992202765587 0.249530858396996 0.13681777891121 0.143636568209774 0.149719379091612 -0.124577544539075 0.00402073750647963 -0.0551462327400542 0.00393275637881261 0.0933848988420333 0.0914578493241918 0.0725623877943659 0.037930800752834 -0.0563104138114782 0.0470068229826882 0.283692239836584 0.301710472947205 0.163341136868386 0.275803199246542 0.491978805179893 0.645189277990408
0.578061435807102 0.308903662194188 0.0189313417551376 0.0283620972888943 0.112138593953039 -0.0378073714258207 0.241818557969161 0.124709015131634 0.0896005577781609 0.0100961368875458 1 0.306209773549315 0.416323235172731 0.196145356503798 -0.00959975563764929 -0.0942535464513494 0.0515687958671086 0.0305141477391399 0.58414685909756 0.332550565997808 0.0452181494264413 0.113460022802573 -0.158508531241628 -0.0921597445332105 -0.162296305236082 -0.0691052565047296 0.0230123258396789 -0.103390851631027 0.390329355422933 0.116283487058243 -0.0480456684559772 -0.106966043963958 0.0966587656903367 -0.0552164016065179 -0.205352873007701 -0.142177993740394 -0.0716711410636728 -0.038045323751643 -0.00540498040222838 -0.0650414222340132 0.214842976831419 0.308031184759487 0.17022725186678 0.218541966011669 0.217279544862911 0.218486509514591 0.21418286177839 0.186532010659461 0.14447116133634 0.141859909637078 0.187566427016794 0.120040786261286 0.209985425757508 0.0235886058040739 0.202841101062188 0.146476118649738 0.338802483798472 0.245533564356749 0.343224438509636 0.225306236679559 0.365449901641414 0.235785546229867 0.400113313710304 0.265002751286802 -0.1164944525091 0.0495322124223659 0.0759305697211326 0.161935582200379 0.0849490319051658 0.151631983465146 0.338091812854901 0.231034447903058 0.35391198021019 0.238403072549634 0.0912273393104005 0.273627286718062 0.222868449771082 -0.0858378105550658 0.0361246911735239 -0.054241652278782 0.133570813659611 0.0266928118591074 0.0281292451786783 0.144728390227758 0.272401555436319 0.132125232604278 -0.0662910544856216 -0.124493322533494 0.279932765678822 0.0566055207855971
0.481823504078185 0.258952033222391 0.144182053895253 0.563038466587739 0.315745448487297 0.50435620143732 0.263692440105949 0.698671852045162 0.336273272503555 0.562121379084698 0.306209773549315 1 0.4372141111655 0.736019526738965 0.266114745974482 0.455658319892776 0.0444795527139823 -0.122922323251924 0.345315949282312 0.287012662595681 0.000279554252009849 0.08217379477607 0.221038923047985 0.370641914216483 0.0892775022824294 0.272484565093776 0.256738863542529 0.196418140801232 0.146812775524519 0.475544084114063 0.0474991984598421 0.0640909009900312 0.338009085682311 0.391758641016616 0.0971575335309473 0.295883593179711 0.0109944454385055 0.0526502780746397 0.0976073676431686 0.20012559155704 0.0724637479028914 0.050401095678281 0.129815433372611 0.160534921538711 -0.00216089019409639 -0.0355353705779717 0.0793695008525213 0.0633522395800085 -0.0289593598157262 0.00945073745268273 0.2375480231592 0.261845793132809 0.389008808004248 0.25701115045624 0.0325441419404967 0.126513624071215 0.0422605249318405 0.0328332735209926 0.226694441953205 0.344102665927978 0.538804675116109 0.822752388305368 0.0985034404896213 0.0631379670977385 0.203901165831047 0.643139514274507 0.135318299496111 0.287351903948708 0.207935960495193 -0.0311034319127905 0.397532748380641 0.213529553308314 0.29626033702555 0.295268146039974 0.017479554040704 0.193501732082543 0.0787022021862976 0.023805423893122 0.190840990343658 0.057179081058578 0.146940123984104 -0.0434204153907245 -0.157409608506491 -0.0799054511890923 0.141852448884319 0.34995784894591 -0.130055670795793 0.0191063690757189 0.438845196250048 0.493212708612409
0.740322862344408 0.0840498480608638 0.503040402150989 0.250534697451865 0.585020991985164 0.402307722615094 0.538009702457679 0.269715449105693 0.635492760674265 0.439191702464618 0.416323235172731 0.4372141111655 1 0.502551190092462 0.637810959164608 0.342517704238113 -0.0905550194717961 -0.25828566089251 0.3785333284233 0.0337650446432514 0.149919042537604 0.0793374223549957 0.520139691363883 0.260178475318328 0.214679251549697 0.150314729557886 0.491890872033029 0.228020306950771 0.0719335660808247 0.0547086643564796 0.121982260208754 -0.149240154046367 0.272607902670167 0.0274963186411906 0.174481083831522 0.0667111425001918 0.0410901412624905 -0.154337819237455 0.329309111245733 0.0802580630615905 0.12072436032284 0.0521551594134131 0.303821838701397 0.243281674764282 0.143821875546804 -0.0717762445044764 0.0470251205588703 0.0874000738725987 0.0406949545591271 0.0243482873038075 0.373390317311371 0.103939654085932 0.463733657319335 0.27114102988544 0.185442110776457 0.00236331176169951 0.129892166590939 0.0290553763055645 0.24577805692702 0.0605603097151712 0.729014883660417 0.225898669629778 -0.042411066233652 -0.214204769664234 0.442146781831975 0.268447413756988 0.24417618804021 0.0848206545501894 0.218275511855938 -0.115355766325479 0.370655347333855 0.148369953353247 0.266499773784822 0.158912233190329 0.00496809945011956 0.0809723847460753 0.0977796622361306 -0.0138179876270719 0.16298789153677 0.143158058925803 0.0855044480779335 0.0323452845183477 0.0558205712662944 0.0774495724208124 0.355866107494523 0.171788924965214 0.0205641700291913 0.105510188317309 0.691532636456709 0.256100517261808
0.365644398036897 0.225677367921349 0.251109566726761 0.439079054432826 0.326862665393285 0.453752180690102 0.216183043793583 0.41792467502322 0.267270717431719 0.43050323501264 0.196145356503798 0.736019526738965 0.502551190092462 1 0.520716891535855 0.635811963988214 0.0121728130382725 -0.0276487377096756 0.235248245851061 0.215676645419136 0.170459484355712 0.1844328683377 0.423593919274547 0.671253702798608 0.351262346295036 0.480842838201561 0.397074854750532 0.284255367687425 0.180545020072308 0.439589146210989 0.366870871947753 0.335890006604444 0.410251922592534 0.41173184986892 0.281885929556468 0.44019520841847 0.182296790786778 0.1039778631739 0.290431371254748 0.345247791844247 0.263732540575287 0.13892768579358 0.158655072389392 0.188050898384846 0.0550273652999498 0.0292595969464498 0.142052532694914 0.10221031945635 0.0291257455185372 0.0296980771279177 0.34698164658091 0.290146841359259 0.461559925930876 0.358487478952265 0.230163958321505 0.295571654611122 -0.0135299528701731 0.0503925064052741 0.221540107352978 0.177036987827306 0.399135839755977 0.51516841932743 0.0949414901796263 0.117165613754633 0.297766149010874 0.410530356259473 0.257059962286165 0.307365913757491 0.180809520291174 0.0339904671082853 0.282758916946867 0.174118194188346 0.387090051436338 0.32294954947352 0.14196046783617 0.033709691951749 0.159137863053717 0.187153311064812 0.2783167708601 0.249053106318755 0.0908760076446908 0.0190690174424653 -0.0340807789176694 0.204836813116153 0.346866622808784 0.576431055139408 0.0529141181046221 0.332032276982174 0.485176982959802 0.494849124843022
0.244450988174617 -0.147522857775102 0.481379083852876 0.282994943913609 0.728862430243277 0.552293294596229 0.398627084423501 0.169248206920123 0.64988662480059 0.530432742003456 -0.00959975563764929 0.266114745974482 0.637810959164608 0.520716891535855 1 0.684500376121576 -0.18504348761841 -0.19711133821273 0.126323109039896 -0.127961483686517 0.103969630562659 0.106173827946803 0.752713822896792 0.589041850118989 0.38670234954015 0.336662780123073 0.534689844237517 0.193189956247854 -0.0942997010079061 0.0212359973126284 0.336159113258526 0.137902895429417 0.233036004949251 0.133500407762119 0.387063296427231 0.275941703818802 0.0245345209404783 -0.105230676617493 0.361712629353508 0.164362668646912 0.141649309692674 -0.0243258084774993 0.0907974272634037 0.0231817924899194 -0.0805552713378088 -0.24272937865775 -0.134102342316128 -0.0894820469346482 -0.113979100660376 -0.144413009577069 0.247232173080527 -0.0101755127994979 0.348945989656044 0.347058717559875 0.113692648473679 -0.0638303093659998 -0.0437259885967096 -0.0811049132657565 -0.0207392725521854 -0.122200547307191 0.363178353108172 0.118735418841412 -0.231258799182239 -0.27446341164031 0.652566993296357 0.290887336582815 0.262671777023646 0.0115347723686746 0.216426416895803 -0.14878894470872 0.143252473894492 0.0541553693253265 0.175779293260506 0.0883138663968189 -0.00741450249193258 -0.12024442471963 0.0454465846741811 0.161889995513157 0.0340104324535154 0.181902077679855 0.0337895615768298 0.0665142825876527 0.189988585334978 0.197398784074849 0.531110010724979 0.353668470021189 0.284563595620903 0.393818106681502 0.477559543244191 0.334083707480548
0.110055938040418 -0.0216266493958194 0.239918086372248 0.431630215295889 0.630217381348165 0.721565703662645 0.175814115769217 0.359212880621923 0.503456407683204 0.633834494617684 -0.0942535464513494 0.455658319892776 0.342517704238113 0.635811963988214 0.684500376121576 1 -0.0946496014664369 -0.134661817916337 0.00304383991538741 -0.0279645449050453 0.0982524026368071 0.107040985614142 0.595581909956305 0.714240814381131 0.441619757184789 0.52276983128971 0.507871673397474 0.279986934717115 -0.115138221744906 0.225076049393877 0.340944809923525 0.231866955342899 0.255460709578738 0.268268159811409 0.380956651898804 0.427140771030098 0.0980670603442776 0.0848347885501323 0.270772860357137 0.267683042319876 0.0395019346182596 -0.0167135689105209 0.0880332084089076 0.0585791608366794 -0.0764826796601607 -0.153528808878483 -0.0960817957970654 -0.0353065132242949 -0.150618531113413 -0.139869534489998 0.117857867121411 0.0688131808731876 0.272817647846812 0.291474300572362 0.142788426105456 0.131155603905621 0.0154745264652622 0.0141920326992301 -0.00874064419719936 0.014219451178664 0.266671958859496 0.374712397233664 -0.11794958691566 -0.146407775942715 0.490835310975016 0.44376913033001 0.269499764738802 0.153996402598689 0.217973319341339 -0.0438062903600323 0.137838179365625 0.0581135872958308 0.221043810822069 0.160294016300475 -0.0294385355852711 -0.058336491310505 0.10418704160221 0.144650391682205 0.0710970812671157 0.0425941739199013 0.0586153557087569 0.0133238135039629 0.0258418475858173 0.214961084188771 0.349127166873179 0.501979687960002 0.283654677667536 0.493741977269049 0.371391969331803 0.527869977959752
0.190183274923296 0.581561267303603 0.105438917494978 0.217228658267586 -0.0786185169357115 0.0736721522703688 0.201052860357444 0.260030239603419 -0.136788490362143 -0.0456728102574657 0.0515687958671086 0.0444795527139823 -0.0905550194717961 0.0121728130382725 -0.18504348761841 -0.0946496014664369 1 0.646979191952588 0.329161659460401 0.585901149459982 -0.0718892321509549 0.173869182781559 0.015636890835304 -0.0228754637450426 0.0473941955535155 0.11754319693039 -0.00473538108472981 0.243447415573175 0.416831515860343 0.519540681099905 0.295550706419618 0.24131739698318 0.397362578377848 0.304034034096009 0.0470972736438753 0.159412123785771 0.157625875512179 0.228999001430849 0.00695309165381873 0.183101203885139 0.164957995937907 0.124137226188755 0.124217583879013 0.173721353435777 0.229178551954158 0.321440081477667 0.349656115424871 0.284805503516802 0.260511721292415 0.301217158118466 0.259251551119526 0.293395287107814 0.142308392699369 0.195075674089283 0.207546050229742 0.261866116636618 0.582038131710447 0.540663386887589 0.40033359631176 0.390885440991888 0.064408368110666 0.100215765003936 0.230641906846993 0.355840767038615 -0.00509008585107361 0.0861162956665402 0.258764484748779 0.286713174444105 0.275103832287954 0.491871786777496 0.215574909360801 0.211463846998957 0.211904948302412 0.306299256340168 0.00121547965716868 0.0856575973772492 0.233740771809448 0.0564169056138975 0.490342094633768 0.319249138080609 0.509050638404962 0.47916446197833 -0.0359547114458791 0.0434871226143765 -0.000898036465926753 0.124004047094385 -0.139858509332027 -0.0855742943519681 -0.006463216589951 0.0313125537237403
0.0191044128751563 0.601233152517488 -0.0415781760250014 0.0725120077643712 -0.179975666172984 -0.147372015694332 0.106087498948709 0.0730227543061335 -0.285253792770434 -0.197700628591583 0.0305141477391399 -0.122922323251924 -0.25828566089251 -0.0276487377096756 -0.19711133821273 -0.134661817916337 0.646979191952588 1 0.196541983640657 0.600930182762237 -0.125602303036847 0.0387416709369877 -0.15791150406187 -0.116217069450092 0.0100071816922225 0.0506101125490237 -0.156241007539561 0.0179787106077743 0.486095370776888 0.555801778769461 0.265836586254306 0.263274469619425 0.31401719518797 0.295612215955587 0.00889635120198542 0.0957377055820759 0.224084179387634 0.243581496997378 0.0265601674082976 0.151083698944746 0.148883526657628 0.272116382101496 0.0374735427815598 0.136844675637511 0.247830321838207 0.411708760068461 0.355135160924553 0.262512884688664 0.307717962811724 0.34048598773816 0.147380841582039 0.231978440257381 -0.0140516357713187 0.108735119201248 0.261283891449426 0.375107980235845 0.499796215935032 0.661338774339228 0.338158548877672 0.262464355389372 -0.101516178305857 -0.0316357424396449 0.371381396943778 0.670472378715684 -0.0932484380296405 -0.153732465681928 0.169753847859749 0.150016469403155 0.270107196006006 0.641717183675679 0.0516515500254798 0.196536531924641 0.111915948473373 0.276581481403362 0.0962942364013434 0.0880161350453794 0.24794191502024 0.304880426622456 0.390976527107617 0.443577720391992 0.522093586784952 0.529016125534685 0.13666084024316 0.231457476071323 0.0430252394570143 0.12810800587748 -0.00198363148537648 0.0135313148884886 -0.112666343090309 -0.0170532339726508
0.60481343606628 0.505254035227367 0.419253332497684 0.370880539568341 0.227074142055673 0.148777392317858 0.580006643286698 0.383784535011326 0.239986250809781 0.117658803163095 0.58414685909756 0.345315949282312 0.3785333284233 0.235248245851061 0.126323109039896 0.00304383991538741 0.329161659460401 0.196541983640657 1 0.624727668260437 -0.10266108009344 0.168796114562275 0.224418964508696 0.0549530085622557 0.065512673180378 0.230250528450923 0.204477729749034 0.192978730480676 0.290854712501678 0.337012272744489 0.258370504842557 0.0889233083885571 0.533943519611083 0.258310698317276 0.120855116386354 0.098536996974714 -0.129672837186928 -0.0785029319628197 -0.0989811130338179 -0.00729453335392364 0.0788376051287212 0.0858236943373174 0.275667991239112 0.230823630980142 0.275645680215637 0.244609502067517 0.332367359089754 0.227457346744917 0.256617068091357 0.278707643175956 0.413410850270692 0.343962164197212 0.302644830194147 0.301549760397611 0.213645675542667 0.103493887828839 0.482986429278835 0.456340332470056 0.519383918024481 0.395860955147908 0.416432370878811 0.256708673224879 0.106501788418248 0.1625204945285 0.221108042050048 0.281537024158706 0.397663147793074 0.316689101860375 0.354105525484547 0.228335055523814 0.675688169261867 0.370552703098644 0.466881762993839 0.513194155412822 0.198933294381517 0.324427941798271 0.143833177933111 -0.133199683654724 0.405040044237499 0.0830044059049966 0.393866232698363 0.283874497900963 -0.102346282134378 0.000292814904243412 0.430805583200682 0.221377784772598 -0.218251854967772 -0.216446166009395 0.314750154660859 0.114371184660354
0.392337731102095 0.740392756414376 0.139929449732105 0.406787240884084 0.00479818328023357 0.0450340107524595 0.381582018259655 0.466707698553541 -0.0624443359187815 0.00654087547181218 0.332550565997808 0.287012662595681 0.0337650446432514 0.215676645419136 -0.127961483686517 -0.0279645449050453 0.585901149459982 0.600930182762237 0.624727668260437 1 -0.157457306336057 0.135063421442643 0.0266956333692665 0.0394585870807009 -0.0291619936271293 0.164053547985662 -0.00816388328781763 0.176983701441097 0.527656979208472 0.642472999400958 0.357347300789686 0.312668519594498 0.54998079243595 0.419301374104585 -0.0227322470635979 0.130948917582872 0.140667214042641 0.179518959447831 -0.0220052271240857 0.129347616370883 0.134616514251055 0.277462673734718 0.139188630971985 0.213027133932274 0.319760532719187 0.435119370561182 0.48535786091044 0.373174140379938 0.361603976906123 0.423078258765337 0.346460351993412 0.425098161875446 0.184918197416214 0.245025710058808 0.316168974389358 0.369692438922192 0.586336218489513 0.630986019129442 0.571493961897184 0.534781400345625 0.229071975541068 0.320321989226842 0.33716741235859 0.513890077046091 0.0119835832799153 0.192848869462722 0.29111167903057 0.348987618522977 0.281194611617788 0.50636684452836 0.418914359008199 0.333838357787057 0.401919992176935 0.558613249595327 0.247035579132572 0.345437372752678 0.205129846847189 0.0129468075751555 0.474869184711262 0.226179108007575 0.46409807623662 0.386380278099737 -0.11456829781405 0.0447463527465034 0.160412389217572 0.242987727350852 -0.217304699694964 -0.128940768346169 0.139972588550949 0.111582210857
0.00282867343654385 -0.125134274420223 0.0155845622228102 -0.102083379527576 0.0348100245341923 0.103114983850647 -0.110528922758487 -0.146185753183663 0.031972432773319 0.134699424045806 0.0452181494264413 0.000279554252009849 0.149919042537604 0.170459484355712 0.103969630562659 0.0982524026368071 -0.0718892321509549 -0.125602303036847 -0.10266108009344 -0.157457306336057 1 0.0928179137210859 0.1543182691638 0.208075358857461 0.19698939154972 0.117820394419382 0.0787294914122738 0.0963147022577708 -0.049780292820485 -0.0569302595124756 0.0524757796581296 0.0523853861498179 -0.0156325607264804 -0.0833632251513552 0.0466931274761563 0.115579843272604 0.038817417130816 0.0803036123814872 0.183827767649046 0.0930852633095054 0.165153725494094 0.175418736862654 0.0654788880081077 0.0252158654180674 -0.0119218130753364 -0.0585741978146172 0.000209934717734291 0.0169586373049319 -0.0858960188301116 -0.0468602742205023 0.0688322785126579 0.00750411226751188 0.204138048808796 0.134520990395116 -0.0110585944030999 0.024842090767993 -0.0782385386564022 -0.15195800434894 -0.0523444125640536 -0.16145663942381 0.0386519181206482 -0.130581882409001 0.0817298097689132 -0.0432188929011211 0.0512151456830936 -0.0472559867490158 -0.00587192648028951 0.0233597867234524 0.0649501621245873 -0.179760710425944 -0.00146711204352598 -0.0153199790925766 0.0898213600779296 -0.0357083816786767 0.0390214469391245 0.0636502665536669 0.128126425509686 0.0124326099860099 -0.0226151749561371 0.10804135426475 -0.0641192605253377 -0.0258955748201188 0.0964788679641597 0.173309335988633 0.200569163998778 0.111846698941559 0.221001304513742 0.317221088246649 0.305279492536353 0.145713061256819
0.0586324578979397 0.0509256807869446 0.0877097950193247 0.0858737709198134 0.0647949859381891 0.184782069855931 0.101129808464406 0.101097764739698 0.00733707002834957 0.107927394941151 0.113460022802573 0.08217379477607 0.0793374223549957 0.1844328683377 0.106173827946803 0.107040985614142 0.173869182781559 0.0387416709369877 0.168796114562275 0.135063421442643 0.0928179137210859 1 0.0950415641981819 0.238885438322344 0.0985291571967701 0.141750851191649 0.214680493729349 0.365553843937313 0.0251614809300158 0.0828116278594476 0.181515369700895 0.199740947305495 0.182690465842277 0.0814610988069392 0.0491267040875397 0.0987304440701376 -0.0985968652662885 -0.069549207572604 0.103801816206324 0.1126764077207 0.156672161782186 0.114985081874036 0.0119352344652485 0.027644667288221 0.000831642310995892 0.073916240791235 0.0971668498472902 0.0705932578109427 0.0207131576029539 0.00185900874763086 0.0561181082863075 0.084412653948778 0.00442128503973239 0.00817593335714903 0.0457864714008926 0.105460897436348 -0.0588200099841716 0.0302202762017978 0.0889974705449647 0.0890048602823866 0.0582341912786736 0.0317034573280795 0.00918179980415953 0.118839749978894 0.0428288375502347 0.107039391127923 0.0661913135615387 0.170777467768855 -0.150829802711139 -0.0766691889808216 0.25047288445875 -0.024671609175072 0.236003425911184 0.235952329337897 0.0697886490800655 0.109109089406351 0.06660581972367 -0.115116000702097 0.185757108709774 0.0378203371742408 0.0537171501049563 -0.0561367957578167 -0.0321133267338866 0.093974683469539 0.0884625051955941 0.124413374905946 -0.0156499353657313 0.112702229393435 0.104261781942738 0.0394714313715019
0.296351553460365 -0.0310207916337093 0.717083472146908 0.49844774764018 0.603888748674028 0.577105122262536 0.530955558350953 0.29052982209126 0.607482796007622 0.483940038918255 -0.158508531241628 0.221038923047985 0.520139691363883 0.423593919274547 0.752713822896792 0.595581909956305 0.015636890835304 -0.15791150406187 0.224418964508696 0.0266956333692665 0.1543182691638 0.0950415641981819 1 0.688796196795818 0.540461744852907 0.58251233222241 0.564892405655033 0.295307977654635 -0.222863002598221 0.0758565477548476 0.465106310789884 0.31308506722052 0.503007492626982 0.296324041953807 0.589001356236871 0.451008746388787 0.0251040311834851 -0.0229926499609451 0.309258134901091 0.165607597842334 -0.0457746595368118 -0.130944468785702 0.293103457641028 0.149577866934471 0.113909568073118 -0.123137820256394 0.0172776154281988 0.0708296889600647 0.0384681259574737 0.0153739212075013 0.396947757291989 0.181862326927716 0.369323688625591 0.431082403069786 0.155722963007491 0.0183556652304126 0.0868190588441908 0.0586628888322 0.127654732451462 0.0569819554498421 0.391720997102573 0.0922843503752853 -0.310546442958321 -0.347109458601747 0.812290104183327 0.415164831896176 0.514888082660165 0.232783114229296 0.352577428940591 -0.0518763669464803 0.361703428924598 0.237313415153663 0.20541227578028 0.204328012208599 -0.0272482061464477 -0.0259038549599528 0.110899587643346 0.133673618148092 0.237348730213276 0.202142103135788 0.14592678616933 0.203884377605873 -0.114059408466095 0.030639448759734 0.505793281386713 0.400344057503299 0.0632994546788414 0.24565183784471 0.44194851732505 0.344967693707675
0.0660356363930769 0.008655779836905 0.372200127608046 0.524415253958209 0.438482812835161 0.583080135493706 0.134381539629085 0.318759849365654 0.262237760199002 0.476288317599632 -0.0921597445332105 0.370641914216483 0.260178475318328 0.671253702798608 0.589041850118989 0.714240814381131 -0.0228754637450426 -0.116217069450092 0.0549530085622557 0.0394585870807009 0.208075358857461 0.238885438322344 0.688796196795818 1 0.506361376690695 0.720518315683899 0.454590654519721 0.266494022743364 -0.144434185891205 0.160416612895637 0.467800597250745 0.525085640645848 0.377308762190156 0.387500476943515 0.465099392037489 0.577518124856715 0.11084440219552 0.113773681568024 0.29342663254996 0.278663853286272 0.153684135645305 9.74821032511598e-05 0.186873759232516 0.174218412608852 0.0845829859526383 -0.00327961022925417 0.0746577063506167 0.103610922487694 0.0282020590222634 0.00670615132812872 0.280887240445956 0.230086042106665 0.302307321725343 0.391533437794045 0.111815748063579 0.129086073232752 -0.0689707319611863 -0.0369234505911979 0.0603824588103887 0.0954573502385071 0.147219349676947 0.270027756727833 -0.226325759405928 -0.218594164391857 0.569316180384793 0.501418984813914 0.369054192041199 0.345182139645715 0.284266073199527 -0.00198623445973283 0.188644596529968 0.0960978850460649 0.23766690805832 0.137666288169038 0.0334182789331046 -0.0658185505932874 0.113271045082792 0.182153385970581 0.180561363231444 0.192135993282164 0.029156230048887 0.0854351811460124 -0.0896296831164227 0.191901384836705 0.411464207852765 0.654102728531703 0.136343328068904 0.415626398998712 0.249104312991116 0.429131227417145
