1 0.905146989194038 0.71262189542714 0.713255941014973 0.426505942104889 0.337724618824786 0.643723033780057 0.586916195557238 0.536486798908995 0.257963509355856 0.798552629989601 0.636479791057864 0.608783647272454 0.436349019535954 0.510598945240055 0.398883565617669 0.756802141512828 0.739296220595921 0.87453139007858 0.678852080112894 0.250555913653946 0.154349499169514 0.459131940114421 0.327527629747003 0.456244306142191 0.371178824900789 0.497119202563462 0.227305372722055 0.668106901051115 0.639635780954343 0.494140006295112 0.33752934810339 0.730296947150229 0.465290687510381 0.427678050422572 0.2652269055674 0.657571210891415 0.658593858920817 0.411624115188639 0.536835793026878 0.434575300744546 0.237438555676444 0.569901131303869 0.505279191856716 0.576957403738462 0.575911482466147 0.621506449094086 0.64276527636952 0.58731245723725 0.658690707636475 0.728970068910254 0.713360675279291 0.738667555591501 0.637092648998014 0.745303236961931 0.67000997964999 0.856509821582608 0.832933594924304 0.845592360106664 0.706801298199869 0.768117461648448 0.422962788437261 0.696450817620271 0.57610736532362 0.487586904679178 0.498233757180597 0.707519410539978 0.537935314032991 0.72737603744958 0.763985148754303 0.504836681495368 0.524267989919447 0.575623314632585 0.633736660850614 0.401075042256652 0.154127245931535 0.176329772553019 0.469103658463634 0.483426078983603 0.543805722603895 0.740276534702839 0.784766843591744 0.561988526653662 0.573847775964196 0.783860501682619 0.806945944029487 0.328083514853439 0.279398640590939 0.727128962126028 0.558648962535621
0.905146989194038 1 0.599578803670065 0.706195606668354 0.309951998712043 0.284064944053003 0.532605691733463 0.579675583334012 0.431989218948917 0.172439393416145 0.697623399938039 0.664064822381873 0.448627596992118 0.426812147688207 0.375671261397164 0.318175188420277 0.77764361364199 0.793010883470954 0.815423884150529 0.730990318863716 0.189112323130646 0.135096897273221 0.354543991641383 0.295198713837968 0.38465741249421 0.386620690816615 0.423090138669398 0.211693990823119 0.597645946818279 0.60127940578949 0.38825597280789 0.284610877590354 0.68058871453759 0.489543105713104 0.361178995553805 0.256087972851803 0.627596987538544 0.667003911782604 0.366826428015076 0.572061762991274 0.500755667632624 0.249645340012094 0.533173109862754 0.439658099625912 0.635298953796447 0.645417578378608 0.648614526688862 0.695864942843107 0.687974978188411 0.701475464639427 0.764059355030609 0.749935015464799 0.739649986739445 0.636827590395439 0.760009613569559 0.709634063541052 0.886452419611627 0.895926945420689 0.836638641245058 0.707602794558859 0.64599543438101 0.401512758890765 0.687581986652943 0.615350834968693 0.378295010866194 0.441390304536534 0.68505876443122 0.545688842879727 0.821300795217949 0.852533723061409 0.433475582777168 0.480821360631028 0.531178052088836 0.619377227324433 0.369182727366123 0.219684576326519 0.0734722517663172 0.425898899084853 0.465517467202001 0.516744647640554 0.754923999275406 0.82879971699563 0.547386867238595 0.578844849886184 0.740826243045375 0.797897421842038 0.287747070843951 0.356859834039387 0.633779355253857 0.567329763241449
0.71262189542714 0.599578803670065 1 0.809861521645042 0.62404333254064 0.48495542801383 0.836201877154976 0.66795061034161 0.710336501370942 0.459468458290183 0.645819357174102 0.4782562820616 0.735417467592194 0.447371466327521 0.75029636216294 0.590884552795219 0.382759075052653 0.430642024839647 0.641556327733081 0.460672102391692 0.238039612278319 0.0953387790319576 0.839548479692179 0.687349027334373 0.670408465970695 0.609573881574022 0.562250156623345 0.349966163133999 0.50794681106614 0.44885084591305 0.723151766642115 0.643068933341721 0.755051476401476 0.445085783157649 0.698987876232849 0.392716937160935 0.622550626773421 0.572408397935244 0.393730486955875 0.492870677910073 0.293717254460009 0.220407568648316 0.597539584178114 0.523248317110713 0.433482207780736 0.373779555570424 0.501437237371664 0.48156158825158 0.350278811696202 0.511083163849804 0.610014478759073 0.639084305001326 0.705988375678911 0.714425434413568 0.615288174605213 0.473459775982851 0.510376931021238 0.484623826999645 0.646598143960351 0.523930424247507 0.672642802016126 0.450075907426117 0.592111218946366 0.421838135042393 0.789971068782872 0.697787309514931 0.755931734358467 0.518925389545074 0.532723462646701 0.513047792174977 0.666711473930016 0.624125122453222 0.598249503257482 0.630511274804687 0.395246031378963 0.216870839264741 0.404947753092826 0.513057690778331 0.313521802758172 0.383401200926955 0.441057789190055 0.554764616335268 0.496288426212349 0.449789591063399 0.824096233467513 0.790063984736681 0.31801871202764 0.272685318126529 0.744057020606934 0.498979405807575
0.713255941014973 0.706195606668354 0.809861521645042 1 0.623498476166299 0.592716866013826 0.73308623799167 0.859486456843253 0.654451189224257 0.568680891755291 0.619861598718068 0.692066669842949 0.529068590538189 0.583740616937587 0.578672567926417 0.564179549821312 0.487704115741329 0.554853099863936 0.686423198120722 0.574615578230669 0.194391593892945 0.109808936036033 0.692217773038081 0.643101869249659 0.523977471920689 0.579858857927703 0.549351855143929 0.248550008944664 0.639323880530436 0.631340956089293 0.67408933450415 0.693412263677317 0.81643274991064 0.634030290229429 0.54830816902626 0.435785976989423 0.553798949070692 0.513261568020093 0.382898612545294 0.50921230848196 0.399897431434163 0.167366662724804 0.622681207071926 0.580080912207452 0.525709533797858 0.495700786097803 0.561982094106262 0.553854115563788 0.414084068940357 0.596979585285457 0.615019561676612 0.661766825461344 0.663956552855846 0.719056157480305 0.648696245215726 0.534633014023947 0.572473646436546 0.532711927261645 0.663620631549528 0.620351760842259 0.714071274823499 0.698322260917426 0.672554077826888 0.649308261772566 0.626381358584298 0.778637305806924 0.742511119801149 0.67196070177523 0.592376127245183 0.604263208047206 0.671856973775914 0.743937103464818 0.697872572882583 0.717469010951544 0.382411987322987 0.286451810771767 0.399976069715112 0.620452406620342 0.318752300979692 0.486673391889069 0.515574794410388 0.628575166525892 0.550250113356003 0.489527117673561 0.74114486268924 0.824635033330851 0.353268815342147 0.282614070220521 0.679576261129772 0.559958698511105
0.426505942104889 0.309951998712043 0.62404333254064 0.623498476166299 1 0.663536094032265 0.481007577064247 0.532598910116085 0.739973953384375 0.682200416626476 0.330992428229757 0.241524609401558 0.470639146669276 0.392609395907143 0.542972009563755 0.504108783928319 0.170404312556135 0.212747291804003 0.365189246404031 0.236083186487701 0.1114617552582 0.0211088167236324 0.722719652912022 0.631731921996866 0.483806251393042 0.466759073349209 0.61636202178482 0.155391906853911 0.389195116253604 0.438265460753254 0.618086232959523 0.611647819452133 0.537700690184308 0.3966154220914 0.510691401518667 0.411793732604161 0.394953945601861 0.344840114402214 0.329266855287021 0.305955609886698 0.145440961368774 0.0957056524265234 0.316179995556001 0.325574688936694 0.240162411462473 0.206710734364564 0.195761891637201 0.22744164139103 0.135095209380678 0.373378765150649 0.29563685337164 0.327615129626777 0.345995859362848 0.467841162220875 0.307044029783986 0.25418196663363 0.288686998456738 0.218880210462222 0.344637875894379 0.260500109244632 0.516931502620287 0.541436183675751 0.260535275124115 0.184056779989725 0.603047320757031 0.573133708118576 0.471818486735846 0.37223106131816 0.362866176861451 0.27073048742125 0.570119592387327 0.544231082714155 0.39795348115687 0.413535442036995 0.281625253533584 0.148736543468828 0.377059669250311 0.374606688019242 0.126386444463167 0.291544557341331 0.191055010573423 0.31085935046359 0.318793520105082 0.247695917935208 0.505355437901595 0.501187434241301 0.366246175590724 0.282167010669773 0.481075965639923 0.487320864516642
0.337724618824786 0.284064944053003 0.48495542801383 0.592716866013826 0.663536094032265 1 0.266337548662351 0.441364729528483 0.648079979269705 0.728114086241933 0.2937297689544 0.229805922240174 0.384002419027212 0.327565491932549 0.431663437091264 0.56133074380202 0.180113096390812 0.240266556614189 0.314939047878228 0.182457255346394 0.0748709807888378 0.129131226139364 0.61570091985012 0.574122748213202 0.481470451522607 0.459735018647053 0.570987925396473 0.336708361136325 0.319428330156063 0.342553761890951 0.495996644842537 0.569204748646026 0.49582873349297 0.342992096899774 0.51249017202036 0.352942896362035 0.347309571667745 0.315161163132859 0.284119685385178 0.306022382655688 0.269579650002209 0.000342665538773435 0.251221740918657 0.263862436405063 0.223079408669985 0.21701945052686 0.156051999488035 0.202597060223125 0.126937226740625 0.374785992922042 0.271355184207572 0.325168788184826 0.264723210908268 0.462703275518067 0.318514704593569 0.194300675607877 0.267253839511767 0.199438070813447 0.242751658900249 0.146929354651162 0.355146869749156 0.485019138976562 0.157191772526132 0.146503422271751 0.57061899416193 0.499897489589054 0.351538560986512 0.297283739256432 0.326639987146518 0.235508081655949 0.346750057414894 0.473325005704341 0.430886330072725 0.454772291397775 0.205511761035659 0.202412601954737 0.224907665967299 0.303231673407591 0.0675517223698347 0.367069431185873 0.190982531812417 0.303496025337689 0.280446937126493 0.228941117421072 0.421194255065242 0.459691187928101 0.31738881438397 0.248947100408787 0.368733056015753 0.383951666345625
0.643723033780057 0.532605691733463 0.836201877154976 0.73308623799167 0.481007577064247 0.266337548662351 1 0.800118135112099 0.580390457286013 0.41170252686663 0.497504589896082 0.656473619057627 0.623324604409138 0.525442680554888 0.699495523707276 0.535989222352385 0.273150364089364 0.348378044220773 0.570783036709321 0.490569353374145 0.203895386533229 0.127473459954253 0.644864638567911 0.489317712234754 0.411005891275503 0.510787852795185 0.396950261093015 0.253109410481483 0.52685269980019 0.444904121930814 0.577303744113503 0.508520571905722 0.646882390550092 0.536599697183233 0.588500118799771 0.393052242008399 0.509917033135546 0.463908406249957 0.32582570317912 0.362587312755267 0.305893650833399 0.227780220201908 0.644778396165098 0.604081239069578 0.430091643663756 0.368706037849653 0.534005996488681 0.482969641435647 0.327079454715747 0.494051170204317 0.595898725994509 0.625468750156229 0.657762464719664 0.638263748094392 0.57948923557408 0.4626510993935 0.372540309938724 0.359553132081804 0.649483217752045 0.629673246209367 0.751482105913299 0.580794145991362 0.584759016930849 0.530056337059651 0.623355010967491 0.717227467470616 0.760755181627641 0.613514348615361 0.461907558879466 0.460105316664324 0.728458592398325 0.683131824968462 0.650921326018864 0.533842309717626 0.341436113250752 0.239769985789963 0.484045351184241 0.635748956254505 0.283278936590225 0.255695735655241 0.372024516954425 0.404681369931836 0.520979799478658 0.307911266911003 0.694756267296399 0.721818687532602 0.35896884944081 0.191371211093057 0.756922975527967 0.469795620188291
0.586916195557238 0.579675583334012 0.66795061034161 0.859486456843253 0.532598910116085 0.441364729528483 0.800118135112099 1 0.562828663231149 0.606205227791194 0.433441883024348 0.781374164588653 0.428829986173098 0.61606356641464 0.521136325724036 0.529081391108942 0.272164679519014 0.378157814372347 0.533225618592156 0.49277531564697 0.11985696931785 0.154751998010985 0.547193544244211 0.495298873199886 0.301268835494043 0.51250549260066 0.382807727821416 0.133550720877223 0.578101613768805 0.584274426752436 0.520770511862601 0.580976595217092 0.67136662509863 0.673598915913956 0.451065696216408 0.462783992190105 0.426936388907956 0.352932342348144 0.341735904502854 0.408649118266362 0.350040926576447 0.168395715411624 0.626402648170318 0.625993543780324 0.451927320996611 0.434511790137244 0.538654204317022 0.501549280870057 0.335994745749221 0.569753083597376 0.578566356809556 0.656051514886242 0.587675864897979 0.643652487916346 0.584454978471267 0.516083361596586 0.378431624499437 0.349498109477412 0.614084974366191 0.70166756653054 0.731848432362348 0.837930718451416 0.574958864634406 0.678020393421762 0.517161198739258 0.83552384957884 0.721444990252509 0.756971261970683 0.453950631267492 0.463164057433035 0.711839850776864 0.76510632789696 0.688311919332667 0.585654732205416 0.364546486347555 0.312394913385007 0.473211993414644 0.68959608729762 0.248142387120641 0.326218276106227 0.404678930988234 0.466574840992931 0.477335492269173 0.36689805126022 0.595106443832677 0.73719805971223 0.466365080809404 0.249000814533128 0.679065436734018 0.570193401015881
0.536486798908995 0.431989218948917 0.710336501370942 0.654451189224257 0.739973953384375 0.648079979269705 0.580390457286013 0.562828663231149 1 0.643474757904018 0.443950772623312 0.284675554916582 0.614107186845488 0.373126039234486 0.637328246601146 0.561467255620455 0.249569352916309 0.257348873178554 0.406643190002414 0.240005032446258 0.196456191877247 0.123705773082287 0.69191330163616 0.572177956293313 0.623524001605232 0.587487705058476 0.631934808008882 0.245985765282721 0.326660918787625 0.346445259455232 0.57400802959112 0.511640691178378 0.526781518842586 0.284382646589207 0.567550702455696 0.289198675798477 0.403164242967025 0.465935070839603 0.248729325479087 0.334897914352662 0.298708356621318 0.0686582136440674 0.287302570342134 0.26657265526775 0.232813418012404 0.199683620412402 0.223726487218631 0.260373263705473 0.196226839373174 0.448662927096446 0.394845162806329 0.472516903513772 0.502469482430089 0.592965215445186 0.402939682040535 0.31014130480753 0.394507236268623 0.335535473535674 0.433947628527803 0.325534021742545 0.517644171678187 0.5095818928789 0.267581445732338 0.183646358020541 0.628209518688143 0.588366206688255 0.471467028564135 0.314704723252836 0.50659336743461 0.384316475394325 0.545755540112706 0.545409969664728 0.498798748398956 0.579284051868598 0.241080428426702 0.178903103749841 0.293485926827075 0.374641301737897 0.193766514254439 0.267423183451466 0.231643349004361 0.389308419645068 0.200473770896026 0.235775843755719 0.579637931822509 0.604258475361516 0.226497244273501 0.196101002919226 0.563058605455548 0.508149738908384
0.257963509355856 0.172439393416145 0.459468458290183 0.568680891755291 0.682200416626476 0.728114086241933 0.41170252686663 0.606205227791194 0.643474757904018 1 0.176366978113471 0.297317568784749 0.339999552432065 0.426194505257149 0.490122076434965 0.608853951804052 -0.0440369795506038 0.0867992563416148 0.184032578787308 0.0633768414409213 0.0447967504672272 0.0862633256245022 0.585889201202458 0.565440304615521 0.33141774747889 0.549465951177949 0.459691292796573 0.186530371760571 0.239922037286536 0.369544167342823 0.452072462264983 0.597815879870641 0.430655359250454 0.386917228166567 0.508749287874954 0.475957106454622 0.218817131157703 0.185618263507969 0.331832360325015 0.231346850163333 0.135584484347935 0.0268853725303501 0.331488907738941 0.357306516949734 0.152781035699092 0.126354063730528 0.166073120963448 0.145918083885944 0.0125241542802794 0.322883344422141 0.246969407997706 0.292479505993674 0.194082202779325 0.450412853904622 0.274936799428732 0.18584849706134 0.105175788371057 0.0412502452971767 0.203381949785909 0.193399114433061 0.394965412041398 0.585261770084312 0.170078168842434 0.180609804714519 0.534372447340838 0.636642094611186 0.361675358987255 0.362598163977172 0.200075579168064 0.0761247700812457 0.47211727338806 0.528825492576836 0.45396893989795 0.369625670277379 0.191489996380937 0.191131966373071 0.34310100590906 0.453970635526086 0.036467867277022 0.247736089701581 0.0412469151724373 0.173092912160562 0.177167293062318 0.151288904306107 0.33106296795375 0.431607050319261 0.468140714430866 0.252504679049766 0.426637384111148 0.465696380754855
0.798552629989601 0.697623399938039 0.645819357174102 0.619861598718068 0.330992428229757 0.2937297689544 0.497504589896082 0.433441883024348 0.443950772623312 0.176366978113471 1 0.486698272495211 0.677189999493892 0.343105399491051 0.477949238075596 0.281831001255984 0.610658891245553 0.534547091530829 0.825772624417283 0.558176200413556 0.324145802181851 0.0941805449081551 0.445010575121166 0.302750809243098 0.559169733707036 0.313745063187884 0.462331901152413 0.287923500065622 0.550202723503537 0.486386224194646 0.489038918465007 0.260703583538536 0.575513327663142 0.285987190914924 0.328436062623852 0.140229316390178 0.517790063721406 0.570512521800064 0.259201367696553 0.431344519391869 0.354728842920052 0.180160071223274 0.420754882005408 0.362164016941851 0.411272299871728 0.411384004608132 0.451196461767299 0.430720457925698 0.42863019639815 0.464360247334257 0.541168318699597 0.534241743033439 0.610781507892465 0.569574943626884 0.565394571126876 0.451910029490708 0.650139396836746 0.64328283740839 0.606646154791762 0.508473267461841 0.512199374445995 0.280614077334905 0.619994590114101 0.456438640045961 0.358264530601215 0.322206263425062 0.509864157655586 0.332617080988495 0.507785445887803 0.549291462743515 0.403602461881767 0.470148007366801 0.5109792216257 0.616943913093883 0.322924060309941 0.217664944688818 0.161378655519969 0.286149775104635 0.406325556609023 0.423051639650705 0.585789411485394 0.631119433970709 0.522913400901527 0.43819888434821 0.653230986601154 0.630540670962535 0.126962131531447 -0.0141304491848019 0.513796184505114 0.304511787863638
0.636479791057864 0.664064822381873 0.4782562820616 0.692066669842949 0.241524609401558 0.229805922240174 0.656473619057627 0.781374164588653 0.284675554916582 0.297317568784749 0.486698272495211 1 0.344597583761308 0.644370770349676 0.374655552326301 0.363564276001554 0.427576894583496 0.513137887936698 0.624209506760007 0.70794579557405 0.101467565004987 0.161882281246624 0.28518180130412 0.305226376362372 0.150370392060777 0.339660118017719 0.208952185192814 0.134318695976586 0.659120779802284 0.663525425786697 0.38317771706852 0.346943839708632 0.588189605924731 0.692220813080524 0.267735565444108 0.401763502204653 0.456598828279992 0.388122588278769 0.420054488496424 0.442658328172896 0.384127727691452 0.269723876538928 0.624554772471602 0.618916965236899 0.489068456834373 0.522404609068286 0.61904421056163 0.575710648139729 0.467884074433596 0.564491964746604 0.675879812508005 0.680654679473016 0.611182538267832 0.628789410373456 0.689460072561463 0.656099385469279 0.456578722735799 0.451482871482803 0.686850110733524 0.721526217078806 0.676413231253917 0.62456687718778 0.626296845843513 0.800028944685653 0.233329857649475 0.527506237274252 0.606796328311804 0.660383939842643 0.429203278386291 0.516069246076104 0.535314721689795 0.602286475624259 0.672739347600599 0.513340496393187 0.399281293495131 0.26809970795246 0.273786071587666 0.560149468891455 0.321566603829578 0.34636129483913 0.568222012958379 0.557011054257835 0.585972578962655 0.442964779029116 0.577136943926871 0.70961701611695 0.422682708257046 0.236134367783317 0.649540746286365 0.480892042998562
0.608783647272454 0.448627596992118 0.735417467592194 0.529068590538189 0.470639146669276 0.384002419027212 0.623324604409138 0.428829986173098 0.614107186845488 0.339999552432065 0.677189999493892 0.344597583761308 1 0.560101214561829 0.835503294809157 0.593401659522095 0.35888589030777 0.309748910958003 0.622394667782497 0.431865288567654 0.23813775743755 0.166119126180476 0.717182987519997 0.584373410010946 0.620731498408864 0.477823028611677 0.508337264574363 0.310645535024326 0.459533439191643 0.433071766633164 0.654711460829833 0.497961074127337 0.550479894162005 0.301729602620959 0.542293005582068 0.283788395745152 0.595717069755355 0.490721975958996 0.296375395268075 0.332312509585635 0.220839823754721 0.237622995264349 0.457993936142184 0.427452613792352 0.326041483343837 0.279036969459845 0.395952959407019 0.346385504256088 0.292949778353021 0.422239851042579 0.465120733472323 0.467793583084665 0.553694788133106 0.610012287728263 0.458560421635283 0.325342205043686 0.38651538546944 0.37432870749462 0.416910518381074 0.293177669253578 0.370282085044916 0.244934087393407 0.372481095950341 0.190120378146362 0.564267298743585 0.456277116623219 0.484731324254486 0.231937885841288 0.383428415855839 0.372582019654751 0.570243721194011 0.535468382780705 0.518127583119917 0.522810158567052 0.25603119377929 0.193652078904353 0.317896774882627 0.377632005083702 0.400117434296466 0.334238201884317 0.401206298339248 0.46855241311455 0.455201950367924 0.396129645582882 0.67358566648267 0.623101029250425 0.28173316212782 0.131804640251337 0.595189851967193 0.343859952549362
0.436349019535954 0.426812147688207 0.447371466327521 0.583740616937587 0.392609395907143 0.327565491932549 0.525442680554888 0.61606356641464 0.373126039234486 0.426194505257149 0.343105399491051 0.644370770349676 0.560101214561829 1 0.585574666652521 0.614545432935264 0.265462224257599 0.366641426053956 0.510291731872504 0.568037266321721 0.0956333280185026 0.167491539315555 0.490306737077473 0.596505384602632 0.289679520785005 0.501879433019585 0.378747443345474 0.201822695719461 0.586367339935718 0.665287219493479 0.558981454845194 0.60931562489276 0.560152704509787 0.605705073815526 0.280170431578895 0.473483623866992 0.491384486836482 0.256094276255633 0.381950418967645 0.376643472793529 0.160867343698509 0.228663625632322 0.557540433065935 0.593653561839171 0.393483021533058 0.390690798469055 0.505004203790271 0.433482750759787 0.372392532043506 0.475433563390322 0.509901715277599 0.482749895195913 0.439623821025439 0.580271917779734 0.472173685963393 0.455788365708803 0.315651826128262 0.278596566699185 0.391584343545805 0.311861082356242 0.363283502819435 0.440075941342825 0.376388789404181 0.442680946567046 0.300242055967358 0.543963930186311 0.428305049242658 0.43536613052643 0.316980766684891 0.361111130347954 0.579967935466383 0.625282924789852 0.598348313470017 0.439458280683378 0.235649462892058 0.273888653409816 0.355824896636175 0.545747669076771 0.264538199706244 0.39599478794742 0.421188959618305 0.491943178438441 0.448220688663885 0.508287867881541 0.478211901393393 0.641026599476287 0.42714825339781 0.357954912453525 0.498956784608565 0.37008763027181
0.510598945240055 0.375671261397164 0.75029636216294 0.578672567926417 0.542972009563755 0.431663437091264 0.699495523707276 0.521136325724036 0.637328246601146 0.490122076434965 0.477949238075596 0.374655552326301 0.835503294809157 0.585574666652521 1 0.722801679936512 0.218379820263566 0.263925306090758 0.49430741288638 0.416870119099196 0.170103560638178 0.117367724972179 0.77627822944639 0.689336885668932 0.53666492829123 0.552629992368194 0.465218600163538 0.349312923666388 0.488914043225546 0.406329739043308 0.651733113687641 0.635089757240656 0.558184740432065 0.43437346064746 0.592141811905869 0.369929645147123 0.53947233401379 0.433932604302079 0.35759409806562 0.333593393173577 0.167055262434804 0.256560973609404 0.510760810252327 0.454099883482444 0.318613616702186 0.242580327971421 0.39980825738873 0.346918297396016 0.26038250653838 0.390801581160179 0.467119522339413 0.462746109616901 0.531987343246082 0.619899377377501 0.473089583903108 0.344813822920105 0.311461396739964 0.2876654000494 0.368185631505359 0.269821229396024 0.423733117923822 0.346132491825681 0.353637977481396 0.231127901779746 0.651964096694345 0.583368677736956 0.491059893980371 0.286588792745072 0.324717871091978 0.326030290155696 0.56182615524393 0.528353433248076 0.548079465056499 0.413282621572524 0.237383560825718 0.190575936624171 0.421702986991614 0.415602358161771 0.272976291219023 0.335987382994313 0.37633481540384 0.413634057456708 0.480591661142777 0.37312159096143 0.65760871825954 0.654194724237513 0.319843386861378 0.200073515771599 0.606399665145271 0.393451829300637
0.398883565617669 0.318175188420277 0.590884552795219 0.564179549821312 0.504108783928319 0.56133074380202 0.535989222352385 0.529081391108942 0.561467255620455 0.608853951804052 0.281831001255984 0.363564276001554 0.593401659522095 0.614545432935264 0.722801679936512 1 0.221235064147235 0.325584890174761 0.351089751662927 0.239897755922126 0.0672362519427061 0.164385265528482 0.688087964223232 0.699926401738962 0.428574063028855 0.596975971152297 0.466189172277847 0.394533341561082 0.379051817821223 0.431926629808848 0.522055867407509 0.711438821219834 0.545933299204706 0.404458325924766 0.513165174593323 0.333377031250795 0.396823081834457 0.404378633070834 0.300280363876396 0.354232328966361 0.14696966486868 0.247420802172201 0.421872203830111 0.385468249401016 0.217963769120989 0.172440977227573 0.340942774381467 0.284024086943067 0.15114812556825 0.307422956219946 0.384419033063779 0.370090184113311 0.418673995853134 0.50646478804267 0.391873714980939 0.266373268083768 0.294110231556937 0.26772356300974 0.31529441382121 0.229012539415673 0.39526677538467 0.397387381597553 0.33679665280386 0.23884198875672 0.619089254617608 0.600776372612282 0.422175382633441 0.285433353689248 0.347336778069427 0.259874639507803 0.509952000240023 0.586697116478577 0.559768472868935 0.496127324625155 0.184503391742026 0.290648201367694 0.385615247673191 0.454476481567233 0.155617362588768 0.381804194801347 0.333887126495619 0.361026852386127 0.363688026545932 0.40549204296847 0.533224741626507 0.598176270890927 0.354190111657352 0.322875245425404 0.538952222141285 0.359872076922645
0.756802141512828 0.77764361364199 0.382759075052653 0.487704115741329 0.170404312556135 0.180113096390812 0.273150364089364 0.272164679519014 0.249569352916309 -0.0440369795506038 0.610658891245553 0.427576894583496 0.35888589030777 0.265462224257599 0.218379820263566 0.221235064147235 1 0.861032220457557 0.702133715226621 0.608681983475061 0.262874005495034 0.122289762048059 0.200206161234781 0.144363441169468 0.319765598733351 0.127364535934458 0.37964032144797 0.110914936515967 0.598722989908489 0.56633911334073 0.276629668804251 0.153044194163835 0.598628046370545 0.326970553988337 0.150279195607525 0.104832233404121 0.514955644245604 0.624655966156866 0.261664362836076 0.449056859701486 0.377020999830623 0.14640043967247 0.410130954175968 0.310703568095572 0.539457274948276 0.535208877519208 0.516713891890989 0.579410498342503 0.565616670052184 0.466191177696736 0.525929944971093 0.467245130393876 0.528620170174676 0.362687388337703 0.566060402459369 0.520641802508962 0.861316220087433 0.85358398789301 0.603444445977275 0.457255859788532 0.482142381924043 0.142145147896079 0.690316357126604 0.516773714097042 0.244080913759649 0.213667051296497 0.456460094842623 0.306987847340864 0.642380818612207 0.747873715963009 0.216697958058887 0.231845750350382 0.334669740904532 0.499403156746825 0.261299511765569 0.00932101548730316 -0.0300898852961339 0.272306834482256 0.485128694231482 0.577539791062132 0.75355193395286 0.710933412885854 0.44534188843395 0.502882135875491 0.567044271603765 0.563750309189873 0.133165317580698 0.219457967524921 0.435781395152691 0.330972713989216
0.739296220595921 0.793010883470954 0.430642024839647 0.554853099863936 0.212747291804003 0.240266556614189 0.348378044220773 0.378157814372347 0.257348873178554 0.0867992563416148 0.534547091530829 0.513137887936698 0.309748910958003 0.366641426053956 0.263925306090758 0.325584890174761 0.861032220457557 1 0.670854998663495 0.609404443174754 0.224231156894248 0.0665568298352342 0.263668385148045 0.218720853251064 0.26120941443141 0.203712399600293 0.340052231979627 0.13415901034842 0.62511063069143 0.685226057194534 0.267944312430537 0.245356214428901 0.66110608551569 0.488731659774607 0.259052754029126 0.2405813274096 0.546518881366705 0.586413021716113 0.384945741911003 0.578903872640522 0.365614317057541 0.202879501380701 0.488359817552019 0.367048120793877 0.545884389851409 0.568314441987236 0.549701886476072 0.62305589714485 0.587757886841817 0.497721896387543 0.598687489472338 0.51428378424317 0.530072384988715 0.432145030952667 0.60059772018074 0.548515946787586 0.885372014978633 0.866373816537471 0.627646334317568 0.472438598522097 0.549565689138666 0.19334831398749 0.748911967577936 0.603461233482062 0.324931863248988 0.285831520868768 0.513687049333634 0.419385542385132 0.659907184163211 0.772632888355723 0.269220465405619 0.271599213358582 0.399687551644724 0.531750350072244 0.31438189271684 0.0792210776491285 -0.0631940493620716 0.351430345478982 0.440803556900093 0.709551590409303 0.774009179659179 0.789303611307697 0.486817316609334 0.533614076310691 0.613649345633124 0.6231171611795 0.193096016737632 0.349039864458044 0.508990376615645 0.365528192034171
0.87453139007858 0.815423884150529 0.641556327733081 0.686423198120722 0.365189246404031 0.314939047878228 0.570783036709321 0.533225618592156 0.406643190002414 0.184032578787308 0.825772624417283 0.624209506760007 0.622394667782497 0.510291731872504 0.49430741288638 0.351089751662927 0.702133715226621 0.670854998663495 1 0.754707775015578 0.222154342849725 0.159158870347337 0.440611511829124 0.315901183513673 0.409796875296354 0.306350162604054 0.47995907011085 0.235971082854203 0.738198860303681 0.659397164085473 0.561566918427247 0.364185953011257 0.704087287310551 0.509143964982893 0.350065297476387 0.290240899815837 0.61739615918348 0.536367083385102 0.407196699704249 0.527161696628372 0.366677567520795 0.270836394428958 0.555920203202966 0.534593200522284 0.517401789091908 0.544427310013277 0.585219123642218 0.58669044368465 0.514269884739972 0.597320038160353 0.646160724653069 0.636174179818356 0.650361830330508 0.606833878278144 0.657538307185339 0.587418216630105 0.721168052628179 0.702337780008711 0.716308108169389 0.5966118023134 0.615559179712498 0.34734853208255 0.624711968112031 0.531073312149555 0.395313526923705 0.412092274985018 0.617002622692209 0.490951037677173 0.592230763729407 0.669847737679737 0.505706132961703 0.545126198334515 0.622359215569757 0.593815576930153 0.336655035627381 0.202377187157097 0.198485303616225 0.420939905371189 0.399175525408193 0.507109688378335 0.675199538443331 0.725574208073721 0.626730974756826 0.518186394255815 0.672501760589263 0.699113527188943 0.272861423276029 0.175198288297679 0.608931045647977 0.426833198752539
0.678852080112894 0.730990318863716 0.460672102391692 0.574615578230669 0.236083186487701 0.182457255346394 0.490569353374145 0.49277531564697 0.240005032446258 0.0633768414409213 0.558176200413556 0.70794579557405 0.431865288567654 0.568037266321721 0.416870119099196 0.239897755922126 0.608681983475061 0.609404443174754 0.754707775015578 1 0.128760550541594 0.163739247294608 0.303063816873216 0.270377768304688 0.250610787764028 0.245760518607039 0.297656568091395 0.201830180102148 0.718449176383698 0.633624928962577 0.453413599476137 0.293302137159182 0.555318049031604 0.590467327834791 0.236123083585663 0.376332279088035 0.558892131379889 0.473195135702087 0.35823947294465 0.53187278890454 0.352329972915534 0.226579657909901 0.51114368932778 0.448388248402241 0.482822700036113 0.499263871372866 0.536532368996484 0.529370161897705 0.512777202511674 0.509700007472038 0.597325108940057 0.571719634107091 0.536496195188443 0.531991907779343 0.581867696828927 0.579615399898402 0.605649793830782 0.610914366745645 0.59343915605881 0.501514188998185 0.508275087607838 0.295780567768265 0.556807561984017 0.593838680017305 0.25489175622682 0.333967502326325 0.517788612159234 0.489284275291983 0.501469272878893 0.617481867812353 0.426335597076524 0.41972854142371 0.517134886241107 0.373274171942056 0.409653157588708 0.0969049500919105 0.186570064023872 0.390178877031281 0.333496259050196 0.393507581096404 0.652444918423935 0.661616509337797 0.597697106399074 0.471358035899106 0.562136232828663 0.643626232186235 0.244253710057484 0.209366091417336 0.488176416735254 0.396927650176434
0.250555913653946 0.189112323130646 0.238039612278319 0.194391593892945 0.1114617552582 0.0748709807888378 0.203895386533229 0.11985696931785 0.196456191877247 0.0447967504672272 0.324145802181851 0.101467565004987 0.23813775743755 0.0956333280185026 0.170103560638178 0.0672362519427061 0.262874005495034 0.224231156894248 0.222154342849725 0.128760550541594 1 0.0357522203147904 0.192843324491086 0.126347162611868 0.222757844090683 0.0970216345228348 0.24633796237558 0.0994046048205845 0.144481419000902 0.239710509746658 0.275015002197491 0.167251783188809 0.285958571124617 0.0599091804683724 0.109530184682348 0.0743901564394273 0.235576045351557 0.273182191987649 0.11701905430462 0.108257385356407 0.118408572252971 0.0527436635427775 0.143281790319392 0.109838458824385 0.113407222803391 0.0879109632030888 0.107671975928541 0.130421852738942 0.0657938235813194 0.0792439714433638 0.103417146828091 0.106183983229233 0.168111328123879 0.180102882601891 0.155087529095324 0.112479978866429 0.241033838049767 0.21436995068856 0.144126544239889 0.101782325889249 0.194446890048029 0.0439335984405054 0.223109015603314 0.101915847240986 0.156825587616628 0.12910693758599 0.161934603856994 0.0863940202600944 0.208248503847332 0.24225754630842 0.130603814389994 0.0988360741980093 0.184487225412907 0.262232945131425 -0.0131948744466142 0.0127681255736044 0.155078743129014 0.158100646160629 0.103502376629971 0.0808030261609103 0.0709337427852707 0.0813952337516598 0.170846726132555 0.12400644251431 0.186076053510988 0.213287010453485 0.0148450866041132 0.00614237924915741 0.256424537423812 0.0284010634852425
0.154349499169514 0.135096897273221 0.0953387790319576 0.109808936036033 0.0211088167236324 0.129131226139364 0.127473459954253 0.154751998010985 0.123705773082287 0.0862633256245022 0.0941805449081551 0.161882281246624 0.166119126180476 0.167491539315555 0.117367724972179 0.164385265528482 0.122289762048059 0.0665568298352342 0.159158870347337 0.163739247294608 0.0357522203147904 1 0.114365587391519 0.107401534704108 0.109958135534365 0.0916374184924495 0.227248129729587 0.185494916415234 0.133791357504951 0.231833243795043 0.218864012799275 0.161972692678583 0.129162069121515 0.0824294313400883 0.028829540326799 0.0739408980084345 0.204119887507383 0.186316700452403 0.0954687901934789 0.0658123600773456 0.0735591101947315 0.0825978055266898 0.210222972865001 0.25255614024246 0.208561761192007 0.214341512994129 0.225163399808764 0.185179092963848 0.199353474334587 0.238490231233465 0.1901450703247 0.241465215856901 0.131018651633871 0.0779515894356122 0.156674011423211 0.246553744166208 0.101943372884646 0.123171657456707 0.193525298507972 0.246450975821888 0.0900825582178998 0.107414668738563 0.108547273285723 0.151450545491106 0.084220859180264 0.174867917287474 0.214993887287139 0.196137612721663 0.0885916784803782 0.178585140964025 0.170538848243812 0.200382770907655 0.0844653700359179 0.060183712649353 0.103926560068658 0.0155566419333269 0.075291066598389 0.132325031485456 0.303404972879987 0.0224080359960348 0.171338217491466 0.193542171226287 0.161437278018919 0.185340313706991 0.21543620016806 0.179012310111924 0.0583678478750289 0.138752031434345 0.195772327513416 0.24214057955711
0.459131940114421 0.354543991641383 0.839548479692179 0.692217773038081 0.722719652912022 0.61570091985012 0.644864638567911 0.547193544244211 0.69191330163616 0.585889201202458 0.445010575121166 0.28518180130412 0.717182987519997 0.490306737077473 0.77627822944639 0.688087964223232 0.200206161234781 0.263668385148045 0.440611511829124 0.303063816873216 0.192843324491086 0.114365587391519 1 0.86331909082777 0.657758847199364 0.649418677140646 0.618634803327703 0.412755959359713 0.394124768107252 0.403791778202889 0.780020585700125 0.780164722628842 0.664245865028681 0.420050694845714 0.716376667959681 0.462663430259857 0.593892013206719 0.482453724571337 0.419178149506413 0.420412189141053 0.205703295650413 0.182376341213831 0.534893500481739 0.460861163645264 0.314717640789704 0.238567368413875 0.392115683948966 0.337984280354517 0.208919623646526 0.3946789058509 0.442727240000354 0.44807164097424 0.495866635941319 0.622187817465116 0.447531637099559 0.316868826274979 0.297159175445253 0.26583478101855 0.353679899103962 0.255408404160144 0.458036412934503 0.385401342322511 0.385434561265157 0.223340902584441 0.819187488765686 0.668143855490862 0.564649869660299 0.355134350350682 0.359220601553123 0.284421001581464 0.588221673914446 0.57531094507424 0.480834128401054 0.505525121835937 0.285742425252895 0.22744163502889 0.436624045611665 0.452996490818012 0.224487694884101 0.361674771055887 0.278401275617533 0.392349628254492 0.452404545593119 0.380847347622509 0.705644503883505 0.641921903367514 0.326531318410315 0.310539526687678 0.595666458695431 0.439081530255653
0.327527629747003 0.295198713837968 0.687349027334373 0.643101869249659 0.631731921996866 0.574122748213202 0.489317712234754 0.495298873199886 0.572177956293313 0.565440304615521 0.302750809243098 0.305226376362372 0.584373410010946 0.596505384602632 0.689336885668932 0.699926401738962 0.144363441169468 0.218720853251064 0.315901183513673 0.270377768304688 0.126347162611868 0.107401534704108 0.86331909082777 1 0.596014261505593 0.712506336434838 0.485841628205892 0.413032329964549 0.313530943379441 0.389662601608075 0.670570512904519 0.82341010639145 0.598323080871441 0.424525889759318 0.587590707351371 0.422126581900141 0.51148256879595 0.395490896103224 0.417386238625795 0.379460398492413 0.149497578939005 0.219429154017952 0.438468839723181 0.419740036254506 0.259544914671471 0.189611533185146 0.339800474000026 0.276120297936001 0.167294177528166 0.323950044409944 0.383882206806019 0.383942943606134 0.399465619027467 0.582629584702437 0.38348316262908 0.298719377362354 0.242629214099361 0.206140138592352 0.242231306162046 0.167625493627366 0.313451126572933 0.353823663753852 0.320313395496778 0.256178744140973 0.66330942603393 0.624944604207518 0.433311604059245 0.287995198760096 0.280419001661458 0.216745376497384 0.502550482990433 0.534906217779388 0.472243546715176 0.478105445998687 0.219804402699845 0.227639736730552 0.375062038259299 0.356698082793744 0.210693055853191 0.331086238786833 0.222100579754767 0.369970628088977 0.369215403105601 0.41361372312453 0.595288445238458 0.617705493324595 0.329161262879138 0.394806726415362 0.511302432715774 0.39956260815526
0.456244306142191 0.38465741249421 0.670408465970695 0.523977471920689 0.483806251393042 0.481470451522607 0.411005891275503 0.301268835494043 0.623524001605232 0.33141774747889 0.559169733707036 0.150370392060777 0.620731498408864 0.289679520785005 0.53666492829123 0.428574063028855 0.319765598733351 0.26120941443141 0.409796875296354 0.250610787764028 0.222757844090683 0.109958135534365 0.657758847199364 0.596014261505593 1 0.590678803188103 0.61419240181137 0.47087376215476 0.218379489566324 0.230024119412215 0.556110692872004 0.465938856164577 0.431208743138642 0.0758784959775448 0.472465643139956 0.0797663107748136 0.418840310098737 0.481286893914816 0.085568184072821 0.229788684165337 0.169119920038741 0.0408985203370535 0.218956501468566 0.170649709666238 0.178435548895495 0.098576557387033 0.185451545053771 0.157503067765893 0.142374277151472 0.245662804654179 0.294822178869215 0.32003752791825 0.422537392122476 0.49659801909545 0.325000911983103 0.188316216427213 0.395224427216369 0.384266798054684 0.287774848863884 0.171879265529171 0.239106952361564 0.195438188790334 0.344562448818738 0.109573366817605 0.537307762199925 0.367174464181163 0.364265335218864 0.113080204499184 0.353100357712724 0.288203743172978 0.380915459746085 0.363376407396033 0.336718379119512 0.533005020083339 0.310520763457081 0.313754356358789 0.25402500431355 0.20352440070809 0.312951919904127 0.180075699406199 0.217992457826067 0.329939269999806 0.152063257295392 0.275555230229153 0.513274545119346 0.50032884988472 -0.0230762165833551 0.0943793758912953 0.365923559950208 0.242689183901435
