1 0.871624473707795 0.732683475184812 0.709930597351786 0.623374439026355 0.559359206681158 0.767655585036378 0.760999636283394 0.635186659668245 0.507319590303337 0.735014831289198 0.76313653984783 0.663538797061639 0.659484978804597 0.594655108660136 0.439733364643706 0.743215950695839 0.80393917369184 0.739263304163698 0.730736084859139 -0.095807472866778 0.470746245461296 0.574794447523446 0.447214252682635 0.473104401597833 0.465550008329155 0.424444597990419 0.137308640384944 0.77093004649601 0.732938849154549 0.625880687269666 0.52657213060797 0.742357411176898 0.703556733210685 0.338853084805642 0.177407889418363 0.691564821860845 0.492708832159581 0.621604512214098 0.603186400902682 0.515361129462955 0.0827901582014972 0.746696713798554 0.781723596665301 0.737784369472574 0.746611026986861 0.767512310918701 0.779178514760715 0.768554577496359 0.781145786920848 0.758077859893355 0.76879074713807 0.622604059541917 0.663214686944965 0.797791632554494 0.771118254485282 0.866408732653524 0.851192019093807 0.833041773358151 0.799696413604944 0.81324601098644 0.640154101629823 0.732174839395169 0.722456652145503 0.426957310689538 0.421862582042234 0.757177722629888 0.675413825656277 0.767211218703033 0.761444501695657 0.731219428818413 0.681463940908706 0.776877281990172 0.61589855177568 0.407587815991618 0.518819305081166 0.565184523972811 0.571505824177834 0.691399209623326 0.586011638838066 0.825677329492086 0.74153770537573 0.603723052647084 0.43413370319359 0.756340440037642 0.715297524054301 0.378503598225111 0.285236789914284 0.712087203153511 0.682240146109958
0.871624473707795 1 0.584126438182472 0.643486072905159 0.52526309164642 0.43649760791911 0.59315179537397 0.632912618754694 0.455172167340553 0.35318441083128 0.520285705166727 0.587457043582424 0.515289656723116 0.57449890405151 0.519532423122648 0.440576917905727 0.752014417533461 0.818155000428189 0.842065422201665 0.831703226345919 -0.16735561677017 0.357575616045825 0.544065585422461 0.436378570887197 0.461344418229309 0.46630748237149 0.424486654083888 0.0651149879551871 0.693704774132102 0.69434741503063 0.521109663213324 0.446833972544339 0.716392892838868 0.723966257455424 0.317038686139127 0.205150220851971 0.603056442637595 0.500454865034864 0.526964364737578 0.566690865298669 0.446948882174501 0.15581542903829 0.708933568752223 0.784473185261172 0.737919987465147 0.777147802516905 0.725163671423998 0.784138021720897 0.784296168877754 0.809366830770667 0.704660942698721 0.76795748419045 0.652876394816615 0.709649330479445 0.735288236112197 0.768888935605056 0.921911782406567 0.946591569590571 0.739733080929375 0.726994437834589 0.637991120327828 0.49888483395294 0.692236106013538 0.693946969926623 0.403063537446005 0.355366159452799 0.690479039371845 0.643948670176267 0.802682282540977 0.82418884424502 0.623831096688375 0.635453469492702 0.690831222660252 0.653547169817459 0.382990739373105 0.591341325344772 0.514848384954859 0.506749135688422 0.634665118677561 0.529200746669172 0.776602000636658 0.727444173001714 0.515229053883918 0.518044804396859 0.662152139164576 0.626848744062326 0.330618793514322 0.32445437238381 0.549302973570035 0.613943503880787
0.732683475184812 0.584126438182472 1 0.775205763206798 0.797726163481035 0.627115642108787 0.815231490263646 0.78850530162348 0.820500345949783 0.651564856414298 0.560862461194033 0.519248325241831 0.75525904290756 0.615910989789385 0.828300703277469 0.609134370704296 0.495662587682058 0.61219844727709 0.458189390643928 0.502777293308281 0.207862310948678 0.534806757287973 0.839511475647404 0.696733107569066 0.757619713144009 0.723509730893536 0.59610092030433 0.36120537904817 0.582919660115476 0.530018498103597 0.766017196238892 0.676179694211319 0.713202471136298 0.6467559471519 0.631901620153944 0.407488891025094 0.713319924114998 0.478315837198095 0.497384722221845 0.487097973386785 0.45546865385193 0.0835356532036975 0.760394586670963 0.743447870558846 0.701036550278888 0.645131715024278 0.710407386963294 0.680838606060819 0.662562777635897 0.669713576237084 0.732322461041099 0.655167130422964 0.600023741414516 0.618209848691332 0.788467025066145 0.623538170865677 0.65037522380169 0.598507890051378 0.690441159878086 0.6440686928225 0.761598211426252 0.622269522739056 0.54546498539035 0.476092287718439 0.779286403596913 0.619621702709703 0.752880870504828 0.694928780238591 0.542755819672735 0.508709513892315 0.681554539172347 0.575902843375508 0.604030874610667 0.445914565679552 0.270596217939794 0.380347500084873 0.448025940173771 0.516420901455301 0.616974889974963 0.549484961501837 0.682876553062733 0.645305191226408 0.677215578060889 0.418699529355201 0.84003223130083 0.7403784316742 0.394397910557281 0.425745162002445 0.843480117583006 0.677619606797867
0.709930597351786 0.643486072905159 0.775205763206798 1 0.645881445256835 0.69325459943935 0.688666962907665 0.896961403503178 0.655999490814284 0.691678581985297 0.483497279162434 0.585830318437411 0.481762640155442 0.670148694207644 0.540081688913662 0.583908741287706 0.496862760079237 0.626062035555683 0.499922457519676 0.556146120950832 -0.0267767991185675 0.433738002590117 0.650907989385525 0.752960177279434 0.613716043063356 0.782888911235251 0.550549069980772 0.375376450837652 0.524812343164866 0.593710732385337 0.646693853314964 0.737324960864943 0.752847833727648 0.743165178133421 0.661075146299029 0.468666766870575 0.594300964033168 0.435574220453633 0.548822488535677 0.575045361111814 0.355000525460501 0.0786040895152267 0.681277575915767 0.699391792594766 0.670824799864742 0.60937107099973 0.629518822483583 0.663677504754107 0.590930727304646 0.612061091816495 0.658878219713639 0.603890988574757 0.513422710740693 0.535506216432312 0.703455251788644 0.635187668720383 0.676213025791702 0.687560318107629 0.690040148838184 0.703384265774506 0.806378296497782 0.838270071857192 0.551130719673126 0.637337921949041 0.679998562689765 0.800880445983837 0.813220803561724 0.851838763636989 0.626857907188108 0.622733913842924 0.569232625305926 0.559880002233212 0.561442548746122 0.550244917700923 0.261880243445465 0.378412311218579 0.431316985094513 0.522478414887123 0.583865008745287 0.49235282841781 0.624822748352291 0.627999195647697 0.506793721679055 0.341414174990723 0.696142426770934 0.798804545886755 0.357394957559133 0.437141239409778 0.683031685705096 0.803899512660836
0.623374439026355 0.52526309164642 0.797726163481035 0.645881445256835 1 0.616145897169053 0.703490003196595 0.706745296226386 0.758380499533109 0.614902915963039 0.424955835822518 0.493975871640299 0.596146955355477 0.626205925863353 0.694472879771764 0.557378231816124 0.487290451540202 0.52553493253894 0.420956566990105 0.51458714763575 0.14663758392642 0.429777046534177 0.749213468787604 0.640438458104372 0.59134936484066 0.610089816607207 0.482315350860076 0.364617596745342 0.537768675294522 0.495143680224424 0.687611766029421 0.610271126054213 0.631724614165021 0.562166119834098 0.511237937609077 0.306895843758365 0.592840250145499 0.426414442778526 0.392539096586376 0.360492053157358 0.384523864392046 0.00396243354141442 0.658821241064778 0.624789576495369 0.63334510906877 0.584940289214977 0.644910702026926 0.593463837826277 0.623162810290162 0.599948934469349 0.623450023355571 0.576000353780029 0.575627523089606 0.561086297455842 0.663469643787922 0.528235477664805 0.558636819503971 0.504845639666603 0.533424353061006 0.510796983232727 0.610126553064144 0.577316159088749 0.497180161119082 0.458078296003971 0.642348723412511 0.495203453301788 0.616016059207888 0.557064034637029 0.469389879150968 0.452249497702987 0.614901175864448 0.514205146024729 0.559130373404901 0.396371664408967 0.304573099570052 0.403956539288935 0.356168967786141 0.52583455634744 0.550741171167874 0.46911868300628 0.604712808629251 0.545822830277565 0.574385839479805 0.326687219341011 0.735266630407062 0.671045692849347 0.363926200848482 0.391897446771406 0.672279549777252 0.562797565171677
0.559359206681158 0.43649760791911 0.627115642108787 0.69325459943935 0.616145897169053 1 0.647161804470133 0.764281093237872 0.625021194523444 0.70596377866508 0.427973210584452 0.509350945584418 0.47058580724988 0.610807989432033 0.471761494552067 0.520828067790514 0.380295084318607 0.47743150215158 0.392871432083868 0.391491519850681 -0.0264008782566974 0.437474687901095 0.543521574221952 0.592230647002273 0.38572397551175 0.560355479524478 0.51654683706706 0.522717260322147 0.501114531622545 0.515574325694322 0.474900918992523 0.573482172419177 0.504187689844166 0.544273390424572 0.42554501877491 0.269854063747251 0.504270961082412 0.279743682797923 0.247579356656388 0.292177343056883 0.335236066800251 0.150580194965184 0.488607303528146 0.504152072001067 0.468258375780451 0.425888620874676 0.511756580217749 0.491877811358719 0.495877221128181 0.467757247796985 0.550657004769478 0.535098981439062 0.50338111625897 0.508273181133863 0.519977353323404 0.475137552392609 0.473603309862204 0.456849475758509 0.532899579090699 0.551203767444129 0.606796761255562 0.714075645985526 0.425279460529618 0.527457937916841 0.46400063321409 0.557843518522249 0.503655363439262 0.519082052590787 0.33207492827043 0.341366034780828 0.505841672855722 0.434483316064136 0.470748469320247 0.328376116059401 0.259173798314284 0.266666539607538 0.409585869160403 0.444007832986762 0.526331827361689 0.416175340457029 0.48931083928223 0.437096931421878 0.362280755045923 0.213022015296952 0.564309714042285 0.645314271945432 0.112281254069601 0.219493403181937 0.554872183304402 0.615591619720817
0.767655585036378 0.59315179537397 0.815231490263646 0.688666962907665 0.703490003196595 0.647161804470133 1 0.799439686328158 0.823243915782092 0.546384667328838 0.757462527078824 0.682335653841556 0.835369122248262 0.614376281543615 0.681172434755903 0.361070239693432 0.560005695479078 0.627406610646746 0.572021859069335 0.527026460981875 0.0985129032162983 0.32908604622222 0.610406660850386 0.429714742005108 0.452890379306646 0.454901943696555 0.487203103121947 0.19582229765781 0.729140148403732 0.689854895870926 0.621729786610589 0.487617493855232 0.650257669775694 0.701139287813814 0.363469618592009 0.201951641368207 0.690836516425258 0.490876312269484 0.358574153113191 0.417382490594495 0.500624914327596 0.221600109998316 0.704325485791203 0.674420646585442 0.649733803286978 0.635372385160204 0.718455224726982 0.642083909775546 0.68425427176654 0.666619942286395 0.719458287812256 0.671429126690588 0.52364590639079 0.588080275931079 0.687067214954339 0.547380562325038 0.622073020856354 0.608880772203976 0.788744499862174 0.74411007022648 0.844318579377998 0.665361650429832 0.660594194639384 0.67475156980532 0.461363965615459 0.4194439250193 0.699274648470279 0.585674006763366 0.410979203577585 0.427697927197751 0.687364184966347 0.663297969619555 0.66016231893977 0.501076034383773 0.441653913416187 0.412259803052275 0.481078027637083 0.565182120738508 0.589156019383973 0.519600897359493 0.686555691567233 0.61578059853308 0.470754470063163 0.306805561760754 0.727833907551794 0.631772756979087 0.186328043195538 0.19376751811271 0.750604720923627 0.574166840732792
0.760999636283394 0.632912618754694 0.78850530162348 0.896961403503178 0.706745296226386 0.764281093237872 0.799439686328158 1 0.771107884851592 0.726253936631808 0.582754318395843 0.714958986344894 0.597337101814652 0.801773275992314 0.609450492686461 0.606274033976939 0.486976276041998 0.633854676332069 0.473897208785698 0.550506650360611 0.0198496176280397 0.495064440914215 0.619049204315349 0.677181173840681 0.495722898143659 0.656256282675641 0.455452679246035 0.43102287846707 0.618359647485552 0.687071437040815 0.633174015160779 0.693279691557663 0.728459800513261 0.736393488815832 0.511588307403356 0.367756998049178 0.66126403228963 0.471452231038502 0.528927738327502 0.541842374325145 0.432799917131147 0.0511692837546313 0.705932184189417 0.721661168990479 0.656164827617329 0.632831569342539 0.679792799279684 0.682966046868412 0.645423339576971 0.656555213746838 0.737753601549717 0.676330408240064 0.59352986414509 0.604738526308946 0.744049078506694 0.643782535664389 0.634750986987787 0.652689481743505 0.750447361935314 0.758107969815135 0.84016285891835 0.884908203326988 0.602674381981428 0.699487943013731 0.559117234818813 0.706919977605933 0.78472046828685 0.800444739868076 0.57427071263233 0.590327379201818 0.655757009728449 0.639129717327406 0.616380836084425 0.560930968778248 0.274408872835014 0.437557148286851 0.443086408229447 0.603690510612032 0.570665739078735 0.552305611470847 0.662303682545404 0.667628868105384 0.552818774104466 0.348898437791611 0.729188803806437 0.85009739936065 0.346087307820681 0.388981344100149 0.74514682881395 0.803629936866674
0.635186659668245 0.455172167340553 0.820500345949783 0.655999490814284 0.758380499533109 0.625021194523444 0.823243915782092 0.771107884851592 1 0.709619074846024 0.673527780509573 0.563440245604183 0.822597492119384 0.669932646972532 0.790272622709484 0.564262680328338 0.401436437726012 0.504952051717747 0.366852563962188 0.407770691955288 0.206448125063122 0.411765834159599 0.639375574275529 0.532723589803347 0.535670938562953 0.53213080330542 0.556702155021237 0.424075645877722 0.567454865971766 0.5216792442612 0.600526836878295 0.534978098727147 0.566030140318235 0.557864123197655 0.378956353509787 0.227833952387712 0.640633570510119 0.43690648726004 0.400842746820176 0.380489572923248 0.415902779951548 0.0702298272445265 0.584953963474207 0.559329555226349 0.480770408676138 0.499041816630407 0.554966273791413 0.503109305743494 0.514033362743881 0.531143722929129 0.608863181109427 0.536617648707523 0.464731862094684 0.476949010433381 0.668547611896798 0.490168096005717 0.496167539551758 0.468566121943602 0.650710967040407 0.5979817256836 0.776742151100891 0.614099487067039 0.494117197916959 0.511888434988184 0.567593448186807 0.483384736577168 0.598543341088558 0.540596494916793 0.396555381223287 0.376621091923443 0.63841397194077 0.509247372024817 0.495574868817859 0.40020805033514 0.310607519506532 0.364613475200913 0.370786913652977 0.537597139814448 0.498846215409472 0.524686368985958 0.576391406042931 0.54129005840655 0.53199092050946 0.30076424624648 0.730237083570126 0.646801387794059 0.350090298973866 0.276035118479732 0.809312916056411 0.640043820515403
0.507319590303337 0.35318441083128 0.651564856414298 0.691678581985297 0.614902915963039 0.70596377866508 0.546384667328838 0.726253936631808 0.709619074846024 1 0.439527271133107 0.472279792036344 0.487446651868085 0.67192143987624 0.499202270415479 0.552831241070579 0.234682048288533 0.350971054062734 0.237808770143635 0.219810132995346 0.108027420146002 0.455303127204445 0.48707512459738 0.607177669839081 0.468474196656218 0.610375984475 0.592158513116827 0.491263953241606 0.316945030832623 0.312266704176187 0.410477195837454 0.555690901850399 0.451161219580133 0.42634791866318 0.441865536961793 0.300318328307888 0.437679904845137 0.215222397092606 0.367955741194726 0.286667177984647 0.287027135025551 -0.074410415877259 0.390671652630476 0.396937626259086 0.318552868931033 0.284406524383323 0.345045570232264 0.34979385324615 0.324810664011523 0.320917027083516 0.446005409536087 0.372719988562763 0.35161800568161 0.314518008585767 0.488889092546439 0.378072450979034 0.388542252381779 0.35231739105194 0.516622736151227 0.498476876837585 0.67167662422355 0.71890947596264 0.29753625267948 0.389124537728553 0.54967516434947 0.654049628611872 0.51982092559743 0.531695511977135 0.396429294717873 0.36651785529646 0.440030969346459 0.353486943003183 0.301147583524842 0.286610600982341 0.0944779302584457 0.188593188253723 0.356687409794173 0.440668745305725 0.439349951252215 0.39042888832684 0.370667159395356 0.35371584106304 0.377869586462768 0.151485159262014 0.536625358973575 0.600189318580098 0.272372024596837 0.266834537745523 0.579229364218704 0.684850132030902
0.735014831289198 0.520285705166727 0.560862461194033 0.483497279162434 0.424955835822518 0.427973210584452 0.757462527078824 0.582754318395843 0.673527780509573 0.439527271133107 1 0.736337202802773 0.755847036593651 0.515845202856387 0.463614835352366 0.228925649968276 0.537659012239305 0.591133374654547 0.528902660720746 0.446247003627325 -0.00195152238695356 0.209552831344306 0.32850088272318 0.156490295282323 0.221096315482236 0.152927243282318 0.374979294486912 0.102767606407095 0.691328624093198 0.626887324660052 0.416965373213015 0.299618943834907 0.479598723545301 0.535553750333106 0.0659708320124189 -0.0789699859368427 0.52641292369281 0.269903868181466 0.332070764032614 0.317644348248989 0.456772278508343 0.176465770054783 0.455233657197552 0.463694841704122 0.368600811295747 0.439530761330481 0.462300294178001 0.42302928575543 0.451278755494159 0.446504889830808 0.498378799219707 0.48361940323253 0.309822618072956 0.340106882898084 0.499832222597992 0.407996302348509 0.5371429202756 0.52968539657171 0.701043757252894 0.639524247028202 0.753790388999391 0.486391082203355 0.597367011628942 0.645260186834659 0.144628754621962 0.17857589788804 0.480149311551759 0.339343933562719 0.414012589492568 0.371446582478572 0.537745885893728 0.545419479485201 0.568646580545303 0.459724480104838 0.394481164676828 0.353825013053682 0.404296326987157 0.435737471833232 0.511611535586223 0.521428867720329 0.584869346175712 0.481514235216684 0.269987531559516 0.172176820933276 0.482500310986231 0.387749332897257 0.0985824945147073 -0.0365036878924792 0.585549747070038 0.519846158499856
0.76313653984783 0.587457043582424 0.519248325241831 0.585830318437411 0.493975871640299 0.509350945584418 0.682335653841556 0.714958986344894 0.563440245604183 0.472279792036344 0.736337202802773 1 0.500031853639796 0.713939745350353 0.390194730562706 0.333135640807477 0.615133611279025 0.713458406243194 0.529300318048196 0.58745798147219 -0.122598865141799 0.330085974452454 0.369543568666394 0.250804286090359 0.25806479555569 0.242397914956738 0.185648966329397 0.146985694518611 0.742044791022781 0.806373417396793 0.497444439452368 0.396003341141892 0.632907675787434 0.60513419494722 0.202415243490956 0.00919371389955778 0.576275170709519 0.372283284232115 0.45304327574405 0.528038660969697 0.414472693612097 0.000963808978536231 0.580047631323604 0.598901261881066 0.529897957841567 0.556486111141203 0.594979843404207 0.55580296677726 0.558888099351688 0.579428065325399 0.573929932877857 0.603403773535043 0.453550723610382 0.504375872372424 0.567632388001718 0.617601142444144 0.533994782638774 0.563401158305661 0.691655715018508 0.718228245579278 0.698831181708179 0.599288614082625 0.741893721702788 0.820438830778778 0.166268880548608 0.266753350307538 0.650998342020209 0.540896845208799 0.494314017187237 0.530556662272723 0.63060419021415 0.657244238555501 0.685133708151818 0.628041266076333 0.450009378055527 0.504813608104792 0.449268306783946 0.568817708535144 0.573103951979184 0.603949860456045 0.724268679639861 0.664211718506295 0.446492583676081 0.276465856361107 0.543764627790505 0.615736514936536 0.242735322910565 0.138797340391188 0.532546119360141 0.612932434965756
0.663538797061639 0.515289656723116 0.75525904290756 0.481762640155442 0.596146955355477 0.47058580724988 0.835369122248262 0.597337101814652 0.822597492119384 0.487446651868085 0.755847036593651 0.500031853639796 1 0.545312105746292 0.803931814438739 0.433183258391552 0.469557043950649 0.533807698467916 0.480563508041278 0.448651447442682 0.181599933422013 0.282093111458841 0.592794944165041 0.368019548572607 0.483985200470111 0.352186892691936 0.574073566733741 0.223885466111812 0.624906922279044 0.553654479869057 0.520129131063257 0.349999517667395 0.52196968988531 0.543357796139021 0.259596457582868 0.157053339450616 0.632042635357498 0.41689527058375 0.336045513221815 0.335697995685229 0.529065311282226 0.339938063438812 0.544723622649459 0.529707507063817 0.467605645804563 0.519531868901635 0.584793037162046 0.483025724977455 0.535021697032678 0.528068739452599 0.619145229756106 0.558063831246664 0.447387478425485 0.475998317884713 0.664754646569228 0.453265312952861 0.567034225014039 0.505401816213919 0.666631746659568 0.5704758592618 0.706502657122774 0.42303868693575 0.510584409974554 0.486066006970938 0.450578539162221 0.289963069624255 0.506410653021012 0.40220906269036 0.348457087986413 0.328339129985002 0.574270665904635 0.496028756754565 0.481676091129935 0.350899235760674 0.36440467597698 0.37762148213833 0.402233521553926 0.443531318749623 0.55823463719572 0.508337120567311 0.589504034749739 0.531846628759433 0.469849669933302 0.35134118823222 0.722909262570165 0.483930070120132 0.185551472312815 0.15696485578842 0.761819711460957 0.508290655283032
0.659484978804597 0.57449890405151 0.615910989789385 0.670148694207644 0.626205925863353 0.610807989432033 0.614376281543615 0.801773275992314 0.669932646972532 0.67192143987624 0.515845202856387 0.713939745350353 0.545312105746292 1 0.591919287841601 0.734013482016386 0.499294765211387 0.589803943257863 0.469214168212369 0.579276279705602 0.0658754304649633 0.487015629526965 0.532324795195576 0.613327127755799 0.439954817203636 0.520153773736217 0.380127296270757 0.461249204190732 0.599099800408234 0.676279408975221 0.542215709511465 0.549690405809035 0.682960996569827 0.639948573581613 0.399656361334018 0.312772479743713 0.595586243124226 0.419424936010617 0.4810987944465 0.505712016800372 0.40528569318294 0.0294485837743725 0.534968405205925 0.593640564647504 0.472379902324512 0.474922108967993 0.492028267585501 0.494598637630258 0.463612697171698 0.491761496296252 0.555004655427823 0.535872309906144 0.465855026747967 0.502317780334732 0.604406277142851 0.565666443740693 0.559692774974134 0.549833354117294 0.587699696426143 0.577956890221767 0.662931529955848 0.69485056560707 0.591947734812197 0.676700611166171 0.453012917436855 0.569369779481131 0.671636050349047 0.67639306610889 0.540486777348948 0.576725870233958 0.588693246797376 0.549755161439446 0.493859455552847 0.516644500239822 0.233160626973045 0.477454853906017 0.343232189639763 0.561649102618115 0.52974204815963 0.597936569163591 0.62963284496723 0.67006824922281 0.580330061398982 0.412229413160765 0.664788478871893 0.77874114295502 0.393461966588611 0.456893195045584 0.592901143440484 0.752287725848933
0.594655108660136 0.519532423122648 0.828300703277469 0.540081688913662 0.694472879771764 0.471761494552067 0.681172434755903 0.609450492686461 0.790272622709484 0.499202270415479 0.463614835352366 0.390194730562706 0.803931814438739 0.591919287841601 1 0.662377631877651 0.437660655204141 0.542286656242618 0.440433630785375 0.495347051922827 0.249986288315562 0.490355576773049 0.807037048585807 0.602870970588459 0.68732154975151 0.577457752780446 0.577915179060094 0.309616301115862 0.524364981368946 0.460444918605686 0.659406032157531 0.520077766134671 0.612689602752553 0.527824622685008 0.435587969387701 0.296428580007986 0.685729672422512 0.486384827217892 0.432233383179406 0.438590560365198 0.485664576444187 0.235925415717232 0.618104597218161 0.616035170343509 0.542503910336296 0.560120775473086 0.621237593524925 0.553926191065038 0.54419936089943 0.568352747800248 0.62708768533298 0.560598918942332 0.568627091270656 0.580090112188584 0.756694792721043 0.550558211214469 0.571212258566018 0.496145833827634 0.535333135093795 0.482860861558325 0.561086461975171 0.399574510534741 0.474271581357612 0.373447310457309 0.697760934049397 0.424646559989876 0.557843221787498 0.515648812871645 0.434232381835283 0.407701569973044 0.628434870432797 0.487686646031582 0.468032234777731 0.367515199812369 0.26992453549235 0.408665501798088 0.394924028997435 0.47473051103038 0.545887085966997 0.553423480576774 0.609143204821668 0.599951618758534 0.716540046438282 0.482269037587741 0.826199284591167 0.609919397223235 0.424854405015996 0.420845778810017 0.800781903175821 0.519781277555866
0.439733364643706 0.440576917905727 0.609134370704296 0.583908741287706 0.557378231816124 0.520828067790514 0.361070239693432 0.606274033976939 0.564262680328338 0.552831241070579 0.228925649968276 0.333135640807477 0.433183258391552 0.734013482016386 0.662377631877651 1 0.36225272417049 0.438875441966815 0.318325625926812 0.462941520070011 0.276812612587713 0.571813297172892 0.655962352418516 0.781826555152204 0.643863923635915 0.701545041754743 0.518585616683588 0.604790613741199 0.391370296614982 0.420967003571441 0.600128642264791 0.655112726906852 0.623999388241113 0.546611843915192 0.564987509428495 0.50182400838339 0.538929783411911 0.450613176172391 0.423429202913794 0.441352765144874 0.395990776757233 0.0967730486634664 0.488865147325799 0.54875704868884 0.432404944295336 0.422855823709246 0.427288984129301 0.430899996170686 0.351239444585903 0.387827319033578 0.474682641455614 0.427105362696913 0.463334820848534 0.441375239104497 0.563011838906688 0.519676010959798 0.456883090206676 0.417362462890936 0.356638968642414 0.347278585849704 0.412670279485516 0.517969744445961 0.33827621098937 0.389753572746669 0.589560690680848 0.637796397681018 0.531562415467976 0.634997704055177 0.444928512542853 0.42227772029682 0.54091832429795 0.407563540060749 0.347409189944356 0.338151027429867 0.117090095475126 0.389556865196698 0.319126441710508 0.489204454541 0.503825708848578 0.496493307026918 0.48646397577266 0.560220087884679 0.584719041423974 0.541677128824174 0.653011808214575 0.701397186871693 0.3791398201829 0.57784248898759 0.56523917283631 0.691358217959672
0.743215950695839 0.752014417533461 0.495662587682058 0.496862760079237 0.487290451540202 0.380295084318607 0.560005695479078 0.486976276041998 0.401436437726012 0.234682048288533 0.537659012239305 0.615133611279025 0.469557043950649 0.499294765211387 0.437660655204141 0.36225272417049 1 0.8442619264925 0.801631711660222 0.817365551649585 -0.112939217963504 0.354184213201098 0.504760966485334 0.337130916157507 0.368895316914287 0.325212580793174 0.360894854161702 0.0220383553143985 0.857925931271581 0.777321044270041 0.606746527883686 0.432837807724508 0.736889896505153 0.734900274022031 0.271740621355359 0.135516009865247 0.548395278848175 0.451985708701276 0.424552950309041 0.524779758589458 0.408834717065939 0.214312803312606 0.596555354641738 0.654811735863229 0.676444738902276 0.65933223449787 0.640553712903892 0.605439329991314 0.599786809668696 0.604750254384585 0.443958459748311 0.509075076970669 0.380864339634027 0.496379877665592 0.538665503365481 0.580241587349854 0.785349831425898 0.739883045332047 0.544746147066722 0.514576617904069 0.520262414656381 0.379592097030684 0.777149305676893 0.747653492540199 0.296007898776691 0.224947298756125 0.574043332467879 0.499650671902426 0.611007688122038 0.634470814420298 0.582662782115996 0.551879918989559 0.688858714439487 0.580788525411631 0.506026513114122 0.561744542985403 0.474691234211198 0.50501547724331 0.743513004550374 0.623075982825885 0.863900503557423 0.764403828187284 0.524448581021535 0.482880565773724 0.573950442480178 0.504120519565741 0.313486888501881 0.229881975358757 0.41512895923303 0.462769256803484
0.80393917369184 0.818155000428189 0.61219844727709 0.626062035555683 0.52553493253894 0.47743150215158 0.627406610646746 0.633854676332069 0.504952051717747 0.350971054062734 0.591133374654547 0.713458406243194 0.533807698467916 0.589803943257863 0.542286656242618 0.438875441966815 0.8442619264925 1 0.802836512516748 0.828080617747634 -0.121158976775401 0.416729234254169 0.599910069690511 0.410222155984235 0.477326592813431 0.441729425131166 0.402753656515443 0.0962412928949439 0.810039582867891 0.819373258389723 0.633436789624219 0.504390416404303 0.755228500724963 0.747701600568552 0.31540966508846 0.152183137027594 0.586034849052563 0.444595989622855 0.51234880879536 0.563260402863267 0.397028939511715 0.137552326099339 0.703123579419093 0.762114426099369 0.723968070329435 0.729123600411107 0.706980982848938 0.71503912406808 0.689317284958464 0.711617481933683 0.580866029926119 0.617378322393686 0.512948231644058 0.582379699978526 0.644763197663443 0.70214687940266 0.823714625389734 0.816997666049414 0.639070929799767 0.624615087177145 0.596236465405434 0.45529854358861 0.784358023529725 0.755516926504871 0.38221412699663 0.313468316933089 0.690805310590591 0.612650882488866 0.718585968755614 0.716679556012267 0.670565983594946 0.656732395964937 0.696759400860223 0.659457357922172 0.475727079810351 0.57236845565641 0.556633620993374 0.512127679823738 0.727937399681205 0.735898290025531 0.897131829917813 0.828072221836019 0.585999835266639 0.478914104948754 0.641553204802996 0.604717399978624 0.342543164975455 0.293084777723791 0.528067090753086 0.562672907294147
0.739263304163698 0.842065422201665 0.458189390643928 0.499922457519676 0.420956566990105 0.392871432083868 0.572021859069335 0.473897208785698 0.366852563962188 0.237808770143635 0.528902660720746 0.529300318048196 0.480563508041278 0.469214168212369 0.440433630785375 0.318325625926812 0.801631711660222 0.802836512516748 1 0.813206601216124 -0.19370154563875 0.247302249324169 0.504144432803147 0.316402147373119 0.349397092409379 0.336178423263171 0.405684552548962 -0.0953883800992801 0.745500377335743 0.709568414298136 0.507270342278626 0.387506653838167 0.676381614406362 0.74664682358237 0.213350906179353 0.0708009298738735 0.485325684894642 0.398301132896199 0.33383046340474 0.40822389060801 0.336060946607847 0.249437288819088 0.599270162453923 0.6718429677241 0.626331889415889 0.640433733312993 0.607190035910939 0.634920619259179 0.629803836681789 0.644643201256616 0.479876811178943 0.572040474458818 0.462935252641207 0.560903422455316 0.510457627991686 0.597001829679434 0.802612763361269 0.825119020451446 0.596748185984909 0.587529270997594 0.517933292888116 0.397724227205736 0.692873124738045 0.692147292641331 0.270485679320067 0.189121229547405 0.522616548973794 0.467487043513008 0.640843642162937 0.642346495404815 0.553919971115751 0.588428255890942 0.625099576531587 0.531828099452694 0.447286219037122 0.539839099359397 0.519026912545577 0.474685065895769 0.640896648859358 0.52698751253599 0.736398931618206 0.666709885972267 0.353566893157377 0.426333855069312 0.493461093625304 0.414028233481596 0.187238154325959 0.134658298074799 0.368366889753125 0.430257428588183
0.730736084859139 0.831703226345919 0.502777293308281 0.556146120950832 0.51458714763575 0.391491519850681 0.527026460981875 0.550506650360611 0.407770691955288 0.219810132995346 0.446247003627325 0.58745798147219 0.448651447442682 0.579276279705602 0.495347051922827 0.462941520070011 0.817365551649585 0.828080617747634 0.813206601216124 1 -0.0998480090880105 0.302625396236571 0.56068689165964 0.387212612495017 0.454847001671544 0.401714615908113 0.363104973269328 0.118365675946321 0.743561892318086 0.766149441240316 0.621881237249426 0.474997297056587 0.779765696299703 0.791630204188736 0.328373777463684 0.163114628243288 0.512666251378287 0.467674230217134 0.473427160050974 0.55537735762811 0.324559521470712 0.172057824579269 0.637811621252841 0.734416430102363 0.673826332339265 0.680973961208378 0.642359456373179 0.651142510437374 0.632009583411617 0.678357244517652 0.518663370092953 0.630003020973217 0.497209963214368 0.616982999658396 0.603150557679613 0.677721171441884 0.799027194062971 0.792793424968362 0.56640877350998 0.553388794245411 0.5035297323108 0.405758035766554 0.73807988673588 0.725714887451525 0.340581511891175 0.268995959383185 0.63064631731008 0.585598627203586 0.695724255867799 0.70457464750363 0.56933584115523 0.573556333647853 0.664833736256769 0.656791791936679 0.453018414249639 0.638178879239174 0.441137605607532 0.48556889225572 0.639171243919707 0.619751618345871 0.788280574802951 0.750106063485165 0.495834183490611 0.491299517273705 0.559498252188801 0.564209224975909 0.298564399451663 0.298261067275871 0.419382054163415 0.528059061251599
-0.095807472866778 -0.16735561677017 0.207862310948678 -0.0267767991185675 0.14663758392642 -0.0264008782566974 0.0985129032162983 0.0198496176280397 0.206448125063122 0.108027420146002 -0.00195152238695356 -0.122598865141799 0.181599933422013 0.0658754304649633 0.249986288315562 0.276812612587713 -0.112939217963504 -0.121158976775401 -0.19370154563875 -0.0998480090880105 1 0.262887714535651 0.218307510213102 0.140526817343032 0.343399439753043 0.250267137516775 0.1999971555226 0.259763910187355 -0.0159771440743108 -0.0549273172792467 0.262065745337404 0.155426324711592 0.0802529706823473 0.0111537241626929 0.208674617424804 0.250723520670616 0.204423104157557 0.238649231805721 -0.0191647381176368 0.0192791046041592 0.152083939272648 0.122286121535179 0.158718075181051 0.101795759650595 0.0576609594240031 0.0472624975954064 0.06438570377807 -0.00206834306246504 0.00829925927770378 0.00494978742492174 0.0766539477327759 -0.0316557569024374 0.0199909712735705 -0.0615266072786034 0.104796333587148 -0.0184322617619766 -0.104530442955524 -0.142911327914414 -0.0117097784948472 -0.0263314611090175 0.0163507362114952 -0.0628250258370874 -0.107513055761792 -0.131584148975045 0.150662061907459 0.0715885328626599 0.087423169609311 0.0952564242024369 -0.125341688316295 -0.14035660826345 0.103035113924284 0.0688691870132114 -0.113042038250273 -0.126704756494955 -0.198635714077045 -0.0496842530119573 -0.00560645550331153 0.132806734751811 -0.0269317141089754 0.0835888478514426 -0.0564831736315804 0.0375336431365097 0.16364443073627 0.197390089326826 0.149782860888909 0.0845993810930007 0.0727904645709005 0.273541038371992 0.298071336561668 0.0635883339873602
0.470746245461296 0.357575616045825 0.534806757287973 0.433738002590117 0.429777046534177 0.437474687901095 0.32908604622222 0.495064440914215 0.411765834159599 0.455303127204445 0.209552831344306 0.330085974452454 0.282093111458841 0.487015629526965 0.490355576773049 0.571813297172892 0.354184213201098 0.416729234254169 0.247302249324169 0.302625396236571 0.262887714535651 1 0.524872464073653 0.54588284513716 0.516306518922454 0.527455071787511 0.32911525449368 0.328418866054288 0.374216875059361 0.330208765400194 0.539515942771986 0.505562648701122 0.500146967447767 0.393338744462902 0.375865438893259 0.327408627906379 0.463842591049817 0.423948656836167 0.446091582727686 0.366678991028584 0.272482303808865 0.013459907062019 0.5028708004223 0.53010267458583 0.461972545887401 0.417716803962875 0.477809622041902 0.463405863285989 0.404882427240303 0.422190336814167 0.4532987974019 0.365864108739273 0.401251364083888 0.348406721271822 0.491362221169127 0.444072276798705 0.403322878664177 0.380556248153042 0.371689034111302 0.352801284410184 0.366712026835249 0.407998631569002 0.329327396871771 0.300045769728915 0.392861667859436 0.442662224633291 0.477335685823498 0.505430990386911 0.409137684307463 0.37119275617438 0.533824514641211 0.349071055333848 0.27571847165319 0.138912275495136 -0.0393753637919175 0.140568304673871 0.34944274302738 0.397021847887864 0.303502405883088 0.42625145439265 0.455043667549696 0.477177649134296 0.625808272163081 0.41075813384544 0.536028163644368 0.573185466756638 0.438041351166946 0.461255011770275 0.553449988723381 0.531815327730795
0.574794447523446 0.544065585422461 0.839511475647404 0.650907989385525 0.749213468787604 0.543521574221952 0.610406660850386 0.619049204315349 0.639375574275529 0.48707512459738 0.32850088272318 0.369543568666394 0.592794944165041 0.532324795195576 0.807037048585807 0.655962352418516 0.504760966485334 0.599910069690511 0.504144432803147 0.56068689165964 0.218307510213102 0.524872464073653 1 0.767673436045945 0.807625389514087 0.750414883874125 0.596704867718621 0.332891529205844 0.536003095631247 0.519944954192907 0.83163839943946 0.764306508067698 0.757560083917068 0.662601257302271 0.711849491994707 0.449597519792035 0.56703685628384 0.438157574256281 0.424084276646874 0.476175899611014 0.348707447799722 0.142654436405614 0.702142847400646 0.697485915374193 0.689584515958663 0.602403976947469 0.658721885176727 0.607382320337626 0.582947595654923 0.589534039787484 0.587360546502403 0.55804180566525 0.560382415712609 0.592680315818685 0.693297464739557 0.602287223751158 0.597552783992381 0.533782625571781 0.452599147431239 0.449915277226224 0.516742141576779 0.46731483434517 0.521950746880476 0.427685805715471 0.807299201255026 0.552129670284495 0.664755675754584 0.645652812924685 0.503448391123866 0.463004629324187 0.589347923649894 0.476460982557599 0.508700262462604 0.342266996366913 0.242643450895071 0.43013495065636 0.356957701551138 0.483413607241649 0.566703186084758 0.53220387849165 0.631840141973589 0.613730501759827 0.690001897016316 0.478942368877639 0.795192602967752 0.686671914337476 0.415773840483272 0.525289073417267 0.705258355736753 0.572380741564685
0.447214252682635 0.436378570887197 0.696733107569066 0.752960177279434 0.640438458104372 0.592230647002273 0.429714742005108 0.677181173840681 0.532723589803347 0.607177669839081 0.156490295282323 0.250804286090359 0.368019548572607 0.613327127755799 0.602870970588459 0.781826555152204 0.337130916157507 0.410222155984235 0.316402147373119 0.387212612495017 0.140526817343032 0.54588284513716 0.767673436045945 1 0.696377487890281 0.849777606528186 0.605536121451508 0.554120375872713 0.311788922856167 0.353165272178791 0.639039924365895 0.786958330795638 0.647601786742768 0.572208022595556 0.75147124061161 0.635753144742353 0.475324809978472 0.354347629744892 0.413726218122881 0.424036115547447 0.323788891887833 0.0997113045558364 0.559703681251925 0.569088724073794 0.544057445766588 0.45892455908016 0.504253548674906 0.51634030702045 0.436262089151873 0.431031959055817 0.525825481584544 0.436732286786345 0.509194963718138 0.475466128596867 0.608011848634435 0.498204964367531 0.502391346600958 0.458321003367474 0.401876978986337 0.392371132582374 0.502328817166954 0.647459898180843 0.331479603069138 0.362486479095769 0.768247805656412 0.817654700074364 0.632659628810623 0.735012165379796 0.460656055288493 0.409644812487518 0.452845362924157 0.328163482682319 0.330764165164474 0.254740060186698 0.120611512605445 0.296896910426234 0.266835897440574 0.43037191290848 0.458874994409715 0.381700038089932 0.442508500604598 0.500772320422738 0.606267865701908 0.43219818129757 0.699749938585869 0.770858402285325 0.42458450714114 0.679886721663755 0.602842129649596 0.711645040770345
0.473104401597833 0.461344418229309 0.757619713144009 0.613716043063356 0.59134936484066 0.38572397551175 0.452890379306646 0.495722898143659 0.535670938562953 0.468474196656218 0.221096315482236 0.25806479555569 0.483985200470111 0.439954817203636 0.68732154975151 0.643863923635915 0.368895316914287 0.477326592813431 0.349397092409379 0.454847001671544 0.343399439753043 0.516306518922454 0.807625389514087 0.696377487890281 1 0.800071779897269 0.625526541782083 0.316365500485998 0.359600636909305 0.355556865292589 0.685601546509297 0.599168793933944 0.619661073705162 0.54253471222856 0.727616992491975 0.498497828561185 0.568480512051997 0.414438232795315 0.442832826432215 0.403694704276129 0.296721848483837 0.112656832096841 0.613432015278707 0.620764997895665 0.586049396553237 0.512696828735187 0.549906477399497 0.524344648645623 0.469504592285991 0.50272013198973 0.532371246773988 0.482504629919051 0.479060171482155 0.478043115597754 0.648142085401982 0.548565255548998 0.540411683798181 0.479992534676868 0.430578686423091 0.401198468348917 0.429086050523402 0.328619904705326 0.33699371584023 0.268882262999134 0.737186765118429 0.538470575224398 0.610453834250878 0.620629913814805 0.434561382224599 0.416947491778664 0.505348012984471 0.4008165010763 0.349893338969812 0.275190544825476 0.0737111354295132 0.285079753632079 0.339643790180097 0.367030724009867 0.478051288956182 0.480558127164851 0.536947774618409 0.541124045571537 0.601841753113024 0.478120389549854 0.703946467208799 0.572245124958335 0.35894524900847 0.515237441324634 0.66000636900574 0.536575449041056
