1 0.924574973124715 0.803909104994708 0.852677362172204 0.417012721603091 0.594998362773646 0.77530530926744 0.795419575020204 0.587264166235883 0.642601346563506 0.723039933607038 0.775751750500744 0.810220782126738 0.816720461499674 0.778928554102445 0.783581449542083 0.786736638665033 0.779912630794254 0.944280740903767 0.906078658921596 0.359312863377634 0.0558760497164705 0.753459383907572 0.686125167533087 0.447445381731053 0.490279455947615 0.122466030471386 0.380682124352405 0.691244259294134 0.669393973821614 0.751415360739382 0.700216526873678 0.873943056946199 0.806185075433956 0.480799965539431 0.524953590141229 0.656084634660669 0.543046741320348 0.552074974714012 0.541968880506895 0.653017874320805 0.360304702544972 0.74460645620331 0.842422689311523 0.818366321254655 0.854820024591545 0.863894187574636 0.870311480603797 0.739843766978219 0.762022036507289 0.662358330992477 0.652954763169408 0.875200461380605 0.735803342721384 0.790421881498229 0.860632912550144 0.898719279991762 0.883815457335187 0.829820287506719 0.728762211659303 0.865794832370278 0.74788155525598 0.66466403768095 0.682532532578049 0.635535776234263 0.67697875473623 0.629955121420662 0.69457160011045 0.725218077788467 0.79975954614978 0.678581809861756 0.728110680101544 0.595462112216977 0.593052523743468 0.366901700738418 0.528789313689304 0.303273739214847 0.346429689050533 0.734033258539975 0.700001467284106 0.76383459635865 0.730509482083368 0.69645974232013 0.463144643772277 0.873988291251704 0.866568738984854 0.429795108806548 0.594641527058674 0.822285102306174 0.88151865182125
0.924574973124715 1 0.743291876230759 0.820689664260028 0.35755319879203 0.541823515997221 0.679170501873068 0.739354805289714 0.512791601179481 0.584789049670322 0.58061102751004 0.789227186929702 0.688546525082579 0.790511483644833 0.705525808817392 0.750505696167891 0.804950906409655 0.833076673407411 0.893635610210982 0.861287070709842 0.402107708944943 0.097135447447771 0.707452419183881 0.659580125628638 0.486042541445333 0.513433614249794 0.138362841361563 0.442646837531263 0.654204176330598 0.707613649768139 0.756202260780797 0.727464952029152 0.868760970215682 0.819453668243185 0.467750374353455 0.564943806858272 0.659129550496097 0.503473459019787 0.577819195133723 0.548822833409233 0.664567612423746 0.222208349434175 0.757034850881271 0.889519314943171 0.848983613201592 0.902904765736842 0.908859671237923 0.901861757663753 0.790239665803146 0.798277899851415 0.680882629787973 0.667925579437482 0.862585463653404 0.74130252159042 0.814505821071098 0.906794388471642 0.912391639316607 0.938518760940542 0.841201027294317 0.714820529322223 0.768092469627255 0.695278781788057 0.677289365306675 0.733969854484235 0.520629469550046 0.608044761172557 0.607363943483167 0.714987834400839 0.746954467700425 0.835620366556768 0.626921850445444 0.642257196563494 0.576235895616799 0.549557854904443 0.358985875250017 0.481740325896697 0.246300929491477 0.39495066827877 0.776857217529927 0.765815268779219 0.786649731828761 0.770341040220398 0.714096603223452 0.507801706626735 0.83542462503153 0.884149503652913 0.494385676776511 0.566776625986269 0.784028645166094 0.870806537714858
0.803909104994708 0.743291876230759 1 0.91260710230657 0.464952494789142 0.703402533093603 0.905240920520804 0.846980394097229 0.757759731269567 0.592467092016978 0.441720994863345 0.555516604453398 0.659214881759256 0.679081273118714 0.839030312708087 0.724127020965728 0.520561861935311 0.554203039878258 0.765094175670866 0.701379562055708 0.416412361864438 0.150710892339809 0.860723073744274 0.725161498727528 0.621503247744681 0.624059289037469 0.281096823366123 0.408102719559227 0.416249545881506 0.417397272325307 0.760586255012322 0.646763144478892 0.86992767670691 0.754237319990145 0.602536428887322 0.543536353304721 0.639036630229668 0.439025058714976 0.430585809734172 0.478601228141824 0.491463579863127 0.272516839395739 0.780633809483282 0.681114286184628 0.797174571302381 0.7520799919849 0.74842821502723 0.823531399339994 0.786456618043211 0.820795347586064 0.801158280284292 0.769436689920727 0.809182393080567 0.828912643014334 0.634226369598906 0.797702140388226 0.671661515007248 0.718959560742775 0.819079284775579 0.79731682788051 0.64645795757515 0.688203549536898 0.413162772636137 0.41873437547981 0.781379592914765 0.80041693768171 0.791096714091406 0.718133569856588 0.729959875123685 0.815823698640055 0.747803347731636 0.667897031000948 0.47153024692894 0.416210357127691 0.292124058649381 0.28382448365823 0.460139378626321 0.50518907705575 0.563544336893938 0.432258101756885 0.489506549629665 0.469383782139427 0.601053553056611 0.34572108303161 0.808769795063343 0.809113321909393 0.420129955789039 0.436869748377455 0.89282251810891 0.813207550542399
0.852677362172204 0.820689664260028 0.91260710230657 1 0.433996074948757 0.716289708434997 0.868818766236324 0.904381088113062 0.653227576675293 0.609714634357891 0.49980866982834 0.637271815912016 0.666079230546907 0.774039566354731 0.793642184138882 0.801585455081545 0.616221566186831 0.636773253310766 0.844444921532702 0.780706071880573 0.430178953068744 0.183586548216085 0.847328223677817 0.812014599072405 0.621378909422905 0.697178278670411 0.292704811841133 0.424843897129494 0.518711015751665 0.546463194006779 0.803558505527343 0.696531728995762 0.865751243372688 0.814795344105723 0.574080737066375 0.563369463308234 0.631740381279794 0.481604782875046 0.471195250258781 0.525918300996146 0.575283786367956 0.32802140061434 0.728335030270266 0.722443017266213 0.803966087595863 0.784777797007135 0.793340295313336 0.841418317032138 0.758886630006997 0.785661867339969 0.746346011572321 0.709360583484338 0.840244058374609 0.786917543614265 0.697872295501388 0.814533032177011 0.765299162701106 0.783614814366385 0.824012887972873 0.774275592994384 0.738850716305577 0.776328439246421 0.493195531497715 0.504721027600498 0.727307012900473 0.837648292733708 0.747256260272828 0.749362246556269 0.734157376909166 0.802172370936103 0.746931630714749 0.718289387993459 0.56333287421995 0.553420663628015 0.306946308951618 0.415904533724591 0.387036724645976 0.479892735828876 0.646703136107684 0.542526315306361 0.614762552951177 0.618103381045179 0.647179244703923 0.504511303939188 0.832704263955772 0.877408687788724 0.456393762488736 0.564251800121635 0.856740104470757 0.854332588263484
0.417012721603091 0.35755319879203 0.464952494789142 0.433996074948757 1 0.421556010403099 0.543811961287226 0.598315775311223 0.596902605367228 0.621582913741405 0.252434335561973 0.357525282008853 0.514008631625581 0.52204278144941 0.513243295597821 0.523207474819839 0.286494727323517 0.283545260986794 0.409439458568392 0.340348856883673 0.149621878168973 0.142858223427266 0.573670459114751 0.495625562108007 0.260115401108003 0.303612005738356 -0.0208036465936877 0.201877693400935 0.365185444614536 0.271830693686031 0.416131614748639 0.416752350763501 0.455168383305825 0.40024320080679 0.371862196166186 0.337080492381649 0.392899301344043 0.353159285992711 0.333044806479332 0.373750256304628 0.338057527493085 0.0835276747869653 0.282719250443212 0.299413667413905 0.351098643686826 0.337511360852724 0.323143028489263 0.326354130032939 0.256334620413951 0.288621281045899 0.267526552528826 0.216095326687871 0.363489862905789 0.2234508111582 0.360400363108335 0.288832748021285 0.278587271793674 0.270745187507138 0.311307584979556 0.307486520656684 0.456199330546161 0.534165941059604 0.128192316982888 0.185138616439927 0.63106453160943 0.494867200507806 0.404849298325499 0.389725039953685 0.213432965600508 0.313172296053816 0.420075449846605 0.472201663424635 0.328414828772674 0.327054936568178 0.180964076235609 0.167058505192314 0.35876967446814 0.187956572926565 0.319751155844209 0.264178601939762 0.295170563822886 0.272457836396782 0.280972152930241 0.186866192627739 0.443786809588562 0.358904471333573 0.221740721979515 0.312518028533523 0.46050980055074 0.400196745251332
0.594998362773646 0.541823515997221 0.703402533093603 0.716289708434997 0.421556010403099 1 0.758772250224187 0.786412157590629 0.675960114124238 0.675387688641526 0.234069148765608 0.355560669189686 0.453103724940051 0.558576247101233 0.618297396320586 0.615256916793918 0.357994559388395 0.385703095659519 0.569076245385272 0.587677001675048 0.340547745737063 0.139760462504135 0.651410523327493 0.54320175746011 0.421901312664619 0.517129098494793 0.271004160360691 0.145400093505708 0.421714216331884 0.343053294397922 0.628356067268166 0.623237156415924 0.680795931394129 0.69213263827693 0.605995997307294 0.533900201525927 0.615432537431813 0.518407648095643 0.42462384913988 0.449174977929522 0.424948141537022 0.205136512071397 0.621836985509278 0.494884180938778 0.641253590294443 0.590795501760162 0.556552233593326 0.639359373529489 0.651090791668975 0.664447095268106 0.680488246920459 0.64522707111876 0.672297987729249 0.685714488034297 0.574271890621107 0.561828955751292 0.445973407190196 0.48940587750283 0.635553158819326 0.677721868160761 0.487245825753533 0.697653191197947 0.255333724526769 0.361397042319575 0.694417371982748 0.708778802622071 0.698742270371913 0.64013942916047 0.630467780853607 0.694972347222312 0.718700928707296 0.688697396183089 0.440523496976542 0.399420881191305 0.382526749164567 0.199281291240738 0.589417084027212 0.482126732489101 0.451471760079307 0.267981384803595 0.340198141853038 0.267609449686636 0.284269241300767 0.208461320931546 0.522955558005855 0.624026163362891 0.274445092320297 0.339546682698033 0.698071515755657 0.685560625706766
0.77530530926744 0.679170501873068 0.905240920520804 0.868818766236324 0.543811961287226 0.758772250224187 1 0.936110007474822 0.814902581056899 0.70802644901272 0.411138819899382 0.552712252609047 0.63439953571109 0.694510959614234 0.74696624694054 0.634148099613186 0.448715293683726 0.450603342527357 0.707008209560324 0.648649517628489 0.313331143321223 0.0780917912447355 0.77270876178287 0.611508116553397 0.455440677450583 0.534430533901795 0.231572938644733 0.19725765174576 0.463229704477102 0.379654510515718 0.706215847011382 0.627416734598793 0.808222511663748 0.724824950905391 0.614660409963405 0.525876358881165 0.673399419347209 0.471665262427549 0.453796840765411 0.457111342615528 0.466485409740535 0.218010329423898 0.729501876426621 0.593559450274012 0.762848394445792 0.696846322017594 0.666930360284721 0.741580604380551 0.753794525256459 0.780796987208469 0.799222610176627 0.777357346308942 0.791129345839371 0.790809351139297 0.623641344485229 0.70104276353965 0.555659043709692 0.611086112097579 0.823166883814336 0.829814028315127 0.73050410288239 0.82723748451583 0.362711917620431 0.436389731255388 0.843397185311637 0.846216815794159 0.796183319137598 0.711443929002614 0.616022446393463 0.742488348755559 0.806077844461625 0.721965710304564 0.524809142421475 0.436098159067177 0.339362680452575 0.297777104129625 0.551486439795402 0.529234500051719 0.48668906770264 0.343540013122783 0.453484048172388 0.390108327765925 0.491313542769714 0.246655144472129 0.704086606046537 0.720883868557724 0.365920782422456 0.321874211111074 0.87834338304692 0.790414680031017
0.795419575020204 0.739354805289714 0.846980394097229 0.904381088113062 0.598315775311223 0.786412157590629 0.936110007474822 1 0.754759371011939 0.740723591175841 0.411302681069528 0.637781098500604 0.637382877571942 0.780495188566935 0.723764794241611 0.714405713436519 0.524714290489445 0.528380375922271 0.751466412083738 0.700588489196431 0.375571770116758 0.0884701066257319 0.786313341921774 0.689611871190822 0.459798563719835 0.579235144016362 0.175363310371729 0.238824704938581 0.538533273540393 0.477395003326203 0.748002324031632 0.69480097854944 0.814828782345184 0.780115296539448 0.608379352669667 0.568477983927689 0.691460283277848 0.520122990243797 0.494042640660179 0.528137876288944 0.54150579654989 0.219270912311381 0.719583194029166 0.656664937294984 0.784860134911547 0.740673597195054 0.720456115002879 0.773736480728483 0.737178815236945 0.760914295631799 0.751679765123293 0.714311754758892 0.809777324103228 0.742148611059298 0.684956082248213 0.720785598621227 0.628520181507173 0.661748802693221 0.808785424744455 0.792722371283731 0.766355841147862 0.906433131464757 0.410345101156733 0.503235925743797 0.797032045323433 0.872609657515821 0.766678320057809 0.756450176566837 0.642294835583147 0.759342389979773 0.795785913466294 0.757342707319837 0.588795331647564 0.521214935000999 0.391707796993619 0.353772882618398 0.518837063713609 0.517751730267326 0.58552811104413 0.447198713523369 0.543156829359599 0.495481249086073 0.505904184732005 0.334688244668868 0.710322252138359 0.769193657469731 0.375078921115501 0.410374747948619 0.853199726174629 0.821307919829266
0.587264166235883 0.512791601179481 0.757759731269567 0.653227576675293 0.596902605367228 0.675960114124238 0.814902581056899 0.754759371011939 1 0.73319679740064 0.311520901785156 0.425032256175832 0.558218269839847 0.547505635813883 0.695746219054795 0.535849660464193 0.349202686048286 0.310125953824762 0.562908520787593 0.523906148928879 0.155772004359059 0.00395952564434179 0.649607239940141 0.47481710170403 0.371831205110573 0.335192336352683 0.186898821213118 0.157924764046509 0.310144245371071 0.267133766463037 0.54519994447239 0.463769005676289 0.644102353072435 0.55600424152625 0.488630070064392 0.373640310813605 0.564251872891515 0.368639158608579 0.339548665666225 0.367429588652732 0.397396850087755 0.122638129341671 0.556280590410767 0.419002709848872 0.583513377742884 0.531164810234214 0.516876688871729 0.57847165257739 0.604053979737701 0.613627377756087 0.629603651997254 0.593979221176108 0.597989570891405 0.616185566933171 0.441344415812641 0.554058557165557 0.401233749991553 0.44688361532153 0.619145311581161 0.64928677570921 0.540164267917651 0.627527764667278 0.271000219927977 0.327638429770967 0.717677941492891 0.611273720784456 0.601105453572681 0.483594889074041 0.519979029106086 0.632502886542224 0.688102209672001 0.583316834928233 0.379650258679138 0.271018424028288 0.33045247964829 0.145250705995436 0.449771238107796 0.404785350395632 0.340345707713584 0.175913182392722 0.303516238149604 0.246794343378558 0.38538129364384 0.162114869467871 0.523168228407786 0.523705602156401 0.298305952308669 0.209131192116432 0.720167571554232 0.603259267477905
0.642601346563506 0.584789049670322 0.592467092016978 0.609714634357891 0.621582913741405 0.675387688641526 0.70802644901272 0.740723591175841 0.73319679740064 1 0.367417455750881 0.470043101688889 0.577257407848622 0.615406499381319 0.633249793683796 0.660778635759007 0.516235431447125 0.441121501397165 0.611043094221666 0.579052980383984 0.271842203106671 0.0215923553394092 0.597582073923503 0.54246445774058 0.258253359261716 0.356509973356241 0.198964261179374 0.205461956583704 0.505170780163488 0.377849896824856 0.531499137586767 0.52618984510707 0.634952604247067 0.60368654456198 0.508653756856381 0.530430809062534 0.674441371006095 0.577998715597365 0.575444972006416 0.60893637136269 0.566580629489034 0.0855635588476011 0.514344038539982 0.524996981781699 0.59497441650272 0.596702219850608 0.58246362982841 0.597291050545581 0.504526350084474 0.542196357173521 0.507243574740969 0.46876530191893 0.61470574586649 0.501012146991076 0.637043561923172 0.549939655489165 0.495947535770091 0.480269110912127 0.572776740964201 0.56516402237126 0.653562219860828 0.660569290460285 0.359596440832064 0.401046039745377 0.612614844376544 0.635680025054786 0.565866988752357 0.578057814024372 0.502507432810766 0.594294831993297 0.585765956936595 0.633428909303506 0.494496924326361 0.404538190987767 0.359212439359125 0.288116371615782 0.361236971012428 0.297207671456878 0.497469286394951 0.382238361431988 0.519836829247968 0.433233112472573 0.43965692602098 0.274953929610893 0.603557643155225 0.56171343339122 0.413598570525769 0.421375060608196 0.682701909530074 0.668245908110775
0.723039933607038 0.58061102751004 0.441720994863345 0.49980866982834 0.252434335561973 0.234069148765608 0.411138819899382 0.411302681069528 0.311520901785156 0.367417455750881 1 0.680280407653016 0.792196791771697 0.655184290392586 0.563416125724038 0.619078507415421 0.700514824134555 0.648605206793793 0.742416585960197 0.690058331770934 0.146384862713604 -0.00709558224280074 0.522478445087931 0.519520105823219 0.151456397246639 0.139360630907486 -0.0663919495494006 0.256051542672585 0.696621784933771 0.660997777925261 0.464816096274693 0.437015461297716 0.529252826717976 0.48356198120853 0.0890006488531006 0.129420699302231 0.283079240803946 0.306245930231076 0.315523455177657 0.27180598912342 0.484872627994462 0.3939891340092 0.285111816418002 0.517569032429248 0.364300923807209 0.447268541361555 0.521036381217081 0.478710810269697 0.296623165605121 0.293980917593877 0.177039574496866 0.178162270912234 0.46759200232396 0.290990227601187 0.443298333233869 0.501922607744754 0.606004030510774 0.525633320054656 0.412281213486808 0.295044825340664 0.723654075554045 0.387346310451855 0.732114786112931 0.621718396424033 0.319600114003039 0.23343765161054 0.132462199289223 0.201618842147531 0.255493582109251 0.328369013449075 0.436537508104717 0.540128513786634 0.483304923241512 0.513284417161631 0.21039296928843 0.554674094601577 -0.0213089848441673 0.024193736695157 0.536340644629706 0.604487605119305 0.682786736734934 0.6538058515592 0.592308461115064 0.371543125436463 0.593344676886526 0.487391825718857 0.285332109991952 0.50756662636499 0.441733508383582 0.488707965607044
0.775751750500744 0.789227186929702 0.555516604453398 0.637271815912016 0.357525282008853 0.355560669189686 0.552712252609047 0.637781098500604 0.425032256175832 0.470043101688889 0.680280407653016 1 0.703545598361314 0.839735484129291 0.560726584760939 0.644028041161803 0.745949739455584 0.754489187636953 0.74367762360929 0.728980106518464 0.32083498655517 -0.028538109605887 0.556932257939794 0.548586236428863 0.307535453002082 0.359343949026367 -0.0449177569428573 0.214523039819774 0.697978702292729 0.775254310837171 0.61538007536893 0.604052906268097 0.679983544771134 0.659250950507323 0.320792647865793 0.40545506133045 0.492307492676052 0.396287423304337 0.454057062752508 0.421528856749661 0.536663214828445 0.176534941797783 0.527246063140401 0.70812955555849 0.648461952836785 0.704738848449369 0.739962507990756 0.670750566354495 0.57601271746917 0.559125884967412 0.448632592301203 0.447233394608565 0.67264248475908 0.477672069111357 0.674137059237813 0.739866853531682 0.717980747761739 0.691593065402837 0.659819885441901 0.541421993737011 0.764147439257815 0.662500859147871 0.733785191940556 0.810409113060911 0.400515696493484 0.443471637085869 0.401795078031805 0.528348261934743 0.41871047999988 0.537997608704723 0.477318268470405 0.541004076827578 0.54552086387298 0.528871177781753 0.367967471364618 0.485151326556607 0.163721868986914 0.233521805122493 0.67308871260126 0.701257941413843 0.774184641759089 0.726490772760921 0.668137279906876 0.455743379323344 0.668521580563577 0.679949523782418 0.400505885050478 0.429131939243155 0.631913742821675 0.726762330035064
0.810220782126738 0.688546525082579 0.659214881759256 0.666079230546907 0.514008631625581 0.453103724940051 0.63439953571109 0.637382877571942 0.558218269839847 0.577257407848622 0.792196791771697 0.703545598361314 1 0.838880131971422 0.81300315590993 0.75610285963115 0.694094169409471 0.668093096592245 0.818621070722279 0.758654733340152 0.263612597793513 0.0762103249906025 0.742867918836909 0.663954245350634 0.305287508792872 0.309632772084559 -0.0247026667068183 0.366947982978822 0.687803347335394 0.653311085039318 0.612481721274282 0.542146458153463 0.698391499543888 0.612620778639924 0.277102337100052 0.318046881062228 0.419409832382292 0.36337907516453 0.3921067202649 0.397100553469517 0.582998488146012 0.43017980892544 0.445352566001428 0.618233673995402 0.516576627465346 0.580205346262283 0.660196183891174 0.629320797809397 0.428251032127773 0.449025244696871 0.324388409802249 0.327320842251374 0.627053105079071 0.416330989687457 0.567813229331678 0.630571623097114 0.705164878373687 0.649376191534939 0.545532508010604 0.429447971571024 0.801917803681348 0.571570184943035 0.636800913164569 0.607577976491276 0.574998618943304 0.474522319144182 0.360024705617496 0.413238051073006 0.481436110102925 0.516440793778537 0.533126851927713 0.608885161524114 0.494971677519923 0.537657358873628 0.284219281485863 0.490116697552409 0.136304950890353 0.126242405762675 0.603696730876874 0.64103263979954 0.711144723903963 0.686902410904835 0.689327571496815 0.438033625112615 0.776273291702895 0.66192733036537 0.342683335194671 0.600646094295447 0.681690451242776 0.654347456105047
0.816720461499674 0.790511483644833 0.679081273118714 0.774039566354731 0.52204278144941 0.558576247101233 0.694510959614234 0.780495188566935 0.547505635813883 0.615406499381319 0.655184290392586 0.839735484129291 0.838880131971422 1 0.743901595786122 0.807410993214066 0.702436415226345 0.704123641277087 0.832712941357526 0.782230181071511 0.363522235979705 0.103576124005627 0.751663290148654 0.745974462784837 0.379077549922843 0.489633841511496 0.0250589889497867 0.340829697277456 0.690718875628841 0.732443036075306 0.71588020420222 0.662378767372077 0.762926662943753 0.723274467611073 0.377950149555171 0.474065228649233 0.527400005024295 0.409678562624453 0.449170727018871 0.46150171387619 0.578420426945289 0.327343444379099 0.545420481366227 0.696694895096518 0.651787787557758 0.691893349773357 0.735464883691802 0.711504808191449 0.5722220536931 0.587167702311682 0.478031234124449 0.46290297420805 0.692189061877938 0.527123065899191 0.672548970846122 0.726540464357776 0.74555412324582 0.717444400412113 0.660132189570893 0.546203898577271 0.809950496825425 0.737776340294765 0.614290764599359 0.68146534881167 0.599121089850241 0.589558225357877 0.472853323270386 0.565692934466102 0.52571583990855 0.603274253926905 0.584079287843519 0.610332257227232 0.564709196892153 0.548680034762911 0.362650630562546 0.481580208473994 0.235146943932701 0.332567571956257 0.666237913763267 0.698408128975748 0.743250005839607 0.720669383167621 0.715797445536398 0.524530050986686 0.758947122208808 0.758113864485512 0.395621704739314 0.573383734368073 0.729976970760278 0.76012116293623
0.778928554102445 0.705525808817392 0.839030312708087 0.793642184138882 0.513243295597821 0.618297396320586 0.74696624694054 0.723764794241611 0.695746219054795 0.633249793683796 0.563416125724038 0.560726584760939 0.81300315590993 0.743901595786122 1 0.815068490909119 0.575225505116698 0.595602305518974 0.780877876783204 0.711916643814589 0.381288182224174 0.153112533316957 0.893580041594334 0.784444727105055 0.550822097454888 0.529222420973877 0.236544106281033 0.429167758560531 0.509276085566119 0.494990975230188 0.718334265239126 0.602578440913798 0.785692565731861 0.675843133367742 0.485172181889111 0.481171717174479 0.564294610835874 0.475518627837892 0.48508656114249 0.495423333336015 0.574171818728783 0.335874022819907 0.615105033083039 0.642396876862912 0.661524935420854 0.676771260389221 0.714135058609483 0.729574676126146 0.609042100408085 0.659530210897196 0.553317037442508 0.540102126140573 0.719024675336684 0.621126776976055 0.629687713369721 0.71542875360165 0.665850930824449 0.658492477778177 0.656501633604633 0.589081408899119 0.657396696936054 0.585742767818549 0.422347741106299 0.428839416074714 0.728973772024229 0.644471121423714 0.571126206709746 0.558177999133763 0.622181325707187 0.677953254043963 0.634390008316423 0.645161490463977 0.482161586620674 0.469147307496282 0.295884023858235 0.344463181896894 0.340982100577692 0.31088364928613 0.559134935165253 0.506296218360593 0.564813916319519 0.571693106166466 0.670173681950477 0.425126823406505 0.836317432461838 0.757191091079334 0.436685778180192 0.57237249698582 0.809022244388068 0.746053815731016
0.783581449542083 0.750505696167891 0.724127020965728 0.801585455081545 0.523207474819839 0.615256916793918 0.634148099613186 0.714405713436519 0.535849660464193 0.660778635759007 0.619078507415421 0.644028041161803 0.75610285963115 0.807410993214066 0.815068490909119 1 0.704675585613773 0.7210705191334 0.821139251249032 0.756285842241322 0.454225295542877 0.206466997874638 0.824739897036362 0.903724614907493 0.511951965813375 0.582595049885961 0.139606712876612 0.512362605113895 0.661979476970735 0.644673559864508 0.733570170788195 0.696109787332012 0.780793427921016 0.751034302198418 0.531743407556096 0.572033786792906 0.602997234531485 0.558349570280967 0.569567039157631 0.622399172586978 0.648718028050497 0.305742791352697 0.561148571903563 0.711402697498996 0.671120588398506 0.71113332420034 0.749329790623465 0.740585221192991 0.569663233834973 0.602858745994097 0.485791765342221 0.445465978056097 0.71624351703296 0.546092829217724 0.721276577705697 0.715675010708961 0.739788853534485 0.692201774752519 0.616748554419456 0.524042990865762 0.652991931369489 0.601907734832648 0.540718109032049 0.53035666653848 0.611702127549005 0.627782641502215 0.544680222687823 0.616085204251107 0.61319053943309 0.634819378172685 0.555827142630533 0.673620579410472 0.536090419781014 0.577926602910793 0.330192339620854 0.482875904824117 0.297189740512828 0.264511378829532 0.70958608087607 0.668113165084082 0.694599240774999 0.690654676188534 0.672743845534161 0.537245175043234 0.80003784392554 0.808574168330254 0.485970581128516 0.746401056547064 0.711149505458943 0.782701611077328
0.786736638665033 0.804950906409655 0.520561861935311 0.616221566186831 0.286494727323517 0.357994559388395 0.448715293683726 0.524714290489445 0.349202686048286 0.516235431447125 0.700514824134555 0.745949739455584 0.694094169409471 0.702436415226345 0.575225505116698 0.704675585613773 1 0.913774691383627 0.84044798227375 0.835484675287355 0.358589330956082 0.0792143992109101 0.560086097377765 0.607987395718474 0.345647213926374 0.376800050250087 0.0291007054128051 0.383591079012796 0.787961972729454 0.826201406842625 0.629879230997317 0.636350916267236 0.706182121168474 0.712601520536988 0.308255357293044 0.488653279001973 0.551707227394625 0.505980666156721 0.577280382781638 0.589575923610842 0.72970475188152 0.26354772491404 0.489746631706081 0.756873468467373 0.634972223857799 0.706951027527924 0.777138222987848 0.695093386911922 0.498864515846315 0.477545859922023 0.351753517026187 0.334901463613978 0.645272614544145 0.436677968428097 0.729958673313973 0.712351785406193 0.837088905619748 0.764506349828084 0.559304349862682 0.403168273379505 0.731972467354041 0.505949474986091 0.823121544788693 0.783729352886745 0.313943239229089 0.376969616251262 0.369925906782582 0.548467438846929 0.525952719465689 0.579386528855607 0.429783437680025 0.549637263160342 0.565005724454633 0.607489331431438 0.319741347304552 0.531838545283453 0.00950275276730356 0.127866231692327 0.832110752116799 0.823024707572536 0.891095995651278 0.830394405909295 0.724080889542187 0.537243344377802 0.736921175965577 0.66654795825144 0.504225846325362 0.641726242547535 0.543863009816073 0.685512925469739
0.779912630794254 0.833076673407411 0.554203039878258 0.636773253310766 0.283545260986794 0.385703095659519 0.450603342527357 0.528380375922271 0.310125953824762 0.441121501397165 0.648605206793793 0.754489187636953 0.668093096592245 0.704123641277087 0.595602305518974 0.7210705191334 0.913774691383627 1 0.82546658928646 0.840906530270356 0.440264128233536 0.133476196915315 0.594991209399007 0.621487042931123 0.429532475258924 0.446398483837237 0.0022175615386014 0.406892644357946 0.785855350322633 0.85736148040997 0.679129285119088 0.695240552853827 0.742735509628987 0.751195466197885 0.357575417903343 0.524241245586217 0.539875893843287 0.466629876478162 0.56282191322261 0.546085146877523 0.66560845688329 0.280076660268246 0.545717905039913 0.783429151782636 0.658304176273516 0.739871700359317 0.808815101054395 0.734355976350162 0.536208335686076 0.531027573435086 0.390361457094956 0.377742591665564 0.655776103327581 0.478431625724746 0.733871662052649 0.756544708909092 0.84680146240591 0.809293497791131 0.586485031201437 0.422696064317783 0.661430632322447 0.490801206254678 0.817049037629824 0.812567998709737 0.329534773632185 0.38446997278358 0.409841033837667 0.582294059469315 0.576158065038898 0.611222878718217 0.4182505726843 0.53091398658808 0.537725703651477 0.604006548463759 0.269243599401869 0.537635598477516 0.0890810185364524 0.16883064557154 0.83428985366717 0.844008137855473 0.847050096144803 0.808845998590701 0.729579299447282 0.538575114469284 0.744264333774456 0.727823621409497 0.44892577598978 0.645223391592678 0.558438202458524 0.698177672266409
0.944280740903767 0.893635610210982 0.765094175670866 0.844444921532702 0.409439458568392 0.569076245385272 0.707008209560324 0.751466412083738 0.562908520787593 0.611043094221666 0.742416585960197 0.74367762360929 0.818621070722279 0.832712941357526 0.780877876783204 0.821139251249032 0.84044798227375 0.82546658928646 1 0.944539710367937 0.373554236515871 0.104671823875925 0.776951654050893 0.739636181035911 0.455991262730514 0.49988998363684 0.12902791967007 0.415302967242209 0.723852925692 0.758667207218326 0.780794401590577 0.709841829463128 0.859065072994462 0.812502927163276 0.424957699417247 0.498706697577963 0.599581752590158 0.511048749406481 0.527416740827465 0.547088216191043 0.679210953353767 0.412648452810468 0.655301594568973 0.801120690907424 0.752685710738731 0.798629488697439 0.837530960752552 0.829755342568778 0.673110286770838 0.693235666852781 0.578131473066174 0.566412414613429 0.80533477292281 0.672953690318918 0.743766863695665 0.821013334445846 0.887745045903157 0.855350044638568 0.742507070862305 0.634578211372502 0.826347470552903 0.676878385124255 0.702869366822964 0.694148054615659 0.579737492677883 0.602179805078626 0.556857578807755 0.634823477602634 0.719966198247756 0.757265911357386 0.654963899783551 0.712243367123884 0.621470106629396 0.656209031804778 0.29460970225789 0.552397789069534 0.225419638922476 0.313693650417336 0.749619980305438 0.74876623411835 0.788375012175663 0.751166740489015 0.702876104063819 0.49395827083473 0.845641136842786 0.8286262448161 0.449466759592235 0.644096151236373 0.744611240158351 0.825271557656266
0.906078658921596 0.861287070709842 0.701379562055708 0.780706071880573 0.340348856883673 0.587677001675048 0.648649517628489 0.700588489196431 0.523906148928879 0.579052980383984 0.690058331770934 0.728980106518464 0.758654733340152 0.782230181071511 0.711916643814589 0.756285842241322 0.835484675287355 0.840906530270356 0.944539710367937 1 0.364961186666717 0.117628033039299 0.665365959514687 0.655713627368771 0.430686096791087 0.495847775878491 0.102807210140107 0.304666709572476 0.738575753860783 0.768059443856291 0.752488298541024 0.721143788476967 0.819220983393874 0.828780145002493 0.423210825658082 0.512742062932867 0.580132490358286 0.55479278102346 0.50646020100028 0.537752404253914 0.676811622426908 0.469525436116345 0.652988427404852 0.780483801542247 0.745534869563724 0.793266667417025 0.829432266026197 0.809371220073116 0.656481691671026 0.661205164089796 0.562981744936845 0.549102870351685 0.794876264371175 0.666919127198467 0.749385104835122 0.81696374513278 0.869173303610687 0.834826470559726 0.712776170775561 0.609582733012084 0.774517421194751 0.652704757107497 0.712347413201188 0.755069637882275 0.509113295711959 0.544361328659505 0.553104098451394 0.648590226519298 0.741316947849349 0.765891893591291 0.636890052257869 0.704921586574491 0.58059674428504 0.664025241481924 0.310364098420285 0.532937777121886 0.254876334791232 0.268574010469636 0.77626652878278 0.729871763497182 0.802142307937616 0.735948844245219 0.685684402501476 0.468552146327458 0.796716849593248 0.815677094240484 0.384214551494917 0.650598721776996 0.702436168245246 0.809071452907379
0.359312863377634 0.402107708944943 0.416412361864438 0.430178953068744 0.149621878168973 0.340547745737063 0.313331143321223 0.375571770116758 0.155772004359059 0.271842203106671 0.146384862713604 0.32083498655517 0.263612597793513 0.363522235979705 0.381288182224174 0.454225295542877 0.358589330956082 0.440264128233536 0.373554236515871 0.364961186666717 1 0.182068509298928 0.438232981601374 0.378711964273524 0.525802965615617 0.525291781381052 0.263220017743289 0.283075193201502 0.400533549328423 0.362198127971646 0.550288903650186 0.483236539664251 0.494310411305321 0.496926650326425 0.521795196218251 0.48562168201576 0.417243647695245 0.36624156250511 0.461443713099652 0.490229840928811 0.366780206064491 0.106195505038071 0.455760815385777 0.405987378623736 0.435165464101245 0.388233547066789 0.416231665674542 0.416458124432839 0.357906484752405 0.396509458065345 0.38292038821128 0.37463624669945 0.411927987807822 0.346903289009638 0.489500838040215 0.393630586055858 0.408542150288421 0.419156879257632 0.35968745873798 0.343482481333693 0.26738323250504 0.327026544271013 0.245514582815603 0.274860303542135 0.280399233120849 0.435299611748087 0.49238020432231 0.53741130137263 0.439647170219888 0.43759390274911 0.299653255137247 0.319638953998232 0.288057580022185 0.348567400298722 0.125321183308045 0.204318194111292 0.235178019976437 0.273084338009629 0.502527755366906 0.333836126859513 0.295980911483105 0.251889695797899 0.334931417697957 0.232102627465712 0.389682034285996 0.429638476721858 0.256627241507638 0.287488068937909 0.381737701674227 0.47532963134963
0.0558760497164705 0.097135447447771 0.150710892339809 0.183586548216085 0.142858223427266 0.139760462504135 0.0780917912447355 0.0884701066257319 0.00395952564434179 0.0215923553394092 -0.00709558224280074 -0.028538109605887 0.0762103249906025 0.103576124005627 0.153112533316957 0.206466997874638 0.0792143992109101 0.133476196915315 0.104671823875925 0.117628033039299 0.182068509298928 1 0.210025515926241 0.248679603370579 0.330272427073025 0.345379060713318 0.167638894866531 0.256957827675656 0.0838301421678767 0.0749200348539382 0.222557042488752 0.174490838288247 0.177578309230196 0.222100316128801 0.194519282712099 0.176643730441004 0.129851233781746 0.127796824906348 0.0921534467309931 0.0756912121562272 0.171293396480066 0.135273528897265 0.125170021083115 0.0972636613554764 0.112999059313506 0.0573601212931754 0.0792267544529784 0.11700225303481 0.0557640281523697 0.0900318865011041 0.0763801464277984 0.0737470524369869 0.0405923690780539 0.12255323874798 0.109025136152937 0.0970865162144514 0.0912203029971281 0.0919677811759334 0.0421319436664195 0.0567668494269764 0.00443184162095573 0.0353766264770137 0.0105202761391853 -0.0161824621454533 0.180415338497633 0.214765554842692 0.193768379397661 0.151942043196595 0.126082862562431 0.124386276074247 0.0343819383577837 0.0891537749191117 0.0486030415314082 0.10791961244004 -0.0296479598829273 -0.0559104111907488 0.184844904590121 0.188890582395338 0.14369148072441 0.113668220937913 0.0557284167103868 0.0662064374197603 0.127418989046838 0.130308114384989 0.162917359608186 0.130329618497415 0.072820775388598 0.116963477693588 0.152282083844006 0.102840501704237
0.753459383907572 0.707452419183881 0.860723073744274 0.847328223677817 0.573670459114751 0.651410523327493 0.77270876178287 0.786313341921774 0.649607239940141 0.597582073923503 0.522478445087931 0.556932257939794 0.742867918836909 0.751663290148654 0.893580041594334 0.824739897036362 0.560086097377765 0.594991209399007 0.776951654050893 0.665365959514687 0.438232981601374 0.210025515926241 1 0.85716288447542 0.581655778991669 0.595437395839107 0.231766675751163 0.445795157181832 0.518990888704408 0.521813398839401 0.792557920291574 0.702383931072251 0.832699552880218 0.73542252036829 0.539479157633314 0.530721002583786 0.602197378617714 0.435471917261565 0.484933370152827 0.489495146542754 0.547062737217551 0.259278730707199 0.619450663292095 0.655585680867149 0.673551404559951 0.663950961619597 0.688631288127391 0.729625670130004 0.623631138448698 0.680723146918534 0.596357673485349 0.580250837897476 0.719442123518131 0.638350813046426 0.624951222984455 0.679820966301189 0.633755380349164 0.64065728294441 0.664277100838429 0.603305311855977 0.652923981865758 0.665563376085515 0.395823860169703 0.390598757256272 0.795817541990525 0.710788385647505 0.63127713800098 0.620658495610234 0.60556791380043 0.662045593466276 0.680635478696201 0.672712621312154 0.534008601054852 0.486702967821642 0.30054643147223 0.347261987657972 0.385057717521581 0.439011078779193 0.583767049816602 0.525816297298276 0.528007672655921 0.519089810116129 0.614200320409735 0.377016054482999 0.795103686306521 0.732185767654398 0.433513735714237 0.508174630046809 0.789196975685468 0.738471021435923
0.686125167533087 0.659580125628638 0.725161498727528 0.812014599072405 0.495625562108007 0.54320175746011 0.611508116553397 0.689611871190822 0.47481710170403 0.54246445774058 0.519520105823219 0.548586236428863 0.663954245350634 0.745974462784837 0.784444727105055 0.903724614907493 0.607987395718474 0.621487042931123 0.739636181035911 0.655713627368771 0.378711964273524 0.248679603370579 0.85716288447542 1 0.548022921400171 0.622710567238596 0.202265678812701 0.509973456835851 0.52108259720014 0.559906465803401 0.684821754910937 0.600481344855373 0.706373461642163 0.673024734971928 0.417753533940022 0.490345114654691 0.492851657618012 0.438980600346324 0.432330946288047 0.535071003184494 0.597009737550307 0.340153601044744 0.456098090562332 0.613263176316883 0.579140233782038 0.609811536140842 0.649138772030786 0.650950447339799 0.479023756665084 0.515037356222997 0.411022581515471 0.364119830237406 0.621476959712448 0.47870089932714 0.587143022910807 0.62337399572519 0.654100378902384 0.603651507301242 0.513881010928336 0.420486176835751 0.590052504778106 0.538789488665545 0.424907187282483 0.364231205870269 0.635724706208161 0.631095388160427 0.483034895126453 0.54564061653093 0.532320276626293 0.56095036324761 0.53694571252156 0.593720858577249 0.495158708974551 0.512150369322063 0.24648570568021 0.40777226683418 0.212964028409604 0.283713390351809 0.599608566670435 0.592684205482527 0.613312807798333 0.654074708203881 0.657817757404016 0.567543355934132 0.783813364126495 0.743056517809922 0.422946508669238 0.72085576960755 0.656975404950333 0.670488453729455
0.447445381731053 0.486042541445333 0.621503247744681 0.621378909422905 0.260115401108003 0.421901312664619 0.455440677450583 0.459798563719835 0.371831205110573 0.258253359261716 0.151456397246639 0.307535453002082 0.305287508792872 0.379077549922843 0.550822097454888 0.511951965813375 0.345647213926374 0.429532475258924 0.455991262730514 0.430686096791087 0.525802965615617 0.330272427073025 0.581655778991669 0.548022921400171 1 0.811267281821237 0.488391124654234 0.311036908648547 0.268669585276659 0.308425926562634 0.698758791529981 0.557353888340984 0.604624280974298 0.587065205697505 0.521826064384493 0.442306064527848 0.405527869161602 0.368421573669574 0.361941857924375 0.410672768926668 0.328484233507273 0.215582969296047 0.518314136794106 0.465103453188257 0.536853495290671 0.479887638778376 0.52206941274216 0.543059329185999 0.491305332294787 0.512472527011382 0.501257133569142 0.463113409645335 0.472602508952628 0.512595466061098 0.466325114012187 0.532458225803345 0.47968700273484 0.511777838795258 0.461630781682516 0.421030844097903 0.288306639210708 0.338621520733547 0.224323095196374 0.201397021239516 0.447176860634185 0.49594692935112 0.577229329781058 0.55833802737979 0.553237506551276 0.53118943813095 0.439735549894076 0.392664762579696 0.276100683822422 0.336175614991947 0.0825589305672046 0.155499932521032 0.335022404620376 0.366143619330627 0.459329633667257 0.296675659883115 0.29000596925346 0.288597300339544 0.410851658145712 0.328549418989524 0.51580062373696 0.571982692941288 0.264784588086152 0.351182140836513 0.526677115027994 0.544470205435113
