1 0.895657085496837 0.74300772514129 0.679948017978522 0.32128308496324 0.143681675394182 0.807743670133527 0.756312297985997 0.551411582913252 0.307404625700335 0.630540373038796 0.72691685803645 0.853157359175885 0.694005990251705 0.655706547857233 0.581309668305158 0.79557628554042 0.801134142419679 0.856449478802827 0.822367347848623 0.506574487924043 0.0982134339102183 0.706422229942003 0.604544573706624 0.164090146071661 0.483836739766162 0.0912804667023101 0.382650585763139 0.737357446373785 0.768113244522654 0.604125974817708 0.577229523571517 0.786739413884408 0.812123512868775 0.570321813610986 0.446788905745716 0.660617931322802 0.467356347298171 0.65792447407656 0.418872487875693 0.585013120846356 0.539553860127291 0.758428771474277 0.722596791208373 0.771542797488602 0.686490533425869 0.80704717978163 0.709507741746592 0.695810291096617 0.682769140986216 0.74135393824134 0.629743043588921 0.633198312994402 0.48993472762051 0.734415372572978 0.631095503541464 0.843923709123448 0.846248989896746 0.846569428272942 0.80147200741421 0.76524157255734 0.645049758389919 0.773122428426961 0.765869777046254 0.616910469509641 0.469459514377026 0.759032615902024 0.650624928716605 0.719342195060378 0.575210225971691 0.627030542812205 0.679672562691986 0.57881315597808 0.58831232905382 0.333236103679283 0.334909147007217 0.446995982283569 0.473937145207983 0.706055655832743 0.728967323771336 0.846467469577721 0.814216605069465 0.695863686320466 0.689180200570549 0.838295992941172 0.688864649856604 0.465599838668161 0.444906520795411 0.780462593912332 0.708885762438215
0.895657085496837 1 0.660632073689383 0.662960657327332 0.35963609201616 0.232460338367661 0.68617491681919 0.736101032130113 0.465125764941951 0.282516159640693 0.605141475807889 0.761671657407146 0.784758540517387 0.674291853237128 0.586763628167634 0.59129451040738 0.880639009176269 0.877523184625306 0.831675148213241 0.847680144893564 0.501131601113615 0.0628855134992716 0.655171034681143 0.598162932001836 0.155069444484282 0.447808158152272 0.110101991026817 0.432521016168329 0.798774868145857 0.82362380468878 0.580599470465979 0.576084160523116 0.722588716898781 0.796381331689522 0.490330935420452 0.404418604467141 0.693095679559151 0.560626426132193 0.548056807472042 0.455248896140231 0.603177627396805 0.623383863057218 0.676226469167433 0.659108136432527 0.725583683520225 0.682575586464033 0.74507573650474 0.653467404464106 0.623108107418277 0.635415702711702 0.661354365218703 0.581673151880223 0.601068609696585 0.472071202588732 0.647956494663271 0.575252126309515 0.894822662971649 0.924979399642626 0.707402011949256 0.744379885707847 0.674022625182599 0.646296340076658 0.69104325480849 0.743471602209844 0.53288074841734 0.464377132353091 0.639601944059645 0.564209932793114 0.732247929471492 0.621387865542976 0.670845137907876 0.677817069816202 0.608758282772126 0.653353461478459 0.367844765764106 0.457333488943214 0.485968077457493 0.461498039740416 0.714466985142008 0.777888566746826 0.850753596901735 0.851216328188362 0.640864085533704 0.673608626562378 0.751646730907184 0.649526479629735 0.44006557382671 0.383443524825035 0.687839279355732 0.652217652530173
0.74300772514129 0.660632073689383 1 0.856829334680366 0.546647542218674 0.305946055491443 0.815101996185539 0.729206995020302 0.4404760770927 0.259235744068931 0.631261099677601 0.531389733382264 0.706044315114504 0.454800796487747 0.522226408953065 0.516454378113379 0.546426824371603 0.569000503216703 0.670557524514781 0.651157663600284 0.408456328611118 0.0649505362106324 0.880703816978533 0.766294941686087 0.363776335679026 0.539331904638354 0.183128826155601 0.3112161084272 0.628518953350022 0.591416087557346 0.727427817463297 0.660144763282356 0.802434130623503 0.701419777314769 0.64875401384548 0.449254603964045 0.574875262545524 0.495328904540851 0.480071467590024 0.485112280332818 0.514367769900967 0.498799224890962 0.640073974346513 0.608973174926234 0.639330507725801 0.569123934193647 0.667277970248678 0.629261631483494 0.576332373006156 0.621130448407676 0.666197238489924 0.61130447243415 0.555675325932255 0.485684338554806 0.620123777700188 0.569951529172756 0.553412032264802 0.635048028399634 0.66119685940046 0.671989505466249 0.609087774924288 0.51580903349306 0.5542952285677 0.495610229508777 0.660857727952567 0.496922341940643 0.784489322205862 0.669802676748029 0.465954865993025 0.451617660388056 0.615336841865755 0.650884732782371 0.467662031720256 0.564721583419827 0.273377834857677 0.354790248487298 0.529334704233854 0.441009960318944 0.504762385970237 0.611707852030555 0.611946189792956 0.616058504369834 0.491882906581969 0.550063350462769 0.677497296704412 0.59314839637781 0.339087092436024 0.309068462662727 0.688142617992543 0.576250121148355
0.679948017978522 0.662960657327332 0.856829334680366 1 0.609125039831182 0.424395391198152 0.766812996669205 0.844396920262624 0.406014732153754 0.444578102949354 0.658205038786753 0.565268920571524 0.669383607373676 0.467575174108435 0.412717766764136 0.508373908768358 0.523527578387287 0.522263365148625 0.618136957181661 0.654013139465213 0.377108064701628 0.014423661062288 0.73479400413428 0.773180639749129 0.36499347596478 0.452805905929199 0.239744621416073 0.283701199278695 0.598899328826336 0.559386059810044 0.673987371066622 0.636286290092988 0.744195373508323 0.720614535761494 0.574225095759954 0.47938735484915 0.54363206734116 0.524467345677395 0.44184299302115 0.470445040362903 0.537418832061209 0.553290347068178 0.626046377793641 0.592806029579627 0.588873983624254 0.545654378042296 0.638020384388986 0.617833753590548 0.560888983296483 0.612843784260161 0.64533266664969 0.603048393464973 0.505172617523951 0.455886044528247 0.593913725638898 0.565204667600829 0.541336400596079 0.586712649029681 0.617939471802999 0.662290278365917 0.632385825599292 0.677366248991513 0.506901862857686 0.494979107783752 0.557309517047376 0.674918266517676 0.699931529883663 0.709276979547803 0.483177408914702 0.415557563735836 0.698834105195476 0.711655879110325 0.49819936055386 0.617769404363487 0.362075176157379 0.48163666889418 0.507848394386026 0.468451504534944 0.492056211442223 0.58368758080578 0.564327891498621 0.563014958739377 0.480364573475667 0.479613996981467 0.592402559872134 0.597087649333835 0.275979198261772 0.238854966656597 0.678161772932176 0.593902435074141
0.32128308496324 0.35963609201616 0.546647542218674 0.609125039831182 1 0.691105525290511 0.307691166988301 0.37476939317235 -0.0323766260036681 0.382094530815305 0.474159569013275 0.141100713516516 0.306192600477984 -0.0533727842161608 -0.091832557088022 0.0947546643609577 0.338750200606494 0.256237838134093 0.361997239073361 0.290208156109067 0.0101670685052204 0.178792234519484 0.46596966076534 0.534884027164995 0.579812591178568 0.14302827929643 0.393430390371646 -0.0929083649495391 0.343483970585872 0.293337843530232 0.510176763025989 0.37800748024557 0.37170321219776 0.301206338539994 0.124894999053121 0.0847626886451397 0.152511071013674 0.382071742617077 -0.0169716185648548 0.264800082266745 0.21548600088974 0.259576641020349 0.262821721612355 0.268825535635517 0.293416667112119 0.334493129238385 0.264893982854605 0.25314581254966 0.228054186795949 0.300564055977789 0.245035262511951 0.2699229287766 0.20200391795006 0.202251146287017 0.220197188315005 0.17879653799372 0.306773815493717 0.290524431483635 0.314164805651755 0.33783579043266 0.356859582189784 0.415315873684474 0.232495315923775 0.157579919609582 0.102020461122633 0.355390142981799 0.276628730650204 0.305445710924316 0.282457113094256 0.245652397395646 0.460650350158662 0.3201196867989 0.317965264577219 0.46374545274197 0.120317970075809 0.318495907953126 0.329806399346267 0.148725110283881 0.220821813266003 0.338996478893956 0.234738841597373 0.200606365750632 -0.0012820233459368 0.0510250929040593 0.147857204259996 0.154713887470005 -0.159445891513402 -0.140244708839572 0.268122473152234 0.107116390661087
0.143681675394182 0.232460338367661 0.305946055491443 0.424395391198152 0.691105525290511 1 0.0538116693127355 0.184124852315625 -0.181140167669987 0.515155276433277 0.310051625899585 0.0125686464180675 0.101643101433873 -0.226901322122938 -0.216543268564131 0.149175457174612 0.255533274685759 0.182267179785612 0.143772984322501 0.134170520956089 0.00848452946343423 0.281794752536079 0.309909509596252 0.487905539138867 0.685890666250521 0.15229827142873 0.623261526467491 -0.000707516547355215 0.262239596937412 0.241485221421159 0.480544362425759 0.346779325486995 0.20196303620964 0.165298955377612 -0.0890465145621964 0.0348480438649503 0.0799233250177468 0.345422018282373 -0.0862119460647194 0.292153447140191 0.168844566042884 0.226569108780063 0.163382558284435 0.146048802995748 0.18185308908207 0.250525246379354 0.141747394120978 0.131637062974205 0.0866896252670953 0.182562090448736 0.117905828709997 0.157989507976231 0.156339376113147 0.166426350422519 0.125516525416804 0.144141237473312 0.178486455226017 0.210221917792142 0.0923448999944641 0.142361750688718 0.127143085973587 0.243077960859355 -0.00111385442759711 -0.026604822622747 -0.0729717305049335 0.224299033526095 0.0564514267728833 0.123582151588461 0.157986711886909 0.153190117762352 0.431354738319999 0.220824640963208 0.211238832128094 0.405574621593648 0.0413423687592792 0.33517173771486 0.215656888893568 0.0553638993688774 0.16055845410042 0.264628043166681 0.162674225027087 0.106440381380524 -0.0835605856264262 -0.107617225742158 0.0572684684156244 0.057566123401995 -0.20637114859673 -0.306177219945398 0.122172932719687 0.0121034763445126
0.807743670133527 0.68617491681919 0.815101996185539 0.766812996669205 0.307691166988301 0.0538116693127355 1 0.875862691621291 0.752864588172511 0.340295933410483 0.607340244370014 0.675498370143397 0.811930303713164 0.65684319229107 0.718269308091087 0.634141511630482 0.54190355239318 0.607949205791543 0.68250750014069 0.684467806737391 0.498667199114861 -0.0149266659364865 0.775326846585893 0.67413470918301 0.0736304177425552 0.480463512215616 0.0115341160013496 0.372551714996632 0.629150959002135 0.627265863520024 0.596160676073193 0.556508066709951 0.812287940765766 0.765210163326071 0.676161974762975 0.530668839953361 0.649608348487574 0.433987941871215 0.65298707743758 0.465537017734237 0.570173729335386 0.484717462943006 0.690044716425094 0.639645096552276 0.633120067561705 0.553495596379011 0.720807576612872 0.660325334049199 0.613781216201189 0.648333044223084 0.722711312829452 0.656669673720661 0.575327786111807 0.535592390046316 0.679759022193969 0.669786444701014 0.56587450129113 0.629139423084277 0.725317723402649 0.691269831299168 0.696448756451125 0.630702614675037 0.677825370695162 0.646195948961535 0.729536267045735 0.560726439591321 0.832818799232622 0.723795841501362 0.486066970719519 0.446475822635516 0.621337191453941 0.696238251992266 0.49610322879953 0.54865603141923 0.391373881265412 0.395699249778568 0.466566923055321 0.502997016353434 0.557645558333721 0.601779074852637 0.664310360731014 0.655167329480019 0.648454908183543 0.628209051280352 0.745738548119816 0.669145745200647 0.524378195100514 0.434548855856814 0.75353259085431 0.712370024181598
0.756312297985997 0.736101032130113 0.729206995020302 0.844396920262624 0.37476939317235 0.184124852315625 0.875862691621291 1 0.624312360279454 0.424453202624459 0.679567253424604 0.799252381871837 0.806149852838407 0.725060150730867 0.596428245003818 0.626075918455042 0.563722226848468 0.61272927212822 0.623742871069126 0.669987408096406 0.463283777369262 -0.0725293258882804 0.683093629828196 0.72514411893007 0.121477494911462 0.4744298864706 0.0449519115627633 0.351960040254636 0.646817311003088 0.652098685144254 0.575313029382336 0.599849143852157 0.740789364455243 0.779850728947129 0.62672091652958 0.544349861281342 0.630605006835973 0.431935663701308 0.612334596110139 0.392147257293891 0.557395318079392 0.475137524745679 0.63952746418525 0.598472062996269 0.5820759135218 0.551600024654655 0.682820424189999 0.629155866458949 0.564788986482232 0.612479079735886 0.679205359719138 0.630398303582814 0.528291769292216 0.481536394814214 0.654563435805482 0.638743015522087 0.564054541887578 0.62886599630025 0.610778797762904 0.664649210850123 0.758447433816752 0.81206987840704 0.598647911699426 0.640700104977894 0.652803652298961 0.75119950407985 0.701005331430409 0.714521291433149 0.45558442400939 0.337263288140097 0.676788502663776 0.745783792548785 0.529464363924487 0.591890797899673 0.43914102529795 0.430505733821809 0.545435901330989 0.525134705050833 0.574886217770164 0.63062693124981 0.643256864581228 0.658623042485877 0.598101678510806 0.63617696370516 0.679328104808543 0.727994007657336 0.452489096580807 0.450336102813413 0.727706911197098 0.73430677648928
0.551411582913252 0.465125764941951 0.4404760770927 0.406014732153754 -0.0323766260036681 -0.181140167669987 0.752864588172511 0.624312360279454 1 0.443011470926257 0.365823173891837 0.601837261258627 0.662264778615309 0.674412605179107 0.871419011696119 0.701148894377255 0.328691116026279 0.430082354399373 0.354030602355142 0.419916566239493 0.513089507570357 -0.000490829714050298 0.428709557064474 0.343489888084245 -0.182742131088868 0.348746715486014 -0.0586051607824263 0.545375848340232 0.375567559525975 0.422222672393226 0.271498948808741 0.299568987967319 0.527861073878928 0.530458536318343 0.448168150522557 0.347805086731893 0.533358606640567 0.222206387371815 0.661281174461738 0.325941292131325 0.397333447146073 0.292817626954695 0.467897028956543 0.426978852265866 0.37736127879327 0.294423290654819 0.490953684179089 0.403636119139465 0.381315293837367 0.382587075164355 0.471577496225594 0.394641488804117 0.3666326796513 0.366992479725194 0.448954338037794 0.481612895915548 0.369333870420817 0.406933110402841 0.461788264551728 0.382490779982427 0.497338144589931 0.435360904399764 0.501701284832194 0.486580578113673 0.53604479562933 0.31451470209449 0.528741720263076 0.378851821842485 0.263936965089556 0.257017738287993 0.406357364337923 0.548416592840622 0.298745331639569 0.273783552386107 0.249685118246123 0.247893471988995 0.186141454461543 0.334985161820578 0.353862601143771 0.34674480326272 0.44331458690325 0.410959204906346 0.553158557293704 0.478716733971828 0.523461249229467 0.455428284918378 0.561576765612847 0.476681420216088 0.593377415950007 0.600758338355599
0.307404625700335 0.282516159640693 0.259235744068931 0.444578102949354 0.382094530815305 0.515155276433277 0.340295933410483 0.424453202624459 0.443011470926257 1 0.340089022607755 0.309660592043383 0.382246841940735 0.244988678743574 0.289412928443471 0.40608993627754 0.18349002425181 0.185988920188055 0.129402208591357 0.14638295536122 0.169349488121876 0.153011088905004 0.224988475325417 0.412228636946623 0.441330196831211 0.175201493099441 0.431443541513143 0.250440334728341 0.161100930435417 0.227341659312602 0.28686034092187 0.286507346636381 0.263963053141847 0.259712838249062 0.054375602124781 0.149100778323966 0.183909498373978 0.177464136677442 0.340148569593051 0.197345040278782 0.291124150958196 0.181053558857437 0.23332800940355 0.156709559615153 0.204319572124404 0.180231266108614 0.209357827560995 0.152825335872992 0.192434140860682 0.238695901196851 0.25883185417833 0.219189022916114 0.184776238519538 0.215948477414445 0.211475081629197 0.238312018296109 0.221270729858795 0.201308116319866 0.220317019988567 0.178410178300316 0.383093276696888 0.452352435821542 0.108268622779622 0.136351958372971 0.121006672471617 0.38491579572613 0.164824467952151 0.185378570042258 0.197941133269743 0.0845431157403449 0.390577984178864 0.375468160489185 0.227302983771904 0.268681048524704 0.101333162262137 0.217794175403776 -0.011276602927878 0.0945619026799469 0.153254028279758 0.191114144402023 0.195315963105832 0.130129071807229 0.145330067688739 0.0424775176267322 0.216321297182049 0.221835433756759 0.0836298663743019 0.0889910047983563 0.352792129310536 0.316864525100098
0.630540373038796 0.605141475807889 0.631261099677601 0.658205038786753 0.474159569013275 0.310051625899585 0.607340244370014 0.679567253424604 0.365823173891837 0.340089022607755 1 0.639578405673185 0.780055470273498 0.488115925639818 0.455523451223227 0.458277035415523 0.572027577923076 0.517256431214579 0.52341944646626 0.523850411144968 0.362309276507192 -0.0922162655095602 0.639928608644407 0.551820420942651 0.179081473385235 0.264987737520143 0.069623410893177 0.209622102362393 0.693165838961977 0.605632434958506 0.540486737955368 0.566480953387222 0.581231851555311 0.561091462507002 0.463126195594931 0.315592609998168 0.407685848248282 0.422872883134473 0.314155550347022 0.290565258177012 0.335653484791077 0.40504735195411 0.361993916280444 0.371149819583191 0.367581377499764 0.371125085267164 0.423086051575793 0.365618981436727 0.246983153078775 0.295599389567689 0.322995833965765 0.278280976045726 0.197236825145225 0.105292209477508 0.347685445720792 0.329388486934018 0.487762979638673 0.54854132881279 0.402195476447931 0.505304839470217 0.812438627754758 0.66245252314441 0.605835021996936 0.41659163203287 0.586099100821119 0.684935685504592 0.444417156606757 0.414811749620576 0.434663937163802 0.387197332638393 0.527523979640869 0.491978411654012 0.506172265857572 0.472951071640742 0.37962729042371 0.375089990081378 0.525634794905799 0.373285327796385 0.436281904626026 0.589824896809029 0.51366581960762 0.536035077861061 0.41471241088959 0.452163755743663 0.517514631081122 0.405857892118005 0.281546241484423 0.244145989037698 0.454945224168037 0.382953466227139
0.72691685803645 0.761671657407146 0.531389733382264 0.565268920571524 0.141100713516516 0.0125686464180675 0.675498370143397 0.799252381871837 0.601837261258627 0.309660592043383 0.639578405673185 1 0.816479637129874 0.895061997669553 0.697829327834796 0.70941670091489 0.64392226363866 0.708420589791826 0.55082887083464 0.60742486252374 0.571415049601971 -0.103636543735741 0.552791961108099 0.54881576488723 -0.0236696585204748 0.439919537136293 -0.0258233308670477 0.460948082256438 0.672442532389345 0.766780713465538 0.488737183210218 0.595166864036037 0.602752214682487 0.725418748762603 0.571919363707681 0.462639607099067 0.625807997345378 0.365073900419051 0.673495646148444 0.292915928510551 0.447630955630999 0.395331683862469 0.539306660282784 0.509728499648917 0.487140259341693 0.4721608599549 0.568776199551007 0.473778608591598 0.412535355538662 0.422828897394649 0.475602690954082 0.431153043414604 0.349630449071149 0.274405681526332 0.517458035080635 0.55367991797422 0.551257185632245 0.647863464317501 0.461204331287931 0.542338225155169 0.715765589954139 0.759146111322167 0.522589683663903 0.692695131755368 0.55611601593068 0.67562839403176 0.477511044637244 0.510335720733414 0.348316205975264 0.248937420371823 0.559398085509123 0.613503763515389 0.506774937178301 0.46463239467005 0.347496510815496 0.322463296579872 0.495271736583059 0.464758749587703 0.603584078332192 0.666581358499138 0.6576168542941 0.719992947088544 0.620313974236621 0.709941350723536 0.61999843122026 0.704916707514775 0.597269336467912 0.584873735052986 0.56467823059735 0.66746213924655
0.853157359175885 0.784758540517387 0.706044315114504 0.669383607373676 0.306192600477984 0.101643101433873 0.811930303713164 0.806149852838407 0.662264778615309 0.382246841940735 0.780055470273498 0.816479637129874 1 0.793609050512733 0.742361469235512 0.637596583337226 0.705035070040775 0.696648404148495 0.699329378660654 0.660786752163416 0.492687650365655 0.0138804311004407 0.65107228017287 0.606358729920229 0.1087125315699 0.441301649482601 0.0228627984775988 0.386913848137611 0.742298794064229 0.735180700607585 0.581407069224198 0.600157262786599 0.721119211408282 0.741441637869207 0.560764507256571 0.421011620384946 0.642162041960862 0.406764078546714 0.671761602070217 0.336117233883069 0.518802432577029 0.500155630197037 0.635027611322076 0.602866564722541 0.619853254506145 0.536647532082543 0.687789964797493 0.573217882046139 0.549915898952483 0.553331158859656 0.632774549030922 0.557654227515811 0.499203622937605 0.397703866827623 0.643534323934611 0.573329549019365 0.646495166692418 0.705200103152635 0.658520442408468 0.677973601776711 0.860762164877413 0.703665507239701 0.71184806925811 0.702788250675593 0.593762990911524 0.552580687611466 0.635033481004192 0.559900374404086 0.527116887571382 0.406760926893918 0.605748939022406 0.677776952076539 0.566342279740127 0.485669675572613 0.422413994423726 0.330631652717433 0.468200705982259 0.442844543225946 0.631203836443928 0.678430712377322 0.736890278391205 0.705124839156248 0.63226648195356 0.692053144067223 0.724563541665521 0.63851194046131 0.459245582120901 0.484349998740429 0.720236088216941 0.68822188679075
0.694005990251705 0.674291853237128 0.454800796487747 0.467575174108435 -0.0533727842161608 -0.226901322122938 0.65684319229107 0.725060150730867 0.674412605179107 0.244988678743574 0.488115925639818 0.895061997669553 0.793609050512733 1 0.787271368851873 0.712458849272769 0.536166092523573 0.611975563939469 0.526112536541206 0.552352204634643 0.56581588858964 -0.0841216052929049 0.462627151325703 0.434362344074678 -0.101788609581456 0.488723413332354 -0.0775369497836415 0.496909298146125 0.558140609874314 0.656381450077516 0.379836140798585 0.489075528302313 0.571165393747809 0.69041830430082 0.599299951823744 0.513951741068117 0.584531918082971 0.192429758036357 0.779203986205344 0.225620503373918 0.458540137638068 0.37392283123185 0.555203652905864 0.510648648335138 0.497766340723913 0.422402518713965 0.590210779037224 0.510308903596931 0.47086316742616 0.444056334811092 0.532365785648818 0.447197301877835 0.408365845000019 0.312301602839562 0.565421062414587 0.564933084142705 0.532318108124472 0.588595111077974 0.491202712954992 0.507575023595041 0.670505458664537 0.624649032419949 0.525789993931734 0.696258217932387 0.560324288580833 0.528303373828423 0.517354279779717 0.512605102406952 0.365927190675365 0.221110094253836 0.41903917479907 0.589347045614209 0.442950066599395 0.289919414127461 0.36597673574077 0.192613319814945 0.337885497820065 0.435782606810882 0.567598967830524 0.564827420748352 0.628014376425967 0.699044044170237 0.697446393852706 0.773833778362614 0.659940859166702 0.751667181672409 0.631663489989089 0.709299808495083 0.618539308649173 0.753659342667702
0.655706547857233 0.586763628167634 0.522226408953065 0.412717766764136 -0.091832557088022 -0.216543268564131 0.718269308091087 0.596428245003818 0.871419011696119 0.289412928443471 0.455523451223227 0.697829327834796 0.742361469235512 0.787271368851873 1 0.800978162534843 0.467164365297692 0.55823305240051 0.47346427556929 0.520165850751186 0.622875010198613 0.000762556140258324 0.542290748827229 0.382156495207066 -0.142559953638902 0.442915386420858 -0.0242018044304316 0.666801714208013 0.519845605326617 0.568868009143564 0.368787474119273 0.433789145173544 0.60025402313605 0.603337934364898 0.570904005468359 0.445264076717576 0.58341411803913 0.280493832559751 0.725195935496726 0.339260379125884 0.430111074597009 0.411597477031472 0.497145127900184 0.47364286755381 0.430510492199381 0.340124076715351 0.545624145476911 0.442287746365666 0.385825058609889 0.370582169744825 0.473214404197039 0.38499176906178 0.376626689572949 0.306178321579964 0.513914516036929 0.491457642840675 0.492535535928261 0.552035824599819 0.475000852574268 0.446469301580334 0.544253867199247 0.42006975343304 0.604416086127417 0.569920233623961 0.664288654074874 0.334774447305048 0.587043464086717 0.412360791349564 0.355965001500294 0.353661710088101 0.423013176088972 0.592974176601637 0.389295149081091 0.251334815836794 0.281038318497196 0.185792073713518 0.263058072804409 0.378644492075365 0.445457450552142 0.475869500718783 0.577803153906706 0.611998253968054 0.667071113007762 0.677987174191958 0.685553021026917 0.602427418075466 0.706792417363531 0.635006826947315 0.616200417462834 0.661935446230323
0.581309668305158 0.59129451040738 0.516454378113379 0.508373908768358 0.0947546643609577 0.149175457174612 0.634141511630482 0.626075918455042 0.701148894377255 0.40608993627754 0.458277035415523 0.70941670091489 0.637596583337226 0.712458849272769 0.800978162534843 1 0.481718434329596 0.594369829517699 0.400490772011534 0.44659525023228 0.686940227511853 0.0889514078951249 0.622579479009996 0.550316663175997 0.118837824824457 0.557572003664324 0.289883169581013 0.696511282654536 0.579809085045304 0.683920977800625 0.579528934237128 0.581592247061633 0.645717278526365 0.673064106322624 0.581538249729614 0.562986215000834 0.601916573657539 0.378143654224095 0.69051861571048 0.461956721855717 0.450188777891799 0.425363306458809 0.552667787319611 0.502338737172039 0.43640502143976 0.432577215163451 0.547947564454281 0.432949899262441 0.377206900764899 0.422667232539586 0.455930771852953 0.423615331980593 0.370666382337695 0.363969564816542 0.521241518723131 0.629985250568443 0.445583653394228 0.561393192054233 0.390904814228857 0.390667830267029 0.465754273786823 0.515514564627875 0.432955218177511 0.555414675473157 0.574344281720418 0.475317402286399 0.528484273513208 0.485577996811744 0.268297004743915 0.244130162428457 0.537485965529416 0.64419488841792 0.401978305879556 0.395847304508873 0.263492621380532 0.305269118553954 0.358609654289353 0.422596380427592 0.539503868857623 0.584366415423041 0.591418888648381 0.629491125256595 0.637119035745618 0.629047320144983 0.614335519600943 0.686123823839243 0.713485716310087 0.530129064271744 0.555786564694105 0.732858751470498
0.79557628554042 0.880639009176269 0.546426824371603 0.523527578387287 0.338750200606494 0.255533274685759 0.54190355239318 0.563722226848468 0.328691116026279 0.18349002425181 0.572027577923076 0.64392226363866 0.705035070040775 0.536166092523573 0.467164365297692 0.481718434329596 1 0.929091377155065 0.801139476836143 0.788832777987001 0.481913959184442 0.0376364496267682 0.561661650266242 0.497401871788343 0.145439719915205 0.323192286590126 0.137729870130564 0.303395917277562 0.87866196591878 0.881459920837123 0.62299765240669 0.597444276570487 0.674400442826664 0.757695691969813 0.38146052650237 0.364188847858257 0.669852567463561 0.567200214781236 0.459057140737644 0.431276262836671 0.585667132389825 0.609000871544015 0.603613083052761 0.599168908523741 0.617883579969239 0.593615469350067 0.663010610078994 0.549319975998956 0.475932194185118 0.482740818506467 0.498906551149488 0.405602623376488 0.47977343933966 0.351937161387561 0.553035653496326 0.475632282170923 0.856081353197498 0.846074276172151 0.580779149391121 0.584543553926282 0.581747639896552 0.582061315091972 0.697544055382463 0.753384050997954 0.42890850794306 0.391496633038105 0.49628927398359 0.441186530211381 0.680560667188113 0.584927548206761 0.655704782580193 0.587518342251631 0.676570889815898 0.669229016630657 0.362646769014701 0.490985193941382 0.529871408291954 0.450632842018581 0.793618243844226 0.827172567980337 0.881818882725059 0.82290272187072 0.60882146150533 0.590054753121688 0.673012551075009 0.525767037262258 0.411268550834933 0.242498470407384 0.594385338209236 0.529790606288231
0.801134142419679 0.877523184625306 0.569000503216703 0.522263365148625 0.256237838134093 0.182267179785612 0.607949205791543 0.61272927212822 0.430082354399373 0.185988920188055 0.517256431214579 0.708420589791826 0.696648404148495 0.611975563939469 0.55823305240051 0.594369829517699 0.929091377155065 1 0.766360696408531 0.769169423121824 0.573186251631577 0.0230614821319446 0.631247222179351 0.51105751817672 0.116122870582507 0.372222300062303 0.142229900458638 0.396082513329477 0.844183896153667 0.911086123712388 0.646113603433339 0.609409885276867 0.725705307757913 0.813774833228903 0.490734770921471 0.436271748702252 0.718303177288609 0.544599985876732 0.584620205462392 0.450635563091683 0.603735673321501 0.601530427609218 0.648866856440757 0.642301466512967 0.632036820854923 0.621114477403421 0.702547560744455 0.577879946210962 0.510576213464479 0.517018778908186 0.534323627383621 0.462639548222829 0.519235617915335 0.434623376540617 0.624903850630888 0.585741949401665 0.816979320843163 0.855338242616365 0.5912557901532 0.586000758390349 0.551467451273516 0.576977423411578 0.659748130667463 0.798543404729816 0.498067537433892 0.400783120187534 0.529376026216719 0.463842946365892 0.587888126621038 0.501262271083835 0.656982700034638 0.634917626763334 0.667885441078942 0.682850345019542 0.362231305637371 0.482815104541431 0.549070456384274 0.433872425567357 0.807581953862397 0.852558124035456 0.884984195764642 0.861193589709537 0.680382582815012 0.66284150771188 0.712967921923785 0.611746870962926 0.536952923384722 0.338124041352142 0.617603021021794 0.647329479082235
0.856449478802827 0.831675148213241 0.670557524514781 0.618136957181661 0.361997239073361 0.143772984322501 0.68250750014069 0.623742871069126 0.354030602355142 0.129402208591357 0.52341944646626 0.55082887083464 0.699329378660654 0.526112536541206 0.47346427556929 0.400490772011534 0.801139476836143 0.766360696408531 1 0.883104317207425 0.396016708831731 0.115270771237543 0.608539113551213 0.515306965669996 0.156272168576886 0.380608942317135 0.111869891914291 0.260289883260158 0.725478123235821 0.708129943598684 0.582506612615305 0.524419021577191 0.712429009764561 0.746721611653905 0.477168953350306 0.375105937408087 0.563388012857919 0.487876131210147 0.512019138677103 0.369651894621731 0.585742469073833 0.577684474520863 0.625367789396697 0.610621422526759 0.662016698963181 0.597979346258884 0.677898932237434 0.620390568358938 0.592997177257647 0.545541381614479 0.62538974982903 0.520092669390636 0.560398878142242 0.413465524854848 0.629037339519908 0.486886126340451 0.823144958173469 0.799858815175118 0.759238304321194 0.684269439959556 0.587641861263934 0.519135220713204 0.743244784404531 0.705192218158236 0.480275733292637 0.359048233643455 0.65970616812166 0.595455097292669 0.791169152970971 0.710262340317361 0.612711058734714 0.650462784470416 0.65583717211807 0.610577302183416 0.404451325337071 0.378496137976743 0.441224611444811 0.388742185196763 0.666385111602016 0.67788790587793 0.815482934332622 0.771931379661835 0.63913099976234 0.621630424863799 0.73903128196429 0.549322553205418 0.373437995924795 0.314674095803358 0.679726440407936 0.564287995390503
0.822367347848623 0.847680144893564 0.651157663600284 0.654013139465213 0.290208156109067 0.134170520956089 0.684467806737391 0.669987408096406 0.419916566239493 0.14638295536122 0.523850411144968 0.60742486252374 0.660786752163416 0.552352204634643 0.520165850751186 0.44659525023228 0.788832777987001 0.769169423121824 0.883104317207425 1 0.447896567794973 0.0592176237580709 0.586327227816869 0.488707179603602 0.0265371412483018 0.349642979849678 0.0294288911127922 0.333091855201515 0.734472135948079 0.710405515796395 0.526928285818363 0.516329777045268 0.690299098595765 0.777939361338015 0.492872047813577 0.400204941869681 0.603138173582321 0.526766012657052 0.446300601445562 0.451575072484649 0.578389471836483 0.598315445767244 0.571795344338934 0.559017123730845 0.613762888491067 0.554979035390808 0.646959593147207 0.594133327477465 0.534896974569442 0.506449623062553 0.59178153633921 0.480807730264528 0.514947887734522 0.377538399624786 0.587864483792513 0.466678562749353 0.818234035459753 0.817957768703573 0.709095806099092 0.664765228789327 0.551170717864193 0.522904011353232 0.74059946588227 0.680708365026678 0.533777675362226 0.37633882608359 0.670544994249272 0.584775903336264 0.768325707853817 0.755081701644985 0.614011270971291 0.638513228110927 0.632744812840056 0.643360809947901 0.333269242992947 0.457671576042594 0.44880581872155 0.379957446817478 0.60175121021792 0.666895038959667 0.768129138946442 0.768939723654909 0.611233123141002 0.632675762907766 0.709919080205607 0.543526474758411 0.38768071288455 0.349769700079751 0.650137294220348 0.547703537683923
0.506574487924043 0.501131601113615 0.408456328611118 0.377108064701628 0.0101670685052204 0.00848452946343423 0.498667199114861 0.463283777369262 0.513089507570357 0.169349488121876 0.362309276507192 0.571415049601971 0.492687650365655 0.56581588858964 0.622875010198613 0.686940227511853 0.481913959184442 0.573186251631577 0.396016708831731 0.447896567794973 1 0.105273889277372 0.52896098244315 0.369715790271866 0.0151212364785613 0.432325858842544 0.115291884521086 0.514653919130592 0.559519726704466 0.638999340917196 0.492056546319593 0.48845221354586 0.554431919877983 0.590034323434598 0.448973599337517 0.413203515079572 0.555300072289935 0.353417624560809 0.59337689473717 0.392720974730629 0.431101405728588 0.40668421474892 0.496621024282931 0.464321653311288 0.376744988056531 0.376766662999425 0.501201878553936 0.390993457085752 0.302303648000034 0.322604936537191 0.377671118420331 0.33356330561818 0.343684576594932 0.279383470152745 0.511667958172606 0.50318788942011 0.429393202917593 0.492351628292684 0.309579428793163 0.341748854303774 0.382617743091584 0.439389802419833 0.482901136046202 0.577808994635916 0.524937827029387 0.35609808898445 0.410343532839523 0.325775653790414 0.200191895523325 0.233989783126681 0.503150353003924 0.530125510463386 0.453496696070576 0.401834864257375 0.25098106807523 0.313709083899036 0.4622482035921 0.367800654738166 0.503842699409872 0.50908272817523 0.55358383835435 0.57132408021014 0.607313151837573 0.533260702844943 0.571640959236318 0.506306166805442 0.658188794616087 0.377740584039075 0.501201689011781 0.56948886438316
0.0982134339102183 0.0628855134992716 0.0649505362106324 0.014423661062288 0.178792234519484 0.281794752536079 -0.0149266659364865 -0.0725293258882804 -0.000490829714050298 0.153011088905004 -0.0922162655095602 -0.103636543735741 0.0138804311004407 -0.0841216052929049 0.000762556140258324 0.0889514078951249 0.0376364496267682 0.0230614821319446 0.115270771237543 0.0592176237580709 0.105273889277372 1 0.0268906848889015 0.0535406921268769 0.251919607051682 0.12186193291734 0.390992933167253 0.163053162556531 -0.0156158728948219 0.0286024923084908 0.129975820864747 0.0869414568419093 0.0678308616843084 0.0414871981319289 -0.196259222942238 -0.126085564836214 0.0440517084357835 0.0338293803831254 0.0715805939954154 0.104607467546513 0.00782734013915142 0.0760090545558237 0.106783777283105 0.141331431426201 0.062098744596868 0.0964485157401671 0.13491745153498 0.155976614386409 0.0995660618036063 0.132453395750169 0.13629203827184 0.135300265404475 0.205390955429755 0.198997270941545 0.170959695196826 0.121760332805395 0.114314927736112 0.0757738191304354 0.0946891643119537 0.0652805774309538 -0.0521028390967108 -0.036614924455831 0.0254060804900254 -0.0243891246718902 -0.166287770599641 -0.172934575599682 0.0152855401767333 0.00875264241822389 0.111509042155214 0.137003767519837 0.150692711627266 0.0825564080929175 0.0441764502881145 0.0555215213665017 -0.159443571532058 -0.0112303842016335 -0.128974065133455 -0.0887146172179684 0.0410920369955491 -0.00733629306257668 0.0718967381551715 -0.00307743476976042 0.00042232590220563 -0.0620158819880412 0.019651030745614 -0.046874069326829 -0.132046804809665 -0.0694760389923571 0.126427018241549 0.0155070689769841
0.706422229942003 0.655171034681143 0.880703816978533 0.73479400413428 0.46596966076534 0.309909509596252 0.775326846585893 0.683093629828196 0.428709557064474 0.224988475325417 0.639928608644407 0.552791961108099 0.65107228017287 0.462627151325703 0.542290748827229 0.622579479009996 0.561661650266242 0.631247222179351 0.608539113551213 0.586327227816869 0.52896098244315 0.0268906848889015 1 0.809042340631785 0.403098841838328 0.600055302421667 0.24387189388467 0.383709712395041 0.699125843417419 0.691005476669671 0.78559347038744 0.693763201067829 0.793357122543626 0.698902103261744 0.70230813320358 0.482686861070449 0.58645424583904 0.500664380413665 0.489467089398877 0.53870001084175 0.524507321647901 0.478157597793609 0.638996013757426 0.606438848372033 0.624210957575373 0.586889484051626 0.665707525310011 0.603380666038743 0.512555472986597 0.574057993239234 0.574139305298454 0.542489564446109 0.526006803219187 0.466468073255102 0.575778141815995 0.596330568326104 0.558393606186847 0.657668545221164 0.554417318563787 0.587881046098013 0.553490836773407 0.469050472083825 0.545628963592915 0.489691208885277 0.738113755636196 0.511789418005508 0.72963535102816 0.593052244678128 0.407135341080474 0.407421070293971 0.600349467591015 0.617807559979212 0.446379620360579 0.574549535824084 0.269400943611743 0.389125297483748 0.581519687241971 0.461671897748072 0.55359788404146 0.673463727094473 0.641590854197934 0.689626194109654 0.581316957970755 0.574906438993337 0.726017434222773 0.645326131220471 0.472222761779509 0.342263056372917 0.611123476044139 0.591952236295786
0.604544573706624 0.598162932001836 0.766294941686087 0.773180639749129 0.534884027164995 0.487905539138867 0.67413470918301 0.72514411893007 0.343489888084245 0.412228636946623 0.551820420942651 0.54881576488723 0.606358729920229 0.434362344074678 0.382156495207066 0.550316663175997 0.497401871788343 0.51105751817672 0.515306965669996 0.488707179603602 0.369715790271866 0.0535406921268769 0.809042340631785 1 0.605290553983674 0.698984905720437 0.376964163158999 0.331989541672437 0.638153712632494 0.635725400590919 0.790957166380991 0.779904084745533 0.675476170124545 0.669092058531372 0.570123820480451 0.507272200899992 0.558011205604019 0.486446368232248 0.499023541523427 0.475148611402999 0.483643167633365 0.474287115683234 0.603319999743144 0.544467385942534 0.553597425102017 0.539116834719845 0.610056496741006 0.536547503367375 0.466620439467899 0.540363620246884 0.537140831098463 0.523198980122463 0.489642709856378 0.453670535151569 0.517991657559646 0.585549004524174 0.444128049254099 0.536929709475727 0.463749131551904 0.481724973226 0.502502872475918 0.56403775082001 0.395894133513389 0.453910823215251 0.545338951737997 0.582464413706436 0.612849538454802 0.632066685023043 0.345650239420234 0.2601864293411 0.606719544732112 0.630854619647028 0.423723034582868 0.571794059705809 0.324462713056172 0.42221835830801 0.534252971402318 0.488622658263527 0.565018411123606 0.609572321506908 0.602159712927646 0.608085272739183 0.500753592105483 0.490395197598829 0.620134143756394 0.667916841235709 0.340795297522033 0.264902709371108 0.568708462641437 0.57664225258233
