1 0.734402903300888 0.465935974272106 0.445575803543989 0.418917016154224 0.40932960663182 0.625127659299378 0.514910755401036 0.530265958996653 0.404395798376055 0.719234989418294 0.640246987530929 0.791963449345555 0.705610080615962 0.590011048229213 0.460819188962446 0.721665738904899 0.694284478748972 0.799857463070945 0.777680978940534 0.266764257578692 0.121430474038501 0.540390080571431 0.356363241777564 0.42628189291069 0.221968553843603 0.378532327375725 0.171170531137014 0.708837567736528 0.680648691497029 0.460096849999925 0.335643231506094 0.783032720065288 0.630347005437302 0.281109198231873 0.121665718858939 0.481077710643335 0.42983259763518 0.472985319489021 0.411056700577895 0.215264720775941 0.329707567725668 0.583766601905514 0.661903783165883 0.561468092479263 0.610959650491854 0.649729675648657 0.632796996973535 0.492510545682609 0.407479145956131 0.558917745577553 0.517654408448877 0.436327383372136 0.410451904158129 0.674265603172389 0.622221895972671 0.787691620842272 0.740283286379511 0.784993280216131 0.674446986643031 0.760073159272243 0.411345504021917 0.811126515338186 0.564676302724101 0.286114912745369 0.248753062782335 0.497968091717121 0.490827302913065 0.772481342940702 0.700723172125148 0.422936421573787 0.258108484028897 0.236865739000672 0.227717861816241 0.117283234955455 0.0511315002541423 0.275898960290527 0.167223058756324 0.673266142894915 0.69134803878838 0.737062637067777 0.608425901283049 0.541457431834701 0.438351028309066 0.562095959097801 0.528472548350589 0.306097669614466 0.178626906083395 0.617866396842155 0.509999235460865
0.734402903300888 1 0.346741616687565 0.439147770329417 0.267866608404729 0.283642463521357 0.387450168234228 0.370273096246854 0.233877377353437 0.149482518657612 0.437746111758038 0.6521516221652 0.637114106342803 0.746847750503744 0.504519189085845 0.520350665107273 0.821885035012587 0.898554752522017 0.686801019702409 0.807255297073033 0.120710648803978 0.272014587396084 0.393888773802306 0.463960400927641 0.450203176966024 0.368221411564817 0.403756348196038 0.30559240476772 0.740502976965242 0.8440462240192 0.429088674343252 0.310899044946411 0.664830490457412 0.616823679935743 0.276575529323026 0.3080354166946 0.428218173439408 0.437219193871146 0.532796742840622 0.54769317224654 0.464449894665239 0.395182596451534 0.473732945829267 0.616546623189741 0.422976880379211 0.580875207466899 0.699943340690601 0.695343243936674 0.362236011918793 0.28715692869741 0.398798265014615 0.30821281062715 0.285805321960929 0.274086397895155 0.660833408165967 0.614051450125202 0.899803572433815 0.951095961460197 0.56760766542878 0.486464920783284 0.447534268247486 0.238728055513555 0.710761857112383 0.461997164822137 0.284006827800477 0.229801055376835 0.356763119165285 0.393110501399049 0.802886480452511 0.742555129106845 0.223352143752302 0.070961466801794 0.0765033067866375 0.0978229253004619 0.150936360761362 0.076196956358275 -0.0220024179965799 -0.126620702001323 0.678103569804715 0.763924803563383 0.806121434132559 0.783613118204905 0.68061265632426 0.679880755705967 0.63053460967033 0.543497760924347 0.285389436190419 0.382455438144428 0.401525453183696 0.416103104232497
0.465935974272106 0.346741616687565 1 0.835791606828326 0.748445836652153 0.541176392781932 0.830942373822432 0.661293021828261 0.693283721679912 0.512278788830594 0.134119859936775 0.178027844028457 0.359906129617644 0.378826989669956 0.501817218219568 0.376152125257493 0.442007086303039 0.300383147506131 0.554451977665455 0.551475190751189 0.328017723580056 0.277308429353005 0.707514592176591 0.49659271943095 0.718059266618678 0.525006258709368 0.52002867054261 0.390055305043757 0.380927532914932 0.259472212008713 0.620431056517032 0.617936553357649 0.572150355212755 0.628749919014101 0.659203454348035 0.227517555440904 0.422380714777686 0.413724038910641 0.464577573729835 0.279590421393627 0.0213552662738847 0.0681940926682428 0.664432825903311 0.601610183223551 0.725458763127008 0.673135824043767 0.598185545080932 0.605177553416099 0.650576515120811 0.557883438771915 0.668128893090834 0.619265152287338 0.64878031275897 0.703574625665861 0.662868805777443 0.621558191945551 0.460917113066309 0.377195377457057 0.591263906784644 0.576126534647598 0.578641684303664 0.445687262602111 0.563170531295953 0.500584014183999 0.672254918286154 0.637303055073361 0.852382075348194 0.732545237904991 0.473088671244196 0.566446861433521 0.637258928750917 0.595549440646053 0.357440781766835 0.409779394325744 0.119873744144129 0.228961562431778 0.619753743695545 0.536913719725746 0.476489170795544 0.422657124290206 0.493381111538969 0.556489027576545 0.339503007312674 0.175688013722077 0.611999916852971 0.740973417478111 0.242298182468282 0.361489265747515 0.691575748256911 0.708719913749319
0.445575803543989 0.439147770329417 0.835791606828326 1 0.65580582995255 0.582826539144816 0.763342312558297 0.807131666516661 0.602388886463016 0.571850203073934 0.104403880526005 0.322248187352687 0.318625147591583 0.486691629040688 0.413728374551892 0.4646694819757 0.451455032442628 0.338418933379013 0.494176552173481 0.576153940478307 0.263506981917354 0.254969281377917 0.567797206202349 0.62767383782812 0.611299220021864 0.60615888440021 0.454104764740377 0.317786139118935 0.408132452053373 0.361446758015881 0.57943280654489 0.643364154308049 0.548401704557332 0.721465540366866 0.549342593029135 0.320042210797697 0.305394760112198 0.394919228949374 0.500705365066488 0.300726928283128 0.0909935501548083 0.0518621229999345 0.644424189166783 0.610875659920942 0.704899509998597 0.704701952929125 0.62643024171836 0.644937191414413 0.648940487104691 0.548355046862172 0.668979851463774 0.599524451276217 0.644384249302616 0.671225229365484 0.674482595382444 0.625947376618412 0.48362136631071 0.438384017201047 0.629753287745274 0.632623252713052 0.538001423964159 0.584685055289743 0.555497065233369 0.59072726531419 0.558894694349433 0.720770716957545 0.776687840522186 0.805163180883714 0.465718840696019 0.536863151363411 0.576997720271211 0.574182353192959 0.293289761831336 0.367546201880604 0.154712711641798 0.200312804558735 0.500541237402403 0.453108946292077 0.518207331483869 0.450465928425208 0.538326343421878 0.639680191209736 0.349603219088364 0.25102018683555 0.606110471123136 0.845602362554352 0.239857137979783 0.445088697975546 0.629351354398919 0.763217698438553
0.418917016154224 0.267866608404729 0.748445836652153 0.65580582995255 1 0.695489320016013 0.756710349953458 0.688451609276582 0.708129692125114 0.625899570060043 0.199209182387859 0.260458285119341 0.342640820506449 0.384216840095025 0.334032062452624 0.245504092059172 0.32736362000279 0.181183457622962 0.460411162344769 0.499512535170363 0.387097497685674 0.121056482793107 0.457612775295851 0.277345948371432 0.393055601864938 0.282485486706244 0.285545556345008 0.288504854547474 0.284721065361933 0.195321257770606 0.481065093961521 0.515132766354653 0.417338508903012 0.580636146290914 0.392033372120719 0.028346899849932 0.336205555605814 0.354143306355018 0.364228054562684 0.181308338430844 -0.136855463287491 -0.0263138444568845 0.585515748665971 0.547770672148484 0.671500400822171 0.593719999775136 0.474825830920546 0.483150949779108 0.633934567283863 0.590656430234909 0.64929931683974 0.632934576919458 0.608839338275568 0.6439668574918 0.538124682097463 0.510025114238331 0.343237650261714 0.264511192781409 0.518636547039377 0.532852131519135 0.535463155794159 0.529377594994781 0.504538525526546 0.550581182923209 0.379741494208158 0.452082556484006 0.649297709826328 0.594424320162919 0.38583558614497 0.4648073317783 0.604798675033164 0.588317841146542 0.283714967628345 0.37332977109581 0.016927324258642 0.168129040727757 0.622949337013406 0.567077763503026 0.341255491421125 0.287256071990913 0.358727805630394 0.381954303372049 0.24359402745966 -0.0184434795798074 0.403814661471308 0.635165307259024 0.0521722610140046 0.174996210449697 0.6972430829846 0.681468353885461
0.40932960663182 0.283642463521357 0.541176392781932 0.582826539144816 0.695489320016013 1 0.595983063262357 0.687327393372174 0.50983805016825 0.59560209981961 0.214715111099842 0.350544542101976 0.295199593706337 0.430327190374941 0.21627869234318 0.221374034935544 0.310267879936778 0.215038664197492 0.426419328374994 0.528238687641039 0.171023810929792 0.10693415376677 0.282893916299771 0.23366083494213 0.220915609188684 0.216721072944156 0.257038346131525 0.318202691467928 0.316517774411879 0.259454909808071 0.406978691623051 0.459873322799495 0.400868164646971 0.53130777130492 0.13217097687322 -0.131218581380398 0.220014886485506 0.278941981658997 0.247787941169259 0.165241233421954 -0.0683080463436675 0.0122704030238898 0.535286558409977 0.509185916516133 0.566486871784858 0.542769922166419 0.405208465614654 0.479874090945464 0.608966192856151 0.597805972872015 0.607635638396916 0.619834481769994 0.567422925060651 0.58015932378804 0.485145872254608 0.463699434526402 0.33511692938748 0.277983060423689 0.503461468309439 0.506951429327172 0.455245107736681 0.489076927608592 0.513129486180883 0.617486864020781 0.214110192192442 0.29354484664504 0.43216430249745 0.493500661803841 0.389440780678448 0.414436653247577 0.489574588871038 0.460592968292115 0.218770023841716 0.33155614515267 -0.00311316408766976 0.203640408532375 0.510178936955779 0.387359438082431 0.352116894258944 0.238757528333797 0.342695751165842 0.323359242464111 0.278510179942271 0.0658781047931683 0.328889341909612 0.552573657965162 0.0660809052945755 0.148211837026904 0.601593014228049 0.64962125268289
0.625127659299378 0.387450168234228 0.830942373822432 0.763342312558297 0.756710349953458 0.595983063262357 1 0.822715792140422 0.851066209352438 0.702422091345646 0.341567473289954 0.297775117376642 0.530212235909683 0.46955589080818 0.437891777740969 0.339035056280385 0.432253988018486 0.299127101043085 0.527015449670567 0.539729874267403 0.337132037440653 0.180437507857931 0.605472353212949 0.455870724678217 0.570376635606823 0.418092511696159 0.458569613292819 0.247503467028417 0.414274949464644 0.288156670639408 0.563219684107729 0.571016195338701 0.613219517556888 0.681848936890759 0.502560684852205 0.152436355834427 0.432856783545458 0.407221952459388 0.494656661329359 0.275778869826398 -0.00630819621429603 0.0971610797976025 0.735779293012451 0.68639059865758 0.742034744650175 0.68047544795353 0.643679701050173 0.638052816102201 0.642686559952256 0.520064383933764 0.705998123465061 0.65582221971827 0.634230710603218 0.663877460646809 0.707572094592644 0.610820102540387 0.490399224178888 0.405993836549501 0.727733767355978 0.743009998535383 0.802072899770701 0.665189655395909 0.634376909370495 0.57243546938736 0.512992945309633 0.617787036852967 0.807611367257533 0.737516277846791 0.494743579416708 0.575500364094831 0.586434689346526 0.528879869161826 0.345502161262223 0.369211508866135 0.0606760213968689 0.13105198710249 0.598449830259632 0.511185565250035 0.461582060423921 0.477525228810858 0.529174525814103 0.532352627810595 0.330697682247761 0.150958555429852 0.567007308052309 0.75587999298745 0.239760238736272 0.26543762847461 0.775963891446168 0.735545334891518
0.514910755401036 0.370273096246854 0.661293021828261 0.807131666516661 0.688451609276582 0.687327393372174 0.822715792140422 1 0.708668779674809 0.709335368289403 0.246769929801114 0.445547299104425 0.367662397928588 0.512589041686194 0.190855212178571 0.229034788714562 0.391365182353951 0.267618055909392 0.417424248187177 0.553369118198754 0.285704311999439 0.173519345734405 0.330393999538647 0.396139307924971 0.34888527478138 0.393450112570096 0.221794361313466 0.118775819888571 0.453296810099925 0.367737098779679 0.553997204832066 0.639395771012659 0.535617769381307 0.757957250037385 0.315184431644497 0.15800208448371 0.238866861003997 0.33575042214295 0.388432111165346 0.183840179536473 -0.0356927430532877 0.00943513476984373 0.692265179226887 0.646413792984408 0.737245611974344 0.701311945832952 0.58550664055796 0.60777164358118 0.710303339849753 0.622475222409658 0.745161475927942 0.715838038545116 0.673363627441539 0.680590863876046 0.617932455481732 0.553145776031249 0.398214924105714 0.356614639700091 0.697785929191471 0.748989492447507 0.632862879328172 0.813418418278472 0.573756237593252 0.764723800129976 0.233194811541595 0.551341517989724 0.677817755657614 0.753135835279861 0.448898712581824 0.463128694464602 0.593448483831144 0.594171341230272 0.32652805930387 0.409163512178514 0.0186360646673915 0.140944311322169 0.60814538292561 0.571318933887427 0.501196454468174 0.437233654750877 0.498924033149231 0.480402642490722 0.268736520217116 0.140309291357202 0.385480470735402 0.742828412426731 0.0774869514720688 0.233612557614118 0.643179311858708 0.742942993316306
0.530265958996653 0.233877377353437 0.693283721679912 0.602388886463016 0.708129692125114 0.50983805016825 0.851066209352438 0.708668779674809 1 0.719164361376616 0.39357542530958 0.221081256500448 0.499743050641341 0.342326101438404 0.488610283752714 0.390931973609317 0.358253122621028 0.190671026333668 0.421899064882885 0.427156754902939 0.475486853354615 0.123732737023687 0.561728070058246 0.343441607454689 0.501527356431244 0.333654308270088 0.412521205377492 0.200141813309044 0.368988697461415 0.209240638052414 0.515717910941614 0.528329977674487 0.537334533654009 0.576321538723776 0.411968915085902 0.10015437319127 0.286972293799077 0.321917227173558 0.396649072994346 0.0765357734877344 -0.10305046488891 0.0672336969807704 0.634587925686433 0.585454248247847 0.636028144713291 0.529484842882278 0.50572519899508 0.458957888761389 0.548691997983406 0.445981651082598 0.60813885681199 0.564754679136738 0.562864064061516 0.57691663690363 0.548910896727219 0.445146526016405 0.357572200246424 0.279334040100493 0.591744399593903 0.600547712122538 0.753184352030684 0.625063280575662 0.565564640367525 0.530237596951476 0.419855840625715 0.553645693946307 0.682125559267924 0.595210255280159 0.425508250479106 0.481885852391073 0.557727720853171 0.45743456849493 0.278628430412608 0.308635226612877 0.138787746786792 0.0570922267334959 0.644205446862075 0.541054392828135 0.408955868489368 0.401184571761868 0.408607046977859 0.377178131624396 0.271783016849008 0.0487143831926065 0.419138449886306 0.624546681675328 0.218590710122638 0.2254011434243 0.734378988121328 0.628133243677201
0.404395798376055 0.149482518657612 0.512278788830594 0.571850203073934 0.625899570060043 0.59560209981961 0.702422091345646 0.709335368289403 0.719164361376616 1 0.241805961625253 0.16932165853664 0.236338313156874 0.242262192229215 0.224393100221556 0.293311528099251 0.181747760738743 0.0443926806196231 0.316099331475212 0.267504794771769 0.334188270943496 -0.05375666189128 0.333282449332937 0.409128845105086 0.237171910748336 0.295184149478729 0.285199380172897 0.175501553091864 0.136084186271423 0.0511750484224577 0.253908074271485 0.321965624627652 0.353254767815757 0.437348971791839 0.197278716506912 0.110074866736191 0.215358741248148 0.218723957794881 0.260551782059076 0.0150901321010992 -0.1566653695035 -0.0648640059491747 0.393418445107346 0.347317881449872 0.441185855455703 0.369464214973276 0.281950487944254 0.262189780280997 0.430039337548507 0.382327638726726 0.471839963707833 0.464958476421205 0.403061759159103 0.428489883291033 0.342915769092875 0.276285468205088 0.248302763636023 0.162793659593146 0.489708295901522 0.535279687743942 0.614261896880717 0.647010189631315 0.369069569446709 0.419735336352689 0.292426915923929 0.569005194443289 0.484658339558103 0.48470835025448 0.277704881341643 0.318727274388052 0.409497144132961 0.334823464013706 0.12540137759887 0.152996099576744 0.065304227003798 -0.0721079277167779 0.390066641587783 0.360611043662641 0.265602441864338 0.179841045794295 0.241560446022745 0.265984513034393 0.118923331996228 -0.0106416697213421 0.30396751307811 0.608360263329931 0.151668579646236 0.250053265493442 0.600819470173722 0.64574232493193
0.719234989418294 0.437746111758038 0.134119859936775 0.104403880526005 0.199209182387859 0.214715111099842 0.341567473289954 0.246769929801114 0.39357542530958 0.241805961625253 1 0.651103471480329 0.811345098207989 0.580921473038129 0.58069822124837 0.367884224694423 0.492981874632204 0.470680116980065 0.614599068832091 0.465270087124596 0.260841925214049 -0.0893442971071426 0.451278538562156 0.229814281007835 0.132276250316383 -0.0913034635686561 0.229141902451542 0.074645719363609 0.518639943234662 0.454235248534371 0.102323459126964 -0.00045185505417535 0.484918052875609 0.286543757802994 0.0416339480217552 -0.128515152856689 0.234248672386427 0.142284484175216 0.137929418121093 0.108336078660517 0.132786531399228 0.252379138996691 0.170457971653337 0.278100072385413 0.121715364700247 0.151032675850599 0.24754677167257 0.225017731936046 0.0962533205734547 0.105134060444868 0.198079822691267 0.239246058837314 0.165725869571939 0.0850211356888755 0.325078629782041 0.30726490929557 0.455891740632108 0.455292800168654 0.431243545608725 0.372748636559705 0.638203392617486 0.29870300323766 0.644959563712087 0.427426845985695 0.159811024093253 0.0377436504496056 0.117955860511245 0.0838180300022751 0.444747045080719 0.347683909598969 0.212722081488539 0.0437483521367014 0.147503909715907 0.0370080570288579 0.0780839854849352 -0.0114972453546833 0.0502576668644813 -0.0530623900090808 0.385264118042174 0.354573851102817 0.391093874850577 0.300079591755958 0.330179312590299 0.242264845232678 0.391117034928355 0.233588712821976 0.329062030845045 0.0670820324034661 0.439862406727668 0.269575909772449
0.640246987530929 0.6521516221652 0.178027844028457 0.322248187352687 0.260458285119341 0.350544542101976 0.297775117376642 0.445547299104425 0.221081256500448 0.16932165853664 0.651103471480329 1 0.711114249323896 0.864090339115955 0.414798102762153 0.41700554701573 0.536955617944545 0.585086290767343 0.556198542194843 0.579307988094687 0.249165121233395 0.059905213587607 0.367151118754881 0.430895740292917 0.230968300717501 0.20504956855001 0.180083762960247 0.149032382025236 0.652347592868017 0.733067144090538 0.329574181366194 0.311783044035394 0.548553697592575 0.506505253457624 0.0858544180862129 0.0352001828172583 0.158850904525485 0.300097942215202 0.270697038736441 0.347744107720188 0.227680006933345 0.196149613515211 0.330719127040636 0.430904796888704 0.271349688775434 0.360107031385045 0.450085886140612 0.45558134035114 0.230947539142807 0.221260081125488 0.337432160553936 0.341991723368418 0.289648537108935 0.200632257429906 0.465050817591285 0.471123163088462 0.51387262595505 0.561639596485548 0.478037256455908 0.413965593276103 0.517340021527437 0.457946733925038 0.656245067435363 0.648502343337076 0.14981151293055 0.188417432916749 0.199316873706644 0.298800339773956 0.484109363421021 0.357292391413715 0.256668315111163 0.170335806434076 0.0232688644131878 0.142829050795332 0.0240415052665553 0.0841952627233948 0.0639695030762358 0.0157109798363158 0.501632722206433 0.4762579860637 0.536975466334918 0.541273892383906 0.438681292382754 0.421966178337805 0.441304139420869 0.446244648764227 0.257593098470479 0.230380645442636 0.418969519166568 0.42016096426852
0.791963449345555 0.637114106342803 0.359906129617644 0.318625147591583 0.342640820506449 0.295199593706337 0.530212235909683 0.367662397928588 0.499743050641341 0.236338313156874 0.811345098207989 0.711114249323896 1 0.804550933620594 0.759378969237679 0.559080637309086 0.613031080300583 0.602924800635173 0.707716461531886 0.60604034325956 0.262796767265854 0.0616848970393428 0.639762783926887 0.416245717000602 0.460338427077609 0.21520538986273 0.428317911567224 0.223023157299007 0.673376013574084 0.632530004356598 0.394191633877075 0.285967265842109 0.6705706823251 0.474255042570878 0.234577786988575 0.0198835398687914 0.431885586504436 0.377507143593953 0.400616831873053 0.357471350037088 0.279710435461177 0.364758460376941 0.485391729227839 0.590873312946516 0.391808097690511 0.456752738868742 0.580423519339309 0.565159303113115 0.300917606289943 0.244113798732365 0.393125469972336 0.390225128235996 0.367625195330619 0.29678881048717 0.63925185790239 0.57614580350337 0.645330985658969 0.625616479830882 0.559784000745848 0.497909243148429 0.744769064803794 0.328802555860974 0.774335875604133 0.482544223215005 0.377511683210467 0.20143678918215 0.375134814619674 0.336343626005584 0.61710328750746 0.555623132609706 0.293985920689035 0.128857532229842 0.111520734639185 0.102880396107453 0.0823939714707686 0.0813210703140907 0.17509505870815 0.0207538175848008 0.513878532986303 0.591861652930394 0.621290607758034 0.593214588174858 0.57292449619552 0.443897804103476 0.642309805936905 0.453908943377058 0.458666879917286 0.257309043823465 0.618422745720267 0.435206907281682
0.705610080615962 0.746847750503744 0.378826989669956 0.486691629040688 0.384216840095025 0.430327190374941 0.46955589080818 0.512589041686194 0.342326101438404 0.242262192229215 0.580921473038129 0.864090339115955 0.804550933620594 1 0.602279968093111 0.596484162846404 0.677146424374079 0.675822274980587 0.646458437030284 0.679576095982467 0.215110339394378 0.156257720987631 0.491466872922061 0.523356060863787 0.450855011067465 0.367206126140967 0.355858178624594 0.253308228220655 0.725135323972657 0.772503563861174 0.502377650661803 0.471528527866503 0.679923756012249 0.628891140367302 0.266636375936071 0.105397477523107 0.355422120268044 0.420192570502745 0.464390360946609 0.447435886350806 0.327997478634314 0.262708034010532 0.548428543067562 0.65971891178675 0.465922702994216 0.564897366579889 0.660667823392002 0.668357069316638 0.37557696878858 0.308251423349208 0.451923089876567 0.43576545411183 0.424862871430156 0.366552256469685 0.68321439338076 0.616808106095243 0.666255092877588 0.679760650339488 0.584598670667345 0.546620057299833 0.574731075393835 0.404522231222044 0.769114792840783 0.62539327152656 0.298482643838474 0.273663386486647 0.400086934826814 0.479211936757175 0.623117164761855 0.555093962770523 0.316881940509373 0.226643942915698 0.0838729624653256 0.166483253749283 0.093511265749278 0.133806047997623 0.14893249740887 0.0446675937709689 0.596532236889661 0.61575222147024 0.687474898936787 0.707816222641452 0.582707189946499 0.516522640651992 0.616763652982576 0.568105511781442 0.338440862843571 0.33697178489305 0.539134876306455 0.529958425899198
0.590011048229213 0.504519189085845 0.501817218219568 0.413728374551892 0.334032062452624 0.21627869234318 0.437891777740969 0.190855212178571 0.488610283752714 0.224393100221556 0.58069822124837 0.414798102762153 0.759378969237679 0.602279968093111 1 0.772955616759135 0.578632338121149 0.530546676697223 0.677110321216903 0.498594468971584 0.320085751707242 0.0920041437097796 0.793081257328305 0.563592268894235 0.674764157845923 0.377897474407784 0.583888238677812 0.355370603951962 0.554357569005486 0.475097607080123 0.425284904361694 0.328641626399872 0.628699984299029 0.393754511708961 0.494700436750473 0.172948687721857 0.395142416312316 0.34292370603194 0.43812206737721 0.256002863313436 0.264602207686345 0.283616571094996 0.40135484404607 0.480604372893694 0.338320671698171 0.369390920026369 0.494856917581307 0.45986669190786 0.229590181528836 0.155914057756694 0.268230319702312 0.23567280584221 0.305653681960623 0.254272784404143 0.544122058695201 0.463270484165846 0.584213400741222 0.54752330538835 0.398703344358923 0.348254121059448 0.569059300281641 0.116295289232015 0.645175760221657 0.285665451669898 0.627677390856312 0.351530737110567 0.462726501938308 0.361041325729225 0.537326797471077 0.51077365709873 0.305684334570476 0.155469657522378 0.126479678566013 0.076704991346507 0.2721749371455 0.104009928890366 0.151906619904716 -0.0205561350797909 0.493596218888331 0.506603155103158 0.534271660292476 0.585860071187508 0.571204383998877 0.411372188482989 0.71637909075311 0.490812732486541 0.569185104922249 0.432777457968256 0.557624847481422 0.405796906209361
0.460819188962446 0.520350665107273 0.376152125257493 0.4646694819757 0.245504092059172 0.221374034935544 0.339035056280385 0.229034788714562 0.390931973609317 0.293311528099251 0.367884224694423 0.41700554701573 0.559080637309086 0.596484162846404 0.772955616759135 1 0.502887509347787 0.482450197979556 0.520678422987512 0.39405752531419 0.293879966319218 0.136824854592104 0.661351414910636 0.701066160325507 0.591413973206489 0.504254340086843 0.508096041453782 0.307794720319941 0.463522845755721 0.534386881930946 0.391958666317442 0.411454623409732 0.553424105767779 0.419584119818523 0.450924730676463 0.308947585294923 0.259143836450451 0.284073819769451 0.451634109201015 0.261750533109531 0.294492017681729 0.253937102052381 0.325080849553492 0.410738008174856 0.26248304961071 0.309077251716343 0.463655366642168 0.420817669676825 0.13311533974711 0.0277956168470815 0.168612031712402 0.102095318811496 0.173942716167363 0.166381936654097 0.444045883472789 0.395409326597854 0.550412861726892 0.543929861544731 0.328083044037171 0.276674209257964 0.453185357881969 0.220300688388612 0.519666298083518 0.287101733005876 0.572392274895099 0.461081922299379 0.396192891015446 0.379149719676876 0.474867290741721 0.438418927982577 0.202235231500191 0.152163966991833 -0.00464265981365901 -0.0593074537511553 0.315367562527572 0.0321480383897191 0.0292074464479832 -0.0951700297133416 0.473344572985549 0.450145508082334 0.503773177610935 0.642580615437334 0.510347944456793 0.43258508534323 0.667433198040555 0.568942339982284 0.453788027365844 0.586555856602125 0.41610766943987 0.425980855930263
0.721665738904899 0.821885035012587 0.442007086303039 0.451455032442628 0.32736362000279 0.310267879936778 0.432253988018486 0.391365182353951 0.358253122621028 0.181747760738743 0.492981874632204 0.536955617944545 0.613031080300583 0.677146424374079 0.578632338121149 0.502887509347787 1 0.922143583761351 0.745453875431509 0.833947123055564 0.170280824904244 0.312482862160529 0.437434060459094 0.355770621075687 0.50933446690486 0.316700181302061 0.401823969227198 0.227583289281665 0.809122368407248 0.806097480602852 0.546914559104205 0.390019916136824 0.711241851283325 0.657350197472598 0.362248510889436 0.182352890282759 0.36194778621769 0.36747926713204 0.539743934937942 0.446458066168259 0.369564036283075 0.337636724955321 0.552862011584541 0.655612789561074 0.49768295874721 0.615530891165131 0.723614182019162 0.692778004107851 0.448448463475425 0.378856664366026 0.448582010620294 0.36606304841789 0.368883790582462 0.39603123261237 0.677386447341935 0.59862605917914 0.85352584468632 0.864518699684632 0.577803918505127 0.492042942809477 0.461241931502438 0.19726424075251 0.787976174305966 0.521185518626457 0.330144383698598 0.197913246715737 0.444212270491415 0.435628676309232 0.811581578845357 0.75960381304375 0.299064583878141 0.141693588259759 0.145018540263502 0.160494299759673 0.227000477120857 0.104771742041459 0.1861938391621 0.0532499834471473 0.800018829763715 0.811649534067416 0.846405954529544 0.746145841059782 0.694132215539962 0.612858789806449 0.632347175995839 0.488782338170293 0.261559297332215 0.300236700027127 0.43697443040253 0.405692640494184
0.694284478748972 0.898554752522017 0.300383147506131 0.338418933379013 0.181183457622962 0.215038664197492 0.299127101043085 0.267618055909392 0.190671026333668 0.0443926806196231 0.470680116980065 0.585086290767343 0.602924800635173 0.675822274980587 0.530546676697223 0.482450197979556 0.922143583761351 1 0.706614227723612 0.799353663779138 0.0836527211036222 0.276370943671103 0.360648141615809 0.346035807884255 0.441003365341458 0.287521381298158 0.37154563832037 0.268732364237879 0.819886917372867 0.877814180646891 0.45792802048352 0.277028812770331 0.674065367244723 0.582361538493808 0.249299949594742 0.246053286550226 0.37778833206972 0.408551799697652 0.517235721802575 0.521290645712195 0.467929665844774 0.440102954492017 0.440776523363385 0.579487300701014 0.36433270993198 0.534800683677673 0.692046860631028 0.662804705129498 0.311644298452685 0.248383188648488 0.327590325011669 0.238118417571834 0.216955447932482 0.239622690656259 0.625855516042995 0.581334463990866 0.871937535974155 0.92432495699697 0.506438531431563 0.413494950817446 0.366570864409236 0.0892307131729315 0.727324672771139 0.444066991628529 0.242112501731129 0.0904929581180085 0.301193310872924 0.313591714427806 0.800509395692214 0.714397037118189 0.15666046073534 0.0122707533458772 0.0676875845990746 0.0955210050376981 0.18616131056325 0.0618246504497545 -0.00311965181811391 -0.135055159916471 0.748176462772254 0.815974261942926 0.829449994527851 0.735492344368735 0.721590360434511 0.690302818132404 0.591328057916954 0.403257134855995 0.271114387603099 0.318731736304338 0.313167640999846 0.306406585027548
0.799857463070945 0.686801019702409 0.554451977665455 0.494176552173481 0.460411162344769 0.426419328374994 0.527015449670567 0.417424248187177 0.421899064882885 0.316099331475212 0.614599068832091 0.556198542194843 0.707716461531886 0.646458437030284 0.677110321216903 0.520678422987512 0.745453875431509 0.706614227723612 1 0.765757794581155 0.230681691784326 0.157170932538583 0.643318842512144 0.440775898686497 0.490448378062199 0.228806577466383 0.43984766630575 0.284040874652331 0.673876641729477 0.631834722608966 0.483835422666737 0.348103510578471 0.714359201680967 0.573055975882273 0.33731454180887 0.0734591525436512 0.517333102917701 0.394750944167042 0.45572098622088 0.372932085461596 0.21694854527192 0.315369915480665 0.467780067373996 0.564558266586527 0.476633386104318 0.56420038671243 0.580339404065527 0.56292684114166 0.482518838718819 0.441848920770274 0.47328766170632 0.450328555813284 0.434552644110021 0.445771030269097 0.60465971121331 0.568375535321203 0.769285865016843 0.702005653830555 0.535980369856729 0.457349064566652 0.609448784828539 0.31194722677116 0.736234809795647 0.489746225359787 0.453059217987633 0.285356986986413 0.445565654504443 0.37875479013623 0.727889626781615 0.662677468759553 0.469553708534718 0.339218682607671 0.19099270178182 0.238488409257725 0.17948199003887 0.0946033098303441 0.257486670510659 0.127260527119629 0.680704277401679 0.647349881231276 0.695386548705941 0.665729635180706 0.536691546571227 0.45613160846459 0.679070084540832 0.551197999040105 0.31386034285261 0.28464996833654 0.591715013147693 0.524700724464344
0.777680978940534 0.807255297073033 0.551475190751189 0.576153940478307 0.499512535170363 0.528238687641039 0.539729874267403 0.553369118198754 0.427156754902939 0.267504794771769 0.465270087124596 0.579307988094687 0.60604034325956 0.679576095982467 0.498594468971584 0.39405752531419 0.833947123055564 0.799353663779138 0.765757794581155 1 0.197192222181602 0.281581591810934 0.397972803763605 0.275476067227824 0.434390459789082 0.268829812828868 0.344694365120103 0.209760249869456 0.798777586149358 0.770746232907232 0.579130237975965 0.465521797010254 0.745957459199664 0.771962837368088 0.351752711747567 0.128420149623499 0.475262488922153 0.454477714955797 0.49699657495503 0.409025931114559 0.319311269897342 0.301818222013976 0.641331726282643 0.724345488246076 0.659260666553681 0.752811552586867 0.744520272617495 0.749737900052525 0.64582542556651 0.583127693614033 0.644022005538622 0.566621790072375 0.553644879989293 0.547436293831451 0.737163666395166 0.676805548285871 0.821348265739981 0.814963768230922 0.707095822353599 0.619994015238016 0.518827306571348 0.319553839279246 0.816976308958715 0.675900906044036 0.239324307432483 0.190443001947572 0.51789331845098 0.550295449807715 0.854099234943496 0.820707648848667 0.510202325660158 0.340403428362315 0.272757834360089 0.306613329300888 0.145328064232095 0.183218481521249 0.35882244623232 0.238648354018156 0.750656343623697 0.75039458609148 0.803734545695535 0.694056468289777 0.630593175298659 0.483029077133709 0.569966345553952 0.560577774501897 0.215226652057359 0.213889116997725 0.539908771909215 0.499956845781901
0.266764257578692 0.120710648803978 0.328017723580056 0.263506981917354 0.387097497685674 0.171023810929792 0.337132037440653 0.285704311999439 0.475486853354615 0.334188270943496 0.260841925214049 0.249165121233395 0.262796767265854 0.215110339394378 0.320085751707242 0.293879966319218 0.170280824904244 0.0836527211036222 0.230681691784326 0.197192222181602 1 0.125306373171808 0.341504518041473 0.247726013871997 0.305492567687002 0.206939992590249 0.202750855008518 0.108753724562901 0.236696406235611 0.152576233092359 0.277198346619177 0.313080776546932 0.345437742500366 0.348418640991359 0.26856721743429 0.102594768048158 0.175397445351693 0.17859548564351 0.21265712959939 0.122160898824406 -0.0383128435488426 0.0564157296734608 0.285150432955348 0.277084316155931 0.311509681263522 0.222464098598217 0.234566172219261 0.183832497777834 0.232554686528693 0.20166109264854 0.302678760446619 0.306297447257896 0.335313987270553 0.318799636604024 0.263774353487809 0.238857940623744 0.116249003768047 0.082273860815796 0.27114496105114 0.244756652818058 0.398120839375102 0.323174350782193 0.31955566688111 0.312985985035928 0.278827135373767 0.365149868082692 0.373970007581803 0.328390371420035 0.142741549193584 0.138821476823478 0.355762074987443 0.290114414764259 0.157551684921997 0.0869172352463355 0.0342377494474725 -0.0382284368093763 0.332845356138979 0.3034228875914 0.275866329441469 0.131843647675112 0.167539695523851 0.174943489913828 0.161530561180484 -0.032477540686399 0.207255831671847 0.37733126811745 0.237917020444694 0.195430657038274 0.428732571835377 0.375450685974506
0.121430474038501 0.272014587396084 0.277308429353005 0.254969281377917 0.121056482793107 0.10693415376677 0.180437507857931 0.173519345734405 0.123732737023687 -0.05375666189128 -0.0893442971071426 0.059905213587607 0.0616848970393428 0.156257720987631 0.0920041437097796 0.136824854592104 0.312482862160529 0.276370943671103 0.157170932538583 0.281581591810934 0.125306373171808 1 0.12260639439479 0.130712922043457 0.249598531025954 0.268719554152638 0.256342672508337 0.216662788851291 0.32296042149955 0.338811663572605 0.392768254980399 0.327122555647205 0.241320764747918 0.313230380975774 0.259167686063131 0.165781977765399 0.142628555789392 0.289383716034098 0.263607262162436 0.293418145120858 0.352758853546573 0.238031141976048 0.325940810932236 0.34353659060794 0.316069314392932 0.347551597367902 0.366345005010862 0.38159720643533 0.26389326835129 0.172915252980372 0.263990187135487 0.207963158688652 0.237331170652295 0.269287357455998 0.317568050184033 0.267644044977195 0.285235928804116 0.25102519894199 0.249101496325213 0.231410688786123 0.0361125901360473 0.072897223628294 0.286829905543846 0.259630701597394 0.0980711934129808 0.129069779072976 0.267132893213089 0.293026014771713 0.271872808427369 0.329685671222034 0.214500262101012 0.217527102001184 0.166035173602635 0.241048878746459 0.190589848298143 0.365867748072253 0.213728688919207 0.198318583971278 0.367539212293453 0.366945287527404 0.380060950986761 0.29736233140872 0.254763872430446 0.216706052185126 0.179461813218196 0.228151582063955 -0.0622583297009751 0.0561326287934883 0.128340525401181 0.103094265711963
0.540390080571431 0.393888773802306 0.707514592176591 0.567797206202349 0.457612775295851 0.282893916299771 0.605472353212949 0.330393999538647 0.561728070058246 0.333282449332937 0.451278538562156 0.367151118754881 0.639762783926887 0.491466872922061 0.793081257328305 0.661351414910636 0.437434060459094 0.360648141615809 0.643318842512144 0.397972803763605 0.341504518041473 0.12260639439479 1 0.710168217954191 0.774286814270769 0.468351001686365 0.623169757859648 0.369937188795561 0.373590310408075 0.331764265901923 0.454121118741793 0.436962198370091 0.550666911028484 0.386268794600964 0.59373018166835 0.180567274974276 0.359406041220798 0.32522178652168 0.38405970760485 0.220277807087386 0.150264590781901 0.199604639606955 0.412768982038244 0.424106858425051 0.379865380823031 0.362851883360111 0.429739848226343 0.425813638573132 0.253857419906358 0.188262229815181 0.32786677677335 0.329769008623705 0.379007170682088 0.38073781483685 0.530947915365257 0.50845176542211 0.481831791209803 0.421399009457059 0.375068153891879 0.339049881805978 0.657047836342576 0.31954626121595 0.512851894584168 0.266414887498833 0.818769673119008 0.616380585713406 0.60237270811194 0.441610508547645 0.419870768053426 0.439815685884784 0.421951957386855 0.388948805682184 0.189283654248099 0.178159012137643 0.184982254275705 0.164079348197913 0.277480202265071 0.16010915956204 0.380505262725433 0.393438492410557 0.414314042762074 0.568122076145293 0.358118361481634 0.271361367763552 0.730067046766525 0.624070195156395 0.515419384534631 0.433065300399472 0.63108685668676 0.555658446963684
0.356363241777564 0.463960400927641 0.49659271943095 0.62767383782812 0.277345948371432 0.23366083494213 0.455870724678217 0.396139307924971 0.343441607454689 0.409128845105086 0.229814281007835 0.430895740292917 0.416245717000602 0.523356060863787 0.563592268894235 0.701066160325507 0.355770621075687 0.346035807884255 0.440775898686497 0.275476067227824 0.247726013871997 0.130712922043457 0.710168217954191 1 0.646202871026258 0.575022172484787 0.581400306116189 0.405332480344769 0.279221566552275 0.349626275580567 0.280681701839054 0.377719566916095 0.416360658716539 0.389045736567272 0.479970849017044 0.333636512357455 0.195364806775748 0.316838015877832 0.377588242437097 0.236837800439968 0.280132404820991 0.145615882604931 0.296792210981416 0.326197307410221 0.2415923221076 0.294423503176037 0.398766910634726 0.402901007571137 0.136314076360583 0.0560617816523378 0.214643047490624 0.160218447252154 0.245406689662842 0.220131913131463 0.43662814624184 0.400524223339292 0.466771853919108 0.450281066847326 0.303396945484363 0.328648694345975 0.500936865751224 0.460267801547737 0.395281993843979 0.24530129143972 0.715285619706922 0.757118982894887 0.459371649701142 0.425529335844089 0.341763672344853 0.350495354257794 0.22852165638283 0.247464013262724 0.00462580391115633 -0.0400711754271892 0.232877116432107 0.0664786902537318 0.00562365026740813 -0.0201719874886115 0.340488057822447 0.324890665332372 0.400863753080715 0.634653735475213 0.339953693363838 0.382903951657854 0.70598466936773 0.738134098118374 0.530439384742231 0.599815195822821 0.481886806650891 0.597464142773759
