1 0.790714922287097 0.580107341260238 0.547242310235482 0.208346583788148 0.445948943580012 0.792184479474522 0.612054501373434 0.617863215982776 0.344506812119005 0.772029251824217 0.550997493852194 0.636559786750234 0.457784126714087 0.455577560450593 0.159053805669548 0.67243415051122 0.664137908042203 0.889101728280162 0.777946236707341 0.122698198083027 0.0561349089453144 0.476482413286162 0.08325765059014 0.032568440462695 -0.0325391258675716 0.0693701326679141 -0.10273669066886 0.619491186194297 0.594572213289036 0.474040280055928 0.450074621702398 0.596016273431209 0.608168110325422 0.0195017434912545 -0.164460627712096 0.350997236905025 0.384844583487091 0.23469282838903 0.233569727009197 0.0364221188690103 0.259761615447735 0.601708100460925 0.641206094758375 0.644388490619266 0.648700528664907 0.625882064330356 0.684360766877235 0.715018160033455 0.714191298881485 0.709359345319736 0.655439387110045 0.679409565704706 0.651552296249557 0.569184674842673 0.518040820455708 0.814507881931029 0.789189716377034 0.753924818230499 0.657030286880334 0.7106036683247 0.510129492094211 0.657418274102964 0.504003165074617 0.422546366728594 0.265904360395935 0.452133694645809 0.370896288799773 0.584077687109038 0.609519022217789 0.607317832688555 0.61887877140903 0.500726373875319 0.528223052665316 -0.167618866601015 0.274732249447348 0.215136674916573 0.424498792525137 0.529813504955484 0.431783803378282 0.591230455437511 0.469701595544766 0.221725322206385 0.299197885653072 0.440899442551886 0.285375332586643 0.446684752916471 -0.0301237280976981 0.558869115055606 0.414250895359363
0.790714922287097 1 0.475540322279833 0.576714607841092 0.217020763458412 0.473178622634908 0.65019638638654 0.623613514781529 0.55392610551958 0.390090175178329 0.521460720673467 0.646511296900463 0.412447084081164 0.437420176051582 0.297613369466589 0.206724861473356 0.740729690787653 0.741806047724995 0.822153518991628 0.873846396199443 0.229405870199487 -0.021463646380452 0.355554171327181 0.169447372512221 0.0833038475565603 0.0586964015122302 0.170662252680222 -0.101897613899144 0.657005082561799 0.718936722389693 0.432042353942178 0.52715788084704 0.607822323160338 0.712453321483357 0.0556245097537398 -0.116466612411942 0.40538296587234 0.464697122757534 0.311463284632113 0.279779948734992 0.198380611332035 0.343133339356609 0.671770180004635 0.770052695952112 0.787132804363252 0.809087016075713 0.782382809461659 0.81204858858247 0.844627056348319 0.841259759811771 0.728314830805206 0.73584875611867 0.623016286927197 0.678759616665419 0.63124444516811 0.724942207711671 0.81620687952605 0.859907342403674 0.71296583178421 0.659480293807115 0.495394598171818 0.495522680404413 0.551224348790936 0.518685259912943 0.323425660665602 0.254174838428729 0.410237369371275 0.421028668076699 0.653346458818153 0.70884299500819 0.649399262066723 0.662180452861967 0.570404710675142 0.597383789312379 -0.0966521700489975 0.233157889044237 0.166456771129502 0.413763627298935 0.595607392139855 0.553359231794397 0.679764913205267 0.605563309196779 0.275699294757149 0.377987118276851 0.366997399373833 0.414654016612386 0.488465670347933 0.0880590466601995 0.44881103848687 0.486828114937971
0.580107341260238 0.475540322279833 1 0.790854725254311 0.47425509876874 0.388407085950102 0.68671545879802 0.551112844188157 0.602911375452461 0.459938094424366 0.286046989693684 0.242592541424647 0.343773353554383 0.271077957715932 0.694295838759879 0.443325544501179 0.457800542402353 0.406083723430795 0.652112852779483 0.534495031419703 0.377189582309852 0.133195860072531 0.779927476644227 0.476342224471898 0.496190578875341 0.397021217145891 0.206288120844262 0.0715139624469599 0.311603387067109 0.360529874831279 0.671755119223566 0.502302229303365 0.721774107638148 0.575157346200497 0.469256480178973 0.163600022879773 0.48932134413529 0.428884968762736 0.404517044702583 0.349244287795302 -0.00657763726817587 0.292411403029918 0.565258257037049 0.512177032765729 0.509217300783061 0.432315727088919 0.515300411846458 0.555954674229226 0.46378920400032 0.488491223848508 0.602523365358813 0.48969027609545 0.669453452178597 0.499396713171625 0.538707772648418 0.483284031815541 0.549498189030219 0.540211474006914 0.49148947610692 0.495379233068375 0.291724007988559 0.257760106029089 0.312604822674116 0.216097832431024 0.517915834777498 0.446897788767535 0.683011481034948 0.456389278482747 0.573020070981456 0.592887991671906 0.64402374162716 0.67716607234106 0.480296277273781 0.480879358104412 -0.0362267427684295 0.279569901568331 0.405530367534751 0.412188145348 0.283059266581583 0.177151240406849 0.279908507917297 0.333894579647834 0.250968017839057 0.379739991434605 0.625090201049789 0.478798869510346 0.37396821312613 0.28133995355058 0.636233636230688 0.571261794567307
0.547242310235482 0.576714607841092 0.790854725254311 1 0.320415451437927 0.539304290276718 0.643833445428761 0.728658484993726 0.453106279776487 0.510788390758433 0.189897553553022 0.360344288932845 0.206329598813327 0.437480541886025 0.489882782448714 0.494931481125713 0.463947235727562 0.422864330240098 0.609377656037058 0.628829300640259 0.41104748834094 0.120072828533596 0.689909180605505 0.627738119520982 0.489900978891683 0.524022368099704 0.288628659992717 0.197485393652045 0.297634614053479 0.408500000819493 0.698526679695273 0.589021729939593 0.730039586293401 0.69178202759604 0.463901878065448 0.274575246677343 0.497905357495131 0.510894765868643 0.455950739821454 0.427036221366936 0.102630217859676 0.34500442654286 0.557711366963869 0.553492106229543 0.575880501768386 0.497969946594452 0.580199294059006 0.604013925995374 0.508497345271581 0.551018182316038 0.636470704973457 0.563954237752283 0.629767558115671 0.568944830738433 0.591763358727692 0.548385270779274 0.574910030548493 0.562319938861068 0.454087608538659 0.544639701477282 0.273786810509808 0.451665724554723 0.201814300590325 0.174541677948371 0.532140754991161 0.637435586894487 0.701927219753446 0.620105749510469 0.575027531867521 0.615748554143297 0.701298947320131 0.708416537684783 0.548020747524261 0.519679030960157 -0.150956201347726 0.285270089596719 0.434438682374523 0.45062669120584 0.361915107556216 0.204320316992505 0.391498139919053 0.479679137667601 0.376755088667465 0.473423606779599 0.634852210579023 0.708809544748599 0.422241364898944 0.48689976688345 0.579155809575777 0.708710568402823
0.208346583788148 0.217020763458412 0.47425509876874 0.320415451437927 1 0.234573921935781 0.453236172283592 0.405303131105527 0.575214489955605 0.49973704995011 0.100981409169335 0.0821138498905183 0.199215596209242 0.147651028707386 0.399068843896074 0.198536504491466 0.177848603248547 0.11869517546615 0.284367511412728 0.214931687387038 0.134633992611807 -0.0581633792159385 0.421525105272472 0.199381309749859 0.166252624667082 0.128835891395962 0.0393052103423747 -0.0160448803317076 0.153408704492555 0.154067999207913 0.201876770267772 0.226467417274268 0.421081200584385 0.312171186317693 0.353880666353206 0.107360832101308 0.221817453260693 0.195912666978962 0.14503847550599 0.108545013954143 -0.065656094840979 0.225452081282169 0.29420156127006 0.183773793662564 0.172837236221809 0.147456579974288 0.178718973104454 0.207193921349537 0.149879203601419 0.167050780655266 0.264599662785678 0.185797227503809 0.354788184350845 0.229967924012005 0.275532335485032 0.27877910846614 0.205631460626289 0.199397318459042 0.219847913984206 0.273700192428277 0.153307962017082 0.255812283889536 0.122099453162623 0.089370745058771 0.499779789070918 0.338855389588805 0.441488838386731 0.30577788112541 0.393393428624949 0.35720534142162 0.355000669100463 0.383706147474985 0.237386538354742 0.356359824388732 0.0085036592906115 0.153382714256587 0.242562962101727 0.373388250497837 0.05443228205467 0.0588206748868832 0.102959116836053 0.0960049197756111 0.00803368900370538 0.148761202591051 0.332978336263337 0.178912354407067 0.179218344720256 0.116217042483281 0.41214647847131 0.295966374883121
0.445948943580012 0.473178622634908 0.388407085950102 0.539304290276718 0.234573921935781 1 0.550977047040328 0.670292613522355 0.517768638274087 0.621186369978766 0.249326362111508 0.326461880899272 0.192817989596828 0.48242039738315 0.259907500081378 0.301711282028586 0.464725899509838 0.37002998399819 0.496157322136653 0.551699436921774 0.217133218533618 -0.0335825961082533 0.379308837941524 0.254248256046144 0.122002299019545 0.214420874757655 0.326169429021303 0.226818136890828 0.353757712074768 0.446425963352456 0.436451141501318 0.467518269021525 0.549331458288914 0.529281226131799 0.195823060130731 -0.0601460219003839 0.314425472529211 0.242198334883343 0.205914883494951 0.21557445120165 0.0414886713571571 0.0812478438004601 0.363986985015395 0.389998950118188 0.397179093901791 0.431351278345072 0.462493695405271 0.475959491229934 0.48164389529222 0.53336156792413 0.537538289158435 0.5124936849615 0.56889059352515 0.51029980673113 0.456344093497997 0.396538809082854 0.486649676987384 0.46610299681324 0.416966591431909 0.532187326499159 0.325416520290143 0.555939428380876 0.245942296604232 0.201236036185414 0.401451841522015 0.421403438252928 0.380837760843495 0.2777516866641 0.407943231188205 0.454946445796024 0.574102219163395 0.551889426797413 0.482269984521279 0.42021242803717 -0.234202927123126 0.135512959075807 0.228981093425553 0.404232039817693 0.303899664496503 0.305362782299178 0.493530863525524 0.413171640803589 0.179443517219337 0.12359529056059 0.31044348186068 0.359043082387438 0.328240519530338 0.11172840741491 0.480542385404602 0.561354467776845
0.792184479474522 0.65019638638654 0.68671545879802 0.643833445428761 0.453236172283592 0.550977047040328 1 0.829085094526104 0.81102487370983 0.557601067699794 0.556483656863088 0.421311746918612 0.549949360837097 0.466016564665574 0.462870812029123 0.180363480266525 0.592540140757403 0.516500129345352 0.74650875056796 0.647530152115217 0.188548230336222 0.0309813633084766 0.594803888552855 0.152459270082734 0.0830377180316065 0.0788146645768288 0.0618765620633685 -0.113689502996602 0.549950498345476 0.554217456481453 0.551881558645818 0.555494562711782 0.717435513764728 0.665761938531203 0.223568192414175 -0.0964054786377021 0.404493802153986 0.432033274300635 0.216019146552761 0.215337190717872 -0.0629613573314099 0.216234247129501 0.611880269614766 0.584966232792906 0.572518945685876 0.556180717071749 0.571503485016483 0.649583997663809 0.597270414786896 0.63390476676748 0.697190954042399 0.636064911401802 0.72423203702508 0.632084330817389 0.571525457131574 0.522926084676409 0.628537445453767 0.623224029636087 0.717350597606686 0.717189356549761 0.707824527003326 0.658725158641657 0.53397069636799 0.444157606831897 0.658257941955637 0.468618155810075 0.627012001822248 0.492200035168906 0.564880293872553 0.613581541290631 0.664552628989495 0.67323120542892 0.502304663584798 0.567971641190311 -0.147184840559744 0.285380700890998 0.288546593698627 0.503945429367699 0.366691633248505 0.305402545162431 0.48120186543267 0.355211815374346 0.10934633924733 0.2091660507605 0.418520025525494 0.257865184910931 0.379305776222656 -0.0562886807400398 0.660705421442468 0.506701727759902
0.612054501373434 0.623613514781529 0.551112844188157 0.728658484993726 0.405303131105527 0.670292613522355 0.829085094526104 1 0.670180804594153 0.728457165279567 0.351206378170217 0.482341721634039 0.366047467850966 0.641290037669069 0.288239644353876 0.277309711997414 0.541627621287995 0.457694096494565 0.608632039459988 0.627022698114987 0.237957350485533 0.0158857633479559 0.517986275267885 0.331836047071889 0.165341899313266 0.243481630411146 0.181545399341012 -0.0101062870047315 0.481748602849992 0.517851941035934 0.545524163264458 0.599542094026633 0.738819767337742 0.742972920306867 0.295694303109583 0.0241922539924854 0.376901095307463 0.397095213492745 0.273729307985187 0.28604972466645 0.0123473861532731 0.208525454931418 0.571663387332299 0.583863018287463 0.57841987866411 0.563379664602365 0.575516234927143 0.624915010789149 0.564070615896177 0.636333715686157 0.663170388294145 0.632587955630099 0.616924268198283 0.596331845333458 0.559656917744164 0.537911044563917 0.54421463605001 0.540573115652541 0.570173658118039 0.680885100861331 0.572724671797975 0.821975890811265 0.323852427135071 0.31382977519903 0.622736945570868 0.696909685168704 0.617184004451581 0.591715238427521 0.54618290883165 0.622814892983508 0.647882998745654 0.636749245540378 0.485804582450476 0.527555012198388 -0.174618610850767 0.245015655559082 0.317369228284607 0.564610041658059 0.400014647709046 0.316530551709106 0.472391921466599 0.375175371873506 0.111003202578273 0.159329292530042 0.381210679393795 0.43003543728276 0.292954069609834 0.0762611708116051 0.614357635649811 0.63759557126303
0.617863215982776 0.55392610551958 0.602911375452461 0.453106279776487 0.575214489955605 0.517768638274087 0.81102487370983 0.670180804594153 1 0.624397869563383 0.479595149362504 0.299010664551263 0.496014062464322 0.322269615361767 0.487551956002313 0.165958377853026 0.504741190980779 0.408072020247407 0.671831925307925 0.529601699491748 0.173178000381221 -0.016256500282507 0.482116212944547 0.0409240332854434 0.0102769563167609 -0.0191716248789954 -0.0584675312526726 -0.166014614651267 0.466426086385576 0.48232114297718 0.43569355624222 0.502096641665832 0.611527142913666 0.535575650173312 0.172492929126452 -0.198707560982124 0.388799339631069 0.295076674695742 0.200004651697776 0.08686782611871 -0.0802476340651279 0.203195171099523 0.602593203723415 0.521547401031186 0.495590563532299 0.495547145054981 0.530994075907798 0.590894121743923 0.577368982433755 0.61004396082123 0.661906877793694 0.610318973468076 0.668936499281828 0.621639622388901 0.471910458401929 0.49651954765583 0.525051451875167 0.548967038346759 0.611023029977376 0.629732088060326 0.539825697817307 0.50289503083347 0.491743410162771 0.400066960347359 0.527788228437754 0.265208180510737 0.462983485652964 0.288255910819299 0.492301766715401 0.541669145395269 0.564793366822198 0.579400980692359 0.381787012276581 0.510803423691833 -0.0975383950172749 0.234373562317512 0.20165777291097 0.459391143684144 0.29852514578605 0.345259023121154 0.428188397464939 0.256235769463755 -0.027977369790402 0.154258285692903 0.278428596668871 0.0435690878889251 0.307455289373127 -0.167910340868477 0.575635144180045 0.378969777057323
0.344506812119005 0.390090175178329 0.459938094424366 0.510788390758433 0.49973704995011 0.621186369978766 0.557601067699794 0.728457165279567 0.624397869563383 1 0.192241687594052 0.205013230723667 0.293003720142965 0.484702383296383 0.376084514440896 0.47764168291227 0.335466647546574 0.223958914437625 0.428389060065846 0.409583175734 0.341651896585466 -0.0288663323131329 0.439156854961417 0.444301395075662 0.23920258774609 0.266937021333112 0.322128627131936 0.116437007102656 0.205946301024534 0.243954588288778 0.337018011557835 0.33615695638292 0.524122010592701 0.461361839640921 0.267888834174967 0.0834406451169685 0.376508846224325 0.377852390611802 0.330454206207995 0.282914677373932 0.19153482899317 0.260049838004489 0.406088497758127 0.429351343532916 0.418897112407321 0.432187236037773 0.430755174427294 0.460104017992734 0.388707412829202 0.511359965697749 0.474760044132677 0.40527685112338 0.450193368862537 0.377951558349997 0.487799301739208 0.44108841094648 0.438307405761228 0.393186046579209 0.277847889826621 0.439034141464155 0.372942020028987 0.567573448115791 0.0684449151559705 -0.0317955846966236 0.556669396977526 0.655593628224368 0.444433452173574 0.360693063494107 0.486015544033401 0.462916893104184 0.52729649561946 0.538787079441763 0.430697219108541 0.442431741685889 -0.189682239827164 0.223016454154525 0.211757628098436 0.492015192186928 0.178435942845503 0.154590084476098 0.304233554336668 0.283504380251517 0.123337336042588 0.175932773443585 0.40496710885614 0.342355906567686 0.313955557831887 0.173930410636703 0.650405695764082 0.585633840176164
0.772029251824217 0.521460720673467 0.286046989693684 0.189897553553022 0.100981409169335 0.249326362111508 0.556483656863088 0.351206378170217 0.479595149362504 0.192241687594052 1 0.446676953874824 0.745059054148806 0.341376374308857 0.407157629943165 0.0757065428389002 0.449608336322118 0.47404640846581 0.66356373335626 0.481705274516408 -0.0555547496264877 -0.0484074788094372 0.328286535668739 -0.0769301466179588 -0.226342156913854 -0.324798872014703 -0.0151925573108499 -0.191602156226533 0.49839080058124 0.427745999442413 0.180574422868895 0.14476062019361 0.313817798358676 0.314967206730805 -0.183572418046377 -0.279699978234418 0.140433610122468 0.149943139803578 0.0792145213126299 0.125310112714713 0.0127181220538135 0.132103754696446 0.352766058825349 0.392097388611156 0.381840414494535 0.411448036324145 0.400597233407705 0.426159299140202 0.51044382033508 0.480249453262214 0.436467614986901 0.434913912366209 0.474218144696959 0.436889902227769 0.335349495301645 0.268106455337919 0.515545277108062 0.502017925139995 0.576676369580044 0.409036618657327 0.664396692222484 0.330703493213194 0.590034531829073 0.418887104598539 0.293156238052924 0.0544422286060999 0.181730672937884 0.121404683419793 0.351750982133228 0.368640754853005 0.37515841373471 0.345533714425557 0.331895717592823 0.34776702211402 0.024516946075346 0.224661434500726 0.134467595240829 0.212464049306154 0.328515329606819 0.355427116959708 0.404086738742783 0.28670354134022 0.186691655239257 0.17738810408289 0.266737225027871 0.0381741938221722 0.37061314812564 -0.175365650214896 0.455178087996862 0.15547485618575
0.550997493852194 0.646511296900463 0.242592541424647 0.360344288932845 0.0821138498905183 0.326461880899272 0.421311746918612 0.482341721634039 0.299010664551263 0.205013230723667 0.446676953874824 1 0.487418065990169 0.687678418361712 0.196268617031541 0.144113902915365 0.521661273468061 0.616271543469513 0.516232969110003 0.599089903798031 0.106133775465425 -0.00740486773685439 0.240205985432782 0.0995158418396044 -0.00459853103205307 -0.0591547096219631 0.0292671420293055 -0.0715262790348555 0.675013432552971 0.682102529289918 0.355229564494249 0.379535022106673 0.428883938924105 0.584979523985515 -0.0434505441234285 -0.162334395469711 0.201112700405423 0.227339856743809 0.220748741253869 0.246955305502794 0.0937570432731149 0.0407469430514872 0.421206187877577 0.524233037767769 0.459676171362959 0.52864472664639 0.544600935920876 0.57075116109194 0.572897328219457 0.561325310821427 0.492627889980675 0.562985350059338 0.464825082271202 0.470346096753222 0.493505514990393 0.512953265614265 0.439404884618051 0.499441769599613 0.570129941999558 0.558851009428605 0.46637109040862 0.4788903714081 0.525724090057925 0.669517052549543 0.186469560166396 0.171609587781518 0.269760306887765 0.338527799857987 0.343716544010699 0.441944878088187 0.458211795335948 0.423636323188438 0.354432034270762 0.472219737560553 0.0244140145617767 0.218630295483983 0.39335140465722 0.22274812992683 0.458503261532112 0.515390408785523 0.50391913535981 0.465944445212201 0.161599780249952 0.226316419479965 0.13370444276446 0.381064046759195 0.203939022517832 0.0380608589676826 0.298486325537914 0.475497030987277
0.636559786750234 0.412447084081164 0.343773353554383 0.206329598813327 0.199215596209242 0.192817989596828 0.549949360837097 0.366047467850966 0.496014062464322 0.293003720142965 0.745059054148806 0.487418065990169 1 0.571593648749583 0.608914846496182 0.205044397782035 0.258131903083452 0.279859856400407 0.566074060140063 0.418943898334521 0.0551462503779129 0.0269267840823955 0.482074809711214 0.00607497327563807 -0.0800153207733929 -0.184362642843814 0.0273609667863448 0.0163037975895456 0.427421843384179 0.370888698235823 0.242641858771825 0.196286244351181 0.353513261771452 0.254831689764658 -0.095771958368888 -0.218218724535464 0.0997538892539086 0.149661729428722 0.133504908394603 0.23297800523495 0.028045472230651 0.031019483389809 0.280939152962513 0.358823937229801 0.303051712855123 0.31750418080833 0.379373623346575 0.392190504526359 0.411963681340913 0.41207055992468 0.369126746058933 0.383992156535298 0.448770411534715 0.28755366880352 0.411041502085108 0.332597293405149 0.307314850224555 0.310858787185448 0.465956037730404 0.374265722510682 0.629913011662389 0.326509738291067 0.396226902202448 0.351309250993821 0.45883289972918 0.118015751990383 0.20087749408945 0.158442854749815 0.332549300492694 0.342259097005618 0.401832545736623 0.379117954226729 0.306041091695361 0.402608254903444 -0.00946662287491861 0.319377306539434 0.249078643326397 0.203260433203079 0.112587545950352 0.334167422980843 0.261280562448211 0.2403617344363 0.140321694858272 0.179201429834192 0.3346574467689 0.104952195164037 0.252191608442379 -0.0565810486586822 0.559153350160708 0.289711610503513
0.457784126714087 0.437420176051582 0.271077957715932 0.437480541886025 0.147651028707386 0.48242039738315 0.466016564665574 0.641290037669069 0.322269615361767 0.484702383296383 0.341376374308857 0.687678418361712 0.571593648749583 1 0.326902910349037 0.426856147777564 0.305622225223658 0.326630607771934 0.427093697029081 0.490687481218522 0.169656635563055 0.0509263543823082 0.368206302068151 0.32747495306507 0.0864520193092624 0.116554905075001 0.135565559170574 0.208069703984003 0.427839982757489 0.480605479421524 0.353594306126579 0.348479612199866 0.449596986829686 0.472321690091582 0.0118550037420428 -0.0639250969333807 0.166016031029671 0.25949902668013 0.236533030297591 0.33808593872405 0.123463686025437 0.0352033763554987 0.29389369261275 0.411842690385951 0.371205232448471 0.418591749358623 0.437310139578825 0.421752175948776 0.428476400504777 0.465210100440372 0.404804415661542 0.42681119424966 0.436518629242583 0.332423302448303 0.487434582510078 0.412134076790906 0.308662355135577 0.297599909216212 0.400525926980471 0.460765975748494 0.449238441110603 0.593937037833475 0.222619428861523 0.31112743502374 0.435429248807566 0.470373640679487 0.276180073047462 0.348779431176057 0.354951938261984 0.435089597544183 0.455315441728678 0.424760546669537 0.331416989999964 0.42748820484927 -0.042878373496669 0.234066191704787 0.291095967968638 0.312985625150619 0.217456859202141 0.382643438930207 0.396861349664702 0.389488510778131 0.167472047624455 0.183364100562802 0.315080151031834 0.454447268795792 0.184304549925111 0.153237795719594 0.502078170179339 0.611074628819974
0.455577560450593 0.297613369466589 0.694295838759879 0.489882782448714 0.399068843896074 0.259907500081378 0.462870812029123 0.288239644353876 0.487551956002313 0.376084514440896 0.407157629943165 0.196268617031541 0.608914846496182 0.326902910349037 1 0.597216860150039 0.212985420151294 0.18428855532298 0.52284653586925 0.314428907405074 0.261798812551104 -0.0125088918205794 0.831462954724359 0.453277626746143 0.356882217101607 0.209374043772643 0.305803998890175 0.209470757831932 0.209790198932863 0.250266643314045 0.447467001696935 0.267538959575315 0.490588564053446 0.296341246889298 0.319543403294131 0.0484332073734027 0.349246020975639 0.268074604608146 0.340274173235903 0.252191873780448 0.0162019040374826 0.135746068294296 0.339871105796757 0.333347463699086 0.308772143485552 0.238241529220724 0.336623473542795 0.374234027846427 0.317056155030172 0.329704746899993 0.381147007527142 0.338944010260096 0.54398462916546 0.344424693768226 0.432806512521969 0.360547027194023 0.325647532918793 0.297309031610181 0.302638725411871 0.2770222852927 0.215369498743747 0.118491817992691 0.157651337052974 0.0839062895653033 0.584200464391188 0.260570018948082 0.406766857141466 0.187801665771258 0.443270849556712 0.400424880535775 0.503933329373826 0.527578029435788 0.388940106624457 0.342863422278861 -0.000302407589951926 0.190767266424681 0.360009955549661 0.260290913701953 0.0375071420339056 0.194143860656966 0.113838666565401 0.229749899374127 0.371084622048769 0.338937277758994 0.67813213435033 0.352057250982782 0.463724378205598 0.306455270204894 0.659991442620121 0.453302714495533
0.159053805669548 0.206724861473356 0.443325544501179 0.494931481125713 0.198536504491466 0.301711282028586 0.180363480266525 0.277309711997414 0.165958377853026 0.47764168291227 0.0757065428389002 0.144113902915365 0.205044397782035 0.426856147777564 0.597216860150039 1 0.127120651391891 0.0706710569024407 0.265179420948606 0.194346682429486 0.355254353430898 0.0867298230639662 0.587382648287616 0.818749196788689 0.465285566755894 0.431275205684714 0.340970207265488 0.301757772085314 0.00671434918530868 0.144415662722317 0.354438601188409 0.187895991166555 0.311463920358188 0.239676445485142 0.279468780622074 0.277275351964794 0.32115873734376 0.379460424142964 0.365499355366534 0.359724146824332 0.219780140354392 0.187181772393215 0.257557801394939 0.305625375862641 0.291044536754691 0.248344744686246 0.323551341906769 0.289396399683557 0.244644984156853 0.252890901735305 0.269545533991046 0.217292058580305 0.365791512206476 0.219248865045298 0.409127122246089 0.352985152355691 0.225148792457972 0.161766572865703 0.137981124795086 0.138375736405094 0.0225036527372065 0.12111041490683 -0.106477337357523 -0.170963207904461 0.398338422935962 0.450073694203642 0.319006459767371 0.245068786287107 0.382427981516464 0.313274541404592 0.420315637191872 0.452974676020791 0.398921555080359 0.375731292634435 -0.00121734240687628 0.244366855039523 0.268204233893733 0.300097376624216 0.0695643433015408 0.136240102896563 0.134273977531785 0.273575837518918 0.340586518241876 0.403988379718546 0.539772947883346 0.55741224590887 0.35776442750719 0.488308558049519 0.54784481333522 0.570892056990162
0.67243415051122 0.740729690787653 0.457800542402353 0.463947235727562 0.177848603248547 0.464725899509838 0.592540140757403 0.541627621287995 0.504741190980779 0.335466647546574 0.449608336322118 0.521661273468061 0.258131903083452 0.305622225223658 0.212985420151294 0.127120651391891 1 0.863483948512287 0.739982147122419 0.776908663807471 0.169615632479336 0.0303574486041163 0.309417218432398 0.071311939940483 0.0886458266131447 0.0480373069755052 0.14273741193619 -0.191520090863596 0.773861695404801 0.781335664389241 0.461837909016104 0.497056902367923 0.638469969167864 0.755392626997599 0.102223241947569 -0.1191809708744 0.392516190008659 0.332700836838384 0.273875487362194 0.225600298673201 0.088811820786155 0.187386028430453 0.614997890073407 0.650995308863141 0.617923807480602 0.628729219721646 0.597737372149124 0.674224777553475 0.64946407034886 0.619163332653359 0.597419965990086 0.537122082376799 0.57398289889282 0.617502067291666 0.519587770090367 0.49444830049822 0.78261876454814 0.795511831143287 0.604474381680882 0.508163224238572 0.500202229292915 0.412258108731151 0.766552005070213 0.60984974280182 0.214996352795432 0.17310705485592 0.405378338392521 0.332796667499848 0.570049547097562 0.616390834404297 0.569905480666153 0.593597382276534 0.510307299558383 0.511822734717415 -0.0694756606885858 0.139280056170629 0.238180994860244 0.386312751806165 0.757086463168333 0.480705275696048 0.641507132466785 0.427441552125683 0.199467031363208 0.184356599716921 0.19287925863764 0.235265567002299 0.427124402617648 -0.0426587311179602 0.397791277512481 0.349071749576976
0.664137908042203 0.741806047724995 0.406083723430795 0.422864330240098 0.11869517546615 0.37002998399819 0.516500129345352 0.457694096494565 0.408072020247407 0.223958914437625 0.47404640846581 0.616271543469513 0.279859856400407 0.326630607771934 0.18428855532298 0.0706710569024407 0.863483948512287 1 0.70927478861905 0.764812128953505 0.129808613232426 -0.0204769317576751 0.273503691302637 0.0277296363081601 0.00971067100709012 -0.0372808807035579 0.112651772819825 -0.239912973787707 0.79710995540169 0.807462627985277 0.430296944628616 0.462646288958494 0.577639317825443 0.71169505769335 0.0831079768202922 -0.17988142958173 0.368290231230574 0.29168445651683 0.278460093152934 0.219751364697289 0.0596065716087779 0.15283626080231 0.544193834833579 0.610115385827367 0.552606475336786 0.606544678347862 0.569651396492639 0.641053718904738 0.613892089414961 0.599483629575887 0.520348325429855 0.500749085684233 0.495611394898376 0.555401770616568 0.471698996240203 0.468279294726129 0.739382498364539 0.795017788303183 0.57375066825577 0.486121321494069 0.473524607843304 0.365927728120019 0.760485845712923 0.65380167828819 0.187554885826019 0.119621214940684 0.332661275178895 0.271423101827578 0.503090047765871 0.577109094777285 0.488099034460421 0.50375893638748 0.428565808325462 0.479281824878637 -0.0662400567122772 0.18027733070559 0.249187084844427 0.304352966692715 0.748773090306881 0.508651041206327 0.619269969445773 0.458284306419966 0.145138220117467 0.209307296051543 0.166716967251901 0.253212159538908 0.390964142620416 -0.00723359627515629 0.324745044587737 0.359004252056029
0.889101728280162 0.822153518991628 0.652112852779483 0.609377656037058 0.284367511412728 0.496157322136653 0.74650875056796 0.608632039459988 0.671831925307925 0.428389060065846 0.66356373335626 0.516232969110003 0.566074060140063 0.427093697029081 0.52284653586925 0.265179420948606 0.739982147122419 0.70927478861905 1 0.872558008020226 0.213754363878773 0.0307490342657808 0.56394905288132 0.180418303015962 0.141746044387629 0.0441456781368522 0.117680897647594 -0.0281430497608131 0.677231847401972 0.692793203607436 0.582200294992701 0.588487376177408 0.712709540464612 0.691901524481987 0.0942621001318352 -0.152889354891469 0.401999311381184 0.395954390906412 0.238391337990225 0.249469956321606 0.0861914931325486 0.272302234150633 0.635612676698034 0.699067545767105 0.676424271395516 0.67370755630281 0.660004111144229 0.734213188458482 0.728065344307126 0.751816967718571 0.683716963149752 0.660099970456622 0.667833208040076 0.670874424714349 0.571124514044829 0.573871148155269 0.82240058994855 0.814692362938135 0.670517717999016 0.605018862343072 0.577465420618967 0.436372087038344 0.615027127054131 0.479740934859047 0.415563511390204 0.237143345568414 0.443056830282283 0.322060298800107 0.728164273847279 0.713991311419704 0.70500427658133 0.685535519126517 0.618209121946351 0.582896979963822 -0.0974163988517145 0.255120605410695 0.254664694098923 0.391858770552432 0.598405011644878 0.490637595028588 0.59723138467146 0.473593979120019 0.305954191257819 0.348058129789383 0.435719246924486 0.298061887050067 0.454910686500138 0.0281440127419506 0.541926870808683 0.460035408802473
0.777946236707341 0.873846396199443 0.534495031419703 0.628829300640259 0.214931687387038 0.551699436921774 0.647530152115217 0.627022698114987 0.529601699491748 0.409583175734 0.481705274516408 0.599089903798031 0.418943898334521 0.490687481218522 0.314428907405074 0.194346682429486 0.776908663807471 0.764812128953505 0.872558008020226 1 0.234728493163614 0.0304934519759518 0.39297495484589 0.166543724991651 0.121627756525538 0.123569766031185 0.143337838714942 -0.0210293353807211 0.685320196564986 0.740593024279824 0.543311389140501 0.602079658874864 0.695081137467675 0.766201467864092 0.0817965689343984 -0.0944416465633137 0.370361617614604 0.419980527761188 0.237271288740501 0.27235845674391 0.173469093889746 0.282659572873376 0.610972336706085 0.690394898237791 0.688860376927368 0.714608510539987 0.689378732809178 0.730793792606454 0.741760773988026 0.755257639500069 0.666987760145902 0.641277312157375 0.605007020309621 0.644091315359624 0.533131709616444 0.581759959199315 0.807421300320177 0.833322333273694 0.606900498838734 0.583313691620589 0.455487914197467 0.444346100880969 0.551410335858954 0.511118756425573 0.312138414651151 0.240835295503227 0.400976635537939 0.35374489934798 0.701877029649991 0.729970166516442 0.696482699988405 0.680042038677794 0.643104456740452 0.607672229112071 -0.148434329687026 0.260351884673373 0.212921674116306 0.356754274113235 0.632430894391801 0.49424721818265 0.676423899135751 0.574108287989382 0.297690985744754 0.354530144211599 0.33514267143003 0.391689721728657 0.386023208388825 0.0873108587239852 0.428741305555859 0.486761181933954
0.122698198083027 0.229405870199487 0.377189582309852 0.41104748834094 0.134633992611807 0.217133218533618 0.188548230336222 0.237957350485533 0.173178000381221 0.341651896585466 -0.0555547496264877 0.106133775465425 0.0551462503779129 0.169656635563055 0.261798812551104 0.355254353430898 0.169615632479336 0.129808613232426 0.213754363878773 0.234728493163614 1 0.198331632148234 0.271063197597822 0.333248436762311 0.52141315099061 0.481653115995313 0.291707282203371 0.169147778883524 0.0810238074934528 0.176486105143207 0.364785646352168 0.277329190566211 0.309757546003339 0.297912400613153 0.280999467924554 0.194300768939868 0.331613882510157 0.427865914175655 0.2548055717446 0.372831891168234 0.144871225544402 0.169813924875141 0.190450737314738 0.340242159403941 0.369783357853298 0.300561911933834 0.355105601485368 0.35387680216938 0.275560309872885 0.305199801270949 0.187832374486449 0.173400575531878 0.14921621452767 0.175232618243019 0.315314914568949 0.338263719955689 0.247213336652209 0.214570198664786 0.0362933127035136 0.0692704969712633 -0.012794067648689 -0.00312324816018034 -0.10665786864639 -0.187432101381483 0.196836146273813 0.344615835083464 0.269815583287409 0.320670522417742 0.217078051382451 0.202362347004012 0.424642807892072 0.416482166518767 0.420573249268159 0.346216862935761 -0.111384500456833 0.217953382934069 0.147132473947862 0.0734777145176944 0.141536021540381 0.0844503434809572 0.17695278719374 0.338492556176145 0.266967353586106 0.404499190129515 0.395237628609064 0.423019141035381 0.173785712806671 0.425157539448357 0.324176981717835 0.377381449561795
0.0561349089453144 -0.021463646380452 0.133195860072531 0.120072828533596 -0.0581633792159385 -0.0335825961082533 0.0309813633084766 0.0158857633479559 -0.016256500282507 -0.0288663323131329 -0.0484074788094372 -0.00740486773685439 0.0269267840823955 0.0509263543823082 -0.0125088918205794 0.0867298230639662 0.0303574486041163 -0.0204769317576751 0.0307490342657808 0.0304934519759518 0.198331632148234 1 -0.0302659215222116 0.0615551932384674 0.213861030467311 0.277072242755654 0.0639394006121024 0.0760770486812846 -0.0530637830363546 0.0442338246891855 0.229360838228171 0.117301843080224 0.0415197856611037 0.0705340641786851 0.124434957020392 0.317187708090454 0.0400032695665169 0.121634468423634 0.059768515014944 0.164301614283327 0.00796438013409073 0.0781486885235957 0.093688493044851 0.0761430628723112 0.14072263236429 0.0612969097400618 0.0677278694414347 0.0437538244128076 0.0238915579077152 0.0151301023820488 0.0132378120916828 -0.0304449295869881 -0.00933900533436551 -0.0571770332535793 0.0827321600817848 0.0355773623695686 0.00540589756870357 -0.0126592607584161 -0.0481221237221739 -0.105327185734698 -0.104832948060256 -0.141863876846717 -0.0477033744424965 -0.140114092171758 -0.00120439089986481 0.131532477292308 0.204321017726487 0.214964201795984 -0.0644044184309083 0.0337150444069541 0.101690273923123 0.10731979070677 0.048188674012914 0.188945091987522 -0.159345857369457 0.155692264901354 0.107693050448459 0.0725747161214754 0.0390327277470935 -0.112868106080391 0.0996090876855254 0.104491535547169 0.0690102132181385 0.167571825538027 0.150598837889799 0.161012293235214 -0.132623597323286 0.127942033725554 0.0369185025524953 0.0133525327627408
0.476482413286162 0.355554171327181 0.779927476644227 0.689909180605505 0.421525105272472 0.379308837941524 0.594803888552855 0.517986275267885 0.482116212944547 0.439156854961417 0.328286535668739 0.240205985432782 0.482074809711214 0.368206302068151 0.831462954724359 0.587382648287616 0.309417218432398 0.273503691302637 0.56394905288132 0.39297495484589 0.271063197597822 -0.0302659215222116 1 0.601016178871613 0.447244036585431 0.329551215453899 0.347972161499636 0.165116593455893 0.270717472501649 0.329821189665319 0.604425851394135 0.454210702870454 0.681588816642015 0.49292780931578 0.495601707139133 0.141665097491245 0.305646312993529 0.328196927787791 0.322021146924619 0.266730384437022 -0.0556076081976694 0.102470271423318 0.357393746202984 0.360006038802087 0.322664668435886 0.239770865681238 0.361984921786722 0.394707892616124 0.297127621568819 0.338128795618758 0.388338449996057 0.383943340048202 0.56055274304779 0.399090796036715 0.467860925124481 0.389280464154756 0.350195854115922 0.311862063261259 0.34507253652929 0.373380229789732 0.298162677894981 0.326344126101575 0.18698585297916 0.130984104328543 0.683754073743303 0.463779270459557 0.570860276246058 0.365781885547829 0.540809084791217 0.533163304303473 0.573452806545257 0.574313816101982 0.45706347336073 0.406261670032805 -0.00497675152105385 0.198156708739148 0.486343828163341 0.361315981714044 0.122354727597848 0.200858850174612 0.154669640045924 0.237049383922448 0.335373043302581 0.291322735632973 0.668202140141323 0.478284533863475 0.437924758059314 0.354893777632206 0.651126344256882 0.577475670661959
0.08325765059014 0.169447372512221 0.476342224471898 0.627738119520982 0.199381309749859 0.254248256046144 0.152459270082734 0.331836047071889 0.0409240332854434 0.444301395075662 -0.0769301466179588 0.0995158418396044 0.00607497327563807 0.32747495306507 0.453277626746143 0.818749196788689 0.071311939940483 0.0277296363081601 0.180418303015962 0.166543724991651 0.333248436762311 0.0615551932384674 0.601016178871613 1 0.571380257971465 0.603706915058058 0.42864617364908 0.338072553668578 -0.132947586939505 0.0281720847525321 0.357483215595511 0.18709203972219 0.364452669229156 0.291280869802492 0.433520419966883 0.482360694622056 0.311633046979217 0.38929692278426 0.3765649261686 0.362958736002487 0.208455019581214 0.2455644544258 0.252539422813647 0.291512156875259 0.280954166101321 0.20960240262247 0.271329361236376 0.233991293823207 0.143746188622766 0.175477245789012 0.215740534478224 0.131219508694925 0.27631312145048 0.162305277910497 0.357278663404641 0.323573346497506 0.217597972696733 0.151839205998698 0.0424788945442654 0.0920601191209344 -0.0619523496428575 0.147844740750837 -0.216459730247185 -0.291152437917164 0.379129260178295 0.629018524520164 0.432079126172607 0.373992917297115 0.389880184127173 0.34851391622529 0.397035443464878 0.378506536360601 0.323249461312293 0.256056307480615 -0.00510608117678246 0.164782363064071 0.283674791256425 0.317662075617792 0.0672061234448187 0.0212684266510253 0.0736364586472666 0.27638836864347 0.369381854341209 0.392638359943184 0.587222097026382 0.678571892495882 0.34417883452657 0.635895181061758 0.458930067106652 0.55298959496971
