1 0.920986060789661 0.705910816019423 0.685005674561211 0.545268883296075 0.637382968162259 0.63006815311647 0.642076126362216 0.351304094742934 0.312560315301827 0.807188693257589 0.734441940687437 0.762579664538416 0.749714514754221 0.759327855071052 0.74499299237104 0.865200622346374 0.883363290546089 0.902854587145847 0.88122988554285 0.581863336366524 0.360636878593 0.74397273800842 0.657841937126106 0.657900578238414 0.758891334933483 0.612755200866359 0.51845611384015 0.823972060244584 0.776706689934653 0.735026720856062 0.683243778555536 0.707144108580006 0.75998694048031 0.447180858048307 0.39312839507179 0.0618236772759957 0.194939798933362 0.48391864828689 0.592579212455026 0.405983569013991 0.679395207532305 0.659277416123673 0.645709954136504 0.433777124708162 0.603281381146336 0.686645947861319 0.682570255511734 0.531431012467197 0.435374538205671 0.555453790857111 0.508509614385779 0.49422993169682 0.241831938262284 0.585957332777706 0.613036404593072 0.932200135322125 0.909194397983823 0.796709013518174 0.699272268272957 0.691047026274396 0.477269319305335 0.831713282047436 0.712560562467792 0.360799135482417 0.503526574254024 0.663333515486004 0.584119141486346 0.79436820943313 0.706366752684927 0.416499443574064 0.468301319639965 0.501843683112476 0.557177213221264 0.393833381946878 0.597831808673298 0.334899145338233 0.310849315553617 0.794230001802688 0.790767207643255 0.818928157153657 0.843836896996937 0.752087331778544 0.809777031287476 0.681667550078515 0.685062348395358 0.326357200646273 0.494396747059982 0.50845195804295 0.420010518337811
0.920986060789661 1 0.688814330137196 0.70385106043782 0.505109511418278 0.620572415802662 0.622830862238853 0.646204033101736 0.353783594870614 0.355229609800726 0.772346138424745 0.737401709402342 0.740403289865399 0.747946692758694 0.71546530384523 0.710766621955852 0.794630053628934 0.873445964445345 0.878555049917316 0.895201648487985 0.567395502421335 0.362572365093955 0.722458343831073 0.634433061853039 0.625261922965587 0.738226619075255 0.584450651334349 0.505883696833809 0.796969118632643 0.767708701281202 0.724057866310629 0.656751286970393 0.667327466879696 0.735242267503129 0.391782401744127 0.378938117479398 0.0595761509284598 0.222767402703871 0.42662824538899 0.579289601382163 0.401005109765462 0.646009597339611 0.631774627094465 0.60634892100123 0.382543153867175 0.541622457973279 0.677056286097896 0.654376002706661 0.505995834680454 0.408019850479944 0.540154874150434 0.515093624536807 0.480794236901221 0.228468684125352 0.604596581899697 0.618152627636994 0.872062225097197 0.951387678533585 0.783453969594389 0.737686327011762 0.686754005240514 0.511305746482613 0.788336960270464 0.718114878558491 0.380598469246149 0.533993144997976 0.64394748740208 0.547726489895319 0.775935560489462 0.697272559212138 0.43123805268293 0.43978126567427 0.494983387924998 0.584355033392848 0.419120175705021 0.612488622443694 0.333510318926831 0.29473139404084 0.738637416927424 0.73980916271392 0.758731269027413 0.790923507080031 0.726169944499055 0.784934731741737 0.663703858030481 0.666300055849517 0.325812961419586 0.527475222061923 0.518910478501502 0.419917803372687
0.705910816019423 0.688814330137196 1 0.879049457799158 0.813898144428686 0.820313259057601 0.925888422445876 0.849060110953797 0.745695685738191 0.630615506419038 0.501228400101005 0.479703031541488 0.636728432577644 0.569587528261818 0.726051443287459 0.542583187113638 0.716324846778828 0.682535183106524 0.652355177342678 0.598540952637265 0.348857017917184 0.193181391362601 0.812694974660275 0.667179467962207 0.711961240720205 0.749736669384895 0.675949596437772 0.332576501120766 0.628457943187438 0.511106053390017 0.733135447354072 0.626677138164527 0.825805379586086 0.792408970180603 0.735654612715527 0.625481004276395 0.254451523290083 0.373793553929126 0.475128594783373 0.519503174882121 0.26672755731283 0.537090210575398 0.786301800005041 0.761104347664371 0.695610347378244 0.744329051336603 0.779885611875933 0.762456434009532 0.678575427258096 0.645390008458723 0.743542423244947 0.654784886815176 0.685321816427244 0.542529784830787 0.693368745264967 0.695876329242391 0.716749214412788 0.759292798423102 0.7910679760823 0.748526743629006 0.75308065583649 0.682753338799072 0.803343840211607 0.744313391672559 0.724749432521542 0.753019083304772 0.875079220521416 0.801959293514889 0.734828380965243 0.705437055871455 0.540989601410976 0.612748464853187 0.497090586969988 0.595019053750235 0.331087131329944 0.471319684725538 0.506678313359934 0.590025981224848 0.731067802571756 0.669674046424878 0.764804552844977 0.776626923920112 0.593911308418907 0.727793045165198 0.784078625724927 0.813897162588856 0.265018797630033 0.577180240081562 0.777617931581896 0.754111821062366
0.685005674561211 0.70385106043782 0.879049457799158 1 0.743210534727389 0.794740502381064 0.874040506105754 0.924498504411014 0.635928921222876 0.596267858791826 0.486579903601375 0.558617558727999 0.581663886446891 0.621357065242825 0.615858265461753 0.561725136037746 0.673835982741804 0.663352753882727 0.671341426296503 0.640479804005046 0.412262672271197 0.238549063733354 0.760720271943564 0.752534375160643 0.707124195270687 0.803325312056521 0.588364159737287 0.252140939124837 0.661383192283346 0.596332956210396 0.754422700268217 0.791804087357396 0.785817610251446 0.836613009599833 0.681004103764459 0.702612881162178 0.253077539692715 0.414555031334432 0.430759443400472 0.503693096735285 0.286873847320082 0.545824643162753 0.745344049682967 0.717457202762967 0.617216030783636 0.710746555018269 0.751709471634599 0.72417047229378 0.670302020369537 0.604612093905145 0.743921656666699 0.700086578074502 0.66825163664124 0.528300785215779 0.715738572097448 0.713022024211977 0.647598255478682 0.727623764408696 0.729448250009195 0.768909889429123 0.682830302989079 0.698433543935944 0.740611292343788 0.785915209597362 0.553373968705121 0.724053189433738 0.871700292535188 0.846452597507502 0.67807515332852 0.648870276100728 0.531467856281677 0.624156493286949 0.570937046509748 0.65607560955425 0.351142501150874 0.511997013281199 0.563155890977111 0.511957764916662 0.711244097616708 0.647947826664831 0.749980676611767 0.780372677249063 0.603018832724726 0.711818962231143 0.70697854464936 0.821557585203294 0.24583026493473 0.525643630561413 0.716579401023361 0.71855225843703
0.545268883296075 0.505109511418278 0.813898144428686 0.743210534727389 1 0.813756770672438 0.834805365819492 0.789369511180799 0.734248456350202 0.627904691620314 0.338917444285637 0.425282786078504 0.517910568901913 0.492057315974272 0.595451602969323 0.436228311592025 0.615690796298002 0.545722105281383 0.475570095481013 0.422531175117229 0.245854006979697 0.20100991371943 0.654381923221852 0.560100143789746 0.734133443670399 0.718446683049511 0.711194603830247 0.269370213634664 0.529600570654132 0.41482979938718 0.633367978493006 0.571324180386463 0.754674566645337 0.71679938212053 0.755217355330211 0.708413274122606 0.361052207122253 0.49674184747445 0.379194080320213 0.494183222562993 0.329086323629053 0.527200040560144 0.748725554125291 0.741728275045564 0.68504886668165 0.719068146677215 0.724855980075342 0.733569110462496 0.664871016155736 0.664269329701413 0.769294032081966 0.689210250482566 0.703700497718769 0.593951956733974 0.691200534566022 0.696614754302231 0.569248713849963 0.602091331583225 0.66067102761428 0.660748038027647 0.674102294055893 0.661134683114633 0.685817164677515 0.657797649909128 0.620425838861928 0.66202968444192 0.818347000597874 0.789896201468797 0.585576989423497 0.612646200699903 0.554847901800988 0.635219758535926 0.48081583478137 0.598735440404626 0.266570281999534 0.410316385191358 0.601058491171021 0.614644475461266 0.633109382833984 0.58411074957047 0.679842273237689 0.660667160360634 0.516680804164525 0.61355532800571 0.678262122477649 0.740740141890494 0.247928184657734 0.490599796950489 0.766507854177929 0.753445255936729
0.637382968162259 0.620572415802662 0.820313259057601 0.794740502381064 0.813756770672438 1 0.829381156458926 0.828848764424986 0.634357523799045 0.710038455717018 0.399744276528608 0.458285850705393 0.589358281952988 0.550387397229484 0.648867818353139 0.525043736453164 0.692879072949176 0.639129951104279 0.56093653080801 0.512228250386741 0.24500169568935 0.187796810839098 0.699157944134637 0.667622397306335 0.740314292897965 0.719031168142682 0.661173164036916 0.370409902095498 0.600133097816905 0.500189198218885 0.653797459915744 0.591078002422736 0.787416673507435 0.743001429683499 0.738696481035545 0.698206193930906 0.345959554371171 0.435084658333542 0.47646237910189 0.531569007193642 0.321749716813763 0.532427126665616 0.792462023064225 0.799583546703784 0.678136760434497 0.728094399134616 0.782162100996092 0.787880176700805 0.693882112789312 0.669584462695568 0.791067966939429 0.718663536800495 0.736902410187401 0.608352307931429 0.718154564292858 0.748512869507781 0.670904546940637 0.694225400165946 0.712151603036007 0.721123013277161 0.69118891760189 0.695094703251168 0.721619985610731 0.647796751968386 0.595191207682941 0.692447460347537 0.83041237488747 0.796833269663531 0.695516886253987 0.690125670680331 0.553426209259454 0.637020548096152 0.508962650536714 0.630800185090662 0.372132911537943 0.415576415031139 0.600392505957696 0.680839248032767 0.698719340636194 0.664647677629034 0.729831037750846 0.737436900191649 0.558183293508417 0.694967905348573 0.717856703495011 0.794541534406655 0.284504690972021 0.547900940041909 0.762794320171357 0.767966495430469
0.63006815311647 0.622830862238853 0.925888422445876 0.874040506105754 0.834805365819492 0.829381156458926 1 0.898274278034143 0.774998867635397 0.670399532787887 0.433433425937726 0.475718118958396 0.636811210127092 0.561009044382589 0.679828170494091 0.487848130552241 0.645691616450553 0.618208139860976 0.616984701376263 0.555450845337952 0.321498391011141 0.201829996823522 0.728122566883184 0.606403027484438 0.67936660625487 0.676974459670767 0.626502978576109 0.199737097030657 0.626014744933362 0.513803391389269 0.741588622799633 0.660134274566547 0.839462750795875 0.805275670969121 0.726407597056672 0.691406787565673 0.358453415747398 0.479648902208751 0.412524316820719 0.489515757853715 0.266549124716946 0.530882711575725 0.797532162186599 0.76930012373869 0.724323125099721 0.750660009617672 0.776035990279167 0.769325456786944 0.741238003948539 0.722578691570209 0.811150625416933 0.745728070116715 0.763699230821182 0.658808315245116 0.764211119279176 0.759962965430459 0.636528909968751 0.699066631797889 0.77426312446378 0.78319811876444 0.784813868424284 0.707634968381989 0.781975155343347 0.785436565462512 0.636994935988649 0.684089804413732 0.885955055690672 0.811510217453788 0.683351400159808 0.689529591506431 0.60773393740526 0.711831059951829 0.520384824647661 0.644264564963161 0.330127036237562 0.432511277672992 0.6324972725888 0.659661060354469 0.68983678334272 0.629877578446954 0.741253392398614 0.71821659234382 0.517167250871918 0.642540417924385 0.693767909583919 0.750895197788824 0.146516351747502 0.449960849737245 0.833631528040889 0.825626665089609
0.642076126362216 0.646204033101736 0.849060110953797 0.924498504411014 0.789369511180799 0.828848764424986 0.898274278034143 1 0.660651305818004 0.716665478957452 0.48589658565813 0.621463780128619 0.631453690007218 0.631145218853511 0.609812635631793 0.510060592668386 0.644743143534627 0.62188747101828 0.629306749518916 0.598371425984129 0.363616696153138 0.232385829177997 0.675189870982183 0.6345998995032 0.678677972271672 0.749373091354483 0.557600381986556 0.168036690320014 0.643040691561855 0.584013026183915 0.734109000625234 0.752714842595332 0.774150642440814 0.816458727949284 0.673707587791914 0.723548214659157 0.234843793797571 0.423583695288178 0.361112090435922 0.528620149441992 0.306038905713183 0.540521089069478 0.73503895816307 0.711310907420443 0.613926667958188 0.706305991397016 0.72812354366365 0.711888279591616 0.687663841706899 0.63701593448698 0.783541677270228 0.744596654106132 0.674497860140565 0.533252164725062 0.732072542089449 0.727399849768992 0.606170558540463 0.682642946087687 0.728177002935103 0.759457444354889 0.786082607911107 0.811729079282747 0.727710929609719 0.79854388696277 0.555653017175515 0.761727330545796 0.845180227467582 0.820716080164663 0.637650207387371 0.623988128910344 0.562406051834299 0.653623858940106 0.582909405024036 0.693211303009863 0.353431489410655 0.498502806126397 0.586428249922428 0.562341197092138 0.67038637434943 0.61040015809963 0.718507039381053 0.717446639767802 0.522287183957803 0.631189227318109 0.637269512238774 0.767771850344144 0.102544868824987 0.403225231221099 0.735680651895874 0.72112906742339
0.351304094742934 0.353783594870614 0.745695685738191 0.635928921222876 0.734248456350202 0.634357523799045 0.774998867635397 0.660651305818004 1 0.673624645090277 0.244517113628246 0.222714396647331 0.353674659998973 0.255512352929706 0.52393812465537 0.253617958735799 0.38725601313037 0.332138084056777 0.300760784657706 0.252060640749738 0.18603629426155 0.0454534444934044 0.420724897170255 0.315097976473446 0.44096056170605 0.484708029394207 0.488826570862965 0.0835453456569533 0.358383176122399 0.245327811436344 0.473135991404476 0.373987040418192 0.567629447478944 0.512300399004571 0.552918464797456 0.478254566360522 0.354424241970309 0.430827622894223 0.315132270232555 0.355115264928786 0.174347487812251 0.361602448170645 0.537823041883495 0.525374974956919 0.577147554380699 0.567913421145497 0.494689606767738 0.520667349399126 0.542256698886717 0.563635438705178 0.568506484080402 0.519840312166074 0.518115761884788 0.49126863893329 0.492576286132779 0.485585396854386 0.361745975553423 0.4535341844833 0.527345296208054 0.559628288757844 0.550499387807804 0.545116777359399 0.514727836805524 0.540153705292991 0.54474905100683 0.497195397519186 0.637839916325575 0.601594581174326 0.398396935262123 0.450122833664585 0.528704259332775 0.603142344787028 0.36955281028587 0.440387185544457 0.269557909993181 0.26291562678401 0.445026210673265 0.529227271783703 0.413550445928564 0.338016108865075 0.437704482302166 0.427874983418086 0.288010803799541 0.402752307490713 0.44133311310449 0.523226503023144 0.167930124638292 0.331191868990826 0.670887937989251 0.683940517517159
0.312560315301827 0.355229609800726 0.630615506419038 0.596267858791826 0.627904691620314 0.710038455717018 0.670399532787887 0.716665478957452 0.673624645090277 1 0.249649966846515 0.351723846070756 0.423373099747414 0.382706135371639 0.507432679629481 0.385360343407089 0.374203941912382 0.33412094762363 0.282470348990405 0.247224327162365 0.140782810006855 0.125606244225061 0.43415045674742 0.4024621694011 0.409996339530403 0.454879803713247 0.435139842037349 0.168418592222474 0.32911825143747 0.292398226749295 0.408654616097913 0.369091135487074 0.489954339722262 0.445641719672483 0.505837403300236 0.489092592618374 0.256729716266132 0.32173335550266 0.313870663378653 0.374594541950646 0.139662455955627 0.243549157673608 0.501493577378615 0.490261010026038 0.460529982699777 0.467807599611188 0.489426813581623 0.485280264448341 0.47795604200617 0.476987713125663 0.57372382427604 0.508128335131847 0.482463265989412 0.403975865547852 0.498321833774695 0.498474102347593 0.340735337149951 0.422623656391155 0.451278189657012 0.481967481115263 0.594137733438001 0.689288155984501 0.432938081191366 0.472066046562436 0.584970433618645 0.670227719277061 0.559581611304829 0.5403089582355 0.361951954216913 0.365719717506784 0.437940917693179 0.478568573930632 0.29191683342654 0.426424676106739 0.351296563671291 0.275758919150935 0.329855676700014 0.482806166530101 0.365927682812388 0.326793233149778 0.391424945929539 0.4007860169037 0.305442355197435 0.426957646320288 0.446593272821461 0.543021560862349 0.223160624857475 0.359781996979522 0.555173275868598 0.561409692028089
0.807188693257589 0.772346138424745 0.501228400101005 0.486579903601375 0.338917444285637 0.399744276528608 0.433433425937726 0.48589658565813 0.244517113628246 0.249649966846515 1 0.838720926800002 0.817908021220418 0.820583126945428 0.732202026640138 0.742508151526122 0.677451290458413 0.731889791670296 0.726396320697897 0.771968670118374 0.523850931918888 0.275892659812913 0.621017012630088 0.539158896049462 0.35322655702938 0.551156782356947 0.37674092630688 0.49484688850239 0.717163174419258 0.724921854424576 0.545276260375136 0.534059848515092 0.376648526978556 0.465173760352681 0.0727876383997974 0.0958979018360288 -0.211390923165492 -0.0384626433215299 0.276893182768115 0.547089024963193 0.382730095708093 0.599611391976339 0.316869676772392 0.283252152138962 0.0532157986530313 0.237239389932576 0.392482354123642 0.352203758318525 0.183670851055956 0.0665406490558409 0.256525364593575 0.212676873681129 0.205068090118335 -0.115013491788988 0.360049562033018 0.346091143864555 0.686427032995076 0.728067800889746 0.576714722059106 0.445907423624279 0.652640266842755 0.407732270327781 0.729049078692645 0.658453233595047 0.300947124120641 0.410995742504061 0.342130922562692 0.264718987006613 0.445866908549458 0.334520698502261 0.211074399563191 0.190570973008285 0.380518984524688 0.399509606782842 0.380918944619497 0.532563058038757 0.114842353896651 0.10065574289979 0.571858545146105 0.531982856174512 0.588564505583082 0.610203018697808 0.670490188663363 0.615369717774569 0.556646141844493 0.5099945271354 0.303030310834515 0.353550946110164 0.341913363995662 0.167298719294924
0.734441940687437 0.737401709402342 0.479703031541488 0.558617558727999 0.425282786078504 0.458285850705393 0.475718118958396 0.621463780128619 0.222714396647331 0.351723846070756 0.838720926800002 1 0.751654059770215 0.848304868398745 0.627215118939285 0.707138892870047 0.606830048903063 0.669870059384741 0.674114652072573 0.744842992280688 0.516832163209806 0.363213152991119 0.593186333169053 0.572542669473377 0.439452360027121 0.607211749403249 0.399558018140759 0.409262849300033 0.704088523504638 0.76432660860146 0.594860250692889 0.650604674908727 0.40715338843204 0.533172985812428 0.143806181044801 0.235918430646608 -0.118134563284342 0.0775228126089677 0.264736005942375 0.542854926372186 0.464070040291939 0.600790647700332 0.352242182439092 0.319468659264428 0.0882775401126624 0.29554642427847 0.443529484015771 0.394884560948998 0.301013442946311 0.168491292110522 0.404609050655744 0.381349123524124 0.325192810929729 0.0155692551001037 0.481286345365633 0.46227076416653 0.57542503066288 0.676018025202166 0.583625723701289 0.526034907740633 0.689047848043656 0.566995213195414 0.656035055753128 0.713320280002743 0.259125355351102 0.468795077547715 0.409852644921338 0.348977958361625 0.416422987789914 0.334750119892861 0.354844227676038 0.287457005039571 0.482614429446623 0.517156238707667 0.380258796352294 0.58036716963258 0.202685519999531 0.142144838862228 0.544478363926372 0.513379095894526 0.575265898077286 0.611826740424297 0.605942288229157 0.59258956456557 0.506783593177493 0.556029808845532 0.211767522046195 0.321807133491524 0.353445455440769 0.227410276206027
0.762579664538416 0.740403289865399 0.636728432577644 0.581663886446891 0.517910568901913 0.589358281952988 0.636811210127092 0.631453690007218 0.353674659998973 0.423373099747414 0.817908021220418 0.751654059770215 1 0.876008547134899 0.876674410182302 0.78450555323095 0.768239559678873 0.78912211399631 0.754229440929766 0.769349485453885 0.496541978070842 0.322597068114683 0.731447230945119 0.590175615319363 0.537533716477843 0.643077631093926 0.527289100253711 0.548834274918891 0.789362500158808 0.783554411571074 0.713800009573902 0.630432721440743 0.620649228150457 0.647208121310444 0.29556732493833 0.310685088120274 -0.0120108181707461 0.173705298294401 0.407144829288638 0.605721312511241 0.412561462312124 0.672886047312963 0.539388013926702 0.523836426702846 0.288855702157153 0.436744426223825 0.585172466082909 0.566509632924841 0.394086152146449 0.319816235097999 0.476004223708842 0.409728707407625 0.454068607612622 0.153872750951184 0.54914767815258 0.57594375860129 0.730411198095501 0.747827274548783 0.656747613270205 0.572183042265612 0.773264587254718 0.540808526227251 0.80500662493072 0.719403987515887 0.401067202701803 0.498941649760862 0.516228174798945 0.412615171626103 0.615001097285008 0.555614667747053 0.353444493079106 0.409532091103417 0.48194143921585 0.568597257836598 0.383888841720784 0.493685307450659 0.359584595367168 0.381882629487448 0.736902331638497 0.725746992425669 0.771253662937521 0.731722063159069 0.747377062180112 0.713856363872378 0.657543072536585 0.598172312507538 0.267558863282151 0.384748916674426 0.544658449817182 0.358390236188989
0.749714514754221 0.747946692758694 0.569587528261818 0.621357065242825 0.492057315974272 0.550387397229484 0.561009044382589 0.631145218853511 0.255512352929706 0.382706135371639 0.820583126945428 0.848304868398745 0.876008547134899 1 0.803404741306323 0.865464025073493 0.735871898045365 0.782377580178035 0.713272908919032 0.782302423113017 0.507166652303683 0.34069637399492 0.730495838156488 0.725041590155446 0.50401204993808 0.665568046891751 0.485724685396443 0.531101314944741 0.776101821250921 0.826016502243794 0.651682991813466 0.691282782404045 0.525115253712896 0.618372123914234 0.216554569594378 0.297963696171317 -0.0812810248156998 0.138388857771722 0.386786705588437 0.598751490290722 0.456779413424966 0.695028604432353 0.460553768448115 0.439564698012193 0.156808779393809 0.359538512178605 0.52372102933654 0.495410862044188 0.28022646550598 0.16155339346015 0.417672254540349 0.336615702127056 0.412357016608194 0.0470827386312307 0.523885354898274 0.536163318953893 0.696670755391189 0.729531035407888 0.595568119292914 0.508700247321227 0.711307304912239 0.53823608931969 0.780898501192046 0.779944424013196 0.386441639771892 0.533697469863564 0.472321332199276 0.407765596945726 0.53140740344194 0.445256261210356 0.339724231388797 0.361277938890714 0.483280723998962 0.574103832005304 0.381906725797757 0.565769435797626 0.309456158183469 0.240146174650669 0.718002016892029 0.687813733144399 0.748698075923779 0.762735082219415 0.772383820917429 0.745223911679249 0.693730240193451 0.678724745677545 0.33367295654656 0.440172186666112 0.483918115984865 0.308689844198818
0.759327855071052 0.71546530384523 0.726051443287459 0.615858265461753 0.595451602969323 0.648867818353139 0.679828170494091 0.609812635631793 0.52393812465537 0.507432679629481 0.732202026640138 0.627215118939285 0.876674410182302 0.803404741306323 1 0.855445835410558 0.805396926385929 0.790435014288018 0.709275834744824 0.695081079378697 0.50271823209745 0.296032461808691 0.828730902631493 0.706601701444187 0.567344500508327 0.698563313551491 0.642940359876499 0.647551387368913 0.745898224195284 0.712322839374252 0.693050879094569 0.604498948075903 0.658585783259825 0.640527852278948 0.392380090117912 0.324169501432798 0.0828325382074921 0.197878686570341 0.527630587196194 0.592347133510118 0.403543502403007 0.633936907154357 0.571819976243213 0.559681218054287 0.370964391554899 0.493261478875921 0.605934209159718 0.5869802426445 0.38968544846357 0.33234706886229 0.483841926715346 0.378099595270568 0.484982847628605 0.218599317182745 0.536247734572891 0.563007469871571 0.764132386013792 0.759948190609574 0.630255768377365 0.543534263066092 0.701253302709022 0.49055197205134 0.832419718593754 0.697627009002297 0.544822388477605 0.568189296181677 0.570623776035528 0.492008193312792 0.638603593272191 0.569777008210145 0.4483148945301 0.508857776283694 0.438202196711351 0.532365012652398 0.446189044262604 0.495894699901595 0.345192882522792 0.451422479108007 0.789239665664084 0.735343756828526 0.796563197431316 0.796924401526537 0.779993669684546 0.812589079514089 0.765366176162849 0.689254886353267 0.481980706158771 0.582038239653308 0.599549574217571 0.437395727758019
0.74499299237104 0.710766621955852 0.542583187113638 0.561725136037746 0.436228311592025 0.525043736453164 0.487848130552241 0.510060592668386 0.253617958735799 0.385360343407089 0.742508151526122 0.707138892870047 0.78450555323095 0.865464025073493 0.855445835410558 1 0.750691479561251 0.769837850764919 0.69338346418239 0.702251714247352 0.522743333614205 0.325486011215697 0.790348050357232 0.809498012138263 0.493330681303131 0.678891051912237 0.517837459631036 0.657260541482332 0.729451991010292 0.776281736681754 0.621276218921748 0.64920054463074 0.499370591233564 0.556309300985489 0.236168202093998 0.212562447815065 -0.0556899489277344 0.0692436277135153 0.491066234086374 0.525218227909892 0.39023030021367 0.618807389806683 0.436215821635573 0.434769649988121 0.184040955872344 0.356311048038272 0.498326118591921 0.47019603825635 0.231362321216645 0.146662435930032 0.337153543409073 0.236217389437968 0.30898280054064 0.0245375318101648 0.424412723686633 0.453065485208794 0.716171217943661 0.705531041593558 0.497300836102411 0.411499462323586 0.554422601966328 0.344334658056993 0.720964862684145 0.629622511578159 0.38675157085169 0.487780004775542 0.425400477652051 0.378349041823791 0.499444290812731 0.405958624571106 0.327698147742672 0.345186833256374 0.380349288059953 0.449090396291254 0.442407259714937 0.484020246449955 0.205517377819702 0.234972236607078 0.709681979567416 0.67675663345132 0.706902812868658 0.758262068681399 0.768084413655133 0.787702940381129 0.689982292756551 0.63250605547595 0.504474167356787 0.55417408841335 0.352012894143558 0.222978223766367
0.865200622346374 0.794630053628934 0.716324846778828 0.673835982741804 0.615690796298002 0.692879072949176 0.645691616450553 0.644743143534627 0.38725601313037 0.374203941912382 0.677451290458413 0.606830048903063 0.768239559678873 0.735871898045365 0.805396926385929 0.750691479561251 1 0.959659518054389 0.806411784863606 0.790405245845245 0.502800643670341 0.353799592162887 0.786361721662208 0.679612690616112 0.757018717317112 0.815971621661139 0.659673409737799 0.548086935373169 0.876469378244282 0.806811824196677 0.807356542991019 0.725820975587113 0.810103725102549 0.829824170081179 0.554047292269762 0.432955840117177 0.0622365412539838 0.209252191865644 0.567027161376812 0.579814269603375 0.402658287650111 0.628611515470732 0.737168670209166 0.736744329592396 0.495251315582253 0.630756198947741 0.761809215467056 0.755792535481065 0.508322661561899 0.429686614210626 0.580579992568731 0.49022176680517 0.565527050963094 0.297909369873244 0.632446665741028 0.669219474523311 0.90176033713132 0.861389570055715 0.697904816399588 0.59766413547689 0.666813158779786 0.496768778228054 0.874653834198092 0.665003109789069 0.444607431689733 0.562878422790363 0.659212331003078 0.594039195002217 0.774334787508592 0.696799889893449 0.450414103287152 0.52847965013492 0.550133628657399 0.613598253518328 0.408137391211988 0.582316104567622 0.374197892826381 0.430665061460337 0.937166846096457 0.937554706026234 0.924478873543344 0.916743008301529 0.826644921193688 0.871695555936552 0.745423346366717 0.69602924711807 0.389476052924033 0.544369818101536 0.554132950853884 0.425125587826848
0.883363290546089 0.873445964445345 0.682535183106524 0.663352753882727 0.545722105281383 0.639129951104279 0.618208139860976 0.62188747101828 0.332138084056777 0.33412094762363 0.731889791670296 0.669870059384741 0.78912211399631 0.782377580178035 0.790435014288018 0.769837850764919 0.959659518054389 1 0.849306676245295 0.858733060813391 0.527481239406835 0.370908978786645 0.773809389978461 0.659669406420597 0.706458749091107 0.79105354389667 0.633896974667326 0.553971313137603 0.898970135574883 0.852844730525645 0.801228299050313 0.72141709163587 0.762696777420831 0.811647513443832 0.457515294207197 0.368572224098461 -0.0063101110517144 0.173649103468216 0.515931149816953 0.560353207951138 0.396701343617234 0.629301622782496 0.704090992333687 0.690817710653996 0.426483709849485 0.577719877871685 0.738763521896159 0.725893806009378 0.483913781572645 0.391124528293875 0.54093932602023 0.463544039208535 0.532734123396705 0.238293512992232 0.619605054472095 0.652180218710258 0.906592118226644 0.91939559063981 0.724570215117096 0.631332764298361 0.685830681355771 0.486459955326396 0.875525817841144 0.696074170037432 0.412585345887894 0.539598750508121 0.622940218644236 0.534696346884654 0.766941389977492 0.688501041839392 0.412611255056053 0.46852053108786 0.553203607154702 0.619602560863595 0.425848747965671 0.595843434235545 0.366471233025925 0.363595513489249 0.915434403366535 0.925505927058957 0.895990220536303 0.893010404662339 0.821841180682127 0.859746150312277 0.716086788630084 0.657170767186357 0.363030489015614 0.516382936042823 0.51347068254434 0.373925604896567
0.902854587145847 0.878555049917316 0.652355177342678 0.671341426296503 0.475570095481013 0.56093653080801 0.616984701376263 0.629306749518916 0.300760784657706 0.282470348990405 0.726396320697897 0.674114652072573 0.754229440929766 0.713272908919032 0.709275834744824 0.69338346418239 0.806411784863606 0.849306676245295 1 0.938799252931115 0.635140105715925 0.442770677400383 0.698935137588285 0.581859313582671 0.627134761502426 0.746347677142134 0.549705173253256 0.432295304850783 0.857340260434976 0.807637017941026 0.825754570035403 0.754998521338579 0.722309015664272 0.787948978235194 0.401044510503108 0.401462004417934 0.123859681002853 0.251983540278986 0.423340503321586 0.537662554989428 0.428157453206716 0.606877457058663 0.620930779281547 0.611300715756651 0.429057713532126 0.587868401608303 0.628963018458208 0.624864920191662 0.496609620730897 0.432191172517594 0.510491932702409 0.480276699376514 0.438133518908608 0.24798325179109 0.538681118654798 0.573744455794785 0.844991866289495 0.847587213732784 0.718928056833329 0.660106259437872 0.604858870208436 0.414261057881019 0.754190900042859 0.690413667898189 0.288620687575095 0.445828550872305 0.619540117496516 0.549253682501168 0.796129822434739 0.703709974529346 0.469482834210134 0.502453964397847 0.548718222217971 0.610591646626096 0.374242828219399 0.554816652269243 0.383559586345546 0.306120699061297 0.76234402446504 0.764044017549355 0.778459358737759 0.770949375446233 0.689678875842661 0.726062912713778 0.568835815338831 0.567588513765859 0.220819482796423 0.38552584939648 0.44199898996559 0.361762546535746
0.88122988554285 0.895201648487985 0.598540952637265 0.640479804005046 0.422531175117229 0.512228250386741 0.555450845337952 0.598371425984129 0.252060640749738 0.247224327162365 0.771968670118374 0.744842992280688 0.769349485453885 0.782302423113017 0.695081079378697 0.702251714247352 0.790405245845245 0.858733060813391 0.938799252931115 1 0.629879899771242 0.415991120213264 0.66055663661757 0.583808344312916 0.570623613239131 0.703413752858573 0.503494965897236 0.434795766383085 0.874155343114043 0.859099851521464 0.793417888723419 0.753575467408198 0.650194628958444 0.759718053083943 0.306361922746249 0.343776227092299 0.00734314632141189 0.208248261646557 0.401498702987513 0.560583385379508 0.429019801048368 0.649791210934427 0.554976964960238 0.536769769759347 0.337879616254766 0.525935767999719 0.585078345951907 0.571031104476124 0.438329860357014 0.352348734711596 0.456939716531436 0.425258751854816 0.400201371252183 0.150482763289381 0.52166834074985 0.552932286010406 0.815205888776238 0.848576246572852 0.698470145934668 0.641719208773304 0.632543353204872 0.428790387330202 0.758079456088338 0.722784708279753 0.246361539829692 0.41069258397664 0.549363776537138 0.467131261707424 0.759569989760831 0.66437230503104 0.410900091352768 0.458905828243956 0.556047637219537 0.625295111780073 0.376249121829213 0.564313259335405 0.361942163716474 0.252576941667527 0.749484341792347 0.759858307151838 0.770275464613575 0.766968614651533 0.706744122444642 0.721676267923747 0.55396402286885 0.547905797728106 0.194974700178937 0.356833995148725 0.423343887980413 0.296887090896394
0.581863336366524 0.567395502421335 0.348857017917184 0.412262672271197 0.245854006979697 0.24500169568935 0.321498391011141 0.363616696153138 0.18603629426155 0.140782810006855 0.523850931918888 0.516832163209806 0.496541978070842 0.507166652303683 0.50271823209745 0.522743333614205 0.502800643670341 0.527481239406835 0.635140105715925 0.629879899771242 1 0.527647211591422 0.422534356450569 0.384738164790354 0.430606930506734 0.522164780682133 0.418622955323344 0.374784876413055 0.647759284736265 0.639591075307659 0.582127864922271 0.555116723724997 0.440213119166891 0.514718125402012 0.193293837191064 0.287315030010239 0.129649426474105 0.292900028219122 0.36239791465308 0.530203609140249 0.595518475508233 0.603821515069815 0.380471379082996 0.355877096427856 0.227270765070556 0.396086792495698 0.410421154948856 0.409345590685572 0.319258694065066 0.268069967270259 0.326344512589274 0.303779393737832 0.254805136331767 0.109165160723991 0.379195113489629 0.40958480039073 0.500842979505516 0.51539526440489 0.419022940840968 0.406309831459674 0.301930086836198 0.188936852806354 0.450717903872623 0.521523736245525 0.0134771674813903 0.166644768193652 0.364842546460005 0.324250993417757 0.394564536560999 0.294976088834962 0.488281085912422 0.41916034315429 0.536067725923029 0.506657072644299 0.314491554607896 0.50408049261284 0.23432971570504 0.112001294139346 0.481600094413168 0.477648606903832 0.55801840006428 0.549537052445381 0.587621578044234 0.531098514307315 0.352463101101877 0.383021221744761 0.21417385745964 0.284557982914603 0.249148328036302 0.190599991760483
0.360636878593 0.362572365093955 0.193181391362601 0.238549063733354 0.20100991371943 0.187796810839098 0.201829996823522 0.232385829177997 0.0454534444934044 0.125606244225061 0.275892659812913 0.363213152991119 0.322597068114683 0.34069637399492 0.296032461808691 0.325486011215697 0.353799592162887 0.370908978786645 0.442770677400383 0.415991120213264 0.527647211591422 1 0.2799540127265 0.188419916521237 0.407720565397373 0.39547921798399 0.380104315582697 0.305371464870597 0.451498470856778 0.437185089234168 0.459174906706877 0.435216453745715 0.339461683250585 0.385768579169998 0.220918509750397 0.290885341501779 0.161578237218867 0.299369366870167 0.191398005366253 0.402610021017119 0.484930341935947 0.380988451774079 0.335088865339775 0.304134919630598 0.221688066410579 0.333403728284659 0.319269320973791 0.32096812556397 0.275598859203553 0.235194009686511 0.305349392489202 0.275521346603198 0.249657632638461 0.176010239685653 0.295171399902512 0.330949946628024 0.329702007391412 0.355559284205171 0.263298962940571 0.249505010311306 0.215457711374696 0.213836745024837 0.275749607338447 0.328698790465842 0.0412866005935506 0.149380266747472 0.300542690002966 0.318587950317899 0.272136923107137 0.237710332336129 0.4145904277767 0.323921588576709 0.339360872340984 0.345418723803851 0.220212517325865 0.279105384077717 0.191712369850293 0.0989113056505717 0.358794956164123 0.373805838672355 0.398253162388804 0.373329455021942 0.447999619207895 0.460339725473274 0.264697963516416 0.276251954619821 0.127695374928616 0.290426762810598 0.163147625953957 0.128797708344554
0.74397273800842 0.722458343831073 0.812694974660275 0.760720271943564 0.654381923221852 0.699157944134637 0.728122566883184 0.675189870982183 0.420724897170255 0.43415045674742 0.621017012630088 0.593186333169053 0.731447230945119 0.730495838156488 0.828730902631493 0.790348050357232 0.786361721662208 0.773809389978461 0.698935137588285 0.66055663661757 0.422534356450569 0.2799540127265 1 0.887945546451658 0.697443718063434 0.763080402983956 0.687089246009161 0.621302270826807 0.694084727380776 0.644175519867132 0.740162872183678 0.672940778021433 0.729969508691682 0.724197286801872 0.587912768413127 0.480987359821345 0.161118165063532 0.233566178775094 0.521181370499163 0.513775467371971 0.333959408194536 0.541608112986031 0.681686977133377 0.65801088274304 0.505097876597231 0.587235957990399 0.727103784598738 0.677855088359401 0.508415066516738 0.442981079523036 0.60681666766986 0.498696749038514 0.578589713266074 0.370257235694337 0.6387913214781 0.630416847306301 0.73828240716824 0.760860412509102 0.684248921282073 0.613731875816374 0.662210972928693 0.524101904528117 0.83077727097197 0.723977651938709 0.647225879963955 0.684699957012268 0.721773994701823 0.656311675838454 0.661359992223462 0.586477063432164 0.482393541645052 0.494433641228025 0.463684798813014 0.538317638350372 0.388446394594404 0.576050591142065 0.41847280192094 0.501872128065433 0.792639708307656 0.720312812224148 0.793056801355978 0.832038129786226 0.767877031260689 0.837277793005039 0.892681530197259 0.817931797093789 0.521013785520985 0.730701604014842 0.649234568662082 0.552449964817317
0.657841937126106 0.634433061853039 0.667179467962207 0.752534375160643 0.560100143789746 0.667622397306335 0.606403027484438 0.6345998995032 0.315097976473446 0.4024621694011 0.539158896049462 0.572542669473377 0.590175615319363 0.725041590155446 0.706601701444187 0.809498012138263 0.679612690616112 0.659669406420597 0.581859313582671 0.583808344312916 0.384738164790354 0.188419916521237 0.887945546451658 1 0.599866926841259 0.71115301849438 0.566164281514317 0.554278996860065 0.604507063224344 0.60326859067545 0.604977051259655 0.686476814340863 0.596507781719584 0.634092725450862 0.49307943781704 0.459881232785695 0.117860933689873 0.196852012306284 0.508056202339371 0.441216555863703 0.309368034751063 0.510998140566288 0.563875147203632 0.549179858129925 0.383923832274 0.497355899109148 0.614125735686136 0.562538222439308 0.39407171824959 0.324163977120511 0.512549635926765 0.416993193471541 0.487691691429235 0.284543031446211 0.542980870360104 0.539848207112474 0.627944991977274 0.638779741383274 0.540977324318473 0.522664807595337 0.522459198258775 0.436343989580497 0.704651013466288 0.65878355485535 0.505334276528842 0.612697512750141 0.630481112819286 0.621806343189872 0.540912544294142 0.460125138096545 0.412198250217646 0.435854035801484 0.406883825699989 0.478095564962904 0.379451095482325 0.488876527624201 0.38559619232015 0.389239613719581 0.687244351176204 0.624306210379081 0.704068405221647 0.79242832529542 0.712130029984321 0.775338688852893 0.800336494378642 0.797038732499436 0.512169779597714 0.677030510950649 0.527262147479012 0.474934069702723
0.657900578238414 0.625261922965587 0.711961240720205 0.707124195270687 0.734133443670399 0.740314292897965 0.67936660625487 0.678677972271672 0.44096056170605 0.409996339530403 0.35322655702938 0.439452360027121 0.537533716477843 0.50401204993808 0.567344500508327 0.493330681303131 0.757018717317112 0.706458749091107 0.627134761502426 0.570623613239131 0.430606930506734 0.407720565397373 0.697443718063434 0.599866926841259 1 0.850378962472705 0.791091583606629 0.455623588910352 0.709614338218367 0.611808348819133 0.788116901335696 0.713689344790419 0.846018367884107 0.824571272728834 0.759292965881278 0.66288090922641 0.329171124715361 0.447112645832103 0.516876693419468 0.511080941446863 0.439937342923098 0.514110985647818 0.841769941004952 0.82225067524055 0.677823151262604 0.744774850130629 0.840189566599852 0.828023596960866 0.729573803491734 0.658376861618248 0.788202016720735 0.71081990468682 0.714252958677634 0.579765397242399 0.730342788685573 0.760683472399137 0.685019174849179 0.68310230201914 0.650887816612024 0.646261557043205 0.571299257436666 0.561400444888669 0.684316521060678 0.571039143785392 0.424320829528682 0.567675222038128 0.78800865935409 0.749944272900181 0.696839081038838 0.6728943909801 0.575374091431131 0.630672178956378 0.545741905614556 0.637246906040977 0.254252293975478 0.522496439765037 0.517617748313278 0.544561911650961 0.786380510997903 0.777370131452637 0.806765850447895 0.781224243264551 0.679496440374224 0.749467337133473 0.664784179023752 0.719021821046497 0.293963414006691 0.554056391478767 0.636615909024196 0.601510461980772
