1 0.699157097680891 0.423826485439718 0.442188972360078 0.0518328003890694 0.133825224533905 0.55073034700948 0.414909108640459 0.163956100305055 -0.0452052506828775 0.70124419069919 0.68767930756519 0.43041342059693 0.537478868702259 0.129970755250437 -0.129098611478109 0.580956654607225 0.659308363409753 0.682919100791281 0.650767148578243 0.157468039718749 0.0849307708307856 0.0721750317912317 -0.135348219167742 0.107346335835068 -0.0239041699772646 0.0210078330315723 0.048487184984359 0.574667731164978 0.663737477163611 0.241113782415585 0.340322312517284 0.59340613255003 0.663727629925646 0.115351189177857 -0.192238013946748 -0.0327906515924076 0.0900040494108668 0.183391357935729 -0.00450785097505803 0.0510691065530651 -0.0201450746357013 0.436258890636683 0.374062178837882 0.412218733200866 0.417394828723536 0.466899439158815 0.303694046588036 0.398284156858052 0.504743693203578 0.403198951494131 0.434215145296937 0.341171948414717 0.391308331644154 0.378295771768982 0.317662283452093 0.823347040379343 0.699070757222201 0.75477264365546 0.679666052255177 0.763350345508819 0.493327472376847 0.574593030310841 0.598658258965108 -0.0427933896949588 0.225421047725855 0.445172782501002 0.30609214015037 0.514077216279127 0.59083028412125 0.530265432180841 0.506261925774476 0.701739944202255 0.328706397978545 0.26520395056047 0.146948544661818 0.594462352353787 0.286426213574625 0.462760672067951 0.378081439516735 0.554482868556404 0.567084508115922 0.0704859656856582 0.289672088348133 0.255298625702608 0.522241240669549 -0.0227133174684912 -0.242248421890782 0.532179717610218 0.287556674753585
0.699157097680891 1 0.157031801664741 0.428870408078717 -0.0697397703993751 -0.0291742901762446 0.196616808455731 0.303450469904 0.0208687357415876 0.0667485722627582 0.449380483141084 0.57461646101809 0.150066041980252 0.362610877456143 -0.125810152448987 -0.0605348549165928 0.563366121977598 0.750760911572309 0.558653623722276 0.775705926516216 0.136815271593582 -0.0553793718119851 -0.0637798253905422 -0.0964160937078569 0.0201911434189623 -0.0660605585355781 -0.0248912452757542 -0.0160008084028951 0.436985196879396 0.703760625542932 0.219643216249585 0.294863730519132 0.438036227529434 0.713525458041272 0.065609826083147 -0.0488125320297333 0.0693481466369154 0.117012350783015 0.112204094556109 0.175642819728125 0.178952316176305 0.13460142897673 0.53314214079972 0.569955150958524 0.5865542817867 0.592122910385605 0.538921432728813 0.582044719216298 0.589599469545352 0.600911727852733 0.520140782654971 0.525625694141882 0.362823432540754 0.427746219876597 0.451457012424898 0.540320351382514 0.712069779756738 0.781164389598831 0.534487796499709 0.658389187790946 0.435907266117078 0.424291920271027 0.459205168111024 0.678910871624753 -0.25502439286736 0.113574092594969 0.287451480340396 0.3566401070933 0.50048098189635 0.539842255972497 0.418934533392676 0.48565196644693 0.633522024612056 0.544894515017332 0.10872710314981 0.183994518517123 0.229742679007734 0.403795531537014 0.395089553294986 0.320960430105327 0.566877145202391 0.595800545143499 0.0920127123396866 0.398454077702043 -0.00917290447240773 0.560735634149074 0.0510971715435686 -0.0733075815854988 0.306496440798723 0.449002325672291
0.423826485439718 0.157031801664741 1 0.535260981642955 0.151517768413314 0.191536281400194 0.783981648893099 0.479266123395837 0.43707991978699 -0.0189104852785013 0.335116273493231 0.201413825844298 0.357641307251952 0.186604483634196 0.359577591577891 -0.0768064040170961 0.214415987978331 0.282074649164856 0.349684344540731 0.0898672253594006 0.166811388597582 -0.020705033003 0.50486702001108 0.141199363293715 0.438955206819754 0.318710112846292 0.238093393810927 0.0407869773235741 0.350525558409303 0.258960757226983 0.523082981483509 0.504741710715573 0.584717091191999 0.384958059692009 0.469976439739669 0.0893397041527506 0.230619322091135 0.164836837484564 0.345062579419527 0.198193618566306 0.0819655819972144 0.0048150477973496 0.287239663232254 0.159314184999353 0.188611789159034 0.131767097535889 0.237021384354039 0.0111095940425743 0.158758689849741 0.156279558259782 0.188711794733293 0.180815973236906 0.232940971351276 0.339189389892695 0.283107426376236 0.0947085167025027 0.333767201992506 0.350463485136217 0.42915522536064 0.329220695342507 0.434150173858895 0.177148150758914 0.177726571600064 0.159694735825604 0.397560611017104 0.336661048738797 0.643257865099327 0.398840074176421 0.319614526191583 0.258612830887031 0.38924607334882 0.467722531033773 0.302642023116047 0.0566252287003696 0.106986982141433 0.0328511783846551 0.41550361472926 0.241568091912837 0.263719482071093 0.385306938571924 0.373958364368475 0.479844278035753 0.217034868237636 0.233317882521756 0.378629445606706 0.249444529930425 0.161967989249641 0.0243055167649094 0.341151971926624 0.328933318778876
0.442188972360078 0.428870408078717 0.535260981642955 1 0.0423463567992747 0.261332529641678 0.538948720810287 0.74396804564572 0.38558486367409 0.301001382321696 0.211500332234903 0.445181890987786 0.0679607119519345 0.402666450131747 -0.0560467628368267 0.0435890956887826 0.268029127471107 0.32947691805113 0.377270371659286 0.324985426902706 0.1179739879382 -0.120215297308541 0.0628696777380947 0.182571240677884 0.097878049669319 0.129172881301537 -0.00726152064666117 -0.102885041458047 0.190488262115706 0.360555148121721 0.277149162916153 0.341597103547418 0.473434150258921 0.608337906841705 0.375809690393582 0.253641083132524 0.0712275399891396 -0.0625471716763644 0.134239102986562 0.139039226488745 -0.00289503531152052 0.0486314458309942 0.365900598689626 0.317891730601499 0.263419188759596 0.267448039591419 0.283552021305782 0.187363449821775 0.308519905598756 0.307485701443786 0.313837383795439 0.317360886122837 0.27550591805402 0.288600119717028 0.2681866781533 0.199401579316833 0.439089691972254 0.424923518481209 0.510403690225157 0.573664601842971 0.467111788330083 0.517994674351256 0.308189932628782 0.385317172038288 0.0604288604540263 0.573871356288441 0.607875036673378 0.63885794420255 0.485275195556876 0.340384229919789 0.293018427175089 0.391564773767241 0.268975891659355 0.216947824547757 -0.0256819887619891 0.0368749192406393 0.22728480704917 0.359188037703996 0.350238681195065 0.486167747596911 0.552938268975594 0.457398624905638 -0.0107878927073722 0.130978172131805 -0.00132966900646482 0.355679105755756 -0.0349507432141395 -0.0993824373005884 0.243806747511966 0.432548815600135
0.0518328003890694 -0.0697397703993751 0.151517768413314 0.0423463567992747 1 0.415274486582115 0.407276130271848 0.258699669010912 0.508543252718782 0.392264850025155 0.0616844270855876 0.0295319214173498 0.288273092171318 0.0723507805759118 0.443348149405378 0.353892209128665 0.046908352056205 0.0618007147520934 -0.0238593402260509 -0.219243511151093 0.0964957274645297 0.139890995483189 0.211116928122117 0.0990937223232853 0.142098442438021 0.0901216685453868 0.126950554592718 0.16117229465386 0.000787129273563492 -0.103842010842522 -0.125348424218557 -0.0604318309461682 -0.113359790827766 -0.129003327008021 0.188349355938312 0.103637035320738 0.107193464058261 -0.0116298148859966 0.166694576034764 0.239823115625869 0.0836250901006613 0.282981002553822 -0.0640765632741536 -0.0430411670944476 -0.0321882050561148 -0.105008589617195 -0.158710733114379 -0.14214259228381 -0.0294277053877011 -0.0678201313805813 0.0329836819764802 -0.0269958343497692 0.0533771289288084 0.0579087233492252 0.120401374113216 -0.019391625935261 0.0581203389019331 -0.0330495969236824 0.0188013698600395 -0.0242728232430864 0.0844294859340206 0.0298256140160371 0.263958164088692 -0.0996206393154576 0.464912219146757 0.157086909001135 0.0232181935415543 -0.051362674068275 0.0797180347542576 -0.0325945344588835 -0.0585713376624428 -0.103198783201621 0.136225956747558 0.137585868579046 0.0302705820376979 0.18429039816942 -0.121812690267817 0.0437275338305749 0.0342264876754613 0.166103755322785 -0.0557004514840705 -0.025508388402483 0.315152849537846 0.00144513940445145 0.428162941434823 0.0989121743615185 0.295157161290379 0.288113743417526 0.178585762521762 0.258002998426027
0.133825224533905 -0.0291742901762446 0.191536281400194 0.261332529641678 0.415274486582115 1 0.282648946974527 0.505611725714594 0.268977790374972 0.420947326247873 0.0259607665202701 0.193059468649639 0.16124296617436 0.360474296410962 0.282505856371839 0.393043854151874 0.0558253272052987 -0.0149108165523845 -0.0991767906682746 -0.156627695558404 -0.133139038491294 0.232392022312216 0.111124940081372 0.174955836780088 0.0842109727824703 0.0573195921446236 0.0990047866282189 0.274213611488232 0.00716295803906439 -0.069765946790837 -0.164101069962975 0.0593034943236311 0.116142955168964 0.0225344529114639 0.143056147063711 0.0917038128201697 -0.0642367286681322 -0.000107927461607549 0.0951162771185321 0.142474309807334 -0.0550082463872998 0.0263947593441772 -0.00856323873395622 0.0138955101482357 0.0113295226145431 -0.0148762157504447 -0.00813889995981821 -0.0200418224175946 0.0216469692449171 0.070016100229133 0.0779485822539097 0.0997995093000356 0.0844452069237662 0.0529075687865905 0.10030836908477 -0.000682716685566238 0.0431131978080948 -0.0117189191511436 0.182173549705946 0.16304686780094 0.212815658631689 0.272518906014592 0.108608729754219 -0.0610525382878912 0.306695431519082 0.411768003115562 0.176553802296792 0.193121862091546 0.0814821276408195 0.104288697334522 -0.0542921954434103 -0.00381780701817382 0.0737448621055913 -0.0686032956792818 0.117860692594312 -0.0510302438357043 0.0567378262685113 0.118780117199448 0.054316793363443 0.0389041697541852 0.0274599346201993 0.11402619356146 0.154984227780666 0.0913138971192559 0.188341958875829 0.224174030569717 0.131368264563312 0.21797288226564 0.132204515558352 0.214775608289443
0.55073034700948 0.196616808455731 0.783981648893099 0.538948720810287 0.407276130271848 0.282648946974527 1 0.64089050846375 0.540542210690412 0.154487582806922 0.484417234044092 0.397317983304525 0.564441899240388 0.379614800091957 0.501229170732799 0.0698736077880429 0.258358066066771 0.340647220315412 0.470181462329442 0.161938141686144 0.0932692854377749 0.0911145932378675 0.446245349006273 0.157533961957196 0.347706847942779 0.185309365216242 0.138859022337014 0.0401932918343514 0.358656031308692 0.307032837096852 0.376956016017313 0.449702483374892 0.505893260190399 0.420021460687291 0.426987908437962 0.156310249445543 0.0874102353454213 0.0247868622711074 0.3758127895754 0.121379829147152 0.0110752970374961 0.0480277787146796 0.304936287766359 0.203051079854543 0.259320184924346 0.174203093894106 0.25604545928445 0.0318283489463592 0.221082698575533 0.225529868919877 0.218264726354723 0.203218032689569 0.215207124079955 0.330578639162072 0.261014896925861 0.103090915095633 0.401615956941349 0.290228256861263 0.545888211268283 0.450168668753627 0.54091527344364 0.344322992231145 0.43042217952387 0.243598737718913 0.450857519989884 0.345067536368209 0.610547096175269 0.397402429121061 0.456227996931284 0.330413172204612 0.398224938419113 0.421771251567646 0.349336811290349 0.1325488198503 0.0793844386337112 0.127663240132218 0.418861099098711 0.221673631686957 0.260670844969322 0.380481795013698 0.352319253891449 0.380239308362628 0.238805250541982 0.18127444536174 0.490090425919381 0.319457575819526 0.224071252796721 0.040626000848655 0.432564637507205 0.325122611997636
0.414909108640459 0.303450469904 0.479266123395837 0.74396804564572 0.258699669010912 0.505611725714594 0.64089050846375 1 0.403170725626495 0.503728300016102 0.275362249307102 0.559953627786027 0.247440149640556 0.567241212421228 0.29674943067535 0.3378240098715 0.236716272622612 0.36658290893601 0.292085891564793 0.218387530723932 -0.0696598253613844 0.0654681992096284 0.285889058673044 0.362021616093629 0.137251517137098 0.155724168281069 0.115188934186205 0.106427201373454 0.186604171474357 0.352029108799397 0.13620587653831 0.391469200100732 0.369441071852378 0.423231398147319 0.284574243501904 0.261157015759826 0.015507291050616 0.0686638893752022 0.160582020337811 0.151019806805394 -0.0247073930816713 0.0474458969423272 0.250135662031093 0.196049812713714 0.205502285835502 0.155859147752357 0.228922681434969 0.12879910490846 0.199962402896936 0.225378071435018 0.22636700134582 0.226945182189339 0.229275512528431 0.299265648208618 0.183921723601767 0.135104267432924 0.36020764039313 0.382942776778856 0.416664805098629 0.470188324899593 0.41242621829909 0.61635268710947 0.30779536234019 0.273058990814865 0.307672883625868 0.660298971039576 0.461249647013655 0.445979068374645 0.487593302489714 0.334801593293569 0.288684025436839 0.364900465367225 0.253223733052695 0.174038472037379 -0.0114794925708257 0.0278758089588221 0.25695887172911 0.357611781651214 0.348073563699839 0.361562816218008 0.353940819832901 0.419327103554073 0.0605903463094379 0.270268197427139 0.207415604141145 0.472028079803391 0.190872676082757 0.114886677147138 0.276002033155687 0.465783753659174
0.163956100305055 0.0208687357415876 0.43707991978699 0.38558486367409 0.508543252718782 0.268977790374972 0.540542210690412 0.403170725626495 1 0.420203449876039 0.239660886795951 0.136633897957925 0.331275437317269 0.193601708393341 0.404371481190863 0.284155757964549 -0.050612192603094 -0.00558121996480412 0.101233911048832 -0.0430553864519283 0.0441196178974563 -0.0999449560762827 0.12853666624993 0.0847747286104217 0.0492251224189535 -0.0708926628310845 -0.0389225126392215 -0.105772649404989 0.0887521846718393 0.0320434482491365 0.0349152480505282 0.0297610894764415 0.117947959473832 0.056187256227582 0.134292751940432 0.00185306922903437 0.00989599028204464 -0.0989697952692866 0.152482108226652 0.0226784782817387 0.00444487793639963 -0.0103618627578689 -0.0535120429280504 -0.0624083609725899 -0.0637162131594465 -0.0645005329036165 -0.0582423770872612 -0.135049570603283 -0.0211790677976597 -0.0418005337773576 -0.0116642803813476 -0.0806547935438663 0.00836757428131573 -0.0430608807842275 0.0937684963227489 -0.143078047334486 0.0734061146178473 0.0844078185512662 0.207437118029108 0.2017455775331 0.32330504237916 0.251144095708425 0.197958024187404 0.0345615323922246 0.315791566768376 0.286220990486971 0.176887360012987 0.0443221646396903 0.277521995483859 0.177946961689746 0.0517811630451736 0.0474158639646988 0.114628968340167 0.0246195381043604 -0.0199154347814332 0.052994341604844 0.0502453159185932 0.0603780166433421 0.125475448630148 0.34822237599848 0.138325702970133 0.128678418278209 0.0497813335847968 -0.0877296146207217 0.220562410110237 -0.00616771940055735 0.0684697011221289 -0.0261012997814156 0.203649546187138 0.282303759642323
-0.0452052506828775 0.0667485722627582 -0.0189104852785013 0.301001382321696 0.392264850025155 0.420947326247873 0.154487582806922 0.503728300016102 0.420203449876039 1 0.0501478192244212 0.276203892459508 0.188354877464434 0.32996553239698 0.243117244474237 0.654815705145533 -0.175650838443055 -0.0659099141618932 -0.046900660626682 -0.121131724262633 -0.134901926256148 -0.116512655799192 0.0151159282280457 0.377050734131009 -0.167382643256244 -0.162211670657518 -0.0854165044841636 -0.0856463316824617 -0.258865260456087 0.00734363020244837 -0.34857394642558 -0.150169582581914 -0.281918173843817 -0.0390315562249302 -0.0356535495588094 0.182469550663466 0.0358887114592502 -0.0289163375865059 -0.0666326198756085 0.0321718771894558 -0.0600503971856909 0.0721302679321455 -0.155276743627986 -0.103386290181337 -0.213323658064233 -0.219187051709683 -0.27209525635818 -0.0682739123472759 -0.114650585735119 -0.151285120611959 -0.0850354048931588 -0.182295645100503 -0.0721240855706748 -0.131298715697545 -0.0682781374037166 -0.0890954784081431 -0.0287294261333364 2.25241023888778e-05 -0.10688521264943 0.0619378362243143 0.00838405776050386 0.327953085121684 0.066291439720269 0.0175278595454886 0.166499873371763 0.309128106032303 -0.147808438287091 -0.0830391417286096 0.181116608596369 -0.0809638605141181 -0.116826716300318 -0.0918792873295135 -0.096364579151404 0.218424582834295 -0.147902683033075 0.0807317778511879 -0.330423082664701 0.167999229602153 0.0639099042678841 0.0354596430449667 -0.105939434985437 -0.0193628110708754 0.0205519579516453 -0.0243872078108081 -0.0744333844575469 0.0689180300231641 0.131890785893304 0.18958687409788 -0.0342265543576059 0.342950810597902
0.70124419069919 0.449380483141084 0.335116273493231 0.211500332234903 0.0616844270855876 0.0259607665202701 0.484417234044092 0.275362249307102 0.239660886795951 0.0501478192244212 1 0.660298680400711 0.727945633243089 0.59383604075959 0.277309251965874 0.0673610058697821 0.382900330423945 0.445969882049299 0.481447715145031 0.466473271232163 0.036942721319546 0.0444415908474015 0.0414421215602412 -0.155869640178907 -0.0984037349355765 -0.283833196716885 -0.0940322929946859 -0.0469842718534348 0.490110871222669 0.581569800864523 0.0437386154017336 0.198612093821176 0.330746566830076 0.477714688946189 -0.0364838084378879 -0.226666925687379 -0.196693657635664 -0.0359197639605596 0.0143632963825681 -0.191065275638613 -0.0632464470148387 0.00247592620154514 0.231440200021564 0.212109774636938 0.240206089955655 0.264885606423965 0.283653731115822 0.165558261562837 0.262976466920277 0.343925227706473 0.185587884992868 0.200038550911623 0.164622444340393 0.211393129537209 0.235093017859527 0.173251948229666 0.408155616781647 0.378755230267306 0.483234619487113 0.487750290946373 0.557747861555966 0.526311354160555 0.459094087379721 0.565461363403638 -0.135689557689022 0.00922071119294162 0.180753505869067 0.0446571341895562 0.366935278377673 0.412279155455074 0.250175944753023 0.35720507370783 0.400193177134739 0.231983942003679 0.19925943284175 0.0691360522051739 0.402214568331183 0.138855673422871 0.192884107127936 0.290247009067922 0.209072211016762 0.419663933916062 0.0779397556872401 0.239025338275935 0.143170257508919 0.363177671873481 0.012088828269505 -0.207612548780776 0.500205844587207 0.221462214520275
0.68767930756519 0.57461646101809 0.201413825844298 0.445181890987786 0.0295319214173498 0.193059468649639 0.397317983304525 0.559953627786027 0.136633897957925 0.276203892459508 0.660298680400711 1 0.398154675250182 0.778726065476166 0.0933345513685061 0.139931508125749 0.423212075613806 0.542984068124839 0.509060761933634 0.615641917224728 0.00764577314443802 -0.0252747862293929 -0.0202247053463553 0.00178775768796561 -0.175270614693367 -0.307545880648496 -0.111006752839775 -0.0341896406360415 0.451899449652793 0.665904295508964 -0.0543827410991497 0.243761133467783 0.362167750529878 0.630198529735126 -0.0450202714023708 -0.154936999140952 -0.204963299322445 -0.0446963958701488 -0.0626773579518931 -0.0690998061491524 0.0354263779707793 -0.0120306308007936 0.153317888629162 0.169009468513834 0.251916377292066 0.240454492836735 0.250820783674853 0.17945392475991 0.207676782569536 0.327846852083734 0.103449014833959 0.214124031279505 0.0811692748543433 0.162626010435315 0.0945706867101067 0.109197232546133 0.516551465493304 0.568442249500211 0.592439697936597 0.64985767464117 0.665693668474939 0.83036320013508 0.495728432936039 0.732528942866981 -0.116040510396429 0.364535978205985 0.250260517306181 0.210424031588372 0.460795661204402 0.50732738633061 0.239419030304995 0.291881412074875 0.453786244520158 0.282573435485765 0.11942756236768 0.0845353905101825 0.397603034984391 0.195982899581099 0.277596568682288 0.0977101077054568 0.278210347990832 0.393348564667989 -0.1235868675039 0.253231150234546 0.00676356996709577 0.510355832552541 -0.0768697828457127 -0.219509001907037 0.325807895585424 0.349404040247491
0.43041342059693 0.150066041980252 0.357641307251952 0.0679607119519345 0.288273092171318 0.16124296617436 0.564441899240388 0.247440149640556 0.331275437317269 0.188354877464434 0.727945633243089 0.398154675250182 1 0.493692596856518 0.571284807983028 0.270533664312555 0.0979406333961198 0.137532739006661 0.31950571046807 0.105367266695143 -0.0416522538352154 0.146007478313797 0.229459554794415 -0.0688868711076354 -0.0045915231942133 -0.206862290694601 -0.0367123065596138 -0.00451624462482981 0.295800379594038 0.263270390959779 -0.0386260981560721 0.108978755776038 0.103884713876178 0.178389172896156 -0.0117473821316648 -0.155366216048626 0.0114481812666705 0.0166089594326003 0.168951395561012 -0.0713726806223782 -0.0267791947425966 0.0128217036020507 0.117343791156421 0.0977835833262061 0.102021396996718 0.0762986663587172 0.128142420178889 0.0420911740544687 0.131777362853762 0.174612752239629 0.106326474343041 0.0753533007661337 0.136691080924963 0.143361306689158 0.16903249620488 0.0553645367296424 0.0729527890386959 0.0424719159110683 0.232285633265379 0.252026095925106 0.296278807233165 0.312765338784768 0.298395629189623 0.224561366191903 0.101031581801268 -0.0380176311539476 0.0545308041347751 -0.0692500272867665 0.355039696817775 0.154751683104171 0.176289950024322 0.249124876751084 0.166444857382656 0.137233140379576 0.0365528897596075 0.139804733585473 0.276682489557801 0.0509710687195203 0.00833850187841306 0.168349187421319 -0.0104429613417722 0.171081692076603 0.301907385765678 0.13741938929836 0.346873335919207 0.190928672538147 0.200189339450276 0.000620770694637219 0.417590605552403 0.217795479095829
0.537478868702259 0.362610877456143 0.186604483634196 0.402666450131747 0.0723507805759118 0.360474296410962 0.379614800091957 0.567241212421228 0.193601708393341 0.32996553239698 0.59383604075959 0.778726065476166 0.493692596856518 1 0.273794710417799 0.368102150869465 0.275407755096954 0.254626847163861 0.364728927274015 0.357769582145243 0.0165759059283461 -0.0116644358335664 -0.0130555220875943 0.0890184884556055 -0.174780746781544 -0.253153429506064 0.0234293424366046 -0.0235188235712651 0.276076228934992 0.431038473754616 -0.120334546183346 0.143922712224858 0.254224021636474 0.408401907315718 -0.139440082672874 -0.170874499748427 -0.173625214270637 0.00692137300662932 -0.000121934785954551 -0.112614605492915 -0.0883920340629478 -0.0740397419164499 0.122918430603931 0.112442272970148 0.120798474638553 0.127999674965176 0.248109475507503 0.152966243131682 0.117507440906693 0.275646733286719 0.0934377157813167 0.222268061414292 0.116450733320356 0.149151720167969 0.0543465981571898 0.0121646712017837 0.281324641714396 0.291449969034258 0.453114302105648 0.507625809713594 0.529118800556408 0.706916148825862 0.217733337020862 0.385002899095923 -0.0512184333904995 0.429126742817466 0.148855443639898 0.143991890393333 0.390515613483807 0.351907077878579 0.166908804226632 0.192728321172489 0.240009047088291 0.0251664498499589 0.116255957891204 -0.149006962778152 0.405538926176671 0.102721043067591 0.21762124098283 0.0646761870684347 0.161795310583389 0.347945646209273 -0.125833086090664 0.188392845043717 0.039855530939907 0.496176986330653 -0.105722022548631 -0.263655692105045 0.252486286202833 0.289405565738638
0.129970755250437 -0.125810152448987 0.359577591577891 -0.0560467628368267 0.443348149405378 0.282505856371839 0.501229170732799 0.29674943067535 0.404371481190863 0.243117244474237 0.277309251965874 0.0933345513685061 0.571284807983028 0.273794710417799 1 0.427525427743283 0.0275356867170956 -0.00709077256814866 0.0800622010103105 -0.121048090572925 0.0435936935388515 0.16812712774226 0.58330874379975 0.253573191583892 0.395201826191508 0.183239706165752 0.302870757673614 0.0964116788132973 0.162909290734239 0.0292237558963636 0.115047812457291 0.223169760337059 0.0612581765481927 -0.105098201413254 0.162625583280752 0.0352920235803147 0.074287745761701 0.169124177621845 0.272479977531508 0.0424016439876096 0.00483960573573353 0.0779755947240544 -0.0164657174139231 -0.0421048582681528 -0.0270691581522779 -0.0807732349624437 0.0194634012468153 -0.100571428413317 -0.0423067621774196 0.0245783722330703 0.00566035952929348 0.0429262068358449 0.116060218806582 0.213550196629925 0.0616769412072159 -0.0466923671368695 -0.0189147625312377 -0.0535133957277806 0.0213501587547967 0.00571519537982888 0.0781064514379988 0.139805141381337 0.0942212557278605 -0.129484817242701 0.550763438204044 0.147421089142539 0.0467854553866445 -0.111956923202648 0.1082939653886 0.0773641752472247 0.0908766068919619 0.0893730038045737 0.0894848676926641 -0.071828126561969 0.0475787929152931 0.114338636356713 0.217031963373067 0.0388933117363048 0.0318711685469374 0.129380318600661 -0.0370402293572113 0.0949060028326799 0.312527440802354 0.166636001483582 0.640990116961347 0.205114940881608 0.380984479175731 0.167257690638138 0.258991370039204 0.177543879415905
-0.129098611478109 -0.0605348549165928 -0.0768064040170961 0.0435890956887826 0.353892209128665 0.393043854151874 0.0698736077880429 0.3378240098715 0.284155757964549 0.654815705145533 0.0673610058697821 0.139931508125749 0.270533664312555 0.368102150869465 0.427525427743283 1 -0.226469409062302 -0.172806578639063 -0.0886660414013136 -0.133479775990346 -0.0784087273645027 0.0458028768402444 0.229882429487189 0.512300455176293 -0.0176778071453255 -0.00440137332053461 0.105439651483283 0.0940913776960441 -0.15995600278749 -0.106945669699827 -0.232396500311164 -0.0814554891289167 -0.261110082336946 -0.221064184895682 -0.141642995346926 0.104806786414357 -0.0293693888614893 -0.0181279478463549 -0.10137245207373 0.0724811165915187 -0.091630807231772 0.0808160561462768 -0.183834217228275 -0.109714781097693 -0.230890538968042 -0.204348168889077 -0.2031331090418 0.000582464018897298 -0.140652370711533 -0.0959372858167321 -0.0559457219674624 -0.0705583945374864 -0.011024373668851 -0.022464073397062 -0.0623282085170125 -0.129087947708434 -0.16600256713381 -0.105390803180863 -0.160041297958224 -0.0816313445647215 -0.0829052227640759 0.182230359602067 0.00588751487444862 -0.140979348578847 0.279880528807052 0.246046240328095 -0.234618663549487 -0.227532017040136 0.0296792937427141 -0.08739385390988 -0.13755853627814 -0.114345483484158 -0.19860016707249 -0.0330411787800834 -0.058358098210122 -0.130053750215217 -0.206909700669099 -0.0270599165009098 -0.105941357546031 -0.0703481077664405 -0.200712877957358 -0.114380831721491 0.0586794516269774 0.0417739049984811 0.139123728420599 0.160898582851981 0.157917618596648 0.247847132795966 -0.0131895699466434 0.276078836628405
0.580956654607225 0.563366121977598 0.214415987978331 0.268029127471107 0.046908352056205 0.0558253272052987 0.258358066066771 0.236716272622612 -0.050612192603094 -0.175650838443055 0.382900330423945 0.423212075613806 0.0979406333961198 0.275407755096954 0.0275356867170956 -0.226469409062302 1 0.605011546568411 0.401907329001782 0.579850341721311 0.269506478980389 0.0642372244386422 0.0714857540801653 -0.164734580014391 0.0175552331144067 -0.0207577813697722 0.191433335370217 -0.00530599048223514 0.580741853697453 0.523857561171555 0.277625945406555 0.287366548072002 0.526729404487951 0.619264443340927 0.0814797997708177 -0.148887953283878 -0.017949221982019 0.0341364082458168 0.00431823393388682 0.104178498910194 0.19676431374822 0.206202673971058 0.394922249979069 0.378132941195992 0.446879274974168 0.441659765592174 0.473179608976076 0.300496551370585 0.397316646707862 0.47858734808525 0.317553288901835 0.387453109743273 0.332899236459764 0.346530175084988 0.218191189093733 0.22862786381968 0.670078367563171 0.537381617618513 0.46363053671485 0.488428239239524 0.430328368353271 0.336508846941208 0.458164963307194 0.557073777899646 -0.0322743691846453 0.176495772650707 0.321123371288787 0.302776938850973 0.395789905234981 0.472322628398158 0.342399972820629 0.307382484869682 0.518553519219499 0.226321228794957 0.297368534085361 0.121641288816726 0.389933983694306 0.142028155109933 0.490396538211157 0.208326344218559 0.582766368801132 0.454427028063783 0.00146105731024722 0.198497609831293 0.214575511070402 0.32311126679313 -0.0987866259530402 -0.243379621829793 0.297882254587055 0.115664012775376
0.659308363409753 0.750760911572309 0.282074649164856 0.32947691805113 0.0618007147520934 -0.0149108165523845 0.340647220315412 0.36658290893601 -0.00558121996480412 -0.0659099141618932 0.445969882049299 0.542984068124839 0.137532739006661 0.254626847163861 -0.00709077256814866 -0.172806578639063 0.605011546568411 1 0.473640838391553 0.656215547377146 0.109030190049958 0.04629272033476 0.052616193536678 -0.127117071211971 0.150725138255856 0.0881195525501885 0.141102633858471 0.147427348420919 0.526223300954474 0.740053953309179 0.256269837443493 0.448909095053553 0.521791259741398 0.659307769926266 0.215102967150052 0.017505405428122 0.0382329931122966 0.210897692447931 0.182490897544355 0.229638296198361 0.192766119528967 0.268625846674598 0.452435290086112 0.433428830336948 0.530839174819718 0.495137291270966 0.467060948232645 0.37666351892308 0.473864981406935 0.504411334456703 0.408749088155802 0.40386971619331 0.335061277994327 0.463370444039974 0.33717420218692 0.491897258178615 0.710073184946625 0.751875017787151 0.512717370933811 0.525412088095771 0.421407542996458 0.350949306216151 0.518702033022395 0.610703319560243 -0.0271695938980052 0.172777463588613 0.381610436492211 0.317841831118334 0.396484959792453 0.516162187563064 0.39410327360633 0.487076838386231 0.697366856736161 0.529323201598284 0.209479078792435 0.316397366866649 0.303545150443315 0.359656676894715 0.396585695199039 0.332815091152756 0.540695714285193 0.634785091352647 0.18461709594245 0.531137552478408 0.203041337224195 0.566785243177908 0.219731253183318 0.0354109692660266 0.389078769083919 0.385177116450503
0.682919100791281 0.558653623722276 0.349684344540731 0.377270371659286 -0.0238593402260509 -0.0991767906682746 0.470181462329442 0.292085891564793 0.101233911048832 -0.046900660626682 0.481447715145031 0.509060761933634 0.31950571046807 0.364728927274015 0.0800622010103105 -0.0886660414013136 0.401907329001782 0.473640838391553 1 0.634938257630945 0.0928435721569236 -0.110166490796912 0.277324942401356 0.131983967799111 0.114942873700524 -0.0252315964796772 0.0339044731967613 -0.136591066009835 0.426135062440859 0.484214051995721 0.393192551378962 0.317444165727211 0.517621926073627 0.62763914758817 0.110903008891267 -0.0416234802036032 0.0149597101892963 -0.0333534165182773 0.140932809103932 -0.0856532491597468 0.0383759977645833 -0.128049472530618 0.336346188227164 0.298929089057049 0.266556262098984 0.298465967716585 0.370865429033218 0.278735377743065 0.240191371701805 0.36725613842992 0.216070627753864 0.307761940966739 0.250481791512348 0.347538063085838 0.181158172532849 0.143637375172118 0.686405023245643 0.60822495050181 0.473353637579838 0.521340959560491 0.573632254402534 0.34868772233209 0.50330925309051 0.514636000930147 0.0645749856875316 0.297599901395879 0.344398345275405 0.225108167113016 0.51182529557662 0.460167367536696 0.487983042561038 0.423581224171058 0.54718875821416 0.244142829520222 0.0726645577910026 0.17799429437172 0.440225052824194 0.14003834494666 0.401299957454258 0.29053936886024 0.387358788453878 0.390812366431922 0.112374923125944 0.069914362264417 0.295062307841318 0.438936786613787 -0.0613872213238166 -0.251009649183769 0.167401197568867 0.183313884977095
0.650767148578243 0.775705926516216 0.0898672253594006 0.324985426902706 -0.219243511151093 -0.156627695558404 0.161938141686144 0.218387530723932 -0.0430553864519283 -0.121131724262633 0.466473271232163 0.615641917224728 0.105367266695143 0.357769582145243 -0.121048090572925 -0.133479775990346 0.579850341721311 0.656215547377146 0.634938257630945 1 0.067227382886913 -0.0287728233111275 -0.0461443387730167 -0.060507715055949 -0.0400096139307261 -0.210660596913392 -0.0704336386933601 -0.0124450927704364 0.527009083872455 0.689275737266003 0.248773733280522 0.311237743308626 0.481142919605951 0.702748262049249 -0.0833337870912382 -0.184508224543595 -0.25907058577147 -0.0756166927068741 -0.0734137220571897 -0.0395280108146776 0.111719495197533 0.0217920378335079 0.386533985576725 0.42566599946852 0.523250183521931 0.550630152889177 0.52400032466891 0.463133751919916 0.484214786169949 0.565624633847822 0.379067975574332 0.443411101214519 0.278964499023245 0.402396770962429 0.253996088178665 0.33082621597068 0.654828105088415 0.70680630395935 0.569007860298761 0.611704607811693 0.491995589698326 0.503362225006286 0.501594832962396 0.758430509667623 -0.269857042720642 0.128398259235694 0.215746131023775 0.22088662771558 0.428398379292834 0.628706379343093 0.396050150943015 0.363972170133639 0.518276474352047 0.359823832607401 0.137687654028581 0.180624671935501 0.341799443268339 0.262301207352032 0.327372033719182 0.216145965099167 0.508186759073239 0.434521256843853 -0.12089727040359 0.253438984457519 -0.0236425061330225 0.485019531351984 -0.116503990144042 -0.241160617034067 0.241783026372181 0.265713865299851
0.157468039718749 0.136815271593582 0.166811388597582 0.1179739879382 0.0964957274645297 -0.133139038491294 0.0932692854377749 -0.0696598253613844 0.0441196178974563 -0.134901926256148 0.036942721319546 0.00764577314443802 -0.0416522538352154 0.0165759059283461 0.0435936935388515 -0.0784087273645027 0.269506478980389 0.109030190049958 0.0928435721569236 0.067227382886913 1 -0.195559701633546 0.00126183085308759 -0.0154590639621041 0.102658686393612 0.123311263392253 0.21909005523451 -0.0744654045425584 0.062193573985009 0.193302562673432 0.16071370236354 -0.0153174402352387 0.160348086496628 0.163104562774487 0.112954794070027 0.0486914319346949 0.211233934355511 0.0589247373749849 0.11064052963104 0.192652724032816 0.290989574525533 0.17578030960413 0.183373995047683 0.147279855944765 0.141149876934854 0.144390096923636 0.118762069735553 0.0943961560489223 0.143514020861015 0.1096621194356 0.181886457410562 0.152649040512337 0.207212178885476 0.176233077048925 0.21025154554309 0.118869017677441 0.154892337281239 0.16781586121739 0.194551077017309 0.149366531345033 0.152856991438252 -0.0504844855169606 0.0201542952237115 0.102625600377569 -0.0830742707388034 -0.0463494988793343 0.207250007967204 0.207157700936536 0.0888136632458093 -0.0993212960966851 0.0724933834807255 0.140163389954025 0.188108132553948 0.0784243922980365 0.210990422542585 -0.0724540759098954 0.0856761724443774 0.0726755312744517 0.0997419046120781 0.203437707466394 0.105972640204166 0.136871869120897 -0.0167254377269675 0.154683116456905 0.0605935799682158 0.0777312927592043 -0.0177873926640346 -0.0752647252156861 0.0812753178953523 0.103879303708332
0.0849307708307856 -0.0553793718119851 -0.020705033003 -0.120215297308541 0.139890995483189 0.232392022312216 0.0911145932378675 0.0654681992096284 -0.0999449560762827 -0.116512655799192 0.0444415908474015 -0.0252747862293929 0.146007478313797 -0.0116644358335664 0.16812712774226 0.0458028768402444 0.0642372244386422 0.04629272033476 -0.110166490796912 -0.0287728233111275 -0.195559701633546 1 0.128719424356731 0.00576732562426769 0.161839167208496 0.265609483329359 0.101950715751456 0.343510768441371 0.153945743572572 -0.036320955207704 0.049354608353612 0.107258167022509 0.0678442638416859 -0.104727734638492 -0.0104239238282008 -0.037031290715224 -0.0132397987394814 0.19143588656714 0.0743235066149386 0.213538439024952 -0.0297708575265281 0.0919262532846855 0.0233789649482768 0.0309885766203792 0.0783278496210798 0.0506872594219264 0.0415335198701631 -0.0221838943515252 0.0571365396698496 0.039018762666489 0.0818975641955121 0.0853630160759838 0.0319584143481379 0.0740211615508798 0.116664121926322 0.127249729110393 -0.031387286808474 -0.0769911765517737 0.0236837101518159 -0.0152605637610802 -0.0913254283449795 -0.0400874692913714 0.0969324485449547 -0.0855784589990126 0.0900463145797338 -0.151911468140749 0.0585363320319866 0.0259554407015583 -0.000744048550273192 0.105665691152181 0.0345304117310722 -0.058612295877201 0.0515906831925345 -0.017945486746112 0.0858271692258392 0.10946925348229 0.054027652229349 0.0687821415018179 -0.0348615974413785 0.0563363799618142 0.0433090035316054 -0.0899129143436282 0.181121182107507 0.1397506983426 0.229307486684692 0.0272371398859928 0.19774218980332 0.283671455619733 0.202866647977131 0.0171583561530357
0.0721750317912317 -0.0637798253905422 0.50486702001108 0.0628696777380947 0.211116928122117 0.111124940081372 0.446245349006273 0.285889058673044 0.12853666624993 0.0151159282280457 0.0414421215602412 -0.0202247053463553 0.229459554794415 -0.0130555220875943 0.58330874379975 0.229882429487189 0.0714857540801653 0.052616193536678 0.277324942401356 -0.0461443387730167 0.00126183085308759 0.128719424356731 1 0.550330058254444 0.639393253292738 0.504405264127129 0.374340173307209 0.0689539415539569 0.201167406036246 0.00307579630459559 0.598565849422836 0.5466909436234 0.272767788523937 0.0784375669849851 0.428937117588592 0.249049669258293 0.246437285519753 0.224368329182468 0.277126315706058 0.166078523931324 0.0138854254861731 -0.0556710835561499 0.114605643696068 0.0326112941429187 0.0579234337205332 -0.0141062644147268 0.0840740868888973 0.0201102313685093 -0.0353441299222736 0.0163752878473583 -0.0154951909444309 0.047747478818932 0.079911270683163 0.283203917028705 0.05545974282458 -0.0700559891974345 0.133108823586036 0.120247879733896 -0.0560138889936435 -0.0709020614282984 0.0261806340652019 -0.0378624576741037 0.0819400151346416 -0.101494975882638 0.66355314439664 0.205207087442433 0.293959669165588 0.0695476356701333 0.0961175980448017 0.0755404098856781 0.358767131066676 0.315082847151858 0.137755790232802 -0.0564616158334207 -0.0165601221702461 0.0762932388894535 0.261003518929805 0.056208496675557 0.166758385463014 0.147448602673121 0.150840402806817 0.156722790744443 0.264975312180519 0.155706095079776 0.647020697218307 0.162184836225358 0.356235647012308 0.164595110005623 0.0610140125843451 0.0620509088870939
-0.135348219167742 -0.0964160937078569 0.141199363293715 0.182571240677884 0.0990937223232853 0.174955836780088 0.157533961957196 0.362021616093629 0.0847747286104217 0.377050734131009 -0.155869640178907 0.00178775768796561 -0.0688868711076354 0.0890184884556055 0.253573191583892 0.512300455176293 -0.164734580014391 -0.127117071211971 0.131983967799111 -0.060507715055949 -0.0154590639621041 0.00576732562426769 0.550330058254444 1 0.314904701300356 0.385710055664937 0.21875011171052 0.0267723381650461 -0.107123893518392 -0.0436737571679447 0.267277980939254 0.262267778442624 0.0418870668069985 -0.0412023888161624 0.21969614386605 0.389656174695346 0.197831049869179 0.0745438229996396 0.081260938359462 0.0540439963306883 -0.118514534166677 -0.0590035793787107 -0.0420862146416346 -0.0635002720692086 -0.157916333632809 -0.18169943854937 -0.129588836613245 -0.0009296271173785 -0.189788539830531 -0.174446242808546 -0.151161033921355 -0.114512577195161 -0.134466282874892 0.0477198480529859 -0.100099056173075 -0.114132103465915 0.0308912214502945 0.0874812419186024 -0.170465981359582 -0.175748090106064 -0.105345714018199 0.0161944170612311 -0.0787748602602239 -0.182841537037521 0.355545104034117 0.342345105478756 0.112682315403706 0.0252857678109076 0.0144848260773863 -0.128166415916107 0.116262066193996 0.109430525900914 -0.112152109182135 -0.0289832030100241 -0.0813948139205377 -0.100413807057614 -0.0544075349102731 0.100038787098049 0.12327023947804 0.105918554622767 0.00454834611812716 -0.0260112123475289 0.0532009894132444 0.0284891881275416 0.151983751051297 0.152143721800646 0.137961560503616 0.236951481355923 -0.193993425911144 0.120957156283529
