1 0.901294118551202 0.201080020166647 0.0514558543161211 -0.0658338534789758 0.15376261045615 0.352446127550099 0.230056341674059 0.166522340857532 0.190538026221422 0.634726860579027 0.561787665637548 0.500612664100187 0.277324392830283 0.183840028584994 0.29270866274865 0.813244338447454 0.838881787353906 0.744701833103889 0.745529267989947 0.320348144291026 0.134967897174789 0.150705240926686 0.0116419816521619 0.224947718133347 0.0231339224664683 0.258279731893029 0.0578358197012637 0.565814459172328 0.659178313606027 0.210242381772187 0.0977194311083322 0.526989843830847 0.395406644891066 -0.00532737352838919 0.146847127804481 0.448352006427569 0.506099356228805 0.537766333978279 0.377990049689542 0.354146844415086 0.36370708949864 0.591015110479917 0.68095212227435 0.5661114232911 0.590010775040013 0.612136264087653 0.627514205396365 0.600071284512823 0.580862904218016 0.50119246250502 0.361102961937549 0.4850327082465 0.335125391036143 0.628211130879473 0.647655079835007 0.884198600793183 0.853263169726931 0.586015516663636 0.646462247561188 0.218552028744651 0.259093770812438 0.123571247164709 0.638369133570294 0.0330287535955023 0.175619536831697 0.203711210155183 0.22796964632336 0.503036116428161 0.649079441276501 0.379227605214171 0.386765019833888 0.313061372650045 0.454017915785699 -0.0371167292222922 0.0849598839729095 0.237373059667712 0.490189236615203 0.335226966391549 0.649661438930434 0.64816405671225 0.537905542083098 0.551899690587006 0.58568644461671 0.585615248922512 0.438750893841927 0.480698345248065 0.322654294270549 0.402024013351987 0.484225089730711
0.901294118551202 1 0.150529514722187 0.0530731831585225 -0.0723159973209776 0.193482590542816 0.271188222575881 0.212087259828106 0.116933770284369 0.200020321933682 0.492646177965583 0.623632538127094 0.393979237986397 0.283113302975645 0.13303550428896 0.276035033292912 0.822247366784627 0.86158504422255 0.715656224117913 0.813681528337726 0.38526787981891 0.0998313779089269 0.0892233129883307 -0.0494252694725049 0.15201259184365 0.00814862138898608 0.300849878934133 0.0324432838164433 0.607227018983702 0.737646300766351 0.237948403999943 0.0995533019742581 0.545563388975988 0.399461355201086 -0.0663660481327127 0.0788662569759864 0.46870899918182 0.512552655746603 0.53670852882662 0.383319678796384 0.357287194997047 0.332267038175602 0.617503660645257 0.704663978557196 0.616987612762728 0.633420586012712 0.650202690998541 0.650907972853582 0.657877583281043 0.625371729778518 0.546727819346464 0.449363882212312 0.538784404786238 0.409161996452377 0.641924885962773 0.676044642169043 0.860269911821749 0.865465511478294 0.50756193810569 0.63405878462594 0.105017740334997 0.240389526524945 0.091159402837788 0.674282389102218 -0.0660454316264589 0.0954373691476836 0.142316240447469 0.171939333245734 0.513220948223677 0.681115980013084 0.325828464712696 0.298507769289571 0.317340729466106 0.425108242960445 -0.00451678407828361 0.109961205680482 0.203649465532177 0.455195390852845 0.393379872481342 0.655004655180427 0.653758154203623 0.569845126046111 0.640974597508886 0.578830424015663 0.535316937903269 0.427778428217151 0.468442537095464 0.294427438707922 0.281372052393406 0.433174940362295
0.201080020166647 0.150529514722187 1 0.56362322498984 0.430616147491588 0.198504459832579 0.639312289838876 0.398792340336543 0.571665988430425 0.282002046122334 -0.0235482606829839 -0.145989543655671 0.23496708858317 0.228437487683951 0.545869275261135 0.49502721959657 0.0257256300326892 0.0576334264370564 0.326806620420477 0.179304068423063 0.117345487249327 -0.0262638001268176 0.809399647863061 0.649021127601829 0.593449626685457 0.493770928992473 0.488605542197276 0.131370545382018 0.0599518179306816 0.110480065902906 0.660671705878948 0.565938212760508 0.53792104742223 0.527909930806368 0.658624103404684 0.455496403231866 -0.00805808412113377 0.180239329513158 0.249360064471478 -0.0463305441408898 -0.0875384976234322 0.00551936963637826 0.296382763205674 0.21105625742137 0.272744523916974 0.267852825962395 0.287906079101959 0.233421415111177 0.214295923278415 0.188516593960427 0.199694074902547 0.164180952088847 0.276105327577214 0.252335620558844 0.276995527516844 0.187363165359797 0.108058821205184 0.183766850313877 0.328966594736757 0.227887972887036 0.397858253744231 0.308764932939531 0.361172016949983 0.133071042280428 0.658533931946736 0.402132361739954 0.613671718485021 0.421347219069754 0.108831561368089 0.196471849555702 0.498733474589752 0.478445676385422 0.155262407241048 0.273975888137579 0.0224922281719853 -0.0527880865836401 0.161373963208435 0.289251253964677 0.017759731556673 0.17275231269979 0.189171410281298 0.128999071693746 0.0955728691868568 0.105166049108007 0.463697515675471 0.421817996121732 0.0881485831170994 0.15699437856299 0.344251482586914 0.330006204780715
0.0514558543161211 0.0530731831585225 0.56362322498984 1 0.508369499522947 0.255722241660075 0.608556635726586 0.829710202132881 0.606718540935154 0.585700743630472 -0.0529727803321021 0.16006481807001 0.0712395322257545 0.49312295336234 0.234837655637465 0.46680171469486 -0.0581307243482099 -0.0426316182378582 0.120143155592325 0.124050162097004 0.0851849808689463 -0.0137731252624258 0.402239553963705 0.694961941042943 0.206668441209928 0.4651671372923 0.156578172351132 -0.11648019928659 -0.0123239511650962 0.152633744685124 0.485844186886623 0.628067977511786 0.422124346976794 0.621666084800923 0.368132484964859 0.448473647024249 -0.0799033357521742 0.106005130828766 0.0443452003162431 -0.00752433279954289 -0.275368300093531 -0.134030057040531 0.178348227631037 0.0545403681588102 0.184704549118939 0.183926173166222 0.112253678431189 0.0843942676597991 0.108470168610246 0.0503504189299497 0.136607700343947 0.0659015012286471 0.184552725578292 0.263880858002121 0.114105285978892 0.0852746742821969 -0.0053079735703633 0.0407091381995099 0.236569299494025 0.202904410228864 0.625396933055566 0.713200274642987 0.436398044258938 0.354870686363373 0.426114056898367 0.641413484403168 0.576457282064642 0.597166093310709 -0.0295005798199297 0.109886355480495 0.471515962160954 0.498887397001138 0.140287103953003 0.204787528604583 0.0259860659415924 0.107004364725052 0.287046112981868 0.291826401025157 0.126496970529658 0.143680482565513 0.160008437001101 0.172329478092019 -0.00514397787467149 0.0861588556998122 0.191020136728851 0.521846178779176 -0.170892402276584 -0.00681600579854307 0.255738322541565 0.411865054349115
-0.0658338534789758 -0.0723159973209776 0.430616147491588 0.508369499522947 1 0.327066030071559 0.475588104274336 0.334486836357551 0.679209727823064 0.469349056635468 -0.0659865565482626 -0.0693833271004565 0.231595856008766 0.395914738721891 0.451185402162343 0.44237739843682 -0.112459187809205 -0.0898471169952 0.0551431389751435 -0.0577211196047506 -0.0206606281197858 -0.0804066092654011 0.439706503142827 0.408189332936191 0.200261231245821 0.233308490220463 0.139630122434863 -0.0915741949797749 0.0437680210388123 0.0385112265215745 0.369980232937402 0.396248213231068 0.226282828535287 0.265546161261701 0.247374092259496 0.231463776484145 -0.227585899314293 0.0564120888324983 -0.0935148981004139 -0.168249104327444 -0.313934039250997 -0.100240360507935 0.0161504933081357 -0.0380943355287989 0.0942140046109193 0.0492806529470279 0.0239743601176301 -0.00381218423562606 0.101062826385337 0.0529086306663387 0.034785795209714 0.0539164973980459 0.106426745233361 0.221311856024899 -0.0586532064145288 -0.011910854448583 -0.0656101861845323 -0.0472055951208712 0.0724865675779907 -0.127498608242645 0.49015107464786 0.344806871531958 0.430398452368955 0.0964016793493787 0.302612413131487 0.201936827039558 0.252633374030126 0.128648865743166 0.00554782647254173 0.0321503345937658 0.253042120513126 0.368731719608719 0.11287754394803 0.163738937183859 0.0791237522709444 0.0712546115151 0.169070431708569 0.144254646235557 0.0963554259002541 0.185831795954596 0.154672136126751 0.194019554363379 0.00680450657985804 0.130711726471501 0.124503856370354 0.235741876725486 -0.0109853253479744 0.0808925021578027 0.251523062799859 0.18001847842777
0.15376261045615 0.193482590542816 0.198504459832579 0.255722241660075 0.327066030071559 1 0.385180151043611 0.317392540168142 0.49141259045732 0.531340112753406 0.216787931336863 0.148945982255064 0.22496333354759 0.153030033099285 0.198537657235282 0.390515858082776 0.0706729182437637 0.19012929164995 0.156675409434568 0.180887585387167 0.116685353688129 0.00878301739439907 0.212558786826888 0.152983784809327 0.138565481640946 0.200554328799002 0.101459727949657 -0.105143602899115 0.149798392242874 0.244142295246319 0.18168487591444 0.126700401586832 0.167550220749397 0.173220012273623 0.0491817371191797 -0.0138106361550008 -0.0441030992531135 0.0734760172500853 0.129491149623452 0.0437273504702839 0.0140107032991782 -0.0286910179304751 0.124600914657841 0.130515820110709 0.17471944487552 0.125104566259172 0.142541424357229 0.0833754943016608 0.142470049981923 0.0405001207743228 0.054416039352438 0.0100518731332285 0.0851810009572048 0.101164763800395 0.119074169602505 0.182234228433945 0.109752432011082 0.185755886079899 0.14376015300903 0.0829249782094472 0.358255176700237 0.307393011125154 0.217605897451818 0.269073256376761 0.137814819549764 0.133509194803334 0.0838551142998104 0.0717051558999472 0.0404281481687277 0.0640100114654653 0.237636149305664 0.206833235066597 0.302220298083616 0.294385640610345 0.145335221108207 0.170615771615784 0.0864420768133669 0.0945315492673879 -0.0465705108368914 0.0791173083781462 0.140816137618399 0.0938376023566353 0.216625559082268 0.173422816582283 0.21437955317777 0.168904937525971 0.0938551626199946 0.0458211863714575 0.15318000252989 0.247767849771257
0.352446127550099 0.271188222575881 0.639312289838876 0.608556635726586 0.475588104274336 0.385180151043611 1 0.674629083254751 0.656482712929077 0.410977102786246 0.339002613324059 0.227206319978911 0.465420466540462 0.391608235240618 0.354765453057229 0.412618359269798 0.115671002093352 0.182222667146238 0.378436230066512 0.292772964884835 0.0917309443639084 -0.0574808982848772 0.452415093795765 0.429889230968306 0.309551280636172 0.250452582438351 0.21670429733276 -0.134718594465552 0.286018785230167 0.334505512468148 0.527191989131755 0.497516251374251 0.55597837614101 0.563602809763674 0.335979765689703 0.346662010504201 -0.0125656367077461 0.209601636346982 0.267716014094955 0.119494709287869 -0.0520165223235153 0.0179081617581037 0.399101233600661 0.331064498242681 0.381208702828247 0.355885103698765 0.343393338299101 0.294902252289471 0.292319122588586 0.225730602423729 0.335462739697135 0.214343308842812 0.351829111154101 0.337305331327703 0.312919294456208 0.31307574699095 0.186342318209502 0.226611028581878 0.572700715633 0.436055498135711 0.767622773916874 0.594060021945557 0.48586770441666 0.431185330114199 0.412327862879054 0.439417646497722 0.610703541125015 0.479405762029669 0.113593782233943 0.225457278836039 0.506540100144449 0.494395833084763 0.26123276609944 0.330185908499567 0.14919798240314 0.104128947016477 0.319682687457663 0.40454466606525 0.106410832319402 0.252128671725472 0.289241700757234 0.199977584082149 0.178839274042876 0.177056599082148 0.348450780108862 0.385353358637328 0.00509775999564489 0.0147952992009799 0.455109246595228 0.414837822059267
0.230056341674059 0.212087259828106 0.398792340336543 0.829710202132881 0.334486836357551 0.317392540168142 0.674629083254751 1 0.541103235211083 0.607894815371923 0.187286965457453 0.367473987519476 0.150098473963597 0.426253260713926 0.120449933575826 0.405766926410779 0.0604520577866506 0.103446113741274 0.183339497311723 0.189486005040135 0.212402436325535 0.0364726285893456 0.218322141469401 0.538092522803583 0.148963524767266 0.400850125173182 0.0849566984485956 -0.222090910083056 0.0973247663410682 0.300563271941331 0.427958690678259 0.606967981654447 0.465934178469371 0.657897076878105 0.243033856431998 0.38314454225005 -0.00254754015123425 0.14104765063654 0.15500762557802 0.20197323683651 -0.124819971059404 -0.0338197042335971 0.35066661775483 0.227895761373561 0.307093495174165 0.303910195129866 0.239590616495336 0.213824566755989 0.20661781885046 0.127741909751856 0.31434988462544 0.20566368210139 0.351243781280295 0.409938324039625 0.26756776389281 0.294641832588108 0.112508491376555 0.124088091140092 0.476888742393682 0.466718974535993 0.658244832885147 0.849711568870896 0.266486000006649 0.462522112593293 0.30421069477127 0.713141217209266 0.567946576821486 0.648509796930918 0.0508032800204296 0.169824358270436 0.49061090624425 0.55278743055265 0.222535540137536 0.30389191049255 0.053668160089946 0.0697910532291307 0.398791740703754 0.420017188469547 0.232480682930901 0.226841247487856 0.254235097058442 0.240259859881588 0.0815284717909314 0.152297795429136 0.193578185294984 0.505500871324937 -0.178715963783911 -0.0220939799325943 0.40449532928029 0.593582797314386
0.166522340857532 0.116933770284369 0.571665988430425 0.606718540935154 0.679209727823064 0.49141259045732 0.656482712929077 0.541103235211083 1 0.714283661527769 0.190817270199105 0.0850573985500707 0.445798323510437 0.481212042060056 0.581890690184901 0.60681965462383 0.0102636639162652 0.0565627814035229 0.20516532442153 0.132116168058271 0.0668551999654362 -0.105608407376864 0.552667528528854 0.466206459784605 0.317021628516175 0.282409395828044 0.216263760556589 -0.163270368725746 0.0640702034456326 0.131202841910293 0.422790049599711 0.40539845681392 0.325380043963598 0.350606692823898 0.233332326818352 0.159982362637086 -0.138779567339979 0.130193791053688 0.0572581649699275 -0.0787431519998686 -0.216231056860743 -0.0824488306168807 0.134034607609247 0.0990445444705007 0.183633376016059 0.130092088379153 0.151250677838676 0.120038037044734 0.187400912585962 0.192228938388062 0.250411292709902 0.210155631578977 0.280153488731702 0.362951777807224 0.176827306896423 0.186357242980209 0.0733593640449397 0.0962651067196784 0.308305541490277 0.134549856139836 0.63907016514829 0.476122558564145 0.497376862268171 0.245017042564016 0.418576652847974 0.306822608057642 0.279532627535604 0.149800502770193 0.171541617890884 0.22996172845425 0.392024126025478 0.501816725308086 0.187091400041138 0.341056952130687 0.0581628422988233 0.126415291837899 0.197532280184811 0.298843326354118 0.0931570810423912 0.187924269397509 0.28589111052371 0.20899676328054 0.117699073591108 0.170379882082845 0.361207658327336 0.368675544935868 0.0424470624629256 0.0884269308378885 0.405145513342977 0.415350774871815
0.190538026221422 0.200020321933682 0.282002046122334 0.585700743630472 0.469349056635468 0.531340112753406 0.410977102786246 0.607894815371923 0.714283661527769 1 0.124415944548547 0.260132721586275 0.241954048751192 0.503824215767809 0.313141794377984 0.588717370653502 0.096251244308019 0.151528330948558 0.142312077627598 0.151521452612405 0.166825711543045 -0.0656769586506138 0.229023702686225 0.379610013078809 0.174571969025953 0.326255647409089 0.0605712370303296 -0.294152146546866 0.124961656317755 0.294316795980896 0.284825639540992 0.368229860949924 0.293750801874746 0.385010637029077 0.0494219834244952 0.167856937749528 -0.0312417602811 0.105449854587774 0.112361791441399 0.018403463043744 -0.0383286759897668 -0.139248029973961 0.153561760788995 0.116818109579039 0.16280045467993 0.127664883751601 0.155155617921247 0.0976695231246491 0.154646109332721 0.162782918728494 0.261232239529861 0.230188378932905 0.252521742584125 0.374763273327315 0.15457372673684 0.244908243332506 0.14810364945 0.133103831729008 0.186622810035156 0.180933513925974 0.435424992797712 0.56852393838666 0.36144627573454 0.403475885724841 0.184479015652399 0.34818591862069 0.191545616184581 0.207741899009682 0.0870158178203662 0.180120835371822 0.383259698006984 0.475716817499282 0.267115541071077 0.32918298735867 0.0742513051768306 0.12630730846907 0.246448672240712 0.329581875116479 0.198048726009987 0.208151663352051 0.30093064054001 0.237467781494544 0.214522186931026 0.206947774955817 0.269969800450076 0.395052550932774 0.0326391897291163 0.143450544535511 0.216859098629339 0.476139287871462
0.634726860579027 0.492646177965583 -0.0235482606829839 -0.0529727803321021 -0.0659865565482626 0.216787931336863 0.339002613324059 0.187286965457453 0.190817270199105 0.124415944548547 1 0.576652489752318 0.677433816314287 0.319813446889446 0.22414402693491 0.211746094834256 0.422323567474921 0.505973103698268 0.412213512472292 0.399808409770452 0.137458748858676 0.0670576420046363 0.0466214885308216 -0.0306978570266399 0.0393281419442011 -0.0951914239744613 0.0722443468371501 0.0665344430674699 0.402502840292201 0.416168779460425 0.00545366452982394 -0.0662958790482907 0.216599420420498 0.140454767903522 -0.184572545196099 -0.0957646870853433 0.12484896228075 0.194209462638903 0.238791840706898 0.217691117234968 0.294098069857747 0.182985901039475 0.300362842389138 0.360276191188737 0.227624372827129 0.226248352408118 0.255273691129274 0.299002457300988 0.230926870205728 0.182111229443937 0.243607118878649 0.14035662157918 0.220289609272886 0.165651148192009 0.39178275794441 0.407929884084 0.409431332147329 0.425923045658518 0.52040633844116 0.482111312456554 0.315380063171308 0.241633928933335 0.199271066947201 0.517270865266817 0.0138073787763013 0.09545456739383 0.0185435955842362 0.0252190027481964 0.218341611176637 0.257941668144666 0.267244547515225 0.208989889674334 0.201107705391779 0.271613274681917 0.129680091758166 0.133854207379367 0.29068809310179 0.293362218359045 0.154416345785026 0.248423160721706 0.284039658335944 0.161503968648059 0.238979035678985 0.29695023647755 0.368213422909564 0.177944919563252 0.300522997785626 0.127197894798256 0.485732674739359 0.466310615987394
0.561787665637548 0.623632538127094 -0.145989543655671 0.16006481807001 -0.0693833271004565 0.148945982255064 0.227206319978911 0.367473987519476 0.0850573985500707 0.260132721586275 0.576652489752318 1 0.33738487649944 0.527953647783936 -0.0284530859495203 0.169501723076779 0.460656148089839 0.575121222633894 0.404375603933112 0.583156889530086 0.258188656576824 0.0370670192865938 -0.190980376848553 -0.0909637878466844 -0.202104663304586 -0.109875252655174 -0.0460345017167305 -0.0777174828041662 0.574329991933782 0.714519584313947 0.0690093023271229 0.118836916547459 0.335186461196711 0.35648432422358 -0.325109719338609 -0.100027951532094 0.101816720016667 0.213286064265503 0.182121695892718 0.210144969259566 0.233072055746587 0.0873967998945657 0.311365824961379 0.345696452456672 0.246573919937296 0.253034784269924 0.251308259510791 0.269807176922096 0.277648531085876 0.228519375497892 0.332920817797258 0.24614779049448 0.332134785014293 0.300354485017623 0.351075150540423 0.418057680924843 0.417462475023353 0.448186277968116 0.385703079997029 0.564586651042651 0.209739099408797 0.41357671901234 0.229925670450567 0.774893107257912 -0.251318968742088 0.0976503325850161 -0.00898982119723104 0.106531870473358 0.159374705988899 0.265186055634775 0.324133284147805 0.170799779578335 0.283114304640411 0.309579832694877 0.115820809360572 0.165231898234866 0.251759814134024 0.278726421146449 0.280019090426148 0.311517229791542 0.381207757867768 0.304790930816045 0.398488779824648 0.344474373466435 0.246946128381038 0.287042187243613 0.141747092540084 0.0868499553994758 0.212238574929361 0.397852150210123
0.500612664100187 0.393979237986397 0.23496708858317 0.0712395322257545 0.231595856008766 0.22496333354759 0.465420466540462 0.150098473963597 0.445798323510437 0.241954048751192 0.677433816314287 0.33738487649944 1 0.486876074697404 0.581323780620559 0.39189349687643 0.350616317448924 0.386882106806043 0.394254233273169 0.37330462561551 0.00125898084620116 -0.00986010948190618 0.347368471526498 0.122874200871934 0.239391738789537 -0.0496488150531736 0.157986137796082 0.0396261840155408 0.430208477308649 0.38364606565698 0.240376397906667 0.0649024390724024 0.280422616187859 0.167025431854098 0.0501848875621253 0.0243682607348397 0.0954275308027576 0.219000592866519 0.217647092900905 0.125090375389434 0.200325179521684 0.201489546876488 0.25635201582979 0.30904091436145 0.273616517981032 0.231698709882822 0.312142308013127 0.316183122224253 0.286394601046912 0.30201921990049 0.306677733711138 0.284715358974835 0.239953636103134 0.318407881382181 0.339403002652511 0.400777024613636 0.353028601076163 0.330928094938697 0.384428157635623 0.290963794944471 0.352131152937435 0.158878282341562 0.446003587363783 0.381149432701186 0.155185558770069 0.0544140228897875 0.0810702250241209 -0.027329641670309 0.281754631952033 0.347195411948266 0.248488286570395 0.245185615060663 0.051045951372266 0.289995839347698 0.172902452168164 0.179443782896816 0.176876504233238 0.340310371427945 0.173811784639869 0.323318706919708 0.424580027981514 0.274279132228244 0.315731593966677 0.344535786854923 0.481682467540079 0.236521306038243 0.333693594341369 0.115429090262556 0.485199722112197 0.360953913505815
0.277324392830283 0.283113302975645 0.228437487683951 0.49312295336234 0.395914738721891 0.153030033099285 0.391608235240618 0.426253260713926 0.481212042060056 0.503824215767809 0.319813446889446 0.527953647783936 0.486876074697404 1 0.47689192322488 0.652661761635867 0.185405455640805 0.230600089824086 0.207549645648078 0.305874773330043 0.147095123498871 -0.0326377399109437 0.259415042204765 0.412623685513952 0.104201606798197 0.138717772615847 0.0527309428393317 0.0372022275510747 0.379333099332271 0.469886128848153 0.40329535702598 0.372185908425122 0.37578136605008 0.438231840139597 0.0135008039664758 0.120399086158296 -0.120074275093884 0.0557025686459014 0.0743716195957588 -0.0463912589994682 -0.024457018795833 -0.0104616547239551 0.219511956658374 0.195375606271132 0.203382164042555 0.159948120085794 0.181534968901667 0.173951354516831 0.219536808568457 0.173554449269646 0.246946445719023 0.223740122515388 0.278367036472593 0.405120275895167 0.2013547271413 0.27099289941875 0.212118005102538 0.184834416619342 0.193189501534671 0.178604248955194 0.373590689479059 0.416592642108562 0.553532486483718 0.514970453392294 0.138346201916354 0.238457131087907 0.202623496465069 0.168160509691301 0.0392641158403283 0.137215138232241 0.413863594051459 0.478148627036429 0.0930520592834862 0.317413923793403 0.0780364533184208 0.213195523270585 0.309817569011172 0.332726237696749 0.318213050423045 0.285258944283636 0.369470375042865 0.305638583236725 0.239513332872418 0.267286294846303 0.278895432909422 0.456085140326126 0.125390964412383 0.090842743479672 0.282067335188622 0.334547097134564
0.183840028584994 0.13303550428896 0.545869275261135 0.234837655637465 0.451185402162343 0.198537657235282 0.354765453057229 0.120449933575826 0.581890690184901 0.313141794377984 0.22414402693491 -0.0284530859495203 0.581323780620559 0.47689192322488 1 0.697523980761484 0.10522689373883 0.118121842769841 0.165422397077228 0.09147543113188 0.0550800547147088 -0.0974292237573481 0.765687186057638 0.474034165957716 0.607985014063234 0.26813238865878 0.455496581671441 0.256961848929078 0.115186791206364 0.0885837670376062 0.423829271232295 0.306538797497077 0.232004214885326 0.181312000197003 0.447403500792471 0.23340451450982 -0.0907056358275353 0.123695273192959 0.209951648595721 -0.0838700391183392 -0.036538216427304 0.0706108125194991 0.17777371133353 0.173703000200715 0.218494319241947 0.149977094035798 0.237527244509834 0.208751585630488 0.232003912680401 0.247862641938087 0.26174988165022 0.304436001641065 0.295530295039527 0.393015049893542 0.270840560921971 0.259209437238217 0.163154120934892 0.182523053306016 0.24094870839761 0.0559579868934706 0.267883545533719 0.164778757604812 0.330895757757437 0.0594683733818705 0.549238616317175 0.223664384950656 0.261325806200583 0.031625824697689 0.183422335921299 0.192621271909039 0.357768069414231 0.395507526719534 0.060649578377588 0.267972088733664 0.0691507680061263 0.0670496026102692 0.0871432751029386 0.31773170257083 0.197365337707057 0.245924281428541 0.331215809690817 0.235472623834581 0.177816620146663 0.217421526323351 0.537591057795507 0.362821920306623 0.303681290153563 0.194914602719429 0.472006625730383 0.372851966648554
0.29270866274865 0.276035033292912 0.49502721959657 0.46680171469486 0.44237739843682 0.390515858082776 0.412618359269798 0.405766926410779 0.60681965462383 0.588717370653502 0.211746094834256 0.169501723076779 0.39189349687643 0.652661761635867 0.697523980761484 1 0.221200022150159 0.263195784287839 0.230181932123725 0.234437750299375 0.291815404612587 -0.124766680619653 0.634097938577457 0.648979109297042 0.552439353229753 0.437376965003744 0.316814612718645 0.142340082274503 0.171633441226309 0.305035007462947 0.512328244667667 0.41738738328728 0.416789521800342 0.437878515307783 0.37458547920656 0.284021818809362 0.0342090757866561 0.133728902811693 0.335668091305155 0.0715503449913609 0.0190389733361919 0.0929330263638355 0.327229251987966 0.3009788987449 0.326420519849848 0.279945286861323 0.303634285827622 0.281612320100684 0.310623920552717 0.27774455376646 0.320740775579935 0.253236008656383 0.336404032298923 0.400981783771111 0.359672860168948 0.390173628914094 0.308283298500644 0.28846141973032 0.285515521851954 0.143962135537105 0.374746511732934 0.390003902404792 0.254529302232091 0.256329002888695 0.55874498960151 0.447542889303015 0.392947639138805 0.271632078943654 0.157349430485188 0.257542005443272 0.425903621230015 0.52853104220896 0.140953592970473 0.39576281856278 -0.0476672209558803 0.121811693506461 0.253686583814572 0.358047646214906 0.318989538310081 0.35211774959332 0.381635312914232 0.337818996665244 0.275965353080048 0.356050001652758 0.503274131356392 0.592562076991541 0.271311929874926 0.278749611092956 0.387454270206011 0.48879555163803
0.813244338447454 0.822247366784627 0.0257256300326892 -0.0581307243482099 -0.112459187809205 0.0706729182437637 0.115671002093352 0.0604520577866506 0.0102636639162652 0.096251244308019 0.422323567474921 0.460656148089839 0.350616317448924 0.185405455640805 0.10522689373883 0.221200022150159 1 0.855176310923725 0.557434039056944 0.630800401174186 0.339362261176452 0.107372998239599 0.0304726912022577 -0.0624247145393517 0.128060834188627 -0.0214668689584248 0.285374708515893 0.0136686484935389 0.534828906304045 0.607297529614257 0.0781235311703954 0.0154628069556218 0.409703742789983 0.277706373506791 -0.0555544569930501 0.0875742581898012 0.48938319651124 0.563493781314876 0.469407845404928 0.353458539265603 0.423406733449133 0.460440337846028 0.533482864590422 0.639741798894387 0.52832561920405 0.563835270548338 0.575819813158582 0.605325556089406 0.576993142761279 0.553590474623892 0.387274648976486 0.273352663362472 0.353790607297733 0.201393369650775 0.52977204174436 0.576565455113874 0.900677932436711 0.853193421861157 0.322164071247176 0.468943032663069 0.0700706697316002 0.11493878100625 0.0944549965522861 0.591885244496961 -0.0604259992126988 0.0674970260619516 0.101489967628901 0.147510143821165 0.486034147628459 0.589727228038379 0.192305463477252 0.212190960938143 0.201254937436604 0.311473829895022 -0.0272299674515055 0.0828156847137282 0.238081973158791 0.368957971145258 0.526938286041828 0.72836961855242 0.704250051719999 0.648331891567453 0.622218645364631 0.613499603592511 0.529853288238001 0.418540467111533 0.494422411545114 0.311114837280761 0.239304606338033 0.341264277577817
0.838881787353906 0.86158504422255 0.0576334264370564 -0.0426316182378582 -0.0898471169952 0.19012929164995 0.182222667146238 0.103446113741274 0.0565627814035229 0.151528330948558 0.505973103698268 0.575121222633894 0.386882106806043 0.230600089824086 0.118121842769841 0.263195784287839 0.855176310923725 1 0.658153209458284 0.694616847036803 0.325475061369426 0.057028608087303 0.067042319058385 -0.0458255508926942 0.135448226679142 -0.00128030491932572 0.26475257824543 0.0179022238820464 0.597038672465785 0.737745333140916 0.149481430969071 0.0704520583803148 0.448456068401994 0.318210894641153 -0.0898052721452999 0.0429112176204001 0.424139265885252 0.489488234188431 0.518259125053791 0.371659081909005 0.442166041406918 0.392466895944985 0.508451186078645 0.613129835536758 0.497741243548892 0.51850106403724 0.549501662159447 0.552328348141262 0.543766315111092 0.477363216329705 0.388360668828931 0.26628227841018 0.37391427528557 0.243868692967539 0.557110589427916 0.565186633478456 0.864089585731974 0.854092736228578 0.384714067578553 0.518540679030203 0.102844116684899 0.190906003882707 0.107215297742322 0.673440462183774 -0.0410869390615704 0.0815242709237551 0.0948712914601331 0.142223813469047 0.413208902844883 0.545721178195195 0.229682549697134 0.240047766404235 0.325351103470913 0.458946658113015 -0.00915222046704654 0.105335801020313 0.230018639437378 0.363783519648323 0.417589651340658 0.719930264108601 0.636359334873276 0.591978386422989 0.607643718438211 0.633207910586411 0.541342104095978 0.419682636846353 0.555267283143227 0.33339651936013 0.248764406530737 0.376914404991272
0.744701833103889 0.715656224117913 0.326806620420477 0.120143155592325 0.0551431389751435 0.156675409434568 0.378436230066512 0.183339497311723 0.20516532442153 0.142312077627598 0.412213512472292 0.404375603933112 0.394254233273169 0.207549645648078 0.165422397077228 0.230181932123725 0.557434039056944 0.658153209458284 1 0.765324553277196 0.23545860039912 0.10703821896678 0.256348266503783 0.0535141075330065 0.225580179607312 0.161746260448905 0.305640632453052 -0.080805132335645 0.561648690105116 0.620321361051648 0.365749280218931 0.235777283338437 0.594048925518287 0.455797117554997 0.0733979537224069 0.148899960656446 0.228735782966308 0.371276128516335 0.379211894205452 0.285601622118868 0.187597747375979 0.273407349445932 0.467948284911181 0.517542689334736 0.426332986090179 0.452795047356386 0.472052362214541 0.446379753767839 0.446149275510236 0.391490127018735 0.270459997747141 0.207882932218819 0.31313843901148 0.223144017181025 0.414456514694402 0.428020003512332 0.59321816957467 0.632283336262074 0.354768429455454 0.455540859465279 0.132304156003165 0.206820415813275 0.0621983557962133 0.499538758074107 0.0289424661942999 0.0778525561073064 0.140219830333753 0.144538963338219 0.327598543983485 0.466092851838932 0.421710835454759 0.400940673076027 0.408424686246491 0.429701806613449 0.0684840763759738 0.0940436509616768 0.174770941363445 0.315431157434669 0.117523527001058 0.436072860135927 0.3323509218701 0.294682283294882 0.330220268582557 0.334082357704816 0.333137733037464 0.276489914515269 0.344652302372889 0.20583636036551 0.121460730293068 0.309485575689149
0.745529267989947 0.813681528337726 0.179304068423063 0.124050162097004 -0.0577211196047506 0.180887585387167 0.292772964884835 0.189486005040135 0.132116168058271 0.151521452612405 0.399808409770452 0.583156889530086 0.37330462561551 0.305874773330043 0.09147543113188 0.234437750299375 0.630800401174186 0.694616847036803 0.765324553277196 1 0.269328011601223 0.144759329992704 0.105025647160529 -0.0461386756444505 0.106083812906315 0.0423978710029363 0.229198779544797 0.0296662743669287 0.644237820969634 0.771943425335961 0.338165488128981 0.189842067846948 0.573798096282 0.481527175363866 -0.0556594784899148 0.0339927886675283 0.333152649667255 0.393840668650903 0.394204233299275 0.222690058101803 0.288143657496478 0.268915417229236 0.508260492107227 0.545816482784765 0.489379204982073 0.513529592353995 0.521676175475851 0.500198414687425 0.501022012409344 0.471197866043135 0.366041833205802 0.288721713272411 0.350730439726358 0.273480629601566 0.449314179440112 0.48582763266323 0.655457387897799 0.635169491690511 0.326507983247176 0.483751969461551 0.0364851234027051 0.150000957502056 0.156822540703064 0.623106046532241 -0.132333355137497 -0.0400653591410152 0.0835668898896796 0.118423829668259 0.38823464054765 0.557890390104029 0.337030219979648 0.251704503536123 0.387542145190894 0.477935096404609 0.12676622636823 0.235187991886615 0.142541686274233 0.318498293649581 0.19187888523898 0.439479401994369 0.403726804354069 0.315011742430757 0.436202758045738 0.402980010667357 0.335347872052959 0.25409674408029 0.287393635081973 0.152927512332421 0.0749903569012319 0.238741540430728
0.320348144291026 0.38526787981891 0.117345487249327 0.0851849808689463 -0.0206606281197858 0.116685353688129 0.0917309443639084 0.212402436325535 0.0668551999654362 0.166825711543045 0.137458748858676 0.258188656576824 0.00125898084620116 0.147095123498871 0.0550800547147088 0.291815404612587 0.339362261176452 0.325475061369426 0.23545860039912 0.269328011601223 1 0.0620579172938979 0.0658178561043694 0.125274489018909 0.141941553985483 0.19651412821665 0.157224654636124 0.0550623768509229 0.184433644512672 0.308148534796039 0.181979524982579 0.108196804816649 0.310947632115926 0.318326121190421 0.0480375695719537 0.0776471696202002 0.120456513011824 0.0340860728075752 0.238681600845177 0.215169155983765 0.165692455997209 -0.0513670895078167 0.375991469455834 0.352536314321468 0.3005320001784 0.291255322040092 0.313502566848487 0.31430535166537 0.272168963507135 0.197408705333857 0.25039775735026 0.210794278681589 0.267522819198962 0.21984319057445 0.297529153575109 0.369806301579727 0.308595645017126 0.316400363107264 0.187152659781789 0.272503456955044 0.0294378195287104 0.170079687296514 0.0195466136604888 0.323143359907957 0.0476767097343966 0.160283449034686 0.154321698594807 0.207208408126938 0.127029126930541 0.160876746576837 0.250524796797402 0.215953191784049 0.259224943311206 0.271717952706384 -0.00166805936426533 0.00178217192250161 0.189432313685094 0.321377079491971 0.194294942719278 0.268682537343279 0.204443117668442 0.184534963626049 0.234865108782719 0.160985942671683 0.22079139268059 0.330143140284864 0.123073679418526 0.181554734660127 0.0807938906754856 0.302543976573934
0.134967897174789 0.0998313779089269 -0.0262638001268176 -0.0137731252624258 -0.0804066092654011 0.00878301739439907 -0.0574808982848772 0.0364726285893456 -0.105608407376864 -0.0656769586506138 0.0670576420046363 0.0370670192865938 -0.00986010948190618 -0.0326377399109437 -0.0974292237573481 -0.124766680619653 0.107372998239599 0.057028608087303 0.10703821896678 0.144759329992704 0.0620579172938979 1 -0.0336403738596945 -0.0137374060855217 0.0335783258730547 0.0690000107800339 0.0554998052544866 0.144866120172966 0.0595968383422333 0.0916586035158764 0.0719695117444329 0.0780443525555061 0.114486989233656 0.115667340585534 -0.0134443294464733 0.0628169181476514 0.112885581495175 9.61611466926296e-05 0.00543536916182497 0.101274801397572 0.0880560502558669 0.155563967036991 0.126832102897887 0.135451929378093 0.119338227505739 0.129632198349256 0.126171049468835 0.159572872324413 0.102558271260842 0.145487012051672 0.113880597762025 0.127798562247292 0.178291114961206 0.159662035413308 0.143806290329618 0.145108830403584 0.104233288903293 0.0334829933282152 0.0175339344301469 0.0856679551237895 -0.0224832843596165 0.02054168134378 -0.00701855586596333 0.0634174801587443 -0.0858861094833228 0.0479280272556242 0.0497984736048976 0.120753385938451 0.148576015413127 0.102809967228569 0.0464439111912772 0.16722568733826 0.0264380349936902 0.106997011190717 0.059404067116778 0.0041465237456897 0.12828410024613 -0.00682467412974037 0.0868175681147837 0.0478458596091143 0.0494744648752331 0.0692969804149604 -0.0583860376898105 0.0529890881368912 0.0397072231771991 0.101324894464276 -0.0166198915753978 0.0502253554420925 0.0838022598374123 0.0872348496709355
0.150705240926686 0.0892233129883307 0.809399647863061 0.402239553963705 0.439706503142827 0.212558786826888 0.452415093795765 0.218322141469401 0.552667528528854 0.229023702686225 0.0466214885308216 -0.190980376848553 0.347368471526498 0.259415042204765 0.765687186057638 0.634097938577457 0.0304726912022577 0.067042319058385 0.256348266503783 0.105025647160529 0.0658178561043694 -0.0336403738596945 1 0.686406154562802 0.761700576236827 0.519230205673916 0.562684313127077 0.251500843726218 -0.0157753999189061 0.0270062152444872 0.554087562213879 0.464014053987514 0.331485497632622 0.347714541791178 0.701118062279628 0.383786843066276 -0.0616380172948143 0.0972062194246272 0.25554472492203 -0.0258754856440616 -0.157152716386797 0.0534537720650187 0.190634141278876 0.148839530435046 0.221120276957188 0.158135369163492 0.213514481073606 0.178928812254457 0.190389201860339 0.152410126001583 0.156380695776901 0.146500190279224 0.238967833629439 0.250064330619914 0.261103123759657 0.172613008357671 0.108486457880941 0.163597345134451 0.232711483852551 0.062702284567586 0.310383318129735 0.21976660752437 0.213054790329972 -0.0387174225424814 0.777416918921586 0.40204929185814 0.472854580532889 0.24812499944361 0.108727486277642 0.152646792526542 0.430960361695754 0.416839709591426 0.0821606329419855 0.258880690657711 -0.0298339568217139 -0.0149994433914019 0.0960943142049974 0.211585568799777 0.082198249667692 0.211879509492718 0.206320445915502 0.17257103737297 0.0506332708631399 0.131741050903653 0.530471633903231 0.454000363852381 0.23531063481254 0.254791989182023 0.394044067639637 0.314206684585579
0.0116419816521619 -0.0494252694725049 0.649021127601829 0.694961941042943 0.408189332936191 0.152983784809327 0.429889230968306 0.538092522803583 0.466206459784605 0.379610013078809 -0.0306978570266399 -0.0909637878466844 0.122874200871934 0.412623685513952 0.474034165957716 0.648979109297042 -0.0624247145393517 -0.0458255508926942 0.0535141075330065 -0.0461386756444505 0.125274489018909 -0.0137374060855217 0.686406154562802 1 0.567824458563651 0.68316773266029 0.347665766306124 0.215489942700765 -0.0901800384733519 -0.0192079475352237 0.508870502497415 0.606416191316564 0.343372917991266 0.505292275229251 0.646143453393804 0.540064443602058 -0.0731066939953668 -0.0193274312837745 0.176468791530711 0.0766526168670272 -0.117841889033635 -0.0191805954889183 0.171747911057638 0.0477341950244486 0.153713234632179 0.139984976047993 0.0928588610205438 0.0726557941022706 0.0576844897466922 -0.0209393157853286 0.0885685868642127 0.000505465252222276 0.138521279120451 0.183290748920344 0.166357937809673 0.115539741463432 -0.011813487573067 0.0134185760537366 0.160680176264153 0.0345230291245989 0.439891140657986 0.462029710592262 0.22864659788503 0.0492182977507523 0.726480932872705 0.682769036899834 0.657497427746876 0.57827877448429 -0.0369356708300725 0.00902278777040607 0.377053879451535 0.473105881454226 0.032127526200614 0.214340996682436 -0.0286063100688383 -0.0208201099959858 0.325648138346946 0.217477609733074 0.158333437744173 0.168939463857191 0.112574984291668 0.156928472483044 -0.0411767927947003 0.0865153191348599 0.340373154893613 0.608624031250291 0.06244002941827 0.196101514754513 0.348056666371651 0.406994859965971
