1 0.752153071722923 0.521389342955953 0.429187931499603 0.338038380071492 0.490824750317903 0.525593050898184 0.425137619786373 0.457913427208615 0.337185901035501 0.603480902065265 0.545020292629079 0.560905953071445 0.459349897680288 0.484981199592249 0.552902316814246 0.65832896751736 0.677338268698255 0.685553917005305 0.660962081361067 0.499169639200763 0.381211625610681 0.532007794994957 0.476344753282673 0.0864272728180423 0.460954322164112 0.333610979315531 0.166907645741699 0.711318200517878 0.680838834294821 0.401442047414558 0.454560024434293 0.606517733820599 0.455935498117383 0.156372276102359 0.162605828453507 0.261768035753558 0.273265263421398 0.179361002060956 0.152409773664104 0.205456598764171 0.109403122453478 0.274006907668633 0.252152456031858 0.345596390264839 0.379645126958083 0.317513194245548 0.206950818446563 0.403968107597339 0.34099336011789 0.300541775322985 0.195898379512333 0.192749583346138 0.168178685050439 0.196898701905151 0.162258700040284 0.774150912726692 0.709659375841305 0.612856321925414 0.279044425786096 0.696921810669461 0.419383574127207 0.644105039320629 0.57655091430461 0.259415018279455 0.268522524912155 0.497926208898412 0.352706279307113 0.534608665172917 0.50183085018397 0.135901190429313 0.343897090223409 0.338995343801432 0.336628843422754 0.106909908186535 0.238381698587186 0.164688205114223 0.0944828377946938 0.521698846531928 0.578632371176957 0.566364551629396 0.477924598609512 0.541759319014783 0.307283569955267 0.333054210739955 0.42925794701316 0.21262711887602 0.194469607167174 0.313927806249683 0.405487008284639
0.752153071722923 1 0.509032859281856 0.513968237053995 0.374788569249201 0.438820581408522 0.559757642138345 0.541163862114397 0.455947086012663 0.37670030127098 0.465297479299616 0.62016113141942 0.458069103865482 0.501928152017855 0.369443377495346 0.498571707059654 0.585159336182655 0.818497949711054 0.611452896546592 0.79079609717019 0.513953911631011 0.434342230518269 0.473376844666529 0.407163525245951 0.11207642519077 0.415316265100889 0.356193081727838 0.10953035777055 0.690242623738602 0.781020940981625 0.44074851796116 0.550873883559857 0.614030462471728 0.541039331344081 -0.0461901558106261 0.0723557133545013 0.395542922323526 0.463649128806096 0.313350375355276 0.260614733054215 0.241838720216407 0.0275147464291654 0.385842794877915 0.352736740148523 0.423847711142437 0.426008380024437 0.434129933409791 0.340403149205775 0.404904216128057 0.378063821475705 0.429635743486325 0.283910820784176 0.265916365220165 0.259081831743042 0.352671192922972 0.330053868689268 0.631992833857915 0.830666782944406 0.472548699097786 0.276026434586589 0.590490338996073 0.402599044770943 0.611600258251712 0.644077869281668 0.28538884014505 0.32911425918128 0.525964347649452 0.413540917597742 0.579976413604261 0.483340027888093 0.184911645997483 0.463020794887372 0.433825560386221 0.38642710145453 0.00833802845212238 0.223820626893485 0.264051076920274 0.197431405742415 0.447442631764357 0.596577570213356 0.540524587909548 0.521622675349826 0.518685125134555 0.347359544611438 0.348261725343815 0.511769539647805 0.26483902689664 0.192512293284251 0.314654340614173 0.433764738129688
0.521389342955953 0.509032859281856 1 0.875830079916554 0.633172597113306 0.388551609364402 0.88254859422709 0.785152025698867 0.675714848728566 0.441501057487475 0.535987402325788 0.574661956230229 0.634676143836432 0.545547987581603 0.639212422481756 0.529455356878418 0.303579756124695 0.411353726485995 0.696907655163946 0.593240580891501 0.412528429222869 0.271093440273092 0.84407787866716 0.644294535985639 0.470964095559267 0.463859341066987 0.321580085957558 0.366881064736837 0.436852508926925 0.547181703472757 0.700775745418441 0.760155464915677 0.683923591706401 0.557216673095163 0.282605164064317 0.274844633640021 0.370495748389797 0.459355552384128 0.210800044305826 0.258200580017514 0.128648608572352 -0.00686081110801912 0.309661893949879 0.243191848697559 0.384939016303508 0.354260817318964 0.390490967397594 0.35759548116931 0.383017019083234 0.358164481707133 0.525591549740811 0.419584091937434 0.396606946130148 0.546117447365774 0.417776914164108 0.354831994245513 0.255315008499051 0.28347927865528 0.462837895878471 0.363879188130419 0.635400604875249 0.633967794318453 0.433726033759014 0.58934248619122 0.611995806180431 0.673411457697479 0.792007388265322 0.657757535328039 0.33682154236087 0.276745436859215 0.45344566735771 0.349703867807353 0.416097427057207 0.428514285290649 0.211479699979866 0.202765086210285 0.214940662119957 0.158461099531871 0.161310406195898 0.27825088013714 0.262779702812696 0.350375474378225 0.536142659027335 0.248732440932469 0.529847557447975 0.484498319790566 0.147913227175684 0.302652853078568 0.538235981925896 0.487635754345646
0.429187931499603 0.513968237053995 0.875830079916554 1 0.637447140322812 0.50718442094975 0.790585464607022 0.784221267394647 0.605629342736578 0.440585961993011 0.426369164462688 0.557133566643816 0.552466148701945 0.60928152496784 0.566256022897559 0.586738281136262 0.322051511922312 0.439779211475088 0.615297040830976 0.578107256398991 0.498226237796166 0.318774584345864 0.834038732242077 0.755251920517992 0.456765770695526 0.509143195563244 0.419861537923735 0.410828067847008 0.437965540024225 0.575162129518437 0.70935986802896 0.802120305707398 0.603648518314519 0.51913806847396 0.207906367319201 0.235572015273041 0.352017540012953 0.425520289523374 0.210253444802878 0.282255884949753 0.0655082829333205 -0.0339326645904122 0.273390371639919 0.193576718059142 0.370448899280135 0.315994052312909 0.396010920752531 0.328496084534594 0.358892866742281 0.332896831024709 0.505684401892825 0.398496245947389 0.395508526377126 0.523185979833668 0.405350323911711 0.390812518759759 0.231476536550619 0.282002345168237 0.42115072756944 0.412835374108713 0.580806894095897 0.680312795232144 0.363923266491826 0.588596160628703 0.66354310562099 0.75794089571853 0.799360730646242 0.67131777321753 0.30697844297839 0.23727847171034 0.504831652408851 0.432416584525418 0.476979173555741 0.435822579452306 0.193904779838838 0.186760742707548 0.29070763299696 0.22446738466641 0.201446067326204 0.315061955553071 0.325021550117543 0.420849099518101 0.568621770597254 0.353608366812733 0.552349482271072 0.569848851831516 0.224765794712096 0.379279671593396 0.546909087072998 0.545509850633423
0.338038380071492 0.374788569249201 0.633172597113306 0.637447140322812 1 0.52763876450117 0.66942440637766 0.641385495406347 0.726586281443501 0.560452296251339 0.428075935796866 0.321211591893732 0.575451527044242 0.428397817441007 0.502507730221386 0.440461846487691 0.172726550902451 0.292066203294454 0.4522193674115 0.369286167416017 0.355166192097939 0.225059403806996 0.642804749720675 0.462710426734214 0.305404151017537 0.426284724249326 0.417971822999053 0.449365693966787 0.344642447032669 0.391704602978138 0.53904073573657 0.626358352894628 0.474544935769472 0.350917711439691 0.246086138009321 0.204518144346036 0.358956139816541 0.224121430649242 0.263467286459121 0.234485072719149 -0.0407176248547789 -0.0904320913938854 0.209267172337069 0.147506727479207 0.24666318405019 0.21345102234235 0.337151081837994 0.31547233046556 0.29806170436034 0.258557833204426 0.45437211863335 0.299384760175981 0.298439585429206 0.457025737363229 0.367915065089643 0.268951992040186 0.143964195306895 0.190660064612103 0.382652536611917 0.283479439121774 0.562188829243725 0.565481151336999 0.232705205661929 0.359346396171256 0.608982374270367 0.527740273781709 0.625874560136623 0.457688646361349 0.22588684177929 0.211146961808794 0.459293066444356 0.335548087541248 0.350395312657645 0.295542763935828 0.0543631496479153 0.121503567710066 0.308880969315848 0.227881311816231 0.123951166965079 0.203602642372334 0.16413718805796 0.242722692764458 0.458602334537418 0.155547596391043 0.446019162817161 0.384050320067741 0.233638159978468 0.132433074339265 0.532932622524371 0.408787964198202
0.490824750317903 0.438820581408522 0.388551609364402 0.50718442094975 0.52763876450117 1 0.455732567013426 0.525490139199044 0.540714850538902 0.629655190040474 0.352578853511061 0.486829021412645 0.539070897282305 0.618055169434284 0.429169520070172 0.629073949677549 0.353072126101538 0.400414584828377 0.302754165884932 0.401554262595237 0.494015614230006 0.330284464956461 0.466029656362141 0.553310032107832 0.158139733294991 0.573861379333393 0.434246834793566 0.293933087557287 0.467772764690576 0.476820307609695 0.272627964403906 0.417975825281328 0.444382121722567 0.431121930058951 0.267349340542035 0.285854854367776 0.0922336201081477 0.266099768636431 0.0414029001749019 0.0302612227685988 0.167242884488832 0.202198523783106 0.158844845890582 0.15712316073425 0.242262342040413 0.250369363300934 0.226208863978185 0.130954592657576 0.25507689184663 0.243259961662669 0.282634532312405 0.190584537034253 0.0973000063988345 0.186110561614431 0.223096722665725 0.171357891969499 0.373928337057913 0.373212076051675 0.321777536198875 0.212936071895621 0.483611361236181 0.525647939356556 0.379375935297263 0.442392055095693 0.406883334559589 0.490498589989778 0.493131695603661 0.468567763827262 0.349355113336431 0.39967109493044 0.138450051286088 0.294144281456905 0.247696814925667 0.321714996289965 0.0374532731561699 0.21303877680658 0.0779175716170417 -0.0270769657333318 0.350560694122084 0.372296605190355 0.465175435658766 0.481288003435764 0.467300250097085 0.456253471844028 0.446656982464926 0.518491202746182 0.0814979307937098 0.391928916480763 0.471025741567586 0.392977450822343
0.525593050898184 0.559757642138345 0.88254859422709 0.790585464607022 0.66942440637766 0.455732567013426 1 0.888273326431126 0.74191823359312 0.515924981590361 0.52638523339833 0.641133462912464 0.643076598381277 0.596733656612454 0.509454668491426 0.463901091420615 0.281432080375462 0.398791452498013 0.657238584755595 0.610469687601751 0.386241186359585 0.246952741953517 0.68718779856127 0.477692791699922 0.323868261468084 0.401943219427613 0.254500261379986 0.359330455607161 0.468675330381311 0.539989400131287 0.62491481943745 0.709980297943427 0.695983821812759 0.56163732802115 0.181690623279168 0.229041297930311 0.335470794201465 0.462027267476194 0.188296947654673 0.255357049692992 0.134141667388769 -0.0236576850243592 0.344693941205498 0.304403060403273 0.454938863095495 0.46193602073006 0.458578771190557 0.418875504731313 0.523931787001549 0.500359366390764 0.617006719607789 0.54712130474945 0.424195971947145 0.529872553582848 0.471703344626226 0.447470344958186 0.254787303260162 0.300524060632113 0.618339895589556 0.497250211128411 0.772672088544416 0.706538761914202 0.493402614408882 0.673642050837458 0.52192754353287 0.671486865998649 0.752631762504623 0.644052191129163 0.373113496902037 0.33872121612384 0.390910900348391 0.350639628788148 0.408953885140578 0.404206565293982 0.209068757321365 0.161984093028362 0.238013234446169 0.156776161241754 0.135043084723245 0.262690179341429 0.261264406391129 0.340245665119361 0.523695330069152 0.200929397299703 0.491832918771489 0.535628185779337 0.14714999882947 0.216576699819928 0.649510190767263 0.564688255664477
0.425137619786373 0.541163862114397 0.785152025698867 0.784221267394647 0.641385495406347 0.525490139199044 0.888273326431126 1 0.708624314221071 0.633777396932283 0.416357943858067 0.653663391807596 0.557749388415334 0.623520282877468 0.39657216833639 0.440065129856813 0.186105144926552 0.349698989258998 0.536886062146762 0.570091658372994 0.401925684456987 0.256391077233059 0.603157436592512 0.424786790642721 0.216005684757205 0.326116048928289 0.185340885219369 0.304346850425282 0.395961715903465 0.537157789711921 0.545302712414291 0.666927774647362 0.630135680799785 0.579798942298134 0.178256322715314 0.265266490849118 0.272453437031371 0.495423897853934 0.109465287090852 0.196298796406691 0.125954323427324 0.0213674907199497 0.288363519954889 0.251047148634211 0.430130478857125 0.404198675371666 0.416319053005093 0.388839474008116 0.477026169735288 0.47763082161644 0.575287140424143 0.536265742529448 0.44519686961721 0.524299294842599 0.484967358877048 0.457336132693506 0.18197080791652 0.286973086745964 0.544923010913823 0.5130596356604 0.695919682971672 0.802687555448482 0.410103921865591 0.698279885498062 0.529126802725458 0.681412307456837 0.686857283271946 0.609521162319201 0.334427676786707 0.3151302312738 0.375637969795355 0.377885882095724 0.368540605191965 0.382334834955375 0.081417932610215 0.182591168363514 0.224339935747215 0.145382161519773 0.0347697033383845 0.182694466601001 0.159023393991927 0.252487375009712 0.420834297760202 0.159298713582854 0.433435746757546 0.503214272269832 0.0959434182028197 0.151737101732235 0.615637606208046 0.606132783982542
0.457913427208615 0.455947086012663 0.675714848728566 0.605629342736578 0.726586281443501 0.540714850538902 0.74191823359312 0.708624314221071 1 0.71700520715469 0.464650081715229 0.408509944819621 0.620471627293533 0.458150920034069 0.551855004342263 0.485419217904271 0.345742000315298 0.398629003090553 0.466601742926608 0.415684261573987 0.461316733796126 0.323058149674846 0.612133219367015 0.422792434459525 0.357403899670521 0.525799030550696 0.341136047424872 0.39683629294835 0.469121763143131 0.462817108220637 0.438962998543871 0.557795949150863 0.536735210443594 0.426505942208499 0.207551398530726 0.201863187962961 0.308673010090586 0.352508911731721 0.221750255677108 0.239739885749755 0.0641838588552476 -0.0304915657204337 0.344751790413949 0.269794778576841 0.41800703391392 0.374714225524799 0.434565200799194 0.370682176448108 0.436914186095395 0.389756682211265 0.482047746394797 0.34184628336516 0.3427688664505 0.442671081881699 0.409078934273592 0.309710813917902 0.320808947907351 0.337465509418508 0.398216996163682 0.21889650652677 0.606175475687957 0.548236164128867 0.351001319232686 0.463611620267164 0.476683065360497 0.51485987233646 0.600200027242723 0.477434055985845 0.328100242194934 0.350545973211311 0.401601962385042 0.2553566417922 0.288106455408673 0.284567019899969 0.0573764639438368 0.213407265844293 0.226227774966938 0.160919535398111 0.259173610264798 0.30382623679582 0.282395710227835 0.282388361479929 0.502853959310682 0.219146413874946 0.408858694719442 0.373078980554425 0.203896460330442 0.140756302560088 0.557622483480924 0.419456113386655
0.337185901035501 0.37670030127098 0.441501057487475 0.440585961993011 0.560452296251339 0.629655190040474 0.515924981590361 0.633777396932283 0.71700520715469 1 0.342304752229867 0.378936048350767 0.475188374791831 0.472521683734034 0.395635563340365 0.521728319073722 0.155987631997368 0.2868726324788 0.322663983926661 0.379755347207898 0.419966611996571 0.302647534995349 0.409878590828055 0.310051373167354 0.0783413868517045 0.531940381876762 0.285078538425268 0.223759404534714 0.309157703092398 0.384610524690664 0.319610622714713 0.406835633883949 0.453407876433016 0.441831132827243 0.172831034168425 0.226911296476264 0.163644283472972 0.325529105396691 0.197329368594753 0.1455453020014 0.0783262209732511 0.0055729360093791 0.12814430184713 0.110819764089961 0.243480538475814 0.199256573099037 0.218836616525502 0.189908000317053 0.240645613075532 0.241170229938325 0.295583742585713 0.160315749917733 0.22629312359242 0.351740046566893 0.331331455861955 0.250073437239022 0.185200926867226 0.258566380483434 0.251762942253253 0.10415310462581 0.41435342576152 0.520252789912791 0.254672969294474 0.409093971984057 0.415415087618321 0.416837685824832 0.421666152555691 0.360602498822519 0.292945352154038 0.340655781003476 0.189770542733302 0.26966071498669 0.224936307215688 0.25049321467959 -0.0859284815906971 0.182231530787932 0.14207747322936 0.130069043769922 0.174370853798924 0.22802630735864 0.173762152752805 0.212274483607759 0.356512062330203 0.151467441924865 0.329517233202441 0.32965076973659 0.0922175575331872 0.0710200939002172 0.499870978711586 0.40906231459592
0.603480902065265 0.465297479299616 0.535987402325788 0.426369164462688 0.428075935796866 0.352578853511061 0.52638523339833 0.416357943858067 0.464650081715229 0.342304752229867 1 0.538345715653308 0.828094882176011 0.523665244825895 0.714312668597009 0.529810637370774 0.396384377227466 0.501529659180075 0.642379213484423 0.483827160507098 0.332094831285294 0.231417753088701 0.636158947701129 0.455877299244391 0.129401300513177 0.505433894559812 0.43439128351544 0.302204826132106 0.571641784106711 0.479407032327671 0.309323176110707 0.470501989990209 0.375112686951773 0.196477689329784 0.086154493311295 0.0163179351175135 0.37855162375376 0.221692897866526 0.403108982967966 0.411427012149554 0.0701824956353596 -0.158796813840822 0.176983042576851 0.0778706920503288 0.0263453689046957 0.109718210369568 0.28820707236402 0.213803529314275 0.162807530572299 0.114217056959999 0.397168449194125 0.172944623293479 0.298181220139516 0.406077758246419 0.290058904625641 0.240770705935138 0.333726978363216 0.305064238768131 0.301986143287982 0.123709896641536 0.502254801478754 0.371597289331878 0.506498290807091 0.429630764185961 0.458964175060384 0.461726123907482 0.530530166423758 0.392885674753468 0.330802211615142 0.331274569895882 0.328180863889967 0.173809950363651 0.294083372698995 0.128399068624319 0.109891161512197 0.146236252861251 0.324135750652255 0.373839574708191 0.390168675723464 0.458079758402387 0.372887869020098 0.412530940540274 0.591683319372347 0.308387968682653 0.627024141679138 0.372675576165787 0.459951788367421 0.155871707176766 0.523498580096932 0.324324855594763
0.545020292629079 0.62016113141942 0.574661956230229 0.557133566643816 0.321211591893732 0.486829021412645 0.641133462912464 0.653663391807596 0.408509944819621 0.378936048350767 0.538345715653308 1 0.575445043389018 0.771312466775546 0.502157703323319 0.601561628848812 0.363131882787422 0.533328294259909 0.489563882896807 0.631698250488793 0.350541249228216 0.298943885688206 0.511365563161447 0.482585529916177 0.174355795162188 0.409603323926381 0.259293180416271 0.137542825043125 0.484581174820203 0.574593379407667 0.357010275617112 0.485813095348369 0.512427480627631 0.464952830045912 0.0780176674154033 0.126070838615086 0.201361042887326 0.43230646773535 0.221960652453651 0.18035580525951 0.21431207420538 0.0920301516717808 0.324558464814485 0.321959351767287 0.335126289245322 0.390525460088221 0.372173539618876 0.302584626438884 0.389369508196815 0.358910120699212 0.526410195336603 0.454555644556427 0.330333782063125 0.342593798018236 0.381491037162561 0.438372682120596 0.337768230197278 0.444432881272906 0.450482078889949 0.451109945613306 0.548494812044284 0.499241944051049 0.611718416274399 0.800989639258231 0.269463804141179 0.470589638590097 0.573241012526578 0.543592472787964 0.38094529555208 0.337251647423675 0.168812259291941 0.299841310935032 0.320447484778065 0.345695519467001 0.134069587421615 0.152601285382787 0.15930741307406 0.119628806488531 0.292679038128152 0.434810514704466 0.447054498785843 0.518804483376012 0.512707866117682 0.352220810279875 0.512575164740779 0.721798619625625 0.180076139927101 0.334996611335488 0.504255946824631 0.566350395614053
0.560905953071445 0.458069103865482 0.634676143836432 0.552466148701945 0.575451527044242 0.539070897282305 0.643076598381277 0.557749388415334 0.620471627293533 0.475188374791831 0.828094882176011 0.575445043389018 1 0.712190231481262 0.820841014417028 0.63985455549419 0.352795643235442 0.477448059773841 0.557238044237713 0.433309574665198 0.383620944012953 0.178533681762913 0.720730108164357 0.583603796877307 0.255347844364072 0.527885972611639 0.439756298218322 0.333941147878708 0.485294154084697 0.427357336521033 0.336234940525515 0.54046116942715 0.44310317068059 0.293182408566925 0.246976214930305 0.17186147738022 0.310759096102638 0.251977012587805 0.33906604201907 0.31814282427458 0.0818758703489123 -0.0526780722128635 0.294923940384924 0.205395486030127 0.165410402411144 0.243607997237348 0.371685714851633 0.291326440723337 0.286094846844 0.211026598551652 0.489716369427048 0.235451723480273 0.261591325072298 0.473894833509623 0.340695184466912 0.295163483075163 0.374044327640284 0.306264839765955 0.321650640764308 0.112322849362216 0.571756982484854 0.472070900284655 0.436770323944446 0.429885671892929 0.594517724950132 0.647326753819655 0.6666345996411 0.553875312060327 0.28069744376205 0.326322797563391 0.36004713026247 0.209480595683379 0.31893193335822 0.227894400712312 0.172825867786914 0.134940312624882 0.205644579059897 0.239047187270122 0.411915102565402 0.509037670553434 0.46669508346793 0.558403806266378 0.608454820082367 0.447665524862802 0.78273727307013 0.494169099731555 0.349052527483051 0.337270957574427 0.615693775016657 0.339077698737139
0.459349897680288 0.501928152017855 0.545547987581603 0.60928152496784 0.428397817441007 0.618055169434284 0.596733656612454 0.623520282877468 0.458150920034069 0.472521683734034 0.523665244825895 0.771312466775546 0.712190231481262 1 0.608648974271354 0.764740780021961 0.320798799393327 0.456071269096749 0.39050084248025 0.490483750341149 0.439248640674189 0.261274219009361 0.588867856679224 0.669007916919032 0.205854548182008 0.483197880984739 0.41992776186867 0.121285775094691 0.428641483731153 0.47210930086835 0.328026452117362 0.558459304305179 0.458873879476323 0.435691220232584 0.20442924528079 0.263183084401016 0.164475544778075 0.322573218978328 0.19923232072495 0.140621273671387 0.200781900113111 0.175837571785436 0.334259408971297 0.305978448485113 0.313392307631749 0.379345918360011 0.407282366296232 0.293865713157371 0.343392550366536 0.286104338379511 0.46985450306188 0.289557735841025 0.18695974253749 0.347234868587852 0.366095564118686 0.384160447609432 0.381693036905551 0.330807664942603 0.29673220903442 0.184534671625211 0.438288958458274 0.436499796975125 0.445455270735085 0.56878266780516 0.40533759767128 0.645592769437173 0.649140585116012 0.682415209229892 0.351296596086453 0.374241840584439 0.182969039319287 0.311798424670879 0.319983169626206 0.374248599270115 0.171312996599748 0.246869491628582 0.0292625172359839 0.0699409824473812 0.392720929945185 0.479411660274881 0.478115874244356 0.617617810135662 0.506612919419443 0.529226399049913 0.635978538503694 0.736387820943548 0.123212586690319 0.557288185757244 0.444403527121902 0.377677291813761
0.484981199592249 0.369443377495346 0.639212422481756 0.566256022897559 0.502507730221386 0.429169520070172 0.509454668491426 0.39657216833639 0.551855004342263 0.395635563340365 0.714312668597009 0.502157703323319 0.820841014417028 0.608648974271354 1 0.733191355774595 0.369061774819916 0.44176552530242 0.526944903660936 0.372180228342651 0.41761747975803 0.24214997168787 0.802990998205684 0.719629185953352 0.398661526169724 0.58085424509209 0.464992171604148 0.292087367605365 0.447380893134231 0.403147827204502 0.40458083309884 0.522450884095378 0.433647714351116 0.318846519229121 0.286303705933579 0.215187603739009 0.292937741372147 0.22652794666394 0.413421881673267 0.289256949399295 0.0586586702644213 -0.0390809563653493 0.341047841308739 0.257971860781534 0.185447531927603 0.20624436087076 0.352182460423743 0.296563876160479 0.190822179325184 0.120814633579474 0.394549669179461 0.17248600493276 0.268862496731648 0.422873893741202 0.259032445154321 0.229528911195625 0.347818880141778 0.294077599293166 0.17311230380287 0.0596353120846796 0.420104142628552 0.37664912276452 0.425530112192628 0.385742143320008 0.56170076415035 0.531418530046298 0.623451755745393 0.501652120556534 0.25224793458503 0.288663155156009 0.355260661215651 0.176054982769253 0.308800584764577 0.262561583782312 0.140829496440023 0.249579597538432 0.159347699767179 0.160089361489564 0.401114802780107 0.438742686711835 0.439503257065653 0.531018146630901 0.630664287737881 0.511094800686195 0.714142003564251 0.460435108958913 0.355352620374438 0.475284421358436 0.471103857128812 0.338737564446806
0.552902316814246 0.498571707059654 0.529455356878418 0.586738281136262 0.440461846487691 0.629073949677549 0.463901091420615 0.440065129856813 0.485419217904271 0.521728319073722 0.529810637370774 0.601561628848812 0.63985455549419 0.764740780021961 0.733191355774595 1 0.522745358779199 0.554939358164265 0.455545202464398 0.496213622549883 0.509400924749598 0.33916729408454 0.68947121030241 0.784012317018644 0.223019864851336 0.625970657206243 0.45399066665836 0.0818907123004389 0.537631030714853 0.583939989804338 0.383208598900944 0.511631091857121 0.469083630924533 0.433558356491434 0.239457027939146 0.260038786511016 0.1282994901101 0.214534993885171 0.307641434648048 0.178743904788932 0.15019737441028 0.118570514438954 0.308679780733227 0.264230064737553 0.252465060772166 0.301957952571256 0.366096188431205 0.19911968424721 0.219985661100936 0.141765308315316 0.254034695940923 0.0369032982011686 0.0782298820363882 0.192970226217804 0.2272019441028 0.203835402106543 0.52325156757989 0.454090064795625 0.197548670951799 0.0410308914703757 0.374970912058716 0.37431052117615 0.51939381257813 0.540387013062328 0.413357295523618 0.494696741331526 0.609424267342549 0.58550849974349 0.37646764568248 0.399583875665087 0.109835390955497 0.276595312786146 0.284744889102988 0.324564020273736 0.136965884874748 0.288096030920677 0.071289796751715 0.085821546971335 0.547207500180478 0.568316803338651 0.580915142433072 0.657428481451964 0.599788706178557 0.599157956721131 0.562669543835132 0.575873207607167 0.239288784819463 0.564796578656947 0.313789385915074 0.281542356004758
0.65832896751736 0.585159336182655 0.303579756124695 0.322051511922312 0.172726550902451 0.353072126101538 0.281432080375462 0.186105144926552 0.345742000315298 0.155987631997368 0.396384377227466 0.363131882787422 0.352795643235442 0.320798799393327 0.369061774819916 0.522745358779199 1 0.818658125487732 0.492424894229538 0.49126102953109 0.549835495436935 0.426687082371591 0.420466696843313 0.375947448333155 0.0830560450865305 0.422541290766477 0.264785750419296 0.124707297866689 0.776640201769115 0.676553379844602 0.228227064593459 0.344400979588863 0.434904829928546 0.269338686967213 -0.0460324382560332 0.0265287194770619 0.255621947788184 0.138373391322293 0.306904466133573 0.298278984042267 0.0232405265636739 -0.0907905438915698 0.357255973023163 0.234555372329527 0.357123674464932 0.335117649551694 0.386942245252628 0.202632826795538 0.267462263611015 0.178541485612115 0.155361487259558 0.00757244286699629 0.0391816747704443 -0.00814666222126283 0.17712921849375 0.156877148970905 0.784375746265511 0.636288393141045 0.2639007796803 0.0447681958271317 0.35393803814929 0.180783093976962 0.59690711464941 0.502860627851251 0.208651659385939 0.187073862925953 0.43415215089735 0.32187123612915 0.465990634998783 0.456275040418262 0.0836194067688825 0.216014526694776 0.21776820536713 0.194179975528834 0.0894770781561257 0.211242784772888 0.265164544712373 0.253149539590883 0.686517752238799 0.667815900042895 0.657040772687759 0.52523773695589 0.515081983565906 0.40880044914175 0.311563471862632 0.345396799269373 0.429604303294584 0.286069064519925 0.182721641601913 0.227614310059855
0.677338268698255 0.818497949711054 0.411353726485995 0.439779211475088 0.292066203294454 0.400414584828377 0.398791452498013 0.349698989258998 0.398629003090553 0.2868726324788 0.501529659180075 0.533328294259909 0.477448059773841 0.456071269096749 0.44176552530242 0.554939358164265 0.818658125487732 1 0.540660984798659 0.650867637947456 0.547728256181098 0.488787351164648 0.505606654341467 0.440443695375954 0.108163401987129 0.496789706844677 0.364456866698776 0.163449669898704 0.779635113029169 0.823599261315058 0.329225310011203 0.498980747135428 0.493409743752225 0.350539231447609 -0.0940983772849399 -0.0168935407520631 0.39882019038786 0.318063966989933 0.390213863222757 0.431058961802759 0.13086612816127 -0.155227383737633 0.350713126779922 0.237084333776624 0.322010197759953 0.310925505212809 0.425110195328635 0.294121874558278 0.306060906533287 0.243812583932428 0.348072167996449 0.131360352394045 0.221188338515407 0.19410059705899 0.344866644117425 0.345133203778097 0.682588153640142 0.790857108776232 0.320828302119634 0.121316679381122 0.426079536737884 0.249687019523667 0.625403916075344 0.615527964121517 0.345584864889573 0.290338031552423 0.525139320439409 0.376436866575823 0.498406254317523 0.421482216346419 0.138216771962211 0.350318329267103 0.363002904254012 0.296837842351767 0.0931360305361481 0.137354286780437 0.36789889148148 0.366364376698824 0.606761067054312 0.739412249368033 0.666915607287423 0.604163660603636 0.622862567138759 0.444575580393927 0.439053924213556 0.446915970184054 0.467033475473097 0.250590800661633 0.310881892133436 0.340707693234218
0.685553917005305 0.611452896546592 0.696907655163946 0.615297040830976 0.4522193674115 0.302754165884932 0.657238584755595 0.536886062146762 0.466601742926608 0.322663983926661 0.642379213484423 0.489563882896807 0.557238044237713 0.39050084248025 0.526944903660936 0.455545202464398 0.492424894229538 0.540660984798659 1 0.734492334953431 0.346031246236052 0.332812891805315 0.689794637201163 0.461616484288086 0.184600033633684 0.42995055008362 0.279666078813769 0.402855302131302 0.612844720254699 0.624169435122052 0.652619345793247 0.620522306556625 0.680156225633011 0.441819915692061 0.0442328002126931 0.0380650446701323 0.412066287983815 0.263208564146942 0.306156037037845 0.40145202823045 -0.0178048244755101 -0.190883558344312 0.220918959537476 0.131478749402853 0.264617728307757 0.223024642410268 0.304905130852272 0.259346500131111 0.265554971328768 0.225117627997365 0.332144524139173 0.225585068046867 0.278600790400977 0.388174035503621 0.257821550431826 0.228812575369638 0.404766268459585 0.358039964535889 0.490083627137186 0.337086263681801 0.611848279880213 0.49591136606555 0.509656471700141 0.534425977295389 0.465312493864104 0.412939011271353 0.605713240055283 0.377076153044211 0.485406765216915 0.349985455404337 0.331464313967545 0.275679112478663 0.400038890566556 0.214214708470075 0.129294904319737 0.133375595239 0.452751035608185 0.364714606068809 0.307158920694288 0.456098812064324 0.448530001439006 0.44169077747577 0.573788848323667 0.304106481369656 0.466582321046753 0.374439405504437 0.395611348500078 0.147955184459027 0.47364107869902 0.451604534755017
0.660962081361067 0.79079609717019 0.593240580891501 0.578107256398991 0.369286167416017 0.401554262595237 0.610469687601751 0.570091658372994 0.415684261573987 0.379755347207898 0.483827160507098 0.631698250488793 0.433309574665198 0.490483750341149 0.372180228342651 0.496213622549883 0.49126102953109 0.650867637947456 0.734492334953431 1 0.452197000815597 0.382780670698384 0.560581808534227 0.431482615446024 0.135914966059256 0.435940516352324 0.304813308144574 0.248116820235274 0.668057082757972 0.752458241655888 0.637742250008565 0.60869484605049 0.745636157450402 0.594130437946382 -0.0845959973894584 0.0524007639001506 0.344276636793147 0.395824021433532 0.210225180637129 0.288523555067532 0.133427124700543 -0.0486152779360416 0.311265805103903 0.288931875535952 0.388177520200065 0.386689547840548 0.378197330507165 0.279652485661233 0.390382045298392 0.38090367849427 0.357895549345052 0.275876069892954 0.230176662358464 0.237536188485674 0.31651521433302 0.303063291060864 0.440408494645912 0.570954261056854 0.471834006131976 0.325081853472786 0.509982382516707 0.405375680995268 0.531721746687176 0.655579977533503 0.245361376236291 0.304101600712976 0.52169451043288 0.384114079732325 0.750592775833786 0.619415886589131 0.193270693748555 0.452589468955848 0.440262880654633 0.389866596871259 0.0445596971669009 0.18098474345784 0.349006362648084 0.231371134785065 0.375170054663 0.550866529714292 0.489321308096235 0.461403295311894 0.55581646957389 0.34166144096202 0.378700753679379 0.429969882769511 0.268099606085159 0.19058824340765 0.422731844700446 0.453974025707936
0.499169639200763 0.513953911631011 0.412528429222869 0.498226237796166 0.355166192097939 0.494015614230006 0.386241186359585 0.401925684456987 0.461316733796126 0.419966611996571 0.332094831285294 0.350541249228216 0.383620944012953 0.439248640674189 0.41761747975803 0.509400924749598 0.549835495436935 0.547728256181098 0.346031246236052 0.452197000815597 1 0.537641185180094 0.488313034528929 0.469902651126274 0.195150061257759 0.505855058893115 0.366353860730432 0.217740780614032 0.608230504266306 0.610362218994883 0.43433913203606 0.537227612200336 0.454795903860919 0.358141486506821 0.0142155765886663 0.174888436698528 0.213395621640199 0.368958237243501 0.28789252992401 0.309137465619002 0.0944567231146485 -0.0277727444281105 0.372378696277354 0.279490171450487 0.425522950454186 0.399103525902538 0.456721628349572 0.316758724944126 0.382120838049069 0.339817146891356 0.376073933440276 0.234347906000631 0.187204013671523 0.196989165104073 0.406984920740697 0.374782095710388 0.508131224969495 0.513093586950798 0.314578300678126 0.138721072978116 0.339045225737368 0.291036115392793 0.352292232998703 0.359568397735684 0.329935189392553 0.345283246192016 0.488311929014602 0.419225260137907 0.394833167384388 0.393573852452418 0.183807391582078 0.442108282019765 0.317884832029903 0.358786388806013 0.013219742593569 0.196646793070637 0.255164240932042 0.218419466423819 0.494568097368022 0.42778289741823 0.409574980574999 0.36540347849986 0.501556834037049 0.361545234341145 0.283771026300393 0.37963412735864 0.264393187282057 0.326595042986003 0.314351428988452 0.328509360924044
0.381211625610681 0.434342230518269 0.271093440273092 0.318774584345864 0.225059403806996 0.330284464956461 0.246952741953517 0.256391077233059 0.323058149674846 0.302647534995349 0.231417753088701 0.298943885688206 0.178533681762913 0.261274219009361 0.24214997168787 0.33916729408454 0.426687082371591 0.488787351164648 0.332812891805315 0.382780670698384 0.537641185180094 1 0.320043229412189 0.273251804341155 0.188359426629038 0.44802131977213 0.231447482368209 0.142048674293632 0.488308283211435 0.502256108900852 0.310117125175965 0.336658470506309 0.319938161325027 0.259652509038221 -0.0932331781702095 0.0593330303549872 0.217909593778852 0.368033493679786 0.213151010343782 0.24593544150204 0.102829653845346 -0.00133926149422784 0.208156998158388 0.132544069233121 0.257433952443448 0.194650280910953 0.243945980216445 0.180121446476261 0.169287712673537 0.156483620236671 0.189521015108916 0.0681051629105391 0.142882149668145 0.0943344292548233 0.18183255685286 0.192006873637232 0.301625110595411 0.414912946704549 0.231297192492391 0.126829424427145 0.214928639865219 0.203964125325262 0.317692780915491 0.330982710720321 0.142734043391087 0.212521492169947 0.308178346960085 0.235768455310869 0.358336492954167 0.281522357102057 0.259737054387853 0.323378278537093 0.220030080957209 0.266294215837259 0.104808296675792 0.158760446987408 0.251060753278372 0.171118180251314 0.318180288979262 0.343307376095401 0.387737018092995 0.32900222878104 0.399857937441046 0.208861736017683 0.128294611348597 0.287806623260449 0.208255094001894 0.142627224860459 0.169544589912729 0.261637771426458
0.532007794994957 0.473376844666529 0.84407787866716 0.834038732242077 0.642804749720675 0.466029656362141 0.68718779856127 0.603157436592512 0.612133219367015 0.409878590828055 0.636158947701129 0.511365563161447 0.720730108164357 0.588867856679224 0.802990998205684 0.68947121030241 0.420466696843313 0.505606654341467 0.689794637201163 0.560581808534227 0.488313034528929 0.320043229412189 1 0.830553655111203 0.496712175111656 0.622234525135777 0.47677280931086 0.397539604326805 0.556320758420964 0.592737873226965 0.683010538099401 0.765806107230345 0.575970570764462 0.449588990910651 0.310026438341953 0.257389700046718 0.349010671897877 0.276305037220999 0.35179871309355 0.318979184986422 0.0227802984256314 -0.0433742379013521 0.285513747395856 0.187556877839551 0.244289780012903 0.221360331384187 0.367129495790504 0.271775251819252 0.218689480315838 0.173750611382836 0.404977477740445 0.219060488581254 0.323331298761851 0.466980804755592 0.303306970946833 0.249746512025907 0.324332634052684 0.313136540517609 0.274555019202981 0.191652725107197 0.515067704412345 0.541488882965976 0.436485221306997 0.491222129082869 0.70052840622259 0.625576099849784 0.805086214288479 0.619223752354739 0.346306851208513 0.27938135827755 0.471416774829039 0.302813642471856 0.41278278278591 0.345340176366326 0.19809526751104 0.196987033970251 0.292061819678678 0.267260016449023 0.335613351431778 0.436722280724924 0.431660309696746 0.495342278208852 0.652004974427781 0.433884813535956 0.659918028261371 0.457865051625818 0.321982933252025 0.428847283860019 0.480911083885933 0.403855613386015
0.476344753282673 0.407163525245951 0.644294535985639 0.755251920517992 0.462710426734214 0.553310032107832 0.477692791699922 0.424786790642721 0.422792434459525 0.310051373167354 0.455877299244391 0.482585529916177 0.583603796877307 0.669007916919032 0.719629185953352 0.784012317018644 0.375947448333155 0.440443695375954 0.461616484288086 0.431482615446024 0.469902651126274 0.273251804341155 0.830553655111203 1 0.405367216463574 0.63411693539622 0.514579300114096 0.290076363487958 0.426466639797206 0.483041941931884 0.523730288371345 0.628404420513896 0.433922251961025 0.389985440046779 0.336146246140208 0.300736061082677 0.214796003806534 0.243734746497893 0.203168458572066 0.170789154818515 0.131345471163268 0.137957642611578 0.216948909256518 0.175083539609252 0.211170987656984 0.203752408943041 0.266905193686727 0.15352357801608 0.157908589742006 0.100459247468865 0.271373887753463 0.0882771058996199 0.143786353753745 0.305640250286727 0.174955982141314 0.171037514695214 0.384700197906233 0.312097191133742 0.17048227232018 0.118742295921848 0.352826464458934 0.41891458695352 0.356253738406275 0.408554917971326 0.566802857038004 0.602080687643033 0.677117986501329 0.629355796364261 0.300629758305519 0.254956744143831 0.287040761628219 0.307046325673588 0.338709551053354 0.3807238627174 0.183187854532163 0.165182789500392 0.10921889842965 0.0952159460249215 0.381285475364359 0.432648737460009 0.47206889907688 0.572091500069941 0.624734745448365 0.595097395349941 0.58632735415207 0.578218382305824 0.200400677104192 0.623836837161002 0.295731335507164 0.300902760643783
0.0864272728180423 0.11207642519077 0.470964095559267 0.456765770695526 0.305404151017537 0.158139733294991 0.323868261468084 0.216005684757205 0.357403899670521 0.0783413868517045 0.129401300513177 0.174355795162188 0.255347844364072 0.205854548182008 0.398661526169724 0.223019864851336 0.0830560450865305 0.108163401987129 0.184600033633684 0.135914966059256 0.195150061257759 0.188359426629038 0.496712175111656 0.405367216463574 1 0.415692950065613 0.326377231536398 0.234421789578747 0.0697979402691545 0.140121122851692 0.364312052925642 0.421119135887527 0.247501364006023 0.266816866289474 0.223749818450326 0.0909762210748316 0.157249849227675 0.189949670990483 0.12484911953744 0.0784810309416271 0.0288915016206159 0.0875530642524608 0.171138066432353 0.100049923263599 0.127922104656713 0.0648354822991769 0.126859041601588 0.130507585637832 0.0708783250685047 0.0327875460588814 0.224355846053956 0.153705466995371 0.12653145916443 0.268374835363414 0.171626463034202 0.131551448883596 -0.0119664072106283 0.0681391985473201 -0.0502090143146977 -0.0100500580300606 0.133968682706768 0.131072029844354 0.0219280689601817 0.0794266639041376 0.319478107735883 0.366761551434834 0.365726049034679 0.284850641747496 0.0575956231912295 -0.0167764202904305 0.328170483910345 0.0737665047784233 0.132235133906513 0.191804990627647 0.219733001027501 0.131302593756659 -0.028216306440209 -0.0546321083744563 0.0767236394616262 0.123477736594138 0.151949572110097 0.200728405617408 0.240820846691689 0.184043799470591 0.288934097775848 0.227237163908497 0.0249584042086791 0.316828451781282 0.197701233413974 0.148537645934532
