1 0.853227261933104 0.665740354994575 0.629252152252005 0.46884114222084 0.429349126224896 0.77054360586623 0.703198977059208 0.43645689358679 0.307039831518174 0.726472582865074 0.707302904680067 0.711898115837772 0.489673909689139 0.370528675996987 0.404608755203363 0.701189688171281 0.728079934562053 0.874952201822531 0.691872286717632 0.361859270275804 0.257854004676731 0.448788760670162 0.342284136913092 0.399634985565047 0.382212472301832 0.229807242310228 0.186613921122948 0.690234755338797 0.67378745187408 0.442847757027965 0.4348640310679 0.748747029874742 0.704956580111537 0.53672352267816 0.525096498504472 0.438584317720351 0.42572104544947 0.555765240394265 0.502073513920417 0.515712199566818 0.51715806591779 0.666420024811835 0.571653154050274 0.56379951838858 0.613864133452693 0.639223215522131 0.615654632232715 0.58354088935694 0.644831974961039 0.722143649630809 0.662208230292602 0.542615334894761 0.517230023405117 0.674997617836999 0.645761523908063 0.818063574645002 0.832636187883042 0.864303018462806 0.802924274177982 0.831637807317708 0.713697564984891 0.702705924648239 0.727003488952244 0.415482459477751 0.532991736952891 0.648757855618126 0.639987493419758 0.52030453888498 0.396710122652943 0.615019661193636 0.619772558897862 0.639033353909826 0.587036589024517 0.251213775318719 0.252497284398471 0.59145531582458 0.515066254892832 0.479119865541945 0.537908183616391 0.696937127196467 0.660084265338816 0.533715980266814 0.409200458649121 0.63346364183025 0.561663558887727 0.214263606813879 0.16585686293055 0.659815199746149 0.521141671599396
0.853227261933104 1 0.681987537972808 0.718536488871837 0.440748962416627 0.435696384649683 0.729048593644275 0.702835607226023 0.335107448736177 0.265189602514078 0.588076621820427 0.626665650831365 0.606572725392611 0.473891845441507 0.368322507178571 0.442495679638645 0.744359489113554 0.801937898124849 0.890329658288928 0.797343141042207 0.397597903109993 0.209284927448696 0.500820846716689 0.466042624305082 0.493640807596399 0.482702617403605 0.253881194708513 0.244066801589299 0.727083945534771 0.70106565870198 0.474283764589524 0.519434710570733 0.749642775695352 0.780817136049935 0.618969887251345 0.64001969341642 0.527339779999269 0.52579401148203 0.599902619775901 0.557082894996989 0.574558865523733 0.647439165684409 0.737361919496108 0.626614973025875 0.667543656092705 0.733568233091906 0.686638974893629 0.65849607610473 0.678932269403673 0.722979008246168 0.716009903233115 0.722734093349994 0.580345093516927 0.586505848706024 0.761547180154338 0.750148430948794 0.825968616454669 0.887746343977629 0.802082438436402 0.834995061193161 0.67763957025506 0.646120231064179 0.631741359116852 0.690706147558086 0.471499025568646 0.61324710710392 0.7025369565033 0.731594478176037 0.552252283999865 0.479499720023308 0.644696039124223 0.69841076935298 0.739034378302557 0.67088492458305 0.276829227132714 0.310438830172864 0.56546499308103 0.566927936162716 0.601814951084678 0.617272619117391 0.77807382704885 0.784866270136598 0.605857447484799 0.51127159926602 0.682270976274776 0.700093526941179 0.274630314506462 0.293866071721273 0.638644782009975 0.642078997263421
0.665740354994575 0.681987537972808 1 0.795087151114827 0.768506713721491 0.489243109086233 0.822120374165939 0.776484620132458 0.669735772966387 0.554492745780467 0.585348934377745 0.507564775168375 0.71588641071759 0.557478429494088 0.726544566302465 0.664793153171055 0.524268072330131 0.524652582106829 0.689125285454378 0.547431280589673 0.50541422650578 0.107408996949703 0.817803011027469 0.679200868180759 0.609108293050716 0.561740036156691 0.419204368443243 0.375080419436253 0.430723769808116 0.414863080842292 0.444039296857083 0.560339660906828 0.734181825534676 0.596197169332178 0.760587272198496 0.659611515873962 0.522649343930492 0.584515521593378 0.581261817012594 0.535585291476571 0.510031952618487 0.550812798247371 0.590024641348285 0.452054335967674 0.558031075497881 0.546835791146443 0.572676600650392 0.641120672273381 0.636825500034219 0.683634108084222 0.767064191402623 0.702339782788335 0.62277581252366 0.588128229606222 0.694774097555682 0.698719473296195 0.655220866488512 0.682615413042792 0.733122665640701 0.752504195377911 0.694164500370748 0.677280905083061 0.516316044612922 0.47753032395291 0.847451729797967 0.791183676338568 0.795512882510643 0.732285252273093 0.616754594148158 0.42184146214811 0.55366907757914 0.554316483286361 0.445570531713049 0.381421670106981 0.237125813172182 0.118178738732931 0.532044480965853 0.580632545491919 0.366062402004313 0.492381557183567 0.612798354068543 0.603269640745562 0.560304676711506 0.445386982826343 0.832520615068042 0.763530945091099 0.300679746436672 0.345769513200526 0.845866535033045 0.734471606968412
0.629252152252005 0.718536488871837 0.795087151114827 1 0.65651655067792 0.622575430481134 0.794560936808767 0.915817468694383 0.486014176710742 0.454528743993303 0.461938429502839 0.605562371805785 0.53741455454108 0.546938357524088 0.490738678562469 0.54551445379824 0.563784276742698 0.575832747050509 0.719414973357501 0.63771294611604 0.413929416386347 0.202751963702567 0.726275199152881 0.711854423813308 0.62588603524696 0.638839994302046 0.236856988467501 0.427487560594898 0.5340610656463 0.541164548129192 0.525898416086846 0.671978419865812 0.782519343257656 0.759150082457208 0.759865491623705 0.756691465373664 0.537142237288717 0.515864373839831 0.503494555606871 0.501035757040851 0.439540428166714 0.56794338136482 0.64825556667817 0.498030326078656 0.634914901769238 0.624432342062618 0.608349744804861 0.658624322451969 0.694130262491716 0.698819673173778 0.769374547565339 0.719002061957034 0.674799873729083 0.669698800112445 0.642620532155467 0.669915669224228 0.659588603366333 0.707600742265962 0.748876481418922 0.851496438371566 0.676790403407943 0.792233932623614 0.510316659338243 0.562847403752906 0.645919235440821 0.852817908632544 0.821853867196977 0.82875070615349 0.59612359737772 0.391792311969854 0.555450913877564 0.59595537934078 0.464385967144794 0.491319467287858 0.030988550887574 0.169842836254958 0.583113811722819 0.669814694556638 0.492487466606182 0.515784016424649 0.683702085208105 0.648303408568827 0.45866519618578 0.431302355278773 0.699741692587275 0.75660584103715 0.124310829680759 0.223100071433286 0.687317845718585 0.720685830005147
0.46884114222084 0.440748962416627 0.768506713721491 0.65651655067792 1 0.434123105215362 0.672054464188663 0.65136775585964 0.738777218364932 0.596847055771274 0.489284635888145 0.39058464128954 0.582547512636415 0.402369060547897 0.620271491508642 0.476083952412755 0.423549625887322 0.313787190871189 0.482463771553038 0.247172679580724 0.366788102979212 -0.0126970043812334 0.620771576888315 0.52041766748346 0.483074716691574 0.378866713091919 0.40710677694828 0.220007965960924 0.27951707991149 0.218138714931415 0.274777273510738 0.311958513106841 0.546942941557014 0.381206613010226 0.633456326038227 0.540335636171224 0.439694076932273 0.521478095306064 0.420073150579698 0.34206037382289 0.358273623122121 0.468348341081268 0.37631017742627 0.256098493260877 0.430653065316306 0.350869920488368 0.374478602986721 0.499350134793005 0.556047844400199 0.552937223986234 0.631749215357544 0.5414815865499 0.527380685356025 0.442430968316997 0.497679892151416 0.432894838902024 0.513304867506793 0.466006141814435 0.61345600789902 0.607545766006326 0.584551701398432 0.594404195398427 0.342910915376586 0.296954608615234 0.690214684364212 0.629746990968689 0.640369700343877 0.568323438725448 0.441924844857364 0.143502045562287 0.202592761067049 0.241754481298472 0.168240242727134 0.0685477619374022 0.0433357058018366 -0.139146202311241 0.31900100615584 0.501581439073732 0.292506397887672 0.236036556606273 0.445665935899388 0.40022824927144 0.314316206007492 0.224375807835888 0.663352239017153 0.538290853446601 0.231719694454154 0.0999805897598396 0.694165263440126 0.560419741620301
0.429349126224896 0.435696384649683 0.489243109086233 0.622575430481134 0.434123105215362 1 0.595929722733964 0.684654283722442 0.43495535444165 0.366334980917298 0.250347425894494 0.396526422730354 0.339109356238179 0.391205291490718 0.354788465940914 0.431128947183049 0.388553178377005 0.426412436935252 0.465231494692242 0.452258711332586 0.217482941352587 0.414818683737858 0.512606361955922 0.435909579392434 0.57052671487424 0.63231970529931 0.217806215852263 0.493554380043632 0.45979658688555 0.466859647266798 0.634851868230654 0.615496190184364 0.68819462268022 0.668368211040368 0.497514592811539 0.5807021551957 0.448100229822712 0.214146958360228 0.250122084012208 0.331289530169814 0.233570420812574 0.307042032524556 0.561145190627451 0.477943749759262 0.636764363252042 0.582026763475691 0.553684769869785 0.590332524104181 0.569338495567606 0.575387358283928 0.50490346494401 0.547816324753157 0.459984316227431 0.479880253864187 0.407263766284445 0.494857776742556 0.437441992797167 0.491557189535478 0.537518800228937 0.591626610754677 0.521691525231926 0.509957300645148 0.424172085483102 0.520202993656443 0.3375427806063 0.431147325016995 0.599524777346105 0.621844184764792 0.553753699079578 0.429665041607501 0.510892533006963 0.430455405933939 0.235343984611902 0.401292939462062 -0.155635973394588 0.321084229280087 0.468715691185203 0.50419165213807 0.390300368324256 0.413217873647918 0.590554110226317 0.530365976841115 0.388773036704417 0.314012349177955 0.46800907095639 0.45860274633083 -0.203746963115459 0.0973019728375367 0.381951718124892 0.470355456176277
0.77054360586623 0.729048593644275 0.822120374165939 0.794560936808767 0.672054464188663 0.595929722733964 1 0.874081565075512 0.632197303359931 0.404847243129469 0.610846851633792 0.611537837172016 0.707147103885006 0.51922212314207 0.495368192658235 0.44039159376118 0.581264378880245 0.56398147767621 0.758551575613812 0.556523654172806 0.384371307122801 0.167478472909835 0.647484794825571 0.477496867416856 0.503136767642918 0.494112311709986 0.241211690916371 0.248443511734122 0.579813964497208 0.566661650375073 0.538341647756511 0.563749896356408 0.841174959491485 0.726759886999368 0.684127815574122 0.688492049584247 0.533976055507565 0.52945673998869 0.556972364087578 0.475338151976514 0.472371641571479 0.565368448679415 0.660992787034137 0.540315950594078 0.655222498472391 0.664384570105112 0.61729352162932 0.705167799475527 0.688859018838849 0.708086123473855 0.819273026318484 0.719599561970489 0.680500219288313 0.632053850780821 0.697181217759665 0.662894048523129 0.7046519506165 0.710299937252738 0.861170629798702 0.814180607132139 0.86185853198845 0.770637445257096 0.659410899063997 0.683488423198392 0.609102274773286 0.674749630860128 0.780414810783786 0.742441762145621 0.564651473039221 0.290924719386628 0.572231700099057 0.588443346886895 0.51064951293827 0.400719261094776 0.186391279304962 0.0946755569463841 0.578576121583066 0.628055150505633 0.43327401332464 0.456675360890254 0.68800625104178 0.64111085079929 0.459454561661602 0.34406560415991 0.734575903285627 0.616337009076798 0.181852136253918 0.0843035759535716 0.746388488226137 0.576810038110851
0.703198977059208 0.702835607226023 0.776484620132458 0.915817468694383 0.65136775585964 0.684654283722442 0.874081565075512 1 0.604370911167426 0.50311754324322 0.575833295976329 0.733215619649184 0.67497616155558 0.685443858527712 0.526846805079527 0.588746745402996 0.553771466556756 0.562867491530404 0.72836757779689 0.615143153372071 0.369858045557641 0.248568741715322 0.699768107617668 0.656193522102212 0.529006070673255 0.550139503157746 0.180669243756808 0.393676678603705 0.576476743775784 0.598250570245891 0.550522372078586 0.63940175887764 0.811554275310874 0.760903941407424 0.675563020666543 0.676213968113369 0.497118058366701 0.465950496020353 0.491387355721967 0.443063814333325 0.405442879678877 0.53473329751558 0.686422638909911 0.55779450638796 0.656308843795501 0.660431377090808 0.661175985749347 0.712399492630565 0.688938034209478 0.722710923252295 0.796941002307244 0.713802504642209 0.691859396784668 0.667523336682949 0.67602661403317 0.684747442710949 0.643993824225474 0.668391512756645 0.79712898409682 0.833214965682303 0.821375259866551 0.884565896666268 0.646510381387652 0.703948278308071 0.609239676097045 0.780350068974869 0.788990290107549 0.778347661242116 0.578388257491098 0.354419264578554 0.584297900241479 0.597277135394907 0.461893563991503 0.469754403553289 0.0718180982125741 0.149610296539221 0.613729868781895 0.631457505870256 0.511630035589672 0.516811202784505 0.725523261206319 0.670095652411574 0.48471084321091 0.424563651235302 0.732616825640137 0.710143829183063 0.107662836678582 0.167898133421413 0.718723897247002 0.681242274046466
0.43645689358679 0.335107448736177 0.669735772966387 0.486014176710742 0.738777218364932 0.43495535444165 0.632197303359931 0.604370911167426 1 0.713393677003725 0.56758068033749 0.468409481375262 0.715022416214853 0.554934972647243 0.702556475240329 0.601213701451365 0.266295481496485 0.232100310405905 0.389708943391457 0.177337791766434 0.333647019912111 0.127512354269908 0.552321386725096 0.414572883794176 0.334744371155443 0.280027813030384 0.442239968814661 0.183537765998972 0.256482304285173 0.224424883953728 0.223284672199622 0.26638307163955 0.499196648507098 0.32106051987225 0.411725254718113 0.341761701907177 0.265171011972219 0.338601614506079 0.332187611693284 0.310447188772828 0.347102916157996 0.322239927352553 0.292496991067605 0.229272327048453 0.309722851340833 0.276409494237291 0.33173459087178 0.445929552361528 0.418554081122475 0.466291695694724 0.520313462593042 0.464499235855381 0.440758608148427 0.37779503992599 0.399582820746952 0.405696154073126 0.3560504139296 0.319516727281767 0.517604762822719 0.474627980826611 0.625718637266664 0.552594242546299 0.465403480879238 0.37213175994674 0.586501688890638 0.466376961663951 0.457609891428069 0.361329403686638 0.379481114986812 0.144254614896704 0.263641911973281 0.233240379953951 0.0672352577028503 0.113416020065589 0.0816596634744198 -0.0427097227446053 0.405492138255023 0.36903163812529 0.196771942920292 0.211922473124857 0.359063691612368 0.340647114080198 0.368930872132162 0.22364692243422 0.578416441058592 0.469980240028139 0.201938242486367 0.131783455406302 0.664868056781401 0.502213509660083
0.307039831518174 0.265189602514078 0.554492745780467 0.454528743993303 0.596847055771274 0.366334980917298 0.404847243129469 0.50311754324322 0.713393677003725 1 0.376376298662903 0.427097564046415 0.483144559136446 0.436858654652415 0.554792219561838 0.589667885105601 0.197505943379559 0.195837214916341 0.261237270474916 0.106337959077728 0.283089146647321 0.111584841636678 0.452641466682479 0.421594167716002 0.363183596849973 0.258668868436085 0.494193081182072 0.210652505103347 0.109986085823143 0.121387401914122 0.0707132933222916 0.243179698334769 0.275792742516828 0.179556813541503 0.338893491086882 0.238689963462839 0.201505182006992 0.245896009669654 0.280435094668737 0.304127696043824 0.256205419342629 0.29929397679204 0.160917403969632 0.0950986379747131 0.151329021768994 0.102340961928003 0.18556374327974 0.249568347913837 0.269922715579662 0.292133818546192 0.352804868655309 0.303348724471625 0.266575673407456 0.21827919172698 0.270743025602614 0.319806090098738 0.274362557610552 0.226570490066094 0.373343342387042 0.390474341899688 0.379153179600975 0.529535301188007 0.192518387117648 0.149914672360805 0.539748806031076 0.52257007571838 0.380162985011924 0.308738087163195 0.29306947547972 0.14995789298328 0.167733775484305 0.126540337075118 0.0228237847835299 0.123764973118141 -0.0375219317784723 -0.00388602493779437 0.303945684928603 0.249050957210644 0.138815522804744 0.231595931333083 0.242692715817666 0.254271154469046 0.295095360631428 0.293246269994663 0.419536046607636 0.48994182973217 0.223725303810096 0.30234129934923 0.481148842667642 0.528443568541863
0.726472582865074 0.588076621820427 0.585348934377745 0.461938429502839 0.489284635888145 0.250347425894494 0.610846851633792 0.575833295976329 0.56758068033749 0.376376298662903 1 0.708572651940163 0.891553529220904 0.642937886681314 0.551813746343549 0.483602776364416 0.462148956089956 0.465853042531423 0.609674467537209 0.433835062398462 0.227987692040316 0.122396902033977 0.465689643249261 0.357126329447676 0.0916040339166145 0.0367641220361708 0.138375195972616 0.12888094448174 0.566416918773025 0.470143065865826 0.217836652827976 0.169865589866265 0.53230646738346 0.417356601649746 0.369112966834462 0.306549565241341 0.212361616183487 0.273488001518646 0.378573536199177 0.228329582752033 0.410560156415857 0.383934058438029 0.442896260724835 0.384130666149197 0.321281413882156 0.381329476763307 0.447067016183454 0.4599548450325 0.40295225235101 0.492596390159392 0.516827861352694 0.496482456124353 0.39401491273555 0.34706554681292 0.505982309968892 0.434355019360383 0.495232184183319 0.507411246438961 0.617944865442822 0.559126134906179 0.765649100297429 0.65905400620373 0.71445567799163 0.65348727877778 0.40382031462438 0.393396812804103 0.414162849070181 0.371278203068884 0.262165613142731 0.128098638391351 0.354613997774298 0.407810450908308 0.412577244533774 0.297346846447124 0.345757249131152 0.0888513549667411 0.4022393827671 0.397504606376631 0.30076032315133 0.334059627329493 0.483671020902764 0.471921789224305 0.386445379938106 0.248833980622116 0.570407633954553 0.449798268423357 0.272062106729698 0.0519257791247568 0.660915384479589 0.439690508572547
0.707302904680067 0.626665650831365 0.507564775168375 0.605562371805785 0.39058464128954 0.396526422730354 0.611537837172016 0.733215619649184 0.468409481375262 0.427097564046415 0.708572651940163 1 0.738234390775612 0.757826827093435 0.441890754805052 0.538339001375513 0.475475789596272 0.526847173314597 0.654131407843962 0.593406162171389 0.323873792339559 0.216332970660357 0.474661096923955 0.485173130523183 0.227422921346747 0.237875288717017 0.1273579451263 0.208940828685156 0.594206952721078 0.632855952653781 0.357912060999301 0.418165997228104 0.580912910259712 0.598585907490357 0.377530225059231 0.359842389480137 0.269973269542736 0.290982096393805 0.37196129061075 0.302397305156071 0.40362458779022 0.464040245117983 0.551988401222579 0.484126379612734 0.414768991683758 0.47574843844422 0.536707942678604 0.50606537309668 0.459291344141518 0.530444722998367 0.554325571998139 0.481490409534706 0.445252826630941 0.400961855193759 0.555030939359413 0.507668719415596 0.467353547653191 0.506733985530679 0.644729605864134 0.628076956843156 0.737312320016962 0.812313081261003 0.63253330529821 0.696023678038597 0.317073314925188 0.495647538419811 0.493226442132787 0.490703930690695 0.310879615923432 0.226404295704161 0.500454129116264 0.530826279603013 0.470856285225133 0.500516248599334 0.18004419691394 0.166313865690238 0.531646158736307 0.406626044788189 0.460584646231374 0.482435850944543 0.590558663343743 0.583575050690719 0.472254093858772 0.448725181687541 0.528686920488985 0.544837363437685 0.167172810070215 0.187857717103897 0.565654404769068 0.555275926245838
0.711898115837772 0.606572725392611 0.71588641071759 0.53741455454108 0.582547512636415 0.339109356238179 0.707147103885006 0.67497616155558 0.715022416214853 0.483144559136446 0.891553529220904 0.738234390775612 1 0.776173452215296 0.738369714278231 0.648820966858082 0.464841516965778 0.472450578606458 0.652599932404052 0.485505218150168 0.336986097501593 0.157237143097138 0.629891409917034 0.506708525938419 0.242595195805564 0.17659071482755 0.236317576178693 0.179938146060439 0.563770921905714 0.503861502383973 0.324674117555833 0.317737964411738 0.611609552039078 0.472495257345795 0.467753641380535 0.37955656345989 0.281091341180345 0.378833790746681 0.458822111815683 0.333692728992362 0.476155322644497 0.493455873399792 0.50576328036136 0.427577096615758 0.401530752515845 0.438702971432377 0.514249665400308 0.528120054781152 0.481120060963862 0.565882078549208 0.613734904455949 0.54917134319078 0.47925875146883 0.423630137769214 0.632574615171783 0.545742700266533 0.507166915991006 0.519986208469802 0.651181847493775 0.586814543429409 0.789812253669299 0.699260786475849 0.711679521338622 0.639880122222552 0.557319422455479 0.491328903333205 0.520801441004293 0.447463308378267 0.381702735185605 0.228450906520106 0.448850036422859 0.471744446901608 0.421327549912157 0.313207074383224 0.318886882199907 0.0963668006092268 0.478533459495216 0.404382391227519 0.351449949053498 0.433288728558904 0.579164742487732 0.579093162457607 0.549750596355651 0.398702883373884 0.720280903030563 0.558146745289965 0.32528697081867 0.184890789632239 0.746404432292656 0.540402252404777
0.489673909689139 0.473891845441507 0.557478429494088 0.546938357524088 0.402369060547897 0.391205291490718 0.51922212314207 0.685443858527712 0.554934972647243 0.436858654652415 0.642937886681314 0.757826827093435 0.776173452215296 1 0.697709708568894 0.790934946260734 0.387214927459472 0.421033640620448 0.560617790531775 0.572899781285636 0.2987894071604 0.218620790930307 0.69811640137008 0.750065958869007 0.239812390972652 0.24206982915682 0.118767217449376 0.353062054083477 0.540200848554025 0.554047682735596 0.43861998538788 0.476865428618307 0.570450169623843 0.525255258137139 0.366063687118845 0.351340648737733 0.176179647679151 0.255098838057049 0.314938898514077 0.265405609138912 0.389648506681419 0.412317409115314 0.480523110890635 0.409025349432217 0.373152570468573 0.42550406690897 0.503020961277962 0.489093739086235 0.414123327444753 0.49405538939218 0.468937014515763 0.461043095009895 0.430218091240165 0.44093569928632 0.535541496019146 0.513656056267902 0.346389402734826 0.369117180643928 0.447764905588448 0.44492159279716 0.586944429351218 0.622144132577337 0.685693331612574 0.644867806342086 0.470775980593245 0.473639956821184 0.444655165236567 0.402784519480073 0.336741756706413 0.25634475077034 0.461591024743752 0.47373823287402 0.37452495419636 0.369315440609873 0.236235491935784 0.178813275699068 0.522648927188381 0.335281761268374 0.397401676823355 0.443994270592653 0.581271920890569 0.606587639814288 0.594374419075682 0.54157556693782 0.678929499279316 0.621398417533375 0.189425876708725 0.286711280934417 0.601361951110942 0.605335540377773
0.370528675996987 0.368322507178571 0.726544566302465 0.490738678562469 0.620271491508642 0.354788465940914 0.495368192658235 0.526846805079527 0.702556475240329 0.554792219561838 0.551813746343549 0.441890754805052 0.738369714278231 0.697709708568894 1 0.820503024374716 0.273812454151852 0.268954464002071 0.422035999265241 0.361291999005666 0.420056049768514 0.100630169532307 0.788316701399391 0.707973854454841 0.402066161335464 0.315508969930733 0.398769352414342 0.341598272531444 0.300591458429454 0.291946215913514 0.360594066825756 0.382217059296237 0.465353826217876 0.355444387229242 0.490981255671324 0.365289513591505 0.26816442465003 0.388325478667568 0.370321078612274 0.341038456696551 0.379438591241418 0.384202888763909 0.350339421650371 0.252140867601187 0.34440922567793 0.308311852855483 0.397031363033299 0.426752227699854 0.459684917358975 0.486168187650223 0.477848448144362 0.464683724135195 0.407660138968483 0.374306220021668 0.501941373277647 0.485629718559785 0.285571775508816 0.30886561679037 0.395580122566917 0.416388741801167 0.451758536828646 0.433518076583385 0.438200332161339 0.321620947609613 0.667319304034702 0.494304732305092 0.470767700158415 0.402331403439044 0.375900587487381 0.279352847139852 0.327349569870021 0.319994042412046 0.16136047138021 0.150754644503096 0.19655183141378 0.0930088652135744 0.417829154520647 0.35100436854336 0.205598211582755 0.327670360812628 0.394552073951318 0.448800380873019 0.533300516486648 0.442657156179926 0.699846693522995 0.61020927368367 0.293759836805357 0.362239965528062 0.688765740620561 0.629078495146666
0.404608755203363 0.442495679638645 0.664793153171055 0.54551445379824 0.476083952412755 0.431128947183049 0.44039159376118 0.588746745402996 0.601213701451365 0.589667885105601 0.483602776364416 0.538339001375513 0.648820966858082 0.790934946260734 0.820503024374716 1 0.341609432526755 0.409979510482825 0.483931148762772 0.506813877697967 0.436550502971308 0.29863038439702 0.749950370614157 0.794185583535168 0.530096711375257 0.483706203618852 0.424709135841287 0.432061650753745 0.390849517130242 0.435845131661833 0.464219147442072 0.536369033593151 0.553802147082251 0.508584768284089 0.492051655014328 0.394030926738736 0.301918870209302 0.334579061522773 0.396058777326249 0.42858709547029 0.429854284706662 0.353145430512416 0.470667079835367 0.393949695260546 0.40641905963406 0.400272275598201 0.523240278643424 0.482519574974413 0.478800679561618 0.528704673389633 0.490499683125381 0.498640410790806 0.413415683825352 0.405584894675563 0.523707771404765 0.559590382939687 0.367809555726866 0.389199236663035 0.387000256184308 0.436071033632689 0.424298325047527 0.451640857989222 0.492303640894684 0.420110652087998 0.618181263635378 0.56669372962444 0.528142208239986 0.479206045443245 0.461831472757076 0.409651135348571 0.491343794822384 0.439675565614934 0.247003634065529 0.366228930650424 0.157122732097055 0.260771551648121 0.526205065613467 0.377362427050123 0.349168492277803 0.50811449786714 0.52206200545298 0.574017922451503 0.652133152150962 0.593080497753013 0.672869475024244 0.724508790288067 0.160863695937774 0.501185250720057 0.614771701662467 0.703465119035317
0.701189688171281 0.744359489113554 0.524268072330131 0.563784276742698 0.423549625887322 0.388553178377005 0.581264378880245 0.553771466556756 0.266295481496485 0.197505943379559 0.462148956089956 0.475475789596272 0.464841516965778 0.387214927459472 0.273812454151852 0.341609432526755 1 0.871288873048298 0.775531889026427 0.611924393341981 0.318918685620262 0.160708012708286 0.433599581890941 0.365042046429053 0.434915463271921 0.389472045507546 0.140636578263311 0.215537319684576 0.777864906518284 0.718745568510378 0.467285059419244 0.499091063035697 0.703323795646124 0.69071273437265 0.494048961319247 0.525684578000174 0.490689821857483 0.479801066147191 0.559988054014285 0.384350979827988 0.507925682436857 0.518294656448463 0.554683971687709 0.445615344449538 0.4702089204109 0.525033918066987 0.523353208639279 0.468651500841278 0.445933958333294 0.48208235743291 0.497598434110834 0.499015495858994 0.359622452193322 0.408094744582649 0.607949052713094 0.586477538393242 0.855105386482418 0.825815154794321 0.641267719262925 0.644005566928147 0.518899023739235 0.472128528350218 0.637577305262801 0.655390430614479 0.398339323118827 0.478009601444844 0.547785234292552 0.545253719913733 0.313447679871208 0.274037710721033 0.458430101218804 0.534834588551137 0.691484786070519 0.555197696701603 0.258720930671952 0.232936063588962 0.353303348430176 0.382697170497543 0.703434335057393 0.674005148188853 0.812774582782418 0.736759249402007 0.461670591061019 0.451354801199351 0.561512032973263 0.516063596495075 0.287285872061225 0.115117496707892 0.47670767390719 0.424250805226865
0.728079934562053 0.801937898124849 0.524652582106829 0.575832747050509 0.313787190871189 0.426412436935252 0.56398147767621 0.562867491530404 0.232100310405905 0.195837214916341 0.465853042531423 0.526847173314597 0.472450578606458 0.421033640620448 0.268954464002071 0.409979510482825 0.871288873048298 1 0.807303547550683 0.717660946954115 0.330633447973463 0.227473604808752 0.484216987629464 0.402418771250797 0.489828622167607 0.463161873617819 0.154927138113218 0.268956338494978 0.827838057563324 0.848051881467696 0.547637362028527 0.587048192645973 0.729985708386207 0.784760856213807 0.492530829408708 0.51841365044704 0.483580551717967 0.422173166074585 0.576735436877947 0.445255612698117 0.556957889196513 0.495373111314967 0.596925941365792 0.491637393341491 0.496053770664558 0.562738485144872 0.572559477237837 0.474445348138401 0.452895846690725 0.507585911287238 0.506188599623284 0.541274286676462 0.367331589478817 0.426663092339523 0.639666931123921 0.662522966153445 0.81067496847127 0.837333456031552 0.637334732915638 0.649882437668828 0.542907683985214 0.449951352881634 0.66444278579019 0.708450288525299 0.382778139953832 0.46428863431738 0.570881409389292 0.569784020177531 0.341789735229293 0.389149716786019 0.532078086002266 0.597860493487775 0.695705648971401 0.68334807763268 0.251801447299256 0.349896553508314 0.454646170116058 0.341431704064807 0.733451833473691 0.809483577478638 0.850881585423069 0.831109925381808 0.570146956872823 0.564036457351185 0.562014442116816 0.586565696613683 0.253984188870856 0.26375248037216 0.47511683162522 0.516064857202425
0.874952201822531 0.890329658288928 0.689125285454378 0.719414973357501 0.482463771553038 0.465231494692242 0.758551575613812 0.72836757779689 0.389708943391457 0.261237270474916 0.609674467537209 0.654131407843962 0.652599932404052 0.560617790531775 0.422035999265241 0.483931148762772 0.775531889026427 0.807303547550683 1 0.825708717635704 0.349672163041164 0.211712723941425 0.590542069597364 0.529934482236647 0.496541975316306 0.485277261629954 0.199579534954125 0.243055085519374 0.762341148401043 0.754066225646022 0.569051216351829 0.588843237008047 0.83152456800771 0.84385562292772 0.591829791422844 0.609789106832246 0.468237540778843 0.466771143814231 0.520263833014757 0.493054998944792 0.569584051583201 0.597528373067999 0.726908588144694 0.617270366248568 0.65868482766788 0.699911088363898 0.712939484927438 0.690171768018921 0.688607307502823 0.732370897605642 0.713450267299097 0.733821143736415 0.566830352894011 0.60534396023726 0.711437045799826 0.728899327705901 0.832754148939119 0.841861120612794 0.834568351433932 0.834534126516682 0.728602889834034 0.653733826544113 0.733734587587149 0.75137894848304 0.46802736316979 0.567377609536499 0.696221929074131 0.695825187996687 0.569604280293614 0.456093264765633 0.675305838947477 0.702098764760942 0.675208270578739 0.648952667326768 0.211661685735087 0.34263959309287 0.64031109107268 0.544133990260953 0.61357367724242 0.645720633655951 0.820828408391463 0.775924779736396 0.613878641863838 0.516385813514678 0.707108809274273 0.685645009256314 0.207098558225686 0.215192496955467 0.639224538386279 0.635930052622709
0.691872286717632 0.797343141042207 0.547431280589673 0.63771294611604 0.247172679580724 0.452258711332586 0.556523654172806 0.615143153372071 0.177337791766434 0.106337959077728 0.433835062398462 0.593406162171389 0.485505218150168 0.572899781285636 0.361291999005666 0.506813877697967 0.611924393341981 0.717660946954115 0.825708717635704 1 0.312253134128889 0.311776600346663 0.593845172616981 0.612953015145984 0.439677381707732 0.499582084919246 0.0780925110319004 0.342627176965942 0.698099260015382 0.757245509714225 0.657032557562363 0.655149096773213 0.694865155654965 0.790399792430265 0.432714017931695 0.461846750300724 0.326151114204568 0.337932131501802 0.40437044747751 0.447690692240001 0.483994567161139 0.475113422689987 0.721323759132206 0.637960976034207 0.612835760978326 0.707879752520907 0.712998554946044 0.622634209049951 0.597887902784956 0.658507516986234 0.563538697299982 0.603244346991764 0.479328310379291 0.533487483541094 0.634351600834581 0.695331865012428 0.612152844561029 0.713035926980755 0.591720510707626 0.636972361727736 0.537821642133356 0.517189400566558 0.626378199200255 0.674148660142876 0.361177015612185 0.458037511482368 0.557223386696061 0.590171142571408 0.59025417114701 0.668206356627137 0.682020480397973 0.652791271006209 0.671747024340669 0.753724677398247 0.204844181193859 0.506324529291787 0.624238877434221 0.471647030503202 0.620994855186958 0.66117422571086 0.770727723351761 0.765963140981051 0.593686263150291 0.559189635482197 0.616994370624308 0.645095388146704 0.0361170674259582 0.343871126930793 0.504746798311075 0.60164853955782
0.361859270275804 0.397597903109993 0.50541422650578 0.413929416386347 0.366788102979212 0.217482941352587 0.384371307122801 0.369858045557641 0.333647019912111 0.283089146647321 0.227987692040316 0.323873792339559 0.336986097501593 0.2987894071604 0.420056049768514 0.436550502971308 0.318918685620262 0.330633447973463 0.349672163041164 0.312253134128889 1 0.0243887854667814 0.402839714574197 0.40872056341322 0.461072326284643 0.4777315303198 0.356725484935899 0.270892653169885 0.257796722801319 0.282657405806507 0.323044794911553 0.413377255662038 0.356423411278241 0.336359940540506 0.494211931421016 0.497695398500551 0.451739371271164 0.607612377130013 0.534812293303114 0.505853447647809 0.484391780528974 0.406650888940454 0.37769430441634 0.297217855837246 0.359802106466156 0.360366070213655 0.343105871850081 0.32715756123747 0.357060481309401 0.346740494927651 0.407600565826189 0.319654310383852 0.326382526026324 0.23520368486998 0.514892414944662 0.494094179164232 0.334222875000878 0.374299801493188 0.377540115144006 0.404325027320037 0.308736985116667 0.30026505165934 0.212192776608319 0.214906451627948 0.398560209859158 0.450951147638231 0.470430288847589 0.4671322757578 0.235477824467241 0.220916514244158 0.318323196894415 0.351160930707979 0.327568094496654 0.253745030812138 0.209259754309955 0.035776431362085 0.324602580463634 0.305204929015806 0.181790056316758 0.321328593619265 0.293827306747659 0.400568001869895 0.468482204610496 0.450830704016015 0.452291155919158 0.494146915901943 0.378996678653004 0.410412161154926 0.482602391823855 0.503343710707187
0.257854004676731 0.209284927448696 0.107408996949703 0.202751963702567 -0.0126970043812334 0.414818683737858 0.167478472909835 0.248568741715322 0.127512354269908 0.111584841636678 0.122396902033977 0.216332970660357 0.157237143097138 0.218620790930307 0.100630169532307 0.29863038439702 0.160708012708286 0.227473604808752 0.211712723941425 0.311776600346663 0.0243887854667814 1 0.213334847113672 0.14857313388549 0.389008283449159 0.328478003314851 0.187391234490418 0.425807786542909 0.346348191725534 0.338103165228839 0.466939331548529 0.368843993947968 0.339335962255472 0.32985041306614 -0.0436451128543406 0.0305012140269592 0.126189927220164 -0.20072365593822 -0.105066638277923 0.215050403080895 0.0474573967567752 -0.0501289726650765 0.259262345251876 0.241547461145297 0.259542415638149 0.237756669186059 0.271962761105322 0.219652694543527 0.165882624301994 0.196478596948773 0.0908423661365204 0.156105192397138 -0.00702470811279905 0.0542131949836878 0.0344157346636188 0.177484616453839 0.13745233850234 0.240551917323819 0.151005905077727 0.199880615075671 0.201727288397989 0.151234914664495 0.310024369939725 0.332626159826756 -0.0395277899034537 0.0349734164059254 0.10513449584942 0.131658212062365 0.382012083370135 0.445959303757622 0.381810297900582 0.243520077472283 0.149042920013105 0.399401996219056 -0.236705083177034 0.439533839904174 0.264274637858679 0.164057386281283 0.260426610246614 0.183735401250009 0.342018905385682 0.282437547373783 0.177916437899128 0.080794160198762 0.106725239404298 0.0797843289919562 -0.438455742901457 0.0626438519853624 -0.00310831081868775 0.0671094514027755
0.448788760670162 0.500820846716689 0.817803011027469 0.726275199152881 0.620771576888315 0.512606361955922 0.647484794825571 0.699768107617668 0.552321386725096 0.452641466682479 0.465689643249261 0.474661096923955 0.629891409917034 0.69811640137008 0.788316701399391 0.749950370614157 0.433599581890941 0.484216987629464 0.590542069597364 0.593845172616981 0.402839714574197 0.213334847113672 1 0.864780627820005 0.566205072032708 0.559933853342222 0.289789793947717 0.468234438054928 0.495812663367148 0.533076003606938 0.643408444166409 0.717691269130776 0.679121211824795 0.613018217531724 0.578349586897959 0.512979671642221 0.344369724534737 0.386940283996676 0.40805186249914 0.374445756395902 0.419862314965427 0.420511844053273 0.509057899591954 0.395856218997172 0.461556678504657 0.479083850475865 0.529888102799122 0.539950164060189 0.520674772555685 0.567494359897594 0.550402019995477 0.544317265898317 0.469888931523158 0.488274269121936 0.554780328126777 0.602477006689569 0.443363370923536 0.503369617585466 0.488255351125504 0.543190843008588 0.530240939714126 0.527973557265811 0.547761050942086 0.48211698403789 0.725747645568435 0.628053339780148 0.630281271921857 0.581203748575841 0.524068019728439 0.458488888462339 0.505547549199229 0.501351471853411 0.352523107281382 0.375869532110496 0.15942476293119 0.225818372848637 0.56374890155185 0.447765419186495 0.412266305324741 0.54106068925297 0.614068618158759 0.648950461053457 0.551749570283919 0.495164675186849 0.767960322701453 0.70698664239705 0.15812579808346 0.339094153886192 0.70118530070617 0.687240995624333
0.342284136913092 0.466042624305082 0.679200868180759 0.711854423813308 0.52041766748346 0.435909579392434 0.477496867416856 0.656193522102212 0.414572883794176 0.421594167716002 0.357126329447676 0.485173130523183 0.506708525938419 0.750065958869007 0.707973854454841 0.794185583535168 0.365042046429053 0.402418771250797 0.529934482236647 0.612953015145984 0.40872056341322 0.14857313388549 0.864780627820005 1 0.508702296003872 0.551913752420359 0.244223159227364 0.47894073889128 0.411053741536758 0.4559987967713 0.55033671713086 0.682119167421393 0.569614576794201 0.576749453316216 0.570420797656726 0.537944783145479 0.316242812222877 0.413401698724739 0.366017395614679 0.368759199417106 0.426112750764032 0.448098831418835 0.49003544128352 0.382210644543907 0.469190492596754 0.474463840914423 0.509783743044129 0.51116334072654 0.544419664722889 0.570149624667938 0.524370452456107 0.531987524707175 0.487890103245335 0.480606182867365 0.551201859742896 0.568678178858114 0.37157398294225 0.40882483586857 0.409777199364295 0.499553409427671 0.390172232358243 0.493189923169404 0.44141861855989 0.415140837059404 0.666019035231029 0.677754043593576 0.611837849239037 0.613329249118913 0.488599723933253 0.422296076505789 0.450806684266448 0.479084116239876 0.329125975854614 0.350370349301576 0.134141550840056 0.196087784711093 0.544079540923428 0.428120406222316 0.377816867455967 0.497307918905324 0.560038678166396 0.63754125937112 0.590612234099962 0.59744543000227 0.739779434167373 0.797284506158135 0.179656363325547 0.463613954787734 0.630560602321079 0.782605562674919
0.399634985565047 0.493640807596399 0.609108293050716 0.62588603524696 0.483074716691574 0.57052671487424 0.503136767642918 0.529006070673255 0.334744371155443 0.363183596849973 0.0916040339166145 0.227422921346747 0.242595195805564 0.239812390972652 0.402066161335464 0.530096711375257 0.434915463271921 0.489828622167607 0.496541975316306 0.439677381707732 0.461072326284643 0.389008283449159 0.566205072032708 0.508702296003872 1 0.818319704894655 0.473307603765455 0.55701479683226 0.354241506447692 0.372571749005642 0.575100533315065 0.658654297396853 0.644515468745715 0.611419715130757 0.659550166043732 0.64178999855898 0.664082046939902 0.506568652099429 0.420656762951187 0.548312990398051 0.451050073281972 0.425062288924938 0.495739173123065 0.385106126460786 0.582278018664463 0.477394178482717 0.46001834909551 0.476616703353698 0.539262987654241 0.515109935390602 0.520430030247231 0.509697164619803 0.39073848471813 0.427181709811056 0.47306513344124 0.542018030382073 0.548426552452692 0.575638650832935 0.471403071456001 0.545066728057181 0.312901081448197 0.286972119856002 0.219887796352984 0.227073372266657 0.518579942559796 0.618112318049867 0.708802196815977 0.701056213922704 0.637600668518635 0.502359354882771 0.521182168756954 0.47896707728269 0.2348775709369 0.419785267198771 -0.137553822133193 0.332126813304058 0.435486586277659 0.44882333086881 0.417301789102127 0.465330814531554 0.539430180193973 0.528000932800752 0.478267465707488 0.433918885013305 0.51959039728011 0.582667879949032 -0.0252249332577097 0.387562331600626 0.394704354166007 0.530605609430068
