1 0.54916736355993 0.33250248567793 0.12794985298985 0.0568886510690926 0.0693469680173413 0.515532962646677 0.262427238933402 0.325061533125221 0.166173657016735 0.703490603820519 0.0676199490872477 0.6571983322938 0.274085637726122 0.297738276856711 0.0438992057709024 0.474660521750309 0.493322377576386 0.70131104309521 0.326387753262218 0.159921024067307 -0.0556885246639513 0.104963320919363 0.0416274038199106 0.0711298759679843 0.0695063568455293 0.28742388537357 0.127392171846779 0.533667817773303 0.252117974273451 0.113502508538771 0.006914432919453 0.286524311566413 0.170794223338654 0.0532956479093469 -0.0876898032754816 0.155942457460328 0.338399048906103 0.118297481272494 0.245175765949174 0.200974166047909 0.186442180318999 0.352198232941864 0.346308609170624 0.269117059551143 0.315474042493681 0.405900932553771 0.299239529194183 0.441267837354775 0.451859066889993 0.518384891051155 0.494796880793678 0.367580184673001 0.398290286605601 0.480118160062328 0.400495623527388 0.726736739208055 0.54461776731646 0.673555810559525 0.659052799312094 0.46986999034071 0.239458343786364 0.65269595628739 0.46046962848114 5.51436044498852e-05 0.0396695121784324 0.124183099506105 0.0993888014714231 0.364654570569196 0.276902362579434 0.232776688614745 0.240856431577633 0.578540753009789 0.334741518105349 0.175996647809715 0.0130563103949569 0.21233648674443 0.0933683797376204 0.429898974778871 0.341820058978133 0.581889260547694 0.499341745048041 0.21871712656693 -0.141710784664033 0.312733100615134 0.0764867713383005 0.0615696578305582 -0.240124347047026 0.474450921736084 0.305771406803478
0.54916736355993 1 0.247524917527586 0.377111988842616 0.0929781573366841 0.0926451867488267 0.226954122300244 0.500041336711783 0.0838416976763733 0.278704747222861 0.30048125379918 0.176042227381208 0.358413703986796 0.402256670615935 0.145845460277734 0.209207254333033 0.49058023195633 0.512899190266136 0.561635663629994 0.560061061618432 0.0454346633760623 -0.131139584919813 0.102034730320738 0.260379986891754 0.101525275581676 0.113858881701381 0.218591252696629 0.144968630136777 0.539397149879549 0.183447502526249 0.170361190172316 0.189061183012538 0.650444388052431 0.703148812324969 0.530089589429998 0.395806520592231 0.529755856521716 0.384858702957854 0.600402102000682 0.496966265422526 0.0933855599024202 0.0406043495512574 0.623819936694135 0.726059162605253 0.434982111225326 0.483374089139418 0.581550491025493 0.456537918568976 0.401373746676762 0.478201879210626 0.472823576946479 0.53342531765303 0.210160492093787 0.509318681337302 0.535972742857891 0.49265563697037 0.658875124884045 0.852500568198664 0.371072444280869 0.57195916425988 0.361079605363376 0.541174053362476 0.448118043056229 0.575746713856535 0.163198925367519 0.365672745995834 0.430392430492885 0.502090174037417 0.537390897645161 0.619917270193367 0.366641252295221 0.530978226246443 0.459870107539393 0.281107499638326 0.086120102390553 0.212948846864623 0.476154223078782 0.240215271607862 0.213156459282173 0.233515670373813 0.319259092715676 0.424642877354445 0.283280469346105 0.0274323163003361 0.176370384280895 0.312803314599557 0.22599872191851 0.0711546509285131 0.027245982990129 0.457108772613521
0.33250248567793 0.247524917527586 1 0.573940809976239 0.458946268452939 0.144406070575227 0.614591503839293 0.320300879889429 0.405965356138374 0.22727667738818 0.176891278546813 -0.0378195727290265 0.394723492755403 0.334357172434117 0.65330949408931 0.247669094526448 0.0617906492840787 0.154025182225698 0.496584937697922 0.26612277257876 0.405586630848205 0.0122234234088894 0.744074817404979 0.523486952917582 0.609763411135108 0.481861528859082 0.541343454166852 0.259344036989454 0.312261907224922 0.244255056094611 0.632946216135183 0.58685205203539 0.532792850041272 0.309202562343303 0.530999435409962 0.266887230679759 0.32198880944826 0.32804199558974 0.310052131338149 0.278576114384228 0.0384841819346322 -0.0479666444636789 0.398000726428879 0.310156449824879 0.289573045580219 0.0726213656210724 0.35445666967187 0.367206557705425 0.0815732632281141 0.151686832725411 0.380833167849717 0.388456100173831 0.264647497404771 0.380715936844643 0.410388846057057 0.328022520667244 0.397448922588856 0.323064779146876 0.417362765002713 0.297208727393024 0.607047027753638 0.183505009112801 0.276579553885451 0.152775834094369 0.691642469179795 0.499865519006309 0.631102084958244 0.422817109994585 0.25969705244794 0.11896449722489 0.602107735495486 0.540114883773653 0.382201681691781 0.302410488446325 0.186252519464781 0.0304805824819911 0.451722792724995 0.284203816512997 0.247358921167943 0.2719005647944 0.300053612109763 0.433170652502614 0.294594114392961 0.179717743767257 0.637636913971563 0.513320223385846 0.331393529198375 0.145038283097909 0.547368403829877 0.287162679292641
0.12794985298985 0.377111988842616 0.573940809976239 1 0.426676738701273 0.326462141143367 0.13240962896646 0.63525085674324 0.137566577820875 0.325663399608703 -0.0657031287922296 -0.0616982984530658 -0.0674293606735857 0.196039351453051 0.269477368173041 0.322348641877524 0.260013473832616 0.152980603617923 0.271697584850998 0.316995209958541 0.176352358484492 0.0661043164248337 0.456286059881548 0.649920893408594 0.511097471731698 0.695790326823227 0.352090669219509 0.210926989184204 0.421534987357129 0.405600170271501 0.58689733007634 0.77716138419735 0.669145760168035 0.651752063893896 0.65460829925768 0.473910544809676 0.440053511114884 0.515811910130322 0.485431595450558 0.435757759379351 -0.0544069373520466 -0.0151257340376623 0.438345507980057 0.386323102735551 0.332479566314461 0.183542077357742 0.34684724435083 0.323959500500979 0.0535795047295134 0.100449177138472 0.466767306118361 0.438770175504598 0.367837684234335 0.389481001347058 0.478729161796775 0.342315022860513 0.360063018717627 0.374647136873182 0.260296133675291 0.337032404722242 0.378872263246566 0.628985589134665 0.0960655850833577 0.434473350975755 0.575035632778758 0.737332704583588 0.763322644524303 0.748885269502471 0.354386424402732 0.290822800736289 0.449556633879766 0.53548494836619 0.214045072187796 0.217720033408634 0.233816125181379 0.068566044975742 0.36851209980161 0.316125301948238 0.240768002516686 0.154638366224956 0.285883318225647 0.469074707379996 0.258337939627192 0.155492289228047 0.289532869483045 0.52693020223424 0.33518779825321 0.152655532459906 0.103070832153606 0.421530188953933
0.0568886510690926 0.0929781573366841 0.458946268452939 0.426676738701273 1 0.506765208751445 0.275714707599044 0.313654407647469 0.404333635063857 0.427968469987406 -0.0206650637179576 0.0333315145963142 0.0713522622289757 0.272574371469904 0.452882323751179 0.353908758984933 -0.0203684637629777 0.116999659774396 0.0946123615286038 0.167272060487852 0.379170081731103 -0.0378362764154498 0.386091573377327 0.417064120752235 0.349945959750835 0.400228070623009 0.320649707959434 0.192151836290938 0.215320182713833 0.361409858659714 0.474748940601562 0.414588017709974 0.268933891111009 0.216772059291912 0.265583408765824 0.192049863474274 0.254232852469439 0.154172128987387 0.187517200708831 0.157290544980169 0.116731323855777 -0.0480578575173955 0.242345160911835 0.145120923911172 0.213614194776549 0.094150293401847 0.25136145609626 0.251269542203766 0.109453375138625 0.154008174503625 0.32582220204904 0.266833639278994 0.222960837441261 0.159361176726724 0.294927298555163 0.275661460522078 0.135807292633093 0.119774372090921 0.144715213506697 0.166580103936812 0.265300185246871 0.15807592074968 -0.0394428269002565 0.0245423861619282 0.346403037602608 0.24151087253324 0.383190895173082 0.200535648973822 0.137543570169423 0.00716600331511961 0.301646457869886 0.354154324840037 0.163922709841169 0.0529727916533956 0.043054422942211 0.0218179785776362 0.212003638426006 0.145814774472712 0.0926571982605899 0.165624640340752 0.109393571529338 0.1983817435259 0.208406833607341 0.0920174653496066 0.319537046852537 0.368739875626505 0.178348682652326 0.108556212963517 0.283501471812243 0.412417894383407
0.0693469680173413 0.0926451867488267 0.144406070575227 0.326462141143367 0.506765208751445 1 0.144969968981724 0.421388850741487 0.157692193646857 0.625345751261481 -0.152082728723857 0.269587038641166 0.0719198707023027 0.405375494489325 0.339934039359708 0.596673909584927 0.0016630950762026 0.139438091696531 -0.00858209498194584 0.138213606935123 0.0969132592686517 0.271832420836005 0.221346986982427 0.387081619475285 0.29619048024017 0.472587146233316 0.335999723858694 0.515266936279509 0.00484436395579617 0.387228845042554 0.300266074215523 0.308732268128085 0.106251241320399 0.171781609274975 0.226631111630899 0.33073827769244 0.142029659789839 0.0727848444135933 -0.0398366371363935 0.114324382742444 0.176297188520238 -0.00713518544686621 0.246208080859027 0.110102911089008 0.189600232062856 0.13919526058384 0.2288146731427 0.178580150254675 0.0653111896132507 0.120087957236118 0.268718346052844 0.197245901157049 0.154859634206035 0.158216737682249 0.0632493454436596 0.324528128239593 0.119687738475889 0.0556313909957188 0.0124708012198395 0.0685542321586587 0.202828239243481 0.321076949625031 0.00118673295151373 0.125180895155947 0.240563766539933 0.24094558036244 0.301339529267203 0.194787555201923 0.156534613806887 0.0908447711322784 0.0687300560773962 0.116128499977954 -0.0434766041885361 0.0215771515617206 -0.0453965242724278 -0.0560067267867747 -0.00850537660376854 -0.0281106623610447 -0.0229760185477992 0.0709845004193205 0.111550063417174 0.191358766299647 0.162477472351134 0.121589950350809 0.31189977899468 0.321278867008837 -0.105042487765038 0.209834319908417 0.0687722205040542 0.356573178080031
0.515532962646677 0.226954122300244 0.614591503839293 0.13240962896646 0.275714707599044 0.144969968981724 1 0.380098529930445 0.554275885160826 0.184944458060738 0.429863429168641 0.207612365445577 0.6781567512016 0.394832600618529 0.472503789707094 0.0237719217580432 0.0780939353750251 0.279128824697947 0.619554831228934 0.248215087867921 0.226328853820419 -0.0483618127394678 0.3808695584145 0.0391920779257514 0.11140268481285 0.0332908038124626 0.139940465829609 -0.0166433795463187 0.338721740741875 0.375115479085596 0.305520866547606 0.0977765339326061 0.272144728209569 0.0522042784148477 0.0584466542561063 -0.120965215403395 -0.00438605890436559 0.0549849591559902 0.0112329951677876 0.00850666169566275 0.148868440621537 0.0194316113872596 0.225280924031899 0.148908718820405 0.225763463380252 0.150986215381615 0.242097680450142 0.260797008687931 0.221066594477333 0.307657390915255 0.295896279799862 0.350077581585688 0.170195901066558 0.35568711625432 0.226490179135922 0.261086371538563 0.428960314183493 0.256265654190968 0.451009180661628 0.298420147857742 0.586879575801965 0.0166113045464402 0.514747222411926 0.184862750650635 0.181609429893717 0.0383262973606565 0.229664288487386 0.0665209357784813 0.135708420591445 0.0466240223831869 0.356927935278128 0.203684433060585 0.458646528276016 0.301543060986073 0.0784205065193014 -0.0324780251058539 0.182291689490552 0.182426852068716 0.197409809824711 0.307431412475213 0.306885278705412 0.323272300879152 0.143614162003565 -0.0126213506814052 0.481801824372483 0.154813825498046 0.108546017176972 -0.142685978244179 0.52588257077787 0.241221666681491
0.262427238933402 0.500041336711783 0.320300879889429 0.63525085674324 0.313654407647469 0.421388850741487 0.380098529930445 1 0.380595394312687 0.617319946031633 0.137966659748259 0.397468644067392 0.242939976758643 0.35491606007866 0.199030763443967 0.35197598432306 0.14495764939298 0.238005742720178 0.26652936280129 0.314853625931353 0.0636248312502944 0.0272539606044792 0.0645681507698273 0.300868717824828 0.0824538808758903 0.316320308329338 0.167240542997347 0.172902289995341 0.364602771070422 0.495004351549058 0.238563894801333 0.352908545301677 0.498854017099306 0.579078715512533 0.384153231482993 0.284864558370572 0.340008192398958 0.297073281281795 0.366699787050259 0.342782514555947 0.0457009529949901 -0.0200063647071746 0.362737990510404 0.369960882079575 0.247755538495449 0.202170111952745 0.299028580938797 0.244646358460177 0.12682692379471 0.2454583610226 0.325250342535694 0.35944473756082 0.0987428134802538 0.313560645408493 0.293915622615431 0.36092005151215 0.347519529381338 0.487135964301976 0.313087814034663 0.40925774180573 0.565881405485706 0.776721544025428 0.265194746547617 0.483134761177274 0.157651387160716 0.437318436223167 0.479448316608633 0.50479708124767 0.408944726348349 0.363653523888646 0.348197816173496 0.391210291420529 0.256337230455065 0.204987082365755 0.141938159714712 0.0940033191617596 0.32632410531459 0.222027351313978 0.169993906308351 0.13092680323075 0.218755114094731 0.287060821425586 0.124483031599414 0.0606277476146699 0.129192475547302 0.390324701487554 0.127727372237382 0.0234051144673029 0.125687324700575 0.547633748035923
0.325061533125221 0.0838416976763733 0.405965356138374 0.137566577820875 0.404333635063857 0.157692193646857 0.554275885160826 0.380595394312687 1 0.493828831717873 0.393347412252293 0.234610053585424 0.562091626032077 0.216043795715756 0.47302909133666 0.158680267165124 -0.0353192941686693 0.0715777345623189 0.263712500109726 -0.0299934511867054 0.332875023632949 -0.0995135464535936 0.0495082326663401 -0.00894655893356553 -0.0104939621348948 0.0447769860837886 0.301640002670881 0.0200785538756343 0.172346532549904 0.285544061240949 0.101521638105448 -0.041748936925739 0.14676891535229 0.012828697697561 -0.0460782108092228 -0.16019195530084 0.0462894313707522 0.112256219388698 0.00962219191073258 0.120344797901228 0.140567047709525 0.0647196273828286 -0.0177581200669495 -0.0708203728228931 -0.108433400430891 -0.0869746624068067 -0.0030652490417214 -0.0437021377592108 0.0154075417231583 0.0792666557282319 0.183593930198109 0.215142136952112 0.0625301810713656 0.124964010604238 0.157813574216129 0.148205606873526 0.181243180781542 0.150338561460709 0.346495219965327 0.27731918840139 0.547492646065374 0.197845691731193 0.267442938730933 0.0601161828220875 0.0360894244661464 0.0190699713648159 0.00871680487687488 -0.0586855704094246 0.111850626795572 0.00580812126587595 0.166136217360827 0.0751450350112131 0.328996021331182 0.03566361137964 0.103270183855733 0.00149759892909029 0.104107469675415 -0.00452285829144609 0.226746800333586 0.157701729484024 0.211417476950923 0.00733064206503774 -0.0682127411439809 -0.134002283822652 0.193410831417437 0.134729821236931 -0.0117234530505387 -0.229618447425116 0.567279893170046 0.35679567751811
0.166173657016735 0.278704747222861 0.22727667738818 0.325663399608703 0.427968469987406 0.625345751261481 0.184944458060738 0.617319946031633 0.493828831717873 1 -0.0334457932715617 0.337716857177596 0.277257747362386 0.391529023571837 0.359128147702565 0.58612977943058 0.00423832060946775 0.126549072137664 0.0829045823598125 0.112368052766956 0.168741762842836 0.112944732410512 0.0152523764853709 0.284384197394129 0.0879860755890742 0.213137745600253 0.391594886232996 0.40488216742793 0.0706918491704029 0.277812317633189 0.0847193994074443 0.158440304524113 0.244000580892004 0.360300298720015 0.253502080965232 0.271417363323498 0.30365015794163 0.196093578874455 0.179612389706425 0.289041055264559 0.117492091458696 -0.0326527868438053 0.231644583856216 0.202938750086842 0.0788969804896649 0.0579606506105229 0.177728925903536 0.0956993376619082 -0.00899349191585745 0.113604088843369 0.181899101670741 0.221849756400102 -0.0194407444227244 0.179565241624806 0.0838994665400652 0.313071434692645 0.146190398322485 0.249141055595967 0.0872779913827694 0.181009972566565 0.451926750566518 0.560058412494413 0.0792564428585574 0.154323037151173 0.1815115200938 0.323693491169863 0.24885031514108 0.237319701789976 0.27016372453777 0.256503763436654 0.189428151223666 0.231517609441022 0.00278215923211137 -0.0678561376266832 0.0416528005854317 -0.0203264624324661 0.1606737594517 -0.0380862026449506 0.0214056413273911 0.0341511341840995 0.0385573198030227 0.0959369976368446 -0.0202922939206441 0.0370202965563969 0.169869259274058 0.403290052720993 -0.0376082393096298 0.0974881615398067 0.187208596748739 0.508821854963702
0.703490603820519 0.30048125379918 0.176891278546813 -0.0657031287922296 -0.0206650637179576 -0.152082728723857 0.429863429168641 0.137966659748259 0.393347412252293 -0.0334457932715617 1 0.194852562502875 0.607504693902911 0.174050499454672 0.139990191522838 -0.147226793283078 0.254339935238485 0.215561061337584 0.525902822613023 0.156854183282982 0.0625568126655207 -0.123616307575089 -0.0520839492856198 -0.162491249509491 -0.11157981423632 -0.155087803423378 0.111456042851505 -0.0587107788550909 0.444256951188824 0.154714900978431 0.0357426388715583 -0.178235943143594 0.112644541102364 -0.0549040990729641 -0.160408184487301 -0.36034322371229 0.0140993536084514 0.207309675891385 -0.0070130304532878 0.0628636815664425 0.28417466031753 0.231937322159802 0.156026514403159 0.168893903263315 0.0655917414424376 0.132668969110479 0.195408765954149 0.126775377704396 0.279110403681788 0.340931033486949 0.271460459681374 0.272145602856871 0.138272391939258 0.215516982385289 0.2849809099475 0.208190167368326 0.447544950811154 0.374461981646132 0.521713528479697 0.475966567633225 0.348234357463113 0.0643750881940288 0.566562959311778 0.298566810503116 -0.244078678265866 -0.231137864841491 -0.15007019788959 -0.142587881028124 0.188312645869796 0.126002900075188 0.170628281784938 0.0929896575268569 0.56495108715258 0.320387086107981 0.209394500509291 0.116704821294646 0.110528923297274 -0.0664491248378247 0.355174415893949 0.141971127842429 0.421836957556563 0.28310296565919 0.147001592165469 -0.272400599995289 0.0969800634407753 -0.172858269573974 -0.0346550836592298 -0.315475493182541 0.482720933633992 0.212218610905822
0.0676199490872477 0.176042227381208 -0.0378195727290265 -0.0616982984530658 0.0333315145963142 0.269587038641166 0.207612365445577 0.397468644067392 0.234610053585424 0.337716857177596 0.194852562502875 1 0.251754274908156 0.536569976595991 0.204707756014817 0.414721167804372 -0.284700697101316 -0.0179769224252702 -0.0732893747877806 0.226627366835229 0.0635376762546905 0.203175361921602 -0.0525817425482777 -0.0184326058450136 -0.0532722036665753 -0.0263095561182887 -0.0233548114984398 0.0820357708355124 -0.124625359113692 0.220112764612504 0.00580612097592168 -0.00800032647485263 -0.0746079770975504 0.0199191968938425 -0.0173607152903395 0.0303911344744817 0.173119926964478 -0.201238755821464 0.0919090703007628 0.0518427895670553 0.162633060105705 -0.060008794020979 0.0648641026262376 0.0735711568491812 -0.0244164413874964 -0.028460842296378 0.0873050216246738 0.0471675391465969 0.00260272987695573 0.105571424813631 0.0236278368199027 0.0789780335796039 -0.148537828487967 0.0171707780666694 0.0178183806122336 0.186634799695218 -0.0959412301154867 0.116166125286698 0.0657539247139076 0.0944132569624958 0.304521703775456 0.248435015113374 0.0982439969664034 0.066820886338615 -0.157540728963658 -0.025709912146252 -0.0461988080114456 -0.00753243352333048 -0.00141145084446508 0.0508804960489131 0.158127853126879 0.14373755013326 0.119291990476389 0.166942636725242 -0.0885056524647896 0.157271584231875 0.287527626213694 0.0135572016112611 -0.351301735010538 -0.10932623797121 -0.273256672008868 -0.164899439226467 0.134718555567456 0.317255351706277 0.124718345920548 0.308741299891142 0.0569183780663539 0.410053755868521 0.201518036772896 0.461988050187891
0.6571983322938 0.358413703986796 0.394723492755403 -0.0674293606735857 0.0713522622289757 0.0719198707023027 0.6781567512016 0.242939976758643 0.562091626032077 0.277257747362386 0.607504693902911 0.251754274908156 1 0.535770655221894 0.580019205963873 0.217882046989698 0.0775616305745354 0.223928328276602 0.612370129017795 0.299274778450556 0.274619080863558 -0.0431323209959208 0.176186151388112 0.0153487254049286 0.0150713596437711 -0.0911758577590558 0.338165440388945 0.153702309868404 0.343742141517937 0.241628604308253 -0.00319978211380326 -0.128003447613577 0.220598822706896 0.0775921724291441 0.038845056737525 -0.0828120964124556 0.118740642160632 0.296818859723514 0.0794717319228739 0.214011572929678 0.239878074326719 0.101991054345004 0.224885321989011 0.242216974772204 0.154132884612943 0.150185817522395 0.255064782255182 0.223400305876903 0.245404105682547 0.284966390427106 0.236463046744159 0.298907336365191 0.0445069652989308 0.246995209588692 0.28313758474755 0.258168790178888 0.430807665646832 0.341113982381591 0.384195050382458 0.367147415050442 0.510962098629774 0.0617039767660808 0.568706689399855 0.229919937787247 0.0399086743803971 -0.012402084504885 0.067720021667841 0.0229640715244665 0.211012391579078 0.208839572646859 0.292423829452053 0.165713005374404 0.502578688745899 0.216161611941267 0.203187439187218 0.0207092806603339 0.199531945130727 0.0568095898953919 0.256202190330103 0.160224358530226 0.342809159492082 0.286645875728795 0.24602176825868 -0.0850352597210201 0.404183794947753 0.0861873800694999 0.116805495092766 -0.202573574581815 0.540289864556064 0.214999343293679
0.274085637726122 0.402256670615935 0.334357172434117 0.196039351453051 0.272574371469904 0.405375494489325 0.394832600618529 0.35491606007866 0.216043795715756 0.391529023571837 0.174050499454672 0.536569976595991 0.535770655221894 1 0.610309937441686 0.651916060463924 -0.0197147209138086 0.161937917057519 0.358452401661135 0.491001807375051 0.26831960057612 0.115564336707614 0.429044938258593 0.473830391595353 0.257651957784967 0.205636800438206 0.359421753843112 0.289611909542542 0.15892742314419 0.313098104306969 0.254231696560354 0.262854377996873 0.353117413572436 0.34028816597477 0.409369514838962 0.382262166203198 0.397554875958097 0.228375817215295 0.301694654111132 0.232986672335125 0.191787304148671 0.0129919215001774 0.401909293167991 0.363971723987436 0.257225763899633 0.175641393283248 0.347785859020737 0.338693417289449 0.110727751931821 0.174846198765472 0.186273665827447 0.227295051223688 0.00981982694616739 0.224703277434839 0.269514094459906 0.339229756513908 0.243343782075202 0.306015434725663 0.127800681708384 0.157584893605407 0.329128190291551 0.231768678208966 0.318139446720347 0.289093019682712 0.308237811934085 0.360636981123547 0.374893996527199 0.315545911383594 0.234219582134736 0.293896529650982 0.332725826308789 0.337856361755735 0.277917736666083 0.150730493652476 0.0214785211955936 0.064061034049916 0.352004012848863 0.199811253578267 -0.0485143567979952 0.0472841723197337 0.0460939222723505 0.33182876432295 0.465905221526269 0.318471343010805 0.559467327732243 0.506008115438041 0.320246742052572 0.418825805176585 0.343835844272871 0.485370834416094
0.297738276856711 0.145845460277734 0.65330949408931 0.269477368173041 0.452882323751179 0.339934039359708 0.472503789707094 0.199030763443967 0.47302909133666 0.359128147702565 0.139990191522838 0.204707756014817 0.580019205963873 0.610309937441686 1 0.594383932067654 -0.121304093906305 0.0205646386805216 0.332744480087436 0.211933374059 0.544051266117192 0.128965380564656 0.637650184918467 0.485841247247026 0.506364250325515 0.38322358075045 0.662137687193484 0.384641052691059 0.161394516149056 0.301283892562194 0.386424656821275 0.361610725822976 0.281503800741763 0.144662987561116 0.361773663721116 0.290127264535435 0.296530564911771 0.327854301266165 0.24867699037566 0.282766799833774 0.162482241718443 0.0733161303402259 0.261334403364848 0.188480949571717 0.201756504089222 0.0630506453247698 0.228989482375011 0.249258067112966 0.0600666587401379 0.0911163721789549 0.273013368469109 0.246067249073561 0.15337393624732 0.152601461312198 0.36027889282002 0.277073820427299 0.24054143868507 0.116062933422682 0.247386068180804 0.188941936785389 0.460621764283903 0.0854245222111119 0.235119262960826 0.070767038754115 0.555619119103098 0.370021716647275 0.429035962516845 0.269708757010657 0.185102812707729 0.0993593730408394 0.425737435550009 0.318475805142937 0.283519610656297 0.156768438203372 0.114417662471753 0.0198675605945567 0.332942681797702 0.207936477947884 0.0564482417640528 0.106284489823779 0.207168748903539 0.291873735647303 0.458406905792202 0.279369053162214 0.725068739472748 0.497253253634616 0.346875513680063 0.248930363535528 0.593816963879076 0.333991524352124
0.0438992057709024 0.209207254333033 0.247669094526448 0.322348641877524 0.353908758984933 0.596673909584927 0.0237719217580432 0.35197598432306 0.158680267165124 0.58612977943058 -0.147226793283078 0.414721167804372 0.217882046989698 0.651916060463924 0.594383932067654 1 -0.0911176506805146 0.0112764182702889 -0.0288856649329088 0.208656097093389 0.327130336397936 0.263729217039225 0.387162523372989 0.633646724701145 0.401483122990308 0.450369685543393 0.529270177073694 0.545311335213575 -0.00274251522012657 0.274732152669895 0.240466414916739 0.403561366236665 0.209428954504851 0.294033720876109 0.436021044353266 0.4638063736441 0.370471139840941 0.265563612123958 0.200051478920486 0.255279711033111 0.0980876785279673 -0.0742355636718185 0.291395455673156 0.239475149825181 0.205899405413841 0.0912732058281762 0.254019139344739 0.226103709455535 0.00504313683336728 0.031330757723062 0.131493560630319 0.165194464469279 0.0591694960244081 0.151710533460448 0.174059810537276 0.249048199600977 0.0663173573762403 0.147199082809699 -0.0405698590645845 0.0314290469763299 0.26711108750929 0.40248505439272 0.036664504487882 0.193658371722628 0.395785011142407 0.449193320050757 0.407316636327521 0.335003667311709 0.162458810282344 0.199214375880688 0.239701696922775 0.30885855866542 -0.0365330016270555 -0.0199046383565517 0.0487830360709609 0.00950774550398871 0.240842218528389 0.0647072534407201 -0.135225626010163 -0.0185160548312231 -0.0425779855016044 0.174357155974517 0.329291610733464 0.305886042783055 0.460653178814857 0.588755380474119 0.263447740667508 0.450222177664953 0.196202905595678 0.451259158018936
0.474660521750309 0.49058023195633 0.0617906492840787 0.260013473832616 -0.0203684637629777 0.0016630950762026 0.0780939353750251 0.14495764939298 -0.0353192941686693 0.00423832060946775 0.254339935238485 -0.284700697101316 0.0775616305745354 -0.0197147209138086 -0.121304093906305 -0.0911176506805146 1 0.633902916157733 0.463804458313715 0.19484529130127 -0.0463207738161633 -0.183155115916007 -0.0539869288549401 0.114651606230292 -0.0514492599277613 0.117299898906632 0.111369150803598 0.00725387683162981 0.592398864882117 0.28105756407191 0.0874873830047755 0.107630393815889 0.511249684058626 0.44863488274705 0.224492837454212 0.191131941754312 0.264944861074967 0.393727852565052 0.344734316447094 0.275142521009185 0.0697109129545233 0.135855262015992 0.415327394689777 0.440136532800834 0.368685973061265 0.524423909139968 0.392752884566745 0.302274224173506 0.406979885505507 0.331438209782344 0.298581412998001 0.277046353417498 0.181870048431308 0.301524602452269 0.400993764959168 0.270574618351494 0.665024846479545 0.503538758900292 0.211166509804547 0.295914141326175 0.0225684200142077 0.254290129195459 0.536021115280536 0.656254493610803 0.0813310622215403 0.191905036012506 0.248812140979491 0.324138467711428 0.321189144598262 0.356978713635878 -0.0384619169924936 0.140991068648336 0.32514311976085 0.157718337899725 0.055155319802222 0.0433180003355127 0.18548774551427 0.113603563046782 0.522906865458539 0.460555339141432 0.594721402273795 0.471922332505405 0.102400559308357 -0.255850099226588 0.064998622457693 -0.00402082010923439 0.0188607256737745 -0.213975028800511 -0.0653935454874249 0.100768866900813
0.493322377576386 0.512899190266136 0.154025182225698 0.152980603617923 0.116999659774396 0.139438091696531 0.279128824697947 0.238005742720178 0.0715777345623189 0.126549072137664 0.215561061337584 -0.0179769224252702 0.223928328276602 0.161937917057519 0.0205646386805216 0.0112764182702889 0.633902916157733 1 0.494292980805929 0.179814717539938 0.0059458750092572 -0.146268408801835 0.0277423984911849 0.0609531017175876 -0.031828683206754 0.094591909075754 0.131218751898966 -0.00464964178522708 0.432075521414545 0.401141636202087 0.0857832804744073 0.0378962229653143 0.357730107900028 0.325957985323486 0.195788632000396 0.130839099777785 0.200013203816798 0.189351946952889 0.176172730945698 0.180834767000286 0.114031732143944 -0.0742156182516078 0.39514709877275 0.410188401169101 0.317251309913234 0.449122097884584 0.41212422512405 0.379107661739207 0.37932332365967 0.370206792969399 0.268030212884604 0.319303841823538 0.20472453870176 0.379940743855537 0.284813997413525 0.329349706752466 0.598551855007078 0.559465068139587 0.32940292024292 0.422720509754865 0.204309514181461 0.229934976073083 0.460573779247396 0.571027767205705 0.0763052484809322 0.122198641310919 0.232669184909309 0.232286987259457 0.31821385761503 0.298426275401566 0.10880944950012 0.166856596817731 0.315658671678795 0.139684784024015 0.0211170783523565 0.0131338142802566 0.149181364794516 0.140473166852374 0.405222794040854 0.417931002224719 0.479184181247596 0.433356312151412 0.0895198002163523 -0.155519713235071 0.210993068148556 0.161185614507282 0.0231937853303727 -0.165824301136431 0.155862645188566 0.245955693598546
0.70131104309521 0.561635663629994 0.496584937697922 0.271697584850998 0.0946123615286038 -0.00858209498194584 0.619554831228934 0.26652936280129 0.263712500109726 0.0829045823598125 0.525902822613023 -0.0732893747877806 0.612370129017795 0.358452401661135 0.332744480087436 -0.0288856649329088 0.463804458313715 0.494292980805929 1 0.49200319007814 0.190580377083498 -0.132887097755561 0.316934785517595 0.17659161948738 0.0573682719570396 0.0643109492656843 0.202671298184842 -0.0475667757301459 0.604197326619228 0.240128094440352 0.235400881747287 0.117173047801102 0.528235912345524 0.374620681124636 0.280437658445049 0.0653256994331203 0.129425587514371 0.388398663056516 0.274721450571788 0.250392617333291 0.112255396122576 0.116543951523525 0.443720441646483 0.447410764700815 0.367176552348284 0.349682483903528 0.416245673043172 0.385868231547073 0.371311056180344 0.365375211608177 0.431056814427109 0.464261064642361 0.261947550026153 0.421174540259649 0.404430879341115 0.336713177830701 0.661023919100077 0.511912658962348 0.533700830507967 0.533760464108786 0.393520076717043 0.179364810332528 0.644921737563404 0.487540307586539 0.206252994284968 0.185643286513189 0.357216194257086 0.304648132956254 0.375466042698297 0.346798459270262 0.3409746797562 0.315298203743379 0.55795452488159 0.302756484768255 0.202373491386866 0.0449938425253294 0.325740129544485 0.236687123201976 0.361649188830833 0.342294430727361 0.506062540551463 0.638681229222595 0.288428445689796 -0.0834853501619972 0.387941596059631 0.142180441612899 0.216261005176794 -0.206796891866064 0.347142838240396 0.275833991965423
0.326387753262218 0.560061061618432 0.26612277257876 0.316995209958541 0.167272060487852 0.138213606935123 0.248215087867921 0.314853625931353 -0.0299934511867054 0.112368052766956 0.156854183282982 0.226627366835229 0.299274778450556 0.491001807375051 0.211933374059 0.208656097093389 0.19484529130127 0.179814717539938 0.49200319007814 1 0.125646069763461 -0.0984844011730701 0.292887990596904 0.36842632739107 0.142784142490891 0.0851620669890665 0.0976419392899532 0.108620146902625 0.364721686214517 0.0958383427492634 0.216560826538244 0.23370596613414 0.501614466980242 0.488666835629664 0.420586184666806 0.315319569932001 0.367524315232566 0.236191805744177 0.445465108653132 0.276818573923892 -0.0605636350363992 -0.0216323363072031 0.444786713580198 0.495456597089016 0.362769946043419 0.293999695591782 0.440021430994423 0.395616082599559 0.273868945796804 0.282496550422319 0.264020175439469 0.301220996469332 0.0687621375278681 0.308298257195904 0.344930930992877 0.237069773329519 0.312777498632746 0.42185120759707 0.154451430739016 0.271016224317011 0.218796491953285 0.298512221407129 0.304877826693202 0.308972934758716 0.171962362860173 0.282342731937855 0.375491326271038 0.386222151498197 0.379963178975352 0.412919236356762 0.431713916183939 0.546954855256717 0.393428810607379 0.291402387706196 0.211803458858934 0.21653192604823 0.515138387509472 0.275185897943701 0.0086150965188632 0.0669467414330937 0.0270313280794347 0.31913072594592 0.347046481434845 0.178777820941443 0.199482160928853 0.33040998338529 0.325395202722133 0.260088184105632 0.0327068247767967 0.347567536272875
0.159921024067307 0.0454346633760623 0.405586630848205 0.176352358484492 0.379170081731103 0.0969132592686517 0.226328853820419 0.0636248312502944 0.332875023632949 0.168741762842836 0.0625568126655207 0.0635376762546905 0.274619080863558 0.26831960057612 0.544051266117192 0.327130336397936 -0.0463207738161633 0.0059458750092572 0.190580377083498 0.125646069763461 1 0.0746845443448585 0.362745145629004 0.259907750141043 0.448162088057637 0.361859299218098 0.453299636792351 0.174738375310509 0.0324859729134769 0.129458009983751 0.309552306416818 0.277921706827252 0.155471363113244 0.0937793229657797 0.265315796101926 0.205851559547071 0.280677863190122 0.22970317027722 0.286899707135363 0.256345051431706 0.0504545701946498 0.0471922362377594 0.132690576981878 0.0719061806370731 0.0600348994122213 0.00732995105200176 0.0260462845849365 0.110895168853794 0.0308778815554189 -0.0562874136959567 0.102249937024706 0.117468389246904 0.0743024554730681 0.0447699958095388 0.28520023800771 0.112817962816866 0.0766273489043198 0.00940787142900255 0.0968976456702484 0.11003898804841 0.16285172030144 -0.0360718518152559 0.108754344829609 0.0669094897891036 0.391857362357844 0.205584405715827 0.308583637800584 0.223915951943399 0.0487371310159494 -0.00166477192072135 0.232254505420355 0.249040438289831 0.193422161484177 0.1680787068537 0.108921035161014 0.080691619429014 0.297617521908005 0.258156458517781 -0.00866187824314379 0.0888778091716532 0.0750707066459299 0.18459928315214 0.359234776095962 0.297058603113646 0.425795243086471 0.410214401494018 0.37307030741654 0.194455995930105 0.412477395750859 0.213680055562409
-0.0556885246639513 -0.131139584919813 0.0122234234088894 0.0661043164248337 -0.0378362764154498 0.271832420836005 -0.0483618127394678 0.0272539606044792 -0.0995135464535936 0.112944732410512 -0.123616307575089 0.203175361921602 -0.0431323209959208 0.115564336707614 0.128965380564656 0.263729217039225 -0.183155115916007 -0.146268408801835 -0.132887097755561 -0.0984844011730701 0.0746845443448585 1 0.0859017139702602 0.0836753797746003 0.18237211968665 0.256695805807347 0.046880973572201 0.210038520215614 -0.195075921257733 0.0717785343026797 0.0958969540737183 0.131670443411682 -0.13326870825844 -0.0900095216092928 0.0344881273270909 0.174417264075985 -0.0660223770631561 -0.0286342292984312 -0.0483034984493712 -0.00267547260672692 -0.0295408392315345 -0.136997447617334 0.030776104810677 -0.0262066206157652 0.126237787461557 0.0297066279925178 0.0354011433954471 0.0870092175904531 0.0177654177478441 -0.0118612613519694 0.109349962528091 0.0280091945918879 0.0972470010341315 -0.0131498960907867 -0.0120520298632025 0.0868908736301456 -0.0802972205461624 -0.15272328034873 -0.0236522047100735 -0.0616131005490307 0.0516052762960447 0.0407047479351164 -0.147011573222547 -0.10038112629902 0.190914015438703 0.139157270845038 0.121184907060214 0.0860140097975846 -0.0989119416072346 -0.154873281231945 -0.0394783885788859 -0.0465602529110233 -0.104182893077433 0.143788165343725 -0.0637068363496051 -0.00949734475618846 -0.0422088755912887 -0.0652834628490646 -0.155275201012021 -0.0750547641994435 -0.04667855047083 -0.0277690014191653 0.169263531009623 0.194236256938924 0.202909080446907 0.184447996805041 -0.0986680619756585 0.194321228932966 0.0511875355857073 0.0797694898416487
0.104963320919363 0.102034730320738 0.744074817404979 0.456286059881548 0.386091573377327 0.221346986982427 0.3808695584145 0.0645681507698273 0.0495082326663401 0.0152523764853709 -0.0520839492856198 -0.0525817425482777 0.176186151388112 0.429044938258593 0.637650184918467 0.387162523372989 -0.0539869288549401 0.0277423984911849 0.316934785517595 0.292887990596904 0.362745145629004 0.0859017139702602 1 0.717689388970081 0.702607342105081 0.562089060287319 0.49314981613922 0.253578552656307 0.107536002092667 0.186034472339246 0.678866515252656 0.683415431556656 0.403475084121246 0.224397028324834 0.59125715444711 0.387982861376628 0.25845162397993 0.227110095775586 0.263971340549487 0.143472497724732 0.0206394982925574 -0.11051416366858 0.387862736042159 0.262890480255871 0.402419578455833 0.141876576017119 0.318244518441219 0.404135363146608 0.114106814406306 0.134509475080715 0.236937306969537 0.247900683344665 0.245489467820083 0.269810431284083 0.336699557793719 0.282631175098234 0.191341676966 0.101676482750573 0.131591607531646 0.0688385602599584 0.285076030983029 0.0252972161222884 0.141341201078982 0.0679287484223538 0.752002479004964 0.481147786678343 0.645648877335152 0.403659311409146 0.105762567812779 0.0353285563535182 0.485805694625163 0.427821892506145 0.150725484235075 0.19928036217615 0.165710285455555 0.0158480045745491 0.373716478709025 0.333790276470674 0.0432596117313784 0.143528143364972 0.117589820747787 0.392257733199051 0.472744156988566 0.357498457929131 0.736155655507366 0.560820562701907 0.48726732500847 0.393732033558711 0.389690787106443 0.228709852504647
0.0416274038199106 0.260379986891754 0.523486952917582 0.649920893408594 0.417064120752235 0.387081619475285 0.0391920779257514 0.300868717824828 -0.00894655893356553 0.284384197394129 -0.162491249509491 -0.0184326058450136 0.0153487254049286 0.473830391595353 0.485841247247026 0.633646724701145 0.114651606230292 0.0609531017175876 0.17659161948738 0.36842632739107 0.259907750141043 0.0836753797746003 0.717689388970081 1 0.586266198264599 0.660449347973334 0.545170656870882 0.45433908835905 0.171454620866706 0.199241661644515 0.49484114138888 0.739311056401957 0.485477686919516 0.464647100408553 0.694048763025895 0.559765128322976 0.388004755298736 0.36509993886546 0.399537420631734 0.204451469450646 -0.0885973607515651 -0.168196068504694 0.421370630451444 0.370204885653239 0.341497891720632 0.163944512998294 0.359412572120644 0.359121611277041 0.0816575428136256 0.0906859477619117 0.269234760130793 0.275882796753166 0.284772540527716 0.289185498653621 0.35104490044827 0.240051448936231 0.20684579789848 0.192072613686866 0.0951014634267021 0.133380251320825 0.303541827456345 0.452580061058694 0.0477376814899543 0.269227129871875 0.698571428239685 0.752186482595828 0.691907036852395 0.566642905235994 0.306821844768374 0.253216031735718 0.401911818032303 0.46294164077199 0.0544391263893775 0.0898464221020041 0.204611856109687 0.0668186437281975 0.404186273324816 0.329899736745642 0.12661238482132 0.156888088679119 0.189536205856517 0.451210796330867 0.453053603306098 0.341251102122251 0.5307127924861 0.700208341653226 0.534268391099737 0.465913155315064 0.198535485885702 0.405347632143469
