1 0.894787984167782 0.584427597767623 0.484942345392346 0.405423725824042 0.261092324458329 0.5654879091832 0.423902577015217 0.491318358350869 0.306994029862413 0.890595266546329 0.745271808110157 0.807817856006494 0.584094086596519 0.454301453654274 0.427603926780952 0.842888875387472 0.84900989988035 0.771483653581369 0.698048274135516 0.33868347691799 0.160425006168567 0.473796539769656 0.408006027073666 0.329298670904169 0.375235027878814 0.373791049926567 0.474762873420974 0.649472820095145 0.651150683362599 0.364415247067807 0.317870094069969 0.588230469845673 0.538679462582191 0.235057138047106 0.176787938254497 0.28382939567043 0.234842348362821 0.429868624599676 0.443980122865344 0.431638318706084 0.40799009864413 0.526297294893359 0.482105411047258 0.567741746447593 0.48708014817102 0.551441986790111 0.498137298230162 0.409324834031199 0.361817884444707 0.380731509093202 0.409625510657146 0.403376701558573 0.389449790286539 0.536733299513091 0.529899368545817 0.866357786091902 0.832468128837196 0.547099255038446 0.502120686141108 0.68746693483505 0.387765171517445 0.706627784234709 0.491222721097314 0.423585896228624 0.432349651135444 0.367794650883979 0.381544744959674 0.626562301102693 0.672154054135656 0.39418482416376 0.302034894401994 0.394277658221631 0.344321093045817 0.310818268713707 0.338440956970823 0.140984055295353 0.206908256661924 0.741603330778787 0.644245169356408 0.725245838728668 0.717852434761594 0.487568739672535 0.579290209500585 0.65830260020069 0.591804637350778 0.394734434950146 0.347807607383288 0.609551357805131 0.46241563120989
0.894787984167782 1 0.475737677703704 0.472107626205576 0.370617307578909 0.264945344911552 0.448913242082587 0.419897238142383 0.376009966049603 0.327362766222414 0.754925678876007 0.733657762489793 0.686476253027758 0.638054593708122 0.393904835335952 0.443110793268315 0.8321039415396 0.914153110351498 0.734269816432257 0.730038224789374 0.374499649437495 0.103779818734976 0.444019373638031 0.435946209469782 0.357676187446678 0.395398540468664 0.336189162376534 0.489515178088391 0.602233700258902 0.669845446804362 0.312919041187976 0.33000236014623 0.501339251225427 0.496789283518675 0.180451098721489 0.142879206855092 0.297815217778964 0.221702916277789 0.400941519731579 0.475559640023982 0.407520249007496 0.390760038086694 0.538262962796952 0.521015942485985 0.603101820715183 0.530644709333309 0.583254754096955 0.546042862451817 0.431134559887243 0.395168768455105 0.364224156959107 0.401930904123147 0.420664516920886 0.421589554243516 0.553057035128893 0.577172202569672 0.891988105373329 0.901905161736446 0.478017852745577 0.469686366663856 0.570996072894517 0.383608010397908 0.61701280252153 0.480271652834057 0.368282837529607 0.410280573018324 0.276670898506629 0.328520504938096 0.663113808189282 0.682351451612759 0.357971691427944 0.285995174157594 0.307902675977435 0.330221123107732 0.227686027048356 0.319101991780552 0.0723568983861637 0.178961020807763 0.742347493587717 0.681072176765571 0.747367791563325 0.792907569073555 0.487703482787568 0.670981141539519 0.597588633291049 0.625934964902339 0.406379845058502 0.39505788288429 0.519509342639823 0.475357143009666
0.584427597767623 0.475737677703704 1 0.829568515820024 0.661838014117389 0.415227373029943 0.862321923481711 0.712664637013674 0.74155561727926 0.478307400853455 0.486611413012247 0.47181480717044 0.693970286488292 0.475228067302956 0.616021463466399 0.600031342809787 0.426384681041663 0.422665886284132 0.640427666077266 0.428044200428803 0.499247644488276 0.327377670137119 0.85728284685736 0.706044280437798 0.570466584180638 0.591816999784774 0.571489648641884 0.604887580231008 0.425886424591406 0.448813823807547 0.646074976292327 0.638565312082828 0.759985767227598 0.668394374728892 0.693176993320643 0.441744254750121 0.472759541422149 0.359123916625689 0.515631478211555 0.475433271285313 0.341101051973813 0.441683952122314 0.732687197381294 0.673749988511312 0.632360171765962 0.593771225298973 0.621676722790449 0.636819838091329 0.546463915604174 0.564273474866227 0.656599437132308 0.626362674384302 0.59472256309634 0.573409143275424 0.592941575624355 0.528285074117976 0.505799416571088 0.554741461600658 0.714364866566226 0.621392509588054 0.825633062392608 0.665878261148787 0.603907120471477 0.458844101763477 0.79138891626729 0.795455017883306 0.826656232664812 0.762913256317335 0.404626888162549 0.660142759324638 0.652833792391035 0.530325052293868 0.50284219319914 0.460414513198687 0.231628915860771 0.587980229904952 0.501209499294053 0.525599616211461 0.557180139435143 0.570623059386708 0.563923971932804 0.584181927568506 0.403200463921511 0.454677433632558 0.774981670219862 0.75432928428462 0.495739429070371 0.558931920354462 0.815077094867847 0.679707784513487
0.484942345392346 0.472107626205576 0.829568515820024 1 0.606424289680185 0.428264995567315 0.68384013382747 0.762174860771853 0.701545384925596 0.537610743449054 0.397655488642162 0.535323601433708 0.575737324075686 0.584752275253516 0.586766356459535 0.670965784454779 0.356819261145645 0.413901162073843 0.545854654751112 0.425227656165503 0.475023457668241 0.282971049081967 0.796353677223388 0.792422445828242 0.549677184200561 0.64325762722218 0.532262268561634 0.621386169838936 0.395192964412443 0.450281156307723 0.595988299136199 0.689230800312751 0.605645409195245 0.596934855277742 0.605414882670532 0.336457608311568 0.519032332198854 0.264721176070545 0.546804464570652 0.487002597256941 0.302303112089684 0.344683084749447 0.665290795669526 0.618048121422373 0.579708075624463 0.568027042650793 0.592709620524701 0.59563897411963 0.539457526978904 0.55599901839753 0.608419102097294 0.579270503279639 0.592563469653704 0.565360428996791 0.592217574326504 0.506018831529021 0.471245550838821 0.517240143807045 0.619126726585931 0.558211798305505 0.752309338997083 0.807137377946895 0.44837234348149 0.378248076367505 0.720956859162431 0.896716032427915 0.708488145704646 0.742876920490409 0.327795868968959 0.566691419566568 0.63586245584622 0.552358914862572 0.438682139164988 0.450807268326056 0.18350374172633 0.555418142850716 0.371113657781176 0.457910624872472 0.520432104212538 0.565617530397292 0.527525088048189 0.59696673099372 0.370614769096778 0.480154189165056 0.668151799603523 0.821663928244058 0.45363153173346 0.60588965289815 0.743029658605334 0.703817164369719
0.405423725824042 0.370617307578909 0.661838014117389 0.606424289680185 1 0.838460553776809 0.577574599630439 0.698694941622007 0.665854416848976 0.854800851134073 0.379689910980227 0.491584704494144 0.5132731625104 0.606997851276258 0.350125589076433 0.737052844700762 0.442809883984802 0.386495309281535 0.409635974680391 0.38930201229353 0.690598696571413 0.246526034364142 0.630805875545382 0.702914299057512 0.788464631351415 0.811292677911538 0.644075958504107 0.751369755162405 0.486300359851323 0.514248003611488 0.644782298965342 0.731673864928823 0.562674318227836 0.582006502801811 0.396364894342994 0.229561577890426 0.541364082844876 0.114691272112598 0.613546477084638 0.555778062087047 0.370738653987211 0.319183198989904 0.7068422545793 0.680688142727888 0.649351101277521 0.619049124258446 0.636101950445819 0.641622787928834 0.559741848808625 0.561792341546169 0.600749571671652 0.589297721769752 0.60839945978771 0.577178393131855 0.656955832512339 0.5755226337951 0.430974101855513 0.431186057267902 0.571162056406988 0.520304382580217 0.664254897596298 0.665376621324991 0.546964482716995 0.460705076575916 0.488109323652412 0.648833043863776 0.609657585095866 0.655060120157694 0.259662151663351 0.452375789066626 0.585887047267786 0.536250790384596 0.454389407602387 0.519566798745493 -0.0466997290998347 0.733952081360033 0.452537754442989 0.51978936242273 0.582365877036915 0.576613619095789 0.554001015952603 0.489491957432503 0.460341812385008 0.434648676333634 0.576956131635563 0.620043799099691 0.604708330919584 0.544630869631957 0.66747377150485 0.644231551037108
0.261092324458329 0.264945344911552 0.415227373029943 0.428264995567315 0.838460553776809 1 0.35771739038948 0.63333431366446 0.406749930933545 0.881667101721855 0.254655543338385 0.433671903833491 0.329790953568277 0.59675492343143 0.0455776113493929 0.692292325190063 0.375308333878232 0.302198639379811 0.272814430736117 0.355922453888522 0.681925093519336 0.347081250269095 0.423349482126268 0.632955443555209 0.757326968325907 0.806153082584124 0.58655555036418 0.665546753805671 0.457314314445223 0.505377882848538 0.620701500859451 0.70289746469942 0.443876980077968 0.504140097148644 0.170943021744843 0.109084138861084 0.545114027887395 0.0786958289448153 0.57422808362931 0.589841757072495 0.392659446338678 0.242468838408493 0.612707516644164 0.601119498611295 0.584223678109984 0.602129888956352 0.584468957170827 0.579749482416721 0.55970051876179 0.548220450831772 0.553342855524583 0.581777422756067 0.590526338643576 0.573531891835013 0.651298860485824 0.57609935549974 0.298151569221477 0.297739229279624 0.45048501603095 0.456208368706463 0.447298710291159 0.559847561795413 0.403220379525499 0.432979910796638 0.212858125247225 0.486954938991179 0.44990704568965 0.560178883968962 0.123925444626109 0.301278056331858 0.51472387956079 0.51228422938637 0.395913956833145 0.54585234154348 -0.201113970330772 0.728238849214103 0.387369110628837 0.467627138082895 0.513663157166999 0.543147799635841 0.488470072593632 0.42088751009633 0.433170982750655 0.434897507950895 0.388068350878262 0.499336292931692 0.564551775299747 0.471795590024844 0.533715233911571 0.601933907274409
0.5654879091832 0.448913242082587 0.862321923481711 0.68384013382747 0.577574599630439 0.35771739038948 1 0.791415979445266 0.792768555687025 0.467066760322696 0.572505327231775 0.530633225139701 0.737745453150012 0.494755516956811 0.445748980709082 0.461088045514247 0.415356990144875 0.414579269963194 0.685613316239036 0.467944444759026 0.400781474264571 0.277175279718069 0.703730839330311 0.569564689271918 0.328937494554953 0.376954193091146 0.352109773842555 0.40331966855896 0.488951879053778 0.523201917194357 0.620596164614189 0.566344524441445 0.836572588931354 0.715784084856043 0.567933811535067 0.402927542282288 0.442304833705002 0.388332840243316 0.376596823061035 0.299170750066679 0.353274355500645 0.475496473909439 0.630245817814285 0.577649026987033 0.503179386943638 0.473117474051683 0.516054345003728 0.518361298719279 0.451068012879804 0.458061250257217 0.574166286647167 0.564364603300419 0.512388097748306 0.443518969784968 0.468144417047559 0.388976423923596 0.458693572517341 0.494911467874633 0.731633552392081 0.605804370122557 0.827679330019734 0.6690531206629 0.723966745350714 0.674545692309232 0.549908546485079 0.658910377231683 0.76685901187676 0.708689001447219 0.399437561635083 0.691988965918486 0.695965853276326 0.552481746799346 0.539098979524666 0.492462406452372 0.34475492095984 0.544504166380408 0.589047564623427 0.630745261627359 0.523773711828577 0.508118924466149 0.505923659000379 0.480541541334047 0.272318493962025 0.359693350469147 0.667734824198141 0.597359500763889 0.389261326805642 0.358277874867467 0.805915089837767 0.608956376036984
0.423902577015217 0.419897238142383 0.712664637013674 0.762174860771853 0.698694941622007 0.63333431366446 0.791415979445266 1 0.695935234220385 0.756396639853446 0.453702779580453 0.663035970818355 0.611813525306617 0.725305875406112 0.259272465314739 0.648665924296303 0.373698638964194 0.406829354828443 0.581139533241309 0.538090567769776 0.526851607945888 0.280174579328164 0.651310688638548 0.692674706412 0.497176557768494 0.562723890264998 0.439880946193267 0.508422091122337 0.533135201596262 0.657937778729557 0.666954526761966 0.750512248467108 0.732425410761564 0.706270604531626 0.39602867924451 0.206380726794719 0.581505675096636 0.261722438060656 0.528816362917936 0.457769889273678 0.359152824387544 0.373775393937386 0.712325496958103 0.68709305582857 0.582635592694057 0.580721849741617 0.607282870452675 0.61400973244789 0.538918037666184 0.553138606474985 0.621480498123168 0.634788895607946 0.622060149028411 0.562296459370089 0.595249888065901 0.483795134043069 0.375094193037479 0.426675729422628 0.654228442580927 0.582020330524659 0.733883872777893 0.876261305123954 0.598650318186467 0.74274054077564 0.394341637094236 0.745651683898883 0.662254732056345 0.738890229559682 0.268194787631396 0.59431112610466 0.693494359081802 0.645268893081659 0.513733792924335 0.605245503691823 0.161834643854436 0.702223698513575 0.551389460315912 0.645871325821633 0.531246566730625 0.56085112206258 0.502583169662607 0.509758486349056 0.2783854445719 0.441613222917455 0.516691411014889 0.648108506284603 0.440499999258215 0.461741687298489 0.748941501819702 0.740989911311958
0.491318358350869 0.376009966049603 0.74155561727926 0.701545384925596 0.665854416848976 0.406749930933545 0.792768555687025 0.695935234220385 1 0.597698026961193 0.52564764753307 0.510311244101308 0.650739358437022 0.475938304163705 0.539958976446328 0.495375747138653 0.385093821412172 0.381747347088811 0.539340678157037 0.362617595192466 0.375665803396123 0.146747613074109 0.63436344854377 0.53624054437689 0.352861695443074 0.452633238971515 0.409438443628603 0.443382537920576 0.466703292257901 0.466815436174898 0.582073128766385 0.569221167759192 0.653237812901496 0.562050981760674 0.46912220437072 0.250543401724634 0.428964766512413 0.223700768251945 0.443150808736056 0.303148477282018 0.395959294520613 0.391328661026462 0.600765353661025 0.561488069435978 0.489746973503526 0.462758127243345 0.510022004669441 0.520316404439027 0.452598239872276 0.46284304596294 0.53995719739747 0.508397285605598 0.498573566974252 0.440270933250368 0.465543491276102 0.373420500537476 0.401171844033804 0.420821623595646 0.642014706730335 0.538955751991296 0.797646844243153 0.686669427429673 0.593019448287259 0.521411112904023 0.544730809950821 0.645165814147207 0.662629404245888 0.616602743981582 0.281876998972352 0.545362183435958 0.596493194967795 0.4879449107233 0.492758433612573 0.41856917654388 0.266310664915947 0.56049524648705 0.468692370507579 0.490100683040107 0.483580624504048 0.470611384520041 0.446676513176463 0.416274221290103 0.293241395686267 0.333006372463705 0.577032063773408 0.556109068131756 0.409345889104017 0.397926455758633 0.73203098293094 0.566020967805354
0.306994029862413 0.327362766222414 0.478307400853455 0.537610743449054 0.854800851134073 0.881667101721855 0.467066760322696 0.756396639853446 0.597698026961193 1 0.302143590114099 0.530669839244536 0.396655539450986 0.653219445158242 0.122357920327497 0.724339674521518 0.370971244977889 0.366956148486916 0.395333931677674 0.45375028917448 0.652525671664776 0.18805805329845 0.504358673876126 0.663421875464255 0.668045936517041 0.734277871972758 0.512953793645287 0.647811191824769 0.463903195030885 0.576873688573907 0.64727602101613 0.722659619022842 0.517942021653138 0.560057896214545 0.188744200988234 0.0819940717549101 0.58472015082564 0.0694526809788228 0.550002788614317 0.512605933993277 0.389726761427099 0.257199341003981 0.642597679041396 0.626629953062712 0.553130691603177 0.563166134150885 0.582482257281292 0.577951217781038 0.539286853067351 0.554742674778719 0.560112500027891 0.568227046957767 0.601491211792438 0.569069342215462 0.617926551452379 0.493074586912106 0.336653650785024 0.331738013171147 0.499349375691834 0.471812369187978 0.543920910378897 0.687502691754666 0.479896265864221 0.564417608653128 0.263885788271266 0.555284940351397 0.491667009678799 0.572741304818782 0.180622230641971 0.381390728435383 0.560835012479119 0.579036090604567 0.475732324692171 0.600608933910834 -0.138921847239748 0.726238242236009 0.484886362109722 0.548560678266795 0.516966702086976 0.568119673711196 0.459875007348134 0.400012555652354 0.341164031592807 0.410372564203981 0.379545499279368 0.516374660906577 0.508968967172871 0.477949834855512 0.60547837149955 0.659344251169112
0.890595266546329 0.754925678876007 0.486611413012247 0.397655488642162 0.379689910980227 0.254655543338385 0.572505327231775 0.453702779580453 0.52564764753307 0.302143590114099 1 0.826338656502138 0.877902666660831 0.635444425202063 0.440485665382633 0.38336602097885 0.785126710099871 0.776913376280067 0.725353702264756 0.688612413849539 0.275660949978049 0.155921895489189 0.399540007922289 0.321718804977642 0.22818489231896 0.269046423469859 0.299777055488222 0.365133574584972 0.717040685831721 0.701616513189708 0.339312495796741 0.272573291594925 0.560720065460962 0.468723496570977 0.121922676696184 0.0386554417644842 0.271333846369141 0.137406679907788 0.361608194107721 0.392650908483451 0.37903153206813 0.358411469172294 0.442310038285987 0.40489063349124 0.462884161729289 0.377316842589511 0.454684012316315 0.397885489139765 0.297109180720934 0.234823934544614 0.299394284283325 0.344848024570003 0.324067431888929 0.268631793487555 0.447319687601382 0.413837249223501 0.717383404123973 0.680402247555569 0.477240199986418 0.425642453242333 0.683262438038535 0.427913654959973 0.763798946186513 0.58102173545143 0.327710928869396 0.385029731075161 0.29694045982639 0.328232725169995 0.473113432496652 0.543138382243234 0.385976794681952 0.310747130527507 0.429658470043692 0.373498050736534 0.322456701639985 0.331874822682826 0.178582544581068 0.186909372651548 0.657733069883669 0.525318462360871 0.599871819900559 0.595358629770435 0.409015750178111 0.477725921044212 0.57071783547558 0.495621062424609 0.346302035697841 0.235687466858536 0.553392233978074 0.410162006818624
0.745271808110157 0.733657762489793 0.47181480717044 0.535323601433708 0.491584704494144 0.433671903833491 0.530633225139701 0.663035970818355 0.510311244101308 0.530669839244536 0.826338656502138 1 0.784880954139048 0.825839571759534 0.315815900648012 0.542917796292118 0.688821484389238 0.748563720953344 0.690656696406455 0.750953845202047 0.406548808161383 0.161111229450848 0.430240071285703 0.44899267713491 0.328504336303744 0.400115533615481 0.358601230201281 0.459230919882739 0.701164013745088 0.797152351537302 0.404573124591834 0.419379682184993 0.526263156381214 0.490768278943714 0.0736932076219083 -0.0499359502088328 0.385768930561065 0.0864249623838915 0.456866428757072 0.475816962924422 0.372407371344048 0.329952179692348 0.521945041030465 0.487021858115218 0.511791065297652 0.455463797699906 0.517552103752799 0.477174387972276 0.372038494687438 0.329365456362185 0.373440172142165 0.439333162516399 0.424789360117712 0.371208178711026 0.522386100137895 0.463729017324314 0.629628486631286 0.636656978469266 0.481291458465634 0.463302818997231 0.672166827908483 0.647717815239886 0.668801040586449 0.688580332403411 0.283428867820538 0.52054248477279 0.291488939819052 0.393255897440574 0.395421087661326 0.492129216997362 0.486960866183482 0.442696900139595 0.462201507618652 0.516451407015824 0.195109614285612 0.471901426404528 0.273725779048958 0.328740739877365 0.632451871366132 0.557800626627881 0.56783682980544 0.626646214543807 0.36428854436683 0.538939316230273 0.475558804172147 0.597671861346588 0.345908963961728 0.35097744480761 0.563670005911659 0.558666209857492
0.807817856006494 0.686476253027758 0.693970286488292 0.575737324075686 0.5132731625104 0.329790953568277 0.737745453150012 0.611813525306617 0.650739358437022 0.396655539450986 0.877902666660831 0.784880954139048 1 0.736621079396203 0.639167791009207 0.571440464473759 0.669924253865431 0.680877615401453 0.692410083372599 0.614820787859945 0.404416303178964 0.272532952636789 0.635760757731003 0.530194205537046 0.412492151204047 0.424059712894922 0.480848721251982 0.485079350031532 0.665176241990948 0.674461246654504 0.460706609887682 0.41842949169333 0.641286894025223 0.539148434438558 0.31207527762056 0.171605837935086 0.310316158435751 0.229864356500895 0.43609618826833 0.491781607601241 0.364409700249718 0.389031596925445 0.5617424635351 0.515566062539524 0.551459494219517 0.463439881521006 0.527403011953219 0.496952841011714 0.368351777452374 0.328702427594531 0.417417587776339 0.459969898000124 0.434976153022371 0.378051639931942 0.544324000705403 0.507824273907679 0.665180224103075 0.676297676708771 0.563579474533086 0.500268727765556 0.805924485331279 0.567573874609938 0.790221014686862 0.594062465641134 0.535378661203457 0.5682349013968 0.471238539677502 0.485389270694221 0.433334620377056 0.588603656081035 0.469169882834703 0.357534408733342 0.403658656944701 0.385052993138753 0.282534327750206 0.447669473385236 0.242282311812544 0.280604367089217 0.63748556030792 0.551918625967251 0.62416056462693 0.666351423678939 0.51362016015477 0.54629627702832 0.723057315366982 0.668154209523374 0.446022177347948 0.418717819417012 0.687189453597831 0.531163735508072
0.584094086596519 0.638054593708122 0.475228067302956 0.584752275253516 0.606997851276258 0.59675492343143 0.494755516956811 0.725305875406112 0.475938304163705 0.653219445158242 0.635444425202063 0.825839571759534 0.736621079396203 1 0.409428174024639 0.78656521116304 0.586267999942954 0.648037091993733 0.57508188463732 0.709708535106171 0.576015101839645 0.256736993628772 0.59783370829 0.717159403631263 0.596583912020577 0.629575156622174 0.516980000019953 0.615977636581531 0.656672525971539 0.783707293755622 0.537453859972095 0.634170524730245 0.531659311964687 0.525744779424813 0.191537030653214 0.0481249227617709 0.466552959207036 0.129505425294316 0.576980367403343 0.616249975114798 0.385042857104483 0.252909143534409 0.612439124514987 0.592686174979243 0.609704938451823 0.550552115123998 0.593800285139185 0.569351618276609 0.457519977637129 0.410090725962331 0.448710522143828 0.514509990238183 0.539521918451099 0.50253855114505 0.651425206116641 0.59745208186397 0.566211116689963 0.572429323341989 0.43502362563553 0.43312240555578 0.626245106817267 0.660981914965522 0.668785724412869 0.632289536023379 0.348113259345475 0.572132836009681 0.352209125201711 0.482553668782311 0.333143563688301 0.47770667038794 0.482854843661192 0.467266775361781 0.363497600812654 0.484852334123123 0.0181789911079168 0.549926314405245 0.206228975250906 0.312190922860855 0.60341273347719 0.566562869508791 0.625526254523677 0.699186406022737 0.535186584707481 0.645888940771824 0.567448559574442 0.706626551582411 0.509695389460083 0.558429179184436 0.582933301420608 0.638314378738398
0.454301453654274 0.393904835335952 0.616021463466399 0.586766356459535 0.350125589076433 0.0455776113493929 0.445748980709082 0.259272465314739 0.539958976446328 0.122357920327497 0.440485665382633 0.315815900648012 0.639167791009207 0.409428174024639 1 0.535331923189108 0.330016549154019 0.375200979188189 0.372356502401398 0.276450329728505 0.266123892627059 0.131225143682194 0.708517125966378 0.547894090523116 0.447322731885888 0.390454317078581 0.505583415482691 0.461521564340543 0.30195947311144 0.244603642090587 0.270897012086701 0.319665704747882 0.381455067308773 0.299171138835298 0.569602793052217 0.299466222834457 0.118465282170547 0.156918402219525 0.315271585819999 0.344019806252627 0.154382454230867 0.168621574330114 0.351611614564339 0.332595645593215 0.3522222643334 0.258526656148496 0.301529357353711 0.327396051237711 0.194702605717715 0.163058814925702 0.241231994898867 0.226235868935586 0.244860520954614 0.246043146323924 0.321575566826623 0.34330953566634 0.427389396269061 0.438937134736101 0.26076768448497 0.20508521425613 0.536615923883465 0.300282250580374 0.464243013119631 0.101073827582594 0.762132517390821 0.471705438070382 0.391301828371068 0.313050079373229 0.288461436298811 0.343533358983106 0.210189936110512 0.0961843336774129 0.136343274942259 0.0261534960692119 0.136520624574392 0.185111298920852 -0.0106108286445143 -0.00189371214816248 0.339177743776885 0.304137257576748 0.390091705491592 0.467124981604497 0.473496773576202 0.359649602652534 0.664234584499858 0.566271332492118 0.356976880543167 0.490918148521756 0.402894102048767 0.301532851565917
0.427603926780952 0.443110793268315 0.600031342809787 0.670965784454779 0.737052844700762 0.692292325190063 0.461088045514247 0.648665924296303 0.495375747138653 0.724339674521518 0.38336602097885 0.542917796292118 0.571440464473759 0.78656521116304 0.535331923189108 1 0.432551652122252 0.465152602428414 0.484731859378814 0.564493862132971 0.688091827163041 0.324976936097002 0.767011630190694 0.883572799943159 0.824666881160586 0.823125541104633 0.716342960913776 0.799247440768819 0.467967474026824 0.586945735601079 0.610958906981827 0.732242738991413 0.524073093255279 0.484852984070848 0.414472372083721 0.229617648913849 0.539920343712433 0.113637405257793 0.628906562358262 0.634395107781116 0.372665349620753 0.20011552526232 0.627475075622314 0.59089096652677 0.575033500389287 0.533920169442191 0.570319758710404 0.569811256976546 0.481938899038672 0.455399659726828 0.517031519494968 0.532646734874305 0.592289978276146 0.606940186105575 0.660721588590362 0.572139906613649 0.476738165072217 0.469584910286085 0.442164694135216 0.406495037675223 0.61066703953201 0.587345288198882 0.557461967233488 0.388745125902468 0.577881983513986 0.634062713470934 0.51884080580454 0.552950363051542 0.283789469958858 0.412788630411754 0.515906317505249 0.500899195802541 0.388908361422199 0.495309517442744 -0.111810047785014 0.634035222871448 0.287721624852388 0.330318083069654 0.535622886860515 0.567713796139806 0.558182388694689 0.613593275544169 0.59668615095854 0.616625480944161 0.644145559021706 0.739171357327594 0.631127409016706 0.743957217236489 0.603912419007962 0.676423784669038
0.842888875387472 0.8321039415396 0.426384681041663 0.356819261145645 0.442809883984802 0.375308333878232 0.415356990144875 0.373698638964194 0.385093821412172 0.370971244977889 0.785126710099871 0.688821484389238 0.669924253865431 0.586267999942954 0.330016549154019 0.432551652122252 1 0.930140023383674 0.695241503991748 0.687639868240408 0.442814175493758 0.10848064509516 0.389587249220068 0.404628316899465 0.405311569783078 0.442013201400051 0.375882718968966 0.456447555390185 0.829861078565696 0.801163985678422 0.434836172053851 0.42178746976391 0.516418666669779 0.495174507616249 0.0647577407124976 0.0241566932791104 0.352044613749064 0.0704187864570128 0.489582408589231 0.539411574841594 0.505607851534294 0.37563835133806 0.548176784811441 0.507691376601607 0.591312214070883 0.533274707884933 0.625999586610495 0.565655849581547 0.416656961552611 0.344859388090995 0.361734114605265 0.388012083501296 0.449472287147693 0.427764445777634 0.628723499643362 0.602283720165716 0.847909272873821 0.804996721545625 0.471303394168565 0.461768784019624 0.543347742692885 0.322575687321975 0.690564043094981 0.52276682822973 0.282600495450885 0.322367418349082 0.247580357362523 0.315353095852668 0.543629473605301 0.610570318138437 0.337077121410669 0.313616455390146 0.373368786458784 0.394315276462085 0.189195305854707 0.382030323802649 0.165873546776903 0.232142369860348 0.879586454465297 0.757423259632663 0.837218004304081 0.760098734167217 0.558359434248515 0.661669279998361 0.602293774952739 0.534991034825036 0.495099216092526 0.36674076452378 0.524084025288469 0.462065445224711
0.84900989988035 0.914153110351498 0.422665886284132 0.413901162073843 0.386495309281535 0.302198639379811 0.414579269963194 0.406829354828443 0.381747347088811 0.366956148486916 0.776913376280067 0.748563720953344 0.680877615401453 0.648037091993733 0.375200979188189 0.465152602428414 0.930140023383674 1 0.724535729082374 0.735585015889435 0.398094593252841 0.0695606614814207 0.422702714866427 0.437314819558102 0.380909898430144 0.407392666513342 0.350690249036638 0.474595657958422 0.735231544242419 0.818298411276726 0.385425826756872 0.400040945219611 0.502849188518889 0.469264079464649 0.091692947948206 0.0128444167686913 0.307671127338877 0.0969388019663163 0.445129503307872 0.49727546646849 0.46220020262802 0.346918332390565 0.524865448673215 0.49404457736708 0.571992063995651 0.515174786938535 0.60051020624328 0.549894144864495 0.389108956649436 0.33250271584193 0.329129131986716 0.374232546208138 0.430333945746373 0.425232797347223 0.58413194261091 0.581956538295076 0.884120888428031 0.873606916105442 0.449075782335412 0.440444380556245 0.557233860481591 0.360927299490907 0.665125890268932 0.551959533118248 0.319568032465494 0.348902797859797 0.219416135450203 0.27727145372666 0.563538186873838 0.617011623238551 0.326845816965324 0.299310270133142 0.342941315572966 0.386702172852278 0.219905927115932 0.364851015450394 0.116812764240599 0.192341149287289 0.809817100253817 0.727943970361812 0.783879321654956 0.802767133968432 0.488145916348856 0.688364094346379 0.579043803272397 0.580352175636083 0.418430184561049 0.379642211759913 0.498594359201426 0.484236128282309
0.771483653581369 0.734269816432257 0.640427666077266 0.545854654751112 0.409635974680391 0.272814430736117 0.685613316239036 0.581139533241309 0.539340678157037 0.395333931677674 0.725353702264756 0.690656696406455 0.692410083372599 0.57508188463732 0.372356502401398 0.484731859378814 0.695241503991748 0.724535729082374 1 0.851762075914314 0.421749719525958 0.163538603326702 0.59945725516617 0.512765713798071 0.299543378127484 0.323066280332412 0.337167945740332 0.410942190127652 0.665919858062601 0.738950702749046 0.534293399905807 0.44482122262929 0.729013285835307 0.529316618015248 0.289708196860459 0.159636739232962 0.541766040707478 0.123799165046058 0.438924575617146 0.394264595955794 0.412675001683295 0.326071579528292 0.600582542264602 0.544483905503681 0.496828706503997 0.450692618147073 0.565673661621373 0.520157788961704 0.436495121293169 0.411041246969089 0.468557737398551 0.460701400010268 0.528604356289467 0.489494117518838 0.535241557169264 0.401857263173631 0.676651312436231 0.648774722158992 0.591902403340083 0.531590373279556 0.658908591706051 0.455844269566058 0.667998651212946 0.580958244497459 0.423714531442233 0.460187672840784 0.513973154504788 0.485125827923121 0.599986031446571 0.705499252703757 0.62955411227992 0.629279972007519 0.637947859020652 0.619223673094744 0.322338915405766 0.462448652154808 0.488434549215866 0.474641844540709 0.70116380893815 0.667366049810918 0.640594207926095 0.622386230491215 0.376080446159198 0.578936756971352 0.580224099217692 0.559200233955114 0.453526108454301 0.449607910687816 0.659380928128971 0.62877251622654
0.698048274135516 0.730038224789374 0.428044200428803 0.425227656165503 0.38930201229353 0.355922453888522 0.467944444759026 0.538090567769776 0.362617595192466 0.45375028917448 0.688612413849539 0.750953845202047 0.614820787859945 0.709708535106171 0.276450329728505 0.564493862132971 0.687639868240408 0.735585015889435 0.851762075914314 1 0.439501165172224 0.128190572267772 0.51139522875311 0.5208791255533 0.346538502955766 0.353886998824237 0.323801404726286 0.43042920078329 0.666139210870113 0.782679460561963 0.465110926732595 0.440155637365766 0.606636421055725 0.469436238399912 0.144797369063958 0.0137331038990956 0.493030520801987 -0.0190746074172804 0.467122948264755 0.434305726201902 0.371727360029264 0.180440356488353 0.515725443681835 0.481461655942449 0.464554358659457 0.403462562660729 0.50282010626755 0.451577597497261 0.365512553327663 0.321648910098176 0.355029726701645 0.389095638716311 0.476011769864944 0.447683634493053 0.511814601570658 0.395017136621657 0.598522673315706 0.550535016720832 0.397016350033672 0.372570712003473 0.524370418046637 0.42255022927231 0.628948550750973 0.570832188574131 0.262898849456892 0.350589270028601 0.295349174656495 0.341243536444138 0.503604816519626 0.529433774838543 0.50668750323707 0.55624065707189 0.60809485353797 0.652983700363642 0.132089834931506 0.442744130103799 0.333518965863121 0.334513522587997 0.63471894492801 0.587006226061351 0.57138071745183 0.576288243201415 0.380045731859922 0.561163716349728 0.428671098032253 0.485662963227055 0.414452717747612 0.434056082882825 0.49526606142171 0.554727945249623
0.33868347691799 0.374499649437495 0.499247644488276 0.475023457668241 0.690598696571413 0.681925093519336 0.400781474264571 0.526851607945888 0.375665803396123 0.652525671664776 0.275660949978049 0.406548808161383 0.404416303178964 0.576015101839645 0.266123892627059 0.688091827163041 0.442814175493758 0.398094593252841 0.421749719525958 0.439501165172224 1 0.31412431022399 0.594638603418559 0.694847935763146 0.749683018479548 0.742323963020413 0.518836373763053 0.647976510240839 0.478322606342584 0.522198543325291 0.687467499147686 0.715390675177798 0.523286040432581 0.516916844883824 0.305286229652934 0.279823813660522 0.555660135690554 0.137628409156213 0.532826154263471 0.572564153827716 0.317634833817026 0.266253564884239 0.613562573822377 0.576990057489665 0.542325539768748 0.487116417388226 0.543568343587044 0.527452876970815 0.433962976722042 0.437486252087416 0.465535829047148 0.496563829717694 0.535691541504459 0.574355262505067 0.610016213291569 0.522215534977078 0.406258898586847 0.401737397855091 0.389342809486081 0.371966756869437 0.440818154223551 0.466779728508706 0.443481437917266 0.384054744640143 0.405701284559275 0.541144710566761 0.490135256681617 0.557713500257789 0.245680013203122 0.352677343403782 0.489758465834735 0.487473970107561 0.391888538754652 0.545185795316231 -0.0550964687801621 0.611072970807515 0.38342899160875 0.463158819342549 0.5773522306648 0.592119026553559 0.521922599300322 0.491921641766794 0.512255944285269 0.474871655924937 0.485105444547667 0.559365609475985 0.565584527153126 0.564236579170897 0.540583820015827 0.588716201030195
0.160425006168567 0.103779818734976 0.327377670137119 0.282971049081967 0.246526034364142 0.347081250269095 0.277175279718069 0.280174579328164 0.146747613074109 0.18805805329845 0.155921895489189 0.161111229450848 0.272532952636789 0.256736993628772 0.131225143682194 0.324976936097002 0.10848064509516 0.0695606614814207 0.163538603326702 0.128190572267772 0.31412431022399 1 0.295519246033741 0.338010572355128 0.368644669850919 0.419290871907136 0.365923388688022 0.335656531641572 0.154671559889281 0.191178964085098 0.350061987290538 0.30644471439774 0.29490902763703 0.241171698162361 0.22960206137485 0.235585614007614 0.328294788867539 0.334085063869178 0.278261905332226 0.463069690526582 0.257956945050898 0.196069744668931 0.293989062710425 0.243222143495384 0.284789010688151 0.25180838320544 0.263150759999838 0.255444435316643 0.243499220042783 0.216429807158103 0.302850077197501 0.349834940956644 0.295758658945826 0.297769249433056 0.34301084286189 0.31551032715558 0.113743893261172 0.146567667173372 0.24875356071623 0.277363986623639 0.305744104657524 0.262182527238651 0.237206151364696 0.139757736188331 0.288301561583291 0.366026829365831 0.362306609416408 0.419949177576665 0.0350038134834241 0.192846911576908 0.330056167712377 0.273616057722954 0.200742989587925 0.20793783805291 -0.0446851150216322 0.288531966360706 0.185207301274397 0.284001478914854 0.23994505241006 0.286687136113385 0.273507639064126 0.315833808779114 0.323822132456692 0.333115949244958 0.361120536129975 0.394582421489508 0.308747724475669 0.380586519325406 0.374352308077886 0.350201475267555
0.473796539769656 0.444019373638031 0.85728284685736 0.796353677223388 0.630805875545382 0.423349482126268 0.703730839330311 0.651310688638548 0.63436344854377 0.504358673876126 0.399540007922289 0.430240071285703 0.635760757731003 0.59783370829 0.708517125966378 0.767011630190694 0.389587249220068 0.422702714866427 0.59945725516617 0.51139522875311 0.594638603418559 0.295519246033741 1 0.883501129576273 0.707476071309805 0.67658449273419 0.617193492665455 0.681279699950534 0.450387236822555 0.500421371062539 0.69816330569005 0.724277659424939 0.699914282385265 0.585503886864395 0.719928433005612 0.419596654332851 0.49477207929268 0.232693697488625 0.574754501396088 0.526754689617661 0.343585104274037 0.302907713068459 0.676629270319232 0.629851075898372 0.596997945957718 0.543636789591945 0.566306333252911 0.587704337064438 0.468874006345628 0.470359493320827 0.550764741441204 0.544090366322937 0.569685179678806 0.57377092869271 0.587397428249501 0.517692751939022 0.468484675746006 0.492473184662333 0.524337266765038 0.461234460221951 0.697953128564842 0.603226897759876 0.611993378047942 0.389340736115343 0.804857634193762 0.733997679903824 0.726316729291503 0.696227354108271 0.351015873550072 0.553597688745974 0.588863117156548 0.517053152870532 0.46000579610499 0.46334048293465 0.124309904537473 0.571604317361309 0.387087414265892 0.418467555039358 0.520391840072224 0.542769120868916 0.546871007472018 0.610806683721412 0.522225558563527 0.532867257191112 0.761340093797458 0.761590470124208 0.560404116747631 0.693044911020785 0.690533293149528 0.655511271815395
0.408006027073666 0.435946209469782 0.706044280437798 0.792422445828242 0.702914299057512 0.632955443555209 0.569564689271918 0.692674706412 0.53624054437689 0.663421875464255 0.321718804977642 0.44899267713491 0.530194205537046 0.717159403631263 0.547894090523116 0.883572799943159 0.404628316899465 0.437314819558102 0.512765713798071 0.5208791255533 0.694847935763146 0.338010572355128 0.883501129576273 1 0.807105410406197 0.825448356799963 0.646381217517317 0.77254242758247 0.462464389881865 0.54375303719438 0.703346586675447 0.814856226830503 0.612176885586046 0.579713236789238 0.59369399893687 0.381460764036835 0.587631060197114 0.198266122400819 0.633199607745505 0.607504423092807 0.377158426542039 0.249043580591352 0.672510303156453 0.625484373917487 0.614069294250478 0.590214883657013 0.611330373939768 0.612817835351269 0.537095053608451 0.527800940180648 0.582489982229693 0.577561190860429 0.646224689040887 0.652158541986059 0.684349522698799 0.593673863065226 0.476923380619648 0.481952655296868 0.500124692795375 0.463575102037598 0.626013871747502 0.640856523574502 0.555030014447004 0.380276337801198 0.651154065583686 0.737819001090368 0.657379959736738 0.707742481316535 0.325075826227942 0.525209113384723 0.586182250347328 0.555735186768367 0.432344227310679 0.504699584271127 -0.0195738905806853 0.630599846379864 0.339739134518162 0.415833783634044 0.566305423067786 0.596808890937722 0.616324628242801 0.657459636757063 0.584782025921362 0.605733428094329 0.705683259644641 0.791728431681784 0.62093451208632 0.746571941907511 0.677233743053264 0.7088949857181
0.329298670904169 0.357676187446678 0.570466584180638 0.549677184200561 0.788464631351415 0.757326968325907 0.328937494554953 0.497176557768494 0.352861695443074 0.668045936517041 0.22818489231896 0.328504336303744 0.412492151204047 0.596583912020577 0.447322731885888 0.824666881160586 0.405311569783078 0.380909898430144 0.299543378127484 0.346538502955766 0.749683018479548 0.368644669850919 0.707476071309805 0.807105410406197 1 0.913799010252622 0.80516800141011 0.827802351050346 0.418023375316139 0.449755288221631 0.610563061283281 0.728876551962476 0.410362831568142 0.446316007889939 0.411292025330171 0.255644273964028 0.496173143787687 0.143733497421997 0.654060484200688 0.699565063955653 0.322777319722671 0.165165449083927 0.640860107006176 0.617774456370435 0.654033849311455 0.618603872761882 0.608606833720356 0.623979483581633 0.521120852665606 0.50618123275508 0.527170878274934 0.5380038651445 0.584206066340128 0.621772365039864 0.699370358237675 0.666309005281463 0.438698478591252 0.443535557961464 0.385481266466052 0.385001518413376 0.486324723722032 0.480157747812997 0.433591488354308 0.25296570819558 0.607354462856238 0.588418027656761 0.501906269210766 0.552364239234519 0.213933505070347 0.335979722477544 0.409580985286959 0.382730969411734 0.230000642900384 0.365656701112545 -0.186797225657181 0.619151544059368 0.190986870249883 0.281004689084146 0.529682992016983 0.547243332399965 0.577863097688713 0.598508429494553 0.669313982846492 0.591258559827781 0.65713780633899 0.6935163601243 0.696062033460386 0.726635670118128 0.537405457798444 0.604022246088108
