1 0.815521136006259 0.354359818748149 0.350176067797992 0.253976906508903 0.224226108142383 0.383664506136139 0.306386589209886 0.38168541508634 0.194839595352178 0.692783645574327 0.607206433535409 0.541308828170441 0.388500873005165 0.238733530678896 0.071302616236632 0.703313310135658 0.658995879377959 0.516166738204728 0.601301476344736 0.0307105916154799 -0.040952608635417 0.1117312568033 -0.00423252493203438 0.0741453380511478 0.0400762037611671 0.077485740092815 -0.0389116364248896 0.536508320823493 0.528988176685212 0.0698907241350602 0.107798290725165 0.393417015867835 0.410879427388708 -0.146349396331699 0.0718065790762151 0.19163146880444 -0.0558353137374337 0.32937910741916 0.181470362426288 0.185090260682588 0.0990264793555811 0.352623811158905 0.403876547214209 0.320068552419102 0.330318193751192 0.502803656396156 0.530461504418774 0.370548163461764 0.261526954618194 0.388397415740389 0.251590917176004 0.101227934154855 0.0267323258077035 0.485465284406614 0.394453433918857 0.845035477376755 0.81098294207566 0.49959180096725 0.558434344479724 0.527089412469878 0.329099244338122 0.631372988384615 0.585975855167183 -0.0127497468160503 0.0156353953931063 0.371201655452949 0.283625806043996 0.676057254142054 0.701106636324844 0.291851534267582 0.258524480003837 0.243006067391407 0.246677542753751 0.294403568983187 0.116774456907978 0.410801280508245 0.432354808312383 0.398362092524869 0.545961673978351 0.725387935423313 0.673296446993617 0.465656082358504 0.3992091733282 0.339153890236078 0.417325060437006 0.197563054817503 0.108887114480911 0.486465649837785 0.504935197318563
0.815521136006259 1 0.196745241091326 0.29083082397669 0.175994664954317 0.183069534494418 0.114017886559288 0.252740994826439 0.130375395398226 0.0584318279082529 0.439439585603826 0.635481674731696 0.327897544948309 0.406278064574887 0.13932483697335 0.0689918702658476 0.743246202484505 0.763067331233352 0.586152523992733 0.749994717267451 0.108397712353255 0.00736635777236915 0.0421298800667859 -0.00219667264145829 0.0883341311756241 0.0669312422678331 -0.00325494231492061 -0.00455941098498086 0.521440948278471 0.603594243313612 0.185021837666258 0.176707787365845 0.405192018656902 0.503427929288394 -0.185273244429223 -0.0510287931357809 0.204371983417565 -0.0440902317594593 0.28013885967898 0.228642119888386 0.229873935179516 0.0917465154683976 0.309237481009739 0.390890232796998 0.371921598609496 0.449818805862549 0.509437014183504 0.549990676172132 0.424519761294311 0.34262912483037 0.37310288693602 0.345220360713407 0.0752556319766862 0.129814407243248 0.436137579679864 0.46030426426302 0.828963360252806 0.842802095751848 0.384233450680844 0.536060513529836 0.276813144768479 0.293654051712418 0.581954349286279 0.659027350515886 -0.176489800788731 -0.0908571953366723 0.281800812559613 0.309453046831771 0.659278423800669 0.739306987192181 0.27757707405722 0.281748426665195 0.254485467035183 0.29503116513825 0.143823850677794 0.169333601293125 0.398537565210455 0.388490513523813 0.405143301745657 0.579982120562291 0.721886242383893 0.725247500939289 0.418284913919351 0.39586535988264 0.233021313462186 0.396743763302643 0.140516527127522 0.149514123314758 0.24884944772758 0.44713448100114
0.354359818748149 0.196745241091326 1 0.641414320624054 0.410870437021841 0.329574202121454 0.77357479939983 0.437341873166423 0.441180847599342 0.163077568315981 0.297673127412515 0.112682490254604 0.320643941019621 0.0520916920741557 0.505553655988452 0.255601631986579 0.240054027844875 0.277184276827292 0.523490347967359 0.251863331680194 -0.0164129311580199 0.130562454545515 0.70623815807338 0.36772089601594 0.477655567212788 0.469544490643895 0.281251699653363 0.174670962646261 0.322455482514916 0.251236007536967 0.527244850629167 0.429385336426502 0.661960859006724 0.389719787550766 0.466668704995079 0.438976457158444 0.358622838882566 0.164478757795902 0.220834814028721 0.164521374939274 0.173538490524674 0.0885229577564142 0.573094687039513 0.404808920090804 0.447927528939971 0.269660399563171 0.432662461058682 0.505545281444366 0.24992194776647 0.222396058437577 0.441432439198633 0.33082558191638 0.296392830721423 0.30376755058232 0.332140831239673 0.48093954975958 0.236057553115544 0.317973603931202 0.39088407510281 0.222953030058247 0.473646830889112 0.0919801686655497 0.389684345795795 0.172890243974428 0.637443111842044 0.335994439269484 0.740718834148356 0.518525230924275 0.136636943691745 0.187357260696649 0.489453867684646 0.473493944966961 0.302366876429588 0.360510241428622 0.259174590005828 0.293949700183034 0.449696272434698 0.34077789240019 0.141008990014973 0.408572743107436 0.356618509368431 0.448183937161743 0.352944034004803 0.327069371835851 0.638732608789312 0.453710704336231 0.358461072001008 0.161044928367962 0.505278020074206 0.402416488493086
0.350176067797992 0.29083082397669 0.641414320624054 1 0.41235364938403 0.552373022898821 0.620842494700986 0.838116719955212 0.358504566475988 0.497795045464707 0.284278444783289 0.343284607780103 0.191508993766546 0.323568386431122 0.242085732177484 0.317002010939609 0.188802072628681 0.174377795878207 0.307045159840862 0.255275227626877 -0.0997507170033103 0.10394189736067 0.403700868424788 0.504604065007973 0.141693841594351 0.475954291084024 0.227011524790008 0.19822692600197 0.171073017386732 0.297139328580151 0.278055902399189 0.398761368344943 0.415910127587995 0.491245494400607 0.315923453438721 0.56990535252089 0.170203055763304 0.0942553383941811 0.204936289383 0.152140592963894 0.0391321992212288 0.0363854104890326 0.538600979888283 0.453166732479607 0.380571096638436 0.326026324281687 0.472172833440319 0.537712489775915 0.360036411421767 0.418552456027338 0.499677517457915 0.561784308219068 0.371174394101853 0.360926439850775 0.333406334872897 0.447905913524194 0.248187991442934 0.316903887597688 0.441103964775545 0.458933266261403 0.465902668185963 0.565282630020249 0.332697616112629 0.276857988397878 0.374145546250588 0.665525085267638 0.652300567599098 0.662496517445695 0.106504808568001 0.289471866152869 0.431264588025975 0.527291117967673 0.268317097591586 0.160751615082619 0.268064889980075 0.189918492802197 0.351964097494516 0.328350706945168 0.262937823555829 0.294774785679394 0.385546386692003 0.418170506686942 0.185583160246652 0.256038826014686 0.339683655228225 0.485280825091884 0.201295849499815 0.0682197778820031 0.36644654191941 0.465421521275386
0.253976906508903 0.175994664954317 0.410870437021841 0.41235364938403 1 0.599280439648049 0.534894553321653 0.526981627710855 0.599934410982689 0.426603504750079 0.276027248542124 0.290326466646567 0.272625319174359 0.297210937682086 0.414236013506433 0.391481247618474 0.121641832934954 0.230566512968655 0.193334109804759 0.197671060405286 -0.108879237292724 0.0711074501033338 0.386099030449211 0.297942956019728 0.127533674477909 0.315992904693826 0.19962731797828 0.200367160182673 0.192495073501112 0.0946936623962146 0.194009734249085 0.391074680928442 0.315133062529298 0.330002618368219 0.186381198724671 0.0965918328493179 0.163235962630167 -0.0780228017166455 0.0216089659009691 -0.0384639773555562 0.264187572425896 -0.0550297177587028 0.253308295323594 0.204218942761772 0.191304921290762 0.161090918688257 0.209109239223157 0.269814963508927 0.18720341843434 0.245166541138934 0.263470035583191 0.226607921426187 0.286095132989585 0.27707407090154 0.171596195339245 0.247255453564286 0.166113977863137 0.236483158901185 0.302757145395158 0.23504691649046 0.43514828467281 0.33295468501453 0.231240322359082 0.250258672891509 0.356263382490728 0.355554057272113 0.387772513030307 0.347768062066354 0.110786332782849 0.205141372009484 0.305312413864741 0.350210764464622 0.113600575073658 0.145786975663633 0.216387085621865 -0.0029455053623594 0.285179756090781 0.277059085137005 0.134067819947837 0.230385750987893 0.25496612864799 0.319380753046289 0.186782440983037 0.380219701042127 0.252506272693858 0.414855349146612 0.242908718052658 0.122352161817949 0.393996776751519 0.410678274311304
0.224226108142383 0.183069534494418 0.329574202121454 0.552373022898821 0.599280439648049 1 0.440804732186884 0.684122425941077 0.38912790377061 0.566028823648959 0.2034295172306 0.338330626606807 0.241752642091793 0.446787821013269 0.321441635248741 0.503833926287301 0.161325752825495 0.243113797250445 0.177642753076939 0.260539005045493 -0.157195227239793 0.141296087589397 0.363224234676588 0.460437410858224 0.0606307825245145 0.390021522505923 0.272309339754845 0.322745982185051 0.185888567396975 0.246582839363798 0.220286083239499 0.40310015830065 0.338135450374071 0.439580375993375 0.253756601161127 0.241323654108506 0.102271276083135 -0.101498052252558 0.0835987291940158 -0.04821654317802 0.1287045227884 -0.113705919530799 0.393667630109357 0.261494139748885 0.239597392683098 0.218884055622896 0.31218148271522 0.319282464651977 0.245200836113256 0.387467913318286 0.368145934486145 0.287410968684361 0.394788507748291 0.41798926763959 0.114339810821847 0.236980338193324 0.157847359666331 0.213560919464371 0.276264121536812 0.267733307731117 0.33621666623792 0.46017437395503 0.269822399426714 0.322576447877863 0.257157961889209 0.483940226052457 0.41117184373633 0.461566509120859 0.0900528609366278 0.201847618809327 0.310342988538222 0.393046939268881 0.109086036035037 0.084768095579088 0.218037288420933 -0.00989796285412854 0.346993572549185 0.286997271615264 0.255295348401744 0.30360710537628 0.274252944439997 0.37964238193893 0.167062980230304 0.381765128304983 0.253909729019792 0.50156385867404 0.255344466018569 0.196879077784059 0.32406708548952 0.486394382132041
0.383664506136139 0.114017886559288 0.77357479939983 0.620842494700986 0.534894553321653 0.440804732186884 1 0.584201077052201 0.71799327188509 0.423296188529157 0.499243127733616 0.185313047243007 0.566739469487164 0.26702899298051 0.482825151994998 0.29150082689399 0.100133654685685 0.109247915263281 0.325730673270266 0.122239053816559 -0.174854540383452 0.0746689900274675 0.52884936353428 0.319698446925535 0.30537974408315 0.32377017217114 0.323714930680328 0.121667172140361 0.206341361071146 0.0868884792094338 0.198259784610382 0.273700251392766 0.402908067700831 0.269464662299111 0.334033667585801 0.365188880613095 0.222789640447187 0.0324181968667587 0.0870795293294889 0.085144078458112 0.194426320587034 0.0245806998444694 0.480971217915268 0.327124511126707 0.341687998395255 0.222437862865954 0.399962022828085 0.438394810623118 0.28501968562574 0.303813221780962 0.475915278117488 0.331985678471439 0.379793960121261 0.317067632708422 0.284092368572509 0.381922278759114 0.157010926374914 0.211082854478963 0.501868088774204 0.333330981943565 0.781698430630371 0.35825439194111 0.351489372176029 0.154623481283475 0.670581527149292 0.492384983531885 0.640192831600011 0.435227673633649 0.136589644831943 0.141114580609365 0.386484025162712 0.431005501414626 0.198492513597315 0.2299289256257 0.374896717351701 0.197151789371666 0.386731057668823 0.269354117450426 0.0614339908772539 0.249075293744453 0.294385081516227 0.32956970100592 0.222378847825893 0.283923407398969 0.575969934721558 0.478038899657313 0.28501159373762 0.13357085800637 0.70874052283923 0.492454263338149
0.306386589209886 0.252740994826439 0.437341873166423 0.838116719955212 0.526981627710855 0.684122425941077 0.584201077052201 1 0.408096197214199 0.687281025990658 0.325132687286082 0.506022354341641 0.230835205476156 0.539745049239134 0.200511998027842 0.387257626905617 0.129357167161469 0.175514757937909 0.199332195420972 0.243657531019946 -0.212067345143362 0.0522677660565564 0.270799029865319 0.448956835099029 -0.0188126610650436 0.328834126862267 0.14320097826546 0.147272261847003 0.169788972453563 0.302703103521572 0.165044688638668 0.392239475491495 0.270660249853917 0.496909898728438 0.207641403366515 0.439169723826992 0.0558518415097974 -0.0675987096695226 0.0877837515521004 0.0339805369289783 0.084681037616585 -0.0816171670243602 0.391666976917579 0.364321223760575 0.328336735423415 0.33233690829541 0.397227507562039 0.436044893971919 0.342655370662445 0.458429225141887 0.455949586253579 0.473689879745358 0.348594247929082 0.372319920531941 0.156435753538935 0.311735159304641 0.137465573305057 0.211897072681162 0.407325738723448 0.452326742952067 0.529141605463343 0.765625284396911 0.309934850729692 0.379684569634148 0.298283305352541 0.746125443361304 0.526484027922412 0.624419882080651 0.0711167567029827 0.284666676761733 0.33779567258631 0.436471847215553 0.188181744629986 0.103591619879771 0.208735906545675 0.134504903422068 0.314967060387477 0.33953604034477 0.216246319707826 0.203419930070043 0.299797490135935 0.363750528634807 0.0988755723806822 0.27602065954813 0.246047650745492 0.508802981363873 0.154460705098805 0.098306599615385 0.269810365320105 0.512048079519384
0.38168541508634 0.130375395398226 0.441180847599342 0.358504566475988 0.599934410982689 0.38912790377061 0.71799327188509 0.408096197214199 1 0.569294458990728 0.453148513252691 0.215598353830365 0.612098934779957 0.267834968688905 0.59380688467985 0.381043053711571 0.0898128698464952 0.153989543779231 0.171646131833404 0.107038586451463 -0.051341869534212 -0.0391658011835689 0.444200004423024 0.266627850147586 0.252062926139428 0.210979522432193 0.322454320700953 0.258534998000644 0.131043508795283 -0.0511306978714325 0.0479537408837879 0.231286386428509 0.167905111530346 0.091480401455554 0.183972217782955 0.142343187506358 0.165041224228936 -0.051531743162392 0.185538066583481 0.0174084750173183 0.273679470055437 0.0186743991206211 0.252676185317679 0.200566552375044 0.0752777187846346 0.0621667950421475 0.241391748288677 0.319451842890653 0.104009580972945 0.188387357470988 0.301752481308858 0.139945307511524 0.231461651298092 0.177169853872929 0.169991316638936 0.204146699132142 0.193111691908771 0.223056785098894 0.340744252570279 0.224159932777519 0.614334452185686 0.307088422936805 0.157307895653897 0.0583012006751349 0.579444381716271 0.43248015201342 0.314550308700507 0.172387665950511 0.207063791899096 0.179660398149785 0.321219529464677 0.308640138057324 0.200052593376393 0.110006369892124 0.266050966925234 0.0601129709738032 0.297729826777796 0.151772490541488 0.0318116648121612 0.198023164695655 0.195600778292062 0.294221255184242 0.295156800179906 0.287037490277297 0.503539949309302 0.443411332521141 0.411509643960308 0.234273657278699 0.722970176024889 0.537788554687674
0.194839595352178 0.0584318279082529 0.163077568315981 0.497795045464707 0.426603504750079 0.566028823648959 0.423296188529157 0.687281025990658 0.569294458990728 1 0.220079747635393 0.369564224695427 0.282934565009362 0.393088354223898 0.277043634903944 0.403134873296284 -0.0233909808394031 0.0265892039525744 -0.0882807491163262 0.00690878187245576 -0.0684182536759856 -0.00657026849196508 0.169433806839131 0.319267645472661 -0.138259598487854 0.125292493714108 0.145049468565064 0.20291424486216 0.00907925630342631 0.0313832115180864 -0.0494628602637285 0.22050757154586 -0.115135629756298 0.044108155757152 -0.0220156593679601 0.171538845246019 -0.125809460923352 -0.147430928654464 0.0673083621495122 -0.0605447146146556 0.103584348212 -0.133200215001177 0.105033008048106 0.0449949066610311 -0.108130976912634 -0.0521535578123315 0.0846501164761067 0.149765841979186 -0.0158087568602251 0.138370138406814 0.109357194341413 0.0806862468708019 0.0803652128107956 0.0913463186610608 -0.0695498007890509 -0.0408891579209614 0.00837219730018132 0.0654674978090534 0.11012601768603 0.171845281211358 0.35254179220408 0.54805792103275 0.0361047120306582 0.10898214246767 0.237317722992392 0.583138728479685 0.06739856323864 0.117665124505175 0.0431691788874867 0.0866388892818009 0.173524172997952 0.247546607128249 0.206381211216682 -0.0191650970387862 0.133577365635764 0.0625758019715093 0.10928062652143 0.0954873921546307 -0.0129042961544496 0.0464383780846045 0.0715097839603416 0.126337904505761 0.0352763553849593 0.112456271555829 0.216926121050003 0.342262194307635 0.152182933635639 0.190059606055119 0.301936604856307 0.446301581794117
0.692783645574327 0.439439585603826 0.297673127412515 0.284278444783289 0.276027248542124 0.2034295172306 0.499243127733616 0.325132687286082 0.453148513252691 0.220079747635393 1 0.575892336938328 0.680937136956844 0.458976951335085 0.198704999527786 0.0520709821693436 0.402818422834978 0.358998588954413 0.314683062431002 0.268364065318964 -0.120836993946806 -0.0486428618306341 0.0644483764502158 0.017795283495757 0.0104343715116757 -0.0352009591234198 0.0896408318896018 0.0500784117670708 0.425578188634715 0.340460976169548 -0.0769021447089628 0.0993642990476522 0.215791084268341 0.174907410348823 -0.100322540985974 0.0382909959071625 0.0315713423317118 -0.187602351227382 0.205285914583729 0.0706182114392667 0.176312698701228 0.0735808661928783 0.257507642350785 0.338957591118514 0.101619460731643 0.096248139339128 0.288828233423392 0.336257844806429 0.222434564661741 0.157443472007957 0.269088639316292 0.156917169419299 0.034611172538842 -0.057533252857507 0.374711030399785 0.270313209392277 0.429088698980772 0.464085290104439 0.47401521716465 0.505765361749924 0.738793815277262 0.418926046457436 0.580451405615504 0.437750157252326 0.0900501862493094 0.0947094601037294 0.261959371287428 0.13777372406595 0.317235967309633 0.341585025945975 0.175362600548559 0.130584684535521 0.130316551686202 0.221330563791311 0.375880570246778 0.049254728541147 0.300297040368473 0.370921877148012 0.270733084066534 0.305574738146011 0.508693579951945 0.380844361217128 0.251946374909444 0.340723548298747 0.221826255915342 0.277651957813064 0.147563383131719 0.035516927867545 0.60391871485175 0.454370271712216
0.607206433535409 0.635481674731696 0.112682490254604 0.343284607780103 0.290326466646567 0.338330626606807 0.185313047243007 0.506022354341641 0.215598353830365 0.369564224695427 0.575892336938328 1 0.372704331182338 0.717889241751142 0.131510554049121 0.255861290396144 0.50637720275921 0.598918628751701 0.393394808935196 0.56768619127565 0.00859588860731706 -0.0437706588300867 0.0117473285930385 0.159372624082954 -0.0959724147844767 -0.0196242293468505 -0.120995105170391 -0.0270715949346231 0.510361864118505 0.642711697572875 0.096057319631509 0.29275957971187 0.1869179965587 0.472708776414617 -0.289341813272119 -0.0591485939662611 -0.0582319560517603 -0.33834315029623 0.222851206154617 0.028627658529856 0.267742498196934 -0.0879538571653931 0.173087183562658 0.296714277162429 0.181050530517002 0.237777607060813 0.307173808121198 0.347764072067475 0.268710678921857 0.246094068235118 0.28844479745355 0.286787494587069 0.0036940720167625 0.0277217677565038 0.246366390053365 0.315274435016631 0.412813378061584 0.497914652240688 0.330600019488405 0.508298675182701 0.463170491118507 0.611651330420605 0.594553496005668 0.766614445628289 -0.173346858470192 0.122410832482935 0.182551383460846 0.260078521745623 0.272626450997079 0.411181049936167 0.155077760629921 0.139861592689924 0.244532627128983 0.328405402137725 0.175254100514702 0.059680354808634 0.358948951537233 0.425949824623896 0.278845822703505 0.386555841414116 0.546413004228193 0.485996418555779 0.253966569458451 0.329456992072065 0.127168003547751 0.461605729014572 0.180197843476427 0.186011727432768 0.232469101144334 0.502901632378746
0.541308828170441 0.327897544948309 0.320643941019621 0.191508993766546 0.272625319174359 0.241752642091793 0.566739469487164 0.230835205476156 0.612098934779957 0.282934565009362 0.680937136956844 0.372704331182338 1 0.540121868098843 0.561228769040305 0.348323034682647 0.311420147222824 0.350543594121605 0.300130544103275 0.289159042258263 -0.0284574014000451 0.0655815827867871 0.288571858691311 0.204912148548895 0.197195202627083 0.0811732965624602 0.29483417453581 0.213092399183657 0.389870607502185 0.226450077707551 0.0607926076449003 0.13665124628418 0.231883579293819 0.233745798049564 0.0332852552041063 -0.00162791288353908 0.109915384421968 -0.164658462901622 0.219789261541268 0.0979899259003831 0.335214787642318 0.0436686900269445 0.243103385586714 0.226134460031809 0.105675545598177 0.0825291667803121 0.288775399559627 0.323654053303812 0.150310675288101 0.115884436462438 0.285312005665383 0.0762727825200016 0.126965065161695 0.00981692049100337 0.29497854824306 0.255755425742446 0.308237052295282 0.335149535568353 0.307483979947303 0.281127509107292 0.644880039120642 0.268492836113544 0.513047918444556 0.359684119960126 0.270300952493146 0.12743605456093 0.225097917827864 0.125668337652833 0.216852067381987 0.195091638087686 0.238537603373234 0.165814838421277 0.20433096335412 0.313059463435395 0.281411801542772 0.188652263784366 0.313983958289891 0.22944061765055 0.100366860182329 0.30473995073452 0.442381061542037 0.40674122128394 0.384658898002109 0.376699575316491 0.513520936336282 0.469384732227455 0.360886745200748 0.259986252310317 0.64504329009334 0.490468045827083
0.388500873005165 0.406278064574887 0.0520916920741557 0.323568386431122 0.297210937682086 0.446787821013269 0.26702899298051 0.539745049239134 0.267834968688905 0.393088354223898 0.458976951335085 0.717889241751142 0.540121868098843 1 0.232241747386868 0.516456600821684 0.317734363381744 0.426124444466202 0.292522538842236 0.479157014771791 -0.113283746464039 0.124018006127249 0.0861399640768001 0.378179440818676 0.0189620756647025 0.147481512138777 0.0154592286878971 0.145171407740184 0.439502548059756 0.496000565313001 0.144475769903534 0.309422696443892 0.17707779130739 0.520837031718946 -0.110482734882398 -0.00926176682576143 0.00536402705720298 -0.309593074132329 0.114204924153425 0.0322160942932264 0.358433085349217 -0.171175344508825 0.228159379840732 0.251943710105145 0.214903143416617 0.250584125725607 0.286581781537457 0.315144697578855 0.304965796611483 0.283705029938421 0.362451929495245 0.291321055019259 0.186702244601564 0.131671587695582 0.200379472517029 0.296524915973188 0.211335501677525 0.251929676893525 0.262359841694461 0.366594122851704 0.488105059592519 0.617870615245125 0.532079769921588 0.656888866837206 -0.0357129749687998 0.271536264231653 0.215521373762417 0.350232592866719 0.129063894793519 0.246059516682416 0.230236674079294 0.255312794210495 0.144122782506944 0.341762344458817 0.172524565274225 0.139552125287383 0.344834313622764 0.386258606591505 0.285816669354801 0.293983601536613 0.459189680601781 0.485785138863998 0.26148321752445 0.398600190854427 0.207886015697804 0.617771382625238 0.269783713785536 0.312070646395554 0.278236204390386 0.50816644339701
0.238733530678896 0.13932483697335 0.505553655988452 0.242085732177484 0.414236013506433 0.321441635248741 0.482825151994998 0.200511998027842 0.59380688467985 0.277043634903944 0.198704999527786 0.131510554049121 0.561228769040305 0.232241747386868 1 0.648686660770153 0.183819886719814 0.289965919653278 0.364602380926792 0.321719387909826 0.190732325103797 0.042356607420268 0.77489971945522 0.533240517195037 0.496215216731661 0.303151619041231 0.367040908585618 0.395615953004763 0.37291971159734 0.162372487198203 0.448573402212831 0.44388027715668 0.416921355925159 0.28330245505536 0.311713316918602 0.066157055980508 0.216473657819966 -0.0367571765146623 0.170337372855396 0.157505674381537 0.329662232469142 -0.027600619753992 0.273072714725715 0.178231694919258 0.145220678450256 0.071853580198492 0.186324896301819 0.24912851795439 0.0147203659921459 0.052478433396909 0.180985229865601 0.0326186582893917 0.126945161941844 0.128176379284662 0.144019294400246 0.223384507866543 0.139611327617318 0.226915772130263 0.0760121467673906 0.0158101786650532 0.327239124737052 0.0210748261097813 0.253255900976431 0.123455294025287 0.611238631210608 0.218024758554984 0.283920199827093 0.158437731757559 0.0901183616140311 0.117653219425373 0.325060302049043 0.260019767981367 0.285655567032122 0.228898948782827 0.143305933599752 0.0792664771238089 0.332921396897861 0.186987678549637 0.0210439687272418 0.349047878448786 0.267765574080786 0.355803459371356 0.53231605242062 0.426896604509156 0.784447718279101 0.563764924419591 0.592581370192067 0.409377851879975 0.489266120163882 0.4684292461436
0.071302616236632 0.0689918702658476 0.255601631986579 0.317002010939609 0.391481247618474 0.503833926287301 0.29150082689399 0.387257626905617 0.381043053711571 0.403134873296284 0.0520709821693436 0.255861290396144 0.348323034682647 0.516456600821684 0.648686660770153 1 0.149231880327267 0.255666014345701 0.228155485354339 0.357678654622383 0.128057154726479 0.127030439648422 0.629535940797642 0.795260383152612 0.350780340267815 0.463460517330015 0.350438245951863 0.431982884054552 0.292653593628193 0.291954045554918 0.444566165851255 0.545596383978115 0.351436817139046 0.458145546701431 0.262704829196813 0.152489288429917 0.185879806443282 -0.0904058374769003 0.11033191918973 0.140621036303809 0.336082102510034 -0.0772880996216905 0.29286543436489 0.191576881919959 0.173811739325439 0.163562965953277 0.218514905489384 0.238801421936359 0.100503817422251 0.167606797023468 0.27201954058613 0.14297494819068 0.298491381494116 0.284662333598981 0.107220901753366 0.245379812152047 -0.00363757070604341 0.0673938384029036 0.0193370738501994 -0.0402786976526027 0.211566997539303 0.264807421215537 0.239800340778083 0.240301189818567 0.404546289290489 0.400565008383479 0.25699554546319 0.299327750039704 -0.0438469159799678 0.0714571938875046 0.275840038152041 0.358851851630508 0.294273563419372 0.313957591431589 0.133443452509823 0.136683710846386 0.352902711903797 0.247924390634247 0.0782001896501428 0.233413435830628 0.221048078117924 0.350281597715244 0.327768072306756 0.368028173142136 0.490151973973958 0.68181866981259 0.521226826920507 0.478849443550743 0.299227761483364 0.480511472129483
0.703313310135658 0.743246202484505 0.240054027844875 0.188802072628681 0.121641832934954 0.161325752825495 0.100133654685685 0.129357167161469 0.0898128698464952 -0.0233909808394031 0.402818422834978 0.50637720275921 0.311420147222824 0.317734363381744 0.183819886719814 0.149231880327267 1 0.833594424686733 0.666404122395683 0.757067500111753 0.299658152290911 0.0555861151288643 0.176499703829102 0.0467626448315985 0.16976061483996 0.120999856831022 0.125009334608976 0.0159724351889271 0.711090142267556 0.726437529128866 0.379745375897241 0.278851795367581 0.504677336123768 0.532223776855419 -0.105866572093049 -0.0550322151832046 0.32515964365638 0.0389671799726075 0.334499639036746 0.271853730766151 0.23953629735771 0.165429069197052 0.366150517226044 0.360247765048927 0.339046535352492 0.31388410216826 0.402320446324186 0.420043749550219 0.307929105755839 0.184268006176743 0.298780342325759 0.164674763792626 0.060026018356348 0.117648082369577 0.354016631516573 0.415777792189952 0.74063049622336 0.759061786113366 0.310134521828215 0.338044539704082 0.20216294176196 0.0566615184270068 0.652345333998542 0.646598312551576 -0.0550329841099642 -0.164644933189957 0.283674399890982 0.254351860419149 0.525213183370061 0.602162556387716 0.30531055767241 0.289682624870682 0.299569752760164 0.407421041780931 0.156961720286544 0.225063618384912 0.425469389958332 0.479571897257048 0.52358779014849 0.660996851809108 0.787982270726011 0.712889333070414 0.530439710401982 0.45624564771468 0.302678382689943 0.363332433110007 0.259170856210964 0.206275418211187 0.205510876111056 0.412883131735639
0.658995879377959 0.763067331233352 0.277184276827292 0.174377795878207 0.230566512968655 0.243113797250445 0.109247915263281 0.175514757937909 0.153989543779231 0.0265892039525744 0.358998588954413 0.598918628751701 0.350543594121605 0.426124444466202 0.289965919653278 0.255666014345701 0.833594424686733 1 0.709552464284127 0.810920517055786 0.280153202041044 0.0801692635760301 0.220913260088784 0.117219167049569 0.186227831364754 0.168802333993547 0.113073210394136 0.062649530288574 0.724541608030168 0.792305563774376 0.43076532685226 0.345971144203744 0.55065956441308 0.596344795663079 -0.0797201900868578 -0.118241768439822 0.326002131958553 -0.0780775152301831 0.403277554812948 0.204314272174485 0.355622272701394 0.10385651398986 0.353312864482705 0.3545041146659 0.396774336123856 0.371383597184258 0.431002019706401 0.475811681986639 0.28646543462126 0.177099652484921 0.294210322473839 0.165823182975877 0.0471417690179756 0.156842526115803 0.366076888644169 0.48465434909576 0.714955635557292 0.76367691010172 0.237932232912837 0.298576659152256 0.206629662267724 0.113414918517351 0.689067746872846 0.738591676527769 -0.0190583947715503 -0.119772404513726 0.295313586818102 0.315659596215948 0.485701969672247 0.607058470488304 0.272299627539918 0.234293869526268 0.304909280850128 0.473496072284164 0.191337521595563 0.181748570005743 0.469329074974787 0.445672448820414 0.490277531986374 0.707537359868123 0.782877347384818 0.819282025627035 0.549979422008423 0.501401567748748 0.385422405114681 0.518715873025148 0.378534256227914 0.343870489653542 0.197535231886902 0.502445695169037
0.516166738204728 0.586152523992733 0.523490347967359 0.307045159840862 0.193334109804759 0.177642753076939 0.325730673270266 0.199332195420972 0.171646131833404 -0.0882807491163262 0.314683062431002 0.393394808935196 0.300130544103275 0.292522538842236 0.364602380926792 0.228155485354339 0.666404122395683 0.709552464284127 1 0.756680678220485 0.187463856444189 0.163792223373994 0.453719758449302 0.170038235967113 0.442042338250129 0.284851258050092 0.110843759241173 0.064163736281426 0.677214791919074 0.676517427481314 0.550153545380263 0.508063520423985 0.701422334950002 0.592120394025742 0.076540608667361 -0.000654823841229172 0.446273364122189 0.0790191680773636 0.233154012953524 0.292622701153042 0.312455908872336 0.114169109334114 0.447617156046639 0.329708677690121 0.412296236475 0.305459610408504 0.358396035302618 0.428347683028018 0.264060974279415 0.201288861023028 0.386332548569038 0.241761182621875 0.18368850111016 0.273387377545446 0.302235172868756 0.520543925921306 0.531658863511326 0.541723771417143 0.292308322722666 0.227961578601407 0.294300068217318 -0.01296615065381 0.586953279283761 0.501535323880663 0.17853886398301 -0.04874584215012 0.446567324088795 0.381459492047943 0.391973941052887 0.478841882696071 0.486312527520774 0.42556363899684 0.301583993431886 0.512956039696226 0.230084685704897 0.281891437294045 0.487052406157237 0.499308365929038 0.421288745886493 0.720148081402864 0.644980454722266 0.694748335321104 0.502926255618379 0.453728388488803 0.451663149704251 0.402659627537848 0.339865224700088 0.17711161572517 0.26353423931519 0.411465465917461
0.601301476344736 0.749994717267451 0.251863331680194 0.255275227626877 0.197671060405286 0.260539005045493 0.122239053816559 0.243657531019946 0.107038586451463 0.00690878187245576 0.268364065318964 0.56768619127565 0.289159042258263 0.479157014771791 0.321719387909826 0.357678654622383 0.757067500111753 0.810920517055786 0.756680678220485 1 0.226459137116638 0.129744177783645 0.300863872813735 0.275809534828552 0.293189007965295 0.205089529626644 0.0530485851226354 0.0561187105350115 0.690492753067382 0.748207195166606 0.496547708059298 0.441151784092661 0.589316076602968 0.673255836238445 -0.00359144852839281 -0.024094203601087 0.387406174470288 0.0143352826141785 0.279325517361161 0.289940762127934 0.291387615345243 0.0593576169963111 0.374045225481866 0.372194526253077 0.393525502263721 0.409480646699467 0.410199146505665 0.442905632089534 0.334941468549721 0.271757950404823 0.380478748837743 0.265554926986546 0.151378307962462 0.228746546765833 0.336766825654812 0.459130573701579 0.609790117982625 0.644111805222804 0.271041709712304 0.310226129789667 0.207961647838755 0.187030805853764 0.621120385200759 0.687181533631869 -0.0116393683741243 -0.0314100619692463 0.330745701374737 0.382962197167347 0.49170198686641 0.622892111484574 0.356191457990342 0.334894564968897 0.356984215419328 0.449309973606426 0.159539779020153 0.158886517175968 0.444063065100953 0.470636198522491 0.422256685528608 0.633333516109185 0.716038034979208 0.74753592990285 0.583772245410557 0.535499150166764 0.3824361309553 0.520830110866654 0.365059523082244 0.307426406459134 0.176690916554539 0.471841476932737
0.0307105916154799 0.108397712353255 -0.0164129311580199 -0.0997507170033103 -0.108879237292724 -0.157195227239793 -0.174854540383452 -0.212067345143362 -0.051341869534212 -0.0684182536759856 -0.120836993946806 0.00859588860731706 -0.0284574014000451 -0.113283746464039 0.190732325103797 0.128057154726479 0.299658152290911 0.280153202041044 0.187463856444189 0.226459137116638 1 -0.0708579998725224 0.156739108636991 0.101517302444789 0.121378164571441 0.0733146254618533 0.0343957933305329 -0.0117718380635309 0.254809456977861 0.282467926196912 0.219770295427115 0.11506626799809 0.127018509313353 0.0891377805744974 -0.0598033980053095 -0.09675553442994 0.117026168559111 0.102696478951646 0.29977801485263 0.129287342596224 0.0709249927210346 0.0020239281374586 0.0789235822821092 0.0396185916995852 -0.0408180621645278 -0.0445453539581354 -0.00638949315148142 0.0138175580157522 -0.102739793340321 -0.137244786610704 -0.0891087400535794 -0.152572659355137 -0.130172855952854 -0.0577637230651253 0.0149441191145833 0.0788193991090217 0.0854803777349395 0.156972210891696 -0.171129894609862 -0.141324433922676 -0.221387184346403 -0.234240908785931 0.0198314245554303 0.041085891932105 0.0858398472183428 -0.140099400569333 -0.109842856115836 -0.0888588372771112 0.141257679855813 0.101063173439543 0.0219659457158076 0.00680210476921104 0.21277276385626 0.166269003691198 -0.0909638628461093 0.0350072457546897 0.0878256833288649 0.117047368130074 0.110158066619178 0.314603964522926 0.123614272877208 0.182391868274584 0.203942603914496 -0.0101837931534379 0.145908115615839 0.0772532618240347 0.198195734417502 0.205044425211809 -0.110533744417413 0.0675809550624098
-0.040952608635417 0.00736635777236915 0.130562454545515 0.10394189736067 0.0711074501033338 0.141296087589397 0.0746689900274675 0.0522677660565564 -0.0391658011835689 -0.00657026849196508 -0.0486428618306341 -0.0437706588300867 0.0655815827867871 0.124018006127249 0.042356607420268 0.127030439648422 0.0555861151288643 0.0801692635760301 0.163792223373994 0.129744177783645 -0.0708579998725224 1 0.110115108553512 0.125726375875448 0.118853598639194 0.255285094642219 0.179363678287331 0.128713054617633 0.143674816133528 0.140496455917009 0.233466167105022 0.235785906059177 0.170324914647674 0.198751139234839 0.0780100141152171 -0.0562295431593798 0.264604009662518 0.19694473076339 -0.00640985741430238 0.0146281764641078 0.245858140972578 0.0775296350600589 0.261380874581874 0.0668887335162594 0.108649488538631 0.0922796951652774 0.0899883940836255 0.200473962748181 0.159554588454264 0.148779362390847 0.159049914998616 0.115276625078879 0.14891619218795 0.148325702394343 0.1632202642651 0.237968499957474 0.0558582647083351 0.0905968526384089 0.134718023346462 0.142100962662006 0.0659011589194276 -0.0221412075679485 0.12415574499052 0.118357923889157 0.0151218070450567 -0.0607587312553719 0.1833735942472 0.188353682369913 0.00319401897869159 -0.0213163162206666 0.218590454181526 0.278765366463291 0.112992983367344 0.181721947751807 0.174123185989039 0.0979608318691451 0.0650190375964654 0.257615638627174 0.0840346136308058 0.129479949978672 0.125650478324212 0.0948600157284864 0.0869439383464972 0.206483541045246 0.0552946891209424 0.104948424499293 0.158677071382126 0.166163802857349 0.105673577353362 0.132894655884973
0.1117312568033 0.0421298800667859 0.70623815807338 0.403700868424788 0.386099030449211 0.363224234676588 0.52884936353428 0.270799029865319 0.444200004423024 0.169433806839131 0.0644483764502158 0.0117473285930385 0.288571858691311 0.0861399640768001 0.77489971945522 0.629535940797642 0.176499703829102 0.220913260088784 0.453719758449302 0.300863872813735 0.156739108636991 0.110115108553512 1 0.61494867789028 0.596150094488964 0.490189260141556 0.391308158999337 0.355351320297714 0.272893381956384 0.183929718874081 0.660061420560029 0.549521537856652 0.628800918789445 0.369661620525108 0.506012974411283 0.229646832721277 0.341895373563505 0.115121017561628 0.167725261703036 0.223628401194898 0.284380195694956 0.00651783344716793 0.417239191761214 0.261009427345992 0.285450061145522 0.156622208109739 0.240910673167016 0.328133324670082 0.0914302864492661 0.112557731226401 0.305516439936238 0.171965718015536 0.297296813123357 0.315291156973966 0.226507450456472 0.361224959193849 0.0680618092000029 0.150914066595601 0.128970421980129 -0.0586181442240151 0.242867806332683 -0.0678737828188548 0.254299284866603 0.0841257254531038 0.690915513570437 0.266774769130172 0.49443304908554 0.296012163885714 0.00349379433281301 0.0621437082727313 0.41721370175509 0.41441825844139 0.26085439405229 0.283611674741488 0.147483425925177 0.187282534238432 0.425586160380528 0.255094238232994 0.0704120799845447 0.34006743531257 0.222533266100331 0.335008840357927 0.46161368592974 0.343158188867162 0.72075546065877 0.53703983826111 0.544645919419565 0.331941415166186 0.409875866732493 0.421977216490593
-0.00423252493203438 -0.00219667264145829 0.36772089601594 0.504604065007973 0.297942956019728 0.460437410858224 0.319698446925535 0.448956835099029 0.266627850147586 0.319267645472661 0.017795283495757 0.159372624082954 0.204912148548895 0.378179440818676 0.533240517195037 0.795260383152612 0.0467626448315985 0.117219167049569 0.170038235967113 0.275809534828552 0.101517302444789 0.125726375875448 0.61494867789028 1 0.366642307732222 0.60075609090993 0.326715803373526 0.443425357139362 0.194951079934885 0.228594497670243 0.486286891704489 0.573411321229177 0.408501428131495 0.481576747567642 0.46259530549844 0.387739364751098 0.182331966304705 -0.00412521461394467 0.159663402793729 0.108851678557357 0.216298235768204 0.0347683073909213 0.432108892828981 0.361670191735527 0.258478288089717 0.218867216526524 0.247605434184087 0.30795834919788 0.167125387176081 0.221803007581596 0.350269337021176 0.290297420236526 0.404099963862883 0.324361801024884 0.213870575626788 0.324204147449953 -0.0711507910098358 0.0192483809848979 0.114734275084227 0.0276591426529012 0.218620324924563 0.302996971624971 0.181476271003613 0.143069720107767 0.495085610703117 0.535833629488868 0.412456629943058 0.448430156309361 -0.176444705863728 -0.0165768771250248 0.236901093327458 0.328666481309804 0.236392753219553 0.201240827257499 0.0657758239507221 0.0908236872492599 0.312073939348407 0.269646663844612 0.0846389338854666 0.204788154523255 0.165213118241711 0.259940003132434 0.275453335875308 0.317049545294386 0.469041175843933 0.635552393893264 0.481396014669868 0.397129847259993 0.314472214182173 0.413808501406729
