1 0.588681987115086 0.581862798333753 0.351430212416997 0.311861084934577 0.194394793921008 0.654786561728458 0.413800288953792 0.444308178813423 0.207936260761409 0.637164757887082 0.193849317058884 0.574875783977334 0.074850346579011 0.210535887630166 -0.0457618730066631 0.716286613989549 0.568752011144131 0.687813268592644 0.532365716002721 0.0472844688983395 0.0959429097605304 0.207935446186017 -0.0477451512355807 0.300231158725369 0.105708743716058 0.00164152924694586 0.00994744914140939 0.594959024012429 0.581824718555126 0.221989573135681 0.044687329262708 0.561170859426646 0.318861740479572 0.137877362206371 0.107036031893791 0.337332940472753 0.27517331107648 0.311175144916362 0.3554649697869 0.47255822351541 0.475826246439199 0.230049235179232 0.208940873411773 0.427939559217175 0.464910379171051 0.542908142077911 0.537684189814674 0.500971059652032 0.510024377720598 0.481876109387566 0.518496562777769 0.362021358354068 0.276708781199062 0.70698831871904 0.651172855913394 0.861697323155306 0.770603430373746 0.723319768833872 0.709005740721704 0.666500366850885 0.400302718106357 0.759493466222497 0.639378737641274 0.0817274986412395 0.195316508275487 0.45589321206061 0.371161935929221 0.736970935396098 0.691694046796598 0.568422014498308 0.45317944938802 0.346383255335925 0.440406037066211 0.0986473639876711 0.0945229111686713 0.170514687033629 0.152125289262188 0.419731626047811 0.242185085683781 0.680347516336384 0.701718677086618 0.351287758492702 -0.0211131757084171 0.716445609592762 0.216368683013577 0.0731343092761242 -0.0373160113425812 0.586247618687544 0.464902165094377
0.588681987115086 1 0.4352853774082 0.601161196597877 -0.0561915810893108 0.0563289789915409 0.258272573642081 0.547882155941757 -0.0414345772550948 0.0162846727950373 0.0845411529901125 0.707349807835481 0.0865826624128949 0.517357102125461 -0.136068372170563 0.131185329358238 0.318538789856473 0.76913924065025 0.614850062161834 0.828073240394145 0.0966508738910343 0.00410233482897937 0.0547795846730926 0.119828916469772 0.191684893015895 0.126355584338571 -0.0194404458997462 0.0311153290666632 0.402132736943038 0.480882949277906 0.26632208825089 0.330595998193066 0.519442191113828 0.566677376528241 0.0440118008848637 0.0817930796867772 0.334323123459844 0.169916230772948 0.116234724601203 0.50336195583867 0.386916579214723 0.454890694780292 0.188632289230753 0.225374382615278 0.390087824809583 0.432162099340331 0.403690451765745 0.507558001298461 0.460278907180499 0.502530368094239 0.349757551862338 0.52158850537728 0.227788164678856 0.302453510346886 0.527153360066581 0.61292284475883 0.583598119569487 0.809568486025939 0.552018710974375 0.568315463830342 0.299814525080881 0.271650840878997 0.483750147096776 0.680196596977835 -0.0650882083383545 0.172213446464293 0.324115816964246 0.235153822384013 0.521389604230267 0.65259025593329 0.257553854265754 0.277441694024211 0.22384209746771 0.446936549389474 -0.0183065938022432 -0.0752036571177685 0.335453153954048 0.286005135656971 0.0892034088160886 0.243599978036816 0.419100338079126 0.677064193999692 0.354786030309791 0.560666257537031 0.460130758575698 0.713507341985563 0.144987326891762 0.417480472612223 0.269162246861947 0.613742261955676
0.581862798333753 0.4352853774082 1 0.645061604968446 0.446971422061763 0.170287851551722 0.77147435144443 0.509016447803242 0.556653174225097 0.317551417867293 0.272953110459516 0.0711224468742964 0.396317542909139 0.0688285284822219 0.303404423756053 -0.00641539131740402 0.414336031747882 0.387043744587152 0.55233117526421 0.343416863047033 0.246110694291608 0.242802159051333 0.626885431586416 0.173732177241301 0.450642461199266 0.315236490350772 0.0254658743855837 -0.000529030430065181 0.410232010851923 0.293982937039455 0.662012316222309 0.444233760406723 0.794953514989443 0.492545917562842 0.553549676308922 0.457703987134113 0.444986136240864 0.332404989855362 0.401539763872769 0.470697133394258 0.266909575911682 0.41074466786565 0.414904773967837 0.332264899196202 0.532523352837248 0.482714766106548 0.527189484552824 0.570001089483679 0.479520015894547 0.524330382256143 0.594248018090115 0.583530214097506 0.50213309326337 0.478222061599023 0.556648470414318 0.587587265638769 0.439104882257367 0.388704187483449 0.497631792945384 0.600150878577626 0.408024989231727 0.184727029477706 0.523781630564398 0.470765780311587 0.419768203093733 0.388260744473619 0.71475573864991 0.568435501581954 0.381130589886915 0.494477008456245 0.583351385611309 0.514996067875485 0.413029146661154 0.403873970178267 0.135899708618067 0.00679845880335324 0.295340290631766 0.268295656559239 0.295735310334318 0.312934442916212 0.522828435089718 0.596782787733436 0.316674107741657 0.024489407463056 0.721215402763193 0.315941219260346 0.165094613531463 0.148188925020759 0.550429126677183 0.53994398195785
0.351430212416997 0.601161196597877 0.645061604968446 1 0.166088255913907 0.222374202400855 0.429354768180512 0.780990011066071 0.247427250924745 0.42910256857691 0.0403670279499882 0.469595563966286 0.115623376732519 0.48690480585947 0.103168812198837 0.314137866660954 0.117080982558462 0.429223334821399 0.458649864620012 0.507846226820128 0.274913545108644 0.141307156643602 0.49347450158347 0.562106235332659 0.216211578717869 0.345923537473993 0.0883341665214047 -0.0143992879644106 0.292182537243094 0.350039949846635 0.539475676024018 0.652378349582883 0.625264979393251 0.705703415729718 0.486377739746003 0.421319869003578 0.337400024029654 0.180881179125483 0.193930140474645 0.379985590897331 0.177275760010629 0.222566379063635 0.342145709174198 0.316951879368497 0.387789160370331 0.372089725069616 0.428144998735461 0.509040082412354 0.360619418013139 0.431844677238307 0.504123715783507 0.475604147919117 0.436699393955869 0.50857821017407 0.407333175690611 0.517820240104537 0.266675110478488 0.39409987389736 0.394192117370633 0.530417319611099 0.333491121044604 0.461574415628568 0.294038522058525 0.431052163368747 0.406473848276877 0.610344695111208 0.489997803775214 0.440064313510326 0.232185756711446 0.388188223989601 0.422292132831191 0.435012435761343 0.291157800854359 0.342343571767825 0.156879115164404 0.0541029882238127 0.370223892355529 0.355657744894609 0.0286984862148054 0.299901494513557 0.31083513518435 0.512918809653334 0.241746467187268 0.37167872680195 0.509815704757137 0.623776331632036 0.156100029254216 0.370681327253508 0.256223254994698 0.599786844524151
0.311861084934577 -0.0561915810893108 0.446971422061763 0.166088255913907 1 0.288480963358266 0.621212264768776 0.250772048053236 0.654243639871328 0.347955912435444 0.392368157318073 -0.226372958709943 0.439037743738259 -0.177005642682126 0.361907306731417 0.0539611000122364 0.236250221662894 0.0402428123989628 0.186862770209543 -0.119450439285473 0.200754624120718 0.244323115802457 0.378764149470017 0.00155956305122255 0.268820223383765 0.104607274437928 0.23938237624006 -0.00077191760298146 0.225870581847571 0.169353041612757 0.341941471675043 0.157530468677088 0.360825809333247 0.114254277221372 0.377233592504939 0.361183448730766 0.229331879321098 0.192686888479208 0.228876299341738 0.169635797905004 0.130535261732678 0.0231602249005302 0.288612272463721 0.206546302430494 0.229897537341672 0.205579356284521 0.312932816278241 0.27479071554174 0.213115151036134 0.239144284387675 0.386578919052846 0.252598711634017 0.371865154521093 0.267323495587347 0.219159240591561 0.193449638950593 0.168376864806406 0.0385995282533334 0.306443084525636 0.320474688325133 0.268889791157283 0.160609587580401 0.0937330542823528 0.0189402248401703 0.215196061517655 0.159273732891211 0.313264357451755 0.227601872597339 0.115714317469507 0.08684335369234 0.487549846219548 0.449413936359174 0.325046154566721 0.308595666855176 0.00378703604416177 0.135816591948302 0.136838082812919 0.0661538435240464 0.207067770588448 0.0737896593835428 0.222281814804519 0.167875332090815 -0.1194372935757 -0.360863105655901 0.260647544802974 -0.220715299975416 0.0145531303460329 -0.250455914435094 0.473273425841421 0.139587684274452
0.194394793921008 0.0563289789915409 0.170287851551722 0.222374202400855 0.288480963358266 1 0.337167268434404 0.350488512535293 0.472600007821572 0.558443865797242 0.156337415612599 0.0357215194345241 0.349970646526811 0.246347988148395 0.26793123742307 0.412057365703155 0.106913926856673 0.034633870911734 0.135143065740965 0.0188191884573971 0.185491640921578 0.200989838680758 0.33057842448631 0.212336073668027 0.296083646336862 0.111549644491796 0.23145274965673 0.240465422952312 0.153513281812774 0.344601108305285 0.256620194369931 0.224309919292682 0.212936865409214 0.128584896840498 0.161380171761855 0.238671764177666 0.142554501951704 0.0667170715590808 0.03398205857914 0.122329787244504 0.143344480989651 -0.162968622142757 0.298046837702709 0.339921850516529 0.0734322500973617 0.145608069793233 0.232782564363712 0.267323878726622 0.14753798739149 0.185513490849504 0.267531358185977 0.203377034119718 0.318615948959375 0.228074697578648 0.087725789754522 0.148756083060238 0.137491288179562 0.0229722686869754 0.180043421286973 0.279579810939817 0.261043459666357 0.385045291948135 0.0291958304254673 0.0651088964598549 0.24123255249162 0.296003941015601 0.182543390122049 0.14167751582822 0.0839096529828249 0.0196411317974158 0.415065216029685 0.374783730516349 0.299409929349781 0.257512117359639 0.112651233025067 0.130739064237934 0.179654636300383 0.260501976525054 0.245183331532977 0.0415622725285901 0.219797186289824 0.102389292442823 0.071619569795103 -0.0546510939013078 0.240914872040488 0.0647203780895135 -0.0613417950696131 0.0147849703082728 0.248465594924676 0.216804116868826
0.654786561728458 0.258272573642081 0.77147435144443 0.429354768180512 0.621212264768776 0.337167268434404 1 0.568897376914421 0.712576424284506 0.352144578910114 0.521537938580194 -0.0520177840805559 0.635065269639339 0.00617815349558983 0.373418318833841 0.0163106086083494 0.454378490109195 0.255131238833479 0.414111504988719 0.140349342604632 0.214083426992918 0.270288372200443 0.477657758702959 0.0183459764707641 0.385079785904404 0.223232346570034 -0.0357806208918325 -0.0771145855761702 0.408692397851916 0.353406983941248 0.410717311997017 0.178556301550946 0.665231810967187 0.311715132708652 0.536034536980208 0.45290431913629 0.271893074437321 0.24789966333061 0.290514484224069 0.298577517760579 0.242386360502876 0.195490482239754 0.424074790798795 0.308105025086559 0.485529708259516 0.420868765743153 0.482986573015206 0.481799484765838 0.451466878903674 0.486147879902911 0.660531768284023 0.516207594902745 0.56360900997306 0.460384912828772 0.451087739678027 0.424044006404197 0.474432708950442 0.335588364176777 0.59469075514936 0.638997925408469 0.613569395282012 0.400054677817024 0.492960231993365 0.344932900410206 0.392323361654294 0.36840006760211 0.706468433582917 0.547233449465517 0.380087431984439 0.376260087679794 0.752501489559412 0.616366247227797 0.474316570971636 0.447644239758145 0.215959979910888 0.0939063849596647 0.303192287110165 0.280890022169479 0.384546016770059 0.223578404776488 0.510451395982746 0.457576615621313 0.103492350326478 -0.252763797640258 0.655048916982785 0.0632658657500609 0.0607747686994909 -0.166388333463498 0.6685303022405 0.390189699371196
0.413800288953792 0.547882155941757 0.509016447803242 0.780990011066071 0.250772048053236 0.350488512535293 0.568897376914421 1 0.297039444080114 0.386742484389943 0.121616686851233 0.50263230110253 0.306979388606368 0.502640708070566 0.0437458771186772 0.321046124821138 0.13580516430657 0.397254124502799 0.430162140366406 0.429991132637167 0.223983663247427 0.0552468793309596 0.333787348045055 0.425822835621092 0.134834627867177 0.256370944206234 -0.133537878504555 -0.125295997958454 0.25383892150995 0.392839734676499 0.314767967265013 0.444243447047705 0.578185918101495 0.628696009237584 0.398939255452163 0.456972844200175 0.31228101408503 0.168184363856626 0.164064376287476 0.313900124224222 0.208745094868191 0.125907003176358 0.413007755390231 0.366235457385455 0.447619930878792 0.399576233065918 0.405803269225832 0.481040140491834 0.442284939446697 0.51672959178266 0.584054416822492 0.521394310510023 0.50431588428068 0.528049578550621 0.320098763760885 0.418113907962402 0.263801719781206 0.364122112435184 0.484907843621733 0.624702806645017 0.473237850117623 0.705658077927216 0.262992586406182 0.402956489257781 0.296216925533804 0.540049048818729 0.452076960227601 0.414519285499868 0.192402410425083 0.362775815902898 0.481147500463027 0.527998962166036 0.305185785686804 0.360551818296422 0.12879781867661 -0.0326864430099088 0.385835494677223 0.348622137366251 0.00563027179958767 0.299342953554885 0.266795935020518 0.436544030366202 0.226369813217326 0.288774419616137 0.427458753443785 0.525771499109113 0.258121924603001 0.20546586542244 0.314552579141458 0.647493823906627
0.444308178813423 -0.0414345772550948 0.556653174225097 0.247427250924745 0.654243639871328 0.472600007821572 0.712576424284506 0.297039444080114 1 0.622424602266371 0.534183724310752 -0.23073597426242 0.670529120238978 -0.0323782274530775 0.642200206287769 0.201068164871913 0.336584217420833 -0.00430388401654092 0.273867246882623 -0.11188653913631 0.175376890906516 0.257652396570222 0.569260604420922 0.128480608060001 0.382994425162783 0.160366647070361 0.330269022444645 0.0700650779857722 0.287208824026747 0.286279773756982 0.320532468098875 0.126795789148604 0.445596646356169 0.0707750050408306 0.483414311903 0.357449214498902 0.174108928089886 0.135405546893247 0.226394776428523 0.157291691220202 0.152728237136036 -0.0178768139127942 0.313928809714167 0.234393439779534 0.226571533144556 0.214641257485483 0.383124691803129 0.356162203807354 0.237520894026921 0.260894777609556 0.421066504128504 0.320901587742473 0.38696997822009 0.278328599689948 0.332677729219083 0.281226514042624 0.263128900652412 0.0609419939391736 0.311730840932697 0.374192280849481 0.398114558125104 0.229964029444884 0.252145345589205 0.103495785985476 0.488728929203899 0.339340543040646 0.443029767049537 0.33340206893845 0.192611959026077 0.114042061234377 0.647583138840952 0.42703276071624 0.315036793284152 0.291018295371346 0.248321024917559 0.161336307467192 0.145361045076971 0.0776735412150592 0.337685664573201 0.0452742964592232 0.299899405117677 0.159749822829022 -0.0223212468662884 -0.358799528740692 0.536987292071803 -0.128844593764535 0.045377016172156 -0.174149047876408 0.566543129703816 0.168460683979247
0.207936260761409 0.0162846727950373 0.317551417867293 0.42910256857691 0.347955912435444 0.558443865797242 0.352144578910114 0.386742484389943 0.622424602266371 1 0.13221871905956 -0.0340508681869005 0.321574738909483 0.257679803591497 0.443120809890188 0.53525449784633 0.100731700904097 -0.0343695203199279 0.226668164007207 0.0203604951046262 0.31804574946748 0.221272700583817 0.542571046343312 0.548213613460562 0.34435107679394 0.246947707121003 0.4700084909269 0.368517734050494 0.113594768687696 0.299955487876408 0.29406410950491 0.284235284184944 0.265892217403093 0.185805240524349 0.391611728240853 0.278102176301665 0.145025162536737 0.0309036483587372 0.0879376614428094 0.141744358783811 0.215106871128469 -0.0765251487146631 0.220347993507511 0.173169503402085 0.0539665274761505 0.0877950098313071 0.216791946342504 0.253087610033799 0.0626493228088676 0.10331890054365 0.282010034242853 0.151534181538985 0.326674088115875 0.289411782710071 0.220762684134441 0.267719678078039 0.111148595327001 -0.00776850502267219 0.0512011249005295 0.203990135579073 0.183309573887699 0.291342730755065 -0.011480365482816 0.0129769244896706 0.58444092820009 0.592583127274022 0.230280863782462 0.163730030229773 0.124818461660007 0.0199233404471201 0.497751385894796 0.37689653405665 0.375161814259137 0.318957006355335 0.305698399370819 0.26545559537754 0.147637864912002 0.170997155325686 0.164334839821716 -0.0424720727531392 0.168748349979973 0.106928496454692 0.0489697399525012 -0.0214789126330778 0.450761202419151 0.160185556079696 -0.0148949881268928 0.146882524774724 0.264773338457397 0.224504525963959
0.637164757887082 0.0845411529901125 0.272953110459516 0.0403670279499882 0.392368157318073 0.156337415612599 0.521537938580194 0.121616686851233 0.534183724310752 0.13221871905956 1 -0.0828312643915127 0.592191165681786 -0.16045919588547 0.291517967058271 -0.193086666426178 0.486183494208862 0.152454090113622 0.360356428801682 0.0271904190797211 -0.14073766368062 -0.0381316613185728 0.0755257543758585 -0.17055061781662 0.108377314766121 -0.0662853860815821 0.0434246667319578 -0.106111837671355 0.388437432889891 0.313679923916911 -0.0366329765637009 -0.196156728684424 0.224035325763281 -0.0647432797755168 0.149916676317815 0.0932252144709511 0.0168887833896253 0.14698954889975 0.145405800454902 -0.0427010405553107 0.103257567483547 0.0472660878207287 0.0488636661633887 -0.0111297499174411 0.162173780730462 0.136829780194839 0.247217350834531 0.134255667531799 0.142931535004866 0.135661633506839 0.218845687162181 0.143414991068358 0.135584060842788 0.021635411947888 0.321310880338267 0.202161194834788 0.463423802582271 0.345192664648648 0.416192285720169 0.38962802865567 0.596678738312309 0.324381810909524 0.507886121086792 0.293558888665253 0.0876776402159027 0.0640084899101699 0.245984119817174 0.225807299065138 0.314559424959039 0.165574744037509 0.385442809284329 0.246313810472414 0.100201864653483 0.103094053084329 0.0163717770520333 0.0672836177469837 -0.0228670510483961 -0.0219025404022184 0.236829023379257 0.0792730072808103 0.262357303882783 0.206795039554496 -0.0772361444616854 -0.43070910910794 0.334385951067354 -0.261963944798173 -0.012089052444384 -0.372643674298997 0.398274246073032 0.00967619198782368
0.193849317058884 0.707349807835481 0.0711224468742964 0.469595563966286 -0.226372958709943 0.0357215194345241 -0.0520177840805559 0.50263230110253 -0.23073597426242 -0.0340508681869005 -0.0828312643915127 1 -0.0128250845040091 0.760215633815521 -0.225250733990287 0.398845034814692 -0.128011873694773 0.460837564327051 0.346066680342614 0.693750188660013 -0.0556575666787204 -0.189206806893541 -0.0737282534662514 0.183047697670911 -0.0671642121289682 0.118470597258043 -0.00501400003047323 -0.0338576728145516 0.229906887446416 0.34971371697349 0.0642196114754932 0.232283418207456 0.171342615231849 0.425572318273072 -0.0521863704629977 0.00856398183365793 0.070099421848679 -0.0288371028124783 -0.155827333764641 0.34071878865273 0.158267947439183 0.178361072479143 -0.0378331290862124 -0.0138475154222569 0.0843471892211475 0.0837352216200927 0.0528227535378627 0.126112098824309 0.11014920692752 0.161201602449902 0.0981604821745061 0.176596257233195 0.0173615113793286 0.152141944633151 0.220314876802009 0.301122351786654 0.108855639008952 0.434706540131381 0.347822055223132 0.29282058812026 0.296445878789449 0.384948066749359 0.201866718475986 0.447742198740348 -0.0576750268776198 0.078933383422029 0.0983086206199749 0.0407576738912859 0.0711364286577661 0.313700419673191 -0.0491685009952719 0.0985564726691836 0.0470120725605549 0.183712718794688 -9.63735776102178e-07 -0.0352016521851937 0.354152371795007 0.127872633862092 -0.200393044066861 0.0893013021511903 0.100714971621829 0.33863363938463 0.147447408398576 0.753766966623028 0.0944337036282007 0.755698614930595 0.1166427345933 0.563387338219944 0.0321830238706833 0.434037093296158
0.574875783977334 0.0865826624128949 0.396317542909139 0.115623376732519 0.439037743738259 0.349970646526811 0.635065269639339 0.306979388606368 0.670529120238978 0.321574738909483 0.592191165681786 -0.0128250845040091 1 0.176269294676076 0.70029861256656 0.267759762217737 0.351892727732938 0.12276841906406 0.434182401234291 0.0452676544126937 0.0377623764520348 0.134286311212276 0.444062497492342 0.0445361618691372 0.368288346715506 0.224720043084983 0.130828169699545 0.00211785838010004 0.348152237744223 0.354236960540479 0.173660327108405 0.0144009525091101 0.391515805485425 0.0731605981482248 0.309047088662617 0.32383452069214 0.213016511449986 0.276109561093845 0.282618237912132 0.139627652848403 0.259460149045387 0.131127975260435 0.300576867248094 0.256053095497064 0.214703643957987 0.246545876016265 0.365626684561182 0.312186578382914 0.268090169971993 0.30203347353007 0.461335450241042 0.320944036134087 0.411780417028281 0.290637493705367 0.355849109485187 0.280496511126837 0.320745006948559 0.211939641495057 0.471917323150135 0.470201890756922 0.573706044443656 0.340914666643687 0.365573806886842 0.118987681133328 0.356840294116788 0.285198313946491 0.453248965153642 0.396955610947617 0.317618800124505 0.234218792145223 0.581130356421322 0.442893834365874 0.266160804064599 0.341061427589284 0.236619331408508 0.192335420268982 0.210561728272653 0.125899414414116 0.324086602352482 0.216269984049489 0.333978905540932 0.278911101213681 0.155831917079386 -0.148499444695396 0.533771846614851 0.0261164743916012 0.0852845792209871 -0.128336649136887 0.603758432664367 0.30479754565471
0.074850346579011 0.517357102125461 0.0688285284822219 0.48690480585947 -0.177005642682126 0.246347988148395 0.00617815349558983 0.502640708070566 -0.0323782274530775 0.257679803591497 -0.16045919588547 0.760215633815521 0.176269294676076 1 0.195688500451291 0.744914245145771 -0.197562657897823 0.28456228652121 0.255944606235235 0.493729351359133 0.131353984342507 0.0648770815295369 0.149059261407759 0.480852788737224 0.209943457304049 0.372573954498217 0.219663584714273 0.0729225517860997 0.211118700409894 0.396848631551363 0.191041256146745 0.387699654057761 0.209843458491558 0.403710725718728 0.069456872136732 0.176668456004982 0.194554528867017 0.0927139708476702 -0.0688272652523226 0.311805928493713 0.271317711891932 0.0978077487783581 0.159738335488853 0.184147007150367 0.0111103854585532 0.0470310572035013 0.0789400804852856 0.159749695748775 0.0784116000001703 0.0929441835278339 0.22461421359242 0.127689791939754 0.188925640529924 0.263094804235946 0.165814344915637 0.199912737940197 -0.0121564206092587 0.205405176378379 0.222768966960907 0.187388391827832 0.177806327056754 0.267440782988302 0.0476271641865303 0.214231522080287 0.15150183063885 0.323740688098882 0.205568644991732 0.161304590301872 0.00173081124505342 0.170205336206457 0.139504049973074 0.213911986233098 0.185000399853004 0.271441663830308 0.219820823092293 0.15027600741416 0.451376625198636 0.319841484224696 -0.0330202077510864 0.151595237769808 0.140750910572242 0.272100512959588 0.190845033768215 0.723453237546144 0.179011355276037 0.747019499948886 0.0871954645902178 0.574460866350688 0.120597757987589 0.389259944320643
0.210535887630166 -0.136068372170563 0.303404423756053 0.103168812198837 0.361907306731417 0.26793123742307 0.373418318833841 0.0437458771186772 0.642200206287769 0.443120809890188 0.291517967058271 -0.225250733990287 0.70029861256656 0.195688500451291 1 0.480980613790912 0.190316817612169 -0.0313547027287434 0.165931668592081 -0.134518163086646 0.111383645628581 0.309413829211138 0.539622132870531 0.266228641302737 0.537265934485877 0.484137103883083 0.471658080437667 0.220725075628433 0.288108657023364 0.228799440974509 0.325729627742212 0.19951318851742 0.286441962450955 0.0345646360928697 0.323878013431979 0.336903561405901 0.274319163569133 0.275364794120938 0.283704361847021 0.0870588621917857 0.217938227875201 0.058879503825341 0.246160480558606 0.213425869446472 -0.0282508983548318 0.0311144440363836 0.188711189351435 0.188159587139265 -0.00357956878577899 0.0166980585275402 0.290041213079531 0.0585361714543314 0.310415383647879 0.21943057578744 0.232105999865257 0.122715969720792 0.0948958200144454 -0.0544505321629513 0.0836260126874833 0.0802458535451708 0.197044489038889 -0.0291920552776864 0.0914638739070938 -0.134063630922766 0.419255765283954 0.333188025722357 0.339071225657622 0.322084929076989 0.0920839148433656 -0.0447609024647817 0.429284861189023 0.271784902802842 0.233193899074603 0.281084450506726 0.35783172492249 0.273772570876988 0.236365078195832 0.164888506523131 0.393142864213982 0.164061446917557 0.285596249758681 0.127313716849719 0.0755550102450546 -0.14620878129605 0.395647975954539 -0.0556171783574741 0.0030605675762188 -0.0364484728798083 0.448807697129882 0.0782536596287122
-0.0457618730066631 0.131185329358238 -0.00641539131740402 0.314137866660954 0.0539611000122364 0.412057365703155 0.0163106086083494 0.321046124821138 0.201068164871913 0.53525449784633 -0.193086666426178 0.398845034814692 0.267759762217737 0.744914245145771 0.480980613790912 1 -0.217861717892321 0.0449020075918464 0.108901943948976 0.208043096644287 0.242236802672758 0.19546059955202 0.351112773776878 0.58792931861967 0.376176737603378 0.481554822794386 0.493366960593971 0.264991187130096 0.131142572704357 0.30952406036027 0.229301220176129 0.339588692783009 0.1098225143302 0.211159753974972 0.171137280319612 0.186191869471198 0.220310410091781 0.0447963693668753 -0.0271588451675154 0.259962546576646 0.269544591586922 0.00833523935600163 0.12950037611352 0.148205528706016 -0.140670980641914 -0.0949527324801253 -0.00314085275990484 0.0666928659206038 -0.0964497889120886 -0.0914114914391286 0.127033601670783 -0.0715202142974833 0.171756527382379 0.207017527867527 0.0959686830087439 0.0744239246176471 -0.0720224072183333 -0.0221356690278931 0.0287729724625836 0.00141923022072032 0.111499888323325 0.207127630540469 -0.187862377758876 -0.126395682544948 0.300062110643833 0.398601037537463 0.127800439478977 0.0789113925167231 -0.0256789205338991 -0.0158037056468988 0.204377185972366 0.20386135454772 0.258227414117895 0.227806740995952 0.318811464832207 0.279753110434073 0.391721204997872 0.24255217113345 0.129338091263812 0.0131098183002302 0.14986717645045 0.0987596458636655 0.109971678504415 0.501958859511375 0.139494347998245 0.470751275113473 -0.0535417254402589 0.480173212591872 0.206563725745434 0.220502640538643
0.716286613989549 0.318538789856473 0.414336031747882 0.117080982558462 0.236250221662894 0.106913926856673 0.454378490109195 0.13580516430657 0.336584217420833 0.100731700904097 0.486183494208862 -0.128011873694773 0.351892727732938 -0.197562657897823 0.190316817612169 -0.217861717892321 1 0.566794310944265 0.530675751924997 0.367388834070365 0.0931645131851036 0.121331324330264 0.163111522775835 -0.0690180093441538 0.344725484716072 0.0784149200319504 0.0132308655959199 0.0961819507331596 0.630148606386734 0.539585303382216 0.251861137417392 0.0330453740842582 0.497014629388169 0.284521683961192 0.0178463691367615 0.0370621784099784 0.298450394105323 0.241198499339915 0.347407677818187 0.209480064716084 0.417091255242332 0.367295291540143 0.25097312109071 0.283278667704748 0.315667606777499 0.441451845943976 0.499447449520321 0.482889199320245 0.390360854950731 0.416126478486491 0.298514373019594 0.383008284884201 0.2552454455114 0.136987522512451 0.530853339355534 0.489029920562846 0.79001272651131 0.544277030622891 0.406118046016671 0.463479828857018 0.324450555193445 0.179482617935879 0.666240023571099 0.560123552685521 0.013724736778166 0.0611472937638786 0.299010970029203 0.312532808654535 0.539362051279219 0.470380684051479 0.456845285292338 0.366694035405347 0.317412259064858 0.43741446828474 -0.0227251751871599 0.139905398235064 0.0946557230314322 0.168487214164369 0.600922526697424 0.403674603568221 0.722375156413954 0.55624750844807 0.404263452475661 -0.214970315121781 0.526213995115988 -0.0792495044045196 0.113886928661916 -0.200375176195057 0.335784470797135 0.201146417402962
0.568752011144131 0.76913924065025 0.387043744587152 0.429223334821399 0.0402428123989628 0.034633870911734 0.255131238833479 0.397254124502799 -0.00430388401654092 -0.0343695203199279 0.152454090113622 0.460837564327051 0.12276841906406 0.28456228652121 -0.0313547027287434 0.0449020075918464 0.566794310944265 1 0.590769205799781 0.705440971513286 0.103848892413032 -0.0376698466439945 0.151034640915079 0.178370824227628 0.300542869335289 0.231263406044195 0.00011551327169417 0.0420892669717624 0.551844788285708 0.601970819035572 0.328566617881527 0.354322778418169 0.588160064466247 0.593725495974064 0.0426505311512259 0.115189497528658 0.416543864897428 0.263417376078394 0.314992720218022 0.437011702308741 0.43212915859342 0.46055419424054 0.221835041006462 0.304178921841614 0.391096218999287 0.446464207589894 0.455879725995609 0.523280312611951 0.400982891863112 0.443255769762594 0.241564552424455 0.407625172054357 0.159495554646974 0.209179622250727 0.568426107372599 0.610521764117157 0.678653653710311 0.756638515617882 0.424868831646485 0.451501989608359 0.262191363689498 0.200735066768383 0.570663424050028 0.672474886609015 -0.00650989840436808 0.176022792883849 0.330817222159146 0.314023698854009 0.434452536413194 0.527186903251919 0.246538842507026 0.306367241881256 0.23527346525226 0.505959215259297 -0.0487255962151139 -0.0604824564470194 0.247690251935384 0.25570520110829 0.377025248634694 0.482190437450132 0.584106767716467 0.737857135310103 0.45062207173741 0.392951542248536 0.43673321002938 0.477982763670785 0.281496085541098 0.262255206431611 0.24317427174962 0.550859389707528
0.687813268592644 0.614850062161834 0.55233117526421 0.458649864620012 0.186862770209543 0.135143065740965 0.414111504988719 0.430162140366406 0.273867246882623 0.226668164007207 0.360356428801682 0.346066680342614 0.434182401234291 0.255944606235235 0.165931668592081 0.108901943948976 0.530675751924997 0.590769205799781 1 0.616477870506187 0.138192559196654 -0.0230851996846867 0.367454445060486 0.20653619292732 0.261988063923459 0.19615288450131 0.0657058925728219 0.0777945634549154 0.444771056243529 0.446872328501117 0.336040091069048 0.247808239802129 0.598265841265353 0.46194200451862 0.275775332942996 0.21920746397398 0.342368880618784 0.275064206277651 0.284059995899561 0.368874047714023 0.331154797900432 0.364702647748406 0.269348696597086 0.243345349563397 0.401235314451525 0.43360273163047 0.452440607506182 0.488205997729142 0.422340637488571 0.488026678502365 0.387108482281588 0.489271516366168 0.315948232979344 0.295646019745269 0.565102164413625 0.575465029208022 0.606592156823441 0.655990015523022 0.525730955350393 0.608438892890315 0.426019382433658 0.313429526626161 0.542805611098667 0.529262673732201 0.213328326473125 0.250731370293634 0.439209286362749 0.358501490496686 0.491893444329445 0.520810602131653 0.427372296751446 0.437339814960142 0.227885639644521 0.402774502917501 -0.0048990663592467 0.00631531725120463 0.236778431643297 0.270506559927067 0.286942341675504 0.340232472141634 0.451021302582487 0.581705581884419 0.350351963255644 0.214888573141039 0.580622567016846 0.408227931945999 0.182182302873133 0.202507234929464 0.418961682691471 0.523472073343636
0.532365716002721 0.828073240394145 0.343416863047033 0.507846226820128 -0.119450439285473 0.0188191884573971 0.140349342604632 0.429991132637167 -0.11188653913631 0.0203604951046262 0.0271904190797211 0.693750188660013 0.0452676544126937 0.493729351359133 -0.134518163086646 0.208043096644287 0.367388834070365 0.705440971513286 0.616477870506187 1 0.0718092162350455 -0.0911451516866812 0.0974222939446848 0.204043440320211 0.146083661054735 0.20530282433228 0.071309226287375 0.11117502947832 0.451758527803362 0.500424647630336 0.210205322589992 0.254920238215571 0.463863631148622 0.580816095414673 -0.00874892752169567 0.0175735640057087 0.310853660771691 0.0722549826992048 0.0790718558906298 0.434714393731827 0.356509091619123 0.454211644654163 0.135543795959904 0.19622179674174 0.298439670431963 0.394829373562542 0.350620238628129 0.440879825626266 0.363810023929495 0.391175106314248 0.238361238522214 0.378610902349909 0.14570645192195 0.204741390292717 0.508139300376814 0.54753044659904 0.569173229571047 0.706476760742956 0.475898067410914 0.467582996854273 0.274872407765388 0.289615605803872 0.467138506938721 0.685868166861405 -0.0422530108807092 0.108596566538495 0.276851985804398 0.223309358721605 0.503667082332401 0.657836772298668 0.153148604824898 0.26080711388924 0.25893672211239 0.379874314245323 -0.0303967564500545 0.0194675364616642 0.346187785459429 0.213756795754378 0.164996583059043 0.249376946518903 0.484391014550202 0.637462511228255 0.423214619698989 0.578284317944079 0.414414724131749 0.657418331144637 0.169041645083378 0.423783242939464 0.160861324295156 0.453509325815918
0.0472844688983395 0.0966508738910343 0.246110694291608 0.274913545108644 0.200754624120718 0.185491640921578 0.214083426992918 0.223983663247427 0.175376890906516 0.31804574946748 -0.14073766368062 -0.0556575666787204 0.0377623764520348 0.131353984342507 0.111383645628581 0.242236802672758 0.0931645131851036 0.103848892413032 0.138192559196654 0.0718092162350455 1 0.31110013037835 0.237855376254352 0.256512731170971 0.397092529719462 0.356646707055822 0.213641148619019 0.128943418581056 0.0625164206401863 0.142510370581174 0.37425522155224 0.335079379727773 0.317917349773202 0.309867165598308 0.319832828219722 0.321228486245752 0.274574830804894 0.193528374232463 0.236877095616543 0.295254611959016 0.128149551311115 0.0908933878365871 0.317762097468094 0.257952955665429 0.261660655428086 0.250840345386634 0.235914181143248 0.284329445937183 0.199053119835442 0.209991720991354 0.302779630498087 0.218556547370392 0.223881442182959 0.250719732638564 0.173570787226113 0.195325278983243 0.0182279395492804 -0.0571282427827102 0.0303886771696373 0.150150680565881 -0.0127934504561331 0.0918073020567944 -0.0411334125881545 0.0502048237033422 0.200719627792778 0.371432984300288 0.289467848696397 0.330562527232686 0.136599757393612 0.137343871186907 0.285886099573548 0.207394400215801 0.253197164403963 0.278080344101434 0.182260411188579 0.178256194288956 0.163712657420273 0.304166451543684 0.219469504653505 0.319341300792644 0.236196267510005 0.226126147716811 0.216034337192209 0.00739393502654998 0.266368010691268 0.154428554751313 -0.0518592029726262 0.041695471356089 0.116311762553037 0.256068445969121
0.0959429097605304 0.00410233482897937 0.242802159051333 0.141307156643602 0.244323115802457 0.200989838680758 0.270288372200443 0.0552468793309596 0.257652396570222 0.221272700583817 -0.0381316613185728 -0.189206806893541 0.134286311212276 0.0648770815295369 0.309413829211138 0.19546059955202 0.121331324330264 -0.0376698466439945 -0.0230851996846867 -0.0911451516866812 0.31110013037835 1 0.187090358058099 0.00359651316863365 0.423705088450347 0.294153048692693 0.277667660197575 0.109899271859269 0.259654603605545 0.159719733263899 0.398266617601983 0.310470105719058 0.268456368408224 0.0991946958018643 0.185937657530655 0.237052062806149 0.227390652300026 0.216632333470801 0.073687442743147 0.235669261698287 0.249602450477543 0.00847718923637102 0.307938453873476 0.268582620173054 0.118295429926554 0.217120485124596 0.24474778921847 0.268772007446969 0.198343378883735 0.14717284889234 0.331416141351359 0.194310306889868 0.261912547372136 0.238616406816901 0.0881612900573172 0.129510485702421 0.0650308223144898 -0.0492865099719466 0.124316690488519 0.113775263634495 -0.067531454227748 -0.080965441591511 0.0496229109203346 -0.0386244374030112 0.0357261198066949 0.196160973197965 0.262429977522299 0.257358739703191 0.172730080255117 0.141486503107545 0.359424816590611 0.228989224925215 0.298682494791386 0.317106828918917 0.310768905563932 0.172773329931883 0.193553754763539 0.267830867050385 0.261157718842738 0.129137743674414 0.251425538206123 0.185852769450183 0.047319607396132 -0.0994561135369596 0.168656653016903 -0.0148477021582071 -0.319066735256477 -0.0941681313387776 0.267213091809398 0.0452893697825647
0.207935446186017 0.0547795846730926 0.626885431586416 0.49347450158347 0.378764149470017 0.33057842448631 0.477657758702959 0.333787348045055 0.569260604420922 0.542571046343312 0.0755257543758585 -0.0737282534662514 0.444062497492342 0.149059261407759 0.539622132870531 0.351112773776878 0.163111522775835 0.151034640915079 0.367454445060486 0.0974222939446848 0.237855376254352 0.187090358058099 1 0.545167576102379 0.544185494921331 0.434730757292308 0.340177618870113 0.196198128413982 0.235439208549203 0.25532265414909 0.649482641062904 0.539319184485319 0.545592451984155 0.400087194809748 0.636361815194025 0.517370519844991 0.391376647437435 0.26341936725129 0.407593443413137 0.300895275181152 0.148779710583229 0.0507610799149513 0.424637425137487 0.412606553973276 0.288523014610131 0.268302744239333 0.371708356187308 0.407506224740323 0.211360538694948 0.255325230460014 0.377583649871094 0.271207644573191 0.423146964128099 0.374068322277818 0.309899449948614 0.325788853302358 0.124731502826 0.0186137540296137 0.133775171968796 0.245783666713599 0.199598010970326 0.161142007731325 0.0627940316547952 0.0468906224991683 0.73692231353064 0.536805424881814 0.579331195296218 0.435088557916736 0.114213416551801 0.107766939938226 0.516151600066706 0.476396615929686 0.359863430463496 0.367257770867199 0.226978146676305 0.199478367485815 0.296486290375227 0.213910052564672 0.384403017445814 0.308526881634526 0.291362210254446 0.289584637192693 0.182400777806602 0.0149696440060937 0.557828909451609 0.20394232863151 0.239811091007716 0.185786247599545 0.38651707639583 0.36555624726118
-0.0477451512355807 0.119828916469772 0.173732177241301 0.562106235332659 0.00155956305122255 0.212336073668027 0.0183459764707641 0.425822835621092 0.128480608060001 0.548213613460562 -0.17055061781662 0.183047697670911 0.0445361618691372 0.480852788737224 0.266228641302737 0.58792931861967 -0.0690180093441538 0.178370824227628 0.20653619292732 0.204043440320211 0.256512731170971 0.00359651316863365 0.545167576102379 1 0.258661365591087 0.495965652317736 0.28309215032132 0.224071593837743 0.00874328405906263 0.243904443949587 0.311093430526356 0.548900270947782 0.250606187167812 0.412008539481002 0.326392358377995 0.32477707410263 0.291202948069972 0.134384337186098 0.202529056346339 0.078568834994635 0.17312738509601 0.0437347265253098 0.215545977860523 0.272330745042951 0.0279992626829324 0.0283775536983964 0.0952547570616802 0.182371281297802 -0.00360498438693895 0.0330997994029957 0.148135863018931 0.0301321468010271 0.211327872789466 0.264860204100652 0.118435377586127 0.134732327357013 0.00702972343790011 0.0143973377307994 -0.114631502476373 0.00894231621765918 -0.000245887104883098 0.242393362156686 -0.174723563702958 -0.0719989743680198 0.559300224819075 0.710103903436098 0.251057785281777 0.270089262559484 -0.0689766644523013 -0.0462205126755648 0.18928399504159 0.266536470382344 0.167999896529445 0.159535622390665 0.207895321792008 0.126539963896139 0.188534664888054 0.257969274697684 0.099595854728501 0.256117402423712 0.0690422881203848 0.170350817348882 0.239386508406824 0.347964118043578 0.257786392554583 0.405951027897763 0.276441488356793 0.367327287826966 0.0118711543304509 0.282205961057113
