1 0.752957947656159 0.537680864107751 0.418053035602289 0.234424235843308 0.317790769680673 0.699753676532601 0.516664425303193 0.242689732999982 0.128418668733578 0.761033553104479 0.549054751031792 0.669117017448451 0.385655652518121 0.245123477265559 0.178146746101574 0.788104880216042 0.660984671565371 0.750273718139871 0.71929754969212 0.335771556485503 0.0638684131871831 0.371178163920451 0.172633059595833 0.319836343528353 0.149750572246761 0.247942712969608 0.161118960215987 0.671729921078903 0.653057679052316 0.414859090550602 0.26038307451783 0.845537866299529 0.745314645501954 0.289312748100237 0.197585809740211 0.295124446988948 0.262361378601556 0.362120885978911 0.351970434477797 0.322327054886139 0.347558829051927 0.693089330277832 0.664402710844304 0.653631059713335 0.501114046191636 0.603835645881931 0.618832606313373 0.445412430814716 0.433934996540245 0.612208679488275 0.460610859183989 0.616039716440697 0.484358664491931 0.564385976817009 0.660991211727756 0.87725518792095 0.748702168730111 0.743893247962252 0.591962867732583 0.648796075166508 0.409093786687699 0.790265503084991 0.674761991808669 0.350353804752798 0.26706098284041 0.508637373702518 0.449826797845551 0.500575689362759 0.391866440569921 0.375675218785795 0.434039449319263 0.624992795005791 0.691633360609296 0.0801187552105217 0.163170984211745 0.529146082824028 0.416048987644159 0.665899729469684 0.578002432983162 0.751381159280097 0.645116072624975 0.328718603842606 0.399118267195351 0.608367135420246 0.480522358442853 0.362750857786421 -0.0367702805119714 0.606766954311566 0.503129928331037
0.752957947656159 1 0.430371591635306 0.391509786532049 0.219923604372641 0.273966953880264 0.556352485551902 0.462297222410755 0.116575515770437 0.164198323735496 0.639891604920141 0.546939883187402 0.517072114030432 0.493525147638604 0.153292227980657 0.277315565164849 0.736879516135777 0.889212168698791 0.731734151115364 0.7357234188212 0.392971746983335 -0.0808732168909281 0.367177643948756 0.252832672241194 0.405925927081224 0.317935299504228 0.318468245892609 0.217956214639151 0.73817598489045 0.799444861199221 0.401051946911867 0.298613177237054 0.793955204937953 0.787406381777406 0.206165317431036 0.143257961066056 0.437551812517645 0.378034738511686 0.639193803581174 0.389161992515384 0.497454010961677 0.306312778876085 0.660692360935566 0.678499379817732 0.619966538930088 0.566959569009055 0.567512647326319 0.563986931995637 0.515624475448241 0.586522159950749 0.621753925964897 0.558461538357374 0.54180413278187 0.498478125865805 0.709349343157647 0.652354088564377 0.80925030218187 0.87491384997009 0.547973741893482 0.447885017581621 0.309585101283845 0.230848406699398 0.55915881396098 0.752920097401369 0.340649019696132 0.171688483126021 0.274065169596583 0.23899657941882 0.267230488179924 0.102949557754893 0.274401207088067 0.556212721164735 0.618709848036368 0.580867924290487 0.033342331275465 -0.0189647732677102 0.569516979194221 0.458472220178552 0.591025547817047 0.695306908147995 0.655107110491405 0.78132757742877 0.379820904539045 0.557513088605523 0.532374082424613 0.597157978048057 0.559690007615808 0.208507229715611 0.552529315195702 0.612509442945937
0.537680864107751 0.430371591635306 1 0.674366460307442 0.589190579559822 0.0276803211403832 0.850696242506809 0.436607344909389 0.502588679591933 0.294406274429803 0.390482022314193 0.301991900065291 0.574382245655629 0.456498050094159 0.665550547063802 0.43858132694374 0.38451801649043 0.243666809452358 0.663909754991454 0.556525283447999 0.202670817509964 0.103939207697886 0.81087881297167 0.600477671025968 0.425800606071273 0.458908863582006 0.306365629128287 0.192913910549258 0.445853264761056 0.395786789081861 0.69549136331317 0.562734647919537 0.614209704801463 0.523846873033508 0.648891884822542 0.398082441236458 0.169554165625702 0.428023375174767 0.186665387608487 0.319160329294516 0.039433412790019 0.269273790173177 0.624544141163931 0.579049038185789 0.564939009913514 0.3902979938023 0.594473591373876 0.552348596313373 0.4530331315386 0.417703717804684 0.491531217859303 0.440165202388437 0.370779172185776 0.251142862708155 0.198101434835897 0.524724145872275 0.483033008396138 0.450221160917823 0.506025567703675 0.450327723916461 0.503494865295696 0.308153860390802 0.466337559932415 0.252651766988781 0.647657633276346 0.426662262585569 0.636207628224043 0.545067354305458 0.448271545998468 0.487773793258247 0.591195483629229 0.332371713739518 0.292095893426014 0.297354464477347 0.0772725749456275 -0.0519412273830708 0.409685562683832 0.290134970213458 0.478086490725339 0.342523005195879 0.503020786215245 0.4430646738646 0.541599087907945 0.485531920651996 0.705510623546287 0.579736413509122 0.292916560060427 0.269663107288628 0.567361014977409 0.375664650282044
0.418053035602289 0.391509786532049 0.674366460307442 1 0.43365086839881 0.228812325738016 0.623611047835472 0.729591141300077 0.378781465049339 0.554436615078438 0.345614012810347 0.535314192500301 0.415035144514345 0.602331948579897 0.472827082665664 0.573804842278692 0.243722169515212 0.180693648743088 0.529553620006679 0.487577090692529 0.197385504381061 0.0728181415153816 0.568427899039285 0.735369723644296 0.322322757402854 0.419488043678452 0.298284993542057 0.227794459795675 0.273212801575793 0.408167612612083 0.500275842015975 0.483377840066664 0.452294106787853 0.452543686602265 0.463675327927047 0.370539679051452 0.0524200327725584 0.287678373593811 0.155444727038187 0.285561146753536 0.00406986432041769 0.134709765487361 0.535726215347794 0.541753253846484 0.564338862219757 0.347934000396353 0.493182708545157 0.45616752207422 0.378191190463865 0.365970018437354 0.440283512799291 0.383743154529262 0.336188099966086 0.168754223683719 0.18433020658846 0.481534384493373 0.354519556682009 0.351389395410912 0.45290083593674 0.495771446072032 0.457575087374179 0.573084309805035 0.37102882807125 0.291514164443537 0.53240529437011 0.767107720078325 0.524074797923171 0.586118825588672 0.294230412531251 0.419277342663549 0.455306290627956 0.356276357926411 0.208833224026835 0.293278746543228 -0.064360196435577 0.118443455934715 0.361992723547318 0.305967525940202 0.3282935717899 0.288634652330603 0.377296075041587 0.40337579503168 0.415761158687277 0.381586985795234 0.559463919257494 0.643408664133783 0.266294151392376 0.299635951868562 0.473107199347315 0.46461102688525
0.234424235843308 0.219923604372641 0.589190579559822 0.43365086839881 1 0.284895908685355 0.596777810981436 0.404478674230102 0.765592216392676 0.577224873470325 0.173349100116154 0.197180160386577 0.421382508191716 0.299968670270722 0.615213592378183 0.39045589420096 0.070215884713829 0.0267561910681638 0.428009413313799 0.249054512337737 0.148278422953159 -0.000227915477420644 0.534075784135564 0.44308727655795 0.249313789904889 0.283716308468403 0.338319569609253 0.0875890014529688 0.178820423794006 0.164543400867942 0.479378713234046 0.188445078717043 0.33197879982002 0.272826432490531 0.429745642460438 0.150546643396876 0.0375721140416707 0.290686874353556 0.102266000001826 0.162240352451421 -0.120372504261283 0.0843117183300261 0.311201108109498 0.379013978831323 0.338057681536294 0.327366789467376 0.31208361820714 0.36509791566623 0.29452974969401 0.330619278697268 0.32429118921253 0.313343992747575 0.238520347739617 0.167923153174659 0.0862849862814516 0.276393956778242 0.283933570147985 0.210861322199106 0.416157109622283 0.365021220777725 0.412271342215517 0.375582605192976 0.135192056172496 0.0588691030411828 0.519666320573139 0.412318682715963 0.434010429504749 0.326519344994342 0.388431895209712 0.440140021090651 0.526933832325828 0.212798255822907 0.122470319554079 0.0930769909442541 -0.0458691209322471 -0.0382217000539418 0.235506553251017 0.25150034931936 0.201852477077964 0.0410055892419847 0.187438947888338 0.260603050328467 0.374261289891382 0.250133836912258 0.436642242803074 0.402341311810862 0.237167388342921 0.267979280070957 0.439412157309987 0.324457888979423
0.317790769680673 0.273966953880264 0.0276803211403832 0.228812325738016 0.284895908685355 1 0.206127092017957 0.397068745340159 0.221563347505111 0.488400382995933 0.239943998246113 0.272727897735345 0.227056388881024 0.171119345695052 0.130452001697172 0.325978166332072 0.178127258665647 0.166397296822093 0.266326705156799 0.215903650284039 0.277947733508503 0.0618079725252922 0.148683622401962 0.20274342613436 0.250083962255896 -0.0828610966900359 0.357646926325454 0.495986363218619 0.0771112980592773 0.138427474816878 0.0337081209694457 -0.0951094966885392 0.217368516605743 0.129108311495092 -0.0161813658189765 -0.0112821040874353 0.069403389623336 -0.087720525756381 0.151814578741916 0.202668101398571 0.0748634809028345 -0.0202263746894587 0.27685718593335 0.330322893188281 0.201615316029238 0.305302269666995 0.264064422773304 0.235786270676235 0.168285720752298 0.243180715727884 0.301873707054517 0.236604302775324 0.322837619558947 0.247323627538596 0.301467833868645 0.335843084105019 0.310805262099526 0.273804069353394 0.39978977635026 0.278767256932197 0.344467395878557 0.34364289950663 0.21401902275787 0.196333096084858 0.215695778547068 0.278679835580683 0.126682395236384 0.114386698590105 0.160972006893398 0.145886923831676 0.209943647889359 0.132669661532645 0.20067524153147 0.354013183003475 0.0243112086911429 0.191867815912516 0.195061393891214 0.249064767857042 0.198793465943897 0.154774731928313 0.207376529159384 0.311792939830954 -0.0515826240205226 0.0422449686530196 0.259915341090213 0.21491828306842 0.150914174608548 -0.00468895504912291 0.311866650707094 0.42113665817747
0.699753676532601 0.556352485551902 0.850696242506809 0.623611047835472 0.596777810981436 0.206127092017957 1 0.622318146201045 0.570881991329606 0.362407287836979 0.553659064006596 0.464756855280718 0.760873225951838 0.509093721720894 0.616372804401845 0.368286714646452 0.465231006574978 0.371381313442668 0.716025543598117 0.644503713783035 0.239683098140252 0.0639649129043067 0.643254511131924 0.45206581418678 0.316421460781888 0.223916507088496 0.275519505914334 0.144412233640739 0.553882641058603 0.533107957999592 0.635658181262655 0.399537282720329 0.718743541914854 0.652227765244677 0.465423392175455 0.249230579751184 0.163352703763707 0.367166352370771 0.246867776378076 0.347972791660409 0.116766809985099 0.285081124385171 0.670863442326003 0.657987032893655 0.635346871594105 0.463313670283455 0.661488508124741 0.631720228670491 0.487754151954165 0.485877220039294 0.595358919940703 0.499361592998788 0.575367099533331 0.409032799081833 0.395329244097113 0.587624834597237 0.591966310466348 0.524448406577092 0.705043200851778 0.5883138734865 0.717621489290946 0.503386269743105 0.632079139943653 0.47216847511794 0.579850305714322 0.461148699436654 0.611157110917169 0.524802476800718 0.484772068398291 0.495499226669065 0.623678457238168 0.40031147018225 0.433300135784807 0.457000969162934 0.0591328155546589 0.050843304919596 0.468548936491715 0.403423484658095 0.539575576347653 0.376254942327966 0.621897074715987 0.545804467850687 0.477174746035617 0.41410733346848 0.681310717629221 0.561399552042573 0.301512928048129 0.12706696845412 0.674303264621621 0.483919130253338
0.516664425303193 0.462297222410755 0.436607344909389 0.729591141300077 0.404478674230102 0.397068745340159 0.622318146201045 1 0.385215612123002 0.64956923541917 0.485136716453846 0.796317803639475 0.52335773944881 0.673942731073103 0.288549822947175 0.420484341153764 0.289251651675066 0.312449282068768 0.448253484423991 0.542784416171484 0.0840125029518572 0.0164170727689939 0.259823439923023 0.452667428751601 0.0210278472720077 0.0869996060740066 0.0911075001813986 0.0544035607169572 0.351547865207416 0.585932490018264 0.348904334287046 0.241294010596377 0.493430840913668 0.532451232834063 0.157608831704185 0.0835953442532215 -0.0872737939852169 0.152783431186295 0.160132014368007 0.302605173430878 0.0345441042234233 0.223272179146193 0.465968542461997 0.512245271256362 0.533758339350965 0.357136399801669 0.464690175624754 0.469520837090924 0.333048776325298 0.403998305750715 0.451260465904183 0.402968214114723 0.452489194986764 0.323270017081595 0.280231075106127 0.513842864848658 0.382768568758949 0.351216861825118 0.58241697758253 0.613663645484969 0.640307619305183 0.830875728444273 0.539050427275927 0.635285096290824 0.278668600735305 0.691817987957755 0.435077798402457 0.529817714292646 0.257885760436266 0.359031057889026 0.296717744288737 0.34893664201665 0.317594192606451 0.468457592631919 -0.122502494528562 0.138295097760981 0.339289455771066 0.316209612810283 0.308669121080611 0.298139940938927 0.412202761271913 0.456264780094217 0.192217718683724 0.258884647217228 0.34532693951731 0.519842368805082 0.175268231093795 0.0536067677140913 0.429766442026498 0.531941914664223
0.242689732999982 0.116575515770437 0.502588679591933 0.378781465049339 0.765592216392676 0.221563347505111 0.570881991329606 0.385215612123002 1 0.610539883002449 0.238293882228716 0.245474958276246 0.578701545653167 0.267663882244882 0.664161076608582 0.35092377398465 0.0869874966111784 -0.081236855560051 0.251375558713325 0.141146702895772 0.157435517558703 0.0433066844093759 0.490804509656146 0.364185396403335 0.194635275670669 0.173725621964973 0.314002377427459 0.0577738464647975 0.0911921033062273 0.105645160995187 0.404406680335327 0.127086578272367 0.249107108777405 0.198160432865615 0.368395642083492 0.0624804659466813 -0.0568577550430183 0.136253913833348 -0.0640526347774406 0.0958942837998401 -0.259911072157224 0.054684697631097 0.191423292159024 0.235114339673458 0.200967503618302 0.105346602675229 0.180045713397229 0.210650338959599 0.0722305535148484 0.0764654144055017 0.165692487449585 0.0828916680236751 0.266872066978377 0.0333971666989472 -0.022627210185378 0.220002605307068 0.193580190503684 0.106513613923632 0.365300539494327 0.295166171887279 0.58809092026879 0.496710039045894 0.215678628190085 0.0447198700569908 0.562273456155213 0.445057004087005 0.394878468663129 0.302159132238307 0.353373067963293 0.46484522109481 0.491044260842737 0.218103580598386 0.116146077675989 0.0814650135198813 -0.00785861113636444 0.0826936458810259 0.187811629268635 0.103603283406923 0.137550296997359 -0.0104830038538759 0.223682007067934 0.119460895481458 0.234268545551487 0.125385942353462 0.378288624117041 0.250751248049473 0.0670754704818219 0.151858087501436 0.502610640721143 0.234174278740551
0.128418668733578 0.164198323735496 0.294406274429803 0.554436615078438 0.577224873470325 0.488400382995933 0.362407287836979 0.64956923541917 0.610539883002449 1 0.169869372606983 0.443610183342039 0.320036390601485 0.461732577309642 0.411248739355477 0.611168738278737 -0.0228658964063458 -0.00986784646978703 0.169575214724832 0.220409130956818 0.11997871011042 -0.0629536293565486 0.339695837095636 0.53773161270506 0.0906835716518084 0.147649417472514 0.280736002869754 0.167287340255737 0.0328083023013155 0.194329353672627 0.247246758617413 0.160984481594505 0.0961169445960565 0.15037909235708 0.130328001657562 -0.0418051108093469 -0.146764613961484 0.0307943439284835 0.039078130224333 0.0885347996871884 -0.1583273042727 -0.0793657946760768 0.139482986692493 0.202724743193003 0.206469808777425 0.129263200267705 0.156243196895831 0.120494122332778 0.140121280285053 0.200628317699517 0.16319456617302 0.178709440012353 0.183242414314178 0.0464065591139989 0.0486444542078122 0.239390560765938 0.0679878878972098 0.0861851725080124 0.216917604023021 0.295894363423428 0.373085996830586 0.616279419079851 0.0822686318445124 0.201052406738285 0.378989544143316 0.600809730156473 0.128681994895676 0.190514665779534 0.118575591039404 0.238382590431999 0.199121321844083 0.217031305497707 0.059726014460745 0.0978983477178476 -0.119282011613233 0.0336173811952081 0.127582478675448 0.12526080535944 0.00956226292223199 0.0141917392282409 0.0685825155895537 0.170809855018948 0.130027497684889 0.139615030931693 0.221998492051224 0.360616616922697 0.13569501922713 0.18957501908087 0.291702899468741 0.398978252452139
0.761033553104479 0.639891604920141 0.390482022314193 0.345614012810347 0.173349100116154 0.239943998246113 0.553659064006596 0.485136716453846 0.238293882228716 0.169869372606983 1 0.638558455132532 0.72052835578265 0.453970793342018 0.254531377403591 0.187675130698215 0.659703692603791 0.627545147033655 0.622383221251735 0.588687387549918 0.306574172085855 0.0581578939585857 0.320892563055411 0.171557922310112 0.251384039916047 0.111657765029285 0.204016525188599 0.190323114395721 0.657589163718794 0.635323428150802 0.334490692476101 0.231033323971778 0.644369993954028 0.644639315378645 0.171438646336735 -0.00747003409009955 0.213274377291718 0.165502152424842 0.376654165660656 0.260077951682323 0.233668198744616 0.213244012915568 0.451810593599277 0.41855037038871 0.442788271425898 0.290799839247223 0.388633660389958 0.350530341997426 0.275887344186263 0.256163385058302 0.420141692619698 0.292871138534182 0.468034259837862 0.306959072599422 0.53636660952392 0.48711315226174 0.637509688837582 0.582188417231447 0.508401775539634 0.459987015944764 0.569921457951021 0.439014649806552 0.729898919252329 0.693692043966098 0.31199421479526 0.242551607321799 0.265688189197192 0.259322251751098 0.302355133583521 0.206397705753003 0.207466308388531 0.448119030165011 0.523392413850091 0.611492828031111 0.0231949703669245 0.223482738980316 0.527316946704549 0.37025507596823 0.555245779089542 0.543972214781943 0.660198225302588 0.55117464245324 0.350046849628506 0.35889241466273 0.571782698571815 0.433383367348209 0.352635903345567 0.0663134266239689 0.636919036065211 0.504110139050231
0.549054751031792 0.546939883187402 0.301991900065291 0.535314192500301 0.197180160386577 0.272727897735345 0.464756855280718 0.796317803639475 0.245474958276246 0.443610183342039 0.638558455132532 1 0.561518279796646 0.744323041216586 0.259166222576293 0.419582910484667 0.427335568473001 0.451682263411967 0.411596640241798 0.561875059351566 0.165627387129363 0.0359267789647057 0.213136726496165 0.366121863253804 0.119375211179425 0.153844288524409 0.139857891139533 0.121548308353384 0.472226352991985 0.71242132640359 0.344553278023979 0.238166273569525 0.497661651109259 0.527148163057207 0.133706393450008 0.0394043522300431 0.00761089813609049 0.134807628005091 0.271949201105572 0.271206504181939 0.136015678941389 0.230956109721087 0.399132430910009 0.436516207668156 0.445886221751632 0.275162019520722 0.36453792122852 0.37225608838754 0.227851308829287 0.292831216980074 0.365551205069527 0.311277682458401 0.419228711332169 0.247155269178104 0.347196948326007 0.477702320845973 0.430785515309985 0.374078888497326 0.436474609785666 0.462415679471879 0.549460805309258 0.676054911925157 0.581555115713005 0.720507763486398 0.206484029024178 0.494474139547735 0.313518043515823 0.384258871961577 0.16015319113065 0.184433192030867 0.189266150267496 0.391532664801407 0.438927079566408 0.476108703627578 -0.0142922836586901 0.172123534530171 0.394876207794454 0.308428016081097 0.32686706196906 0.329431000298317 0.441469217993369 0.454984012980057 0.215466371637409 0.281749754981954 0.334273639168249 0.499432326124108 0.214335350765794 0.0461079080000703 0.461184013137657 0.503772684227578
0.669117017448451 0.517072114030432 0.574382245655629 0.415035144514345 0.421382508191716 0.227056388881024 0.760873225951838 0.52335773944881 0.578701545653167 0.320036390601485 0.72052835578265 0.561518279796646 1 0.508647076367817 0.618167959643639 0.32301008831893 0.489337857096694 0.418380598362066 0.62328913363261 0.514941837132805 0.250263595996548 -0.065553810976434 0.570867005822609 0.301528333960301 0.256029751911846 0.0911697190114087 0.250377144050338 0.159567167080645 0.538582431022891 0.51472204915749 0.381807310494144 0.218488380775399 0.577923853340885 0.566422799595808 0.28404683596156 -0.00817655873135822 0.13205894217571 0.159004897505005 0.266536200959077 0.249209868930028 0.0674287920175952 0.288624416339506 0.464082423564527 0.441102500088925 0.447231346630101 0.217184971868537 0.43634114977707 0.396815651571652 0.231937570390964 0.232934524346095 0.411184236259214 0.265191467712167 0.531643203828835 0.290962411867613 0.408428839264365 0.466226357318396 0.519217626351433 0.496168889962188 0.562417706817054 0.431467613895139 0.73580376439822 0.515385439268643 0.640968882191228 0.505778208850623 0.545055129192116 0.341763785799404 0.391631694554871 0.297307536821947 0.347486867740822 0.312559734619162 0.352739409579024 0.367627254096033 0.409548377400733 0.454654503640245 0.0960154068264134 0.111522309037854 0.416899742085238 0.323369353229268 0.443704946809993 0.363302213159015 0.543938468998619 0.396933939084891 0.405798764310531 0.331741686429959 0.618670631206978 0.376586729181188 0.265607019596289 0.0378598328106573 0.722063214311622 0.469156695317239
0.385655652518121 0.493525147638604 0.456498050094159 0.602331948579897 0.299968670270722 0.171119345695052 0.509093721720894 0.673942731073103 0.267663882244882 0.461732577309642 0.453970793342018 0.744323041216586 0.508647076367817 1 0.481931452283833 0.740950481602293 0.332129880522405 0.384383168937982 0.413117639889115 0.557091630530795 0.201197067215064 0.0711114769011993 0.441599670467767 0.67750035812423 0.220160101594284 0.313769893830822 0.196349905675769 0.232759914591208 0.475488498119665 0.692138520797767 0.462844479753421 0.529587633062268 0.443743103135538 0.515131057750644 0.258158672359848 0.153407816187394 0.102965934578494 0.274683978205776 0.32951401776751 0.329110699618825 0.159862002768369 0.222832110257958 0.440016825191915 0.437017394494485 0.450726150198789 0.302163698985598 0.387215743737578 0.346787551566836 0.33651035300454 0.38525669384651 0.39600028261576 0.376196191414034 0.328775167807242 0.251430401219452 0.318142390330735 0.498166475633784 0.347662882295532 0.339322289948876 0.316509079395232 0.348858195469667 0.339640015243422 0.454251560634078 0.420762039651417 0.588061527538113 0.355446160266055 0.497002876441313 0.277822806735865 0.326760842634203 0.135678709483355 0.17457440132059 0.35027082806627 0.485076558884533 0.3631914031007 0.293207093637805 -0.015284929831211 0.0483743778638238 0.394959710482879 0.319550012837978 0.31428481468128 0.37925052959567 0.366673649368917 0.506484884927801 0.379941967265354 0.49604366972124 0.42628064118281 0.733798309732789 0.295309327991756 0.351714004959564 0.464344518752134 0.519289074742945
0.245123477265559 0.153292227980657 0.665550547063802 0.472827082665664 0.615213592378183 0.130452001697172 0.616372804401845 0.288549822947175 0.664161076608582 0.411248739355477 0.254531377403591 0.259166222576293 0.618167959643639 0.481931452283833 1 0.612073643304029 0.121353192226803 -0.0431318067565421 0.429596884393189 0.311189164096305 0.111554964400654 0.0619457069040341 0.765709018688908 0.6098178367893 0.331179577790608 0.224182713297293 0.333658660422115 0.190586516099076 0.236971937407221 0.181899970715826 0.500298899179218 0.299826297702176 0.297143931670071 0.174090087499346 0.547827905247125 0.183237893777553 0.0185619002878893 0.169854335780188 0.0714126103142644 0.181680143281899 -0.154532639984316 0.214532021436809 0.332547202010562 0.345383332612449 0.288269066615064 0.171333256259886 0.33754664257508 0.324296432783339 0.189079184362845 0.188928985957233 0.251207999815667 0.224328540745547 0.252139589775109 0.12300119722941 0.0506813108424309 0.335970615940327 0.214545945617587 0.172608021523595 0.333175241800078 0.279364361451048 0.476026316142146 0.283993539709319 0.27729245954371 0.0136330520121782 0.657803065914939 0.390357305323212 0.464724406144829 0.326396823007209 0.361398087067871 0.417290431510459 0.530052349254355 0.192062861481585 0.17218724667017 0.0408504967702341 0.131238317930606 0.0576106398468904 0.23946112128588 0.101298901554109 0.210559501026142 0.0135644431831243 0.204814786722311 0.154833082430068 0.535099688937696 0.323401996736453 0.614780247667678 0.421600869559419 0.208209983793706 0.227188176468679 0.567892799821945 0.283170438414854
0.178146746101574 0.277315565164849 0.43858132694374 0.573804842278692 0.39045589420096 0.325978166332072 0.368286714646452 0.420484341153764 0.35092377398465 0.611168738278737 0.187675130698215 0.419582910484667 0.32301008831893 0.740950481602293 0.612073643304029 1 0.111203363428598 0.123121376757246 0.290355409611601 0.394933094276707 0.247573853502327 0.0214086765830117 0.60889731852279 0.846012531396257 0.403837174340727 0.376228854038373 0.437446606151223 0.401829352525588 0.204329792276704 0.335255926328455 0.423328279271601 0.519114801933194 0.214925055546532 0.224959683995622 0.368324777215721 0.215199693534979 0.101068541656843 0.147542655785027 0.222364687207458 0.20256048029392 0.0744681866186218 0.0366428450996686 0.315157908881654 0.317465835756205 0.283738712667823 0.226309578631966 0.275616392676335 0.23006031393803 0.265892974231419 0.322183075394692 0.295466702804507 0.332904475803639 0.22464237076214 0.132799839888476 0.174947720904267 0.422008263566175 0.188719512466857 0.194987459901763 0.142047923471056 0.183315888009331 0.179301152647552 0.2801130288218 0.137715156219556 0.187898205710794 0.55010110114874 0.465622625995889 0.175830422880542 0.178298313785653 0.0953425474017499 0.169724849352043 0.371623629316096 0.38300301499172 0.181284344658633 0.0799223247979398 -0.00124109610367013 0.0132939573057231 0.200842337974216 0.15434379126715 0.117471603828394 0.176475435234461 0.142160284625279 0.30788462007928 0.329167200476142 0.390462312557888 0.453695570196872 0.655737313432715 0.286525484691743 0.438697339225908 0.406193696748268 0.493273090499182
0.788104880216042 0.736879516135777 0.38451801649043 0.243722169515212 0.070215884713829 0.178127258665647 0.465231006574978 0.289251651675066 0.0869874966111784 -0.0228658964063458 0.659703692603791 0.427335568473001 0.489337857096694 0.332129880522405 0.121353192226803 0.111203363428598 1 0.762352512833401 0.61401521682793 0.71248213893505 0.266837197835357 0.0264354641398748 0.275283632263489 0.0694295299972596 0.246717891207462 0.156719027965154 0.127293770333908 0.158326683102088 0.710478855445928 0.69716172609221 0.336308444479638 0.24240265615368 0.773251262454703 0.740234235696835 0.257343679697817 0.170078998385817 0.258417034455016 0.205028504336093 0.347402565293655 0.175046625926763 0.368231898296547 0.34878535409776 0.540657383901907 0.503021428020896 0.476024195025327 0.309136991596726 0.420275548238519 0.456389442013966 0.280114804593901 0.249553358130192 0.392150231352102 0.286962662872014 0.416560251528176 0.415400961226339 0.453865906698666 0.457908747427756 0.847976154959698 0.734391994626777 0.500165730899134 0.320745637230216 0.362117124489729 0.12185433625527 0.725547481983939 0.652019161458885 0.246516656951843 0.0521451862364071 0.344613855717554 0.281665824233818 0.497699592424965 0.301400313405965 0.264134928282884 0.409739976522282 0.638463871681679 0.611085012924591 0.102300123839112 0.0860562190200254 0.514763904031118 0.366586962613761 0.675478762036789 0.629903848389662 0.744871208881519 0.629999238212454 0.293933528070101 0.398418353044268 0.502215709582167 0.386768343828126 0.328316063716966 -0.0250375664783555 0.457826528689288 0.343816033579208
0.660984671565371 0.889212168698791 0.243666809452358 0.180693648743088 0.0267561910681638 0.166397296822093 0.371381313442668 0.312449282068768 -0.081236855560051 -0.00986784646978703 0.627545147033655 0.451682263411967 0.418380598362066 0.384383168937982 -0.0431318067565421 0.123121376757246 0.762352512833401 1 0.624229103887359 0.647638635144314 0.318079826417486 -0.144208849921937 0.222816593973931 0.0715668467862662 0.316814495392146 0.252720493344041 0.240472088223309 0.143932089347617 0.745666939845233 0.797962045576474 0.238068227347816 0.245038999621797 0.688766422489454 0.757837999620463 0.0502613156160641 0.0239009270431565 0.4244102831115 0.335428484341041 0.675557200094322 0.262445199415338 0.612339015047916 0.263590771475406 0.469772923624681 0.472813499968294 0.425362172004446 0.391310273769222 0.347737413570805 0.357063966895303 0.320047365600112 0.384657390581235 0.400410214882839 0.349613647935263 0.359647814663381 0.412087761336046 0.682636906336534 0.479001427863172 0.737453062455264 0.835967222529627 0.356653702977581 0.218010605070509 0.141059354209748 0.0633911194098121 0.52807166553843 0.806185124081968 0.206233765432396 -0.0364705901269341 0.0657180688236238 0.0425977701809958 0.147705753652306 -0.106363850007557 0.0486401992714168 0.502185046915606 0.567008553488726 0.522291890324388 0.0227862820463082 -0.119592127397516 0.530995120783513 0.424578096910066 0.548897559841307 0.741543179357374 0.578945572128559 0.733678473303608 0.261248868848838 0.472957940448944 0.392050604638198 0.451917250570458 0.545776100206654 0.193253157508527 0.414057489613215 0.542691481087874
0.750273718139871 0.731734151115364 0.663909754991454 0.529553620006679 0.428009413313799 0.266326705156799 0.716025543598117 0.448253484423991 0.251375558713325 0.169575214724832 0.622383221251735 0.411596640241798 0.62328913363261 0.413117639889115 0.429596884393189 0.290355409611601 0.61401521682793 0.624229103887359 1 0.719847280819871 0.28592098026632 -0.0109862332984451 0.602942476478282 0.363687902041616 0.442214892857065 0.354437826565823 0.394932089164464 0.23388996075977 0.613320407444476 0.600130144972316 0.507259249869157 0.338925521010212 0.793248606396207 0.693474790242356 0.418704230867793 0.250724890619352 0.342111795119334 0.355281390150334 0.427361038089379 0.352104886896858 0.363000083197108 0.36244818341185 0.651065381202477 0.66858722884003 0.597702669915648 0.504175711939355 0.626196067760349 0.628256932896043 0.484840963142719 0.498826902123191 0.578695904788551 0.509624124976024 0.500185676282604 0.447547766731387 0.52239646500648 0.601914862954703 0.767211856612735 0.720765689004452 0.635586599038773 0.470437038747364 0.460227257815251 0.257515441024144 0.591988496024816 0.47576771001839 0.520671877267991 0.285206633984777 0.481935668778771 0.398532688262744 0.490890583438983 0.343302510722491 0.402228802708102 0.360100122502028 0.522648271606342 0.520991710443211 0.120914669858107 0.0599799610698256 0.497305092807281 0.432370239115406 0.538090434155472 0.483598071821882 0.578283427421511 0.635543603992241 0.448364054379682 0.488124692825785 0.698683133915793 0.527387851527046 0.516702346271865 0.13414845038831 0.587320379035415 0.515169470869692
0.71929754969212 0.7357234188212 0.556525283447999 0.487577090692529 0.249054512337737 0.215903650284039 0.644503713783035 0.542784416171484 0.141146702895772 0.220409130956818 0.588687387549918 0.561875059351566 0.514941837132805 0.557091630530795 0.311189164096305 0.394933094276707 0.71248213893505 0.647638635144314 0.719847280819871 1 0.219922641750859 -0.0766394189311088 0.453421863847516 0.407644873485355 0.281473028918514 0.244090937019558 0.196967094434824 0.180608242249483 0.734386335887388 0.738802346757904 0.525866289035479 0.39805415477813 0.769297884446069 0.799050016979306 0.388142759896872 0.230092020257608 0.1169276863391 0.173552579424777 0.265975912452371 0.240111291294985 0.30247142751201 0.357387594143821 0.610624037451491 0.603739590788119 0.538863554045079 0.384723462726574 0.604427300016459 0.570774887046054 0.431626925907029 0.479181565245734 0.545650944914875 0.486232430550271 0.533991191780521 0.462584033413231 0.428823468136711 0.569758877752303 0.740050822581071 0.637421153013034 0.552683033586604 0.436625700899564 0.443526849388547 0.287248015500009 0.685712429923871 0.631918448306833 0.330679281513688 0.216737085830995 0.469709570652151 0.421148572839822 0.520735157831828 0.432304132971024 0.348899845516301 0.420496356914243 0.650794024788753 0.577065442613966 0.138213097846929 0.064494603197051 0.412654799647715 0.356134531530495 0.534225734248531 0.518731704799707 0.662591661465051 0.582015190376112 0.400260116212491 0.400003661302323 0.551031632180207 0.503021406282312 0.354018570299766 0.0538658565976517 0.430389378978271 0.402552287548152
0.335771556485503 0.392971746983335 0.202670817509964 0.197385504381061 0.148278422953159 0.277947733508503 0.239683098140252 0.0840125029518572 0.157435517558703 0.11997871011042 0.306574172085855 0.165627387129363 0.250263595996548 0.201197067215064 0.111554964400654 0.247573853502327 0.266837197835357 0.318079826417486 0.28592098026632 0.219922641750859 1 0.0585215342115405 0.299906370025816 0.236343419215121 0.443937122792994 0.317412179031928 0.43447441603168 0.338286687963034 0.268249693898186 0.261120071495269 0.180561078081078 0.285845720473039 0.286078902873903 0.289026768395884 0.170505945728708 0.143330745933856 0.268435572811855 0.256295536755829 0.290147583768249 0.326347543664196 0.196488885695477 -0.0126287891353388 0.353227261486213 0.317154787523193 0.257956345335042 0.289995427572822 0.225337540627995 0.20075251910727 0.252795767708239 0.286884445570229 0.337701113961992 0.276120094200232 0.239022752326046 0.0817287985907676 0.372396693938504 0.361693321004288 0.324792778001218 0.334185209344239 0.24442083166606 0.24738751713727 0.0736948615200437 0.105048106266108 0.133294777008524 0.20304438217378 0.278255055651031 0.14238065203982 0.0844873406954869 0.0930110134750989 0.181873113843322 0.0667539539449491 0.253139465728336 0.403429867595948 0.357465550700867 0.286401958505653 -0.00653239923890716 0.0255440325806609 0.301570457587347 0.297153824226464 0.320628054652823 0.358747098632671 0.291417826717095 0.398234528109059 0.177990640998469 0.332944437369659 0.315092642300234 0.395047343773373 0.218265260269672 0.330311652858595 0.3750662735243 0.38271247558473
0.0638684131871831 -0.0808732168909281 0.103939207697886 0.0728181415153816 -0.000227915477420644 0.0618079725252922 0.0639649129043067 0.0164170727689939 0.0433066844093759 -0.0629536293565486 0.0581578939585857 0.0359267789647057 -0.065553810976434 0.0711114769011993 0.0619457069040341 0.0214086765830117 0.0264354641398748 -0.144208849921937 -0.0109862332984451 -0.0766394189311088 0.0585215342115405 1 0.0444753036751939 0.0709509647035093 0.123858460884839 0.112231868419572 0.0627600555809548 0.257588906392427 -0.0542239133114604 -0.00681806040499589 0.0668381136384674 0.187393867982061 0.0802739940666145 -0.0384704295713642 0.162900764135213 0.198428702193949 0.0624019912478112 0.0951547577968276 -0.0651130793523286 0.0620469688797779 -0.0325985264117274 0.00218271021077043 0.104718932983349 0.0548801921858939 0.0587252020483223 0.137106136086663 0.148551952670774 0.141325352344392 0.130752606598688 0.0515194011284983 0.146077549297983 0.103398634926284 0.0699082142983223 0.0304516631012043 0.00138158282724815 0.0752601645897614 -0.0188583787337939 -0.0730625548052807 0.115908565357587 0.174808906738957 0.0471289311389431 0.0751418669589244 0.0820768729541037 -0.0356585399856276 0.0176193607661142 0.156685913692609 0.193228295329243 0.200944214572068 0.0993842124430424 0.148097654915448 0.323942044177936 0.0222746527208332 -0.000847101441253137 0.0983688174827442 -0.0728257593951687 0.193172442532441 0.0740018213986432 -0.0240567143736994 0.166439718016826 0.0174323740777479 0.117255461104865 0.0935603129428641 0.00910262579264116 0.0721807441628066 0.107084224885013 0.152682471842449 -0.0618548749265048 0.0710677216634669 0.0239018122734965 0.0346624995022455
0.371178163920451 0.367177643948756 0.81087881297167 0.568427899039285 0.534075784135564 0.148683622401962 0.643254511131924 0.259823439923023 0.490804509656146 0.339695837095636 0.320892563055411 0.213136726496165 0.570867005822609 0.441599670467767 0.765709018688908 0.60889731852279 0.275283632263489 0.222816593973931 0.602942476478282 0.453421863847516 0.299906370025816 0.0444753036751939 1 0.742302698099813 0.657670729187237 0.52191780183924 0.571530884970833 0.409231810858219 0.340035140143528 0.297460842408432 0.58224168688932 0.567511733311603 0.433586854250383 0.375101175425421 0.631304756100656 0.309752766619316 0.237274616295731 0.335483843608554 0.282111229627091 0.245003909690275 0.0865527834341655 0.128589609418646 0.490776429536015 0.461729042298559 0.373828316985761 0.250108322855336 0.456556630869924 0.381679913130031 0.308600909939698 0.303428065945404 0.368319673035089 0.328271708286228 0.308083940588116 0.155719836534206 0.227133025053232 0.454059579290696 0.365550689166537 0.401040583271928 0.3095264107018 0.230486173773536 0.337492828638822 0.180317815836106 0.266930320565055 0.0982412402965903 0.818561650197377 0.367353094121711 0.433666456883623 0.27822918035568 0.309804350193694 0.281619754104598 0.437771145961606 0.302766383791125 0.218400528028869 0.129183703909423 0.095821330434004 -0.0690337311641495 0.318196481026356 0.235382985627819 0.339438577136585 0.313976074383279 0.328447442618599 0.361722245961603 0.521968580343756 0.462871167180453 0.760599316719926 0.550935066245778 0.422756861502231 0.465112645153057 0.636222423104402 0.45458711057962
0.172633059595833 0.252832672241194 0.600477671025968 0.735369723644296 0.44308727655795 0.20274342613436 0.45206581418678 0.452667428751601 0.364185396403335 0.53773161270506 0.171557922310112 0.366121863253804 0.301528333960301 0.67750035812423 0.6098178367893 0.846012531396257 0.0694295299972596 0.0715668467862662 0.363687902041616 0.407644873485355 0.236343419215121 0.0709509647035093 0.742302698099813 1 0.492278675844315 0.489204617641632 0.446583051657023 0.377991647339281 0.214996553151495 0.29407053521143 0.530927885401352 0.682568410075467 0.265763689356191 0.2923430719328 0.524370799100884 0.309253905532562 0.113457285312313 0.280400427932004 0.209018653660131 0.237312904407651 0.0463737076971511 0.0420020791772636 0.441813235042079 0.419177489513477 0.376377314061432 0.267341091911268 0.408893163218735 0.323339618778624 0.358149025527545 0.389120107261938 0.371388737558621 0.377660319298902 0.267928656518921 0.110985363398665 0.151373842641357 0.453682506184058 0.183920800948944 0.177209238668493 0.207289129495367 0.241634146096091 0.196834299081768 0.307401585651381 0.107129456141483 0.106913274958247 0.629330613561145 0.567396552958104 0.317720889827905 0.313759378272818 0.153051651961337 0.248137929842328 0.403815235514794 0.380212066924126 0.143271414548559 0.0579321199422319 0.000641941897304179 -0.00473573986654259 0.216877909272535 0.188520022788343 0.209924246396531 0.230726075339963 0.217400393355674 0.351419732984933 0.393792452774041 0.439185244580265 0.539986793220973 0.694947653263583 0.325680018182966 0.515355190642548 0.45932587290084 0.481196859062673
