1 0.883484956884683 0.54443802511207 0.519026737872395 0.478722703823766 0.0790227163188353 0.537424468756986 0.568200307563472 0.293845273113704 0.469277215755797 0.715076686440943 0.741126026000074 0.643590139529195 0.612276278167068 0.545947193481147 0.515965060491336 0.759125609593295 0.749685506880059 0.814035288110846 0.739026587421114 0.288108763848839 0.00775247188814535 0.482013804723223 0.507870839604312 0.0229164922962755 0.332623936484551 0.427010766237594 -0.127624479088197 0.650620126703555 0.723715821645095 0.399140076626076 0.443276444710337 0.593068749023375 0.646169628245498 0.0631724669366515 0.0403001001857957 0.387003567465117 0.363965398753427 0.421430046829149 0.486907313405055 0.170437359309124 0.269036595221339 0.385499610891086 0.585095243617912 0.633505507489241 0.705459376190832 0.72750583086028 0.784298923489177 0.709542444023244 0.627425504256144 0.600317490965397 0.631185473900882 0.576417964168752 0.435627851928099 0.615440468664557 0.765095720857751 0.852587278977022 0.812686792005078 0.669125918887787 0.575818968410723 0.691855631409189 0.532405356654868 0.737921648520685 0.657941377048136 0.29161146590482 0.352330067730923 0.430160137400135 0.461015337716834 0.635684075762537 0.577144276964667 0.357545346356705 0.473250092191289 0.316064594894773 0.45111682937253 0.127342092779739 0.221297498357587 0.225730237964244 0.479370621360871 0.657009692046723 0.608915016931541 0.834015547670313 0.701995183955822 0.574988784261649 0.302831831305952 0.718556254623391 0.721602197867613 0.421265064843954 0.418590491239536 0.629818140598385 0.764640255525996
0.883484956884683 1 0.513933173994157 0.516847154413898 0.422648758143553 0.0909400601274587 0.507188043069491 0.598100561183261 0.287516279679476 0.457045068636695 0.584790121868576 0.711976799315052 0.451227763560443 0.56726648081602 0.424400183221688 0.478212238083562 0.729709657946657 0.76984241306523 0.739882303563292 0.789207355571611 0.286645553239311 0.107891195362555 0.383219664753374 0.465735458006353 0.0675750830112722 0.311842058051911 0.45312279824479 -0.0527752147014301 0.52766001502579 0.677670918831722 0.42566415222256 0.440682096300036 0.534794183224154 0.577656556158134 -0.0107154146641268 0.0162894285393746 0.415153988479448 0.464381032382253 0.368973765962994 0.512246948138618 0.182006972973763 0.322729026496348 0.341413809712082 0.560446591654851 0.631922494306146 0.686224875902771 0.777488485614979 0.792434532579706 0.678604612494177 0.646075520001231 0.536969185552293 0.621638323824326 0.563168091913263 0.41375184288136 0.605224707105365 0.732681564114462 0.882958189620526 0.866915810087505 0.613543455283605 0.560618925432086 0.584965694509367 0.455545745959917 0.611899293701881 0.598447691535551 0.216918387272564 0.337582794149613 0.335977547770904 0.42210510741265 0.726680224174763 0.602844231908817 0.376506836693233 0.470316036507029 0.267060132735504 0.411819188559794 0.0912017399918111 0.227510619743089 0.132373169974349 0.44746176637819 0.579872904344304 0.583541994955365 0.820107643033 0.743452157392689 0.484983236719824 0.403843596774726 0.672469298452345 0.729589050806067 0.276491418121807 0.367440047548966 0.577220410422015 0.695794041479744
0.54443802511207 0.513933173994157 1 0.643615278377476 0.548029123815222 0.350731843686019 0.796797397430317 0.661013612291864 0.482247409749658 0.427059016469298 0.447042935267071 0.486591651255539 0.548480024272271 0.451305172045965 0.574608850108774 0.448264902267964 0.359914166504183 0.387220385892522 0.459487464661262 0.453027447878814 0.0150781303449416 0.00950864731932983 0.677894364695993 0.592299420616565 0.321950135791788 0.300992104445278 0.299546124549581 0.0517098393764472 0.380471636464397 0.449697092930412 0.666157049730334 0.551753271468449 0.708619667694896 0.610435356397733 0.360995700299474 0.292849331993192 0.241111550147329 0.255372283878681 0.224596697968517 0.249079001131571 -0.0550370030200151 0.0441720473889963 0.554483220009839 0.515999797921913 0.494911606952196 0.333998510837008 0.363663769406755 0.430752147064574 0.382618922517693 0.305276775728593 0.49572973960565 0.393515399107828 0.467340847499888 0.51356257472844 0.429603987384069 0.472901883988354 0.464293575038937 0.486342378260465 0.511373839739467 0.404979362435809 0.560357951202946 0.438910217549645 0.528736517509243 0.424019535351784 0.666492007574021 0.374278344693444 0.594897181894445 0.493315624099845 0.321405505686205 0.157139186659598 0.368149179603834 0.378938539082747 0.139354838698763 0.245639079705925 0.160794861968274 0.148732146163551 0.366707424694556 0.554195866163181 0.451722793401547 0.508783869739344 0.486322203886142 0.477270021182142 0.238240881799931 0.275344331588107 0.679887311964123 0.532052708297789 0.300803199061902 0.318382836396343 0.692486925578583 0.505598764601266
0.519026737872395 0.516847154413898 0.643615278377476 1 0.412719431353802 0.457712941141561 0.652345132808577 0.796801839574356 0.551631904773006 0.574275467200674 0.342791534767279 0.630508898465808 0.453448132752224 0.671457964335023 0.54053344236527 0.545477506955845 0.339899618509271 0.329420237159355 0.464205569726899 0.434268246054011 0.119550324847571 0.0720871816613245 0.463768431397212 0.631139795213741 0.128686420807846 0.280539932741605 0.159419132630983 0.0648697773700797 0.253072944865353 0.407056807374242 0.361583944507372 0.390810173955592 0.456524403639366 0.545273961564574 0.177017917908099 0.258582762370428 0.179279064588836 0.228816299484436 0.169923482208885 0.303715956101059 -0.0195480729712542 0.0643688400593846 0.478603540634197 0.539515164872653 0.39262561503783 0.311967079657858 0.347758262413396 0.411916414173297 0.380442025171627 0.279269448987547 0.543119234081852 0.464758454748875 0.535684901879316 0.522736241278391 0.413788759901212 0.442855731228993 0.472832428008883 0.507469662305539 0.469380717714139 0.562031752861185 0.421298352346676 0.605991234245418 0.453141789554801 0.536686916500917 0.408153683802682 0.57750597231332 0.369168296844325 0.446678192372493 0.343124163484274 0.126155709322362 0.497937020777657 0.438714966775558 0.335061579988982 0.4458450423268 -0.0397125864019031 0.262808882345483 0.296970560349615 0.525953836593335 0.475451777463377 0.348339497343257 0.476314024442672 0.443580521462977 0.260597724257912 0.323669047120083 0.546670852125679 0.616648312225507 0.201317272004193 0.291712308285644 0.627543441837486 0.581033117655325
0.478722703823766 0.422648758143553 0.548029123815222 0.412719431353802 1 0.285169575029079 0.645984449087477 0.651895730330358 0.567335994289469 0.599225023126972 0.2586985689496 0.40039625799725 0.479747301467412 0.41181114035972 0.470430351864399 0.505163018497581 0.302053820485052 0.340386803237727 0.370113971361927 0.353538629035119 0.062748000208802 0.0694251551339585 0.231379960328434 0.319017513113349 -0.1500117246612 0.268835223748927 0.367209637227489 -0.277783173139391 0.272709607708454 0.414434875825153 0.345039970150376 0.392228819695054 0.556000875006328 0.5378897293241 0.222378503619116 0.158447193318319 0.107250092191437 0.0525460886431474 0.133591012100564 0.207098345565149 -0.156717383863763 -0.0487061899556292 0.469676594552567 0.567519696676356 0.494760056968223 0.483479229534877 0.321372947879337 0.481277446478967 0.441864662948569 0.485243930255392 0.455168208360689 0.489228137709365 0.348653318760568 0.539421484548825 0.256049155911408 0.496425525420789 0.464821292627613 0.439250135323759 0.567868633679136 0.536697332953883 0.561700331908116 0.513864967617678 0.422727120454194 0.45770527590136 0.289961466259934 0.303742852676524 0.337385294459813 0.43754744369239 0.195772847828665 0.0938594360640777 0.264394102953012 0.362606675910817 -0.0333191265351724 0.111970084869744 -0.00861422837436539 -0.043652279303531 0.326014083575037 0.396048532821777 0.311216336966308 0.410205967076454 0.363577965093961 0.328817609649561 0.121392841429768 -0.0242546301834708 0.324932060748674 0.379811252635821 0.0321838594721999 0.1247014470771 0.417659346371604 0.560337244385514
0.0790227163188353 0.0909400601274587 0.350731843686019 0.457712941141561 0.285169575029079 1 0.447203043815378 0.439600531289397 0.585163663854607 0.430959435776508 -0.00543422018839773 0.178736879506975 0.0393695209395893 0.240560271827482 0.225856711676802 0.218948077629306 -0.0791028779983482 -0.041905427836718 0.144798710439408 0.190107398971762 -0.261368765597971 0.0365791333005884 0.124065120700619 0.197403460131548 -0.0339997981358575 -0.132993571335483 -0.157287000801786 0.149123280889759 -0.128683389892803 7.8451418239658e-05 0.0461338561382683 0.0626281287387085 0.236918616281911 0.197704128576476 0.209118618633935 0.116897572617607 -0.24213706604659 -0.124656092788941 -0.176252654836582 -0.176174716459273 -0.201155466260422 -0.177156530428291 0.248441767344137 0.153093742394571 -0.0243990194454238 -0.0584013954366837 -0.105665671802514 -0.0448490634593834 -0.0453785402175677 0.0158771273046658 0.175899412023219 0.132670059127257 0.289764515954101 0.421683770673073 -0.151498304127826 -0.0871197704325898 -0.00694053955687593 0.0338487824379101 0.157533912524004 0.28304704199199 0.163869104752995 0.21572690899288 0.0723593144576127 0.0740706122716043 0.0718223810572118 0.100496060905706 -0.00360264528357587 0.0830736263265983 -0.0365483210757265 -0.158453313797657 0.397122473239895 0.32086360902556 0.11136772258499 0.0918315785600461 -0.0604384066682447 -0.083778661979568 0.3666900559747 0.326421615249065 0.0967208313671882 0.06449915014759 0.066789554724886 0.0889278062473722 -0.0883093389265696 0.105999326476585 0.0511261570967358 0.0473158295049626 -0.185435392629976 -0.0099997259156247 0.177951255737206 0.10498728413762
0.537424468756986 0.507188043069491 0.796797397430317 0.652345132808577 0.645984449087477 0.447203043815378 1 0.78422041079992 0.532878617102633 0.416089616588967 0.38923770880731 0.499451087286273 0.550867948269444 0.460507058030262 0.448282026855035 0.317208649323904 0.330256325158471 0.347632843754149 0.420996176941376 0.436575957325219 -0.0511693982922671 0.00548902383039892 0.357040552798418 0.356446345705148 0.218338618775733 0.296824243949339 0.161388269257168 -0.0800451401390673 0.357970726991038 0.426062092076761 0.554831408013628 0.489134075314104 0.677998756452727 0.644708649247132 0.397869075155272 0.306395608411118 0.215760573182255 0.138594121932976 0.204529251347991 0.208399874993195 -0.096391295737089 0.0344827956588551 0.583016063545315 0.591177846632933 0.554475505836936 0.368455855303935 0.341931977553939 0.475692002325822 0.433263260516009 0.374990159934765 0.613465025513772 0.520736999499782 0.512690462356032 0.64929608102672 0.40123943353665 0.496500215771983 0.428385433378412 0.474017629465417 0.676960694160731 0.623409534720108 0.709100545716267 0.570239412347859 0.4584325596783 0.474830180047542 0.502058537225156 0.471190000166574 0.552983771732434 0.594771181560735 0.275711225218815 0.0716209646742191 0.429013484692397 0.457030809450701 0.235023552742307 0.371475613480681 0.0217270569254209 0.149794369422823 0.457064528690725 0.536357320207154 0.408842531948127 0.438516709481381 0.489629139308064 0.440074450651784 0.168549337435971 0.219644012161061 0.541991797044087 0.443986568311512 0.202133126551692 0.135647934316925 0.664001168476335 0.538897367177032
0.568200307563472 0.598100561183261 0.661013612291864 0.796801839574356 0.651895730330358 0.439600531289397 0.78422041079992 1 0.543059122683152 0.658192983429201 0.272974672122053 0.621787908510723 0.474189302034102 0.582120925099672 0.399227620162677 0.486861962376048 0.394986573830332 0.464668375812426 0.425657718509277 0.456674463640612 0.134762364031984 0.132613272349119 0.277814542524996 0.40548404449535 0.105417525630896 0.392241171624494 0.36138966143542 -0.092116207693081 0.29808904255258 0.488132018839067 0.427814637724042 0.500881128051807 0.556395040674289 0.63020409649065 0.254441456586342 0.303065608075805 0.279588622681712 0.275180683156044 0.279601709279676 0.345295838105513 -0.0354639090688254 0.0747629614163387 0.538101734811257 0.673549182598168 0.615813660907707 0.521792515845622 0.494726398593892 0.588841222789929 0.53069053333898 0.516539337447308 0.60470648923101 0.617175902270772 0.518380017313395 0.58886511065294 0.478764611485637 0.601546233489057 0.571375145696433 0.619555470848835 0.659543908785582 0.719004582943618 0.664061764033396 0.744295603807979 0.444979047862884 0.611265302947504 0.442641513635429 0.6926343092341 0.437105882272587 0.642054803885929 0.335359877549604 0.216477533914653 0.396968700240745 0.433346953231701 0.225231783835272 0.329039574603769 -0.0153566686424865 0.162163808706278 0.266452566568886 0.493910648827118 0.453578592077743 0.477533380216015 0.530236206053748 0.580448843293961 0.200351242582292 0.274935131765998 0.494689072844825 0.631188297831221 0.115127220743948 0.204787828229597 0.584595123522986 0.655443897110265
0.293845273113704 0.287516279679476 0.482247409749658 0.551631904773006 0.567335994289469 0.585163663854607 0.532878617102633 0.543059122683152 1 0.581829363972133 0.0973171605811994 0.349798654779425 0.313475873104683 0.490129256361855 0.587708440316673 0.524083289428049 0.10834900742613 0.123377714052175 0.237686131112334 0.231133259731054 -0.0717201674994937 0.11158625667391 0.342668654126513 0.472911055505871 -0.00494740213422034 0.0880343605375848 0.127738207276325 0.0254110562708453 0.133341453400791 0.262892664419545 0.321824949366909 0.340933515835047 0.422893389083119 0.46966640527547 0.281309924278567 0.222022965191373 0.00829199985867919 -0.00747365157343631 -0.0787673048042585 0.119190659822585 -0.258070978976014 -0.180790451456688 0.461330091167068 0.413222446429436 0.221222011556912 0.211025063576555 0.0990038650688668 0.164306412418152 0.280857301633744 0.222918090076716 0.398936683894046 0.311382749279052 0.367372981272953 0.464670373516633 0.0416695669083063 0.186057480744706 0.289773700041324 0.289575492533817 0.348651711048654 0.401801890797141 0.356182322568631 0.429516194517911 0.313966831581159 0.35695712065591 0.197233408214167 0.231995013817828 0.172121496218849 0.246235009789991 0.0997138729509018 -0.0681885398179787 0.369435221414877 0.339293039635809 0.0457411665163755 0.130644274291114 -0.106733598490712 -0.066781484674989 0.323068981237603 0.426835740788442 0.282061887357199 0.320907124626483 0.201964515436052 0.102883405640175 -0.000455474999774678 0.100829512131436 0.256691586291835 0.305227852515672 -0.0208975483172883 0.104017051120037 0.329577302660729 0.329910145133457
0.469277215755797 0.457045068636695 0.427059016469298 0.574275467200674 0.599225023126972 0.430959435776508 0.416089616588967 0.658192983429201 0.581829363972133 1 0.212012743437071 0.514716056914725 0.403677305758875 0.539797811739466 0.441115540148723 0.659826943184602 0.31785122800918 0.363016287762949 0.285636160523583 0.301914540690413 0.0784003757532474 0.208534877607073 0.13731086406558 0.340475973711958 -0.173303732567533 0.166265377522316 0.395153156335893 -0.0845745036789212 0.190486505621685 0.395283030551676 0.104264605841331 0.239193350184349 0.360405087104829 0.439905759804252 0.117358417928516 0.16508812240252 0.164488940187836 0.227941406507303 0.0834199224395551 0.336375495491037 -0.00133985963076763 0.0587711079633898 0.298997558260839 0.439199342765642 0.37770217347951 0.428617205226653 0.364733628755114 0.434242959253496 0.391038963208576 0.392445827272501 0.35966624953859 0.454923614376065 0.334891748204321 0.41545787490421 0.307638409105055 0.485578252149218 0.472531660991433 0.467828699261195 0.456778105002456 0.518197631643036 0.496114664271936 0.655806420407512 0.383344886676341 0.501762788555561 0.247844579518585 0.500287525001496 0.209232036287922 0.369042790436491 0.331392275773349 0.306128181884035 0.313417168005448 0.354865638973838 0.0786625478847183 0.110407078188833 0.0199607851582788 -0.0576127770108793 0.195207256903782 0.384883424844478 0.348934809569509 0.346573656064067 0.37097137008854 0.394411871354154 0.16300076955366 0.189414366160737 0.313110218713031 0.549357261640912 0.0664689189999862 0.270557796171072 0.467047170248036 0.574688048043166
0.715076686440943 0.584790121868576 0.447042935267071 0.342791534767279 0.2586985689496 -0.00543422018839773 0.38923770880731 0.272974672122053 0.0973171605811994 0.212012743437071 1 0.546193031815127 0.614135401251886 0.457750397769155 0.499107154832646 0.269453423867252 0.519802086846996 0.465224865879282 0.720892285737021 0.524160720466973 0.116036859340514 -0.1474749837903 0.433860178325182 0.330574970713419 -0.0650784257768352 0.137765765467156 0.172834263606535 -0.012368216826869 0.543801464082693 0.538998321804733 0.255764092292511 0.224757218995749 0.39841296565988 0.407656912170084 -0.076142605879669 -0.0481603877479726 0.133948829643714 0.226954584441811 0.233040317649215 0.306114354541946 0.228335692271334 0.258986624612476 0.119340860367848 0.253691693777955 0.287912782831799 0.334656790377528 0.472018404488868 0.447206460167568 0.415714883986491 0.270082845746205 0.378498281200317 0.30859992881379 0.338172271128519 0.212961538311403 0.48371015355476 0.532687871479344 0.495775374517929 0.505930204664968 0.408414572133799 0.306330467640841 0.468549272139164 0.335456784225222 0.551565842882425 0.384984440617358 0.199375816802682 0.148999042445525 0.231148241409556 0.166800734236311 0.359725202814168 0.295489796452442 0.283529960801318 0.387335101376838 0.348636506806178 0.471579599528292 0.257618952855434 0.323853166323516 0.124707476619725 0.270703628234736 0.408951295803502 0.379380987716299 0.594166021611353 0.424185048495018 0.452941787953854 0.220690431512367 0.596764835591607 0.439762535842803 0.463701175043994 0.284802543601883 0.538195724263553 0.448949977377275
0.741126026000074 0.711976799315052 0.486591651255539 0.630508898465808 0.40039625799725 0.178736879506975 0.499451087286273 0.621787908510723 0.349798654779425 0.514716056914725 0.546193031815127 1 0.616678772002491 0.798106212094628 0.553503195303163 0.615488994390562 0.586397242179798 0.63797292877391 0.622063505754602 0.659223396203072 0.298381585640937 0.140480988265637 0.39657950147154 0.516763183945286 0.0149937865260527 0.211768605017151 0.328349438835101 -0.0126604733540834 0.575737569284789 0.750665835476404 0.402239262370123 0.434507251233119 0.570651681333147 0.617702658314104 0.0701303698607399 0.0488157058861936 0.291503833872237 0.304033888506237 0.336783715422017 0.436799265162326 0.130288749685023 0.222592490169448 0.390901032337118 0.538193722063486 0.501528811959134 0.516340469074944 0.528023089290506 0.608894490794334 0.552729953778422 0.452542828146209 0.561920827020239 0.512090245138768 0.542977093204192 0.435587570628571 0.51689330234995 0.578991931736296 0.6516748072988 0.695106775914387 0.570971346054462 0.576919513705936 0.580505050446712 0.631370300023266 0.648794481658259 0.759543551790202 0.275512220101459 0.414159636513343 0.332593800345444 0.414674238508936 0.426144469121766 0.426625589833318 0.271034708109307 0.386650072391088 0.306629845412672 0.442063983710631 0.1457273342569 0.240716714318422 0.200388364076797 0.503007615535639 0.632518189734944 0.524038131974312 0.676112318019368 0.630149623946911 0.494357199525528 0.374530477575596 0.574613077791749 0.71700307637351 0.258513065669033 0.441210112634275 0.550373708700618 0.686254829434829
0.643590139529195 0.451227763560443 0.548480024272271 0.453448132752224 0.479747301467412 0.0393695209395893 0.550867948269444 0.474189302034102 0.313475873104683 0.403677305758875 0.614135401251886 0.616678772002491 1 0.721427282846128 0.705027338223682 0.539448933669116 0.363872928401186 0.314354377377539 0.502184748919244 0.308332390614096 0.160347318083457 0.00480935488469255 0.465883276663096 0.391301481460418 0.131642034325526 0.270568511333344 0.31590581999595 -0.160414025594083 0.452952463611183 0.562186474091043 0.450215273648957 0.437832968827045 0.57929050142995 0.592055637450728 0.291616548301469 0.220140363744219 0.275594616311418 0.176759576027771 0.318790906309381 0.385577831451028 0.0149169369260621 0.0363712673932145 0.517656986312773 0.596554727228285 0.485155094936782 0.418636974212233 0.331477954054096 0.44891024911083 0.412945125813993 0.303018365006914 0.425772257208508 0.359149257245598 0.307601926899256 0.411131241284791 0.38235814936657 0.462301254578347 0.467155667055263 0.449732685450725 0.68848769651636 0.482327724849466 0.687239223806164 0.671987002101253 0.506266450221598 0.515649694610261 0.45775178607014 0.405884943719764 0.463565832217312 0.417210134502789 0.263512191616807 0.148949337387999 0.18982204396785 0.205809787976052 0.0981229110289594 0.237929373558936 0.120169925937967 0.163352665709681 0.282201718483605 0.401929277417584 0.55441310419972 0.480059258243199 0.421775061177527 0.308569371940356 0.281773941373326 0.0367903597391916 0.48928874403353 0.408643757231313 0.379788772473724 0.272273647080805 0.599094270144216 0.511053230346514
0.612276278167068 0.56726648081602 0.451305172045965 0.671457964335023 0.41181114035972 0.240560271827482 0.460507058030262 0.582120925099672 0.490129256361855 0.539797811739466 0.457750397769155 0.798106212094628 0.721427282846128 1 0.720843481641269 0.779244158444137 0.335308554623453 0.332871418010939 0.504072376593181 0.487672743468731 0.251733843668006 0.184075087913642 0.467068747952387 0.614713316747662 0.126208033806967 0.262932359873021 0.279174772745478 -0.0124742667568006 0.398920135125023 0.60054232202899 0.414784205009361 0.488276083931968 0.528927384114429 0.628468203654025 0.200610572699561 0.156613609354369 0.26825439246233 0.219103712812818 0.305007258020536 0.38074673772744 0.0126169896378294 0.0473785736779872 0.545968419682592 0.611266437177222 0.402677552576147 0.372872515157648 0.34569599417998 0.427638564788618 0.395280256605164 0.289338308897716 0.514494439784628 0.382216948077633 0.457953157798033 0.443662192156662 0.371630628252348 0.448659558964534 0.516242513746472 0.520969541207233 0.54730192991432 0.544622309883708 0.48916741861954 0.644147429844987 0.464194513735107 0.614576506162125 0.293689636533362 0.44883398975606 0.32152419663928 0.398736191428914 0.374020459552414 0.214879997744637 0.28494820665726 0.31897541964367 0.22630657474075 0.341710239811593 0.0757778916173064 0.265928835765101 0.281850234301845 0.540511615150166 0.617780479627763 0.516396306137305 0.462890701452553 0.402293404999867 0.305646327882923 0.247442129724023 0.448542569798079 0.574455363655524 0.273634919666676 0.415637561993536 0.546433976880802 0.580349723465765
0.545947193481147 0.424400183221688 0.574608850108774 0.54053344236527 0.470430351864399 0.225856711676802 0.448282026855035 0.399227620162677 0.587708440316673 0.441115540148723 0.499107154832646 0.553503195303163 0.705027338223682 0.720843481641269 1 0.714738185228845 0.232336025257244 0.199954206275634 0.546407130363874 0.378632676153903 0.185352803275427 0.0544576046734631 0.696296146167998 0.672816468150734 0.186328028207694 0.241565757971948 0.319285722206159 0.0101022470872616 0.387656936123333 0.450629601294749 0.518956813825193 0.467698144758427 0.590722657245311 0.576992047209146 0.299470872399342 0.22367996636801 0.225467072783115 0.158882836884159 0.237133386791122 0.32955930661035 -0.0255340025611694 -0.0224277931515764 0.584153219173073 0.530661692252033 0.36409646159715 0.284408111739391 0.226414525281182 0.28030017935261 0.330257416712177 0.172139499651723 0.451386284621366 0.258424717201316 0.349409743012624 0.421587880012909 0.303675593542625 0.346314041790653 0.40245624035478 0.388433089061352 0.465026100744445 0.362345918409597 0.393048076242602 0.427222648101331 0.465763267048622 0.419537573658242 0.460955072282069 0.276294877548479 0.458447319391215 0.348311348682313 0.22342147725219 0.0691482551393915 0.292360598540441 0.277154995518574 0.0724102700457197 0.202400685628353 0.0752723901480592 0.10481736227542 0.357807308901445 0.546642583132706 0.521169908648047 0.479303741283519 0.3788524764857 0.264544465771489 0.342940270675211 0.204870034207845 0.557180955930057 0.448419993223387 0.409843474133625 0.46920523861496 0.519363611799623 0.451911195393369
0.515965060491336 0.478212238083562 0.448264902267964 0.545477506955845 0.505163018497581 0.218948077629306 0.317208649323904 0.486861962376048 0.524083289428049 0.659826943184602 0.269453423867252 0.615488994390562 0.539448933669116 0.779244158444137 0.714738185228845 1 0.250828884015884 0.291202440038217 0.447758768312976 0.433740184200908 0.345854071767208 0.287268029707397 0.512200412959897 0.672092348853237 0.129309554637976 0.372306223689977 0.493125464123189 -0.08186270235247 0.32284581160962 0.509678302797516 0.449530155805032 0.519009731705903 0.473082281569692 0.526554548600944 0.225642959345795 0.136573690869053 0.288337057872856 0.234917591248573 0.271858335431389 0.446359346974377 -0.00588377299567207 0.00360661892751738 0.534485439285232 0.577517326184811 0.45291545308671 0.409919819588752 0.306013942361404 0.405814670105615 0.354147831879455 0.322852639257544 0.410852250504893 0.331825553947817 0.364755878225301 0.420388270304165 0.282120284235788 0.43871628733992 0.492481855440852 0.46131808019701 0.462390911404213 0.413580349912019 0.331474862631936 0.498476533285634 0.406858806529526 0.488832282374375 0.387450563154164 0.392374483249225 0.39773437574742 0.413664837397914 0.294295526903289 0.268104205811567 0.247575211202972 0.280117229388214 0.106917303680103 0.18776081984214 0.0145197492591615 0.0436699152837637 0.294132059736507 0.523216219138491 0.555223123240181 0.514854686264586 0.387298288603427 0.390917491652345 0.331632749333075 0.19207551063239 0.443107834037672 0.566334421733674 0.23935011056452 0.568431822375098 0.468233732225827 0.618896067874468
0.759125609593295 0.729709657946657 0.359914166504183 0.339899618509271 0.302053820485052 -0.0791028779983482 0.330256325158471 0.394986573830332 0.10834900742613 0.31785122800918 0.519802086846996 0.586397242179798 0.363872928401186 0.335308554623453 0.232336025257244 0.250828884015884 1 0.893791388505122 0.543845364282608 0.646525558376037 0.141756493468691 0.0458587669943778 0.292621959224253 0.343682130384871 -0.0871927553382427 0.183186740715044 0.296460816048258 -0.0684056194008553 0.689453540469249 0.746332567968945 0.278885686395701 0.349230243977581 0.375795920618489 0.503404796269477 -0.193672966184688 -0.247017809575042 0.407638612618016 0.377359828871888 0.353357170579605 0.432105885918523 0.304805609781257 0.345340270799084 0.0869792445953568 0.338190323780338 0.464359282837038 0.620000498830673 0.702949296133255 0.713316899710627 0.625683912391202 0.553935890218246 0.430626702346409 0.560986364754814 0.50401223310478 0.205642513015061 0.611701788493965 0.690520344940325 0.813738412545264 0.784419658056259 0.50974447514848 0.454511202645265 0.549783703265079 0.402500152992713 0.721345187813107 0.650555388079534 0.138648537722164 0.180317781596741 0.22848202426959 0.281885943394942 0.591435127671478 0.680026078026024 0.173073983527213 0.360357426989284 0.301287342080179 0.413413613913292 0.242394669698768 0.238705043618303 -0.0199141240527119 0.250696732125556 0.562802699627403 0.48992543164007 0.846015799950059 0.672792728809403 0.546687243059381 0.329083610449816 0.592839971919818 0.68192253273306 0.365498863637087 0.283160660953929 0.514617096079819 0.652397473152055
0.749685506880059 0.76984241306523 0.387220385892522 0.329420237159355 0.340386803237727 -0.041905427836718 0.347632843754149 0.464668375812426 0.123377714052175 0.363016287762949 0.465224865879282 0.63797292877391 0.314354377377539 0.332871418010939 0.199954206275634 0.291202440038217 0.893791388505122 1 0.55354376488244 0.710880203165509 0.190101698601381 0.0768021906703154 0.255237010990277 0.311453520442624 -0.0353176726627692 0.203229359799259 0.39199951273388 -0.0298852437415289 0.687861778753189 0.782987131276719 0.334105355883492 0.409613352167127 0.470799762526728 0.545381196828084 -0.131324269223428 -0.194250124427011 0.451987804288106 0.447677440722243 0.424825522350576 0.472194736968574 0.303452545246466 0.392958132076981 0.136526986860611 0.393202075961436 0.557572684741723 0.692257031642873 0.762284176690757 0.765521974997052 0.678830253903022 0.622360584692036 0.471997090488678 0.590754612829236 0.481647753343705 0.236138866570759 0.624151050582173 0.716005627251101 0.818787080718272 0.825655653488973 0.506982550713018 0.446870485990338 0.544330457040802 0.397747043044047 0.731569950398359 0.695533643291939 0.148236468368385 0.237558937635626 0.275323058963041 0.366833360754787 0.590055846405122 0.703554338407384 0.183810015679097 0.394897192118723 0.308782283068916 0.442793804251207 0.243465573368264 0.225691033472495 0.00552846477992006 0.3075865702035 0.543683963110783 0.565964100126509 0.846825721003526 0.767748673786375 0.533189792346237 0.403480594116451 0.587245297210535 0.732473373550828 0.313967489917587 0.32059724754052 0.469505166674972 0.668009852840214
0.814035288110846 0.739882303563292 0.459487464661262 0.464205569726899 0.370113971361927 0.144798710439408 0.420996176941376 0.425657718509277 0.237686131112334 0.285636160523583 0.720892285737021 0.622063505754602 0.502184748919244 0.504072376593181 0.546407130363874 0.447758768312976 0.543845364282608 0.55354376488244 1 0.780216654155635 0.240717294798368 -0.112587312520309 0.535400355219471 0.514258386700795 0.0181272952362998 0.200582482168254 0.234145322250021 -0.0901218072520459 0.524652496850143 0.571555788987611 0.381744468913695 0.383199158109213 0.574244637974912 0.575989451902742 0.0636763414928121 0.00197826943477147 0.184716703913058 0.236951168742423 0.30428124040691 0.353267963700098 0.04850117174188 0.112957962748234 0.342849047915365 0.462001063995349 0.508579806247433 0.555549859768863 0.564952618105634 0.599278881694813 0.571400109893643 0.524164804325866 0.498365134766612 0.474297008267943 0.515327128167593 0.415453251253086 0.368846086234429 0.5245471909513 0.634899182631989 0.599722150599092 0.49423145822358 0.394934070429618 0.411120427419047 0.313424679096134 0.606173817040669 0.450775733271038 0.232806792984305 0.211782980546831 0.347155643315022 0.299284085039752 0.434076461402521 0.38652732214921 0.430716297910081 0.498469914859128 0.312813392833344 0.455096138345092 0.0630732108978537 0.244563488925869 0.250119653471765 0.415157571825696 0.496148314156782 0.487634203917518 0.659528094096038 0.557024590953177 0.512585834084734 0.164090559913194 0.605950828954825 0.500739421127491 0.355943526906371 0.351439610191733 0.458158512526112 0.586053817413403
0.739026587421114 0.789207355571611 0.453027447878814 0.434268246054011 0.353538629035119 0.190107398971762 0.436575957325219 0.456674463640612 0.231133259731054 0.301914540690413 0.524160720466973 0.659223396203072 0.308332390614096 0.487672743468731 0.378632676153903 0.433740184200908 0.646525558376037 0.710880203165509 0.780216654155635 1 0.172365975294123 0.0519789744115268 0.445428529012224 0.514531863803845 0.0784399208693271 0.247791155683357 0.317156733585045 -0.0347581916606971 0.626234405305338 0.67124462130484 0.484162284691669 0.508838429902726 0.561676043676013 0.618916397808176 -0.00326445589207042 -0.0964721360474102 0.376286667231106 0.370809136624736 0.37367461297605 0.373821565265102 0.161405999245064 0.264564102910489 0.241030909445129 0.397582561468157 0.519665085556392 0.562437029899021 0.612844235576671 0.621813189938415 0.565516814660826 0.54796858371384 0.492135689005357 0.505546968615849 0.525181740613637 0.351198279255946 0.495145424976107 0.60360898674283 0.683199714397715 0.666566310283346 0.458755177943008 0.388693697793039 0.40292110704281 0.263913350225963 0.614632485899246 0.512588749579855 0.173602249846027 0.162722762095203 0.340659274736014 0.359801282723758 0.546380381849348 0.557498126471779 0.393394359960712 0.545055999847833 0.331591737740136 0.49275180238973 0.143553094534273 0.228442195355302 0.219972051535151 0.423387076882456 0.554388101361313 0.554645844629612 0.753523522476416 0.684222454462416 0.48726259011695 0.355121451133657 0.61651262487968 0.63048976687286 0.333198066515597 0.442314044993153 0.45501765177522 0.63744939513029
0.288108763848839 0.286645553239311 0.0150781303449416 0.119550324847571 0.062748000208802 -0.261368765597971 -0.0511693982922671 0.134762364031984 -0.0717201674994937 0.0784003757532474 0.116036859340514 0.298381585640937 0.160347318083457 0.251733843668006 0.185352803275427 0.345854071767208 0.141756493468691 0.190101698601381 0.240717294798368 0.172365975294123 1 0.108236353386521 0.108731641153052 0.135317670154071 0.116078365999518 0.292660650650405 0.266309832704487 -0.179198089773148 0.264268832920354 0.247244307366419 0.186496488941811 0.17560132873002 0.149969919323534 0.174952950653437 0.00398900769697347 0.0338967899853278 0.214120040180183 0.235594650184511 0.424491347855892 0.336601720543636 0.071637228594739 0.0560833621108222 0.219824469149893 0.344289268195764 0.356993038427505 0.391435520015756 0.322984314466681 0.355587941144512 0.331336477247785 0.324880119303143 0.253951135371004 0.251937690697708 0.123040326832133 0.120970904026721 0.252406982363981 0.288496906971236 0.282420572847745 0.261712836629166 0.238916871708189 0.162865509506828 0.123944031376543 0.119566726056038 0.116994443924021 0.192256972825813 0.166752267276513 0.277659471695131 0.193752919778294 0.227648557809694 0.209869584812603 0.243513980499035 0.0207250013893702 0.0253678380184032 0.0853787969572624 0.137470481920148 -0.181491393716326 0.0539581890163743 -0.0382458750723968 0.0859716418516266 0.286597377806318 0.111837328657301 0.239861165985591 0.32104874889016 0.428112721558726 0.136351191330783 0.222126498177257 0.282471873160412 0.120548353321952 0.218712054097405 0.0422848768987079 0.264170925410282
0.00775247188814535 0.107891195362555 0.00950864731932983 0.0720871816613245 0.0694251551339585 0.0365791333005884 0.00548902383039892 0.132613272349119 0.11158625667391 0.208534877607073 -0.1474749837903 0.140480988265637 0.00480935488469255 0.184075087913642 0.0544576046734631 0.287268029707397 0.0458587669943778 0.0768021906703154 -0.112587312520309 0.0519789744115268 0.108236353386521 1 0.016344525628027 0.122171429975486 0.110318205374237 0.142432642389175 0.274948895433879 0.137070117888377 0.104954929846338 0.195344523776021 0.128285097776018 0.225394536728191 0.0334831050258221 0.16022587466776 -0.00544763014469544 0.0804948417329423 0.308327688025773 0.312851844894692 0.108961681473439 0.331667428831286 -0.10142166041884 0.107173942373164 0.11639044950002 0.140071026237554 0.141728702102911 0.145781813005819 0.147286658023111 0.10651307488159 0.0825127229491758 0.127239829444004 0.104487429069994 0.101255342104539 0.143467577333 -0.00845880147468022 0.114202984332526 0.121706624139434 0.0930516572490539 0.13805282510064 0.133272069650155 0.146507095918336 0.0309293546025931 0.185669240362537 0.00877150409471407 0.173623155396641 -0.000849815860485332 0.179552280431932 0.0359656660129076 0.168483106590224 0.1392977131888 0.204496721840812 0.100011497935142 0.0739332037088696 -0.0282108458340109 -0.0603572420975122 0.009119871646335 -0.142103361554787 -0.0401935770152305 0.135871423304148 0.0992412385557526 0.204441550382747 0.0892479220699919 0.0822253822480665 0.0428082489327063 0.167302329939048 0.0501227485862855 0.201734019331188 -0.0331214053985631 0.0998859694777639 0.131093106701437 0.112755566549055
0.482013804723223 0.383219664753374 0.677894364695993 0.463768431397212 0.231379960328434 0.124065120700619 0.357040552798418 0.277814542524996 0.342668654126513 0.13731086406558 0.433860178325182 0.39657950147154 0.465883276663096 0.467068747952387 0.696296146167998 0.512200412959897 0.292621959224253 0.255237010990277 0.535400355219471 0.445428529012224 0.108731641153052 0.016344525628027 1 0.840704882520325 0.415358483144729 0.303782679820578 0.319839027035988 0.136295867732249 0.381809962546179 0.4068247828627 0.678698080091098 0.537094047116647 0.527467095537847 0.495605717867807 0.236445676931296 0.117129280455857 0.269871158333773 0.208653783111793 0.216392378639958 0.210713235005611 -0.0143296592692827 -0.0242388375028503 0.482385580383506 0.397462507450522 0.285009259111522 0.204542403573817 0.238164204259531 0.258025109298449 0.265266340333187 0.148358230943888 0.350016724404249 0.185386768352897 0.376185587201884 0.279561216513328 0.268293840606463 0.290119996313256 0.363108566076237 0.35644915709648 0.268477600815532 0.161292746721297 0.223056937006205 0.187966780387247 0.530377559478488 0.338989778664915 0.563507140984606 0.129704371371641 0.502805666034057 0.240641754872882 0.18916328998155 0.0766846030432906 0.259012238955433 0.244612100386194 0.172562215675874 0.246031015124641 0.184271731674529 0.230370477745631 0.321572768197779 0.518297514591694 0.482493443741806 0.476473060030823 0.388429612602721 0.329183539198587 0.378370132534905 0.229539086336563 0.668778443913403 0.422441562605952 0.459533631688136 0.514017282360313 0.508776930150865 0.397598383178243
0.507870839604312 0.465735458006353 0.592299420616565 0.631139795213741 0.319017513113349 0.197403460131548 0.356446345705148 0.40548404449535 0.472911055505871 0.340475973711958 0.330574970713419 0.516763183945286 0.391301481460418 0.614713316747662 0.672816468150734 0.672092348853237 0.343682130384871 0.311453520442624 0.514258386700795 0.514531863803845 0.135317670154071 0.122171429975486 0.840704882520325 1 0.305454125849916 0.365124041458142 0.353201446123858 0.0898269998966701 0.357981756004033 0.47286916839349 0.579791765214878 0.517608796515681 0.517125292871931 0.536296193966654 0.206362004172413 0.119413369866281 0.253122723800344 0.239160972760302 0.243163163793194 0.298319209417752 -0.0229923774936453 0.00633882484690497 0.468420698110473 0.423843858895096 0.317961009513668 0.268988908867672 0.267751356073174 0.321263230171354 0.312595894570405 0.198367963998647 0.41791487742239 0.28183786985238 0.444142834995083 0.336808993925415 0.29084500357274 0.346998888561136 0.470275362362146 0.436098199958758 0.295611057702457 0.244340844964295 0.175084610598473 0.26668800038306 0.541242709098018 0.445833756764222 0.450200811232442 0.22666703950083 0.478998577396482 0.312021195275152 0.307837837581851 0.166396186727692 0.302022238199422 0.309313695384391 0.203058757636852 0.320525173666489 0.106687686915046 0.219572262887862 0.379019316783794 0.593709562070525 0.49842757839362 0.460300824588875 0.432196727338771 0.372703125063944 0.389437854945588 0.293517578076713 0.606262539117698 0.560330165533193 0.324476801702753 0.573696211058341 0.506382278815252 0.541053852781266
