1 0.7463307772177 0.471743029892814 0.460959288947305 0.369325026113265 0.430717822702489 0.602597229123213 0.607936033252287 0.445054985428904 0.405729852750695 0.616917327747722 0.54693433744416 0.607388654187342 0.601509185959364 0.423572667075159 0.267022534056303 0.546779180602304 0.641704618536564 0.782267951262733 0.790876677131998 0.0205410972377552 -0.0328495430613769 0.458105232212385 0.184733794035955 0.117722770842229 0.00120426430600069 0.137361471408265 0.234084657868209 0.52118390310332 0.609479963851778 0.25317469643445 0.237658745809785 0.559172781757856 0.646551447971024 0.278372336349289 0.195954428755025 0.143562364391241 0.119903716993601 0.173259338327499 0.379550902715907 0.33535752307309 0.174458892390513 0.596649285231164 0.585470268755595 0.545399295536164 0.506022946609883 0.595743166976037 0.607412116726619 0.636185565738867 0.583075845284241 0.561914294408085 0.578559488810708 0.522437681158958 0.536056634058474 0.562060766631997 0.646856240194969 0.717626536734832 0.723300504290692 0.671918986766327 0.593123065854552 0.589602496478867 0.316463959762952 0.604618398142341 0.62091786894014 0.266772991148173 0.275679669281262 0.370496578575172 0.427878037554997 0.503093541869012 0.510391296988799 0.587587375015153 0.589048352885468 0.519840392932111 0.467710482324027 0.312106190648534 0.159060503919721 0.356042715736024 0.47144137275651 0.192648712789572 0.40197524906135 0.514347004915691 0.466380972037863 0.406648981637853 0.145308269387881 0.662699622731956 0.511843489390929 0.244397140233931 0.0681526554898926 0.719944622527841 0.585191364913612
0.7463307772177 1 0.419754894483643 0.430128235139264 0.283709681460077 0.388962507823766 0.543052201227613 0.603567577704425 0.315567040976971 0.434346494112889 0.403023092681492 0.485861390256451 0.480723024745739 0.518787112477469 0.300791320042084 0.211909866120636 0.511667595802731 0.671927298225893 0.625702395912881 0.655932872842932 0.00754083507089098 0.0470492708419473 0.453252421515834 0.238913145772267 0.233204018543769 0.175977882890464 0.260272344293415 0.263121197161625 0.434318194959638 0.520968338609931 0.33649391684179 0.285169984409329 0.491544624312419 0.561195985030887 0.318557051569962 0.213887266926823 0.358531528370382 0.326609744153426 0.253357302934294 0.384303644813488 0.382691390251394 0.207140672540713 0.63522053692363 0.619310423958468 0.582792159500175 0.596166548703263 0.648608177969458 0.667487579855836 0.6953889458682 0.70760559427812 0.689882881459718 0.642045846565798 0.607414530430391 0.634333267267549 0.591641203224065 0.693785895157265 0.755309159743405 0.835200408667828 0.562079155993656 0.582317644996807 0.486032698355827 0.372207861282131 0.447394837901346 0.592158367275387 0.261242550247413 0.292605746883599 0.37353683671351 0.454200763523473 0.449248699674198 0.580368209281043 0.485104192596092 0.544643110462073 0.402384841743994 0.428155580341234 0.301044629504057 0.136569264207241 0.266546322406701 0.330479907817872 0.202566676195394 0.443307493830122 0.57421147913179 0.595522172752107 0.344877184912995 0.229662365946006 0.524495511980105 0.557448420153023 0.395491043121173 0.0937936891468848 0.624123957837481 0.592346821213382
0.471743029892814 0.419754894483643 1 0.748420660771925 0.542155540770958 0.507147556112355 0.774083152582575 0.475418168258026 0.456690521243588 0.427784073321481 0.325611975932106 0.214296003882647 0.40324242188752 0.279184277418404 0.504992468661796 0.402676774688771 0.102750787083485 0.171002744501842 0.498270439002232 0.382054417642736 0.0027205415047818 0.0525042193240169 0.84092456313715 0.704683116536351 0.480056923337464 0.411326425320282 0.549320785940565 0.331490894014215 0.16993427350055 0.125575815032199 0.335748840382849 0.306237829317603 0.472827057697507 0.333545906139589 0.505641455650476 0.288072353981098 0.102013279132832 0.0718129977446747 0.219055358568744 0.244330832008377 0.0790060379432707 -0.0799102778827653 0.354381362173629 0.280818924254428 0.261068204035696 0.128778172072565 0.244017682932906 0.280039644382101 0.297764609889032 0.237524905482301 0.305497004590864 0.315916747372997 0.36584835465523 0.396122541085337 0.314083829231805 0.383090057350575 0.23313491975042 0.36200728606506 0.319970615051772 0.331588466243393 0.617282854534848 0.422472389532245 0.392968629198234 0.317317671970289 0.765932397353229 0.583909796346412 0.557698316931161 0.404022244224466 0.422032247346425 0.397560860467734 0.41681674881471 0.388613793900113 0.231133524323377 0.192072501851329 0.237656768783486 0.0293400755519147 0.178690424203516 0.323026149486173 0.0197334349899128 0.337531013108568 0.0885006969949735 0.395303537123218 0.496115185611587 0.390838068573017 0.659024936134859 0.639548852768159 0.317108185980759 0.497329538382781 0.594840820566694 0.526797685852202
0.460959288947305 0.430128235139264 0.748420660771925 1 0.375450658943163 0.52116235488619 0.647977249316075 0.657692257400755 0.17906056300991 0.410973519299252 0.210900246025812 0.319939479942216 0.210373335140656 0.340268920304462 0.25042676623361 0.480581910069202 0.206376511560272 0.2428411680355 0.582721850159622 0.559794859800314 -0.0154794414555751 -0.0185334801624636 0.62776662111475 0.718771226468592 0.264130852772617 0.400784898780348 0.29585212618102 0.232926305028738 0.260734625404496 0.368434310536245 0.46221918743433 0.507050527069333 0.543354934215281 0.569025429290723 0.389120689647744 0.403818111082645 0.0229730458479358 0.0792406246258242 0.184280567408354 0.284470842201214 0.130399956817068 -0.00561842804839715 0.39003315449538 0.309772544758119 0.311935238659612 0.19459721720028 0.315963496367939 0.302828027051601 0.363606486705182 0.211575566932494 0.269354099566979 0.293216980786074 0.327186535564962 0.373551317410413 0.295109200149231 0.424258848856495 0.320858657011241 0.393615483599952 0.350330101124751 0.369692072930422 0.427173491878613 0.484808339768955 0.468352340360065 0.578182939201391 0.50254982687742 0.559245181974659 0.502021217152132 0.532070054149187 0.337054383346328 0.33422262210479 0.446557175734129 0.457008959811135 0.195989104853023 0.267329098511918 0.2054963411375 0.0333940129834633 0.188530399287255 0.445887696910239 0.234773326231417 0.437061066695879 0.2796015945444 0.534936050232051 0.476185340125066 0.422271868659672 0.577861576474222 0.74348824624831 0.257596341222226 0.505550999063951 0.480989090847155 0.640282194669305
0.369325026113265 0.283709681460077 0.542155540770958 0.375450658943163 1 0.511742605121096 0.458394498401096 0.3763296187123 0.525972058749623 0.489287005343597 0.390763833994286 0.265399386217705 0.382595326553757 0.394002544172759 0.448144304671445 0.390021708820715 0.123371748488458 0.10039513185639 0.353220353729142 0.259663521409684 0.0329682105759969 0.119547592534303 0.564820525727378 0.354512411649985 0.214549125144496 0.0733014032962803 0.462405279147753 0.194527352923505 0.150378513286592 0.245267421310174 0.177895690048992 0.0632008024192116 0.21859670483626 0.210673444500807 0.278270765445059 0.220554512683314 -0.0324314621819433 -0.183919139334441 0.0182542714289064 0.00941519603269306 0.0825066378785926 0.0129140949944643 0.267110646917119 0.218440854071279 0.290159641653761 0.257048274419842 0.213319998522454 0.261839286165193 0.313775786519011 0.258560081572514 0.241208711447208 0.198126232800828 0.21814735475069 0.294348273466917 0.1450868546063 0.239829036461228 0.210226081390615 0.321587860419833 0.210825356690983 0.358454443984663 0.41345698324079 0.340572756603698 0.433127094742257 0.356229430601301 0.389543830973714 0.360565015158205 0.327842672733943 0.267360152270674 0.262008797028537 0.275531460823891 0.284971835556631 0.245569017598618 0.221366052864586 0.168097667520897 0.229063734218782 -0.0056062868145782 0.0715291577441008 0.177101377158919 0.00814346891688189 0.158430928976255 0.0841428213066785 0.210577268898294 0.244889062691063 0.230105602061621 0.440584823484782 0.328289339807481 0.25093567226626 0.223172167785379 0.455100818888479 0.418609657276623
0.430717822702489 0.388962507823766 0.507147556112355 0.52116235488619 0.511742605121096 1 0.507466117332749 0.604631947511577 0.447130578271845 0.620145621610507 0.418728898721484 0.360585622239408 0.480526336511678 0.668827228391035 0.374291836117677 0.688859088810088 0.12601742128456 0.200480953846511 0.397954868490433 0.419128314133391 0.00160851351967397 0.0539420965143757 0.536187076631715 0.573811349279754 0.165063535876712 0.179331854390631 0.355502910936149 0.340038801595856 0.207860546155964 0.349483395478366 0.286400944288347 0.193347452523016 0.41857098078508 0.390895538622853 0.409226781103228 0.206772710620144 -0.0141202649183771 0.0181184135951069 -0.0521498681041603 0.15681849427927 0.0729521162525633 -0.0207381162090915 0.365319994797304 0.289863984101843 0.314723846627103 0.239847366285398 0.275723170383563 0.298255961996047 0.363189119489005 0.241337605943626 0.268145719080833 0.230461939279067 0.210204741759999 0.278980872227394 0.200437015624586 0.28576520679374 0.205033819164734 0.355662138798102 0.325052202902598 0.409643630851419 0.45946719417374 0.545842718662512 0.545036651474577 0.559754453766492 0.397047457410148 0.528939232285184 0.389429863850603 0.359556923103698 0.291182574328468 0.273574893077625 0.398326985935241 0.395351790764826 0.259557589925769 0.247585670452855 0.317600436518518 0.0451267721377414 0.24643100015537 0.308466725660548 0.0585045518666306 0.25809406725367 0.196696527867585 0.32493902503611 0.346528366258715 0.186273704451325 0.468619181223677 0.513092181289681 0.0784915085269517 0.262404631166908 0.517513713279903 0.587832567606488
0.602597229123213 0.543052201227613 0.774083152582575 0.647977249316075 0.458394498401096 0.507466117332749 1 0.728566077654837 0.579709242223497 0.557908782197209 0.347578551082986 0.280806168846167 0.516715193918124 0.403772453518469 0.223552437788869 0.262913514512371 0.223772784288059 0.269694966225629 0.583812564504453 0.515225481931579 0.0103185954105995 0.0197742551867691 0.579271543741185 0.472189120206882 0.331584449797376 0.319128985631461 0.319563969837184 0.239382720207087 0.232331928882546 0.264260332733295 0.440557917395027 0.345985174657467 0.610028212617718 0.507636838669173 0.52394430420313 0.392755312235453 0.147735221173594 0.210983392898975 0.159915362723707 0.304162375005151 0.0870418100777857 -0.0527858940916824 0.521497335699406 0.430127931648339 0.483978876608368 0.31243427862622 0.374325566000195 0.40478485002922 0.459415873788315 0.343339701214867 0.408810683474344 0.359454081401666 0.368489289089404 0.46303334756767 0.417226156885469 0.43839534612701 0.402974101787804 0.474133906153791 0.591780822327345 0.478020844861884 0.706810242231071 0.517887306854569 0.362610597165159 0.486978290280827 0.474061381786568 0.582837757547571 0.736017582678707 0.63522901745237 0.496585166857523 0.469163557850387 0.519241768352863 0.516119048418445 0.250264906509868 0.231125903626601 0.336440678017885 0.058546289792749 0.261306508478506 0.432965112147115 0.152580165468241 0.353107460530978 0.338468361803902 0.463950528191021 0.357406404341008 0.224363901973684 0.510894866549424 0.585822716801276 0.221768245098408 0.214991292663089 0.674958893069507 0.519140569116571
0.607936033252287 0.603567577704425 0.475418168258026 0.657692257400755 0.3763296187123 0.604631947511577 0.728566077654837 1 0.365905265115795 0.630611420301892 0.413915301665859 0.542490675933327 0.512734402253615 0.668121140380129 0.119882448824386 0.321791501980847 0.341105105605759 0.410167182480542 0.600870322441458 0.614351285852873 -0.00636716188399731 -0.0443064599126185 0.347210259517417 0.402884231029313 0.0810805133965937 0.193588903336621 0.122255915046585 0.134268009502743 0.365433257796158 0.536069444313413 0.402748982266399 0.417466735405324 0.55427999429588 0.664024139936226 0.362745827359153 0.34986556534039 0.171478765126153 0.260478657635746 0.190231279945537 0.421431854471474 0.193490127038007 0.117725739774789 0.636193066022834 0.566059151244581 0.58367850364428 0.460717377885018 0.570173179447631 0.530662893691744 0.531261722291712 0.419595223509965 0.46728198763858 0.459021420899296 0.370682351434738 0.456676938924361 0.496860090203432 0.532035841744929 0.463196328763075 0.523870974425932 0.546966951857818 0.593593817743148 0.602212219151199 0.661600949593154 0.489722920828734 0.790537520123077 0.222248835429636 0.6019172981897 0.548738631415208 0.714413097914845 0.368423876361983 0.402904081100705 0.523744081235054 0.60453355297847 0.313395520946471 0.360533059533712 0.299380454967493 0.126666596953915 0.284146499703029 0.546461680461996 0.244135205545194 0.435242706894492 0.484084253158849 0.529042873939324 0.337229744155858 0.150359077015265 0.474773330585346 0.678378497925413 0.185289945773878 0.139401786294825 0.592467211792444 0.651782017238626
0.445054985428904 0.315567040976971 0.456690521243588 0.17906056300991 0.525972058749623 0.447130578271845 0.579709242223497 0.365905265115795 1 0.524084734934015 0.337650023456747 0.187669710126489 0.479794956868779 0.376652268303262 0.366874003248623 0.198217379533993 0.0252171250346399 0.109639943995185 0.287846034127445 0.290189034474107 0.123333414527746 -0.103505679322976 0.369614909458427 0.194913946084954 0.10802715657114 -0.0338809220230431 0.369606003267641 0.169919974191993 0.000145336117141783 0.0919294576301883 -0.0160523405195499 -0.0554604484315667 0.164025977071919 0.158594544543743 0.230958095402391 -0.0282508348247532 0.0817797820167226 -0.0220752547588705 0.0497360502491029 0.0819352136568942 0.0960650296755606 -0.066979566115694 0.302897827075085 0.280106254287423 0.283888993916674 0.196842082132249 0.253320902833947 0.258053194547336 0.315939136432311 0.286123239253151 0.324101860298157 0.244080738454935 0.249710313449982 0.319158686493482 0.199918566587668 0.206658340428046 0.167686066964492 0.260303287222315 0.313353394933422 0.386068546708944 0.655428920238037 0.427514673031817 0.238302226945599 0.22321084269773 0.396527962824219 0.419693048354333 0.329890733180641 0.158477800211218 0.337040559287603 0.297141605138391 0.320990970463205 0.215573430666467 0.180848386632327 0.199178012418094 0.15731765822026 0.10594067625329 0.204654524751239 0.126243746487152 -0.0677625480549245 0.0246862529553061 0.0752655662128941 0.119378928210271 0.13560968779515 -0.0838074044861822 0.34643148569979 0.249718753316495 0.128194285372139 0.0575610396379911 0.585369742657217 0.320227465939161
0.405729852750695 0.434346494112889 0.427784073321481 0.410973519299252 0.489287005343597 0.620145621610507 0.557908782197209 0.630611420301892 0.524084734934015 1 0.251764426778596 0.274470647408731 0.384806520894455 0.510312361606389 0.147153319689275 0.362721498991456 0.146278735680268 0.185576081609106 0.446138317418375 0.307188676947857 -0.13710814641511 -0.100361756119565 0.309637712217003 0.399498842192299 -0.0310256916317852 0.0710935086763773 0.314742402142575 0.221031023553136 0.113132439598784 0.238834369890894 0.109729474792892 0.0220637417913966 0.198620989432818 0.262346831327479 0.206016714316298 0.0677562939169491 0.0683020051207769 0.158206559140304 0.0417485389826198 0.180800766923835 0.124996340327616 0.00480561292464605 0.316213205994695 0.236309741718866 0.303797273365353 0.214257439076419 0.254210914804593 0.222126222297412 0.368633325280679 0.217066340702116 0.283781778032538 0.217236770398102 0.242326152820119 0.257407284702201 0.109076653210668 0.263339357539459 0.317390095793189 0.379532950535752 0.335245839554392 0.48031345180882 0.527687347354924 0.676926159196997 0.301115878137018 0.490265680258961 0.314302349003896 0.600757807633701 0.355928855701468 0.341571312404333 0.299063837169616 0.32847253159333 0.306960486052254 0.399042032406162 0.137311147453687 0.186847424393812 0.289400068253863 0.0749896376822081 0.014205659118416 0.233680056374587 0.0258388892073452 0.16765416922308 0.208885205357392 0.247123791773708 0.194165998264976 0.13462145218263 0.35572798918609 0.450122334327768 0.118462448052422 0.133100707760266 0.466717303713337 0.505598731910737
0.616917327747722 0.403023092681492 0.325611975932106 0.210900246025812 0.390763833994286 0.418728898721484 0.347578551082986 0.413915301665859 0.337650023456747 0.251764426778596 1 0.558570812887481 0.779149381652381 0.646004914878165 0.380491150421377 0.280736947485304 0.231627983820349 0.343603798232661 0.493806398604557 0.443798698971331 -0.147338367425072 -0.0175199783802378 0.36914000953049 0.124705066291186 -0.0301797270341213 -0.206709087696324 0.0833202099242605 0.113334272316382 0.479229841323388 0.406716095261899 0.0887437349540671 0.0742459700995268 0.249042437110224 0.239235304898246 0.0788817476518612 0.0216585903220457 -0.0280469935288403 -0.0526434464948806 0.0507677324216062 0.153182245485752 0.206436264097285 0.0852358672925396 0.299220265919446 0.326556211108498 0.295608076076928 0.305081927641755 0.30361580267882 0.346840065679719 0.323079273366986 0.306003718390581 0.284456718102161 0.323844146982974 0.244030497266736 0.234805358631364 0.364585793387799 0.354169735790005 0.240895604419853 0.365701637143925 0.356967887994811 0.335964169513062 0.418853768067187 0.171030434943023 0.655594564201561 0.473709144298985 0.195607638546468 0.117993783750172 0.131033167491362 0.181173297738899 0.180320449201545 0.193968709513595 0.327242766275713 0.319921837058253 0.304860243335558 0.274914127703329 0.365149835312767 0.153890914485762 0.134257601621808 0.281808079884078 -0.0860176108171607 0.268438080390906 0.205565459057054 0.2652582721253 0.21836203368366 0.131934444159447 0.495001980892539 0.265225161462259 0.0552736803265103 0.0224782396673817 0.542958654607039 0.369553732813319
0.54693433744416 0.485861390256451 0.214296003882647 0.319939479942216 0.265399386217705 0.360585622239408 0.280806168846167 0.542490675933327 0.187669710126489 0.274470647408731 0.558570812887481 1 0.485087593029477 0.761716981518746 0.200681375040014 0.386071263878888 0.185612552259962 0.367253246886268 0.45237384971063 0.514630234022679 -0.106918622702151 -0.0701019106678175 0.249219103228 0.198019815656983 -0.0753242382029512 -0.0554537966745833 -0.06382677694632 0.0166697325104847 0.367018545554257 0.561080684025054 0.170391203966797 0.288066886448332 0.214201397712775 0.431391634157125 0.0832355203358335 0.104886095718978 0.0689814737003448 0.0274103379176141 0.0601478687669925 0.254494201986203 0.299385304111779 0.18371256112711 0.370496903340417 0.354782847805959 0.255185900537427 0.267647201322702 0.43971939383217 0.385306392189749 0.380890515032134 0.410525291306931 0.414198916814965 0.486952138674639 0.410735314358607 0.421479666821084 0.444600458249988 0.470938015340107 0.294708267476925 0.423620965543402 0.37408967927043 0.454847967742535 0.451103896670737 0.416822415443562 0.459642620622508 0.618656148916144 0.024366958294648 0.239252032176222 0.0570717668791968 0.183848823404528 0.141979789722305 0.166754181073007 0.374537489130955 0.44083147161259 0.288917004081147 0.404282829830919 0.227508064011058 0.300614952878317 0.200602431303959 0.371026953398097 0.0330879494187654 0.252784233105641 0.24264044720262 0.305814508178655 0.11442103555883 0.0792491793648519 0.348217804734029 0.426037077705069 0.105426017474426 0.13109229144244 0.503510748927344 0.610715577453638
0.607388654187342 0.480723024745739 0.40324242188752 0.210373335140656 0.382595326553757 0.480526336511678 0.516715193918124 0.512734402253615 0.479794956868779 0.384806520894455 0.779149381652381 0.485087593029477 1 0.668989557001689 0.423071160329986 0.28004921448339 0.173876577006311 0.273095884532388 0.411835344102493 0.363697532822193 -0.0613792179944442 -0.0451274939086721 0.476304244416524 0.209972273901673 0.100998013843877 -0.0181833175456232 0.210882782469971 0.17252088021264 0.372174345508891 0.302833007477856 0.159152766436295 0.117556190772294 0.314856086723989 0.238076126209366 0.196594177598001 0.0346674485369544 0.108835814412689 0.125530072903252 0.160576721033968 0.264190893194853 0.246393413768673 0.0780436854051957 0.333403243935363 0.329160673464304 0.301781707655785 0.254194692887893 0.286570324071404 0.345282789831308 0.26759523860907 0.28720587444683 0.322334003928083 0.285618253335439 0.232575935538265 0.23244964796117 0.410746547376405 0.342115181999987 0.242360641441901 0.374860408142461 0.411176168318311 0.362464356724311 0.550807817381144 0.283272055122033 0.475048262878038 0.379711876123911 0.264312897108229 0.276531228745737 0.254138109789325 0.268668185963599 0.212523243386101 0.214410214352409 0.417604342456713 0.39669513017201 0.336585936382564 0.223178247546203 0.385144859988473 0.0621336234306196 0.23968022786448 0.297210597280653 -0.119639938667977 0.222733882550982 0.186429941977023 0.237681321314119 0.193870240256925 0.00812091045134406 0.398527539100825 0.254656165977542 0.134790023555059 -0.0471047730870696 0.555252905646212 0.313601324715014
0.601509185959364 0.518787112477469 0.279184277418404 0.340268920304462 0.394002544172759 0.668827228391035 0.403772453518469 0.668121140380129 0.376652268303262 0.510312361606389 0.646004914878165 0.761716981518746 0.668989557001689 1 0.31882934100723 0.54513180751407 0.312032831993505 0.418869478141723 0.506783633777194 0.545595290729024 -0.151961102104504 -0.0207922494525642 0.344783677880897 0.315597669212704 -0.105433926801226 -0.0208963934322219 0.0562119908084217 0.150888845287744 0.40466245330308 0.563365609219112 0.195195327118185 0.18258348330819 0.357695459691842 0.460691433381461 0.233787667253089 0.0902588885645339 0.0429100262508465 0.0966685204038656 0.0206370802568368 0.286696280731846 0.199929322670742 0.133756535587169 0.463539339776833 0.44453901677964 0.406642784951651 0.37227276653168 0.441091507703173 0.436389176448615 0.459190275474907 0.37469455416584 0.407164194013953 0.365014612640996 0.3130363927441 0.357703284774902 0.442591853663623 0.433786158727914 0.367865346402243 0.447762665634784 0.427709302107136 0.478773240648643 0.51385565374399 0.5486857636491 0.60396872060037 0.702267708646143 0.132941537350263 0.398695404897268 0.195721714413663 0.2887978283844 0.168557682293434 0.165777129294896 0.448571671009568 0.512960668577812 0.362590068586506 0.363180579512519 0.419439252479204 0.209556545668106 0.302404118759143 0.441685145183083 0.0737300876581538 0.312674706465539 0.326051034529285 0.326190321546978 0.202750389264727 0.0301403546079349 0.445045363258677 0.431632874161863 0.072053971739602 0.0752738056869861 0.587949293596628 0.595580996959882
0.423572667075159 0.300791320042084 0.504992468661796 0.25042676623361 0.448144304671445 0.374291836117677 0.223552437788869 0.119882448824386 0.366874003248623 0.147153319689275 0.380491150421377 0.200681375040014 0.423071160329986 0.31882934100723 1 0.452827526843354 0.170006415784202 0.222078809711775 0.265364749863915 0.280213746133885 0.127003471039523 0.201053120482765 0.622797688772827 0.420573010134796 0.39254477898894 0.119899847323754 0.49058934258544 0.330242849598127 0.124596142020665 0.148753450184272 0.107150521902997 0.0930943281156005 0.230543377173589 0.206544899215483 0.263725954851385 0.00859182367856284 0.040681171036236 -0.0227440635891122 0.197747611586383 0.14014069380335 0.153521026077616 0.0753896243855194 0.274448500025513 0.28598868871992 0.164728625903036 0.165231574450571 0.198410073906467 0.284963145692507 0.20228268348841 0.208237229235053 0.190092245039571 0.217824769521836 0.252420922318842 0.253403811095759 0.239807132317918 0.288746884382268 0.230004162914484 0.294448989360538 0.105099660921766 0.176712626040971 0.296246268305095 0.104530101109294 0.389387298281558 0.158671468534636 0.569126995621206 0.227986280819105 0.127732058883151 0.0601610941229244 0.247334818895757 0.189966509161094 0.420069124998859 0.286946460974475 0.276011209461129 0.150120892300033 0.07440896028681 0.0260023812708165 0.255833476072395 0.190411716375968 -0.104580670689543 0.122433354492775 0.00835202938203981 0.145019075105384 0.399107805879135 0.212462373842396 0.558139729200323 0.347382808221241 0.341908063585477 0.29546614429077 0.378326534455535 0.303757456830341
0.267022534056303 0.211909866120636 0.402676774688771 0.480581910069202 0.390021708820715 0.688859088810088 0.262913514512371 0.321791501980847 0.198217379533993 0.362721498991456 0.280736947485304 0.386071263878888 0.28004921448339 0.54513180751407 0.452827526843354 1 0.0856687786943963 0.0966334604208051 0.250754552790798 0.286672413008193 -0.0303813240051484 0.126133137589512 0.491487036835795 0.663985509162114 0.177221465844808 0.235375181149204 0.285732541700709 0.297497948243583 0.135012364373642 0.303024877342888 0.234860583703184 0.180151635308383 0.303972716425734 0.295744396981118 0.320013476470569 0.170258165785131 -0.0417371873731763 -0.0128656025687578 0.0236818769188658 0.0795111529912057 0.096631071727865 0.0526214794639624 0.188324814543166 0.111058821561833 0.115389197746571 0.0597921628727694 0.134374010492461 0.126175605605812 0.246884470556518 0.0782071517168219 0.169243492304982 0.137814566341121 0.232743175577698 0.230265788733721 0.192816207063624 0.215787662287358 0.104983964896897 0.18381632831321 0.179526295453614 0.183002068895994 0.253875296870784 0.389798932285647 0.445312399873246 0.438744957396771 0.395119146935163 0.414952974375328 0.190372814508835 0.155554310900291 0.118757045428246 0.0565825164143195 0.357438682222928 0.269471363728149 0.179696717520341 0.152523329159469 0.213703755001345 -0.0125860171140724 0.174575556990124 0.234393953374645 0.0440212636582355 0.258054841410663 0.111882480458646 0.292924434211662 0.368984197050162 0.2763179204348 0.476368192280702 0.524612097497497 0.104084873942707 0.464654542283857 0.377120808868055 0.513822119495105
0.546779180602304 0.511667595802731 0.102750787083485 0.206376511560272 0.123371748488458 0.12601742128456 0.223772784288059 0.341105105605759 0.0252171250346399 0.146278735680268 0.231627983820349 0.185612552259962 0.173876577006311 0.312032831993505 0.170006415784202 0.0856687786943963 1 0.829153946948166 0.628298056627983 0.550543687813558 0.0326956906281078 0.147593635313664 0.130061085567889 -0.0446828798078065 0.00755774714199719 -0.0161360720881631 -0.052276312631436 0.147213040253134 0.653319329588465 0.644209970629478 0.31522790830984 0.200436787220961 0.481300396224778 0.553175258088604 0.205788946349432 0.199044727340133 0.160256355670732 0.201154461689135 0.237806170325835 0.203586140557065 0.29230527123989 0.265089238156947 0.416129973977754 0.523324140192707 0.502568837281987 0.549070745005205 0.489042360587283 0.528311532103718 0.504244098663121 0.342522388077436 0.335932867401149 0.273092876808473 0.374500027728581 0.345544274103997 0.401326938584747 0.485270011003026 0.811402002431912 0.619650482908134 0.295938941990015 0.187251365876981 0.0453502712853826 0.0358008898166222 0.508147950415451 0.531279260033493 -0.027568367589908 -0.0600162076791533 0.146982197140895 0.315678711660074 0.11134058586117 0.184172580560327 0.302765954167249 0.341459504062574 0.528557401050931 0.472607499239131 0.256174344050314 0.13683312262713 0.211494348894066 0.274494002319538 0.499600264618735 0.510965860233935 0.71275031996551 0.444781662950364 0.25043247340826 0.137128219157928 0.401657209832605 0.240638534952078 0.185049323078734 -0.0507161944040542 0.273922445067993 0.245125728407562
0.641704618536564 0.671927298225893 0.171002744501842 0.2428411680355 0.10039513185639 0.200480953846511 0.269694966225629 0.410167182480542 0.109639943995185 0.185576081609106 0.343603798232661 0.367253246886268 0.273095884532388 0.418869478141723 0.222078809711775 0.0966334604208051 0.829153946948166 1 0.649251871072903 0.626454417896854 -0.0256508636717364 0.0424680972001791 0.232739263533811 0.0217161707977394 0.0504640822608296 0.0387178172178555 0.0469025442362909 0.20418620445801 0.683854431691854 0.733949488160967 0.342863767090793 0.237317804428141 0.492967932288417 0.612939979934144 0.198085222577979 0.203667872825051 0.241349805364447 0.203079940247966 0.263250485166052 0.260528825551245 0.338746801257169 0.34367749396622 0.526918029008326 0.612640388590938 0.562166207377007 0.627518584135215 0.638139626091484 0.660273588125745 0.577721748383746 0.453484880091858 0.455722328793046 0.404840220812169 0.392897544757793 0.435104812082482 0.477722297172804 0.566835142093684 0.82541676406577 0.712514558283358 0.331616942210132 0.276925334969679 0.212782544590206 0.157048354217223 0.546732003948359 0.59560497499811 0.0655025086106232 0.0390379974276112 0.167804674699547 0.323352121965128 0.163341011127052 0.247308528596089 0.382599993561124 0.418795705274068 0.485431740353505 0.522756628265756 0.251834456838486 0.181113152052203 0.2127662889818 0.366728337656345 0.438081372077808 0.590637307234681 0.724458346037052 0.576698307822254 0.271577531712477 0.213552445786396 0.478380156474898 0.378053882768232 0.230219532612745 0.042459548948836 0.435315792310939 0.411816080795246
0.782267951262733 0.625702395912881 0.498270439002232 0.582721850159622 0.353220353729142 0.397954868490433 0.583812564504453 0.600870322441458 0.287846034127445 0.446138317418375 0.493806398604557 0.45237384971063 0.411835344102493 0.506783633777194 0.265364749863915 0.250754552790798 0.628298056627983 0.649251871072903 1 0.781285205551141 -0.114891232229784 0.0170365449253722 0.412504287358074 0.208002253145535 0.00371935583054677 -0.0103975023320315 0.000556822169722119 0.115289177737364 0.6372386013681 0.645694619741236 0.364352697170162 0.321888353868494 0.597996858679694 0.649025274909091 0.257023780164262 0.239302540409038 0.0117062643557045 0.109451684915552 0.0969627380370632 0.308715120178851 0.162180095602811 0.121458299315157 0.562270794790155 0.546688505600368 0.559644153679248 0.537873890710027 0.548741543664256 0.539959763966377 0.637174223369662 0.460321511734145 0.450894619580003 0.4235283172109 0.459344966728274 0.490586109549083 0.453544416941343 0.549203525061341 0.705693352960785 0.636208132192499 0.527111139092494 0.449964702257665 0.374138866808838 0.287343060873384 0.66843437420877 0.686742800785707 0.171947357409024 0.154050772784158 0.336681837675555 0.425586412025939 0.372873665576074 0.39192257530938 0.516967778824648 0.501956960386566 0.468061737308055 0.481717245075609 0.381114298402154 0.0832615121586493 0.220620893803282 0.442396226148319 0.290988175113269 0.417453025273042 0.536274994685885 0.444119931990731 0.302452049112553 0.286403882322391 0.565990508874762 0.440381631409924 0.193924602788361 0.0950861781240627 0.559720696210934 0.540257820468673
0.790876677131998 0.655932872842932 0.382054417642736 0.559794859800314 0.259663521409684 0.419128314133391 0.515225481931579 0.614351285852873 0.290189034474107 0.307188676947857 0.443798698971331 0.514630234022679 0.363697532822193 0.545595290729024 0.280213746133885 0.286672413008193 0.550543687813558 0.626454417896854 0.781285205551141 1 -0.0024844429167983 0.00570795743370657 0.397584139473657 0.244502070419778 0.0794947595989764 0.0792706520394078 0.00504188948236618 0.132347872179836 0.578764484587462 0.71220933502369 0.421541964808436 0.429157320761306 0.620508808832274 0.786339288081405 0.282179045477868 0.266200179782792 0.142888672978472 0.16214446626967 0.153174770393421 0.327345259179786 0.342775825006897 0.157721887062153 0.567568227835716 0.552491526874947 0.55202786646154 0.522515997366029 0.605006952821276 0.587852040044751 0.63804202233712 0.504777437184918 0.472458175638438 0.436770422584898 0.428429402633289 0.469495806432551 0.471178113160114 0.603154652249676 0.629999511380412 0.627275559139058 0.503794148430401 0.45140279710927 0.354537853303323 0.31561649359909 0.597876934580156 0.709110531587654 0.152523917497046 0.210130317658557 0.349869100239544 0.452000099502725 0.469486876951774 0.510866289603218 0.616216306684841 0.558069431634456 0.473654137127761 0.53151368151943 0.271650380544376 0.246007470167691 0.397243509678476 0.496494598061913 0.246308825399643 0.448547527714756 0.537951022007518 0.529999926453453 0.375460207225074 0.234583783050947 0.549449637877 0.516790980755478 0.284599492281572 0.126860986962853 0.585677667488251 0.588711876000122
0.0205410972377552 0.00754083507089098 0.0027205415047818 -0.0154794414555751 0.0329682105759969 0.00160851351967397 0.0103185954105995 -0.00636716188399731 0.123333414527746 -0.13710814641511 -0.147338367425072 -0.106918622702151 -0.0613792179944442 -0.151961102104504 0.127003471039523 -0.0303813240051484 0.0326956906281078 -0.0256508636717364 -0.114891232229784 -0.0024844429167983 1 0.0262862396440836 0.00875849973269105 -0.0022934590669913 0.223481449792325 0.122654709774618 0.141760439342893 0.159116985974735 -0.105573609642057 -0.0698433636013336 0.0224230986504198 0.0631217019493101 0.0570990603853434 0.0729912304936637 0.118193939918432 0.0746366075373326 0.0635283585951235 0.0778303214201066 0.0940735213535484 0.14516872450791 -0.0176318578699985 -0.0312521293045041 0.00968478024449642 0.0335206011922668 -0.00535215280816902 -0.0499465034699707 0.037101478442602 0.0235190100900097 -0.0543143430271244 0.0100124814747093 0.019891989842334 0.0937193666594877 0.0600721164136293 0.0897175838389275 0.0855018054758004 0.022216042828478 -0.00937742710287336 0.0208958612846044 -0.0371730188625268 -0.0382123120785601 -0.0157938504633678 -0.0562839090798702 -0.135543400240573 -0.101950947634599 0.0686714813855148 0.0395950895352562 0.055556587958053 0.0569277995121188 0.024012714740897 0.0953862601182109 0.0270461236785664 -0.0682018371051729 0.129246898685899 0.0578502787836282 -0.0512875011552647 0.0889507648136882 0.0695313306680437 -0.0878187280369647 0.05281872323246 0.0438538228154887 0.0381794442435696 0.0925202155280194 0.140845203632805 0.0546639030852181 0.0096012753681107 0.107786875850805 0.180289282640965 0.119790511393657 -0.0325897067746399 -0.0185181872436269
-0.0328495430613769 0.0470492708419473 0.0525042193240169 -0.0185334801624636 0.119547592534303 0.0539420965143757 0.0197742551867691 -0.0443064599126185 -0.103505679322976 -0.100361756119565 -0.0175199783802378 -0.0701019106678175 -0.0451274939086721 -0.0207922494525642 0.201053120482765 0.126133137589512 0.147593635313664 0.0424680972001791 0.0170365449253722 0.00570795743370657 0.0262862396440836 1 0.0420123476579485 0.00433371868251479 0.2021275890829 0.0414049776582689 0.158247756522961 -0.024561696797791 0.0875476968104413 -0.0230346308307768 0.18348696137723 0.100700601839654 0.135991325046047 0.0618763227950857 0.200712301292114 0.0757673200609905 0.138820003872958 0.0443246530721373 -0.00201114503734796 -0.0571083163567747 0.0274609936761303 -0.0374444311877948 0.0968191494817773 0.121839173934116 0.129436897812029 0.23184558331992 0.0267739726776234 0.120242438092572 0.132717623467479 0.139811449141377 0.00645165789313894 0.0139509851762938 0.0410164036866347 0.108731576187046 0.0657643763592479 0.09474487797484 0.0933705199398756 0.056560722600836 0.0934462192028607 0.0154376426745272 -0.136410328502425 -0.125850871825593 0.0966747154279734 0.0644375897366335 -0.0177149341255721 -0.187193362070009 0.0634519877497042 0.0727444449554663 0.0232504535980075 0.125661518225691 -0.0164448318171033 -0.0228176266361188 0.0605683900279831 -0.0565248180557124 -0.0127960906678075 -0.0484219018308812 0.0270612596261627 -0.0396702240521355 0.0683840344769583 -0.0374618611385413 0.0758528324578181 0.0153614755566301 0.0510426039569178 0.0908352753304578 0.0530040096735279 -0.00596948076959621 0.0738579972177123 -0.0177660905283855 -0.011008049534507 0.0366848071045769
0.458105232212385 0.453252421515834 0.84092456313715 0.62776662111475 0.564820525727378 0.536187076631715 0.579271543741185 0.347210259517417 0.369614909458427 0.309637712217003 0.36914000953049 0.249219103228 0.476304244416524 0.344783677880897 0.622797688772827 0.491487036835795 0.130061085567889 0.232739263533811 0.412504287358074 0.397584139473657 0.00875849973269105 0.0420123476579485 1 0.705197962470755 0.56781220712428 0.451075527189287 0.574754662051287 0.423288897875013 0.229581073622503 0.235675579623936 0.432399312423115 0.349278825687142 0.45876218302927 0.337095669022305 0.490869144586369 0.267497664998529 0.0916299587013945 0.0254223069147494 0.23785011307923 0.200910094303432 0.167537238796855 -0.00389367603163455 0.288451980950583 0.247779720638206 0.192441597119326 0.116401195856879 0.236899742616585 0.321101672963766 0.248827947932703 0.198567994223432 0.239419346251408 0.232700147638713 0.3200676028788 0.319545653043102 0.271554890082775 0.397062328462887 0.234803097997581 0.401414257504023 0.194764653146817 0.240214611773612 0.473478565332263 0.298860577074585 0.426340476591169 0.251788378824007 0.740792708172281 0.467601728601353 0.416561159252486 0.277106050231946 0.321570302459366 0.346381002120677 0.44837535404054 0.404323793040347 0.293139787059018 0.227262240430138 0.284880529395703 0.0177011832421174 0.183331760107042 0.254937295513437 -0.0242896797030983 0.333903786470253 0.0729366841580905 0.391859508914773 0.44628247883109 0.38378221962429 0.583428851641059 0.526016483055989 0.354709363594336 0.42777899796018 0.510141731131507 0.499151538148836
0.184733794035955 0.238913145772267 0.704683116536351 0.718771226468592 0.354512411649985 0.573811349279754 0.472189120206882 0.402884231029313 0.194913946084954 0.399498842192299 0.124705066291186 0.198019815656983 0.209972273901673 0.315597669212704 0.420573010134796 0.663985509162114 -0.0446828798078065 0.0217161707977394 0.208002253145535 0.244502070419778 -0.0022934590669913 0.00433371868251479 0.705197962470755 1 0.376521582742485 0.538851134060933 0.476303472972923 0.418732887264716 0.00523237159797399 0.0880793433087948 0.308226268810091 0.344409962249393 0.289213540339674 0.248630059619439 0.372929349221231 0.222129051145976 0.0646865223127635 0.111563421221864 0.173353632355592 0.164275300225741 0.0401671750279174 -0.15528268784745 0.157616580420842 0.0742469998263266 0.0755174792584752 -0.0491534190616666 0.0965620083352936 0.0997073703663571 0.124025998705667 -0.00160959879329082 0.137299732449314 0.12456669082768 0.235568994556417 0.216844254442605 0.123162426416465 0.242258208547804 0.0610212979691141 0.216872008311828 0.102580278384278 0.149478405304121 0.397819912547547 0.539804276966629 0.242997169025907 0.287375062906939 0.681514438034242 0.706573335707462 0.380316549247141 0.267843139466854 0.206403743556619 0.172265775036207 0.32201460290674 0.331816917134802 0.0577310592133057 0.0973584477164981 0.20226304623165 0.0959510290263144 0.072754977304174 0.230050209124266 -0.020981092410213 0.278715188781309 -0.00759812682436055 0.353331932010893 0.403769904303516 0.406483675610455 0.46148141394404 0.690824209351056 0.256970691196442 0.57619620471592 0.360379850723119 0.497519598640109
