1 0.953369301926483 0.742686297252898 0.792871272455283 0.411348269250867 0.440526397619487 0.768376487113116 0.766181807185891 0.626175195949838 0.522503493958997 0.870039791972021 0.826492879394907 0.797906760242148 0.831506391731162 0.665910839527945 0.680149766731433 0.893733733257751 0.91887120984892 0.930306024016762 0.844516033405573 0.0689042933259692 0.148179141151257 0.65205438218952 0.650390518490937 0.666331981505197 0.650881151041617 0.618460763021402 0.427059994112259 0.814357030968082 0.84081064471062 0.439609195445287 0.534926257425734 0.771182022798466 0.650407524394375 0.402065874513688 0.207175848726507 0.652301494179581 0.676101093840316 0.750260339979826 0.671845746990066 0.41789491051182 0.403757859482303 0.810065907998923 0.838749936709645 0.739948854337058 0.791585940516831 0.872187307639031 0.849588317722732 0.820753657890684 0.776506113724567 0.823647372811847 0.801757989833922 0.777284917125235 0.644569968848195 0.891112213110441 0.888257644830815 0.934177758271165 0.937631961220085 0.821698160014375 0.832172901403436 0.84544687234751 0.727995763506342 0.845034620114744 0.892599720042282 0.568104084562515 0.803422496585932 0.683558661420729 0.77223353981214 0.790977512711882 0.827586327242883 0.420357809037415 0.498221000615693 0.424366499862353 0.641095835623549 0.418411240134032 0.482013599211216 0.402435752790517 0.444497430356168 0.706981849700039 0.86209386792461 0.887607698056104 0.902940527143155 0.682232418298425 0.762338151771662 0.875583843747225 0.899070202047095 0.689370772706883 0.643959877235217 0.85014838136538 0.888037209176083
0.953369301926483 1 0.707046778358041 0.785878573383161 0.338013685695547 0.3984461800878 0.700866762568002 0.733652034051064 0.552202721281495 0.48074193744562 0.845607970977287 0.844088251020129 0.744782407516522 0.841487795928992 0.651465411332437 0.681495426830402 0.910810403942621 0.934480402176396 0.90207064053721 0.854671363154934 0.099237129826967 0.164796337271664 0.636895159632498 0.671984438054671 0.646596181232739 0.642318512181669 0.58183075448416 0.428342483159538 0.805819906678046 0.844014590568495 0.399515156363816 0.518790971102427 0.758627617496324 0.628876392608089 0.396299388635096 0.230403665338724 0.633955474273688 0.641604826977232 0.758057240400396 0.679046465186694 0.40280807108511 0.429345485606309 0.804051207054122 0.840037162346078 0.728587897909933 0.804573242488986 0.896556555872194 0.861188472705949 0.825912062347585 0.778267239281408 0.808214641767692 0.7992923839551 0.767954507491368 0.60119585461981 0.89565484153137 0.901435470251764 0.952498119047969 0.958692186446603 0.767979259816565 0.816507779880741 0.802506821069155 0.706734206288013 0.848203402594528 0.901181723504426 0.562382594866108 0.801950688191748 0.660293580624047 0.774233527891645 0.764348665233195 0.863814178152545 0.325220340779915 0.417143297118237 0.320021936811185 0.59672043197551 0.415242808480191 0.442433576478878 0.323178035578353 0.377911752840075 0.73672050193672 0.857005957474845 0.87932420891735 0.92775901668413 0.694305266262891 0.788627005686862 0.885124831894225 0.923442149393153 0.697515521692335 0.67500356683702 0.807738231134545 0.878689562736564
0.742686297252898 0.707046778358041 1 0.811236451064728 0.694056007919489 0.476955761731894 0.899190188514429 0.658480246623904 0.79123652873391 0.42373106802096 0.584003692088118 0.502194505818481 0.738738840557741 0.608586871139442 0.820448024359936 0.636597583146158 0.643407203929173 0.694006035185041 0.711790177834679 0.58954008424971 0.202182248195011 0.00438935072103518 0.893529947634364 0.749180338930776 0.89456534023234 0.815775563019934 0.748682524978973 0.525823202700325 0.543560662035343 0.569655368308618 0.641508060278771 0.674120902499335 0.75690039390023 0.552006954917946 0.736869341103841 0.550421426337987 0.657391003897365 0.653754908501221 0.730145175572833 0.610073505807297 0.365291723397084 0.382540711280707 0.679289479201755 0.664805689971371 0.643114284126761 0.60973724306685 0.689634347671718 0.671319182479023 0.634767990855336 0.56532765696482 0.603555897215079 0.571455182135345 0.512836213495445 0.497979874689934 0.729906877309122 0.696281625056124 0.716834277084149 0.716222170093137 0.724353248767605 0.611111754486444 0.835135297998213 0.507339529807464 0.577512108033256 0.635374171117772 0.898516802466365 0.827609456829624 0.879155362355958 0.816573798668981 0.648731709031035 0.557049306281078 0.459698446243562 0.478450249820762 0.322908638176263 0.472761448422013 0.322892723980957 0.361194963814599 0.412312606571207 0.350906210633 0.564859265981952 0.678600829747421 0.702623169477884 0.754711420011983 0.574425636798256 0.710644666841466 0.846846041066041 0.774442709556201 0.704781051039379 0.64976184341144 0.821348154374606 0.720817705739046
0.792871272455283 0.785878573383161 0.811236451064728 1 0.526700954928922 0.60483760555124 0.810937621885029 0.878610615531791 0.760962667346558 0.667025230171699 0.661359758531784 0.716344937721333 0.778897279856609 0.833750516336342 0.77211086589756 0.806391787428694 0.713267916782563 0.749998261698039 0.74735219448218 0.754738799640454 0.180409116861279 0.0406446488339207 0.819024454195878 0.875710647924609 0.709337345174385 0.785158301628574 0.612162968276217 0.44448217445007 0.652837176832609 0.743111392694732 0.604939224511507 0.767902684194458 0.789158178874813 0.690375913790907 0.576129297802923 0.479115187177565 0.535208489954878 0.587417752162717 0.659384033152789 0.564259049172877 0.267350317928686 0.328425164587862 0.724681530540531 0.744633067298621 0.627927435167449 0.64101667389237 0.732996594544721 0.71888620760733 0.659574766605378 0.582563902709865 0.655104868555236 0.619684862782241 0.599892703866953 0.521188013241604 0.730338028550012 0.742847989126707 0.744610485681221 0.770036529530468 0.749379489744598 0.686530678964033 0.83728310173473 0.79330477512963 0.690252262056498 0.746201636203347 0.737521780623022 0.918182869430617 0.758387144928815 0.816058655736227 0.69692818096818 0.632645421736796 0.382662511210439 0.503590691610897 0.30619602760314 0.561551623936182 0.285587360902443 0.420186371914979 0.466974161798072 0.45228425665337 0.571794079590975 0.750587359091931 0.734285120630721 0.783083348421703 0.607355422349205 0.67125654520623 0.794154439550466 0.828580758131309 0.58765124037569 0.609850125588487 0.751537877196649 0.785180085298985
0.411348269250867 0.338013685695547 0.694056007919489 0.526700954928922 1 0.411161574293968 0.667586365935032 0.410532121502728 0.72512641997759 0.331351303818766 0.288930735603076 0.165387539448633 0.59496859242676 0.279003993665686 0.687509389809181 0.430649590502537 0.365296368123141 0.37093711742099 0.369849527226705 0.341448259935147 0.160956388725674 -0.0483459889721158 0.687464154179478 0.480460924761903 0.609033758230021 0.587717202075609 0.593397252779541 0.345974813303203 0.317930493413077 0.302100398656297 0.563181486478568 0.503579743445375 0.555704449768681 0.412870576342195 0.606559286173237 0.394406476503958 0.454409748263338 0.454646286690454 0.415111186874119 0.326664560096891 0.208348865697517 0.272645658983346 0.489188490470742 0.447471855283938 0.493581620035156 0.399564610824844 0.39620682685305 0.415459978947857 0.395494484372261 0.358813864427303 0.403776860470526 0.340097382483504 0.363978662890093 0.428034300338089 0.415899908951467 0.384814770295533 0.367925485177973 0.380103480331309 0.488562737553947 0.337695355234259 0.605988911641144 0.300703844850346 0.278005070078352 0.33356807663824 0.67558627833957 0.53172359054312 0.658533533485965 0.535448418001603 0.466353088871017 0.212708432288024 0.434906818307756 0.426661512595797 0.302394354479508 0.257813221894417 0.160857684166101 0.185457411249838 0.435626344691561 0.33758706406052 0.280228126256843 0.420657476421419 0.393044109146014 0.388160090448865 0.359856195272768 0.411595298206104 0.522109206561842 0.434889768051008 0.490712036370565 0.397594887343118 0.6382676452906 0.462440524944949
0.440526397619487 0.3984461800878 0.476955761731894 0.60483760555124 0.411161574293968 1 0.530987069989782 0.676571201896411 0.550781914375733 0.680439632598067 0.3617781302809 0.405665562930488 0.468966220502614 0.507828063803339 0.495113831156385 0.647102491910555 0.425664507725397 0.433150352178093 0.409263100238102 0.456348598307771 0.103972305769675 0.222613747579146 0.48884051806817 0.536712548901504 0.400614167675236 0.603485317376215 0.351616494657365 0.408001413397645 0.454951257605545 0.495091148817159 0.474783538384252 0.575216143979641 0.541749472071125 0.586089961708674 0.381541215279197 0.277875332335705 0.454406847924302 0.492049376977279 0.388431673861876 0.328215968235238 0.215145585384193 0.276719915386483 0.547058279777393 0.520815788434656 0.528166301582702 0.435843502978465 0.467374252998092 0.493892993804912 0.492940817962263 0.427187211411478 0.464753550795009 0.454935464337084 0.4140526374029 0.526617728202668 0.436195722062696 0.474812438182379 0.379449702479581 0.41793556402941 0.550827408469 0.447670876897949 0.479318253116133 0.609566639426538 0.432562833024558 0.462234907561133 0.393312471173193 0.573861112255116 0.507472583425969 0.519646098814542 0.447797051393362 0.244715062188228 0.488082224571048 0.425944623743786 0.347338036536184 0.374657717952715 0.25297346992177 0.414407489335795 0.561428693610085 0.494887758165398 0.319136528079834 0.496642380899012 0.480046827677345 0.452774230701876 0.389247517794758 0.424236940677381 0.451716663767449 0.494171999154642 0.38905628564254 0.291883365195805 0.475187603482546 0.546013712162614
0.768376487113116 0.700866762568002 0.899190188514429 0.810937621885029 0.667586365935032 0.530987069989782 1 0.802577021860782 0.824649565220876 0.494394172582637 0.660248407148383 0.57056204840925 0.843266768746514 0.675215452957674 0.749394429491076 0.637802391130337 0.659395396322576 0.707763097880891 0.745110743460745 0.665030104072756 0.135426888593716 0.103599119849646 0.81861021202289 0.687418354795117 0.739585378340536 0.730260110063443 0.60051460273423 0.485129479336324 0.617144276530191 0.642037388528875 0.637094471529584 0.658833442745504 0.785083130442713 0.654079628293376 0.547816030672796 0.407439981252121 0.604139305865496 0.64284618626052 0.668608821831137 0.540029740622517 0.328670081882415 0.330482613670143 0.733670326891954 0.725649869696107 0.67081671416258 0.641824911137127 0.713930371102394 0.712470811563278 0.664988014129483 0.590779265024036 0.665106970115628 0.615071463896767 0.582714846272045 0.586742307502746 0.738441193122515 0.723963658836095 0.689612661897806 0.710485952185864 0.807581722703891 0.684066988856088 0.878545784390849 0.629012760301425 0.641232574122455 0.679681228442951 0.747724361626744 0.813556961677649 0.80879798066554 0.796240436633931 0.656530791723099 0.574772907320399 0.55264233480972 0.567365807508162 0.429949982994746 0.542460834920452 0.348679078668597 0.41485436465668 0.513688659439019 0.466885114081737 0.531617221835482 0.704892128659127 0.717957094001915 0.720928598156512 0.521943765210431 0.625522005678854 0.778579144854105 0.744478336265333 0.626667448690224 0.546444362831894 0.793120117600478 0.739927895844491
0.766181807185891 0.733652034051064 0.658480246623904 0.878610615531791 0.410532121502728 0.676571201896411 0.802577021860782 1 0.695072040215949 0.758930606040891 0.665000917202292 0.768785520174863 0.77534257696493 0.870568199196519 0.641399459094048 0.823710364974374 0.715609316062104 0.750658552869485 0.747041087264024 0.807399019830874 0.128807117643154 0.237069840865281 0.678464888865291 0.747029135139081 0.527780327683539 0.692104321061546 0.456939183954347 0.402567193150328 0.739844253553418 0.827160827056957 0.617711553413338 0.735088950365693 0.787752887905021 0.821601724187162 0.385274086574513 0.304684215515569 0.548204934041856 0.63107896047727 0.606450693114443 0.474134434252673 0.296394752060836 0.308778984453586 0.781493081075888 0.802028289741558 0.678039932617065 0.676273036524469 0.753588044586309 0.760632263137186 0.704128568979503 0.636294616911839 0.705048067944202 0.685346609375536 0.664630031497072 0.672418044617018 0.731949890184374 0.763158792520875 0.676435148638674 0.721551424523826 0.77772695036952 0.748230894114359 0.756185177605294 0.874635098749599 0.73319809794589 0.777089859150862 0.500150514234184 0.819341179304613 0.655942670646637 0.747969617654886 0.672977006898276 0.603374643745794 0.549758803901859 0.596036172973165 0.455043815607714 0.605495153015155 0.333374236624078 0.491436679638337 0.608284349765429 0.608760054116596 0.528623303799152 0.762996986481704 0.763814001723302 0.731369464946536 0.612785022450921 0.607846619286478 0.687621015631038 0.755119195947757 0.522450151625766 0.511678222714027 0.662511578653853 0.7967983578711
0.626175195949838 0.552202721281495 0.79123652873391 0.760962667346558 0.72512641997759 0.550781914375733 0.824649565220876 0.695072040215949 1 0.59833600173809 0.529231946824565 0.443550491915046 0.812332576799112 0.60014323176922 0.797360792304725 0.700781476742269 0.55051849807668 0.554730057356694 0.605260084969885 0.559161553946751 0.195368173534406 0.0355404310755579 0.806629741873707 0.721757767478296 0.712408875933389 0.704761352967344 0.599271614274627 0.427167333784188 0.524093937952379 0.555190824148887 0.677901586214579 0.707564890997667 0.718221008948496 0.573984012507803 0.585829717858382 0.421052257090174 0.495228187011759 0.54402827507118 0.554542105313841 0.390029929279153 0.219514651922502 0.313977701173444 0.623113778734557 0.596011224829865 0.547175140382473 0.48599731780228 0.552516718729125 0.56184323285211 0.511983936141708 0.428539016133248 0.5336052738465 0.448314180150438 0.478057851436066 0.504027778432316 0.567273909831883 0.563695973750952 0.545708136740078 0.566010929398255 0.667977757346567 0.50572809139944 0.808387841817495 0.579052037626287 0.481293893700027 0.504715475219499 0.712459851798113 0.717424809650763 0.696199255959947 0.624499792787083 0.621379861908337 0.404712259893735 0.503688211637695 0.502805602520114 0.358254524686273 0.446524530909122 0.30338497794877 0.328931595797052 0.553883353745425 0.491500978906671 0.463616304246396 0.596189992205398 0.568442692277371 0.556805932882744 0.487354000038504 0.536884814647325 0.642704835432489 0.611489661280794 0.571637521437666 0.445527982109866 0.73935098985354 0.62160654489457
0.522503493958997 0.48074193744562 0.42373106802096 0.667025230171699 0.331351303818766 0.680439632598067 0.494394172582637 0.758930606040891 0.59833600173809 1 0.421582072655774 0.568021986332523 0.603674332016104 0.658098017001897 0.501080049896948 0.725099822012308 0.519351149017286 0.520840226342769 0.521621070011839 0.607622183908938 0.113789912896376 0.244741491672006 0.468383049108537 0.568175774488353 0.371691163134452 0.596793207380175 0.361908480994017 0.245810545729185 0.524598125541249 0.612760609965294 0.486718558522603 0.608208622749383 0.578891373274562 0.651161026004011 0.314050882253908 0.203842805213141 0.364748128036024 0.486964859899953 0.382026869904242 0.289063586910632 0.206107387856844 0.213778950978618 0.597301309338716 0.599519263068379 0.522042993931576 0.459926796439655 0.518386755979145 0.524222464175329 0.527914315088107 0.460133589863816 0.563067495433909 0.496550239346366 0.553400148614888 0.587253604303533 0.474082908435732 0.516425196921814 0.428113211822562 0.498664357354398 0.574058690259301 0.531761706789126 0.526119816880378 0.756620428343836 0.477650968809992 0.545867273955095 0.305619135775982 0.591171599158575 0.432009456782703 0.469785801455458 0.568699391379126 0.357534593217036 0.546930051798946 0.472184805145409 0.41715018133594 0.455027738933229 0.246170081862935 0.498810482402089 0.612359968666699 0.629761051198229 0.365810204023149 0.580655250000377 0.571169474410928 0.479035376943625 0.531080952472645 0.441331980422224 0.444103764293759 0.516802702633009 0.360782973336146 0.306286798852559 0.528988652788934 0.627720980908332
0.870039791972021 0.845607970977287 0.584003692088118 0.661359758531784 0.288930735603076 0.3617781302809 0.660248407148383 0.665000917202292 0.529231946824565 0.421582072655774 1 0.816324994699675 0.79574405542875 0.791486826683555 0.568035061577998 0.61477137979804 0.774939065088353 0.810843141061557 0.827962214793481 0.73292643020724 0.0166571794856783 0.114511228595176 0.550164794145449 0.560734265123767 0.480014647996373 0.489900083990482 0.476944465881083 0.368495252686711 0.769577827286628 0.772659022688256 0.295011632595186 0.409982900823436 0.635971080326629 0.519761663846743 0.200640090673514 0.0785245762633981 0.52482262235587 0.544430151867615 0.596730517360388 0.580269898017832 0.406349219825109 0.359928302764174 0.646780329603701 0.688797699911881 0.556424334139117 0.628238346390788 0.707763958782892 0.684364721262879 0.642756181128025 0.594725966015815 0.64757402501776 0.617435388667491 0.619513255287648 0.454245123292143 0.731057142455225 0.729691245843478 0.80038679263042 0.79885292577191 0.659706087116562 0.651346209050242 0.7478577530975 0.651422508812708 0.815478115508897 0.801665404904318 0.435535203577194 0.675400981621817 0.504429409295759 0.621593250440331 0.610802206698603 0.747773882932243 0.296756891546907 0.414123560707786 0.423535922785654 0.593803837763591 0.393706139021724 0.46775778226673 0.293733906713703 0.309086840480351 0.680141808061309 0.746699172370867 0.772025516566317 0.785720553703083 0.58199292890511 0.654134678333325 0.757923264591981 0.773472316406798 0.609240945027579 0.588906713429906 0.723984993730827 0.737114587833958
0.826492879394907 0.844088251020129 0.502194505818481 0.716344937721333 0.165387539448633 0.405665562930488 0.57056204840925 0.768785520174863 0.443550491915046 0.568021986332523 0.816324994699675 1 0.680156691085501 0.919999656076938 0.479035091459597 0.714328843497268 0.758453871738815 0.802093963612685 0.787690883576387 0.784021839336781 0.0856610043589496 0.186390274410993 0.483621101569985 0.579356896752166 0.44729588008392 0.550273425916223 0.452194787467365 0.383390472213818 0.742895636782157 0.844558195783785 0.348541324001364 0.458402847121689 0.628408767259387 0.56091773321792 0.203374765816242 0.0878316371450763 0.51177871710675 0.543706580459604 0.638308922543089 0.62389936299371 0.390676975647455 0.344427534781054 0.665607583181463 0.727381386566103 0.561286279550776 0.654986912729463 0.74300405440985 0.713547089217253 0.668484614073506 0.651815702740916 0.718102773704325 0.734979145622661 0.716348190679423 0.523234034350135 0.769319373941026 0.785398604709479 0.769325873229444 0.803131788738746 0.673327489052302 0.790686720680908 0.672368107435734 0.821261918393283 0.80437759566353 0.865678651530694 0.340548006105958 0.704079944474124 0.468409094418241 0.637557569633342 0.599138971604985 0.724850622861674 0.290358549631451 0.422674691793268 0.347342296467554 0.614181439123031 0.393045992669236 0.464210791837534 0.278492495994217 0.382151038704511 0.606097034958108 0.742857209416069 0.776850178748155 0.804591292493689 0.627499590793584 0.651130574217044 0.716513205215693 0.82311565287228 0.574240348917043 0.564252036676121 0.670736261020879 0.812566104839024
0.797906760242148 0.744782407516522 0.738738840557741 0.778897279856609 0.59496859242676 0.468966220502614 0.843266768746514 0.77534257696493 0.812332576799112 0.603674332016104 0.79574405542875 0.680156691085501 1 0.777224573852807 0.779849690387845 0.683275990769835 0.706197762632562 0.73503636415413 0.747033813325203 0.688538672604199 0.142695473215045 0.0991191651662794 0.729918447351926 0.663333350923079 0.608255499783286 0.624455410818213 0.542063799940284 0.411290016272522 0.656769374889571 0.700336283918188 0.503536185811064 0.584959585867262 0.72386103536511 0.602060849212403 0.410208684627475 0.226592056563582 0.537049947114248 0.58099431524408 0.579301382064088 0.51013473848101 0.336664840813453 0.336501907347529 0.698835385394765 0.713667748623823 0.60242651995487 0.608022345529433 0.692398828619099 0.67945358286214 0.638293422223609 0.572481254770097 0.656173597721693 0.584808523940188 0.611469657877187 0.529166859241024 0.71756158710286 0.699990003093165 0.707864352445973 0.734058018756335 0.757880902902075 0.653586415431105 0.864616049621774 0.697207897593858 0.69588494756114 0.704382680619335 0.602304575170847 0.751333920462993 0.640499564916477 0.665171931095722 0.668233988458551 0.593157982227954 0.478447398767053 0.521138440422124 0.458259566616753 0.541980120248276 0.346301900979999 0.421530243596386 0.471320138887813 0.474595986022506 0.578856605038227 0.720798805172117 0.718360425058998 0.70704481663003 0.595508343907939 0.609550135601127 0.739752810241496 0.720675267729348 0.611371436622386 0.524091962058893 0.797792094446134 0.728000124727967
0.831506391731162 0.841487795928992 0.608586871139442 0.833750516336342 0.279003993665686 0.507828063803339 0.675215452957674 0.870568199196519 0.60014323176922 0.658098017001897 0.791486826683555 0.919999656076938 0.777224573852807 1 0.619461033110707 0.830949332139109 0.761528352462229 0.807256144577452 0.815384989040959 0.827527739611622 0.118355077160669 0.154693835215465 0.632798867821734 0.749180837135566 0.527520287289773 0.634052569702797 0.483919923212512 0.412447180597825 0.774940935548177 0.879634165614706 0.476397810917103 0.613135619002971 0.721070237101038 0.647632537283812 0.315724121045311 0.208231485100582 0.527648304159449 0.577868563397568 0.674127832539966 0.588977986268386 0.361470966221755 0.320152796043254 0.71842577309895 0.764414967197659 0.599690310376496 0.668563870570239 0.762734993139478 0.746075960330596 0.678965028624978 0.633477986459901 0.701293428063436 0.69781143338278 0.672801939221233 0.54404221150119 0.782981485508366 0.790399765771931 0.762649229281907 0.786125462504114 0.715619235215764 0.749393979012017 0.742164961211382 0.825104261748394 0.769035607671006 0.823924385564542 0.456736835199152 0.783216814248146 0.567581089296252 0.69283797475047 0.658608709507763 0.703403850713886 0.34179073092631 0.48341155249212 0.352361113031842 0.592907586083469 0.391404976036217 0.46100083280075 0.398023912314751 0.444721308580338 0.625879923176942 0.783484385738846 0.789759650420006 0.819077188915883 0.65628178114475 0.674879979356005 0.739919444200713 0.821328131165451 0.602344375742817 0.601091753558176 0.699914100334107 0.813476860247478
0.665910839527945 0.651465411332437 0.820448024359936 0.77211086589756 0.687509389809181 0.495113831156385 0.749394429491076 0.641399459094048 0.797360792304725 0.501080049896948 0.568035061577998 0.479035091459597 0.779849690387845 0.619461033110707 1 0.732637934307438 0.607262248657985 0.616816624017351 0.641137481400627 0.603609952193973 0.239679115683855 0.0398140570516954 0.878245291828909 0.768684663573435 0.733516284844648 0.706144745109366 0.708722668608071 0.438344202362602 0.554151992084236 0.582116092577847 0.6477666824354 0.717294829616365 0.705647638113171 0.528210143734177 0.616145201272183 0.416616994714507 0.585722262474822 0.559656805371514 0.594093099285921 0.470277788018698 0.296204674039399 0.292702436116643 0.628856499250876 0.62078297677426 0.552178479467245 0.525596072134022 0.614437719078488 0.593125725060152 0.553787601343776 0.484947512229355 0.526433090869563 0.495922524341409 0.46719262496767 0.44085967038062 0.617748510647833 0.605059767643897 0.668322446688259 0.649364768240659 0.61025835457936 0.501522107887471 0.769228741904725 0.531061366856742 0.521804380892503 0.539576838404831 0.781114730973166 0.71816680133119 0.702383115792687 0.636497020607935 0.622430108766064 0.509545178968641 0.39512538891294 0.388906977957167 0.262012472458747 0.402931760811775 0.2261320075116 0.269118375551992 0.406904365387284 0.363172905753589 0.543491851476793 0.621328547163132 0.609103326172959 0.644520690174253 0.569054265193097 0.621519542721968 0.736318233427148 0.686122587594737 0.639826995344017 0.596503374473927 0.754725910317312 0.662514827728689
0.680149766731433 0.681495426830402 0.636597583146158 0.806391787428694 0.430649590502537 0.647102491910555 0.637802391130337 0.823710364974374 0.700781476742269 0.725099822012308 0.61477137979804 0.714328843497268 0.683275990769835 0.830949332139109 0.732637934307438 1 0.694601145726491 0.694532692150112 0.71158341327355 0.784096269527324 0.216221998805523 0.216782689832201 0.74696780382601 0.864230019841577 0.594856998538239 0.760066138648754 0.578718545969841 0.401367971503947 0.729440473583822 0.812219337127289 0.696397614017513 0.803863775802289 0.78373002947993 0.734064823791516 0.464445438832753 0.335478565098759 0.567170686890911 0.579279010167768 0.634559949675533 0.478380595549737 0.362677681967612 0.355173097629754 0.726557494357118 0.732349624133204 0.619508036351406 0.608061233637834 0.680411350680877 0.695460600061278 0.614526049712658 0.550390304496804 0.61106568204951 0.597764562957412 0.599715209877877 0.608938386654185 0.665315656197681 0.686887579185001 0.641834085110594 0.660263230130896 0.61752221378906 0.601042339133418 0.662261433007444 0.759609234235713 0.648875617750513 0.689671365315495 0.546942017822245 0.724512030316729 0.619005529770568 0.65703896030157 0.653959491598592 0.537401418896856 0.489700667918889 0.534348057408086 0.375645501958283 0.54596263773323 0.357906180835434 0.439821467456509 0.583080553217777 0.570742349244926 0.562841434974791 0.743385492380769 0.712172111812677 0.696394267698892 0.680229156465301 0.671106595746752 0.677824367752366 0.731258283514503 0.620585464725321 0.613076585491861 0.643994018622511 0.765418343618253
0.893733733257751 0.910810403942621 0.643407203929173 0.713267916782563 0.365296368123141 0.425664507725397 0.659395396322576 0.715609316062104 0.55051849807668 0.519351149017286 0.774939065088353 0.758453871738815 0.706197762632562 0.761528352462229 0.607262248657985 0.694601145726491 1 0.951813030095645 0.86999745085301 0.871869126909415 0.122223936588944 0.260424037966723 0.604085461927721 0.635549943114642 0.618005878629523 0.654880920966583 0.591339940711657 0.35771249988961 0.866547932871311 0.880206340964873 0.464378112113682 0.555519747311623 0.804988218643421 0.727577823922939 0.395688249700639 0.199984384816415 0.645086109207135 0.683115645048434 0.737666930524928 0.614556982057248 0.435227391302668 0.457150681981735 0.838667946120736 0.855289632646029 0.793928616498429 0.812910521999694 0.878859159799798 0.866146604104405 0.826723654492502 0.770523531989975 0.790926991454991 0.766471448951908 0.761575681646463 0.709531998342252 0.853140735212978 0.850444180475716 0.914474340430843 0.915394461265872 0.74927144199388 0.765210625415205 0.728695191431591 0.674440547641858 0.85338937011334 0.897604843078977 0.492449001678131 0.728506114433677 0.649759815677963 0.751791071481882 0.801807798894292 0.74785238555179 0.453984646664726 0.508557363309748 0.351723391995746 0.526375990503491 0.433072424583567 0.475937983589531 0.498937136361614 0.540872184059238 0.740670454571851 0.890919932402271 0.899839697135982 0.860155616157196 0.747270759897562 0.796406413548935 0.815581175206304 0.843401521106218 0.660984710801416 0.609990147445111 0.753667848988756 0.838905259755435
0.91887120984892 0.934480402176396 0.694006035185041 0.749998261698039 0.37093711742099 0.433150352178093 0.707763097880891 0.750658552869485 0.554730057356694 0.520840226342769 0.810843141061557 0.802093963612685 0.73503636415413 0.807256144577452 0.616816624017351 0.694532692150112 0.951813030095645 1 0.888842246257916 0.869197651817837 0.0958310384175526 0.254430904446584 0.630772661220795 0.653155250024561 0.643732925763216 0.69217244431125 0.600120575238243 0.41706766791368 0.87321648315462 0.902043042567541 0.475018776332164 0.566053076196389 0.824169573939279 0.730572544729665 0.428660499879315 0.238565577332386 0.665134968470915 0.71106293836525 0.785585091988419 0.672151617669204 0.45547829774909 0.430499688044103 0.857138501837933 0.876747124013434 0.800508428520408 0.835611794386547 0.90657977616726 0.887246482693588 0.848307392720109 0.799144411550657 0.796155099238664 0.784177900292908 0.750099656276236 0.691765127395522 0.886314956802527 0.887323913720966 0.927748421570552 0.94396581674286 0.777016198570894 0.800995111674101 0.775559204817136 0.700414407946422 0.862672045386482 0.931927129792137 0.557753920124032 0.783452090886168 0.702999322811177 0.801997604353162 0.779851865588392 0.773734798670875 0.440562830294523 0.528015249685092 0.391309907589004 0.582774802813889 0.411562297370545 0.491497349952747 0.474006939665794 0.515198435915973 0.75371168466841 0.923181805431762 0.927705018786692 0.913208003920939 0.773866709293114 0.817172540093698 0.862314604311707 0.88521921910939 0.719388656722546 0.635055180401044 0.782805687146269 0.868973846100655
0.930306024016762 0.90207064053721 0.711790177834679 0.74735219448218 0.369849527226705 0.409263100238102 0.745110743460745 0.747041087264024 0.605260084969885 0.521621070011839 0.827962214793481 0.787690883576387 0.747033813325203 0.815384989040959 0.641137481400627 0.71158341327355 0.86999745085301 0.888842246257916 1 0.875923706452491 0.111193372121889 0.193800805731529 0.66279744131435 0.66525603101322 0.640537415863577 0.653723573228147 0.621118156895918 0.375312280757762 0.812562774184736 0.865478225575589 0.510071082293985 0.575593555164712 0.789042104215225 0.679711235495443 0.369924010682635 0.200747114303109 0.650066768728527 0.678221094101597 0.734429725791744 0.646332943053418 0.442515780467287 0.445243060841554 0.791609845704657 0.822158869637083 0.711801960582474 0.750950787657983 0.832429323288614 0.819173143258554 0.777972390782209 0.721314651092741 0.776869567990839 0.754647061930876 0.73676762061967 0.659871501267433 0.848571520074824 0.855337324098509 0.859211452532131 0.868070134423167 0.744775496472487 0.764541792956502 0.759749680646741 0.656857047545064 0.766834139166526 0.841873287780233 0.511697521043345 0.726514713150624 0.64201566725947 0.723098420948609 0.784766108943137 0.793528091677257 0.442102183704938 0.512089837505808 0.435694607485407 0.614572606709739 0.401230219409419 0.49046252449997 0.430546469687936 0.439738351621752 0.692464157471671 0.862151888660175 0.872016783340395 0.867597826042676 0.652994939775947 0.753028144870557 0.81270785176146 0.836775588003397 0.663185916337805 0.659632762693859 0.770288053661288 0.836712146485518
0.844516033405573 0.854671363154934 0.58954008424971 0.754738799640454 0.341448259935147 0.456348598307771 0.665030104072756 0.807399019830874 0.559161553946751 0.607622183908938 0.73292643020724 0.784021839336781 0.688538672604199 0.827527739611622 0.603609952193973 0.784096269527324 0.871869126909415 0.869197651817837 0.875923706452491 1 0.146787816184109 0.302732912906417 0.619185507649949 0.702220085294313 0.528769052277339 0.616463204646184 0.509142347800419 0.310926011886487 0.871303273363547 0.915754412442815 0.575350488989831 0.675796867909358 0.844716167431422 0.799932019934452 0.354055102534904 0.218090505246603 0.569729179011723 0.618583128207126 0.684685558307359 0.525612216275939 0.358956204883385 0.360850023313699 0.823764984457158 0.843998961990224 0.733458241835491 0.767256095709541 0.82951723582395 0.815185941260153 0.777622721010141 0.710152945207603 0.752849594633644 0.72888890558888 0.73928580789044 0.692012582385914 0.786165529715327 0.808899575195991 0.801456495663038 0.822507083827486 0.708160719931596 0.754149758870137 0.691310927416981 0.734296872872114 0.769897808710844 0.835425288776941 0.435968970842864 0.694242134510574 0.592216902675071 0.697187824578405 0.777152457321931 0.749584753718191 0.470223902829758 0.500260507729974 0.420689385201017 0.602288142662562 0.406140367226932 0.470532358900883 0.523337062297236 0.555558568843027 0.668326826412753 0.849070409366161 0.843094149881296 0.796122165495175 0.701302429065016 0.701621629455627 0.72538673630755 0.777472457376352 0.587147628880002 0.573878456789257 0.67321884330944 0.805131033861423
0.0689042933259692 0.099237129826967 0.202182248195011 0.180409116861279 0.160956388725674 0.103972305769675 0.135426888593716 0.128807117643154 0.195368173534406 0.113789912896376 0.0166571794856783 0.0856610043589496 0.142695473215045 0.118355077160669 0.239679115683855 0.216221998805523 0.122223936588944 0.0958310384175526 0.111193372121889 0.146787816184109 1 -0.0599330733477803 0.283417236612701 0.263042034901882 0.216252381682892 0.287389913324362 0.228600009469125 0.0618924253319158 0.12439449646999 0.125236380203633 0.268333002319042 0.269979132954914 0.215568976825187 0.17818834656513 0.188147457083079 0.138137119215388 0.209545859932455 0.147732754589574 0.178190831565662 0.113702169685892 0.0627256900411589 0.227572198417787 0.130077346640545 0.131533952747729 0.0931244468190171 0.0824671524172058 0.127709518799999 0.0940518006226902 0.101916807761788 0.070509850680206 0.0708393377298202 0.0414220709904824 0.0358033559068242 0.0709519517417955 0.154308246864598 0.113887448526917 0.0744431581506146 0.0620580660264838 0.0348652582559902 0.0701356378919852 0.0819392366896962 0.0751156965830908 0.0323497700194872 0.0769611358519806 0.182860059435539 0.0882129173928147 0.125522508274311 0.113342623864225 0.0848290448522707 0.0314785631511763 0.170629905353174 0.0412296702455971 0.00200208642339188 0.0590457761873307 -0.0228551574199429 -0.00841679658603046 0.116147924830787 0.0417793440023454 0.150492185975755 0.155554765554598 0.15490976429772 0.138024993509397 0.234872408626611 0.269585334319781 0.138064794464904 0.093247141310578 0.239019917403594 0.175839442232971 0.123113507884577 0.079897510027227
0.148179141151257 0.164796337271664 0.00438935072103518 0.0406446488339207 -0.0483459889721158 0.222613747579146 0.103599119849646 0.237069840865281 0.0355404310755579 0.244741491672006 0.114511228595176 0.186390274410993 0.0991191651662794 0.154693835215465 0.0398140570516954 0.216782689832201 0.260424037966723 0.254430904446584 0.193800805731529 0.302732912906417 -0.0599330733477803 1 0.0051957907432065 0.0670115032498256 0.0447248951400875 0.100682040239289 -0.0614249500120305 0.142729826175407 0.320458101487179 0.307139210209818 0.296054790833833 0.201336106427119 0.284932541792109 0.40146193505755 -0.00657222956653754 -0.0213267392336335 0.208082858595312 0.245133296838658 0.166491677380869 -0.0136725021394313 0.0994588893379268 0.235825033305472 0.389476943115202 0.349261383360831 0.40933805494956 0.355457971791342 0.323815956714288 0.34115995641527 0.370360699670029 0.341214318028863 0.255947739834553 0.288636147125507 0.307879823974221 0.456609658808246 0.206233507313241 0.241795718536813 0.149032253033551 0.184971214228729 0.277855606152131 0.291422428222019 0.0562208811650714 0.28245017391543 0.2563326074683 0.270879834114763 -0.0990610759788102 0.0865024113036781 0.127008498388326 0.180830139696091 0.230392988089832 0.166443669150859 0.339082384677506 0.324267079947112 0.174798999063813 0.133054512240286 0.21325906595013 0.303104494697847 0.400984289726801 0.419643774236012 0.140886047014007 0.276320332892597 0.244462864573804 0.142747526876576 0.262056125811444 0.180216341349037 0.0991832000149136 0.145495218450922 0.110542941438553 0.0016786700985497 0.0963909947184912 0.247263664776382
0.65205438218952 0.636895159632498 0.893529947634364 0.819024454195878 0.687464154179478 0.48884051806817 0.81861021202289 0.678464888865291 0.806629741873707 0.468383049108537 0.550164794145449 0.483621101569985 0.729918447351926 0.632798867821734 0.878245291828909 0.74696780382601 0.604085461927721 0.630772661220795 0.66279744131435 0.619185507649949 0.283417236612701 0.0051957907432065 1 0.864065133219307 0.823439402484271 0.77416986032118 0.727231426926042 0.475554207281305 0.561916205152352 0.601411352255727 0.739181946836039 0.809978190469124 0.764684914340992 0.586531300866399 0.704820364421621 0.543781777794992 0.607125171259714 0.543638094414081 0.64785679483986 0.504332037329616 0.337654044919089 0.369205694247298 0.636252418066614 0.617357894492966 0.563064002624923 0.524737923780303 0.609986579055148 0.604168341686511 0.546177352971598 0.452521252824187 0.519963706085917 0.474450422828302 0.444889342324717 0.457235904476932 0.635744872203895 0.606715144532201 0.639695816189587 0.630948169489473 0.605912881634386 0.502394666009235 0.775096816936914 0.506740235917792 0.503944854227916 0.563884785246522 0.852129240398518 0.753361175828629 0.786487499432163 0.720449044391329 0.607090976370303 0.473765873576158 0.414389315605762 0.438791376870964 0.302604145354808 0.431667327342725 0.26688639320656 0.316474123717867 0.446737078004341 0.362434712594477 0.578358535472139 0.656220847642055 0.644130188833244 0.691951756596231 0.591348787903867 0.665496359511689 0.771819129685117 0.700362649422607 0.671913001426239 0.645564570484705 0.747778033173927 0.663367895016922
0.650390518490937 0.671984438054671 0.749180338930776 0.875710647924609 0.480460924761903 0.536712548901504 0.687418354795117 0.747029135139081 0.721757767478296 0.568175774488353 0.560734265123767 0.579356896752166 0.663333350923079 0.749180837135566 0.768684663573435 0.864230019841577 0.635549943114642 0.653155250024561 0.66525603101322 0.702220085294313 0.263042034901882 0.0670115032498256 0.864065133219307 1 0.715962044659885 0.789206224890321 0.621679611823598 0.424136568089755 0.632487928232591 0.688342131831479 0.697833800419062 0.844085319613581 0.775570448046636 0.670357367905389 0.617151186417032 0.532767388517996 0.483849324541446 0.492041188673149 0.607458593506635 0.483786137845517 0.269590548710207 0.365381844449226 0.64910126977329 0.650591761426894 0.5468664626449 0.542428659508267 0.627893175086338 0.639789540321056 0.546092787724189 0.454374868577898 0.545048581111584 0.504699003412965 0.498167801069479 0.481206891051077 0.642476866436587 0.629281097570761 0.635355371925732 0.64497146959317 0.576788797480803 0.518750856237997 0.699234770085741 0.626534521131986 0.552980204150036 0.612997866316112 0.727701021587534 0.775839893566374 0.711731734358403 0.732166637968671 0.593508963555954 0.52159297826547 0.363611612201767 0.43992978553424 0.26349990135512 0.482602985953445 0.280059370801184 0.361707162465079 0.470232207670309 0.436255682274904 0.571844385661066 0.688416648521768 0.638093489628692 0.69682045464003 0.594092714466685 0.660056281383901 0.716011323327691 0.728313260620048 0.596243337289219 0.635284960986931 0.637341012328685 0.688539544645056
0.666331981505197 0.646596181232739 0.89456534023234 0.709337345174385 0.609033758230021 0.400614167675236 0.739585378340536 0.527780327683539 0.712408875933389 0.371691163134452 0.480014647996373 0.44729588008392 0.608255499783286 0.527520287289773 0.733516284844648 0.594856998538239 0.618005878629523 0.643732925763216 0.640537415863577 0.528769052277339 0.216252381682892 0.0447248951400875 0.823439402484271 0.715962044659885 1 0.822614197354808 0.787895493549183 0.43851564279483 0.500632764848478 0.53815690369107 0.655224800506609 0.667988858167981 0.70404803360998 0.482724989060245 0.786415573244291 0.563446474875801 0.608832984356395 0.620979084047621 0.725002938200012 0.587765365705842 0.344825745305373 0.428630957107844 0.640614164127298 0.611401549582305 0.613280895116967 0.567474038530602 0.644005137898345 0.622355327265939 0.5925001667322 0.521195342304574 0.570992713129428 0.530524933017068 0.497214341770518 0.491558659011089 0.672489048295352 0.633233351746816 0.670548286720139 0.665327687996268 0.629323479618861 0.536851160563432 0.707318327694709 0.416501833094907 0.494882742867493 0.58087211538942 0.829675035721639 0.735099384816996 0.839867929836003 0.765604486324261 0.586203730459307 0.459430820080822 0.404259077606864 0.442184461554982 0.250869349502111 0.415279258564853 0.350240863148629 0.337736766402973 0.36668829244032 0.359313416401845 0.571647572089682 0.638058173461902 0.660519426078189 0.706761000663648 0.556758732513412 0.684768689370186 0.775258434099174 0.716114438093572 0.645293919482945 0.549058382202196 0.768251573744771 0.654227808918904
