1 0.7676719272216 0.632403937571386 0.470234476561444 0.582324648036358 0.353604805823908 0.724828965393823 0.484800297185338 0.641332010235681 0.312213302404138 0.708661185341251 0.462165560940862 0.713874596225529 0.395120787295243 0.541123923010085 0.328673360066113 0.744227768499604 0.765946799120964 0.789735657164634 0.689045148301504 0.104725243845858 0.315867549466369 0.404604163495707 0.345177658938016 0.413086151028028 0.273266159155493 0.337665211390282 0.263606092388661 0.631465684410018 0.625396989470492 0.39828343718945 0.281352456553534 0.702515529685547 0.550040162018868 0.340088705092213 0.305217613344338 0.411569283634749 0.459728732127208 0.319311327507646 0.207416912834874 0.532573586575914 0.215083162169991 0.647056232941983 0.546635046871063 0.595987014999831 0.561285993781139 0.645462568533845 0.639922078021903 0.654752983403217 0.61545078351435 0.711890739380236 0.633837097619775 0.593827171152406 0.666055656868708 0.72786469623571 0.735602883371134 0.811757428784306 0.77909880657915 0.827377688154841 0.64531060283789 0.807362265681795 0.388155012022347 0.672962455549106 0.65285965245603 0.534001853627588 0.327219964692975 0.678546884647143 0.537617283100298 0.636571146578615 0.672259153850159 0.602563409926034 0.568328481276852 0.629823385965755 0.687840765753501 0.12219865128913 0.427056968306161 0.257627269395384 0.536144075445462 0.616150192140867 0.695327965657868 0.728140258543542 0.692799683746715 0.412896412250632 0.154944098035062 0.714394624532963 0.416229657206334 0.416354217917986 0.339325560948211 0.717853713245448 0.518905920141593
0.7676719272216 1 0.561881730146295 0.605939870461839 0.506766629606573 0.472397858321097 0.675182322208568 0.621863788516221 0.583907888365318 0.463884222402594 0.53471710014634 0.638302155660843 0.494201508630722 0.546735023690683 0.447914679760436 0.421970888405913 0.728205926092333 0.825651362540687 0.713840277152405 0.76637779737152 0.164770106114599 0.338392087357263 0.351881263386898 0.435736145208029 0.346606765600894 0.336734038779302 0.354260529811904 0.246120036336911 0.629676238065159 0.734486614806153 0.437540828444857 0.385013245672 0.646906946014425 0.676202769094118 0.261765431340258 0.275709275992325 0.442253128926319 0.41242309565179 0.245467467186949 0.25632593924034 0.529903202034309 0.259118778206161 0.555622486288335 0.468801014542907 0.53056344454331 0.578932314741149 0.561892909209454 0.566018713195776 0.638165593579198 0.635967227727902 0.693728588792595 0.661631458110896 0.614186694424401 0.661975730603641 0.691047007111597 0.667451346912349 0.731710839313288 0.88240717708609 0.65815393965599 0.716764210613072 0.622907583730795 0.47191798748569 0.608097550956538 0.816391918880908 0.436384641738317 0.412613421993185 0.573357012810222 0.593293298624622 0.610981864178536 0.601569602469572 0.682751530965079 0.617953157429404 0.596908778563685 0.725578063370867 0.0533331683879937 0.506074601808539 0.306085762058544 0.556495042576139 0.643896658199083 0.700140646922714 0.749423776894877 0.801088298877172 0.376814603339661 0.274777225412576 0.624800536849149 0.538136028444377 0.351539061421833 0.385926739876222 0.657909827238071 0.605032676702502
0.632403937571386 0.561881730146295 1 0.563199927184101 0.765210069273457 0.416134940866995 0.900976584538862 0.432327374668056 0.770829651106564 0.377046484994738 0.619819919074863 0.316633614543064 0.700702466292602 0.162899718823138 0.71611121498926 0.418190761442126 0.514219431460146 0.53094795356512 0.614971676018616 0.410589243311564 0.319020378606443 0.304142892328025 0.804139032976743 0.536190182637139 0.7891899611387 0.562827149331717 0.725598529865204 0.395819287582871 0.502868122397476 0.477027931862931 0.731957434779074 0.522992279356904 0.814478766741081 0.537584995889573 0.59281071779674 0.534723437499096 0.483037700105821 0.42612665992689 0.421015862200812 0.268326467879429 0.52850340999143 0.243122378447085 0.326072073424653 0.252468570206982 0.322907853118048 0.269916569711088 0.306065443353325 0.345172033987585 0.349686441143032 0.340977010037758 0.421327498099379 0.369500192073041 0.326957325705609 0.464261158760662 0.55514667998906 0.583362348698566 0.544916356928921 0.663214083916852 0.546697358800496 0.381986892625603 0.637457066846048 0.389840660278354 0.406136436122536 0.389462752375908 0.88203040615135 0.596817789572934 0.720217683770926 0.482882617227265 0.516898255396953 0.50195295913807 0.544688518143852 0.381257201735413 0.520347125676776 0.512212942771235 0.101534432696946 0.437010844578637 0.155470288932284 0.346635102084136 0.500774193827246 0.544595243655168 0.574609677232353 0.62771899759693 0.496915221142126 0.177532576720145 0.802418746846718 0.526450459452023 0.507510003820556 0.423111628608688 0.742353359366409 0.553522101739404
0.470234476561444 0.605939870461839 0.563199927184101 1 0.418733615162862 0.709259659317217 0.666464886711654 0.886675534014097 0.517050031792115 0.77039767675155 0.4341400137225 0.524300653863807 0.199087364704374 0.554204934637774 0.399419073700684 0.66172874970467 0.519261644843227 0.489423805187586 0.502209873781661 0.563368752409221 0.164965401100961 0.253239199630304 0.496313331980912 0.850409500270802 0.41340362981189 0.66118536622451 0.441908176585577 0.476947934948974 0.422804169654696 0.579483910374385 0.460406292920958 0.710887125189909 0.582111333396379 0.720477752381608 0.270867674348073 0.430367868168465 0.306503836946434 0.315057625485163 0.174366119587255 0.281803257320369 0.508645286232022 0.230526914203099 0.231152089830514 0.174093069494931 0.186965294146031 0.202397519298278 0.162040501740787 0.281683975807466 0.386176414534177 0.260455024043795 0.363972273473048 0.329789954310353 0.27492513906175 0.416837414941023 0.35178872777059 0.486548842355415 0.531359662774644 0.640238061692515 0.444071181175835 0.576740214699435 0.416289049382412 0.752651891507285 0.420178950246395 0.641994047407417 0.506501884076449 0.846558973860181 0.454521187155927 0.538175416588821 0.539210938106666 0.482662057218994 0.539752812639346 0.431003281024219 0.489921550338848 0.525353688748335 0.165537214332463 0.358862239395488 0.305225951460944 0.447694719962956 0.52390082296921 0.489159423292324 0.587313897438449 0.703839440964772 0.361901950899233 0.315590767406775 0.599705908579907 0.791954188211318 0.315507302789612 0.554924555013001 0.543288351375895 0.69459336095963
0.582324648036358 0.506766629606573 0.765210069273457 0.418733615162862 1 0.429842816750745 0.782996701319899 0.369279360653726 0.706713230640897 0.353975222568511 0.595289597171972 0.24793631023863 0.625421958821987 0.191035616981334 0.717235923035784 0.415052195666712 0.469088799842872 0.489012080232596 0.65483275877429 0.413586832426815 0.176530525955442 0.19483687335128 0.656848536070559 0.446070857740073 0.617768454838795 0.390636885595723 0.644707044295684 0.366272888476222 0.517558437807709 0.486462555443345 0.555239601075399 0.346330203344712 0.704088685619176 0.44833070006211 0.46524525696747 0.386487791600892 0.468912514529242 0.418732136746754 0.3443293949082 0.0940297026391521 0.477346531900456 0.192062010674735 0.305558069201716 0.230384048834289 0.340814649891715 0.307295644381191 0.292095465488821 0.304725665105493 0.384439945478191 0.388392862909333 0.450050796405726 0.388454031507138 0.320923112086966 0.475053903343504 0.517141005605708 0.500786009676441 0.561500289009037 0.605375018573827 0.513834853905973 0.417403706010978 0.499076821585443 0.359057169302731 0.398912582356515 0.393904961136707 0.667778351124612 0.424658296257455 0.657259432587032 0.442715533804416 0.526040974144269 0.559618446248743 0.49900166508504 0.348903506965599 0.437097453095094 0.458043390787358 0.136782531159516 0.500404538405375 0.0815225313363982 0.376670420252325 0.472564260121664 0.47444345391745 0.469916822973815 0.540759174157052 0.456420447843194 0.0574189920333547 0.678213944790859 0.369847148451227 0.391997107722933 0.403484598489849 0.610328132269283 0.434254563332694
0.353604805823908 0.472397858321097 0.416134940866995 0.709259659317217 0.429842816750745 1 0.50036894426327 0.711699942129142 0.432211727829332 0.72505345152991 0.264090784099207 0.364784144949785 0.181555940681634 0.485940142969185 0.400234126434093 0.717467804212032 0.34524754346141 0.344113193178634 0.427694895140298 0.408610823552556 0.113839051946043 0.169682385651163 0.354535215121924 0.643949521741496 0.265857656323866 0.48056240465932 0.367140066989109 0.508846878147575 0.24438072973017 0.41910314938474 0.284205599405856 0.484498269150479 0.445393541368013 0.542968448081965 0.19578383504476 0.30092864504609 0.28473777592535 0.233196668327178 0.101416448744808 0.119819044036963 0.392869131845551 0.213770730933051 0.119040982472485 0.0935503990108368 0.145943646641594 0.196756043108891 0.0659437477372873 0.192651547917779 0.24506171726647 0.243243555026473 0.231204557412419 0.253686232030796 0.197084575040939 0.369000520265584 0.184968422417176 0.270024979029493 0.436888597127314 0.488019562650348 0.294043576661321 0.43476804775116 0.307504153306966 0.661483912126191 0.241277997537117 0.441443638971533 0.380966453989763 0.64195618490823 0.349734107431293 0.411412956722834 0.441505050997992 0.414836622299604 0.378818677685724 0.295600654792489 0.304815395451695 0.395457972042364 0.106800787999412 0.304328533533833 0.214396369536964 0.347595740631215 0.408270659101996 0.358224363869801 0.377282956563503 0.474100858865559 0.216092395515374 0.139036148512384 0.402027262534518 0.59903849265939 0.139753107074353 0.403436733497264 0.369321222286273 0.504191670436682
0.724828965393823 0.675182322208568 0.900976584538862 0.666464886711654 0.782996701319899 0.50036894426327 1 0.616361812538402 0.805685776642424 0.487291620332712 0.69289604830299 0.442184920458097 0.662121381279881 0.343554461411095 0.707910239040718 0.455456521277698 0.634529729302926 0.632617908025701 0.780917189415416 0.616381818302536 0.25206524107871 0.329129080231244 0.737675135525294 0.58010916865284 0.635259578446417 0.463816258400625 0.615483898218065 0.396523543690765 0.641897801078947 0.650923118613996 0.713740786076157 0.537934259652159 0.873971351060151 0.708216266801128 0.509799229493702 0.480748139777181 0.465390500838312 0.4623686808689 0.368762792945546 0.213336252368944 0.563156201395406 0.200728577536609 0.442984335122309 0.360538840905393 0.451200979976199 0.424929772096872 0.420450125688915 0.453672748495444 0.518381269738515 0.466060555419005 0.54445424414072 0.476202693572537 0.436285379213308 0.58153290675648 0.614012850551085 0.644194041925532 0.628694482134697 0.728142450112993 0.648387745068308 0.580502287917956 0.681496347399302 0.516237997614105 0.560587540477445 0.632883774007016 0.804146824625069 0.596973127664173 0.750358729694882 0.602698018041369 0.581596329640136 0.609114175302396 0.625698038165065 0.49726380631457 0.597321618269955 0.632303239645789 0.14912873085941 0.489323097043003 0.243269363839963 0.460128301668712 0.595836078900603 0.630191477901459 0.664330582251303 0.728063380383039 0.538954131821887 0.203823954609051 0.8314457392444 0.563216043143263 0.478452559820858 0.478205945433602 0.770983805476495 0.618879248845695
0.484800297185338 0.621863788516221 0.432327374668056 0.886675534014097 0.369279360653726 0.711699942129142 0.616361812538402 1 0.471273692929612 0.739083228060309 0.379360070556429 0.666972781084213 0.21614763663572 0.721375108265141 0.298017163499049 0.627839187009412 0.501523501781823 0.485531528182693 0.509636697843438 0.586371963259604 0.0941066013489952 0.225362900940116 0.320369130017835 0.701429547707143 0.196446939812647 0.451678167750924 0.281269850250325 0.288956270365817 0.45418688100615 0.629323228695062 0.342206699751805 0.584427786543678 0.519445090729039 0.757819329742222 0.213499959003644 0.327144256424972 0.232704141468137 0.272040652084203 0.0621309889524636 0.194555999892566 0.406144415478114 0.212439627983572 0.302303323803394 0.273818959587434 0.315407434086559 0.408376094773657 0.249092062155867 0.350499265061762 0.44635722314478 0.413528380308557 0.450309533241835 0.451296072623229 0.340343450024253 0.476185394151839 0.356313143094809 0.458801044750679 0.492338878411451 0.586480257000032 0.502148437564838 0.693475868083602 0.438324091942256 0.81232774453113 0.37094378032562 0.708649829226854 0.373475127368002 0.71362229464461 0.439897327174838 0.638362617638921 0.434366914004913 0.396927258252486 0.453083829625301 0.436206163376274 0.438373220914656 0.504896891444321 0.131603324778796 0.27197902803559 0.323078339472626 0.434426977351992 0.48796019927648 0.474221709038454 0.531190737057466 0.64025429309082 0.245517688118368 0.261997199725209 0.476980638523026 0.710288784942177 0.179598244276586 0.425210569874016 0.428617162271316 0.646394734821184
0.641332010235681 0.583907888365318 0.770829651106564 0.517050031792115 0.706713230640897 0.432211727829332 0.805685776642424 0.471273692929612 1 0.544984233405352 0.634564346554451 0.424852107575579 0.691805982943322 0.276210873475358 0.746599109479395 0.40490939527683 0.447364359886211 0.480470009304187 0.611896853806389 0.426115646407214 0.153942610711079 0.25684954782033 0.566168443426183 0.424721998266449 0.512095258267705 0.317198878243541 0.578666722720102 0.300675789912573 0.469517737428261 0.413396805173065 0.426651190843648 0.3352933011103 0.650629886886176 0.450523937476882 0.45702710111072 0.416350325743313 0.395857869335729 0.357167047998742 0.280511112471625 0.0914441659702565 0.353642672961989 0.198936979454755 0.360199084087168 0.270198806965363 0.383877293386576 0.369686994326536 0.372502014767532 0.372763931264205 0.431450580166796 0.464630600862658 0.496559649970214 0.474398526983151 0.442249472412825 0.576197308119456 0.592557801478486 0.541753524971455 0.556066370064176 0.654637431956338 0.633556562278228 0.538131146524904 0.67555144786623 0.515948216315685 0.458983598097866 0.540585613943982 0.61789253477153 0.430595160565452 0.584318962068215 0.441067050012808 0.52363966908651 0.495332272030112 0.420569879617197 0.423358209386694 0.40526303033769 0.413390281961787 0.0887190845011719 0.379593216491774 0.139284342228104 0.391720176177844 0.424006547318042 0.469256195801451 0.512028220492181 0.535370721734288 0.391463367514825 0.0225501653284898 0.692505770568068 0.467032054573098 0.485440702228542 0.287449841566829 0.754186569461934 0.617478418065554
0.312213302404138 0.463884222402594 0.377046484994738 0.77039767675155 0.353975222568511 0.72505345152991 0.487291620332712 0.739083228060309 0.544984233405352 1 0.327612775103909 0.478588972523333 0.193863336412185 0.537981784660951 0.384688034443639 0.669378995167658 0.261818794819626 0.284351752211958 0.348693653968322 0.378016529924829 0.0380846866037664 0.0263381107530073 0.332577598601912 0.69356712335774 0.164183404717032 0.394234734084159 0.334395009488117 0.387360015368536 0.222660636550643 0.365946479113262 0.206248610290934 0.4561138838339 0.355427703632513 0.452360934625315 0.132577854396523 0.218661392258809 0.0986215771601129 0.131279613925278 0.0237577058328813 0.0597597615072346 0.285533838113061 0.150138316418775 0.0368739233255213 -0.0227886608429889 0.0511766377805235 0.111906787399797 0.033252455658744 0.067137131896034 0.236511370581512 0.197403738075552 0.239381858096038 0.266313802815134 0.219493583692282 0.382413591716257 0.195232056212987 0.249896735969871 0.381856644534873 0.491397830837417 0.325558714437254 0.466950919598584 0.37795786111133 0.790533271932233 0.289378061086708 0.556048895467556 0.323896878118766 0.59329067758353 0.227651527144389 0.280736879043947 0.456773490356742 0.307396457602013 0.280604878289838 0.300428552285362 0.202990783957454 0.297164623457889 0.0587331042771552 0.230852711383186 0.227904705814425 0.289049473950119 0.301038425426754 0.292308961579858 0.333779880175124 0.491393511439419 0.164260136466728 0.156256892757795 0.424860538445275 0.706786605154077 0.237901420460225 0.479881120228021 0.428324612302911 0.687497201246757
0.708661185341251 0.53471710014634 0.619819919074863 0.4341400137225 0.595289597171972 0.264090784099207 0.69289604830299 0.379360070556429 0.634564346554451 0.327612775103909 1 0.516184466754433 0.746774018886676 0.306841970063935 0.574141035793526 0.234156742477966 0.575107549508659 0.604472421105547 0.732774553454821 0.532400134389897 0.0571062178503542 0.266387943935068 0.449660872331925 0.340613113882695 0.423923566147161 0.207406967176296 0.329325940762859 0.388681954005174 0.640684771683483 0.593062020287674 0.388312308068298 0.261007265293275 0.688071449276465 0.511473871566626 0.278161671742644 0.33412698562927 0.291045794821398 0.321007829131611 0.157554726316798 -0.0574075960129184 0.453315887227764 0.16218686942005 0.326555428772839 0.29017574427688 0.262292491864087 0.270541226642015 0.302220437590004 0.330848053958787 0.367065773621677 0.296819020871752 0.504747057894207 0.370231035957965 0.41850464519519 0.472020547412159 0.540152875971127 0.501080129457401 0.5707200969363 0.589002482454037 0.621215814915726 0.3873475944352 0.701344984008695 0.414732811458433 0.663131719803467 0.534665485170271 0.535014235419829 0.299557604582618 0.498641034272705 0.381705431824435 0.450456941700095 0.618032483815065 0.518790757738059 0.36370904901469 0.633775490725303 0.658107848198718 0.165965185914724 0.570412362636085 0.0272522109152906 0.359347577886065 0.505880736495384 0.554789893881976 0.618732525345247 0.617290701465238 0.396782477343939 0.000359272171821754 0.659785820071372 0.287857235060826 0.367098871805829 0.347906335818504 0.668701904686007 0.524071096716991
0.462165560940862 0.638302155660843 0.316633614543064 0.524300653863807 0.24793631023863 0.364784144949785 0.442184920458097 0.666972781084213 0.424852107575579 0.478588972523333 0.516184466754433 1 0.439114085164681 0.775516489797899 0.236030025458463 0.386901426764177 0.386730389078421 0.493779372329203 0.440325524286192 0.518871166708697 0.0474325224664341 0.143671172330889 0.118407312392027 0.29483923684264 0.045577085086386 0.0914856962621814 0.139669743689032 0.135203704528143 0.462037407084377 0.575176251110242 0.170339528833181 0.247722366484798 0.394816238191016 0.476295023569189 0.0681002389903409 0.0973813874167608 0.230098118312758 0.0985708872763767 -0.0730516500191512 -0.0242760609040801 0.278492869388861 0.204631361325874 0.17832269112445 0.155781284034122 0.163597227327859 0.31943942218059 0.207119516917085 0.232386257695553 0.330981402070112 0.378068399638509 0.441889508552111 0.475170238888277 0.343976806739374 0.406154277903984 0.340751468753249 0.335457950064452 0.290690899354005 0.494972531397218 0.533447397516579 0.542999210227763 0.563722223232685 0.641257312271238 0.416601177708741 0.674849002646858 0.21424066405434 0.261150256828573 0.228012937593412 0.384868516906881 0.275356679063687 0.291167869120625 0.347247699550758 0.409355071436522 0.388871548822725 0.465536961203334 0.0422494029703837 0.216237888872035 0.242796652616203 0.305083302485258 0.369159280742664 0.396713891726203 0.435764838007711 0.528718541779805 0.0915156662253701 0.160910918188073 0.381156881771246 0.460280317827363 0.0519458829524927 0.189004574808272 0.456081005795392 0.635919932157343
0.713874596225529 0.494201508630722 0.700702466292602 0.199087364704374 0.625421958821987 0.181555940681634 0.662121381279881 0.21614763663572 0.691805982943322 0.193863336412185 0.746774018886676 0.439114085164681 1 0.277384609219466 0.69298845172619 0.236102925036259 0.455110115013164 0.514744029098801 0.597957064175101 0.38257847879992 0.152533614189192 0.224641690788154 0.473691767116633 0.150725994415178 0.473485494673881 0.103602894223578 0.414969772731691 0.179970143826757 0.545342774391708 0.4138451538521 0.386962589420082 0.137352719349313 0.611628804119858 0.310325145580118 0.386888563480555 0.318998875505654 0.286292774298156 0.29918612260617 0.265424904035167 0.0534345773784528 0.343673660534256 0.164017725194942 0.331290346903801 0.313163871815829 0.327608198812637 0.338991821104174 0.4017646381228 0.356417718663209 0.324060397525559 0.381514662492129 0.482010792134609 0.44971149190623 0.384087900506709 0.471083784597057 0.530128848592252 0.498574282807131 0.431710723486645 0.530894393828161 0.626212415984496 0.327499273741637 0.739289947273135 0.300467754347268 0.46613487330472 0.351505170147626 0.621383857367169 0.148184913937511 0.509102256755026 0.323514922981187 0.421723567823597 0.44083298698845 0.351759331342812 0.242318888817405 0.482220620288158 0.444435874123258 0.103465942666536 0.316380358969403 0.103462066310589 0.271013988242548 0.380230552381067 0.49877237103253 0.490855929416812 0.502344243652409 0.313134872490943 0.0336928003683518 0.68740873604939 0.27781362909005 0.40538928483692 0.235088393617752 0.653307202132445 0.485373708295999
0.395120787295243 0.546735023690683 0.162899718823138 0.554204934637774 0.191035616981334 0.485940142969185 0.343554461411095 0.721375108265141 0.276210873475358 0.537981784660951 0.306841970063935 0.775516489797899 0.277384609219466 1 0.282943893101066 0.629713748715663 0.331605990284607 0.386702063602315 0.35731206615421 0.529332925761709 0.235989675681955 0.144487218352483 0.16732791390552 0.452011726069704 0.00718798966962578 0.162944225945515 0.138460712579801 0.0957699102370435 0.413917978159449 0.505284841556999 0.212579262266181 0.406471209100277 0.315837531867539 0.478058410070721 0.031801402060599 0.0841616770404431 0.136983174804235 0.04698977026321 0.0120046557488807 0.109475834499507 0.227049650573433 0.162495939468026 0.102237567452392 0.0938271094026005 0.0868677693118498 0.247935888280052 0.156746474917366 0.183649612264149 0.241907836162472 0.276481026680519 0.282674111414427 0.350186341718389 0.269505681554174 0.297827172057295 0.205380860132448 0.218281920872965 0.250715092384933 0.393497044737969 0.370053724400638 0.508300388596297 0.407485661333608 0.650105018117207 0.356631584497479 0.619931614304777 0.183133075203213 0.349590684872813 0.139628817611262 0.357576351406344 0.273599063966635 0.126114198174465 0.308427957959932 0.305447795867577 0.303189091660542 0.35193283026256 0.10957469245543 -0.017040181377055 0.412614951447551 0.293108123175162 0.359167555206191 0.301762841237818 0.373019771174896 0.49126342759595 0.126672746314919 0.353074415243744 0.361488660277992 0.65213132631842 0.101183162892324 0.379185644386674 0.314122824609994 0.609783506139052
0.541123923010085 0.447914679760436 0.71611121498926 0.399419073700684 0.717235923035784 0.400234126434093 0.707910239040718 0.298017163499049 0.746599109479395 0.384688034443639 0.574141035793526 0.236030025458463 0.69298845172619 0.282943893101066 1 0.589910387171665 0.421883032564084 0.391829107623382 0.574925205010214 0.407344841777308 0.344428823834429 0.177687840703999 0.782216812587439 0.538980004697909 0.649555192457791 0.424510199287153 0.621560784079344 0.296494268124616 0.478135491446154 0.32048884715939 0.588252676120647 0.460170985619045 0.623603440146142 0.351132863412353 0.469526701157709 0.380300697894133 0.30861618960332 0.303061318141363 0.409123667581204 0.180027417995898 0.399642461228247 0.193996013263057 0.228246426797261 0.140373841639366 0.197751066481658 0.1504071019647 0.279888878489936 0.240830710730159 0.271801644125563 0.276015869740724 0.306255084611374 0.259450669149046 0.313220379449919 0.390000307379992 0.408631251228664 0.41088805344015 0.442221950972114 0.550188948875335 0.421539576031342 0.2779377340776 0.494522103473986 0.374011729873237 0.36437896626682 0.297728798108544 0.697011173933873 0.4185876914331 0.47051923707095 0.25326887059044 0.541587411681818 0.408774990635244 0.426976319665173 0.224447320778587 0.458832639293818 0.363417127073296 0.215250555446814 0.256535456319134 0.197362447327077 0.30580876202195 0.421296863443255 0.384828059499648 0.422692169252946 0.490296374387889 0.441331660466414 0.141981484361062 0.760094494960582 0.506633300494141 0.527726888957221 0.518319643850225 0.61936378476019 0.515220500151983
0.328673360066113 0.421970888405913 0.418190761442126 0.66172874970467 0.415052195666712 0.717467804212032 0.455456521277698 0.627839187009412 0.40490939527683 0.669378995167658 0.234156742477966 0.386901426764177 0.236102925036259 0.629713748715663 0.589910387171665 1 0.315945671890717 0.290428759014865 0.361074376340184 0.391265358637376 0.364736835825527 0.0438768758477491 0.58449678941583 0.791130909177184 0.386778553575667 0.53765850849724 0.461322210674009 0.323731809678345 0.294308095028823 0.371571500701547 0.470027622974405 0.665838807033463 0.410294468831803 0.441772935464989 0.250491061417268 0.305147657628362 0.241985080954073 0.132564155162084 0.234534224366297 0.221922114351291 0.314984027964496 0.141649416252678 0.0307504287684849 -0.0457008171137495 0.00680720401897453 0.0388142448009565 0.07611282932031 0.109524027870682 0.134487752943115 0.144717809767972 0.0946032802318316 0.130752058748161 0.137399873826267 0.220831895708689 0.142444160914194 0.204571145474208 0.348980187434412 0.457361285822902 0.211349351196444 0.313032805650214 0.292804168303138 0.634653358125787 0.207528305479434 0.332202846259496 0.478207398357506 0.618081065049153 0.268483280920063 0.280950506152129 0.459957207960711 0.231828702319463 0.337073909086371 0.250677725770568 0.319980483146752 0.289516349980954 0.161279980088336 0.0568663900475997 0.269858911587104 0.237265102026817 0.379038652500545 0.242923024322055 0.330303897175501 0.468950207018631 0.231760875432302 0.320708385132196 0.517490420129143 0.752732723792963 0.311516376873471 0.619520321150982 0.372861258083297 0.561952820600674
0.744227768499604 0.728205926092333 0.514219431460146 0.519261644843227 0.469088799842872 0.34524754346141 0.634529729302926 0.501523501781823 0.447364359886211 0.261818794819626 0.575107549508659 0.386730389078421 0.455110115013164 0.331605990284607 0.421883032564084 0.315945671890717 1 0.842616612126431 0.711097104345703 0.784232137207325 0.215144856994299 0.413742316164106 0.430397172209163 0.466607916591583 0.449759263601447 0.406549161298687 0.336450318761091 0.291987669734315 0.779507126038817 0.750291286877189 0.48294651732334 0.437846106071814 0.683184049725314 0.694190997874533 0.286814853931772 0.370998841239247 0.439280815730335 0.461803438323912 0.267707959228482 0.321578249817101 0.539827570434161 0.216924497262559 0.624175665491783 0.525611704221536 0.541047644303874 0.549343882263601 0.61630644420405 0.631319710374217 0.556034499302034 0.483981982716318 0.543653557463625 0.451460090311002 0.498052951725305 0.560490968676694 0.629938676961968 0.674736766650887 0.809584017398443 0.714438825923583 0.563852735110011 0.557768231710596 0.529207154610256 0.313030889028545 0.72870331807951 0.683818045321175 0.455168001258401 0.384722015811582 0.613917002475865 0.6112822502426 0.586768583245734 0.684786252857556 0.637679988101141 0.459129826874953 0.709121453436728 0.695404535351418 0.212960198477484 0.438510245614834 0.27412306400995 0.518118262157275 0.780594564374503 0.830631992424751 0.869247476960341 0.793980382157445 0.503549059351772 0.319731595778427 0.661877413761538 0.404223248341876 0.413670891584552 0.48812751916215 0.579094393841446 0.428650019992168
0.765946799120964 0.825651362540687 0.53094795356512 0.489423805187586 0.489012080232596 0.344113193178634 0.632617908025701 0.485531528182693 0.480470009304187 0.284351752211958 0.604472421105547 0.493779372329203 0.514744029098801 0.386702063602315 0.391829107623382 0.290428759014865 0.842616612126431 1 0.73910383739567 0.788444108078574 0.163224842458813 0.344495536439039 0.379486954239774 0.377649690903485 0.413987894017423 0.338677591023737 0.345787766693258 0.290068205028323 0.77797694984198 0.814445393859005 0.447562277483068 0.351219507851023 0.649093007628281 0.643188517754899 0.170039817968872 0.199394031074644 0.439470835033473 0.401375573924221 0.301831169141031 0.274870809399346 0.541856589556355 0.262629715849837 0.566805495247726 0.449280537519923 0.472632709514367 0.490168768874883 0.577505807750997 0.580263955483346 0.518166681070683 0.516950469939125 0.545852343750874 0.505456630543562 0.4942824590262 0.567547022565595 0.624366312074584 0.665529794314135 0.79177024983948 0.809846735168369 0.588379350674735 0.575999945267017 0.586909583863522 0.305935992003182 0.699462135982971 0.730310904121517 0.451326868817635 0.339345461453124 0.561831264969741 0.548622318140248 0.542811872336654 0.652261237241209 0.666699918694127 0.478702354078013 0.66520560105062 0.726129094311619 0.150207472801918 0.475389610509127 0.22653130748871 0.554529723260185 0.752750616182261 0.801980299193706 0.804546685722916 0.78058585573798 0.407846802996523 0.28770363135029 0.634198347503181 0.415661983944405 0.367459068777707 0.378812836407653 0.617899045374203 0.54410276146549
0.789735657164634 0.713840277152405 0.614971676018616 0.502209873781661 0.65483275877429 0.427694895140298 0.780917189415416 0.509636697843438 0.611896853806389 0.348693653968322 0.732774553454821 0.440325524286192 0.597957064175101 0.35731206615421 0.574925205010214 0.361074376340184 0.711097104345703 0.73910383739567 1 0.767074544467844 0.0729709651599869 0.276000080097795 0.492340017231137 0.408864354885524 0.415655744397971 0.264667334764782 0.344963656027328 0.314886290405513 0.676283816487996 0.729485510786316 0.510500603028505 0.357223549971937 0.765373014906854 0.688894993225883 0.290007575703772 0.273056858946361 0.325114910349358 0.432209093043788 0.275276102044391 0.148835666325343 0.548743896431506 0.197185131646526 0.567383675683738 0.519072705902329 0.533721526686312 0.532016774560772 0.550719266349254 0.548599008098897 0.597554284818858 0.50977889475491 0.579634268393463 0.490989123666011 0.48866447459038 0.559561223112803 0.583311236906662 0.606242143268547 0.708054720541317 0.693370066643121 0.602405591280786 0.503660808920914 0.584140910100678 0.39176955671457 0.609990067240392 0.635675236181853 0.51726866334522 0.35281932276499 0.587209443459419 0.541822429779809 0.574129110650561 0.699609785755844 0.657278659728324 0.493763496872731 0.703367886679277 0.762308583905139 0.242679256835467 0.54349445988601 0.207465929295808 0.461205006440353 0.605204303784712 0.656434944361648 0.664946857479695 0.677266209721679 0.50176897743083 0.122805979053983 0.663203079850508 0.348952745635865 0.402001606079897 0.417655177953514 0.588369553697093 0.49710624656345
0.689045148301504 0.76637779737152 0.410589243311564 0.563368752409221 0.413586832426815 0.408610823552556 0.616381818302536 0.586371963259604 0.426115646407214 0.378016529924829 0.532400134389897 0.518871166708697 0.38257847879992 0.529332925761709 0.407344841777308 0.391265358637376 0.784232137207325 0.788444108078574 0.767074544467844 1 0.166605002922635 0.290564748528616 0.352261154692752 0.452022329106279 0.255619998129668 0.269084396827436 0.246458530824258 0.20289873544718 0.756751537058905 0.782079660030729 0.458450351871795 0.418719243144341 0.623445509851991 0.710156934211361 0.152372415219903 0.202077637311896 0.310411463961535 0.372385950046957 0.239792262762913 0.290967326888369 0.514031650944451 0.151971877078412 0.530258867369107 0.439552202512642 0.46492211401048 0.505982317246903 0.55056807020262 0.532189920809332 0.567190192044908 0.464798000430293 0.506272126483385 0.465739669973152 0.510991603633246 0.554832079697707 0.529039849288676 0.596584113006302 0.660702385467466 0.676933758444645 0.524542605540469 0.578610429101626 0.460032345602145 0.384735841671976 0.627581792841314 0.771575259136902 0.316211855678233 0.322662055413256 0.45646624893607 0.508669406764097 0.633434975277839 0.637098045296318 0.659119723245709 0.512296664751615 0.639061157003544 0.719205238316933 0.239796942081158 0.356498964738166 0.406759631416149 0.543363431489753 0.706799563495959 0.715508813453966 0.7226085814124 0.753324462747607 0.461679172228647 0.321474145836155 0.563707151929218 0.439131336341562 0.289860391034365 0.414491664692025 0.518574769590904 0.499384670308347
0.104725243845858 0.164770106114599 0.319020378606443 0.164965401100961 0.176530525955442 0.113839051946043 0.25206524107871 0.0941066013489952 0.153942610711079 0.0380846866037664 0.0571062178503542 0.0474325224664341 0.152533614189192 0.235989675681955 0.344428823834429 0.364736835825527 0.215144856994299 0.163224842458813 0.0729709651599869 0.166605002922635 1 0.194792972960832 0.419081761738144 0.31547652924421 0.474281424439765 0.474125944850172 0.395943122753823 0.0563694337321064 0.24245842208946 0.187016241284786 0.558769869928464 0.553395598582114 0.260521018583745 0.242413393421901 0.283933549075432 0.221266946284175 0.241281082903078 0.111147086019384 0.432985903515482 0.420920891828273 0.129294250431443 0.163498005261747 0.0674400612226849 0.008738379248416 0.0177466898197891 -0.0183264866847255 0.126529551844261 0.12227184830039 -0.0400245101609083 -0.0135770687466313 -0.10782561928242 -0.072605620405732 -0.0185821306478619 -0.0557887379775255 0.0950115702643758 0.0542717399892993 0.0179368777632966 0.0944119863398483 -0.0479790845651519 -0.000667847485961062 0.0896576683269236 -0.0420802557562241 0.209183132312975 0.104557038775954 0.368833588121196 0.269194659336408 0.158006714085205 0.154463059173322 0.000203303275857121 -0.147042333951303 0.25360074388956 0.0407710077051112 0.252176252627397 0.133315753132092 0.144900454570326 -0.151235139215731 0.211438967164055 -0.0351031377220149 0.245256784143144 0.121717337004483 0.216840322325227 0.263358615487873 0.284514181336154 0.486927966147039 0.349588127669548 0.421007547185761 0.31726546381432 0.389960800699082 0.161738644325247 0.197484857220541
0.315867549466369 0.338392087357263 0.304142892328025 0.253239199630304 0.19483687335128 0.169682385651163 0.329129080231244 0.225362900940116 0.25684954782033 0.0263381107530073 0.266387943935068 0.143671172330889 0.224641690788154 0.144487218352483 0.177687840703999 0.0438768758477491 0.413742316164106 0.344495536439039 0.276000080097795 0.290564748528616 0.194792972960832 1 0.18933319624659 0.175602381778821 0.299597769658045 0.283945542420078 0.233498497695776 0.31961966305362 0.359640428128898 0.361700304501295 0.322144781945239 0.341789628746081 0.377963480483594 0.421126182957187 0.186027295391907 0.372545460244717 0.289223100012966 0.303062125149771 0.209862344383226 0.264494140004686 0.26613622626424 0.101600889266978 0.301909408586586 0.340139851817222 0.28171576596292 0.308809859346125 0.276550682955814 0.329805514883631 0.250028169015019 0.226171163977107 0.287859353048302 0.23260411124421 0.274066454996721 0.257211154757719 0.381326278353001 0.384959745652622 0.337435743209441 0.263618006672003 0.23563125959173 0.288448333755822 0.23369615253563 0.0712020223217926 0.428203879230072 0.352722671313206 0.242137419665569 0.269424369899663 0.338402907762216 0.450354055373216 0.165136299469504 0.283238000480505 0.313407957988885 0.209676765317903 0.335334402945974 0.32991407273747 0.166329969748873 0.194878188975807 0.0964656706089938 0.254431235995067 0.359143317236924 0.381351244855556 0.484679181241257 0.417066444463784 0.272401944384729 0.113776576976988 0.299553494878267 0.197274995904584 0.170512936494341 0.0961981293799047 0.326879018968522 0.181989986327528
0.404604163495707 0.351881263386898 0.804139032976743 0.496313331980912 0.656848536070559 0.354535215121924 0.737675135525294 0.320369130017835 0.566168443426183 0.332577598601912 0.449660872331925 0.118407312392027 0.473691767116633 0.16732791390552 0.782216812587439 0.58449678941583 0.430397172209163 0.379486954239774 0.492340017231137 0.352261154692752 0.419081761738144 0.18933319624659 1 0.692960354623529 0.780824538577403 0.598111390113398 0.704200308182425 0.352258098727452 0.427454518527587 0.36276632338185 0.810103095784098 0.659727771211659 0.690871645347713 0.427598562814269 0.543986511191277 0.489216276179933 0.375882421851213 0.302050263949813 0.452729500897299 0.280603730740031 0.393984627528925 0.176196806243706 0.157336492421208 0.0535547836017831 0.127043806137028 0.0461806825833197 0.193793023438766 0.1914745422694 0.163508291890506 0.150902234230265 0.128588221838191 0.0974930980295252 0.148525701120205 0.250852243346071 0.313784042892151 0.351509842276055 0.39419984683126 0.488260030236359 0.268294051463005 0.185981450758494 0.375528766664497 0.340659377968634 0.281632239185021 0.206926271401931 0.848533251147328 0.596881639659312 0.540513587494789 0.291748059678154 0.471903658795889 0.354528049060775 0.417936883642265 0.195455467610392 0.423132680655392 0.360762569729488 0.186219438802375 0.235468056815427 0.170721725677122 0.208075399045999 0.430393952415179 0.364791422859474 0.417624486926937 0.514905595628777 0.525639445524472 0.314539255867589 0.762049334864211 0.575393242137778 0.58974730893743 0.651991412204237 0.550635409915227 0.475308092879225
0.345177658938016 0.435736145208029 0.536190182637139 0.850409500270802 0.446070857740073 0.643949521741496 0.58010916865284 0.701429547707143 0.424721998266449 0.69356712335774 0.340613113882695 0.29483923684264 0.150725994415178 0.452011726069704 0.538980004697909 0.791130909177184 0.466607916591583 0.377649690903485 0.408864354885524 0.452022329106279 0.31547652924421 0.175602381778821 0.692960354623529 1 0.524192483675885 0.748376077743446 0.512660056030707 0.443884692007185 0.36529493482412 0.452553031131224 0.592726646046269 0.828782742806345 0.543732993531618 0.618017271712473 0.327283409588797 0.517395774168201 0.31387432957783 0.334859426596829 0.274443044671995 0.31452471780304 0.44706765863603 0.221793733771272 0.106594330015933 0.0255013003773399 0.0872850114011831 0.0430997986011268 0.0801979997030379 0.14240874350489 0.251878409664677 0.129617872253713 0.168720495391907 0.129209471933175 0.153776630653953 0.262689924619922 0.232681168666929 0.354393612286281 0.449820444498109 0.526241748077159 0.261164646732566 0.359524582312969 0.264907907066289 0.653676670365472 0.299740708682447 0.417277734806388 0.565750283202441 0.800962373719214 0.401373206790355 0.388124198941708 0.540051584885597 0.401637883006777 0.461343360451372 0.270779911536348 0.432939254509207 0.412317977304407 0.228520666410246 0.228024112843312 0.267065207458909 0.354663651011707 0.470367094832546 0.358685690033269 0.457000972986979 0.599312632145588 0.417857988232162 0.388630670432093 0.599435752712712 0.772357464162443 0.39036359807147 0.718923998835526 0.446809985587991 0.579574444807264
0.413086151028028 0.346606765600894 0.7891899611387 0.41340362981189 0.617768454838795 0.265857656323866 0.635259578446417 0.196446939812647 0.512095258267705 0.164183404717032 0.423923566147161 0.045577085086386 0.473485494673881 0.00718798966962578 0.649555192457791 0.386778553575667 0.449759263601447 0.413987894017423 0.415655744397971 0.255619998129668 0.474281424439765 0.299597769658045 0.780824538577403 0.524192483675885 1 0.742442012385541 0.719537584496011 0.466609441404374 0.378384060684375 0.298327020383791 0.703550547598459 0.562425033077623 0.631054585360836 0.355451897181043 0.604215087254602 0.531535770738101 0.455015743659917 0.330356238816253 0.53670297106104 0.346006664543337 0.456662072932294 0.214959138041127 0.206222357388684 0.0863640969018202 0.140320349319098 0.00965086521134994 0.184398307935268 0.234951135613716 0.16135846317486 0.13629428545658 0.223533870451523 0.139176279550193 0.184599677185685 0.246389361219174 0.414280332619417 0.422687818408727 0.43095907886544 0.460195892755604 0.290884710225384 0.133743056771421 0.375678532579599 0.128752782099583 0.34000041285077 0.138348940096745 0.810495148687072 0.595373042132037 0.622261690412658 0.369793790708628 0.334968072103569 0.303601514031263 0.533952616081342 0.223724313269739 0.500364354642816 0.418209790479447 0.177654121599854 0.288774122132676 0.042597870495545 0.179794705772591 0.432037518783085 0.397081206320007 0.475895755684417 0.494534828448752 0.495973125958202 0.255501602592349 0.723318959775774 0.480656402178941 0.567229637604656 0.47313446704075 0.53716313311905 0.396341568553207
