1 0.755353873593335 0.549416041006695 0.519758721305595 0.181431317099897 0.212551297719035 0.689647286444707 0.424741248533778 0.167752504587064 0.143754254944769 0.649967847662412 0.511824540059086 0.204188799599179 0.151896219945439 -0.00792835311673491 -0.0611204369256886 0.638023103349432 0.551673362394675 0.757110511530422 0.603742569275665 -0.0793733498203226 0.179212739820745 0.170494234630316 -0.0616928322951704 0.114822211827873 -0.0732968378343223 -0.0608762587893318 0.149434072891327 0.542815105913385 0.579143203527894 0.293439017867828 0.0336621126168626 0.616164870082724 0.547993137737985 -0.0314358155722114 0.0308689626827352 0.346010950472558 0.111943124818882 -0.006122824218948 0.163547779956271 0.019629696184261 0.176853813594841 0.476903817107923 0.455757725348293 0.367896050542525 0.370876499891587 0.510357707326601 0.530138110546957 0.502949727903047 0.482890397987968 0.517056995603706 0.432572568700214 0.474089477870181 0.372353322444882 0.349622907060789 0.377749472341359 0.734072749886341 0.623313268377334 0.639878116084162 0.393729922073014 0.517662346563588 0.345409540767599 0.74618365775887 0.629727652610251 -0.0469923499245494 0.0310509519077721 0.488096882601159 0.13215872343205 0.648099443969646 0.505736757539126 0.458446759410413 0.578796056403916 0.538369425991852 0.61120553798415 0.406902726200442 0.211583113220788 0.52179472569573 0.375526062620209 0.4231811383631 0.57133333685582 0.695789288704161 0.526645129207118 0.33597497815076 0.0671717985221054 0.283348617712527 0.221037162083026 0.0759507090958082 -0.123772373155791 0.410330910528596 0.166332529263441
0.755353873593335 1 0.335699135997494 0.472174256720719 -0.0341678461106078 0.0342556566176251 0.4079577117138 0.227014052367194 -0.089672122366338 -0.0828220774955224 0.379326675081678 0.328000427125039 -0.151476840076962 -0.0941754906452447 -0.190214072738887 -0.236354438253238 0.826304944374606 0.773919755623485 0.659912179474022 0.607526824206643 0.0573823309018982 0.0703337023943003 -0.0365451484382076 -0.180863684128815 0.0204232221273908 -0.220493697668814 -0.0770816726484721 0.0334522480901358 0.518686259451857 0.553693665378213 0.297748551176641 -0.12020001687879 0.599576211450626 0.526644865743169 -0.110031703761499 0.069891760203725 0.241994800239653 0.19960279884709 -0.0252619139081506 0.00893483018803682 -0.161509693531273 0.205672520738494 0.423590981398711 0.46372934721452 0.42214676341263 0.455160942138618 0.541529126085467 0.562361434798206 0.514147582518323 0.522690854606493 0.379978712600242 0.346042864839621 0.36869029617824 0.440639315904031 0.333534401203236 0.302074739040644 0.881251746900701 0.891300538866928 0.530361423599204 0.253781919057159 0.139297041843972 0.144899111586128 0.736768135386905 0.752470113052235 -0.178252418592907 -0.163226615064583 0.297743518574962 -0.0118254987149036 0.550667138383406 0.443361712940761 0.307570678384848 0.470410216430709 0.436942784731398 0.520258834694013 0.279981340185604 0.117688601214055 0.303570933322281 0.240435233364667 0.427176180250493 0.574809238692277 0.689636667569627 0.414377609052545 0.205393494727255 0.031003553186806 0.0314536321195913 0.0273972619523556 -0.0120505552940468 -0.193230557521592 0.149372434884092 0.00624791030964993
0.549416041006695 0.335699135997494 1 0.73356880161362 0.408693118101477 0.147656471970312 0.870136369934719 0.377436604052862 0.381927459576845 0.118596039074486 0.238771255836884 0.00190391619079602 0.304378942712603 0.081669640379129 0.392262264225397 0.151709567101847 0.346628148047137 0.363982533714481 0.675451222979825 0.533870364456444 0.0384472998001998 0.214623133744522 0.711874306687835 0.372835484779866 0.36404646860204 0.200959806227558 0.132089285941402 0.16205541907254 0.343601954617554 0.329122490489019 0.574373120566667 0.473244130917485 0.735232707974267 0.595020039480577 0.442865542240698 0.356209492801698 0.344114986789218 0.0959017442220697 0.0788503470275534 0.0278220483318702 0.169071532366773 0.121219013425668 0.344058049315339 0.296083285766301 0.463103593718226 0.369736507276194 0.295711621976246 0.331746151877525 0.428822298938799 0.430008956862171 0.413100854115547 0.372612951327302 0.395005133292744 0.511459157406956 0.323807591820489 0.227104150424617 0.44299441695315 0.353779794599852 0.334453631174221 0.0924257230354052 0.432204859693754 0.157197876338775 0.531483264604519 0.333257819770368 0.468484939641587 0.333823855666676 0.648872365914132 0.161096326487266 0.55594812311212 0.480640930551745 0.569302622552778 0.54676239320511 0.470326716121259 0.416238301169594 0.339611698639116 0.282886455285119 0.609601652828452 0.220582763980242 0.318489356562619 0.402724919592996 0.453468287134384 0.586200209282443 0.393483206710474 0.333356728970813 0.666675902007447 0.392805870942197 0.252862527195416 0.217422431478888 0.657254863110115 0.257226567391463
0.519758721305595 0.472174256720719 0.73356880161362 1 0.284066796526845 0.270428668520801 0.69812092426192 0.639414537389841 0.177131210277738 0.177061614441409 0.206901317712276 0.137033342328719 0.0515722489482784 0.138131702234399 0.0519654557933979 0.0137463055686 0.539718042473118 0.463511498178515 0.59432215368156 0.552051971573894 0.00931468725955929 0.250727782316326 0.387230120185044 0.204644170161589 0.0655593969616581 -0.017212396631786 -0.00572370115469843 0.209484029130565 0.463155521875797 0.531843118880491 0.408839752415157 0.376649917905891 0.604044009271339 0.659507382257905 0.10890936349496 0.23053287938401 0.139795335855569 0.0748008726399867 0.00919335041077188 -0.00607645985190888 -0.0187043491701085 0.0337804785828859 0.235375023306739 0.253826665742547 0.354652447762273 0.352091565794438 0.27813013270964 0.325410365939878 0.414740816846533 0.43104223819658 0.406209442674989 0.399138136099391 0.366107176043487 0.502514763258237 0.250775188542606 0.170935446948911 0.510180081526944 0.452378237356407 0.384799731727342 0.214985665765791 0.298244185659151 0.429347028061838 0.626466295599418 0.536459275926228 0.120407928031876 0.287595991628687 0.450452379946812 0.151997767731819 0.572725771050541 0.550842291414611 0.438848938909202 0.578317059686327 0.480294611142968 0.484207174947871 0.345992319483502 0.359824629937863 0.462357435510442 0.235619898297276 0.49447268058339 0.560703959873451 0.589289248645017 0.586576643670797 0.291734749943036 0.0745389387852717 0.37650795977176 0.31973674547271 0.122695217351753 -0.00460956895750875 0.443194711093579 0.28488863883166
0.181431317099897 -0.0341678461106078 0.408693118101477 0.284066796526845 1 0.545785623531531 0.456147663672169 0.347796733922182 0.687483221778178 0.506963767916102 0.222109129043871 0.198403139676856 0.409111417615479 0.226607145935867 0.392423481263705 0.373681988280568 0.0521983710723611 0.140839215549191 0.170209976163682 0.00295868104244577 -0.208291406461341 0.200737489670427 0.421532700732785 0.269068482527795 0.255399161054898 0.248589669509318 0.0484189864932148 0.172284299849035 0.33182256800774 0.242360321086257 0.196714936688114 0.399030479081966 0.243183769371857 0.285266581314667 0.370202050494133 0.246591369510385 0.228934766751926 -0.0234236084969784 0.192415459926777 0.0425155382927748 0.0870972534754571 0.110758088939553 0.192248464339928 0.0937162437469446 0.233054262533166 0.116468127023691 0.074652172990941 0.0733287255799263 0.192193003700927 0.157541539249492 0.22109759573441 0.18370776394499 0.195787573708574 0.153627559007157 0.188300571734807 0.0089914759430927 0.115679031153326 0.0211785701704371 0.113291835310292 0.137102685098081 0.360683907030887 0.249185970662969 0.154768930185114 0.0393061331433235 0.317391611834756 0.388848586969078 0.328588742105765 0.128580557860941 0.200899891583747 0.162475907447266 0.279471616182724 0.216686258314254 0.031484846168743 0.00571233592439081 0.0760886420329382 0.137425379733712 0.269972075420856 0.0369535662022285 0.172567642681801 0.277560927384457 0.245108185246652 0.249525696889564 0.282897595569627 -0.0119444215142327 0.391329491619496 0.288525003686796 0.223425741020335 -0.0214542567168568 0.503466207422474 0.247383590841
0.212551297719035 0.0342556566176251 0.147656471970312 0.270428668520801 0.545785623531531 1 0.260477417847042 0.488793878217023 0.45239136743427 0.741724783032092 0.201062802458885 0.321564059104856 0.392719830770129 0.385383430062569 0.27228927095138 0.432924269400381 0.0213535105345829 0.0258104139739165 0.113362900126749 0.000872119386259788 -0.0943169922115593 0.386606059718488 0.271134711951051 0.259131215904255 0.334944241099827 0.283056008079488 0.243584183663322 0.498867443981054 0.283233865376488 0.204736516387499 0.0288368404250106 0.304859919180358 0.0715879113339216 0.21765484580506 0.177695557069241 0.161555930059468 0.138764668680001 -0.0319548434386498 0.14830762974473 0.163789809746185 -0.0182226308656497 0.0891645727675936 0.138636506012676 0.0398711689419165 0.0688286455260802 0.0174988312203004 0.0875410590843134 0.0120529257496695 0.0925412606369771 0.0485209801060848 0.219060159553458 0.1294298219807 0.215850073276033 -0.0169558986542968 0.125925871439451 -0.0229494475671192 0.107767273099327 -0.0736737804963335 0.0954640098441303 0.27201285817462 0.333653620946267 0.387875282084232 0.0911847964642309 0.00296987940323847 0.23159836231729 0.445431327652933 0.188067065329078 0.187023232890711 0.213584969829282 0.144365712359917 0.193216659557364 0.159925597727288 0.13715783924886 0.0408000159714555 0.0331343114721936 0.144558003631586 0.117874394327069 0.0988003966011838 0.090359497931381 0.200502708079178 0.225130871594571 0.214582976982429 0.307071384273726 -0.174353397476005 0.352467214232075 0.361670947167198 0.101969109225011 -0.0195195908396898 0.34526661737012 0.406182029566005
0.689647286444707 0.4079577117138 0.870136369934719 0.69812092426192 0.456147663672169 0.260477417847042 1 0.595691792394066 0.441270537105977 0.253506728041092 0.494250304856335 0.23267000330939 0.384025880822942 0.182685902989151 0.276397208638501 0.102442099251709 0.419471055181429 0.366175019384006 0.646569064118981 0.488792678919653 -0.00850248736449477 0.184479732615745 0.545058661684686 0.142711268802169 0.265895925747754 0.170916934244422 0.0101670459312465 0.204357601076425 0.462557067401399 0.445667511345169 0.425594230890585 0.30135948290181 0.678289086752888 0.627097378084787 0.298875755114559 0.282003196376327 0.303216270006932 0.0609273962829722 0.0905528498641401 0.0998286604912256 0.0541405080254398 0.0382158812402772 0.450986705846509 0.393537411099349 0.47599415739682 0.402916129336012 0.398769246800659 0.411568052368154 0.444284158912703 0.459929733949193 0.527234759823767 0.406123006398106 0.480664901609399 0.445907525531665 0.383730024931736 0.282283050079517 0.483553898020524 0.378433922656149 0.49980155002973 0.316063017418509 0.656273816487336 0.373941649896958 0.591539064911814 0.444360165915875 0.326496096752459 0.378898267569092 0.680285796763637 0.260568191519599 0.60539489121231 0.509122384794809 0.590044261409791 0.610708368674082 0.495932260328693 0.508289212807343 0.350049443454647 0.245612794384009 0.625998429155101 0.267068543043355 0.415904919011865 0.484452109217562 0.543128714113161 0.607364213531098 0.345541386139312 0.158126887781557 0.596056998641383 0.42736022831053 0.165639842709911 0.0448365610893332 0.711396919827062 0.3416945138412
0.424741248533778 0.227014052367194 0.377436604052862 0.639414537389841 0.347796733922182 0.488793878217023 0.595691792394066 1 0.366950263300826 0.547418168504856 0.485544266764586 0.562796990279658 0.329382440583668 0.560533971966186 0.113432135458312 0.286996561369077 0.285048743586603 0.147939966308569 0.25697947715035 0.207072062682955 -0.0686809196578851 0.102871652646678 0.262576266840125 0.14842577820578 0.0846270974053674 0.260154301925476 -0.0107289960613873 0.291260544240457 0.444655001099335 0.529196847377959 0.0724947771130323 0.292655882243175 0.292794426675008 0.546638543316952 0.12484411184344 0.282666981396496 0.19568594518329 0.107184065843587 0.263305490409154 0.271341589312499 -0.0573635978150663 -0.0522965899869714 0.284086240231863 0.289088474399806 0.225521567596173 0.209843597190167 0.235096891809285 0.253518810011923 0.217515448628714 0.25243105904411 0.512337131571875 0.348206406524223 0.338105972066222 0.0777522039057493 0.310671517725534 0.279781538222338 0.260946625885711 0.109540883006435 0.398271452874889 0.525011715267299 0.583825130895078 0.750483747138245 0.326542417935744 0.391303975066442 0.11471954385409 0.575871585314059 0.457408651592433 0.491806859397782 0.372268005252726 0.355726483702421 0.318515728157152 0.54140844065843 0.390148609197692 0.422670542478118 0.216096114237431 0.245903442373675 0.313156554644592 0.301281632208718 0.469149631549089 0.417355130940273 0.440789266057257 0.463418494794673 0.168623803592113 -0.124356281732469 0.314386935637208 0.546859085504871 0.108653611533419 0.00679225127593955 0.510940031135303 0.598072335933479
0.167752504587064 -0.089672122366338 0.381927459576845 0.177131210277738 0.687483221778178 0.45239136743427 0.441270537105977 0.366950263300826 1 0.654446043889834 0.321197649355417 0.318469835808292 0.492709070838112 0.312595822224771 0.493696979727831 0.391546285485063 -0.00599513008967684 0.0175337055234753 0.107134329419772 -0.0776928985303201 -0.190366465582795 -0.00862052438202612 0.451099070439595 0.289096320107422 0.352649030983326 0.340602869112398 0.138396359704285 0.0674682522594737 0.208557020703444 0.174143903169554 0.0480458095585554 0.305704836477775 0.141439021049247 0.23723900615295 0.42209214801295 0.302813925107588 0.259721779677891 0.1306601539207 0.294959986679154 0.12597529564895 0.102397957640798 0.0735764656103738 0.206269130062025 0.102171983983647 0.204288019053173 0.0677868817606211 0.0918293950640913 0.0586334884239147 0.143619410029355 0.124280596197348 0.350906763874135 0.207013261557684 0.284582463880035 0.020840532070603 0.267898619062655 0.0880047566275314 0.0535133762805955 -0.0676053476324621 0.151697119716114 0.240211069584923 0.538132267117166 0.366313692619983 0.0208553920825739 -0.0672555784144283 0.417534729969391 0.506166376814746 0.394111792714966 0.282955839413247 0.156474287258613 0.06014813614171 0.174582146971485 0.192059068836417 0.0762798965832929 0.0499918975491848 0.114282702729037 0.138115395099836 0.185052973180059 0.035228033189056 0.0215980100500597 0.142273461074767 0.165889529585216 0.167461030065571 0.263225597319513 0.0349507265132483 0.410415383178402 0.409613208468505 0.264245464369689 0.0827804369255006 0.589865339666745 0.349265497158025
0.143754254944769 -0.0828220774955224 0.118596039074486 0.177061614441409 0.506963767916102 0.741724783032092 0.253506728041092 0.547418168504856 0.654446043889834 1 0.277726741395511 0.393205517256019 0.509272335160867 0.519112039599094 0.378178523893837 0.533036820291532 -0.0459798251255741 -0.0920875120880342 0.0061407922560663 -0.0999607160238239 -0.2325702300112 0.0750018906102969 0.315897251798508 0.327339520390388 0.303523361452847 0.241782599973862 0.219193742588471 0.379882362173599 0.207173988456922 0.0686868697853721 -0.244020679400554 0.199290045535122 -0.111309004061569 0.0786733291066779 0.258253028737768 0.265855154959586 0.167557743091001 0.143683689915096 0.315734220593644 0.257290071393414 0.0262115044939025 0.0329138607409222 0.0321584956655145 -0.0453187279166499 -0.0465552095566383 -0.114982133664332 -0.0602965596907869 -0.101838664843192 -0.0492052473931564 -0.0651966642521114 0.250833122784293 0.0871260596579093 0.229379944981438 -0.183249500266239 0.252088919330693 0.0150016336585449 0.0438791690758914 -0.148882472717811 0.0414926243589785 0.298504898597682 0.479291810423169 0.52132672878159 -0.0614758323256238 -0.0997130016877114 0.346864446415966 0.605890350889008 0.158559175092488 0.254749656878053 0.0571706131008176 -0.0318549757308946 0.0332211603572146 0.0893405455606537 0.0579568985854396 -0.0208655241234652 0.118854047912771 0.0802342876520538 -0.00249746425915041 0.208885103015605 0.131700874386131 0.0600684421853755 0.165827048624717 0.162764371521814 0.28827557276894 -0.143838348311063 0.42626869632292 0.570355079177759 0.320516712185841 0.0632925828376986 0.493185985377288 0.531687705535916
0.649967847662412 0.379326675081678 0.238771255836884 0.206901317712276 0.222109129043871 0.201062802458885 0.494250304856335 0.485544266764586 0.321197649355417 0.277726741395511 1 0.66323129270738 0.464853196612637 0.459403600996406 0.031611540185367 0.0968526040753267 0.434299860863201 0.317987797693375 0.38898246510719 0.25087620192957 -0.167254140167435 -0.0174897024173849 0.0696494916560067 -0.0899508416210511 0.00124027555695097 -0.0196730495926472 -0.106540087849378 0.101750184230951 0.55744237933421 0.562106030993816 0.0594460390671189 -0.0572574467633275 0.309561874853267 0.435476334381241 -0.0375228271027507 0.0361874290205809 0.207136587375146 0.0931041191108488 0.119890768499556 0.196592248933285 -0.073202599460658 0.0480784825913927 0.401552627444391 0.391087695855043 0.201913892795503 0.211511641784495 0.349853428524409 0.331751902514382 0.269486255700675 0.268660757257002 0.43880342451498 0.234421415620973 0.360957913632627 -0.00273813703994032 0.300228115451156 0.302258326970084 0.386218697749695 0.254010706008376 0.452948426114054 0.430648387761719 0.569763982202793 0.39569152898078 0.518104908092011 0.480555630799986 -0.093055485020102 0.186121457130436 0.340528854547811 0.25563693942902 0.330945826880209 0.312371098416711 0.334375343773531 0.44402384033312 0.381343071791204 0.416722514909912 0.305004495255279 0.0978895130083799 0.37481237395518 0.338012956236469 0.379192793449565 0.44534270279585 0.494109242522098 0.397140611588592 0.210840485410382 -0.154655756958907 0.14751510783938 0.243454525039157 0.0409757685150018 -0.121526006540705 0.332142700499713 0.203836853047278
0.511824540059086 0.328000427125039 0.00190391619079602 0.137033342328719 0.198403139676856 0.321564059104856 0.23267000330939 0.562796990279658 0.318469835808292 0.393205517256019 0.66323129270738 1 0.243529372806173 0.465161493467226 -0.10311514628448 0.129551463345731 0.259234980679645 0.212566253120804 0.209291451237399 0.0788023918703948 -0.242477932674406 0.00932049160799301 -0.100335083131133 -0.124150761389827 -0.074010429686589 0.053897475773537 -0.144465352761149 0.062110839894495 0.362846961818323 0.533332657399947 -0.112485550451175 -0.0348274247890515 0.0803573144124046 0.326036762660971 -0.0598852573228845 0.0399846408077064 0.179726597941965 0.0613847717278189 0.105011523472488 0.244078101347596 -0.0434091713170156 0.0263582825722702 0.226736328326813 0.268452776907254 0.0508152681465199 0.0206480018028675 0.171519084604737 0.200168287987205 0.0695651961595925 0.0599312227404357 0.335165722107847 0.180624686032325 0.163617540127668 -0.244032165462122 0.16376306035506 0.231172369301967 0.268085881798478 0.223327777421166 0.430469140502274 0.549532585493363 0.520517523187978 0.670320105834903 0.274064901806893 0.321787825985298 -0.142917757570231 0.224025063041235 0.279323290161611 0.41739117867799 0.188586431762759 0.0923985127263078 0.0474381394533391 0.289971849162174 0.266379155170643 0.368677408659957 0.162573784413918 0.153212803964364 0.197385996358171 0.267486907470221 0.251667450196258 0.284762391585343 0.344530764085454 0.115489735172063 0.094959926656179 -0.166134533154292 -0.032611965129479 0.233638027985624 -0.0452071006738418 -0.171598035307151 0.166488882492373 0.272833073455678
0.204188799599179 -0.151476840076962 0.304378942712603 0.0515722489482784 0.409111417615479 0.392719830770129 0.384025880822942 0.329382440583668 0.492709070838112 0.509272335160867 0.464853196612637 0.243529372806173 1 0.66700330891819 0.747865178505074 0.69529766442795 -0.137227029116319 -0.153655559773391 0.113124487061728 -0.0154039472884063 -0.202234736666015 0.105603706075234 0.61312466107925 0.53069485986576 0.412057505521352 0.36410770955892 0.235915360260065 0.320101232986515 0.257769427476328 0.0624079155825822 0.0521856534153053 0.337819420375084 0.102776528146727 0.0516278469775307 0.332779889987117 0.172871139948774 0.277428545890954 0.0740737978040009 0.320995136351281 0.298060479707984 0.251427051483005 0.169565229698477 0.224902081670818 0.132099203220524 0.0304282865809252 -0.087833268371481 0.00757220655220749 -0.106951668630802 0.00388192922392239 -0.082829858666749 0.263990855994959 0.0842352899175821 0.268795171485726 -0.12168223260824 0.26995802988753 0.0670725188886583 -0.0431930417481644 -0.184114033779273 -0.044600845968025 0.138125029878801 0.544184236944172 0.17242185218302 -0.00114514348009123 -0.163654139735681 0.535077034968438 0.513730320213895 0.222538785530674 0.250034092389689 0.155893059441353 0.0679715895908204 0.269171842253864 0.296976552420462 0.115712611996412 0.0844916452942866 0.138622046175551 0.169607961735358 0.310022440014773 0.303978594192251 0.0557108335162619 0.0712160166235438 0.0370001516647927 0.20383387806561 0.336102337492472 0.117545590063647 0.585468303602466 0.456048065077163 0.340269517008988 0.208748335363643 0.533348825606011 0.306522336706494
0.151896219945439 -0.0941754906452447 0.081669640379129 0.138131702234399 0.226607145935867 0.385383430062569 0.182685902989151 0.560533971966186 0.312595822224771 0.519112039599094 0.459403600996406 0.465161493467226 0.66700330891819 1 0.469053686444278 0.73437641880273 -0.037577687116276 -0.146025512580879 0.0559877544853951 0.0862071019145177 -0.178237450576181 0.0380316431121046 0.371933928229306 0.480089484856995 0.166314827956746 0.307224583938091 0.0921641079894596 0.282263380361184 0.289622800960052 0.333918563140213 -0.0231527503998389 0.324299191703777 -0.00188717544246392 0.146046469114551 0.144969726070062 0.179221443366699 0.210667234762558 0.147634643241648 0.280121732886838 0.395554523302213 0.109413490069656 -0.00249630777263939 0.133459390566521 0.104513423003374 -0.0386358742899172 -0.0583897917992234 -0.0341044358835594 -0.0545073337018189 -0.0630369810167842 -0.072596396090143 0.213625522091936 0.0619404273233658 0.0905088325074695 -0.222092758612291 0.1743823686861 0.147185193159201 -0.0056450305872375 -0.183202836562568 -0.00395924571607259 0.22036233997696 0.373195292148958 0.404331920428655 0.0386831916609599 0.0822296595437951 0.242059356170484 0.520498725713523 0.150838558045959 0.345008373146636 0.168213001859909 0.134336890118454 0.205129201873293 0.395348652803495 0.221685296158818 0.249361226135955 0.118298048347498 0.229467354591206 0.227880461720397 0.388117433780848 0.180569758041207 0.177735797580271 0.103609702415797 0.323226796416506 0.167482965624593 0.0928447119149915 0.29737107264588 0.505091622957734 0.188173356066281 0.198941834416837 0.288013837369762 0.435229409598978
-0.00792835311673491 -0.190214072738887 0.392262264225397 0.0519654557933979 0.392423481263705 0.27228927095138 0.276397208638501 0.113432135458312 0.493696979727831 0.378178523893837 0.031611540185367 -0.10311514628448 0.747865178505074 0.469053686444278 1 0.771644075614676 -0.142186621369976 -0.0639426253039594 0.0526343164295806 0.0053100199158239 -0.0209647047532421 0.154816647360251 0.787406029075813 0.734359602671204 0.600912095128031 0.506374586579906 0.371588786678919 0.288066699631651 0.128622834388976 -0.0551473096744675 0.245430022533751 0.550195654801026 0.203458665032321 0.0143570076785641 0.542462176541852 0.322082225321187 0.399049102801653 0.158326515390146 0.367114964185778 0.290364917512456 0.383757470594162 0.254516593312613 0.127251304246748 0.0092254326246081 0.0649539503914374 -0.0972487397371022 -0.0601117403702854 -0.138092744014622 -0.0263985272538758 -0.0775042137362676 0.147425481622393 0.0790886273441823 0.148587508961946 0.0303805237041038 0.221690590537946 0.0343058915312353 -0.0189285403507578 -0.162978164051298 -0.203503776331038 -0.0887986922425392 0.259304181748068 -0.117385821477707 -0.0606946260979956 -0.252724553028463 0.746575975813679 0.498694524577457 0.228946593847291 0.150103571521312 0.100990612694347 0.0160141141560283 0.25607180028308 0.257187365289491 0.0226849702943769 0.00527510139473736 0.0804744753501709 0.214397735507154 0.312108627062432 0.112974521330058 -0.0441046022204975 -0.000614180854593159 -0.0305679686197547 0.186455302015934 0.361420412284975 0.371657360476275 0.656322696551358 0.448072799936656 0.408509968182504 0.392327761304885 0.523338640394038 0.255047694579406
-0.0611204369256886 -0.236354438253238 0.151709567101847 0.0137463055686 0.373681988280568 0.432924269400381 0.102442099251709 0.286996561369077 0.391546285485063 0.533036820291532 0.0968526040753267 0.129551463345731 0.69529766442795 0.73437641880273 0.771644075614676 1 -0.171197856358362 -0.166974095895946 -0.0945813101806278 -0.0602787555853735 -0.141391050834658 0.127553362106241 0.613605313909077 0.761950970347877 0.494401512547704 0.566997337890204 0.313034203842559 0.33852069399396 0.138548082019329 0.0435338647064969 0.0798811870729344 0.536229941033234 0.0435988401163037 0.0043515124960419 0.48329893032376 0.325264289960225 0.341845415077293 0.214715688932002 0.409849555873318 0.374853329527526 0.255664094701027 0.257047338076965 0.0629772310903049 -0.0405646487660948 -0.0274798828428826 -0.132251167399305 -0.135577571069448 -0.167853558880602 -0.125737326914737 -0.174273417194353 0.110893434610878 0.0140399119439623 0.0257037421283005 -0.168128521294352 0.200653874222095 0.041172712906133 -0.0639240252526634 -0.230650240029158 -0.176677787026875 0.0737117133573909 0.253364201328303 0.0798791373305958 -0.162498240792449 -0.252810221209818 0.604080975156673 0.631244320961907 0.187800316287559 0.329902012197044 0.0662471865680057 -0.00406048778517313 0.198227047428666 0.283390782010869 0.0334319635934421 0.0510818874510722 0.0395732748322059 0.185840838943114 0.22585762327747 0.285899711601286 0.0875503571293139 0.00456931868191581 -0.0495630147605766 0.186253651783352 0.267147478423921 0.280462334075703 0.492634040859567 0.566650550576281 0.339193941923998 0.410780993441688 0.362948510328442 0.386893486098081
0.638023103349432 0.826304944374606 0.346628148047137 0.539718042473118 0.0521983710723611 0.0213535105345829 0.419471055181429 0.285048743586603 -0.00599513008967684 -0.0459798251255741 0.434299860863201 0.259234980679645 -0.137227029116319 -0.037577687116276 -0.142186621369976 -0.171197856358362 1 0.818964993828824 0.548251483285103 0.556139373805342 -0.0313666561032672 0.0568689257021392 -0.0147345078421856 -0.0975921639788482 0.0174385436682462 -0.158605564488263 -0.11271992791638 0.00592531231404422 0.634593069548667 0.61981878339018 0.313916000449345 -0.0289439920124396 0.615889207233067 0.577210788446478 -0.0350226614564216 0.140360426771697 0.224420884637263 0.188577487444404 0.043796538876699 0.00872248775050508 -0.164576413746404 0.250448885726941 0.375887276915238 0.443997840100359 0.413947702849068 0.461835357241991 0.486383510523807 0.549092735398272 0.423018076104045 0.465857569188508 0.3044724118254 0.278592911279223 0.274104016515638 0.4152134872472 0.314242420747083 0.246214059197404 0.823772734983246 0.77418785813083 0.442078240507863 0.197455255267611 0.102693173202354 0.140406370205964 0.792997163376705 0.757131113116677 -0.175204260566294 -0.0544939649004516 0.300913680409603 0.0021250265604788 0.520448140019428 0.501786592417133 0.315991947776819 0.478703830762909 0.408177779320918 0.51471893469708 0.305017536727935 0.205372315655332 0.34943332375844 0.266200792439207 0.58208191057888 0.676115763196857 0.760297080114014 0.503638640080885 0.206195946089334 -0.00896606226584833 0.0338365392326624 0.0733133014449761 0.0305069308463338 -0.178787597248559 0.192347827816572 -0.018692889471538
0.551673362394675 0.773919755623485 0.363982533714481 0.463511498178515 0.140839215549191 0.0258104139739165 0.366175019384006 0.147939966308569 0.0175337055234753 -0.0920875120880342 0.317987797693375 0.212566253120804 -0.153655559773391 -0.146025512580879 -0.0639426253039594 -0.166974095895946 0.818964993828824 1 0.572214592092314 0.535182129812986 -0.0654752372438449 0.14554594308229 0.0211781076105964 -0.0712191162210536 0.028686656820017 -0.1207898936235 -0.156694869003422 -0.0166723084423822 0.605210981610207 0.567649728829294 0.330687877409826 0.0597520558406476 0.571078923290265 0.498440933372583 -0.0125689724563115 0.170108510029474 0.320379775955263 0.166522202452363 0.0719671488191527 -0.0217495135585166 -0.0832203017676636 0.302304520073901 0.317671091145753 0.384990917895128 0.425258309792319 0.408105655875369 0.403435499825073 0.438995902219814 0.377193771357419 0.41115083231894 0.188671896729445 0.217517760751634 0.131898778092338 0.393613980329698 0.220054074531146 0.140067856516195 0.8082952322238 0.792325453869518 0.286271127452401 0.0900978061671251 0.0421066416149798 0.0116974748636107 0.738734080725105 0.676620484810114 -0.0599977508107599 -0.0495077195151458 0.237395272529645 -0.0251171903572486 0.397548825406753 0.350363640025511 0.188008158467507 0.388355611541707 0.353776373820334 0.38331231622862 0.276296274825272 0.243359702721028 0.374469212554404 0.133724257588732 0.472019617467419 0.679606836274007 0.672074972889466 0.449859214809322 0.305980041947978 0.0524203253148329 0.0946177773017045 0.00998138111368257 0.132475755828278 -0.229260612868553 0.137573090328036 -0.161229569679898
0.757110511530422 0.659912179474022 0.675451222979825 0.59432215368156 0.170209976163682 0.113362900126749 0.646569064118981 0.25697947715035 0.107134329419772 0.0061407922560663 0.38898246510719 0.209291451237399 0.113124487061728 0.0559877544853951 0.0526343164295806 -0.0945813101806278 0.548251483285103 0.572214592092314 1 0.77073430135721 -0.0151843759948113 0.120216852716482 0.351109464745422 0.0829007023259185 0.121234755364064 -0.122874712536194 0.0248676892329286 0.137848980086073 0.423052544272526 0.47900415919236 0.441304531718283 0.142134976325798 0.664130806400876 0.547561619382155 0.113272282999201 0.181151735163046 0.338684717953501 0.18956501265307 -0.108858215687674 0.0914479636738178 0.0355021585214561 0.149012692574636 0.432731461977791 0.441139979923641 0.47194590884429 0.477267370081758 0.488336407217844 0.497392226677618 0.521789512858976 0.517095900518508 0.325544485361426 0.314382698830398 0.358568651910353 0.491693795084103 0.225627163375967 0.264518336911217 0.650779555337401 0.55321568794234 0.356405045703126 0.101870860663265 0.213676476619363 0.122455823861124 0.740373645428936 0.548394622700193 0.12533683141373 0.0844316354235195 0.427517845318892 -0.0256437370612431 0.618481300855754 0.532489808910228 0.50374600563781 0.548778978788781 0.574203823748748 0.58770954051181 0.457744408188056 0.325106410998492 0.519887062050754 0.290575619509616 0.315515561794586 0.527580765025205 0.548328860308039 0.583094454548262 0.298136538105681 0.277913579859707 0.418528464021448 0.200896394136517 0.14922901271755 0.0439579995795541 0.331000845105739 0.142536382866808
0.603742569275665 0.607526824206643 0.533870364456444 0.552051971573894 0.00295868104244577 0.000872119386259788 0.488792678919653 0.207072062682955 -0.0776928985303201 -0.0999607160238239 0.25087620192957 0.0788023918703948 -0.0154039472884063 0.0862071019145177 0.0053100199158239 -0.0602787555853735 0.556139373805342 0.535182129812986 0.77073430135721 1 -0.0148469999165565 0.0731265334226686 0.233979905501398 0.137630148972907 0.0229252314888118 -0.161047678951846 -0.0521937528632917 0.103899852284734 0.345646098948311 0.47948661279466 0.429620132980109 0.117255365829748 0.53844740900098 0.416288922825648 -0.0180233206786912 0.0781858953033753 0.246375491566974 0.180077821495265 -0.0880900495256415 0.0377742254017944 0.00332895354333411 0.192356295627333 0.259047435212879 0.305241382276108 0.414113321761693 0.456537920511077 0.365423960219646 0.412430572756133 0.481564313752562 0.530211898212612 0.22218387653106 0.296109184879071 0.243372695858257 0.499060111070227 0.262821417303926 0.278766912897042 0.60456042096391 0.529708703490153 0.332698863642009 0.0810257438679768 0.0660153830566265 -0.0216429736079251 0.66953196529479 0.588432598247086 0.0231648076994343 -0.0240395156263378 0.247512834075622 -0.116316851732061 0.606434811452473 0.568401329745852 0.364652488687232 0.45608635944174 0.476444660184885 0.585710618676251 0.373014317073994 0.344712244978809 0.448699064202521 0.270066182842531 0.365988239700842 0.518328003194911 0.516695157347445 0.644103626112934 0.139535549825986 0.405071725285333 0.296092868336197 0.179620474051655 0.07175998455844 0.114315889018636 0.217099106950641 0.0617581378983002
-0.0793733498203226 0.0573823309018982 0.0384472998001998 0.00931468725955929 -0.208291406461341 -0.0943169922115593 -0.00850248736449477 -0.0686809196578851 -0.190366465582795 -0.2325702300112 -0.167254140167435 -0.242477932674406 -0.202234736666015 -0.178237450576181 -0.0209647047532421 -0.141391050834658 -0.0313666561032672 -0.0654752372438449 -0.0151843759948113 -0.0148469999165565 1 0.207294833925442 0.119845691089832 -0.000576699973953998 0.278860884902433 0.101819588091033 0.420362444446361 0.2540423305562 -0.199384852981246 -0.120496460473991 0.209932187304157 -0.0678317826593118 0.188558801328851 0.142262734113337 0.139000021478102 0.0838965713044011 0.0269759816306215 0.053652059356794 -0.0253167510025779 0.0338244902775847 -0.0610903352092553 -0.251773559660037 0.0867003326653737 0.0650338267158786 0.0501100193466819 0.121178920027005 0.104051373217318 0.0585012583378174 0.0713981155357048 0.200113006192467 0.141108616273949 0.159036863861029 0.169333115043849 0.26999505580728 -0.0276775198990344 0.038151262583323 -0.0335363571364865 -0.0355956207095298 0.0779704346897269 -0.00341768986889792 -0.0705585818908539 -0.1686193106724 0.00274093985078582 0.018431058367009 0.0712021574006329 -0.0303505553669975 0.166031302827666 0.0926250701573062 0.0958211017469459 0.188001517575547 0.192284388808268 -0.00195527799709716 0.154608698268071 -0.000540924976569905 -0.0262248479452986 -0.0872037424342547 -0.086457163507912 -0.117535161567674 -0.0473427702994973 0.00631527511347965 0.0162229839538072 0.0743133964318211 -0.0706768401050053 -0.029718030008008 0.0425488831660803 -0.00244724938669381 -0.233757922664998 0.17676533353687 0.0189900130413235 0.195047855427679
0.179212739820745 0.0703337023943003 0.214623133744522 0.250727782316326 0.200737489670427 0.386606059718488 0.184479732615745 0.102871652646678 -0.00862052438202612 0.0750018906102969 -0.0174897024173849 0.00932049160799301 0.105603706075234 0.0380316431121046 0.154816647360251 0.127553362106241 0.0568689257021392 0.14554594308229 0.120216852716482 0.0731265334226686 0.207294833925442 1 0.214307086429001 0.111216839342245 0.141510279563677 0.14537630951127 0.133099762110273 0.371399534769958 0.22428019092557 0.189002464659788 0.344245781823024 0.340131907084703 0.265692736480998 0.191336199518691 0.0240503475817156 -0.101256287371734 0.130672880958928 -0.330759207023113 -0.145669555578544 0.00494008198120563 0.110341087090432 0.048400757089648 0.0435694797761625 -0.0333683825322152 0.0203946341986587 -0.00399822120131247 -0.00862309188260833 -0.0656897483017955 0.0516407499600322 0.0275072407334377 0.0390924670408419 0.0752790563697278 -0.0204787683277554 0.139328619581955 -0.174052260228997 -0.200644549730312 0.0270753820235381 -0.0288419609935192 -0.0224338140059439 -0.0382738280277509 0.122186952307007 0.0210647563908728 0.219733166834458 0.0144850631794394 0.0716625533448047 0.023770370155971 0.144381431263556 -0.00484458633848403 0.338400038584869 0.237305311254131 0.342416217826898 0.226315164871924 0.112308260734376 -0.00866053500290931 -0.0167571946693237 0.222708587996791 0.297650008363093 -0.181520009937571 -0.0345142756161972 0.25582714054224 0.20461723073827 0.0760611004653316 0.258760785770828 -0.0525290368256072 0.151601522595694 -0.136618202218527 -0.0895911702966263 -0.142501872927314 0.0817467115503804 -0.015456701007524
0.170494234630316 -0.0365451484382076 0.711874306687835 0.387230120185044 0.421532700732785 0.271134711951051 0.545058661684686 0.262576266840125 0.451099070439595 0.315897251798508 0.0696494916560067 -0.100335083131133 0.61312466107925 0.371933928229306 0.787406029075813 0.613605313909077 -0.0147345078421856 0.0211781076105964 0.351109464745422 0.233979905501398 0.119845691089832 0.214307086429001 1 0.778312912015674 0.675685698337548 0.528533839968653 0.462183882673402 0.331031971062145 0.127472128491674 0.0707080003034021 0.492579417714367 0.656275538646413 0.450750297537695 0.266800155657062 0.665816054153355 0.439834022183385 0.394634598709561 0.200603771533526 0.289795240368168 0.21866616501191 0.273195209188782 0.123453931211996 0.326355047968833 0.20368059930823 0.318180292117508 0.151876908364847 0.139934666991361 0.0746281572731519 0.19455009638654 0.16023607231328 0.290186012170693 0.198258534906383 0.299200590271171 0.25740801107086 0.315926077609115 0.106410803760644 0.134144597354628 -0.0224061286626764 -0.0448918578157326 -0.0496061899024282 0.364273517500414 0.0399514193084442 0.139218155443616 -0.108897875715948 0.808518830335429 0.597353409170065 0.463948205713088 0.220240799313972 0.310626419374471 0.272025937813105 0.520234377487805 0.421375390817202 0.282957006510465 0.197940907940256 0.229201910588081 0.246523445734825 0.475839133957741 0.257576951863673 0.120962144568469 0.155394272672108 0.109822528363359 0.376688982301995 0.350186442176885 0.411094941661381 0.814060420653223 0.594485759308268 0.371028794513771 0.513557686376298 0.642531598039379 0.442769902298706
-0.0616928322951704 -0.180863684128815 0.372835484779866 0.204644170161589 0.269068482527795 0.259131215904255 0.142711268802169 0.14842577820578 0.289096320107422 0.327339520390388 -0.0899508416210511 -0.124150761389827 0.53069485986576 0.480089484856995 0.734359602671204 0.761950970347877 -0.0975921639788482 -0.0712191162210536 0.0829007023259185 0.137630148972907 -0.000576699973953998 0.111216839342245 0.778312912015674 1 0.594723434086366 0.534782470143603 0.467611585666992 0.30788778533083 -0.0257988572778414 -0.114683601174108 0.237945353406053 0.604349445601427 0.149523531286907 0.00257169494384936 0.582209464590088 0.398825147229717 0.360138589456824 0.290154911166466 0.331570254207514 0.322675457729448 0.31112750770826 0.233792227383973 0.0552494504388281 -0.0266981355451957 0.0891664930172175 -0.012552919875847 -0.0860615850808689 -0.118822628590309 0.0152855887404434 -0.0264548888395831 0.164154050334404 0.133212959044547 0.124392326843581 0.102642677597225 0.227700249747054 0.0627692485731197 0.0261159141916933 -0.139362120474721 -0.214243397855289 -0.128938123163647 0.0946380828319492 -0.090914962343863 -0.0367639021530646 -0.248150553754648 0.747045339484966 0.586639252068694 0.206607287777275 0.209485301152276 0.138577266179915 0.128981517518033 0.180473922549926 0.19785124709698 0.0845077697248007 0.0258369715720755 0.109275271093065 0.162465836518532 0.255571742650292 0.251843458877334 0.0918748130765634 0.0436854187401188 -0.0134924433327958 0.288552217632837 0.280807412765849 0.45362262857884 0.648576136980856 0.603242109965583 0.400690089522762 0.561172326589853 0.415851613471529 0.375630125557804
