1 0.941148662084634 0.641531615446947 0.718270228018317 0.15312558697497 0.0523353304976457 0.650001698876436 0.69398155996062 0.0446403013681755 0.0430336137843711 0.781217290433003 0.752286040178887 0.718719570163282 0.730671572263881 0.464287226446453 0.587490771550113 0.626790934912834 0.78792991768197 0.908086052627201 0.921554849837897 0.190824946253926 0.0396416197728554 0.479526857272617 0.58700539235224 0.0368931359672317 0.185120967752372 0.292037580263623 0.326366209258451 0.792622613523069 0.789090875280433 0.254828164911746 0.47796017916555 0.685089651628019 0.610879493276683 0.0977482642297172 0.112477750730474 0.744445071130925 0.524605396539654 0.460423652060524 0.723574705483153 0.584118584595853 0.522558089081791 0.384469663247537 0.394754569063088 0.506513113606623 0.65138305814439 0.635556337446693 0.63860561338549 0.680095679410579 0.701938898518666 0.662707904225881 0.698330191710017 0.61398038516252 0.440131657531101 0.696946953423523 0.732190436511702 0.918735645776571 0.906031144033829 0.738755242143666 0.583601245427449 0.377198138308999 0.468207975198902 0.576523890065318 0.702925756512437 -0.0165519529952296 0.228349295882972 0.362595421095839 0.471018066383258 0.881657436520984 0.812236170592111 0.320833501187784 0.302748734767803 0.250719657330227 0.360856531469736 0.154386321200692 0.247356976859573 -0.102501078645356 -0.0867021792776161 0.410131073610203 0.35282142109347 0.693930365440711 0.7631953675313 0.722277841027769 0.756143377313927 0.69337276556194 0.753946845664972 0.225720089800526 0.580161512705827 0.407478385085097 0.562801153951182
0.941148662084634 1 0.500261888561519 0.665558533567274 0.124185095692557 -0.00823013942602497 0.532537043619497 0.697435546770177 -0.0277197558417125 0.125149583224477 0.689131367286748 0.793654814011907 0.606467485129754 0.723936801299548 0.381979192751387 0.592267750281747 0.641753848778803 0.802908721515015 0.851882779922154 0.933640817731171 0.173430807865223 0.0376077376687228 0.375512260904882 0.570144409598072 0.00514176076880857 0.153740143210637 0.241731226285455 0.324001939302587 0.772601400698534 0.811648365367996 0.224100140259576 0.45593288839883 0.633797792130202 0.606404596856508 0.0625516181042031 0.0789595677338851 0.689437456504917 0.483359704126377 0.387175308321323 0.69250337945039 0.578727401037596 0.508376759400788 0.294754895944991 0.305348938277771 0.419492527405723 0.573253375552126 0.54883122912322 0.547288459642305 0.597530872736836 0.629492100526499 0.557834628608165 0.617320259779732 0.508537341072678 0.343734740978903 0.618795967965434 0.668185861015797 0.893741289985916 0.914916128470967 0.652684687558145 0.530661928248748 0.278935558208335 0.496153253891013 0.527520568366231 0.727001033283621 -0.0915656215199127 0.202531851580167 0.261180233782906 0.40114903428092 0.874161412144349 0.789555376394293 0.304571620276782 0.32401608260565 0.301720090112948 0.436103716898104 0.0228490089243903 0.284108650463934 -0.120090940002318 -0.124560262644976 0.381682028081806 0.370600029355574 0.669753023299829 0.765795835809018 0.669600027083318 0.750355204007332 0.596571581796178 0.700549373672568 0.197717751499426 0.542158669093456 0.315648076333503 0.53946992411101
0.641531615446947 0.500261888561519 1 0.803663087842923 0.51528539077722 0.267955246609745 0.896547595657508 0.615597144952971 0.396860582256487 0.180064317004387 0.621220072125009 0.478418407813365 0.77432341503165 0.639509301217995 0.764220299768416 0.661668837638433 0.521832396499205 0.62066852821521 0.754404416267086 0.570833154396147 0.275853286432754 0.19084647744951 0.870145146664229 0.676080230077882 0.476176213994695 0.511779807430598 0.390991630887075 0.224239298218332 0.627011071700475 0.589535464106427 0.632241440953605 0.665062885885533 0.746846130684101 0.632409070810455 0.474805281268641 0.345317056803767 0.568026424287589 0.405994346158544 0.471496048885915 0.561840666867025 0.307589606029144 0.343413184231917 0.615903606025649 0.611213938898542 0.651848550887873 0.658516357751749 0.690078788664339 0.689405444542488 0.638382142611959 0.59879206338005 0.656767916716339 0.577818955949712 0.623658973977088 0.580630487381013 0.619257670600318 0.626462556434851 0.637719038038635 0.590854429173872 0.603582536995862 0.45842145999916 0.505178778643744 0.350531511894736 0.579474935575823 0.468683190824605 0.486355698927078 0.51191427678097 0.706111669538337 0.643880167650378 0.624769049008084 0.63689163448819 0.318544414278503 0.200540195515947 -0.0247974995165511 0.116431212576969 0.222953584582068 0.154260675625736 0.153293868651302 0.225120807428927 0.498835740867944 0.520688027458453 0.61970232182766 0.639480141105928 0.65476860376109 0.584298111259217 0.768306361864388 0.722908030189761 0.352378721447133 0.615765757277754 0.535136438489228 0.642126720571786
0.718270228018317 0.665558533567274 0.803663087842923 1 0.463693903343132 0.332606093004851 0.813299148478954 0.839102367875918 0.318901269723015 0.240464584392976 0.639604196863995 0.723385291721234 0.756754167123405 0.827069754451226 0.757422761042198 0.765658094045114 0.661884278943712 0.751620535217068 0.751695295535212 0.726910057108113 0.271887822122657 0.154774869898116 0.778680650867229 0.822910191662081 0.394672108544412 0.55156492996835 0.391050488440027 0.175914226832238 0.772658024058419 0.792937465797636 0.610863685265259 0.799712200869949 0.801317504335294 0.807835629669966 0.50524583221818 0.456886437832285 0.671917372462338 0.507577766364102 0.580712822559862 0.653352713165106 0.485477293305641 0.453567920644662 0.627956145380206 0.626576119165176 0.676586853700454 0.703713788589008 0.747464392318412 0.735911465544827 0.705197189002603 0.696138332278178 0.715210442304348 0.671787971449076 0.668112574851593 0.628732193501694 0.736810443548716 0.737487878323224 0.736689222310337 0.723446402280535 0.674717307403339 0.620510847822033 0.479698580863248 0.569429581351994 0.67742771314797 0.669866967072269 0.365546510126499 0.613824540277684 0.710492464723438 0.768166670290172 0.724480730518358 0.729581132104925 0.322708914203754 0.308867320249472 0.0478474187210275 0.159771870499796 0.189232185484399 0.122056713572593 0.0929243559304264 0.222262910249871 0.566070906413294 0.585958741518775 0.746231535835698 0.780923221494499 0.764913367839598 0.725971843720047 0.803115820563668 0.830500366604083 0.465705421451787 0.713178595263636 0.508961580247699 0.761613562017946
0.15312558697497 0.124185095692557 0.51528539077722 0.463693903343132 1 0.502837636443189 0.572540959546027 0.405897301743215 0.748911504107441 0.620748103809821 0.279064510885517 0.129260162649364 0.398342426763448 0.253560101710588 0.652979017778393 0.463957582344584 0.48821810418562 0.43714835329123 0.335683151508657 0.176465677092395 0.0704796534748849 0.162373599107451 0.519723999023883 0.419927635598746 0.664241287848646 0.595729657441686 0.303413770215706 0.0547353386785848 0.39310602714037 0.433884826674774 0.663459268476625 0.514330431082429 0.553857801371127 0.551798036088358 0.461030641080625 0.418727848013114 0.230772385800688 0.19925982412227 0.418741558471888 0.268661586448973 0.0378088585667669 0.013124431066755 0.549356965944308 0.537054433059134 0.517924685843484 0.446322475830831 0.471317107910035 0.48752365230294 0.442262603615585 0.383280638209741 0.441846758018647 0.326337624823135 0.379694250083102 0.441040361616511 0.355410440458723 0.377587714866681 0.308740318329739 0.26556588254654 0.395898024283269 0.469745228446416 0.506521665013926 0.355773106368797 0.486213339161075 0.32490104162032 0.575603825108478 0.507244288149332 0.557392863091287 0.519973636657801 0.26082981736195 0.377278195101238 0.175487437063937 0.207935325449266 -0.0435665779950699 0.0418311449009201 -0.0174959267127463 0.10508673997259 0.208885867956615 0.359594220340816 0.415838961903674 0.535594723867595 0.483587797631283 0.417362485579964 0.372389273333077 0.267241494460416 0.431381238957655 0.385107665712139 0.331931453372958 0.340013043564931 0.278934834131675 0.546274012307464
0.0523353304976457 -0.00823013942602497 0.267955246609745 0.332606093004851 0.502837636443189 1 0.286633670358667 0.281579616721539 0.578218703453437 0.435748284529033 0.09906735484918 0.0763933030174511 0.213273213395888 0.187291282251003 0.470814848924695 0.375721974257816 0.415153769977361 0.322415313226223 0.111257789853177 0.0797247927375588 0.20947864456662 0.157300355680989 0.288090535309833 0.266000455915434 0.580337355526116 0.630376479234204 0.18616986248816 -0.0510751467264595 0.310165502242857 0.310987003279879 0.513113421390296 0.444597821458127 0.444687363087564 0.459562823506748 0.431948415521551 0.400835511520473 0.221832301380697 0.201150218262009 0.430482207722076 0.203657555811369 0.1724006012177 0.0900250087709669 0.527612886562334 0.510166913958587 0.480907338154512 0.389987853987549 0.444502817566613 0.462399739575469 0.371333285485821 0.344524986949359 0.383755875393955 0.280348778768726 0.39553625276355 0.483614979086285 0.328875759769639 0.321339590759728 0.2258990807292 0.160947928131394 0.339254875230729 0.39247705928301 0.319611415216193 0.244103367384389 0.35818913575828 0.239682617634641 0.360759314778714 0.369026577763215 0.547836311829526 0.541071184791341 0.209378367724242 0.315409704093701 0.055581617566593 0.138642245734203 -0.0933317255693731 -0.00332497179503404 -0.00935318872583015 0.107729578633429 0.154967594327859 0.305921389374165 0.428345808744536 0.444179935253018 0.401961405645605 0.320072785653055 0.326706421856638 0.202232772746868 0.318207644054864 0.300310191000679 0.271476104373093 0.223574189344301 0.118644614710415 0.381784433189966
0.650001698876436 0.532537043619497 0.896547595657508 0.813299148478954 0.572540959546027 0.286633670358667 1 0.747158983616066 0.489431435962338 0.275356029730421 0.684990097455268 0.569720879787959 0.788530877044501 0.662896738364459 0.739000694708707 0.611115086883437 0.57715732924062 0.657294322152983 0.771012349769082 0.613905542556417 0.231853348910797 0.16115650326361 0.751015043623358 0.652093015886876 0.428787804846817 0.452402461610682 0.279083148349507 0.185995591962907 0.672720863633437 0.682315440404071 0.661615705026005 0.678219347141976 0.770661143832509 0.696638395306869 0.406410603896326 0.365827826597587 0.518641791329292 0.414292401981131 0.445048684731039 0.511991011023368 0.286477434762007 0.352050277206188 0.597277919599365 0.595747710919002 0.634143066411133 0.653213392111828 0.682530334611523 0.677197500126175 0.649185254581875 0.609867248430062 0.650313983789353 0.575784286343292 0.58759659664464 0.541194180749039 0.61111361752319 0.629693536286325 0.632653517132659 0.568463965117734 0.643541422227126 0.56993226078664 0.691200913418085 0.503702869341955 0.690745050368633 0.564024431486554 0.45848385729539 0.528861075398167 0.647256915916095 0.633419732271726 0.605956321559725 0.605162020445973 0.385590710799816 0.315240067807826 0.138764317161265 0.247445052404456 0.223136623418473 0.18103279944469 0.171429569933247 0.252985731489853 0.555217292570873 0.539462222684098 0.664582161096706 0.683306346015171 0.631579946549992 0.540618909505848 0.710411860197748 0.682398073446166 0.296834917260196 0.577401458885406 0.452776441575713 0.613978233074473
0.69398155996062 0.697435546770177 0.615597144952971 0.839102367875918 0.405897301743215 0.281579616721539 0.747158983616066 1 0.297295738529664 0.400403115779433 0.614607712064474 0.805864179302012 0.685415190495518 0.865113812052287 0.581848044511998 0.745008720818314 0.575513586552394 0.671556707581512 0.697582582322862 0.754836288018031 0.192074099351932 0.117074437323102 0.578700159920554 0.785058068077411 0.241181549506157 0.349952956636261 0.315478851951669 0.313275769723342 0.710167715655337 0.794630104464376 0.495891496214722 0.730731711156595 0.652528305453339 0.711220963546509 0.291503988292266 0.298454623431107 0.558023895679366 0.369499736283715 0.388372163454321 0.587574734608339 0.432625401711078 0.393436644941306 0.43607281980998 0.430720387459061 0.512115262964319 0.576561056004802 0.610073074638193 0.582546126182947 0.612831990136696 0.594005778425814 0.609840887665687 0.615740553593756 0.532720944265875 0.456367426535657 0.627764383079947 0.668384044971923 0.652355379851059 0.637888069853011 0.633872547737066 0.626637590905521 0.498420858788095 0.737895892391192 0.58629925784148 0.650842076993465 0.193417356074428 0.531684388736159 0.474645453215 0.574301394762961 0.692606349430217 0.656665269076686 0.323687829794716 0.351231108402921 0.21084513224626 0.370135362436087 0.0977166579046729 0.174265740069424 -0.0764774995312085 0.0677786422502286 0.462028323287788 0.483312027444017 0.639414473657978 0.702336888885772 0.605775232154595 0.62153070788432 0.586903873733336 0.674621926330747 0.226780784742066 0.50783188437857 0.309792600166302 0.607843225585934
0.0446403013681755 -0.0277197558417125 0.396860582256487 0.318901269723015 0.748911504107441 0.578218703453437 0.489431435962338 0.297295738529664 1 0.626100049522349 0.29120000815828 0.0294017394909773 0.332558855402748 0.110437044407224 0.596266440461974 0.285134360029435 0.460126426817092 0.33022315390225 0.211751461326237 0.0821319494882469 0.0770049211666962 0.038511858646691 0.39346283550714 0.294056607149272 0.602249589442967 0.524875542570395 0.122444677128649 -0.048037362209015 0.340762513753994 0.349910120193318 0.635166166119715 0.424048151983722 0.463487830580429 0.465579100409159 0.371784108914136 0.438435942922508 0.130974420131336 0.196165506751814 0.369175230443547 0.180443634350405 0.117493729362621 0.0174574204030524 0.480700121323165 0.481102466692399 0.420560862147395 0.373886288305234 0.36145505341925 0.41498177075075 0.357662684590038 0.328798066957617 0.360911338202932 0.243006338426344 0.335989658147089 0.359605858565033 0.249206686215373 0.281454353354796 0.19278889776762 0.133931011824269 0.317479984162003 0.433684177698276 0.535227961619874 0.293482783676123 0.499815685418524 0.290725110560664 0.516049315061707 0.393825501569057 0.470533231678108 0.447556898466438 0.135468020702532 0.288461764805917 0.0721032686842555 0.180710718037471 -0.0514895883456013 -0.0657332745468977 0.0318941910075577 -0.0674676464745862 0.302679740813555 0.406525187914177 0.476791558118087 0.502358115262191 0.460523822341593 0.352752038689436 0.31646359834457 0.136656099452713 0.346659343774628 0.245193479249621 0.330939976787408 0.259456864420402 0.123218557800914 0.410210462853459
0.0430336137843711 0.125149583224477 0.180064317004387 0.240464584392976 0.620748103809821 0.435748284529033 0.275356029730421 0.400403115779433 0.626100049522349 1 0.152812678626699 0.13661786738519 0.155133756215785 0.16553575945124 0.364245251303323 0.434539086186734 0.399819856330397 0.293025952408082 0.122483415295464 0.168970949582676 0.0381014023313533 0.043038994440593 0.221481734278931 0.405371193395287 0.490920116445751 0.365062317031352 0.0883130205392682 0.206957871610549 0.245954813098875 0.333950937954204 0.442613313293541 0.375810567785109 0.275101625945523 0.36468627626029 0.212194612009969 0.294005411509106 0.0769797668699436 0.123778505879175 0.137142364299503 0.160927979054368 0.0916735524669382 -0.0385827154619295 0.262723061888416 0.228339328527089 0.210737405778245 0.21061674883878 0.19403401822603 0.234069498688413 0.206818706637311 0.149315730189503 0.208380232767692 0.144119006589967 0.165606038685724 0.150595346981728 0.124496338341253 0.239022857283658 0.166469963969619 0.161561214591701 0.179530535645595 0.323191964166808 0.292668626768451 0.399705073926717 0.280444342491554 0.240545228857332 0.323675786901073 0.435856427357833 0.24199097802149 0.272608805835178 0.195588853483164 0.282148187098231 0.10902636363986 0.197243906638631 0.0635447751475222 0.240251483204162 -0.168602902351119 0.128922972387132 0.116139179444649 0.0822379593928417 0.277286461984924 0.388535987179369 0.305569007135238 0.258933223902687 0.161551719699117 0.130816712726126 0.154371045752774 0.17683620373618 0.049952546980902 0.151493875635678 -0.0537822835828941 0.352447345217746
0.781217290433003 0.689131367286748 0.621220072125009 0.639604196863995 0.279064510885517 0.09906735484918 0.684990097455268 0.614607712064474 0.29120000815828 0.152812678626699 1 0.659415899246775 0.827757268653463 0.622439512354595 0.582963393913987 0.509048970304966 0.606038700679619 0.658516142993706 0.803930939402936 0.760051506422999 0.209060235584682 -0.0889623203097738 0.522759118536127 0.576647594001814 0.0996686560645806 0.225199417679114 0.199806962662305 0.228897967093964 0.779678535502194 0.71008768498893 0.335645772023452 0.423015344090604 0.6179932030417 0.551152337109763 0.127482300788414 0.23476854294843 0.590169062715418 0.450786914432035 0.456179048202864 0.64199746669752 0.479427321780347 0.449410889296764 0.341665677538573 0.379635682959824 0.414758294295927 0.558108246902657 0.511725410969796 0.550322145536983 0.584054862780049 0.590431214790337 0.564274371873224 0.560002775208299 0.491665342266338 0.383384802375507 0.568136400793274 0.631182316493763 0.710459266842585 0.678546014482583 0.517522237735467 0.500964728905136 0.493829514162971 0.45958848445943 0.673427200405445 0.597630985491431 0.15325309524914 0.251710373192752 0.325724135963729 0.425023748036516 0.595825340645794 0.647370338465356 0.273654927014609 0.317999696144095 0.238674796057816 0.15764635643733 0.191208957299862 -0.0581990064068383 -0.0195227248526258 0.0697812153883234 0.441930053295756 0.323103175633991 0.680290264495764 0.689593903942975 0.702075577337111 0.627926644596553 0.699472063690487 0.653086379965213 0.339792467137838 0.515784515084992 0.32247012942222 0.50568593971836
0.752286040178887 0.793654814011907 0.478418407813365 0.723385291721234 0.129260162649364 0.0763933030174511 0.569720879787959 0.805864179302012 0.0294017394909773 0.13661786738519 0.659415899246775 1 0.638267946609629 0.879609914481509 0.473233555620802 0.674037044322475 0.548389375190931 0.65490486597428 0.744720677405884 0.842404021290392 0.264665448748994 0.101341676298092 0.457390479899748 0.658779860311849 0.0319536109373598 0.197997517641299 0.2662758043096 0.234271472294374 0.741583341804662 0.800042742816221 0.368469817010358 0.576838168146933 0.600347352210898 0.678817024111913 0.197238093546189 0.197241661529484 0.608388787764365 0.424849855032446 0.387392357334773 0.586916106990168 0.520252671341943 0.476032807059692 0.288290096423485 0.300663914850291 0.390825221866755 0.484585727730667 0.516850804535636 0.485924501921039 0.522615259662612 0.551189269088431 0.480700823955061 0.557151349049702 0.466636947973939 0.403026643008905 0.614857212049451 0.630240127068951 0.68984003611207 0.683505988037033 0.532480342243316 0.50836367101177 0.344054493607075 0.620102893497588 0.597459213128731 0.694286097706858 -0.00667788321020739 0.270176424332943 0.305493121519629 0.415070829089108 0.69151406152847 0.601387889304674 0.299207930550435 0.312665898847667 0.303526495221372 0.364359668332292 0.0568453160586233 0.102341083833692 -0.153032048661027 -0.0651294375965302 0.408541407171752 0.374678520938417 0.647297874084434 0.736905320049441 0.668384669447299 0.717702346752927 0.607619512677671 0.68385178952417 0.287013538649106 0.587522345530846 0.296208788978993 0.514075975911242
0.718719570163282 0.606467485129754 0.77432341503165 0.756754167123405 0.398342426763448 0.213273213395888 0.788530877044501 0.685415190495518 0.332558855402748 0.155133756215785 0.827757268653463 0.638267946609629 1 0.744763733166402 0.772960432002883 0.681481506948833 0.573887350925833 0.670806076134833 0.750721280419063 0.66794919339805 0.256265271590391 0.0968388457577139 0.76923044661276 0.684399698949058 0.301847482862144 0.42616410953507 0.448616482039518 0.328755611355646 0.73884021142873 0.72971750676894 0.499963171568783 0.578011712010587 0.688695121633608 0.601555773095852 0.321761218188022 0.321589272125444 0.615565141267804 0.481780395704806 0.472950284397887 0.68273369962804 0.438484087804418 0.462440829589955 0.504176453454707 0.54090499295617 0.575744810698481 0.668117949454366 0.651125645329681 0.675262268245675 0.671567466244045 0.684878147887835 0.670012102380623 0.661898027520447 0.584825288791492 0.533154615960092 0.681554906688024 0.724068761669707 0.677240610952257 0.654205638389814 0.581772756851445 0.526166536049256 0.54870919724188 0.467032182046703 0.601591519742794 0.531367788730958 0.374787957557874 0.391135773561151 0.495434251723076 0.556982785016751 0.644298913579269 0.701753104720335 0.218513828741605 0.192721360958595 0.0541583866814919 0.0994502771335317 0.147765729257356 0.0252268841245783 -0.0047982045507486 0.11190023728084 0.496465486438515 0.494160420392265 0.681414179684442 0.726627269365404 0.720868376632037 0.683352339329009 0.778751744168584 0.746323833546362 0.412625287175551 0.596007507837682 0.51957119490258 0.634591308163739
0.730671572263881 0.723936801299548 0.639509301217995 0.827069754451226 0.253560101710588 0.187291282251003 0.662896738364459 0.865113812052287 0.110437044407224 0.16553575945124 0.622439512354595 0.879609914481509 0.744763733166402 1 0.601526853855955 0.805984573141455 0.535466965240638 0.66382928259374 0.711101142068565 0.77899926171339 0.300305768153101 0.18673296280866 0.646258997318771 0.796847388635592 0.166602364129488 0.364606912322004 0.39618783279979 0.34611009625463 0.729605619623705 0.774252907380252 0.433231441827185 0.680866940103914 0.634180923555584 0.675461595556542 0.308974632731715 0.252483629883452 0.61286826435243 0.389779073197786 0.440484642475629 0.624640884676824 0.473391423384452 0.431320218883531 0.425081258735883 0.431945644070095 0.525315402193689 0.58706493416584 0.63794228248982 0.591512120625885 0.617361145504703 0.636610143444422 0.611998745256414 0.65639586481427 0.594661635726166 0.525766836383936 0.709253605042948 0.70813604912253 0.685376170572212 0.677359495780668 0.594520039018823 0.529171510317676 0.344450049000729 0.618816589612845 0.566979198552704 0.628282719468034 0.124309107316674 0.400401281049494 0.472987923433147 0.549170232062626 0.712378524416848 0.660605021797737 0.235063737203488 0.203971477303186 0.141934103218078 0.281249141250473 0.0672352529519744 0.138715716179707 -0.121550654929431 -0.0147175538206206 0.414125993765229 0.431324033878918 0.654975089933868 0.744101112185305 0.701216197026734 0.769527403970614 0.700744503916745 0.777548665821069 0.316983454379475 0.625896846639796 0.406180705333254 0.617716221058932
0.464287226446453 0.381979192751387 0.764220299768416 0.757422761042198 0.652979017778393 0.470814848924695 0.739000694708707 0.581848044511998 0.596266440461974 0.364245251303323 0.582963393913987 0.473233555620802 0.772960432002883 0.601526853855955 1 0.752060751759343 0.679583563281126 0.6569334682689 0.565666564364539 0.444851744826352 0.372284161435366 0.133926160753947 0.814317131318464 0.665319484479104 0.653332764796097 0.740014161237969 0.444383440419641 0.0919873254102807 0.709188313001185 0.698595275761466 0.808973101157647 0.756580626293766 0.788969867702574 0.753167377674713 0.587014029129 0.612130649085168 0.558992626339815 0.449319211337017 0.6493821553244 0.608818613594879 0.419430026230974 0.351031076533527 0.700313973096734 0.726373494542324 0.67443634678763 0.67065551233365 0.68906431930686 0.728499642184398 0.660984438081631 0.674474373756497 0.676946572581576 0.605747664079191 0.616716780812307 0.662198890683186 0.661770737730626 0.661939960758356 0.576054893983182 0.536381297144415 0.537761423670271 0.580887668586325 0.492951202164612 0.399395036229393 0.671104252820512 0.492368919617552 0.527354163820101 0.529732937859189 0.72000595501924 0.742810673900307 0.517759984390528 0.653155288026434 0.203017574452006 0.18819731209337 -0.0543887825506792 -0.0107894445691509 0.107422082741073 -0.0204689594203707 0.197180867058313 0.36754955560142 0.645833700893249 0.708607027210485 0.746952692674736 0.694324156792697 0.749751814358901 0.582958981354965 0.782944317483601 0.725753829921543 0.579208003670795 0.614185680603342 0.473738319887972 0.725346788513271
0.587490771550113 0.592267750281747 0.661668837638433 0.765658094045114 0.463957582344584 0.375721974257816 0.611115086883437 0.745008720818314 0.285134360029435 0.434539086186734 0.509048970304966 0.674037044322475 0.681481506948833 0.805984573141455 0.752060751759343 1 0.586882780372747 0.6551329939933 0.597692986270686 0.659433480740134 0.347227804118723 0.210343454535295 0.734535894309548 0.818656587495124 0.45339420877221 0.558486738436618 0.50217947669263 0.37832862771517 0.670065427705718 0.735979453837764 0.607927114909623 0.743487493721054 0.668769845424159 0.676889527317463 0.473366698225605 0.433216590297836 0.59019583153329 0.434634278727419 0.475303934111203 0.649051720973909 0.49428409914224 0.342361608253407 0.481651961857657 0.477285515078714 0.505074173273816 0.538615051264582 0.591098241866667 0.58748084259853 0.551303685882022 0.575785971132835 0.57524857119584 0.574276189300212 0.570237749077132 0.539186906857565 0.611134169205968 0.651751068578182 0.622794086381868 0.621070921606289 0.510635829530768 0.489320792169326 0.271575207316131 0.500735400527659 0.51846491676694 0.532589943736946 0.28715506007308 0.468675433312623 0.573097560014913 0.606298452050203 0.661626869637604 0.683406131102876 0.214030017167142 0.171592994699662 0.0198257155380928 0.269352568035761 0.0181619032288173 0.262984661070688 0.0318037681794144 0.0553004806827616 0.442233762683564 0.594048911916401 0.635457155206733 0.663432464182217 0.653566390251694 0.640844484442868 0.664464733575201 0.712474323399345 0.290370574029121 0.573042276987873 0.40699466424404 0.661312994402884
0.626790934912834 0.641753848778803 0.521832396499205 0.661884278943712 0.48821810418562 0.415153769977361 0.57715732924062 0.575513586552394 0.460126426817092 0.399819856330397 0.606038700679619 0.548389375190931 0.573887350925833 0.535466965240638 0.679583563281126 0.586882780372747 1 0.913316801284272 0.67506005258375 0.648608613314256 0.293597892452244 0.0389832649168671 0.454178351550136 0.530080650092302 0.479813645042438 0.544370348125566 0.2267843474041 0.0291544437956934 0.868955916437766 0.85252654988007 0.635470919743906 0.602317752896487 0.855054755276936 0.862339436786947 0.391949241159347 0.472991341596425 0.627382575147168 0.570015472549993 0.654873159103409 0.64642706664912 0.504176392475575 0.473383190751596 0.706604508615665 0.726141621154729 0.738425386502502 0.790201757490902 0.754203415500628 0.791009759918076 0.764206788141062 0.759189192115209 0.703573557957721 0.635772410467245 0.620552713775008 0.607466488909073 0.683337224156235 0.727988507616971 0.817980620558294 0.790263056261501 0.683370860975428 0.729186964468235 0.519612346019357 0.540898951351373 0.792621284510873 0.79025570684162 0.266499933657347 0.443509401182061 0.624002544881646 0.742804933540451 0.707962601591875 0.818951506128348 0.169016745516271 0.220762501755222 0.0698449897131506 0.215047875835256 0.100881715221175 0.130851199604342 0.113980658687651 0.22849513766534 0.793179731841065 0.731226309710421 0.936857599015271 0.87485582145653 0.821433157901541 0.705433179493254 0.757803122104412 0.754334872791638 0.490443069543416 0.601904990420568 0.256285212712662 0.743032486637011
0.78792991768197 0.802908721515015 0.62066852821521 0.751620535217068 0.43714835329123 0.322415313226223 0.657294322152983 0.671556707581512 0.33022315390225 0.293025952408082 0.658516142993706 0.65490486597428 0.670806076134833 0.66382928259374 0.6569334682689 0.6551329939933 0.913316801284272 1 0.812867737357095 0.795047157062428 0.264477085776566 0.13616840754166 0.507968548028581 0.569796456554174 0.425839068218966 0.52162237381952 0.317176421434373 0.195992040869762 0.888583214431674 0.911778543066973 0.583126477088344 0.638338513715288 0.882899025278664 0.85413141957634 0.334859010300693 0.384162399556809 0.692806142469264 0.581188467028646 0.625409320225841 0.717074498677586 0.496089786863848 0.537930154138879 0.681622753103395 0.698232405763178 0.749973134926754 0.820796543056353 0.794302049629589 0.814057457874689 0.794441631613214 0.791739042620636 0.739043105270053 0.685613126021315 0.677115163540104 0.616454456852552 0.755242959407036 0.780855091998587 0.918494585881825 0.911845843838028 0.749525841471873 0.689370368704099 0.489898567042252 0.5076566727122 0.775828020685563 0.84164396860443 0.14837978890994 0.381158200424973 0.593428506617054 0.711908004700394 0.863604260821514 0.90795176228128 0.222239503412242 0.235601462986496 0.0638048363866763 0.284935192658661 0.085363382710057 0.253026116229218 0.0971871820714131 0.136953636316336 0.715787812179981 0.722212564129379 0.910957988213847 0.925545711775546 0.816866135590987 0.780197223377205 0.763334705006751 0.814011955874816 0.436183769615045 0.614605055972688 0.360248758097056 0.741041703088588
0.908086052627201 0.851882779922154 0.754404416267086 0.751695295535212 0.335683151508657 0.111257789853177 0.771012349769082 0.697582582322862 0.211751461326237 0.122483415295464 0.803930939402936 0.744720677405884 0.750721280419063 0.711101142068565 0.565666564364539 0.597692986270686 0.67506005258375 0.812867737357095 1 0.869400670146028 0.221288223783461 0.0969279693085515 0.568165007845401 0.594376150331147 0.193124539447459 0.280762407347813 0.292022209056549 0.2372769084507 0.799297441275148 0.804552394848749 0.433953884530666 0.552573639466704 0.791611055653957 0.712297379713951 0.227652371773115 0.212768943594375 0.707255541293914 0.497253460349342 0.503681924635997 0.680181113093105 0.477030897748351 0.494413692126668 0.498301210944297 0.505040746720026 0.598084177510422 0.691310912499645 0.685730365068289 0.687469480619654 0.70142427286429 0.68368599985128 0.65274429269072 0.646454286915206 0.624562706312963 0.514192652915624 0.692644745345172 0.709988292108354 0.87235529774805 0.838065793509579 0.720193175181092 0.596429084315694 0.517476643070354 0.488485522623233 0.676752873925614 0.717755846791828 0.159647791092471 0.321031326366363 0.477420767886437 0.530578124439466 0.828295038333968 0.787406723769796 0.384908640400022 0.387473536533117 0.224382762784547 0.332749201341755 0.15507189737491 0.237169398403405 0.0247170486160034 0.0418314118163307 0.514016111593538 0.467453862965763 0.74927594046216 0.798981219819632 0.733537845774733 0.737593434764715 0.729633786550322 0.740227518147182 0.322047037321987 0.614092706110205 0.419834707238215 0.615723778962187
0.921554849837897 0.933640817731171 0.570833154396147 0.726910057108113 0.176465677092395 0.0797247927375588 0.613905542556417 0.754836288018031 0.0821319494882469 0.168970949582676 0.760051506422999 0.842404021290392 0.66794919339805 0.77899926171339 0.444851744826352 0.659433480740134 0.648608613314256 0.795047157062428 0.869400670146028 1 0.207486303379211 0.0403418403374583 0.448690159686246 0.654952879715329 0.0324121930559814 0.170664996571871 0.269577992397586 0.326622487006252 0.808186444251792 0.836644882361998 0.277554725341778 0.530213585814108 0.663747936373933 0.645031944866877 0.0975179906450857 0.142109719979185 0.698294779366314 0.527620444741736 0.436262348593946 0.713004577583219 0.595543427396137 0.499740986373929 0.315725457334789 0.330859288173215 0.434948249656394 0.583280764658194 0.566832008011606 0.568530204304357 0.607499616448872 0.637435034000054 0.579365721271804 0.630499133937668 0.545715982470848 0.394186822993214 0.643323034871027 0.690930749007535 0.867621107841254 0.871181751939607 0.663406508014118 0.551132355782066 0.337857390433114 0.540773552172665 0.607882111197018 0.748495160674346 -0.0403663709143209 0.236260749163075 0.312819931721203 0.445355818252841 0.845934737004195 0.784121155385945 0.326048007924563 0.357599037999542 0.308433945741867 0.44028752565535 0.0873008318579651 0.275899318547654 -0.0697013675756509 -0.0811746041132886 0.409674303608448 0.376217974369551 0.70365583950405 0.785941138060689 0.699165813079638 0.755553317416177 0.650744796967598 0.724172022139848 0.234601468563493 0.587348620198519 0.34227623200119 0.557130950473748
0.190824946253926 0.173430807865223 0.275853286432754 0.271887822122657 0.0704796534748849 0.20947864456662 0.231853348910797 0.192074099351932 0.0770049211666962 0.0381014023313533 0.209060235584682 0.264665448748994 0.256265271590391 0.300305768153101 0.372284161435366 0.347227804118723 0.293597892452244 0.264477085776566 0.221288223783461 0.207486303379211 1 0.0957192100511771 0.307492312182971 0.281161818672538 0.242183421391545 0.297098049239839 0.269815759933945 0.120282322670555 0.232407920633327 0.24277950041991 0.351273026668639 0.347717451954724 0.309580293026211 0.295014268765795 0.259332937506621 0.217777534034081 0.284097103909087 0.196178193120654 0.327348241463419 0.261764043985326 0.292025571439975 0.270113244440772 0.297866658462071 0.298034082370216 0.30054754356511 0.307967834521748 0.314357847065551 0.315208847769573 0.308104816910281 0.334319379893505 0.282618103966583 0.288798630322246 0.28022397916255 0.327366274450275 0.2850860786799 0.273277451391086 0.270747387703874 0.22961944429195 0.230100239602904 0.2250473989888 0.0732220092037784 0.135485606219995 0.262548721966979 0.172924758957883 0.170125788149098 0.212943317669896 0.315347257679968 0.33986915394627 0.226918977745114 0.279734697317381 0.0668558310400476 0.0189844487311918 -0.0281547244815938 0.0246878428820485 -0.0483322071333603 0.0745323073452053 0.107627196796933 0.0733233533920718 0.305709730847849 0.320426390067936 0.339072308376319 0.33557255840999 0.324045800473995 0.323018473778137 0.34804821506978 0.37921949794003 0.21106267408846 0.297157970141464 0.164424931721556 0.308934196173856
0.0396416197728554 0.0376077376687228 0.19084647744951 0.154774869898116 0.162373599107451 0.157300355680989 0.16115650326361 0.117074437323102 0.038511858646691 0.043038994440593 -0.0889623203097738 0.101341676298092 0.0968388457577139 0.18673296280866 0.133926160753947 0.210343454535295 0.0389832649168671 0.13616840754166 0.0969279693085515 0.0403418403374583 0.0957192100511771 1 0.188709680810515 0.0601852947377691 0.261843590037283 0.277768028546968 0.357032385656411 0.268896362737923 0.0369951503907003 0.093670830949222 0.173797533998329 0.200210161324059 0.180033756518256 0.186364245703506 0.19673838311519 0.17683968226512 0.0753523837315342 0.00847196940086474 -0.0123869115227917 0.00594380874786809 -0.145695551119657 -0.0277423235059592 0.342877914001613 0.303712320725846 0.309565839242012 0.19976200684693 0.303354959390338 0.245945968010909 0.185437671558594 0.171986977817753 0.190047312355721 0.191587695742576 0.292099682304167 0.381234886086551 0.223313140371088 0.164764524593383 0.0769002897377148 0.0904296381071252 0.213858522072242 0.134129503112621 0.144637035974769 0.0631815179029632 -0.00270022711158628 0.0313492467877666 0.141965073359966 0.15137812308597 0.291580487614627 0.217962185982888 0.201882894077725 0.10884771431121 -0.0451274019345218 -0.0400344100977696 -0.202605388511877 0.0549091995816863 -0.0496673060216213 0.287697188949406 0.143727766160248 0.1463911152014 0.10151212173054 0.261112777826357 0.116719550902257 0.159414461833733 0.0176451703204337 0.152231752791048 0.114542672787838 0.184804592426376 0.0483378514292535 0.0822643395829551 0.378048428578482 0.236370050557571
0.479526857272617 0.375512260904882 0.870145146664229 0.778680650867229 0.519723999023883 0.288090535309833 0.751015043623358 0.578700159920554 0.39346283550714 0.221481734278931 0.522759118536127 0.457390479899748 0.76923044661276 0.646258997318771 0.814317131318464 0.734535894309548 0.454178351550136 0.507968548028581 0.568165007845401 0.448690159686246 0.307492312182971 0.188709680810515 1 0.763769166961447 0.525311917582161 0.586497673837137 0.462913091953329 0.191273358421355 0.549326540223125 0.538673941829927 0.652398249786778 0.682534674207809 0.658669607425509 0.584312629242353 0.597775822082204 0.441457482458095 0.515355485001558 0.338920390835946 0.451904210942896 0.521578657164041 0.336018432192867 0.264845548948802 0.541954591676351 0.535802452557167 0.554548717453253 0.541779735732049 0.58331871645946 0.580507348286316 0.516696238145712 0.501214219935172 0.548484350486167 0.487221086045361 0.502540991477555 0.523566641594842 0.531272783450888 0.548523336541476 0.487662676612858 0.46148366917548 0.439969508189521 0.357863009713027 0.412984180043716 0.373272277744256 0.474262144846815 0.347735885473724 0.596256721882316 0.592232562443205 0.690398176621825 0.635632973388465 0.496420945909439 0.551010622167691 0.247811549782673 0.146695675923522 -0.0661206169897276 0.0193530777928747 0.168124407225081 0.0258140230825325 0.155409924464729 0.211418795284327 0.432335541428843 0.534375845210215 0.547392503808902 0.56545525392722 0.612408118290546 0.56924166982613 0.742100792864662 0.682574093304797 0.427598575610517 0.644940061653853 0.589690971660609 0.656649547009359
0.58700539235224 0.570144409598072 0.676080230077882 0.822910191662081 0.419927635598746 0.266000455915434 0.652093015886876 0.785058068077411 0.294056607149272 0.405371193395287 0.576647594001814 0.658779860311849 0.684399698949058 0.796847388635592 0.665319484479104 0.818656587495124 0.530080650092302 0.569796456554174 0.594376150331147 0.654952879715329 0.281161818672538 0.0601852947377691 0.763769166961447 1 0.296859745052789 0.41794458962186 0.409185279752693 0.321503008305862 0.657767415773279 0.660689405141468 0.527513111789987 0.742608033323196 0.588648647313604 0.638524538928407 0.440910697506618 0.38474807687833 0.552607030224802 0.371702894469316 0.430706376298614 0.571203877007857 0.487277344350981 0.337250450679835 0.387451843086304 0.389350843596981 0.466098334821994 0.518564123050496 0.529612663784085 0.517966772756 0.524807381739658 0.504888374989359 0.532424020766284 0.52243588823935 0.456459587912847 0.420875090802787 0.538053484919311 0.605043642091563 0.573133213932526 0.570418791303913 0.469627410508461 0.44958367030405 0.324143232131637 0.595087254015915 0.478796169460893 0.473446338089907 0.340865149246382 0.586219966429823 0.522442261170683 0.58972237974585 0.570054521013241 0.606331915792984 0.24709693743959 0.256258516794143 0.0834999669595415 0.186508624776697 0.0161598367909898 0.0220100265064593 0.00169952774971782 0.0605479081186397 0.403471649956851 0.42983601939394 0.591195882654948 0.625052439811454 0.649469597972972 0.658919282721255 0.666996293556231 0.699673114481067 0.292967575893148 0.626811265399194 0.36578078864997 0.651521075278172
