1 0.814955294390975 0.577596056863614 0.621849413781719 0.449612413105122 0.25183170562558 0.554947064694501 0.429588355381536 0.4514147063249 0.325312837818493 0.641186098690115 0.402361875060809 0.698918295036701 0.409923066581402 0.547859857742903 0.422538281302187 0.600085145339256 0.513206621386534 0.77285591898304 0.685025366594389 -0.072058600190561 0.150217467197912 0.508726871250868 0.440606394260413 0.331609964340832 0.250798740387892 0.234563752684691 0.270345139854253 0.539287726032809 0.42642626952945 0.287490514423958 0.258403169187076 0.422096063267733 0.407339747323526 0.217952737737633 0.222327157132503 0.444409028807289 0.300987886488561 0.101887864272002 0.262310179189511 0.392284508689524 0.20952243152593 0.287254875565448 0.269455109305481 0.27148542572904 0.272067150461545 0.234867030581451 0.330596810905982 0.138624198507192 0.259679173245565 0.272782934798678 0.170085400572597 0.235898522703608 0.0984199609634147 0.253649301866518 0.289824344030614 0.718193346380489 0.724146389937782 0.620380120794529 0.46000157706443 0.668274342125958 0.239845040355312 0.471258477442725 0.297851013734943 0.378804264632802 0.35880707320595 0.349882429114016 0.297001954666358 0.767426034786522 0.677833036065237 0.112570243404641 0.120072736706361 0.143159986370595 0.125990466199046 0.132746533744211 -0.0404038765273287 0.130884932364129 0.0222496206963862 0.633057690137753 0.46521646185114 0.565381412788385 0.512528010527969 0.39699145772911 0.4613053899522 0.556020745118344 0.348324649373224 0.167197987885271 0.358722706029691 0.519720765280343 0.385040956163239
0.814955294390975 1 0.413704772052854 0.510358306909042 0.356063942402487 0.284276231810331 0.369834320021391 0.408783456107196 0.295778797041988 0.321665825367152 0.543768565981678 0.48595225010639 0.446013032971947 0.454748071948425 0.33183330924098 0.354648662780797 0.772461898678943 0.797024759739613 0.766981328444052 0.76442463967029 -0.121600020037093 0.158075137430827 0.356660144308576 0.365192306798181 0.429216091779356 0.364560866367375 0.334186443305548 0.23772919553983 0.649003871248666 0.691683167711893 0.406226820826277 0.338602378915281 0.510576563668653 0.604738180189803 0.235939659736199 0.295701681774565 0.558797516708301 0.378140768951321 0.28418322743953 0.448039430446672 0.356553191297013 0.236771439028021 0.471990730803077 0.459509541796231 0.523883971296549 0.512511626875867 0.431733855861265 0.533312170116107 0.353987104060826 0.492809683733086 0.447949006631058 0.437962168306866 0.390062444022795 0.322458955989617 0.421308590665373 0.455646800669301 0.867777087326991 0.914127615029334 0.689697683986746 0.60833701924678 0.475690272458858 0.183593128112043 0.662396076033885 0.526444364444045 0.195781115340628 0.220458910314043 0.347969560858508 0.345885083641214 0.867768476406933 0.76539031035355 0.102851207300205 0.11486395202084 0.112869650729839 0.182731516273973 0.0800444903222474 0.0905131567156104 0.293657361515916 0.160716741042571 0.780814946326283 0.664356656415389 0.710459686136664 0.704534592076372 0.480455545089587 0.629000483019269 0.502375087464388 0.448398062558499 0.257717192966975 0.46884235915919 0.403790232401358 0.553314870473504
0.577596056863614 0.413704772052854 1 0.723275100380235 0.507152960418934 0.163865436844495 0.785924626042161 0.476483831902563 0.46573016151974 0.240418783868731 0.397241236531522 0.0492266056523727 0.586751009640934 0.191579594033996 0.674814589133606 0.420587275599582 0.257123218959487 0.172050396125687 0.540918366932879 0.444825201158163 0.109089771536269 0.10811102616359 0.824014550632393 0.68693501987738 0.475596963477953 0.516036484628258 0.323144851790756 0.302246283296425 0.359037519296993 0.149870446292248 0.519546948409109 0.475658553165587 0.512412219045936 0.32898193532987 0.480651458556774 0.334240355317236 0.405826104107254 0.307725983867731 0.128112141899416 0.11407873023215 0.278814788376315 0.127306196600821 0.231614607621175 0.188962913472289 0.184360520399832 0.18434670534547 0.205875730580818 0.270123308625297 0.0886377606485134 0.156658094432483 0.37495033342701 0.0842929832096025 0.2310417485023 0.0335013722433831 0.336850981591712 0.221276133332041 0.268336430831759 0.293476552600122 0.414104515346315 0.234922587742131 0.520448882147975 0.0851557608542865 0.30140571282859 0.183984492692792 0.62416666044089 0.468365837120319 0.636487289522331 0.408144941174173 0.435422617727004 0.37093303275828 0.207840711712503 0.308059180925951 0.277441832676761 0.265834200704608 0.0836657592181888 0.0604202487145893 0.152746944485459 0.124123770822268 0.262298582691533 0.240126850522504 0.425205465103757 0.42509976976086 0.499917390526503 0.396693493372317 0.708106614750685 0.443917134921748 0.26751161631653 0.386530083095384 0.560034764240849 0.355512918220556
0.621849413781719 0.510358306909042 0.723275100380235 1 0.522884043679471 0.229186378482191 0.805487081688364 0.851723728645841 0.605254241034359 0.447805639029981 0.438706624800115 0.498890833818989 0.57962268215361 0.594073197866262 0.523032127585565 0.504603441402386 0.288715390858283 0.324877354490101 0.478500948862332 0.487050026500919 -0.0904066947593391 0.114785865943217 0.640150546224264 0.68008540373273 0.167197378911584 0.351554463368333 0.107981549961539 0.0480836650904255 0.384415908382199 0.382565428143619 0.442628343730521 0.624964782972019 0.550196114894067 0.529336332690278 0.415463749372543 0.379655925859429 0.27701306311247 0.270178986310076 0.00913061727192513 0.0879193974667193 0.331618768822073 0.201686891857219 0.243587035396502 0.186766275960292 0.149983813907156 0.186224712744565 0.169543583838418 0.22479741329989 0.0755041899744873 0.169206610009054 0.206687375631546 0.134214217513705 0.107103499768803 0.0212087444281359 0.180790273175614 0.199568810668523 0.332949953491487 0.38888559110066 0.354058629835069 0.21562245750257 0.649570125069258 0.568637971873629 0.312283917039619 0.448398168209105 0.565539063269157 0.722339021945815 0.535802356132865 0.548446040890064 0.346060735820067 0.342642776610387 0.397308521246113 0.378361036009731 0.320103164593852 0.275377589487731 0.153541117040996 0.0624923288822162 0.238969009500726 0.125571505389581 0.297838669804497 0.269312673721314 0.366749406858589 0.44902291000079 0.319319567786973 0.368646131584126 0.491134788169386 0.541112631073309 0.0328406258132236 0.299562983932705 0.509860804814299 0.385862859529204
0.449612413105122 0.356063942402487 0.507152960418934 0.522884043679471 1 0.283370062539443 0.533102687371568 0.46393618370681 0.624309313717633 0.48888549099011 0.325399497751679 0.272616669184958 0.559082275570217 0.406937427414809 0.679165955692753 0.586230685619548 0.264014791359723 0.203690724243056 0.339591638300348 0.307316826517906 0.129425369616906 -0.00153801947395961 0.595503166926911 0.54167234581395 0.228705576034786 0.274096301364461 0.22773667108787 0.0567843510662052 0.301518099093875 0.236321722557545 0.227547456012215 0.315191279473901 0.277050484330339 0.239394130023679 0.239163486137878 0.172338094075482 0.303448935334531 0.422812730498569 0.227010321163983 0.301826515309354 0.219673906522309 0.191062615860273 0.269203639882814 0.246253919307 0.155099555235428 0.221566419382699 0.240535265823031 0.27289736869185 0.171924131043365 0.284849045092931 0.276045634791446 0.229522640391691 0.228556447223368 0.147076746814082 0.319976579601182 0.265883120885878 0.263432269924 0.256124878352446 0.381966738451803 0.241254520510784 0.491155443235097 0.312296718981494 0.263658567006133 0.314455045914082 0.61529183626616 0.532693863214633 0.227662242304278 0.150152819603143 0.285109406722847 0.249836674231154 0.201006869113829 0.229554726463251 0.193221799975395 0.0609922753449087 0.146251797514775 -0.041852954293132 0.211058491100627 0.207549567859093 0.209828447243541 0.305893463899332 0.320964687350034 0.369691453835248 0.464048221888143 0.336388421235182 0.578697928266212 0.492039500354575 0.200458343923401 0.406215856761477 0.502517393621128 0.404629434264679
0.25183170562558 0.284276231810331 0.163865436844495 0.229186378482191 0.283370062539443 1 0.189468059515735 0.25551641694425 0.119553959397825 0.7395903621465 0.495241553504176 0.231126617378647 0.280066966446182 0.279917903754701 0.154287461634071 0.503672865468276 0.484834896890613 0.31425874159317 0.469235587110203 0.431120711325613 -0.250941353079192 0.378815460999341 0.218879667462738 0.208614351133171 0.160792346820074 0.162605790885369 0.333344976151687 0.464896965785837 0.592064248467409 0.459256883735179 0.334643366539307 0.134811835750312 0.372496546744976 0.446697808909999 -0.239132450178959 -0.189597045704482 0.216347845480305 -0.0499977133698071 0.208715236719939 0.200756501199665 0.0532213031341114 -0.277162302122776 0.29090355289651 0.240555827803179 0.287571371188666 0.353511835693997 0.35067646134093 0.315256579345863 0.383019595193353 0.337872604995354 0.367205179897295 0.219174428490499 0.442460642095998 0.337189454571819 0.340680595797872 0.216024841241482 0.435343467072849 0.36647808398252 0.325148533376325 0.151849921790938 0.255638478831628 0.144236898923735 0.415319926618988 0.416124111034543 0.0307274013039944 0.0648032267558397 -0.109752470726615 -0.12400741179664 0.341603966715479 0.147188944704721 -9.25195814560674e-06 0.10389730318289 0.0618646165732421 0.290782686704798 -0.11927606014457 0.292244654478626 0.25894997179686 0.438319360772925 0.399694768379178 0.447113313619512 0.527990290349161 0.36346423877633 0.314005912395143 0.272182595817156 0.233330179122015 0.153824661050546 0.205752840990116 0.22711615237272 0.037775981009665 0.508753921635192
0.554947064694501 0.369834320021391 0.785924626042161 0.805487081688364 0.533102687371568 0.189468059515735 1 0.762031741617847 0.657948174098419 0.422112140073077 0.493568650410322 0.386382956962761 0.714766086494227 0.48364358104826 0.621981890924146 0.435742168521725 0.251331533809185 0.268559164328582 0.482777324008528 0.400898525808791 0.0391248695191624 -0.0153348375642587 0.676925238476285 0.520872545739212 0.144717052402695 0.229802938920812 0.0428964294984885 0.0194591349034704 0.424652686480703 0.349407940573989 0.402804053804318 0.470596497897259 0.575892014162725 0.481865465486523 0.394923828273796 0.323302283555094 0.187551119900699 0.188018481337151 0.0230180171875619 0.0619234029321664 0.290601632409366 0.152754341563746 0.277219423125244 0.250344170967329 0.148049348041145 0.19462089504166 0.233391489940565 0.281241225374303 0.101213410449781 0.209085309940545 0.277360300519136 0.157683106131668 0.189135705396898 0.106254771162134 0.275824336673192 0.243094812150278 0.246136893857366 0.270976201065748 0.387756009900971 0.177084163368925 0.761142106630996 0.508649535868621 0.355895018980462 0.4413125645613 0.624615888457912 0.61911848618775 0.607293774631099 0.474819244080015 0.238692895959405 0.196967001649138 0.358021647065513 0.389799430110445 0.416706302170073 0.318738434468024 0.159345793272419 0.0699114679729102 0.279771505006112 0.24132231138754 0.246631332156723 0.287537536344146 0.371088108990011 0.372955737042616 0.348457252777148 0.329388815055882 0.552905262405881 0.489126466965199 0.0793019894992304 0.24668972074086 0.59536780303474 0.403859530212471
0.429588355381536 0.408783456107196 0.476483831902563 0.851723728645841 0.46393618370681 0.25551641694425 0.762031741617847 1 0.621213742367402 0.553433537312018 0.404744514317879 0.724799584692545 0.478499632035184 0.803919136037741 0.332522693072725 0.482644201657922 0.274435351550587 0.391756137987871 0.348915993205923 0.40980988390319 -0.0939050585428982 0.0150578929700174 0.425668591431924 0.48362735611142 -0.0563085179675421 0.20602595641472 -0.111427626845964 -0.169778042251388 0.388010658317628 0.548571937831152 0.429226106888291 0.5834027080678 0.572600615289284 0.63605193563326 0.320558322575689 0.378291987154151 0.157339423745166 0.247062713939392 -0.00891041207885335 0.160934864462024 0.274484889194812 0.204831519510517 0.304156603750358 0.252341878158928 0.165847034697427 0.214822370064074 0.202972660032135 0.254230852463251 0.102264978203533 0.219599059779431 0.160264330021397 0.244148580750304 0.118347807117168 0.175002522016524 0.195298270942016 0.255175130378471 0.276505970962525 0.331820689554179 0.320666037542302 0.165301581479207 0.677695701400358 0.766092250928587 0.378175939320247 0.664889672308896 0.398823176665614 0.690794939865425 0.482781255192062 0.571937046203166 0.173243643964842 0.17271204616764 0.466430975371281 0.409828313186601 0.384940318817473 0.303126353874599 0.213374529449551 0.121592419085863 0.388817128836304 0.276610746437042 0.238727625148934 0.307326199067652 0.298943938453662 0.44655714741218 0.154694967142097 0.345963658451781 0.286377775678397 0.574449570025877 -0.105950892044806 0.210441628708974 0.442894363086711 0.449849654393293
0.4514147063249 0.295778797041988 0.46573016151974 0.605254241034359 0.624309313717633 0.119553959397825 0.657948174098419 0.621213742367402 1 0.505100259352334 0.250429580735922 0.37408543136296 0.502897784682559 0.458888049836191 0.601280499328619 0.52107272350466 0.0762514189444562 0.172838147479852 0.263301021150959 0.206373790459723 0.160150852430847 -0.147270862330192 0.439256973063183 0.439184780300603 -0.077582092348231 0.0759553529419219 -0.150776030576226 -0.204583437172509 0.193176150941812 0.210856842194023 0.215115657581877 0.295376144140715 0.247956942432169 0.224656289815089 0.238624211097676 0.178632615216204 0.209574250523587 0.256359741428802 0.0067558739394731 0.136904772859579 0.287458105461081 0.209016166315461 0.149003423634028 0.111151030869724 -0.0223947855298931 -0.0143375769080076 0.106401917263233 0.152763890681579 -0.0321670505040092 0.0862193425663128 0.0347114754386537 0.0637537529449187 0.00968181342541418 -0.00482570591371361 0.0851439112893958 0.156221752496138 0.179660010868612 0.198802207077315 0.208945405962306 0.0361396959583177 0.527265389020297 0.469897965530977 0.170241930564495 0.28727638128243 0.583240991420784 0.612257665080959 0.281990090488351 0.227917714780675 0.150011180359546 0.147926942640754 0.346069607925093 0.364700469219811 0.301958639240377 0.135029954740736 0.229509675254318 -0.031327955056143 0.19799944333371 0.0604171238778606 0.0874164785723915 0.0627252652514124 0.139669020794411 0.15693696679943 0.123465022548239 0.206248723325173 0.38606992015628 0.41048010000657 0.0321179391910007 0.303898739811291 0.566017291380813 0.308966267884015
0.325312837818493 0.321665825367152 0.240418783868731 0.447805639029981 0.48888549099011 0.7395903621465 0.422112140073077 0.553433537312018 0.505100259352334 1 0.394619351169833 0.481038710319704 0.34840458076415 0.539281724321305 0.332908667423514 0.650338304894867 0.393379621025535 0.387768369086142 0.399077843738058 0.392321553016079 -0.190477015494341 0.134611645772236 0.302989845915488 0.346251372774297 0.101780039010282 0.184988263810782 0.206955447927857 0.156909838550139 0.521507121424581 0.516212124034616 0.379189065966469 0.266499584482319 0.37319959965559 0.498899798915144 -0.0219031649998833 0.0621753374805313 0.242677886141742 0.129008006619758 0.241047034789315 0.349282288149937 0.141416083935715 -0.0376605345793796 0.319768957218625 0.267822612000474 0.18556405160566 0.260564222025372 0.340339100019161 0.31196242093237 0.276803112168895 0.322755616108412 0.301719913987322 0.262216499653774 0.337388624982005 0.303954805970823 0.345098587846342 0.274452000548029 0.400550729704423 0.365587211230755 0.272494098782636 0.0598051725626085 0.416808056366722 0.453814300492198 0.395837002052771 0.523817110278704 0.270471187925628 0.415714571027299 0.0404763525768012 0.0491317052854909 0.253423471508358 0.0987690808700898 0.242321447064981 0.27845087576155 0.244817309810492 0.311407101891298 0.0843494780295573 0.203297653314853 0.424926116645624 0.467627880738288 0.316153341513422 0.448548635275306 0.419418814468135 0.395796793319247 0.247593238649954 0.332406537150893 0.284014378709535 0.391258555874515 0.170360119042865 0.32907474858465 0.30768037529107 0.549165714080464
0.641186098690115 0.543768565981678 0.397241236531522 0.438706624800115 0.325399497751679 0.495241553504176 0.493568650410322 0.404744514317879 0.250429580735922 0.394619351169833 1 0.440756182655341 0.721366152287574 0.345591665885443 0.390341326509698 0.303343773425704 0.572296125873093 0.39319352897262 0.684303288152707 0.648663753212908 -0.0976794869839157 0.158827811109115 0.289624720604543 0.12296918319204 0.146756175883802 0.0838873687363073 0.0969064491471217 0.182275628470496 0.737817767362235 0.520982695170367 0.248946941229635 0.221409397456434 0.392055341182293 0.42347202364224 -0.196701910181467 -0.147326376543951 0.189267688131045 -0.0609556669053555 0.234492563657063 0.113465971620123 0.302454262821057 -0.023412753268307 0.241384235885353 0.25224638533923 0.219168784327645 0.296538678116887 0.230111583528005 0.27904785209649 0.195644755826059 0.245766769261891 0.308876615431983 0.115669393585507 0.33610668185869 0.137858875162432 0.359908749931825 0.207346467170206 0.49271232178581 0.48807320748334 0.483904874917875 0.364502996832796 0.621636670559775 0.262559543416468 0.547589487999561 0.461710104571003 0.024855331660929 0.0430895064886389 0.0910404006670834 0.0889201263263906 0.443916890958787 0.214636034859096 -0.034527974881863 0.126970422340971 0.132431514132611 0.25210118073115 -0.081161623237056 0.151918389536053 0.13775890490821 0.200583375908162 0.523077880006387 0.534815246780657 0.612434193190448 0.403659724767362 0.308309395940645 0.218654431707647 0.28910931610982 0.0825756772647289 0.254355846533143 0.0802653361541523 0.220337973902862 0.400789460455968
0.402361875060809 0.48595225010639 0.0492266056523727 0.498890833818989 0.272616669184958 0.231126617378647 0.386382956962761 0.724799584692545 0.37408543136296 0.481038710319704 0.440756182655341 1 0.313501205024767 0.838612659213094 0.0494845526720835 0.342456685961904 0.354395794821474 0.513752620457533 0.318245868336465 0.470213843731048 -0.147487102647165 -0.0404567926043524 0.0599872809045099 0.143946313861809 -0.146316261695525 -0.0321902373888763 -0.144579921058501 -0.248145756749777 0.344106611415162 0.654742297366233 0.222094249932567 0.335249660052744 0.350013040080726 0.526849733000033 0.0653642570437888 0.219935985931263 0.0893863085252262 0.208693246530793 0.0337112714391321 0.293978727597388 0.252805349849776 0.205141010660433 0.311127033265444 0.307118338580757 0.196151258835759 0.221263688465534 0.191443215039664 0.245204690760593 0.148591156486157 0.264057014372975 0.0864928462413431 0.321556324965514 0.135197307430726 0.27059809605079 0.152374811248799 0.284621353016948 0.363524460500839 0.411885457140507 0.321126633659092 0.284807934719017 0.560119964707019 0.728791028904745 0.406687347206867 0.73213120113455 0.0338744278424811 0.373311554337938 0.165750649862477 0.365109412220094 0.214294024403849 0.197289671994238 0.371942638702878 0.241488402240783 0.222029485774698 0.184024559294488 0.194440182134628 0.0677984179041104 0.327246046661986 0.253228447385459 0.323802722499378 0.38242870660438 0.262174343167244 0.351088018635415 -0.00365467581792676 0.247709296402807 -0.00707546599066429 0.393712084792648 -0.14056384715001 0.111268171296792 0.282475318679551 0.413581619375722
0.698918295036701 0.446013032971947 0.586751009640934 0.57962268215361 0.559082275570217 0.280066966446182 0.714766086494227 0.478499632035184 0.502897784682559 0.34840458076415 0.721366152287574 0.313501205024767 1 0.438352950583475 0.738714609297803 0.503783717161014 0.409486126846507 0.250561241843451 0.615558110186108 0.52386217515937 0.0519748513471207 0.0624946616882958 0.59061179759097 0.397420951840634 0.248076860052194 0.205868961120072 0.128956481794185 0.17016341237204 0.522075466914044 0.312543551453691 0.313253496371951 0.308157036840201 0.457500014621811 0.349717946400583 0.164166131697012 0.122237386181862 0.241501165863009 0.170495275419871 0.144602241999146 0.115210249196341 0.302692438204337 0.18535764355384 0.303013234613369 0.319069787980892 0.222053582257105 0.278645034412494 0.270856821033941 0.340224662172277 0.142418052598058 0.257148238818635 0.296154138873165 0.122999026808894 0.253216038720494 0.108354000454133 0.340206166386233 0.295440860214439 0.380153482361797 0.363941137370894 0.511472780669653 0.319923930860281 0.721443578511697 0.324695476152252 0.371978146092519 0.27729856234234 0.399298462010263 0.370466996694386 0.387038696899935 0.306205030497687 0.417837693221885 0.311604419391336 0.0369658068226604 0.14269542653572 0.157679095797408 0.0903477400612162 0.0456312900691253 -0.0489593297780719 0.124990374004706 0.12219669877674 0.386749817974587 0.369719215484785 0.50091650939712 0.43665083045013 0.462489201240105 0.374486867882094 0.585650766794506 0.332002411456528 0.189344937123337 0.221116333966494 0.481047817222574 0.368250793723825
0.409923066581402 0.454748071948425 0.191579594033996 0.594073197866262 0.406937427414809 0.279917903754701 0.48364358104826 0.803919136037741 0.458888049836191 0.539281724321305 0.345591665885443 0.838612659213094 0.438352950583475 1 0.244177247159053 0.580676053773735 0.413712932611131 0.54117540088565 0.326633806344402 0.52274358841061 -0.116610560320513 0.0135804251983193 0.305677637778505 0.438334583871718 -0.0174264286782441 0.175739856165182 -0.0642329170118238 -0.137763075961559 0.415144886490673 0.664399612680816 0.431892950900467 0.53317937891778 0.513096972048939 0.624521447550844 0.244133773462717 0.369499994533865 0.165996396525998 0.332647772331264 0.0616350563583301 0.301783088431474 0.235537974125565 0.209006791776721 0.416449912146575 0.379260270480693 0.265148524169118 0.293833362269628 0.276648154781911 0.35006937014681 0.164445303345143 0.301878284554903 0.179969975430558 0.373247418084386 0.19718696080601 0.349725949213075 0.226894447299542 0.363135653843642 0.4157497755424 0.421042585517554 0.344535740674241 0.197614691628444 0.55368715979776 0.673384037430512 0.438801977642423 0.711841502289198 0.22373703803891 0.580693312364625 0.336936892923236 0.474312026241849 0.270618888710989 0.26212603502862 0.379415855206205 0.269466103446596 0.244017670122029 0.149513166200183 0.280194033483592 0.0495925499638692 0.438628141678095 0.315227890919128 0.359345071765209 0.428865032992352 0.355129267609442 0.540109621523287 0.206326294995234 0.461128060655043 0.234513642086413 0.648706133262732 -0.106305650886371 0.320037251974486 0.426893532269332 0.497502772126215
0.547859857742903 0.33183330924098 0.674814589133606 0.523032127585565 0.679165955692753 0.154287461634071 0.621981890924146 0.332522693072725 0.601280499328619 0.332908667423514 0.390341326509698 0.0494845526720835 0.738714609297803 0.244177247159053 1 0.657177481947577 0.2386157216864 0.137200768762531 0.459148912804682 0.338361892698023 0.200522007826423 -0.0236657130777856 0.735446604744526 0.61330821668176 0.378174205391123 0.356450706401177 0.188090552254516 0.188468509268477 0.348566471656918 0.128152598603828 0.33113507561186 0.365343633531908 0.300679740070475 0.125460150323975 0.325676794730173 0.175553842711348 0.357868414519112 0.325875656605389 0.207849641742284 0.167351381103217 0.27955255709492 0.210312336062077 0.22453868925271 0.22456942112019 0.0653418089523578 0.120944347500921 0.208495866173889 0.266181732312853 0.0487022786618761 0.157470116105585 0.273032060361496 0.0665815415066933 0.21897659789616 0.00857012446756393 0.322106177014759 0.227798655349909 0.261446759611978 0.239684876251766 0.330844600201644 0.156509829322384 0.459490328888143 0.115488132304891 0.184510113153598 0.0703100059413911 0.674943483251269 0.508457602222571 0.343093177699214 0.148916437950315 0.35457716408835 0.262835626154855 0.0591928527481311 0.218665742155891 0.201657488957022 0.0799813419776486 0.170901291805825 0.00353943597632805 0.10866385791628 0.0540856062062331 0.241866093074814 0.225348259285343 0.360786258654166 0.326410089378318 0.55123739963637 0.379765293341167 0.754117220412429 0.423379944407191 0.342686051664985 0.447959884811778 0.607098517546191 0.28817309808158
0.422538281302187 0.354648662780797 0.420587275599582 0.504603441402386 0.586230685619548 0.503672865468276 0.435742168521725 0.482644201657922 0.52107272350466 0.650338304894867 0.303343773425704 0.342456685961904 0.503783717161014 0.580676053773735 0.657177481947577 1 0.35185898555492 0.304979567423034 0.437061883787414 0.46012533165887 0.00557630003534627 0.167605715658912 0.569089087400858 0.715369124164815 0.319230399963334 0.363119148000973 0.212058505933445 0.299378461807458 0.416224999760189 0.388421773833146 0.452829151757538 0.41696660968171 0.39556951199704 0.332738893832559 0.20751973149338 0.184656421509995 0.372955544427396 0.354380802528154 0.174514514150671 0.302622686412922 0.204393092012938 0.0603153455530033 0.347419486724218 0.311325845505001 0.156467862725761 0.186739637883282 0.291777868495021 0.338000470207084 0.163863780320049 0.221893465848593 0.28764794469962 0.186417199336331 0.270816165723427 0.212536477460395 0.301161067716588 0.271152993995485 0.372160514639055 0.327916816033208 0.291627315506042 0.0693309619068307 0.354696906040623 0.215454939129253 0.286197254714995 0.317814137521737 0.498744761746261 0.594284783778861 0.197301887873992 0.110856066435527 0.374692752415976 0.274081764450854 0.203906318404828 0.259419070006031 0.182250336928869 0.167780281934258 0.157478502920521 0.175512797597535 0.343240356208575 0.263042559648279 0.3318286859256 0.326848992763641 0.417751507528134 0.458065932626561 0.468508065717922 0.510756863996979 0.596946418765063 0.643634588404484 0.194926043154408 0.589900325321098 0.512782242520728 0.494354983875448
0.600085145339256 0.772461898678943 0.257123218959487 0.288715390858283 0.264014791359723 0.484834896890613 0.251331533809185 0.274435351550587 0.0762514189444562 0.393379621025535 0.572296125873093 0.354395794821474 0.409486126846507 0.413712932611131 0.2386157216864 0.35185898555492 1 0.853582148385591 0.747857477178434 0.745319015612651 -0.180745835569836 0.23965959150192 0.310160972271901 0.262201531698502 0.453664012212618 0.323874116170319 0.430784798506634 0.329792888317039 0.841812643307997 0.800827984588246 0.478355444720424 0.250595127011759 0.614495558019482 0.713170369003237 0.059928936997907 0.171371954134904 0.521960081528768 0.255271784414944 0.408926342717269 0.477463451303525 0.243708603852033 0.015405382260096 0.61480249057207 0.613545107691557 0.635806957371468 0.667367737189262 0.597833910503176 0.665884983779093 0.506193687126919 0.580612323497241 0.570051314248517 0.497748436932547 0.556003562290841 0.521221988425658 0.570604682115086 0.47902788089248 0.895842710557387 0.840499540372947 0.638930284357955 0.47791988599907 0.387684052100777 0.113945276392729 0.832799684675606 0.624611250314985 0.0324663964886324 0.0840755664463537 0.247324187153549 0.234260326142539 0.796023511008906 0.618435524058733 -0.012088720894788 0.00786593867405408 0.0840480463785022 0.176569164152919 -0.0231483637695114 0.217744943647971 0.466308734080818 0.368681553627668 0.89055382618848 0.813986313337447 0.860076921982368 0.765568904730989 0.581267423140295 0.660293198996935 0.456706402665489 0.404228570223932 0.332134602973329 0.420209382197326 0.245428870246214 0.609544421073183
0.513206621386534 0.797024759739613 0.172050396125687 0.324877354490101 0.203690724243056 0.31425874159317 0.268559164328582 0.391756137987871 0.172838147479852 0.387768369086142 0.39319352897262 0.513752620457533 0.250561241843451 0.54117540088565 0.137200768762531 0.304979567423034 0.853582148385591 1 0.640909851093745 0.669308644256132 -0.190066597783119 0.0454378811895652 0.237440526053646 0.252857997885242 0.310123674255067 0.290750789595107 0.289175174673558 0.103047003370989 0.699772242729901 0.885201147906057 0.470078818906558 0.352743219929382 0.62415067248506 0.769665437601602 0.185365837422019 0.316314137258905 0.458808620159862 0.300512982398933 0.320123681979886 0.487090029917016 0.281245488243555 0.121925689413578 0.612618953390776 0.580886649779093 0.592884294676841 0.596625350253403 0.545665379980438 0.620649204081978 0.442304656925309 0.551656890505194 0.468303842325232 0.556628493930282 0.450103168823398 0.533103675832378 0.480994653338829 0.474687430142625 0.85530809331814 0.854487231228779 0.534667446876738 0.420113818926273 0.380929372021476 0.255589070914439 0.815626792956279 0.746582266016992 0.0513610336328037 0.1879784739845 0.309911442665029 0.349449411112063 0.689363483882072 0.583643729294518 0.20210190928362 0.1480336335727 0.195216440605102 0.264529935471349 0.118272491930991 0.25861334203539 0.576476690565545 0.373304076531811 0.819713513105547 0.777074147159963 0.729959478885232 0.722241729866593 0.454622337018192 0.685007237561286 0.360868107837663 0.508590918964324 0.251453407276708 0.504064123401063 0.343513350214794 0.634815438994991
0.77285591898304 0.766981328444052 0.540918366932879 0.478500948862332 0.339591638300348 0.469235587110203 0.482777324008528 0.348915993205923 0.263301021150959 0.399077843738058 0.684303288152707 0.318245868336465 0.615558110186108 0.326633806344402 0.459148912804682 0.437061883787414 0.747857477178434 0.640909851093745 1 0.847463858949672 -0.132262725889048 0.253876569625426 0.510551815909151 0.388623331472273 0.44713745694749 0.372687276065567 0.376353358326323 0.38364777551463 0.771702294452966 0.628945192653552 0.510416117353098 0.354743799696311 0.626751719991879 0.599505478181412 0.0794021246037141 0.0973778146946383 0.528407907816806 0.211719366739348 0.307253649765279 0.299314251131301 0.349676115384143 0.0544234478837451 0.457526585706179 0.427452629069816 0.46671503665172 0.491149346493007 0.471776306599331 0.521020681088191 0.373190222269888 0.43625078117781 0.477900027101562 0.280976990243839 0.475181115603858 0.327279057003142 0.465751613546954 0.36996692552491 0.750450182230087 0.711963546794369 0.582228916341734 0.379666272069404 0.481841321269292 0.0986074819572284 0.644195748008031 0.444651025741317 0.20044208815749 0.132066576592689 0.301770196023425 0.204207447707158 0.778650042408793 0.550019151214951 0.111883484798617 0.235459185627493 0.239917346318477 0.361680827461721 0.0371049821947906 0.238232926780021 0.357272110558071 0.310803392837365 0.722266831743172 0.653684504875304 0.79388619920031 0.652736217987686 0.58888942950314 0.585103794495072 0.583963590698531 0.306291269095772 0.369480484595406 0.394230997040769 0.348415836097704 0.560214738330521
0.685025366594389 0.76442463967029 0.444825201158163 0.487050026500919 0.307316826517906 0.431120711325613 0.400898525808791 0.40980988390319 0.206373790459723 0.392321553016079 0.648663753212908 0.470213843731048 0.52386217515937 0.52274358841061 0.338361892698023 0.46012533165887 0.745319015612651 0.669308644256132 0.847463858949672 1 -0.128328450432851 0.202347498023376 0.441347614038207 0.433869804399314 0.389283946215142 0.404282780926795 0.337247418650087 0.290963703129794 0.760777027000829 0.698520240107441 0.550725976239613 0.49731851582872 0.576387505887309 0.607758374498884 0.10275462492416 0.140714595757981 0.484824695408676 0.258825210601619 0.347124625177354 0.348653122647848 0.324531281794201 0.0761630476179981 0.448923702536257 0.408612284607874 0.447080763248124 0.456863957474935 0.434847808995363 0.468600967885948 0.346746176594722 0.39217371229356 0.459519192535687 0.301266276580293 0.47040298789879 0.340015622790133 0.472159252556884 0.367023176279111 0.728679836917655 0.669725922266753 0.495456630114868 0.29984132342593 0.398554898180426 0.150292731633277 0.616478208997618 0.51613364057107 0.107717726297117 0.158552415427288 0.248184921218642 0.218730852150467 0.728885410230439 0.525177508018931 0.171393265626622 0.273394588047141 0.281958817979468 0.357185925392622 0.113545256210536 0.222665915644825 0.391395120747203 0.32671945518077 0.701002864193986 0.670861214483103 0.773552568459079 0.715680925043536 0.559157350532706 0.569033834650349 0.482158794694177 0.39682402089387 0.346483590649094 0.449542024386878 0.35070196264388 0.546591445697664
-0.072058600190561 -0.121600020037093 0.109089771536269 -0.0904066947593391 0.129425369616906 -0.250941353079192 0.0391248695191624 -0.0939050585428982 0.160150852430847 -0.190477015494341 -0.0976794869839157 -0.147487102647165 0.0519748513471207 -0.116610560320513 0.200522007826423 0.00557630003534627 -0.180745835569836 -0.190066597783119 -0.132262725889048 -0.128328450432851 1 -0.2848174250999 0.0180540050716342 -0.0437300787966886 -0.0104712731078069 -0.0220491188001279 -0.272428450648651 -0.25416063350545 -0.160367451586094 -0.197843588624777 0.09823409272203 0.0144580664156478 -0.0244630621455435 -0.184957142927828 0.125360303417095 0.0870008463386474 0.0648687798847679 0.241870594818853 0.0179915714201298 0.134863670025106 0.125345404059462 0.203693344850412 -0.0191650507940284 -0.00260037273428637 -0.058118837604975 -0.0942828294797785 -0.0198758801248599 -0.00917845453561589 -0.0144957154968253 -0.00723589047333329 0.000971870211257471 0.0127847512630878 -0.0121680829563872 -0.0536081568208517 0.0454478110043781 0.0399160694105272 -0.198794954069594 -0.191844808720705 0.0120337147231781 0.0706064873562002 -0.0301262970135156 -0.0909496791564947 -0.107144835016833 -0.155105548530748 0.0127593380981261 -0.0654436293878506 0.124969960240244 0.0897566697925586 -0.13796249505714 -0.141024438199423 -0.0423688707180803 0.131297395021863 0.0951987417791669 -0.117296125027104 0.0173659309518369 -0.250385838733358 -0.0600597093649819 -0.0463737252801017 -0.244284674316997 -0.144255747268299 -0.151701181897488 -0.20099521919652 0.0658156998623526 -0.0642424578744002 -0.0207827381973741 0.0664194675732803 0.123310130116927 0.0840527132210516 0.221156988015558 -0.0488499237193416
0.150217467197912 0.158075137430827 0.10811102616359 0.114785865943217 -0.00153801947395961 0.378815460999341 -0.0153348375642587 0.0150578929700174 -0.147270862330192 0.134611645772236 0.158827811109115 -0.0404567926043524 0.0624946616882958 0.0135804251983193 -0.0236657130777856 0.167605715658912 0.23965959150192 0.0454378811895652 0.253876569625426 0.202347498023376 -0.2848174250999 1 0.156002122555053 0.141353289145883 0.246787852722172 0.0790079021128754 0.31200235239454 0.614206309361068 0.233587414864587 0.153516295570984 0.131044549108057 0.0133664495155693 0.188644473697117 0.183560144702035 -0.21530363120253 -0.175297218020128 0.247615767375233 -0.103314816226382 -0.245241198441971 -0.00566016290657209 0.0952912441139948 -0.256206269030633 0.0703129084810194 0.0275419949774494 0.0906323393950234 0.132070199679499 0.151500390256436 0.117874578470377 0.178177216245121 0.115256317317277 0.20636220323955 0.0462344025780195 0.176333365319331 0.0810783325307293 -0.0082242046388637 -0.0245556050550138 0.222947676549564 0.202730080392253 0.173993504198518 0.144600483515134 -0.0772652804093024 -0.175857754926248 0.109958118787308 0.0470290597015143 -0.0507901339038276 -0.109548879144865 -0.0860708859617057 -0.0495483334429727 0.242490413923957 0.261996346553433 -0.0118154441810305 -0.0818732120372637 0.00135610975819813 0.262617178612864 -0.261179761499974 0.353061676531271 0.0945581739008166 -0.0409436424066971 0.240818853193948 0.140596049861897 0.288449144762463 0.201116917496034 0.211356829584562 0.104813473975769 0.164571920188046 -0.100334624277748 -0.292215156692022 -0.151551354963404 -0.138643519312485 0.0212434488553187
0.508726871250868 0.356660144308576 0.824014550632393 0.640150546224264 0.595503166926911 0.218879667462738 0.676925238476285 0.425668591431924 0.439256973063183 0.302989845915488 0.289624720604543 0.0599872809045099 0.59061179759097 0.305677637778505 0.735446604744526 0.569089087400858 0.310160972271901 0.237440526053646 0.510551815909151 0.441347614038207 0.0180540050716342 0.156002122555053 1 0.825146876352781 0.528091068995934 0.612243919042799 0.417486233496619 0.342134132649888 0.368698644363742 0.23772010437439 0.589411831686923 0.528789730842422 0.547574635105304 0.377134868222385 0.550302777055616 0.391171424958469 0.47608288038512 0.389801217248309 0.21811694647323 0.192183947453887 0.260411189165698 0.0871123252155793 0.420707120042113 0.341254620339819 0.283439858750886 0.305674295311045 0.368501699745838 0.393277289467182 0.239565164253011 0.291548454481737 0.467071172054263 0.223162527644815 0.360020952321189 0.201321827985196 0.433178044913047 0.339792738786785 0.287551953690504 0.273101993522138 0.380749226676622 0.184283313807058 0.416459843284473 0.133208741806142 0.289328303452273 0.209000721911866 0.702950245557343 0.580127459916427 0.557827853813541 0.348902498779205 0.387156867918961 0.341693302390281 0.308247208850595 0.300371543038953 0.313806676995971 0.245955302081073 0.135012844976017 0.136479290139975 0.334245036886151 0.270296104199184 0.309503760926919 0.322443685021204 0.461630610361217 0.479126254215984 0.636458876356583 0.511484704212281 0.805343464893469 0.547478688603917 0.289488716008238 0.53438031506074 0.64145385646219 0.415426919855295
0.440606394260413 0.365192306798181 0.68693501987738 0.68008540373273 0.54167234581395 0.208614351133171 0.520872545739212 0.48362735611142 0.439184780300603 0.346251372774297 0.12296918319204 0.143946313861809 0.397420951840634 0.438334583871718 0.61330821668176 0.715369124164815 0.262201531698502 0.252857997885242 0.388623331472273 0.433869804399314 -0.0437300787966886 0.141353289145883 0.825146876352781 1 0.471434601473183 0.636982537015565 0.372122335830945 0.318138994985327 0.270685488534409 0.229063879553887 0.565887382495304 0.612973125996344 0.48372279863309 0.349140503089875 0.594457493797929 0.47316291547722 0.420731671481682 0.4257191737446 0.151109144251435 0.196814366584258 0.2475680913883 0.10090201307832 0.354685026947919 0.26183804193456 0.201120178457337 0.198844615425865 0.2630794898438 0.306063787620783 0.116174604449809 0.160194415374058 0.32808322433266 0.162332684786358 0.209412384152455 0.113734452089279 0.295612405486595 0.263498912878644 0.27467761979438 0.261281093900895 0.244346057404341 0.0569455879386305 0.285321221496376 0.127309567604449 0.212513768555623 0.185927521433055 0.690415634727192 0.719782675093009 0.503971421371217 0.366172077492496 0.364965130711409 0.36052156836235 0.362105549586342 0.312491073904782 0.272620461052339 0.180797637936647 0.228615409901145 0.117764808022612 0.312290412712808 0.193014737007504 0.274099923433201 0.242816230205183 0.357473783558093 0.472067615162473 0.505046429544511 0.544966033814242 0.717722881782609 0.693685476061922 0.209748018880094 0.640368179186449 0.570252789730301 0.369992055997542
