1 0.856821564785819 0.45816758161309 0.590829192331877 0.271235673718641 0.46211350553885 0.654113387748026 0.565165271510191 0.433343321448711 0.504514443205091 0.705849547978088 0.418993003894672 0.680954187360925 0.567155007318419 0.403979373895706 0.250963558208635 0.833035001568095 0.811095944204172 0.883884383028815 0.794129037973178 0.0476323905351741 0.151774801326917 0.223271398359459 0.319124232025897 0.156145842902562 0.302794825173865 0.132039094283389 0.150049321126163 0.661885436321796 0.706959636841959 0.229948602948276 0.199943460014712 0.676745047181272 0.603861093667993 0.232788082446584 0.353677781876956 0.305165471587732 0.364302597644793 0.388067664688895 0.541782648829014 0.344419974372546 0.271879071409468 0.592805008633826 0.732393920881655 0.690372450784503 0.711424828586114 0.689486425426998 0.7132689278615 0.660520461040791 0.65853896111906 0.62509172660644 0.583496321411132 0.581791074702751 0.414889211711409 0.650320905427647 0.660618069844482 0.809027277575722 0.779583510195703 0.79493527827193 0.688111958566325 0.692312088402881 0.520302320561941 0.642989095733713 0.708292694915307 0.331666628482712 0.421023555692269 0.416636710279816 0.493207903465467 0.558045237099925 0.748521108283297 0.506944836972822 0.54487249903975 0.343481617659709 0.440827256297323 0.213998067631278 0.206087201262551 0.515618894325386 0.55844364142611 0.721900623823357 0.672548304500895 0.756506869291631 0.803212798210396 0.43745204610567 0.488416490058902 0.554707956513254 0.464294444788056 0.135287032772699 0.124154510516007 0.627307745818142 0.604585671171206
0.856821564785819 1 0.384272863321149 0.501109120795561 0.141542674951876 0.412916513080501 0.511434334011324 0.49435637341265 0.254569339380221 0.332388275931926 0.571579414039334 0.432638169851508 0.447930588525303 0.497741062102406 0.211869021281119 0.147534300119466 0.851610448988384 0.871294004943854 0.788088930132709 0.755783073831705 0.0177037060235607 0.186819151206976 0.0818906161063212 0.219351979903163 0.125979124474616 0.30489563462202 0.0795610123073831 0.106831773470763 0.711218586270582 0.711524323109598 0.185779204786859 0.197002468587946 0.644512063779171 0.570154874731151 0.175631035541619 0.380945758455766 0.401660665098994 0.421639882457643 0.354121490368091 0.538783265771197 0.32801956979381 0.331379057903765 0.577790349408269 0.735295378736503 0.737928077540104 0.776212272022698 0.676569816577482 0.689755350895805 0.674512607346306 0.698016053472736 0.616444495977295 0.592460771783769 0.536966792785152 0.374458548379548 0.633700918386391 0.621794991911715 0.852847687779778 0.876929804042231 0.793842363184668 0.701006098507906 0.557374868756365 0.493864477802592 0.635372908128415 0.773807081546304 0.215288267460858 0.341203212178137 0.368516834519735 0.468424113605914 0.592098401153961 0.823486725123425 0.507900222206937 0.49065892057574 0.361624791440385 0.396471327912513 0.19240200220788 0.256545124899945 0.525169980706411 0.5624770013514 0.686409595039992 0.605961660149276 0.760747130066809 0.765920298395691 0.406514765241312 0.577433907255217 0.396266837136184 0.432143897348287 0.12846798898585 0.148034097502331 0.531506287550241 0.596023128341193
0.45816758161309 0.384272863321149 1 0.601252859923228 0.303134869222617 0.239227792559302 0.428209377787824 0.249503314109336 0.277871967910386 0.35750198035903 0.119338522234324 -0.0182703864874813 0.203334066419763 0.262518534292055 0.444538775994466 0.572201452829736 0.420672761432691 0.418730114496833 0.443641747431878 0.33164843928301 0.191148545795003 0.22854696909826 0.740794011865442 0.67812100656627 0.551572731648388 0.620684615876001 0.359495810025669 0.186225240649549 0.317322751377008 0.349340510779195 0.665847031543316 0.647653200601311 0.696430263251813 0.483721871867275 0.638633572186246 0.556999254820521 0.44184534531798 0.317854649546924 0.42396719711247 0.305610942335683 0.359348796102004 0.0301275319953153 0.483131159746172 0.462114418257694 0.502701936978018 0.466197635749898 0.491410092239143 0.408348481354516 0.439616974484202 0.380775482293897 0.419425481701975 0.316936504687843 0.34943533674148 0.28267915038666 0.539788107330782 0.48272163565504 0.374003906900316 0.427770037781541 0.326679334227774 0.211508551922785 0.184085595647127 0.102308615982699 0.131156379905508 0.329342241143488 0.728004453339322 0.48228275746855 0.719083669911208 0.660051225658099 0.314117636435414 0.362745199602339 0.357199045177447 0.348854937457687 0.244437023628427 0.132725376157959 0.191709403344507 -0.0552128271615484 0.387127324662056 0.317954774071974 0.433385202907474 0.323302361855249 0.400415232809753 0.549152472364222 0.321092218712471 0.446739893927664 0.711482502054536 0.618385136709296 0.485647575688384 0.55635449720546 0.333986420999168 0.559089487836992
0.590829192331877 0.501109120795561 0.601252859923228 1 0.416324684972875 0.527573938033147 0.699359265691345 0.784934584455841 0.553305436699844 0.608773093693296 0.418047451010603 0.471481113336589 0.518097937357735 0.529151449119376 0.334051395873219 0.392996558237061 0.512973238326651 0.494478735222169 0.553598193347361 0.526379450784743 0.190374544487315 0.22384825739785 0.386674898606241 0.612975066755002 0.265020681562528 0.512910446516415 0.202857366226609 0.0352280490549678 0.523286748051479 0.598878473772498 0.481832015996696 0.558531908744568 0.659508446821886 0.682257696146953 0.371665671511969 0.441568388074187 0.263014671149753 0.236644093092963 0.404298939149356 0.457286029627219 0.347395195736897 0.0842152955077234 0.525214336561447 0.614439575391298 0.561291700124413 0.534717492119343 0.561275928703871 0.599149354575339 0.537195183662441 0.47648660578271 0.564896704820807 0.469273411607726 0.520200478464795 0.462995412638855 0.61631013884576 0.574682644062958 0.442905364212677 0.462013744601745 0.574861810872879 0.552511273942862 0.559551580877198 0.603976790660795 0.41766099988102 0.572264460545957 0.520195222336548 0.831475764453267 0.543268286256176 0.714405260932827 0.273817099747017 0.453658919894984 0.480333973700761 0.500819325413461 0.327301205920489 0.336344581190765 0.190648868482931 0.114663391511691 0.417962823698278 0.476019511341916 0.467512877776792 0.399951626530246 0.611874871134571 0.674864035269919 0.343129120862439 0.369536185053312 0.50962590474905 0.631389947305422 0.219917973893536 0.302001597344382 0.546108796125429 0.633341865535294
0.271235673718641 0.141542674951876 0.303134869222617 0.416324684972875 1 0.40078343311709 0.455016384145067 0.430794583267557 0.524622772960186 0.429674631895441 0.20434851270398 0.17578937135665 0.409813329188951 0.319213279469807 0.448702429957053 0.314811813447695 0.141421416239505 0.192148720602858 0.23951709427258 0.282739020576571 0.209481283541881 0.0226174971068861 0.420132465296378 0.393852056630398 0.230560107743047 0.34980077284441 0.370882557751238 0.127710636844707 0.224582136516854 0.285930383978205 0.390216621880278 0.269470281998815 0.326431754323757 0.227987531273862 0.255742407853708 0.186711421768156 0.0872478322777952 0.165022225963679 0.206743220309589 0.245359300832351 0.203463113439723 0.241871765538226 0.169533752298285 0.198893191353959 0.195855178970572 0.181721533722415 0.188604325178775 0.170273497020743 0.188305073275146 0.185813246858361 0.21397450180776 0.18813018349083 0.180193718325211 0.25244007666204 0.290540397384119 0.210013173713167 0.175684923834829 0.158424771160537 0.175204655452411 0.160232977484931 0.340851304166431 0.289728730819672 0.114641367812037 0.151183325749867 0.390443298627687 0.41894172019436 0.316947956031663 0.332217162848025 0.0788070024437905 0.0961047528364968 0.231557034814017 0.324428117027566 0.232993713311138 0.298034361907434 0.00868171918186123 0.151371617788087 0.199782458677804 0.238393340534369 0.142108334433376 0.144803450888668 0.285634556388399 0.312176910943323 0.278775329594425 0.0901743990321341 0.403859979010245 0.243679830126004 0.169292551430922 0.158282089049777 0.285473290824107 0.192952699637506
0.46211350553885 0.412916513080501 0.239227792559302 0.527573938033147 0.40078343311709 1 0.458026762537094 0.605180836669933 0.372218643757519 0.633703038793738 0.378456437653901 0.377062533738468 0.412485103329372 0.38186977037178 0.192096581495792 0.190685442047417 0.407867730813336 0.447340521852052 0.419850024894447 0.430261833621896 0.00314537509465975 0.0983114841683896 0.16525300632841 0.310087846979876 0.156322296800776 0.38572045245494 0.105937631859737 0.250720973906579 0.369901669667856 0.438874603440126 0.195432850374822 0.138526758890101 0.326718844534373 0.428383515129804 0.0324077199261746 0.169040362228372 0.15494338683644 0.205939531128862 0.16975548834825 0.314409666829226 0.285289959017975 0.0561941860232025 0.360381095915761 0.437047384751951 0.407651619479817 0.43832296754937 0.393801341311488 0.410261084007481 0.40449336905746 0.407013474286361 0.364114049012604 0.294648475649388 0.358553449978595 0.327437767010692 0.356279326512469 0.388664349104687 0.41458267970824 0.369297661273131 0.396065679522615 0.378707213093486 0.439086395966071 0.482758407437877 0.322445136232248 0.366993422501607 0.300156763310787 0.529208770912491 0.158003671298309 0.340994112677734 0.295555443552434 0.346094749778205 0.272064926195103 0.324696359176979 0.22980861141913 0.29439483762663 0.0093947939027933 0.124059069921306 0.193482978562269 0.339794655168312 0.335678741105918 0.379358668617374 0.498649324191688 0.525393733488036 0.30608703038681 0.380854018050427 0.293297416570374 0.364176559475681 0.0156437898612574 0.0929636467697594 0.392710863413059 0.338138854852138
0.654113387748026 0.511434334011324 0.428209377787824 0.699359265691345 0.455016384145067 0.458026762537094 1 0.775169799828547 0.608296108901304 0.459021816537229 0.679408131608834 0.578518660674508 0.814846682926532 0.576050940500393 0.438012229915616 0.149293454534936 0.50509831406341 0.511818415330501 0.655726842964409 0.529507417415981 0.166344769299272 0.141928097504742 0.222745886121754 0.307147181384744 0.119337139094373 0.318831718277843 0.0894965005955354 -0.0263203566538702 0.625239641180418 0.690434729546648 0.442866459051517 0.316729926875362 0.663229528018484 0.744771952696639 0.260820849715049 0.318739414937805 0.213498785738594 0.254635956240117 0.345471478072996 0.376313081381325 0.359053243830729 0.163061789703215 0.62043221927509 0.670303247307571 0.588165655249446 0.543645623189207 0.622083370380711 0.648918377850037 0.555364401405375 0.540023478874164 0.621501742434617 0.526345643744619 0.613562155653029 0.585225587747467 0.582029907138735 0.630037843927597 0.374373664498891 0.35271120383675 0.625307840660205 0.605070853816915 0.769089542139038 0.656280103706145 0.625219134049283 0.642635520360378 0.419294971749219 0.638832497961894 0.504427619454172 0.590480960586772 0.114206809219565 0.345985435177059 0.611856696240457 0.597029340066811 0.488980499764958 0.497338205148013 0.147058926811479 0.133215151114484 0.486219748810784 0.519141521553514 0.413677568460754 0.400977578237425 0.646730617592353 0.610336171498584 0.332468993610678 0.28445095788353 0.475077389940439 0.439059860381745 0.0569557287600093 0.0274495035417976 0.699559445537226 0.5402519551672
0.565165271510191 0.49435637341265 0.249503314109336 0.784934584455841 0.430794583267557 0.605180836669933 0.775169799828547 1 0.602241350913225 0.647458984318669 0.693519204151832 0.774715808180219 0.744005771602606 0.750986697913084 0.341606216974492 0.250593581299136 0.444045586117624 0.448112866822398 0.546472472080511 0.545373210652526 0.0125183599328914 0.137766082252151 0.0724450004589791 0.336144514160551 -0.0455746748766528 0.299058335571552 -0.0380345167344813 -0.0735063176985747 0.640235686186967 0.742056005520809 0.27270508770159 0.327952621387153 0.506854846511402 0.727718623541606 0.106092528855014 0.185618704341322 0.0505183387730441 0.0652278085626734 0.234021211217615 0.341611933717318 0.267712356565061 0.0389310917425606 0.531382139869853 0.586327849635446 0.47878449511082 0.490554687805283 0.537685462213968 0.602810688401607 0.507912370336357 0.498252227618681 0.564028320507339 0.473882969574334 0.614291915580492 0.558405300527606 0.517320362894256 0.560558135941661 0.305669077046205 0.293303137799064 0.603117399261587 0.630872068879029 0.780084171359243 0.882349245928478 0.6568323543417 0.69089574004909 0.334170665458272 0.755428011585295 0.298953723776628 0.513150155872255 0.0659877355307054 0.324501125276884 0.481763668600901 0.498715857734548 0.402662078101639 0.474311881492729 0.117840610861995 0.179076578926211 0.434551564518637 0.512822943120967 0.34280141315 0.352731009822086 0.635550436021012 0.590177028095799 0.235714056584558 0.300850512649545 0.353540331507234 0.488627146300499 -0.0166136029079551 0.0330634532652421 0.635706585379255 0.552726615415955
0.433343321448711 0.254569339380221 0.277871967910386 0.553305436699844 0.524622772960186 0.372218643757519 0.608296108901304 0.602241350913225 1 0.455448333121466 0.422222289966349 0.370620194804344 0.643609823002775 0.327349901209671 0.365706397638862 0.11608828497885 0.2529422785585 0.265700511788586 0.500846431050464 0.420867778958006 0.0818478325559464 -0.0136640123065697 0.124279287963685 0.274846221495375 0.0590910023083551 0.179837201799767 0.10349301578084 -0.103583494937642 0.301336620545476 0.356303563864799 0.262125794953694 0.207840664904359 0.369452902542846 0.397955746238458 0.0768497145009981 0.0269326215546488 0.0127904945878505 0.145852087177926 0.192026946711044 0.31802538549835 0.167050225183225 0.0653403232527865 0.302216208584084 0.375986905169722 0.340044189802282 0.341445812339565 0.350596069862648 0.36814599084999 0.368329359329599 0.349518780102809 0.359857951747789 0.321272746388373 0.312257819446456 0.314556223273618 0.296032902208645 0.302607955283921 0.257440749830233 0.212776546436282 0.39969901171695 0.38601572834458 0.564941062433459 0.49502229960138 0.29389514309469 0.283336135078388 0.158310104256533 0.439853495456622 0.20398694178815 0.289924926148447 0.191589599396745 0.214879223898539 0.416303618201441 0.456655707925501 0.207201590553411 0.301773860598047 0.0857657868845335 0.0818850557133258 0.203796543663704 0.266199638550478 0.173490789809381 0.288619621391652 0.357801782675794 0.35086959223438 0.189408202619755 0.0531256379812713 0.217854112355568 0.172917206916685 0.0248297552311139 -0.0515342289561742 0.467914363224735 0.296905474271767
0.504514443205091 0.332388275931926 0.35750198035903 0.608773093693296 0.429674631895441 0.633703038793738 0.459021816537229 0.647458984318669 0.455448333121466 1 0.484656662477523 0.397848687274718 0.540606027777417 0.59779870617747 0.458989439844713 0.54187264961389 0.399855032838905 0.321585273055098 0.411047739841889 0.364419077006252 -0.0500422125306526 0.0081300444961529 0.340204342887483 0.483410024825345 0.11434840586296 0.425453118916187 0.217841236267901 0.171002203133849 0.38307746528151 0.439147503421738 0.180624188486456 0.218227514972652 0.298423288714953 0.411393684549244 0.122524475610427 0.142592015051282 0.217502418791654 0.0602983733620222 0.286987469245078 0.257921388538162 0.27563837533615 -0.0171915691707118 0.379639073892683 0.43580073844348 0.374991186829422 0.370612434218629 0.430134708382473 0.469418492622575 0.411677166939931 0.36945533559433 0.388830782584149 0.336799830237472 0.384254733731589 0.277695363051831 0.482973383413335 0.448067101501222 0.311004088511156 0.308425095183493 0.39821558747398 0.351735657151435 0.470169050733967 0.481528821478592 0.302658335907803 0.34490952090772 0.35772219929892 0.60545176945845 0.204177625872836 0.374424959218091 0.168635628792669 0.258105344114018 0.289143786848346 0.348359865836824 0.229532304194171 0.296869742495012 0.106791343996016 0.0224931859337126 0.36877957294644 0.376639871585778 0.387563097995038 0.289360948201891 0.379196791027099 0.461125169126575 0.344278110968283 0.382089868050045 0.457422673542528 0.595688428000804 0.181922154492877 0.299897679705799 0.424325389624909 0.523616620404117
0.705849547978088 0.571579414039334 0.119338522234324 0.418047451010603 0.20434851270398 0.378456437653901 0.679408131608834 0.693519204151832 0.422222289966349 0.484656662477523 1 0.721260930532372 0.848702975635354 0.719386582688815 0.35538301908242 0.05823003063097 0.550211862904869 0.491774730386107 0.668932097987976 0.507219418099396 -0.139711978009718 0.0972838548421914 -0.0728154988501231 -0.0215319443706284 -0.176186470356252 0.00491845898864299 -0.126173956795015 -0.00363275216893466 0.689598161142055 0.677558424840161 0.0772857537710391 0.00075848920545935 0.421569256831313 0.605619765800723 -0.0749076444602932 -0.00639837591151613 0.03314728004741 0.0481497212261381 0.273463328112278 0.166097539504696 0.278525952093278 0.0438747495711893 0.426996390463123 0.517333444409545 0.398490588241418 0.428625730671114 0.493899656012437 0.548106410275309 0.426332860652453 0.43110194680425 0.45147604565717 0.426783170270971 0.56046499840728 0.42817729370183 0.42222839130628 0.465076738426452 0.387601872303211 0.367088792605479 0.617615599142923 0.614833107066433 0.843799199889335 0.692619540007008 0.739456164048948 0.6527273606264 0.0921960496625714 0.363127279157139 0.11666313061207 0.227314612555751 0.161460513573985 0.370961624545483 0.44056261681269 0.49495271612429 0.416304376868539 0.435703172291565 0.131267607551268 0.100581306127153 0.479219332861299 0.442535253455681 0.417699605283304 0.366525633269823 0.557150878427399 0.481134100093622 0.242702971661067 0.377859106589987 0.268252349218645 0.323184400962426 -0.0730149802329629 -0.0777151548641865 0.621592995960261 0.497418510866765
0.418993003894672 0.432638169851508 -0.0182703864874813 0.471481113336589 0.17578937135665 0.377062533738468 0.578518660674508 0.774715808180219 0.370620194804344 0.397848687274718 0.721260930532372 1 0.601518816861549 0.697858357357149 0.170507486862753 0.02657748452412 0.332312968926584 0.315618084059878 0.394240524195826 0.302159095213405 -0.11153084055866 0.0958155477393104 -0.166209533409446 -0.0204136482420645 -0.237509280820449 0.000895108476987013 -0.254612469926613 -0.0996391343588994 0.646970051900585 0.718390979271806 0.132577213201588 0.0847790118304624 0.339844342149228 0.663040438780815 -0.0726386971232219 0.0366078193796692 -0.11777428143362 -0.0909834108009496 0.218723723648394 0.0660064717676537 0.237427957774863 -0.0684178732506162 0.407736675448785 0.486979889740633 0.375358237015758 0.401413591050305 0.434976190644473 0.493763776718769 0.403326249971746 0.418602837937991 0.47815904737933 0.482894410750685 0.592680814217049 0.505777855730833 0.368379340634853 0.397746731261519 0.16354251561176 0.193352814541093 0.570856221822729 0.683203042791199 0.755289936274214 0.856189986624863 0.640003756718644 0.655679094005974 0.0648719310356893 0.480751828857723 0.11035896199839 0.314831508338585 -0.100976958005504 0.2054122767097 0.326438931723158 0.350391035753404 0.302909549582644 0.242298209491769 0.0782347172255682 -0.0352203966582766 0.434144694365872 0.456800224483841 0.249231925625289 0.160731331405706 0.435427144041 0.295456114008129 0.0861446199449722 0.270446887993779 0.08654296013104 0.36207961979099 -0.104582041081063 -0.0617365181273732 0.521302307650228 0.532338117021267
0.680954187360925 0.447930588525303 0.203334066419763 0.518097937357735 0.409813329188951 0.412485103329372 0.814846682926532 0.744005771602606 0.643609823002775 0.540606027777417 0.848702975635354 0.601518816861549 1 0.657472315216211 0.518264757740097 0.13265921721988 0.459180460677973 0.432775687761049 0.638465066293558 0.51605048849279 -0.00106175539551406 0.0183665116015349 0.116623219041306 0.17470249484511 -0.00357649223588942 0.180163122888534 0.0146135270444993 -0.00861919844356559 0.571071481691874 0.602973554109508 0.203075830551186 0.101437408477312 0.462802338458833 0.586821737535403 0.0712582393826068 0.0896555037941636 0.0616776922019488 0.126542151341353 0.305156043194219 0.322285660324849 0.254367977450594 0.116848421556506 0.466589307875472 0.526697808541737 0.41361999267453 0.41038656396416 0.516358355359735 0.55713220778644 0.454260493670969 0.436695453946149 0.492371298865601 0.430485693525157 0.530136038484065 0.452044581214269 0.461278145461682 0.498730331664062 0.337983055740665 0.293177953466055 0.552298668467 0.517975017055279 0.816839556042699 0.646616090050905 0.589907172323888 0.518036570182105 0.216500961490086 0.493091430500058 0.247220538346717 0.331935598240772 0.15470862334931 0.316224742181798 0.491250768126633 0.513633279444099 0.372895837571144 0.458964027008961 0.165769737237468 0.148172672223521 0.399343252369433 0.45375585478312 0.377057309823965 0.401854161402989 0.540843846158802 0.496215861630573 0.239561154992933 0.226290383309999 0.372384721850686 0.306699214757976 -0.0620508302205702 -0.0807157278392513 0.682330834048589 0.415625555986989
0.567155007318419 0.497741062102406 0.262518534292055 0.529151449119376 0.319213279469807 0.38186977037178 0.576050940500393 0.750986697913084 0.327349901209671 0.59779870617747 0.719386582688815 0.697858357357149 0.657472315216211 1 0.524736404498812 0.511832047839075 0.387980020419197 0.370225644988606 0.466519119413743 0.389076687608354 -0.0739089281449467 0.138856416538237 0.187844221839831 0.287559544242108 -0.154960827735188 0.209475516346025 0.0101240938818564 0.0602018524272874 0.60570508398902 0.663528526532532 0.207348856239046 0.222331256565912 0.412749441799168 0.619496132148747 0.0764351818012003 0.157127516426438 0.0753906583698551 -0.0281225125267774 0.321057578646707 0.148742657442445 0.263230370505711 -0.0069097939737474 0.458412132095351 0.499362065895431 0.354726156925611 0.374624296499932 0.461405189170335 0.497964365060661 0.415705058499278 0.376000336490354 0.484556915333188 0.436626229828373 0.574605136167025 0.496163860745159 0.4703891233196 0.485660332384497 0.225195241928007 0.245822255808853 0.471608089827112 0.477809033647622 0.619131338399567 0.671608258898046 0.554194027585611 0.592869401000575 0.31070131391762 0.529418982150296 0.20586971552068 0.373825312928609 0.0118604334419424 0.239050261509963 0.32013919721131 0.383668629684704 0.370714340336136 0.259482425854513 0.100356979201548 -0.0148869900757716 0.454557858861586 0.458815309399697 0.359389457513192 0.208483549945727 0.488299197564264 0.498566362220399 0.242082971931118 0.410317219729213 0.492470916637903 0.62181766122874 0.129837168800696 0.265263750461237 0.467856805812069 0.565205329495187
0.403979373895706 0.211869021281119 0.444538775994466 0.334051395873219 0.448702429957053 0.192096581495792 0.438012229915616 0.341606216974492 0.365706397638862 0.458989439844713 0.35538301908242 0.170507486862753 0.518264757740097 0.524736404498812 1 0.618168743866144 0.176701330845973 0.220193953127716 0.308939844260705 0.206405114358496 0.202914593768128 -0.0396860723595392 0.618435658991693 0.477286809340021 0.306796623286562 0.399837001408406 0.352579295501677 0.191459778055944 0.367595749216819 0.374282674672597 0.425891827962524 0.352562603821148 0.412659273909846 0.365377710845033 0.30896275386753 0.226027759682124 0.144697196897659 0.0774007276925061 0.391543320556283 0.167340594691587 0.225703884808461 0.0745372264451772 0.325503091970448 0.309622449148308 0.248548221701131 0.21375931555105 0.334111721873889 0.324351995829642 0.314700487828974 0.293004007171792 0.384239356633578 0.352306183997269 0.359857546318294 0.385869516507824 0.399120638525239 0.369899998427052 0.0820689485816732 0.111974257016809 0.172157761134103 0.0955929349870748 0.260479475890545 0.17564319942209 0.185416878572118 0.225650702558551 0.433274494863694 0.300813482717233 0.360950847932908 0.331917274576812 0.039341946819346 0.101206102989219 0.287434354085823 0.336400184791723 0.203745745532827 0.196746153645741 0.132787003898151 -0.131620576744625 0.385547559379922 0.365327942454765 0.279124475905417 0.119212595366074 0.328303635822227 0.362868217883871 0.362538791644077 0.278368562037924 0.676346171140108 0.507088993081425 0.37211056367821 0.38635700205866 0.354670397197669 0.414220051689901
0.250963558208635 0.147534300119466 0.572201452829736 0.392996558237061 0.314811813447695 0.190685442047417 0.149293454534936 0.250593581299136 0.11608828497885 0.54187264961389 0.05823003063097 0.02657748452412 0.13265921721988 0.511832047839075 0.618168743866144 1 0.128608866860573 0.127248668243915 0.146022394263029 0.14762367292188 0.101076138432926 0.0794630699824729 0.684277279170053 0.719363471615998 0.299755524623958 0.569777462668352 0.376667494186696 0.290542793209483 0.149199375810969 0.229360757082112 0.407815737173167 0.556623135419077 0.313209122373717 0.252368660027498 0.361368533207292 0.2867586490034 0.280353979735033 0.0274958884922318 0.293235997668461 0.164038992116566 0.18420922593585 -0.0204556006451114 0.27809864010247 0.221958270961468 0.175310744737122 0.157652684140609 0.252259133816471 0.23971357949818 0.23934028167557 0.176684796548964 0.267552680025333 0.224122831985327 0.235988057996052 0.226071078909099 0.367118333653627 0.358198230214395 0.0638615817927464 0.125490679479332 0.0760572281694551 0.000743902423685804 0.00313994843801784 0.0518414403267507 -0.00868873063528545 0.162072590500648 0.506156358039835 0.364594032103 0.354801982137354 0.372418006101769 -0.00684104217358772 0.073580856880528 0.0966052210550624 0.136897749388887 0.102136693396344 0.0951667092086528 0.173584801169003 -0.0605982144518631 0.352777316714372 0.238131491566746 0.236063818891241 0.0529282886513603 0.140300774858097 0.330260437215012 0.267932968980781 0.321082686897998 0.669925409264404 0.664677663077415 0.379937602093315 0.623468743621113 0.180169295551452 0.443309334828251
0.833035001568095 0.851610448988384 0.420672761432691 0.512973238326651 0.141421416239505 0.407867730813336 0.50509831406341 0.444045586117624 0.2529422785585 0.399855032838905 0.550211862904869 0.332312968926584 0.459180460677973 0.387980020419197 0.176701330845973 0.128608866860573 1 0.900083574468974 0.802687133533706 0.753684439338231 0.0613823100239885 0.201726391753292 0.147023243046189 0.282966814805424 0.235185351830154 0.331183040226066 0.0986600306759024 0.0916299783729299 0.681719456412616 0.677017326525222 0.223318334697228 0.206126869186592 0.671119147148831 0.569715596712878 0.255655326133748 0.372836409122866 0.469475652913196 0.395130710470617 0.361002887356921 0.536241769739904 0.361769291184667 0.278205969659216 0.591908767838877 0.725648663400739 0.710857231270611 0.756509420130549 0.702065123292541 0.703096671389117 0.666142880277126 0.65497404815848 0.576823538995583 0.521240080204617 0.52838692607178 0.345017674446134 0.649676219821884 0.601892802180752 0.890497607342072 0.868874666301793 0.769870644356177 0.641644691950326 0.557842492295896 0.449077291474439 0.621878728151536 0.732708220614073 0.250899771601175 0.327961696463203 0.424275589471567 0.468567643062034 0.618783284379251 0.822828456598696 0.454741578654418 0.425967161007212 0.263044298367227 0.361533335710119 0.1743770251139 0.275999908891792 0.493804996284747 0.535219136200592 0.780365197801022 0.759461625123933 0.773046837312696 0.766168183540027 0.411841342252977 0.549747215895789 0.390954761630155 0.382539719175971 0.092599318050813 0.0939541764604937 0.513384934143926 0.563637667428374
0.811095944204172 0.871294004943854 0.418730114496833 0.494478735222169 0.192148720602858 0.447340521852052 0.511818415330501 0.448112866822398 0.265700511788586 0.321585273055098 0.491774730386107 0.315618084059878 0.432775687761049 0.370225644988606 0.220193953127716 0.127248668243915 0.900083574468974 1 0.796894110976208 0.792208320421483 0.169973947316658 0.179249169720777 0.168441600110174 0.288338503751543 0.264368425925816 0.365202921197328 0.12784003582931 0.0704229737491182 0.69448053304308 0.726274324886957 0.263310617025429 0.241028826989114 0.73906400106633 0.597868099003029 0.310071400946373 0.441702762943261 0.407855588923804 0.425762917113613 0.340211737158104 0.577984389613504 0.28079014305541 0.300868612696729 0.627902405588188 0.721861806387158 0.746820187604258 0.780564131464911 0.69978733944269 0.686636093863368 0.675716098277312 0.690596878449861 0.585275193898229 0.518919083646239 0.508270811907296 0.359107102017149 0.626510217426478 0.612450810770652 0.877238418420442 0.879138221494442 0.750106612416104 0.636587419415333 0.532235730797964 0.436931904036331 0.646775725013064 0.779235172598517 0.292848705752368 0.339887659927261 0.489304220006317 0.537404848256668 0.600975437629619 0.822744077255504 0.451529791333996 0.420706041982088 0.279282662397128 0.384252358820868 0.0786988818968505 0.333950652227033 0.498882738603341 0.591984918673279 0.756961499784498 0.782407280383227 0.807884949078412 0.785844216494392 0.414150529432108 0.459546114815336 0.405972396824167 0.345218806642265 0.138754064266789 0.0673188433999029 0.505088472827684 0.506405991050686
0.883884383028815 0.788088930132709 0.443641747431878 0.553598193347361 0.23951709427258 0.419850024894447 0.655726842964409 0.546472472080511 0.500846431050464 0.411047739841889 0.668932097987976 0.394240524195826 0.638465066293558 0.466519119413743 0.308939844260705 0.146022394263029 0.802687133533706 0.796894110976208 1 0.840997802949525 0.0664357237641478 0.124771786993539 0.123738493694026 0.275579726246031 0.139714039486536 0.28489623875274 0.111934327714718 0.0432280246198732 0.632765935838258 0.671337387787277 0.28107831706177 0.267634506797435 0.706858264798492 0.641963416813087 0.199758908882414 0.292237383844143 0.311609098477197 0.412175290481262 0.343909747125128 0.550819378613354 0.26197596683058 0.208585174865841 0.62525349006362 0.732186857620082 0.681454173127388 0.717028092621387 0.687628504044564 0.707139384431034 0.643268937933783 0.648980460921107 0.569394700813183 0.520737973241827 0.5423295017927 0.440981018222192 0.555484461050185 0.634615642341935 0.761877901631646 0.69909259040369 0.753893762609502 0.654253444989576 0.681008063306412 0.531194236769825 0.639205444952945 0.708943194358025 0.255978352103798 0.367604814088494 0.391835596042165 0.457532421491312 0.520537271372169 0.690765989648912 0.602137919789986 0.595510776552616 0.373116361249987 0.472135001464548 0.111601453648259 0.321208196525425 0.52397670219865 0.586560339922495 0.653781243429899 0.686458893281201 0.749166124191743 0.770847531524111 0.376168644875419 0.391070444367238 0.439127727450501 0.322698507139136 0.0966465015640593 -0.00393913833524295 0.653352298173271 0.533398824456937
0.794129037973178 0.755783073831705 0.33164843928301 0.526379450784743 0.282739020576571 0.430261833621896 0.529507417415981 0.545373210652526 0.420867778958006 0.364419077006252 0.507219418099396 0.302159095213405 0.51605048849279 0.389076687608354 0.206405114358496 0.14762367292188 0.753684439338231 0.792208320421483 0.840997802949525 1 0.116878307584864 0.0725825836508023 0.109256765035466 0.340397430497715 0.174888728500993 0.31207025193634 0.0762831151098649 0.0437492469266893 0.52859479492521 0.615946835355245 0.208634167132315 0.298998625100185 0.636081116889289 0.540443651489538 0.220142509641474 0.329143746215683 0.18477750288198 0.38956202497315 0.204017113333562 0.673738561915907 0.120669828426502 0.297198980224027 0.553403069342821 0.65604303544795 0.609681924347995 0.658496722685444 0.618473467846568 0.638598223395597 0.569142458936003 0.583540612928872 0.505716378840342 0.430773005705123 0.480301386708268 0.389391107935364 0.55634266791871 0.607151597020276 0.764182608425554 0.67323356258283 0.666790977725156 0.550126755648746 0.585817361130434 0.523534402303879 0.637246422859258 0.694956535703188 0.279002066943823 0.349332993688779 0.376871428257032 0.436669771897525 0.515692815055325 0.71591520760337 0.50407395611606 0.489901635105329 0.284909375132851 0.552924573163242 0.0693928081991731 0.527234435808029 0.424233576515701 0.567575943884501 0.627436992318419 0.728291585790285 0.747051971353822 0.755195988446931 0.318343854233818 0.219886571132429 0.366487463583112 0.185989312367032 -0.0172289538932844 -0.0888892348569037 0.594017023144928 0.351790951971649
0.0476323905351741 0.0177037060235607 0.191148545795003 0.190374544487315 0.209481283541881 0.00314537509465975 0.166344769299272 0.0125183599328914 0.0818478325559464 -0.0500422125306526 -0.139711978009718 -0.11153084055866 -0.00106175539551406 -0.0739089281449467 0.202914593768128 0.101076138432926 0.0613823100239885 0.169973947316658 0.0664357237641478 0.116878307584864 1 0.0492818505048165 0.33874415828139 0.333373628115078 0.451544170134395 0.279981747287536 0.303756659329094 0.0174057944559456 0.0813357639367769 0.0832418686017259 0.357165584621015 0.343206511178149 0.289361998611762 0.137318457451686 0.433453601137309 0.362917778334258 0.170245541730209 0.339831275709146 0.268293804893948 0.326886536944846 0.0575668886010987 0.19984469057222 0.169030734491301 0.121376836840588 0.142334478813494 0.114797540994869 0.13449119839872 0.135743749709239 0.119403612223068 0.107951002632956 0.101252220234816 0.11768046841736 0.00847642264657825 0.0666302202806008 0.232072423626736 0.185484395434074 0.0735036621863706 0.0917240823876107 0.0458605279385478 0.0641680234475686 -0.0207371180361628 -0.052666378487341 -0.0384660445648358 0.0452531890656664 0.249348791186369 0.237246211224682 0.419215212413587 0.37543340343895 0.0781744362680204 0.0845926131753374 0.00828793131119542 0.025794706972142 -0.0789549094415353 0.0391791636730945 -0.00786271485936938 0.147159437428543 0.158710942679934 0.226003881887548 0.192115767148986 0.203377460848205 0.102658802878335 0.131393670592414 0.120730671041448 -0.0636360747708378 0.215547861623442 0.104963593986822 0.198095713998901 0.122682333675433 0.0576696538349381 0.0156568086842983
0.151774801326917 0.186819151206976 0.22854696909826 0.22384825739785 0.0226174971068861 0.0983114841683896 0.141928097504742 0.137766082252151 -0.0136640123065697 0.0081300444961529 0.0972838548421914 0.0958155477393104 0.0183665116015349 0.138856416538237 -0.0396860723595392 0.0794630699824729 0.201726391753292 0.179249169720777 0.124771786993539 0.0725825836508023 0.0492818505048165 1 0.048794335296805 0.083955290133227 0.125143155075505 0.0817161326315005 0.141938250265787 -0.0396362900545965 0.147721069876539 0.185527535134823 0.164344669875174 0.195911796762762 0.215346749976765 0.22377441164243 0.0859053904745221 0.0370573274486578 0.131435814079536 0.136009378474371 0.0348387884763175 0.0682354648258261 0.193381366113011 0.019714032357291 0.232477664884636 0.215903734117343 0.237084692064253 0.208883085311181 0.163740916198056 0.185868864594168 0.182408158093885 0.19292721992745 0.179753577084741 0.162161624461779 0.158188689282624 0.142451343680331 0.193457328185051 0.191312927799383 0.144790294661173 0.197110506437024 0.207315003911835 0.251320908460121 0.0752415031649669 0.12835413993032 0.091383115824559 0.187632575230342 0.0757137094124544 0.157450776403735 0.210578396150046 0.236829227777664 0.208095531898822 0.202129052726536 0.0764008204744412 0.163584656758484 0.115457595480514 0.10203600695739 -0.012936510936277 -0.0490839491705087 0.161118392979466 0.172005977970084 0.197840185583224 0.0937783952815389 0.198974841638284 0.263207002150266 0.120376647018598 0.245672458241423 0.111853064641565 0.221405226275359 0.0598873060882662 0.14196530888895 0.145174773974779 0.235309080850973
0.223271398359459 0.0818906161063212 0.740794011865442 0.386674898606241 0.420132465296378 0.16525300632841 0.222745886121754 0.0724450004589791 0.124279287963685 0.340204342887483 -0.0728154988501231 -0.166209533409446 0.116623219041306 0.187844221839831 0.618435658991693 0.684277279170053 0.147023243046189 0.168441600110174 0.123738493694026 0.109256765035466 0.33874415828139 0.048794335296805 1 0.787374823522396 0.68525045466294 0.675838199608529 0.498198617995817 0.357265225056058 0.107747770251759 0.142831184094236 0.661631013060326 0.633824857249967 0.484725488571619 0.256915384604012 0.6686239922597 0.533598102594615 0.316755197430881 0.194936830461607 0.429821027799563 0.249410170872508 0.257977835554329 0.0248943050944439 0.262518556681745 0.200404340425285 0.235681802321686 0.182930334575015 0.272181864240379 0.203215273436228 0.215631569794417 0.131537314638276 0.232437495669137 0.164721559376613 0.153022421415502 0.15803357723099 0.379337353577588 0.283342597922208 0.127839818105205 0.192596049287966 0.0395102155603499 -0.0578726396424557 -0.015974787492989 -0.116517594088539 -0.118765544686992 0.0285293787082245 0.715271975866466 0.408476899242419 0.624894019775955 0.546935223713723 0.140883520995007 0.132474622008672 0.113927787134202 0.132454344765104 0.00052430898284637 -0.0117212223900018 0.124408792497255 -0.0979060893446704 0.308336666657173 0.239553220130285 0.268909533666965 0.178456041915913 0.135559315409399 0.321255083406206 0.262017917684507 0.227626301414495 0.727546931026906 0.57920677100132 0.496298430114262 0.586355567683785 0.150361203889321 0.336621448783422
0.319124232025897 0.219351979903163 0.67812100656627 0.612975066755002 0.393852056630398 0.310087846979876 0.307147181384744 0.336144514160551 0.274846221495375 0.483410024825345 -0.0215319443706284 -0.0204136482420645 0.17470249484511 0.287559544242108 0.477286809340021 0.719363471615998 0.282966814805424 0.288338503751543 0.275579726246031 0.340397430497715 0.333373628115078 0.083955290133227 0.787374823522396 1 0.65204439801502 0.828315939127057 0.454458716474097 0.261338024782593 0.1903746572154 0.261509964558288 0.61161742599461 0.778580124820345 0.534092858012892 0.392514249992287 0.617815537792909 0.536378961653281 0.347549020909634 0.269650867816836 0.386303519798567 0.437651861382658 0.145711554266394 0.0807532361278737 0.407107707928444 0.379207905620532 0.340263603702102 0.312387124696738 0.383930820159223 0.365612918115069 0.354964598007191 0.27268411530607 0.368810268864857 0.262988271980773 0.28567141729664 0.266798007471341 0.475175512751516 0.419106213022632 0.255875652015741 0.286735790181121 0.197150389931275 0.118926528811033 0.0899536297143004 0.137501454756182 0.0200515960849945 0.220202757410495 0.661581369979591 0.61621079450494 0.608122608235274 0.663835403766682 0.204456748110414 0.277629438250359 0.271953288125727 0.242497390599052 0.00888838946927656 0.112492765919867 0.173500230061991 0.107898163415267 0.347513142272997 0.366643266029929 0.301890173973121 0.304663920154139 0.274159448249711 0.474227678230365 0.343050409092786 0.194377218309194 0.643754722216449 0.596380769253408 0.383343721191565 0.471321385231691 0.282166208353434 0.414722357893247
