1 0.890392174555743 0.718568724646509 0.663719303457176 0.211411781732255 0.23202584751823 0.631134488582265 0.577635597404769 0.545343220403037 0.46281509987958 0.867661434632621 0.742784837058352 0.625540391020583 0.608999554702186 0.652719281558082 0.722277622415378 0.721887807170694 0.796999062518543 0.874805376840657 0.736309925467021 0.608708693631403 -0.0227598288384181 0.66498680032715 0.782480162670773 0.635873828569499 0.629530841768163 0.559586725386752 0.102317886477213 0.732558048235799 0.771550024786282 0.576926584271206 0.418643998136091 0.553542407706443 0.42199218577284 0.296036779805132 0.131312129711392 0.658164061374595 0.461359922915922 0.665489727424236 0.478287021035469 0.625516496408725 0.603328660734948 0.255347807774269 0.485918306461932 0.301964016480176 0.412716414782435 0.51833581313676 0.55505541354361 0.400649064389268 0.370886843054753 0.424086486862602 0.418913203628311 0.580038984081677 0.347180766887382 0.636644691726146 0.618735560807545 0.89838130037853 0.849217670604777 0.723940556537601 0.662544129029577 0.299684651612727 0.226265444579448 0.795277046529999 0.483637046924235 0.335563229573273 0.265517915204379 0.520368095268151 0.560848013376086 0.704083506564818 0.528733172577909 0.0361349072924008 0.0883620590268556 0.358541727304625 0.423476964345301 0.248303373596668 0.344173368643276 0.184034912790144 0.257627869021596 0.730595426360139 0.674557596931406 0.795058995922569 0.815196397119357 0.718191966310454 0.722021866198792 0.740754239003013 0.674780270900496 0.591605142198877 0.510543123140883 0.253407175983287 0.524709556424115
0.890392174555743 1 0.629107670981297 0.593042210566065 0.118811979599114 0.254435004078851 0.55615874481719 0.518878502592 0.508566225329496 0.44554609897816 0.727806776556316 0.668062336516967 0.505558254036423 0.526443558948887 0.613436896115339 0.686617465676473 0.793887835711512 0.892891231601049 0.823608572543337 0.864843412473766 0.626926422693403 0.0409418885753687 0.619601910254642 0.73321165773843 0.69110723967993 0.679217213370447 0.532306517162946 0.170937427205529 0.760665586769008 0.807818662190712 0.644738797926806 0.488532384149491 0.612898349437652 0.549860522729604 0.293692139957429 0.189249784331663 0.662951590504053 0.425012619454071 0.706938492482173 0.556276574011551 0.601024449174219 0.585156836362974 0.364348996925442 0.600371681781399 0.403420723583904 0.54645745491258 0.607950864736918 0.666298072257626 0.491470819201981 0.492645457046809 0.4736121132105 0.502151011556613 0.619337347431443 0.393133798553735 0.681867503448872 0.670597055886883 0.885761847310229 0.909596930892663 0.688695285581001 0.670753849718586 0.139590488980345 0.11296062137456 0.746549734626532 0.469756838171562 0.275254865812823 0.112197728831059 0.545824426549379 0.604485221942353 0.802867345356847 0.653110564719252 0.109321107383846 0.101370101012481 0.407799345994404 0.476886645560383 0.178881870826675 0.345538480308111 0.266432523076287 0.345590818065398 0.796222561979358 0.776970357456314 0.852612722198966 0.82608621077156 0.786502327138653 0.73699299963539 0.698793950382122 0.660896499000233 0.586482065164016 0.499573359931633 0.188563700198548 0.51177770318074
0.718568724646509 0.629107670981297 1 0.82336242976163 0.514002373279647 0.292695408066199 0.828771374606128 0.66230115994269 0.746026862191383 0.582549046722983 0.637969301862507 0.453862301884401 0.688842195545755 0.467024482721983 0.705188589579282 0.641421108578418 0.468670313006839 0.52261721384783 0.677106269243821 0.497021490630614 0.543807985294202 0.0565788431999602 0.832695754973811 0.803882525327004 0.638666180236873 0.612998701589483 0.584677764461208 0.155060826396617 0.533132201435825 0.541528918923886 0.555641348399377 0.374972814186301 0.513455322845852 0.361807303338627 0.492026942316886 0.264496000375772 0.570109458251152 0.360644685360538 0.573925802379828 0.350081230973655 0.395331746233071 0.333766959295675 0.302479882202913 0.343867904250765 0.346522833148517 0.355053451000658 0.523549499184966 0.51476514066935 0.431567124576973 0.40987257915476 0.445864611141953 0.411697409392207 0.522373864027386 0.384081669410983 0.550811690028225 0.551821970791916 0.685466939897636 0.680722395713805 0.645106089517304 0.608626640269376 0.564182422269395 0.377582614227127 0.628169066932305 0.376890250418899 0.578634234661955 0.457713948305274 0.643646692966302 0.56341827537352 0.491889975280426 0.405910021746845 0.176619477549263 0.189610926872062 0.331854673878092 0.358227150386728 0.288738389991468 0.290466953359301 0.217654922518961 0.285710128199955 0.473890484355002 0.407169580600512 0.566531976117436 0.636554021401039 0.543011256843111 0.580769707871642 0.75356093757469 0.674988892141439 0.591307485220156 0.540474533325288 0.373159376969587 0.549351341366323
0.663719303457176 0.593042210566065 0.82336242976163 1 0.517502623846059 0.438025266642334 0.845729945021324 0.849318712742498 0.731962517935044 0.617188623250233 0.525293520803647 0.538882406081555 0.645063788678135 0.643884966091879 0.649819668282069 0.719424965447098 0.458230332649732 0.511982939271464 0.631062333839279 0.506502363382241 0.43687506731443 0.0854734205057254 0.714849884538227 0.739211824523215 0.49850103416739 0.476949030379265 0.474434500086705 0.0663531952049238 0.532111761332805 0.588525312825622 0.516284439909947 0.475328082841998 0.626978124958711 0.558202124740257 0.578560950951261 0.445997458545165 0.528017502650231 0.319317072096582 0.60647799643011 0.254801451452999 0.303758553647856 0.286781122831207 0.450132819043792 0.438295635604204 0.508664007049217 0.47588239948855 0.578152242254396 0.585099107675731 0.578514264020816 0.519791185257598 0.596219619503252 0.54663126380605 0.613088119327683 0.530981811510877 0.604981063288699 0.597369861821136 0.614734152085654 0.614573885268272 0.736953807155903 0.659626587627874 0.617898786208503 0.595585182497934 0.612195329150859 0.525216806447436 0.435145230247335 0.608788030460054 0.737336573097041 0.744638383019148 0.484383106550778 0.429651608645283 0.292425246573002 0.345493670532161 0.436090183520235 0.452884682908741 0.284005975630654 0.349804783669275 0.383132845713107 0.441967979531183 0.464794165876336 0.430469963673082 0.543717864607787 0.594543200210737 0.576181089059001 0.564815656331172 0.738999478182965 0.73651022147742 0.58987653250106 0.496853251603437 0.546475266974226 0.733494834524125
0.211411781732255 0.118811979599114 0.514002373279647 0.517502623846059 1 0.246043303722494 0.542162649891155 0.461213536172164 0.539677036650608 0.586727233600195 0.199107637102949 0.180539956588363 0.46175244942341 0.344467385913144 0.357537571096072 0.333237043518011 -0.0196151436048967 0.0230007960195839 0.162005868253444 -0.0292775093671677 0.0603595632397814 -0.0530484788322914 0.360974191980081 0.350196712037342 0.191185780242076 0.189675413019109 0.298073157122723 -0.0421303131877412 0.121547313232859 0.109973330639142 0.0533520919084931 0.046945104359982 0.126994679539274 0.0981795362587298 0.34146734144598 0.120875077879317 0.21403922809731 0.210349260826349 0.146742951973992 0.0886774995973168 0.144012826937379 0.0755719971985968 0.0752697655352194 0.00331339099230064 0.204115784094279 0.0820727145578747 0.178894629422103 0.163752252168087 0.195352468209968 0.13665425950732 0.179497949548291 0.0864697508931859 0.239082459235717 0.172009627071695 0.158943457507632 0.165379121975507 0.111110126988866 0.163790696227138 0.272948491131335 0.192682668598586 0.601757134218194 0.414305252173083 0.182862404483095 0.157328896793099 0.351626089053426 0.522846706777423 0.313857482050895 0.26403374656712 0.0588624579887262 -0.0194016479094329 0.15652038386935 0.236413012829522 0.224591017423391 0.142560658047575 0.00576755203676186 0.0956712650472959 0.0340652041490093 0.0754411701618917 0.0178969891702175 -0.0433024929518138 0.0983988710472818 0.201538153050149 0.120571538203894 0.156216579815501 0.386629279337223 0.346755026968235 0.196353263544929 0.321740530165476 0.276096872986165 0.34019448853511
0.23202584751823 0.254435004078851 0.292695408066199 0.438025266642334 0.246043303722494 1 0.397590935644838 0.391298718174299 0.334527037490553 0.544315001999011 0.19223028985036 0.115717729587394 0.407405393757291 0.351441222598566 0.407388680873536 0.535932089818629 0.398435192992606 0.352016139063065 0.273195819068933 0.299054857927629 0.237597456194798 0.215703376235424 0.361477737988791 0.408942395359197 0.424880879847492 0.400301919378685 0.307553581096611 0.374172520963289 0.381469921051263 0.404488969520042 0.434432320654088 0.433833924432148 0.472271727871327 0.502315689205838 0.365329241358621 0.411505266771429 0.175693903101134 0.0499816341088958 0.424204592417766 0.13231141279976 0.0960631047028312 0.0734170984819478 0.505493720975411 0.534378651580481 0.447126837039933 0.434427839748201 0.464564081720998 0.488556038281568 0.353392197362302 0.287046569046971 0.298077447411108 0.284729980791705 0.2813130656824 0.273104440944026 0.379550181461627 0.434830238319009 0.260541482519087 0.231726537145054 0.253449543849378 0.171959744036818 0.253447906005586 0.247485447979294 0.15374830693178 0.217965374258279 0.145390039868667 0.347936333586616 0.36473800908966 0.470800881368012 0.333436819962348 0.308259562447511 0.265501011372539 0.251612655925804 0.424862378067326 0.433477492285204 0.0798206785039417 0.406794444227916 0.330638635390915 0.375278257057994 0.40612253886549 0.391411974151134 0.367935509889865 0.274032846206786 0.408415765823715 0.21809724546227 0.264169648305988 0.276296436402523 0.331013380915325 0.0748301400207008 0.199489465462723 0.247442369161662
0.631134488582265 0.55615874481719 0.828771374606128 0.845729945021324 0.542162649891155 0.397590935644838 1 0.807496903811282 0.831135832044881 0.591554719919477 0.526031689824601 0.482176588497481 0.74261709053584 0.608756595904721 0.685196553730737 0.662840421925739 0.53864720777287 0.538586569307608 0.642221621203739 0.498515828163109 0.523840066638661 0.101739199275195 0.769030814904305 0.697711295392563 0.522351031080098 0.481387004565253 0.467987135712073 0.0945432569145097 0.598431057885123 0.600178328533058 0.61567737005388 0.567400365143523 0.725873713270866 0.625739614586147 0.603655902516606 0.473031291434573 0.589476662232832 0.269897846957714 0.680468502434239 0.276518866988779 0.253951917250741 0.195924375122175 0.597893690219402 0.543349822869917 0.650191822151803 0.567541943293286 0.677194670895253 0.659316290216087 0.633262000233335 0.559313031427063 0.651772074344002 0.567959776344479 0.662168374966398 0.614348200068002 0.670703859182981 0.63300249123578 0.605343104642316 0.588102377346152 0.768122622674408 0.574299902442255 0.746871348689126 0.500029952829165 0.581848094245763 0.502049619868845 0.508554654843045 0.640988098318202 0.822136423256116 0.754405803442806 0.502306195860793 0.432414517474701 0.388954125909309 0.435965935695053 0.504563684664316 0.435481955070103 0.294885393572506 0.345601739272874 0.507037957015038 0.542583278914218 0.527444233296193 0.459868616920319 0.572403069046878 0.533145672639502 0.635447825604799 0.560286043143608 0.778574067038146 0.725131441461732 0.618568873874244 0.532386258697371 0.651624594322104 0.722231152866543
0.577635597404769 0.518878502592 0.66230115994269 0.849318712742498 0.461213536172164 0.391298718174299 0.807496903811282 1 0.60325333989503 0.602508142435158 0.42054543689212 0.544066191710457 0.55305585308082 0.748467061245744 0.53502219682369 0.664607979689339 0.393932550376686 0.438757743885823 0.533957874522045 0.476656707186071 0.339331620581613 0.0600060918608176 0.581506389323905 0.675952734182701 0.374272759379014 0.376635540036097 0.257049926963415 -0.069466608456878 0.533302971152791 0.588759255217295 0.439140956820022 0.463545692468503 0.575318982469065 0.563512131104356 0.465656428108496 0.443651810229066 0.429164546314424 0.281829459523854 0.510873956345708 0.215565072377495 0.278508083443807 0.263086948278338 0.441187521146552 0.396343740608925 0.486568602215257 0.44946183895133 0.487263427584192 0.529955571785945 0.502370075252819 0.42054654297995 0.531708984619564 0.474862550347306 0.52344452130532 0.476719440402765 0.504669198316263 0.49471231867866 0.515835006753996 0.456113150849511 0.691671107805829 0.520000168075432 0.57961447065781 0.674056422341939 0.591424055528161 0.718067136113339 0.311110417845903 0.658948158768319 0.675649232540195 0.7571837314161 0.444570944408495 0.404412525437813 0.334470886864768 0.435030221268746 0.514367038006346 0.510238494264499 0.315164346648402 0.451947012646342 0.41150624090094 0.406947719577339 0.413321421213939 0.385414711706999 0.485472552244385 0.550687970809538 0.511740554622858 0.54392307376077 0.64597713712477 0.709502957455225 0.465948242266993 0.472563406519178 0.564848558450559 0.707074581857049
0.545343220403037 0.508566225329496 0.746026862191383 0.731962517935044 0.539677036650608 0.334527037490553 0.831135832044881 0.60325333989503 1 0.570691727689153 0.447303009944918 0.407822212387589 0.758266892814058 0.51573707345336 0.797264988053426 0.674406499249453 0.407934770882727 0.456780216186049 0.543686982431618 0.401751512835636 0.468523137193459 0.0455213063453371 0.754176001678595 0.592822556174837 0.423517365639095 0.42306239420878 0.577233247826081 0.122603946574951 0.416414651499399 0.439970828104944 0.477976766567743 0.418262006898316 0.593013350449151 0.47465308530154 0.658845875364312 0.396675373892455 0.605754183554292 0.289875216832558 0.605332662964297 0.340868846727971 0.22563568442615 0.188722678066845 0.501241600809406 0.425835900284492 0.530176397966834 0.440195881259535 0.550033813469852 0.554446367593255 0.53607182510973 0.497199108960631 0.550984066951485 0.511534580835972 0.611044117667933 0.555004578982396 0.546028795904666 0.514685787659481 0.520136015931158 0.549587874250075 0.635472513945826 0.509223027140674 0.670968289325726 0.363490376322075 0.442640941485844 0.312216942818847 0.625584315607583 0.553795091836922 0.721290125960368 0.604177472300136 0.397685637102993 0.336319111036917 0.313350984183112 0.300873727552176 0.365602382745336 0.281648670318703 0.183065051484545 0.241567321733028 0.389479424428297 0.427129589779112 0.42665856957419 0.348696730105997 0.462183053196378 0.478528936679862 0.554641925644836 0.543492738325472 0.792993008027062 0.677758397499359 0.616463767940149 0.552295244436872 0.624484101841004 0.671755669025683
0.46281509987958 0.44554609897816 0.582549046722983 0.617188623250233 0.586727233600195 0.544315001999011 0.591554719919477 0.602508142435158 0.570691727689153 1 0.426503351981024 0.289256969182979 0.536713973627482 0.511252432149592 0.565660816217795 0.683906726383097 0.334655655075098 0.340941709421105 0.361731247279409 0.285527274672709 0.286527887999781 0.0682266381532851 0.479719883212261 0.596503664104096 0.502049552556328 0.515257291144684 0.370297427968359 0.0491917635770667 0.442151999097298 0.403398497249863 0.333647613860669 0.283340982839301 0.36072558532015 0.343062744958594 0.268515862920025 0.211686471054597 0.398851978915998 0.203554414061568 0.450267732131857 0.365473753476972 0.217925079521135 0.229035563133867 0.283641463539789 0.347829425529827 0.366890238180892 0.344639496022303 0.394694103015942 0.432901732617979 0.38110708082262 0.329848378611391 0.350043902587612 0.303063618034028 0.344279967367562 0.198964759799567 0.429808452843872 0.467338781615682 0.416169527304731 0.408517444421577 0.422731928559964 0.341567108864592 0.453045553991513 0.446736531577861 0.400895024592796 0.329788618492046 0.328244227936283 0.54916907920299 0.416997249409667 0.475591057694389 0.347428904324694 0.209127269495321 0.216088555877414 0.224764616045598 0.357774350005621 0.257426314227374 0.0579705107361329 0.322267590286292 0.108280477490192 0.205899538917893 0.383874768462781 0.307036552394777 0.44560974903364 0.484398896998082 0.42992963283106 0.392834480882801 0.563816508639859 0.51321675548127 0.382768888263172 0.367773099505247 0.201412098563435 0.376955271048245
0.867661434632621 0.727806776556316 0.637969301862507 0.525293520803647 0.199107637102949 0.19223028985036 0.526031689824601 0.42054543689212 0.447303009944918 0.426503351981024 1 0.696598670699525 0.674640914094191 0.547756322358916 0.611530380315942 0.638874413334118 0.541760314612595 0.61025460476043 0.716177124397803 0.553532744869934 0.492384131962004 -0.0930158448200737 0.571679299134136 0.720224785906654 0.56689958314024 0.552745607571563 0.498352941601438 0.137352822239617 0.620258303302307 0.615487742116391 0.427700428940816 0.258694881851612 0.322316167872445 0.186168915783745 0.141760269232167 -0.0127220156056602 0.497140471011883 0.409604730162799 0.473771251346938 0.425052985338291 0.533977772072039 0.540208857827745 0.0907191516506043 0.304929783133437 0.109253908551006 0.206097239326485 0.3699883916634 0.373391890855039 0.225217732075085 0.186605295580753 0.27800600849965 0.280542219134108 0.41730733544935 0.167074086117967 0.48840295093538 0.507681004027881 0.703479559198037 0.664037667906724 0.577616601961717 0.537587194421226 0.313980931301428 0.120924493847611 0.672732913437598 0.271195552309527 0.330953682462335 0.232579772293405 0.329591699110323 0.372995930043597 0.503399046916085 0.346375432269955 -0.0515282799545565 -0.0297467084638558 0.261006753413028 0.297320793292748 0.227717433649636 0.285410426858211 -0.0206997859360834 0.0367250252720848 0.557324743943762 0.473647773885245 0.603703613195689 0.623162131114736 0.519700615377574 0.546937635572928 0.600521906836221 0.469347071494846 0.461249271748154 0.432988103899738 0.108237449431383 0.293641091001295
0.742784837058352 0.668062336516967 0.453862301884401 0.538882406081555 0.180539956588363 0.115717729587394 0.482176588497481 0.544066191710457 0.407822212387589 0.289256969182979 0.696598670699525 1 0.491423484901576 0.800120520987668 0.491973585902859 0.624131551898298 0.443377413114668 0.569496599852599 0.604270106113289 0.577939815572029 0.478108313164534 -0.0744321276732162 0.47598198775786 0.598155040276525 0.394388687627219 0.404130712074184 0.360347149776683 -0.0974584043328088 0.58665155792679 0.682044221583417 0.392070476718956 0.340738677131368 0.353083930707621 0.308881685040855 0.189064031011207 0.0686997823766392 0.427291285042795 0.356481825698768 0.416963772558816 0.360485215535694 0.444837156247012 0.415108960720238 0.181416042919572 0.302351069610021 0.198217334765323 0.23780465290723 0.300650960656034 0.345479005669145 0.281230555279631 0.200587592265972 0.311232399677643 0.304117350160797 0.41543970643196 0.280987067986333 0.414858182730871 0.38101792793836 0.579597121042093 0.557600465500217 0.5488120568715 0.478143853741416 0.311324359171299 0.376556815203652 0.627515131318737 0.514906166883161 0.119791030667041 0.29343893265124 0.318795530227473 0.407278881239038 0.445571463176472 0.31778436658789 0.0631447385508235 0.158135062527593 0.323884834472435 0.374595445453534 0.215332098960099 0.343229679309651 0.101097629280642 0.174582331580383 0.459720741681079 0.437812226481797 0.512134942011904 0.556705576165509 0.496484357776577 0.639639716396877 0.505870671924853 0.531462448750975 0.354718816980271 0.504432824422191 0.268441942046418 0.530188232982434
0.625540391020583 0.505558254036423 0.688842195545755 0.645063788678135 0.46175244942341 0.407405393757291 0.74261709053584 0.55305585308082 0.758266892814058 0.536713973627482 0.674640914094191 0.491423484901576 1 0.639720299033865 0.846307465050428 0.706659382759015 0.40003738907945 0.471478915085746 0.593774051202496 0.422862894790624 0.479831607768885 -0.084696775055862 0.753065971518298 0.652034473892031 0.452333345373898 0.453107890740927 0.494286200682452 0.239125323530241 0.487370466020222 0.502333740583776 0.450288617347706 0.360188182335505 0.46445663627363 0.343054789903658 0.491687356520696 0.28184756942978 0.481262422164649 0.269914878781124 0.474525196320246 0.239576786581903 0.260245339152138 0.212526955950436 0.351230944598458 0.373328293408936 0.358492308100347 0.338241152241498 0.438049341785664 0.443819404027185 0.335119571703825 0.282343974866773 0.328100459838331 0.284860875340659 0.431877521743318 0.336371119512866 0.423794684289895 0.458042827880302 0.517532635984828 0.507278943251587 0.513224164005837 0.404416920911857 0.687794260149009 0.326937332777441 0.503793076936803 0.274934514706377 0.547329030533332 0.563266018065052 0.525468433084924 0.486065247582439 0.390054115222433 0.310997041767459 0.147211967880465 0.160175313546273 0.340413930598427 0.336962392672018 0.246122979256003 0.307109746089609 0.212080274639176 0.243182983604067 0.438522796110757 0.352569160166734 0.446437253803201 0.471924867138819 0.459616455456872 0.443551282806568 0.695953516371829 0.508947570862658 0.503926486143022 0.404696554540318 0.447570062219633 0.413921531493031
0.608999554702186 0.526443558948887 0.467024482721983 0.643884966091879 0.344467385913144 0.351441222598566 0.608756595904721 0.748467061245744 0.51573707345336 0.511252432149592 0.547756322358916 0.800120520987668 0.639720299033865 1 0.621743761772219 0.78506918781556 0.36850431358931 0.463423047453986 0.492911445986084 0.477620515484514 0.442558737973706 -0.0246294005557037 0.502285567971993 0.658708286498029 0.356615741671596 0.412823421307699 0.340438908774643 -0.0589735124714377 0.542360348873525 0.647978855895064 0.372602927528243 0.414011566774842 0.390139674698846 0.371050344361219 0.336025590539203 0.241470589836305 0.372892583407182 0.31190208776401 0.409517047591424 0.282688922393991 0.316491941963328 0.242401439211153 0.26261448274636 0.292678093830361 0.282032538066775 0.253711340709635 0.285312093758166 0.343856074028882 0.275523806643966 0.145951524138058 0.276784605149757 0.231607507529483 0.320243745510745 0.25538657221764 0.357594741004713 0.339289251050192 0.47424221448536 0.408758915332799 0.502479787688272 0.328068570086504 0.475055560455149 0.551181025676894 0.583065407690436 0.609032953461524 0.166717038731736 0.541539005321147 0.400807831323513 0.516850594186162 0.393941172067502 0.247895138725565 0.205226788019712 0.273372760745726 0.454075826037965 0.486878898812282 0.272463771133246 0.436655338118593 0.164455252372846 0.233234941063376 0.416931567109199 0.391019692651249 0.481114661501688 0.568661705035567 0.462969919540474 0.603282969902907 0.542746721700275 0.593474765230257 0.321612181064715 0.500489689841959 0.353654579976053 0.554019739458942
0.652719281558082 0.613436896115339 0.705188589579282 0.649819668282069 0.357537571096072 0.407388680873536 0.685196553730737 0.53502219682369 0.797264988053426 0.565660816217795 0.611530380315942 0.491973585902859 0.846307465050428 0.621743761772219 1 0.818504428240811 0.517400452551459 0.59551699058806 0.624923070883553 0.522487346417815 0.602990345821284 0.102170647742221 0.789941402436769 0.710044753784215 0.571637627413829 0.57107276551924 0.620045329419625 0.230721229699806 0.558674667876233 0.613507283048304 0.562090404962713 0.465440973937501 0.526336992326079 0.412942492768981 0.530997312764464 0.295645152213003 0.55822614070194 0.265446590871152 0.562041516534252 0.365505340620351 0.329584797862039 0.290378850672086 0.381775081684857 0.431967172882207 0.368483059821186 0.372272870261042 0.432597420212051 0.475040600734758 0.342332299792759 0.314933316656697 0.308111078867482 0.308465790761584 0.411164307333305 0.352619490484464 0.437326972156336 0.427821928601739 0.610100852087811 0.612747027622532 0.524247716076379 0.44339824170375 0.517885281168418 0.283493508792087 0.592173318118571 0.367626462617871 0.538213449867235 0.426665023128002 0.559825051108407 0.492527929658608 0.469368076751517 0.358416989005908 0.215611676380037 0.128239011680831 0.392827823055373 0.383774220411853 0.287981849518037 0.345278800451666 0.276786450079332 0.32296662758416 0.553275284508773 0.493293532465272 0.575802048542917 0.599231378228829 0.568859248271106 0.568202230169325 0.735040095980573 0.55475768900816 0.552960243109355 0.468429928780075 0.396115153544925 0.449242817136508
0.722277622415378 0.686617465676473 0.641421108578418 0.719424965447098 0.333237043518011 0.535932089818629 0.662840421925739 0.664607979689339 0.674406499249453 0.683906726383097 0.638874413334118 0.624131551898298 0.706659382759015 0.78506918781556 0.818504428240811 1 0.587649216833189 0.638843033400956 0.647504794194189 0.583246345656222 0.589382820088877 0.168869033715181 0.677603407534683 0.809774535954639 0.606593023601014 0.625106587006451 0.555586997890269 0.145138211045696 0.652983722660326 0.717418173889283 0.557433345052425 0.520182860119146 0.569374212702399 0.496194880651789 0.445049483726945 0.296553176089067 0.563149887809251 0.312392549962707 0.645049561681722 0.387003065559654 0.436351377634979 0.370246782414544 0.400108298763474 0.501181525328714 0.43047260027993 0.443258734481212 0.517205323181635 0.572439458891975 0.449489205641856 0.370156253390676 0.427704452520518 0.411710920761525 0.498339006816774 0.397555280476719 0.581862786185499 0.581775007905249 0.665952583212119 0.622435259799995 0.591123253412454 0.48105834133251 0.389083216551459 0.366098477532158 0.61542357915418 0.487616856942163 0.323827831259707 0.435074000726187 0.537668037220367 0.594900680589498 0.558679537426225 0.38399612011911 0.255815646790124 0.187754858423263 0.477878375801095 0.469113050837347 0.202365987000667 0.470097539638186 0.246912026555446 0.349040805123076 0.635638690352034 0.585805492099498 0.673512622084402 0.708532072997475 0.655165799511197 0.664339557915642 0.687077963363302 0.676253578235141 0.550169071700272 0.517334936624994 0.330361876273304 0.569873319792652
0.721887807170694 0.793887835711512 0.468670313006839 0.458230332649732 -0.0196151436048967 0.398435192992606 0.53864720777287 0.393932550376686 0.407934770882727 0.334655655075098 0.541760314612595 0.443377413114668 0.40003738907945 0.36850431358931 0.517400452551459 0.587649216833189 1 0.942485106578226 0.801927225591572 0.817478103062437 0.684714784900021 0.275843240933174 0.557859438333792 0.597327959019343 0.717003024615874 0.677762947655398 0.517305471001537 0.259489339733825 0.873306965596442 0.867367067091698 0.816909262569561 0.714384238221137 0.814644284356126 0.767006405356162 0.341932218089934 0.398814037487311 0.623836902984616 0.25883851852501 0.792938280009291 0.405792803423334 0.493901939609053 0.381683331446817 0.625013757530103 0.824520581812662 0.60442098500486 0.707450449418996 0.72597932669685 0.757889724293285 0.552676597353564 0.535858833434269 0.485686534472537 0.481379748066291 0.559595646361279 0.463224590755752 0.696411253826287 0.64212606133274 0.835000244352136 0.791414496288439 0.609768050055826 0.488991409276864 0.0788564512157075 0.0413163868856218 0.673018648293212 0.426875505036404 0.146387360356101 0.0373682026023887 0.60306466400407 0.624675552034986 0.778234266961452 0.683192627194157 0.35414344044456 0.29333160429744 0.591252424721591 0.583831529446173 0.128404216330631 0.372175375415761 0.555679342144526 0.633472953321646 0.95727167631136 0.91909853091026 0.921619484484965 0.734164419289241 0.885386038028555 0.643443557197059 0.589188133423022 0.523604568066709 0.587249023663191 0.346168952573115 0.25003365543024 0.434318049160915
0.796999062518543 0.892891231601049 0.52261721384783 0.511982939271464 0.0230007960195839 0.352016139063065 0.538586569307608 0.438757743885823 0.456780216186049 0.340941709421105 0.61025460476043 0.569496599852599 0.471478915085746 0.463423047453986 0.59551699058806 0.638843033400956 0.942485106578226 1 0.838147205845618 0.876835520249916 0.69330029969734 0.180044833979432 0.596316129506548 0.639300598599366 0.700647834531947 0.673374663326436 0.555855473831079 0.21209049328904 0.846447782289361 0.903256227175478 0.758428084324398 0.645463664064622 0.758254581750805 0.70525371211736 0.346302507538353 0.324787813078729 0.633315655779586 0.332401211249159 0.751914900141427 0.452128506803003 0.547269313915012 0.480696275820907 0.537239158510697 0.749936927216828 0.516354076794865 0.639712501457002 0.676918863203511 0.733023419673554 0.508204899816774 0.501531124672339 0.443237973997287 0.457544287178096 0.568183012340626 0.441379512209507 0.67993810280407 0.63304304675623 0.877424911912007 0.872377780711746 0.637023472755127 0.56590359523045 0.0967437131390616 0.0704000862590102 0.737071400296962 0.473774189653799 0.161741766814715 0.0445335588571496 0.572421478719838 0.600311560300409 0.809239676062303 0.713834774629691 0.265882098190575 0.202951388737307 0.538577052241535 0.588919349639367 0.170991826419188 0.384899867353392 0.469733040521319 0.540216587982873 0.918365662008719 0.907511857095435 0.911497593665185 0.792104649737786 0.851309562110622 0.693935022234123 0.612855796955116 0.54966604461881 0.563956075671476 0.376160404371801 0.233498043415914 0.462997085082902
0.874805376840657 0.823608572543337 0.677106269243821 0.631062333839279 0.162005868253444 0.273195819068933 0.642221621203739 0.533957874522045 0.543686982431618 0.361731247279409 0.716177124397803 0.604270106113289 0.593774051202496 0.492911445986084 0.624923070883553 0.647504794194189 0.801927225591572 0.838147205845618 1 0.824121825758599 0.646911163543075 0.0654492127729422 0.689619135685782 0.709147462973144 0.653686547713983 0.620954822783315 0.567909630013038 0.188405073259725 0.766723463988179 0.795210949108085 0.67352617563492 0.519120052183452 0.691295856953142 0.587187666952406 0.380474285782759 0.282455219009945 0.628321521693569 0.392774467120873 0.682189810247384 0.391467778161651 0.517643446316601 0.518964218876644 0.421126410726441 0.592328415272522 0.433297095424456 0.519418790037499 0.621021251466377 0.650121302829358 0.443668346478245 0.43530346011132 0.419560867304038 0.425946017595321 0.581653087694627 0.439317478822369 0.626791096801861 0.599930997586893 0.855799424279784 0.829703644134161 0.684733347444553 0.627641992840598 0.267249590937359 0.166052870303099 0.767337903676211 0.450496062451704 0.345989147917133 0.180291865399443 0.595561359832109 0.596121959192452 0.739111396138361 0.632712745523352 0.202417042782787 0.20422022872415 0.487427948555703 0.517559156032645 0.212395963410491 0.405136375223026 0.375630389235302 0.45572810139665 0.783926051586772 0.755779325966071 0.803858539772043 0.74956809908261 0.770907277665373 0.700054908730094 0.706585856780112 0.606833065315721 0.591963027958003 0.476244768860782 0.322078851450896 0.535143792998328
0.736309925467021 0.864843412473766 0.497021490630614 0.506502363382241 -0.0292775093671677 0.299054857927629 0.498515828163109 0.476656707186071 0.401751512835636 0.285527274672709 0.553532744869934 0.577939815572029 0.422862894790624 0.477620515484514 0.522487346417815 0.583246345656222 0.817478103062437 0.876835520249916 0.824121825758599 1 0.635853542926801 0.114235637610939 0.581419263275617 0.647381531108166 0.637347704845185 0.63253997728838 0.478547635947777 0.206871907538573 0.755702109004443 0.808355289902539 0.706651025315748 0.592656823798991 0.675922459443463 0.665233264506246 0.302994714750108 0.334943217401847 0.561460273025218 0.362834701772136 0.649426946699938 0.497190280052044 0.480213021046041 0.472003858594806 0.476628944162224 0.646950987460082 0.46076200391006 0.593262797453137 0.625452497915566 0.66870449403524 0.4297643109084 0.440742604846471 0.366344785859457 0.388524038487755 0.503678682463185 0.391003111435635 0.580829713410105 0.576306423440992 0.780907615668848 0.766132671269012 0.586548178200971 0.525189287869723 0.0790766466525163 0.0535569895492087 0.720518169872339 0.489170797681048 0.215182172172443 0.0516104370226764 0.557475584084371 0.608004878186767 0.883738798513861 0.786862254350779 0.270411834756914 0.230282467156572 0.541269221272894 0.594976591036657 0.178311402302358 0.437974642710098 0.432177921509947 0.483804770566003 0.787901271474893 0.783978403232993 0.810629391672976 0.724412582792421 0.756291082490675 0.695093568065942 0.596862329522598 0.539620927708029 0.479990729602818 0.44114673821118 0.209389788708292 0.462866524709627
0.608708693631403 0.626926422693403 0.543807985294202 0.43687506731443 0.0603595632397814 0.237597456194798 0.523840066638661 0.339331620581613 0.468523137193459 0.286527887999781 0.492384131962004 0.478108313164534 0.479831607768885 0.442558737973706 0.602990345821284 0.589382820088877 0.684714784900021 0.69330029969734 0.646911163543075 0.635853542926801 1 0.267777126561482 0.637857141284827 0.622842349571241 0.67081728434914 0.646261732506877 0.573335198249264 0.234806122881801 0.635658217058947 0.674903554544186 0.67627763841205 0.572414299943723 0.593480680918452 0.506581147246107 0.34938786461624 0.237929746080954 0.588647242421013 0.298870185740268 0.644042102142591 0.440963369963997 0.39820293534266 0.34729422210396 0.425246188012805 0.535716395177557 0.40427282915039 0.456210050676006 0.535451683980357 0.546840732611599 0.375747919666958 0.363395770791972 0.328405977575238 0.349647156715746 0.410682358253106 0.352251221848466 0.540045096979652 0.493755612834299 0.636546272686641 0.634110540571312 0.466186341665906 0.410984916572519 0.159333064707493 0.0255733328876186 0.567054978692614 0.31877276514368 0.242846319362803 0.0548994547788014 0.499617842663916 0.456933873839951 0.585726007214808 0.429450434368125 0.324303471385416 0.214151447725832 0.424251862974874 0.451298807129372 0.145367288734386 0.355386259899733 0.303582847936422 0.446184296027823 0.681233519266508 0.666525686513799 0.718981353451891 0.668428890800536 0.700178341111175 0.647267025769444 0.562140450877495 0.497135667792993 0.470667043033755 0.463704560543534 0.262745613419547 0.418613431070176
-0.0227598288384181 0.0409418885753687 0.0565788431999602 0.0854734205057254 -0.0530484788322914 0.215703376235424 0.101739199275195 0.0600060918608176 0.0455213063453371 0.0682266381532851 -0.0930158448200737 -0.0744321276732162 -0.084696775055862 -0.0246294005557037 0.102170647742221 0.168869033715181 0.275843240933174 0.180044833979432 0.0654492127729422 0.114235637610939 0.267777126561482 1 0.184087494556467 0.131803555168055 0.220502843331595 0.169257593242318 0.108159906357967 0.172379055411675 0.261295174918274 0.245468048317432 0.401174139362615 0.351727679181389 0.323405288496203 0.360849075982033 0.213829841382287 0.34304205910357 0.145190328461807 0.0363288770364605 0.272989424983298 0.0290727627920568 0.149960987955349 -0.018478571933887 0.330620100422173 0.287790081271256 0.308191191228003 0.284378700915383 0.232620589102262 0.259066881313869 0.201446170557973 0.20026317382962 0.136877886635039 0.129466759368136 0.0595486993968077 0.181244663955645 0.163113232908612 0.14139009531304 0.0419767492093819 0.0554214136389413 0.014765387413551 0.00929177515238954 -0.113449570446716 -0.0595169046456253 0.0488185653633828 0.115543721624926 -0.0399488838590297 -0.163430370965001 0.23712153656572 0.186757477499549 0.112345499590415 0.072504376792281 0.410532816622321 0.232260817878305 0.232411225296827 0.246715465171929 0.0496097007011603 0.244925441581323 0.379525562543248 0.406672409238662 0.243180907631395 0.302621065362242 0.249186755866097 0.169188397820593 0.269761562751017 0.158215958800565 0.0756360092931343 0.0854492611004261 0.145843415913315 0.089021591970674 0.0810745756067014 0.0703329205739069
0.66498680032715 0.619601910254642 0.832695754973811 0.714849884538227 0.360974191980081 0.361477737988791 0.769030814904305 0.581506389323905 0.754176001678595 0.479719883212261 0.571679299134136 0.47598198775786 0.753065971518298 0.502285567971993 0.789941402436769 0.677603407534683 0.557859438333792 0.596316129506548 0.689619135685782 0.581419263275617 0.637857141284827 0.184087494556467 1 0.818536173109327 0.689241852676585 0.644634860239771 0.640315400493845 0.268716922792305 0.610505194248047 0.633239403050403 0.721664842047881 0.593457134115826 0.664090446507057 0.535144155547627 0.642972434195442 0.43238779225302 0.614528807503404 0.292466394022098 0.638405382513989 0.34272021281699 0.326800879884591 0.241625056599821 0.488020969960942 0.496911056549065 0.46772557511274 0.468574863932605 0.565416279401794 0.561979954300548 0.435144007653576 0.430227957442629 0.419116546498299 0.400202960896387 0.479970937689732 0.483737812860122 0.525259494092865 0.512831440203725 0.647540185394806 0.62834172037137 0.537810419046793 0.486436799101936 0.525134244049287 0.32351821038558 0.620639476911576 0.417092579886816 0.613215309959279 0.410954423709127 0.690709049429481 0.580148860062896 0.514521075037422 0.412556708723566 0.325964433282189 0.25894374506237 0.42471579482976 0.45444970766889 0.321479301115375 0.389268100476957 0.374099702675141 0.426266770026524 0.559098689855936 0.489625544433693 0.587736804744074 0.594125768031243 0.612878078356443 0.59100227167617 0.758128944938913 0.606198390045404 0.607990072704008 0.515985659423214 0.441517070194655 0.511652246981949
0.782480162670773 0.73321165773843 0.803882525327004 0.739211824523215 0.350196712037342 0.408942395359197 0.697711295392563 0.675952734182701 0.592822556174837 0.596503664104096 0.720224785906654 0.598155040276525 0.652034473892031 0.658708286498029 0.710044753784215 0.809774535954639 0.597327959019343 0.639300598599366 0.709147462973144 0.647381531108166 0.622842349571241 0.131803555168055 0.818536173109327 1 0.774926822808276 0.773768406025755 0.635348993214146 0.234723189962156 0.672216135642159 0.701535994143772 0.629844026347086 0.525594106332638 0.536559983935042 0.435252170784844 0.466592416689287 0.317990624369422 0.575056578904965 0.370659801289407 0.626639547121638 0.413803698385509 0.472262159243076 0.431341701678131 0.327764964744663 0.448273495697331 0.34921298005293 0.401543613151322 0.532391092193678 0.548260640594152 0.376625609903652 0.324468524449566 0.361954954191995 0.341667334495926 0.457430340961849 0.322528787714994 0.578763425772528 0.564475125926501 0.710876554523648 0.660099350070095 0.572941310916654 0.49704572126484 0.364286943137873 0.261232186042276 0.67137666019538 0.43829198933393 0.480640679671802 0.380034113440443 0.588478144753149 0.59235529497139 0.617320265848129 0.419060648753828 0.20009887297421 0.170517625549475 0.436664520175831 0.486440629579878 0.264112544667242 0.406972439633927 0.155616212624862 0.247448516037429 0.630796984622989 0.56334254995466 0.692845606163646 0.757106471140192 0.65672550400848 0.71920185027405 0.727103540587879 0.696074469693136 0.596623886636059 0.650301395992062 0.239607367404985 0.481402195445523
