1 0.883263026521329 0.518324444697666 0.57549040898874 0.14166770057183 0.183350159564353 0.491044856432009 0.533505993030234 -0.0477938679713756 0.049031081746424 0.758248812126993 0.679480670712943 0.524234233296428 0.511066867041272 0.350976234846117 0.277173844297942 0.743843188532951 0.516275682510076 0.850409981220632 0.797234289790556 0.470880028695257 0.172329670244247 0.385544040605227 0.440602951849407 0.117447802562272 0.463978998230234 0.115665740343306 0.381956230387544 0.640229486611475 0.620189018571994 0.254258258660561 0.313243506462032 0.443465841181002 0.385266548036978 0.289519867173709 0.294107849528954 0.522803883592662 0.402144850132191 0.369176243305952 0.5814492475856 0.307778197288853 0.395711080869091 0.607133683482801 0.53393801997492 0.681651538103662 0.611330552130255 0.63117219675713 0.646506886302317 0.677356267779455 0.718417132088346 0.791709007445795 0.743626481011648 0.489294672839297 0.268136949362015 0.535770151972178 0.720863674562396 0.919621321058686 0.827389861363069 0.750169550536178 0.710447253435714 0.72686016678711 0.519669574540546 0.685655973081279 0.527268825430093 0.526358378098375 0.628416978920779 0.610505137798013 0.559525643884459 0.796463780566411 0.798835091249506 0.525375520269271 0.311770736732585 0.0691962722980636 0.221503653107181 0.195034033436801 0.342307620961477 -0.262983194121388 -0.0265847266958146 0.412650507453103 0.20370771911237 0.6202896836162 0.665419226847529 0.616483526553501 0.582474139395786 0.833934373233244 0.77653599659265 0.215731816401845 0.524296166308205 0.621202800601824 0.550371693277272
0.883263026521329 1 0.535915018250482 0.653190851676984 0.188345038735569 0.255273718124876 0.41390805868681 0.498748425092328 0.0148663450613638 0.199677937139753 0.532057347400451 0.623556418393974 0.400443181930389 0.526716933166812 0.402275248424994 0.356058912749069 0.754785534677255 0.742806158417705 0.765723988694023 0.720975947555548 0.53317279243291 0.348490933919149 0.329618873373474 0.410138476769095 0.0697389316345687 0.486563301231251 0.0326414019461935 0.459307574718773 0.672137986274921 0.706844445037303 0.386630543527329 0.46746124265818 0.619327911153642 0.603499787374462 0.479754410122553 0.465734061263319 0.700276738837018 0.609915493633681 0.599345703280614 0.692239410737239 0.430122752116129 0.297471035311521 0.7423039802053 0.692557873839196 0.810250616719748 0.792959351197088 0.738090885237635 0.750987213204352 0.76656743961114 0.832301344213301 0.837522796780708 0.808019769096033 0.603115813618465 0.445710034699616 0.71079096753362 0.807390431369954 0.927474657243924 0.945979073637338 0.801206345738905 0.798743247014748 0.649164326009969 0.497314012932562 0.574255409627184 0.662967863981762 0.58154603568083 0.645397982635442 0.676197445698512 0.689184842991731 0.694333488304438 0.774524362680432 0.407476199205647 0.346680164816166 0.113203821574134 0.263255229777589 0.0376017106944282 0.310060131007694 -0.11346481170678 0.187329315384081 0.523053740870173 0.467565704460157 0.678198645107436 0.780002817906541 0.745163043275433 0.704824728559349 0.836057751507246 0.838351963537483 0.495052448793714 0.721558729712097 0.647546256218748 0.741618976480197
0.518324444697666 0.535915018250482 1 0.67275921695778 0.513085609434415 0.492382195878502 0.700566573408181 0.435519783635324 0.410401612926516 0.516050678341149 0.286437752131081 0.327552251540448 0.433703614664081 0.236078575547441 0.507713930372374 0.312901029823707 0.597503917249853 0.574668132350357 0.537122276362308 0.436028743000191 0.384495087292703 0.373576326437313 0.636251241568856 0.48098412729322 0.143634141923416 0.420515275039418 0.33630230581141 0.413409951703574 0.53310860599928 0.594214167962811 0.634110433247512 0.665211622226828 0.691372971875442 0.5786661462774 0.620516722495465 0.504079771666884 0.517854569173658 0.504037828521821 0.4734754227097 0.503020639603985 0.350874767956951 0.0656303722856445 0.544949062570584 0.474403904918559 0.603270249742106 0.554052330151592 0.569049778812911 0.585775682212049 0.538879187039604 0.529141898058475 0.564350066529789 0.565575142077156 0.545465082099509 0.494479424482365 0.50811182851268 0.534285977959541 0.573259970124763 0.611306134120484 0.607247180326893 0.562484132830563 0.692555073797462 0.483644368195955 0.421303578354038 0.503785674292647 0.724936461165181 0.522008890424302 0.790757890434175 0.640071669953281 0.479616289674065 0.497197985255281 0.53622785767995 0.567683701957762 0.282756289207513 0.371220011384493 0.154027914523171 0.282906223261636 0.197791415209213 0.373651083667878 0.582051493461771 0.42418760936881 0.578251098238926 0.508162943146171 0.477556822038582 0.56122166147686 0.62304649824836 0.493653345153055 0.373531770808014 0.435306610257567 0.651862808085762 0.526550506626811
0.57549040898874 0.653190851676984 0.67275921695778 1 0.343182263617892 0.381312757461308 0.447527375416203 0.75741412090979 0.190023819391 0.345973652158515 0.279652961755326 0.567631000600479 0.302658366612632 0.481331758414131 0.428182333889645 0.409548086386645 0.629365151394718 0.631193207597998 0.582840099442388 0.585813459907311 0.523561501457593 0.339556599937309 0.459366433332569 0.441301821926818 0.377342220488019 0.548130065228503 0.351164426424279 0.358940476712624 0.508556619356698 0.760131536344394 0.516477430565026 0.594632077748577 0.660788901596314 0.724345535926989 0.57189294438253 0.467151433057752 0.573550954179991 0.581597226308766 0.533177814447236 0.605877404992294 0.226771003143843 0.139737579331895 0.578564482675485 0.505801282764706 0.622462164017988 0.590394325314825 0.598869450019 0.602337352793175 0.539280955626238 0.579308426853727 0.579055511545808 0.661625480935614 0.490551635348203 0.478879842214804 0.59328327825726 0.587717221008059 0.613022433662987 0.720905861731855 0.662636322265213 0.719390340903838 0.559329199976899 0.623956952281945 0.483626131249216 0.653154659514002 0.616500516971648 0.684553744938865 0.717716979171094 0.722441992372952 0.513033424461959 0.5180546472783 0.595758029759554 0.495086537401941 0.17215660813488 0.277423601097676 0.141937899778075 0.196013206479772 0.116577965827504 0.406531926796547 0.565509855789698 0.4366003985499 0.548690605119229 0.5775421587633 0.572564696169888 0.624939519247465 0.652738541402197 0.701530926406751 0.404162784652086 0.533505180623533 0.601019880292159 0.613312454148989
0.14166770057183 0.188345038735569 0.513085609434415 0.343182263617892 1 0.465086489910946 0.501311215972036 0.0868557412478057 0.599614560724659 0.617013772342467 0.0189491336121173 0.0963444174463459 0.236834264361088 0.0981313140233476 0.603151898876618 0.348509323337601 0.234356332503486 0.371000503389996 0.178472603788999 0.136050617666049 0.0595959586088534 0.254269204712794 0.458447444566924 0.287997479759345 -0.0578628870185705 0.0239389982975757 0.475085565400028 0.367045212180415 0.231769767675067 0.308098731603057 0.385263600856722 0.485981246572815 0.438593696242222 0.364940451885221 0.345539582016922 0.329582321458897 0.306723744015486 0.276484785355504 0.349251904465474 0.27456906866036 0.269726157797774 -0.0871131616622553 0.314155354510553 0.28418187834527 0.322305273379068 0.324383681664487 0.353124141437229 0.333817263248796 0.368583800485834 0.350966967460155 0.323488852599759 0.329248028835828 0.394992808981243 0.439668804474084 0.374908380646553 0.350845099933213 0.214267898798325 0.259956587137837 0.311094588668185 0.308781337921387 0.330418751418629 0.120474476515708 0.105106381461214 0.299651981479686 0.304445247935483 0.0311491328894113 0.38052593484336 0.285527605497063 0.179031332925672 0.235710395261359 0.164809212707361 0.263348045760345 -0.0296422697384279 0.112125817803389 -0.130025313571069 0.101232389301479 0.357818962017227 0.27844015877588 0.319839614269211 0.338075636667024 0.271829892672115 0.212981114981144 0.304259168456643 0.339070731540395 0.184878228650278 0.127954404584603 0.362859722135185 0.372962533144804 0.436057972249308 0.368007130090165
0.183350159564353 0.255273718124876 0.492382195878502 0.381312757461308 0.465086489910946 1 0.346983916422806 0.333953136953385 0.459449291962465 0.719157936238375 -0.00168442017296151 0.238013478487624 0.320548546954811 0.328143004603406 0.516735405629171 0.633227367049559 0.282548337564737 0.412988319176752 0.206933641599498 0.126497469953728 0.210972032225964 0.393267917960251 0.314371704240526 0.494152857285836 0.0158599331989733 0.239085943908245 0.367064213650036 0.535690234492412 0.225489194585086 0.390979430204427 0.412440045526411 0.484024232655658 0.431797632108985 0.466824048657346 0.49151635484613 0.529482808093923 0.392697798250424 0.38642092288543 0.374077389010412 0.426628060238912 0.320533755509088 -0.0753310502225757 0.411368193857287 0.383767983931262 0.422110996141987 0.418885027932972 0.434296803397857 0.423482052984956 0.366249852001815 0.324714797912191 0.305136735955032 0.328664722697272 0.404653923483828 0.472697162321146 0.379084311985078 0.395903465854165 0.287519245191859 0.325291260458678 0.297727007117656 0.359972131798035 0.289531741976501 0.407629469742038 0.159462513562416 0.447431977297603 0.506962815456608 0.401570369898931 0.516747458822739 0.499882376750879 0.108129960332297 0.196008877875721 0.238530526122492 0.353076991300875 0.140747581965087 0.274206024265658 -0.124955410848612 0.301920755561714 0.29009148486874 0.371314365920918 0.398821421211346 0.464205172731662 0.475900881481333 0.430164960889246 0.423380267111594 0.43369473448183 0.367034703618676 0.326032464615562 0.398618991871545 0.368669919912264 0.5880310813526 0.481198396606574
0.491044856432009 0.41390805868681 0.700566573408181 0.447527375416203 0.501311215972036 0.346983916422806 1 0.384409673312928 0.552507188605076 0.500859082215367 0.485502869700526 0.307238804945507 0.711892687095883 0.241226776258203 0.5594720074053 0.307878357159802 0.416728659483209 0.440116718213459 0.452022772342675 0.345695210697382 0.207266244531179 0.142389605752403 0.778594416715305 0.481461149343918 -0.0757735115443609 0.172346529448503 0.155946777986125 0.218882957932159 0.593487466743711 0.488876961124116 0.535015356734855 0.527534919505054 0.552050063524296 0.413934864138242 0.380880028188626 0.309192551262167 0.346650009288028 0.354981431480249 0.35363835279576 0.338180002090394 0.398677201672505 0.148988504345813 0.39188954396435 0.348389661946534 0.416677101259844 0.391908969804545 0.431537833274557 0.434590625816175 0.413937962914133 0.398026763347616 0.438393098087824 0.442680832626179 0.410640342664302 0.380832852413871 0.381342659889114 0.432668906782144 0.44133531978133 0.428151153694033 0.507177289170881 0.451962906852887 0.791208704629093 0.476749766309181 0.466032772538636 0.499196650092434 0.602152390517509 0.276836527762337 0.544684375005685 0.38994793032817 0.414095805973567 0.407172947755384 0.403630457334711 0.439361636031256 0.300485928294498 0.349988910765727 0.247043858115268 0.302395441196111 0.191247489488777 0.329778433611491 0.43984705026831 0.28959097535223 0.453606959938365 0.371283140454402 0.280559018174969 0.339884367678936 0.508043626895201 0.367953290676176 0.251639419474109 0.264817804158534 0.568251128737991 0.370998876397085
0.533505993030234 0.498748425092328 0.435519783635324 0.75741412090979 0.0868557412478057 0.333953136953385 0.384409673312928 1 -0.0648446477341921 0.190052853478307 0.440116642540175 0.767675802183234 0.442287501335923 0.733369396370576 0.250413370784347 0.522450601349997 0.505517712562469 0.365460077039169 0.537340965308592 0.575577202359497 0.587642414691888 0.056331749921465 0.329064074047874 0.585435248500251 0.403037492585502 0.575305928344873 0.257259900069915 0.290118792497161 0.388268740657269 0.635097121671317 0.239443822073747 0.393311336183059 0.389563763732731 0.503758706209896 0.355319577528433 0.317631931783954 0.407839061031312 0.382525583408295 0.355937046289085 0.517851217552001 0.182841402941824 0.281898884102573 0.374509202626407 0.326252199497963 0.401943894684542 0.355930915801258 0.390357015284761 0.447504995899597 0.305545132793329 0.348043034598043 0.419395951057347 0.510713067576476 0.291739282924474 0.201543233760992 0.360036647036537 0.445397374711276 0.479703372377711 0.507870675877171 0.500430176013446 0.582807517135629 0.490500495299844 0.850718699812135 0.447963100438672 0.559066711762514 0.560683568712708 0.824082086105176 0.51897191633038 0.573102269676741 0.465925209599303 0.406327252208191 0.592127791913927 0.417972156159906 0.154046756140343 0.287737143944212 0.287818309472929 0.264774284741875 -0.0384313669150262 0.214721511015601 0.384030226714684 0.168260694801832 0.473177672363769 0.461710178604018 0.388273858406562 0.377796421997119 0.60845774053496 0.71566434539385 0.135429446957546 0.301536943133899 0.505555023146103 0.455539571816307
-0.0477938679713756 0.0148663450613638 0.410401612926516 0.190023819391 0.599614560724659 0.459449291962465 0.552507188605076 -0.0648446477341921 1 0.711673392454827 -0.0893338022071332 -0.160638993191182 0.307247504769136 -0.063195214841267 0.663500131679476 0.302366299342883 0.0627436732536845 0.350188749322183 0.0204723306152203 -0.155731393110696 -0.191782380174167 0.284806029180339 0.56019141747355 0.0557481901174973 -0.111147362476581 -0.0416114942130682 0.217065671637492 0.131243951707892 0.214574282309082 0.265837339953474 0.501220521623974 0.403964411748646 0.416039502518868 0.313918141884174 0.294722122719788 0.29086944648726 0.182929107332213 0.264930943419664 0.311743723728495 0.100671401325251 0.311022374248548 -0.148377147925381 0.191322798617834 0.188807418427497 0.183398550161529 0.195229253954729 0.180881098588348 0.14313960446437 0.195863837394722 0.14201166318431 0.104346153347195 0.0719269141566384 0.263888713175987 0.399331686534959 0.298087064146883 0.116901318071042 0.018915248960531 0.099315211201644 0.112399482360558 0.119059850883089 0.294793058337548 0.0110969901522948 0.0235733425681031 0.271876726229739 0.271830630600012 -0.175705427600291 0.241321114857193 0.132690182434391 -0.0832651404594955 -0.0561283841815585 0.0477905637461584 0.257153824336981 0.229210657451569 0.179852863980332 -0.110150665939986 0.104180248228168 0.518457828544836 0.429249827871631 0.272996093243825 0.349696806237208 0.185086187856304 0.144522514071754 0.172424165844105 0.278795910955917 0.0606462072429722 -0.0643918266683117 0.411182015020449 0.18565391239649 0.310721970415115 0.191277577597778
0.049031081746424 0.199677937139753 0.516050678341149 0.345973652158515 0.617013772342467 0.719157936238375 0.500859082215367 0.190052853478307 0.711673392454827 1 -0.100686192009971 0.0799189014658181 0.318152329882671 0.204414679985189 0.630779762835923 0.583433804242539 0.252186028321056 0.559516920825958 0.0890625007311394 -0.011221897696777 0.0784934637538091 0.389817959109511 0.47138890188266 0.423158672980506 -0.136467672167356 0.163886320554903 0.247893818893028 0.374465812536261 0.276841731068937 0.432124622306604 0.60208807881008 0.637220550644323 0.572977299137734 0.550758946845155 0.560179442596923 0.541720250843721 0.373646525849709 0.468849135133203 0.513842677297982 0.353130392052599 0.377661518575049 -0.21964767336966 0.387871400148298 0.398232423813408 0.396096407545033 0.420497291305744 0.383376176910289 0.375703342784567 0.35615020887111 0.30882499161111 0.262892765249582 0.308645651058203 0.399995647686404 0.534663769935581 0.461697983095469 0.33928574054789 0.196420314952038 0.293770838873073 0.272472914297706 0.344205037733456 0.314852125751999 0.264667484495122 0.126385185330729 0.543992513745704 0.41283141682832 0.160773233858196 0.432327392434659 0.420254273905764 -0.0012694345003002 0.098038128848022 0.115369705494211 0.384008711931172 0.161189128738602 0.228780491698582 -0.17600107426905 0.236380862355607 0.526315387339438 0.611178790845305 0.448509574182304 0.582701480261007 0.390386407955572 0.375944845208701 0.412436751613216 0.457567250457543 0.239532112894403 0.235405058540975 0.602392254600214 0.424180367666333 0.459572866599175 0.49116819368894
0.758248812126993 0.532057347400451 0.286437752131081 0.279652961755326 0.0189491336121173 -0.00168442017296151 0.485502869700526 0.440116642540175 -0.0893338022071332 -0.100686192009971 1 0.675302001504595 0.688013619240694 0.496837721369564 0.276171407084154 0.193868889460664 0.501611852766534 0.195882082672301 0.68161477506472 0.592819969595987 0.247710784308042 -0.148803653320407 0.346042659193835 0.326441190522065 0.0575601563659889 0.269561071336165 0.0564574777064403 0.1309629485289 0.558628192206843 0.412394773199214 0.0376393736656874 0.0828831821751424 0.164782466258494 0.0639850686550969 -0.0719601702179195 -0.00949122163328174 0.167026187190102 0.0681806375153142 0.0513753260139786 0.289821204217104 0.151534693406489 0.406396065219088 0.289421886474761 0.248558147401197 0.335511839467076 0.241765558656792 0.34335390977463 0.35945922525147 0.337551674388076 0.360781771482276 0.497150627394604 0.447744050270637 0.262151114147123 0.0381219863424301 0.19910837921203 0.399830148090821 0.56253212743051 0.449729242759165 0.498056572787122 0.433387713186131 0.634287303879659 0.404208804668374 0.725823663752194 0.369943650433267 0.328441217972781 0.410891867899807 0.287391481566358 0.19060412488018 0.661822740601664 0.565641383567963 0.469752710752808 0.168548081625513 0.111233958316972 0.215536188140435 0.4028822679105 0.293516505042871 -0.353637273661628 -0.141093086709327 0.188765666025962 -0.0693758204014939 0.408943171566599 0.436563432180334 0.254985433038729 0.265261747226827 0.615188613843422 0.5535298723471 -0.128447504789557 0.188225327314693 0.35313600974986 0.196679319452709
0.679480670712943 0.623556418393974 0.327552251540448 0.567631000600479 0.0963444174463459 0.238013478487624 0.307238804945507 0.767675802183234 -0.160638993191182 0.0799189014658181 0.675302001504595 1 0.595256195481956 0.85434984983176 0.350683394591682 0.548114263538484 0.542099200646327 0.422217362205683 0.638945239143564 0.621005191691604 0.451320148043973 0.112965006620845 0.193858381186773 0.544987618303391 0.152478631247631 0.400702812767956 0.175089740434196 0.333049897828886 0.490583711259307 0.63887449344169 0.111465744765585 0.315778987648568 0.327945994941095 0.399509213287439 0.162324080556202 0.179403399989575 0.407781103924224 0.322376870425863 0.29839151463467 0.521946013163482 0.200341008323384 0.341064252626013 0.446327157117159 0.400974017975212 0.483370669703012 0.409809093201937 0.478479807183334 0.501808491976044 0.40651218276631 0.45839035673104 0.536530326611153 0.588007249450261 0.362433671328618 0.201445977995626 0.386570685095255 0.541043763905144 0.607325451679488 0.584085939572167 0.568272382457392 0.61951537627466 0.516518999854218 0.698812547371568 0.590632352267105 0.58565493915374 0.464044295012897 0.700749674065765 0.419750361256051 0.445319861482423 0.558180546868073 0.518291421196326 0.46045448903535 0.275997803556517 0.0590921097131966 0.295925919749772 0.206397121193077 0.324969824581842 -0.19222443443716 0.0996991037039965 0.342176730357063 0.162207263297252 0.511384463206165 0.553454254791952 0.444809046247194 0.372272266635713 0.633255895471721 0.786489771172651 0.106427680089071 0.36977713946187 0.490195721581566 0.490738851148803
0.524234233296428 0.400443181930389 0.433703614664081 0.302658366612632 0.236834264361088 0.320548546954811 0.711892687095883 0.442287501335923 0.307247504769136 0.318152329882671 0.688013619240694 0.595256195481956 1 0.611816132036075 0.583436073114845 0.534687267767227 0.401114412500919 0.369218890479287 0.460683889121725 0.373323309868497 0.218280130926129 0.12988251473963 0.553407865279784 0.533917732595975 -0.124535145895589 0.151768347603473 0.0627614921230614 0.241456318401396 0.640726203607101 0.531309943530837 0.310522834948131 0.377764811262899 0.368385532536222 0.297607809103633 0.164268514864949 0.226685293926169 0.305485622211771 0.288053302917386 0.224896364049184 0.337812547334556 0.383065715698497 0.300835096775911 0.40076309993016 0.383892527294683 0.388258381544895 0.326350032499054 0.452242399726322 0.444353740356593 0.359159733704563 0.351630286227216 0.404315417399727 0.404018189904508 0.392115582417412 0.29006758000998 0.323212987618319 0.423800420809144 0.432730539818197 0.385316050537498 0.459776442365637 0.433782527740852 0.635861633592189 0.504532842097019 0.592632012888487 0.542265770085587 0.481406270131699 0.371154048740234 0.375494308707413 0.284304076607309 0.466248732235966 0.411169205157286 0.394150563839889 0.310906108141469 0.231732059628235 0.35351633818061 0.346823211436811 0.44726950631597 0.0678341436571767 0.244839285408869 0.418109322996304 0.257687220573419 0.543619218976841 0.481725676784679 0.307248279228135 0.320555481058385 0.532795618264003 0.481779979477511 0.12304650973138 0.241141923252959 0.507877602358162 0.299322123361763
0.511066867041272 0.526716933166812 0.236078575547441 0.481331758414131 0.0981313140233476 0.328143004603406 0.241226776258203 0.733369396370576 -0.063195214841267 0.204414679985189 0.496837721369564 0.85434984983176 0.611816132036075 1 0.446050459935212 0.724902167624552 0.431352917622427 0.407297441185944 0.478893867364759 0.4673778611427 0.426583912737174 0.170970515354516 0.146667712022068 0.497910121019714 0.165725159282569 0.353255229456112 0.0695734574505818 0.382773563770547 0.45341288814917 0.611511618593904 0.169811415468965 0.295006800766217 0.368401582592365 0.480988431868003 0.222592278574096 0.275265730538107 0.47121279581387 0.379784306370734 0.358920068718706 0.512149712460862 0.30378152368512 0.279970995435757 0.503597599604095 0.496429682074667 0.484988718619745 0.437214794324099 0.516354010855367 0.533803184617352 0.393295858853903 0.460286516106981 0.482792887628443 0.550293340767078 0.386334461953332 0.254462252748477 0.410725582717252 0.529508269582468 0.497393474593763 0.516931837921248 0.527794825636006 0.608678755297609 0.400937049213825 0.693401872374205 0.48017400360424 0.638850393212079 0.461682893122784 0.671009219280679 0.373157363074315 0.448044871444952 0.425478610488438 0.458337945327461 0.417373961463447 0.272085948194517 0.0788316846591801 0.218836518701295 0.139926686616811 0.336174504513168 -0.0486363119617206 0.176162528295661 0.376211711396658 0.296110603622241 0.531075020680857 0.584056295030409 0.48900969992231 0.417728582882099 0.591532083706792 0.744117317669036 0.246819953546786 0.456609268485827 0.479342341787894 0.521190630384114
0.350976234846117 0.402275248424994 0.507713930372374 0.428182333889645 0.603151898876618 0.516735405629171 0.5594720074053 0.250413370784347 0.663500131679476 0.630779762835923 0.276171407084154 0.350683394591682 0.583436073114845 0.446050459935212 1 0.65041370301349 0.384612079369401 0.524817813489134 0.378346237767172 0.267193830691764 0.156717413243916 0.412236281241034 0.572027313377066 0.308745692201798 0.0327879248301031 0.152313757408189 0.246453498822276 0.327125810730511 0.464554999241545 0.546077831545273 0.5114367235285 0.553575586888488 0.581876310175889 0.533894930979447 0.349414178039481 0.345364028993243 0.444207725170025 0.392677667896611 0.439923167286265 0.402320422194544 0.404446468025918 0.0490104546937086 0.477491194000735 0.438646356305718 0.459015717600479 0.427393733079174 0.479984984536655 0.432054927276796 0.425916924501356 0.424105111577753 0.426606556233257 0.407656267229788 0.466533142978662 0.465916569054277 0.49140936098549 0.446144522119991 0.408056950600912 0.454782571397956 0.413468680737667 0.441584188896868 0.492462017611151 0.284610524328858 0.377296320024483 0.560674088881037 0.502062631248524 0.199517728997415 0.440597274637097 0.338866809719742 0.320330592760304 0.365611887185072 0.278911460238351 0.321097181998558 0.190962530770558 0.248608146452154 -0.0278345719376031 0.293110185176836 0.277848232383305 0.35606417010646 0.482049548722247 0.460834429710334 0.484336367159194 0.486727752270424 0.509541140964301 0.538691111586331 0.466292901352677 0.385279895099805 0.512972771300696 0.493383646528639 0.569756360988116 0.49063499302441
0.277173844297942 0.356058912749069 0.312901029823707 0.409548086386645 0.348509323337601 0.633227367049559 0.307878357159802 0.522450601349997 0.302366299342883 0.583433804242539 0.193868889460664 0.548114263538484 0.534687267767227 0.724902167624552 0.65041370301349 1 0.279117373569257 0.445977610586716 0.295057107788773 0.247917904519923 0.291132540295464 0.336600185749284 0.29074631303356 0.62758565688834 0.00791799048490105 0.301045390951829 0.241312298539494 0.448809716119995 0.30570798875343 0.518557317399466 0.323362285437014 0.500600445599458 0.443183496051473 0.537390674512549 0.428849559978288 0.447488753494541 0.467366124595306 0.465501696154397 0.462383062393964 0.504276796784208 0.351995259288467 0.0867033516571436 0.439174750607311 0.424279074284979 0.405479114673239 0.394997476095681 0.436187751779972 0.421101545684247 0.341400192481339 0.363829944064179 0.353288865133495 0.402798642967323 0.389072876482266 0.404238682856314 0.452039793678067 0.420673701153185 0.346954587850996 0.36647429924667 0.366772397489725 0.45137216286457 0.260790020619469 0.577955293383797 0.253633390428023 0.576793387906135 0.47243622728397 0.496860579282477 0.361854285556248 0.423226164751745 0.223232374725352 0.246615014931483 0.282143410854494 0.308342673587446 0.158681468363226 0.350581863092976 -0.0799761265979589 0.317973829436021 0.245951740343192 0.358036409852408 0.389154466213967 0.435086549591118 0.485783517436466 0.437685917584518 0.478465489930615 0.405933931154809 0.403606040835645 0.488968056321737 0.438018212700449 0.44635097311295 0.543001774406237 0.56183444517763
0.743843188532951 0.754785534677255 0.597503917249853 0.629365151394718 0.234356332503486 0.282548337564737 0.416728659483209 0.505517712562469 0.0627436732536845 0.252186028321056 0.501611852766534 0.542099200646327 0.401114412500919 0.431352917622427 0.384612079369401 0.279117373569257 1 0.738543457021968 0.712741836921785 0.607409948791738 0.481926395213972 0.201758361188757 0.421600640349442 0.379956050109433 0.162728447162037 0.606710619746178 0.126587170168445 0.305879752907405 0.74417152063693 0.768718809989263 0.507017494297995 0.501212977993273 0.674500276958124 0.595107520004545 0.450635871467081 0.420396167669527 0.577064820852171 0.524307477416448 0.497222194641013 0.582190370117027 0.282025927151993 0.153767162437142 0.709416938160461 0.657219396873031 0.76201722099701 0.711646038564633 0.733695945106873 0.746553244903034 0.711536012766761 0.698525775267843 0.691225525544756 0.712765016534812 0.579973446212967 0.519625055600726 0.665965559357383 0.712825238816425 0.820910518390556 0.823341892462243 0.708126190572377 0.716043024227452 0.618602518445177 0.409026138065034 0.742777346886402 0.693895949933402 0.481592473600239 0.581809496161272 0.704604507123607 0.663938320597395 0.688064043980978 0.726375220742689 0.519362786500691 0.356218367890462 0.170101882758084 0.143748325231266 0.173626509868447 0.304238290230287 0.0547462631947597 0.291518032261209 0.721326283198269 0.509940838091019 0.77562037239068 0.765024877565393 0.673415634332567 0.734187649340758 0.772426944059062 0.745318678087093 0.366535418873686 0.588093493570681 0.538997447270309 0.567692551084654
0.516275682510076 0.742806158417705 0.574668132350357 0.631193207597998 0.371000503389996 0.412988319176752 0.440116718213459 0.365460077039169 0.350188749322183 0.559516920825958 0.195882082672301 0.422217362205683 0.369218890479287 0.407297441185944 0.524817813489134 0.445977610586716 0.738543457021968 1 0.48607173297461 0.325092572618695 0.451424250571768 0.526358719864193 0.357750382724392 0.362885236101843 -0.116425816206191 0.40193573957526 -0.0219783660191149 0.422324518549627 0.732465302504311 0.807081081634874 0.701576089583628 0.706793323820435 0.872490573190434 0.837220124538869 0.691347520010085 0.639743554532941 0.73895543057582 0.809007613631013 0.813443777519959 0.695007022187404 0.5263094849004 0.00201809287757574 0.785224912395797 0.785643387852824 0.797035214849117 0.836884023799802 0.770476247296136 0.770766381737664 0.732927523736571 0.746359656588791 0.661788010095868 0.712925952869165 0.678818367424885 0.734214850343629 0.845331748259232 0.740385955661279 0.669745062518888 0.805943846717391 0.674189480835736 0.74585433201044 0.519763006640953 0.354396068692823 0.466361674099686 0.809142808301351 0.500574391914579 0.446236745960852 0.694081644481227 0.738495223609948 0.388513829824078 0.52234847467688 0.212127313277134 0.379391346246889 0.237723296107714 0.253663635990824 -0.10055085771568 0.259820050339706 0.402922181998275 0.637005246798615 0.743372342222132 0.826643541343543 0.740750844689054 0.772734747982329 0.740102876003212 0.746679020795047 0.617788535284961 0.67566842569409 0.774947845459422 0.756826520300216 0.609559742944165 0.789884388318717
0.850409981220632 0.765723988694023 0.537122276362308 0.582840099442388 0.178472603788999 0.206933641599498 0.452022772342675 0.537340965308592 0.0204723306152203 0.0890625007311394 0.68161477506472 0.638945239143564 0.460683889121725 0.478893867364759 0.378346237767172 0.295057107788773 0.712741836921785 0.48607173297461 1 0.802030532633192 0.444220025274965 0.114863275384969 0.403878281451338 0.418727317683694 0.233183139676187 0.4920713194434 0.245438750222782 0.360027409148801 0.650171795637576 0.642825925061215 0.286159971746848 0.362915252303379 0.504270176058972 0.424677788113872 0.222966895000896 0.177079329475217 0.485815201514771 0.349444944299819 0.311410908371001 0.5376875419018 0.211251028383024 0.328633222363615 0.566695823283625 0.48947338747813 0.604870788926755 0.526584067595574 0.573284436996954 0.592484302656824 0.58647227745813 0.612663106396628 0.673772793555591 0.648204889335858 0.402566432699718 0.223841021843199 0.454723502218653 0.644962500095687 0.790354235290835 0.718195141076567 0.669429166281186 0.633107402480911 0.682253329189484 0.459283430053249 0.665156373912205 0.467696902194774 0.49717403271546 0.552562827683558 0.575047259160542 0.467736613214644 0.781552971113438 0.742708956099249 0.563825309015087 0.38870686665671 0.12799165665765 0.259566537705468 0.206764798451843 0.302032700070494 -0.146108773156971 0.0209109777813686 0.466774012499237 0.175543791515485 0.576134877188923 0.577393972156084 0.530870256847916 0.575127341431477 0.730393328694059 0.70101296149988 0.162855817832552 0.468365671543522 0.563272691187893 0.499971619993448
0.797234289790556 0.720975947555548 0.436028743000191 0.585813459907311 0.136050617666049 0.126497469953728 0.345695210697382 0.575577202359497 -0.155731393110696 -0.011221897696777 0.592819969595987 0.621005191691604 0.373323309868497 0.4673778611427 0.267193830691764 0.247917904519923 0.607409948791738 0.325092572618695 0.802030532633192 1 0.452870636647071 0.0413022414522001 0.381310326358561 0.433975873716454 0.297678354197319 0.449036475208966 0.265769556865623 0.339896556898851 0.470599571159426 0.521213087650862 0.147809727848721 0.2493373263934 0.329969635148084 0.310419768696628 0.153891633503297 0.131949660399266 0.342544262915836 0.204841063612616 0.198536299510339 0.387890452474498 0.11598079925949 0.311035362995446 0.423864572394152 0.337300012914311 0.49721248738812 0.40705327878983 0.455286967612958 0.46102017880674 0.473045015489911 0.513583071741018 0.579794524214028 0.551156836973332 0.286473760824508 0.0803012728080014 0.324721150369361 0.53602170788196 0.755956108439325 0.673301677410775 0.529942131551462 0.491309315027883 0.536542345988827 0.463217157553861 0.588426484883743 0.395576027172043 0.471423840000537 0.555750596943028 0.481982181128216 0.407360222904122 0.795606624857033 0.752522743080814 0.596232888968585 0.334755110237197 0.0167970920139827 0.246134959081603 0.235296270808716 0.271587788706668 -0.298955828139294 -0.123099940886874 0.329175330102137 0.0258273279339969 0.427574347610985 0.488904883708942 0.460039809317151 0.449675912962651 0.671190513852432 0.633727645739505 0.0608480670466158 0.408976350840573 0.454915233607704 0.362800652039026
0.470880028695257 0.53317279243291 0.384495087292703 0.523561501457593 0.0595959586088534 0.210972032225964 0.207266244531179 0.587642414691888 -0.191782380174167 0.0784934637538091 0.247710784308042 0.451320148043973 0.218280130926129 0.426583912737174 0.156717413243916 0.291132540295464 0.481926395213972 0.451424250571768 0.444220025274965 0.452870636647071 1 0.197911430548046 0.17441741121922 0.394550419775579 0.247538165351489 0.477404750381333 0.0955786346789753 0.317540513853096 0.416840699561366 0.479170818214826 0.295878638612414 0.397652310025053 0.47453364675866 0.525944322174832 0.466304893031873 0.367965750491829 0.476361904258239 0.506460994781666 0.554432553706417 0.646318809586856 0.289360008906346 0.117677731558716 0.488254532861574 0.454960561124544 0.459892099852535 0.459907962491346 0.481976913752126 0.524053774774954 0.393678993903578 0.453969834272122 0.50435091826564 0.550652311002214 0.392832887227313 0.3107219891963 0.472630915803247 0.536573594491255 0.485266934231074 0.517411181800699 0.508437252837382 0.546523845452282 0.348700365478919 0.46405319908146 0.302508972141169 0.387902398325844 0.436495112685566 0.637758460400118 0.539667653822547 0.578390106656819 0.440362552087264 0.481042547932589 0.326996861568407 0.261154863669864 0.101190472626408 0.1496832588091 0.136188342747175 0.194445184547357 0.0792849851370379 0.227863093853728 0.430505093737252 0.315662141899276 0.48191334197886 0.450189486450348 0.444815243986761 0.389128288811753 0.559705859613853 0.59001703339396 0.359486089580255 0.466291528277679 0.448737657873739 0.528131469945224
0.172329670244247 0.348490933919149 0.373576326437313 0.339556599937309 0.254269204712794 0.393267917960251 0.142389605752403 0.056331749921465 0.284806029180339 0.389817959109511 -0.148803653320407 0.112965006620845 0.12988251473963 0.170970515354516 0.412236281241034 0.336600185749284 0.201758361188757 0.526358719864193 0.114863275384969 0.0413022414522001 0.197911430548046 1 0.128133809076638 0.173362192880215 -0.111376756589354 0.0755950154535738 -0.00275660656870376 0.415191504743171 0.244353740007702 0.351250911436926 0.479320058865452 0.45839865268571 0.507382158570059 0.533240678091574 0.506514328813311 0.514869616040229 0.53949331684853 0.555940991980011 0.546402815653587 0.446709363974535 0.376341219831908 0.0422751174416512 0.466171648617386 0.44675763318699 0.465930925888885 0.508563322401556 0.409844586198611 0.397607602414031 0.419681096178943 0.432243518932217 0.335061133031086 0.356246000229364 0.384404667620289 0.528895574444847 0.499739584110669 0.382508593108787 0.291509535124039 0.400902621294484 0.30102348399145 0.340728176551035 0.179573156477728 0.139564115321487 -0.0425924182133302 0.357021596777285 0.328700025987944 0.215024360371452 0.395793768454227 0.450992988733334 0.0632870219449561 0.175298610963624 0.0463540987992872 0.314379196306922 0.162316755869629 0.305606360300845 -0.223241221471594 0.187123977964094 0.284046318847236 0.402051157058102 0.336438297655988 0.613622501254383 0.397905733926039 0.388956933907311 0.48233643453142 0.454712553899279 0.267980698699832 0.239313252281496 0.602965065677618 0.461610722348132 0.408620280469047 0.505308321189563
0.385544040605227 0.329618873373474 0.636251241568856 0.459366433332569 0.458447444566924 0.314371704240526 0.778594416715305 0.329064074047874 0.56019141747355 0.47138890188266 0.346042659193835 0.193858381186773 0.553407865279784 0.146667712022068 0.572027313377066 0.29074631303356 0.421600640349442 0.357750382724392 0.403878281451338 0.381310326358561 0.17441741121922 0.128133809076638 1 0.362284708014463 0.217450276772235 0.353987686767115 0.332442646355394 0.117387934744635 0.425018899702168 0.444893775640535 0.547558524296861 0.510541424970095 0.491435609551247 0.354524908248282 0.370672331605437 0.296026395906032 0.242104306990834 0.256882061498481 0.274332798727952 0.263605074659897 0.285872970792497 0.00283365655729304 0.324770206198297 0.269325340776505 0.353168886978846 0.301423692114985 0.320710752054882 0.330125254705767 0.317902450091146 0.305551232271303 0.327126724591114 0.320836272603598 0.318715753238734 0.337403269623087 0.315926862905455 0.303291134054564 0.379376255520836 0.380094511270843 0.342280827104954 0.304906516606034 0.632816538797334 0.370090101212051 0.403492464774592 0.450178966245593 0.562444934768864 0.24345228974171 0.473923581253188 0.331244429164134 0.4102881796992 0.317450578278818 0.503189986219537 0.392981110515903 0.282171570893715 0.358454298443818 0.233871208753192 0.30445944531809 0.163182181241132 0.30127095466615 0.423621755100854 0.232273419732598 0.397744536841137 0.351973751347091 0.298727244867685 0.419709273508823 0.48680694835785 0.309244832810569 0.199777811244753 0.237742939370728 0.436483867977461 0.221879402355274
0.440602951849407 0.410138476769095 0.48098412729322 0.441301821926818 0.287997479759345 0.494152857285836 0.481461149343918 0.585435248500251 0.0557481901174973 0.423158672980506 0.326441190522065 0.544987618303391 0.533917732595975 0.497910121019714 0.308745692201798 0.62758565688834 0.379956050109433 0.362885236101843 0.418727317683694 0.433975873716454 0.394550419775579 0.173362192880215 0.362284708014463 1 -0.177481571599806 0.303867052258058 0.231063102847557 0.469091601113097 0.330230579728617 0.441030984957974 0.260768809498575 0.593237084260676 0.380484827864868 0.413539121439168 0.452155003117542 0.468475373133102 0.339863989206612 0.383029849743512 0.317955952598662 0.447510805141752 0.254947916520224 0.170595763277322 0.336410752979663 0.288619395682972 0.37503202083242 0.359414862210928 0.377674770663906 0.406367630276144 0.342957808341432 0.341333338713423 0.371440140546641 0.41093332411853 0.3308851725627 0.249920533130206 0.318397051014812 0.41820211657318 0.452980888807262 0.395046237027376 0.393902683322279 0.421020410062079 0.377945012868138 0.63759748190271 0.337452994474677 0.462006664585407 0.477633293671544 0.594981808127478 0.465105022630819 0.523259308894768 0.33438382550773 0.333566422596528 0.342550102950206 0.416962133443001 0.120923158346995 0.397861260213795 0.0861275057855957 0.408414528369284 0.122440300684779 0.251875267140867 0.395623011467781 0.266045660524777 0.486301441426519 0.39148117465095 0.343476727262363 0.318401868826968 0.464313742822325 0.510421670156553 0.202357213047815 0.372297574200261 0.555575890947367 0.490998481426071
