1 0.816737796158287 0.386730155174386 0.238021682650625 0.270202636486863 0.184048129990603 0.50197166704719 0.335893948184136 0.254301826667582 0.0894991516556417 0.630136220073571 0.578506909987542 0.40738160952776 0.274909717180949 0.210467575997701 0.117851731315455 0.650976945881348 0.688589211264568 0.748461034633618 0.622059236131703 -0.21625934030641 -0.0301868066783765 0.17618900808641 0.0105063705108255 0.143981902871819 -0.00763175264391597 0.146955600924282 0.175115201905956 0.517230264426037 0.512934163441005 0.192986736000054 0.0975962175157544 0.463679628141008 0.500087022153209 0.0978795281845604 0.225266935305392 0.000375451315035752 -0.0403357722754757 0.483005747763048 0.240041155511923 0.287532407667748 0.305034777883451 0.48369475518021 0.42801243306668 0.409391339031267 0.310710959047378 0.420191490537587 0.359142877588144 0.469801969570325 0.491898568584266 0.580787718767953 0.586210337781617 0.654929548399294 0.562834156897018 0.548388938814424 0.400452281862313 0.744595968564639 0.723333692140981 0.601142179609971 0.61550213425564 0.571252994842912 0.308562955764533 0.642637441780432 0.628916948507823 0.152772317590763 0.250145879483268 0.361762792767606 0.310089536360572 0.260068641145999 0.452905314337003 0.374531340571764 0.411371957559754 0.507192416708694 0.57032359035265 0.126821897254745 0.368413064233161 0.517419289358887 0.421703823633282 0.395330430884997 0.450447620220096 0.557362091427412 0.557687529912778 0.037355682209046 0.18903818316496 0.224827693556561 0.312476098604105 0.213959858871136 0.0151045079079421 0.40346679255075 0.382960679683285
0.816737796158287 1 0.265324699481165 0.21000006409887 0.153984061692589 0.0941037819184318 0.321869010759779 0.26069596534826 0.162326824256377 -0.0274444505653082 0.569847925918286 0.611174022340108 0.221802627559785 0.122656413207983 0.0587706325292749 -0.00440662470825646 0.605207487259687 0.708438225321761 0.67161165971778 0.653452738802385 -0.243364022478351 -0.0612603442935626 0.024916805005675 -0.131039878044399 0.00762647615453685 -0.101611120456316 0.0313957448029001 0.0334916589373109 0.461080363611484 0.477721749592507 0.0578202422049884 0.00680609266186417 0.346798358484747 0.459372309427562 0.0617618706323831 0.162761965366151 -0.0225521419111004 -0.0648312369333705 0.340544824414803 0.166930356851841 0.208004551654338 0.259622466908037 0.522202820831162 0.567070891522514 0.436273766667556 0.460411165807202 0.46750709477278 0.407245941216439 0.557791650479383 0.621307550362317 0.562120713486309 0.621172889509322 0.552170791733142 0.5081674370851 0.480434752829408 0.385308129819161 0.683534101064372 0.753746604315907 0.527326190534907 0.696324062747415 0.484017812528699 0.295443176806098 0.460593769577344 0.57741210045354 0.0569480429160715 0.194487152825317 0.261268739118329 0.2371246076848 0.28259273342887 0.458123450654365 0.326484763655341 0.373029123356353 0.489839570006564 0.515378087170371 0.129950508658591 0.289970491241203 0.417843326615945 0.367614216627258 0.321622604329162 0.421691090119057 0.499376198682873 0.47129418710866 -0.0889165700644233 0.0956902687652779 0.037001427168581 0.24137046189311 0.188109782121143 -0.118436342891171 0.253174784886733 0.31485722278238
0.386730155174386 0.265324699481165 1 0.616159269821966 0.593679113837829 0.416269800320117 0.769328562191461 0.479293985852204 0.422273052769427 0.134777066814277 0.0696104115179555 0.178146221830731 0.472190140683695 0.27534363545435 0.599898489493947 0.415838778323488 0.0923163556204867 0.0961584574371911 0.336819393353317 0.149012075593342 0.117642768027872 0.0678847810180164 0.71448429188051 0.469536970995624 0.506474295323378 0.467299803815446 0.475470418546932 0.446443034056036 0.0305649218249415 0.0890859074731809 0.355517066216491 0.253516711061043 0.610653062734691 0.43967009261258 0.557877800975722 0.503405105090821 0.22389367052939 0.178848654450299 0.330171481209469 0.216580156798133 0.064200909693324 0.0039476357402038 0.365737740083626 0.305878384626189 0.356413350980774 0.205358498852128 0.200564014758086 0.403496662520949 0.288335142635228 0.358666208496099 0.366549188688907 0.376719350559354 0.397096719291853 0.431817472846308 0.319388533854233 0.324936727577315 0.405632474723158 0.317059703940835 0.443360452794386 0.324620646560194 0.498964009328496 0.271604663241944 0.26355721577993 0.212766931100814 0.698286899594867 0.454366526958804 0.606143314827284 0.44697451225339 0.377554261395202 0.396055409511772 0.509317090910499 0.470737366709322 0.345895310101494 0.288326165694613 0.0284098956656397 0.145688197456933 0.410007874625625 0.286025420762628 0.330061903756654 0.235538567934059 0.27555355332728 0.425347988093197 0.452776458044513 0.225771008979701 0.634200240569196 0.4743072887821 0.371944225785813 0.332928836782657 0.682591724265683 0.537529514379928
0.238021682650625 0.21000006409887 0.616159269821966 1 0.275841135230283 0.602183470611461 0.483395327348872 0.841310261936533 0.108943150363434 0.357979383887053 -0.0608830089078254 0.362126424443131 0.123715859921617 0.54892056263109 0.211593794894313 0.652624395165493 0.103349555345929 0.109402731589995 0.136867782685527 0.018718613321165 0.0595237254454563 0.186143979730179 0.431894888269522 0.701029039692569 0.409753397799948 0.581910702774011 0.251939299740885 0.507093379113282 -0.099458865475141 0.10970892779616 0.201050632353184 0.268763871002045 0.450262110474226 0.556700400782372 0.585357610261266 0.532882461942467 0.234627103889275 0.18731498979015 0.307327997744448 0.45894510079513 0.0146691676852353 0.0300330473550986 0.217698319092744 0.132298064890656 0.184633237412615 0.111348460877119 0.0378640479068444 0.25831540031332 0.151479669556864 0.214757795172045 0.34736343788681 0.378011381296224 0.364134345178006 0.265550517369594 0.287753945418252 0.354862308378881 0.29264358518217 0.274392482295022 0.338282014128242 0.345458977253261 0.332379398294653 0.621389076220589 0.217626404574361 0.43672297025208 0.534190543688218 0.703791157896525 0.511299371004962 0.632759672043527 0.226172397354346 0.330894763816281 0.370445049070081 0.456974460281827 0.173407181671871 0.209068848424655 -0.118873286545851 0.15289518252172 0.181855624752173 0.4168824706984 0.325506153526357 0.282909353613686 0.322666103551171 0.549337707668032 0.325881848685603 0.246775382865136 0.431059255773662 0.756701500686578 0.279002943856924 0.410675428590248 0.462767315798328 0.683128946991227
0.270202636486863 0.153984061692589 0.593679113837829 0.275841135230283 1 0.414529428557675 0.503537351093898 0.255518234064122 0.668574120911152 0.447039593469651 0.0126568796807655 0.0787763945559357 0.421859585674201 0.16722186955163 0.649028739912717 0.343900010279825 0.149897150044035 0.137190768082047 0.185661764967233 0.00629871623199961 0.0279423415749514 0.162159705332968 0.655670417017249 0.334277777420352 0.391904211197944 0.268173084113575 0.432796238429206 0.273697217295646 0.138038291129272 0.207339585657978 0.254580714622262 0.26190382572945 0.389850007897983 0.236444545045201 0.348737228125061 0.246385306541764 0.0398927027102545 0.0543252251482305 0.132181380046619 0.0640925796781858 -0.0357103838578734 -0.0141006768219779 0.0966425775987697 0.0410854629962242 0.102516277705619 -0.0806760542502299 -0.0678756423710738 0.12234264094259 0.0388748933490842 0.111195157901279 0.115630009617691 0.11763134533169 0.309249887860533 0.341979878721797 -0.00457166681984677 0.0389241341088647 0.22138747218006 0.252696356779217 0.0884018968544703 0.135831659797425 0.276585487624304 0.136447859267897 0.218014855226695 0.0592968006988965 0.40763724586445 0.129785085343225 0.260899970546202 -0.00526235270509934 0.188476489349546 0.237755145556396 0.396936253997839 0.350188579050505 0.183656631521891 0.176379508381634 0.203017589620047 0.0386271695986909 0.259440601559984 0.144332848847363 0.235790026140323 0.169181129979265 0.254565802849856 0.28883967414045 0.355169909589024 0.239900984780968 0.381865475509931 0.134967060376173 0.280190461630024 0.180634041241974 0.451350345137671 0.350506160420882
0.184048129990603 0.0941037819184318 0.416269800320117 0.602183470611461 0.414529428557675 1 0.39716133570629 0.514875404337811 0.32747271532116 0.540932604408447 0.0799246057918323 0.301349955821942 0.360598825160945 0.515878020859212 0.368109109108065 0.73424482706376 0.121755708936232 0.0874098683564343 -0.0806500378022122 -0.156728657344603 -0.14126814015833 0.202263582797839 0.295879513092232 0.466069428366496 0.230430700659463 0.341098650929524 0.388363771170624 0.544072939862137 -0.0986497403517379 0.0672875643367857 -0.117367775208955 0.0388559827427771 0.217620192143605 0.311458463125 0.328355250092116 0.32082578862749 0.0512330297344512 0.0625663401080509 0.260876313245551 0.42194520947598 -0.0772900148395802 0.046909955551688 0.0735734409048184 0.00219415642052309 0.0910039278405382 -0.0380065233499929 -0.0735610831020364 0.126736104432053 0.017798967841086 0.143674755875538 0.286381243769565 0.315695056609312 0.303996399961352 0.30439079233419 0.192904619840586 0.337002363051066 0.206729233556546 0.23589827549075 0.253894321224112 0.255270607836548 0.362897477526612 0.476861287289817 0.214871929739309 0.287323593646956 0.344481700380285 0.560859845592399 0.303120925441585 0.305049242034779 0.206918159517421 0.301294057343699 0.266385409124058 0.258666150562825 0.0330266793518795 0.155082117296495 -0.18790616473332 0.0633521885413781 0.0980781834456072 0.198183691091098 0.329831331993321 0.23150628652335 0.342197713886865 0.445370629417887 0.248222131639945 0.281702761048086 0.332336112729939 0.548487259024957 0.172139645025665 0.272366238884494 0.450634382165798 0.54754316198515
0.50197166704719 0.321869010759779 0.769328562191461 0.483395327348872 0.503537351093898 0.39716133570629 1 0.624304234712576 0.548722746924535 0.283556311023017 0.39572643389306 0.444475781192421 0.602239498134155 0.479284256660021 0.408663731795667 0.322418296469122 0.242819795974612 0.252199814973869 0.4908220110868 0.291003022939088 0.0219498987321874 0.0111204284548355 0.504592340196759 0.260900559690308 0.243837345936772 0.108666231777074 0.212889512656479 0.185212621002588 0.317800610667546 0.305044446280177 0.347594557474659 0.303250064764205 0.583324825616834 0.558694910565025 0.312346216606066 0.396598063718296 -0.0120102016030823 0.0490359780665907 0.365793997365306 0.241798980355968 -0.0105659520401417 0.100205952347728 0.491654297525435 0.431191887530555 0.483748369611241 0.310259804258755 0.315621775742302 0.474476621136589 0.394156373290638 0.40820998131496 0.508050439652193 0.448845876584272 0.527369396510874 0.531633620399719 0.447825495878968 0.359263636130396 0.37750223103467 0.346069131817369 0.632752955767439 0.473844141623739 0.779784168755742 0.495387597705564 0.480912981158523 0.439822015467577 0.405382804028276 0.466124286584354 0.562898914602346 0.440775110871822 0.240422680205616 0.358125798879794 0.466620858427152 0.3965860207202 0.2988982438055 0.319720174187875 -0.0364795903211625 0.205278520923382 0.459265506075136 0.364509157655713 0.353437850651697 0.327337587392867 0.352940270489203 0.505303557616582 0.14039474513543 0.087566384937845 0.498578364985752 0.457012053227632 0.0547852256001074 0.0806814859965913 0.597859893948739 0.500304794998814
0.335893948184136 0.26069596534826 0.479293985852204 0.841310261936533 0.255518234064122 0.514875404337811 0.624304234712576 1 0.245545947517927 0.52817285722562 0.15951248365493 0.535671045121124 0.171610179298035 0.67495912066675 0.0676768880317563 0.531320523404159 0.212102219719252 0.263818759737187 0.309103373533551 0.212593093606086 0.00120016172966478 0.116679303016759 0.294238751474277 0.529102187102223 0.214419919387527 0.313425454010437 0.0509746184476878 0.233866580001491 0.177353023048656 0.336325542254049 0.289648599810134 0.382604900454733 0.445213755542019 0.650032475489425 0.37246862538868 0.395557823136262 0.0105253088390193 0.0399385963410196 0.292732631590514 0.419506595101759 -0.0145983345858918 0.0986932856210039 0.329940504553863 0.267903140063154 0.295762010919457 0.216260497785536 0.155896928917189 0.340533241822443 0.272169224873718 0.270722113299706 0.436054840599672 0.435025279764888 0.438355832717733 0.381404690554565 0.355886639671511 0.331237756026659 0.272338528603499 0.30076754250712 0.489440962090803 0.471835742171685 0.471024836949874 0.761158850218523 0.403562596713337 0.615766553290777 0.267579809921536 0.620600426043379 0.427821045840719 0.569782715499982 0.0659053529244525 0.272322919311985 0.371410411579033 0.44777569994363 0.24404721203512 0.292944723828946 -0.0414553461034315 0.281442771289984 0.274071940228216 0.515314040377679 0.375174300794316 0.354918220361764 0.385973828407479 0.607722421497827 0.0781505368749295 0.113434671715961 0.286541381386897 0.697124018068664 0.0602976514817145 0.149412221914951 0.422697739276305 0.648047916889386
0.254301826667582 0.162326824256377 0.422273052769427 0.108943150363434 0.668574120911152 0.32747271532116 0.548722746924535 0.245545947517927 1 0.542709455231077 0.164771916794799 0.137791398972249 0.447545616268575 0.209038970954275 0.561750909953357 0.181067810711261 0.185205763486144 0.0860193488569073 0.203023389122098 0.0633611844613614 0.0116830313707074 0.0702029868662874 0.421369897690547 0.0809436108611292 0.13535046803882 0.0209029679311172 0.347341749165277 0.0652092086093363 0.366044332110628 0.318364750091616 0.275794704139623 0.251512801737393 0.25098712078196 0.175836968001855 0.10976261126973 0.0878855397607204 0.0583213876054189 -0.0143538851049104 0.0689454741130659 -0.0148942903752803 -0.00134637549234991 0.054535807470961 0.139851846039263 0.172651324074487 0.16262398486003 0.0360748365946764 -0.0336134420114313 0.135011476727887 0.128263418426583 0.190521886013745 0.146133609046063 0.131440300364292 0.360256475895851 0.408872670030229 -0.0999283623624214 -0.0189646202201168 0.0781007375938415 0.153676026680806 0.136971262756992 0.257891930814397 0.371599785153562 0.200631153236336 0.286952402967549 0.126010871757651 0.114512678698092 -0.0310074463934618 0.0941800389270763 -0.145502620420978 0.105629360443347 0.155251187331737 0.345443305178338 0.257608671838254 0.109347008408014 0.165959023136816 0.176756873749199 0.0167923764081278 0.261328134960402 -0.00297613659357805 0.216436884706449 0.123459099250186 0.253409611272445 0.164677600522932 0.0311685239233864 -0.0222667157728409 0.0815960765184336 -0.0302237342903546 -0.00316220026425872 -0.129253676798181 0.327986100709746 0.224491098795183
0.0894991516556417 -0.0274444505653082 0.134777066814277 0.357979383887053 0.447039593469651 0.540932604408447 0.283556311023017 0.52817285722562 0.542709455231077 1 0.030592263278227 0.176573716149821 0.148946634590235 0.429794802088566 0.285112447164613 0.467571358154133 0.192029070285604 0.069615077134136 0.0623522956119996 0.0265188760973841 -0.0486411645842747 0.211167547524817 0.268119939740836 0.359646055025902 0.093914375192433 0.20211329786246 0.167560060970925 0.197765758953703 0.158772488577846 0.279145976917523 0.154748418777969 0.303621095760429 0.16440138097383 0.243747262505923 0.0853572340819665 -0.0111718425785987 0.0239547443274664 -0.0136959210317976 0.0741955089660996 0.188638256623251 0.0165093792784394 0.0674885552894962 -0.0632002818556559 -0.0966442286138349 -0.0473037583044423 -0.143922361000033 -0.208859786219639 -0.015438307501736 -0.0857574529591655 -0.0373042825794151 0.0532607037219374 0.0503721541343311 0.209380706758988 0.208413111028004 -0.12095203985053 0.0115805116607706 0.0126392541742409 0.0575861741765637 0.0550824749855879 0.152314063387829 0.0809647483382183 0.360198935306488 0.290973741274575 0.228468164145661 0.0043345809852156 0.0780925765705777 0.0177499447746074 -0.0746330783264304 0.0484244775390888 0.167552996640851 0.296632300297099 0.243431622622948 0.0674226800713889 0.158060453435852 0.103566255275952 0.046188249919874 0.0794921211769073 0.0999707988624463 0.290336435666784 0.196962420394348 0.240392680217706 0.237730899048006 0.0230557965722866 0.0657517904819591 -0.0296119731935654 0.169058246785948 -0.0163346168394175 -0.010163466778391 0.211199177586379 0.383896029228151
0.630136220073571 0.569847925918286 0.0696104115179555 -0.0608830089078254 0.0126568796807655 0.0799246057918323 0.39572643389306 0.15951248365493 0.164771916794799 0.030592263278227 1 0.643094153083395 0.542629513696688 0.238627294632065 0.0216371551294938 0.0105557973648775 0.638379944141689 0.632911141451303 0.502816276736504 0.494075314546105 -0.209414868711678 -0.0181612704185243 -0.151004224807881 -0.40393355070384 -0.151619723991613 -0.445436681461568 -0.0565558542045453 -0.2051547269551 0.656624506146015 0.585054436532971 -0.0467546972820334 0.0298440403432632 0.189841841974001 0.302871488516139 -0.159065207563961 0.0179186989776429 -0.261270996711173 -0.166439469104807 0.349900957056204 0.0695569808574162 0.158176870294004 0.331644260089194 0.420063669922701 0.393143262528864 0.360129475395859 0.337137080294593 0.35636544869732 0.244582253736723 0.402601454946835 0.368122105464139 0.466698449004631 0.41767771247993 0.377032893137537 0.341146848037439 0.454365825186413 0.270948111995046 0.390490343286047 0.462047930766094 0.578821112454633 0.506140674677358 0.630567263465008 0.307490402649856 0.673756166944909 0.560939807328205 -0.135615445800468 0.13128328886532 0.118761655810893 0.11547032269457 -0.0253447488011524 0.158837075307275 0.142147701257106 0.134426807102944 0.343134687810796 0.399012042564109 0.0672453929679115 0.14631851378972 0.405133166533969 0.33034187136737 0.236803827128866 0.285976815668959 0.345486398258842 0.242638780764962 -0.364080292361941 -0.107989844133218 -0.0414071343506678 0.0979700575551792 -0.196742727706775 -0.360231191382393 0.239534412501141 0.122777530709306
0.578506909987542 0.611174022340108 0.178146221830731 0.362126424443131 0.0787763945559357 0.301349955821942 0.444475781192421 0.535671045121124 0.137791398972249 0.176573716149821 0.643094153083395 1 0.360021982254728 0.576493370368855 -0.0899625134000895 0.240218498035226 0.406067236371037 0.545189840115417 0.404649478002259 0.438588888643055 -0.201680079401224 -0.0511625167938519 -0.0817851125791492 -0.0809019420509401 -0.0787580357027905 -0.276400040190898 -0.0461050772118778 -0.0935514679401977 0.374202488801409 0.463122821074232 -0.00160358425170472 0.0250380966906471 0.162509998688398 0.45584160247245 -0.0173926573435576 0.13796469442132 -0.238903297412776 -0.113430311427433 0.273069079517411 0.179454658621458 -0.0307908891555421 0.118339334580521 0.288961602565806 0.30684104904327 0.197714854137724 0.20284355209601 0.201047197490206 0.139403642382285 0.312369543359922 0.359089201924345 0.598865924962063 0.537777638632097 0.522736111422576 0.385657219127691 0.441112163083539 0.25182221228281 0.383152451167388 0.533406443594398 0.539016153418965 0.652222920691955 0.704285348434148 0.756586010676349 0.4293507494484 0.745428569120763 -0.0837137642572064 0.503464128884303 0.130276684038479 0.277367682164566 0.0659292409793958 0.223488670512478 0.159653115595957 0.210553738370814 0.218824539975742 0.326066376404002 -0.0970310125187328 0.252069650288909 0.299660850425346 0.454652372683313 0.217140533065787 0.274321833268794 0.340145503508376 0.415174658043532 -0.311694949365793 -0.151954367793478 -0.0349809483001474 0.461540852068167 -0.190973825420359 -0.161401542546227 0.279798659874052 0.391958295404414
0.40738160952776 0.221802627559785 0.472190140683695 0.123715859921617 0.421859585674201 0.360598825160945 0.602239498134155 0.171610179298035 0.447545616268575 0.148946634590235 0.542629513696688 0.360021982254728 1 0.447097732502439 0.640058483273522 0.426994314345422 0.179267147261203 0.172410371347959 0.242090185448899 0.083367345156154 0.0203773973943797 0.0319071903201808 0.464546697970768 0.0929310141141638 0.205434655081501 -0.0592729735851978 0.317014367038182 0.118922507749756 0.321104166424438 0.251668574371618 0.125566954937048 0.131090279116503 0.39899832951345 0.234799445416132 0.208897637329004 0.291851810279369 0.00388528368536893 -0.0296691239151331 0.329563115876278 0.0766931747978905 0.0625905646952375 0.173653030399757 0.229887064915406 0.190289025847878 0.238897167728779 0.0605890157606213 0.0984097593930337 0.142283049461903 0.182137781471678 0.205149476314343 0.377484591835608 0.286975519344681 0.383210457621257 0.382643333364593 0.299507817046826 0.170722910020219 0.227646289590015 0.245576957781876 0.372092693349292 0.292021876285079 0.597341581582628 0.297553079794719 0.452873689849341 0.295561536894167 0.254432128070281 0.270300041613509 0.326265783580526 0.137503281871921 0.192254973247389 0.212146480595173 0.319182347954525 0.269150321007712 0.117130396607632 0.139855079952923 -0.0558113795554232 0.0355421198552174 0.432925127238416 0.181516731191086 0.170483911489589 0.112307983987726 0.265756487708597 0.26802081678915 0.118914278616536 0.10590374329083 0.391257191264225 0.247748380454867 0.0482867338245436 0.0109214971575328 0.563305948128627 0.293408825063743
0.274909717180949 0.122656413207983 0.27534363545435 0.54892056263109 0.16722186955163 0.515878020859212 0.479284256660021 0.67495912066675 0.209038970954275 0.429794802088566 0.238627294632065 0.576493370368855 0.447097732502439 1 0.223243444475104 0.647229126677646 0.0193062747943318 0.0816503575310431 0.120457412913358 0.0704286077808484 0.0264224915270989 0.109099523225595 0.275444713545922 0.496583916292803 0.0885369891870812 0.111467034220654 0.127042028602834 0.193550508144039 0.0752875550502713 0.190778532847757 0.080347665215763 0.158196873739687 0.229931086073025 0.364101059213037 0.218467746183205 0.290989234521001 -0.143316533094419 -0.0815852070646407 0.149001696222903 0.291534383481341 -0.0330470832791928 0.0148154212470391 0.0778554931255661 0.046275943648104 0.0509755962468622 -0.0514052533299021 -0.0575280211694662 0.0396786542701566 0.0927054314698824 0.0993697956907645 0.374202664904061 0.302619624665309 0.368752326560073 0.302699627538068 0.260339457747683 0.168688590301459 0.124486700642461 0.118370003721735 0.251838099621233 0.309306578472429 0.488789574219508 0.745966722161188 0.325187362070812 0.557971925822184 0.186510016942795 0.563003519389531 0.215130401001124 0.353900533468449 -0.00698362623090848 0.111608510244115 0.193501898840121 0.267430024116676 0.0419253267406049 0.123085109909983 -0.0980370234001131 0.187166216148626 0.183393235151217 0.317679884071981 0.0861004226504275 0.113491316337034 0.22743295712278 0.537839002622046 0.0634888221907726 0.0557526644594656 0.288740740165297 0.648337350734062 -0.0668443859805477 0.242298866043373 0.414943478173395 0.530933149934921
0.210467575997701 0.0587706325292749 0.599898489493947 0.211593794894313 0.649028739912717 0.368109109108065 0.408663731795667 0.0676768880317563 0.561750909953357 0.285112447164613 0.0216371551294938 -0.0899625134000895 0.640058483273522 0.223243444475104 1 0.502349339501105 0.0554891178837191 -0.0483937695748008 0.0664009309342842 -0.0770880496907875 0.180296410435435 0.187119968533042 0.759414758981564 0.402264080576076 0.424146317125223 0.380231071070383 0.566006210324713 0.349701145245389 0.102105097785917 0.0785434806583664 0.245689406271342 0.207383429327706 0.418518964621484 0.106160860016706 0.412195382645275 0.345487778884848 0.256981359075018 0.118208981583917 0.181802220293499 0.0803448891445681 0.169661457528063 0.14535323310839 0.0803188268228043 0.0367686481132781 0.0814325339272366 -0.127584490460601 -0.114733013998898 0.0649110077842712 0.0344073665333391 0.094863470333533 0.116919694566917 0.117833452700744 0.297982575013934 0.323924219739872 -0.0231294963195938 0.0771966509334671 0.131846766470072 0.0969145402546527 0.0616668199261422 0.111541836991549 0.182740202348414 -0.015634647803835 0.232257620037466 0.0268862136987004 0.534065317107192 0.0559073526855023 0.327986243166269 0.0393827910938518 0.308314086031508 0.276069279700345 0.455970202966857 0.399734834343415 0.122853875645733 0.0808261701997379 0.0873833252799829 -0.0692934626830717 0.301160320446682 -0.0346478648373287 0.173170423075786 0.0266379144244948 0.192190380713697 0.222194931554033 0.5234086856465 0.360417664519993 0.511623004636783 0.150859143981953 0.387441472777539 0.284280871108112 0.611005826362226 0.331158584024984
0.117851731315455 -0.00440662470825646 0.415838778323488 0.652624395165493 0.343900010279825 0.73424482706376 0.322418296469122 0.531320523404159 0.181067810711261 0.467571358154133 0.0105557973648775 0.240218498035226 0.426994314345422 0.647229126677646 0.502349339501105 1 0.0476993535128005 0.0220403513694514 -0.093210796522799 -0.186361366876404 0.024551092067381 0.288175979687985 0.491775218427164 0.661036268223417 0.346944035147199 0.457295931321274 0.396986536435979 0.542288456728207 -0.105832158742508 0.0647056890962947 0.00443420242466993 0.159204375999511 0.31771431388177 0.292555716790081 0.453728025634797 0.474002444390893 0.132002330009616 0.0650704321826229 0.24756397993243 0.4270402252893 -0.00353005677248022 0.0968313644566054 -0.0194473663784767 -0.0709177423676736 -0.0346554949866744 -0.146735804519028 -0.193627096376537 0.0097508476770449 -0.0549413670718821 0.00605955754181468 0.209117858930274 0.200462629398908 0.268238214455876 0.236271383963565 0.102662236895162 0.265239390175807 0.102645421686746 0.101571267105262 0.118403756029958 0.171174533213658 0.2778051764058 0.545795935553732 0.226778491150278 0.299714807276557 0.507157469884049 0.599001651430643 0.279285309699984 0.331864942919635 0.141996910387241 0.209617908965578 0.277006361614993 0.355901929190088 0.108772766552139 0.152894325539031 -0.0515713247535805 0.0959844584198425 0.119980169698737 0.287612803140491 0.246993223226043 0.174913979100439 0.243559365875931 0.423510342674254 0.406135556625335 0.365915589052566 0.504047717356812 0.690898450798855 0.276345265342476 0.436732501857654 0.58252952688646 0.688456838004958
0.650976945881348 0.605207487259687 0.0923163556204867 0.103349555345929 0.149897150044035 0.121755708936232 0.242819795974612 0.212102219719252 0.185205763486144 0.192029070285604 0.638379944141689 0.406067236371037 0.179267147261203 0.0193062747943318 0.0554891178837191 0.0476993535128005 1 0.824734861731353 0.559912289041897 0.51547753731324 -0.197097225423853 0.106788706759493 -0.0516301677263759 -0.177611253119913 -0.0373295215312573 -0.088428636757886 0.1098066378452 0.0966770465473348 0.663050362538266 0.709188431052769 0.102127498456657 0.168515574549492 0.428937235044778 0.476935604934174 0.0208352420458982 0.130777153841928 0.0720004317468149 0.0529199427756778 0.461790621085699 0.249299263880971 0.228839986492555 0.378334895978555 0.377288270330919 0.296441782216816 0.312588149230461 0.249934206595762 0.2962740977487 0.252335458148296 0.27106558485841 0.248595596526538 0.228938668934995 0.285223076579154 0.353986972723085 0.277453735596673 0.319311559702967 0.309962020923693 0.601489984231458 0.636119854248585 0.461178904166039 0.400388104367787 0.337955565185448 0.179324673336744 0.721037076285275 0.575437904135268 -0.0107852445044325 0.0940065997422854 0.256288695645096 0.187788720941082 0.120358425936381 0.33036790998381 0.184523054399576 0.216922271278638 0.405738659738789 0.470916938221232 0.0701007461255529 0.154902117041406 0.408049837884229 0.380661619380239 0.622311469432416 0.575550611154387 0.634611944263019 0.436393713238758 -0.124770042168398 0.199949022858375 0.0104822546309196 0.113841819623848 0.102836275320312 -0.187233797007461 0.24494132493262 0.231221127295631
0.688589211264568 0.708438225321761 0.0961584574371911 0.109402731589995 0.137190768082047 0.0874098683564343 0.252199814973869 0.263818759737187 0.0860193488569073 0.069615077134136 0.632911141451303 0.545189840115417 0.172410371347959 0.0816503575310431 -0.0483937695748008 0.0220403513694514 0.824734861731353 1 0.644960571900141 0.625212993694534 -0.225361530488225 0.118530500660841 -0.0943131151293412 -0.201321887084809 -0.0474065281312692 -0.12177823365166 0.0140162406946112 -0.00824388802718673 0.629449577705943 0.718652471243559 0.0964723458249026 0.139290895862159 0.406703066966411 0.529364510608439 0.0342821379493587 0.109179020133625 -0.026209415416072 0.0153143483398312 0.508430469025076 0.262815116099602 0.194128441629109 0.358686429561939 0.373846792127028 0.342164137099094 0.301219455079954 0.277004443611716 0.321451706931185 0.301184256732684 0.280682133817651 0.273407633208924 0.263885387045474 0.350248583711074 0.346241476110734 0.315536381832426 0.440441810412548 0.369786768030549 0.691350102279873 0.817452550137754 0.512685061372152 0.45581724449709 0.377771268436759 0.23544310432606 0.696580998879604 0.649648957247687 -0.0270109896182098 0.14831885588888 0.240921921623166 0.233063713108858 0.120082868436226 0.372244479724227 0.113974076307519 0.152980820911731 0.463190865848449 0.505417644650147 0.11297017037671 0.289625551861637 0.366466558038273 0.517103788280207 0.518736998262457 0.617408907775397 0.583006869237564 0.524504546282744 -0.181441709818045 0.165387755971477 -0.000893501536366607 0.231108601094267 0.102104632284415 -0.229897955875311 0.237437708184731 0.25975265372793
0.748461034633618 0.67161165971778 0.336819393353317 0.136867782685527 0.185661764967233 -0.0806500378022122 0.4908220110868 0.309103373533551 0.203023389122098 0.0623522956119996 0.502816276736504 0.404649478002259 0.242090185448899 0.120457412913358 0.0664009309342842 -0.093210796522799 0.559912289041897 0.644960571900141 1 0.775897236549335 -0.149088540949033 -0.09752680006077 0.210191004218869 -0.0460816295196772 0.0175842204262147 -0.111626838875164 -0.0437115774473811 0.00297410788516487 0.558282422222809 0.576070722628226 0.463563605235717 0.319343749048143 0.485203481395539 0.555091430713718 0.0305197896110044 0.057877358945704 0.0157219851898264 -0.0509680880132041 0.328082942121295 0.0173980852898123 0.196819823028537 0.248351127764007 0.508766696243631 0.513082257186032 0.47240908348722 0.444890936432041 0.524718607969827 0.461366674797184 0.472109504794056 0.449678189351814 0.371976422464722 0.370827688095291 0.442142917643812 0.481016973741235 0.402031785261871 0.264754116979287 0.596381649611276 0.582962616502275 0.573339011665294 0.511799169950972 0.34418371275022 0.165369033426684 0.535406132727105 0.454930128568182 0.0221227037049113 0.00793297727724837 0.302022915467471 0.172062125743257 0.205028004788758 0.390452976461859 0.311601921579729 0.362771756088063 0.487451833899179 0.525962790242964 0.209171412594786 0.312688653235102 0.442228666888198 0.33723265469938 0.322071636525127 0.405848003800052 0.347612813795271 0.416775212557356 -0.0150960057561822 0.0877870133684164 0.11067331559874 0.124188851368087 0.151989273810271 -0.147250342717754 0.229218122103826 0.252756258772793
0.622059236131703 0.653452738802385 0.149012075593342 0.018718613321165 0.00629871623199961 -0.156728657344603 0.291003022939088 0.212593093606086 0.0633611844613614 0.0265188760973841 0.494075314546105 0.438588888643055 0.083367345156154 0.0704286077808484 -0.0770880496907875 -0.186361366876404 0.51547753731324 0.625212993694534 0.775897236549335 1 -0.202192856929439 -0.107128071962852 -0.04846553574137 -0.218790742856221 -0.132065632925789 -0.226080867088737 -0.174413525660895 -0.138419927750734 0.530598446843054 0.526292022680546 0.21980504042917 0.127634954631656 0.330657296932657 0.470815720660683 -0.0877770488820703 -0.0180412333417289 -0.0692304917546109 -0.0315733083319508 0.201646300448552 -0.00332087390963148 0.164051996453589 0.201782652516677 0.312332963230993 0.366214491044597 0.280425953977397 0.323797282085169 0.36737149571034 0.300642282436728 0.377866794329025 0.301509462360273 0.282276047180211 0.266202855425982 0.309941181986084 0.309620467954773 0.29436830173332 0.160764621009553 0.533842251322457 0.550063507346936 0.442091683916739 0.43385106782238 0.273847972442263 0.119266888872269 0.479157883648959 0.464841091660104 -0.102653552776159 -0.0787356654483289 0.153180114508553 0.110349059975987 0.261829697046794 0.393177279304279 0.248369012793322 0.220722130634849 0.526944986594234 0.481325143880202 0.177720921816985 0.364863110829887 0.336098656402734 0.338751793233831 0.205269374215014 0.296120819052744 0.286384452269795 0.285655412842395 -0.191895875459099 -0.0107812520344784 -0.100193561269857 0.031861117616113 0.0188250906748567 -0.23200617805792 0.0611719542319069 0.116951825215083
-0.21625934030641 -0.243364022478351 0.117642768027872 0.0595237254454563 0.0279423415749514 -0.14126814015833 0.0219498987321874 0.00120016172966478 0.0116830313707074 -0.0486411645842747 -0.209414868711678 -0.201680079401224 0.0203773973943797 0.0264224915270989 0.180296410435435 0.024551092067381 -0.197097225423853 -0.225361530488225 -0.149088540949033 -0.202192856929439 1 0.130245297963349 0.168909626965351 0.208207122172663 0.2003449813561 0.322541699788053 0.0725804033163029 0.0133861207380817 -0.112957519489047 -0.155511332074081 0.297732497817159 0.222454560674395 0.146765606196613 0.00901748982800038 0.134044393899479 0.0998188315673113 0.225027760526744 0.274250152092252 0.0601351983320007 0.151437363859786 0.0381558657342566 0.11947181866186 0.0136905025507316 -0.0250427149138473 -0.0683697659063874 -0.0735774953293905 -0.0854310429192132 0.0526619748557542 -0.0731293002428234 -0.110724862931744 -0.106450324209524 -0.133963024031636 -0.0888900227077569 -0.192144124229707 -0.0344163447363891 -0.0123017086226847 -0.211547754163153 -0.217054130258097 -0.0672849300339163 -0.142629657147801 -0.0961580036793408 -0.101236552620787 -0.105270527878294 -0.115502191079505 0.107243982645187 -0.0182891587261793 0.104983389795716 0.106197055245259 -0.0867639731211618 -0.201697009721582 0.0657516198984351 0.0604274015263035 -0.208986841192234 -0.281927077601108 -0.09381380688507 -0.211583969053328 -0.0194926686728278 0.0369483341120663 -0.0317823809325448 -0.0928568320537753 -0.163268342533418 -0.0604136448619238 0.209023579127831 0.0423001944495309 0.121589678406733 -0.0242407809537689 0.0981350996936535 0.205805548174234 0.137495629451999 -0.0349495999722762
-0.0301868066783765 -0.0612603442935626 0.0678847810180164 0.186143979730179 0.162159705332968 0.202263582797839 0.0111204284548355 0.116679303016759 0.0702029868662874 0.211167547524817 -0.0181612704185243 -0.0511625167938519 0.0319071903201808 0.109099523225595 0.187119968533042 0.288175979687985 0.106788706759493 0.118530500660841 -0.09752680006077 -0.107128071962852 0.130245297963349 1 0.166083842848294 0.218160936999022 0.209323445385074 0.370892364773253 0.235629768260693 0.265009563483053 0.149611423476856 0.250337904759625 0.191440723748943 0.294698334232364 0.170750463765367 0.102695148677262 0.157168932923772 0.0990586200820236 0.21789896077912 0.182366596616833 0.223133769753677 0.300687054932904 0.243375926286715 0.148647315754464 -0.0157920208463393 -0.108041632559487 -0.0462581057800321 -0.105436135121883 -0.167934280281958 -0.0575528847820723 -0.10501483415943 -0.139030998771838 -0.0787693845204036 -0.0444147202663319 -0.00388123329973514 -0.0617857348349047 0.0139118762956395 0.121035689047833 0.0257432600303507 0.0422080002551107 -0.00909484336032724 -0.0586339282402522 -0.05282653323528 -0.0187520507052604 0.167233728488064 0.0642634119558544 0.0680657987536434 0.0285256795025571 0.0808956282106346 0.0654668832692357 -0.022069769944235 0.0289190745845723 0.196704497073847 0.189055826225492 0.0845893103142828 0.139416965284822 -0.0344821150128524 -0.0475398344607694 0.0102391045819469 0.18916381531681 0.217328337371375 0.208528668079017 0.152209064989065 0.137044946642346 0.197722486592537 0.213779538527365 0.0706833426138407 0.0675885362855724 0.164672172752952 0.133041797008225 0.140070771234122 0.122065420286608
0.17618900808641 0.024916805005675 0.71448429188051 0.431894888269522 0.655670417017249 0.295879513092232 0.504592340196759 0.294238751474277 0.421369897690547 0.268119939740836 -0.151004224807881 -0.0817851125791492 0.464546697970768 0.275444713545922 0.759414758981564 0.491775218427164 -0.0516301677263759 -0.0943131151293412 0.210191004218869 -0.04846553574137 0.168909626965351 0.166083842848294 1 0.686316626543636 0.556391658416689 0.564377734608298 0.556954031415974 0.450857986008186 -0.0146071551517626 0.0938166954723283 0.509544546475851 0.458823499498509 0.515218005541837 0.286616647058431 0.54833536283443 0.410879871278329 0.244783754735249 0.0568785480728692 0.153858062154064 0.0835433858144211 0.124532333220152 -0.00702283164577405 0.0727433907585057 0.0367113658640409 0.0889702422530428 -0.0837098657349163 -0.094495056555449 0.147549049146524 0.00209848162395931 0.0678146435765991 0.093731642508537 0.0810615753162825 0.272850537769668 0.330667805557235 0.00593566857370888 0.07717562452849 0.152460014119244 0.118315311604794 0.0383393530198522 0.0424230918355312 0.121781731038642 0.0737086937160749 0.124760147777488 -0.00498195104191656 0.648439663546063 0.174614813135762 0.429882248694385 0.196428321189304 0.273330187212423 0.287226823169326 0.521901687784475 0.525272282711169 0.227515671913962 0.209419527825816 0.1561876880707 0.00401869287025753 0.282719939238469 0.0959640515835515 0.125678430489045 0.101142541683517 0.115886099991527 0.307336941746196 0.619083017442869 0.335715385980876 0.657614394675249 0.269874993509522 0.472778081967465 0.446187675032598 0.562859046650653 0.434876049588593
0.0105063705108255 -0.131039878044399 0.469536970995624 0.701029039692569 0.334277777420352 0.466069428366496 0.260900559690308 0.529102187102223 0.0809436108611292 0.359646055025902 -0.40393355070384 -0.0809019420509401 0.0929310141141638 0.496583916292803 0.402264080576076 0.661036268223417 -0.177611253119913 -0.201321887084809 -0.0460816295196772 -0.218790742856221 0.208207122172663 0.218160936999022 0.686316626543636 1 0.418855734744141 0.758917472929452 0.394871253715703 0.599849834313549 -0.315708964686598 -0.117206915955324 0.29079852572306 0.321089770983442 0.382413626355615 0.302803061732241 0.595960475761496 0.464606111753349 0.301665985472479 0.191789051427775 0.136927768084385 0.356852243056952 0.0920379019864495 -0.0157201800976302 -0.0333049465660406 -0.127544864648138 -0.0270688997221187 -0.157803979256052 -0.172333626212765 0.0833089362819311 -0.121198438840753 -0.0795333781871006 0.0338506703240704 0.0631550583528296 0.15532361706407 0.125850927326349 0.0319323707128729 0.186451021736676 0.0587062808887469 0.000772545432739829 -0.0384016798050503 -0.0457763293066312 -0.0239754539795207 0.274243103894182 0.00215231554436626 0.118605710430042 0.611401900033733 0.417301305277328 0.433561172997845 0.452416556496881 0.210391659943706 0.237260909449782 0.338460345747553 0.435714143185484 0.0212925328633333 0.0536212117969808 -0.0716826672110479 0.0633002504260477 0.0989842695328561 0.176182555046927 0.105012206154964 0.0790896859667501 0.106834714117237 0.444922592722638 0.594735725717683 0.405804342446708 0.595724798059426 0.572922611286572 0.477982177574745 0.679548498380477 0.406166442999964 0.547242837864519
