1 0.52262063396545 0.265467454584491 0.311898163259016 0.110485005450007 0.17856450588775 0.426598692771458 0.495795120971291 0.312808660050341 0.123255225727326 0.568037937644135 0.583306306572279 0.359099802307979 0.456104457016025 0.206649270058069 0.0712813391883967 0.363487511426562 0.393891581938331 0.6019216799281 0.487054273761965 0.0723243267510394 -0.149972779836151 0.216480880266431 0.0274703701352908 -0.0861340584663362 -0.0882358032296606 -0.107721652515243 -0.0996444525863765 0.40100862336492 0.371026763824994 0.143510947477423 0.0308145205011673 0.428031365654728 0.402641544209659 0.198374620541216 0.168785586199679 0.187895895091113 0.0689817546901038 0.377574698885502 0.228312355264344 0.181406971223205 0.137826630694076 0.33309985719469 0.422745274640905 0.335156364448984 0.402859453168652 0.445568297632409 0.509989040085964 0.177532842197161 0.219404812022562 0.441631110280246 0.241652328897128 0.365933295904155 0.270104865105197 0.468335111908456 0.386388880659722 0.331348009341819 0.481972561060325 0.539284799298995 0.410371184412383 0.630546333219694 0.191620078839647 0.619025737943699 0.533724812644402 0.231151767072631 0.11739760465051 0.358650286020226 0.33110532285373 0.306825004876334 0.243105423427329 0.507137061956394 0.459850419026263 0.424065441484506 0.22029483540963 0.0653401282726602 0.0925698458038176 0.332237737705998 0.201139811114318 0.290799270258166 0.306758014716955 0.262180907192461 0.39747116973749 0.36403402386298 0.300464659330636 0.514118005319749 0.457964326985482 0.243126413174855 0.141740230130762 0.46574773687141 0.420104931209549
0.52262063396545 1 0.130995750282854 0.277425924832651 0.0817008708163818 0.0203231697284557 -0.10162525395403 0.405197496494663 -0.109066266620876 0.034200639998142 0.16577930905909 0.481556777796586 -0.148757868432214 0.422198510910412 -0.203498592615075 -0.0801022246757182 0.703478091380846 0.792963897052387 0.536157883053575 0.616140783913188 -0.0466467966080549 -0.18629227647103 0.0991772591189302 0.168633115857238 0.174130136811784 0.132811840062378 -0.08882928369783 -0.114447622662454 0.486785893930608 0.583997146953449 0.236514752182642 0.166589167992324 0.633023865625985 0.636794128003264 0.352739837159644 0.322395118693739 0.279338946223731 0.104206419048391 0.403000446433652 0.352569808047516 0.101275977146109 0.0421899372717805 0.493137196476905 0.605859185352857 0.595697805847964 0.671085786576829 0.586676742853672 0.639582754256508 0.40604773615332 0.31045267592683 0.353515260788524 0.186623686662299 0.201103530312328 0.285434293286752 0.52276987944998 0.369962060175412 0.576149761295182 0.681561814301837 0.311654012452093 0.264183720661777 0.165802645952817 -0.0646127725084387 0.42147697729244 0.480826605175442 0.13201343066611 -0.0723028298114849 0.347547389711244 0.436631610597425 0.45058933092102 0.276313037305867 0.274267815438888 0.296166938186294 0.360382253836262 0.134077033245088 0.191566559552817 0.074715754964459 0.411620912993924 0.110991023857554 0.21836808873149 0.514628757733758 0.439889153660552 0.638793438926643 0.241289699451568 0.309783652881644 0.282464272032869 0.496586970001193 0.212400481458417 -0.0239850746441371 0.043171437181823 0.334248355245017
0.265467454584491 0.130995750282854 1 0.52822590220708 0.491207800416281 0.272540531152446 0.580553121273229 0.252584070882715 0.399416385390778 -0.0138409059098462 0.363250021278966 0.215592749657242 0.313334721027743 0.243554090575986 0.186208472285122 0.0440006581144604 0.0589310200540019 -0.0545492712096003 0.284738222154404 0.231224642739255 0.293047471950178 0.109403790840322 0.571902701439235 0.403849123335624 -0.00420554290414054 0.131854234494154 0.176616276900607 -0.0114528906432353 0.114965438613572 0.0622854117927697 0.456366201894741 0.300043156693371 0.331585266560776 0.274542966775198 0.249864444578572 0.216812672402428 0.162076502388479 0.0598002986622713 0.120195507074541 -0.151685719165195 0.0235534695872355 0.190368118525022 0.213695602634567 0.209025481087743 0.304673481625377 0.257191632329365 0.22309590652677 0.347159228505746 0.169614250808081 0.0594875698068122 0.396062566250838 0.288547437593411 0.116779954469188 0.241967752278526 0.126592236783301 0.160200098577177 -0.0431215518114642 0.0963884873151302 0.313546199901815 0.171198260697364 0.239971221615795 0.107042648332591 0.377353132003395 0.399923303823028 0.509195615223688 0.327330458150805 0.433760430838029 0.317920070554759 0.11514801379297 -0.081736514748488 0.225723262945716 0.257720247449902 -0.00489871075093838 0.153273330895077 0.0536362304551899 -0.102697513694835 0.124760692321784 0.032033798157057 0.191697923640041 0.0360980345240339 0.0183109664932993 0.220345551451707 0.169189527140327 0.134453781103805 0.430662119207736 0.372674873267034 0.128568087233458 0.197789976417885 0.303144319003562 0.278352799257194
0.311898163259016 0.277425924832651 0.52822590220708 1 0.196983953636889 0.410549675008631 0.406612331395891 0.633417554344106 0.0690071660339605 0.298991909014762 0.314784436675268 0.384039095093427 0.247082652783905 0.320455651517025 -0.13457838870018 0.175086863207058 0.194777042448209 0.161283774763078 0.345320778107999 0.22121494170833 0.175948317790653 0.119646106541923 0.272325270262587 0.29507518876837 0.0880110954396552 0.326521173416617 0.0245450681433792 0.1060574726943 0.153575107519714 0.266255703972309 0.349168692807909 0.273144926929183 0.367434399974963 0.436006390195779 0.287716229333674 0.395004706352183 0.0373385078918247 0.0327317704325197 0.22489110033549 0.0157151859992051 0.028129463975571 0.159132464005594 0.233050268526785 0.312957067843976 0.358030205395627 0.314642662573361 0.318646242082006 0.296298900328703 0.0564565386399281 0.0357707747535736 0.226424055850907 0.131006788024448 0.01482942038518 0.00325271962553714 0.284002134093485 0.148968406153051 0.209660264611707 0.281451659563258 0.248596949544823 0.0996130737278569 0.431488579372986 0.341019567916764 0.308806168442506 0.583265960863181 0.384321024161462 0.449521046029994 0.531751509926695 0.570210548973635 0.112779617960389 -0.0255470235211967 0.138572287913513 0.177565988612672 0.0410960239360897 0.236812634763236 -0.0323380319651657 0.0374750197763854 0.161580217294041 0.205649291146201 0.24314937186022 0.0586714403953573 0.0601224969325613 0.334758642736974 0.0800664219097742 0.00705271802625233 0.30274790309212 0.369396071901318 0.11644220634299 0.220850736046229 0.207770175062979 0.390786797822711
0.110485005450007 0.0817008708163818 0.491207800416281 0.196983953636889 1 0.162261986504311 0.370345795193893 0.120531749835722 0.4793010691274 0.232865174241598 0.263636589051939 0.0601775158565987 0.151226277839446 0.00630029938143639 0.289611746453164 0.0622547839140102 0.0218680806297465 0.0124579792008572 0.195377463273032 0.11091969660125 0.209447525106893 -0.079019649750481 0.263124576984846 0.254788909420973 -0.198118804060823 0.0507555505262865 0.280228926161729 -0.0804561765980422 0.0930082084453213 0.0134962222652904 0.289217106161141 0.250814103753766 0.0887689953793305 0.0473014746672895 0.0563627106496396 0.0535335704991548 0.0938745566518787 -0.0200945795972047 0.157862969878787 -0.0471440587816419 -0.0921520057590749 0.110269725909219 -0.00919358054248947 0.0392839416553623 0.0576653642822641 0.0927532379868446 0.134990719456443 0.0836210904982604 0.0197987944107663 -0.0327919213101129 0.0800534846270813 -0.00432658864909303 -0.00956624310598172 -0.00471315135506382 0.0963293843309471 -0.00335248110059289 -0.00543838629426621 0.0798756275428853 0.0710243880904699 0.0463101065344804 0.147780171574063 0.0684098793738159 0.187151099726264 0.147235660885559 0.228178223337409 0.260181359860237 0.0867859083433857 -0.0355035034858092 -0.0402626438789904 0.0615435887911794 0.0841127328499778 0.146741964664167 -0.0282832970904849 0.0716257056897716 0.0711647501581663 0.0400305612228775 -0.0179294401046609 -0.0238154921429322 0.106163526415732 0.0801118592932457 0.0593545848852357 0.0551131550659605 0.0667478055545365 -0.00500668243112343 0.186584545629911 0.108078689494202 0.00881858818763048 0.0865031623254412 0.20369279985786 0.19050747316633
0.17856450588775 0.0203231697284557 0.272540531152446 0.410549675008631 0.162261986504311 1 0.350400360585431 0.277549250762891 0.143455364677559 0.271915004062315 0.318264527539471 0.185566886012359 0.304872839018978 0.162209834729955 0.0725474983501403 0.351145487464066 0.120045213739583 0.00386231206553391 0.0320679453843393 -0.0167787909230907 0.277444853147397 0.405183638744367 0.275796492822818 -0.0517319296706809 0.169829005237328 0.311187185638653 0.163795403131143 0.591359648220614 0.0132581218702599 0.0523800256218305 0.243983591297101 -0.0193291224434605 0.0551133673692752 0.0928456248939456 0.0529521655283539 0.12700279907219 0.130104573723692 0.0251797986005244 0.372182021610379 -0.220677027993783 -0.200101711294403 0.244033371847823 0.03826936957443 0.148446929652675 0.186122140007037 0.0737345444862557 0.0843926749582815 -0.022221412652396 -0.0832979361710729 -0.0823157711239799 0.158433322443968 0.169739556996601 -0.0936762853466249 -0.0034609170832309 0.163123228560207 -0.170165688544016 0.223876438205246 0.270593806287439 0.153060419749431 0.115854637017195 0.373067238036191 0.168617612374148 0.288423445335874 0.276125714155312 0.297886642426735 0.241159475893706 0.277044149888474 0.199808069295831 -0.129244811444314 -0.127986462442984 0.192678614570278 0.160042931752699 -0.0532718187570594 0.310996680329717 0.0067265008604371 0.421068906131783 -0.0294272634129119 0.115192743249505 0.238531955081698 -0.0870522686995209 0.0172652447658611 0.0843949789150336 -0.091107058636599 0.00271917803865869 0.227944307375361 0.169653624280523 -0.254744206168764 0.00499725183192686 0.132036253627154 0.135522377056573
0.426598692771458 -0.10162525395403 0.580553121273229 0.406612331395891 0.370345795193893 0.350400360585431 1 0.374840017998966 0.593283165754288 0.182047327769624 0.555873161395688 0.151423455000258 0.507176872820035 0.105355660364781 0.2765415169041 0.0624088415721727 -0.195394597118768 -0.276880327199993 0.163973190713321 0.0342360084776923 0.318973843204431 0.15143925235488 0.269653556724519 -0.0553244622261598 -0.142634402304486 0.0894239197551086 0.197951232178238 0.0893193965094318 -0.0946475982763225 -0.141738076862061 0.240519887059692 0.0487980443773628 -0.0541981898573791 -0.0705975166122877 -0.112551141408336 0.0905244983407444 -0.0274780629312073 -0.0196230968187746 -0.0411120534546016 -0.17626671383566 0.0158383464629416 0.269807490484549 -0.0370632116076509 0.07016266434412 -0.0518154046952459 0.000695784559802318 -0.00529971794487559 0.0141860629461256 -0.0389668367752384 0.112859010564186 0.345247755884134 0.27317689247118 0.170447579023483 0.0658376333219689 0.0437442559691672 0.0795273453066543 -0.167337480737796 0.0424071417109472 0.358772446551992 0.347508770759024 0.632521938320401 0.433578187775457 0.29425973158328 0.273032564443159 0.189415394258949 0.407003656181251 0.224105428621489 0.096914649094583 -0.0581160660964666 -0.0441514590515467 0.316143406598417 0.211437683411605 -0.0412393920756427 0.297833853789798 0.0153203266251071 0.139273043591793 -0.01327276900243 0.135259367112112 0.135398596047706 -0.125125551114041 -0.0462984202891723 0.0207528565622427 0.0591689421645376 0.0413542891935275 0.291455087713395 0.166818916125446 -0.0405394569901966 0.032233341337038 0.490624213587853 0.222965402557511
0.495795120971291 0.405197496494663 0.252584070882715 0.633417554344106 0.120531749835722 0.277549250762891 0.374840017998966 1 0.186260331384448 0.503108159059923 0.224034639366201 0.574122026987079 0.0564057712999191 0.577145431155993 -0.0879758231281224 0.178226893132157 0.138983826964804 0.290355108216748 0.471924098463288 0.333680592532634 0.0202189958054363 -0.0816611300407256 -0.0451549305507902 0.167943668446245 0.000780991477788846 0.316337885217534 -0.0702137237765178 -0.0727206825375033 0.212970592053463 0.443127498533738 0.258652368901405 0.246575197489107 0.424492035155989 0.481053298859228 0.300206150604908 0.371935234721702 -0.0797953395277958 -0.0571134320804664 0.173839474035805 0.282064635667209 0.0347333177980059 0.0116300570975486 0.154754566812616 0.333900147473384 0.195769773782209 0.267912906875956 0.270150614073117 0.291095648699105 0.00722609376175539 0.163731439539738 0.283051850579538 0.281755108499154 0.132800066897424 0.0528830792955128 0.30518769083555 0.26328729294637 0.112216658072947 0.366650114970687 0.28746646889079 0.339475650321779 0.538661787318184 0.561535254733314 0.267209525182463 0.658523381241075 0.130803908025379 0.350001430236224 0.515499873441298 0.57348221863476 0.234682845069788 0.0916681546686677 0.329199447621269 0.260124900660214 0.247856138283525 0.122196234083499 0.171100160172525 0.065546840811869 0.3455392555703 0.257551557344835 0.0189672998598202 0.311567240344 0.260350568167996 0.484758600340927 0.103095511529374 0.154322321488869 0.249654963895771 0.498536536119178 0.148606676259853 0.064368346037996 0.275420419268383 0.465062915726475
0.312808660050341 -0.109066266620876 0.399416385390778 0.0690071660339605 0.4793010691274 0.143455364677559 0.593283165754288 0.186260331384448 1 0.384340487289862 0.499956134698949 0.155474647491427 0.479383222497223 0.14875375633655 0.635531506358804 0.229117151983401 -0.201591026506076 -0.227112838295135 0.172628749468295 0.0406585123901833 0.232383885643383 0.0251605936742486 0.394027106933394 0.121341579602644 -0.211807223756967 -0.129571175591279 0.178815425555454 -0.0301193085885195 -0.0398045218141566 -0.0914293845284555 0.189301156825143 0.0626536750347976 -0.0223314984867022 -0.0630138929413801 0.0126777620386779 0.0017326638200659 0.0431384561505633 -0.143517412253172 0.155661376077405 -0.0451926994397879 -0.00586153906466552 0.151925760554232 -0.100286427861195 -0.0692920331580832 -0.1306870929978 -0.0586689429982992 0.0139778672103387 4.63603460609834e-05 -0.102085782516382 -0.0337130730014134 0.202754291177838 0.069626269523073 0.0908684395618921 0.00244403960965568 0.0943815794921759 0.00755890229108968 -0.0690070741794122 -0.0243104629331964 0.128677789238518 0.10551273372326 0.375548219306788 0.0855536916826635 0.265622624866106 0.1078909721675 0.292495817790397 0.173123037037231 0.0626350514887957 -0.10843052494924 0.00952767545840271 0.0131189033976711 0.192915004817358 0.229625178461865 0.0276885587969406 0.168753388094118 -0.032535899099861 0.101084891288923 0.00399523602247233 0.115949594978063 0.0937082768533407 0.0112003224462234 -0.0716474399426028 0.00504337394824025 0.250722536912798 0.133949003774351 0.356033133555079 0.0831987986207851 0.131350504754115 0.191009858044465 0.441185539520242 0.175452750194448
0.123255225727326 0.034200639998142 -0.0138409059098462 0.298991909014762 0.232865174241598 0.271915004062315 0.182047327769624 0.503108159059923 0.384340487289862 1 0.128027075216004 0.0970943705789244 0.0778432045510267 0.149479338577875 0.132838279645969 0.323984648501741 -0.107286684986229 0.0253790875761218 0.104888629873398 -0.0415884152602604 0.0593900320092745 -0.00967433156813 -0.0189487804635151 0.0788888450301929 0.0654404556898667 0.195291353505206 -0.0254412475516017 0.13785311548953 -0.108311399610148 0.0199061877827548 0.0568420938699677 0.103764497483701 -0.0151668351041804 0.0625883442345512 0.104541023801039 0.139269082913421 -0.1097305847164 -0.168977287382621 0.110542473641431 0.0707554749337233 -0.11395883873752 -0.0373375942239289 -0.0844904931687298 0.00147653331324972 -0.141793043782179 -0.06821118799295 -0.000365764436609253 -0.0766945037083581 -0.182605504253495 0.0205724401381809 -0.0671622509953614 0.0380052306927181 -0.0219460878032061 -0.176794897914226 0.108134953410191 -0.00812393181908938 0.133096572980602 0.13765212230404 -0.149284896759778 -0.0102667552929679 0.306752515764068 0.451958403006626 -0.0821766713975846 0.143773117325408 0.0926822593867778 0.375108795691348 0.0848815559312805 0.121571409752759 0.0663067856320083 -0.0688288174749871 0.122325255560269 0.0871601919834109 -0.0557955978049269 0.0325275317649147 -0.0422912732919961 0.204535507029253 0.0612339748868464 0.0671630038511705 -0.0102063531949336 0.130713293635838 -0.141644011186792 0.0993394412259095 0.0348744499545999 0.00754345487985928 0.0574853120802776 0.0602320521880289 0.00727049368887268 0.0721508605367081 0.0234311166221423 0.219962793191977
0.568037937644135 0.16577930905909 0.363250021278966 0.314784436675268 0.263636589051939 0.318264527539471 0.555873161395688 0.224034639366201 0.499956134698949 0.128027075216004 1 0.373465067882348 0.783800988179163 0.20332982381859 0.329148118897945 0.100356809269535 0.115715099548169 0.0280957306496826 0.386579987009037 0.253271190933554 0.263068908744607 0.0689372401448279 0.34358337218024 0.00487752366699874 -0.15901772891296 -0.11723694700174 0.205926734350516 0.121028817489097 0.140285325297817 0.150096673541307 0.214232189765 -0.130337492166661 0.00495330877596372 0.0122590092227997 -0.147005190924217 -0.0413913508993657 0.0835491825023116 -0.0102120665721298 0.130324035850621 -0.151782037521386 0.079853102789569 0.315342346200671 0.0329461342911588 0.145329196726184 0.157853264532486 0.211646346177238 0.173823126620207 0.156506845477224 -0.00630308572191615 -0.00339043065348954 0.159324192280073 -0.00447399033891346 0.0888574048595935 -0.0177442699099307 0.128605353103309 0.0602281069426847 0.208441352624879 0.313125842913595 0.284858692374509 0.273814384133985 0.576684390209214 0.114857470651862 0.673496542612237 0.423944653732137 0.252857536117912 0.0664943577620622 0.0909816200686238 0.0566458344787815 -0.192943052199268 -0.0209263861298741 0.250308592910883 0.234489199347576 -0.0136598992833272 0.422416073969585 -0.110637518125562 0.266655545328539 -0.0819631790836738 0.0695708178047114 0.350427033872767 -0.0831245149483043 -0.0920612238350923 0.113003974820119 0.157824767915055 0.0850389135526129 0.406041975007336 0.121166122434646 3.30824108067564e-05 0.108172374566042 0.414513470828038 0.139567987173484
0.583306306572279 0.481556777796586 0.215592749657242 0.384039095093427 0.0601775158565987 0.185566886012359 0.151423455000258 0.574122026987079 0.155474647491427 0.0970943705789244 0.373465067882348 1 0.183426359616249 0.841673735682276 0.174514656461429 0.233045225213683 0.240200343305238 0.476842867761362 0.57486739333116 0.559791353669981 0.109986556443754 -0.181258726854763 0.308114815787781 0.403901928588573 0.0434912826586182 0.038793109868347 -0.000361496625893898 -0.141109181495607 0.553145792482863 0.602244451382454 0.339153131383572 0.216128996291727 0.646002755214443 0.612945665022475 0.481868664760675 0.206530711836356 0.0779913214699013 -0.0647489447227821 0.414169056955174 0.42349759138146 0.232029239581118 -0.0145402552434252 0.13368550699402 0.344159252112949 0.262540576797287 0.325788131394939 0.342302985389822 0.453091603484711 0.0128587263473238 0.0045465833275267 0.26424692090971 0.127061103334873 0.203628217172006 0.219606462147274 0.439283257318956 0.340817820481832 0.132431021752218 0.309432632939569 0.253218507300467 0.122698262282257 0.336767495570948 0.0622356046124592 0.461874359192783 0.736869319839936 0.378590223685666 0.101429591038476 0.492350474924726 0.458683071723885 0.217981055457042 0.0796950962355629 0.278502469858716 0.384879640202746 0.461883530274652 0.00167059798584 0.138914612749239 0.036625453583527 0.510511556456955 0.204165781461289 0.15145022753703 0.4529931093083 0.24326449072726 0.564770801258981 0.375048427733803 0.293197526486317 0.536101362268897 0.588740851031752 0.383110321238704 0.294906948922651 0.412044451659577 0.479408590706196
0.359099802307979 -0.148757868432214 0.313334721027743 0.247082652783905 0.151226277839446 0.304872839018978 0.507176872820035 0.0564057712999191 0.479383222497223 0.0778432045510267 0.783800988179163 0.183426359616249 1 0.0736305800739948 0.495878957418403 0.27726516818713 -0.0691412958321572 -0.186084600215968 0.20726818424283 0.0406453618279365 0.312427524352545 0.229832684582728 0.482967718812879 0.0533459871768513 -0.0779782711176039 -0.0845242650300357 0.305788528024069 0.125843637742454 -0.0235584969681504 -0.0435190647348089 0.164769726268398 -0.161574946032161 -0.126750945873379 -0.0748957244533313 -0.105427639003141 -0.0488299838459007 0.146237226631755 0.00273467768619508 0.0707106648198799 -0.207208684457282 0.210186428816994 0.37172011605811 -0.0627485619052019 -0.0559198048975456 -0.0183072073845388 -0.0583300758173012 0.00217321419072462 -0.0806317229543106 -0.109102854724807 -0.0799905553089695 0.089529014100065 -0.0357326308786148 0.0460966173513428 -0.0563917239215046 0.0770175706476542 0.0120308306885552 0.103597252526437 0.0753586893949486 0.175922095707063 0.0983587192266326 0.451624166902672 0.0498225610607576 0.370251976965305 0.157618427531312 0.367540638728755 0.147367952986326 0.0621894232480915 -0.0680012274734248 -0.186681610765133 -0.0231402803884208 0.178910747702707 0.189090358067717 -0.143001289862443 0.395669146262981 -0.176784649274365 0.19453709452325 -0.170674089186443 0.0898429125940417 0.263620538123274 -0.175270542826947 -0.181167515867999 0.00589170122620875 0.170954345197136 0.0524602006553566 0.437377132409258 0.0257642371077236 0.0729381941796469 0.29094398273781 0.373142507454653 0.128870885104648
0.456104457016025 0.422198510910412 0.243554090575986 0.320455651517025 0.00630029938143639 0.162209834729955 0.105355660364781 0.577145431155993 0.14875375633655 0.149479338577875 0.20332982381859 0.841673735682276 0.0736305800739948 1 0.191049355336629 0.343283660908173 0.178715202270137 0.413241253895192 0.550994794472441 0.519144608515277 0.0473599868160365 -0.114649681610719 0.281127728448534 0.482839317786716 0.0395246168574943 0.134901415296432 -0.0241027258266633 -0.096347290599463 0.461956686856463 0.487370698047061 0.363171330410529 0.25530563206522 0.665759059357871 0.606442186360321 0.543966825355513 0.174164571941837 0.16959220969994 -0.0521450149312792 0.336201656559392 0.366126148441497 0.236513239320176 -0.0637493050074222 0.176185908575171 0.339456280224129 0.179048026960669 0.244224731607568 0.322111085618914 0.383382186822424 -0.0107285573785458 0.0238823333113138 0.262812685957224 0.236711956013155 0.179119019299433 0.255982600084891 0.396686675958238 0.313354624703396 0.0468256475159463 0.198983502443822 0.172081074949962 0.0589110983877599 0.226793500392712 0.0226790398151667 0.303823265500147 0.661841476376891 0.380676625111454 0.136637606805295 0.541202769777512 0.537356284321546 0.307156657798897 -0.0174977185796938 0.279943142884456 0.381307310880705 0.407963204345958 -0.131953331270046 0.223412823298887 -0.0804210583623989 0.505220025416745 0.196980187976043 0.0677364922858665 0.494871523348466 0.191781522074803 0.606484966167395 0.404283922973177 0.340171787649296 0.527301284906005 0.680003894540936 0.409653454904621 0.304126406930598 0.319287966068941 0.522730903414788
0.206649270058069 -0.203498592615075 0.186208472285122 -0.13457838870018 0.289611746453164 0.0725474983501403 0.2765415169041 -0.0879758231281224 0.635531506358804 0.132838279645969 0.329148118897945 0.174514656461429 0.495878957418403 0.191049355336629 1 0.427624916412703 -0.211643997084092 -0.12713083651084 0.188479164771835 -0.0183173748077649 0.137513302678916 0.0346763416266402 0.513078596367505 0.264427106226048 -0.0414320174070839 -0.185246878623447 0.213375843235286 -0.0693610656748997 0.0810857683062348 -0.0624245822885408 0.160848697818749 0.0283439805842759 0.0228387801057118 -0.0517137549477256 0.140715084089229 -0.133324968120386 0.235264004709199 -0.114576898639296 0.195058596818784 0.0976683025760905 0.168393653631753 0.10040496334044 -0.201359939316391 -0.225361528903759 -0.279373168696644 -0.261742934499764 -0.0876351479457512 -0.0997718508721219 -0.262328860338002 -0.199202986813133 -0.022517736372867 -0.0574109906377302 0.0981519176630357 0.0409469938553476 0.147118758915454 0.0361930296173945 -0.0523893653333428 -0.133764487907243 -0.102220123101567 -0.175062110650697 0.179818892978305 -0.136624087839927 -0.0145457403735287 -0.100983149076754 0.433785192612224 0.23583616012885 -0.0203050643145298 -0.282976592124122 -0.00463156652508289 -0.0506197073237702 0.205978143685567 0.292638441425553 0.203055035585034 0.00340395361558874 0.0337160839455061 0.0102950168264519 0.143022306076499 0.0169897217658143 0.0298556925095725 0.0711835136251493 -0.125116060179644 -0.0238024827190548 0.439562642063551 0.201899041660367 0.51292832557978 0.117357621272479 0.304116899232013 0.429537876593426 0.414111451150382 0.228374002603417
0.0712813391883967 -0.0801022246757182 0.0440006581144604 0.175086863207058 0.0622547839140102 0.351145487464066 0.0624088415721727 0.178226893132157 0.229117151983401 0.323984648501741 0.100356809269535 0.233045225213683 0.27726516818713 0.343283660908173 0.427624916412703 1 -0.0640046068882727 -0.0594653663336705 0.0614213143035333 -0.17636970619402 0.187728602527468 0.348722456384093 0.306932754904393 0.371950211741372 0.218693178074147 0.207500110549898 0.138364461295306 0.361729301948583 -0.0705308469594556 -0.0482775031543073 0.120385593293181 0.12562061776831 0.02316466212994 0.0332021736288706 0.178299264106599 -0.0096154002930302 0.0948019477073425 -0.135424424640535 0.231598044011582 -0.0295047768078939 -0.0484717566515794 0.111347058847514 -0.197169792717121 -0.18125066978859 -0.186172904683101 -0.257851850993032 -0.136806893558373 -0.211353584828102 -0.334892424593759 -0.21248857097889 -0.102144583434963 6.6890107388939e-05 -0.142626595183818 -0.0932783949469884 0.106995943904471 -0.0235323997795718 0.0267695043490224 -0.0366905568011905 -0.121972324860706 -0.221607729570587 0.171580750668682 0.0475117932488352 -0.0949131893500351 0.0714183054683727 0.44565377279963 0.418109256317403 0.155805020644215 0.0289082153822518 -0.0579389545247913 -0.0613779166860614 0.151421716323215 0.176721778578501 0.0649883492547527 -0.0184018880013561 -0.00945194420662051 0.263343119889874 0.149154057674014 0.231909478138429 -0.0226982255970328 0.051916769833226 0.0446406313488239 0.101023680055752 0.0558637373234454 -0.00375639463011261 0.392214404542381 0.312887868290651 0.0248958237799496 0.353860051980102 0.251823544332646 0.31818130080082
0.363487511426562 0.703478091380846 0.0589310200540019 0.194777042448209 0.0218680806297465 0.120045213739583 -0.195394597118768 0.138983826964804 -0.201591026506076 -0.107286684986229 0.115715099548169 0.240200343305238 -0.0691412958321572 0.178715202270137 -0.211643997084092 -0.0640046068882727 1 0.764854701289143 0.345133684603923 0.505241354673432 -1.37758822471632e-05 -0.097305369566989 0.0589798553081054 -0.0314699812634677 0.230005314596268 0.152106556961618 -0.0996379557836601 0.0554097777079815 0.512058468305913 0.470946580540825 0.103199595711314 0.0365388824373344 0.512278717638598 0.506783291036621 0.266913188848441 0.229342427365294 0.308513382124097 0.121273188563433 0.3985988090465 0.198537240517915 0.0295939974993145 0.181553883329933 0.467062097627129 0.524283160122536 0.569744256747436 0.531100745409786 0.539319161964339 0.495384630802207 0.291738492749568 0.119675344064854 0.184851097504406 0.0673680871947998 0.0141512058237682 0.208268975525828 0.43052735349543 0.067649879446191 0.646808089249526 0.505356244528339 0.198941698333762 0.0443379612300479 0.114568162738194 -0.255416506127808 0.433864132131877 0.355847725698513 0.164754433855333 -0.224570609233815 0.294641641941766 0.344804268103109 0.292640767423104 0.240996817788809 0.166794420388071 0.237526665086427 0.242510162353075 0.144607141134092 0.124818585684171 0.0823170688792331 0.224503340949434 0.128939600128331 0.425461770424319 0.356216781157076 0.436290538684282 0.505901583797157 0.126911563816335 0.220718348531602 0.242709777812206 0.2884808703256 -0.0108684136278201 -0.10080176933281 -0.116061798701261 0.131614324266017
0.393891581938331 0.792963897052387 -0.0545492712096003 0.161283774763078 0.0124579792008572 0.00386231206553391 -0.276880327199993 0.290355108216748 -0.227112838295135 0.0253790875761218 0.0280957306496826 0.476842867761362 -0.186084600215968 0.413241253895192 -0.12713083651084 -0.0594653663336705 0.764854701289143 1 0.482670522955481 0.564352995531579 -0.0925267531981459 -0.309114980567567 0.0848048511641679 0.0984534111077284 0.185359749139115 0.078834168977879 -0.0563266290999544 -0.0880426090937123 0.612997506355052 0.666729628975716 0.217098957000661 0.15034810223321 0.677253636605914 0.639113420244172 0.455948822227893 0.288244044732233 0.248712824847931 0.0402395801104557 0.465796690383205 0.41936151797328 0.132752350479793 0.0189075339751307 0.337205672501013 0.523176535490792 0.430429104756557 0.48032334422484 0.515210896529894 0.533353255847956 0.159452415713274 0.108672617145198 0.0819007951257177 0.0341638804738281 0.0402847286213241 0.247653794851324 0.515556196961821 0.168814289990393 0.609508714247162 0.519677230489973 0.111232311545878 -0.0191102831606312 0.0805165449423914 -0.213705891381272 0.343226511012165 0.431175276539546 0.223901468236224 -0.146406647561246 0.331668956700957 0.370357631282647 0.345646441182191 0.248107917813668 0.200348802044535 0.243272219825053 0.359871397785 -0.00436640732353851 0.203787248544026 -9.25675220599005e-05 0.428669643477549 0.128929601512313 0.318216675503722 0.61890904834585 0.452182637434491 0.689357771317295 0.219265914465472 0.330527043925853 0.329862725622433 0.430114226394945 0.236803281526597 0.0598345452396591 -0.056380138170996 0.291665414027028
0.6019216799281 0.536157883053575 0.284738222154404 0.345320778107999 0.195377463273032 0.0320679453843393 0.163973190713321 0.471924098463288 0.172628749468295 0.104888629873398 0.386579987009037 0.57486739333116 0.20726818424283 0.550994794472441 0.188479164771835 0.0614213143035333 0.345133684603923 0.482670522955481 1 0.643040282235048 0.0303661318885928 -0.240816041146918 0.269495692121521 0.299409142815052 0.0446841290860426 0.0748000920089596 -0.150394277838552 -0.212839165104059 0.450994370082867 0.50350479963221 0.30675244460138 0.256534568223381 0.593362313077008 0.55061870457763 0.363019312828775 0.189194871758655 0.17085014536275 0.0664116941729309 0.257781844111409 0.3561415262969 0.0924383619308619 -0.0529228707762111 0.281872880615325 0.356499308267197 0.231607632445676 0.315631595236464 0.371335589794319 0.394492532256737 0.0798310933281394 0.071152515096742 0.200096226254059 0.129042195200516 0.164572662864273 0.192846104784323 0.339966700963467 0.31653407697085 0.205803327826817 0.314763032361025 0.168416553090372 0.0872018613816037 0.267307258567171 0.054614659753207 0.36921600532084 0.426705777976042 0.25832106878889 0.109237065038901 0.373500597016501 0.378665938348482 0.374081123432232 0.142827071974036 0.431416473824289 0.531348303390361 0.459346358104752 0.0518533583478086 0.206418493410886 -0.150805125350196 0.520963956194884 0.159688692095937 0.113807711639547 0.508700505985072 0.14243050171712 0.48989868983179 0.295994822713862 0.249866281965531 0.498468134233978 0.40321350046585 0.348178483513846 0.148025392194638 0.28232155105874 0.404168971597539
0.487054273761965 0.616140783913188 0.231224642739255 0.22121494170833 0.11091969660125 -0.0167787909230907 0.0342360084776923 0.333680592532634 0.0406585123901833 -0.0415884152602604 0.253271190933554 0.559791353669981 0.0406453618279365 0.519144608515277 -0.0183173748077649 -0.17636970619402 0.505241354673432 0.564352995531579 0.643040282235048 1 -0.029644872695865 -0.274971422434416 0.191148556968803 0.282215987122146 0.0544502375282914 0.061414778832991 -0.108007111480421 -0.292745031655444 0.604152249405084 0.60495587645989 0.271674283327293 0.161710924137774 0.614833698308846 0.630268001332514 0.350469483719449 0.179532805024009 0.293820989204627 0.182637078554419 0.280405037013109 0.394967325176273 0.237767436375891 0.0700385457390944 0.463028648897613 0.558434396416115 0.404149353177125 0.477026603745162 0.52239288176144 0.526883644941017 0.310350021432988 0.191098528622629 0.335428151319757 0.174877736637607 0.282557045381878 0.274064575370973 0.414434461858253 0.411740862002597 0.291999482656326 0.393099881938428 0.358126948580837 0.20696001698281 0.162799743227937 -0.0928293456436193 0.40914182321444 0.466924773087109 0.0841828720151712 -0.118408333934803 0.35334291674177 0.404827320889942 0.43661493083318 0.238438433824708 0.2650800316162 0.465232424909346 0.370879646693394 0.065892267212322 0.185998201351298 -0.188609429207926 0.405305848713827 0.0780295243352301 0.195132013327251 0.457933346809564 0.21592263917915 0.544660820515469 0.280313853590361 0.315921578274889 0.296394463589278 0.388230570510194 0.295565978887834 0.109155346588589 0.106895070445398 0.310032200520542
0.0723243267510394 -0.0466467966080549 0.293047471950178 0.175948317790653 0.209447525106893 0.277444853147397 0.318973843204431 0.0202189958054363 0.232383885643383 0.0593900320092745 0.263068908744607 0.109986556443754 0.312427524352545 0.0473599868160365 0.137513302678916 0.187728602527468 -1.37758822471632e-05 -0.0925267531981459 0.0303661318885928 -0.029644872695865 1 0.349650852637797 0.309107992718931 0.0272371889551298 0.0516351004433983 0.0829707092914767 0.123109863418505 0.228762275351773 0.0150501511837766 -0.169166253218764 0.411660108198654 0.144011019447412 -0.016754739657454 -0.0599598779589185 0.0573199593133253 0.0217653229698744 0.0671974825699116 -0.0139220072708391 0.060408422916964 -0.122558486214691 0.0912955736431852 0.285347907515041 -0.139693154097907 -0.0798230148046694 -0.118019805152319 -0.169665321395961 -0.189585790630211 -0.121300426207608 -0.195151053754212 -0.154644733603665 -0.00467589953546504 0.0558622585851675 0.0793491472287182 0.0479459176212949 0.019945049161785 0.0109889828393981 0.0384336697811067 0.123185280682911 -0.0131827524047415 -0.0130274970965867 0.105567655939942 0.0811524253233111 0.0819579333662263 0.118864395007123 0.205671928170798 0.193822138987653 0.0115222863199317 0.00488886111139757 -0.1547592582812 -0.0861400522125325 0.115115809866553 0.128586801781535 -0.0681415061048336 0.260975306200854 0.0364988887812194 0.2799495127877 -0.0542773592185021 0.0489592310867679 0.255852865006483 -0.124209142067436 -0.191157776333973 0.0152393792814295 0.172032088352365 0.167482217291562 0.185517247301325 0.0987908266390668 -0.0451842133488708 0.0748720487586523 0.177922592819238 0.110874505264742
-0.149972779836151 -0.18629227647103 0.109403790840322 0.119646106541923 -0.079019649750481 0.405183638744367 0.15143925235488 -0.0816611300407256 0.0251605936742486 -0.00967433156813 0.0689372401448279 -0.181258726854763 0.229832684582728 -0.114649681610719 0.0346763416266402 0.348722456384093 -0.097305369566989 -0.309114980567567 -0.240816041146918 -0.274971422434416 0.349650852637797 1 0.149544421313509 -0.0172142464912939 0.135440422981704 0.174208249929613 0.206057622329509 0.507608550885167 -0.243926314459659 -0.325522014498397 0.0471369652386166 -0.0480569968275776 -0.215477004119551 -0.147927489341991 -0.0878452901350651 0.041760769358615 0.1231020588294 -0.0825211527174376 -0.0354483777773195 -0.376423365148863 -0.0780626418792083 0.259077465198183 -0.0952330697262272 -0.153900456232887 -0.0465127151870662 -0.171154830143706 -0.182643942177317 -0.24933386190881 -0.0578808303639239 -0.0594609266142241 0.0312174219081865 0.0769119341840579 -0.143748038676626 -0.145983490649575 -0.0728734986304807 -0.152108558110135 0.0320773628750899 0.0449238747867982 0.0961409365043912 0.0429608533834561 0.0817189574789143 0.0583203584448004 -0.0526290484218691 -0.0838504084947139 0.0968688865589119 0.179784194459622 0.0675764658244129 0.00286020743265372 -0.172260973160331 -0.107195705870629 -0.123864413078562 -0.130824674090686 -0.306172377939802 0.242489251055636 -0.127550047377999 0.376528852229833 -0.245216066058683 0.053360189129501 0.132870426206442 -0.339818107487391 -0.158067835766773 -0.119306805502832 -0.100866259422441 -0.0203335051389685 -0.019260463108178 0.0470289886462555 -0.282926347350513 0.0358972302424714 -0.0479069246211453 -0.0261296435885778
0.216480880266431 0.0991772591189302 0.571902701439235 0.272325270262587 0.263124576984846 0.275796492822818 0.269653556724519 -0.0451549305507902 0.394027106933394 -0.0189487804635151 0.34358337218024 0.308114815787781 0.482967718812879 0.281127728448534 0.513078596367505 0.306932754904393 0.0589798553081054 0.0848048511641679 0.269495692121521 0.191148556968803 0.309107992718931 0.149544421313509 1 0.535424224184798 0.113699905059375 0.0157934608757809 0.266265561349013 0.11025905271937 0.133667339070437 0.13366121842931 0.500225332285237 0.190969728727302 0.352230694282485 0.303986510686224 0.423339622947399 0.175319779706538 0.343558877438107 0.0725326196465283 0.320605186796283 0.0125569702324576 0.162391746091936 0.184370788083849 0.0417733078399578 0.0473445612147925 0.162655568539569 0.0656233297115302 0.119786147201378 0.208021259533752 -0.0884816880285607 -0.131528584910313 0.154962286716481 0.122116302206684 0.0455904442517058 0.229948135980122 0.261830297692179 0.093948779258376 0.194743436491716 0.139684704450801 0.0194177909991987 -0.186076181317661 0.111309116772391 -0.254676388337744 0.240239783843527 0.19448125320367 0.783709139735142 0.280649761569496 0.333793792008327 0.125433322722215 0.118487260786959 -0.100008156743883 0.172617866529783 0.322977731561567 0.127844473871409 0.162273198663342 -0.046301134117443 0.0560061223270488 0.204776889264147 0.0338574853010414 0.222526605698329 0.155252603824002 -0.0938542584577997 0.234497656366175 0.358471974699271 0.274924861243416 0.67271478925879 0.386353857169129 0.298813543160588 0.50691747769473 0.346701898369098 0.351188265495092
0.0274703701352908 0.168633115857238 0.403849123335624 0.29507518876837 0.254788909420973 -0.0517319296706809 -0.0553244622261598 0.167943668446245 0.121341579602644 0.0788888450301929 0.00487752366699874 0.403901928588573 0.0533459871768513 0.482839317786716 0.264427106226048 0.371950211741372 -0.0314699812634677 0.0984534111077284 0.299409142815052 0.282215987122146 0.0272371889551298 -0.0172142464912939 0.535424224184798 1 0.123674566359998 0.194186317450435 0.0665599615542102 -0.216020253504454 0.203100978294452 0.269966316827146 0.424318070047057 0.453892062017598 0.448970589642181 0.451783348276147 0.52820924224762 0.139384358073595 0.231206621737475 0.062225241072487 0.172595821287124 0.229882261638831 0.0982200539422063 -0.00668334871280263 0.0359228187774083 0.033708289967394 0.11768639967403 0.0446938924776475 0.0869342805092396 0.184665583571584 -0.0360870844366176 -0.0855031662579692 0.095191073284072 0.0953980703805623 0.077512804192584 0.120865368674321 0.168494345588137 0.288214652740174 -0.0399107545181208 -0.0216680120348571 -0.0963124524287074 -0.25393179805105 -0.153823108189586 -0.0777353991446654 -0.0051253355403387 0.272237779935072 0.469724378294748 0.368084559156015 0.390491149411515 0.312389382674131 0.284536263203015 -0.02682628519882 -0.00522999113142151 0.270515446223944 0.230761842824756 -0.122744947763474 0.00791697665552877 -0.186232615056898 0.284216751843023 0.0367574187670609 -0.0559669463320826 0.328622497785333 0.0464289194746509 0.323251896093272 0.267436123900416 0.113067365296089 0.389531873214242 0.456798414648465 0.439428463064735 0.53038073496313 0.172727391199864 0.443207574652606
