1 0.74839569839406 0.350185506637655 0.479941794944194 0.185578934128462 -0.0120351381276335 0.660496537348971 0.577548044466394 0.397431660999883 0.0410258167439209 0.77288247828972 0.549592177414557 0.417999309999795 0.432396689281958 0.135449704407121 -0.0649840471126416 0.643928272338697 0.612428820322304 0.77661011801819 0.643304787983213 0.116787887055606 -0.01432170776934 0.0192670855254428 0.0969697962856299 -0.0382205655116584 -0.0354913728454373 -0.0758034914312732 -0.128917236116506 0.577772414894909 0.557503522591384 0.245371052127518 0.178923444714253 0.585917592586576 0.435558389700272 0.0993380082782609 0.0947536621034309 0.0976247831326564 0.0552563005024786 0.232295127791016 0.115396763233044 0.15549239288245 0.02812576214174 0.457920022681069 0.425077326101387 0.43459462549662 0.356138932413177 0.568061639746181 0.474111736881801 0.481720369730217 0.537913852456884 0.575281802632104 0.462114051754032 0.440434284972998 0.291289482301905 0.482650734502357 0.552582019850777 0.766272192737985 0.619121216988942 0.800657309324846 0.739461740948092 0.729262167709593 0.601373553011825 0.633700832702349 0.56096932639128 0.116618523436791 0.297651506318955 0.245099158285667 0.317977833982074 0.654209360901972 0.468904467437433 0.0957529594922173 0.341161425144997 0.314560123914747 0.276247258449224 0.189509683411631 0.297870996049862 0.284546228997346 0.359773852701149 0.323964732074546 0.409106340550919 0.692048637962452 0.600505945973114 0.526839586010552 0.101839814334494 0.303693478804384 0.294995327843344 0.224475803400104 0.0498428160923594 0.222437255662356 0.57588160575508
0.74839569839406 1 0.148550087575217 0.334039317676787 0.130100647542589 -0.126837240158903 0.400657060717702 0.512242553803393 0.29245174020363 0.162424599483266 0.573896511842661 0.605510535246888 0.193360371030226 0.397370732611268 0.0302608981717684 -0.160328978461311 0.616889121924701 0.613719938138214 0.68116761691525 0.700689247527072 -0.0689177215038897 0.053451878174352 -0.111802206253534 0.065390587320822 -0.14101379591197 -0.0929388883826088 -0.104928914673497 -0.252977653494503 0.501026830472402 0.394400330673752 0.0911540589821832 0.0395916381718108 0.37832392998525 0.398792081430123 -0.0712234967125218 -0.047667844991438 0.110954803610224 0.10001785969012 0.122998054260722 0.185852024933141 0.198645581686806 -0.0508844759343743 0.343261715418115 0.405513092013035 0.430464757803677 0.449929645096048 0.546790279340116 0.499044985577399 0.490514017774865 0.584952462329741 0.37461518261466 0.395237852197285 0.468535861770172 0.328925329981015 0.3511245359682 0.480350310901822 0.81266498113067 0.762261381628094 0.498778366571022 0.593312166868688 0.510449643422452 0.603490156743189 0.460366335152853 0.391531630199328 -0.00849499738345846 0.216149915199029 0.010668179550617 0.031857949931973 0.726714659192887 0.654462465887833 0.0593431522068098 0.293978664324322 0.171001064159985 0.289545729835193 0.16973131642604 0.273782744349952 0.0831290307460929 0.198655241681089 0.386255560666212 0.284894871138328 0.65114049382291 0.62978506536942 0.404316672442288 0.140531793141881 0.138291031804447 0.118342383523563 0.0589516342076685 0.0226270831952022 -0.0232902826256614 0.469411638299414
0.350185506637655 0.148550087575217 1 0.534440301526148 0.447010121236133 0.119546795858926 0.792892760339835 0.100636328814046 0.35301682671662 -0.00136010739418466 0.31905530422493 -0.0433355079152162 0.678613009192455 0.228685126120934 0.673416198520551 0.549921857640892 0.345439708222613 0.224027660779313 0.444268960321815 0.0899854281847681 0.306017655982368 0.239517414071485 0.81272474519137 0.541131983199382 0.499368505534509 0.558215070310449 0.0937572207448653 0.269972381052198 0.276746303493679 0.14615783578692 0.568430374150945 0.46868193023916 0.555614322984565 0.380884649272971 0.534900272989717 0.325209107929489 0.342205706212428 0.201137515458741 0.375966285974745 0.0807712951375041 0.16251048076994 0.241008260005378 0.556420202930533 0.413920479364872 0.239951871844624 0.172265922970695 0.314938722660046 0.331634202451597 0.0916865053949425 0.161814477227329 0.378312565591946 0.319333882682113 0.267761384084304 0.236800132922759 0.252898407024678 0.271763009818793 0.346633841372778 0.276680141692296 0.244883304835409 0.183262244831979 0.201447751669255 -0.0735694632113568 0.330843367201472 0.197168430910997 0.788161604860764 0.553295456710911 0.691508992445593 0.511634348463674 0.135851151478928 0.125932364325814 0.473477278714348 0.386558386789477 0.198537694820634 0.140519984604112 0.144874611531296 0.124538300106014 0.464420686037816 0.314174152868452 0.31131154941479 0.322828831574421 0.393975667885325 0.432339944417224 0.441456173479388 0.324818919585503 0.800691130759435 0.736243751333699 0.447991815118225 0.546796985992299 0.45999150873846 0.587716385003366
0.479941794944194 0.334039317676787 0.534440301526148 1 0.278617055689285 0.163474415096575 0.707296966494412 0.657852370997605 0.288451962432362 0.148616217423024 0.393298062458338 0.325260831939756 0.3668924969276 0.473483621700371 0.239124433487494 0.290417803696105 0.471113721387677 0.347462047093941 0.352040797066716 0.434389901273219 0.189513595124196 -0.0480777721066308 0.332148512796529 0.567622571253859 0.0711825246167631 0.242127552778026 -0.103937206497738 -0.0347747855098143 0.422010003883229 0.479051200084774 0.503686132967189 0.604647439299299 0.66671322651898 0.615048810417785 0.406766003432134 0.187838287843042 0.133339329903869 0.189146130869396 0.285456025447087 0.0212996386193228 0.146611969726366 -0.0547752681469594 0.489265539894108 0.32209587508972 0.26917003466833 0.24715681970139 0.345210611096041 0.296591770764048 0.218387069527406 0.226139129202156 0.384073850713674 0.221991918736832 0.232155511872879 0.0853114821665426 0.371650864049245 0.281433624477619 0.458860198395831 0.33667778650707 0.453079532725518 0.492571968202645 0.445096819751316 0.393523323380055 0.376535245832068 0.387819707221564 0.450182478498843 0.7281734436754 0.510658810085191 0.544933720827043 0.335588004671112 0.144994456362215 0.248983596426515 0.316105916407488 0.331006918894975 0.23594535826516 0.180444607908204 0.201219620168797 0.309238053182509 0.251190375064808 0.353717817853833 0.429494392967899 0.487849949990062 0.481006859672483 0.302088068475931 0.208950471094471 0.398452176172344 0.564658477788494 0.279048889134221 0.304200329768499 0.16028336592137 0.632706796640955
0.185578934128462 0.130100647542589 0.447010121236133 0.278617055689285 1 0.0805382437744535 0.443680266869201 0.187859812101063 0.39309162235657 0.127487162556097 0.202392766676563 0.0831804403677838 0.373009459481912 0.240275669378955 0.418175666042321 0.337028015962146 0.171323591564694 0.0690871426848126 0.211930536367034 0.0165129688051434 -0.00937452426148892 0.146677834231591 0.415538843757413 0.419277124256122 0.165372106798264 0.241480477423299 0.0910700075934204 0.238383748002421 0.118321710127347 0.101050988549335 0.34878267968105 0.308713033067357 0.182317685750746 0.178798899272141 0.104678000008945 0.0907087194874541 0.0999031615464034 0.260113525474844 0.0294780973408281 0.120875886960707 0.0515023655845047 0.217086029655735 0.34778960651033 0.232368079050062 0.228666565871613 0.170661001944488 0.213456251854314 0.144816209914109 0.109503320051253 0.105493739492383 0.185703047896452 0.125719085495535 0.267731059207478 0.263568741465204 0.184112592978092 0.151937146301544 0.232741166383769 0.134266569879517 0.08964597593734 0.156218238454446 0.275818140935112 0.116442720689716 0.128907573447043 0.0263929060196522 0.410986395208341 0.361056013103759 0.253043003140318 0.116137408943808 0.0605263615856869 0.0390574418971788 0.228113124055531 0.156324691898553 0.114886615093062 0.0633643089710331 0.0152686321813791 0.206509206745979 0.162875063942433 0.0670793343190873 0.179302314863329 0.0511269937716637 0.182463044617402 0.252570129500139 0.171547900806138 0.116159623894134 0.350544655814228 0.300736375631713 0.0976738630544232 0.0895077483345466 0.218982493243308 0.395012338253948
-0.0120351381276335 -0.126837240158903 0.119546795858926 0.163474415096575 0.0805382437744535 1 0.0592483458004889 0.185519835199943 0.0780133616994783 0.350593471167677 0.0939707154693562 0.0872987782248869 0.130919295096354 0.27002483572143 0.21893314676278 0.382616561709155 0.0419058749180517 -0.00505747804676998 -0.0809843352950294 -0.0132301427428731 -0.0774361674291654 -0.124549085925098 0.166112021568264 0.273865404168218 0.0443591149872552 0.16780769895049 -0.111676004401136 0.246501174865317 -0.0259615891453162 0.138073259019703 0.12460490027467 0.246309747663824 0.0613975821059799 0.135158306922044 0.275225855393765 0.147958309602766 0.0280580271640685 0.0162882458700353 0.0964353055768684 0.10875191785905 -0.0840631153317448 0.0760655122689149 -0.0294438785035022 -0.0333872780811919 -0.087006750366581 -0.140641528701997 -0.0982699844530074 -0.0966057562408931 -0.130629358880683 -0.0881113583633652 -0.0897120339088475 0.0237600158623587 -0.0172107517630958 0.144206315497008 0.0909404174237301 0.0187396323602489 -0.0513094349672428 -0.144276635044659 -0.0494051471457352 0.0296479057766822 -0.000584233788798312 0.0718560244653267 -0.0237776522275028 -0.0226619170220952 0.153175713662613 0.150662188774505 0.179130699877469 0.198049599684164 -0.0955254537899643 -0.0559317972444959 0.0692817334036462 0.215348911548778 0.069185983444875 0.131054669443755 0.0616566694035018 -0.0225546664426332 -0.00215942756605574 0.151842091059333 0.0504105149265742 0.138518747479224 0.0208508671399606 0.112745372289646 -0.0687437532251104 0.0737452808408852 0.144556106793494 0.153301091983057 0.0867276187325494 0.0873655737110156 -0.00518956872488979 0.165262549043154
0.660496537348971 0.400657060717702 0.792892760339835 0.707296966494412 0.443680266869201 0.0592483458004889 1 0.523985397408091 0.544469450566483 0.0543620846497306 0.5820687594531 0.315027344756084 0.657659431978599 0.408995119032746 0.457162892493501 0.286683417841191 0.55092641692816 0.400206930383102 0.645039648042979 0.373380893267052 0.17814634200923 0.0943437602486246 0.492006167932284 0.404908741122379 0.202343143136638 0.229884380089498 -0.0515144496146398 0.0595955621780513 0.494656240442569 0.426137275838282 0.539040589541973 0.524395155286943 0.655562902353368 0.549422725859739 0.404473857674398 0.216523401056737 0.195139877573157 0.0959337853940665 0.342794182758628 0.0427375064589881 0.0881814764182603 0.12565699537666 0.572465423391709 0.435866114066817 0.319512479083857 0.236410049211944 0.473759177767007 0.379436326340986 0.282357038211349 0.32890958654375 0.53776084381713 0.397032232130334 0.361439294685615 0.274415321604879 0.384484067911146 0.422775842552074 0.549045867893655 0.377720653801071 0.572212339017507 0.531688527796196 0.616046807111019 0.35318675629378 0.590365814276285 0.448106975975048 0.609587961242132 0.629319099024605 0.538202120726607 0.50979449586819 0.356337222385737 0.227826465723295 0.320947779633816 0.348071107339402 0.293086180403968 0.210534628730009 0.162724214537082 0.239756361452697 0.461803638397972 0.280897640412954 0.430230006987895 0.382718928536876 0.575847872778357 0.571455155264475 0.487316358461113 0.231108141160431 0.562161023756249 0.577271085784166 0.303715084399506 0.296470384534845 0.323833978719947 0.681719123470279
0.577548044466394 0.512242553803393 0.100636328814046 0.657852370997605 0.187859812101063 0.185519835199943 0.523985397408091 1 0.446448050909598 0.448058769975379 0.498310650164034 0.60135443883228 0.196864379449152 0.628504826245154 -0.0461970704242638 -0.0416378255965691 0.498378737946519 0.409728754883527 0.376595528248694 0.530905554265181 -0.0278722454788436 -0.198662691857567 -0.156636003033073 0.295130469933976 -0.268375593483806 -0.180734940964146 -0.284487281082532 -0.194553231281613 0.440676565959562 0.573974219054582 0.210636337590501 0.402973770716869 0.428134227293117 0.521999233270092 0.0423709175014783 -0.0596645677684647 -0.125957925457239 -0.110755287010774 0.120108712897272 0.029269808398117 -0.00181735108575536 -0.0227360405047021 0.277915413658242 0.257105411254083 0.26008509884017 0.256192649527116 0.375979574979175 0.268063986699686 0.360724330589114 0.390274044871044 0.369327301151662 0.183396588888543 0.219721349439213 0.080662744923581 0.335476986079888 0.374395365965878 0.485935091044871 0.299884043412756 0.537579406339524 0.65037454110878 0.694240974124557 0.819495346285844 0.474555732083123 0.464101903272817 0.100876622062543 0.533618521436579 0.0443495860406462 0.222615522451719 0.415062611902039 0.234341925656191 0.0347773802920359 0.23929524251649 0.274172862802725 0.213084520905839 0.0876126931311033 0.198496237850925 0.103157897033002 0.172631694193594 0.390317512781044 0.230588055135943 0.485022954544033 0.491219748149712 0.21446196188034 0.00712408886875393 -0.0175898504593747 0.093348067910336 -0.0205574418630929 -0.109321744794937 -0.0551014208654588 0.49943942340218
0.397431660999883 0.29245174020363 0.35301682671662 0.288451962432362 0.39309162235657 0.0780133616994783 0.544469450566483 0.446448050909598 1 0.357597291401899 0.370420837163151 0.252460474545095 0.396657694846904 0.249848981517324 0.345074985832692 0.0922545987541776 0.350783728609953 0.218012529356332 0.349739082846172 0.19288058741802 0.0620719321543545 0.0421374119020691 0.242844975844659 0.268439082689846 0.0404561469442159 -0.0173238541949245 0.035196247190693 0.0150345915880643 0.260468959189726 0.234846087499073 0.302135509764869 0.270341124897411 0.343227255255827 0.319781036375355 0.170244393257656 0.0698837411313483 0.125566744708543 0.0946403782072259 0.240540877499739 0.00109505538499353 -0.0310432904360578 0.082087344660552 0.266471843683892 0.205196286025893 0.277319230907136 0.207189184679664 0.322449291398975 0.239134661781989 0.319619546180585 0.296660715939935 0.33451922438416 0.225163060864067 0.338266582302819 0.24613584975166 0.266511779930516 0.238246449477006 0.411028665814092 0.265017180234389 0.363308935566264 0.371127934921292 0.510437065350277 0.329572950582409 0.260729331360824 0.184553262028506 0.378268167538882 0.34078696944995 0.167408789940195 0.169530867730445 0.398543826370487 0.330099137791877 0.180698061484074 0.0579783983616381 0.136698877165556 0.144315071172417 0.0281671750390176 0.081673472957087 0.179580535071954 0.113654875484035 0.265214205438875 0.125119566994498 0.380588351043483 0.391498673752733 0.222440451404253 0.168119826338308 0.242578150969542 0.149635481243418 0.095875622749232 -0.116018068999071 0.17560307886983 0.390375702802789
0.0410258167439209 0.162424599483266 -0.00136010739418466 0.148616217423024 0.127487162556097 0.350593471167677 0.0543620846497306 0.448058769975379 0.357597291401899 1 0.0488018862719758 0.157848745982129 0.0531480874869516 0.37064023253885 0.142331306772298 0.130190162521508 0.0898864483065517 -0.0137510168492369 -0.0591351850104142 0.0213995877302967 -0.141429731735905 -0.127867807795653 0.0111161793787754 0.37243109255308 0.0150887878693493 0.0323218369731548 -0.151336713145409 0.0796062395067828 -0.0598062087000245 0.0704258847922504 -0.0578892717322767 0.143586943907764 -0.0345258124663598 0.0742318897386729 0.0554399219169071 -0.0131002742077362 0.00591243454993362 -0.044342122467556 -0.0205414867005119 0.0822126887505213 -0.109050431479314 0.0670876881161491 0.0414272557976392 -0.0411114463349363 0.00548512168957189 -0.0338782812597516 0.0553583827098467 -0.0191764027002753 0.0691058548922245 0.062453959275567 -0.0290171098925038 -0.091002648028726 -0.0620030393522306 -0.057208718218385 0.0321657815858338 0.096873484680946 0.132440219586876 0.0885591132071111 -0.0296196509979418 0.0877350344400699 0.123243950496916 0.423852980141471 -0.0894756996373572 -0.109180630710161 0.126268126105333 0.301482408078673 -0.105902581888504 -0.0596835026812493 0.151352294075653 0.101986904284746 0.107552990217923 0.178052023059308 -0.0105046605009722 -0.00579279776984672 -0.072815860113086 -0.0115946401332211 -0.168717838496294 0.0270236196971063 0.240098477305008 -0.0759075394576384 0.149905648072254 0.245885695197164 -0.0791070392905507 0.0647733389997744 0.0334215885163006 -0.0277317866862493 -0.0471666546668497 -0.0667451401548386 -0.084282089298146 0.238780101326374
0.77288247828972 0.573896511842661 0.31905530422493 0.393298062458338 0.202392766676563 0.0939707154693562 0.5820687594531 0.498310650164034 0.370420837163151 0.0488018862719758 1 0.654429144817601 0.580532769222913 0.484426421780555 0.277915733525539 0.0841518557984944 0.517806880126266 0.405044138251045 0.669671630179812 0.562279783259873 0.1656996447136 0.109274748953803 0.142136366012725 0.153303416320028 -0.0168765080288171 -0.002615527830555 -0.130097120410804 -0.0382922443254545 0.648404556608825 0.446024772284214 0.275172858560985 0.0992877799434016 0.470095172780081 0.326746824191744 0.113821851272921 0.0237876833601209 0.0979498579946444 -0.00213557570843644 0.23364323866288 0.128868826266782 0.0892225102155778 0.0789999666677577 0.331336247405312 0.365701750890422 0.238875030068797 0.189958143526519 0.385267110509692 0.30461848378084 0.28045860055605 0.333609323981199 0.41822158821197 0.31262351904436 0.285093162977351 0.268102406930374 0.391859325536391 0.372296290815112 0.520810219165031 0.33370847240374 0.586851742105589 0.536198065308488 0.687514973113258 0.45909255356446 0.629091582817167 0.513696132907744 0.128397040256935 0.222755749346891 0.194813215985625 0.212064321863907 0.41347602046204 0.283429952063002 0.0360092434766924 0.25014053166785 0.260405882890715 0.190572575762718 0.134911924092428 0.245191661785449 0.237741800147815 0.291786022299233 0.303739219657388 0.250309769730476 0.535396847053213 0.490176817874335 0.482975951114946 0.126286280903244 0.338489439132969 0.30342460491533 0.248205111951547 0.0843860180540809 0.255045591022136 0.486563473547154
0.549592177414557 0.605510535246888 -0.0433355079152162 0.325260831939756 0.0831804403677838 0.0872987782248869 0.315027344756084 0.60135443883228 0.252460474545095 0.157848745982129 0.654429144817601 1 0.169242594925205 0.647712035200959 0.0516354696805533 0.0213509766928328 0.446063304616961 0.47146357651047 0.512654084557223 0.668180099626478 -0.0440386732091346 -0.0494806349174476 -0.171591928924592 0.15062459199554 -0.249906676145615 -0.161619542491223 -0.193291759673384 -0.284824356525205 0.626464363050626 0.544014150740709 0.220686896214915 0.105734752428272 0.36721979062402 0.48988178013204 0.0877349619932326 -0.00713589821441108 -0.0523508206053434 0.0127944469674949 0.10186670132588 0.0616867826520664 0.128943539053494 0.0737326720811513 0.13709528674599 0.16882813277433 0.217797314191702 0.116279482483849 0.286397916318459 0.172135040956123 0.263911509286245 0.309051584258191 0.198467172034451 0.171676472610363 0.348976160868444 0.333457431847243 0.298609269138775 0.297360267516273 0.431847831188201 0.218689869188875 0.399692908653621 0.477742652693295 0.530077890376492 0.612051586119484 0.593432268152503 0.538759471567422 -0.194844482569299 0.0936633845983846 -0.0500145354920122 0.00929191820510536 0.369342191853395 0.199796574078705 -0.0391936913794047 0.218924671469168 0.242432401461206 0.347956748006729 0.0525670559657415 0.208290426734584 0.0679199991364714 0.14602746196839 0.287242450182949 0.158121165743522 0.483457301600799 0.443891490636914 0.26413902274658 0.137859894282392 -0.0182183861795217 0.0131338748534694 -0.0324945396484639 -0.118263469409292 -0.167020108450137 0.258045261374138
0.417999309999795 0.193360371030226 0.678613009192455 0.3668924969276 0.373009459481912 0.130919295096354 0.657659431978599 0.196864379449152 0.396657694846904 0.0531480874869516 0.580532769222913 0.169242594925205 1 0.413581866575286 0.717920806915364 0.505465562839481 0.376480114122865 0.141842417136242 0.346885481971934 0.114061142280094 0.200278696312994 0.178260953385641 0.683626142991434 0.452720834415331 0.417567219145179 0.474221205746596 0.0948366443079767 0.278861434533802 0.369254757687253 0.11338380278934 0.321667944858463 0.215442352026063 0.415684946757016 0.170581982707055 0.409692546591124 0.181735898780487 0.331700306508374 0.132176744267015 0.410562337036911 0.178239641668458 0.110720724775673 0.233763486825056 0.44523219997784 0.332370804006374 0.10793880054417 0.0651023590259692 0.224137764993122 0.189737992869901 -0.0144881829350634 0.0573062640829764 0.426109336350516 0.330843784872908 0.237751892568881 0.172106360264907 0.3626168911535 0.270791021756389 0.260634890742098 0.154824300518722 0.318471918871594 0.198189931843127 0.40352991786035 -0.00696570575679346 0.410836080324441 0.260644996118649 0.634537061535763 0.377263565030617 0.513941933692261 0.356490611356235 0.120111096240743 0.00190585396657687 0.370532105108284 0.302545950378878 0.262499620660091 0.156238359538705 0.19541571518092 0.255268498696657 0.3482979318766 0.256418282319799 0.274735848040697 0.242277487322399 0.288839407874074 0.314035175931379 0.421557018494144 0.176951820959009 0.69051199746537 0.557123954406171 0.442494126701699 0.34267084642694 0.661624143958091 0.526279260960804
0.432396689281958 0.397370732611268 0.228685126120934 0.473483621700371 0.240275669378955 0.27002483572143 0.408995119032746 0.628504826245154 0.249848981517324 0.37064023253885 0.484426421780555 0.647712035200959 0.413581866575286 1 0.334948994545497 0.35104579033225 0.377027121469726 0.289541793098556 0.351374140313496 0.483121894589863 0.0142787719662202 -0.127370702542139 0.185379529923436 0.538162216686344 0.0244724302233381 0.113224359175061 -0.152272949037554 -0.0597741902626992 0.519887073292383 0.516995661772132 0.2828249940437 0.342294945144865 0.419186460543636 0.443550466249582 0.311053603599319 0.0650495758706146 0.0425404479390206 -0.03650592736545 0.1526984603668 0.088677237515066 0.072789456289317 0.0911095730007828 0.201648591254066 0.153967861682633 0.136469927250759 0.0459577905313853 0.178263817712515 0.13364424808455 0.0765654024220731 0.188312924403973 0.189397272046758 0.142424952499831 0.251859794754326 0.215379561139565 0.312213108281962 0.315842388596846 0.359511098737932 0.195626279171583 0.300647599969618 0.389939918989997 0.451308083964554 0.552666126061516 0.472832647382439 0.390720368368993 0.168802697786541 0.311405438492388 0.201026762528472 0.190128138840305 0.261960273914398 0.0259059969966618 0.190398430056588 0.320964407763531 0.194777481960492 0.110575354294037 0.0507417744478191 0.22508099766549 0.0940005233193013 0.267240155774428 0.342219755153444 0.227129058220352 0.408430778412464 0.414692999355787 0.25877612491505 0.160090270347446 0.262305145627593 0.214570390915749 0.164912323285312 0.113487634313095 0.0661414111823845 0.385342532276111
0.135449704407121 0.0302608981717684 0.673416198520551 0.239124433487494 0.418175666042321 0.21893314676278 0.457162892493501 -0.0461970704242638 0.345074985832692 0.142331306772298 0.277915733525539 0.0516354696805533 0.717920806915364 0.334948994545497 1 0.728568562476835 0.198960923668011 0.0648858682427527 0.211390719143722 -0.0828994037730217 0.289195709091894 0.171406441308566 0.804492947499256 0.603489267273896 0.548688694134859 0.593998509003942 0.247967224166926 0.316764867911825 0.21602417943864 0.0684840313732532 0.474630365189464 0.294886169207589 0.325999284991917 0.190519074875559 0.565398361662816 0.36251858293581 0.497485460841653 0.300767797304568 0.381202527576846 0.30828711342157 0.173687709981343 0.328431479868566 0.357628222057641 0.198713316020703 0.0479681871312317 -0.048423622414705 0.0265796154675834 0.0425943296848022 -0.17722576206217 -0.0973369833042601 0.163633871890126 0.182610171043954 0.171648492358672 0.22237556929718 0.282984980437402 0.113884955337377 0.161852760706956 0.0886540393408368 0.0224841040556413 -0.0375274262453156 0.077030679243891 -0.199470644946146 0.166815360947995 0.0560981468212784 0.581035259698975 0.253195357123882 0.559802817407455 0.362594097276567 0.0106970722279199 -0.0360122355642848 0.523225236149504 0.393227839060139 0.170462795713394 0.0810596780601599 0.00251662776650891 0.147653103272742 0.254854507914169 0.162783872502089 0.242369376928687 0.214625014263503 0.262098749093966 0.253444799733686 0.28846137809736 0.398766244071768 0.748147243364437 0.5787091548556 0.422855904851126 0.264909615795252 0.503356807026359 0.392036492114307
-0.0649840471126416 -0.160328978461311 0.549921857640892 0.290417803696105 0.337028015962146 0.382616561709155 0.286683417841191 -0.0416378255965691 0.0922545987541776 0.130190162521508 0.0841518557984944 0.0213509766928328 0.505465562839481 0.35104579033225 0.728568562476835 1 0.170624977061699 0.0413992998569287 -0.0485822415188202 -0.200105212158403 0.292957805194229 0.144392903961269 0.712743980721939 0.681438970139109 0.578146079292145 0.669477091335534 0.145697270096782 0.35502247423853 0.13903778860283 0.128946045156175 0.510735428047354 0.4666972799586 0.30943451484501 0.303704176056687 0.678151166822699 0.408680238684229 0.427859316980499 0.326927882480837 0.335855597859484 0.244804397501857 0.187137244892542 0.351702010907692 0.336813174108969 0.168604383412458 0.0626302568388503 -0.0330927395129023 -0.0130149838184375 0.0110270821576874 -0.197276491094722 -0.124401497817197 0.0935155717541249 0.144540888505494 0.0933075028357824 0.179097980843172 0.172071576685516 0.0669085026140082 0.00603562888826901 -0.0314065229025971 -0.0633257724815106 -0.0816976724444743 -0.107822434590951 -0.251124850510314 0.144685121176886 0.112236802225268 0.508505397635153 0.314141781699299 0.639682295760066 0.450873651172464 -0.189553376623694 -0.254667458181588 0.457222964013129 0.352988898966085 0.183889331961192 0.0877998150110464 0.0406363752948511 0.0715449341896813 0.210062812487174 0.174409278553217 0.260239395748519 0.177975055002517 0.204113305768336 0.230497036403868 0.202269407800205 0.419626783120895 0.695936365458132 0.650413939715183 0.360657161057736 0.407472541618269 0.416782074183558 0.339704445911241
0.643928272338697 0.616889121924701 0.345439708222613 0.471113721387677 0.171323591564694 0.0419058749180517 0.55092641692816 0.498378737946519 0.350783728609953 0.0898864483065517 0.517806880126266 0.446063304616961 0.376480114122865 0.377027121469726 0.198960923668011 0.170624977061699 1 0.754241794726518 0.497591150990817 0.460286117862208 0.0885848001346716 -0.111208434224396 0.0798255108025507 0.226574286342222 0.0174501263993682 0.0864089522697582 -0.054428390805707 -0.0858749626363682 0.625326411414322 0.543742039056314 0.306597160428675 0.263995398221924 0.58568465347419 0.545204425152397 0.232597374502547 0.215202679983681 0.259208029919963 0.242982722678961 0.35697327184707 0.188611964437375 0.298448692990221 0.00435781759723707 0.566931847110088 0.469141326906451 0.50531782661283 0.407842353755816 0.614924795872759 0.497923446277728 0.480669903854041 0.552238553202427 0.53026903596274 0.480602567750224 0.429287658549063 0.342704298558425 0.522816728115842 0.551675741081911 0.763136969547933 0.630469046971223 0.591125198974571 0.549711394301869 0.403919365419437 0.392846564016954 0.670214069820002 0.624836814900774 0.129536820557829 0.315443808500227 0.316441970799613 0.369633212557582 0.506552648901467 0.385158584920026 0.127504422986864 0.355568796739123 0.331704801131366 0.345396524797469 0.176538800417255 0.195349915747506 0.268883973328117 0.213022927208849 0.612909462002729 0.396554155031987 0.758845743313982 0.659541292931463 0.552721043104692 0.221095137196142 0.397359632738468 0.40042381162411 0.234269649983111 0.148445509881653 0.151407954962517 0.506730537428277
0.612428820322304 0.613719938138214 0.224027660779313 0.347462047093941 0.0690871426848126 -0.00505747804676998 0.400206930383102 0.409728754883527 0.218012529356332 -0.0137510168492369 0.405044138251045 0.47146357651047 0.141842417136242 0.289541793098556 0.0648858682427527 0.0413992998569287 0.754241794726518 1 0.511840114537424 0.481079747297645 0.059385794543555 -0.0691107808846642 -0.0464692186806373 0.0928138847710941 -0.13782314742754 0.00842966532264054 -0.0426486164208421 -0.0971841221901825 0.545091143933629 0.656939560785861 0.287831313826121 0.217742932156639 0.561840380712709 0.538124612440726 0.12410793495055 0.199492061905299 0.115096149569998 0.199789269104316 0.200114467849713 0.0652430024840308 0.272963862645622 0.0487543647578672 0.467306305147953 0.483039192088006 0.582501386034066 0.504300987847996 0.599714617107994 0.537295742690103 0.561871106393177 0.632614309098051 0.485119793317516 0.474240079608956 0.458601662256351 0.371310581662805 0.467544682053493 0.565213353514903 0.729273625774925 0.622986748053099 0.573624518057216 0.601810588111517 0.376634949011718 0.39203453103059 0.641284002037561 0.672105062322482 -0.0282944865324269 0.172269955062196 0.214277001073403 0.288687814943719 0.50472063475989 0.422628030229645 0.0222483877465815 0.315198903101728 0.327719090684387 0.366837012679379 0.139784246774502 0.16212598799812 0.233635914487484 0.235711932611061 0.502198822569843 0.417561438424267 0.728759454128714 0.713413974993057 0.514798102483729 0.257406929562582 0.260018211684533 0.296298159677106 0.150519613623744 0.102388888681305 0.0517739044124607 0.4058873293716
0.77661011801819 0.68116761691525 0.444268960321815 0.352040797066716 0.211930536367034 -0.0809843352950294 0.645039648042979 0.376595528248694 0.349739082846172 -0.0591351850104142 0.669671630179812 0.512654084557223 0.346885481971934 0.351374140313496 0.211390719143722 -0.0485822415188202 0.497591150990817 0.511840114537424 1 0.660969260484796 0.0983713566235773 0.138945836737472 0.142444116479808 0.11351312920467 0.0214161820061798 0.0168314195376032 -0.122698657595559 -0.19650409443723 0.564467810590135 0.455957661032646 0.345389472487453 0.179289748772678 0.475564275708015 0.409145041401874 0.102377511706534 0.0717929302087276 0.0780991988189388 0.0256014982418197 0.124285793189764 0.0406196654543158 0.0124476179166277 0.0785481309413634 0.402975130917285 0.461145079535259 0.391747782260251 0.382742445157727 0.496370854016824 0.496111018421354 0.387964656716769 0.526752915683618 0.362291881808211 0.367822122997617 0.404304256480219 0.369957454104704 0.303207609427709 0.422897407964814 0.681835343852773 0.542787141952689 0.471186879311022 0.48605133002665 0.593294346217364 0.482475777279226 0.575593974276829 0.411219817980484 0.207406446665229 0.250554278254837 0.151397145283997 0.13377214042414 0.578890936289325 0.542914769804138 0.138077320706656 0.300184082535584 0.127385766438875 0.175387258852071 0.110505258331034 0.223436575640228 0.286197631075073 0.317322599830696 0.243244903588033 0.299127046675031 0.565365674376558 0.557688901244859 0.535786976452969 0.157562246165753 0.292040002158331 0.265747720827023 0.177006511049211 0.137082348592096 0.0953257891809862 0.421754578836869
0.643304787983213 0.700689247527072 0.0899854281847681 0.434389901273219 0.0165129688051434 -0.0132301427428731 0.373380893267052 0.530905554265181 0.19288058741802 0.0213995877302967 0.562279783259873 0.668180099626478 0.114061142280094 0.483121894589863 -0.0828994037730217 -0.200105212158403 0.460286117862208 0.481079747297645 0.660969260484796 1 -0.0430271523913672 -0.0781939357096464 -0.152652940252018 0.0813464097399746 -0.282882611521432 -0.169190322842472 -0.142711251347731 -0.321682296243201 0.539657136494747 0.447800476833047 0.153650976361789 0.0621262328943601 0.382210828090166 0.396304559796936 -0.0390161292509065 -0.0600067629766244 -0.106947086955442 -0.0232079370098465 0.0885995278382721 -0.0809323489340951 0.0571152260739275 -0.16615864660379 0.140457110343411 0.191851452036349 0.245029661027346 0.222270518825663 0.30452350390189 0.284143297306267 0.32149847804262 0.364345273423635 0.162543050806795 0.188802421821135 0.267868948658655 0.210635171617496 0.319077948022156 0.322280725332616 0.58576551463246 0.471024427074313 0.447282261229032 0.485112871935288 0.469185612929515 0.581262735156686 0.462070632402869 0.402497826701254 -0.113789748621844 0.12170137936484 -0.0665964940572107 0.0102777267976654 0.601790750353618 0.412295966889433 -0.0367255141465604 0.175299153368098 0.241146827062953 0.263719976122297 0.174905015173866 0.221045999476037 0.197365516176217 0.262333562990154 0.295003367350343 0.295034649560007 0.452301844943893 0.430165521936927 0.338046960195431 0.0729774170960482 -0.02858639325383 0.0461012452527716 0.167147534884502 0.0344669541743962 -0.121224277579601 0.338256404408006
0.116787887055606 -0.0689177215038897 0.306017655982368 0.189513595124196 -0.00937452426148892 -0.0774361674291654 0.17814634200923 -0.0278722454788436 0.0620719321543545 -0.141429731735905 0.1656996447136 -0.0440386732091346 0.200278696312994 0.0142787719662202 0.289195709091894 0.292957805194229 0.0885848001346716 0.059385794543555 0.0983713566235773 -0.0430271523913672 1 0.229334525447822 0.263063775793176 0.266512273697472 0.317801769385525 0.287332283106351 0.117053870826746 -0.0497406750373893 0.283478933800978 0.102583627585726 0.424142359775646 0.167276280139735 0.236093681907308 0.185908013558557 0.227232027452563 0.143749830407477 0.343142652689837 0.136962763381633 0.358019891466852 0.135055385216462 0.0544338188772612 0.1875245476342 0.22962974937329 0.115866710477336 0.0379705917774657 -0.00875080328530581 0.0458053335062747 0.0139494445552677 -0.0837521507483319 -0.0335996589667501 0.184763967643878 0.166884183408574 -0.0217986598757677 0.0357353082193956 0.0545965163882941 0.0614084937552758 0.00316542110810088 0.0280294287830652 0.139241912946849 0.0783705816557692 0.0587511774888182 -0.132048672120233 0.0987957083967374 0.0795086831051269 0.253046598555691 0.169318139485815 0.384091121584248 0.336928664204984 -0.045756586779378 0.0171983754426506 0.281041369578477 0.0779904810331491 0.120688413084074 -0.0746704283068899 -0.0591265432339043 0.0105338949279411 0.133292803774267 0.24690063123038 -0.0277443677999043 0.113140903528834 0.187367854766845 0.157803057408191 0.171243516714338 0.0956689993456772 0.335691400307287 0.39338658487885 0.244333094986723 0.273180991047267 0.334719306406742 0.18154121506006
-0.01432170776934 0.053451878174352 0.239517414071485 -0.0480777721066308 0.146677834231591 -0.124549085925098 0.0943437602486246 -0.198662691857567 0.0421374119020691 -0.127867807795653 0.109274748953803 -0.0494806349174476 0.178260953385641 -0.127370702542139 0.171406441308566 0.144392903961269 -0.111208434224396 -0.0691107808846642 0.138945836737472 -0.0781939357096464 0.229334525447822 1 0.251165907290791 0.0301050733978338 0.239838892525848 0.210957552445566 -0.107955506803611 0.0856245638736951 -0.00493165825213047 -0.16776114591553 0.18204046316319 0.00110547723246368 -0.0379579259987817 -0.00546741868474741 0.0447481822435119 -0.00644305615637476 0.133256446260233 0.120883442171559 0.0860536312663282 -0.00765300848981553 0.00991229700118929 0.234502082540265 0.159974078544107 0.230819688316208 0.0858754727899638 0.178606583842294 0.103963973465853 0.0999799030732549 0.0715765136805572 0.0759944920184507 0.12875591811757 0.169204709371712 0.136143593372927 0.148306995498485 -0.0271115006187161 -0.0441721446143493 -0.020738150343078 0.0037635735850999 -0.100817005373378 -0.104446050929323 -0.014669264162544 -0.262831870048382 0.00855206142048895 -0.0445695504791483 0.201326038664839 0.050390826864297 0.152713823376603 -0.0376976301568654 -0.0455976401985249 0.067706097995325 0.18314660747289 0.0529588288142196 -0.0868282393261059 0.0190467795491493 0.0265325408770318 0.155891197174136 0.189845660834439 0.0244878261639994 -0.069813889847668 -0.154966083452839 0.0188369047734238 0.138893169060148 0.0415665615948835 0.115641934261356 0.203049685737958 0.215949919766893 0.0470167613708889 0.245423437944494 0.146295887976508 0.00783587102776684
0.0192670855254428 -0.111802206253534 0.81272474519137 0.332148512796529 0.415538843757413 0.166112021568264 0.492006167932284 -0.156636003033073 0.242844975844659 0.0111161793787754 0.142136366012725 -0.171591928924592 0.683626142991434 0.185379529923436 0.804492947499256 0.712743980721939 0.0798255108025507 -0.0464692186806373 0.142444116479808 -0.152652940252018 0.263063775793176 0.251165907290791 1 0.666550674344943 0.63799069879287 0.667961633237239 0.24227632526674 0.425492547304654 0.092571240862054 -0.0501873463638053 0.509884836672786 0.398787342545064 0.341409842069585 0.199440673149729 0.602414376842536 0.286235136775298 0.416586798277911 0.280164293453044 0.314890749926934 0.12558566752208 0.131380962348801 0.292866031775442 0.386229410459692 0.232102721290809 0.0565769072088038 -0.011165569644451 0.050731059802891 0.108527314382484 -0.158576249246066 -0.102090291138118 0.159014479217519 0.166703216037857 0.140841269553075 0.16930595039277 0.151089582449534 0.058932702364067 0.0448863177907589 0.0440014383401066 -0.0659197568996252 -0.13448382303964 -0.0519350853957899 -0.335373000157945 0.07736353570261 -0.022643343793308 0.750713437243471 0.374905348611316 0.654827988991802 0.38613838446046 -0.0879334471972953 -0.1092719342187 0.516856900880624 0.303918896835403 0.106025237317253 0.0618303167406333 0.0713166873335598 0.0559272174410322 0.335508529290274 0.228689460393592 0.130546756979074 0.227224599812004 0.119571626673921 0.160843412385594 0.290269977327105 0.346906855728494 0.80095064776792 0.671864862927255 0.463374417002235 0.497478458629264 0.510806906394536 0.380095503133698
0.0969697962856299 0.065390587320822 0.541131983199382 0.567622571253859 0.419277124256122 0.273865404168218 0.404908741122379 0.295130469933976 0.268439082689846 0.37243109255308 0.153303416320028 0.15062459199554 0.452720834415331 0.538162216686344 0.603489267273896 0.681438970139109 0.226574286342222 0.0928138847710941 0.11351312920467 0.0813464097399746 0.266512273697472 0.0301050733978338 0.666550674344943 1 0.387849334739401 0.538558344423222 0.0568424732644787 0.223815017381631 0.193708748431642 0.229380471620029 0.515422180851744 0.584136189446356 0.403993552315352 0.402098690566947 0.527814015460872 0.222020510212859 0.259395998043248 0.217577157639925 0.158238193953003 0.0923674790769222 0.051725290614421 0.24052453583391 0.369462094552047 0.215803557550004 0.167085349723709 0.0953834718606104 0.107876600534699 0.114382142282778 -0.0379363735294712 -0.0125161856032521 0.0743972886296428 0.010623847932612 0.116535083296398 0.0876242504826529 0.161249538431356 0.0515926465750842 0.189069906423576 0.140900275833509 -0.0277709142049529 0.00062388930330424 0.0918789942252425 0.131705584284618 0.107942725532154 0.0548633871818993 0.600008938169422 0.588292652877391 0.506742284492263 0.403001815832214 0.0685090705369276 -0.0852195294206702 0.445488088830006 0.342890559710128 0.129964313219852 0.0413708628013129 0.0151860610805683 0.105477042071794 0.153158228430659 0.167515017566522 0.272988431491852 0.231413204228326 0.257488929509599 0.321958446904067 0.241396419777311 0.34853066401973 0.577172775675049 0.548162132650972 0.341308946177009 0.374909670881016 0.2495194664104 0.420860913474334
