1 0.873505954274136 0.467319827028718 0.558929054680815 0.0976968526773449 0.0567875496999061 0.658043162123511 0.637509475090052 0.374027471261548 0.300500195404492 0.782661980791768 0.765686186534984 0.660236149600391 0.560142693133255 0.228279985601914 0.10876774663864 0.73340659460154 0.69510466933543 0.719041817248531 0.792629091861821 0.0307669899254692 0.155240832722045 0.173968845807849 0.174463320706894 0.292709006346252 0.277399444851466 -0.121917175154182 -0.106069118243949 0.642052032738665 0.566985212405585 0.416751507923827 0.511309246100594 0.598892185639472 0.695924127344714 0.23876280691878 0.481410777225399 0.175481767416752 0.116338696933628 0.0782791435464373 0.124055778835322 0.212424667045124 0.20398262979871 0.606609520026551 0.549728970287676 0.484621231784971 0.405702303082145 0.520929975559069 0.611098617909071 0.29986622376426 0.341251301060986 0.519626652524677 0.437957447493947 0.423098771402418 0.416309286728403 0.522350952267584 0.607738934311557 0.805596201906136 0.823808046413092 0.745880019754084 0.692044208137114 0.602866646754682 0.378525486751963 0.681925004256014 0.569537386266037 0.168895710925448 0.25533874849296 0.571567730554198 0.473897370203795 0.580464390264262 0.612602746266645 0.625617377981504 0.570177357826116 0.539698562183869 0.562790180340248 0.240649674090836 0.20063758799353 0.357792923419517 0.241068121427596 0.591472243751655 0.508815928485516 0.679067971171522 0.528512808395449 0.202353935953741 0.121254864154452 0.445436381941641 0.375293085850297 -0.172811041173451 -0.182320446048372 0.27436542995339 0.515734511806578
0.873505954274136 1 0.378994954989979 0.482627381465595 0.0518058497131931 0.0658221061043767 0.549945626717496 0.525424703861871 0.329710965313835 0.245622516551032 0.652882015329668 0.65165200760267 0.537007811550828 0.443632518625114 0.120056042508508 0.0792067104225465 0.75794914873543 0.801399268752285 0.675301012058538 0.742534990540377 0.122560215953896 0.117930542700842 0.148718605285147 0.113875979122247 0.306776098155396 0.396234515683699 -0.0454518428812687 -0.0269738919879293 0.625894943375223 0.581495983175517 0.45489216461937 0.540233533112319 0.607326859193491 0.688883550592769 0.212456637036079 0.503620024438466 0.257271581668517 0.243559599505763 0.182213273247374 0.139409982222265 0.309178797398487 0.250409357450138 0.661929073965686 0.665817110970758 0.601673360208691 0.560727862369103 0.614123233485443 0.722300312362764 0.463234226182382 0.508625140823556 0.582220882800164 0.574380904204825 0.435441516416133 0.491470725933235 0.56890486266744 0.670235267119888 0.781635184982047 0.841329350328663 0.688939003149671 0.675088270622927 0.47353525005549 0.269671971069665 0.630510862598407 0.471031677449055 0.177097193556867 0.190339009652419 0.535674201891362 0.467308818878481 0.62912191355647 0.717868487700291 0.629239281779053 0.615040143335756 0.582469663848804 0.638349439936306 0.309071031997521 0.210897784563445 0.413444568019079 0.248688734927188 0.598303365886765 0.549222449912288 0.700498657634675 0.642174048065751 0.212537153548626 0.185778224939399 0.432229586150426 0.409868587895535 -0.0975731784092297 -0.140241788867292 0.287402623604391 0.54669787143671
0.467319827028718 0.378994954989979 1 0.681288811054169 0.443713361377167 0.0698237581971838 0.801676185698991 0.550975162419997 0.591394004539127 0.192382865641629 0.403107047024607 0.349446400441444 0.516237961248747 0.297526252363317 0.493634387120141 0.146056139710975 0.286122542749345 0.269114048394411 0.623589314596366 0.399796500311695 0.00777264248960736 -0.0114010744485278 0.738868839563698 0.44907912377992 0.405573871629339 0.347647134212483 -0.0963295564057155 -0.0849418529657235 0.303601223682226 0.171684430351038 0.41906489700856 0.30425443337574 0.571471438935348 0.486485263050764 0.447944396257756 0.413339678495204 0.166826088927472 0.0607228328696236 0.185824998389468 0.0296253973758338 -0.125724495084132 0.0656773789647678 0.352274661592214 0.269232099477081 0.302401115298325 0.146101990413855 0.21792756978935 0.350371041778443 0.0777293708894771 0.12472880047173 0.301408837119619 0.296946905734243 0.203339902166947 0.215442926708841 0.262475819242951 0.300635382662982 0.357944527474847 0.369426899163877 0.510397368665317 0.409849096200943 0.555488463731785 0.426576307994847 0.472833938211542 0.417658679493396 0.686336246201895 0.474783983427896 0.677756932857789 0.4117225103873 0.371989410267039 0.282552767532897 0.506703912540624 0.396847416200345 0.289006259408415 0.290291251026939 0.181400827964321 0.0524072987426434 0.25247721512447 0.127133001508099 0.317217068309541 0.275787916059422 0.397715776392306 0.434290452826234 0.100614960138269 0.0704438114381916 0.52923712229297 0.384214863310621 0.00523502046174794 0.0562284214205706 0.494354014496543 0.487538752704403
0.558929054680815 0.482627381465595 0.681288811054169 1 0.349674237822716 0.277788457421701 0.758984067077089 0.87002305978089 0.551673918502665 0.534742018508086 0.511170533466327 0.588638997249515 0.508962849529607 0.50596233703583 0.31294237639624 0.321789466983213 0.318542052722744 0.367629361063721 0.535711615556659 0.526483997179695 -0.00986441893289654 0.00152213054758334 0.388840194463984 0.445949873827303 0.294734366333455 0.38323885172917 -0.0595494729342432 -0.0890900852488949 0.344738668500984 0.295548911397571 0.380854995548156 0.343393269169925 0.492713176042343 0.545157667986936 0.299210049513054 0.448052030187489 0.0940680671131882 -0.0121427824304463 0.137626376110205 0.0441267802344618 -0.0589262333040643 0.109901225032531 0.392991913447973 0.292571884299817 0.277731829785372 0.130213177453243 0.281544230831006 0.347018181191516 0.0772016622848183 0.0747668679981179 0.292375520549562 0.241083958009365 0.240610279415378 0.203569872637609 0.318053668935885 0.366081299574607 0.432339798888982 0.483955619700043 0.640349782767256 0.671120021582785 0.700310009832015 0.771672239441569 0.431510656955535 0.534348760918856 0.479843482560733 0.736185755336289 0.599310636008586 0.480690964699779 0.386578789036934 0.341797298434905 0.504213829962246 0.45311936019514 0.378199789322178 0.38866096529247 0.222600255222265 0.148380738257721 0.314000580256546 0.285664072703165 0.422380456549981 0.287851506626263 0.380745682130632 0.391373505573618 0.0577150741683339 0.107030218930758 0.411739513483358 0.598479813620653 -0.0843912382007132 0.0201634176718685 0.344611500394503 0.70540116146196
0.0976968526773449 0.0518058497131931 0.443713361377167 0.349674237822716 1 0.336522481145637 0.407118095090016 0.383953879382926 0.610709997676911 0.453163361711905 0.229329375867808 0.204398655105385 0.323944363374277 0.223038203270141 0.49652062641258 0.282592770932956 0.0843086778134461 0.065110014276002 0.217229885080744 0.100766520827241 0.00732178484948093 -0.107541232250293 0.359162947526803 0.361219121235563 0.101326364029941 0.119004090014011 0.0646246021109717 -0.0599808453571624 0.151116979937978 0.0730619066471186 0.235095726523285 0.110263673813229 0.253675229959628 0.175279198944823 0.31759570318456 0.224183046646838 0.0121960569259758 -0.197689951251492 0.036623856383173 -0.0914539608405717 -0.0845393608649388 -0.140757158159508 0.0647721160630604 -0.0329210969039687 0.120279923607602 -0.0492671791013933 0.00390522365672999 -0.0158452551013806 -0.0700910413867908 -0.114239481583351 -0.0814423668124635 -0.149464073572179 -0.135112068171894 -0.13659498538319 -0.0402393422637594 -0.115309892220467 0.0455031973965353 0.0520519195449478 0.284049633607706 0.2390110537403 0.419728171659368 0.406459732999761 0.254212794538933 0.353812809012094 0.332737219965668 0.415109476805115 0.366253192575587 0.237148009236655 0.104326330286545 -0.0308157479374788 0.151129448552877 0.133207167905161 0.00535384740897387 0.0205526041113496 0.0219977622548452 0.028200181763176 0.0558437567072178 0.177883973475722 0.0115567667917947 0.0603796557385932 0.00541341739870768 0.034169235847957 -0.185187401117708 -0.110865949942488 0.212042261118022 0.154981563147199 -0.0572291810107939 0.145541527478916 0.317817052635425 0.269446117610256
0.0567875496999061 0.0658221061043767 0.0698237581971838 0.277788457421701 0.336522481145637 1 0.119499886536407 0.26193179638656 0.18225333370547 0.391597940337498 0.130609172684414 0.158976534469613 0.155004856463534 0.270099567658308 0.203397308135471 0.471774082577413 0.10740319797794 0.0771761835045297 0.0873496916427752 0.0493193912564058 -0.0793921837387871 0.0257454631871755 0.0470341014802448 0.285317341551112 -0.0365989489015823 0.159277581612428 0.22436273431504 0.307662967584576 0.168611175767147 0.151107176566133 0.0274955528284557 -0.00395358310738597 0.0677521842332174 0.037558672297497 0.0714414411339701 0.036900901032158 -0.0175134498600243 -0.177063299277149 0.0698946563717709 0.00251133845646413 0.0873198491659095 0.0368278955187923 0.0284513675586573 -0.0648903913798755 -0.0389602105505854 -0.115449859910646 -0.00406747595120478 -0.0880263633323781 -0.0720872582702119 -0.0966155967785139 -0.0130865110945039 -0.137062662591447 -0.010451209306603 -0.0455442797455214 0.0275070793010039 0.00451558152820922 0.0776651624835105 0.0955856855695893 0.150655222112404 0.14209639705372 0.240042108691575 0.326598036316451 0.152449139531215 0.187038381794615 0.0570983587147519 0.32360946593214 0.0762729665378134 0.0392959056034779 -0.00417938980689362 -0.0145161717099497 0.0145709279058975 0.100681580181412 -0.0384602404219505 0.0902968839061982 0.0532102462098556 -0.041715119166736 -0.067030290980283 0.122593223771035 0.101357520284045 -0.0517739864988387 0.0391282121264492 0.0945833012901755 -0.113443328801525 0.051728019624726 0.126809649787781 0.25967202916569 -0.0539815258936031 0.218153624289893 0.0902741277837418 0.169874613251289
0.658043162123511 0.549945626717496 0.801676185698991 0.758984067077089 0.407118095090016 0.119499886536407 1 0.816637908722445 0.694889473908112 0.432549408747254 0.656568561533689 0.665165455469089 0.669297397796217 0.458355347539047 0.323807344914907 0.0768298156915021 0.453068276705669 0.435152152153702 0.63520669650952 0.595538390816072 -0.0589620869831465 -0.0330355144194115 0.352582485137669 0.216341519955299 0.25787914791242 0.288987805708372 -0.155267273744356 -0.164779301309566 0.522976376116414 0.328229507710133 0.467402153270925 0.389681104187743 0.57604000018136 0.606755364591043 0.265061592115779 0.379267273752919 0.0358535287487284 -0.0673854455128915 0.100883131281321 -0.00537450598037207 -0.0257392549700138 -0.0105823675866706 0.49289023108068 0.417673278251257 0.374544574677533 0.254872476098209 0.37188413224903 0.45176040148733 0.110876539579278 0.135183489944318 0.383374985580524 0.225991900285093 0.291769524456829 0.240997033495997 0.341743020440302 0.336680865666462 0.50595116249516 0.53992969647304 0.74379666298561 0.637423961306842 0.831446230939849 0.615382183126617 0.603777532383511 0.673929437998384 0.414973126355537 0.457476328698503 0.688454903491448 0.49540605969284 0.451628834663324 0.416645486456265 0.520345208849477 0.478922775498039 0.333467897613836 0.394403487253878 0.141541999023018 0.134488938867137 0.331369677588154 0.223789399437596 0.398907381129583 0.397435861942346 0.469530096672131 0.391744800068062 0.0109413861328645 -0.0911790259312279 0.432009271444378 0.364793269750473 -0.192740756840626 -0.152431449152165 0.414113092326231 0.540008877810605
0.637509475090052 0.525424703861871 0.550975162419997 0.87002305978089 0.383953879382926 0.26193179638656 0.816637908722445 1 0.629018770551268 0.651792030211717 0.651447741975812 0.754820382124429 0.570482468029117 0.584820002483895 0.213496772599975 0.214770822572018 0.411839708930593 0.453575450992645 0.516706786210904 0.627850465142746 -0.0421311767442425 -0.0348347486027913 0.179998817020817 0.323590935330313 0.220463140815811 0.34921969608475 -0.133959748069573 -0.157911346605388 0.524532655333094 0.438961758144023 0.493373826012005 0.433738934197889 0.512851550612607 0.640871571560583 0.247167987118425 0.442259210803757 0.058527332668502 -0.136176597391331 0.0644234607942596 0.0287726383694466 0.0017067611793957 0.00151949678824761 0.507005464464904 0.405728514955743 0.391654383076414 0.252623186209509 0.407009391130095 0.413240855110042 0.105056554619948 0.0829465013415503 0.303559841107647 0.160797719677342 0.223933241097947 0.144356137118065 0.373479013962396 0.318224738103866 0.450005141280171 0.526355351599837 0.713829075452862 0.751667529005569 0.808813506568109 0.795665395813269 0.534612177636159 0.737605175418638 0.285622367099076 0.664378601244661 0.632319478656099 0.602973945901837 0.341779411174342 0.387375512497727 0.47630590711255 0.493921147985308 0.358472393841954 0.399959076141447 0.18861816054875 0.190043650873441 0.408588708486904 0.381567268222021 0.409396220295217 0.383201635584123 0.418497625995814 0.349147203659219 -0.0154243967587699 0.00249955861715876 0.328242481967583 0.495977246244123 -0.188615226890685 -0.0634033967166924 0.285146640730675 0.625562956663551
0.374027471261548 0.329710965313835 0.591394004539127 0.551673918502665 0.610709997676911 0.18225333370547 0.694889473908112 0.629018770551268 1 0.650008550288831 0.446572448608511 0.457234342535589 0.484560592705505 0.346288327792293 0.506458432616539 0.134839413470794 0.225383053020107 0.26544087177532 0.391495915259679 0.335614235930315 -0.088011141097295 -0.117034501252633 0.317832376525335 0.25953806669992 0.101144791329578 0.124603193769139 -0.0500056431567214 -0.217865991976828 0.387011936914595 0.236253172312036 0.410105456926347 0.304832605652831 0.371542434511243 0.408245288457153 0.242223732866811 0.25870526222176 -0.000814710901413697 -0.203124473922202 0.0325524164530791 -0.139951565899073 0.0253012895556512 -0.133125805602105 0.322086969288414 0.247836288053617 0.330819654931615 0.18369253243797 0.260162478103186 0.235812301450123 0.154598681612505 0.124720391195866 0.213936183088132 0.0903216657927875 0.133477914476079 0.104620119386811 0.184262830019319 0.130309940375342 0.148826443625444 0.236359396752358 0.540980768162398 0.55026929460223 0.612745186885219 0.558974537842101 0.484573760411194 0.595403040312099 0.27912913387343 0.392253695164022 0.482924415569243 0.340952950061462 0.310903153535766 0.178996083598345 0.320528495044997 0.278428710249372 0.15833789678942 0.164015067885328 0.0333418353472455 0.0864053482386016 0.220741341173263 0.0331387704189326 0.174848318830325 0.262104770168874 0.306416373374574 0.241598635382511 -0.0451009674753222 -0.181343248159573 0.30540210621746 0.191178607485836 0.0362388892648006 -0.0236064451582665 0.345753440078297 0.487742756200992
0.300500195404492 0.245622516551032 0.192382865641629 0.534742018508086 0.453163361711905 0.391597940337498 0.432549408747254 0.651792030211717 0.650008550288831 1 0.399467264097181 0.488710136220627 0.437147094081897 0.419324580067079 0.362672409158164 0.351868754582497 0.155721736805387 0.255575363482221 0.288650503671496 0.283318850455486 -0.198998774253471 -0.000883917285007114 0.0242110728593251 0.192368279838708 0.0234746444364533 0.0967880947030275 0.0832993791433007 -0.0914338601358032 0.333127142852481 0.296562709017063 0.240130967811598 0.248527138661776 0.205815151016704 0.243521092663039 0.116489058094884 0.176728579524693 0.00216657666956208 -0.227910666969058 0.0886413756024167 -0.11484493804202 0.0536318244171096 -0.163334881485354 0.268890503608157 0.18878040684647 0.253109998358438 0.121763829730669 0.203173733415003 0.138575597843987 0.17119607985342 0.10158272581959 0.11200258133448 -0.0121232703571233 0.0839080936213958 0.0236047511961997 0.132321611896653 0.0319815978490193 0.132173621525296 0.206474518448781 0.471641771541068 0.539358907435865 0.608253143563629 0.735514588043427 0.280977322282571 0.48996613828235 0.0571845949035545 0.502239815255338 0.236753590627482 0.221583801536784 0.165700439085533 0.140198658431112 0.198400763514532 0.238932645897653 0.134299951023121 0.134497950073618 0.084336570592525 0.145441287927029 0.239546630420288 0.097427214492385 0.204521486022136 0.221219865800919 0.229444220218584 0.0867503754330969 -0.0451562520851527 -0.107314872075716 0.174549977179494 0.221071225515491 0.0173183895289005 -0.065633662064051 0.259101584843465 0.476083224716972
0.782661980791768 0.652882015329668 0.403107047024607 0.511170533466327 0.229329375867808 0.130609172684414 0.656568561533689 0.651447741975812 0.446572448608511 0.399467264097181 1 0.793328088242326 0.73363659326992 0.617306168737882 0.288741805074695 0.179133260575734 0.561389008648467 0.509435077426582 0.611955529508253 0.684767029796892 -0.0520904348618483 0.080130159947725 0.115953918166504 0.115185723069487 0.141924209631584 0.162744767851086 -0.120288045881971 -0.131705470188398 0.597476576660692 0.499766348315783 0.390276824564624 0.429262074625681 0.441445978033795 0.52398496057717 0.159592614776679 0.291037555813668 0.0633195067615881 -0.0268973492997365 -0.0153252615510657 0.0809439218521634 0.140781886834752 0.0631604584948151 0.384421470011895 0.335150963494943 0.246193951319899 0.178286524162665 0.305726063132379 0.370847915022478 -0.00202272303980805 0.0842029280981498 0.240579971860834 0.103372079673431 0.227299738892288 0.208026858735797 0.350223027493009 0.365856419903913 0.630172845582054 0.684874502632776 0.662864594193489 0.661405983855422 0.695490102867973 0.433857988595211 0.702007814086754 0.579632346328598 0.0249894252233249 0.211034207439033 0.437622798371248 0.345524900797316 0.398968446695493 0.415335418047515 0.535875125244778 0.519852136324825 0.415149479030576 0.483698906193412 0.206650705495772 0.119415177881832 0.285964216076117 0.21079548044482 0.427187302192847 0.410195766713558 0.524819742767319 0.329215478906431 0.068605915289295 0.0281295289362791 0.351297905940632 0.274860670770046 -0.164761770519783 -0.203725444754998 0.279386009693847 0.444433310664025
0.765686186534984 0.65165200760267 0.349446400441444 0.588638997249515 0.204398655105385 0.158976534469613 0.665165455469089 0.754820382124429 0.457234342535589 0.488710136220627 0.793328088242326 1 0.605635510488411 0.643928570570158 0.197777878260724 0.128065524711911 0.554838494860226 0.597867647335363 0.646050120195561 0.751381792449657 -0.0869277432022544 -0.000265869877297263 0.0711038778228836 0.0909931662079842 0.0740900096054834 0.158375604391706 -0.129673716957142 -0.0966237659105214 0.646350170198621 0.602556538310892 0.491705458438833 0.472391220400948 0.534730924789347 0.652830296726317 0.185922168544628 0.333923946332711 0.035768545651151 -0.112391610081057 -0.0259038423685004 0.00889430169355032 0.190436765207832 0.00815291744995654 0.507343145670912 0.443620710445659 0.3818026884163 0.316451250374775 0.432635764267167 0.484198658929482 0.143704033379246 0.167639882560185 0.341541268975225 0.139387897155455 0.269814925397195 0.225607715142833 0.444909541818357 0.421425442021925 0.563317762557818 0.681301452958039 0.756230319983922 0.794476825467089 0.760794041776429 0.584070294703577 0.744297781570234 0.777753879508863 -0.00801495332431798 0.254604142421848 0.515032040082126 0.464547239288853 0.339004885724345 0.489916543511038 0.514914309379002 0.522729925604126 0.375923168423684 0.405893639626045 0.154613579891924 0.16433034462571 0.424037998104985 0.276524591331349 0.444056222094552 0.429350650151959 0.478725190338792 0.307103179381701 0.0231645662351867 -0.0501818941535085 0.282304853187983 0.310869688411841 -0.170050954648399 -0.251429146586926 0.205014968011778 0.502466488161384
0.660236149600391 0.537007811550828 0.516237961248747 0.508962849529607 0.323944363374277 0.155004856463534 0.669297397796217 0.570482468029117 0.484560592705505 0.437147094081897 0.73363659326992 0.605635510488411 1 0.72876739158242 0.563693004959026 0.392368557005575 0.333344281206454 0.341620906694403 0.617444133886091 0.485214065833728 -0.154697275627374 0.0936103198990453 0.338669198490606 0.254173103361235 0.266819820723077 0.180864108391257 0.0295862069337878 -0.0814655512187627 0.334882455349561 0.292125404623128 0.247766738058212 0.287181469692868 0.41626289048841 0.350650890447529 0.292616784752261 0.355702842715895 0.00219506639572701 -0.0602771795217217 0.108441445641466 0.118698706921805 0.0365423995272839 0.122743097567715 0.319168971771863 0.239619265481593 0.183971016188505 0.0577219702728097 0.244871089529272 0.276290553146001 -0.00798213318747463 0.0116862817441226 0.296056149534093 0.139265135917991 0.312357536038615 0.215514578833133 0.388582011621252 0.369374657935527 0.524250517804588 0.527772521034151 0.553456104398624 0.534682489540485 0.745716889390892 0.414014005632747 0.497625390693106 0.32681072918887 0.358244944050749 0.364258199227889 0.462117017928254 0.273524906926309 0.383300395770074 0.259614807830475 0.439739452035459 0.421426860679513 0.267453146112504 0.312896211256141 0.241148327245565 0.228524140812232 0.164338758918067 0.0960300664703304 0.358585656194863 0.355557770094395 0.395964557719327 0.317194064526067 0.182299423712248 0.123729117566267 0.606345408402527 0.4239288365339 -0.0740350691580367 -0.0649342924670787 0.580029514398809 0.513143198469139
0.560142693133255 0.443632518625114 0.297526252363317 0.50596233703583 0.223038203270141 0.270099567658308 0.458355347539047 0.584820002483895 0.346288327792293 0.419324580067079 0.617306168737882 0.643928570570158 0.72876739158242 1 0.455087043009167 0.622031919129964 0.2898319387623 0.284758736803128 0.491977390351681 0.568116408411673 -0.09560614384433 0.121885857951235 0.301554151205288 0.478159500747383 0.223563742022409 0.268428883628705 0.0029532153794014 -0.028791452176261 0.323530229084384 0.486719298541476 0.352248868622366 0.449699198861162 0.439186366229757 0.429351951765492 0.238288311283314 0.393668310905339 0.0554571469494026 -0.0435015137988858 0.220382083681984 0.202742882213078 0.110653506218011 0.146854110959001 0.345374321205291 0.240136719321868 0.190202394007653 0.0882905548224055 0.260336226415987 0.246306972212933 -0.0413072852100307 -0.043616761106917 0.253943259631611 0.103021188195832 0.25552508485263 0.167939617966497 0.420642748337712 0.381575117101252 0.439552488245254 0.479038282259954 0.489835712322334 0.515375636500096 0.573341290740922 0.369603658891244 0.546550401759864 0.417511082989143 0.236524298422571 0.358962533698478 0.428302546758004 0.35918907439907 0.250351985442664 0.202331654705561 0.418658529551847 0.530082290821594 0.321937519647962 0.278407845792492 0.25835465238925 0.258009417488887 0.318938626187286 0.248498215198548 0.353277429751568 0.357988329088304 0.310785729510591 0.382631786094328 0.240784652776696 0.276233346152155 0.558496197599033 0.591727429046895 0.0294800512602027 0.152672517688262 0.442434209094883 0.581743649360493
0.228279985601914 0.120056042508508 0.493634387120141 0.31294237639624 0.49652062641258 0.203397308135471 0.323807344914907 0.213496772599975 0.506458432616539 0.362672409158164 0.288741805074695 0.197777878260724 0.563693004959026 0.455087043009167 1 0.597047135522273 0.00619172784901131 -0.0295704291802588 0.366910021376142 0.0767359633399204 -0.107053604753827 -0.00659273964544049 0.615010107757997 0.528907835432434 0.264908023150241 0.107685270818659 0.142247637332758 -0.0305228862373864 0.0337312767199047 0.0994843351607782 0.0935687392938103 0.107469665065749 0.229021249763775 0.0359424092461615 0.329566979090332 0.193536330764275 0.0856846321525446 -0.0236432108321839 0.231105951509141 -0.024814234572349 0.0104458775808851 -0.033279526475796 0.0603469114799336 -0.0443534752226475 -0.0231753837396039 -0.184994239851255 -0.0407970601686725 0.00657460079523616 -0.0703938506523492 -0.0825779983797786 0.075629727892201 0.0233068970437102 0.143352150206558 0.0992662891338686 0.0765345186062247 0.0812468554783903 0.141144588362464 0.148271479222896 0.229354682371426 0.218911089668365 0.374139345301367 0.249726912549221 0.291168036195408 0.151119418744497 0.453323540328549 0.279412161992864 0.208619569083517 -0.0158846742535078 0.198912478347475 -0.0853801932185622 0.274995955901543 0.219321822317672 0.0663681947752324 0.0423377564649884 0.00972458848555847 0.136354207681106 -0.00252228571254935 -0.1085144616141 0.152062233037315 0.0945532476258432 0.0870814039383087 0.0925576175608004 0.160350584021264 0.0869652792367666 0.495736168256907 0.249592544507073 0.205314528862931 0.193055643735817 0.51839470589847 0.406590396127202
0.10876774663864 0.0792067104225465 0.146056139710975 0.321789466983213 0.282592770932956 0.471774082577413 0.0768298156915021 0.214770822572018 0.134839413470794 0.351868754582497 0.179133260575734 0.128065524711911 0.392368557005575 0.622031919129964 0.597047135522273 1 -0.0173694179263804 -0.0517088550282373 0.103962564283344 0.0482810185933623 0.00370791494568496 0.218834282284744 0.410584547321615 0.643710344053989 0.328547431057815 0.327667723016154 0.278716090818973 0.204392640575625 -0.0768699707820931 0.168099575103033 0.0924395556888792 0.179320406864888 0.0904923979591609 -0.0322755503673732 0.204700966597589 0.245350902214391 0.141945613623166 0.0949139416560528 0.336788670662557 0.211806098907046 0.0774775351175674 0.110628366649902 -0.0187661927297936 -0.122556107816881 -0.159165545820136 -0.280809306511702 -0.0999790742555165 -0.137592769326597 -0.227032124233778 -0.245194952087809 -0.0168577097552141 -0.0383462977599281 0.0945798652369473 0.0483498251163849 0.179019930831736 0.153272201709605 0.168148923472462 0.156664812569126 0.0671943373000134 0.0881568920588877 0.202107959421441 0.218675907349362 0.0837671081051975 -0.0261862787064016 0.386260440451444 0.429856057421826 0.101992390716861 0.0087992765000203 0.140465472002163 -0.0931030201598462 0.21682485566378 0.356361436225208 0.154835597042708 0.188234926933745 0.183997073627735 0.139594020891192 0.0553854664206538 0.151420242948326 0.253201745874363 0.11054742043389 0.0428778748405773 0.215495880726557 0.229756993028373 0.404856372563021 0.489453181516896 0.59673425277695 0.182406053356315 0.433711533681204 0.437089771597048 0.483117131764977
0.73340659460154 0.75794914873543 0.286122542749345 0.318542052722744 0.0843086778134461 0.10740319797794 0.453068276705669 0.411839708930593 0.225383053020107 0.155721736805387 0.561389008648467 0.554838494860226 0.333344281206454 0.2898319387623 0.00619172784901131 -0.0173694179263804 1 0.803013023301812 0.548989087821666 0.640705047060555 0.110219932973735 0.136815504951905 0.0599611539348727 0.0507624698326868 0.152134858179171 0.297716865914509 -0.0868043680821954 0.0495255831132376 0.648063480881141 0.535134114882442 0.40085970950171 0.488528289941591 0.547650312212091 0.615518833098799 0.174215903617619 0.401321779220534 0.282447159603709 0.121612663680561 0.149192584469655 0.0274393279101364 0.23753469117184 0.182976556717212 0.558555928361613 0.591732111056831 0.522996349362106 0.514522823409342 0.558187871115799 0.613117040247777 0.327866319011773 0.417847498649589 0.416725808167428 0.401599435017882 0.303860256150077 0.359971225298005 0.444805438910505 0.486670996756194 0.799798445663115 0.765236000770905 0.539304226267928 0.477723124234009 0.381982822460305 0.200510869883076 0.581037659438422 0.502932545545011 0.111479794043185 0.128002532124799 0.47355928491224 0.446251095080675 0.447125311647328 0.593020411672262 0.441562589057681 0.439329982545581 0.447188306664465 0.485745698653349 0.18989116251395 0.123878065172344 0.373168256849222 0.329328110125117 0.600249518549911 0.552037118839223 0.664810876780055 0.510349506784364 0.0910679329670459 0.0996045382456572 0.313194971790701 0.23595761522382 -0.1889480730401 -0.184363433332872 0.205152680715095 0.313730491346758
0.69510466933543 0.801399268752285 0.269114048394411 0.367629361063721 0.065110014276002 0.0771761835045297 0.435152152153702 0.453575450992645 0.26544087177532 0.255575363482221 0.509435077426582 0.597867647335363 0.341620906694403 0.284758736803128 -0.0295704291802588 -0.0517088550282373 0.803013023301812 1 0.593970576052026 0.689151486953494 0.0887964797820021 0.110341431080312 0.0591252361823685 -0.0432444876008944 0.157887678501442 0.331913472133442 -0.087614789103963 0.0615110789422552 0.690821750371136 0.645714936780267 0.462024268107477 0.504327454855858 0.571371229515801 0.658718712336255 0.231367173982482 0.419072311553567 0.316593556992328 0.141788461400587 0.173299085597633 0.0551586864348794 0.279834220846942 0.26052341688187 0.628917342004969 0.653661209749513 0.632714701280867 0.592540390615684 0.614946715517933 0.669693993014128 0.447328305318663 0.500437841433599 0.448830202446151 0.464249206513716 0.28886730476596 0.359617449087405 0.481128817537517 0.491695886207805 0.659974957473842 0.730917356338054 0.590019895962876 0.588419652712072 0.39503021574288 0.243902783492005 0.619534499332084 0.502559032588916 0.0911633299321111 0.146702328544615 0.490170890571671 0.492173271308436 0.388885960457772 0.617031942344748 0.450434816096381 0.480090282894237 0.443503142185899 0.500410734878272 0.295255960403434 0.212778514866508 0.459731189810512 0.28314058831422 0.566988436850804 0.595883175035758 0.67979997291211 0.539112502146675 0.0866558459024093 0.16254747804484 0.268092682911932 0.245221518408743 -0.0365259212366484 -0.143585047388984 0.169491238503654 0.405556395660307
0.719041817248531 0.675301012058538 0.623589314596366 0.535711615556659 0.217229885080744 0.0873496916427752 0.63520669650952 0.516706786210904 0.391495915259679 0.288650503671496 0.611955529508253 0.646050120195561 0.617444133886091 0.491977390351681 0.366910021376142 0.103962564283344 0.548989087821666 0.593970576052026 1 0.708745057544338 0.0251202475734117 0.0254547354284303 0.458470482494828 0.23031853172165 0.29721171709642 0.257164241007082 -0.019487841497383 -0.0782099933556596 0.584286675433138 0.559826801034106 0.491689163861407 0.521489820661145 0.667510505067291 0.631741655636902 0.354047743212977 0.44230257858486 0.164623230297792 0.125912303648162 0.164485355847015 -0.0013040039871931 0.0700935852540524 0.184534586216676 0.552980715613497 0.514477184694796 0.495855286794229 0.386062835009115 0.457775816387842 0.596431363952311 0.305872519365992 0.368894071313069 0.405256397726584 0.382447466804974 0.311237171882397 0.368886138619046 0.360180937079362 0.436436689614356 0.578151411774686 0.608070226933551 0.595368888587606 0.553841322718107 0.536040066893975 0.344329916695678 0.716228301949355 0.508563302025984 0.27102054198666 0.216629883840406 0.57861444363294 0.383824206659794 0.432259286963315 0.547978443017582 0.617795621077123 0.542570667974542 0.394993911099366 0.406441019547771 0.272036920520095 0.201600365123136 0.394009690811035 0.208745871713461 0.411201164381356 0.464423485958637 0.516622664065553 0.430886252523657 0.2018969928427 0.104104706404289 0.416599253860959 0.263029556196496 0.0286526504188653 -0.140706335111227 0.356881762299448 0.424029675300657
0.792629091861821 0.742534990540377 0.399796500311695 0.526483997179695 0.100766520827241 0.0493193912564058 0.595538390816072 0.627850465142746 0.335614235930315 0.283318850455486 0.684767029796892 0.751381792449657 0.485214065833728 0.568116408411673 0.0767359633399204 0.0482810185933623 0.640705047060555 0.689151486953494 0.708745057544338 1 0.053993503036807 0.0688218588485493 0.141666535905524 0.145222089866449 0.216871676702956 0.293964935365599 -0.145406443471834 -0.130390122438327 0.691475012876553 0.671853032602281 0.556847606988343 0.576715829204744 0.656501490147886 0.740385252549025 0.216075843928893 0.440738219243448 0.186507521464006 0.0555441067905811 0.109532027940347 0.0912055544612925 0.123748850260991 0.196391380219997 0.61212829939168 0.599293482658614 0.544887793855225 0.497233684396833 0.537500354934981 0.620432633951017 0.315037470734074 0.360810088796642 0.414311712885742 0.360272528899199 0.245006561299025 0.277662966048039 0.41138654492062 0.47928168135946 0.622710244408384 0.694577744682161 0.655631935861213 0.625263877071097 0.532920310554522 0.339789072181086 0.713097972784214 0.640464395619182 0.0714152614218796 0.213159933038057 0.568522760145474 0.528294593169885 0.456156983910006 0.651949237285856 0.57975235135091 0.594382238622074 0.516794943303278 0.502774789667535 0.277008668470603 0.203751363331699 0.496417548428225 0.362209832769315 0.472348361968998 0.548885560712934 0.618628443336221 0.537831684996266 0.25634011651902 0.159103900904015 0.306300944046725 0.34647071394358 -0.0556836242960741 -0.110758955806585 0.223528589309672 0.490451183842972
0.0307669899254692 0.122560215953896 0.00777264248960736 -0.00986441893289654 0.00732178484948093 -0.0793921837387871 -0.0589620869831465 -0.0421311767442425 -0.088011141097295 -0.198998774253471 -0.0520904348618483 -0.0869277432022544 -0.154697275627374 -0.09560614384433 -0.107053604753827 0.00370791494568496 0.110219932973735 0.0887964797820021 0.0251202475734117 0.053993503036807 1 0.023157242186524 0.0888970616790613 0.115550671210779 0.293852628296581 0.227448500502426 0.190767618210578 0.041779060646834 -0.0635835113830438 -0.0287900796366227 0.0601762414164792 0.132304988952631 0.0412478326033646 0.117376890963538 0.112057384390884 0.161195645769429 0.174223527749022 0.259639510884276 0.125992001621187 0.000649035271584574 0.0639012297997338 0.101913390692395 0.0823475386567028 0.0642672870649326 0.14813119390416 0.112565153346052 0.103387560810215 0.06656494581185 0.0845612506779118 0.0703612219238951 0.0801803064095866 0.149035201170306 0.0126173444843464 0.00144119956548076 0.177651288145103 0.131294861620395 0.031421487655184 0.0926394044006966 -0.0382528256086678 -0.0195958104145491 -0.189199663121126 -0.234173800003037 -0.0435897821598504 -0.0879760719768189 0.0928571289870293 -0.0372592437382114 0.0905000400845915 0.127395663623674 0.103053394117152 0.0580448580602444 0.196777416426445 0.135968209744116 0.188954690183846 0.142540428407401 -0.0266552701044644 0.0440621649272011 0.0535964416611482 0.115715884460426 0.00799954742981445 0.0792490232962681 -0.0181375282029534 0.119727988852172 -0.080050470260144 0.117793557625539 0.0204326544732247 0.0984699608009774 0.105280768535211 0.214304368515409 0.00459217705689585 0.0436627861043669
0.155240832722045 0.117930542700842 -0.0114010744485278 0.00152213054758334 -0.107541232250293 0.0257454631871755 -0.0330355144194115 -0.0348347486027913 -0.117034501252633 -0.000883917285007114 0.080130159947725 -0.000265869877297263 0.0936103198990453 0.121885857951235 -0.00659273964544049 0.218834282284744 0.136815504951905 0.110341431080312 0.0254547354284303 0.0688218588485493 0.023157242186524 1 0.0602130869891093 0.122120932236522 0.253911138655554 0.118347613608614 0.112074510332028 0.219893745190117 0.00545515396655109 0.139611298718719 0.0439737304376508 0.104854033260479 0.117208713970359 0.040343468286122 0.164912615390838 0.172417304419672 0.223668092867316 0.26856257395244 0.157625256501576 0.270664693416231 0.0979013357126816 0.0560878338573482 0.0279777444854706 0.050820863451925 -0.00368189208207644 -0.0623294681042002 -0.0859652463563548 -0.0114375496894653 -0.0544354541333635 -0.0297803801818808 0.0879393156247278 0.139253681740279 0.0612625136659398 0.0782854942278337 0.132291480324957 0.148121999157628 0.237777014741641 0.173906090192636 0.0578524885451447 -0.0184269781114897 -0.0137569322430832 -0.13954511281765 -0.0613537507435854 -0.141990624455444 0.0536693716994585 -0.0198768520621018 0.0881276346078188 0.0143969477739215 0.259596450761141 0.157576444454706 0.0863271617129505 0.187863754155939 0.146407899146184 0.0228498648097303 0.0452979933693012 -0.0459027182789927 -0.0484453095204653 0.0641671003035636 0.149623329991911 0.0129377859762486 0.11494108043138 0.0412045185668746 0.197667071111393 0.193984786254405 0.105076638633015 0.0672758611557076 0.0896018342859946 0.0423548101628327 0.111200167161804 0.0747496673491565
0.173968845807849 0.148718605285147 0.738868839563698 0.388840194463984 0.359162947526803 0.0470341014802448 0.352582485137669 0.179998817020817 0.317832376525335 0.0242110728593251 0.115953918166504 0.0711038778228836 0.338669198490606 0.301554151205288 0.615010107757997 0.410584547321615 0.0599611539348727 0.0591252361823685 0.458470482494828 0.141666535905524 0.0888970616790613 0.0602130869891093 1 0.681471242061749 0.497505432260462 0.388786454984485 0.0924150547463131 0.0627974809602583 0.0694054151342984 0.16943321053297 0.350954090027205 0.334193632372853 0.408060731190321 0.245126664946934 0.487250070894671 0.406474982570562 0.313347122568496 0.172408546618366 0.372296756802429 0.0840426065187615 -0.101384243012319 0.0863892395445126 0.178865274995262 0.0861416491088634 0.140914586819549 -0.00807543094747104 0.060016208802369 0.166452328189753 -0.00986421920174321 0.016470070316091 0.15201812916045 0.263288425191651 0.109088020351891 0.209776898489618 0.203627634732668 0.264040399310127 0.132764765256902 0.12338310716539 0.125903811838487 0.108466492362695 0.170182227350356 0.105386564065647 0.262796113132958 0.088478756596366 0.708109313782443 0.37627326298943 0.44993809458074 0.243986928961842 0.177199274060724 0.0315401133926528 0.403092209168158 0.394309811929519 0.254489196446999 0.190487804879002 0.251105498811458 0.148166577412983 0.214504105968579 0.0743423489422122 0.193070204243601 0.239888742741526 0.206283107792249 0.377930832797393 0.240134120769009 0.249206569938486 0.572125270544417 0.407501192414638 0.238594405404987 0.361394292085113 0.495635832227909 0.399213644140093
0.174463320706894 0.113875979122247 0.44907912377992 0.445949873827303 0.361219121235563 0.285317341551112 0.216341519955299 0.323590935330313 0.25953806669992 0.192368279838708 0.115185723069487 0.0909931662079842 0.254173103361235 0.478159500747383 0.528907835432434 0.643710344053989 0.0507624698326868 -0.0432444876008944 0.23031853172165 0.145222089866449 0.115550671210779 0.122120932236522 0.681471242061749 1 0.494491927324501 0.486050434781792 0.217141952827373 0.0341781791399228 0.0216014149350964 0.198762016512428 0.281978046534525 0.344010123537848 0.306684320619497 0.225922198016413 0.405336483891037 0.466616976941223 0.279606951416488 0.151714099539724 0.342788490097243 0.16167103148668 -0.0419757719971834 0.0836093760613669 0.171592237754702 0.0801591807382473 0.0806609543278065 -0.0568474097748912 0.0400941888672223 0.0728901758230986 -0.0631519703671218 -0.0527297279744794 0.126295849246486 0.199320553225093 0.126076545213287 0.153617119413471 0.192067938161672 0.219837011920185 0.175610620265189 0.151563202730962 0.144926476898273 0.159104967342605 0.131716465135121 0.212082064744324 0.172439597735217 0.164559186141358 0.56841240581358 0.569285998326526 0.393512755510444 0.298672089732074 0.22244523436735 0.0396140453324056 0.297328416511959 0.367913865899265 0.198931199267105 0.166290492433135 0.118666635353757 0.1389750354536 0.151006449962608 0.24527627908452 0.262692107113066 0.208813852339983 0.11915165256803 0.35953008662773 0.25092075896988 0.390610587234185 0.504718946775468 0.585410423714136 0.189443304679668 0.605174051631282 0.334685660694356 0.514736796356915
