1 0.883908652099672 0.680888309054096 0.590945637202173 0.400006927219409 0.185249902034359 0.682457622125239 0.512260808865336 0.273769822254 0.233823162974218 0.909698422229056 0.759421120911653 0.803213388909316 0.803971613871902 0.572751940718022 0.682287245066331 0.821371427498168 0.870163108975545 0.875814261464317 0.82075480034421 0.338892896088644 0.233872044161901 0.58822578116229 0.560069294588712 0.524208306343331 0.383301382994514 0.293934588713023 0.196659549590178 0.868374171958201 0.787727548479693 0.618556505734318 0.532216695875763 0.753535844815904 0.629478444366256 0.351874372539401 0.520638365052874 0.563686351865477 0.355561245310156 0.577329828730493 0.743440894043695 0.560162537649028 0.128585476590524 0.778411497967745 0.689608393005099 0.817497016132496 0.790238176049594 0.753587497048127 0.567612994520409 0.775203580063544 0.772024677360172 0.822227090516793 0.752420169669033 0.726331345011804 0.536362407410548 0.827120398511718 0.828749646731199 0.929618101927028 0.917671923619647 0.81714587111412 0.684667870049048 0.501377905470642 0.510873188944261 0.548725885333824 0.726241761940454 0.41263341810325 0.470403892177097 0.727529688402732 0.731526031053463 0.781853746004467 0.772543918705694 0.500096463507017 0.490691489825844 0.749726824976543 0.59706238285416 0.543071668504583 0.303006161907483 0.355317414189529 0.249727038005998 0.880425394016229 0.784753499010361 0.901985660691209 0.886671184062681 0.674261839984327 0.61053932272052 0.751198667260171 0.857208111772892 0.533519705339222 0.558308070804989 0.862891555908032 0.841993193655961
0.883908652099672 1 0.697588909793093 0.692959776910197 0.519965559853428 0.439866404278568 0.631148795909322 0.688898678281294 0.348438224630367 0.466563034634504 0.850609496708763 0.813152438857763 0.769741382972255 0.840637728026369 0.617961191845886 0.68136544689447 0.774162459808493 0.827241559330231 0.684476485998693 0.648745473275788 0.297810434615924 0.216639655496441 0.622529964574181 0.618115947906028 0.592773044256934 0.541499597289811 0.495995990578753 0.32200276681548 0.740529712737849 0.841936540554042 0.677176893506305 0.607503513832342 0.75388283706079 0.693807363774015 0.277608112306929 0.482271873543194 0.6639698879852 0.477374948123578 0.399917355588823 0.644221454081612 0.584676769088538 0.381922498551673 0.80065762641423 0.762147348347789 0.877976559297505 0.854849482382999 0.815226240070787 0.71930700543061 0.86314333276278 0.873746820428074 0.867775333424331 0.860464429224276 0.813875032677378 0.633161742572655 0.766227319385543 0.827983129872885 0.874180648042102 0.902179063942968 0.782015089915811 0.750717348445623 0.560872295478189 0.581539651337608 0.603854354577979 0.748761595716132 0.482662606205313 0.534140933959328 0.727873870950747 0.725124078254746 0.6187684320893 0.653229446099996 0.578134206684397 0.623391633672123 0.6184868156355 0.65673547439619 0.558119562978096 0.394760382837843 0.50278492000543 0.404010768852359 0.832507583059615 0.838706529632377 0.81864692971687 0.879361044226661 0.523333268637034 0.76791816728888 0.72726134836801 0.776310455570768 0.361124961270865 0.400530202278771 0.792533172875608 0.774871573397755
0.680888309054096 0.697588909793093 1 0.891234145949083 0.814345537012337 0.580684213070959 0.931775031718795 0.797451125166437 0.664808170060399 0.524199303009423 0.725072386862768 0.759659635442363 0.841244300589856 0.776542647813419 0.804449060188192 0.76862868355918 0.502610046410119 0.476069736341503 0.546743896502451 0.41313601205283 0.393795735280013 0.279626974579255 0.819179597778867 0.835174935396906 0.690938397446014 0.720356154980288 0.66852082353572 0.637657817365604 0.582501297623768 0.675465990703954 0.762795999979192 0.772722627280889 0.883324614178065 0.848533032399247 0.462433358237207 0.611168201504694 0.70584359260278 0.644801201452509 0.127494407759214 0.489368004217783 0.385079053744881 0.398879485832163 0.801693203290823 0.786407678915794 0.740253348255035 0.716747781421918 0.741119091219318 0.77835151799858 0.659967829378436 0.738459437562737 0.708152239105585 0.737404136168656 0.753351645401056 0.756301053455694 0.4997285502801 0.614954574885285 0.538819754677098 0.565205000692105 0.779615149994154 0.801914990245428 0.876434918230927 0.765220660337725 0.649126153744249 0.732557574844315 0.823042344400275 0.832254834109981 0.818384903103242 0.792152078964259 0.346376731015225 0.378571926370778 0.761666843432913 0.775847526436082 0.547425234259055 0.619839745892968 0.570489497008155 0.436907508906803 0.73750023252086 0.675411609721144 0.602170408971304 0.59001289450878 0.52483658583133 0.617943729256538 0.293609325495686 0.584220963858273 0.770248579308593 0.701421750695111 0.104652784570557 0.39347406229227 0.737290774754054 0.604865740168341
0.590945637202173 0.692959776910197 0.891234145949083 1 0.827112355557992 0.742217035441615 0.855113202158224 0.935897574837346 0.692997603931845 0.695462949995125 0.619106131756296 0.814328279467434 0.738134922500717 0.794799541233734 0.707668183797584 0.727008045262584 0.400946675917614 0.392221871567575 0.400927835955905 0.30003477312845 0.331057088672986 0.230411982683642 0.716269738614463 0.844176235247798 0.569666662726746 0.714375872311348 0.66874359854862 0.669385101470222 0.437585539154146 0.660769478877324 0.694234324529749 0.763509694561213 0.841543331787993 0.873174062588632 0.427840561582353 0.559088594626411 0.65389996972931 0.638975723369609 0.0156285435577868 0.368119584801638 0.340182878612607 0.445827978058402 0.750254508482343 0.765169796140811 0.686894353470653 0.700426061188186 0.70971971917084 0.820251696947496 0.655700379673541 0.756423715601179 0.701685829854812 0.774875272020709 0.785430881544532 0.821019988560711 0.423993849898326 0.558203412275809 0.459644969767656 0.501844943828933 0.757346633551904 0.865442541197819 0.897714106301444 0.892268298549683 0.673087803249707 0.789604449142432 0.794916160020598 0.889372281663735 0.769715881122062 0.783580756178772 0.226907196801484 0.287122082531962 0.711988284751578 0.777691351066526 0.38363283813235 0.604484475074419 0.533560561254967 0.496360254806525 0.81339341242819 0.768012064036211 0.479771453660714 0.552472986378422 0.406709711262428 0.54602368782248 0.169511600641762 0.570359397369217 0.648093067153152 0.634114137941197 -0.00869927667619504 0.229034181276317 0.678857070352168 0.555129486450686
0.400006927219409 0.519965559853428 0.814345537012337 0.827112355557992 1 0.709145683393531 0.759851787977272 0.783392373925086 0.757072343234874 0.653309694151233 0.469013332554814 0.60929664778667 0.629535252297151 0.605717089089009 0.719653657940695 0.61199888827827 0.228585684620603 0.214604681200837 0.260616464680081 0.160898692479517 0.288624280557226 0.230358961325175 0.717875086434792 0.736108099578328 0.52346525620731 0.671318039795864 0.708188117743391 0.721997534726 0.282727181789681 0.469782800675937 0.679318792952919 0.713047831700879 0.721774477609795 0.756401411253011 0.464562590286353 0.514430981905369 0.521450672154047 0.51818984175452 -0.0722727843067814 0.253200802889682 0.227053142618567 0.374839063995353 0.622114373515937 0.654077546921539 0.561831377128017 0.563733287888267 0.545626539977457 0.651273072302658 0.457040177337821 0.57394840424174 0.505629232607816 0.571464155439769 0.605684856002784 0.702664922185564 0.237833158918511 0.354198202652777 0.273676991128107 0.288672854726006 0.544441410926538 0.611919001267434 0.831951705091228 0.73633890896351 0.480443924141051 0.553690752620639 0.792022283803496 0.783103351573746 0.634824408459294 0.63205844782865 0.107311165134476 0.158921595761948 0.638435137674505 0.673648605716477 0.249950000740057 0.509748832992117 0.409600527927485 0.372241794194597 0.711284844477104 0.666852490456959 0.336254551838334 0.406929874584838 0.248111035968636 0.360839569197428 0.0615855000571991 0.421811420519067 0.577520084835892 0.457993220839315 -0.0944847133803424 0.0931314145703408 0.526278802628539 0.370591738214752
0.185249902034359 0.439866404278568 0.580684213070959 0.742217035441615 0.709145683393531 1 0.485212882009145 0.851197775861343 0.598430489023757 0.877475549491373 0.314754715074079 0.607926203325346 0.381017584101131 0.572550538208089 0.488958895615907 0.462666434975467 0.187536304645539 0.102967665330948 -0.0589137968316765 -0.0653500834604938 0.148693729294776 0.070815663263488 0.424335184030547 0.521345502086701 0.34181513942811 0.707621118357233 0.613709424454108 0.600343736406551 0.0723318676344312 0.453510176871153 0.484585676079166 0.553027815565068 0.510312915341317 0.562456942478585 0.14731509282212 0.198244497326684 0.507146280090971 0.551837691269893 -0.23859361670569 0.142387200336364 0.166964209890388 0.584920183059373 0.457093256631415 0.522659012804438 0.409056023506034 0.441417853162057 0.475169254099983 0.651088761456923 0.4255394828854 0.506204871123871 0.416278481340253 0.530928198927268 0.549071041601608 0.594125159138161 0.137947750051719 0.283001150188733 0.134105393372725 0.170054904705361 0.407957325756886 0.607225517445085 0.683267042818945 0.71816809418311 0.554501244034257 0.535046229642595 0.557825603340849 0.627093955065474 0.418225301941185 0.438624365713697 -0.14063338741356 -0.0281049047423748 0.556644067737618 0.646444281032474 0.00439804795359204 0.32947753304062 0.389449660466433 0.380443908023928 0.701687140136135 0.691196788427335 0.186578878240007 0.382272580232881 0.0743862161195947 0.249405833571142 -0.214534992479845 0.442369716297404 0.303331829691538 0.243486581530308 -0.311317344881497 -0.107603065914237 0.331700087545502 0.226594558204569
0.682457622125239 0.631148795909322 0.931775031718795 0.855113202158224 0.759851787977272 0.485212882009145 1 0.742000020278799 0.712660028413636 0.403937739108702 0.726853898108308 0.741128987653476 0.861163245007732 0.746311600909215 0.741117652042871 0.736562417093072 0.49300549562652 0.420188224507013 0.557443969061618 0.412208608516004 0.445017449477774 0.226209491364656 0.749301417554445 0.793948781885273 0.535441790839101 0.554466263066293 0.529084968518736 0.611218481219859 0.584674062934663 0.586056056673789 0.651199295882364 0.677037801704799 0.8665045880331 0.848817115002492 0.445251309821162 0.556264538113823 0.661367890806639 0.643102584782471 0.0987672285889695 0.492528839237477 0.419039619160512 0.315506994375764 0.750730157051426 0.740162002750924 0.682129127155397 0.661024784300051 0.695388660423732 0.752835387610485 0.604900390362996 0.690072704869921 0.658532374540354 0.691852289416499 0.707578347223268 0.772863874682102 0.445750182230469 0.572600677767946 0.51477824286062 0.522818042672655 0.762761523766698 0.789539328949725 0.872217649003112 0.792857866556269 0.666353137806577 0.761989967548253 0.800838965185161 0.818689156867326 0.776823465297813 0.761560056862884 0.347483259605451 0.364503524215365 0.738823138230869 0.737789535116493 0.587987009883453 0.615278104126505 0.558735589426974 0.413377332551847 0.74234902098964 0.683118762458482 0.562542120489776 0.49822909076122 0.525569302123366 0.580133086459607 0.302544548823904 0.487475280399033 0.740449568505764 0.709008846831669 0.0715892313167314 0.387034673460381 0.724193233787273 0.582490653485696
0.512260808865336 0.688898678281294 0.797451125166437 0.935897574837346 0.783392373925086 0.851197775861343 0.742000020278799 1 0.633550058125803 0.824011144742455 0.587445905725296 0.831448863297558 0.653548458424815 0.806974449585056 0.624973393398452 0.633776892506917 0.374169008842568 0.352376001409826 0.279621839411062 0.227938312567151 0.292226686619975 0.166718832948979 0.605775597065307 0.725634452256593 0.489725718687269 0.729548738484186 0.650198646206334 0.59644209399991 0.340573743299129 0.6600889300248 0.652653803108395 0.722102915205478 0.734961135336836 0.781327923456206 0.300447200730182 0.424842487318805 0.631048018799151 0.610586119871545 -0.0259158595187238 0.344090877719424 0.320779374986664 0.535604898210887 0.684536048069447 0.715208515827096 0.635403597720128 0.660336274537295 0.679719625919599 0.802239115061083 0.639088937815326 0.737718007013217 0.673518254455806 0.770749598298746 0.757941167911116 0.758710954534248 0.394537282275996 0.530242445527833 0.402210630163897 0.453843833280641 0.700759294636729 0.852200428945326 0.833289297782004 0.880692721239515 0.683049467756247 0.783304913084136 0.686733537662978 0.803996574552715 0.671583549085285 0.696148124013665 0.131584301516102 0.213886534297933 0.69825957831032 0.763950296312159 0.277705351718611 0.569543789954131 0.501633659730092 0.482467033827841 0.795477464940717 0.757945499086605 0.434153359339003 0.555114530495338 0.341340288983189 0.499514742597202 0.0428387355542328 0.597627894359765 0.529797317576894 0.540737588540692 -0.0924780568862701 0.0775704494445624 0.596981826920896 0.500380166229355
0.273769822254 0.348438224630367 0.664808170060399 0.692997603931845 0.757072343234874 0.598430489023757 0.712660028413636 0.633550058125803 1 0.558162214454978 0.3791486658027 0.460848766262773 0.472639038679985 0.433994006151741 0.549429962764244 0.493579332789605 0.220247103942903 0.0384974411785513 0.0913772416665507 0.00105606933418534 0.298464700197298 0.0693318044569895 0.479408784596284 0.550252247478164 0.324901856963812 0.500391930892286 0.565959643634036 0.677529775400743 0.12434019644882 0.261868935971351 0.367168192185406 0.423232388438812 0.573819686743972 0.600085994403094 0.297086915742719 0.291438935497021 0.466987505931764 0.577814915160425 -0.247222819371369 0.116875403631126 0.291433298650133 0.446314885691748 0.345987453342193 0.40416491840479 0.297777102150584 0.279617384028265 0.313915707960929 0.533281642793488 0.241054717152934 0.326268240618025 0.269702045384729 0.344293596651176 0.385804511977687 0.564572389784333 -0.00319791588569539 0.131372488370359 0.168396977624064 0.122331277039565 0.356078373129009 0.466882105990248 0.720765637174379 0.580071569871508 0.526327084397641 0.423666170700202 0.668565285549708 0.636816582236909 0.413457308142637 0.403049614892095 -0.0159336725272583 -0.000226522415067357 0.571352541376501 0.622824723411388 0.147562621973926 0.375657391255321 0.395189753369577 0.365865775276144 0.669711511266662 0.678982689498994 0.199581838784127 0.179530712207876 0.126283681666584 0.186374026582401 -0.135286914204023 0.330650679176266 0.421053883323456 0.266552038005373 -0.303818426247246 0.0541506080076297 0.367562236779549 0.147854889641242
0.233823162974218 0.466563034634504 0.524199303009423 0.695462949995125 0.653309694151233 0.877475549491373 0.403937739108702 0.824011144742455 0.558162214454978 1 0.342647552052172 0.57541189806552 0.350522017883514 0.579340835834174 0.478616930360269 0.481281034218239 0.194011934131703 0.157553124079545 -0.00232568172054743 0.0240314185553212 0.205733384763349 0.0677238579070909 0.401884375289325 0.499117621765014 0.367231648738285 0.732126115368464 0.62531039055961 0.491184660487155 0.0335409647754584 0.449598181075983 0.455071311489546 0.523626656490928 0.441289307921207 0.482272813347117 0.164074297831433 0.254161978680477 0.41239181098963 0.442593463272128 -0.139930079911512 0.148109031610395 0.197316367296139 0.542250639455754 0.400785984419575 0.431796796629354 0.364152668419851 0.395049180884832 0.39702345888584 0.524118535053551 0.37035050010198 0.456641831001181 0.387377477600925 0.490203831350009 0.495477698437574 0.489078006137421 0.18086317106361 0.282338657142285 0.187574037569775 0.220879144711131 0.381707770617745 0.545524957410333 0.592668358527286 0.604103262047758 0.463431906120973 0.443640659395878 0.502041111087585 0.592688393896516 0.392360544683854 0.423367150591141 -0.0233270811554381 0.0510630826808082 0.511602855113448 0.573583849567918 -0.0460530596701099 0.320781902581838 0.379437160734584 0.344949333785133 0.581847265594477 0.595083763072757 0.221613820835004 0.393211038044262 0.0911574501300412 0.253976944851151 -0.202587851235597 0.436590414551375 0.309158696343102 0.23615056400379 -0.22766960088915 -0.0878926986417273 0.348646259634214 0.254854243117362
0.909698422229056 0.850609496708763 0.725072386862768 0.619106131756296 0.469013332554814 0.314754715074079 0.726853898108308 0.587445905725296 0.3791486658027 0.342647552052172 1 0.802805745725079 0.837147673327774 0.83205878165012 0.605223751908193 0.645869086850535 0.820990375152253 0.774623442468762 0.761568284959177 0.688292784754391 0.361710865472804 0.142116724362488 0.60978485505118 0.576549163134305 0.510943014588808 0.458093845592958 0.356764264773281 0.277952265685554 0.809241631796582 0.787472307240991 0.642037271365565 0.571367939565285 0.762226437302429 0.668380606893676 0.22820252644199 0.451181922935657 0.636418172883611 0.450052975914515 0.403172457911284 0.699879510540115 0.650158469505362 0.307731867255514 0.724755734414279 0.675363847645032 0.769362347240593 0.72693018577 0.740790772882656 0.624161274604701 0.735989199249763 0.736169719133316 0.777666405326455 0.745380039292371 0.695273883732077 0.53925624043363 0.714356899328017 0.75149924358768 0.845542188567345 0.809709147349281 0.753107232322654 0.669829699052983 0.567437285271926 0.558394181690235 0.708134541751852 0.743041699864847 0.459479935491711 0.489367137051783 0.663805640702398 0.657541333564927 0.62413629594957 0.611913622113205 0.634440123994733 0.614834449627425 0.733573746527942 0.69219423163881 0.619774770824234 0.426756287336941 0.464256155269116 0.389193441644273 0.839663542703466 0.76354217966822 0.852948009410017 0.830321291948541 0.514102081584973 0.613205682022636 0.742507717317028 0.765208345424027 0.337556663738304 0.462571816854212 0.815857309935443 0.734803802148205
0.759421120911653 0.813152438857763 0.759659635442363 0.814328279467434 0.60929664778667 0.607926203325346 0.741128987653476 0.831448863297558 0.460848766262773 0.57541189806552 0.802805745725079 1 0.760533329230282 0.947502879622846 0.595149397553292 0.704110797609075 0.646667549423553 0.642891542189712 0.585549561952366 0.529578848670573 0.268394113315656 0.205628015482454 0.625120419125187 0.671637784208235 0.449926142009071 0.552443677850902 0.50337038287974 0.421785500403888 0.662573857037048 0.848157877697522 0.697470665186978 0.735804568405983 0.813890493797952 0.799598303163646 0.281004188397369 0.442543186619095 0.598798309966628 0.515229615176789 0.227265849784679 0.574799640324674 0.438438731187917 0.349104066219037 0.767405631599288 0.786801812036595 0.750405586399824 0.767761462268743 0.763896549641429 0.774112630097249 0.758816571889835 0.81418719288394 0.802054872365767 0.83408494535557 0.786066483573774 0.689451135404955 0.608349629282785 0.706468982047658 0.649550448279643 0.67267525515985 0.76926386181671 0.830823861757287 0.71602657343523 0.837826096818581 0.773891656746967 0.926432777622115 0.5158709968088 0.658356728582188 0.670263699159434 0.709827555661582 0.390090869279037 0.42285201184968 0.654597394789111 0.715725646404894 0.543712491129302 0.657528545185073 0.596675124352787 0.481120120771431 0.675893626253437 0.595166973354329 0.6829070446117 0.7510083497759 0.646347314180408 0.702226051090609 0.323224028762721 0.623801191653554 0.61089806905036 0.712702821802052 0.203111642839927 0.253070023125641 0.725703089862593 0.697473941807459
0.803213388909316 0.769741382972255 0.841244300589856 0.738134922500717 0.629535252297151 0.381017584101131 0.861163245007732 0.653548458424815 0.472639038679985 0.350522017883514 0.837147673327774 0.760533329230282 1 0.831825057034769 0.845964358822447 0.780011737540641 0.622399189018016 0.645470502744872 0.702387745512415 0.581109107701475 0.445335511695436 0.282799702589765 0.838370433023355 0.774794187376833 0.636137298082404 0.552929741127727 0.556288854515438 0.47099405462699 0.756598337020279 0.741657331733788 0.758664535618302 0.716235853195788 0.865150945980589 0.803964356943569 0.411272859223755 0.557489458844019 0.641098438111947 0.543889310681391 0.32665247226361 0.606979610225673 0.524604069492903 0.291348692645797 0.823983294396309 0.80718449164017 0.806327224395936 0.779878100819071 0.780746827458732 0.717320012735414 0.727995873878964 0.766599205028504 0.753144249542975 0.750807740723801 0.747366932207967 0.696454426268703 0.631946979353392 0.716045902157336 0.68746406857656 0.688279837157103 0.744897274616701 0.720929350468141 0.740774764345299 0.691517920313845 0.609912378615174 0.762605855242514 0.716771464684646 0.700460275574173 0.786389883852987 0.776489256455605 0.504040937638817 0.518330977328634 0.651198842975867 0.663376944365917 0.659630561808423 0.641707703718248 0.559705078129593 0.408320618247661 0.615652169989396 0.514792975398248 0.742058098619073 0.711541466594654 0.722760646633444 0.77660702147998 0.511613608342732 0.58447232286074 0.866519005333792 0.782994248326831 0.32329564987718 0.46445621997673 0.810352832104391 0.69257405641124
0.803971613871902 0.840637728026369 0.776542647813419 0.794799541233734 0.605717089089009 0.572550538208089 0.746311600909215 0.806974449585056 0.433994006151741 0.579340835834174 0.83205878165012 0.947502879622846 0.831825057034769 1 0.680475140020534 0.795382756290032 0.688317742659245 0.728141526738516 0.676909119606655 0.634448976381319 0.352504282243211 0.301710500479874 0.71506531433129 0.732055207738609 0.53888655929169 0.623380090296995 0.542457537805805 0.428303134430474 0.729019251707423 0.884372404484901 0.767849308538183 0.764108933137285 0.841227102147979 0.786109578599325 0.362741154144382 0.50971040132168 0.604314231988154 0.478982994074013 0.372812012754848 0.648464466694253 0.451329144751804 0.316874828219991 0.810559605364759 0.789682222363322 0.795364007183942 0.799551568928604 0.784067704229901 0.715264936968871 0.76260417275866 0.816552164759503 0.801377516208379 0.816265600950606 0.781130621602933 0.666834711508612 0.695521675088236 0.753305004087947 0.713667189029064 0.731986401126793 0.761991978235223 0.792152782566399 0.675790740232227 0.774383913651242 0.686012659605583 0.898649775832265 0.556282088057295 0.670736639214996 0.724919914917637 0.761539046582321 0.509122650947362 0.545415822905023 0.627298954451345 0.680538079149171 0.585941491961252 0.632322423016336 0.601455410387919 0.455572371336725 0.610220728396156 0.519600588178358 0.751688178457214 0.79402713813288 0.708900345411843 0.796812395645855 0.436528882609574 0.630072280316594 0.699394302397733 0.784233649483282 0.326179645769172 0.355659453804837 0.785621272628817 0.771083619976419
0.572751940718022 0.617961191845886 0.804449060188192 0.707668183797584 0.719653657940695 0.488958895615907 0.741117652042871 0.624973393398452 0.549429962764244 0.478616930360269 0.605223751908193 0.595149397553292 0.845964358822447 0.680475140020534 1 0.776841514024068 0.401093609203694 0.433831972406562 0.470935562389931 0.364642693007548 0.397346150188109 0.312203234609551 0.884157570847058 0.793558015460434 0.746305097072087 0.707886141068751 0.717338758028292 0.610662036154467 0.519597827599006 0.605696475234763 0.749500009537247 0.68859398221992 0.751290507681237 0.687815286221856 0.401587161741562 0.511156573148892 0.620532445937623 0.543443087931002 0.170398350354788 0.438246563856113 0.401971520762635 0.364885368702365 0.707725401764744 0.714801195003589 0.659947797123414 0.609545173873766 0.635743274967124 0.633973642099034 0.549670914172473 0.603010357702652 0.568368896958743 0.590416566146178 0.624208671869703 0.609976961880539 0.441475345000471 0.529548324368831 0.464753657449364 0.477087491555388 0.571081238055497 0.595896212887436 0.743165793309148 0.622381396021429 0.466731898279723 0.560205065694503 0.783053102816908 0.715655509185042 0.688870814007485 0.653984420326506 0.297504655963203 0.317993301932616 0.623640991164768 0.653481325242833 0.463181084483474 0.532475007697476 0.539399172669701 0.379415725962184 0.630760378943263 0.54307304950422 0.55848073216626 0.576842334713765 0.476857371624404 0.579719246414975 0.362278972374866 0.537774375306466 0.828493686792075 0.603369102344737 0.185294734602424 0.400081805856622 0.686265622732008 0.509981159538796
0.682287245066331 0.68136544689447 0.76862868355918 0.727008045262584 0.61199888827827 0.462666434975467 0.736562417093072 0.633776892506917 0.493579332789605 0.481281034218239 0.645869086850535 0.704110797609075 0.780011737540641 0.795382756290032 0.776841514024068 1 0.515286340695724 0.578012102979203 0.616810624527005 0.54974078831548 0.448392426301186 0.419492052545401 0.797620541872188 0.844401754504675 0.676835671404896 0.630005480555611 0.661702245416837 0.588241820042014 0.623201658206252 0.662293185108878 0.678298760141526 0.676336940855844 0.80133261769691 0.724585305616197 0.513086005841442 0.64358065644732 0.568042534073328 0.530491025317399 0.359546980053788 0.613493371717624 0.388303382512536 0.196780672734575 0.765334423492812 0.714565521325438 0.702396688330431 0.703877878902236 0.692694165413213 0.609785107015445 0.618327168788454 0.683072086450276 0.656387212343431 0.657157105159184 0.675481582949773 0.671059904078724 0.595688416218178 0.660593307597737 0.599496473187413 0.624971969025578 0.659613667439202 0.668916671795612 0.653548757904401 0.638376517693771 0.428931732850513 0.685349953349367 0.711502089603186 0.762109485996241 0.761818760429186 0.774603748092586 0.517853974819581 0.550238074388767 0.568057974902748 0.630812476879582 0.524217712866629 0.463445057447194 0.477030900881547 0.284065316328945 0.5438533063801 0.469480021558868 0.627500394497726 0.617912491035499 0.567323084393201 0.704269758968478 0.477833727557606 0.529000066875442 0.80068285747088 0.799027777431666 0.372963056318747 0.573857686652006 0.763703902902142 0.744647241170414
0.821371427498168 0.774162459808493 0.502610046410119 0.400946675917614 0.228585684620603 0.187536304645539 0.49300549562652 0.374169008842568 0.220247103942903 0.194011934131703 0.820990375152253 0.646667549423553 0.622399189018016 0.688317742659245 0.401093609203694 0.515286340695724 1 0.861891752401933 0.658514901059928 0.657375916064313 0.227328895198972 0.114156578249144 0.415106192766215 0.379302295380529 0.417610115646495 0.344784014739085 0.184653804409776 0.122684647711254 0.834943229677655 0.775413388261772 0.486006785773327 0.364248993033697 0.604986723403849 0.484111949555097 0.0670522051573598 0.290867177327054 0.592997913527368 0.36017154770999 0.426605114183483 0.674536850067012 0.603182325240784 0.277323634911704 0.633400581778542 0.582854219272065 0.74374719676629 0.664242462911408 0.704317825831748 0.531788809816913 0.737140716415794 0.643665603565291 0.695174375400892 0.614177478576757 0.572082508699658 0.317835343989752 0.72617987261921 0.730091271763063 0.896911940048452 0.823427835916748 0.601313252356455 0.51454199507962 0.322564079065652 0.357441360292667 0.640484224835815 0.606310315924135 0.26045837514356 0.307016040234632 0.543302560047684 0.525702589620925 0.653148401419457 0.642901599759339 0.407555174845381 0.4100859353043 0.653842850554701 0.47769807645257 0.580753958684193 0.364406253921719 0.28157102120397 0.223409315761163 0.906458948234584 0.803873860296362 0.913014816356451 0.847321321193967 0.567356010138378 0.572266513121838 0.621766055978626 0.684455822662513 0.363265678454544 0.477055703454622 0.670797253571673 0.647283212175666
0.870163108975545 0.827241559330231 0.476069736341503 0.392221871567575 0.214604681200837 0.102967665330948 0.420188224507013 0.352376001409826 0.0384974411785513 0.157553124079545 0.774623442468762 0.642891542189712 0.645470502744872 0.728141526738516 0.433831972406562 0.578012102979203 0.861891752401933 1 0.836989504397127 0.864341145019539 0.246288010472894 0.279556483950876 0.497557614809597 0.412172896295257 0.481682666439777 0.319440518895271 0.212990760234291 0.0173635278594131 0.889539603569372 0.838230646274566 0.592916727873993 0.451268246150658 0.628367068394476 0.478863233993649 0.286208135266593 0.440355860614675 0.444825578587278 0.172249768417962 0.717881842403473 0.739939828659699 0.489236973269383 0.0461812214833864 0.71626180516093 0.60805973399029 0.781860976445116 0.757958774780355 0.710303770812203 0.427285539450825 0.734012076710607 0.696059144047919 0.733987571292396 0.641749047903061 0.623576055247381 0.341888101438742 0.870597318462351 0.80862802379124 0.924704213884988 0.916428554756769 0.640173688181337 0.502963184802277 0.232658458054774 0.32287163736181 0.391520890662054 0.638700510299156 0.219893453608606 0.285080287381896 0.621889183656105 0.635012344299368 0.821540260113426 0.829220425515145 0.2764487760228 0.288013915600053 0.666617989152831 0.454332724427887 0.433019960257715 0.214754714814301 0.153356073301235 0.0423456290056067 0.895454530349838 0.839098028222322 0.918464496105448 0.911034766193813 0.757329505759968 0.556030707662679 0.64118282809498 0.787570772001661 0.683568164196214 0.555735309779694 0.751793209157782 0.815649030727379
0.875814261464317 0.684476485998693 0.546743896502451 0.400927835955905 0.260616464680081 -0.0589137968316765 0.557443969061618 0.279621839411062 0.0913772416665507 -0.00232568172054743 0.761568284959177 0.585549561952366 0.702387745512415 0.676909119606655 0.470935562389931 0.616810624527005 0.658514901059928 0.836989504397127 1 0.942948341132392 0.291826658202044 0.33473157385739 0.559850320591515 0.479283591670482 0.43243494361175 0.198117205722507 0.153633340664757 0.0363054948502279 0.857605021103708 0.668271819382983 0.582271399662293 0.47520977187342 0.670072034812798 0.517938575411937 0.518781971152907 0.575379443316756 0.319365862031186 0.107561896304594 0.777858526525349 0.74096875228413 0.371001511952389 -0.208488302378087 0.684507482483905 0.540714388023737 0.67477935012163 0.682591423748378 0.582506406363194 0.298004627297107 0.58047735036686 0.614067187167268 0.655055039618847 0.554622228777038 0.553531247627933 0.406682673146933 0.803994638266179 0.721242907498853 0.804983613616121 0.81186993861567 0.666471440869912 0.472482827166881 0.286621050908851 0.3432085143975 0.244335242101814 0.616764751379002 0.29023689477703 0.336288877788122 0.64592124734819 0.668542190200233 0.869183422073815 0.855287959004683 0.305066666145774 0.273043126508518 0.761429858226656 0.482139990303331 0.383551570402862 0.138583556840698 0.118296900445668 0.00842927098550314 0.755081686621456 0.630930485549988 0.803349244988846 0.783680777709924 0.798073984565594 0.361081493831519 0.653674862991144 0.822663757769828 0.763586071418052 0.603911352280406 0.769705052529635 0.82848195741308
0.82075480034421 0.648745473275788 0.41313601205283 0.30003477312845 0.160898692479517 -0.0653500834604938 0.412208608516004 0.227938312567151 0.00105606933418534 0.0240314185553212 0.688292784754391 0.529578848670573 0.581109107701475 0.634448976381319 0.364642693007548 0.54974078831548 0.657375916064313 0.864341145019539 0.942948341132392 1 0.275697864917769 0.332491839165473 0.432218941450445 0.353435403926804 0.324420458808918 0.141026742977903 0.0559907631631031 -0.097122704927747 0.812986592655078 0.633108742497964 0.490352809600555 0.370451461490952 0.558351424065483 0.384956731153228 0.476137518446371 0.497896577166846 0.225589369203767 -0.0252596231541692 0.863342742915342 0.732394357467311 0.33062130303879 -0.269756365912119 0.615471458371554 0.430292854163455 0.605877428097225 0.624004318431266 0.519374757787761 0.176912852842297 0.529095381628987 0.545587459315173 0.584591693274297 0.472775340370971 0.478264751494201 0.284358472644744 0.827323001146517 0.677792409976182 0.804136755937141 0.815332761638727 0.577923990973477 0.381689472007654 0.127550764588562 0.25532485108285 0.14661237072437 0.567797554699077 0.142195203823922 0.215350121869174 0.544704408544004 0.574102546005718 0.917580209261618 0.912230709980848 0.179114852721942 0.137946161160986 0.682912019487948 0.364598730597466 0.314177643263576 0.0245381242568431 -0.0226107956429487 -0.138523113278546 0.730519252616776 0.593685011797302 0.787965549700574 0.761986518642924 0.799473991700367 0.299171741599949 0.538343773611626 0.775705873724782 0.816810967070935 0.567178470067367 0.717555662598056 0.813058631838384
0.338892896088644 0.297810434615924 0.393795735280013 0.331057088672986 0.288624280557226 0.148693729294776 0.445017449477774 0.292226686619975 0.298464700197298 0.205733384763349 0.361710865472804 0.268394113315656 0.445335511695436 0.352504282243211 0.397346150188109 0.448392426301186 0.227328895198972 0.246288010472894 0.291826658202044 0.275697864917769 1 0.227597061643087 0.375586637706486 0.380920564811006 0.342602873381619 0.348776790258804 0.321139573251735 0.27153059219723 0.269626402343841 0.262591799212292 0.33435458634498 0.327417823193855 0.423667584586911 0.358306566655463 0.324324760325056 0.385476902987419 0.304861141137973 0.291684750407097 0.160865161453781 0.338468856253908 0.341869835324566 0.0860523489313498 0.352309674170361 0.339633780850111 0.30369370912461 0.294159374428939 0.340353080436513 0.291813014326066 0.250441039474151 0.286267067091662 0.283709614107331 0.285837416305706 0.292466687371163 0.30207348270535 0.254602999708362 0.295153503777818 0.292217911518536 0.273480018753053 0.324489103673941 0.321501661918182 0.358354624693969 0.283765606669575 0.195038896972282 0.30313643718109 0.417563197161602 0.389535890696159 0.405987946131425 0.405243432805931 0.258100779061558 0.242279549224618 0.30524696421939 0.328273459570249 0.329846070469422 0.236671041520645 0.218993547491799 0.0465270140692496 0.311740976457198 0.243214206074216 0.315462746305705 0.199256201638784 0.291265508181083 0.373289777177298 0.204396728978676 0.248988770427792 0.451284961770159 0.381602923450783 0.140178165801532 0.268359579648543 0.437942690836223 0.339103529939065
0.233872044161901 0.216639655496441 0.279626974579255 0.230411982683642 0.230358961325175 0.070815663263488 0.226209491364656 0.166718832948979 0.0693318044569895 0.0677238579070909 0.142116724362488 0.205628015482454 0.282799702589765 0.301710500479874 0.312203234609551 0.419492052545401 0.114156578249144 0.279556483950876 0.33473157385739 0.332491839165473 0.227597061643087 1 0.363088630224536 0.350761195874155 0.364970295981621 0.276898707580463 0.317857635101924 0.244353536384441 0.329055993096602 0.277014957684891 0.408428012995124 0.37694946374846 0.333213228782376 0.325790065073079 0.409451920512615 0.3959628278643 0.167550094751311 0.172135020177298 0.308411689577131 0.300908925482414 0.101648539264125 -0.0557417645822592 0.319811161987131 0.296142060608074 0.308357847143076 0.337760278357996 0.252194700586051 0.120728046354013 0.209642110271829 0.24622056377852 0.225293941360308 0.191608066928909 0.247692985337155 0.247070737414408 0.263143328177454 0.262760440153578 0.217680996166282 0.267244500471179 0.224275290494873 0.195062016981222 0.143640009809798 0.154094789025472 -0.0509075653885275 0.235973239785104 0.21489946078422 0.232459469826366 0.3496917849609 0.372508336359834 0.255521547473595 0.31549382910653 0.118610143214953 0.16710403340434 0.26815777848993 0.126638535641095 -0.0408231542719168 -0.00860031427921977 0.11538149615036 0.0488667059304144 0.2279766767593 0.2137046161647 0.214880298478184 0.278664670545143 0.407661367736458 0.194160277466904 0.235275693505703 0.324230663022649 0.342818237953387 0.252997559459537 0.254647279178501 0.302448867868027
0.58822578116229 0.622529964574181 0.819179597778867 0.716269738614463 0.717875086434792 0.424335184030547 0.749301417554445 0.605775597065307 0.479408784596284 0.401884375289325 0.60978485505118 0.625120419125187 0.838370433023355 0.71506531433129 0.884157570847058 0.797620541872188 0.415106192766215 0.497557614809597 0.559850320591515 0.432218941450445 0.375586637706486 0.363088630224536 1 0.886400150331834 0.754376132345066 0.693721388976695 0.700953067217982 0.636951070571415 0.580242752304101 0.66734356096657 0.833028862975229 0.803860377555784 0.82761140715841 0.766352368244402 0.5207280057788 0.594121059018941 0.535477622050072 0.469674037827635 0.232727232128182 0.46400786445484 0.344488112094529 0.253988769371787 0.740783719985847 0.746134467749592 0.712458435573321 0.67878231413504 0.644575627571439 0.627657497464591 0.577977914813056 0.652067274202907 0.607638864170383 0.628218447940568 0.640770255948897 0.658217133807957 0.47925016813442 0.55980666973861 0.472862461514639 0.49856888174102 0.578818567445939 0.577663602508269 0.717669575974792 0.62069335178712 0.426270373467504 0.607162149380997 0.820853547239082 0.740371612944214 0.74755633398787 0.722388254195795 0.369056964439615 0.383492468286198 0.593227853891978 0.653996102323713 0.492266570669167 0.554773798866748 0.495503671678747 0.430277440521902 0.606478994026512 0.536630102896864 0.587587150070091 0.597030151545349 0.505121670991117 0.625830151560335 0.423027142132961 0.523494989483306 0.863747334811601 0.663350877600407 0.292444980775279 0.440375983561087 0.69865115825073 0.583796100623691
0.560069294588712 0.618115947906028 0.835174935396906 0.844176235247798 0.736108099578328 0.521345502086701 0.793948781885273 0.725634452256593 0.550252247478164 0.499117621765014 0.576549163134305 0.671637784208235 0.774794187376833 0.732055207738609 0.793558015460434 0.844401754504675 0.379302295380529 0.412172896295257 0.479283591670482 0.353435403926804 0.380920564811006 0.350761195874155 0.886400150331834 1 0.68858047514363 0.706429663932189 0.72659838241496 0.718323234425646 0.496705089986811 0.609901964362072 0.73261483666502 0.782321326724617 0.82953383438571 0.833915424486847 0.523231522725471 0.657501942364225 0.595067995211191 0.57729086834876 0.140488192270477 0.434948158593709 0.346721699496815 0.284139358299023 0.751326533102098 0.75182191421662 0.690336778072562 0.679101780989582 0.689762970294634 0.704860379384755 0.607764805292044 0.695132605852857 0.657186180021591 0.690067219606525 0.715203524833938 0.758365104962945 0.471698256267794 0.568917545601734 0.451221910261531 0.485645447824712 0.665321318559821 0.709592561981037 0.776402401989815 0.730211337518433 0.489825460716965 0.674570273229989 0.839177685505382 0.862294884396393 0.786323729786918 0.774884477253969 0.309962728486912 0.359628892732652 0.625475767647673 0.70456763712801 0.450663164548922 0.536770093893635 0.479281154367847 0.428294828075259 0.710104312705362 0.643682310172761 0.508246816875203 0.537617014885912 0.429246918953531 0.587733506010848 0.353097299840415 0.527190552546242 0.789010062400373 0.69750808255114 0.172905736989556 0.435329285567918 0.700764035915996 0.597244457158741
0.524208306343331 0.592773044256934 0.690938397446014 0.569666662726746 0.52346525620731 0.34181513942811 0.535441790839101 0.489725718687269 0.324901856963812 0.367231648738285 0.510943014588808 0.449926142009071 0.636137298082404 0.53888655929169 0.746305097072087 0.676835671404896 0.417610115646495 0.481682666439777 0.43243494361175 0.324420458808918 0.342602873381619 0.364970295981621 0.754376132345066 0.68858047514363 1 0.757465273366264 0.714466863343647 0.527099417963517 0.480526261367094 0.583484089319213 0.679479106363765 0.598503063715178 0.640849159837698 0.571662149873797 0.424091821221884 0.607947865851632 0.636429093297528 0.508352208941636 0.257066801630825 0.476920062469666 0.370389643911876 0.386968014108622 0.678755139112514 0.669983032248504 0.664731723576102 0.603386498611306 0.641274913125558 0.579260243487433 0.572585797664265 0.586939670852255 0.597013875005986 0.592241051267195 0.60283521362449 0.505540295006379 0.522438651305471 0.601321039871369 0.482687567949384 0.514853530243296 0.575526499563485 0.550053560043008 0.575943049943029 0.395755999996786 0.322286289535875 0.3967576450514 0.682846353266898 0.625778646284217 0.740699928547082 0.693059171128359 0.333410542519982 0.363314337733992 0.538443529816038 0.551678594231715 0.447790018261988 0.48550686862325 0.387255149554825 0.370059078037149 0.464124724637012 0.438426352799336 0.571180479358826 0.594976093679103 0.472500628176355 0.596397580200568 0.409053733881769 0.574841370353701 0.766697927725587 0.575101785848318 0.253455061980627 0.453291432271321 0.617001594543763 0.542454537761011
