1 0.666351060543753 0.196541398991381 0.310381560469246 0.0401816375011755 0.177283725965129 0.476149172900467 0.213691300681562 0.192471343107806 0.174458717871951 0.44394636814069 0.330616322093497 0.388959082458023 0.351115434047899 0.211396356028487 0.0455586218391215 0.3398624570845 0.333421286172805 0.666313257723828 0.583636567015114 -0.188205287154761 -0.00431880740521761 0.223924418930073 0.105370403340987 0.117881457329168 0.0805729523471159 0.0688439382473474 0.0541030593383198 0.289939007816321 0.411738464933774 0.287905873177657 -0.0858005511774828 0.438889559548982 0.351767569597926 0.203169891583829 0.194042236624714 0.109280672704672 -0.0726710526596939 0.110318259235194 -0.064411462267533 0.156131695019466 0.115828544295748 0.458448508287615 0.345861302023422 0.487649718719731 0.384919255858235 0.548545417183184 0.32289489064457 0.403040207214018 0.38406606162124 0.449487374457022 0.429848455117879 0.300589234206681 0.352635381669721 0.291865682256067 0.158110020831853 0.739659974358393 0.685435379378434 0.511203173323085 0.556153885592585 0.472481241208579 0.143575076660065 0.527717757447437 0.286579748663339 0.0754790874068553 0.0887110538012275 0.411675825500383 0.36972493465837 0.488101084233784 0.285831245139798 0.43079003032442 0.170988719031678 0.418168189360863 0.458268412752447 0.189992564197297 0.320310420178218 0.343424198338462 0.215208770026151 0.283843769837399 0.200104475201971 0.286223277298988 0.355701895000422 0.278763380585703 0.193672248531171 0.506238737888782 0.341253402947431 0.150048685979734 0.140685217430207 0.380551251507852 0.551875931248971
0.666351060543753 1 0.00940431428298399 0.324081464678571 0.156073184720316 0.150510066772315 0.328043590941656 0.248057248030785 0.147713606979422 0.181498862591502 0.233871600436757 0.315582948984464 0.135514450397301 0.268062709394679 -0.00844214987916512 0.00492588041766435 0.644126007098926 0.773394892189915 0.689700959559193 0.629734821975627 0.0304289647665952 0.014775293437815 -0.00966998229632622 -0.0300725105322719 0.0627917997373837 0.124736996146868 0.116154773070877 -0.0303234501086079 0.411669716644503 0.567410230313962 0.272651068793801 -0.0578269586424172 0.507694980687829 0.638303294874312 0.204824560001965 0.283077728370852 0.0902762124538442 -0.0887279116862797 0.20856107457122 -0.159488008355003 0.206381602268138 0.133273397361234 0.525348625146018 0.494510693436209 0.534202990068249 0.53234488434139 0.648967783975461 0.423385122431216 0.567927594205942 0.511192712171945 0.611802237929768 0.619783212293686 0.558020114388023 0.576087970460171 0.564244272633084 0.368807599796153 0.748021430978858 0.882151772161192 0.374323112649767 0.536733681872396 0.289089458626482 0.102312005698877 0.564218327900107 0.481226398513309 -0.14623951058165 -0.0816638365222096 0.207910247108769 0.366618715435619 0.250847384521374 0.12796671459127 0.356949756187885 0.265036470405676 0.457487204313045 0.56502242520671 0.0784588450655668 0.228732830012668 0.169732483579834 0.191087170331721 0.335058130532262 0.558083342867882 0.544798742535141 0.601208645261436 0.23270170810337 0.192820274638455 0.260787363226041 0.379599012685059 0.115300475970217 0.11281810084296 0.341027135037569 0.464046975803976
0.196541398991381 0.00940431428298399 1 0.430489331315567 0.323558058026984 0.288398582851474 0.641884623343945 0.302048593928052 0.543435081960307 0.394787209906367 -0.0218117950833449 -0.0940789364311526 0.37103709981306 0.0664704076462643 0.557868157462407 0.317298870681097 -0.20652168570231 -0.183778305521614 0.22839092612067 0.253447736909957 0.155703940309628 -0.0137892925452344 0.821922570485864 0.586934363663809 0.4684430935623 0.294485480244188 0.341674514275549 0.267945498520247 0.0285439240270822 -0.00112888041113251 0.397691300971532 0.21131126421019 0.312651492512887 0.0268215972446683 0.336501650829981 -0.017877338757103 0.293293767712673 0.200774454152724 0.0355812618499207 0.233771020852016 0.0652280736317353 0.129373154045825 0.2209993488829 0.00250342607631655 0.22351567017792 -0.0987031441816009 0.130587808981737 0.176240845431346 -0.0286320473080224 0.0465578669615305 -0.0392549802923528 0.0159695291947387 0.0550386036991753 0.131547042552626 -0.0503042586452893 0.145998680875456 0.0336807749390406 0.104446911294578 0.0751045174958064 -0.052128317828083 0.434644195160569 0.182096131192071 0.0156945882481837 -0.105088739762382 0.728453472638235 0.491788123435858 0.738856484119776 0.372124714281337 0.273988674179032 0.31620212808971 0.306731429801717 0.17155005319224 -0.0101948315210736 0.137552676878782 0.103727628596959 0.246186445680593 0.256782418627926 0.261703568748163 0.00577412039835616 -0.0843174684612057 -0.117627554814191 0.0805408349803683 0.32241065855907 0.385861419427728 0.564524112286612 0.328519845780902 0.177578614654359 0.391019756637599 0.267746318175592 0.296867776704841
0.310381560469246 0.324081464678571 0.430489331315567 1 0.318816373012898 0.611988021058438 0.415774973136831 0.68567990926444 0.419437337907193 0.658941075129548 0.00398437816816306 0.448868214108637 -0.054285471299312 0.324568161882275 0.127515810357646 0.386981466299731 0.0615811170257713 0.166860537196389 0.237020990948332 0.354890772061196 0.0610158106560848 -0.0543469285754324 0.328512779860821 0.489900495065282 0.371577091463525 0.472260610111606 0.191100620485131 0.320792030608304 0.10351967579259 0.331382977657254 0.328602599703083 0.170304915462563 0.331477477508651 0.330855594222738 0.309896414092567 0.34005476122374 0.169178289614788 0.00876621207330085 0.0984406049266247 -0.0737239670114931 0.240688367588433 0.205524915947747 0.418144355674181 0.311951162238864 0.32086278537205 0.172945960300996 0.385566405043023 0.253329507992194 0.293083474514301 0.313275755969901 0.305692309374632 0.297320581449921 0.337778444121041 0.346799113346373 0.28361940655601 0.165292288155665 0.263160563129418 0.27835708543785 0.200150632353684 0.278043087957234 0.280916192474439 0.678951287567447 0.10225334854154 0.320154524420968 0.333240927526473 0.613924681661106 0.385293587079197 0.523509975920799 0.192173478751366 0.140746576551576 0.424198585582911 0.360068306317421 0.298962718177677 0.452389491525815 0.13552282390694 0.227899658633343 0.222105027946638 0.137460384749954 0.206706610098004 0.1813584164883 0.286027689457068 0.331552300795426 0.106868852639851 0.21016110503336 0.203761480386891 0.632603724314174 0.0969592869727166 0.333251767457971 0.258289543328708 0.608939151238929
0.0401816375011755 0.156073184720316 0.323558058026984 0.318816373012898 1 0.474584515429856 0.398224052171126 0.402871443081946 0.587000533688101 0.383227657755421 -0.0520821498226703 0.0637487630271313 0.157140146603544 0.121118398377528 0.291857160573537 0.157599899596179 0.00388636213645861 0.156883972427233 0.0440650138478787 0.236305276380136 0.158438916735045 0.180985499098272 0.234872276792898 0.169541974754403 0.197922871789132 0.133821853682816 0.2525674605917 0.258811904761643 0.0951712712387618 0.141093185783376 0.258407332538083 0.0899319760854073 0.373052383229793 0.24656157888423 0.070152763668521 0.0514576614533325 0.135812634572957 0.0301107020948191 0.178333625626759 -0.03664412704814 0.0678368914956024 0.311607246335674 0.311025178969404 0.199480050347425 0.285119713141569 0.182097380692115 0.3383546184184 0.277201999255893 0.252225605028851 0.228606895740909 0.303156677332201 0.280380431764589 0.285457475673562 0.326516284029913 0.284912744961448 0.239364501694201 0.162181385478565 0.112235076351548 0.273370738313972 0.118746200703203 0.275360562634651 0.214037705949736 0.143864351159068 0.144535129172699 0.186886337965171 0.141834113923436 0.281162156455446 0.278752848615426 0.201307235169448 0.0568679530783287 0.209287681152808 0.238982734763386 0.062996071959524 0.138776378787432 0.036221401686431 0.080329497611621 0.128658795871617 0.0154688033545394 0.135165848139896 0.159913773179325 0.167970514539214 0.198753393004665 0.0489926392583174 0.101859829270212 0.038612303408979 0.159683361364516 -0.0533404218384126 -0.0646823328228462 0.377476480309023 0.230885091814874
0.177283725965129 0.150510066772315 0.288398582851474 0.611988021058438 0.474584515429856 1 0.382585008366266 0.66138736542015 0.508498909834503 0.709331406760106 -0.00428490346377886 0.366591466785714 0.109058496768131 0.375817470387724 0.145495345512049 0.320727439829645 -0.0232442795342467 0.0573002267333391 0.081752319921862 0.263729998179318 0.0378163863941014 0.0497756616093473 0.224395937956717 0.346930704618823 0.152054759484346 0.383202486366357 0.17221889904428 0.525550415523167 0.0266678524786742 0.255548863269731 0.280899857113617 0.159261122401558 0.233768867137971 0.189635946945815 -0.0263625259297769 0.082058997937715 0.238519691394342 0.0583839954804053 0.0399552017763449 0.121586007374179 0.120887611077379 0.195926142883065 0.255698862417444 0.123015765030274 0.180244762808415 0.0720977594979057 0.270737668614652 0.197384965205045 0.150810150194942 0.232342599528836 0.237810743141988 0.257404385986916 0.22858565907865 0.305481194426496 0.164478714386979 0.195987265253464 0.145703993362762 0.126303134602626 0.237251424363264 0.21940285442396 0.262826483293591 0.654107752420294 0.0264471546343479 0.230005402919318 0.191743410912051 0.370461895364201 0.190499263573533 0.2172979003281 0.310251371203095 0.30031148887334 0.37132925154445 0.202583405822363 0.105679584457798 0.357899335904044 0.0836869807306104 0.239808599017707 0.217050336854249 0.0698220743925016 0.298414115178633 0.158751744621128 0.19960943248829 0.231061265030746 0.024861746810311 0.085464599070667 0.0306886890198123 0.377942024797018 -0.208298434259883 0.0683509550337447 0.202573961908837 0.519977214737644
0.476149172900467 0.328043590941656 0.641884623343945 0.415774973136831 0.398224052171126 0.382585008366266 1 0.512790119729763 0.703347811242511 0.455066478665268 0.2913459053794 0.101250278045109 0.597620025612018 0.20009949051561 0.442509438086873 0.0866819866107797 0.157884426945193 0.217579301149413 0.415227270136155 0.477102475046054 -0.00439992143325122 -0.0521920889373235 0.508363986401361 0.236823519915439 0.132380450458953 0.08006577334611 0.14100876228597 0.0689683118104481 0.288516686097425 0.331383294302375 0.327569364663985 0.0256831265544594 0.503851686768603 0.319589594444365 0.142847714459699 0.0215410618672247 0.150453493254151 0.0978307508637856 0.139226879859139 -0.0480175086224115 0.175256909188886 0.242208672342242 0.27994148948556 0.156233282569721 0.360257700032383 0.165807201701728 0.380918629564625 0.251891823848851 0.170445590861715 0.209371871583325 0.313646263772787 0.209930214752897 0.352657680924359 0.355100008497877 0.261617933015457 0.191258539146523 0.38980918884549 0.348356828686875 0.345171637643211 0.186393859426761 0.665037911353932 0.157733613081295 0.458755632665253 0.309419772800172 0.476461925275534 0.189916931373517 0.537444356495905 0.386375195692593 0.262534657347949 0.244813021581561 0.398132170282619 0.178634025830122 0.166637612770721 0.269095568230643 0.192526172980463 0.224714889847141 0.293588665882933 0.303289621692815 0.293956638647791 0.22946329265704 0.273153440282919 0.386298951705381 0.283945212385311 0.181881701850068 0.542778903178964 0.309551731711259 0.156767688822858 0.163391169022045 0.486806486142948 0.331908376767813
0.213691300681562 0.248057248030785 0.302048593928052 0.68567990926444 0.402871443081946 0.66138736542015 0.512790119729763 1 0.490892267851385 0.72331198094348 0.172161870598025 0.518510300999196 0.200011546126674 0.476188893542252 0.14338096579682 0.345653932175568 0.0831929672393729 0.166636260841452 0.211259529150395 0.277979510234976 -0.0183872998208813 -0.0309832659285116 0.268192468180762 0.446311688632939 0.121711292350112 0.383021279670338 -0.0396038688583601 0.233831948618579 0.302059731055102 0.450548023723329 0.454633506732394 0.405290616235086 0.363994309464587 0.421653593666327 -0.000579247008433406 0.111582292381354 0.161243348366513 0.0387311885431549 0.0297915020103647 -0.0817038235065944 -0.00559507796774443 0.187272010499227 0.252863821372481 0.118402564152783 0.219608385140431 0.115987986330425 0.321130240071261 0.171276638270178 0.222554105897637 0.277647985356423 0.331268399004976 0.264064818280488 0.35952207682713 0.308977707766881 0.25583754016319 0.224811795905714 0.191305041504472 0.20433467483948 0.239469540241119 0.280791613468821 0.327092406410866 0.653058780459905 0.234291407926125 0.484446725275576 0.174365347608869 0.397451717356137 0.168912345508374 0.338212891179672 0.241401464896732 0.208056451030821 0.205461218585591 0.266575386878072 0.149229234406346 0.294165475998145 0.0621322962562944 0.142478766021558 0.107055788255572 0.253473778199164 0.247056993366182 0.190959057134725 0.379864727142309 0.353409066963862 -0.00370736427010626 0.149589628944826 0.131468722920694 0.444040638447792 -0.0759043500809387 0.10345440495326 0.212421672679805 0.379790445423314
0.192471343107806 0.147713606979422 0.543435081960307 0.419437337907193 0.587000533688101 0.508498909834503 0.703347811242511 0.490892267851385 1 0.59280442067666 0.150195606800988 0.0688956652930092 0.445075135602181 0.116456781679622 0.365365936695414 0.101284941561572 0.0619671250689909 0.0920688539435771 0.114719405376417 0.240558918868358 0.079084620731978 -0.0149960631603937 0.404005055704171 0.250110984274044 0.101980654652037 0.173533141045167 0.288911138761176 0.151599556712941 0.124924860368065 0.194743669814182 0.274055116505257 0.0641048540905007 0.363856735906793 0.225784413387266 0.131550705534522 0.0835211688612177 0.170051522474735 0.120068470320503 0.163331175659188 0.00259502177458689 0.148264808379816 0.198433917081023 0.232472012915848 0.140088215336431 0.23252944967836 0.111249242683914 0.252565663470784 0.267334662326182 0.120266357843923 0.19720198384226 0.239586152772866 0.0983011708705007 0.30217311970544 0.275436009296469 0.189367226656515 0.173725029525395 0.165758863645083 0.151725986856583 0.269052783036104 0.108534232845706 0.498526413824876 0.251521760783574 0.169907851810187 0.122392349078444 0.417270765700305 0.160140710944407 0.349081859329816 0.26611874970605 0.13971571386877 0.153352174302038 0.407369562577338 0.273274944943606 0.0581038173894572 0.18623732134996 0.19536145895829 0.0958023454897717 0.16582510424186 0.0785317986210297 0.143067542769306 0.174851906770024 0.20790927188929 0.238287875176991 0.0538897665884223 0.0440436033842944 0.282589581343276 0.138449695244206 0.115238816601686 0.108360817541155 0.436393448845494 0.241972804684788
0.174458717871951 0.181498862591502 0.394787209906367 0.658941075129548 0.383227657755421 0.709331406760106 0.455066478665268 0.72331198094348 0.59280442067666 1 0.0447448263826618 0.290859033274337 0.154095799763274 0.390050874317684 0.29684048394244 0.48755234733811 0.074024613272107 0.140615614364086 0.229519645948449 0.412330595880914 -0.00446283893015049 0.0156359336070479 0.384026029545013 0.482839389235821 0.0631479286573943 0.333007258145333 0.237399793369482 0.320838382695618 0.125913261103221 0.354597410565033 0.310573369590741 0.201647595042189 0.374891436429438 0.332693036811899 0.0470031372491787 0.0527961945127763 0.206462013804865 0.113911457403612 -0.0751947683536975 0.00303632414745201 0.0673456414738948 0.117406195737847 0.200615589418578 0.0943160835139784 0.161689545240707 0.00949806155098648 0.280279849008823 0.211361778101858 0.125331957172345 0.147279489129133 0.196899844122945 0.178689684550582 0.323153261582066 0.367167786624337 0.160522263284709 0.147230132690491 0.137413200567876 0.113258779500588 0.00292160965237864 0.0377513339180526 0.267269551347709 0.586501566062462 0.180900290152105 0.3418514518631 0.247475490830189 0.33566657427844 0.171859991229533 0.222263647689166 0.256916986763705 0.285089110016802 0.41727031810244 0.26714172722626 0.108906793735694 0.368914154436478 0.153241494485262 0.248813604471468 0.249103164748296 0.20699960048428 0.278876601566273 0.204509376353562 0.315689880668503 0.390828865549411 0.0304424699699956 0.119066547246721 0.219507159677276 0.48661004397713 -0.0873752100412743 0.186288635928869 0.182661787752227 0.424034822070722
0.44394636814069 0.233871600436757 -0.0218117950833449 0.00398437816816306 -0.0520821498226703 -0.00428490346377886 0.2913459053794 0.172161870598025 0.150195606800988 0.0447448263826618 1 0.430356626928111 0.663838694483298 0.44953619054608 0.198932140147831 0.000464424932709268 0.453150705223872 0.33601200148248 0.236235386246212 0.215321452872198 -0.122583980659735 -0.112839638029578 0.0603377931435726 0.0457548657089758 -0.171129645073638 -0.0688270082611052 -0.0543872733021835 -0.171122862886824 0.602165043293946 0.51029758816579 0.139189840837255 0.120155394074061 0.227028982374053 0.312934234290087 0.105987308161293 0.230230358463523 -0.28968066301249 -0.00824938967793938 0.175541517297083 -0.374112187221522 0.103000889878071 -0.0244907489066021 -0.0450173928149848 0.0750977017951847 -0.0259116603583549 0.0946718448396709 0.163002297511243 0.0147811914086068 0.0432761136349671 0.0842938741934239 0.194934846991173 0.0339880559667879 0.0979946282678303 -0.0871028139869895 0.227091539132085 0.0594916031226547 0.435112066991997 0.285009358866737 0.371645970982779 0.247504671991153 0.545087572544667 0.0682234426730308 0.650492996693748 0.46869063933052 0.036493865035345 -0.101169198233184 -0.102971549431491 0.0039743393908571 -0.0923695331410303 -0.0484136848984248 0.0632765886775398 0.253013589286248 0.390470768336337 0.190771559059191 0.168689963998957 -0.0867063475739764 -0.00948772666260731 0.00337097808010419 0.175730855060076 0.323159371146538 0.414739108469249 0.317481008175352 0.139442526703686 0.120930799576639 0.333823048147162 0.105443393175302 0.335372739748545 0.0561760363836705 0.466494897010063 0.0930979678330446
0.330616322093497 0.315582948984464 -0.0940789364311526 0.448868214108637 0.0637487630271313 0.366591466785714 0.101250278045109 0.518510300999196 0.0688956652930092 0.290859033274337 0.430356626928111 1 0.212306052913473 0.751707812335279 0.00798689901298288 0.3550037575859 0.247512134804545 0.254594527483772 0.155001236111619 0.217953496887447 -0.0406671382854603 -0.061886463725787 -0.000246602215182891 0.275856081591519 0.0610025227022992 0.320733246763413 -0.161912656499801 0.172332277334122 0.423287856815298 0.572310164578564 0.296802569443465 0.363199005807017 0.221135029015999 0.29555486580533 0.0284280524642434 0.308186297281887 0.0816143062967646 0.0109523373511962 0.206320576238395 -0.164138733360442 0.0796740284556987 0.12318747756179 0.178622822433172 0.166168791280026 0.0716182226228956 0.100649479035189 0.271187999782087 0.076128499092851 0.154423775730844 0.190223759409689 0.243200682574287 0.199145728420638 0.0515048529159909 0.0473062653127443 0.172547995396201 0.0396501658205592 0.353746575341595 0.277884699365776 0.291164875973489 0.318678746176101 0.282807963447494 0.572959752063822 0.287976292582782 0.52635064248468 -0.0634217560914159 0.249087938879732 -0.093080036626905 0.114937139909442 0.107110253275088 0.0852768390658512 0.182507884104045 0.229772702291261 0.374801745898421 0.405230596392707 0.0451952791854198 0.171453484284512 0.109836216271071 0.0470029575387699 0.274373530071944 0.23259621705413 0.338522494295391 0.262175740776998 0.0129325458579542 0.089733149594007 0.060956509356669 0.391385937548772 0.0401800166552063 0.111183425018287 0.214924989927631 0.351837531395633
0.388959082458023 0.135514450397301 0.37103709981306 -0.054285471299312 0.157140146603544 0.109058496768131 0.597620025612018 0.200011546126674 0.445075135602181 0.154095799763274 0.663838694483298 0.212306052913473 1 0.447521207267843 0.591639732392095 0.1615801325124 0.236550084065578 0.139183651814128 0.297472351210379 0.289696798975632 -0.0510524421067429 -0.0625535544684015 0.458922392034778 0.176618508193566 -0.117731805644407 -0.0848200557506506 0.0563107507087901 -0.0265154969559643 0.465971694817252 0.359673992316371 0.192156083930354 0.109298927484706 0.288307013635625 0.173926347205257 -0.00131714420057464 -0.0734793980084814 0.0343223327621422 0.193036062671426 0.0466375163515462 -0.0740251042654314 0.0518117722985472 0.0695045920445583 -0.0383351133938608 -0.0573477257815345 0.0523653642467443 -0.0296099043803823 0.146842703093062 0.106293156482591 -0.0676888032452776 0.00332316718127535 0.0507363587829567 -0.0265677376729846 0.032209079644632 -0.0392720329002289 0.0863775251351053 0.172973037496097 0.29332625232591 0.191793701776761 0.288048534555424 0.0517764096960879 0.709851540834076 0.00155827776299594 0.481180144823511 0.218303529047638 0.328404544370296 -0.0259099464475274 0.207365137088727 0.0445809087987896 0.098400227424052 0.193442829133268 0.190965244205514 0.175139478667483 0.114752663498804 0.128358166806075 0.0993048466118579 0.169454024057746 0.201705391014832 0.198584460629087 0.200434269949638 0.198247411627171 0.179174174671563 0.230554462798328 0.235206306186431 0.186573864278171 0.569227487230798 0.0757371650057805 0.173478522218917 0.0705210352465112 0.44125095070812 0.0511484959733537
0.351115434047899 0.268062709394679 0.0664704076462643 0.324568161882275 0.121118398377528 0.375817470387724 0.20009949051561 0.476188893542252 0.116456781679622 0.390050874317684 0.44953619054608 0.751707812335279 0.447521207267843 1 0.374907144665085 0.646539759543681 0.229755577059892 0.222564292922506 0.248138814135235 0.425064178779975 0.0205983895127935 0.131309380355428 0.287748597031258 0.479057624881047 0.00711524354528172 0.31944792377352 0.0714186172837254 0.335066864108534 0.436347630727964 0.556627637182362 0.43321978486375 0.389424051024037 0.379938571603148 0.319357536873542 -0.0339120922706572 0.104451438523664 0.154328242279571 0.143328986252186 0.0370483938583705 -0.119863498685215 0.0803140401341558 0.169280753847911 0.122267383243918 0.0816572847471916 0.0968223769419724 0.0402040359417533 0.312005543854722 0.152092822730822 0.137618485045641 0.120130908699136 0.241155621849716 0.230204549895836 0.176552512206878 0.166819833340536 0.171214702022363 0.199268280787462 0.369759910775039 0.241493018808717 0.140706441409296 0.174632825338727 0.30078210679942 0.408990546263727 0.400553956809537 0.509583941758444 -0.0601783936968812 0.18568259069498 -0.0108008694315928 0.125028580842175 0.207683429166352 0.191368557073374 0.231829391751116 0.285188133575334 0.315760747429125 0.447139235233771 0.0863446825312033 0.3230425866312 0.284613847425005 0.222392494784986 0.322581807625458 0.194901682913403 0.360151296856324 0.424790905217095 0.211297931094847 0.313505352142639 0.325795085728922 0.468120445072256 0.0206341004241504 0.282484682034422 0.207461747039449 0.375697924217223
0.211396356028487 -0.00844214987916512 0.557868157462407 0.127515810357646 0.291857160573537 0.145495345512049 0.442509438086873 0.14338096579682 0.365365936695414 0.29684048394244 0.198932140147831 0.00798689901298288 0.591639732392095 0.374907144665085 1 0.525466435694472 -0.0618550759574856 -0.102339434117288 0.180945827890762 0.268030608691814 0.0809786801090874 0.0257167990200308 0.739448017544941 0.450350359023525 0.180726348321913 -0.0184063404592714 0.295149666631247 0.178776728695802 0.0850808947938653 0.038096758884012 0.206665097052882 0.0665240722687048 0.317586432986418 -0.0367608550264914 0.15950337144102 -0.0862931066475669 0.240179340567359 0.170828133597855 -0.0839833471309671 0.0423234766487834 0.165608467487376 0.180831723485025 0.0575443903219343 -0.0473372646156692 0.106551201780603 -0.0766442803163868 0.157618153410903 0.104842377713505 0.0250499165633175 -0.00843199788502077 -4.58736014074018e-05 0.0921238725636064 0.0983843639589698 0.158229914030383 0.0150999228744503 0.101671325893087 0.119407704521654 0.00626368385776659 -0.0262863659734089 -0.135613582035499 0.416144876340035 0.0160876283290904 0.163975107822395 -0.0575252845191869 0.413076790930345 0.126516828578554 0.341132543472178 0.0650620836701114 0.106788150465135 0.0961373124196288 0.329987408391175 0.3208485617379 0.137286023861375 0.204177190240378 0.037761798325189 0.253958128854287 0.264419936899099 0.143858913962419 0.0607258558034841 -0.0545184027847859 -0.0585479975642072 0.102039861469469 0.384505353438565 0.339561655200351 0.67686516586693 0.325920612023718 0.207102391450696 0.272944894216153 0.28759817364919 0.167625170840757
0.0455586218391215 0.00492588041766435 0.317298870681097 0.386981466299731 0.157599899596179 0.320727439829645 0.0866819866107797 0.345653932175568 0.101284941561572 0.48755234733811 0.000464424932709268 0.3550037575859 0.1615801325124 0.646539759543681 0.525466435694472 1 -0.0608372181157779 -0.060932903970969 0.073027724471415 0.294548447783874 0.15123222212394 0.135564821278906 0.548054008006078 0.661895091516448 0.246199167262687 0.385170696361026 0.351351222974767 0.516531968125073 0.10818519313978 0.211904754822213 0.37097894651082 0.365996691476527 0.273599421863374 0.115141437447372 -0.0224557354352335 -0.0583240540832851 0.414991972181887 0.227102815698948 -0.169203186961935 0.185353734380998 0.0702689335905794 0.186096735838245 0.0965128252922651 -0.0265882857412494 0.117508626395035 -0.140007510827294 0.18268328196521 0.185796890436387 0.00381687260615347 -0.0483426997826961 0.0158417152507063 0.138630650732576 0.0774683291179773 0.193013846164121 0.00439758839463894 0.228462228953814 0.00831333858521013 -0.0633136593342181 -0.238709430909473 -0.180821539331663 0.0885249977793472 0.333726207065967 0.0507153250857433 0.211937973120125 0.190483612414537 0.383996284357559 0.190442893335759 0.11891928982471 0.166037484488288 0.213076508450295 0.270327812446672 0.182663581119027 0.10177888675077 0.36070940324643 -0.0294170697773554 0.468908516379634 0.339441354480184 0.276822934976233 0.184893635531083 -0.0024034215041328 0.0967678845057724 0.274304916126509 0.242027006644476 0.416227008554913 0.407245212151563 0.599854556302004 -0.0353975901074826 0.4615782796872 -0.0610155860540406 0.326483139549433
0.3398624570845 0.644126007098926 -0.20652168570231 0.0615811170257713 0.00388636213645861 -0.0232442795342467 0.157884426945193 0.0831929672393729 0.0619671250689909 0.074024613272107 0.453150705223872 0.247512134804545 0.236550084065578 0.229755577059892 -0.0618550759574856 -0.0608372181157779 1 0.837048757369952 0.392755399805259 0.447368405605784 0.0814106763388802 -0.12918189022872 -0.180468011735823 -0.123300128987831 -0.161477760556237 0.0332177984617154 0.0754245237552119 -0.150955528992475 0.674523318938594 0.691899610831973 0.130111258139044 -0.01553950865327 0.406753664651514 0.680144392554896 0.197808556986078 0.380549352734669 -0.105682415265521 0.0692487584531866 0.337664153016591 -0.320920774837277 0.24499252139195 0.0797972489513088 0.214111773171133 0.373074633837757 0.199864092190101 0.326145785069949 0.421723730220249 0.315817207202357 0.352066568300239 0.200636091244364 0.444553954097764 0.252850991690365 0.484089433900247 0.2830001345807 0.587636432351818 0.272992227351287 0.632166000706235 0.547350615923367 0.179688033812954 0.236448369102807 0.258713146318682 0.0413650033977703 0.68608938122783 0.610460916662867 -0.206838190551708 -0.247973536270537 -0.20532143518515 0.127649694240415 -0.132064694650408 -0.0959356551903082 0.183261035433264 0.331054531107342 0.512121662425319 0.418373286420211 0.0819847471668285 -0.0687429034219671 -0.0298893412210112 0.095846594482928 0.434035633125737 0.749605141779574 0.793368087901735 0.678700776244784 0.236004664889932 0.114879811717722 0.141634062661693 0.238592784530493 0.359835037171878 0.122296557293506 0.333448467575008 0.12470498516826
0.333421286172805 0.773394892189915 -0.183778305521614 0.166860537196389 0.156883972427233 0.0573002267333391 0.217579301149413 0.166636260841452 0.0920688539435771 0.140615614364086 0.33601200148248 0.254594527483772 0.139183651814128 0.222564292922506 -0.102339434117288 -0.060932903970969 0.837048757369952 1 0.483898566449176 0.569785112042221 0.0833720640990162 -0.0084739059595455 -0.195456833130322 -0.183921183710765 -0.0724545338407414 0.0821656455217777 0.061625744000386 -0.117340479253924 0.601761004943618 0.702204551259022 0.157372423493126 -0.0729618664577843 0.50727942533593 0.737138559295683 0.199101420815983 0.335584081631481 -0.108455086120397 -0.0981608338547572 0.303233051702238 -0.388450669102621 0.237947809830782 0.0677423203106221 0.34116141976856 0.470388888129283 0.377072195448887 0.43217650118455 0.491849955293868 0.344408301415505 0.422905283940491 0.266552471469271 0.502369907090471 0.395389469466672 0.55267743920077 0.49173758792182 0.615819459225095 0.282517131026482 0.629551928637867 0.640871052607019 0.22270058767035 0.289605372513689 0.289293519899043 0.0328002849696379 0.726671740392173 0.678740917051251 -0.200771134532597 -0.233885768243355 -0.0756824079581928 0.258064816552972 -0.0603220079231625 -0.0980546988732357 0.221951210248108 0.297039324183869 0.464935290922525 0.426084348711185 0.0613577219786144 -0.00478491782804591 -0.0301669182062869 0.0794519031498636 0.430545427319372 0.791788948470491 0.743553420368706 0.706960923479265 0.214126216644344 0.0821460418860196 0.0813489047618801 0.295339326943251 0.249251140872294 0.0215082078412667 0.353886706742634 0.177377927674365
0.666313257723828 0.689700959559193 0.22839092612067 0.237020990948332 0.0440650138478787 0.081752319921862 0.415227270136155 0.211259529150395 0.114719405376417 0.229519645948449 0.236235386246212 0.155001236111619 0.297472351210379 0.248138814135235 0.180945827890762 0.073027724471415 0.392755399805259 0.483898566449176 1 0.718551705853818 -0.0741064151601176 -0.0335013001817605 0.258526660178397 0.0881149071894247 0.0233793138579167 0.00431886562636601 -0.0297567477006634 -0.0209702386058014 0.336786743042881 0.452943230554962 0.178455220475935 -0.1375433891997 0.498082875831206 0.447194921262749 0.188100102095149 0.0760702733183978 0.107136110764298 -0.0587785304618607 -0.0638582320570529 -0.112980090699162 0.123967556393658 -0.0345656829723685 0.35856414758121 0.2447433101951 0.45674538407779 0.373440701424191 0.484031740039804 0.266566311264616 0.365107189770474 0.315092360107983 0.328960599965429 0.412692646571598 0.354032450263699 0.492013083004634 0.281580770849894 0.170124541701777 0.548398695944727 0.606171739782261 0.183316137442615 0.285846016839202 0.276526152184582 -0.0275760264916009 0.462885043437233 0.239855403016966 -0.0521624401334996 -0.101392522052588 0.321045400766146 0.231265664283517 0.444657954064414 0.296854589747061 0.380365120551146 0.122391034976984 0.361562499055995 0.522874327188624 0.102720073562035 0.358537644053673 0.285237110330291 0.164892790365342 0.200827507001441 0.306228518903218 0.282342359506715 0.434341772345036 0.243193578288216 0.183062229657841 0.42761190247178 0.269827742006161 0.062073677974183 0.105414093218976 0.167157196811634 0.313371165778758
0.583636567015114 0.629734821975627 0.253447736909957 0.354890772061196 0.236305276380136 0.263729998179318 0.477102475046054 0.277979510234976 0.240558918868358 0.412330595880914 0.215321452872198 0.217953496887447 0.289696798975632 0.425064178779975 0.268030608691814 0.294548447783874 0.447368405605784 0.569785112042221 0.718551705853818 1 -0.073213612535331 0.139611563063298 0.313694841025704 0.263107416129206 0.0725477785874263 0.175598770697549 0.24736019830696 0.223481875527217 0.369732314657455 0.563277272027651 0.286913388297395 -0.0753827112959961 0.636313094054895 0.561653732998572 0.164421012471589 0.0729114182627179 0.208936730986458 0.112966507509899 0.0366311584151331 -0.0720155654940295 0.233461307426924 0.156265036817996 0.344066445231298 0.241842059307519 0.468850004641216 0.296612725766771 0.499488156251597 0.341258456443295 0.351271626942613 0.218931540676721 0.38247608068404 0.388240279225891 0.456071401997861 0.54551237177837 0.360699860544297 0.226868687752232 0.583689890154089 0.564180212097925 0.140062194144162 0.169147730115333 0.333211225797455 0.104979047458767 0.590020201123008 0.467994032517149 0.0411897723998404 0.0500122670838346 0.383714335468705 0.354918140912689 0.456864883190096 0.324368592450036 0.456390742405644 0.228208700957596 0.430250012216573 0.660550994709165 0.173257819978402 0.400938657588017 0.424966473895702 0.283724073192255 0.44203929174436 0.450260154646304 0.445663753215142 0.647955059169731 0.348045900417597 0.323209354058551 0.457895069526374 0.511220641128531 0.0829001814602752 0.278363960609376 0.224282179041962 0.431201810149208
-0.188205287154761 0.0304289647665952 0.155703940309628 0.0610158106560848 0.158438916735045 0.0378163863941014 -0.00439992143325122 -0.0183872998208813 0.079084620731978 -0.00446283893015049 -0.122583980659735 -0.0406671382854603 -0.0510524421067429 0.0205983895127935 0.0809786801090874 0.15123222212394 0.0814106763388802 0.0833720640990162 -0.0741064151601176 -0.073213612535331 1 0.158461511689756 0.0890760111693898 0.207576441181383 0.320322634302325 0.127377723151418 0.382423843007366 0.0142295397333775 0.0637150572601433 -0.0156514026534883 0.281311246192805 0.244673720386545 0.160248263498915 0.0902529323261553 0.197221562146749 0.152042908520323 0.0790508288281555 0.204294428220956 0.228334791695262 0.121921184649765 0.238957695132441 0.199338390119546 0.190837641753948 0.243972071896511 0.100953224314879 0.160961277614674 0.162539544686857 0.235222313566663 0.215940478343605 0.158608691055843 0.139099249811546 0.125207096893731 0.0831943279385144 0.0667239419033838 0.25215158017157 0.272074346267099 -0.0914825235982633 -0.0135522835125196 -0.060022580889829 -0.0111450017830269 -0.054482320643305 -0.0655918940860961 -0.0378528294557561 0.077031601205242 0.0905201017855722 0.0078209715550295 0.0353117459173288 0.100347671395806 -0.190649118972776 -0.081271761070426 0.0338728194243167 0.30790649319325 0.0363781403920718 0.0506420163728894 -0.0776363580597833 -0.0260330447699221 -0.033035846679559 0.0494572824585115 -0.147274156869542 0.129632176601889 0.077471787381323 0.147847308195204 0.0139908928735842 0.287205992082708 0.101772328555053 0.116587126688824 0.224656004705913 0.354282152609582 0.174300710409324 -0.0130602710716114
-0.00431880740521761 0.014775293437815 -0.0137892925452344 -0.0543469285754324 0.180985499098272 0.0497756616093473 -0.0521920889373235 -0.0309832659285116 -0.0149960631603937 0.0156359336070479 -0.112839638029578 -0.061886463725787 -0.0625535544684015 0.131309380355428 0.0257167990200308 0.135564821278906 -0.12918189022872 -0.0084739059595455 -0.0335013001817605 0.139611563063298 0.158461511689756 1 0.0299555288381333 0.0761499662175789 0.130971770514536 0.112251385083523 0.235378171456163 0.272804748407814 -0.136532131914992 -0.0851454145194805 0.157187910799814 0.105971897763116 0.101681491068303 -0.0374978926756849 -0.163541696072508 -0.227564430127601 0.149156776803712 -0.0375368581660534 -0.0396441018724564 0.106912329869795 0.0291659708157052 0.159118856057072 0.119840362610632 0.0451909843156296 0.152200800022949 0.0124914807119115 0.0881719970686282 0.0374502761828138 0.0767000180469382 0.0351508818288217 0.0893144610068533 0.169568462762385 0.0286960284545515 0.204244590257125 -0.0180682005193592 0.0260353401587774 0.00327852722875853 -0.0217939689507317 -0.0282047647072855 0.00071694266933151 -0.107591770646441 -0.114220438767366 -0.0124796463749944 0.0174478606640935 -0.0842578487068424 0.0246677132775273 0.0879673213291725 0.0321497954930062 0.168944147238012 0.0341143387455217 0.0381015150423499 0.0274352531070465 -0.131114418109063 -0.00754117155030575 -0.0967739787105683 0.0801840979927324 0.0729813977223167 0.0469588455243263 -0.0656914542645253 -0.121350951328852 -0.126796945702371 -0.0444278738408176 0.06955869972113 0.0735015177966447 0.0053827337548958 0.039112088244861 -0.168338085478652 0.0656688086455706 -0.0187514385997072 0.041132986626213
0.223924418930073 -0.00966998229632622 0.821922570485864 0.328512779860821 0.234872276792898 0.224395937956717 0.508363986401361 0.268192468180762 0.404005055704171 0.384026029545013 0.0603377931435726 -0.000246602215182891 0.458922392034778 0.287748597031258 0.739448017544941 0.548054008006078 -0.180468011735823 -0.195456833130322 0.258526660178397 0.313694841025704 0.0890760111693898 0.0299555288381333 1 0.734018639563386 0.465629578519266 0.24005763077257 0.361102741418217 0.284631450192261 0.101658897420752 0.0760922843242514 0.476374434902388 0.329352827115246 0.395404116298938 0.0260864074475984 0.273568775532383 -0.0417517189410683 0.30934354276688 0.214570290006511 -0.0334168526774994 0.170883424134325 0.0781467394891985 0.189084074354203 0.109126078647679 -0.129933770196666 0.172380492269723 -0.169257364674404 0.10418494148404 0.0922919252811674 -0.0529736286678887 -0.0327510070923795 -0.113184782543713 -0.0100350984791253 0.035676016973833 0.13417411002261 -0.118180238126333 0.0903743451103751 0.0721339323112691 0.0653304998563842 -0.0478767651870894 -0.151737895795849 0.374912838828722 0.118552172275392 0.0335129492362389 -0.113636199008686 0.543262165777148 0.349978223561168 0.607653095765834 0.258138474801939 0.256461775629053 0.270445892293528 0.392364387016619 0.251791351477243 0.0938308602190089 0.237425533333407 0.0497693012473942 0.357502932505307 0.290718403263231 0.224780042542274 0.0294869488765659 -0.149631027626448 -0.119695185525707 0.0969210653516945 0.358128321102506 0.483078576286268 0.648302704632091 0.357715054526907 0.192475369353083 0.400413154222033 0.17332023715781 0.261353118763964
0.105370403340987 -0.0300725105322719 0.586934363663809 0.489900495065282 0.169541974754403 0.346930704618823 0.236823519915439 0.446311688632939 0.250110984274044 0.482839389235821 0.0457548657089758 0.275856081591519 0.176618508193566 0.479057624881047 0.450350359023525 0.661895091516448 -0.123300128987831 -0.183921183710765 0.0881149071894247 0.263107416129206 0.207576441181383 0.0761499662175789 0.734018639563386 1 0.461462323009305 0.543632221277922 0.429101516018742 0.434363056434041 0.147696275024754 0.199652128412675 0.574930418211497 0.623395791970901 0.352489762740535 0.181603292655748 0.246525079461157 0.0903351990660799 0.342540328266321 0.329879846983417 0.013771786507005 0.195619702405933 0.0922781771664239 0.27942277388565 0.150339891115544 -0.0408528994165345 0.0991952457425823 -0.123502201270652 0.129274344694059 0.184318826188558 0.0176862339354758 0.0490558375034348 -0.0292035158717512 0.0435219137255138 0.0864887321185154 0.132217371922287 -0.0112843152333131 0.225563826165605 0.0130419528841551 0.0314599018841289 -0.157884799158716 -0.0968831973248797 0.105869266449275 0.383281464711515 -0.0293198914875044 0.0852682444836275 0.314548330567628 0.484646270119664 0.387127568191367 0.301612789352113 0.217433935770612 0.298649621984062 0.263902641191097 0.322692710730558 0.159411339478998 0.325913324917441 0.072278739644949 0.314807095948409 0.270381089414529 0.23919782091888 0.0584563716325164 -0.0735670682484048 0.0631600524482453 0.227296801264188 0.246682381592901 0.652471195478378 0.44573799647645 0.52087704395911 0.171797399437504 0.61815000489452 0.0825441130097529 0.365131800457368
