1 0.900149995509286 0.747560364753016 0.729919101771873 0.58401808346339 0.586740240681573 0.827235728392339 0.81821921917146 0.57113739119618 0.610018097650995 0.833092983100655 0.829335277824598 0.728797415402537 0.795698280451538 0.623549055589064 0.623108596960683 0.875039835135497 0.830170939982478 0.885415468362607 0.857990871974325 0.363408234554816 0.439503988599404 0.628982105769235 0.550202229572534 0.580625276998871 0.576316919046105 0.319032269687715 0.264044041889462 0.814464484666458 0.778722587114298 0.687749894121686 0.625829597533854 0.834501710189637 0.862984484776779 0.506006172717379 0.523600781543292 0.698790624530265 0.591216567254947 0.566406934659445 0.536065030814721 0.162725678881001 0.499177777991041 0.799966477896265 0.704205535955831 0.674993359244365 0.665769136019185 0.674384072105645 0.730348890838126 0.621197052880402 0.642009450792079 0.799830428815586 0.67442571407227 0.706479445668563 0.715014438008545 0.742179656533327 0.791047190955639 0.935046142885026 0.86237108473292 0.900610940037381 0.863388422179365 0.835295675072025 0.70462085951801 0.79048944291964 0.810097531788829 0.514222405834944 0.63788213956211 0.804989315398402 0.796325172366614 0.605970309347253 0.531532751566581 0.813712158507374 0.742049943430995 0.791611289658193 0.781293270533212 0.447786983477757 0.580527654288005 0.797401447191372 0.769760390407841 0.820595895415443 0.75247440492137 0.853865331609528 0.791502565486614 0.71855306357915 0.599795737278282 0.750344082523493 0.814855018701942 0.348738914752462 0.383362612762033 0.772372968228283 0.846475294236014
0.900149995509286 1 0.732161812684726 0.729951105072374 0.54339514014971 0.534347642192789 0.806805288818441 0.79289009393914 0.54533435497364 0.548619241419826 0.804987540962742 0.77532913651886 0.691150797058787 0.743074570733601 0.597107409892612 0.577478737616819 0.864005478659147 0.887471827751983 0.857699891597609 0.850896988562059 0.371075421346067 0.421133083572027 0.628477307130291 0.562691215560233 0.558440393419236 0.543848591587143 0.292315145939508 0.230978019211085 0.820183417675034 0.800254540850655 0.673086138226458 0.616724653263608 0.764105724737002 0.818996497529092 0.4279530473461 0.400041821250988 0.692811347107297 0.598192416862184 0.627788013169528 0.606562536458684 0.105792588160761 0.44912970402899 0.82653788404758 0.76845059152505 0.746008211713345 0.74401609884731 0.733745787678896 0.776664684994436 0.707036234328722 0.666473695857395 0.775766684158043 0.656067410980141 0.740426006272296 0.733658807315341 0.791105560245494 0.779671245171171 0.884724642832369 0.926406777120991 0.828724631212625 0.814675447057502 0.74391332278786 0.646388286001332 0.7318046633647 0.786052988486254 0.486293473214224 0.580516886987072 0.760801699015655 0.731742404968081 0.590319339819151 0.472198614464379 0.772680070705505 0.771219769903252 0.847477218976646 0.855904090371744 0.448608725701713 0.58814458553115 0.786501450634776 0.714512700396013 0.817709240283265 0.824373331258532 0.84844799999987 0.841785781804011 0.745818773042409 0.666988257642734 0.746830536515308 0.783372574449002 0.440630948607503 0.416655275467434 0.73146037725053 0.819171701429499
0.747560364753016 0.732161812684726 1 0.897598104127279 0.75528935167414 0.660936270333762 0.922143069045979 0.826814093639609 0.758179003578889 0.708151226861495 0.633666749670813 0.538708337093757 0.700491753830051 0.705377356140795 0.837579475693507 0.762366081269972 0.697582190356723 0.67573710444044 0.837662061689459 0.743971049590109 0.441174640844878 0.347256258039053 0.902053322716408 0.831599771194292 0.799575364779138 0.720108732218733 0.490569869752982 0.247464313296459 0.694308541154003 0.637945871592506 0.841198820470672 0.79810449224428 0.84917898991401 0.766593108233258 0.739999187843037 0.556271535050401 0.76877106420966 0.658327484573112 0.615954504885385 0.523246128716512 0.235820641770386 0.480110472648971 0.793402891942228 0.708447528019285 0.715631016555146 0.638687227367994 0.673281646427793 0.73090203836666 0.583258321265298 0.579023182096005 0.770941176796686 0.614723546189832 0.745928168391979 0.743645930872008 0.72119104025538 0.710651947128385 0.735586388741848 0.709650690590292 0.754651579157434 0.700159935650567 0.784305694510434 0.660950998613687 0.578529506376048 0.685237474139288 0.826879887825524 0.80389807184375 0.861006716291839 0.809453785293471 0.589666694953684 0.472358522510209 0.778652239217477 0.774583043799749 0.739936705540251 0.697641081538264 0.442017837488379 0.480351993675889 0.791008082055289 0.695847229023358 0.679406547159511 0.680509246488987 0.745476220247222 0.770763431871491 0.82530616732499 0.729853335247025 0.887095808346681 0.871593115380135 0.560647678720583 0.661169846056913 0.85238853722367 0.813086718619003
0.729919101771873 0.729951105072374 0.897598104127279 1 0.725395753709851 0.764351548831083 0.892327734507466 0.925868363620123 0.74540929976076 0.827847808740428 0.628610455219245 0.601517427038014 0.700715735680792 0.79754698619969 0.817285386080789 0.833547694399519 0.671424983360827 0.654080061630014 0.776164290477389 0.72837937152247 0.481890497330489 0.341585225109938 0.859680023001112 0.874017493534007 0.738848929188435 0.762760866135072 0.53853196316973 0.363525817281388 0.64518194869731 0.649298122151083 0.783444338977235 0.831272030118707 0.766993316315995 0.746540510836879 0.636685053526337 0.465462330711567 0.756808454912146 0.675197557988502 0.595761437752592 0.561106691359272 0.248786152078271 0.489537637731161 0.779630178558873 0.724615345028048 0.659306203286794 0.62692622309448 0.664668264286812 0.710240746710947 0.56724793300342 0.633115045106302 0.747200780322399 0.648199003353665 0.73816019115285 0.791413469256803 0.719644896791768 0.68912159821162 0.724528949346909 0.706198354320477 0.709269318033103 0.710605924049736 0.811850077875651 0.797508729226547 0.542509810381915 0.677185701072443 0.795370205930043 0.877178629909198 0.776074632918329 0.751535611496856 0.492815626354428 0.409490669193366 0.776338421696661 0.790875610020187 0.744876824268576 0.729144799939074 0.52334767826297 0.521329794449488 0.760036517350164 0.662351491088911 0.670826139776617 0.700001431187399 0.72445798208577 0.790067600844233 0.803396412571556 0.761826380716931 0.848674708003767 0.90244197414215 0.516542512108349 0.6295395739124 0.8020462326125 0.853366231661497
0.58401808346339 0.54339514014971 0.75528935167414 0.725395753709851 1 0.717861910834678 0.798722110982404 0.747502228800845 0.866855101792061 0.802664266511743 0.649126625884039 0.579522564750449 0.772597587696257 0.758048657363394 0.801750236064401 0.789855125441261 0.603424921622666 0.580604568458154 0.640477610074023 0.596955358297113 0.359207651636329 0.302370758528727 0.750352463415367 0.695747310824937 0.677060405449727 0.643257565241304 0.537825886409917 0.291631902537064 0.614730821539059 0.588894228554428 0.648361516849231 0.675470252348261 0.714692203541814 0.652141081129395 0.60559299693194 0.417809343993668 0.601489049822338 0.518313819050598 0.538459931338526 0.463575709203561 0.23594533421624 0.3132284980958 0.603190493493479 0.514226925766672 0.498011980297516 0.429404639863322 0.464537410860836 0.526011276358713 0.413765261501197 0.386746159227299 0.635066598723966 0.413041911517335 0.543286046187132 0.503357841630932 0.58212573319057 0.582632870573272 0.572196944777481 0.548375573393102 0.598984168334918 0.534291913081666 0.808299984257193 0.725137042239346 0.580321630601202 0.666055127021924 0.741383103979814 0.738705390877822 0.740691890392573 0.656542239910631 0.359733281779063 0.272750648369113 0.599182528711165 0.575963033742904 0.555665552733844 0.522767794150863 0.415303566435806 0.47657241800817 0.644248945017905 0.602863110102916 0.524411556125466 0.599481352031723 0.635182068168708 0.643629052797434 0.672069238539927 0.616131631197379 0.739823946786227 0.736714211929777 0.52243457844175 0.558718649953051 0.760948240746626 0.703333868413458
0.586740240681573 0.534347642192789 0.660936270333762 0.764351548831083 0.717861910834678 1 0.704625545001612 0.751555916010662 0.704958654124648 0.834269634201853 0.508181139977378 0.532522471610101 0.685466725078891 0.749789837143165 0.772075067574762 0.842638837572894 0.51566026820198 0.478288825917087 0.572389764620484 0.534888339438566 0.447464842736218 0.42935819576194 0.739589346346652 0.747727120098111 0.682892763293603 0.709576774827652 0.680042341517347 0.581741295982885 0.500907906475034 0.485193451535143 0.625369609382472 0.68312910977895 0.628617784713186 0.619227722034059 0.608544937859297 0.488524551431883 0.578984074469125 0.453799113701747 0.397860237757387 0.411766186144989 0.355984982655414 0.400099048346943 0.626400331427504 0.542843720261405 0.484153060845729 0.445549571865966 0.509114052554562 0.521266998562957 0.441157760275269 0.536127962518438 0.655938397148694 0.586359608464943 0.58694510752141 0.659747873340782 0.523758664980181 0.548417191349076 0.563419150147085 0.511548436764976 0.549004295586988 0.514451675584564 0.725613410068773 0.710938349858025 0.439447365393571 0.55731951476299 0.739102678352304 0.786620884232382 0.629127986224628 0.592437588262076 0.308840088057541 0.28019052354223 0.66256965728424 0.561449434429646 0.523407744948685 0.499401133383934 0.489645744324061 0.506845096385316 0.551630731737167 0.612726099665805 0.497253666669548 0.520871725134003 0.598467100440464 0.644014775803029 0.621846075125131 0.613746060351942 0.752564177349958 0.786906326983798 0.334742120006702 0.482306814243802 0.688374795291352 0.718085330499141
0.827235728392339 0.806805288818441 0.922143069045979 0.892327734507466 0.798722110982404 0.704625545001612 1 0.910370663097915 0.81651879769683 0.79526750053445 0.823802646822567 0.720921409879792 0.869523759614016 0.8453314817446 0.849812451990442 0.793523606245541 0.775487444067615 0.749001792919777 0.858740943608078 0.803789599081678 0.393833819727082 0.387210634661927 0.833366046397762 0.746807989875897 0.720588818003275 0.669289988120835 0.503567501644728 0.304249004456378 0.779466950337984 0.732601644761848 0.769104860851452 0.741477023423048 0.840729754462839 0.813396623343433 0.636451421666644 0.491008248570435 0.777227435616977 0.623903597597299 0.628028854372335 0.56791637210342 0.26185651615881 0.483939187527546 0.81683261796641 0.727820112926046 0.70709490718966 0.646727273853202 0.683982090540884 0.747509559070334 0.617802054638957 0.617979581834953 0.81968995154007 0.634216890599053 0.739961523944174 0.729844811614115 0.753130433041608 0.747842304129983 0.778434048425426 0.771539079672988 0.805326869107256 0.783104038189139 0.915843447654043 0.81153866904953 0.720383999557277 0.794642226689207 0.760607171012821 0.81105030234506 0.876451384258196 0.79233412503049 0.600304843746415 0.511413540925508 0.809347943517448 0.788529869026412 0.754902043543874 0.733873833766052 0.457779062972191 0.52961050068445 0.821036684893447 0.743143549355133 0.754334960304969 0.754090911564582 0.814594336437145 0.814298478056649 0.811592326155598 0.716159375007565 0.874525358193422 0.886627483048361 0.485179530656975 0.568806881427141 0.890373200679568 0.872124454358383
0.81821921917146 0.79289009393914 0.826814093639609 0.925868363620123 0.747502228800845 0.751555916010662 0.910370663097915 1 0.766500282571201 0.831646191431269 0.773404231200695 0.796147590820088 0.790905565035667 0.920529909863148 0.781129994813047 0.802468791984342 0.783143735183205 0.75357334673806 0.822853108943384 0.828090437198818 0.428270307946091 0.353034220046489 0.7687777924774 0.744506288443201 0.620997209855795 0.660820376954419 0.424258177586958 0.289879566365148 0.776661509616858 0.798826658526599 0.751383483610006 0.784377878433487 0.824975313876381 0.85528764049667 0.544363047347801 0.438116171594504 0.697510516596977 0.59419617232405 0.613388003191954 0.561228173230013 0.196086562474679 0.434727657779484 0.783741709182449 0.710083056471744 0.643610652842454 0.61342605916895 0.641679489125424 0.687102772889208 0.568024656021179 0.615711061692921 0.761885675331341 0.632558990490955 0.694341417180233 0.739691934376396 0.741381704601683 0.728287140466464 0.789330052356132 0.754916145333762 0.799802419873255 0.807298085703225 0.888466581385208 0.899403087800073 0.740261860051373 0.838521466817319 0.682977952477645 0.809581325643098 0.799495364893229 0.767821802872076 0.495902757172908 0.441358730663989 0.788081256049911 0.795131899305559 0.754589826041816 0.758548849066672 0.517490407469835 0.585290004689004 0.794929443771657 0.713722691968834 0.75360646029493 0.771154250701075 0.809636859141277 0.816759580232812 0.777390260714812 0.690272131562935 0.811015603223945 0.865736380144623 0.459124735136643 0.525998385117232 0.81746412752253 0.88308564337849
0.57113739119618 0.54533435497364 0.758179003578889 0.74540929976076 0.866855101792061 0.704958654124648 0.81651879769683 0.766500282571201 1 0.830151411072702 0.646033306182496 0.554033615615119 0.771829522063458 0.751560561682602 0.862996173245364 0.791933035871726 0.555115488926054 0.515732119076398 0.649778808521052 0.646771865816339 0.369731121606031 0.311141705718304 0.722164068397757 0.663155516415792 0.57918525715187 0.535865706161141 0.490319779753096 0.27276399208084 0.581614835139436 0.567836497626987 0.644086921854215 0.664374208755481 0.713582731563415 0.640500953464973 0.58097759205946 0.419279225879472 0.564642723082996 0.444827035773402 0.44330717452784 0.365388441870299 0.253289904249532 0.283697936445483 0.588712978006105 0.515736605117624 0.492951289720469 0.391438660801036 0.492718422962397 0.501491583124296 0.406002411259421 0.362519604347263 0.573404135266326 0.38883408274982 0.559965902518627 0.485467576299735 0.516066535388593 0.516129501829874 0.532345993088282 0.536041020929562 0.566877732319069 0.54731818658396 0.78012272274262 0.741285921530959 0.59521556920572 0.656733682875008 0.673649873632601 0.674690721204184 0.652814529204188 0.584528888845627 0.395129196078453 0.3681296259359 0.645228303868227 0.571271361227284 0.49595376912551 0.449532961556827 0.360871870739162 0.465204041568038 0.620629742365947 0.57223308115298 0.509836322075154 0.526849646293462 0.618345509967889 0.598042458232898 0.658933450453921 0.609119347965595 0.703100100218504 0.691547524808137 0.450079716102564 0.609302318739956 0.742466695432301 0.662491432922651
0.610018097650995 0.548619241419826 0.708151226861495 0.827847808740428 0.802664266511743 0.834269634201853 0.79526750053445 0.831646191431269 0.830151411072702 1 0.618488903739855 0.603290211703473 0.750201395090096 0.801029613548433 0.797506401746776 0.867037559214471 0.561279333140332 0.52345849312692 0.643518154368833 0.590437856390715 0.416144262008908 0.345511821748913 0.719874318544377 0.736325748150549 0.650422496807261 0.687295025388633 0.627408477578282 0.441118858585154 0.524831609408051 0.544463354167883 0.587411024039081 0.70542906097224 0.65620828671456 0.642889538956507 0.574063070813132 0.421363327075818 0.627796544535965 0.495299540603516 0.46211547559442 0.429253462681997 0.265360035484464 0.388341905222579 0.621210556566115 0.556378582069106 0.449117649551692 0.40761600292144 0.473061446498161 0.532882680405505 0.367650906666185 0.452476125381614 0.619608027569377 0.491969307321122 0.5622155532347 0.604381388453706 0.548798841508342 0.562677386428494 0.572261699889128 0.548270587257041 0.60014843795928 0.597089424348096 0.824912064696148 0.842265909133273 0.533070141444707 0.636914646290876 0.742817921381754 0.838550110111066 0.675667621987522 0.610519515673909 0.35924484465529 0.300237482857142 0.664080725055241 0.611093627641405 0.542500630922827 0.522282148321549 0.448085162636468 0.484071801373253 0.651659080131912 0.636303691968918 0.532434242044094 0.569924045064476 0.623770727551339 0.642081852117972 0.670935833900564 0.609573997718022 0.739587639715477 0.791480662272286 0.401667234719177 0.520170053518151 0.739336794445489 0.754640107269348
0.833092983100655 0.804987540962742 0.633666749670813 0.628610455219245 0.649126625884039 0.508181139977378 0.823802646822567 0.773404231200695 0.646033306182496 0.618488903739855 1 0.885318334595386 0.864728581758354 0.818942032329538 0.601325978061672 0.587340938854052 0.834020826069132 0.808741496603869 0.781680662002932 0.801662211944635 0.259493364614025 0.335011074245789 0.520485722289636 0.403435910134775 0.411676124383362 0.412266607816239 0.264097760479827 0.185318368854925 0.844736800239068 0.779430882455309 0.568470718123219 0.5191794950011 0.725984538262725 0.784601067954137 0.361627105993793 0.333955585036241 0.590041610815059 0.459309405693551 0.524719538763344 0.514343852533924 0.110991884911078 0.426918642037475 0.687247235339375 0.60593757225109 0.57589202059444 0.551979954774947 0.571357943410873 0.622492982829189 0.52545484406181 0.460977697435869 0.671501080057698 0.428185017533659 0.56624048969298 0.490840726740543 0.656437600284131 0.644155852947712 0.768947413781399 0.803966537665768 0.755255400383936 0.758390564736299 0.864922360305326 0.777861119424412 0.846791564393723 0.840947493213519 0.422047334780513 0.579455859416739 0.732859607516106 0.676307587208732 0.526682175008676 0.48282363904619 0.697459232672503 0.642249019195398 0.683805717923062 0.692433200864472 0.441935492868346 0.523905151431896 0.746081556932206 0.678729649840656 0.790614039788523 0.754598071260792 0.804058605516144 0.736645201879111 0.646487658833675 0.553028304013646 0.625861388219359 0.684191499803954 0.371313847597795 0.337790722350471 0.716394743247084 0.736673478750133
0.829335277824598 0.77532913651886 0.538708337093757 0.601517427038014 0.579522564750449 0.532522471610101 0.720921409879792 0.796147590820088 0.554033615615119 0.603290211703473 0.885318334595386 1 0.750385739412566 0.873041845924675 0.512359673632883 0.582941980305593 0.859033984042743 0.826200170165123 0.76625093510294 0.811791504373884 0.299514943361071 0.336020245888308 0.469312966168644 0.382068377551594 0.364798971025206 0.416779205671122 0.220250412913997 0.206341939354085 0.851113529021463 0.861549943773072 0.574767417987512 0.563265666352922 0.730138427732875 0.856392405112256 0.302124093807872 0.314881526661511 0.493679286851421 0.438865689522191 0.534628057564254 0.526339102924376 0.0503750267161373 0.376915081457871 0.650506802947114 0.566098596894318 0.490477791470435 0.493960519598164 0.46896539098068 0.550905992877924 0.431555078016396 0.468079676949139 0.623055428207819 0.464191836967947 0.477177370511572 0.507671884245336 0.645767272790194 0.657585923096361 0.774853979040276 0.752715014049883 0.756175521507152 0.772939541927832 0.81853578553131 0.816547850009015 0.879663719478098 0.895185870312755 0.362698831598425 0.561529268799357 0.673558674803171 0.652315259235517 0.457948320629535 0.421580842545393 0.680161620263839 0.630658154675221 0.658931844223487 0.694964669115222 0.453654169086131 0.568152910800101 0.72759333592743 0.678432582858303 0.797551426670364 0.777288842079526 0.811960357959102 0.727275568109751 0.61214628792366 0.530939006849397 0.581927361257444 0.675824068276447 0.321858377215307 0.269916404197306 0.666835234678466 0.763170032116749
0.728797415402537 0.691150797058787 0.700491753830051 0.700715735680792 0.772597587696257 0.685466725078891 0.869523759614016 0.790905565035667 0.771829522063458 0.750201395090096 0.864728581758354 0.750385739412566 1 0.875074815743404 0.817546534475948 0.791279096863067 0.689836592755277 0.677793497031503 0.728723016734444 0.722006237950296 0.330919778945102 0.349357124910871 0.726717942967613 0.603072913756386 0.589291117494466 0.520201872240631 0.45495860180299 0.288469590209731 0.73435128341058 0.68325215285238 0.633433811362286 0.591548811845669 0.719274855363048 0.699441522465824 0.522550084976386 0.364925650511714 0.619165135658087 0.490625571133675 0.55593588726011 0.476306270257943 0.255403859759766 0.42861971637937 0.665256032985727 0.568900368442669 0.530309685912917 0.484161606349117 0.547739718740428 0.574023646861381 0.51120442549246 0.490668332386273 0.727033293572243 0.505960211039245 0.619517433420291 0.565964435142983 0.629496522575951 0.641617497846417 0.661691731828184 0.632388831823907 0.671808912140807 0.635092452468129 0.875265760413495 0.78051493295304 0.713850296068776 0.755284123661539 0.652296207314596 0.693480764871409 0.719616796407077 0.613984433836362 0.415041186886482 0.376225176605172 0.682826407934663 0.643739672944603 0.581574774678332 0.57882612817357 0.483659856719132 0.466499803029734 0.683760449135293 0.632837594809986 0.679687519771128 0.683429327706718 0.741049850216936 0.723364655069156 0.733194100890048 0.65711331884234 0.760970072062333 0.759587126635859 0.449610682503979 0.494874409897609 0.798766271599812 0.751325900750361
0.795698280451538 0.743074570733601 0.705377356140795 0.79754698619969 0.758048657363394 0.749789837143165 0.8453314817446 0.920529909863148 0.751560561682602 0.801029613548433 0.818942032329538 0.873041845924675 0.875074815743404 1 0.778719238248943 0.834297280785775 0.778880419318835 0.751966459328066 0.786173979554143 0.811859933772811 0.429104263059313 0.341174128739353 0.714528932197702 0.66495655383159 0.567473036197901 0.613942826919401 0.384451779737424 0.271611274900054 0.803929782590052 0.826473548863696 0.714146421385206 0.734245815477829 0.799662464814236 0.847466557938159 0.504207205114185 0.410065366660203 0.617778991525617 0.568846788351974 0.611798903395564 0.571008169548182 0.196483986621202 0.414210037673359 0.717055273747405 0.616700120832458 0.53034995607797 0.506641815617858 0.550464062779785 0.589801200582845 0.489724415571446 0.535594436795002 0.72114417916923 0.554849370585343 0.611133683300087 0.639017576036683 0.684255526334088 0.694934883753709 0.749998770784622 0.689377457373874 0.750971883877171 0.73491562748718 0.887721774604247 0.892932227421525 0.789596933114721 0.864895707994806 0.618402370793952 0.758772525169309 0.743870172683209 0.703436051768814 0.407636120275867 0.369351306995463 0.76611420822392 0.745519157445083 0.674827877465272 0.67703907834968 0.520363334099454 0.576660101307789 0.760618719477942 0.696386639426464 0.757399709847261 0.773131852932972 0.814137149997245 0.799027355326045 0.752942531479126 0.694276831017401 0.761905828256625 0.81754052517682 0.470744961534006 0.526265087358083 0.811998676313866 0.846143166575198
0.623549055589064 0.597107409892612 0.837579475693507 0.817285386080789 0.801750236064401 0.772075067574762 0.849812451990442 0.781129994813047 0.862996173245364 0.797506401746776 0.601325978061672 0.512359673632883 0.817546534475948 0.778719238248943 1 0.897396395162721 0.558953070103748 0.52316762530456 0.684151765690897 0.647884029461504 0.449596577188214 0.322444038656798 0.878136858024162 0.817318678167512 0.734804391163018 0.660494096169482 0.564258137933792 0.339015185086797 0.582287174141415 0.546154533405072 0.757696763356607 0.74081913296614 0.732157146197878 0.65185526611733 0.70018900218695 0.46816282349042 0.651640392397382 0.551708032726541 0.511439250382346 0.419787265905337 0.366957312695005 0.405931285755982 0.672206824724196 0.599302890287966 0.564088450782756 0.481759570442394 0.59360833688913 0.597344034591263 0.510645581018768 0.522765593611514 0.717238405198367 0.579413846025701 0.714869721841618 0.670885739380656 0.606939631041593 0.630652812785909 0.580870482662708 0.540208264802399 0.614802982655084 0.563304433545891 0.780056346281792 0.697114731926221 0.541529946867758 0.630340250721099 0.814416421268585 0.759403069920891 0.68097981871311 0.610374755210691 0.371809289189167 0.333716326403108 0.691408028037694 0.652848134606558 0.547964481317344 0.491572852570628 0.441933197006121 0.421518454968353 0.631033740026387 0.564625270523249 0.55709083278379 0.548456520167553 0.654234878585412 0.668457897462319 0.794816989569735 0.754502786893404 0.84074623986562 0.820029904192004 0.545267771003244 0.715264104752234 0.855944887051138 0.761789962059229
0.623108596960683 0.577478737616819 0.762366081269972 0.833547694399519 0.789855125441261 0.842638837572894 0.793523606245541 0.802468791984342 0.791933035871726 0.867037559214471 0.587340938854052 0.582941980305593 0.791279096863067 0.834297280785775 0.897396395162721 1 0.57942831914281 0.556584139521348 0.665405130522717 0.627314841702564 0.494929857177781 0.328192777145685 0.846295119773384 0.831414719219451 0.729421755490364 0.766446175947995 0.615703116229423 0.435808724877377 0.58042781347409 0.582293184977879 0.739401965060944 0.806159722343415 0.7123328512587 0.666941668692792 0.671984412435588 0.483644528329305 0.628068378945221 0.613753542843131 0.526188805353275 0.506078306338121 0.334143823901647 0.465526808838518 0.676522341808806 0.600372034383718 0.510578109298499 0.455553338001996 0.536483178154025 0.566685343156716 0.439932015588456 0.509655491856815 0.685974607551144 0.55520353957608 0.627912021751696 0.653280902733362 0.598374459489231 0.640890980982592 0.603376313697857 0.531681413752929 0.597165101812956 0.546013417212215 0.791496110879466 0.764004499368523 0.521241724423021 0.63674929682579 0.795427027369652 0.838266600874499 0.67771357770489 0.623626567942443 0.285330654694094 0.226418698202224 0.676805390355543 0.635226231780776 0.563279799864593 0.522950774401605 0.477653916811803 0.49024640852763 0.658795718083776 0.633213016820287 0.586114397312197 0.612060242187556 0.67625039955494 0.708618428661496 0.761081000566793 0.748202062690215 0.803314133035813 0.84228597575384 0.515564550090595 0.706378160802259 0.806806687773623 0.792851454239088
0.875039835135497 0.864005478659147 0.697582190356723 0.671424983360827 0.603424921622666 0.51566026820198 0.775487444067615 0.783143735183205 0.555115488926054 0.561279333140332 0.834020826069132 0.859033984042743 0.689836592755277 0.778880419318835 0.558953070103748 0.57942831914281 1 0.953255346819714 0.872730460381724 0.872884972078771 0.346950241556119 0.408682011770986 0.598291394206324 0.524176128745628 0.522348805206587 0.547488410550075 0.260457791569 0.188133467200776 0.936056757962175 0.898874099929117 0.715468407145039 0.673019591518913 0.83067597977844 0.897709644315991 0.427127490873014 0.432784243996075 0.659962848550755 0.57799490959039 0.64763569132806 0.591365182682216 0.105280634282883 0.484133776760545 0.767680559116755 0.680453822277337 0.654512037716882 0.638348120075883 0.62596144105481 0.696078836343749 0.552291400892734 0.525356016390789 0.676672897424746 0.50471971547942 0.611552580842474 0.647092240656004 0.749817120994531 0.715518177118085 0.914370469072448 0.861038592578545 0.790406039043731 0.752497958143383 0.772992218123228 0.688060235481784 0.841712623392358 0.8942758289092 0.494976442643276 0.611842509986895 0.776421847868073 0.755027971866829 0.606618606082502 0.493525141934133 0.755764137181764 0.75019076054328 0.810375166883517 0.818857016170301 0.443389314701016 0.571165935528507 0.835530428606441 0.744680893464856 0.903512255103838 0.881688299864021 0.939159566556392 0.861274088874197 0.726899304066083 0.588430767835858 0.726765712918834 0.750608595054456 0.453657928782026 0.370166513537967 0.715367744960362 0.767354741457776
0.830170939982478 0.887471827751983 0.67573710444044 0.654080061630014 0.580604568458154 0.478288825917087 0.749001792919777 0.75357334673806 0.515732119076398 0.52345849312692 0.808741496603869 0.826200170165123 0.677793497031503 0.751966459328066 0.52316762530456 0.556584139521348 0.953255346819714 1 0.854638524789628 0.846704290281642 0.361143868266462 0.341210422570692 0.606700817790845 0.531063890089439 0.533417436223385 0.55009507879955 0.255077646471513 0.172402364058874 0.915153680571936 0.914733868004841 0.713306349911846 0.659903733193604 0.788165415845375 0.86068809959224 0.399057797743097 0.338966874986824 0.646905440533494 0.609632337551798 0.710796090927645 0.640120637662459 0.046931846538022 0.480374206774436 0.771400090914498 0.694368472022696 0.660995351728896 0.660136740003185 0.612302023799081 0.707792600995439 0.565084430039881 0.533536926741655 0.65457358866692 0.492618735849138 0.589979036692614 0.648343449595865 0.763793528442242 0.713367080803235 0.897020091972229 0.872007088358016 0.761752128740172 0.712549621829816 0.716589678696695 0.633697343459618 0.785510635475571 0.867567720379503 0.497224111526033 0.597942288043464 0.764027069262184 0.727036224353023 0.570783185236657 0.439429940035318 0.713444038181507 0.753656364674678 0.81622923033713 0.839015867969693 0.429658534989088 0.555336184026517 0.837923867381717 0.715234712729802 0.886143302418835 0.927779894988775 0.925082276395681 0.903102001388446 0.762486220912183 0.623980049639241 0.728215700997321 0.741604133679727 0.503040255062354 0.38355361662865 0.673650459261039 0.747894505456628
0.885415468362607 0.857699891597609 0.837662061689459 0.776164290477389 0.640477610074023 0.572389764620484 0.858740943608078 0.822853108943384 0.649778808521052 0.643518154368833 0.781680662002932 0.76625093510294 0.728723016734444 0.786173979554143 0.684151765690897 0.665405130522717 0.872730460381724 0.854638524789628 1 0.929246555177622 0.369219079519174 0.349807501120728 0.753906265371574 0.650913106381779 0.645717640757237 0.602999392207471 0.332791365435097 0.225901223876853 0.867793874779919 0.8421775562862 0.790784261602793 0.74430275306581 0.900346681800013 0.898922265777892 0.569626680271216 0.488092764156373 0.700175425735548 0.617711960450945 0.641683356098797 0.56296493259874 0.126083705896592 0.534258335297706 0.801005320431551 0.713793177003646 0.670940508107022 0.647817359942928 0.666192780246661 0.717488018410694 0.572615172649954 0.572680037866966 0.712430486278423 0.578631294915879 0.688589457111765 0.7119766338495 0.754451443891845 0.750681904241746 0.872018185327978 0.821294787889831 0.828979694400034 0.779448736012054 0.77803181068588 0.672354670950588 0.766639450456944 0.83872097373017 0.629973037752943 0.679323554467218 0.823885058485114 0.786508288555021 0.69454595083621 0.579601078648603 0.853990904521153 0.83386371167441 0.819180326912981 0.803688481795117 0.475624420335923 0.592589910297393 0.88679633331457 0.763676086093228 0.823383361022913 0.803147480292839 0.863697255981003 0.82075863016062 0.792424535116819 0.65322880213708 0.805117126047931 0.823770211027525 0.532114993525083 0.514896087665681 0.788422680486909 0.812156332451748
0.857990871974325 0.850896988562059 0.743971049590109 0.72837937152247 0.596955358297113 0.534888339438566 0.803789599081678 0.828090437198818 0.646771865816339 0.590437856390715 0.801662211944635 0.811791504373884 0.722006237950296 0.811859933772811 0.647884029461504 0.627314841702564 0.872884972078771 0.846704290281642 0.929246555177622 1 0.345367579844848 0.341309719636883 0.669466598928827 0.579116805231087 0.516129438802984 0.497215272619933 0.244603979409022 0.172351319463279 0.897934249801828 0.873599420269679 0.748394540618074 0.703940012757937 0.886145873043501 0.911166592034599 0.483502053979815 0.465625109583266 0.624990795717193 0.522016613946353 0.576899717088248 0.503757640409313 0.146689618564482 0.468630081937519 0.741038243462087 0.660731721424986 0.643644237209059 0.608720424612315 0.640455031648878 0.662466781907022 0.573206648114954 0.515247903412338 0.673483587508984 0.516804825552381 0.652719386944323 0.631445540194868 0.705624505819382 0.70578629632222 0.841821767642037 0.813375868433251 0.797693881400633 0.774560690842319 0.749740618338109 0.686990544085991 0.832576973032784 0.894604246789077 0.502395874279962 0.578564639831252 0.75597469726307 0.749685499874186 0.657017446334632 0.617435188192734 0.814632312451427 0.78449343894219 0.771900241557646 0.764171497385603 0.449998103071074 0.568195159590754 0.812397167385081 0.717851899355563 0.831105253484774 0.76600259551396 0.864928149511694 0.793808671624222 0.744120507778004 0.616330373499717 0.734231736062727 0.757822469464669 0.466053868840106 0.483018639741549 0.720948313072913 0.770730087039827
0.363408234554816 0.371075421346067 0.441174640844878 0.481890497330489 0.359207651636329 0.447464842736218 0.393833819727082 0.428270307946091 0.369731121606031 0.416144262008908 0.259493364614025 0.299514943361071 0.330919778945102 0.429104263059313 0.449596577188214 0.494929857177781 0.346950241556119 0.361143868266462 0.369219079519174 0.345367579844848 1 0.225784304112074 0.506311986412942 0.525970519499591 0.532812503723386 0.509421276907856 0.369041563220609 0.190156456655728 0.341153704167698 0.395342141372919 0.540219455543095 0.521460636154033 0.44986950754585 0.420905606481261 0.429830262386018 0.385369449773641 0.443463402543711 0.545947821742766 0.430467836728972 0.47416225985065 0.194702743821337 0.332894831500865 0.495982909108974 0.466973287996695 0.420219546511317 0.410282956974873 0.425825230179067 0.434193214933826 0.374901098013598 0.383659015575703 0.453463778064951 0.382689535084642 0.392186624861476 0.425200889600411 0.457717182352526 0.415377409506503 0.367724488306534 0.282802399828974 0.372740314909197 0.290067459749677 0.35595277784403 0.32490887707573 0.215962226058268 0.31508426229357 0.442011096483064 0.487260920117168 0.451891420172897 0.474478776708867 0.217508839273089 0.156852384298177 0.342255266759863 0.404831717632655 0.386583234946981 0.339480843916834 0.175042900566287 0.323216755076722 0.43660006732528 0.381552163052239 0.361619244960857 0.448884895632432 0.42163547894668 0.487849324986134 0.511296382365097 0.445964858543205 0.478572125362786 0.479920118926011 0.411633020965768 0.384948209214412 0.481878342957905 0.467779641687213
0.439503988599404 0.421133083572027 0.347256258039053 0.341585225109938 0.302370758528727 0.42935819576194 0.387210634661927 0.353034220046489 0.311141705718304 0.345511821748913 0.335011074245789 0.336020245888308 0.349357124910871 0.341174128739353 0.322444038656798 0.328192777145685 0.408682011770986 0.341210422570692 0.349807501120728 0.341309719636883 0.225784304112074 1 0.327199077449746 0.295418606005504 0.347717329563312 0.33555630283647 0.249486099619076 0.269049907023025 0.365941744493094 0.290370042525072 0.340991071754508 0.294346073500692 0.363304004652003 0.364489313763861 0.266499953794902 0.306460999112932 0.409473258052231 0.205983242695792 0.106021081318856 0.178390681653207 0.28415774939733 0.197714690501659 0.362719832461669 0.338161368404109 0.321318361347577 0.284269715422111 0.318247848740754 0.295905964240372 0.262111588442248 0.291270974010713 0.37735734681353 0.342900545502128 0.376915537417098 0.393674416832653 0.266439715639334 0.320019362017105 0.424373117778703 0.419308854733786 0.347067587607008 0.38334059555395 0.389760517557487 0.32529541828322 0.36217592943079 0.360253013826575 0.28979807615989 0.292731561379229 0.333488942452636 0.318228163648603 0.271655950406727 0.221889929081925 0.460206322297701 0.3079896437912 0.404225340478138 0.353070848245005 0.206380898021044 0.273074862775076 0.327941891741219 0.394833182169755 0.367271816397013 0.297631455739645 0.374489105532796 0.318464934477827 0.251952041595995 0.223922174507013 0.367587702610415 0.367439387949799 0.0137813737007481 0.156372523916735 0.310996521259388 0.363287736767412
0.628982105769235 0.628477307130291 0.902053322716408 0.859680023001112 0.750352463415367 0.739589346346652 0.833366046397762 0.7687777924774 0.722164068397757 0.719874318544377 0.520485722289636 0.469312966168644 0.726717942967613 0.714528932197702 0.878136858024162 0.846295119773384 0.598291394206324 0.606700817790845 0.753906265371574 0.669466598928827 0.506311986412942 0.327199077449746 1 0.925589896861007 0.885700273192375 0.780601710528553 0.609505291109364 0.378245841399565 0.618496875080951 0.589903986160627 0.859812805878729 0.83299396120698 0.772432501641848 0.67885116276952 0.777113115452399 0.519183732371105 0.717350358155507 0.664002076578269 0.630247777263034 0.51700278502787 0.325278709428849 0.477603992001517 0.734309796436414 0.658960201132024 0.641789287608923 0.566731306829481 0.627463026492204 0.658825167338622 0.553131160712051 0.594694922215142 0.749022050512305 0.633210042739223 0.726700183867358 0.754717507453699 0.690235491106979 0.668797653995609 0.647503422268473 0.575393009297484 0.631697389501011 0.548746214416897 0.71155822977718 0.60779294327633 0.446151691388736 0.60290512744934 0.921122049839977 0.830984061599847 0.759065314558815 0.693321473869066 0.456353530589017 0.365313056043945 0.724841871155095 0.743761735355485 0.649355956773889 0.615741851524784 0.468758740940915 0.453891892047657 0.702434820679703 0.613392300600835 0.601445055683783 0.633535655346502 0.677034361304932 0.744956002575911 0.852676176296564 0.752965004986581 0.919315827342397 0.867827589508489 0.597072872419943 0.694673395271399 0.811565353455891 0.765076025519713
0.550202229572534 0.562691215560233 0.831599771194292 0.874017493534007 0.695747310824937 0.747727120098111 0.746807989875897 0.744506288443201 0.663155516415792 0.736325748150549 0.403435910134775 0.382068377551594 0.603072913756386 0.66495655383159 0.817318678167512 0.831414719219451 0.524176128745628 0.531063890089439 0.650913106381779 0.579116805231087 0.525970519499591 0.295418606005504 0.925589896861007 1 0.852300021360017 0.836874968681149 0.59059864559399 0.411588785811623 0.515887242962123 0.501436158043841 0.790289178633993 0.84902004081673 0.673506970375012 0.615099997576704 0.714910703122924 0.499075854547917 0.679736695199884 0.673563661299623 0.597025693882066 0.536111014861262 0.303871008558906 0.485482579085164 0.689837725262261 0.64470802005639 0.596155792683824 0.549009013104383 0.601487301471104 0.612463720810911 0.496572286711149 0.575799327085373 0.677568093490308 0.616334514754809 0.650192592960569 0.74336819308271 0.649699341659185 0.616321591998067 0.598429873892334 0.522720740671492 0.549954910232665 0.478456019115589 0.635751861368024 0.573825918485975 0.325424517178873 0.497082044807978 0.895333006624048 0.86761806225097 0.687966416500081 0.666774764482759 0.340143551076286 0.262621378926257 0.658396812597972 0.730564699368316 0.625297785281678 0.601199766312558 0.483327358310917 0.47036744766798 0.640971098722591 0.555971724390164 0.532063837959791 0.600393688137154 0.591415013146601 0.702326796839807 0.786329221172631 0.744983686878902 0.85465879064307 0.845220535758426 0.577204046074733 0.69406657030534 0.724794481789978 0.726908531425693
0.580625276998871 0.558440393419236 0.799575364779138 0.738848929188435 0.677060405449727 0.682892763293603 0.720588818003275 0.620997209855795 0.57918525715187 0.650422496807261 0.411676124383362 0.364798971025206 0.589291117494466 0.567473036197901 0.734804391163018 0.729421755490364 0.522348805206587 0.533417436223385 0.645717640757237 0.516129438802984 0.532812503723386 0.347717329563312 0.885700273192375 0.852300021360017 1 0.848096753191812 0.672362287135781 0.465614962668344 0.501549551154886 0.456250460882926 0.757655335791324 0.74219149992826 0.674756471235717 0.587020559080068 0.764541575081594 0.559867176460646 0.737921297412927 0.673076089536383 0.591194105458434 0.515224535915405 0.344808579614619 0.462990396434283 0.683905361308771 0.603987947576257 0.620352666187395 0.564888205102071 0.564664377818764 0.644904111000489 0.522874740965028 0.58657851217155 0.718762829781929 0.623231534304018 0.644399450283282 0.715941727725267 0.632855254788858 0.628940317831401 0.598782329737985 0.523284467754755 0.568665358641171 0.478424184845676 0.618133108998164 0.489882699957834 0.31651842324961 0.472393425288561 0.847275455392783 0.790577808966757 0.753814829240194 0.698811565992778 0.454869892614364 0.331665310255908 0.622382937987907 0.657337914419826 0.590848181451479 0.563190231462536 0.405905489657696 0.406561708211017 0.639266654264993 0.589061414438707 0.502291293481147 0.547611547755968 0.589584877818277 0.6629036241924 0.746435469989427 0.654994986096159 0.835859614304501 0.802720123209341 0.487307396852456 0.532453935786968 0.706443039227797 0.684653196427941
