1 0.776249289701637 0.53411897850704 0.259491182844182 0.438662339213878 0.432310120673084 0.592073039754605 0.450444476420494 0.654808347193951 0.461210683815885 0.80868835828288 0.361342389179031 0.770413726166457 0.461074381824783 0.717833829814951 0.505622332378247 0.642825279446206 0.684993764419873 0.524761764850688 0.639920141588234 0.491424428324489 0.269560205772036 0.329288261511766 0.235849275362909 0.400863339960178 0.358840971988692 0.19609853959865 0.272944541667993 0.483321453570739 0.559010078522921 0.119063482140975 0.0337579406277197 0.529411740192625 0.307787982797972 0.0618572299217393 0.0305224859898914 0.378657130763313 0.485532518904312 0.1210830717731 0.386086072499459 0.409724795814497 0.511997936115818 0.154487019722839 0.312844443520752 0.264103623607433 0.294523050645959 0.440233082907898 0.447990722988943 0.310153400264673 0.304162532457523 0.480475716281919 0.272934309680137 0.286885787080273 0.30070114520687 0.51240146782486 0.525355719165522 0.719410723231701 0.792102864585973 0.680669290562645 0.573120828120568 0.690952431865285 0.402469431727725 0.690695493191325 0.457874454824738 0.266145171839067 0.100460031562576 0.149988542663776 0.141594617594587 0.388123720513437 0.440396463073335 0.546894522739122 0.474756139549298 0.638012760000805 0.43557122722 0.242720155122146 0.0534353974586821 0.466323165148328 0.398885362397707 0.396719385088468 0.454835773479193 0.621910239735283 0.68240860416058 0.362963015828035 0.533956144389615 0.764119807063606 0.584448524036526 0.275369440131156 0.518441191314485 0.650820028998151 0.526528428705453
0.776249289701637 1 0.468508429988156 0.282937029504281 0.354771515733218 0.401223355551721 0.534283932508593 0.464680617689862 0.586774988479931 0.410055638952761 0.549353492482485 0.507274133603671 0.598624617634318 0.568329763291563 0.561237327262897 0.475946364627652 0.599332264157402 0.736216390407383 0.662499921385908 0.498264828368684 0.34036082244746 0.0905493526887688 0.260061555117929 0.160182926106479 0.369229198038063 0.250203002546257 0.0878000291612364 0.143346429585673 0.573565447269244 0.647612705908113 0.228201841680693 0.125250393736227 0.496134738424703 0.452320356876937 0.177930035258193 0.205060453508387 0.510557648279223 0.493117586343881 0.277076875913729 0.527753533738347 0.450121818301228 0.504949851443321 0.357206463864492 0.519528063644362 0.450299857590128 0.467507490131343 0.528175171450118 0.554610648105294 0.456396770331317 0.457176378510826 0.54149908410326 0.366408151917281 0.387745730414588 0.434058535241702 0.597669151442737 0.532942646136641 0.716785499813952 0.865968409144985 0.686007100792006 0.721305079397209 0.540255992927936 0.454645284919422 0.62119300565066 0.469157215610497 0.25485173926107 0.186233486147147 0.118394655369892 0.148367016894203 0.3022466416577 0.33725147431245 0.499403991159756 0.39583122110142 0.607607870206451 0.422540316421945 0.31376509135304 0.105351958711102 0.561765705631579 0.463947609808181 0.51992085823764 0.576901351044165 0.698128916062411 0.751239552552625 0.577356580720819 0.522948789058862 0.66826785080771 0.609293161430422 0.397160820686878 0.480896768958033 0.59194219554329 0.620524245394294
0.53411897850704 0.468508429988156 1 0.648895679434354 0.528316619063762 0.47361456800647 0.774927494202168 0.465305129694069 0.548207477579313 0.39737046795047 0.416857405166309 0.31083753029692 0.569254528366743 0.430678671879017 0.715997243276501 0.569903980725863 0.390316839636119 0.354466144386318 0.459337400912809 0.327873432892777 0.376618192914656 -0.017366765169442 0.808950997293802 0.7156331508258 0.593415212390727 0.487032721605592 0.1946779917499 0.213482762467392 0.348574920221161 0.317605324837591 0.57314281514335 0.476973649707504 0.585451649832651 0.431402396894062 0.422666796591804 0.31109526596133 0.419775650759932 0.319930903492141 0.25553452898534 0.308125302783288 0.276010569979978 0.349062800658968 0.40771279218447 0.345795735932205 0.398737569849687 0.303125118016531 0.455159589753414 0.439070316138368 0.290553458747348 0.211718207280115 0.360756728870838 0.22921976682832 0.271447266866375 0.302952227640953 0.495136070094043 0.347425878670393 0.53765522562999 0.470264648585056 0.409644219998426 0.340128367431165 0.48882542453592 0.381746213810118 0.403088175568116 0.284926183413442 0.788154920701274 0.6067154972589 0.490819170700243 0.312293935053557 0.134310549023107 0.174135719621985 0.540196097682833 0.327745956964345 0.401397617732789 0.320840508676218 0.112011555696315 0.0698969222305761 0.482840811897878 0.356000006099173 0.354728723443937 0.335280355357364 0.431568452005608 0.559718673940441 0.456121392780802 0.392955039384022 0.76590748876597 0.581939252205976 0.373279767284424 0.52550191989476 0.539674400839184 0.493884469957065
0.259491182844182 0.282937029504281 0.648895679434354 1 0.467347412925662 0.539525874758889 0.638055818232657 0.745092089802947 0.402890483242517 0.551466900208766 0.12696871856258 0.430786549341881 0.267315481952074 0.485559796530746 0.418289069496276 0.599759952781062 0.124299702320189 0.254939416728855 0.211195745494083 0.388398679303089 0.332450350720017 0.0588653424437434 0.507532034747367 0.701945700059223 0.38746755450219 0.450658032697776 0.0607029678655733 0.004685630912741 0.171282638469983 0.305757401401769 0.595631549187762 0.681842276773891 0.568398500753191 0.403692292919128 0.203386801430534 0.217621522613702 0.160147478251404 0.120416906318946 -0.0942439910243159 0.0225517823063246 -0.0514307528274223 0.108342613742701 0.390279276649931 0.254177040237767 0.412280598455116 0.311779869351263 0.420273491638729 0.353686792072357 0.293813119342317 0.144049513021293 0.232062350272344 0.192021466206435 0.222428088473216 0.312168188936488 0.176839214882044 0.334318979886055 0.271462396506218 0.258222267154135 0.314236538863226 0.153006089264756 0.418373956728762 0.579317063690306 0.187393837659656 0.517003164040286 0.567053991303259 0.700633778703493 0.592109363689352 0.633536673440731 0.251796630668213 0.295590534968639 0.503419333565395 0.430436696102633 0.240303345702051 0.470192766624389 0.132904301893705 0.296681060584144 0.372695748548335 0.417996806924738 0.126626302068101 0.206831779278129 0.17222411964341 0.461429074799663 0.119216218937879 0.240658947812145 0.419409634386411 0.620250282950338 -0.00848482442010402 0.439423785474239 0.348878754426909 0.450995121617696
0.438662339213878 0.354771515733218 0.528316619063762 0.467347412925662 1 0.637123434920465 0.686569162469646 0.596765727156099 0.697268179291686 0.59983279612459 0.296697907896567 0.403411616878026 0.429900924729414 0.385526858977408 0.518868854855152 0.537636725875192 0.20139564064188 0.258659925863373 0.225623132725743 0.235160868495776 0.177866473746308 -0.0360242434310726 0.293864434129766 0.336559825185475 0.119430235308965 0.118277076273072 0.199282423182969 0.117763049384709 0.268227068568826 0.241414211794342 0.251413712756751 0.199075079921624 0.412897578414068 0.24507262053273 0.144531337937476 0.10480970474966 0.0497053251354383 0.127704051412236 0.0536510046665621 0.0519791228680153 0.169673959777869 0.191378588723373 0.254985608731143 0.176003041618416 0.294833501649612 0.283137248482221 0.381830639735547 0.330813929949261 0.301628921550486 0.261184104610894 0.363646820755945 0.217747923191004 0.318859659766869 0.319811405955402 0.308356167618351 0.342137915017009 0.303552750900516 0.353427746533378 0.437675037180181 0.351140048962323 0.596383929634175 0.603578151675193 0.416022532086186 0.525310509079546 0.536296517001747 0.472136564367244 0.331317037890417 0.25193037382632 0.218358851186662 0.260672841870618 0.300173362657674 0.324435726766587 0.263775645027089 0.31364526591661 0.196042909434137 0.149544935482696 0.297566003575495 0.40731926552693 0.199164479469188 0.193839300567534 0.240265095473697 0.368637842436821 0.165760776331802 0.114260784439967 0.534346998554734 0.557987927880179 0.0989544676208771 0.288307034088484 0.482860449576662 0.521109766317798
0.432310120673084 0.401223355551721 0.47361456800647 0.539525874758889 0.637123434920465 1 0.609018818155107 0.633484457065408 0.596927850037435 0.694613448275449 0.318115179684854 0.386621405537984 0.459534463487734 0.465807961626802 0.550420436881054 0.678846715416364 0.270479173645652 0.311888151620502 0.26295361793112 0.276122142567387 0.157816910755924 0.0466152565514064 0.304326460359502 0.382018298685433 0.289294729463815 0.272296863573464 0.284112303210525 0.230233195813122 0.341815807200803 0.423521454578256 0.311939358299978 0.226423999729834 0.421132039876228 0.303040602540689 0.0740870929013481 0.0614584939036576 0.0782741398523502 0.181140278911773 0.0245457868040038 0.14354574346785 0.113949071469971 0.324095806001285 0.267988512746054 0.242812069003383 0.259245219637452 0.222643522436274 0.310766878629595 0.276470875245442 0.20731984696192 0.167495147842552 0.297771914055684 0.179678509578621 0.285310155735552 0.33180448651986 0.278002304070874 0.325909371308804 0.389219714948418 0.380838158511078 0.358384998321557 0.298614754847767 0.54519812423088 0.580146437459045 0.407343619316679 0.544004981544347 0.361972908881207 0.452718697736662 0.191285074468853 0.195616348117726 0.19748617783667 0.249562116384998 0.310305881367651 0.299058299432406 0.260314130669685 0.374709363566248 0.267757745799877 0.173319006297947 0.386318744063284 0.481091205469512 0.267422400511241 0.344105129899823 0.342663354759228 0.441689034199556 0.171334154800653 0.203488651776053 0.471558114194683 0.559296205222764 0.12292404913855 0.3068015218736 0.462779917145588 0.549500999360158
0.592073039754605 0.534283932508593 0.774927494202168 0.638055818232657 0.686569162469646 0.609018818155107 1 0.725575188422104 0.751318716440363 0.560562981822603 0.465184484418035 0.524276389119654 0.654078302584024 0.503967826239941 0.695242144591602 0.57026866425031 0.297184577917581 0.383289828736411 0.45955097477052 0.361416668257396 0.273998366227728 -0.00829338599384416 0.463181279355079 0.420983136801318 0.275767483648864 0.180841795249891 0.120667453460107 0.069775574648116 0.406397823297561 0.368945906925855 0.388419147666595 0.280841375438582 0.595903967129229 0.409005556679263 0.251134355217491 0.202828327064046 0.230572791120865 0.252160571950344 0.143559276613851 0.197003180629425 0.287402770500225 0.333266988405174 0.402395740732701 0.377284526933432 0.448302621498722 0.416149594898505 0.530760680319834 0.528839112504722 0.433530603875977 0.374539094541411 0.50585107913674 0.339806512181058 0.365171798345396 0.384367076780362 0.504705977747256 0.468972569426629 0.444955350398861 0.480451122866002 0.567687547810629 0.485332287261196 0.810736299234824 0.629196174770876 0.560849112375801 0.615314269080034 0.685147473446994 0.546750900973605 0.484128172786328 0.369524602733817 0.248347577094363 0.311743608682422 0.470031171956557 0.318333905683027 0.395047636265838 0.359050110636951 0.310229760623549 0.150645222259118 0.522784958572885 0.54163691306505 0.294674089445365 0.347614784773125 0.387458643867868 0.504867032293239 0.365485547670647 0.275025193436076 0.736225970244372 0.66954201990179 0.227578647354675 0.427842560920119 0.699125952334777 0.664666844477574
0.450444476420494 0.464680617689862 0.465305129694069 0.745092089802947 0.596765727156099 0.633484457065408 0.725575188422104 1 0.605190915401862 0.817861697210242 0.297146267752691 0.583035684534296 0.445904060448946 0.554596374883351 0.465419313857908 0.619015116938037 0.182606820676473 0.408769078718748 0.290614680449681 0.417899840014236 0.342983066921521 0.0787886069364271 0.198066433285422 0.333154626803388 0.221576912221318 0.238301465426773 0.0237936193514114 -0.069509484807469 0.293071302316602 0.431497045250975 0.418715303885372 0.398420711341436 0.574376694947586 0.424720808321044 0.123764305792954 0.197265692091129 0.118734542696651 0.182522730485337 -0.080828622568841 0.0795350930691087 0.0539013893481216 0.199194738878636 0.43227976366798 0.345474930189715 0.479002201699298 0.457760333628775 0.525411458852909 0.511822189182524 0.45548472965134 0.392062275419808 0.467076502094701 0.375725595535154 0.41797993190164 0.466071543469756 0.325869330206463 0.537593874445522 0.316156520374065 0.40258487787406 0.513823075784745 0.409242392445006 0.671924045324183 0.804592923373152 0.404200414350042 0.765833402753016 0.409057099952447 0.559856182488378 0.474781955577541 0.603210757976092 0.329989898051768 0.378901112579755 0.505708995519946 0.446578429127886 0.296540129777022 0.469770616918454 0.265893777947268 0.24371838345351 0.47515152867923 0.580757152314974 0.174311847310326 0.291245781738368 0.282855912681503 0.483530949972144 0.118325859193868 0.202582527121813 0.482646798656649 0.724457252677532 -0.0325794457130224 0.34120427181508 0.565097273441733 0.647745823870313
0.654808347193951 0.586774988479931 0.548207477579313 0.402890483242517 0.697268179291686 0.596927850037435 0.751318716440363 0.605190915401862 1 0.621115895062393 0.494738593148231 0.401174434124004 0.586346830890309 0.363104043625979 0.740872601965445 0.554179536622597 0.303119516492077 0.39499510465078 0.318631813710049 0.388851240194105 0.33592509806128 0.125674645782747 0.263465398124625 0.239137828867847 0.282791100349317 0.23181567705965 0.158871648530395 0.135368198335753 0.297188921950877 0.316633322564648 0.179997145748238 0.0980057091980404 0.491454136302191 0.213976190709078 0.121103877298375 0.090666408018332 0.231146004765577 0.297032528208575 0.012051280447351 0.220752926387604 0.238825205517689 0.315230973263443 0.262409753814965 0.213618856314795 0.34964790130568 0.34864215367092 0.456497061561641 0.440477837892434 0.385725247460738 0.366109464044671 0.478169309619225 0.28296066645683 0.316225889092205 0.33179112567227 0.402263250559206 0.537649954821574 0.454722116613914 0.58215037882452 0.608973039815528 0.492478605083159 0.755245140198838 0.616836138439914 0.444818554946332 0.46893517295503 0.502702322556665 0.414217622209016 0.340895298818964 0.267249314257765 0.329273418234162 0.43280307524941 0.454196078935744 0.381611668258153 0.366810455248585 0.346954829507599 0.253926252294504 0.169437715072301 0.364471981509183 0.413053353656078 0.201729769702312 0.256837449393269 0.350805010783437 0.431434060712822 0.257628064995053 0.264602734045845 0.622912914211579 0.593566570424369 0.130403988671752 0.344088197111791 0.647224799299501 0.580175581230359
0.461210683815885 0.410055638952761 0.39737046795047 0.551466900208766 0.59983279612459 0.694613448275449 0.560562981822603 0.817861697210242 0.621115895062393 1 0.349586691574591 0.466856739918503 0.399738717783755 0.468380744393611 0.497689567138534 0.679143866050651 0.135653286559078 0.311250428864929 0.15170427722376 0.322414992102863 0.380805546135676 0.113832097635445 0.167708626470651 0.29932108515056 0.274799811583716 0.33464723142343 -0.00751675032718988 -0.00178415156574142 0.12038716019557 0.292509480128035 0.24211530359882 0.25998133240447 0.331033215501508 0.220998705524384 0.0186918829378765 0.0583433943585029 0.0405702679427064 0.112659242273213 -0.10041831633001 0.0797080863768614 0.0173060940244534 0.21179652322966 0.283823108277232 0.201977151546732 0.311939243746297 0.268159919495547 0.388678979937486 0.39856164483732 0.305742146880929 0.285272381389351 0.389539543150699 0.265006828415 0.381800500720855 0.426082882416923 0.254296379204802 0.494823581944965 0.297810312733361 0.379041892109634 0.444179901029451 0.372893081771806 0.525476157879076 0.675383538211667 0.327316288837575 0.569005935221156 0.299111120910498 0.442630200243742 0.25446875120899 0.33598427758993 0.240374290764118 0.297544560963386 0.393540860187755 0.403288442518609 0.261531852347528 0.396283537181766 0.161808438063185 0.209572755265952 0.349449018913254 0.397033395247728 0.0960787007216966 0.206897709295067 0.238193057482982 0.397354535340451 0.0644818568481466 0.179289053915681 0.45286542941025 0.633699100833362 0.00499714645519001 0.359420784091872 0.479218007013326 0.599020984308787
0.80868835828288 0.549353492482485 0.416857405166309 0.12696871856258 0.296697907896567 0.318115179684854 0.465184484418035 0.297146267752691 0.494738593148231 0.349586691574591 1 0.273359455668465 0.751123185021638 0.389255191137467 0.607601405040994 0.435777117540407 0.605088288780585 0.586950915166861 0.4271694543003 0.519808924527697 0.462150476763988 0.129003161840841 0.293600016290783 0.171029065802954 0.307963004248643 0.317313743750767 0.0960640834156795 0.116549139629812 0.460149720170166 0.513474759038238 0.0971887044944685 -0.0228669998398765 0.354422596706616 0.221046765462914 0.0360397783579805 -0.0906901995110607 0.152244417862722 0.392212327625699 0.241427635457472 0.35060659926694 0.315509344075638 0.503964338187616 -0.026529372155662 0.160028137557933 0.0621488862544329 0.121700927074203 0.215206247853211 0.236907462853328 0.0869833649182671 0.0806139035201258 0.201053106891674 0.0328844578468469 0.0750589331336299 0.0890352584269086 0.404599413981372 0.301498421312523 0.537963163568851 0.508669749407648 0.362650313685351 0.293994244069697 0.536197529760785 0.240146119515527 0.662498829945233 0.355311490879918 0.200658375946378 -0.0559675492633829 -0.0974193308450757 -0.060911632340053 0.150886359334013 0.189254768091999 0.295138400619662 0.367088355633983 0.527143459423214 0.181104411865407 0.163336699147132 -0.172101155377435 0.33684232455775 0.283857290582498 0.351736866384069 0.477554659407166 0.565756030854964 0.540246928911104 0.226352661011796 0.5100475729016 0.595894833211294 0.346209459723849 0.335791965333511 0.426809113641204 0.430543142871318 0.282634581041442
0.361342389179031 0.507274133603671 0.31083753029692 0.430786549341881 0.403411616878026 0.386621405537984 0.524276389119654 0.583035684534296 0.401174434124004 0.466856739918503 0.273359455668465 1 0.426739839351386 0.72912084365326 0.321482354412424 0.455695658021752 0.113728130323394 0.351454229214033 0.454093155396631 0.339684732263164 0.231901775916494 -0.114985536029041 0.210170331706551 0.209226843586728 0.0800823507959932 0.0456203740074572 -0.287594352875618 -0.110326111054674 0.321479846576846 0.434950026201846 0.18750155982134 0.263494572034403 0.30137214951438 0.339118731953159 0.0574080756173963 0.112074163797554 0.0187886885713372 -0.0686298050241061 0.0751606195585381 0.08665556491158 0.105449323267728 0.0749955202540109 0.149211705297716 0.264585886502526 0.180330267568323 0.210415493110997 0.175046565330542 0.238827184345893 0.130734889735455 0.15732129036813 0.133165573183653 0.0762712070178171 0.00257970718486308 0.148233075787114 0.161648312626041 0.243589005317665 0.0727966773984819 0.270583851953909 0.257580522427602 0.336998791069471 0.51204091610339 0.613968910187923 0.446294371768654 0.684277231148631 0.281963566241168 0.244613231399251 0.17257925868921 0.228197071445605 0.131757179758494 0.110896834890067 0.164494614820284 0.0664140645284844 0.135015343445914 0.356481654576129 0.250460767152099 0.319318142768994 0.463654117771034 0.412547273446438 0.244027444628174 0.306591994607732 0.268279186654779 0.418979808120374 0.321159843292052 0.187125575393001 0.436455302391484 0.526276670131503 0.0637187852379079 0.352070292573322 0.445110509712818 0.438978354082239
0.770413726166457 0.598624617634318 0.569254528366743 0.267315481952074 0.429900924729414 0.459534463487734 0.654078302584024 0.445904060448946 0.586346830890309 0.399738717783755 0.751123185021638 0.426739839351386 1 0.625333601541907 0.818819680979447 0.618106184797033 0.503231854322496 0.521891977728043 0.56152445380056 0.476446044929027 0.362016425366144 0.104845460690048 0.476132951883467 0.300604900855686 0.370896998408971 0.243227676121667 0.133964580180183 0.168119956517668 0.540903290476709 0.554313164951734 0.313491398109211 0.179176417659932 0.543623485670829 0.386118381082344 0.172817182218473 0.125546148453155 0.314404176104047 0.407847067873286 0.284199419985972 0.415948438072755 0.380008718215316 0.447753866282423 0.230924724028078 0.358198642659193 0.263399483709882 0.265785407816612 0.388881514727958 0.40383817458925 0.241434008488047 0.231220574206267 0.366890286773752 0.17362156628526 0.179392829820209 0.218377639362507 0.510359308888283 0.385509720780276 0.506731381038384 0.507450139152616 0.448624332865317 0.407886772652008 0.617841333268416 0.30500066571786 0.671984662640172 0.47744299773714 0.324012698204028 0.115233820543779 0.116029946335843 0.0707002993027163 0.204086505567915 0.241091104160556 0.388729894065125 0.30107655026623 0.435176894777702 0.230807204197789 0.228944598488913 -0.0373649218112904 0.501189096377816 0.416169551651668 0.395595714507535 0.47054614177335 0.537568134093212 0.592534743916039 0.42696634052502 0.482106193363897 0.754819380493823 0.543522108335035 0.377641706287941 0.529858889852934 0.633868146042809 0.502598133071402
0.461074381824783 0.568329763291563 0.430678671879017 0.485559796530746 0.385526858977408 0.465807961626802 0.503967826239941 0.554596374883351 0.363104043625979 0.468380744393611 0.389255191137467 0.72912084365326 0.625333601541907 1 0.510260520488589 0.720111601561139 0.371889439493183 0.45165389091298 0.548288447844816 0.365109689441727 0.285044592374092 -0.0602330338854904 0.377213191655337 0.450409787994247 0.286332653024324 0.230021073460383 -0.128043326785391 -0.0971180718751337 0.48087775953533 0.604521562828724 0.368521523524189 0.416599197114795 0.445095618693245 0.524113772278783 0.265694673795265 0.269877043394727 0.259363299446763 0.268045298075935 0.282827060474049 0.348405589684269 0.287939167089847 0.258176794121739 0.324514143225375 0.43982806311046 0.28996254952495 0.282177853878366 0.311645832821775 0.316859047346513 0.238367309409303 0.233058075002233 0.302580593682522 0.236970269376276 0.201706527244948 0.313210414502303 0.404579664057534 0.3225072503165 0.360852613065602 0.382599854933058 0.322753414392818 0.366371500567181 0.385844106344886 0.472484614724643 0.512685397400694 0.590214456281383 0.243535933016064 0.290810944621788 0.142718556618635 0.226154647570531 0.105274788852228 0.0999433441440723 0.341756596381819 0.224108612116233 0.32452777956319 0.238104206419662 0.259391810493939 0.0390562641912329 0.502543375861177 0.405801832156112 0.450460994021742 0.442219663920244 0.460383721869094 0.576962101749163 0.439998933870444 0.38326069023805 0.53002309805001 0.639467316160709 0.265065870870878 0.47636708684969 0.452640694265117 0.542359632573373
0.717833829814951 0.561237327262897 0.715997243276501 0.418289069496276 0.518868854855152 0.550420436881054 0.695242144591602 0.465419313857908 0.740872601965445 0.497689567138534 0.607601405040994 0.321482354412424 0.818819680979447 0.510260520488589 1 0.736306262702697 0.420316557490106 0.437413670216135 0.437562332411341 0.44426309365261 0.462269231809871 0.169673477030492 0.622806390047827 0.498619773248927 0.579020817931835 0.46885658744301 0.216771988195159 0.279511752150094 0.34414572318737 0.386151987133768 0.403865281610444 0.271392332540649 0.571585569261257 0.302116283878706 0.240844854424344 0.171285157548666 0.409026018262305 0.433745155083732 0.144441183340382 0.373441165908076 0.295797617311046 0.408162728670878 0.271827021277656 0.280443812378437 0.31981962778385 0.271360306701203 0.429638786143058 0.424990281590942 0.276296274566509 0.235686193846056 0.405726868747931 0.210219648164369 0.265297647815268 0.294764308099892 0.452166235259271 0.479617961979969 0.566129226127421 0.569128574889214 0.502601092830455 0.414722054229095 0.607524489173802 0.38096126538169 0.484333794781141 0.373075014144925 0.551999387769473 0.359322405405861 0.304335980006672 0.204526854415644 0.263809662064527 0.345395507355008 0.516262010436824 0.410827734177296 0.397668071142721 0.318656444905851 0.0999733278644124 0.110737896187806 0.478959601948901 0.359415833223775 0.275738189849393 0.338849443633274 0.430858181329737 0.524860829595432 0.376495993363297 0.440017469236856 0.77774123846254 0.616061791959104 0.320209911468692 0.601513060955495 0.653776223577131 0.564111597963305
0.505622332378247 0.475946364627652 0.569903980725863 0.599759952781062 0.537636725875192 0.678846715416364 0.57026866425031 0.619015116938037 0.554179536622597 0.679143866050651 0.435777117540407 0.455695658021752 0.618106184797033 0.720111601561139 0.736306262702697 1 0.268681186700129 0.326574615356574 0.303430760406925 0.416305635820122 0.393283228843423 0.170635966272074 0.544091051404139 0.670885924376361 0.491769004435603 0.522932499712402 0.108838839070599 0.198887411748052 0.235225339520572 0.405302514961915 0.521068055434668 0.494295966169124 0.456435954080964 0.29387298999488 0.0936699558118169 0.0866739051095239 0.200066337422227 0.237168115965225 0.0349035420309173 0.197897588968328 0.0444246733572436 0.238241553306647 0.213004287543567 0.217272733453331 0.238189727195561 0.171948643268149 0.291844420642958 0.277454800768889 0.144891415363615 0.107092013927638 0.245857357846109 0.139087529232947 0.198226272421753 0.271124612294826 0.226246260584565 0.33512970334721 0.368791153960015 0.409158980549894 0.362798071991256 0.298880955593238 0.451518702721074 0.521029430957895 0.340323903306087 0.457344648106622 0.38165519396491 0.452236019720117 0.235947157526788 0.263125781326283 0.241365995603379 0.27731591618277 0.438503318811141 0.396827850809793 0.280316059618517 0.366163790036104 0.127370058578962 0.187119251777838 0.384508586262872 0.351270848414824 0.176273818851896 0.261976192059154 0.281821259972826 0.45723351965419 0.170594782522473 0.324716842802181 0.542450543240956 0.643371243902112 0.107564214589657 0.580036876207881 0.448178532312281 0.545742416703625
0.642825279446206 0.599332264157402 0.390316839636119 0.124299702320189 0.20139564064188 0.270479173645652 0.297184577917581 0.182606820676473 0.303119516492077 0.135653286559078 0.605088288780585 0.113728130323394 0.503231854322496 0.371889439493183 0.420316557490106 0.268681186700129 1 0.789881035170083 0.703205308600357 0.420732564589755 0.30393541453949 0.0572768389805296 0.294216690398096 0.163577084946629 0.323527116065098 0.208772282253286 0.221320322753226 0.0441150259133054 0.794859271191294 0.731863322859079 0.259448650327259 0.115704880659299 0.58608136753124 0.659416863457315 0.446054412262113 0.338074812389855 0.420751511841 0.616817395635622 0.470499957080166 0.546458918392993 0.570640423994733 0.575648788472413 0.317230298832455 0.511514845032448 0.32977809324672 0.37458288175115 0.344975168644806 0.300417627227138 0.312120898259054 0.225735097139832 0.318247615531221 0.132918947176253 0.33683793781015 0.286919767332971 0.639781139036464 0.226552597262842 0.840183184712381 0.658615769475058 0.344777476703448 0.335728544718467 0.260852351791148 0.144821357246677 0.697820225875818 0.318021184551361 0.153719975681985 0.0110990920637184 -0.0151575332983221 0.0416820959997936 0.139191309580346 0.133163785770309 0.405855683413361 0.40328320655281 0.676598203408172 0.145768759570538 0.175633839580003 -0.382449144369256 0.419099449183291 0.24677054949698 0.762313502681667 0.719911421507748 0.865857161682538 0.696272625441723 0.564279982032058 0.61560911681145 0.548217032351132 0.305947048003578 0.560577049696863 0.256755906637902 0.371602834686214 0.290800082250801
0.684993764419873 0.736216390407383 0.354466144386318 0.254939416728855 0.258659925863373 0.311888151620502 0.383289828736411 0.408769078718748 0.39499510465078 0.311250428864929 0.586950915166861 0.351454229214033 0.521891977728043 0.45165389091298 0.437413670216135 0.326574615356574 0.789881035170083 1 0.642310682869853 0.612684991791831 0.431502795815089 0.227523914445937 0.173730113530494 0.0655857125328634 0.334514694604525 0.234508818804158 0.104886845722314 0.0418012607379831 0.709379588785801 0.819622239578885 0.256511333376126 0.182819516834552 0.669429658355101 0.605212321358662 0.245223758657667 0.235429376428289 0.365908680997849 0.538696074606461 0.217622380224067 0.433911409066155 0.384314787475751 0.525489276608675 0.389806011282424 0.546059205739636 0.502426572741572 0.548149788126269 0.539198577111549 0.534860456911468 0.502672212481993 0.414802677721326 0.459504716722408 0.296792875640203 0.393179177080654 0.43055357618065 0.545980119820521 0.460066611178391 0.749691067422271 0.75671600427945 0.545687588623271 0.534273426369171 0.413074441769415 0.311584812003678 0.654404982369392 0.556178201832535 0.124351911186801 0.0442213456209853 0.18330904056197 0.301385891929387 0.377201050297737 0.396038669534086 0.535563148328336 0.489407802521282 0.646797193619133 0.424053362250542 0.206946327146393 -0.063117396568573 0.529884794975243 0.422738979221018 0.582732012267319 0.645811972752795 0.793710363972422 0.794034528767633 0.424340232130604 0.578570845421405 0.536575911494884 0.454890315461262 0.323197689490904 0.350360576549649 0.446632919786352 0.444325740314782
0.524761764850688 0.662499921385908 0.459337400912809 0.211195745494083 0.225623132725743 0.26295361793112 0.45955097477052 0.290614680449681 0.318631813710049 0.15170427722376 0.4271694543003 0.454093155396631 0.56152445380056 0.548288447844816 0.437562332411341 0.303430760406925 0.703205308600357 0.642310682869853 1 0.375048536838766 0.149923333492332 -0.130496175133822 0.372285915246863 0.17699392337437 0.278108894344352 0.0943954281786692 0.0051032991649952 -0.0618418848711642 0.769967634077284 0.650144081073378 0.315719978735069 0.17798048427204 0.597539768916071 0.729585078289091 0.518507414693281 0.476561062964433 0.429678511123295 0.483370549332501 0.598480509244852 0.576811735371613 0.534190614607226 0.460426295713797 0.4689996729085 0.646953335906386 0.413283775521874 0.428575512890971 0.400253816778193 0.423622037342193 0.378674981878887 0.329296657213404 0.383681029424522 0.207391097518826 0.344312076950649 0.340040430771066 0.708721128672096 0.23901749367788 0.633191362043579 0.566241473940774 0.364555423922722 0.453340311222537 0.317575835844235 0.240459872826307 0.689720662562578 0.389708371800567 0.275598341354216 0.121189032278256 0.055624791051236 0.051844190677568 0.138272645703114 0.0993243561612163 0.375686268652346 0.263684186970678 0.539820442503411 0.138512860524371 0.208698885202076 -0.236879253431002 0.631393778690884 0.393198822442608 0.741479482848231 0.680881801047867 0.735399779087661 0.639991644369938 0.78822056886121 0.544177530827121 0.620040559177784 0.406894508606923 0.61945853353315 0.322012263058908 0.505949047689593 0.418484424101166
0.639920141588234 0.498264828368684 0.327873432892777 0.388398679303089 0.235160868495776 0.276122142567387 0.361416668257396 0.417899840014236 0.388851240194105 0.322414992102863 0.519808924527697 0.339684732263164 0.476446044929027 0.365109689441727 0.44426309365261 0.416305635820122 0.420732564589755 0.612684991791831 0.375048536838766 1 0.482766696739748 0.53814844648578 0.235371912377212 0.214170214649258 0.364644438554221 0.437898593056272 0.144065390843358 0.246743398767283 0.26466862248692 0.469493913172173 0.217154748618434 0.233875960167047 0.594953044488856 0.182646178476879 -0.0923244994218101 -0.0153658537259697 0.170113188537332 0.323358617659094 -0.306658928937607 0.0488291809230556 0.00520889050635798 0.230018191113068 0.031870357939565 0.0274930000538887 0.185315865341685 0.203057266413647 0.308721335455589 0.267886822734848 0.183591430983309 0.0896732100919388 0.223251973846379 0.0484691478788153 0.13354283621143 0.14604211001753 0.124819279935287 0.359095970222858 0.416962558765404 0.583217703089792 0.425919974020745 0.236901590382819 0.449435627394336 0.320728398849042 0.275383624114984 0.424129432091209 0.115545116882123 0.0313233374307936 0.383037844143731 0.417820921243717 0.752287736704389 0.723191266289289 0.596894998294797 0.596088465842709 0.397195612889539 0.587600883663984 0.102981447199606 0.282625196871304 0.257117504809493 0.286846800442761 0.0347590453034519 0.15431538119267 0.292405298692657 0.476164863402441 0.0228565959240192 0.4539789569257 0.382937490424381 0.34755075321154 -0.135417619946975 0.476190849883107 0.336257972192584 0.260147126993622
0.491424428324489 0.34036082244746 0.376618192914656 0.332450350720017 0.177866473746308 0.157816910755924 0.273998366227728 0.342983066921521 0.33592509806128 0.380805546135676 0.462150476763988 0.231901775916494 0.362016425366144 0.285044592374092 0.462269231809871 0.393283228843423 0.30393541453949 0.431502795815089 0.149923333492332 0.482766696739748 1 0.33630829326107 0.396398521255189 0.302645389685397 0.624435024176982 0.664599337707648 -0.0652189731231692 0.17156932366968 0.0895477872964205 0.341243696389251 0.340979564404469 0.434501730537421 0.377331309232054 0.168343448431977 0.106277910736891 0.0339556556462631 0.239448102819925 0.310412825935941 -0.0762886118873948 0.228397608603578 0.0146671090529774 0.240076197297745 0.210159997576253 0.179631814851467 0.237250239330605 0.17147875837012 0.289740850615861 0.347140903872948 0.213298478754583 0.128622025683864 0.252324878393372 0.123077169585632 0.121599866663724 0.189399514512369 0.152597235630433 0.380278865462105 0.349445880555728 0.321874176387843 0.317605028520954 0.21168846508324 0.33288012591389 0.16562465877232 0.267334198753877 0.243960637464575 0.24760197580676 0.112226011351027 0.271862610553743 0.323411532792107 0.229921282742428 0.246261457216887 0.527511262385373 0.498421183313114 0.350111888582165 0.316891101400011 0.110126642400464 0.0825390683500998 0.287763441603472 0.141174420904561 0.0777013159838422 0.25497248536917 0.281499770033097 0.398456258036057 0.0648147751050757 0.421749078202655 0.428888276253674 0.354754991177323 0.0938636028517004 0.461375257948055 0.370611883130307 0.266702792957432
0.269560205772036 0.0905493526887688 -0.017366765169442 0.0588653424437434 -0.0360242434310726 0.0466152565514064 -0.00829338599384416 0.0787886069364271 0.125674645782747 0.113832097635445 0.129003161840841 -0.114985536029041 0.104845460690048 -0.0602330338854904 0.169673477030492 0.170635966272074 0.0572768389805296 0.227523914445937 -0.130496175133822 0.53814844648578 0.33630829326107 1 -0.0167995346180857 0.0268623665208384 0.293359079916191 0.338572112562622 0.220182256633764 0.474167443829792 -0.158113588585213 0.0671521061547288 0.0177213196296646 0.0307279490892441 0.230672032472424 -0.201317166814898 -0.298639491215952 -0.182216489961001 0.0896375712567886 0.142131389603202 -0.571551941455857 -0.183475097994405 -0.238627966412207 0.0118319527027562 0.0104313552721798 -0.14021139951217 0.0996289151824712 -0.0187807438354307 0.216866742265841 0.187458125748975 0.135435456863769 0.0651258269891892 0.214748217125798 0.129211708459913 0.19388514341293 0.180292133346444 -0.150151501439017 0.265681663746952 0.143348754041437 0.293887061149073 0.299108494393776 0.109887251433955 0.166684540048766 -0.0743460689054037 -0.122567284379843 0.0547287711165192 -0.187566170464734 -0.102685059475667 0.344005759358637 0.309283839035613 0.681860957960435 0.656005988202553 0.436088792024063 0.436256941163662 0.0842339872896993 0.426426706738054 -0.0422318838144362 0.356802146255583 -0.121713695030923 -0.0530775426024831 -0.310772349602265 -0.252172263785979 -0.0825676672764997 0.0556687188928301 -0.336964097295827 0.153645697336274 0.0247831393420458 0.102555066318747 -0.449647614794262 0.226543344957544 0.173879878590889 0.120355294143561
0.329288261511766 0.260061555117929 0.808950997293802 0.507532034747367 0.293864434129766 0.304326460359502 0.463181279355079 0.198066433285422 0.263465398124625 0.167708626470651 0.293600016290783 0.210170331706551 0.476132951883467 0.377213191655337 0.622806390047827 0.544091051404139 0.294216690398096 0.173730113530494 0.372285915246863 0.235371912377212 0.396398521255189 -0.0167995346180857 1 0.793800490125362 0.71143180594924 0.612752502575814 0.0707175323292585 0.208921073905876 0.222018851175729 0.211414891068342 0.689569280036796 0.60027806705724 0.432198671947085 0.324294402215425 0.401905332756478 0.273347645900933 0.40234106506567 0.230020778018396 0.246130229272875 0.260338452558808 0.161545788040132 0.228443879865737 0.252469524095602 0.247432482872085 0.228050642814605 0.123524589851902 0.195440883594162 0.211382418133998 0.0549594152668461 -0.0277028157174881 0.0700695695685243 -0.00381407202119462 0.0200536694378426 0.0869662286143877 0.273980619371212 0.108789050031578 0.344133796118826 0.225476060984905 0.105440320622258 0.100880081315933 0.193538247898589 0.153046482971223 0.24710017696263 0.0673294205009974 0.683873481341108 0.429119498762742 0.318423421100411 0.154055326694492 -0.0122629280812662 -0.0404171410776334 0.385370203464963 0.231460856242443 0.227072752287368 0.200750629471019 0.0267840055715444 0.0232434094650923 0.329024910223939 0.0770056469504343 0.268347492335083 0.280962610282829 0.303220750073878 0.42528866428712 0.401962697420218 0.414250565670521 0.612013987973943 0.388226328728365 0.393714216849583 0.574244197763465 0.295247783953682 0.235031280556425
0.235849275362909 0.160182926106479 0.7156331508258 0.701945700059223 0.336559825185475 0.382018298685433 0.420983136801318 0.333154626803388 0.239137828867847 0.29932108515056 0.171029065802954 0.209226843586728 0.300604900855686 0.450409787994247 0.498619773248927 0.670885924376361 0.163577084946629 0.0655857125328634 0.17699392337437 0.214170214649258 0.302645389685397 0.0268623665208384 0.793800490125362 1 0.583693028842654 0.63912404454821 0.0942771775716994 0.237958348715757 0.0655453537872067 0.133545802558113 0.585818690868134 0.656950389244128 0.374771825973139 0.262307294533459 0.244755932055268 0.174666829550372 0.248748516766549 0.12679275901256 0.0676051527401904 0.0808698856957142 -0.020661157653117 0.0653169545995397 0.193642300357528 0.141799989628401 0.150410748378302 0.0297719488157024 0.156447098169183 0.0999137749795208 -0.0113397885720682 -0.115080323853651 0.0101182617763869 -0.0147082274185887 0.00658876172035056 0.0674877432363194 0.119821090991778 0.0937927117624843 0.250733947083473 0.148100426644374 0.104097703680526 -0.00633403040071424 0.182973791880283 0.298792838118264 0.0981410736116641 0.117949718581814 0.570440269686679 0.62510171792004 0.342854026518146 0.271346024339287 0.056776987493736 0.061797339871719 0.356771116396872 0.221189519194146 0.181829625876429 0.256677955381818 -0.00584521116820138 0.149924926249998 0.221983448677113 0.15466995248648 0.132495556838777 0.120058514698625 0.146059284824863 0.349015356735053 0.172465914929023 0.242720521402429 0.446217965997798 0.482080254811529 0.138581742903311 0.520354998932361 0.22347094836458 0.257893878535361
