1 0.758126039534388 0.419004350867599 0.268112327869037 0.325831084483439 0.142175113523066 0.507878782410683 0.358874289558585 0.397687033644296 0.0800411467017177 0.378982395335071 0.1686482764091 0.356008633806868 0.0133357920804403 0.323516399229531 -0.026489973448032 0.718091216503767 0.429674254302397 0.585395373212292 0.669372587423963 0.0932414990584573 0.0123713886417058 0.350578518338967 0.213675032933044 0.216843161451442 0.157567631740945 0.226168894204295 0.0680728552262948 0.465540839481815 0.377672707308463 0.373533801810524 0.333521471550224 0.564179659342672 0.426047622605087 0.116525038948574 0.0774001869007624 0.371320067704219 0.187285436094573 0.166638065989613 0.0367620371123196 0.500707563141967 0.0575414132135542 0.616143199382871 0.549915921947135 0.557702483640164 0.566458090770175 0.402184426198125 0.414582624277786 0.571228054487919 0.611839462348008 0.659814052915112 0.567202111103489 0.446691060872085 0.405285843779738 0.53008579201954 0.379530674235475 0.819994541403928 0.721089331467108 0.674994089754246 0.645918166538597 0.666842677277609 0.402529938548376 0.603559139720508 0.313112264304471 0.334141777621196 0.288045547000905 0.41613481728554 0.463494207665035 0.50959443862595 0.484454064902391 0.444694319630655 0.430441923242514 0.589876140578471 0.359099435532718 0.115346713554377 0.136831950149629 0.177573953034511 0.265968942782683 0.31523482416252 0.316781820451268 0.595238440550423 0.466583233279976 0.0426964878109448 0.0444087716367918 0.516945259538215 0.268291650503078 -0.111002681657531 -0.0607981268054167 0.448919864115272 0.281078001626784
0.758126039534388 1 0.32287382945459 0.329873025835697 0.332537294374022 0.137763691378408 0.37582675159155 0.437300607924656 0.398260073785828 0.161434180421929 0.218142612742431 0.302813916432702 0.205966526556871 0.179037935895935 0.276822070605891 0.167487854298283 0.721909254261479 0.688756864631178 0.607844244464274 0.698347220237375 0.153637062825344 0.217910045497134 0.266428642124704 0.197865613469422 0.283248802336109 0.248265050121718 0.19446264483385 0.101896637189638 0.387391939548553 0.563992888573519 0.378670000871194 0.386000344910765 0.573402294426715 0.46275453526742 0.165833437066937 0.0786310688893478 0.153096100859281 0.181502076280574 0.215894347574849 0.14384826402916 0.2665417143494 0.187697195648695 0.572366643965685 0.551103050312509 0.574612229242605 0.56204662407198 0.289774335816715 0.459158458372274 0.587553264646602 0.57712131248938 0.608872997559733 0.577697174828599 0.269994629288228 0.482244282509365 0.303483264842607 0.488064471100582 0.763403577450222 0.892274167498734 0.590781368742991 0.719214007685611 0.434404094254323 0.387877445283445 0.537617043920153 0.330826941708095 0.290612594838916 0.267631716075921 0.396656678528947 0.412031193542666 0.327019159641496 0.509872301468901 0.478120318712958 0.498641398679294 0.415431624197183 0.571102180126302 0.0487353951530697 0.264866344710501 0.243375389477477 0.111327963382715 0.249088164056465 0.589900771727927 0.527056663680113 0.586971441956767 0.115299933374236 0.0970435961362721 0.430870138482329 0.290416408953604 -0.00177139073349838 -0.0678975954661339 0.135221205997349 0.265719426226546
0.419004350867599 0.32287382945459 1 0.543178433413447 0.229264716290382 -0.204444181716853 0.725060414645256 0.13709192416908 0.446363565532004 -0.128774885087787 0.328674944191594 -0.179168521932205 0.411468865417311 0.0756073551296283 0.59225225307307 0.0823542930272537 0.325940342494969 0.0346785001614198 0.397774919017754 0.357575787542471 -0.0344249636120081 0.0619634294813806 0.839788216441266 0.590838213022352 0.631228691977161 0.457036024121008 0.189301277217107 -0.0646536708039417 0.423794527541735 0.0991535395258488 0.743279890243323 0.536552477996844 0.623320610354334 0.390822752689865 0.414483851959926 0.238285293895795 0.524114224340289 0.310970834242427 0.324559074666967 0.322836032749085 0.367772648793063 0.0741647286326854 0.648436663435802 0.51988867729397 0.564208832103845 0.464762779816381 0.570611246581733 0.247430320968661 0.510890928300462 0.487907857390227 0.586494552788574 0.422963110855178 0.536671741944464 0.517649239286285 0.586405290670768 0.325877181240678 0.395803625026026 0.264046952910539 0.44595180092325 0.294478830946974 0.44014574605527 -0.022655793564021 0.170487876110508 -0.00266389061106118 0.76249150699023 0.451329103129473 0.764607479366635 0.537218620843902 0.644453613792128 0.319822068088801 0.505946210741527 0.578397960599399 0.547430867357691 0.108210876948357 0.329571433997745 0.0240733850863639 0.336064020516902 0.36327426489286 0.308589682273787 0.0453536002147933 0.521794955965404 0.551203176915373 0.365069155801849 0.478800068059315 0.748921981073005 0.433572903636679 0.099609318583158 0.406020057988941 0.516832058802927 0.214002956897818
0.268112327869037 0.329873025835697 0.543178433413447 1 0.237968728044313 0.112251321968698 0.563434057887544 0.592386214104734 0.331337272775601 0.41744368397721 0.0473124248712056 0.228334094058097 0.0301455487614114 0.287536963751279 0.221808172988165 0.445424646046511 0.248511441482369 0.125095178428741 0.296463361642185 0.357028476478051 0.166213775409666 0.320895505948961 0.528190035298648 0.730527435425572 0.641623908175446 0.620860619380203 0.261483527457391 0.0824162175895618 0.0299010395375439 0.232974916586467 0.520037263234864 0.508807524119143 0.477064776435555 0.433363304843513 0.493361176276911 0.401656967141598 0.323910452156262 0.408701106061011 0.132859696102108 0.454128611399564 0.231367328287766 0.315748728871165 0.473779274427194 0.370790775302036 0.380934166984407 0.26399052874608 0.424625994580094 0.289711375999146 0.298377398091626 0.317963222950496 0.393353271826726 0.490203353706875 0.130487352951199 0.473989875131091 0.228908280846464 0.395659337613874 0.1202541348211 0.208492911202933 0.192819180460682 0.218112679133451 0.254447999705778 0.331857241928981 -0.0281957416975779 0.19173871389652 0.520589599234325 0.810820789676126 0.522137784462782 0.596506233612216 0.30887175018594 0.367101122650967 0.602451224683381 0.563491388634775 0.249517124810848 0.325344558653132 0.0950119862021307 0.194134445990031 0.128456318226729 0.0742664628802884 0.0877262514461246 0.223524455657312 0.322653399285608 0.654542035142135 0.180921537395074 0.500880150396948 0.443245169752263 0.604798029572715 -0.0400748790090277 0.236834286291487 0.0424418782270555 0.175353735872426
0.325831084483439 0.332537294374022 0.229264716290382 0.237968728044313 1 0.483916988430841 0.270812123342988 0.182752867403528 0.313736246519128 0.206049541746064 0.375410070125637 -0.086006967347826 0.230223004458806 -0.166046472686908 0.206395640582734 0.112902120379913 0.419217519480378 0.0717359089717655 -0.123538706320906 0.0295140744269933 0.268534636556381 0.356193610908772 0.129887585451086 0.13680063489841 0.246610916011947 0.381381842668496 0.412618415928974 0.384204101285948 0.110017216803062 0.0458540916890585 0.186905556405841 0.152360613180204 0.0669011067254146 -0.127713107082414 -0.0313946146194296 -0.107756784850107 -0.0510780271589287 -0.125763816484399 -0.012795774759885 -0.201484821285143 0.012006795020727 0.106777651524692 0.246228167194544 0.267423521904726 0.338672798645021 0.333300425750129 0.0701313056633689 0.461549240573431 0.360843895783599 0.309237382499239 0.317641408926841 0.280042583279338 0.0552464356125913 0.0791836002712028 0.130884740816571 0.242070658313361 0.328704380552246 0.28984489131482 0.296910991290144 0.435630092952393 0.34887612258112 0.296300555357434 0.395485160272036 0.122765561973459 0.336567281869877 0.217603496618717 0.205484236613994 0.200863946415157 0.0723514143452038 0.43138774034256 0.288756608866311 0.23046912855188 0.0355600970541853 0.294481955451028 -0.226384617396038 0.286020211801571 -0.253219599487288 0.280968930432568 0.0784314801357206 0.326692197040608 0.290519212342038 0.180072428970882 -0.08692904581345 -0.105285884721638 0.371581438383199 -0.0426927055895571 -0.235826200634229 -0.356078425486351 0.0164764115819502 -0.156617242779051
0.142175113523066 0.137763691378408 -0.204444181716853 0.112251321968698 0.483916988430841 1 0.0373702895334698 0.38005668704173 0.248228778031387 0.56679541503127 0.112448257317486 0.269996020921694 0.0423062688771686 -0.017412431529291 0.0294171187620533 0.258167960163406 0.170764312942179 0.0286647205434045 -0.142249258938822 0.0413967864733351 0.17963349515165 0.228709313606337 -0.185273575813046 -0.0534487995572305 -0.156625785238521 0.127127689561044 0.386137396832352 0.563253322770376 -0.0219145811329398 0.169649630342141 -0.13429110958064 0.0663897944982161 -0.027549593305259 0.00352620669086765 -0.239872851208928 -0.161439082582872 -0.137260224276097 -0.139673900755142 -0.30297774869394 -0.342172216366995 0.0733103399405853 0.0656114953872798 -0.0404116197016766 0.0230579741455852 0.0753707878259545 0.122110680891204 -0.112387284249303 0.175204687466077 0.0690116668849501 0.0991183512724338 0.0438818422834412 0.0700695277112274 -0.081603728618175 -0.0922671494600401 -0.118421017092588 -0.0322389509997643 0.128900123961829 0.221120092678343 0.0268650551237146 0.229109328471073 0.270045291613561 0.48839790141527 0.306750072834026 0.396218383566474 -0.0379472607358701 0.0969263418193932 -0.185995926759601 0.0455995812454799 -0.0897725960575048 0.156776945015133 0.177968846035547 -0.00200467585760728 -0.121864582290149 0.149023136174383 -0.155864824038105 0.126302533666847 -0.349946943816614 0.0271578800704664 0.0158178477555673 0.215118563557894 0.0240536616427412 0.00589980169079748 -0.280772236544967 -0.240440261832187 -0.00371798703418676 -0.0487810559335813 -0.389317974668066 -0.349737215852145 -0.141676501442603 -0.0652451605687408
0.507878782410683 0.37582675159155 0.725060414645256 0.563434057887544 0.270812123342988 0.0373702895334698 1 0.516075700377936 0.657518166935454 0.131046804609032 0.263618582331703 0.1116130321241 0.448406739310645 0.137765297801035 0.491343231183155 0.129525549812057 0.306021500940516 0.0920848349206866 0.392833871485805 0.334853669681562 0.103596358158532 0.0139557943646063 0.656586433121945 0.440795844067981 0.465025734241452 0.230133132341694 0.209338975737918 -0.0964683256393148 0.395922735957144 0.240572326776277 0.626283887463892 0.502956353884299 0.61572743749297 0.381902732523936 0.380095922995777 0.249810637377119 0.355262798723986 0.277617983108408 0.325852673672019 0.291534269293474 0.31777395504287 -0.0159165201655485 0.639923048476123 0.513004978141125 0.571304147916638 0.452984294373312 0.493828733394236 0.287025023173909 0.497915215953195 0.506074702333305 0.596089287798758 0.485169990565715 0.472553582942569 0.4228265982907 0.539024969636864 0.357405758711269 0.368871385040475 0.371933143529533 0.430022556213786 0.342277476042318 0.71886487086512 0.316750126116696 0.287019944068522 0.231562926716177 0.671202932230781 0.52966282975992 0.653826757577867 0.603223757044631 0.536848390157937 0.360185557367148 0.515335791859751 0.603469041052694 0.509364625003078 0.136404332405153 0.185911123365429 0.106207896165997 0.312978176596277 0.309709138280815 0.295691658188841 0.18101056007834 0.532873742725853 0.564249037499571 0.227440159477874 0.298611671712011 0.608873521311947 0.427334207676196 0.0476612483928382 0.270085262006832 0.515428748585829 0.332719049324427
0.358874289558585 0.437300607924656 0.13709192416908 0.592386214104734 0.182752867403528 0.38005668704173 0.516075700377936 1 0.482409348013308 0.610603882245205 0.00974800715177548 0.647127783277183 0.0768896761911917 0.424589239700657 0.068535019256354 0.399842974844148 0.300297374904971 0.40023070026086 0.366752743164209 0.507005715464492 0.137994182918233 0.102565975989397 0.203949113922126 0.33586474271837 0.164529464035555 0.139447037387786 0.109602886282803 0.0532415935666693 0.161070061889423 0.5937084904431 0.219311699198895 0.36452562345211 0.437733433641186 0.523897682448313 0.274761096481842 0.337194665013062 0.0436069031201662 0.22455331502446 0.10178913512332 0.210257855574885 0.185886489100446 0.0979764879028798 0.280892393140211 0.271588626262278 0.329039809722861 0.302773536729168 0.183490057862458 0.213469214858349 0.219348863668566 0.347896025203293 0.226846779368016 0.404612715320934 0.0287925026230608 0.319289666731893 0.113562344474987 0.277196060111482 0.263979615239567 0.501739639947015 0.144572562132598 0.297932585179342 0.464140406594148 0.733558412745939 0.292650395825985 0.705178723547998 0.231095238881046 0.565443244760244 0.19929690886745 0.468493610193336 0.20718588105402 0.271129643293201 0.368705772337265 0.42718553385733 0.220332921355161 0.303972527559123 -0.0173547762736629 0.205189941567603 0.190307503501601 -0.0386840876334745 0.0665555529385013 0.360588415757995 0.284947495574784 0.574488548274243 0.0596095111074275 0.253017363726272 0.16085282387223 0.485454850722926 -0.0235908695580428 0.130366557859412 0.0117667606438803 0.400757322343005
0.397687033644296 0.398260073785828 0.446363565532004 0.331337272775601 0.313736246519128 0.248228778031387 0.657518166935454 0.482409348013308 1 0.333909327182142 0.318931710251639 0.23604976720882 0.584394056490026 0.259658279472353 0.632438028758021 0.318306347002663 0.31630278543512 0.256369337308717 0.33675762041183 0.265321265648223 0.09940013096627 -0.0316517915322182 0.520261823730135 0.310966640566994 0.279627215962041 0.235741708569807 0.193150078505129 -0.0384924804261731 0.317722244110466 0.334809480695517 0.33363028029177 0.343665129921024 0.466561022777817 0.216888934117017 0.293355380117249 0.244598191868574 0.0878586965359589 0.152828218985215 0.344290537917273 0.239699120371524 0.164772313634148 0.0620105026461756 0.343840707306385 0.282274670815596 0.402237753115406 0.346638206659262 0.20071544992 0.320602735283464 0.352144010970644 0.400293544859158 0.308295144438322 0.294740888765462 0.267774896736743 0.266525627472026 0.310975511488243 0.312485995962847 0.38995609708852 0.463500822014057 0.176628148624972 0.249549245384054 0.51188392749214 0.405131362999064 0.406610945665821 0.341278434422772 0.587503643397981 0.359948922142646 0.325631886148361 0.281080902402835 0.399458181220348 0.3400971106729 0.226775604200927 0.421935476244057 0.391607279960766 0.140561816165994 0.139070857569235 0.0866878167564687 0.28449917757909 0.135605545300124 0.167424350504944 0.253487724391034 0.369843834604029 0.442987216821256 0.317827566595757 0.221876555191751 0.509332178718978 0.365946915006839 0.209624629419801 0.272217720935879 0.34973002498895 0.359794816567694
0.0800411467017177 0.161434180421929 -0.128774885087787 0.41744368397721 0.206049541746064 0.56679541503127 0.131046804609032 0.610603882245205 0.333909327182142 1 -0.0203657022526622 0.593301932904218 -0.0374306335296979 0.394622852113236 0.0859915704513051 0.662131319212195 0.11544316430834 0.180628974614487 0.131281379616157 0.221699560993671 0.167817636739454 0.0617746802020917 0.091377720800072 0.326150723308478 -0.0262424222445266 0.20381289292955 0.142809832760047 0.0796384037020814 -0.0582629478934003 0.349693394296347 -0.162499019452686 0.0135809207917133 0.017115779135381 0.195633061915987 0.0624258163081922 0.198786198340922 -0.208493911682351 -0.0531702378018538 0.0287521924654501 0.107537303697685 -0.0559708550997086 -0.0139127504295501 -0.0234534434114071 0.0189669836208326 0.100596796890798 0.114914775336768 -0.0158793384553487 0.20187404740476 0.0548583361332704 0.124780300428077 -0.0248006288472866 0.168087035547176 -0.097044295112491 0.0603093441921494 -0.0872727835887218 0.138559820415676 0.00557685475693165 0.197438351782614 -0.121205620791945 0.11838829883819 0.220797726962955 0.695330687141616 0.116095146029297 0.59622847570939 0.118231741454365 0.426502797890118 -0.147952875795922 0.108598350357867 -0.126684370898049 0.0542325112301632 0.10192091013884 0.098026577694258 -0.0301236207714031 0.0904750123762893 -0.150353557626652 0.0284165622395399 0.00136351696498813 -0.179855645386354 0.0148613669449792 0.226000740646372 0.050062243399473 0.311348733177149 0.168003642895626 0.200398257590482 0.0921232272800616 0.412096142013647 0.106386242296504 0.135368926910124 -0.109503557314188 0.285367241440556
0.378982395335071 0.218142612742431 0.328674944191594 0.0473124248712056 0.375410070125637 0.112448257317486 0.263618582331703 0.00974800715177548 0.318931710251639 -0.0203657022526622 1 -0.0405346280364318 0.728634496679528 -0.0171541279476643 0.497449549559483 -0.0342164488030307 0.416432424466972 0.00171264669025954 0.168418351958592 -0.000928839914793251 -0.0837791934015288 -0.0477948366835223 0.38567099106464 0.17482981023405 0.172006612692964 0.27718000466056 0.339730170069165 0.210700578391924 0.280270987021412 0.0600743107297562 0.19990507566808 0.169604673493063 0.128373180224357 -0.171220192673486 -0.11942043878835 -0.14227292158012 -0.0159973782092753 -0.14064787202132 -0.0694735144297291 -0.161827157374468 0.0671442311769513 0.195406874156366 0.131938013930625 0.160197264491146 0.170890995177278 0.258407938011328 0.112449538608617 0.161358272222409 0.214829894909969 0.2668519175588 0.207460303796541 0.0928388146671967 0.1580045491997 0.0668675685611495 0.166449411497953 -0.0251993985782288 0.303337645999762 0.188977519811933 0.13114190188554 0.162672705973082 0.247888589756111 0.0120313465826005 0.547166150734864 0.14228498743999 0.276691277226062 0.00164137088128039 0.114389419124512 0.0145049756678012 0.252866304215637 0.292233741972408 0.19957119779913 0.209416226807796 0.264770870440772 0.240907504625135 0.133837350897496 0.317065400134122 0.015750058948724 0.447504567878909 -0.0275475540677707 -0.0272859869224804 0.177926298480925 -0.0251955360725288 0.0668860290252369 0.00870260556680268 0.423216058331177 -0.116610734515249 -0.0116318418150489 -0.114377580347031 0.236596087062038 -0.153105274489376
0.1686482764091 0.302813916432702 -0.179168521932205 0.228334094058097 -0.086006967347826 0.269996020921694 0.1116130321241 0.647127783277183 0.23604976720882 0.593301932904218 -0.0405346280364318 1 0.0348553912242889 0.770467785287116 0.0660966755771174 0.589877279637552 0.111887245845898 0.42590468987344 0.477937970551724 0.494765708270463 0.174858139926415 -0.0462790054343339 -0.00897329473069709 0.153995157060412 -0.208637837588904 -0.123280264619896 -0.123446579815816 -0.1008729194021 -0.0166432294234102 0.538366607313873 -0.123248431921974 0.069681176972028 0.277422999867732 0.510044465617942 0.182086511440287 0.337208934452334 -0.175387399929302 0.0613015823170368 0.0207513320461197 0.209616209147214 -0.0523551592179201 0.0205231486341351 -0.04963414532535 0.0848573736140418 0.0800511870494196 0.124360535911444 -0.056596124405087 0.24320914641532 0.00928317356921311 0.126299264286744 -0.0518461536534792 0.239719792906705 -0.160802874545683 0.0863044381972866 -0.137889620172876 0.321284957296125 0.0271666342739254 0.296369457374683 -0.0693564563881888 0.171403415105739 0.18526319207343 0.616516784170092 0.215945037789968 0.699079709441021 -0.114834369687029 0.165160936347717 -0.103635979812955 0.180145500934987 -0.103119398974824 0.0808386731541136 0.0324154933430486 0.0555570271781373 -0.0464261997948455 0.229162572587393 -0.174547407828338 0.0174479112057411 0.0994241574056646 -0.46348959431174 -0.128169359496104 0.297976431743729 -0.0481524589435864 0.390375426915357 0.233460943446024 0.176734315235471 -0.0742771540323517 0.436017572281696 0.213822566230715 0.169196912544969 -0.146465973314702 0.427070849087456
0.356008633806868 0.205966526556871 0.411468865417311 0.0301455487614114 0.230223004458806 0.0423062688771686 0.448406739310645 0.0768896761911917 0.584394056490026 -0.0374306335296979 0.728634496679528 0.0348553912242889 1 0.119121629910777 0.816546833619105 0.105753711318475 0.352150794088294 0.0486386344613791 0.219878019665009 0.0217858987615967 -0.172445808893011 -0.078791486167997 0.562230052410919 0.20525731569357 0.177917487972264 0.228625470052713 0.245580727632818 0.115649148046534 0.438614758544284 0.166930067235817 0.306175717927365 0.346205313934082 0.283459424818109 -0.00873141547383913 -0.00398538640697222 -0.00053654208548622 0.102500066828234 0.0307221294734136 0.0962835617412847 -0.0359670087312925 0.145719048440026 0.174330040227702 0.211444850981803 0.190117140380835 0.228726465392552 0.308960393896044 0.192049582509308 0.130693115459528 0.228309766168962 0.306329040936685 0.190287290077307 0.0807716027120262 0.266915592504051 0.0398513858938222 0.309581822605583 0.0426585072044471 0.334320534858699 0.2026307664141 0.1299612733977 0.102640689867879 0.311858342189066 0.00836867039447179 0.49265880870643 0.16735235671492 0.375640825057713 0.029153847579168 0.178277463301548 0.0400596094092672 0.354516114977403 0.207541386253387 0.201978151897842 0.303942709191397 0.443570738292129 0.149128060650857 0.316086457143162 0.203360848314747 0.163051931130531 0.334597868983362 0.0928031718232892 -0.00849040363544119 0.318191412161472 0.177109628751515 0.275408713193561 0.122331751507879 0.510758842794498 -0.00154684803615356 0.0713581468712748 0.171149281406782 0.405290284269076 0.0669619007555664
0.0133357920804403 0.179037935895935 0.0756073551296283 0.287536963751279 -0.166046472686908 -0.017412431529291 0.137765297801035 0.424589239700657 0.259658279472353 0.394622852113236 -0.0171541279476643 0.770467785287116 0.119121629910777 1 0.259589806461324 0.685865305965152 0.00894274258543532 0.360965747785745 0.483073371216037 0.404594961750488 0.131716956461633 -0.0750709255208092 0.237075498302105 0.396375322806906 -0.0204422765834686 -0.00815432994130765 -0.245281260838864 -0.236671661630087 -0.0898758892431089 0.376455969748629 -0.0154810728668408 0.0971571917301446 0.325846453104677 0.482851575082083 0.320628090605133 0.431686591696998 -0.0618791534880675 0.0829859208267271 0.168257730007936 0.370986714365572 -0.0844325871506484 0.0201489182982401 -0.0619209590241123 0.0420189714758293 0.0354077509589458 0.0545732435471208 -0.0125537440461749 0.247912616690473 -0.0416265139861537 0.0561044522846088 -0.106016298996577 0.160649853182842 -0.157546538790652 0.143429216798063 -0.0593280920056935 0.370335366460451 -0.0440257683450799 0.137821509208785 -0.176802431945335 -0.02763205398685 0.0125188062726973 0.280931778903822 0.104848157618307 0.442111794318318 0.0501485872421046 0.136029031536619 0.0231229157752703 0.0952177751227087 -0.0319628630315878 0.0446351084448542 -0.0123637590379464 0.0977362389510816 -0.0279099526823003 0.173564077672069 -0.115396808637245 -0.0293212862489638 0.16110302419893 -0.487970466824816 -0.0934038010613121 0.260444340042989 -0.0611633443236575 0.457890380197363 0.447144609047024 0.442539695383906 0.0665430932865462 0.552270678303619 0.412478797320498 0.425866368418645 -0.03538122963936 0.434268713187122
0.323516399229531 0.276822070605891 0.59225225307307 0.221808172988165 0.206395640582734 0.0294171187620533 0.491343231183155 0.068535019256354 0.632438028758021 0.0859915704513051 0.497449549559483 0.0660966755771174 0.816546833619105 0.259589806461324 1 0.364282259785096 0.320896168458027 0.0885883606934376 0.320530893864759 0.175166754945057 -0.0819887043505922 0.091659090919892 0.752600895769918 0.403782176470021 0.395118074173594 0.374648500450239 0.309706131910534 0.0706960539173132 0.431390203514468 0.184140766055489 0.469094253985351 0.446139195352818 0.443645196919968 0.211769371661531 0.21549727674474 0.135248863179353 0.259623060656733 0.13878693771555 0.209959600052326 0.165982775017355 0.175309928870406 0.142364395794874 0.337448835407253 0.298317834966692 0.353465450770719 0.379733566582667 0.29969319886173 0.236164440579844 0.366111393999642 0.386054691050602 0.299515611088351 0.213596371461145 0.318590918247131 0.189678187366974 0.378756736496012 0.210734405830158 0.317726527400031 0.226727387782946 0.191021670849261 0.194214364582605 0.287873477605817 0.0313404771082962 0.335274095483946 0.117591452646872 0.526988331565594 0.152441511779202 0.334869385350638 0.141088426020225 0.437839705548137 0.234237380692365 0.314134223683501 0.393950896231807 0.433903817999864 0.125098348465144 0.311326980475169 0.0694006239383252 0.250445483908958 0.176718768374816 0.213670259253648 0.0944606996514217 0.381938782341155 0.383604430249713 0.490406768090012 0.319458418214242 0.637077634494593 0.251235882222581 0.174846296910806 0.350288493990987 0.389830815623437 0.19206415294608
-0.026489973448032 0.167487854298283 0.0823542930272537 0.445424646046511 0.112902120379913 0.258167960163406 0.129525549812057 0.399842974844148 0.318306347002663 0.662131319212195 -0.0342164488030307 0.589877279637552 0.105753711318475 0.685865305965152 0.364282259785096 1 0.0429882937463153 0.185807555424351 0.220159894270805 0.23646583958233 0.172655388219431 0.110680559346553 0.31815492531632 0.526799378905271 0.123569765696379 0.311295851327761 -0.0280166657695799 -0.028416793850179 -0.00919457705018643 0.354630287181313 0.0723763061377928 0.164416316246396 0.139700966448182 0.285963019075357 0.218318644597625 0.282200142081831 -0.0256255522541179 0.0728939316689121 0.187773791441878 0.340018158152828 -0.0360380431169985 0.0881161107226352 -0.00414970533051337 0.0754438873832125 0.0585527915162552 0.0880301719016177 0.086277452285151 0.274070037940311 0.0678756593794384 0.110925398968778 -0.0517412509593891 0.199706932630273 -0.140033435385127 0.111818456064811 0.0271353006473532 0.310455838961312 -0.0550250078129368 0.0915984517773438 -0.160253024906074 0.0100673436460967 0.00771236452103794 0.357847008966753 0.0141661157695713 0.401707685012087 0.137968771441581 0.338366165400476 -0.0367776056524743 0.0463710829891283 -0.0455077505717534 0.0371438424321652 0.137618534244139 0.244252955619524 -0.0190739784492038 0.164207283292813 -0.0922877015965258 0.032578531235148 0.103194744627846 -0.284016664417664 -0.00491769796892636 0.256261509159827 0.0367609077835067 0.430036968678604 0.445198801932204 0.477855027762031 0.183675252035795 0.516727090763033 0.313947551652856 0.370133733948945 -0.0696956126257928 0.334246571519824
0.718091216503767 0.721909254261479 0.325940342494969 0.248511441482369 0.419217519480378 0.170764312942179 0.306021500940516 0.300297374904971 0.31630278543512 0.11544316430834 0.416432424466972 0.111887245845898 0.352150794088294 0.00894274258543532 0.320896168458027 0.0429882937463153 1 0.665051727873905 0.446606412981584 0.5426846975619 0.0641341086419227 0.24239356080553 0.332072927282098 0.244543126016238 0.24303377769433 0.282127904978193 0.266463684747787 0.269813293156922 0.464983571519827 0.55607314702995 0.341629827065649 0.373956899029883 0.562500568180479 0.397753103749892 0.0736086551390418 0.061445747480849 0.134201878684799 0.101923398660339 0.032375789771892 -0.0241666301667653 0.280028552261591 0.200918431626257 0.531700599027414 0.522693198479646 0.572522856934519 0.614122893113047 0.298596343667904 0.434447591975425 0.563022590187816 0.569540625479265 0.516838165930799 0.378076469088859 0.291699804512543 0.295906821134735 0.308682489250327 0.320329711536567 0.804967533472402 0.642422636017558 0.492955920366322 0.56109984969157 0.350780291460927 0.236763941981297 0.704956570463999 0.262038929612785 0.319000445002912 0.177229850304331 0.345581717528117 0.286794271950931 0.428952105169686 0.520116629647155 0.448241798830918 0.415905283003172 0.416980875145171 0.611540675290091 0.0115750683344198 0.376864254742668 0.132663402907062 0.200431390559553 0.325399463609041 0.548057903494649 0.681676030315228 0.491197668921971 0.150025833561383 -0.0172433785811515 0.52600345021687 0.0649426111666218 -0.117055634571521 -0.221264747797573 0.192963571215101 -0.0744898527250043
0.429674254302397 0.688756864631178 0.0346785001614198 0.125095178428741 0.0717359089717655 0.0286647205434045 0.0920848349206866 0.40023070026086 0.256369337308717 0.180628974614487 0.00171264669025954 0.42590468987344 0.0486386344613791 0.360965747785745 0.0885883606934376 0.185807555424351 0.665051727873905 1 0.578768047881761 0.593416805331168 0.17650202615615 0.206850626321967 0.082794038890125 0.0613613243695159 0.0710411788569123 0.00833927160083328 -0.049943955646536 -0.0359670230363719 0.249031578174237 0.765658018403437 0.156024588011828 0.224462959449561 0.527482980540187 0.491064340286111 0.184013135236214 0.206581318513138 -0.16363539332966 0.0718589954687098 0.167729667230692 0.171960855517592 -0.0170239063073196 0.0699432347475921 0.28249458759985 0.311126790074806 0.386492623784599 0.36541218184174 -0.0222569326285445 0.33520079831717 0.284600052412839 0.270312578900398 0.183416352449791 0.216837622417571 -0.0397331178643201 0.244752098012878 -0.0333160194272251 0.398788688085799 0.572730234631372 0.684479745822667 0.204423282981165 0.402199408627411 0.103235295204142 0.302330089083475 0.503635502720023 0.344480983031014 0.0694978032456056 0.0220312925691202 0.175942061988368 0.152105031991128 0.130087172820789 0.316132750471157 0.141830799151807 0.272683650979725 0.146637267653789 0.599765939874604 -0.147976606394366 0.211526594704629 0.336221584530137 -0.263830647917366 0.212077437721059 0.740063632568675 0.387871342491648 0.506440418519497 0.247501958718591 -0.0353546454218757 0.162641759457638 0.156633664734997 0.200884824107619 -0.0115082672695837 -0.120205784072884 0.144734068484695
0.585395373212292 0.607844244464274 0.397774919017754 0.296463361642185 -0.123538706320906 -0.142249258938822 0.392833871485805 0.366752743164209 0.33675762041183 0.131281379616157 0.168418351958592 0.477937970551724 0.219878019665009 0.483073371216037 0.320530893864759 0.220159894270805 0.446606412981584 0.578768047881761 1 0.774432225297014 0.0182632056748516 -0.12947070868707 0.41375647871545 0.285927671912327 0.132077308160904 0.0061737755905537 -0.0407544280475999 -0.264408760642235 0.428605770132668 0.491015548372232 0.345979553389316 0.312336319119715 0.631894551643792 0.674508641819998 0.215508816388159 0.190526448101234 0.194974453356949 0.158429031450376 0.348909393536809 0.303981750004089 0.226997734610854 -0.106096143087887 0.470817885140907 0.478729187523956 0.440725760449268 0.460596624687107 0.371233390957986 0.280928192732253 0.42438522360732 0.47303409792344 0.424363094366072 0.46653274545929 0.351504088267202 0.462961975484781 0.321708295421165 0.39715976845631 0.534908768661102 0.55459628668183 0.375975405784271 0.402843645813888 0.340616595080911 0.258466278780866 0.338026173677883 0.350356574245527 0.236606544895661 0.241942389027417 0.346684119715256 0.341204294907287 0.368900163256474 0.133405200046085 0.250279222788992 0.377696142926402 0.507987723986628 0.241602041583022 0.224125937330477 -0.114416276267947 0.531562056099025 -0.134369051575225 0.32497855307136 0.3087007824269 0.414612649634659 0.54060257461837 0.451510322989169 0.255125785794177 0.402910987989092 0.491884562194431 0.327594279910441 0.364844645859989 0.275191295836929 0.471703081661588
0.669372587423963 0.698347220237375 0.357575787542471 0.357028476478051 0.0295140744269933 0.0413967864733351 0.334853669681562 0.507005715464492 0.265321265648223 0.221699560993671 -0.000928839914793251 0.494765708270463 0.0217858987615967 0.404594961750488 0.175166754945057 0.23646583958233 0.5426846975619 0.593416805331168 0.774432225297014 1 0.145941251761222 0.0521336367413727 0.333946349034723 0.348588995315508 0.142135236462927 0.0721595809211477 -0.0100476745327032 -0.100095267842925 0.37033376655165 0.535650569567043 0.352637025043603 0.32774308007731 0.656928454882388 0.804322627014396 0.287716183935356 0.320761723340202 0.31582528129382 0.265194871032523 0.234521312430115 0.279641533238768 0.350076383886395 0.00616548423079181 0.468495099073445 0.494367822727828 0.461783523536083 0.496792053579721 0.364837928463669 0.379704056763806 0.435369402083964 0.5226852128623 0.447480242444014 0.550248347630287 0.251028975819384 0.442859414893558 0.345943426666454 0.476374351296046 0.612266771663436 0.659979769066438 0.465907797636328 0.526906806929129 0.380555533434487 0.439658219024586 0.369374267455512 0.443013497945434 0.209846267221207 0.334338455502823 0.37212720251326 0.519181651920489 0.452565735223978 0.330999265465085 0.368947944160024 0.355858040328579 0.477467022813733 0.326040890736783 0.105005912982457 0.00654391643451077 0.327884900028704 -0.195859231486863 0.299971706086342 0.364286348608069 0.476267122162431 0.646596098665239 0.254578211930603 0.306096237258636 0.343762648214599 0.538744968955106 0.0839514509957891 0.217008833096446 0.189674094832303 0.449083201024746
0.0932414990584573 0.153637062825344 -0.0344249636120081 0.166213775409666 0.268534636556381 0.17963349515165 0.103596358158532 0.137994182918233 0.09940013096627 0.167817636739454 -0.0837791934015288 0.174858139926415 -0.172445808893011 0.131716956461633 -0.0819887043505922 0.172655388219431 0.0641341086419227 0.17650202615615 0.0182632056748516 0.145941251761222 1 0.365335070055751 -0.0469177537614923 0.0962290096012904 0.0846498635235711 0.156239327864739 0.0875349426383081 -0.0410237439281966 -0.197661764245464 0.075419449486875 0.0610330693813147 0.00709845900025503 0.108490437389425 0.00309065055226413 0.267605057082345 0.248528977202647 -0.104038715269856 -0.00725697777256039 0.113032018452211 0.04391373642626 -0.11292105254638 0.13879112601707 0.0534498297284484 0.144628049721367 0.185278217365518 0.0410130905301666 -0.149288641653189 0.472217095058194 0.085010205799495 -0.0239701677792681 0.0130354200427158 0.0672079454273082 -0.248398574511972 -0.0182751633695811 -0.142268211879093 0.366137011614445 0.0224942750724671 0.126603654061926 -0.0591809045467652 0.156629987840673 0.0934862258244902 0.209039143304644 0.0719479816747693 -0.0579662551615212 0.10682115063411 0.112248183190506 0.183785391449628 0.199603450363127 -0.122508348875223 0.374466228739089 0.0542438258460925 -0.0173137177291212 -0.249718217418914 0.294565564710903 -0.405558169531578 0.073177770993805 -0.21892672901461 -0.227854593621845 -0.0309914024646564 0.394232811212917 0.0429320497909149 0.211672497221869 0.0807285483362882 -0.00111209763701165 0.0203802644414308 0.051703502608656 0.0618053878103243 -0.235611431477612 -0.227186482812311 -0.0907276084095044
0.0123713886417058 0.217910045497134 0.0619634294813806 0.320895505948961 0.356193610908772 0.228709313606337 0.0139557943646063 0.102565975989397 -0.0316517915322182 0.0617746802020917 -0.0477948366835223 -0.0462790054343339 -0.078791486167997 -0.0750709255208092 0.091659090919892 0.110680559346553 0.24239356080553 0.206850626321967 -0.12947070868707 0.0521336367413727 0.365335070055751 1 0.00923875303213899 0.10413022280777 0.430510464532646 0.422444098966341 0.428839958159632 0.463324551283204 -0.0582077854626713 0.173688067019486 0.27443354246308 0.280616705473182 0.170163179483178 0.0320993366828319 0.158528088324445 -0.00702200506300647 0.0690440254283882 0.158332483327415 -0.187423421049261 -0.0243033366722894 0.0402738746004967 0.403615054344051 0.162153560703063 0.10226019810517 0.162777163685149 0.0522379884803176 -0.049245279037269 0.177859869855009 0.135002042431895 0.0133656090892519 0.152163717637596 0.114089463400648 -0.181208986065079 0.0694018484276921 -0.164509716505416 0.170758924014359 0.0813852625863335 0.098972658961503 0.0742004239175016 0.218356455048659 -0.0935501917790057 -0.0473469784361531 0.112579817493106 -0.137032385943875 0.0887218332692942 0.0977646014067795 0.185398900415949 0.143983258001796 -0.0397535674599921 0.340271358227234 0.43723793652548 0.212776233866874 -0.151096775577218 0.468590588951329 -0.146530797734049 0.305953531538102 -0.258344694973876 -0.011577084565205 0.0308305620184762 0.378563109031175 0.165168895657266 0.233635767968622 -0.0500298898041447 -0.011930496532587 0.126240105764046 -0.11154307817479 -0.356140573429305 -0.352346237978612 -0.338503926769746 -0.362226447387435
0.350578518338967 0.266428642124704 0.839788216441266 0.528190035298648 0.129887585451086 -0.185273575813046 0.656586433121945 0.203949113922126 0.520261823730135 0.091377720800072 0.38567099106464 -0.00897329473069709 0.562230052410919 0.237075498302105 0.752600895769918 0.31815492531632 0.332072927282098 0.082794038890125 0.41375647871545 0.333946349034723 -0.0469177537614923 0.00923875303213899 1 0.720204272998248 0.594299483948773 0.506954032644566 0.174392396359705 -0.134451949585703 0.474020418604811 0.229477631834203 0.675324915098833 0.538401382865671 0.568787924387611 0.394315141132089 0.397617761237428 0.296989428672396 0.413513868403274 0.272103550547546 0.371575013033738 0.396192530689181 0.29479804738572 0.109511965039162 0.526622968092549 0.424697694038511 0.442360404728449 0.400393996954674 0.521468881274364 0.198437979966421 0.414137411722242 0.428809144570955 0.424574435551044 0.317216607283935 0.440194732343267 0.39736998553497 0.530945662238906 0.247102595052526 0.334459849354098 0.226272095679403 0.246087103490498 0.144844022085206 0.358836160716624 0.0485848230885163 0.194327546640044 0.0959397814802994 0.739156984080844 0.441464127084231 0.577934595313447 0.388516849625293 0.602132810066753 0.24878107058688 0.451142550769949 0.607088744872753 0.555506043841593 0.108984669952136 0.403469301215362 0.0640121497255308 0.438080197008901 0.282421511584376 0.333660502579686 0.0476808260905711 0.529119286747971 0.546781053672463 0.548764433231014 0.58143570647032 0.7876257086233 0.455887276343552 0.25472902168041 0.533260075838435 0.496396518972712 0.235200426741262
0.213675032933044 0.197865613469422 0.590838213022352 0.730527435425572 0.13680063489841 -0.0534487995572305 0.440795844067981 0.33586474271837 0.310966640566994 0.326150723308478 0.17482981023405 0.153995157060412 0.20525731569357 0.396375322806906 0.403782176470021 0.526799378905271 0.244543126016238 0.0613613243695159 0.285927671912327 0.348588995315508 0.0962290096012904 0.10413022280777 0.720204272998248 1 0.550949217839661 0.638040868770968 0.132880430757521 -0.0465843103470204 0.137215708482059 0.138707975941677 0.449985467270761 0.36607993000401 0.393977644190735 0.400688482689176 0.38371059337189 0.408074611881384 0.316534136099364 0.254308806674334 0.270962407134219 0.393830741285248 0.211482727973308 0.22238731538189 0.350334967939454 0.307656491530083 0.2929072229267 0.291530482119065 0.399404384485202 0.274594571216887 0.262210601345128 0.302490846448257 0.279570558097577 0.28243630561698 0.234286467870332 0.342818745797901 0.343290378000571 0.272347881934089 0.183974048857286 0.108485627750142 0.079133676519881 0.0457991694115626 0.147464614252909 0.126717361201373 0.0606632597213715 0.16258468767453 0.522484320840614 0.583205424894736 0.393816110357046 0.356695717207124 0.420055592900905 0.298843699901936 0.411787368252862 0.497400864914023 0.363492125112081 0.209848782460833 0.193686589308515 0.161874135461207 0.201134996876262 0.110403291989624 0.13148004640185 0.0810930916936106 0.373111023130131 0.572681643325745 0.443612149881585 0.6676632553839 0.556793898462582 0.590453840999926 0.168274328824834 0.398367870634565 0.245066463903284 0.142410955809693
