1 0.944423424974261 0.638260375394381 0.485070762010172 0.173912404343619 0.165058881338736 0.480540599966438 0.193233553168493 0.283010504557778 0.162488997919904 0.826142350315185 0.478947052127651 0.841406894205371 0.178719605495717 0.553740074747352 0.233528736422238 0.867777711487972 0.852270244774604 0.846082820167404 0.724658182133273 0.217630540166289 0.343061717865125 0.599700243348287 0.381663588272228 0.626404247069031 0.588443604230339 0.393976836939464 0.449153965938176 0.548864741120725 0.50076964868986 0.31392193009982 0.174869553575983 0.435252104653621 0.396109676038657 0.152289041127787 0.326087511139682 0.597645131784549 0.556719766456652 0.663170173754838 0.727024947937917 0.361983018686875 0.360560235624301 0.407138669914374 0.343913015276652 0.650500457532609 0.613070963150799 0.736800531133745 0.688056705928146 0.633858070236925 0.606795004433995 0.533620626746215 0.497461733656652 0.641727003745728 0.52676746872876 0.832577763518754 0.749283777431102 0.92769482374454 0.922052762539455 0.756442046257998 0.69709987911978 0.584451634140705 0.0657046923233008 0.812479225486442 0.613852894209523 0.522488690799658 -0.000992492115730687 0.544589850931231 0.326308872639833 0.875656356548169 0.844004508202894 0.376826321904725 0.165566002348555 0.386379720745253 0.262399379142675 0.269402833573918 0.0830742881110224 0.131953400897808 -0.0655590162603339 0.761148158518512 0.639452071690249 0.87400237390957 0.848166500799935 0.763593554711371 0.728555662793526 0.853448480595059 0.686905026724227 0.5449949852962 0.611401039294191 0.787531472321909 0.586036182786089
0.944423424974261 1 0.602378316011448 0.498602782805866 0.129666928720153 0.127770984085998 0.434026580271122 0.19164381047029 0.227689485348018 0.113829515501604 0.76349274644357 0.533944027214057 0.77886286050236 0.189049017674692 0.484438485844905 0.196432623732799 0.891162306634908 0.867531495428012 0.834412262398739 0.785752954851556 0.155689836520856 0.255391323482253 0.576322946581476 0.376191530005509 0.565477247518329 0.558018675173141 0.311634808379924 0.431677536690109 0.568714410569796 0.539090121424843 0.298183884505345 0.191361259821512 0.41933734061078 0.39572579036679 0.113227392902858 0.307386811360203 0.599616374582763 0.546705993726098 0.652228981851306 0.724714235105256 0.396967714181134 0.401362835772796 0.347950939315145 0.290616622044722 0.613886458276989 0.570456205405382 0.692721123629474 0.641394426395183 0.612371391141649 0.572164372598339 0.483957481158126 0.475891802046018 0.601251235124767 0.494743376200277 0.805692243813071 0.729627067874325 0.908667983683655 0.921586445696165 0.716648751772821 0.683333639579506 0.524798640320517 0.0799556791010659 0.790653625627644 0.620835686890544 0.483880970435474 0.00331317962366804 0.495977275079717 0.284248638108184 0.897592809085565 0.830098809637097 0.353929181609456 0.184325282408036 0.409336763988771 0.292197497553797 0.256158615955725 0.112230551500289 0.100801315897278 -0.0789057782669582 0.7867713667095 0.668430829901774 0.880250438848278 0.86242476465605 0.778102758544883 0.734867307371347 0.82407850400386 0.668021555784248 0.58497698798693 0.581395136050226 0.73387080471275 0.557340906564163
0.638260375394381 0.602378316011448 1 0.741508033085837 0.530228279336607 0.474385424059259 0.744456502469264 0.389501566342092 0.377515441793745 0.284904630117234 0.556475719125436 0.291362146085134 0.725492877935456 0.28273960292193 0.815767709997208 0.484659693920584 0.532044590035366 0.603489563955526 0.695175425808301 0.468043165420812 0.394251385240177 0.347688763986697 0.91387743940505 0.773580889232381 0.825277543655902 0.753945448568322 0.506040905114465 0.612584119968537 0.398304590020922 0.355024749556764 0.584354620964381 0.515748513386783 0.674483226461061 0.550042053959458 0.562239490837957 0.604372139173609 0.514483918579573 0.553176782805609 0.532307051192645 0.547393341720614 0.313640565829061 0.407676330189206 0.48852157184522 0.451927525544038 0.564393010978874 0.539630459861174 0.607789801115435 0.617033871707128 0.512922963296906 0.541312442524274 0.536443623172188 0.570449287184246 0.600546506005852 0.563226314609372 0.633528669374067 0.633609641978211 0.607582093634567 0.635721891634592 0.630329248043335 0.585547626078996 0.642532184891895 0.302539095269106 0.557582455473616 0.453830042812956 0.888745613002145 0.421617702152686 0.719546019914965 0.552753913965354 0.5372324984498 0.595922768800846 0.537196789492336 0.372654294458425 0.416667540113774 0.346069987542654 0.243295439836613 0.141758731774804 0.290882348026593 0.242840232671222 0.528708308603743 0.49232680862429 0.505716438565175 0.598982733885206 0.370807629898243 0.581536368353966 0.746494987880329 0.785731610442279 0.524210765539789 0.704746104007431 0.807444487235408 0.751223706093139
0.485070762010172 0.498602782805866 0.741508033085837 1 0.668511988666154 0.634972007965853 0.837334123547735 0.7875008949295 0.621366517423205 0.58709299317221 0.398012064213783 0.447808901275695 0.467326140858251 0.47111951784255 0.585112049512495 0.557926699484956 0.380531682057651 0.495587289859239 0.619474490667859 0.537444835035889 0.39575143562695 0.261521427015294 0.680366617382545 0.833379895700114 0.613597535497055 0.602177296554378 0.366587256667504 0.423291246867812 0.374894460614878 0.489166974875037 0.663355251610968 0.690012688991004 0.720583581857315 0.73660936578449 0.46989485819561 0.641616252117747 0.544675152233038 0.537938177903071 0.447038848092293 0.397115580645884 0.345955482787163 0.508382461426219 0.465608040437637 0.480028963021343 0.450379555591776 0.471696423848917 0.479285740631482 0.531822566141052 0.439788430510166 0.487092150612695 0.526768196426931 0.602634638643012 0.491791413026892 0.551277596707727 0.468420845710621 0.457612079910545 0.42456030549144 0.460372386969778 0.549339976235262 0.502055090783945 0.733496272953718 0.641186732618971 0.512372047914137 0.544287802399164 0.611710043369262 0.685048645018601 0.637867134451927 0.682524259672216 0.469084297179896 0.553262750355951 0.716454493271735 0.655054549649983 0.583432631281462 0.577048110760323 0.331233457323565 0.398569390568879 0.487157050083507 0.503331197471193 0.412560075976761 0.409940471045124 0.328055068494949 0.465365091603898 0.261511728572022 0.376244837494348 0.47527606989237 0.7131423573359 0.352306610255347 0.462550806320058 0.639340059814744 0.71631254778055
0.173912404343619 0.129666928720153 0.530228279336607 0.668511988666154 1 0.749626156525834 0.717603601737785 0.649257848622992 0.751721906322929 0.684600105504026 0.197142755233654 0.204127677615311 0.239710489870325 0.352649857106097 0.535388557257354 0.578246499033577 0.0953711404506059 0.18833473713087 0.330188230441755 0.202507669462807 0.401979024350271 0.38181437508204 0.45087150927046 0.589549289690237 0.451947909540565 0.382244095488633 0.424131069187979 0.20524863810566 0.179490399673108 0.247252341320588 0.443463124929063 0.476508980718302 0.608593331099822 0.54242458934348 0.418070730634513 0.447284585853966 0.338155781387934 0.337693205314634 0.110057635193918 0.0737442105140143 0.246805732233588 0.314858535429164 0.416146586552336 0.454600434086553 0.30554925686515 0.332309854819986 0.286491421135907 0.340418368480431 0.297915001323084 0.374764565641821 0.41074148308883 0.457390635961012 0.339588758328339 0.421888709341083 0.177799989765041 0.178475327930817 0.176080032344161 0.171559064694582 0.316950719883286 0.282310081354237 0.581220423880219 0.568422956001783 0.233223696976462 0.279175466501332 0.463440960904568 0.622044123038808 0.477269241360466 0.541493815384862 0.154451121120555 0.256610215897656 0.642333262736902 0.478468959435878 0.448421060367138 0.435998968751686 0.235094307318585 0.32925475706932 0.568686656901653 0.571004127095256 0.125601266767553 0.147463826232202 -0.0216620638427687 0.0966321753220482 -0.0522734416719675 0.0188674282644935 0.181394682465955 0.40602314919609 0.0887115705677005 0.237020399211752 0.375290619741224 0.483002070761964
0.165058881338736 0.127770984085998 0.474385424059259 0.634972007965853 0.749626156525834 1 0.585369828553538 0.589810912088379 0.658000841828143 0.662734335851769 0.221271338257085 0.24398326584304 0.237688043740396 0.326304992341473 0.477021902481812 0.564217367369607 0.0965206240008023 0.167797720747308 0.267565773634874 0.17577718072088 0.453627242383262 0.361600846376237 0.42329333277698 0.588175510840265 0.500783174851319 0.476779701849924 0.47694853812296 0.413008238262823 0.163379971802599 0.2474590110174 0.402215606913786 0.457780746095658 0.560464906987908 0.540291975741882 0.37063152067041 0.506079759464887 0.309484831448061 0.340754743589948 0.137939122144887 0.140936805476222 0.131269340381 0.352167368622001 0.434263656844532 0.452670087375516 0.340151679265131 0.334001002825494 0.303113986334121 0.351635737066345 0.326431375634456 0.387952451705023 0.425208548830847 0.457267766908054 0.34614166894246 0.419062308359187 0.221994595518089 0.226136890677816 0.166630212020476 0.184452176703165 0.311664359167206 0.277710612395034 0.485781087236052 0.526997388840441 0.29985106911993 0.3358214569463 0.453663498143413 0.595559878415373 0.499602187347988 0.569164106409522 0.1730079610104 0.266161155319015 0.660617542651474 0.464995114066394 0.400668370103397 0.427339495430849 0.194807621290173 0.372340600223176 0.501994981554405 0.491771404161839 0.12365120663996 0.18922682716672 0.0296712001307361 0.16983506646255 -0.0127838474581467 0.0750019107950285 0.224536852915671 0.48981222424184 0.00809260106350804 0.305722918858877 0.357528323347925 0.492627876126813
0.480540599966438 0.434026580271122 0.744456502469264 0.837334123547735 0.717603601737785 0.585369828553538 1 0.752641751737426 0.757254855374079 0.587863792789551 0.396341490058791 0.373636425063237 0.52061474141779 0.424576875029558 0.618133549783289 0.528886029552087 0.378923821420263 0.468294631424086 0.607169585051496 0.487891414985957 0.422967354090864 0.329080154539445 0.666931019122944 0.717602762491041 0.608917609912787 0.562754714477845 0.382265215642174 0.416431601716113 0.366176097097753 0.443134557883833 0.640857880958656 0.588030022184876 0.775295891043603 0.738413402426917 0.50205569751318 0.624810051969392 0.546743717395734 0.524831400591685 0.400207052980473 0.347993545025534 0.362637366476385 0.383090154190487 0.540050055059336 0.560987040309786 0.484004039087856 0.490224666843528 0.503280073370972 0.549058457789905 0.443056511960371 0.49057235133933 0.558866262728037 0.598753836329638 0.506174518376101 0.553339624164996 0.444824075272453 0.434538771871056 0.426475676211233 0.438072144095075 0.575063442080138 0.4904822008195 0.861949053915798 0.64498451040684 0.50112340515981 0.547073767299823 0.673644164582331 0.683047181103175 0.685354347841752 0.678492114831836 0.439453383911354 0.529411831872239 0.729564628590604 0.605724821775868 0.585946202566524 0.555307872116361 0.32681670360067 0.365645118713806 0.589598962822472 0.543447435068569 0.418207389322777 0.394321927894387 0.261098303307094 0.387171383335988 0.203076663147782 0.249860925997305 0.430571000839645 0.624688446328341 0.334082395380046 0.326114167604083 0.649908246474343 0.668325214992714
0.193233553168493 0.19164381047029 0.389501566342092 0.7875008949295 0.649257848622992 0.589810912088379 0.752641751737426 1 0.715351024932324 0.716837781254481 0.229258432067424 0.56027995089069 0.212450031588578 0.656141288752707 0.393413594649714 0.645369415805799 0.121519286424846 0.262037451400452 0.428311654615414 0.434084955229704 0.44263439565634 0.203117845961248 0.413096125774862 0.642432146851386 0.256253228263968 0.235826187417506 0.230993175649416 0.138223174845202 0.413284734015246 0.55400520306438 0.679004275541454 0.703127546241603 0.657500428084763 0.737234973488964 0.268076551540006 0.53493080669439 0.448785259636194 0.387916132471892 0.306559802316108 0.199889877489696 0.28732914701358 0.402723922461841 0.459309959742495 0.534312762810796 0.29540797094572 0.356570005991728 0.299011483999012 0.373048193006386 0.319293778234052 0.362351521206947 0.459364093400315 0.549938352439668 0.308429074024315 0.450583277431963 0.237584536101753 0.214221281888612 0.0816975885326253 0.113290550513389 0.380422277964635 0.33798370354926 0.687604615199501 0.862662614604143 0.35020772497021 0.529427464597248 0.257991281442293 0.788370450607324 0.413361259936294 0.625361058988906 0.209379662874806 0.307483122798868 0.749803432363249 0.769321019199354 0.634349153955511 0.682843799348044 0.304472059464251 0.554689359150601 0.610288435790559 0.688812700436067 0.18707329745609 0.262584477862647 0.000926256360421035 0.162722272280308 0.049799260372025 0.000860086176289679 0.0984876276061722 0.43732401167565 0.17176718340447 0.0526206450144826 0.364149286476738 0.558223727173147
0.283010504557778 0.227689485348018 0.377515441793745 0.621366517423205 0.751721906322929 0.658000841828143 0.757254855374079 0.715351024932324 1 0.704191962726526 0.218671431709614 0.321784588444007 0.272670633493879 0.352495633210794 0.383461074421113 0.476349291727321 0.141919640334445 0.198901070609529 0.394270457585293 0.297468874879391 0.332535265969564 0.383750880904373 0.325530832912097 0.480826717314422 0.346209334377606 0.335261267484567 0.283421940921257 0.193158367378377 0.195736651483097 0.319730434387131 0.456226455115045 0.38738280014088 0.565355692104958 0.596508048971187 0.298447867322408 0.412685875441955 0.438653822966911 0.446604305791946 0.219858888826455 0.112722764251144 0.257597208796639 0.301408711116723 0.45293702359672 0.480983774014933 0.329693263778778 0.351724905473274 0.318441143241545 0.369933223212975 0.332079323662336 0.433928492562147 0.480515502041174 0.51001399411759 0.36464744502467 0.464584258901959 0.226245525652809 0.201371899006371 0.204573333148953 0.200498345759775 0.389182165186265 0.333003204346315 0.662367416079059 0.576478259174071 0.274424015566082 0.365395713035554 0.312520847591186 0.547203054066338 0.442429056236781 0.537294316604366 0.25351063871216 0.348134659452077 0.709454147640504 0.533887917697006 0.529479794735125 0.53077478621136 0.219667941970245 0.34659651722559 0.621767746996397 0.570180074417494 0.14458985012377 0.164296582907317 0.0312275357085804 0.130673525484131 0.0453825685630473 -0.0402720202287201 0.122788671589821 0.359557834596919 0.049519211730438 0.038103153711422 0.395391966720106 0.448277836964881
0.162488997919904 0.113829515501604 0.284904630117234 0.58709299317221 0.684600105504026 0.662734335851769 0.587863792789551 0.716837781254481 0.704191962726526 1 0.205365888383508 0.241150893890258 0.17820212198814 0.39396537216863 0.38743627659638 0.621397106424509 0.00838330710264685 0.120419442033196 0.248949142769221 0.159686248074669 0.270892422756698 0.262900322773152 0.257697400790367 0.437550780396748 0.246211864224124 0.270229598269285 0.30583976444253 0.144739760450718 0.187876147623271 0.250726146822412 0.380826314680617 0.427965882574749 0.474477885196287 0.456787712508724 0.259452556675464 0.348680747625691 0.270242732067962 0.268638175804668 0.217793798267301 0.126133835805188 0.0813461113259361 0.320615917328984 0.352878064457299 0.40010637325544 0.247976751838574 0.293164481278177 0.254298749348342 0.32374716251313 0.271970863915076 0.331269099320177 0.369534322155766 0.410737475226825 0.256155539210451 0.328826783974231 0.1644461032186 0.183679566905362 0.123998786189144 0.130227166443932 0.276768439256915 0.251562101448373 0.554011631211128 0.64436359842844 0.205445704384664 0.282036434856598 0.288216068108012 0.654682244826474 0.361537531610589 0.499714463584838 0.155291728525149 0.253069948462616 0.577516145894596 0.46638338873126 0.328779227182172 0.368623349535012 0.11579229580506 0.359687536942255 0.492728502126323 0.493759912017774 0.0268835656956181 0.0620217438391724 -0.0342272741771848 0.0761555744076351 -0.0227647223197409 -0.0185001166288059 0.109587737162839 0.391356433860563 0.0443510530736503 0.162611565830933 0.302274857819541 0.462053119767278
0.826142350315185 0.76349274644357 0.556475719125436 0.398012064213783 0.197142755233654 0.221271338257085 0.396341490058791 0.229258432067424 0.218671431709614 0.205365888383508 1 0.535391034260489 0.850858589249975 0.328604053828873 0.592249968342341 0.372078981444003 0.748658496377981 0.739258131811415 0.814560292467007 0.663438360898007 0.197889422021024 0.260259123813222 0.60479304185129 0.365795774184801 0.519379573170014 0.482273869963367 0.411500534244292 0.448394413731412 0.60032433190008 0.53532502769098 0.280431025743891 0.181061516775238 0.392789917753741 0.336424673608352 0.073293273182306 0.252640329306823 0.471462059882453 0.3893507414324 0.551309928633461 0.60930537290423 0.29886728780094 0.280995685553446 0.335546022879839 0.324678298831621 0.502576243608954 0.492782382221798 0.601386529730005 0.563150274558192 0.486787587214035 0.448199329220531 0.381030209556624 0.361669232737145 0.476057267431222 0.393585404610169 0.68536264343081 0.595741972227 0.729368979412864 0.733847614029534 0.574348791297724 0.528317827470902 0.499185922554737 0.121009435425963 0.751924683701593 0.56791359472654 0.429603529420518 0.0389622423747659 0.384596232298537 0.217895269868171 0.684652242401869 0.679627149339358 0.352240317802312 0.223069829083804 0.340616422902227 0.267761285994216 0.210540871884192 0.138099576843388 0.109511865197782 -0.00901602050611584 0.626026798935984 0.575532690841532 0.728392066365148 0.698662366045244 0.698579377847985 0.643647497000399 0.738859354174783 0.589771533585699 0.505328666303268 0.584728463669826 0.689778882358362 0.537615415569868
0.478947052127651 0.533944027214057 0.291362146085134 0.447808901275695 0.204127677615311 0.24398326584304 0.373636425063237 0.56027995089069 0.321784588444007 0.241150893890258 0.535391034260489 1 0.447211961098528 0.726118185762963 0.393573514217759 0.533759059637381 0.588111483313254 0.660361985298738 0.670451073334308 0.78715328730224 0.392432995694971 0.106578345798663 0.453858182880144 0.427653565545635 0.284453879409423 0.214281805021768 0.326202314920719 0.231535003369193 0.799367375282636 0.881164390709234 0.58604474751528 0.53466957951783 0.55096014237781 0.627266793909299 -0.0541913286753609 0.378639569447747 0.554762430148301 0.4577209905417 0.503532032152972 0.481782203990751 0.308859737469062 0.373788275139757 0.513639757900331 0.559424840788879 0.465300715987662 0.517829023682984 0.53082079290674 0.531288618899268 0.499781886668442 0.462479671209522 0.462027845802926 0.450155593181512 0.438270174623902 0.467392861268718 0.517059011974292 0.46931125752078 0.360616771637646 0.404038809228276 0.51674492614952 0.493752845416842 0.421103933866193 0.422245517017196 0.689876017786902 0.793983055400261 0.126285822441209 0.242094384379853 0.304831338283327 0.354956588512006 0.517442850520873 0.49318356053397 0.529586566083896 0.593086527352765 0.657133125892524 0.689017300559146 0.283452123567709 0.423790949935904 0.424107310344103 0.360715991027446 0.569680216541247 0.661598512683219 0.426626250375412 0.52474631238346 0.439850089184601 0.365875772250007 0.346004670113392 0.466667662770197 0.451578218229881 0.18215123942741 0.45370118645111 0.494158307122973
0.841406894205371 0.77886286050236 0.725492877935456 0.467326140858251 0.239710489870325 0.237688043740396 0.52061474141779 0.212450031588578 0.272670633493879 0.17820212198814 0.850858589249975 0.447211961098528 1 0.346438468784723 0.762007475822937 0.439734507432369 0.743232285848326 0.722880055883291 0.78982674258711 0.589909371567508 0.241175819791032 0.235052310770098 0.769775133085372 0.521858976140483 0.641437447952379 0.645629637525196 0.492984155971824 0.552007994256403 0.553534130256507 0.448166112335228 0.360081127486954 0.246508345140664 0.43346961299546 0.323645102851315 0.175874812523121 0.294793706449056 0.461488529525122 0.390891675692056 0.621537351853369 0.679797433321427 0.287798666724682 0.275952482469053 0.335558140029843 0.31020512616632 0.506333027553465 0.474509611400317 0.62929774847729 0.571649013216196 0.46697759854914 0.43820028832947 0.376005853267584 0.407856353793812 0.495543475118918 0.395580620894476 0.744576559049506 0.671907315369992 0.741077319138271 0.754712015019037 0.630364779027344 0.572057922735343 0.587409943455977 0.126871784748868 0.695748002333183 0.506198736393045 0.660117575595517 0.143910514343609 0.473100215086416 0.24317909309859 0.676979262966961 0.666180272686214 0.353039169496179 0.190799687462864 0.312922315783972 0.203613279593825 0.238336195111071 0.0920806983175389 0.0340319100649925 -0.0563326273769548 0.659952132904471 0.570923780024336 0.763656423359709 0.777647803775312 0.704274706834805 0.765285230612337 0.834176551679189 0.721754152322874 0.563133315895877 0.733507790520164 0.763710318401241 0.58685644859317
0.178719605495717 0.189049017674692 0.28273960292193 0.47111951784255 0.352649857106097 0.326304992341473 0.424576875029558 0.656141288752707 0.352495633210794 0.39396537216863 0.328604053828873 0.726118185762963 0.346438468784723 1 0.495131730090163 0.795150645923163 0.256545079088596 0.360976972166914 0.444923613753625 0.519731121274662 0.356132677395518 0.0282309830014782 0.479469739791947 0.613637726812292 0.20291246495434 0.232578576484262 0.362175420507304 0.168932606231644 0.612098379846694 0.683861359959369 0.660457148333985 0.688532089735947 0.501780852317342 0.533349268674467 0.00970823234871809 0.319263896705135 0.235187773150098 0.165569015999554 0.350687569269548 0.203863766111368 0.0917288290626878 0.162596822174015 0.372121802199635 0.466083465426232 0.22770813653333 0.316007560336705 0.292717056378437 0.321271720340394 0.213682448335515 0.184318805083301 0.256885242441423 0.289165687620835 0.178937567947801 0.238639627460092 0.26535152623408 0.229382149745712 0.0602338172075247 0.0885529206222964 0.248453432681015 0.206539780837796 0.446703378538301 0.59611972702022 0.390340134846931 0.526275555491594 0.200223650316665 0.553684060573641 0.203911520937458 0.319395836394732 0.194809021790879 0.245313592668217 0.462469232502123 0.52642495149237 0.486108268719975 0.525167951703612 0.272331403219051 0.469912183070342 0.330834727053021 0.414569741251973 0.278561957189741 0.403983830833705 0.117249122274143 0.308743768750821 0.153919026054473 0.209335120321895 0.11744280626786 0.485176105926839 0.250254794766987 0.196195274096233 0.279739004558543 0.398340028545122
0.553740074747352 0.484438485844905 0.815767709997208 0.585112049512495 0.535388557257354 0.477021902481812 0.618133549783289 0.393413594649714 0.383461074421113 0.38743627659638 0.592249968342341 0.393573514217759 0.762007475822937 0.495131730090163 1 0.695947410331504 0.447306494329062 0.521935698435885 0.642774133286745 0.419507731810238 0.377978986818372 0.30493469709752 0.848328698251357 0.686087295040807 0.697789753448989 0.625426262475007 0.570891874369009 0.54170723335887 0.492533577262618 0.397817927577784 0.552917735413202 0.469527730547947 0.587669397790531 0.444166466167792 0.356658743282116 0.447178688898206 0.371526339925248 0.379450470854849 0.490438436033946 0.464843182931884 0.150846146717255 0.264527330549913 0.447444617085356 0.447158113596962 0.44995579011092 0.4588964902139 0.5304812447371 0.530736892742939 0.423065356210849 0.43439014491039 0.428479587048083 0.457719733508136 0.481026245477302 0.431634161597802 0.548565181042893 0.531426340242909 0.489586433361141 0.498193552442854 0.517353863269548 0.480665831669877 0.557486946677129 0.303846070194604 0.49781220242442 0.4158200031327 0.741786236793113 0.392707001738069 0.525828559144258 0.397651746739376 0.415293820480923 0.477059195207613 0.498615478529013 0.322561714560777 0.352476689796951 0.308540289837502 0.242548278426525 0.202154567972106 0.257820257976665 0.248006170087717 0.437339849337793 0.417193086465543 0.383585187537387 0.49481611698582 0.332820549842163 0.500990040774766 0.615055273540153 0.701235959196433 0.464065093560103 0.668683968219164 0.697728937961492 0.64758629848801
0.233528736422238 0.196432623732799 0.484659693920584 0.557926699484956 0.578246499033577 0.564217367369607 0.528886029552087 0.645369415805799 0.476349291727321 0.621397106424509 0.372078981444003 0.533759059637381 0.439734507432369 0.795150645923163 0.695947410331504 1 0.188120163426173 0.332877215038427 0.441218403526098 0.37699884339803 0.429332841510553 0.200735870931864 0.6126962129133 0.704362165306743 0.43736851939767 0.444309323986835 0.549705371719149 0.355446719304395 0.508597259712519 0.508171890020794 0.635041720933778 0.64372417277359 0.574745758300549 0.516436453154745 0.237037623976866 0.429971770885663 0.292537809764533 0.31508813203941 0.342710123526158 0.27417317436763 0.0988288520588583 0.303485858470335 0.445426162065646 0.515959299714574 0.31249934159563 0.384460059227623 0.377804903624363 0.413301231928569 0.292095932591658 0.310646464012578 0.354467971457341 0.403605535399308 0.298702709356672 0.345301478998974 0.310743764458193 0.315703097617665 0.149786080382526 0.176823094922853 0.308969101224026 0.288939452055475 0.477172764089831 0.549169730434543 0.354893034159509 0.409476482101248 0.423430110364763 0.606831345424552 0.357189558334506 0.428631494003426 0.202507969714387 0.292054518376645 0.508319442675199 0.510504964698624 0.418241343655549 0.440272563609033 0.257566865701542 0.389819146927181 0.351925841664854 0.427599447194163 0.223475872311309 0.301329798615205 0.12784239025844 0.287851655937377 0.136679620645113 0.286751445693391 0.254026824694141 0.60577301541565 0.234150346818395 0.429674003463098 0.417055593648908 0.569504087565654
0.867777711487972 0.891162306634908 0.532044590035366 0.380531682057651 0.0953711404506059 0.0965206240008023 0.378923821420263 0.121519286424846 0.141919640334445 0.00838330710264685 0.748658496377981 0.588111483313254 0.743232285848326 0.256545079088596 0.447306494329062 0.188120163426173 1 0.917394074013733 0.802077370370294 0.811009670103992 0.227866501061225 0.23182388039177 0.560099183880868 0.345690663617848 0.545744614132603 0.536855287267667 0.369624613305223 0.40539965285749 0.681971148648478 0.653820403392071 0.3446701799538 0.250137880573854 0.468791178518043 0.438169553727863 0.0534177985798041 0.302208148175211 0.584677876294355 0.505761280036023 0.588141429833036 0.670046149191229 0.339888792125044 0.312434632289653 0.420530273722137 0.376370037732829 0.626054199293088 0.588267103312943 0.710628749964714 0.641615228468564 0.593327725460581 0.519329535368201 0.444995217560548 0.365929450990992 0.547567408785447 0.414283557078403 0.774135030442398 0.688407802732735 0.865848253404285 0.858439317799111 0.663183204485599 0.602171773326865 0.486528549608893 0.0599986952143452 0.876749552766899 0.730020649954996 0.44561271201354 -0.0283830016791867 0.482637049132657 0.273178396012364 0.859057599931888 0.768777656425464 0.341280087709389 0.16913189150695 0.440875882157993 0.308243709284605 0.295275176955565 0.0705229945999991 0.157969176719488 -0.0689979930054958 0.864854049522122 0.79029697581451 0.87388823649571 0.868412899493085 0.77294691513447 0.702337398847026 0.779208656651748 0.621861621193852 0.571763333380837 0.526160329292766 0.656468769336929 0.436877927656891
0.852270244774604 0.867531495428012 0.603489563955526 0.495587289859239 0.18833473713087 0.167797720747308 0.468294631424086 0.262037451400452 0.198901070609529 0.120419442033196 0.739258131811415 0.660361985298738 0.722880055883291 0.360976972166914 0.521935698435885 0.332877215038427 0.917394074013733 1 0.820200661482423 0.843883742643208 0.303515719609569 0.244811008380437 0.633495447223965 0.449059567430697 0.608623640064843 0.54934543480194 0.446717839644902 0.437117336915935 0.758100015192172 0.728989665414917 0.478732645077755 0.382808859380386 0.59115181946114 0.554182795439385 0.131548915403198 0.433317870425222 0.663029932136188 0.608795107500582 0.651752368884056 0.705324475393959 0.385825123736658 0.478077639046817 0.53311439148608 0.499238018289468 0.696124529729537 0.682933459193208 0.785031360093811 0.748205498786307 0.657518146091201 0.590295091449339 0.543303369361917 0.450997245802309 0.622910394616363 0.498472518934632 0.809731401711541 0.744495856026892 0.854504852146398 0.873715822300497 0.721061858540528 0.68239036960906 0.540006585947131 0.160849226365643 0.896520755823578 0.803668305783781 0.50827178224909 0.0967079630986399 0.566927964021705 0.40754533618536 0.867538826988584 0.818092424666656 0.380347438592232 0.275742393224658 0.466917592301916 0.380472308483748 0.295992735503613 0.0845532808992577 0.24295989991029 0.0557868046219424 0.892551597777966 0.858582702076131 0.840176018039166 0.87554671898523 0.698794269167472 0.714754259604615 0.789378456043023 0.706220444866659 0.596257006764372 0.544606588092954 0.720876590305266 0.568737733431851
0.846082820167404 0.834412262398739 0.695175425808301 0.619474490667859 0.330188230441755 0.267565773634874 0.607169585051496 0.428311654615414 0.394270457585293 0.248949142769221 0.814560292467007 0.670451073334308 0.78982674258711 0.444923613753625 0.642774133286745 0.441218403526098 0.802077370370294 0.820200661482423 1 0.867734208388542 0.316778195404807 0.341380400847431 0.719254531650799 0.53985228067976 0.596961021064606 0.537264632996846 0.406553966505772 0.423348852464747 0.6652287619376 0.699252280233046 0.531116290495306 0.418337964763871 0.613540447678252 0.610197169841672 0.176472950828744 0.444529323946 0.654970343837598 0.603954153466045 0.643214547017125 0.642679676669481 0.402827131758813 0.370222263451486 0.522893559090055 0.5106555744584 0.645612949618607 0.658468634859058 0.710899799456174 0.702287026645528 0.636621553391244 0.6239756337234 0.567638426075492 0.546278610149147 0.624655341586509 0.570103730534797 0.744726537591781 0.674896746583902 0.73570969638597 0.742028104441311 0.704349748029085 0.674910461627163 0.617619547077321 0.260002462508388 0.787420314027578 0.696132404411427 0.504813493616947 0.179022108220864 0.5568903537208 0.438970674209079 0.795320830303804 0.783982397508611 0.584448449200121 0.465653221511521 0.615183411657622 0.548240863701902 0.353422482861328 0.257370609495251 0.351034878260435 0.210750587505766 0.691551996893283 0.673509724181788 0.690610850663463 0.708084459991331 0.652741644609294 0.600239967634825 0.712214403863618 0.657761459520089 0.598798822400158 0.509201593002619 0.785472418675754 0.665201827796066
0.724658182133273 0.785752954851556 0.468043165420812 0.537444835035889 0.202507669462807 0.17577718072088 0.487891414985957 0.434084955229704 0.297468874879391 0.159686248074669 0.663438360898007 0.78715328730224 0.589909371567508 0.519731121274662 0.419507731810238 0.37699884339803 0.811009670103992 0.843883742643208 0.867734208388542 1 0.31272813946573 0.237021314547737 0.52685802853349 0.433513375349798 0.44843136832379 0.398550933780823 0.337269913560692 0.302401200687129 0.731096853959157 0.827166973104341 0.496857143880795 0.454271489142569 0.575028746392835 0.651242461893484 0.0227581130665643 0.398043522735613 0.63102516546081 0.546623743011405 0.565371079773288 0.560183724431817 0.368002229482357 0.360632248693641 0.488913659393689 0.498668814759328 0.593287182662817 0.615188726209969 0.648654106314 0.631941518533428 0.581776037879497 0.531012234212406 0.492091003612703 0.428413461916007 0.518871443981327 0.468125812929166 0.64948340969114 0.574786073509941 0.6596862186121 0.676407228751526 0.604002884397725 0.588802542574541 0.50328419838565 0.273267367756567 0.810560455331804 0.808845274719748 0.298323937845679 0.136164043806241 0.447706024409927 0.39781042283383 0.799302151667748 0.758403164881372 0.522290696209507 0.48720420589721 0.634265730341647 0.606989269516239 0.328152615013373 0.28202193957487 0.377637718208242 0.219034508178023 0.742205498320903 0.747278707554132 0.659407747601605 0.708899225015614 0.625644004231964 0.516185206044346 0.553936166292009 0.558998454733015 0.532207336734878 0.328633473047333 0.588564459432412 0.505331974946415
0.217630540166289 0.155689836520856 0.394251385240177 0.39575143562695 0.401979024350271 0.453627242383262 0.422967354090864 0.44263439565634 0.332535265969564 0.270892422756698 0.197889422021024 0.392432995694971 0.241175819791032 0.356132677395518 0.377978986818372 0.429332841510553 0.227866501061225 0.303515719609569 0.316778195404807 0.31272813946573 1 0.330059120530419 0.398986775656717 0.438066880552383 0.401743450204431 0.327869868110258 0.39203755436357 0.311232356243376 0.412825303458345 0.4917697899629 0.55907007202858 0.517739617920454 0.536165267606152 0.538708084251143 0.215010190115838 0.526401986449559 0.447614937529082 0.417109368228149 0.32875962558171 0.332056423090076 0.114982595970431 0.336524257814601 0.549385549424777 0.567553836417366 0.456790939511957 0.466221772886984 0.430929691796216 0.456305090397949 0.42754452762884 0.427042820249943 0.493946498395933 0.450341576831743 0.463333147236438 0.517631139629112 0.375524460501987 0.388895095227021 0.183361877104959 0.196741126452556 0.412573642449413 0.367265777909932 0.389993640338021 0.385182394765789 0.376225616667155 0.46715897467567 0.298656076028228 0.362008982267057 0.452820238911081 0.490976741960699 0.249569239439816 0.342513724511615 0.503712567645318 0.482354195228253 0.446123064569442 0.474370037312584 0.218290086686884 0.294888371426384 0.370997598425941 0.387994546599931 0.351317626737653 0.424325290077799 0.161796632542366 0.267704160492041 0.053060972025266 0.152832080648724 0.262790372618271 0.411665793263307 0.240425604765774 0.204502049228059 0.366465550984105 0.469800024871109
0.343061717865125 0.255391323482253 0.347688763986697 0.261521427015294 0.38181437508204 0.361600846376237 0.329080154539445 0.203117845961248 0.383750880904373 0.262900322773152 0.260259123813222 0.106578345798663 0.235052310770098 0.0282309830014782 0.30493469709752 0.200735870931864 0.23182388039177 0.244811008380437 0.341380400847431 0.237021314547737 0.330059120530419 1 0.244411347789113 0.206475274624158 0.376539736964979 0.288319209000055 0.347509809372443 0.162994701676474 0.118902971172661 0.132595667675904 0.229387957211352 0.155321565757222 0.366781570566138 0.365540952995779 0.255076689903103 0.316844238102358 0.244750091162113 0.350820002815502 0.0819186010470912 0.225868897298387 0.0310304551343133 0.154615439018946 0.426776175559772 0.380327649257192 0.430224203313449 0.435592888908815 0.395650407011735 0.420850924254642 0.414417091459768 0.436048402029921 0.471982592443197 0.388349800031725 0.479616217385089 0.444684598231545 0.316701097166566 0.367189145131458 0.349568038867571 0.313703318470195 0.39248448111819 0.387697645338227 0.283530437593542 0.148711009302472 0.280791424525181 0.226935608384364 0.304581185322577 0.149499993456074 0.463812223573323 0.427163770241118 0.322391151523538 0.380941897483888 0.328187887912038 0.0601479210346973 0.148036768861629 0.230583628320667 0.174165689651597 0.130228427704327 0.287314199421215 0.147034919108141 0.225665043702393 0.240448401310393 0.177703010851833 0.192960408725756 0.0874902687543293 0.110233274318724 0.289633870606293 0.323722718119808 -0.00829189723377526 0.212316975757472 0.374311746500572 0.371336196724919
0.599700243348287 0.576322946581476 0.91387743940505 0.680366617382545 0.45087150927046 0.42329333277698 0.666931019122944 0.413096125774862 0.325530832912097 0.257697400790367 0.60479304185129 0.453858182880144 0.769775133085372 0.479469739791947 0.848328698251357 0.6126962129133 0.560099183880868 0.633495447223965 0.719254531650799 0.52685802853349 0.398986775656717 0.244411347789113 1 0.823610333439416 0.800738457844494 0.751559647525131 0.57115265626192 0.609780604314087 0.522798922732343 0.491516495378578 0.69039648404024 0.61752578715274 0.678029210652329 0.553466177656009 0.444013447086343 0.560457927111911 0.509093446747122 0.536950617441978 0.599203749862888 0.585521896266033 0.306627127877795 0.38698293074174 0.505350214032708 0.494867687777249 0.525551719443089 0.532253612058476 0.617575049153747 0.613259731273263 0.484870603354389 0.490159768157189 0.483047287060005 0.527053947580552 0.536213710814717 0.491129484054286 0.646059827086778 0.637868839719918 0.540634432187511 0.563036286676196 0.579294253964274 0.553922630824351 0.574235600172581 0.317674043623728 0.573258197526661 0.50119457928701 0.815920973209702 0.424595186755309 0.634319489207346 0.491609555260194 0.504963325399427 0.551511735120824 0.530384839834036 0.428285181961212 0.479806412834429 0.402689351738676 0.296256604479063 0.185005128762339 0.278451536406234 0.263530112354775 0.547400406658711 0.574070630417212 0.52099528743305 0.635512562430879 0.423144124691069 0.62665810961038 0.72464711675464 0.798157253343423 0.576556996916956 0.709060257329145 0.780603735430703 0.714729236723852
0.381663588272228 0.376191530005509 0.773580889232381 0.833379895700114 0.589549289690237 0.588175510840265 0.717602762491041 0.642432146851386 0.480826717314422 0.437550780396748 0.365795774184801 0.427653565545635 0.521858976140483 0.613637726812292 0.686087295040807 0.704362165306743 0.345690663617848 0.449059567430697 0.53985228067976 0.433513375349798 0.438066880552383 0.206475274624158 0.823610333439416 1 0.703370044952455 0.736674442646761 0.503242168760049 0.540494125349643 0.385784135293009 0.44574150297786 0.74805529751368 0.793640974922595 0.711997248279408 0.663770334123786 0.524942897522988 0.669969732950429 0.481391099304849 0.490158317909436 0.487226438583149 0.401567238174318 0.256152457362878 0.421618493665957 0.501562942122804 0.529170642042785 0.423258159070339 0.460920444416932 0.471384674116555 0.509826805957567 0.371170850412248 0.401441789443487 0.473300750678501 0.543292916009305 0.444099594386551 0.484127704012484 0.476248835107069 0.467390427632152 0.331828844239987 0.361935903062797 0.466215004917287 0.409301720489631 0.621281605842766 0.540917772917811 0.433385702577161 0.438014734222644 0.70980280589784 0.691648378983904 0.639482855902073 0.644104866810813 0.347211511300136 0.4397047987746 0.61252942302176 0.591860023645229 0.535594467728489 0.476550132152501 0.340459279093279 0.294574214583893 0.403163841801358 0.47284039646619 0.365776887623081 0.4350297871572 0.286339910109582 0.479417141672065 0.233767481209825 0.444504157503715 0.476348716202601 0.798342076438247 0.442298673264234 0.576003305711884 0.63798908699536 0.679651340329299
0.626404247069031 0.565477247518329 0.825277543655902 0.613597535497055 0.451947909540565 0.500783174851319 0.608917609912787 0.256253228263968 0.346209334377606 0.246211864224124 0.519379573170014 0.284453879409423 0.641437447952379 0.20291246495434 0.697789753448989 0.43736851939767 0.545744614132603 0.608623640064843 0.596961021064606 0.44843136832379 0.401743450204431 0.376539736964979 0.800738457844494 0.703370044952455 1 0.863071440924605 0.717979973198921 0.721190981548114 0.325001565593539 0.337167799235765 0.503161414715467 0.469318417036614 0.670010731235286 0.567399007077046 0.594262082115316 0.643316159239788 0.55246325213479 0.626044086941261 0.544633421363239 0.569570018453592 0.265980512623585 0.409614798952637 0.614727240567917 0.558076035058813 0.666207302721893 0.637093783367398 0.690359428211922 0.698924882936656 0.594051786164007 0.604393293427798 0.601307607513207 0.545793125155555 0.670349281078025 0.568125085298486 0.659191892233751 0.677425256525815 0.656947241193652 0.667817093413449 0.646023187327573 0.604218709627114 0.537514566304627 0.162705371550638 0.555992078772877 0.467481947734979 0.822983804457086 0.319959684068967 0.796022752158844 0.612794687512544 0.574304915611008 0.649891586530432 0.469557361372889 0.296376603458169 0.389327645295561 0.304465455931022 0.252245897363305 0.056241371745951 0.363809051605444 0.248923067427021 0.536323959261448 0.541849677254302 0.528123501891931 0.632030893074539 0.414877201668914 0.609742433908254 0.729016938499055 0.794783393735419 0.467547295559385 0.714969918975515 0.79921723918156 0.702130116981583
