1 0.898151308446672 0.6405119308431 0.705798026294268 0.214068234634461 0.314769909354311 0.64616988194965 0.704533441867378 0.318754362732554 -0.00752357970407044 0.791169480930672 0.805509941151925 0.742697710211866 0.731379899249937 0.520454685915883 0.683499011582722 0.813743566533357 0.814155377639932 0.90134773705378 0.851966714362553 0.376014073725548 0.267820565363388 0.635622053348474 0.59996166689702 0.535103261241768 0.50751752923769 0.343765830308538 0.29847544562142 0.716450576621604 0.724596526610023 0.474255852381489 0.450638644408024 0.795121322040646 0.806266690432189 0.613176071625726 0.598851819981238 0.722405100419943 0.747678103646027 0.672990092495622 0.779737342592728 0.409502829590093 0.564907755444149 0.688878139240658 0.712687559030915 0.500090041074524 0.714470203649722 0.783359155188454 0.776107280946099 0.550767718572312 0.552950982360437 0.698540805684544 0.602412523735297 0.671111975431548 0.556351847278408 0.790272907733669 0.7599831508995 0.930053950535293 0.89322735895734 0.898408080733686 0.837575881219952 0.859721119836181 0.624900718549177 0.840971389384966 0.762845566545288 0.655560795899467 0.730845349628301 0.789287281026351 0.814512356695442 0.892250323077951 0.868078375943508 0.506058220826707 0.362202770469449 0.489174179654782 0.558562860594564 0.320162628973699 0.411081796549536 0.483475410354407 0.411966678351449 0.747207637873143 0.780004250220435 0.888873690692136 0.894196491966979 0.714605136874643 0.860644283788364 0.846329252547764 0.871749398867943 0.637255541603214 0.67818120428166 0.829575138924349 0.782603005641815
0.898151308446672 1 0.498426067673613 0.572797120495927 0.150013492457041 0.184610784219697 0.509170581934563 0.600539781851532 0.246357486872499 0.0133400699821281 0.725407309652111 0.810344663342441 0.679752940968402 0.717767038515321 0.386980492143967 0.572590056382438 0.771293440492547 0.807415794275634 0.813960669147775 0.782583945338516 0.355801837539428 0.237864265468132 0.525422097854317 0.535868675049114 0.463301239617137 0.451669966657798 0.325579085246029 0.337470548714367 0.656637261373099 0.702710432933489 0.364735268507276 0.316700651253464 0.687117423935029 0.699045354192059 0.467701562688968 0.51425204287598 0.607794098611468 0.629301655586289 0.57034042105841 0.691822377933139 0.312187688552592 0.506680560385593 0.558208130593512 0.600733135820809 0.400821402492227 0.655101620791949 0.688892837707011 0.689226855676639 0.45585192938494 0.441253896717343 0.582728396336064 0.510707919799638 0.598493032175939 0.462036893562029 0.712382147376763 0.669952808859363 0.898538811671118 0.936081516769725 0.767211533609979 0.787780466200573 0.737149794986814 0.494396006504337 0.785337794364005 0.699230965806982 0.544874334067804 0.634489176858431 0.648461553954041 0.711805595327405 0.826977550021912 0.826957854957712 0.360841756067885 0.207309679506425 0.434144991218204 0.521387262206713 0.314567703854892 0.402499603726689 0.386582356293643 0.288449439771937 0.673946366813537 0.700285140643796 0.830667493666818 0.871680074249526 0.629743633817017 0.823531961856628 0.795835936538536 0.828991338421017 0.507492377315373 0.578372176942794 0.702229524190968 0.663305785004109
0.6405119308431 0.498426067673613 1 0.822537759403172 0.365858498383678 0.468522978511665 0.900887062437606 0.741034820336616 0.51119741291863 0.212982769907853 0.64609390407118 0.514370490954064 0.73660111117005 0.604632350216012 0.752773756583292 0.694072176867995 0.513002881503424 0.49537881724302 0.650451799215168 0.552829740709944 0.442275306971989 0.275336194763463 0.837129489784581 0.705148897254471 0.697543891733408 0.623095683933972 0.400219965846697 0.181916065020596 0.573977798137957 0.541218034225962 0.693754732643661 0.626746670226147 0.728902893924477 0.693493328803191 0.805881586712614 0.565481250245122 0.609046537982418 0.615063173699453 0.613637078530935 0.604965866923352 0.357130032063312 0.379077252850874 0.604855108756388 0.599488838617555 0.466654709904256 0.551020772637593 0.613404297175583 0.604914719436242 0.457681186121657 0.502349948052986 0.599934871352014 0.532817090663893 0.470986860356249 0.452367419931655 0.642357997660186 0.604660361818538 0.50368737714408 0.493572443070003 0.652682683705126 0.602425581235889 0.685236053807031 0.595926454850897 0.522776785540443 0.539557158364387 0.72567787610802 0.700279989494515 0.807324766235763 0.735723268956022 0.521383784479329 0.559045754842927 0.603883955301412 0.552148778517085 0.421216861729624 0.490127682826433 0.2110688627255 0.33754841246557 0.539436881544093 0.454167310125935 0.557028904361596 0.605723764421914 0.556718048642495 0.551097801170501 0.603762582307604 0.564620329509509 0.599660941827066 0.659616116220138 0.622551060342047 0.593118312585157 0.703042800443562 0.711725871927797
0.705798026294268 0.572797120495927 0.822537759403172 1 0.411947224289898 0.574200593820207 0.874997577017469 0.947791959280342 0.549536213943571 0.154852923998395 0.598925515774641 0.698462917924635 0.696393206433356 0.765687057799476 0.753621828284971 0.812959324593994 0.667622391445028 0.649242584608952 0.727403857283308 0.71631337089257 0.446251713795181 0.266113314978682 0.754176305293558 0.624337020437316 0.588046466557792 0.643476305231371 0.273401106855977 0.05587385682605 0.717061006380681 0.75609641343927 0.798976553432508 0.745596412496894 0.856084050644929 0.859367040339874 0.810135059504867 0.598406200704405 0.679751918284613 0.716039985628217 0.730114739427889 0.693178494744053 0.318963853602033 0.44745485532824 0.793792361413543 0.77912167570282 0.644839401866967 0.70100898214535 0.790392777568796 0.77063232430858 0.663385751230488 0.676219740218319 0.745657099615498 0.696838716611926 0.629247971733576 0.628538986431416 0.78875345134254 0.77388476894759 0.599604521234219 0.540069113771357 0.7151416414576 0.718924593830785 0.749574127858034 0.82483427907578 0.592729825623803 0.729455830056321 0.607450055835779 0.710550753607796 0.861219706409376 0.851871321167177 0.614703642944621 0.657318311157308 0.738553057161314 0.68198001566823 0.578664417985304 0.631792270396053 0.199024213538488 0.488043449966171 0.739570028881158 0.703891832605301 0.722647411073798 0.717849228378456 0.664990052623783 0.596031043415883 0.644135886359889 0.699206687752604 0.581629727223913 0.735227732493046 0.684337780388612 0.628325753996209 0.761043073354171 0.811488403375935
0.214068234634461 0.150013492457041 0.365858498383678 0.411947224289898 1 0.128909150111321 0.393380002883405 0.440120002538636 0.466873436436712 0.0521574374704362 0.154413200043385 0.28020400570323 0.250320644348747 0.367136736817863 0.52698094870767 0.332392175526375 0.210248103751498 0.289978343288677 0.306164113274011 0.339575132290293 0.238678913094537 -0.0983122227010031 0.351462617112567 0.103749786894902 0.16109792432537 0.341928732965018 -0.219452618460231 -0.167595640303954 0.3529167982697 0.338260516895015 0.419446774574999 0.249187479758288 0.407207376610586 0.396912487237911 0.391582412266876 0.170679576995406 0.347699638971868 0.373311620925593 0.33298831983898 0.274239813901868 0.22580712780597 0.132815064423973 0.464776597877719 0.420140720334416 0.460601433791043 0.381886157926814 0.393377189780603 0.394671767654864 0.431853739650322 0.4471464821787 0.382599624160509 0.430110928024144 0.332872052745086 0.360393442237114 0.351467969351139 0.400305365138517 0.112347042676894 0.0713904107250159 0.253061110931756 0.205540414510785 0.327710294667058 0.346719777337511 0.184969067826432 0.264921214319425 0.189828032530927 0.166317569611953 0.398288157715732 0.328574649040653 0.26533323967614 0.223063428292066 0.476392122775471 0.460050431495934 0.345247827550802 0.298153177854035 0.0979224858832482 0.0955043063718958 0.535237643690855 0.502537325932956 0.308967531356049 0.341801030221 0.19784702384962 0.115634436893092 0.218533464851552 0.264646792828132 0.126108925960537 0.282297711923113 0.287602100477607 0.204547648029627 0.329985164053515 0.345333915075128
0.314769909354311 0.184610784219697 0.468522978511665 0.574200593820207 0.128909150111321 1 0.511321200661188 0.503153105314236 0.607714777976814 0.358442291867303 0.303063501598658 0.291493114651528 0.338471681780816 0.389901987408601 0.525374315009122 0.534845889853908 0.468182037644959 0.344981794645429 0.296431073017847 0.411139381701744 0.287708252932052 0.406143796499606 0.387734650242067 0.233087809622937 0.35617502667705 0.352999431748545 0.515645434087947 0.0496693273478902 0.544152372518983 0.428741451399677 0.630616010346097 0.648508786529388 0.537992783255034 0.474682480599667 0.484923840052517 0.316085157592343 0.502261923916921 0.453447190587678 0.62883572785796 0.395048843808569 0.223891599962403 0.446729400721132 0.464468635848664 0.436884317381315 0.452562042347993 0.431990006549625 0.461116186257336 0.444690285406358 0.448529404260998 0.501783651351345 0.535662367938198 0.469209300662122 0.440374906782586 0.462967126374989 0.515808992949719 0.484132557311482 0.339252542316223 0.271664314424119 0.370476657847862 0.433513336696418 0.312709785036948 0.477070009067329 0.260880750760781 0.346423279264731 0.236703182111146 0.300808213572297 0.4598144033183 0.494694731707897 0.309855334930208 0.429020517563363 0.596355498761563 0.55916457297887 0.377426816787791 0.397766427103759 0.0075688938166058 0.416681788035552 0.476847496855549 0.485044229719551 0.532438880204352 0.404449722706247 0.379026625369625 0.296741296992456 0.637592118283875 0.363946912013569 0.222173987431755 0.376229949658501 0.567618713980913 0.517660957729696 0.390382325999814 0.568165317968668
0.64616988194965 0.509170581934563 0.900887062437606 0.874997577017469 0.393380002883405 0.511321200661188 1 0.861575426844634 0.557596329518002 0.266869652362352 0.605452511255753 0.598108946239506 0.769665005073959 0.683157055972481 0.776996000368848 0.735568478064934 0.58425555025931 0.585003869257471 0.672895512145075 0.606856884759419 0.37573757657438 0.295264791674189 0.804974457860815 0.62970460591535 0.573638205413264 0.609718469253001 0.307784249949298 0.0720618684649341 0.62068897320661 0.671596001197426 0.767563718078238 0.674143219460888 0.800009803627273 0.749340715539033 0.756126419536808 0.523702812544136 0.584361545901644 0.609426348138824 0.598478273366163 0.594135321753176 0.277517282846821 0.352784330297618 0.701560860894231 0.67426509861462 0.593474113446339 0.628966398933383 0.685802970644325 0.671066226466805 0.570367440032547 0.594610842921491 0.651469171053076 0.622732913638274 0.523254453474793 0.548210472598442 0.669447924186687 0.670061408737701 0.51997873355428 0.470997500762188 0.680820772483188 0.636515375083956 0.750765044021915 0.743365942099659 0.567563490216043 0.660277876140268 0.638871837308448 0.655846763543747 0.829151674640681 0.755226014318299 0.521803878584492 0.555249758318503 0.712453805701037 0.63604398286448 0.574421939182645 0.615261273544628 0.2370466330781 0.436773295370876 0.677154314368305 0.61047950814432 0.641486971552417 0.677004102858791 0.590418347047181 0.550130417394948 0.564491652688269 0.571083434567532 0.585806857184766 0.654319587277607 0.564189967763366 0.513888368594711 0.713701352996683 0.700446106123203
0.704533441867378 0.600539781851532 0.741034820336616 0.947791959280342 0.440120002538636 0.503153105314236 0.861575426844634 1 0.537037771107818 0.123150514428847 0.616569998364009 0.783995769231701 0.739673962127558 0.848974777062721 0.725214365972959 0.814889320377028 0.691502664879807 0.691255405476267 0.733845733033257 0.724734333503103 0.37503302396863 0.23795307700861 0.706289728598603 0.575444431681892 0.48359323016729 0.596134656636209 0.168468046990599 0.00632985048945078 0.724233367886848 0.810455710141045 0.766913684650628 0.704243556439945 0.855180656432939 0.86723046049304 0.725345837532797 0.555453196405451 0.643326570071511 0.678847113582608 0.659150880712552 0.682583185931349 0.272189352175904 0.450532297528073 0.809801387224706 0.786885051213547 0.677740718540327 0.723899862987235 0.795704726743831 0.773415069387824 0.693277180825005 0.680379596302976 0.734235884595282 0.707771190873506 0.623763417625125 0.630224081330492 0.779304363570448 0.790342888189337 0.585196132641726 0.513857734870578 0.706468832247008 0.713432014824097 0.779321102903139 0.860448490276775 0.634877822940553 0.801668561578804 0.546670274994077 0.664700428247749 0.819695044476317 0.827572549019089 0.601630296893309 0.622915917617766 0.717746160762558 0.670560339602546 0.641562589005677 0.699697462418958 0.207160388279133 0.499061639952915 0.751663188719433 0.713267314441789 0.726137094276858 0.741427117266334 0.681195354418378 0.601838597537682 0.574484539230555 0.705287549827216 0.576025352546772 0.73308588544875 0.593558544711208 0.579401822999577 0.741747368140339 0.778903338933097
0.318754362732554 0.246357486872499 0.51119741291863 0.549536213943571 0.466873436436712 0.607714777976814 0.557596329518002 0.537037771107818 1 0.257914157988053 0.323210985390083 0.350887519177175 0.425467382647846 0.422495199188487 0.650841669254731 0.415972121840602 0.413501519886842 0.394118579180963 0.333467768163559 0.418869388874743 0.256861836821794 0.149518789851938 0.37282946810719 0.113153135207934 0.206711309446958 0.311236787408689 0.151297211782184 -0.105360647804612 0.518313379917956 0.435998053199086 0.589668989421172 0.450737009504088 0.517749489869423 0.452204049659356 0.38881662270679 0.171061433873785 0.50130251127537 0.409588115574504 0.518164611639927 0.313641836647948 0.16732067509495 0.253994858535663 0.446438669356917 0.419727261777488 0.41835407474441 0.377590241814379 0.443133501084771 0.432882249345065 0.426656888350713 0.468889361266552 0.476804458781091 0.432981435495837 0.406294521466178 0.404328481463279 0.446722712557136 0.440912944667025 0.292560098426886 0.237381728123257 0.367743881698666 0.398586480629514 0.382066148133812 0.482961093016161 0.284741987472368 0.352978332052032 0.180468835450316 0.234956620370193 0.433683954290902 0.42915406398533 0.272208563143793 0.336833868032901 0.6030707541755 0.560709923115145 0.413734820690686 0.457280233669782 -0.0671754161250516 0.30700895681488 0.576739116553026 0.538276016918102 0.475078132493832 0.396726024704334 0.329159402512913 0.262914849527696 0.480433794336447 0.369890450634802 0.188353287100371 0.351870800871119 0.469078552803726 0.390442547014068 0.430755263753463 0.482210473389212
-0.00752357970407044 0.0133400699821281 0.212982769907853 0.154852923998395 0.0521574374704362 0.358442291867303 0.266869652362352 0.123150514428847 0.257914157988053 1 0.153898509538468 0.0604120006836584 0.151763460774331 0.12548402576992 0.33095223299774 0.268193295908205 0.0318749220950327 0.0391076979776762 -0.0378639507878053 -0.00666752773038239 0.0982646637469246 0.249913669121807 0.146144836116814 0.261978594611087 0.177834963689824 0.403847792063702 0.527079760842487 0.12473238665384 0.0787853845630514 0.12026913594549 0.232792589178157 0.306902497449244 0.0613504201354441 0.00732719693862114 0.0869736134317935 0.0388029362009239 0.0769448353939116 -0.0218172762550582 0.157146203756301 -0.0434881468554412 0.118733406788474 0.0476478007986366 -0.0473392031873174 -0.0955646027657507 0.0053884751475994 -0.015171900133184 -0.0605319761608675 -0.0933059967318775 -0.0586984489453755 -0.0571491827702786 -0.0315241204925063 -0.0631528690412397 -0.121989772116773 -0.113931564703374 0.0349859445377182 -0.0422282616588855 -0.000210288970820076 0.0624295319310339 -0.00147854902874937 -0.00916846884377752 0.105445602972534 0.169891512445085 0.0722652738251037 0.139890313436911 0.0807326910953424 0.100106488296466 0.0483023013562055 0.0258966548588529 -0.101122614190259 -0.0178797161822528 0.116899554163525 0.0872676073073376 0.0814015321860294 0.125217435608831 0.117629775012635 0.0716187873565576 0.0534189926228649 0.0458784922808306 0.090932987916801 0.0597345170178742 0.0100127826328495 0.0175584077007291 0.301495001141852 -0.0427536328021636 0.0447548982070804 -0.00483312677816283 0.220461315890789 0.114600634312811 0.0370651901663773 0.117617879980444
0.791169480930672 0.725407309652111 0.64609390407118 0.598925515774641 0.154413200043385 0.303063501598658 0.605452511255753 0.616569998364009 0.323210985390083 0.153898509538468 1 0.741448721277768 0.905566895980734 0.733666217207556 0.544997035864926 0.664031013278597 0.677732043237865 0.613512105981728 0.699063177212088 0.663770788595838 0.335113757905106 0.343896536597897 0.613208030471814 0.58378772353206 0.498082453993665 0.447877270417343 0.392884733283306 0.370296672617251 0.67037392420243 0.579400790418129 0.396010049088655 0.404624639431434 0.628615634385017 0.651104558581814 0.541025715667502 0.519095375858103 0.582655211711039 0.538708612404061 0.567520946951504 0.654735662094797 0.354508410447523 0.45653757139388 0.487079765811558 0.508905316960806 0.283595217242367 0.490409682909832 0.580260466195101 0.561168854892084 0.328475502902248 0.340361758045371 0.506238917947388 0.393056292282918 0.431980559701147 0.326884880946869 0.655749568877346 0.563892462307056 0.675105338791806 0.688242206951539 0.666866925573549 0.63069753863668 0.806381001832808 0.562849383694743 0.754380871788087 0.655461074177052 0.710077013998046 0.702260435633685 0.666751279293803 0.653421381668546 0.660121742473007 0.687356719055987 0.28358038792785 0.243341052884303 0.390748146520254 0.475291428902967 0.277590027819648 0.328688538836733 0.322886878546906 0.197413415509748 0.634762263993058 0.615699442095654 0.751508621582849 0.775121413391772 0.671123386993253 0.745036105876075 0.789227606477063 0.741229976984239 0.612699259815206 0.714870651917803 0.704470366416471 0.689606808838081
0.805509941151925 0.810344663342441 0.514370490954064 0.698462917924635 0.28020400570323 0.291493114651528 0.598108946239506 0.783995769231701 0.350887519177175 0.0604120006836584 0.741448721277768 1 0.753292045117716 0.888417383192066 0.518662466238426 0.719045341487603 0.818458335864474 0.865626154378088 0.791058266142418 0.835331294385826 0.295789800668265 0.191719848964967 0.539292698587653 0.482804371888663 0.359359764534953 0.45534839006889 0.171513463761183 0.10130926230561 0.788181048364109 0.869493940619453 0.545580874942782 0.490159166834995 0.781018397929289 0.828445231803261 0.490358429759669 0.504393453867129 0.643990018069747 0.655864452065212 0.609461739091012 0.700624171924001 0.329405483067994 0.512393880470309 0.689025196339408 0.688277752497409 0.525139193445554 0.659454561186647 0.715450319440407 0.69376967944036 0.534274749401934 0.503072469311289 0.596533843753913 0.54209028238037 0.513468941220965 0.445794140757038 0.724880401671246 0.708742980114493 0.724465949018387 0.703002205242203 0.711923629970148 0.716796074161927 0.804497174292078 0.683244286768751 0.846625251631889 0.895609974368521 0.443649012500838 0.571032521166882 0.691586502816624 0.744228752400744 0.714667581062938 0.724561776117127 0.486400389298041 0.431869156429853 0.634534190625671 0.676402508962437 0.266262057339878 0.480100052241641 0.594945766643589 0.535397442273301 0.754405950907273 0.763685648230786 0.800833765334987 0.739901377870043 0.611632205343852 0.776146106634143 0.665548794281275 0.759043634835051 0.526758356057243 0.599312014064576 0.692069754318311 0.712273435887318
0.742697710211866 0.679752940968402 0.73660111117005 0.696393206433356 0.250320644348747 0.338471681780816 0.769665005073959 0.739673962127558 0.425467382647846 0.151763460774331 0.905566895980734 0.753292045117716 1 0.787330618505083 0.636507230695482 0.734661473455649 0.672461043203843 0.650133250252734 0.699188219890756 0.662452789856151 0.33709123228669 0.326315335846806 0.703426466819465 0.600960366460198 0.492285627347586 0.505925618854765 0.322259675972539 0.287755513527448 0.675750843434616 0.673287006127574 0.537164217730724 0.484908009252316 0.718027425367705 0.712680286711397 0.590724600036505 0.490220512409497 0.56814814247693 0.54535897626219 0.551473116865209 0.637742703633947 0.299707957645638 0.42599436401597 0.586000970527645 0.590920404412736 0.416227028109802 0.563089591241023 0.649528208475662 0.624066828882005 0.433300029562587 0.434446009604163 0.552265907442516 0.48627542116253 0.45742380740837 0.374318108036351 0.654624429977937 0.613911916963773 0.617066589732124 0.614166011683211 0.666733234731309 0.635096332832364 0.837674563626688 0.658112030688546 0.732684000669955 0.706367763941053 0.679292774273197 0.674552388841996 0.723148810019317 0.689418817027304 0.611070717984573 0.640106574262041 0.410946715515821 0.36571588944723 0.504747714408452 0.584399410689827 0.274815753740117 0.395035468054128 0.485982186899955 0.352701692660047 0.666764515107009 0.682542683720193 0.730748358093797 0.717201624632426 0.606653390049016 0.689250808050776 0.736527243185488 0.71806724915851 0.547887987698318 0.626788791374047 0.726011454755881 0.67692571193816
0.731379899249937 0.717767038515321 0.604632350216012 0.765687057799476 0.367136736817863 0.389901987408601 0.683157055972481 0.848974777062721 0.422495199188487 0.12548402576992 0.733666217207556 0.888417383192066 0.787330618505083 1 0.635441575557154 0.832190090264405 0.74944339689315 0.767631168540167 0.749995806422127 0.800093609030244 0.35743021015737 0.207055683225541 0.684656662007495 0.624131750214276 0.444958044774119 0.542389999633103 0.214700726450554 0.159782458074643 0.75571953733513 0.815976810245296 0.642547216945455 0.585852911350922 0.803688593702676 0.817551524740957 0.601717471107735 0.556660484919296 0.628611348270617 0.638772130299481 0.658642614238932 0.701022234655748 0.307360557621382 0.525725776541742 0.740131429944411 0.743634098694125 0.573978544806419 0.669858606752089 0.736214034036465 0.728068142702024 0.585010365361178 0.551967091852243 0.637576767006366 0.576092019111446 0.527737562562966 0.490611598696762 0.739293081769082 0.715838501565385 0.633945886937965 0.610792679889906 0.646531948402147 0.652807185904429 0.752606909167276 0.710730702890427 0.71590405561591 0.79444251469729 0.543595389914154 0.618613290112002 0.726242414913991 0.752734629206531 0.650715199892063 0.686680722915953 0.55514531946104 0.524233559193192 0.627887438803405 0.650910778860451 0.170175642412972 0.473825822158876 0.66342348305446 0.590209350506745 0.722357519482329 0.745686132785493 0.715615585519506 0.669233131530498 0.619570391254162 0.759709178807522 0.650508773383346 0.747267363544335 0.576606582035523 0.646559665923821 0.690809618522616 0.731243255211527
0.520454685915883 0.386980492143967 0.752773756583292 0.753621828284971 0.52698094870767 0.525374315009122 0.776996000368848 0.725214365972959 0.650841669254731 0.33095223299774 0.544997035864926 0.518662466238426 0.636507230695482 0.635441575557154 1 0.717863198391155 0.532832520245615 0.505510575439789 0.554549871378325 0.542733469428375 0.437563335888201 0.226095146825579 0.717955547674631 0.500052267792275 0.517286821095194 0.506894205567128 0.276220362101743 -0.0262554113595595 0.640945836392088 0.581467029652696 0.72677395369533 0.588304857327515 0.710177513127323 0.633028706637239 0.662412703098439 0.362335445647992 0.628382039858945 0.554117058801729 0.673593366649596 0.473963765175252 0.350348488613832 0.399451715344975 0.659638169897365 0.627936084648567 0.563190226443016 0.528652160076792 0.592895682900657 0.591709764337219 0.544766345965238 0.562986101386864 0.591188428438228 0.554440363830603 0.463890608391417 0.481110736881595 0.658707370977066 0.591743633028661 0.381831372302649 0.34643516610587 0.525854211090621 0.490636139160899 0.593307923147785 0.586845912650419 0.466466005666869 0.479289258999467 0.47936415924207 0.446917491593853 0.655624404075928 0.571231109300573 0.435890978870038 0.46605007904635 0.708016073294447 0.664523442463188 0.510641967001574 0.555568853719879 0.0944062431187241 0.349447147660922 0.649613428585627 0.630448991741271 0.611926344999456 0.563393920354613 0.456389989731321 0.376221726370406 0.651554364123805 0.485931349438845 0.412295160269663 0.511853563574449 0.68256896269186 0.513391069422149 0.630067015827055 0.656339617168573
0.683499011582722 0.572590056382438 0.694072176867995 0.812959324593994 0.332392175526375 0.534845889853908 0.735568478064934 0.814889320377028 0.415972121840602 0.268193295908205 0.664031013278597 0.719045341487603 0.734661473455649 0.832190090264405 0.717863198391155 1 0.701476714328933 0.661923624075661 0.733021412193472 0.750255931078025 0.322616705605344 0.383034986183804 0.789560981456251 0.722587127480546 0.6160909443399 0.690694324163962 0.378464797389724 0.22529271886675 0.699157611117691 0.740076016897306 0.724968779369401 0.725654004365332 0.809696496615347 0.819233409668095 0.769630862565895 0.568649371509973 0.64855434995077 0.662204222725706 0.725001739459928 0.713258174705408 0.384880745411175 0.510470301424975 0.729675203203577 0.728748331765324 0.547817960170519 0.631795600273702 0.738448353807393 0.715400109094843 0.541561129722155 0.53207743740746 0.645724252560867 0.570690069570244 0.52238343385719 0.495897191873065 0.758939764304753 0.723810028712473 0.613695991357256 0.574824537350499 0.645014115522514 0.605592054449404 0.714408851093896 0.674891028684598 0.661662114696812 0.680935073182175 0.668574868805757 0.693378337259925 0.788698891400194 0.765948017224809 0.625311740202675 0.662543138064247 0.610282502511283 0.57020859731215 0.553045854020231 0.594151258678594 0.200108811983338 0.445465931634834 0.631937168008826 0.586387481543921 0.719828632725966 0.705555464007675 0.684816012153222 0.639051697516151 0.688647816696333 0.720541390169436 0.672210100073684 0.738850174239124 0.686332317940674 0.701579067633178 0.729000847193481 0.801522167702203
0.813743566533357 0.771293440492547 0.513002881503424 0.667622391445028 0.210248103751498 0.468182037644959 0.58425555025931 0.691502664879807 0.413501519886842 0.0318749220950327 0.677732043237865 0.818458335864474 0.672461043203843 0.74944339689315 0.532832520245615 0.701476714328933 1 0.924554956562465 0.815496287316404 0.884485325358943 0.391369891190512 0.316319492448154 0.593556518326638 0.441077632070904 0.4643702179274 0.480351669394915 0.32322655417681 0.140794163269022 0.904200893515164 0.862271691604002 0.670287034394551 0.604403139840894 0.860313022394934 0.836758322338268 0.554196499048035 0.478040874586855 0.760239152645918 0.751419886724163 0.746130696839999 0.726733952783183 0.428547915657139 0.619782333648645 0.731782351825112 0.732014928228429 0.573024102643597 0.678852929414817 0.774104213651322 0.763788262699506 0.605876323802485 0.599385201881771 0.703508079129672 0.610016259426959 0.657467941912067 0.600006907427353 0.806743155774906 0.78378110730272 0.830764786983426 0.76152797457561 0.763752719308215 0.730045216873842 0.688436317735343 0.511279502777177 0.846137825927802 0.722913034639875 0.409922117326896 0.48257650098988 0.710186510878811 0.757833729768433 0.803310883537541 0.810575775256056 0.624963003600126 0.552102502116251 0.721395321593806 0.729965016881069 0.186206654934917 0.572733802885093 0.650347779749574 0.60125306587975 0.924096902656039 0.838719230999796 0.900347069357401 0.758566841447194 0.751281272242371 0.792034221104726 0.638254492211925 0.738347322033419 0.613109137566436 0.611952021956582 0.685418726184846 0.734246843376873
0.814155377639932 0.807415794275634 0.49537881724302 0.649242584608952 0.289978343288677 0.344981794645429 0.585003869257471 0.691255405476267 0.394118579180963 0.0391076979776762 0.613512105981728 0.865626154378088 0.650133250252734 0.767631168540167 0.505510575439789 0.661923624075661 0.924554956562465 1 0.858239612023581 0.909461979443373 0.315002739391135 0.179958212016899 0.563793175295242 0.429280133883907 0.359495358877808 0.464434801873503 0.20609594441657 0.0704257934321768 0.835909981595056 0.916749799997994 0.632077991519193 0.535679321489158 0.852556220274751 0.847225627488842 0.478454843446381 0.439627017438647 0.697841748703237 0.732197464167853 0.661075416043706 0.723472018797523 0.402655227481545 0.552921342855534 0.733996808829678 0.73273090882027 0.620882622371109 0.709425032608646 0.753746197803249 0.748275669216094 0.601314517293275 0.573295213862361 0.639581343101777 0.585783406876771 0.603284491221426 0.565103812415671 0.742669340159531 0.76597830853973 0.811728245148284 0.766532688848849 0.74395360854673 0.706601976213657 0.721249251883354 0.525030333952279 0.872519725936831 0.790358861173848 0.34183949739932 0.424952273890177 0.68120650221954 0.728257432791933 0.781516863421182 0.781747277846 0.596065823114299 0.525492230547142 0.74528839549037 0.72889696100037 0.253470202259147 0.558925620985561 0.682654513362493 0.626302842491285 0.863635688729398 0.87572749836343 0.866108911223205 0.754796781521641 0.669323868340196 0.758649237663621 0.61683068320998 0.709611139650564 0.504973384257101 0.531550753258415 0.688570085788798 0.662924938905584
0.90134773705378 0.813960669147775 0.650451799215168 0.727403857283308 0.306164113274011 0.296431073017847 0.672895512145075 0.733845733033257 0.333467768163559 -0.0378639507878053 0.699063177212088 0.791058266142418 0.699188219890756 0.749995806422127 0.554549871378325 0.733021412193472 0.815496287316404 0.858239612023581 1 0.898016372267165 0.294134914808031 0.240701821827694 0.716796359375453 0.603536578692921 0.487248574167372 0.574710815102096 0.208996349920516 0.186006020878959 0.726195960835549 0.794397826230741 0.583210280061936 0.506748318383181 0.83575413798587 0.861827189359275 0.639292251779604 0.537677265171277 0.690334367837409 0.774659677017323 0.648387176689583 0.766942314387503 0.444229492720906 0.497778215804011 0.734152959060352 0.742797148981101 0.566107526433926 0.720149410298545 0.783023018402263 0.765987810607752 0.586550681629909 0.59125346041607 0.678551488075417 0.632775856776229 0.628173833324345 0.586852349568384 0.775237608792743 0.799851774568613 0.830525432875825 0.786909813791608 0.815056396467609 0.75075510910333 0.768133156988894 0.578538216511931 0.815804776213035 0.73092478376042 0.611106738841002 0.639667941928476 0.785187500996423 0.794021854645212 0.841855176975394 0.808734965722894 0.578471843484162 0.50054450273586 0.63217913903798 0.641612287677669 0.331375091789381 0.518111003462556 0.623409344333757 0.554530733054642 0.735925776020004 0.804715240174305 0.825208542387109 0.805769921974246 0.649791574515773 0.823946774342369 0.775721371127902 0.820401373177924 0.557492405349048 0.607189549862605 0.783592402445694 0.738969192917744
0.851966714362553 0.782583945338516 0.552829740709944 0.71631337089257 0.339575132290293 0.411139381701744 0.606856884759419 0.724734333503103 0.418869388874743 -0.00666752773038239 0.663770788595838 0.835331294385826 0.662452789856151 0.800093609030244 0.542733469428375 0.750255931078025 0.884485325358943 0.909461979443373 0.898016372267165 1 0.336989829191318 0.230277452075694 0.630408383470425 0.499677041599743 0.422216425737217 0.525257567249033 0.205490360429797 0.0896025431055015 0.82765727975696 0.849489837501665 0.63180422463827 0.570933629701703 0.864738368131804 0.888319897838087 0.599456224994888 0.51391328094473 0.76951482945906 0.806000522379248 0.742133649528136 0.796970470650313 0.460937479560795 0.613282658778039 0.785332548475047 0.78888999061556 0.629063531604853 0.738310553322671 0.807488716964029 0.810604232999623 0.628981031877862 0.642439008992369 0.689381551855792 0.638953289127781 0.629243628374008 0.617090170764868 0.776465825176397 0.811618329219639 0.832467650608822 0.765022709911448 0.743439246701649 0.716330482761142 0.727100521909977 0.571136706538326 0.797908052329205 0.740384285084663 0.478092775858388 0.539108777815905 0.757777548177446 0.786190404526136 0.865656178157917 0.863012718710185 0.625919416582187 0.566613649225986 0.695427809128525 0.679512813485219 0.229774738420615 0.547774040333515 0.67139541922345 0.617214686013768 0.823677726504434 0.835899652639555 0.841671415824105 0.77266928113456 0.694333199399665 0.829967310432934 0.670245724547826 0.784738044936301 0.597301842368983 0.654882816602583 0.733488430858354 0.75060139894301
0.376014073725548 0.355801837539428 0.442275306971989 0.446251713795181 0.238678913094537 0.287708252932052 0.37573757657438 0.37503302396863 0.256861836821794 0.0982646637469246 0.335113757905106 0.295789800668265 0.33709123228669 0.35743021015737 0.437563335888201 0.322616705605344 0.391369891190512 0.315002739391135 0.294134914808031 0.336989829191318 1 0.266282698293343 0.398281331656052 0.315605567564999 0.417439884542084 0.33321740861001 0.28307052833891 0.197343562671347 0.469773705850392 0.325222205260512 0.469624452707782 0.38644332060656 0.471927440783958 0.424741062823837 0.481055546891612 0.371082066904611 0.425155478638954 0.385407051259851 0.472627943486416 0.356631095524613 0.10127150314628 0.417417035770049 0.440469337172991 0.426589982736553 0.383914801462441 0.448625229407797 0.451077223537909 0.434134578576628 0.470454377099357 0.495656662878947 0.53691877827002 0.48646967619589 0.472531310635095 0.353416593015131 0.518086659096361 0.419868588509746 0.335720069412891 0.320434856327336 0.425224921275741 0.453698724526141 0.291806433047788 0.278156292431985 0.231225311376456 0.203326356064974 0.291255650229196 0.320074605402071 0.435465375044167 0.436664608782969 0.366745104868699 0.421047633369841 0.449090041375871 0.423108331913322 0.274017897605989 0.386561706319654 0.0200674487059313 0.275412842889711 0.365913220648746 0.353118886365243 0.447944852003718 0.403339244129857 0.380470074721778 0.323131811014892 0.433749107360839 0.39665726464451 0.290998034453154 0.417682076099841 0.453255783185359 0.38707503342804 0.391400935082179 0.49523608435915
0.267820565363388 0.237864265468132 0.275336194763463 0.266113314978682 -0.0983122227010031 0.406143796499606 0.295264791674189 0.23795307700861 0.149518789851938 0.249913669121807 0.343896536597897 0.191719848964967 0.326315335846806 0.207055683225541 0.226095146825579 0.383034986183804 0.316319492448154 0.179958212016899 0.240701821827694 0.230277452075694 0.266282698293343 1 0.254798701546803 0.243722252564837 0.422931816662701 0.336719476195959 0.485119730408398 0.43734346205589 0.382380428820174 0.208998161280461 0.342773267320959 0.387843151177769 0.29166160032461 0.274714758502225 0.283068332075339 0.213471534571969 0.30507925608878 0.241767339043056 0.377193893203527 0.292747128560349 0.177982300139634 0.298690802358317 0.191191454411668 0.196932563419897 0.11275967174293 0.212275845473722 0.260512931521149 0.232510163458945 0.117677964621456 0.167809291183656 0.295333326388132 0.186126918666129 0.266923751071875 0.142651777733097 0.335367466903479 0.239116982433765 0.301978342384305 0.275638268295136 0.266431222139948 0.26345138055866 0.253711035268703 0.24232569161631 0.238936462556755 0.227280375330624 0.339078993369111 0.317588070789567 0.261697134227629 0.304029784426505 0.227189404650838 0.297952575506054 0.238814175811944 0.149323719032571 0.145503387564804 0.2301376126923 0.0779249101758606 0.199136793718839 0.0868750432157222 0.0321259689096769 0.336614844026374 0.20764002785465 0.3031717829241 0.260650680298152 0.380283795851036 0.247798938286487 0.304428785332837 0.306325437389673 0.33058107906426 0.364715269824759 0.253750126859604 0.357294628008898
0.635622053348474 0.525422097854317 0.837129489784581 0.754176305293558 0.351462617112567 0.387734650242067 0.804974457860815 0.706289728598603 0.37282946810719 0.146144836116814 0.613208030471814 0.539292698587653 0.703426466819465 0.684656662007495 0.717955547674631 0.789560981456251 0.593556518326638 0.563793175295242 0.716796359375453 0.630408383470425 0.398281331656052 0.254798701546803 1 0.819600705409284 0.720671959703615 0.677558127494278 0.337650005000091 0.225263166291686 0.576013043884046 0.58053267977902 0.710715296260192 0.606948271085221 0.750147896683961 0.708268687431381 0.842645179385029 0.638549911603542 0.583196096198211 0.580815334934842 0.612938582139932 0.650772818252964 0.340297268156721 0.372256014753276 0.655368763044465 0.652100980816039 0.481200932607869 0.556808644795299 0.668338842213358 0.651477435446911 0.501624024525695 0.503852729261449 0.610390832747286 0.559713011716094 0.50262567947769 0.488303959386587 0.676985170665736 0.65848158824781 0.538677629187591 0.522364058513623 0.616709802138539 0.570257164215579 0.598638121261477 0.492485440451325 0.559927248156062 0.473571580953682 0.74298054484162 0.66457967333876 0.793546052329639 0.710117089984464 0.556008589317969 0.577106153017172 0.618402876400831 0.568786993034572 0.527788544483447 0.528418534525168 0.230360405294442 0.37474440319594 0.589746528436419 0.518689291660788 0.599773897352409 0.682339126700463 0.601097946663795 0.591912483308425 0.596937961118776 0.624796184781364 0.677990453666631 0.66827532339011 0.601732553155911 0.563036454556974 0.679199179347633 0.693637942860286
0.59996166689702 0.535868675049114 0.705148897254471 0.624337020437316 0.103749786894902 0.233087809622937 0.62970460591535 0.575444431681892 0.113153135207934 0.261978594611087 0.58378772353206 0.482804371888663 0.600960366460198 0.624131750214276 0.500052267792275 0.722587127480546 0.441077632070904 0.429280133883907 0.603536578692921 0.499677041599743 0.315605567564999 0.243722252564837 0.819600705409284 1 0.707606957140656 0.666935674299408 0.443064671345466 0.394395135527472 0.357057300592182 0.434219498193375 0.469688877152208 0.530020854176276 0.55172900217255 0.554675065050404 0.706423060131001 0.637385790021463 0.415645512240851 0.422914836646907 0.459157028824957 0.560204856567273 0.363092912019477 0.339936195274132 0.474175915914376 0.498436054639189 0.294968867088272 0.451849289336844 0.507967507921764 0.499831741567329 0.313131874037368 0.287986487626008 0.447817765702604 0.362530012189206 0.37239634114849 0.280139403040558 0.543739629769862 0.482789415939471 0.525693559328067 0.556938375139421 0.550280605900944 0.496320402084059 0.547806920768764 0.424168384019081 0.494201771260817 0.448447609146011 0.754953172693688 0.72259733918813 0.661964615570981 0.620921846105606 0.465741836187379 0.496520895531034 0.341620476594705 0.298115531364316 0.316695245564409 0.355031788076711 0.287058485005601 0.234550738400468 0.312243467909003 0.231533143091929 0.411900706719368 0.515358987091875 0.516369947260405 0.607925462121728 0.538819092727291 0.552404974742528 0.704192457243107 0.627658213645553 0.507817812364816 0.539148527472235 0.588897819619879 0.600587420308395
0.535103261241768 0.463301239617137 0.697543891733408 0.588046466557792 0.16109792432537 0.35617502667705 0.573638205413264 0.48359323016729 0.206711309446958 0.177834963689824 0.498082453993665 0.359359764534953 0.492285627347586 0.444958044774119 0.517286821095194 0.6160909443399 0.4643702179274 0.359495358877808 0.487248574167372 0.422216425737217 0.417439884542084 0.422931816662701 0.720671959703615 0.707606957140656 1 0.690479258973559 0.579799302122676 0.414870035012126 0.445889434523737 0.347482634247449 0.522010336175432 0.520460882008091 0.552873948286696 0.508917338576006 0.79749326647013 0.60280494491584 0.528782583587003 0.47616338369486 0.590475329418109 0.562215320032716 0.310088687318542 0.386900082920376 0.456694180886032 0.450116076354995 0.28075150387972 0.402435076933441 0.470060033331837 0.457779440512956 0.269683487888055 0.26943629709834 0.461235415667458 0.319217310615729 0.416224542012544 0.315432915970287 0.594455336244103 0.436333827558857 0.499860569285827 0.50013625604064 0.521058908463854 0.464477971789509 0.457569301532055 0.36018283822258 0.421185366987051 0.333237847694973 0.720587015538162 0.695480114250797 0.682070359070778 0.638581766324336 0.489771439322989 0.503296995964872 0.437908884609538 0.329413989874063 0.204394061184566 0.276155594582582 0.205743848867265 0.238336650533796 0.296129543228436 0.226715239470697 0.484870572493327 0.463001425917335 0.526723400976878 0.531774655069242 0.612816910292914 0.536277193854533 0.619746850463711 0.604552526177781 0.658896910970449 0.525574571614968 0.590628965030794 0.62743898598284
