1 0.821230912066403 0.611411546382088 0.509477824140443 0.245367853426766 0.261268317077848 0.49614207195772 0.493169310758733 0.138233951667958 0.0731816600552073 0.833060175753641 0.640931100469202 0.729534334202101 0.496898756986896 0.554260658349969 0.350092188450477 0.70961540590277 0.764604608574571 0.818069135780308 0.646982464269772 0.274460575431139 -0.0656705170261715 0.474723454141588 0.385168819809167 0.27390440858014 0.272893377935092 0.292875458601152 0.172159877488624 0.68674817461473 0.662699205214459 0.437569670187675 0.246157553543393 0.593347318581398 0.515179353228798 0.186120394693244 0.0821520023716508 0.494266724326487 0.552966027859185 0.576190185894597 0.622786489495184 0.514656167787641 0.331156466115448 0.586848057262593 0.633530045614798 0.52915487876893 0.643973012388921 0.731884287403136 0.69844833074413 0.736633465531153 0.666353986623513 0.730663728778885 0.69546673848552 0.698841370903305 0.657314261019973 0.741095162223832 0.742501680887154 0.790223978393354 0.745568037359721 0.778790510590902 0.698528227225208 0.828343844836612 0.320296430469437 0.711151300253769 0.756997267906209 0.251330177727948 0.379718427472245 0.434332763725214 0.318731484235174 0.475960070962453 0.547947219491941 0.347277760651548 0.281266145980821 0.408623574068919 0.278546822378344 0.275750391498598 0.172789405626871 0.316093509142764 0.348987981959374 0.568310574758809 0.613606088488805 0.726708725638548 0.737040240660494 0.673592184484452 0.634971826653836 0.756288243475898 0.50487679134651 0.368128912119877 0.481748317954275 0.697327848759585 0.616607403727727
0.821230912066403 1 0.614022256375911 0.520358654106695 0.252972855454512 0.253468403297777 0.47740927037253 0.507002724730186 0.158298356019979 0.0550847244887832 0.6774630224786 0.536033324794837 0.627674612608893 0.492235736290162 0.52106714478518 0.364303932982774 0.724730637000644 0.846772553622074 0.806308412275743 0.735069591639252 0.304364710251089 -0.0679415333001126 0.487315422513278 0.444957965625102 0.279373278088536 0.368825272805603 0.310598704934038 0.215832634478344 0.663502462516442 0.684989062857699 0.438631282896955 0.3181836898801 0.606470018454681 0.552420518909671 0.191741364272971 0.194373645403566 0.534492878091653 0.577619079122921 0.611540764762653 0.626525037252974 0.525699920771257 0.296621004175447 0.547065358106926 0.601689706029834 0.543842665131442 0.661994685857745 0.68852045189566 0.696350620140271 0.695395214903151 0.646157471813093 0.704153787551588 0.665544676415089 0.685478378125921 0.662946852334227 0.77437519984776 0.782005941015765 0.827513858026146 0.838402050378313 0.722689508229781 0.673500707772114 0.696919454475987 0.313098231021774 0.656615787679976 0.748945604198118 0.23708287493702 0.383404369200355 0.468300111181924 0.383279830080116 0.58931919422736 0.64261930728236 0.332476992191851 0.349618738813078 0.386726246663644 0.306681962495546 0.235427755489407 0.115349767405087 0.261808759762254 0.388903878919372 0.550051015840835 0.647182530494768 0.755057096409574 0.830278203489251 0.743158203198272 0.634543525632238 0.724532302757121 0.542659230022848 0.45829378650977 0.541324013805228 0.703643384357864 0.631206033452968
0.611411546382088 0.614022256375911 1 0.71851061849216 0.411897767770252 0.360416596748328 0.853437699395234 0.614792042315467 0.497491210477849 0.258863813044766 0.399389485478374 0.268531969175092 0.648769114709816 0.461463060502915 0.743012226907784 0.483426046679248 0.419212600888384 0.530568944643036 0.572331687592886 0.274208883798462 0.464718457323692 0.0214967213770805 0.840961917258504 0.614136668986548 0.488380764531133 0.686146480421359 0.372528790285825 0.351249029132748 0.453413904714926 0.432621161931917 0.605419732691302 0.504292306666685 0.612513400059626 0.581649203926717 0.627081452721709 0.424324041942827 0.681200748481271 0.589247159696611 0.621002449220163 0.400948550371277 0.368919929272686 0.254004004226589 0.610456641559546 0.503467531236391 0.587892735615679 0.556000001820309 0.528100637725813 0.543386056739052 0.594299167297826 0.648091761058044 0.68109407999906 0.656930601930669 0.560023999926814 0.577424566420068 0.558157768788169 0.535515939011718 0.486600196220299 0.484942012179124 0.581732844972756 0.654773419852219 0.53734899312649 0.350367335729722 0.467939916466315 0.595547850616437 0.682767744931613 0.564995867481843 0.729693906146762 0.49673557468882 0.246565299202614 0.423144835807137 0.479782398477614 0.517089775169609 0.4577293606085 0.362255105971871 0.170234855964238 0.245306622372222 0.445324803482345 0.509611267622728 0.349716290655105 0.436305298327492 0.495479842081541 0.555075379850596 0.611785986943457 0.547817961145227 0.76279908561139 0.681009594244764 0.456933762508585 0.549893394241615 0.735766697642898 0.679049688440023
0.509477824140443 0.520358654106695 0.71851061849216 1 0.460779073569793 0.559925037403091 0.709899444375472 0.794238149989836 0.518218207047762 0.605980862078691 0.293028063795544 0.416521529420489 0.47849145290595 0.643352678257348 0.637830083733692 0.694563073678232 0.341900514668827 0.485136681072728 0.465450530836576 0.234926169471591 0.524776486209142 0.109463915069405 0.693314233873043 0.746468073063229 0.365095807328796 0.704206203131367 0.41962584499795 0.228878616235135 0.383134457416583 0.453803243033502 0.608145776723448 0.602509378444237 0.585113880120872 0.688611054997761 0.601712304189515 0.486707878368715 0.561677617022934 0.388475778032591 0.534175677680345 0.349364600287171 0.234423273932825 0.143184183202548 0.627563718171952 0.537443390327034 0.616030271879971 0.556571795363211 0.498541582185227 0.512281892088125 0.563434041796611 0.575092688494059 0.607019015582985 0.600728504652634 0.544435114086321 0.619059092554803 0.491179740974996 0.488308831336747 0.35051659989667 0.338140860522359 0.436040976269023 0.536969688516533 0.384599970195155 0.627180250577026 0.353469379099347 0.591355856806954 0.551242019709796 0.663749342285079 0.61436456478908 0.564951916943559 0.184530210276555 0.381317511728567 0.561786769856669 0.574365590114569 0.401230683266494 0.396337212429628 0.262300677306769 0.313182559002705 0.523678476134384 0.448521617886622 0.330050955161705 0.46790678454267 0.48091847372493 0.528651764570872 0.600578342112877 0.559001439733003 0.660694439074904 0.821725525143174 0.394022526286659 0.567085391108219 0.688075298124692 0.726746114483073
0.245367853426766 0.252972855454512 0.411897767770252 0.460779073569793 1 0.500836507141548 0.402639190205084 0.34119053929105 0.430004284185525 0.344550309672892 0.07760516175462 0.0607591737279943 0.251663662627765 0.242230229732936 0.45409610149813 0.297528832562021 0.182228810812006 0.178492041351704 0.23065973492358 0.0350278547310565 0.0807254450236489 -0.00379640443028351 0.475256904018588 0.377137278374141 0.3549630073369 0.302744482790165 0.459711307106365 0.19093102458272 0.179043837406835 0.136590654035353 0.267140615230691 0.259413404483892 0.269930500271082 0.249324309797081 0.391285079030237 0.332753191116008 0.209635038259645 0.0940106363611034 0.20441879047964 0.144619319797745 0.098847683179598 0.190983242755016 0.270590196278395 0.19423314361003 0.300820092674637 0.292614992347289 0.277270951207257 0.232934060490933 0.276041203955364 0.272775625839137 0.309459279328664 0.316501980572357 0.297029075081556 0.316342948639587 0.270387148989268 0.247638299446942 0.238684067361484 0.244430026874097 0.284853804151423 0.309120403026811 0.296388274956587 0.348173164602887 0.257051346535945 0.249252245182431 0.452315235320408 0.354872797513957 0.435243726035433 0.400309053026114 0.205936862995402 0.234190130578149 0.122503829925577 0.193211983115125 0.0759700649613138 0.165113538555383 0.12566381266611 0.194744122231231 0.138819482991225 0.200018816298522 0.270284153025148 0.101951058148555 0.230387974549547 0.228881305409045 0.262514375122503 0.147781372296291 0.463945991669673 0.419292333948761 0.104312828978622 0.249520513765727 0.444179592777523 0.33837458313107
0.261268317077848 0.253468403297777 0.360416596748328 0.559925037403091 0.500836507141548 1 0.461314348365706 0.591135886239196 0.553396177702885 0.699411236296087 0.0594146519946892 0.198616667430154 0.352294540057396 0.510182365953194 0.475724020974109 0.540845547212943 0.184799223691011 0.247908937469618 0.170135055506798 0.0251975558513845 0.222809849932441 0.285571568550624 0.421060839777443 0.567192282013652 0.328263846347317 0.358595546038134 0.452910002645413 0.126281498271102 0.286739062693422 0.301504185379865 0.527842146052097 0.485410319188709 0.416089745317789 0.463012510198779 0.338005019645664 0.264878823921339 0.242256793368558 0.144235259804383 0.296203518250856 0.0826225285281782 0.0800693565721995 0.192830818839278 0.43633727505589 0.352192037636008 0.454560646995147 0.425254970502417 0.31836278927867 0.313284544418984 0.407638567629821 0.419173527417428 0.420837309884732 0.433905569992829 0.365036881550588 0.430076324911985 0.311070830823849 0.295679249376722 0.151228415104884 0.136060451063914 0.279100245034031 0.38032096795402 0.263026497982732 0.547875361267809 0.250360942292794 0.411326480451933 0.301277418195962 0.371317664246987 0.385648862138347 0.401948314338421 0.0135086751746896 0.217791386484228 0.274448275209553 0.310011221039373 0.187118221633125 0.317075704347386 0.178280656686296 0.215340003970262 0.406062779472445 0.354778756464195 0.280685907052477 0.308194469549303 0.314921528395693 0.246165893131807 0.280305143028963 0.226490842109674 0.467629413177491 0.520787266326052 0.185181815086747 0.271779034192338 0.487388049687925 0.484947757802278
0.49614207195772 0.47740927037253 0.853437699395234 0.709899444375472 0.402639190205084 0.461314348365706 1 0.738012724839932 0.633976090048328 0.381804491291856 0.294906265481561 0.253491135895327 0.67364189241961 0.486063661739412 0.668185933540019 0.418967874882279 0.339595640214642 0.452258278706065 0.406118353684886 0.114408297792292 0.470429723668697 0.225695635528853 0.79784301659949 0.629638401394966 0.464074273775121 0.601716165232531 0.334539519855428 0.184371471173685 0.487861303689575 0.434866147380903 0.692180362117302 0.590623422383154 0.696695063792378 0.656575481848037 0.617512428071061 0.446519806963847 0.580278044464454 0.467222083179634 0.509409943199977 0.201734695105907 0.214046910493598 0.142236401837892 0.684277048781207 0.522174791622229 0.685917357353184 0.571886403393755 0.466593494946713 0.510656010560367 0.570504849436874 0.66702483232746 0.640889246653766 0.652321234205527 0.515196242774034 0.57398840715301 0.448371832149452 0.427316138341887 0.290529677031329 0.235491731073321 0.466264059818476 0.591049961422745 0.411655345793649 0.396271022349912 0.454554207643993 0.656331805091953 0.542959772670722 0.487959802188025 0.764428351801537 0.57667098087536 0.0687334107482789 0.324701794218733 0.589861751221312 0.609574351693257 0.488180326602178 0.443987581644451 0.171050677232266 0.311971944522088 0.620297347122117 0.655299403704383 0.277678958797046 0.402171367375362 0.418593028725115 0.404240848461102 0.490378019149082 0.426593191545404 0.680223594291748 0.670942587459078 0.307146715448169 0.432786995853372 0.675095635555063 0.619174365322491
0.493169310758733 0.507002724730186 0.614792042315467 0.794238149989836 0.34119053929105 0.591135886239196 0.738012724839932 1 0.55078368201727 0.580435911069856 0.378118551402227 0.576799042965212 0.590188183771116 0.743698380918491 0.586426249508118 0.543548911690357 0.275070052029971 0.444465734046858 0.395533244072319 0.300420748144607 0.500048126702444 0.251929036052201 0.653855981553694 0.68327699829108 0.358131553280742 0.449736272910888 0.338216435967773 0.16492185806789 0.46494452904672 0.563630629701669 0.694299447769408 0.630002057687774 0.703405344192592 0.776506685986992 0.369656467183677 0.328040519333236 0.483344514894433 0.296306489993929 0.468840945976928 0.337650258951089 0.205240212790612 0.166897636280974 0.649156173400279 0.577842593925714 0.668751609171723 0.61580877295038 0.497669920060855 0.530692452912816 0.603336719830992 0.690724697742531 0.630120468682857 0.693856848463081 0.584714787483882 0.667390267939358 0.495770491560091 0.515979397610871 0.238120464559118 0.186830324564568 0.451119467489214 0.643307356516901 0.450040389198833 0.640379773631015 0.409467591337897 0.695055623606785 0.315128518528105 0.477002151834308 0.570360473660252 0.538991433475823 0.1029679641417 0.324769873076788 0.621367302191664 0.637924402768344 0.406232451985389 0.500103934291598 0.223789036590351 0.350816750752469 0.556297411899994 0.511347105364047 0.284860330343435 0.514811352852703 0.440799539034243 0.429423564277856 0.504371155119195 0.454245962670957 0.595456616941111 0.69575982624541 0.348404080637517 0.461492075462849 0.61529524316562 0.740831880398635
0.138233951667958 0.158298356019979 0.497491210477849 0.518218207047762 0.430004284185525 0.553396177702885 0.633976090048328 0.55078368201727 1 0.623056967232344 -0.0490666528683537 0.0781400179183819 0.381929279676777 0.41115745827077 0.65135814238746 0.515109905399102 0.0643094146728895 0.147999763461528 0.0977779570317578 -0.115537393522815 0.372105720935011 0.193038682075777 0.514799083296136 0.454478031615674 0.492487626744987 0.434126936717493 0.256052440078569 -0.0239713946690453 0.205990230416664 0.171905181197536 0.534756921722291 0.462293370706197 0.419208642312095 0.497761244772888 0.460194581103551 0.323937892040073 0.322766628338167 0.106588055172387 0.292981703305237 -0.0379698871206126 0.0237126820014129 0.0369577725627815 0.469972624141227 0.335546921115904 0.452699727382561 0.31655573926982 0.261497923241455 0.278853698614478 0.319328542617847 0.42205033456242 0.379124296320936 0.394283279692342 0.284894979877007 0.374335571068699 0.207635534751098 0.18140114237456 0.000322733487004163 -0.0235571106240453 0.147970122700877 0.310895611953757 0.13915465312999 0.388254403407143 0.184395683837583 0.296542476435091 0.495637985432428 0.188516634403731 0.424046357211996 0.280253586835704 0.00459860986919902 0.160473913248219 0.413684137796712 0.48580764441693 0.390919249471889 0.294700328865592 0.156240603990355 0.236649565726813 0.520972332735072 0.449516352694052 0.0932025994155972 0.164288605922756 0.174766503920722 0.117378907307858 0.254733068744164 0.175370362215352 0.410378542339873 0.456284020924966 0.284077723435332 0.204351610931242 0.454353282812862 0.414600584595333
0.0731816600552073 0.0550847244887832 0.258863813044766 0.605980862078691 0.344550309672892 0.699411236296087 0.381804491291856 0.580435911069856 0.623056967232344 1 -0.0963368858543435 0.19168519599268 0.159513500137536 0.482029537296006 0.437481405983781 0.634469638613718 -0.0563241374378997 0.0540481307533385 0.01008191355595 -0.118993842475633 0.388252484797254 0.230035581147583 0.35387288724971 0.466783249615259 0.263344330938802 0.327689734815462 0.373617459489845 0.00409277437070125 0.0287893311825574 0.127777072374255 0.360011399072798 0.373267116501884 0.240160466459627 0.397843046366445 0.346249321227943 0.28207347411486 0.187635147689739 0.00470428131197607 0.212979497283924 0.00306141688996351 -0.0866467042724442 -0.00907407844178633 0.282887153022392 0.177993604939837 0.302616040883373 0.161751288171041 0.0710708832045265 0.0953173434767074 0.172660772100121 0.207843006311526 0.192634733479319 0.233798749707165 0.131324602803262 0.223190710822478 0.0527919673473172 0.057341963579119 -0.0732822368827377 -0.0919253350977796 -0.00992465286372062 0.169540195029167 0.0556508731098626 0.62288971486059 -0.00621601527245885 0.213897051755767 0.406410837453487 0.356451420809856 0.255741211036374 0.243052366781312 -0.121425468809884 0.05250038283608 0.415610997668466 0.414884261733851 0.224881318052355 0.298815964909199 0.0794197765884346 0.277812606768393 0.403609145397313 0.29146166716325 0.0446909409155529 0.126944401088723 0.102178800783987 0.0791773054584627 0.207464492968916 0.1669464366802 0.288157949323022 0.505488599738006 0.212583247743774 0.242745079743509 0.358867138676554 0.454817614025527
0.833060175753641 0.6774630224786 0.399389485478374 0.293028063795544 0.07760516175462 0.0594146519946892 0.294906265481561 0.378118551402227 -0.0490666528683537 -0.0963368858543435 1 0.749391802437067 0.666608131946333 0.454768409495538 0.364381564759054 0.238642558118211 0.613463475752088 0.667968037643266 0.731747435888681 0.687016021629231 0.217622071159889 -0.0479035802651254 0.321844708936651 0.284666652385925 0.123724551651577 0.0591801888666857 0.166078811868436 0.185266502046979 0.643359448232004 0.648675175759337 0.301259480751406 0.141274376437532 0.487799885820449 0.418909847583977 -0.0216725263721627 -0.035600677587425 0.358747864631603 0.401121443945634 0.472569703047214 0.628100941978624 0.521087220512956 0.339464676248322 0.417409736666572 0.515136301372192 0.351507541957006 0.503626204946022 0.615084271275343 0.594816131639708 0.5933241183667 0.506077039254077 0.575686311330685 0.543168258334961 0.554471349290557 0.485603271396418 0.662130244734102 0.679020876163447 0.642737350485904 0.614641286682737 0.67445091112231 0.559910731410775 0.826013720133385 0.265231649891773 0.667745093480605 0.67963697452721 0.0957048297613928 0.281780926099516 0.278475587188125 0.217094191969427 0.42522481974566 0.410624909612504 0.221313190358136 0.174807618467471 0.330954475249231 0.283165455892746 0.24060945749931 0.193341997503009 0.123810080033919 0.164261615424828 0.512538845011269 0.561964484579517 0.639405752554833 0.634721442170927 0.575622459274994 0.550566490196753 0.581636492793731 0.319750195410622 0.342062690755337 0.382068515581891 0.499736543635045 0.479330465938734
0.640931100469202 0.536033324794837 0.268531969175092 0.416521529420489 0.0607591737279943 0.198616667430154 0.253491135895327 0.576799042965212 0.0781400179183819 0.19168519599268 0.749391802437067 1 0.573715070905126 0.719670959121472 0.348872352813409 0.431744227952698 0.36136479326767 0.490191606442953 0.520857836200033 0.613077675167716 0.361984154818787 0.142418993269629 0.323874414613299 0.44007424110305 0.063453317550057 0.0940647392750387 0.208422480531285 0.108680220984165 0.494081541481318 0.641291617498739 0.393121970197612 0.324317877978107 0.469781743332778 0.533057778693068 -0.0104094558136087 0.0436930113899066 0.285945246225645 0.201833313753798 0.380138263965569 0.523950787728715 0.332544749664883 0.262871133581234 0.437065257694368 0.505516353414909 0.401508610717125 0.497457128314441 0.51946911924527 0.487405179677987 0.544432354091766 0.511718596312773 0.525516355602549 0.551354573136731 0.469454958392576 0.500379929297107 0.542701848984006 0.608104423154849 0.343990886596535 0.357224303262979 0.436275128123816 0.484013227420698 0.647293379402686 0.534988968588088 0.47855849845596 0.628152052419976 0.0439869166131577 0.343432223011687 0.270045786821916 0.321482095424992 0.288433911756488 0.313802882169735 0.337897136908403 0.33819771647715 0.22339176163169 0.331828994578983 0.194573872806074 0.216230898074709 0.187502394721673 0.112731745990584 0.422823301311972 0.547373973366676 0.486105956343159 0.521859009592925 0.498443216036354 0.453015854267479 0.481608086485899 0.439599899945934 0.284557534323309 0.361239973795405 0.408653846962754 0.503358411004261
0.729534334202101 0.627674612608893 0.648769114709816 0.47849145290595 0.251663662627765 0.352294540057396 0.67364189241961 0.590188183771116 0.381929279676777 0.159513500137536 0.666608131946333 0.573715070905126 1 0.69974866167084 0.711018235275795 0.423360125061281 0.543214021213701 0.658019162758461 0.606235890282856 0.450113150562342 0.451463076499142 0.172471714665618 0.671573787479563 0.544327097698718 0.379657603980742 0.276105120594904 0.219971760574821 0.203886970671917 0.743366381005938 0.695970178637908 0.641274289319343 0.519648698884616 0.716520435522263 0.638002848501287 0.293304415286032 0.193912639330543 0.451152226976078 0.497199471876246 0.604620423365361 0.456120627369151 0.411249561479863 0.346796252564676 0.704088495539675 0.683381613398327 0.643707316701532 0.668524430770535 0.671119019657543 0.688985022806713 0.686316636730921 0.716709042548317 0.682133915944734 0.713200772443127 0.630395398280768 0.652827880606142 0.676416597638092 0.668985567614246 0.469839389174561 0.403901954334446 0.533756677358758 0.591011287511394 0.651644974646024 0.34952871568291 0.632519982136394 0.773252999246748 0.304503654483708 0.30133410545352 0.510234183943782 0.38310176262282 0.21569312583488 0.362163209734038 0.438092809500928 0.417457083417927 0.434761674976368 0.337364508376846 0.147541518900102 0.254338510418762 0.502779227884935 0.558045259094229 0.463975118112317 0.629628535716264 0.647621365411946 0.626996052598572 0.643437906087507 0.612498988254183 0.728512653568839 0.600034704620084 0.374247654293852 0.53917683972322 0.618511822813777 0.610070937748105
0.496898756986896 0.492235736290162 0.461463060502915 0.643352678257348 0.242230229732936 0.510182365953194 0.486063661739412 0.743698380918491 0.41115745827077 0.482029537296006 0.454768409495538 0.719670959121472 0.69974866167084 1 0.655875482749862 0.741160424350811 0.350862333967191 0.51440704252268 0.436690055708299 0.461106893265289 0.549535186409289 0.273879604739916 0.616721468030053 0.725540578488384 0.264518339031498 0.342687612175439 0.295534514585712 0.15511900232341 0.569072831544209 0.688221231370478 0.693675626463638 0.654496899634351 0.671170781252658 0.779383002789054 0.30887587869199 0.272156723299735 0.336677786754534 0.279370006554251 0.550770109427064 0.428565886697847 0.269080692717799 0.200591898442741 0.620648310691111 0.635022636984326 0.587610641779737 0.600111396738774 0.551556409174229 0.560898077416974 0.572516737450393 0.599845052384082 0.544665138591838 0.59897929715745 0.521392214340121 0.598322111219654 0.545061617881786 0.575166040470971 0.25793415958947 0.21130149166106 0.348910974567687 0.495040458903267 0.461582783604373 0.615574889575888 0.462865804396566 0.706517078533636 0.305659083027447 0.397776963644215 0.408938422194923 0.415394215703972 0.14144785213327 0.297751262178854 0.445452049957132 0.449467469785815 0.292552643797805 0.301818150113398 0.165286403415984 0.242022192117387 0.47525914659274 0.399077056251505 0.427000723356374 0.64362184804927 0.574678995172099 0.550449496574718 0.613408802293609 0.556504548179202 0.615996345927197 0.697155173036972 0.437842292498166 0.583878195012174 0.518063605982263 0.650544968165761
0.554260658349969 0.52106714478518 0.743012226907784 0.637830083733692 0.45409610149813 0.475724020974109 0.668185933540019 0.586426249508118 0.65135814238746 0.437481405983781 0.364381564759054 0.348872352813409 0.711018235275795 0.655875482749862 1 0.696912645473037 0.459832385623112 0.541343084494882 0.582352052530299 0.328095332189113 0.523105426706584 0.0628871038397296 0.779541216781154 0.614013200093626 0.450774785708964 0.476320435647903 0.350261813955934 0.231782910526725 0.547493608835716 0.550599255287767 0.6335291420833 0.492798451587209 0.643143242513578 0.688516961948306 0.52797485535234 0.354117445281683 0.567418887707717 0.434025424360131 0.640566034670575 0.416629991657907 0.383525057134471 0.210947589861409 0.630915083212095 0.589608004576092 0.572184361713563 0.535867589323207 0.580340142617119 0.559042713471675 0.542793137789017 0.568751598450183 0.584449703822708 0.572491433649855 0.549204158417812 0.581327388689455 0.572318812495268 0.546512037579063 0.438555528723357 0.38989758023895 0.414345613762641 0.484284456986644 0.469999839082916 0.363527291696452 0.51349438503571 0.603353544540857 0.62663124012452 0.357968461122856 0.553542855082197 0.352406464845631 0.268461459565166 0.386286363394023 0.394975937618224 0.432624245489924 0.424702959515545 0.253127604225627 0.200674783185967 0.174042642743077 0.489100310203184 0.481557916119693 0.410896186978957 0.452815929096588 0.585740804450552 0.561506469937417 0.676438415859576 0.588154316789884 0.776739612653177 0.606960873301622 0.547637926956796 0.543690733279177 0.692165626908679 0.593841693801921
0.350092188450477 0.364303932982774 0.483426046679248 0.694563073678232 0.297528832562021 0.540845547212943 0.418967874882279 0.543548911690357 0.515109905399102 0.634469638613718 0.238642558118211 0.431744227952698 0.423360125061281 0.741160424350811 0.696912645473037 1 0.300792675565425 0.410452326592712 0.400487858544261 0.278335336428791 0.547831181313948 0.151734154613507 0.571015153204169 0.712534221833162 0.287581360615827 0.517941449885666 0.39199524172899 0.220991752480827 0.376997346987217 0.455382874913916 0.557992415582245 0.538884680023711 0.503971070271639 0.651241491210325 0.510137308146251 0.435878818614325 0.336704104852947 0.210924585904301 0.520504956562444 0.382081370987569 0.278489410235697 0.179922345984643 0.484751809323569 0.485976442020793 0.449014861224258 0.441323501538368 0.438132994765287 0.420913784674133 0.407641520844811 0.40419250440129 0.436863974747773 0.40980408542682 0.390722518354591 0.431918006517983 0.431126907378202 0.446620867060368 0.261207546709352 0.245412116993824 0.285377901840477 0.345581112228067 0.333995392533065 0.550637201558491 0.32132800396076 0.489432480049225 0.579404025581552 0.54208600389133 0.430619555440768 0.408429509801083 0.196730243915403 0.299192397476669 0.347867266315347 0.375927156411612 0.249977145475337 0.248094229237365 0.208784202700555 0.260144901095054 0.391987831298898 0.28811961114644 0.377377102750974 0.456768913173173 0.485491469658935 0.498338762788492 0.596699069877662 0.538982446207673 0.602358378019467 0.711567151637883 0.530063767356188 0.598770899237447 0.53893369022733 0.551509016356784
0.70961540590277 0.724730637000644 0.419212600888384 0.341900514668827 0.182228810812006 0.184799223691011 0.339595640214642 0.275070052029971 0.0643094146728895 -0.0563241374378997 0.613463475752088 0.36136479326767 0.543214021213701 0.350862333967191 0.459832385623112 0.300792675565425 1 0.889455513503394 0.756909360803545 0.591632677168822 0.146114634475485 -0.044111846930168 0.366890444031621 0.272718768619001 0.233833175318162 0.170083903605083 0.328919724866222 0.274217301644808 0.807303649734703 0.772129742405531 0.377747288119213 0.171355032875411 0.686748673482471 0.523817956428937 0.225449995321252 0.18362574153714 0.487462061884974 0.476282412168731 0.473310227246443 0.434704955178392 0.478354698087518 0.316000660594719 0.607976312436801 0.69670638439854 0.544873432954382 0.633949192001607 0.771308067999891 0.735969170701878 0.648669165630775 0.538209580056507 0.597368023028539 0.520555132175996 0.67492997269049 0.591382144803968 0.73769482484763 0.700088461536258 0.873342841973787 0.777421862134879 0.68884603421881 0.432424485979161 0.619001752735348 0.110933467818399 0.831325323893951 0.719548672495846 0.106983723838499 0.206200281302015 0.447012750059161 0.364716102475156 0.582645981420062 0.590731038133527 0.0571286867054393 0.107400166338148 0.177974662900685 0.121050247612187 0.348653393928401 0.0852647469919437 0.313181701467441 0.46721314703748 0.783244778912313 0.602858288899149 0.898060097285943 0.791823545072601 0.672244023028763 0.622490015015039 0.692421978823108 0.32561907163341 0.248254478168217 0.394555764380809 0.622564236283049 0.35333018083524
0.764604608574571 0.846772553622074 0.530568944643036 0.485136681072728 0.178492041351704 0.247908937469618 0.452258278706065 0.444465734046858 0.147999763461528 0.0540481307533385 0.667968037643266 0.490191606442953 0.658019162758461 0.51440704252268 0.541343084494882 0.410452326592712 0.889455513503394 1 0.791424640654165 0.665486581533641 0.32282092496559 -0.008610558693021 0.468531694201602 0.396684294447369 0.311925950548121 0.300387614849496 0.293629890030469 0.206805073797197 0.846390205619487 0.860109247991254 0.521780769573828 0.340169619899682 0.734394328980107 0.653020837302962 0.209811507339008 0.132276030007879 0.537900152963163 0.594847033258128 0.639898809065484 0.566611583377707 0.491090976268561 0.334102647626902 0.690707605083231 0.773490512863853 0.635594201269509 0.737913008724132 0.805954149701403 0.824013071657455 0.738856861670901 0.661229819440306 0.691215388822005 0.650073258768631 0.721198757518773 0.691499960195166 0.831214265999837 0.806903732029052 0.80807224436477 0.733326411336093 0.692550693879041 0.571021999991805 0.624271416798691 0.170061000624714 0.79321382698028 0.834971212046563 0.161537898351928 0.257777768484807 0.430397609118223 0.328729674978838 0.50294075516104 0.578963377237962 0.230705005971333 0.290757634819918 0.325395028172112 0.203336781830685 0.28779234482146 0.119809563688625 0.432248304124743 0.509661013130741 0.728560220458379 0.788200385177646 0.910919461907141 0.881356463647358 0.760623887742431 0.743024342590031 0.723410829808654 0.499420259796907 0.394748039555092 0.552830483255965 0.691405354267053 0.553982186290393
0.818069135780308 0.806308412275743 0.572331687592886 0.465450530836576 0.23065973492358 0.170135055506798 0.406118353684886 0.395533244072319 0.0977779570317578 0.01008191355595 0.731747435888681 0.520857836200033 0.606235890282856 0.436690055708299 0.582352052530299 0.400487858544261 0.756909360803545 0.791424640654165 1 0.77993193570474 0.222782637906459 -0.145996115325266 0.480446870556246 0.353720491833986 0.169640936222077 0.245086923457389 0.308784785358839 0.212788873420087 0.678901395971846 0.677567032195832 0.368406438940721 0.170278783323499 0.599494569573323 0.517808370911278 0.165580847889111 0.0954520079238194 0.473640338576412 0.5203426691129 0.548803376432372 0.633145028946608 0.572907631448241 0.366010320953808 0.493958249131199 0.603211130666966 0.456535916212545 0.575727914408227 0.713515775181872 0.684384468267355 0.624966628277985 0.522230497897384 0.595690462831521 0.538118840223154 0.590740000467987 0.54282144326267 0.70957210723945 0.731517220529803 0.819203111584786 0.809440663757086 0.727140879137512 0.561843691878239 0.688006898171083 0.187629512784871 0.72339126950242 0.69751759199498 0.278633678801302 0.339816134545898 0.43666980858348 0.299315246713293 0.644015030992898 0.621946480423046 0.200558377434851 0.183056047554374 0.362064451427079 0.212940559698704 0.227156455004159 0.0692771023545255 0.142897971857237 0.246399136432711 0.604693848178987 0.523996330888213 0.780253194248211 0.827108678991678 0.719021870796743 0.703030764793578 0.74058309245344 0.417686472042203 0.452694872779115 0.509627328840445 0.650756373158102 0.49530906525981
0.646982464269772 0.735069591639252 0.274208883798462 0.234926169471591 0.0350278547310565 0.0251975558513845 0.114408297792292 0.300420748144607 -0.115537393522815 -0.118993842475633 0.687016021629231 0.613077675167716 0.450113150562342 0.461106893265289 0.328095332189113 0.278335336428791 0.591632677168822 0.665486581533641 0.77993193570474 1 0.153336575975386 -0.0648616583877855 0.286303537142071 0.22865486995191 -0.0411344832850559 -0.0318407490663187 0.109917765489885 0.166571741073122 0.585740378727428 0.656953126109823 0.233204026246414 0.103041223869128 0.4477440399682 0.409485258243531 -0.156374158023997 -0.0976944538371123 0.242278650694772 0.268417150964408 0.324306444015369 0.566487524043986 0.519198556963453 0.2855352008055 0.25440376525063 0.447936645598761 0.243343118036027 0.407989330075554 0.541912545170444 0.523840334711181 0.448958931195544 0.339841860523855 0.377654409377677 0.340216504352608 0.404097510416365 0.374500044567323 0.574847895463239 0.615456779965034 0.648397038244103 0.677151648893414 0.56030142411478 0.416187286402663 0.597675131494489 0.148069494526235 0.631297693419954 0.590564407510017 0.0125050106303025 0.103623106663371 0.147396817666972 0.11248615311748 0.654036986322517 0.550333755070099 0.0605002474643485 0.0845117621585876 0.178569734232365 0.137172672121493 0.138080712857961 -0.0994596193281489 -0.0679678217715995 0.0231139173242226 0.525731418587104 0.494536786829472 0.634569467237053 0.680247063232942 0.53294440987423 0.482937774886333 0.494060905947068 0.197240115644735 0.307285318824833 0.323119970624443 0.375660236777862 0.315793939064978
0.274460575431139 0.304364710251089 0.464718457323692 0.524776486209142 0.0807254450236489 0.222809849932441 0.470429723668697 0.500048126702444 0.372105720935011 0.388252484797254 0.217622071159889 0.361984154818787 0.451463076499142 0.549535186409289 0.523105426706584 0.547831181313948 0.146114634475485 0.32282092496559 0.222782637906459 0.153336575975386 1 0.255961780081859 0.52100962367705 0.534303638296957 0.305118610262943 0.457027251692481 0.09928744901901 0.16564824757354 0.318593973992874 0.37201077976014 0.530726598798116 0.56162089418566 0.477765420543921 0.54688168999419 0.387202408637035 0.308782557975053 0.338497799722659 0.262376794223148 0.522763888087414 0.221379434711936 0.15663388057355 0.0466799269695687 0.50293427997154 0.445950434132471 0.46982640584595 0.417046301962697 0.312777789056652 0.38023076933198 0.38310606747233 0.443519489386134 0.419358768562822 0.407167291935437 0.326972068886491 0.37677862106545 0.361182493502529 0.364021601652105 0.122039163297146 0.0449723292753731 0.154406315292215 0.310826214065374 0.205584737342502 0.333114500546476 0.210691351661702 0.441968705641699 0.367007736051788 0.301947743090401 0.320377574143059 0.261413776959584 -0.0976544021532716 -0.0272763068169344 0.451774134121954 0.525798903631523 0.372664226923825 0.284452717172763 0.138509317682024 0.234651560230023 0.428172458877688 0.372879554590694 0.105079291847157 0.465194362486432 0.304848295901129 0.327379963461973 0.44028035460466 0.430779582569057 0.407922014037491 0.586081284006539 0.414246790119619 0.503432900327671 0.420481207965155 0.516273019591556
-0.0656705170261715 -0.0679415333001126 0.0214967213770805 0.109463915069405 -0.00379640443028351 0.285571568550624 0.225695635528853 0.251929036052201 0.193038682075777 0.230035581147583 -0.0479035802651254 0.142418993269629 0.172471714665618 0.273879604739916 0.0628871038397296 0.151734154613507 -0.044111846930168 -0.008610558693021 -0.145996115325266 -0.0648616583877855 0.255961780081859 1 0.15226262560751 0.241350193432979 0.138311425081839 0.122390540908709 0.000720536564052174 -0.0306778671408629 0.200557570704007 0.143948644022594 0.333166727502098 0.396236343138712 0.267095531244483 0.284793894822191 0.106713640559328 0.183409286081164 0.0281499480926229 -0.0863257671238366 0.0314777194093953 -0.272403836691723 0.00607758280013756 0.0376478431145039 0.25286760375945 0.176274790376021 0.245599487931986 0.17439808801117 0.0343338513860861 0.101397669961791 0.111232474034342 0.18019321259659 0.102310258852171 0.149231166059227 0.0413755068594035 0.121281691567258 -0.0176892790053272 0.0184661293440658 -0.210126281556432 -0.244181646589784 -0.0616426265026579 0.0431180852673763 -0.0742708174130143 0.107055895723754 0.0919334843543107 0.179118936577722 -0.136105617566104 0.0207905808213029 0.168190133553906 0.24366763436478 -0.241576408748788 -0.0708085963478335 0.261436004263156 0.272855406000265 0.0631537544038569 0.298669677456184 0.129633144159549 0.0972467387820145 0.236938477661656 0.238716233300055 0.0788497288257589 0.177504644974449 0.0649169527116554 -0.0209405134338807 0.105786545722114 0.0134873964227419 0.0669829474240801 0.182675513631949 -0.0762470023598292 0.119421804688813 0.0952056568733149 0.0963101605748642
0.474723454141588 0.487315422513278 0.840961917258504 0.693314233873043 0.475256904018588 0.421060839777443 0.79784301659949 0.653855981553694 0.514799083296136 0.35387288724971 0.321844708936651 0.323874414613299 0.671573787479563 0.616721468030053 0.779541216781154 0.571015153204169 0.366890444031621 0.468531694201602 0.480446870556246 0.286303537142071 0.52100962367705 0.15226262560751 1 0.756986667398755 0.393535486248131 0.558846292746824 0.364997970595209 0.302229281815967 0.507855624016244 0.504761253596795 0.738299060928346 0.656215800356277 0.692084475759935 0.67304247092 0.622398578541273 0.457256691729455 0.533672531865629 0.387910417277246 0.535148495253388 0.30535647583602 0.250602766509041 0.154312535573815 0.604742882462673 0.518115687564459 0.587955240304354 0.515793499824955 0.454803718326542 0.48798683584908 0.508919366796262 0.577064462546778 0.56144183025361 0.568383314931487 0.488136149410695 0.536389829062612 0.482505814939391 0.459721010990757 0.350600100208789 0.3161312206521 0.403746313945359 0.487755690495929 0.451592963326821 0.428907974771113 0.48129298010179 0.62201341609686 0.656125911084977 0.474087567828898 0.681424593862695 0.494348821984589 0.170883013755784 0.30470060566549 0.45605260739196 0.524549730538713 0.365586218917265 0.368380755634302 0.169593082712013 0.256962061261298 0.495229060879528 0.535869817058425 0.354822075929124 0.39189729840638 0.445042266219188 0.435460959138512 0.556088932624629 0.447845720327794 0.703761170956353 0.650093347279999 0.420910784533889 0.498166292573683 0.61823909904509 0.610727028655555
0.385168819809167 0.444957965625102 0.614136668986548 0.746468073063229 0.377137278374141 0.567192282013652 0.629638401394966 0.68327699829108 0.454478031615674 0.466783249615259 0.284666652385925 0.44007424110305 0.544327097698718 0.725540578488384 0.614013200093626 0.712534221833162 0.272718768619001 0.396684294447369 0.353720491833986 0.22865486995191 0.534303638296957 0.241350193432979 0.756986667398755 1 0.220289082004628 0.583433215011323 0.384161862193211 0.23649108106829 0.434596581322979 0.491334171557689 0.745990585861239 0.766313749379049 0.601240217030184 0.707970838089657 0.576939608590323 0.506771546701247 0.434736153611553 0.30013080403534 0.526312346395201 0.305525711116908 0.24179133141414 0.116195720801428 0.595214501377585 0.509452829206732 0.578653210853861 0.560793832057844 0.442208318917947 0.481600119832822 0.518832661703161 0.557898905455585 0.566688806707846 0.553316486984688 0.468675089151849 0.527053680246652 0.489466252042064 0.493221192148803 0.254523976217596 0.240304406449088 0.336966658316894 0.44373016048014 0.372011703372056 0.586237924087191 0.353211799836638 0.592318388131345 0.502875606033803 0.612317518655953 0.584971062846627 0.567975696673776 0.0960430725953058 0.262513212425298 0.468858687942268 0.556737193572868 0.291322577595317 0.352222003152928 0.236761708702409 0.248831713841965 0.475568138175748 0.405341449199514 0.312771815755523 0.433117051687118 0.420219952149403 0.442960254992212 0.556597779029125 0.446409922271364 0.62535442866985 0.764628457546434 0.476004937761367 0.554362072570344 0.573044199078645 0.64927814440317
