1 0.736074052653035 0.353013709162037 0.365571626718589 0.143243922589236 0.123518406710187 0.501202578388458 0.425577162626209 0.338684477468861 0.26319240704612 0.582878059341546 0.489090656189424 0.588162791842542 0.503001792069557 0.206370185819403 0.119100225755683 0.666173404194047 0.634026251990264 0.777710955497465 0.707309146500362 -0.10893648519054 0.0742708087440671 0.307164240811357 0.223498384812714 0.16886052856471 0.282682478052957 0.112776282629855 0.0211851148149263 0.330016880826842 0.443606888677779 0.177779990785793 0.256547864431346 0.662850218132192 0.628111303892833 0.136372453429549 0.154607635395148 0.31535579637898 0.360013308147081 0.271696934732801 0.354744526606924 0.133748516529067 0.311467637050209 0.588479688855893 0.459954896216658 0.603169888958603 0.540616690914853 0.579600201764549 0.422159331658294 0.59257160607517 0.525200724016343 0.58119896856648 0.54610614615612 0.533843387627923 0.515749731532116 0.532727547553611 0.557821993237137 0.777643046019896 0.661138444616215 0.757242157826318 0.591968505393837 0.669692589485202 0.497071715458494 0.288317962617581 0.466864804044856 0.245773286695676 0.243503645539284 0.519657288401539 0.414299020167098 0.603531108735922 0.544686264779816 0.407904456483131 0.382375765045414 0.288670610247753 0.39410223116944 -0.0905027327863786 0.129319163969639 0.356926617961865 0.394664160776451 0.548306981712485 0.469801233482525 0.597548657472114 0.58142803129611 0.123416160090931 0.465461286985252 0.489122621336464 0.572028350755125 0.335128974587545 0.0970798515739773 0.448719132736876 0.619505693399262
0.736074052653035 1 0.357223444588328 0.336849017331679 0.167519185273238 0.0597221817751228 0.366896815808119 0.314835195581232 0.1943363038966 0.0875787044843462 0.314983752691433 0.220685926127477 0.316423511445622 0.340089178593112 0.0422368952541586 0.0294878627217083 0.696602388609248 0.604457632667247 0.747381465672943 0.791210517980397 -0.232377754187391 0.190192604798444 0.229647419239664 0.174736899339483 0.0889903405225052 0.165537697759329 0.280772495206586 0.0431221740105019 0.217073738166347 0.393982180240201 0.225400438326593 0.236997731290458 0.532055911453763 0.48352043066159 0.122623029639443 0.040551077174594 0.357177377421339 0.51581630143155 0.211636215944782 0.364156500737165 0.0227527984204594 0.33234406483876 0.547936870589965 0.553569222179511 0.625192932390204 0.625487965934899 0.569121485448908 0.560986322320885 0.622299116644031 0.661937574812011 0.613694838591784 0.633854574496223 0.549110539975197 0.556275194308791 0.403248202459586 0.600852733812807 0.861118969775452 0.859930921210106 0.63388770423288 0.659193986974175 0.479495831525802 0.316700893114117 0.443074089861309 0.437061793711975 0.0683566436992835 0.0357601016822063 0.510458648755309 0.404071096386416 0.676600279056376 0.742261756628684 0.209610251463154 0.421224662762657 0.199834112333283 0.165375691071124 0.0252861920093564 0.0497962404145753 0.0472499269141431 0.269684273467074 0.461056095092827 0.555448070939574 0.643631391454978 0.701829544592531 0.211959843178267 0.4233281602116 0.366865341606114 0.51372621191511 0.327802899361408 0.133142930852098 0.431312818236874 0.563915335303564
0.353013709162037 0.357223444588328 1 0.767571165487819 0.604288301081285 0.420294184482463 0.780454651638866 0.439610975792216 0.515098043485322 0.368142427201829 0.192767522927767 -0.0391091419110802 0.448023023377723 0.241982119140587 0.58238101942978 0.517934905348728 0.306149201189554 0.265483971358783 0.292518891125367 0.256827244266246 0.182378020287198 0.152466269520478 0.887254902497153 0.763001450999864 0.670239832485756 0.607689738125896 0.606245828535951 0.218506695844729 0.108328704572171 0.246587911145653 0.5976708226586 0.720010741719941 0.44409282867164 0.415420017263572 0.666462877704601 0.454492391307351 0.297378306397508 0.338182681370075 0.201867827196072 0.255923936325478 -0.099168676753232 0.0746842045857523 0.605698441063502 0.458492546666914 0.567895102137432 0.424377307241358 0.437648983303443 0.361322034396529 0.342669639738472 0.277872745104867 0.450564975762222 0.318971879478466 0.337262898802802 0.272762129983171 0.356585196109118 0.444697749952551 0.357660363992198 0.365235409410795 0.305746793311701 0.198575471223549 0.360474279405991 0.100851216199831 0.104221153270303 0.0324135513368132 0.662384069483562 0.592493005460146 0.696974264087425 0.506820917684872 0.350119967640764 0.422270665294243 0.393718365927462 0.443388599034706 0.344027841499369 0.279591822720536 0.0241573795770499 0.102850970134095 0.1174399944183 0.164645272378863 0.355757415974796 0.419169847038504 0.360236494422783 0.321230410646341 0.169844744769077 0.269831717212998 0.738294752771425 0.579769128742998 0.429022916923981 0.451690304470124 0.645201487864391 0.543744707114521
0.365571626718589 0.336849017331679 0.767571165487819 1 0.577267632834672 0.61500753347101 0.809946469592584 0.794281324883155 0.438024266288644 0.545186074048973 0.193259273991072 0.220830867478178 0.430020272113875 0.501356780364441 0.381589989363298 0.576948203125987 0.297406339229082 0.240591897011719 0.310373435933925 0.301291532649314 0.0509314848115799 0.122315381741114 0.656214207001083 0.794295379080759 0.461154073499077 0.506295510407552 0.425418123090983 0.259111780679154 0.105681332198805 0.341448745334114 0.424452345545257 0.631309236078601 0.496657862499003 0.573446054793289 0.585947860211507 0.585213166692915 0.130208437237757 0.296615329075049 0.165055778222435 0.177219679681989 -0.129346752191178 0.155864133022214 0.59666456677976 0.40397734302642 0.539608678100986 0.428812565096446 0.495018359738317 0.407054641849258 0.385133166089416 0.257223183355075 0.403846270159035 0.29343899580863 0.394690574865851 0.257936789641767 0.360947341359723 0.466874667638482 0.307859638174417 0.272631605208166 0.381402048527061 0.199673217700521 0.431121737925009 0.42672394913879 0.138561029917225 0.246151601369125 0.611006252804107 0.761724364509975 0.62464249121524 0.661214472997538 0.337535153742029 0.41922343847429 0.421622716952923 0.446517326920754 0.313957812291485 0.260554000645231 0.0307606516662406 0.229755167885425 0.155419988844404 0.391905930490262 0.409600024766904 0.310802272862935 0.388926304311081 0.335214023214202 0.0106461160586074 0.321531510912962 0.538708756548896 0.650230226715321 0.369933653195149 0.431108409879219 0.509923545615344 0.584470284743142
0.143243922589236 0.167519185273238 0.604288301081285 0.577267632834672 1 0.523525361083427 0.570189310398592 0.504484627077474 0.567094951893466 0.59913531721133 0.173308392723732 0.0719657015403852 0.411974729166117 0.336896142565604 0.544110879556963 0.517528641022246 0.10197796302984 0.1022185288748 0.0966384818538032 0.0265702538715983 0.0073496140918056 0.262812132967188 0.596959922150858 0.539344527431498 0.49949252301997 0.255964642697499 0.541543877433948 0.265821844985812 0.160796426096788 0.180087040771929 0.363491698821415 0.470027792839446 0.157836558184221 0.201454931563603 0.379088397644573 0.225278729171745 0.11664201130702 0.134844514329596 0.197782241590647 0.104499316766663 -0.0785992816932733 0.0425331403255267 0.374093282512298 0.275421008569104 0.296962767107954 0.215975691524932 0.215859165587294 0.187186456394685 0.190060288848909 0.177964214422498 0.296446252544478 0.189102847358065 0.23592480187178 0.138527266667888 0.254458666747761 0.265169628202939 0.105971103104855 0.0870709853944834 0.115819268864774 0.000318260015958479 0.262201092334928 0.283434724879787 0.0727525677249392 0.123185236083654 0.680672675934072 0.506968785105282 0.384647072785091 0.316884128449553 0.134122325035264 0.243322009850817 0.226900781055799 0.322992677987712 0.24536226447639 0.0779936973044759 0.0758309357920552 0.208442184181015 0.0244847536525888 0.209968720465878 0.165293050994619 0.265799118891115 0.161674032552069 0.137828801366994 0.166356328632731 0.151567117711535 0.589879668907084 0.391969476375559 0.408754756239114 0.318166015531481 0.541546781439883 0.449834409395539
0.123518406710187 0.0597221817751228 0.420294184482463 0.61500753347101 0.523525361083427 1 0.504312594131786 0.562669307173369 0.3296669722069 0.548618103846126 0.0819461973893007 0.161099312989647 0.25643021015175 0.342193667190351 0.286120549254711 0.456664395907403 0.0481373420592031 0.0447027158368285 0.114796616098198 0.0137450209478668 0.023699435892827 0.0175252777229252 0.432667154822963 0.465351791179028 0.357848905669848 0.252241601921268 0.310120961791542 0.446236402150967 0.0293483942573425 0.142521699327595 0.216603540008219 0.328239119412364 0.297979603991111 0.318835950607776 0.315704533517285 0.350905493432373 -0.0352849677630386 0.101823094638144 0.0392473055033152 0.086383420505564 -0.0872518538733805 0.0916617772888131 0.269963522693975 0.0949791935992949 0.236795749098443 0.155053192218361 0.195619211641894 0.0923904501273744 0.178751881518765 0.0730492723266705 0.259661822881725 0.180660905960066 0.272163161632841 0.163953179484465 0.189162351025304 0.205648067611402 0.0481650804046783 -0.0544826178583781 0.14786737855303 -0.0572524878161502 0.190201678799593 0.259594204706543 0.0551803868184714 0.170859138889372 0.420550618989233 0.488463671130856 0.315284434019748 0.305118867698595 0.150854780753117 0.209550758244354 0.216423811299714 0.211035480900868 0.115397915271471 0.143491228369545 -0.0505432629718653 0.119391382850657 0.124873163311692 0.217355382715045 0.120293949396416 0.0280928379779042 0.15649161611291 0.0823344067401012 -0.0333968252874847 0.176542027939062 0.349639827213441 0.37154870229828 0.248272230148574 0.226769796124401 0.35631002023528 0.329036977119714
0.501202578388458 0.366896815808119 0.780454651638866 0.809946469592584 0.570189310398592 0.504312594131786 1 0.75136810402472 0.543170669983183 0.38010013422051 0.448048610936163 0.270147128117201 0.667193131721485 0.484603878507454 0.404071036100019 0.416566959635908 0.310927949945718 0.377901505548313 0.383858181395531 0.270063160958192 -0.00664912645604443 0.160962000938097 0.649964037197576 0.576593597881205 0.419436964522327 0.463960919389291 0.296909169004459 0.180651546432719 0.333765939311475 0.445499821659344 0.588949065393036 0.668207366680423 0.533256387253674 0.597876748776966 0.495707716913302 0.495689818624357 0.158673522149029 0.238949780365103 0.336097116513314 0.364601430785505 -0.127864878665004 0.109940939265836 0.654220571138717 0.514652215451284 0.624890633889235 0.48434958394077 0.550223853714066 0.37315198770631 0.40543813238185 0.251846200567123 0.499268542742707 0.346486374376993 0.418405260779355 0.291141107570317 0.557437215858017 0.564650982049629 0.322428464511145 0.316059985760889 0.518053150845637 0.227287535498559 0.585206941946445 0.416736927243727 0.236114016031876 0.358088520011801 0.658091131214351 0.64832462050297 0.79172141185201 0.720549472399684 0.28226281380105 0.388871381663437 0.527832962042866 0.556541021635603 0.408932852763464 0.415051001563091 0.0593388815225828 0.171980111249581 0.21374935773918 0.365888880171699 0.370611451044785 0.417279457931888 0.373718042210244 0.352267329200359 0.166128266640949 0.282250634245537 0.639525618017847 0.626237448823012 0.417516372278809 0.349315045026899 0.607771114759278 0.612553306642942
0.425577162626209 0.314835195581232 0.439610975792216 0.794281324883155 0.504484627077474 0.562669307173369 0.75136810402472 1 0.417713731024791 0.55132711220291 0.35440959266463 0.541975262201421 0.518751393765033 0.683552094382052 0.210435695168197 0.429150565787142 0.338366884124633 0.337287065110023 0.289045848775228 0.272537463192317 -0.148381187872479 0.0881854534627452 0.369316912731077 0.547436148970495 0.204507955654837 0.251271583877658 0.122024481754611 0.0789957114941209 0.324012712947864 0.543598078619887 0.349144877156661 0.539302466179375 0.467425650647297 0.63553644035638 0.296768070691318 0.384181765129805 0.0633394393210621 0.24947933442845 0.25493756981558 0.235006251056728 0.00305888423622804 0.117925561521611 0.569418140369394 0.383175024841681 0.519002109070174 0.457193909782189 0.539298855834703 0.374799447172128 0.458380961815512 0.29418717407357 0.431624360900824 0.361132519638755 0.486674842754815 0.363733034451988 0.449614898031856 0.538020426459281 0.253747683524236 0.187913323207218 0.443044259134474 0.191720572070763 0.494699941076344 0.689172250897025 0.192378954125287 0.557935516226591 0.471289896684556 0.625990883933402 0.52053019715963 0.638834497641826 0.257110369170153 0.322126315976464 0.425893739980731 0.425330976108352 0.359690868462942 0.396578952849981 0.106844987735814 0.284045192713358 0.25610636096597 0.519659296114327 0.408152589379638 0.312437322533336 0.425679554404709 0.376066535603711 0.0365032795735029 0.273809108527112 0.387105053753092 0.669259063207469 0.275928327728511 0.294240558964663 0.363546465759741 0.616868001507089
0.338684477468861 0.1943363038966 0.515098043485322 0.438024266288644 0.567094951893466 0.3296669722069 0.543170669983183 0.417713731024791 1 0.669468740321162 0.532424169558621 0.354670521765688 0.592000961535661 0.452166832931511 0.629896110906747 0.500259999223728 0.143126147318368 0.247201617482898 0.141614804055645 0.00359384118181148 0.0295255670217074 0.296822340015961 0.497173643896067 0.439821677471111 0.378762573150109 0.406268300455248 0.477291739932127 0.147586413568556 0.251926052712793 0.145797549765165 0.444660958803174 0.469583385176768 0.146135316132093 0.249824821719872 0.291339743385701 0.306839897925353 0.321565304457481 0.234157757663412 0.364750649308914 0.408350649935363 0.129780126467146 0.130288886573415 0.45630712813135 0.309150788036943 0.315131439044168 0.233508995494894 0.367176032449831 0.184917295590749 0.242707722796372 0.102500345328402 0.293023596276804 0.105341841815971 0.273912424150773 0.055331841643713 0.528601511607914 0.364167531871987 0.137420486622749 0.0684485212004433 0.314108678668968 -0.0263496046169429 0.460409112025088 0.424780141105797 -0.0707176094942189 0.141446673079409 0.669187463836078 0.496544761663598 0.385151711501341 0.267206399324786 0.202992339302378 0.311582046916797 0.444239812478368 0.369532213403197 0.339988369834877 0.268889411801512 0.0812914001616222 0.230143138092645 0.213423588278879 0.243286502581824 0.204581768940097 0.269778042400043 0.243186788767619 0.101950507850609 0.125816642318408 0.209822035133835 0.59658433029817 0.35314621285265 0.389960020405014 0.265058506913614 0.692055726356449 0.563555500418093
0.26319240704612 0.0875787044843462 0.368142427201829 0.545186074048973 0.59913531721133 0.548618103846126 0.38010013422051 0.55132711220291 0.669468740321162 1 0.343769236943183 0.435692385536857 0.430927975740115 0.537234237968536 0.546895311296626 0.672510287816691 0.101505436540898 0.17745133553958 0.08713965097036 0.0102499760648268 -0.00558730882433194 0.0713953224023203 0.432899550306512 0.600082919217132 0.366959690728193 0.37061191413277 0.357663496670273 0.334755503716792 0.0964623318453675 0.15119445806388 0.087701031391354 0.31945488398871 0.147518114764895 0.248964671828805 0.256595060816673 0.327024823533857 0.116949027328432 0.140560838584188 0.207448941485406 0.199858854960519 0.115097555072402 0.171607301961685 0.322753107896691 0.0927124175921859 0.191146589537305 0.136812255857223 0.268914928720725 0.0955565596495807 0.246679048725182 0.120093218351027 0.232572385573958 0.10430624814605 0.294721028061732 0.109186442822062 0.354323342494284 0.250261731998721 0.0895656527944776 -0.0487804233250724 0.226510143782131 -0.0720223575131699 0.269754634080862 0.517421976887813 -0.211071928130971 0.148040866194163 0.635616139133696 0.579786961857761 0.195129164777794 0.170739377738949 0.303871258049682 0.272990146467495 0.235468943995047 0.148225312320922 0.206132320957921 0.189491634850301 -0.0262070689811912 0.236502613486161 0.306686201977896 0.285434099436035 0.212886731010497 0.124213741091373 0.214602619127147 0.075788354018765 -0.110763714177959 0.301821096091753 0.521764934719775 0.450255358516847 0.367474570242067 0.264804026856052 0.463263921995043 0.523993803916294
0.582878059341546 0.314983752691433 0.192767522927767 0.193259273991072 0.173308392723732 0.0819461973893007 0.448048610936163 0.35440959266463 0.532424169558621 0.343769236943183 1 0.629655018154271 0.781364203408689 0.621002598608196 0.334018233256888 0.246171128218092 0.28770157226732 0.436381094832113 0.28237648507889 0.156693998093867 -0.0824649699364269 0.134350760476671 0.171919170492221 0.120781720978396 0.0439388869699884 0.193755325460211 -0.00690168387672909 -0.000279287759826099 0.388703539933864 0.357828570731688 0.166197460448248 0.159059868919744 0.356205203177928 0.370359615711134 -0.0365020642783702 0.0879967739285931 0.164251192372378 0.170762406915717 0.337750709559412 0.339233995884499 0.0768602261587515 0.196025368720188 0.36729452692236 0.170303565097348 0.259549890640324 0.10701244937475 0.32593945319466 -0.00771750260131993 0.23362043034896 0.0011104745225947 0.239798175207393 0.0684278527977637 0.174714598327347 0.0201443573357708 0.549821830183598 0.332547815881282 0.228880912991334 0.220738472737774 0.535010124808387 0.177650148527424 0.734671581762224 0.511291731982794 0.308521514596507 0.506267345899971 0.322599145882367 0.265602377456208 0.433786016322285 0.283772254783437 0.146050414072686 0.143598115615524 0.331254028391686 0.25502301304437 0.238619206122013 0.383594854272315 -0.0321386978877833 0.0834778633736151 0.443349504020768 0.368632419446081 0.261360731991328 0.313855612646451 0.307964740377146 0.201444741968642 0.0162271630760485 0.236226016408369 0.31898470810724 0.248236865710249 0.182742570348945 0.0127213938012328 0.476568252151827 0.45109446481841
0.489090656189424 0.220685926127477 -0.0391091419110802 0.220830867478178 0.0719657015403852 0.161099312989647 0.270147128117201 0.541975262201421 0.354670521765688 0.435692385536857 0.629655018154271 1 0.521511183656342 0.763098938687341 0.11257681111512 0.257610940634531 0.254364985363836 0.406050791552031 0.13062617334629 0.19590544116573 -0.147222290751166 -0.00484046090319763 -0.0285498079006148 0.132106661204997 -0.0959133996768266 0.064383368447792 -0.196604150758003 -0.0132199187111344 0.371400346459768 0.521186001955268 0.00955829904567208 0.158512697840329 0.253074348318958 0.396310788274786 -0.117398587147643 0.0485032952940436 0.247851066463871 0.269386581859697 0.287737568670553 0.300877551702195 0.315601977487267 0.0426990799444137 0.345975387084706 0.140817653521787 0.226046315773908 0.144502018305295 0.421204773856292 0.149310076384306 0.315338260301324 0.127969332876222 0.266050187996228 0.185789524530549 0.288147184930147 0.198267260489892 0.466856806251037 0.399974227768604 0.156335724653148 0.102034123720756 0.557294244313881 0.299258741198127 0.556092043220022 0.781561603140438 0.065988947724614 0.618914835499877 0.174429266451187 0.323395918873653 0.23592197256433 0.283450807131675 0.132936461715533 0.0803764307327244 0.245324332983399 0.128437286061791 0.342275214682248 0.47716719057571 0.0534407136189498 0.19840332085776 0.498973956787052 0.506512665190058 0.31675839204682 0.245468885046161 0.254998845170406 0.184542126675871 -0.101217978526803 0.334553247190998 0.136019351888075 0.396967019966186 0.0845135486848402 0.156936457082959 0.163569196011664 0.51522235613415
0.588162791842542 0.316423511445622 0.448023023377723 0.430020272113875 0.411974729166117 0.25643021015175 0.667193131721485 0.518751393765033 0.592000961535661 0.430927975740115 0.781364203408689 0.521511183656342 1 0.644100688238631 0.511076575958773 0.358827336585251 0.218391779845332 0.345284581493133 0.315629235535279 0.132480305745072 -0.0736861395687693 0.13014473792597 0.408094160744236 0.333736374030291 0.26606841238253 0.25146737452206 0.210706218290297 0.0565714358046853 0.289922742227526 0.361913586373167 0.296575706018874 0.335808817352148 0.358288414869296 0.38000361501202 0.159735611295908 0.189221449037293 0.148281440759661 0.178804545960197 0.289554626254987 0.303271046687389 0.00502086664409983 0.105014995005779 0.436172672337985 0.238742592177282 0.32700456426246 0.214287456870007 0.332195932173995 0.114117259211199 0.274054120456687 0.145748201598909 0.321675494576963 0.201710651958862 0.234538605750707 0.161856615817545 0.474474917305076 0.392705854407581 0.228831712443165 0.221451929718942 0.426414789692407 0.18830741983028 0.647919753061777 0.50822928724932 0.227958651383651 0.376437924616991 0.572668772239591 0.466577098974266 0.49494581732194 0.35613467248516 0.191865122173267 0.248502987689894 0.398593098904392 0.394717444325369 0.281831845693362 0.370403967212622 0.0413235196246742 0.135280622787828 0.303324432753177 0.311969980430711 0.207170157285085 0.323798881021034 0.247302672447268 0.250201640122494 0.0998633078156088 0.21027128634633 0.561756643072767 0.427128413643379 0.309148293267346 0.0967339563450327 0.610602771748484 0.531184124358984
0.503001792069557 0.340089178593112 0.241982119140587 0.501356780364441 0.336896142565604 0.342193667190351 0.484603878507454 0.683552094382052 0.452166832931511 0.537234237968536 0.621002598608196 0.763098938687341 0.644100688238631 1 0.330409860227876 0.547463717332797 0.348316699208403 0.393405292752569 0.217874054288151 0.262203837095741 -0.108790567861327 0.210117490553338 0.249669094741674 0.4439696029436 0.187567530709574 0.311675217762363 0.129123424623373 0.126320426043636 0.334433203145414 0.581087385855702 0.22509600317933 0.352580773750133 0.399457824356279 0.511403399474143 0.179193915324039 0.276153010790464 0.208603100727774 0.313945461204335 0.343970197168063 0.28098865296351 0.128363672735117 0.16768163274684 0.489388591451307 0.27166984582642 0.377547719756434 0.278614161000619 0.484131779587089 0.212576285545652 0.362955482664143 0.199063576259066 0.415854987249737 0.26267749502684 0.391570810454392 0.233170633154105 0.499133577138001 0.515401989430969 0.261503781841673 0.204367997892696 0.50377098516938 0.220095541824676 0.618730190086408 0.697022295235955 0.25050100477762 0.587503347962476 0.338291193355492 0.540957423669133 0.464456701950002 0.48556183891554 0.200262483031188 0.208175843628129 0.285520519553596 0.281143017902733 0.315562219298814 0.423341915112084 0.038046722734195 0.232537455529495 0.397627169571881 0.510941195230443 0.362140974243382 0.329055122494785 0.356148026899123 0.384563748272819 0.011885724805804 0.438356301925276 0.330363725190213 0.585316208289604 0.232472716536235 0.308880674247233 0.439070254270613 0.633917494733989
0.206370185819403 0.0422368952541586 0.58238101942978 0.381589989363298 0.544110879556963 0.286120549254711 0.404071036100019 0.210435695168197 0.629896110906747 0.546895311296626 0.334018233256888 0.11257681111512 0.511076575958773 0.330409860227876 1 0.671351830203807 0.0720326321698169 0.166909115689352 0.000868491277573484 -0.107862014578274 0.210556178918918 0.166850609751292 0.698236209265644 0.570876047659729 0.678049258455258 0.507133955574948 0.517442461834134 0.142322860995505 0.140661468010928 0.138890197019738 0.335292072859849 0.425318677976525 0.136692794327928 0.140077485358046 0.311218922298609 0.145403485329526 0.303200106387889 0.159917093628593 0.311704527472632 0.174772451209733 0.123856734883096 0.0953647898083007 0.433397305836852 0.215754502275736 0.242012566443868 0.0742206406538551 0.244959599768998 0.0491091078650112 0.164585350823343 0.105350095301874 0.308039355223055 0.154591927868586 0.21846782237533 0.148332461024618 0.351498441650768 0.253245569382834 0.0984823435779058 0.0749243655230783 0.0982514871701762 -0.0471105171674942 0.221899353497319 0.0757378405671878 -0.0960578905281819 -0.0276679261936428 0.568173314409022 0.398989680143438 0.277032372005114 0.0837520332099849 0.198225249133705 0.221635150514633 0.285000529008908 0.269400971243153 0.237802097626284 0.312535106423082 -0.129031303853976 0.152254611954394 0.278647732642055 0.144101912039632 0.136197896472565 0.217973057675805 0.133198007136007 0.0725716040499678 0.23977482737972 0.25404380296313 0.651897185506193 0.386779350493698 0.442866601543306 0.419406465668654 0.646612477235619 0.43292486863183
0.119100225755683 0.0294878627217083 0.517934905348728 0.576948203125987 0.517528641022246 0.456664395907403 0.416566959635908 0.429150565787142 0.500259999223728 0.672510287816691 0.246171128218092 0.257610940634531 0.358827336585251 0.547463717332797 0.671351830203807 1 0.139477586716638 0.15933580693109 -0.0669830550873014 -0.0541469713413045 0.139370792719663 0.125570911089904 0.621852456860403 0.786469045318163 0.573753191141525 0.593518154596726 0.429179451415512 0.331308744247433 0.158441450682742 0.280055648302809 0.314773541846828 0.515287067262114 0.248682366707394 0.301485311437492 0.433924207461462 0.400730084971935 0.159595548983619 0.149102050986655 0.192029295197332 0.124944851832306 0.0448790558888788 0.133616596603859 0.401656834251729 0.156131591856826 0.21934494413802 0.0325735685533375 0.247859902970437 0.0205341830847064 0.180205997535689 0.0276791381629311 0.2414503867422 0.0361106463074095 0.2251213836584 0.0341155099015069 0.263637965683969 0.220175765327161 0.0724677621723782 0.00702414539003584 0.131335556914162 -0.103018475937698 0.248694245865742 0.214991795656657 -0.0304342213480207 0.106983871838688 0.485846707687109 0.573962429542011 0.334052712289056 0.245443543745233 0.198047184373814 0.189262964104147 0.166341860975292 0.191958795466449 0.221233042382488 0.279509000158881 -0.0116839247781586 0.160871742173618 0.31805634429709 0.276754229319437 0.221624144214727 0.183670148256392 0.187063681759515 0.0808610126111718 0.0259839901965102 0.371905063612445 0.459734311590393 0.466455258134537 0.32382183516113 0.483570915478349 0.478936904742258 0.414562915110961
0.666173404194047 0.696602388609248 0.306149201189554 0.297406339229082 0.10197796302984 0.0481373420592031 0.310927949945718 0.338366884124633 0.143126147318368 0.101505436540898 0.28770157226732 0.254364985363836 0.218391779845332 0.348316699208403 0.0720326321698169 0.139477586716638 1 0.801130618509011 0.707598860271943 0.666484625146897 0.0309852555694877 0.249701132563906 0.283353421997745 0.246133001730882 0.201519882788505 0.273613872214202 0.131607145250778 0.0548777652597706 0.492528651632836 0.637815152378058 0.329526259285681 0.361539780512157 0.641741799271555 0.565676414481035 0.115284544216157 0.0702880873250109 0.366687852403241 0.478128425800188 0.39815470253166 0.350986209184678 0.0590088071711118 0.146295957977131 0.563904936551557 0.470596221122706 0.582004088544962 0.47262960729801 0.54222431391477 0.406265521400944 0.513678821438307 0.441857741644195 0.454802297983001 0.418410279409313 0.449778927667862 0.496228086729466 0.436910224323068 0.502380461439347 0.795227490134485 0.726231322996022 0.440171080415289 0.390668643870517 0.44427880635574 0.202887755692914 0.436008663060833 0.564803352650974 0.0482849305032256 0.0410626595743282 0.45048060623083 0.325976456558221 0.509125543750815 0.445606514420755 0.195487720935675 0.358123879377381 0.265934847089397 0.367264915115369 -0.0462555029488074 0.130582872542232 0.32489963777339 0.376441032342486 0.770229547840178 0.709432129369014 0.796054547465074 0.673831757911671 0.250692225993572 0.432923855505235 0.336124608826985 0.456319185870569 0.308237751571526 0.223191658332354 0.273395766793227 0.461640982521579
0.634026251990264 0.604457632667247 0.265483971358783 0.240591897011719 0.1022185288748 0.0447027158368285 0.377901505548313 0.337287065110023 0.247201617482898 0.17745133553958 0.436381094832113 0.406050791552031 0.345284581493133 0.393405292752569 0.166909115689352 0.15933580693109 0.801130618509011 1 0.57525961055997 0.550643037382203 -0.118593650458167 0.107302654961392 0.252409983076796 0.161666617750736 0.1377430909683 0.28516337980593 -0.0488779778025933 0.0618641522539094 0.612324428791155 0.744185112405082 0.276944646511016 0.357065371146474 0.515469264292138 0.476086609305231 0.00734940725601599 0.0144360585145358 0.486056652921263 0.38546948434874 0.608626387718979 0.56722054576005 0.267461612457403 0.126695260458208 0.611544611062009 0.511040728673976 0.578286899419149 0.471098221034052 0.659086286658213 0.416641407988291 0.542817704564497 0.40672843902384 0.48162268779661 0.399192324860448 0.439319986980924 0.457970795065921 0.642341653514029 0.579462102486283 0.65109676140647 0.670205497645257 0.538267291307224 0.354047429524445 0.424795376064778 0.232734060991421 0.263544695133404 0.681960619579371 0.136113912589794 0.0157023781597843 0.513182550160487 0.349370307247596 0.442588280044565 0.379295103738969 0.184283469607694 0.283293015247054 0.35935739371908 0.558496178932965 -0.0591491120635983 0.181154189035884 0.575231165575231 0.470097211074776 0.715081941333046 0.773363274781581 0.681832242667593 0.591535608799334 0.299157665673306 0.54966987464513 0.395331340053931 0.501540163827834 0.431238094148094 0.343563852468126 0.226634916155217 0.493485997132589
0.777710955497465 0.747381465672943 0.292518891125367 0.310373435933925 0.0966384818538032 0.114796616098198 0.383858181395531 0.289045848775228 0.141614804055645 0.08713965097036 0.28237648507889 0.13062617334629 0.315629235535279 0.217874054288151 0.000868491277573484 -0.0669830550873014 0.707598860271943 0.57525961055997 1 0.754861035384548 -0.0949611243147341 0.108187441036135 0.237608922010564 0.117706419277895 0.137876375602568 0.15081086733522 0.152015382170599 0.0907543181375025 0.260953986262273 0.294821611554893 0.206674503130843 0.151456130681136 0.635480008876692 0.571719586318752 0.126611821886575 0.108649106827464 0.160914358081636 0.248212161222535 0.195865436299197 0.241166652990018 -0.110106691784088 0.321544545220173 0.459610080527194 0.479156254028245 0.526883297548729 0.555110762360175 0.456366301527709 0.457702074090502 0.512489981864921 0.515057864464437 0.450065927669526 0.482251056249424 0.457804819251028 0.454816754083991 0.40504715150105 0.463790511039163 0.754239732447653 0.694307997972486 0.520975590408273 0.528432889360804 0.450746973878326 0.297380078277057 0.362826234126681 0.385759803684878 0.141686580566932 0.0591972009782869 0.437359172250367 0.350684045200226 0.593123040963264 0.553705703589106 0.33185564674665 0.381709862944147 0.177660265813679 0.171046120916323 -0.0364897436462011 0.0960052229166127 0.121826266238336 0.263955805173558 0.493591379987488 0.464316566455116 0.622979507875734 0.542416054963317 0.203896286900212 0.328042590039016 0.395790417070569 0.411989238896541 0.36280588595884 -0.0270357702743296 0.373143535224875 0.466749945694753
0.707309146500362 0.791210517980397 0.256827244266246 0.301291532649314 0.0265702538715983 0.0137450209478668 0.270063160958192 0.272537463192317 0.00359384118181148 0.0102499760648268 0.156693998093867 0.19590544116573 0.132480305745072 0.262203837095741 -0.107862014578274 -0.0541469713413045 0.666484625146897 0.550643037382203 0.754861035384548 1 -0.219631557830288 0.088636983803965 0.153756013529261 0.160794234539366 0.0305250029939082 0.135346494980268 0.0762362954388416 -0.0163215270856062 0.211150244229822 0.312935795718561 0.0765608647406356 0.155192606851538 0.571681006255085 0.571851404944215 0.164454520623485 0.06684489147424 0.286272883980458 0.360119837616358 0.122504937738268 0.241150672760454 0.0211715591359694 0.285139798741767 0.424657513139004 0.448564751987431 0.568872090394121 0.565529510416131 0.506759925695742 0.571977102069352 0.557092740588274 0.59173540459559 0.447094873952613 0.533678522087632 0.42259367870018 0.500180554541031 0.262563734266692 0.498503794754686 0.827383890241696 0.789955078228557 0.564560419430947 0.623655981083164 0.400775538087373 0.269280476218095 0.303145408948096 0.352328873495982 -0.0358512149735305 0.000778662489268612 0.416590118450727 0.355764589226616 0.629134385356186 0.629105119759123 0.10394026599114 0.15561498875566 0.109305900501975 0.114562978290895 -0.0599298876142418 -0.0261925962560515 0.0931867437044446 0.242595023720047 0.505002367197216 0.438585971469502 0.535398831878355 0.593410965116045 0.0766140761921871 0.3933222058686 0.213363553069498 0.488547227885315 0.251040869603374 0.0946130629138227 0.182862220090667 0.450068815857319
-0.10893648519054 -0.232377754187391 0.182378020287198 0.0509314848115799 0.0073496140918056 0.023699435892827 -0.00664912645604443 -0.148381187872479 0.0295255670217074 -0.00558730882433194 -0.0824649699364269 -0.147222290751166 -0.0736861395687693 -0.108790567861327 0.210556178918918 0.139370792719663 0.0309852555694877 -0.118593650458167 -0.0949611243147341 -0.219631557830288 1 0.13021047830562 0.243438145601428 0.189456223296276 0.316788632863242 0.226288597517803 0.158237413124385 0.165751271597722 -0.115061235167685 -0.0695174796182156 0.135814142250127 0.145398649724916 0.0471951931512062 -0.0330323272612453 0.196645754152435 0.215452332256337 0.0123478086221246 0.0311799148416815 -0.0101963543439578 -0.110991746342932 -0.100732325090398 -0.1002583241501 -0.0181770312734868 -0.0829469708879757 -0.106265274278386 -0.233934920246272 -0.157341078804474 -0.237583376273994 -0.227921723875925 -0.266858407266034 -0.0952129332821359 -0.196609479024267 -0.1073147257417 -0.120228662077722 -0.0416784555909019 -0.136462065722729 -0.162164591943429 -0.21568365439626 -0.179623708983151 -0.198026532643599 -0.0635777956429483 -0.197495155148959 -0.0913167815127576 -0.171734923534074 0.163360676511332 0.240347713361338 0.0197476050958363 -0.00748216788115689 -0.188381541195667 -0.297397924631873 0.172128007238977 0.0712461413289938 0.0407573810501361 0.0824524385383333 -0.132799453222178 0.0581695449592967 0.0480842158572146 0.0113242083781913 0.0651534023463864 -0.00191179030167686 0.033389038127705 -0.13131985919943 0.0436969758522587 -0.0954962932035419 0.111119133854216 -0.135071447984313 0.00540641620137249 0.0402267493436845 0.153856432908849 -0.0313504551519877
0.0742708087440671 0.190192604798444 0.152466269520478 0.122315381741114 0.262812132967188 0.0175252777229252 0.160962000938097 0.0881854534627452 0.296822340015961 0.0713953224023203 0.134350760476671 -0.00484046090319763 0.13014473792597 0.210117490553338 0.166850609751292 0.125570911089904 0.249701132563906 0.107302654961392 0.108187441036135 0.088636983803965 0.13021047830562 1 0.106698480469965 0.0797213447560367 0.195316946096062 0.18541867118704 0.289848290815258 0.0987445771260607 0.142032048448939 0.165405335752236 0.376068101770585 0.260484246331009 0.0298180861912326 0.042650910698067 0.127945272299044 0.0512479067593686 0.0327389736732014 0.229080359250809 0.21880608027344 0.184250577710735 -0.203523019640101 0.105393902742642 0.254070894400136 0.307509631359114 0.169461447095772 0.143097366916386 0.16023761617805 0.135256967240375 0.0321278124563427 0.0577243143572599 0.146862790083344 0.0774840983756261 0.0699149662165054 0.0663349072900299 0.181310230540768 0.223194487036261 0.143776748393443 0.127112866758621 0.030622426039178 -0.0215592648621443 0.176534453130476 0.0234535748425168 0.237409931699756 0.0844926488947378 0.0851096781520679 0.0871066198920678 0.144955150495315 0.152166447117283 -0.0522650708919928 0.0655022447877808 0.173635004823784 0.32964668828807 0.16787730480837 0.0261981985476773 0.0209111227050721 0.108383690260236 -0.170575411286327 -0.0706325473856445 0.131735776086914 0.14121922315838 0.1304655816156 0.0850632369216317 0.182283014277484 -0.0102768692254086 0.147953377718065 0.00526450531483835 0.0200309755559569 0.0817728914157256 0.347559033135263 0.206789964501486
0.307164240811357 0.229647419239664 0.887254902497153 0.656214207001083 0.596959922150858 0.432667154822963 0.649964037197576 0.369316912731077 0.497173643896067 0.432899550306512 0.171919170492221 -0.0285498079006148 0.408094160744236 0.249669094741674 0.698236209265644 0.621852456860403 0.283353421997745 0.252409983076796 0.237608922010564 0.153756013529261 0.243438145601428 0.106698480469965 1 0.793115165858937 0.807199486348748 0.660187958314882 0.569033684260717 0.243333072553834 0.207866614740354 0.238703290900449 0.579361462977872 0.691816681282875 0.428125638151139 0.418984724502909 0.644097521359998 0.441057346605573 0.31337671164006 0.279196776549194 0.254882443480264 0.183257531048648 0.00304146159450498 0.0944597964868822 0.571425578861223 0.401173625018224 0.526585883104893 0.324267561511692 0.353774069233192 0.224039402853281 0.323206659470068 0.242147650238448 0.437273642068041 0.281588787123437 0.328395160825525 0.248058274603905 0.342916765369993 0.341263423233721 0.289797760240671 0.236725071715778 0.204156218686204 0.0871789356492491 0.201976498217998 0.0157192995871314 -0.0491798097275466 -0.0201219932461345 0.609159956413722 0.544601197033168 0.618621685658887 0.40286726626719 0.338683039769418 0.337722077484141 0.428782635456 0.382813506472412 0.344743622135871 0.311150063013805 -0.019364136142224 0.170671902951066 0.263093755330107 0.1894303543482 0.330914437838578 0.347691530450833 0.3267218105149 0.241571262982522 0.180628802275859 0.290233298303591 0.742692794511634 0.513132290683822 0.431799969148026 0.474051397483691 0.587973907352973 0.492826967803901
0.223498384812714 0.174736899339483 0.763001450999864 0.794295379080759 0.539344527431498 0.465351791179028 0.576593597881205 0.547436148970495 0.439821677471111 0.600082919217132 0.120781720978396 0.132106661204997 0.333736374030291 0.4439696029436 0.570876047659729 0.786469045318163 0.246133001730882 0.161666617750736 0.117706419277895 0.160794234539366 0.189456223296276 0.0797213447560367 0.793115165858937 1 0.661039202013079 0.669387900655202 0.538672387789691 0.305132254820438 0.034463446811176 0.246182241106518 0.425448855854276 0.68888854393324 0.381793700992921 0.443915427100785 0.668496943863563 0.554680501522091 0.169720225873182 0.274847314708597 0.121891977955088 0.120076087126264 -0.042642917505004 0.107542412320615 0.490874869204002 0.265620346775125 0.409689717510417 0.275822916426738 0.345467816997714 0.249360078585149 0.280435936813005 0.180068014152417 0.314631201625939 0.183368844957051 0.315890679643266 0.186408637353903 0.246217412270166 0.322315229547052 0.238453445753177 0.165554478427303 0.1428524906232 -0.00745449660499723 0.230022448662102 0.197457876224079 -0.0463262762215283 0.0175246120576193 0.543894358080052 0.692078059712985 0.481938634523065 0.412267087274244 0.341924468141638 0.34755804471883 0.302489810835458 0.258804441936217 0.261842486609035 0.235436656858935 0.0452902321672797 0.109325839629654 0.216595134110365 0.283684151915868 0.348894308185608 0.27935744094704 0.329687156660702 0.279085600441118 -0.00187275590536832 0.339992175326529 0.569118020854539 0.604268022776671 0.350286355080729 0.518276410126138 0.486717673203836 0.513254152426467
