1 0.856234497527966 0.275331581938165 0.475808805943435 0.11729568887955 0.0886657863665428 0.364953626493344 0.16600400845491 0.0754736607964839 0.0968694619769818 0.346617724549987 0.719842396260536 0.260228133023808 0.479760755198496 -0.0604410882951026 0.153445611372793 0.79307055555702 0.754714206680849 0.869013060628239 0.846095237676406 -0.00110103585837339 0.207549188891844 0.164097263497441 0.107127528888638 0.382796358361706 0.158129712144557 0.479586391756738 0.391734195719792 0.464808435048784 0.628098072328869 0.303748330312708 0.124623332895979 0.463661688783706 0.216364744176301 0.116160577187998 0.164661283535122 0.529551279026811 0.399949569818682 0.353057129092008 0.574465586034251 0.384371557946774 0.0835605326077115 0.692192422948727 0.621912383256922 0.678447524698939 0.655331933512389 0.771463407279017 0.821633259784888 0.673683992770069 0.680908419461144 0.572071730793547 0.649772070923738 0.321852864735082 0.303798546894658 0.706853882714495 0.792597156976617 0.89169402231376 0.832414149970842 0.639451625822301 0.585774844748771 0.319506567916964 0.0390843680201986 0.271598988486651 0.0298281051300087 0.234907430775227 0.234564843673575 0.374846575455828 0.315418902584447 0.687338910525222 0.615749884047182 0.377675764642922 0.0963221233082533 0.0317140003269027 -0.0504266874544489 -0.285430026946739 -0.249973149864418 0.177025613120969 0.216314064699396 0.63140575753745 0.576976922005985 0.686555374852141 0.772702686125197 0.56971326687866 0.691411166682358 0.761219625701408 0.615796271693156 -0.0432978408182181 0.353228838075781 0.592621602662817 0.594772782701687
0.856234497527966 1 0.0393254642441737 0.314070657045025 -0.02888985441411 -0.0540117414230144 0.0810904982456959 0.0808292992776596 -0.110469514135299 -0.0201230902223991 0.323185694820597 0.786072988026689 0.116522734669526 0.428961801819449 -0.0791322725002222 0.0366082084096394 0.790508644809553 0.835046146392875 0.706890383844434 0.781276907577767 0.0535424672287974 0.0869850295047754 -0.0215203705568515 0.00131250343543886 0.238963124840389 0.0757790019038925 0.371520424367711 0.145008287922127 0.410058764128493 0.605496203217007 0.0952692939499472 0.035092462465903 0.206806292604806 0.112593669703637 -0.0500394439854126 0.0606364558252251 0.546367754594416 0.403588381653131 0.424413498722891 0.556121561392717 0.462165909884129 0.181388208152681 0.623967052576581 0.535003432121548 0.645920279605097 0.620037364730067 0.776779514600595 0.810618053679842 0.646364982311671 0.687796545648775 0.498578820255817 0.611218019499313 0.196159369601112 0.205515450049887 0.727888546502776 0.791810439163599 0.919671408272575 0.93080277172356 0.551256318933306 0.586584059830176 0.0848711189690402 -0.106481257238139 0.131706127216109 -0.0216112469200074 0.0685973843172043 0.0573663955431779 0.205963489287059 0.187708108868049 0.823146478938735 0.772774064520396 0.173690736698432 0.027381995807402 -0.024090132419875 0.0380613545815001 -0.170090015401497 -0.140636616001148 0.00509044546927741 0.145821853129767 0.600585992871595 0.631304966374303 0.819751100469454 0.838877606454999 0.518707955486027 0.753065812071009 0.715116708165805 0.535094317823591 0.146092900034838 0.441373305788839 0.487136994307227 0.514666877018356
0.275331581938165 0.0393254642441737 1 0.638726302540074 0.485459967917881 0.220453446606331 0.877347680167803 0.425901933256234 0.452046153480433 0.254874026535403 0.214960264677905 0.0654939194280653 0.435093270066162 0.3000110262591 0.165980634995672 0.220063884402031 0.0618256289896725 0.0234745584084449 0.34053055283906 0.173316039102868 0.060708730176935 0.218020942663379 0.754085265590329 0.514450270039069 0.461764333687858 0.317038224560379 0.24046581942543 0.384106830992248 0.181993939558044 0.199407491652038 0.628697441672852 0.371353325309615 0.680923596439734 0.460259865172068 0.517743014100938 0.416688368564262 0.0865311197672652 0.0803047464665356 0.0528787572361298 0.0385919714984834 -0.1582153711686 -0.195909865734059 0.291117178298164 0.317407826341016 0.226740473905535 0.232631027913842 0.161926525837916 0.175591228831903 0.18405582908035 0.170089640982657 0.399080551938281 0.370283097896059 0.441166633110909 0.417546791802891 0.322473499643629 0.28440189478985 0.0566104988313559 0.0477721044558788 0.449057303660112 0.273174785170683 0.668119040977695 0.455081709196395 0.325606321668948 0.242158591493654 0.617788109724391 0.515376455882246 0.624644483863152 0.517247346488529 -0.0209949275678841 0.0876834104313796 0.466570228407711 0.361108472564772 0.195576960363547 0.0706542180201917 -0.103499809977954 0.0312645125438222 0.533410934387867 0.291814287914784 0.172733192197725 0.0788563004269294 0.0273942799369393 0.156495292872078 0.186078289287965 0.0642771148382768 0.386735424519531 0.415470924730022 -0.0225775916620843 0.109271379241417 0.503418242015004 0.449840591069638
0.475808805943435 0.314070657045025 0.638726302540074 1 0.385431059618895 0.43981584917771 0.699495181640392 0.650828732272351 0.375168113584739 0.574699695269386 0.265724654831646 0.383632427836839 0.404030453172177 0.5306640066942 0.151240729651641 0.518375884607621 0.245492323228597 0.274169614306176 0.469987234069162 0.370397319773847 0.127656167847477 0.222544171011115 0.561628296573097 0.703714486807307 0.524857870206738 0.600869323223442 0.433037870368412 0.477891406233387 0.161896054055358 0.314299138838456 0.442193238778243 0.368864608568058 0.466970095237334 0.363318425004765 0.430441143061876 0.441380618972913 0.207560222713273 0.173480225138644 0.190584675456273 0.29129800720772 -0.0283770819698537 -0.129305769739614 0.396946365573963 0.434331683102612 0.261006674890286 0.278475780947725 0.256032422078217 0.323035459098301 0.181442219702088 0.187157776976379 0.387245874732691 0.412631016723756 0.41225189154556 0.353783913350043 0.418268618953689 0.413559272587951 0.264868779266305 0.298480197984849 0.47386376338337 0.361000058738424 0.526627279516497 0.470030966295764 0.289017218937985 0.219205785366179 0.526873111060548 0.684298347072264 0.582020810089928 0.600845329288417 0.18622673797937 0.196383616670732 0.454591168088395 0.343026471919499 0.135698536845543 0.100422160175512 -0.136329138548077 -0.0140074844464712 0.34291887926236 0.261793890923735 0.196951831581081 0.238002800920949 0.166618175753327 0.402145591277521 0.23121917452482 0.234149064115166 0.48206128309633 0.75985059279756 0.0377910525015309 0.340971243532161 0.458000648019384 0.600336079888639
0.11729568887955 -0.02888985441411 0.485459967917881 0.385431059618895 1 0.298942222052916 0.450523832628157 0.205613165025785 0.590243083659581 0.403749627701352 0.292421719732025 0.0309891766344177 0.460627724503942 0.0877149637133781 0.627403404524259 0.404389581540245 -0.0392668810679476 -0.0416171706767852 0.0570522321157324 -0.0715478642638798 0.344401390652049 0.00550420143822009 0.550612436879004 0.486974925335082 0.35114766176853 0.470566381502808 0.421833860656215 0.20481792434722 0.0111026663005236 -0.0273965540997888 0.261982795454544 0.27653587390207 0.330847147584669 0.138640939313091 0.439579931461931 0.223038347168392 0.151191089749119 0.0817021458228956 0.147153717498358 0.10265181283048 -0.123975695231602 0.009918771639579 0.0470005065445795 -0.00913206098490798 0.0502041559397456 -0.0376769943526759 -0.017414006202565 -0.0439432133727696 -0.0533818359238076 -0.0492135356294599 0.0330160688891712 0.0053849242006287 0.0278863052275992 -0.0229267593466782 0.121040996111651 0.0756592414350127 -0.0475070304317738 -0.0178531361230283 0.138453593923669 -0.0763647600465919 0.410454121358689 0.130309969087562 -0.109811124037145 -0.156573502942176 0.641729411396752 0.479951303370886 0.365990743512854 0.211126940051525 -0.0167806610471861 -0.0587005752929291 0.154552230090811 0.125811336460974 0.220983086821053 0.126078692017336 0.0914985369292611 -0.0234430356544177 0.0991613261716267 -0.018457968740085 -0.084781437822665 -0.0285176933341425 -0.0691137500658077 0.0484972384365822 0.0594114336588248 0.11308708021789 0.365490746172719 0.254434995506609 0.212584124718635 0.315460266883997 0.367907692163857 0.244068388367195
0.0886657863665428 -0.0540117414230144 0.220453446606331 0.43981584917771 0.298942222052916 1 0.370000245587209 0.493161783271095 0.434686621052154 0.677909740598513 0.0978288229678175 0.15392801366112 0.368750820296383 0.333615450692219 0.239580343546516 0.648359285069605 -0.0643283305503491 -0.102386927877154 0.154220437841357 0.0467167386512742 0.0643481500171552 0.130730407185008 0.281395919955714 0.425416788132987 0.00273190198946211 0.272358850931714 0.165400003978975 0.454847264214343 0.0340059033916033 0.0750281982768231 0.22711241783237 0.169143889314322 0.234766023744779 0.0657799987954982 0.0908066667565368 0.0526037839775542 0.0230082183832912 -0.0800263848114414 -0.0311942771686665 0.0252052037747549 -0.107048692895559 -0.178861719544439 0.0872328468640085 0.126784124155193 0.0447550774366284 0.106021367902471 -0.043497743288367 -0.0173821526438619 0.0344774398731853 0.0315006208903073 0.143348726819807 0.146340439654976 0.236948566482829 0.188217686651933 0.123302051093211 0.058039959941289 -0.067294617082763 -0.0751908326454048 0.124499763072172 0.108870147596699 0.268668285018886 0.426905872599164 0.0680646969491944 0.179390574399727 0.21753456683827 0.380220756284055 0.151707396268182 0.163603550289828 -0.140042511160923 -0.170453103638069 0.223742338317811 0.244803930718193 0.0695377663513552 0.106000293269823 0.0142244460367318 0.0197093918930163 0.0904765340989366 -0.0183928327462404 0.017051422776271 0.00925688887936966 -0.100772724978337 0.0715405197271637 -0.0153259399494733 -0.0647566362848536 0.147564026640371 0.263451406620733 0.0677892190507094 0.0937398045999336 0.167047921800598 0.369550963504055
0.364953626493344 0.0810904982456959 0.877347680167803 0.699495181640392 0.450523832628157 0.370000245587209 1 0.578550425070299 0.515259288319952 0.347144864425536 0.250952460424959 0.153507342177425 0.565945398090465 0.427629890403793 0.122663311322229 0.328760311668998 0.136856097572955 0.080863516599046 0.459498334319148 0.274859065703611 0.00668989731119119 0.298780571660384 0.686104279663217 0.500103428643957 0.377390906755289 0.277207134785574 0.225725298400465 0.473328076778581 0.261385802007804 0.320484648985763 0.662956606539493 0.386315458191803 0.707985623116952 0.483012079425553 0.445294294991727 0.353790112740026 0.0965602895026096 0.0240643375712965 0.0286624104109037 0.0393134631917294 -0.159532391328719 -0.253248900022798 0.36645445956446 0.400467505879452 0.269907804424861 0.302554084076228 0.230303043876267 0.24781676021651 0.249393457515229 0.196505089142223 0.431269701400064 0.394138513840158 0.482121898834442 0.427200304899697 0.332826057908041 0.330909386267478 0.118562007088583 0.0600223728284863 0.453160658398459 0.28334660444096 0.680140933766632 0.494245507208023 0.463063363739707 0.350884047920144 0.521842228407462 0.493148941287083 0.602342434704089 0.51825926960539 -0.0121743047568332 0.0955723556048549 0.573695255629346 0.411124765635717 0.123453155436115 0.0513361649564372 -0.182815174387659 -0.0325022024950091 0.593954275870649 0.317070387509989 0.280719128106632 0.138598926749091 0.0732706995618398 0.239222425618722 0.199546123119693 0.0899608638411227 0.385056308501181 0.463188264540969 -0.0485387194856387 0.0909588291767924 0.484293531337427 0.461667922741662
0.16600400845491 0.0808292992776596 0.425901933256234 0.650828732272351 0.205613165025785 0.493161783271095 0.578550425070299 1 0.344498590155426 0.580297016572471 0.39114849779495 0.35537663180095 0.585836886696472 0.616404843239304 0.173165249626661 0.435569786881507 0.116525643787103 0.135986269754073 0.15279548635444 0.08833829766584 0.160515266577456 0.0928650832416022 0.425515609208067 0.598242351121423 0.140368890640812 0.211585378283163 -0.0346382515701103 0.168972929715032 0.331303464825775 0.385241687891559 0.425973678835488 0.445968936848661 0.283861943028762 0.46004469227896 0.155057209547366 0.14420686646316 -0.025152105724434 -0.072050947093843 0.159423032894742 0.0603454565495436 -0.223359346873759 -0.13899038632145 0.249445769047461 0.34328374638485 0.0859566908822891 0.167720934159522 0.102156161575995 0.0762630171643125 0.0753113276584457 0.0355719919982069 0.333805225714947 0.295433936195214 0.457724387560747 0.420689421885438 0.186679108456591 0.184111950695008 -0.0116093957680663 -0.0359805838698272 0.360113873657931 0.32483647117585 0.490193896759928 0.750899455074271 0.497318608124018 0.650609481060766 0.157385022926978 0.387483685514024 0.373447951329251 0.450968448732914 -0.0524167679511195 0.11392963720528 0.436235898187274 0.588414483422768 0.235630201330976 0.341708670596957 0.114836055947657 0.366377380527999 0.34146190158998 0.336199145525988 0.138507012435452 0.220080315166709 0.0908240468420465 0.161016497430187 -0.174834290081318 -0.00155494216085901 0.0935582850176623 0.441556206975143 0.129082471243271 0.13917726366614 0.312265237266416 0.398816063073147
0.0754736607964839 -0.110469514135299 0.452046153480433 0.375168113584739 0.590243083659581 0.434686621052154 0.515259288319952 0.344498590155426 1 0.482227848252055 0.053782291495691 -0.0204014579455791 0.484217633180078 0.00463991289065305 0.492301432354455 0.361424215319678 -0.102573176252735 -0.138670712559348 0.0823990241396871 -0.0707678293110118 0.0964608260158562 0.0836072548830192 0.418452796235669 0.394081111874808 0.0661886804417121 0.31684156682535 0.247465662073504 0.294756707338957 0.00260160918423789 -0.0726449673296349 0.252119216238381 0.232169773081487 0.366447285473352 0.148049266225874 0.263497753899312 0.0755064774216894 -0.0620717608879799 -0.147665412176024 -0.0209186005045736 -0.0902264791108018 -0.224992422623835 -0.165097655160235 -0.00107459848562608 -0.0217584756169732 -0.00695833840917917 -0.00394838097472877 -0.0988633195629387 -0.0744455295119472 -0.0532459161657204 -0.055414317586796 -0.032989674127015 -0.0141942801421504 0.109017133608849 0.0327812229841451 0.0563457738452047 0.00191114931939273 -0.104855399309111 -0.0836193401521477 0.101040288586689 -0.0243311461279953 0.452913907217413 0.318642657618825 -0.00905714139488232 -0.00120267626173927 0.473933324800177 0.425627749549816 0.245004435771495 0.140042478138438 -0.133727030784664 -0.168793413126616 0.123849205883235 0.187676095240813 0.0900726242248848 0.228695782561668 0.0425684070290265 -0.0334688748406751 0.202400422492232 -0.0197866894873581 -0.0527409201154684 -0.144365302505627 -0.179228236624649 -0.0800443077183031 -0.0464509823662486 -0.0665610230329766 0.180438551999342 0.0773912376560308 -0.00286667872485829 -0.0303662552209585 0.23769597324626 0.238110053878928
0.0968694619769818 -0.0201230902223991 0.254874026535403 0.574699695269386 0.403749627701352 0.677909740598513 0.347144864425536 0.580297016572471 0.482227848252055 1 0.178575159614108 0.200388416944166 0.429564467319737 0.277017571869431 0.401029229629419 0.661470199217829 -0.0692059133600001 -0.0463933431717834 0.0794366509003895 -0.0293795054007582 0.221121263155872 0.0281955556342896 0.372118916058458 0.626213551880961 0.139399045841018 0.343113699608827 0.27714045505007 0.277777728165365 -0.0294542512359219 -0.00249872002576402 0.177309841957718 0.218270441978035 0.119944675119179 0.0370858435890999 0.209366494816458 0.0739284119437825 -0.0826439609248191 0.00467216004097685 0.0955353379823784 0.0969192203939992 -0.21659154118355 -0.0618213063664465 0.00460868307140139 0.0498367151902545 -0.0971180689058135 -0.0589394278827221 -0.0877862265307796 -0.0881698394042591 -0.126934674587319 -0.10214133845776 0.050078734149643 0.0547780991844234 0.172218263160814 0.14853536495363 0.0983665285771416 0.0336388656003136 -0.0762167766561434 -0.0325411380479808 0.15586793341548 0.0166245087104608 0.332818325360906 0.491695170778188 -0.0292564671139258 0.0618061142394535 0.334060251619633 0.57323263543011 0.171929192510132 0.173728605762643 0.00390185254449951 -0.0929593183209947 0.157256991961745 0.288377066586337 0.0903578492358376 0.221650905809616 0.0585696462672333 0.171065774684331 0.0494221911068857 -0.0128492084870956 -0.0708626653514097 -0.00598361556332718 -0.122522985638463 0.0250899772275864 -0.0281100386174756 -0.0367021922683228 0.152188154516839 0.320349333720805 0.119708688087753 0.238439884770535 0.205098936090414 0.363667252273622
0.346617724549987 0.323185694820597 0.214960264677905 0.265724654831646 0.292421719732025 0.0978288229678175 0.250952460424959 0.39114849779495 0.053782291495691 0.178575159614108 1 0.406212462878145 0.658135489970868 0.467629519731976 0.425538925849544 0.254945805547897 0.427162321243647 0.459259460089209 0.135491912320167 0.179879078311189 0.373997149914343 -0.0947264535093503 0.374436123782802 0.286890964619718 0.169058703851466 0.0622836201280275 0.0353621030694233 -0.0756867684567478 0.507107662411919 0.466135001558614 0.176257907685779 0.286092052740617 0.116191718939925 0.251336225988854 0.0613519156876046 0.00945995308541052 0.225039698496322 0.0228265364165635 0.338369582941591 0.305127708985052 0.0940956306519882 0.101382434877405 0.184968822588624 0.205852523797177 0.0759952503781604 0.0831661407479998 0.218037457176371 0.196046351435645 0.0505032734163124 0.0430835407150178 0.125596123940899 0.128900886060576 0.0826356963018614 0.140122151697695 0.277173993624595 0.261947007177272 0.266843689898718 0.279606729787674 0.212375047205639 0.114962692995754 0.314632655520529 0.10640391181652 0.452868565871524 0.328688591854356 0.239724884851496 0.0676691709337104 0.212015133785443 0.188606323481147 0.281038215375032 0.389677555400989 0.263970011628206 0.266856553978928 0.387783372226944 0.370788287082021 0.34440474681731 0.293278485248689 0.0901502957391151 0.236950866656309 0.157918090467004 0.410458273654535 0.445302082491587 0.395408626518009 0.117250663934211 0.346909171247355 0.419695730875458 0.344051615774072 0.382440581238042 0.435892793879766 0.454393028317923 0.189807956852744
0.719842396260536 0.786072988026689 0.0654939194280653 0.383632427836839 0.0309891766344177 0.15392801366112 0.153507342177425 0.35537663180095 -0.0204014579455791 0.200388416944166 0.406212462878145 1 0.220110915595758 0.610851605140597 0.0147518939756844 0.211284670039371 0.608155588560254 0.653729872844262 0.579409058876132 0.603934298094962 0.0967221975168665 0.10310627592612 0.107490740892797 0.169797357168374 0.267049977764148 0.159569326240513 0.321535544452347 0.139716798698512 0.478109142365881 0.635330145635023 0.220221388104695 0.152245110815313 0.19892291459331 0.16477452539224 0.00442686636034834 0.0142595320923961 0.38581632488303 0.316072747792153 0.380424726022025 0.503842288217769 0.317518597487997 0.0999840144496597 0.498322559730777 0.469011383312163 0.456994537612384 0.467479120827726 0.569928889478642 0.599664222289345 0.486766179841175 0.522647389223345 0.514874402620348 0.588247062353077 0.325741752711245 0.315765715399676 0.619073595318807 0.652955904200397 0.670671054281023 0.682115922736686 0.582958423939299 0.612699323706215 0.151138562247627 0.160865996062266 0.2183169060583 0.230065559654924 0.0449052450411017 0.123780247300676 0.209127095920402 0.21379960686697 0.627064913968084 0.563850300697538 0.23952803639521 0.205474920223024 0.0208058232879627 0.209206908321037 -0.104233504135137 0.0261613520704838 0.0705977336993895 0.112617013517151 0.458579401237176 0.509717269727787 0.594642035828734 0.649588634586897 0.3212108583091 0.540906690377816 0.56135367348655 0.557421624744908 0.147197598293418 0.406371796751244 0.449595446492181 0.604447819800968
0.260228133023808 0.116522734669526 0.435093270066162 0.404030453172177 0.460627724503942 0.368750820296383 0.565945398090465 0.585836886696472 0.484217633180078 0.429564467319737 0.658135489970868 0.220110915595758 1 0.451567649150988 0.511160417012135 0.421665168899575 0.253661516493548 0.239278069961998 0.185104615259277 0.0949285207475341 0.374187977380916 0.0235341240053545 0.535632790023024 0.457574345360091 0.0829205328627412 0.101517364279522 0.0932121973945653 0.0440274134055481 0.459120304318054 0.385401649736959 0.400064628293748 0.431961366197621 0.325611413542069 0.309229423389131 0.177105769681437 0.0193492650669969 0.108583717550953 -0.0552246475850833 0.240337941385685 0.146212432812321 -0.108475333655755 0.0116396888766883 0.219264891687031 0.25319034142536 0.0728780834019187 0.12907526840615 0.148114005734217 0.1121363522837 0.0608932968202559 0.00672780648003734 0.139851573356294 0.0969732995365295 0.215268604551079 0.210730871890437 0.266992097899205 0.215842921919117 0.0990558961050166 0.0819102628426529 0.190795356491235 0.0476808500510628 0.512687587675941 0.32308752999818 0.36268782543003 0.284083375693071 0.306909231254253 0.235225175468239 0.283566241448453 0.238478056354659 0.0347754738787133 0.165803436103046 0.380317774173824 0.385218474125389 0.340095217103091 0.294883297370445 0.172120462634841 0.247653533911808 0.225685570263921 0.241654901398446 0.16483397209165 0.305348603942367 0.222892205151458 0.244590142341633 0.029796707226566 0.222335848931149 0.340240333959105 0.24534692593585 0.234034392630569 0.248991582027933 0.491430067065232 0.223107255878448
0.479760755198496 0.428961801819449 0.3000110262591 0.5306640066942 0.0877149637133781 0.333615450692219 0.427629890403793 0.616404843239304 0.00463991289065305 0.277017571869431 0.467629519731976 0.610851605140597 0.451567649150988 1 0.0723082169384726 0.461953677028734 0.426465995733253 0.437801225328301 0.432411473890402 0.421171259815328 0.208844513400234 0.211713271004538 0.340035525806613 0.406895930148814 0.225234798275727 0.183671540375817 0.165833150442619 0.279654946485186 0.46951052814668 0.668937861411052 0.46847350273463 0.40754034152451 0.367399858572531 0.40060048618884 0.0701486544739329 0.11544816101353 0.205217667032911 0.149040487657485 0.343530194361055 0.382085794941369 0.0651535461458539 0.0116143803789542 0.550999641314357 0.599042974511999 0.361018180931917 0.45839309617028 0.458339389638714 0.451605467607383 0.37898977538381 0.357764139951491 0.506584824400685 0.506746521309595 0.495524325826817 0.434855037421499 0.501650635899722 0.50518546497425 0.377373450714417 0.308201790043268 0.458945866782209 0.479170164464325 0.321841262940701 0.473357636911954 0.515673179423514 0.5715525413728 0.0707108177915154 0.207532546120429 0.307905262630027 0.394821560938144 0.200897900528133 0.304696172743895 0.433051549794518 0.371775290548453 0.084831375267891 0.0617465398353432 -0.0684181961418846 0.0743949833725518 0.276212637786363 0.33890261495288 0.427764882842729 0.422325568195413 0.392128508638568 0.519965912564133 0.147487313167428 0.364946433386223 0.45394612963918 0.647073947126321 0.205722917717269 0.35697088464822 0.479157788638219 0.548676782036957
-0.0604410882951026 -0.0791322725002222 0.165980634995672 0.151240729651641 0.627403404524259 0.239580343546516 0.122663311322229 0.173165249626661 0.492301432354455 0.401029229629419 0.425538925849544 0.0147518939756844 0.511160417012135 0.0723082169384726 1 0.504476846954712 -0.0196530326467519 0.042965090227999 -0.160597183072891 -0.227121575881196 0.492091150574787 -0.159685447280225 0.423187397981839 0.402876751435566 0.0402719554348285 0.277750023013928 0.280722876005868 -0.0401994406948068 0.0855553323675894 -0.034664053404897 0.0756789365358555 0.235452211727306 0.0587975979674242 0.00598808698526639 0.1839922983481 0.0146570264219495 -0.0197866342193593 -0.107395414271829 0.215649168570993 0.145478693229675 -0.185868776615108 0.0458873971818778 -0.135550135692976 -0.15990140171094 -0.161376095330812 -0.159397275825765 -0.173215392054216 -0.184058405092763 -0.237939747977007 -0.18695066567952 -0.243614993068246 -0.217606961630569 -0.155349694643897 -0.190281255879015 0.042410400469483 -0.0581795330733456 -0.108518349769635 -0.06410450488658 -0.159661035672413 -0.243482919045562 0.217852205923389 0.0302381677986865 -0.103298314625483 -0.127231452772214 0.478026041290691 0.282181558386585 0.0683521432567387 0.017951117418209 -0.0100050239459617 -0.0486480862394182 -0.116173510126254 0.0893438000412763 0.33830648814793 0.311361664062029 0.296679344200855 0.215040810035879 -0.0832878922361093 -0.137985524679076 -0.160185275850761 0.0616248777526674 -0.00165990718958509 -0.0210717835352629 -0.0414546056322083 0.107967443676551 0.255760773932479 0.0507797513666041 0.414178934951143 0.36955007564499 0.253896339410421 -0.00961213853550297
0.153445611372793 0.0366082084096394 0.220063884402031 0.518375884607621 0.404389581540245 0.648359285069605 0.328760311668998 0.435569786881507 0.361424215319678 0.661470199217829 0.254945805547897 0.211284670039371 0.421665168899575 0.461953677028734 0.504476846954712 1 0.0572708633212731 0.0725098885358534 0.174519663038864 0.0770313537726663 0.220963819324652 0.052622218119031 0.337014012566771 0.551282096570129 0.090571974527821 0.425420904944224 0.35285224310353 0.334485767549268 0.0641895096982405 0.129232794846893 0.207356922586489 0.188510164569275 0.127651534955057 -0.0167182539985789 0.110235138918439 0.021010632579342 0.0717397529010454 0.0862985463201771 0.163117873029367 0.231387019100436 -0.073372422812682 -0.0851646809120226 0.12979925907517 0.135766796848557 0.0504703045414974 0.0980430423766935 0.0300585886487981 0.0535423919491481 -0.00130450227874429 0.0204981063327178 0.0699779937686352 0.101874508340216 0.133638479843708 0.100719600398087 0.183977517979045 0.166952452618195 0.030323999805049 0.0475637464078258 0.0338636665471808 -0.0126144328719048 0.166661707940733 0.310072165018348 0.0563361516950883 0.114781449022048 0.307136773477493 0.454455615965647 0.118151121376107 0.141786097845553 0.00564556937522767 -0.113746708733518 0.101248738131051 0.0993616767730659 0.0721964704448244 0.0164823581063684 -0.0284962156377302 -0.0488848466911011 -0.0440653428500169 -0.0471382071927776 -0.0278140483446096 0.0571290366201754 0.0216481884951034 0.208509230760887 0.110853581190554 0.143511346895854 0.344249586119308 0.4407874200455 0.283778978615699 0.443923000544838 0.193780608357122 0.341295431829798
0.79307055555702 0.790508644809553 0.0618256289896725 0.245492323228597 -0.0392668810679476 -0.0643283305503491 0.136856097572955 0.116525643787103 -0.102573176252735 -0.0692059133600001 0.427162321243647 0.608155588560254 0.253661516493548 0.426465995733253 -0.0196530326467519 0.0572708633212731 1 0.880230214668039 0.669301302199739 0.725429588156664 0.131001284214568 0.0956779428653294 0.0947930306666201 0.100397354586212 0.260288273956993 0.00133644294666664 0.356879505026895 0.15838207145037 0.665428158964296 0.770046437017721 0.25891265449172 0.252942990389991 0.324699406614251 0.344956448297414 -0.0144927234013247 0.147217798383313 0.49265507750116 0.330471041390149 0.46175286220609 0.540836523425993 0.355653331773176 0.209235771354759 0.704811304297533 0.657329653812794 0.630978444148723 0.662680528682124 0.756193341016482 0.780856388243331 0.611343768599814 0.604036364248308 0.478609672585291 0.527961249577336 0.303770738430728 0.297749003449351 0.65747436261914 0.737783433911766 0.891959606457459 0.789701732412177 0.404990733587327 0.441724175908437 0.0987818550886646 -0.0806641932355258 0.322665523485032 0.0374346450545393 0.068685838933884 0.0147616897290662 0.291611926244816 0.293869845736477 0.59332209806075 0.69971797976362 0.281783011566362 0.125727014058999 0.0862932741538337 0.00779616033991915 -0.125373441566625 -0.0385006902999464 0.0473861246478328 0.344432902527969 0.751977713906454 0.765616904058891 0.845516104244471 0.793938917294421 0.523160235114368 0.746972270925278 0.638078962778483 0.476825224932752 0.114712887175728 0.350881359402049 0.540701662840575 0.397274902627243
0.754714206680849 0.835046146392875 0.0234745584084449 0.274169614306176 -0.0416171706767852 -0.102386927877154 0.080863516599046 0.135986269754073 -0.138670712559348 -0.0463933431717834 0.459259460089209 0.653729872844262 0.239278069961998 0.437801225328301 0.042965090227999 0.0725098885358534 0.880230214668039 1 0.604203671493501 0.642666801579498 0.223790972812803 0.110442209016261 0.0690770005861899 0.102894293014509 0.261718855881458 0.0560930195298599 0.306286849249338 0.0570240289369781 0.543782938707032 0.729901075866202 0.168155651552262 0.148619152279379 0.234697619721837 0.262217933325419 -0.0240545197124307 0.152855047412827 0.468358300504661 0.311729588360617 0.519158277299028 0.592257747075427 0.367298504950194 0.191312455065094 0.631966837682469 0.579935624081715 0.574144676110023 0.587283858026425 0.710246587851881 0.748060531318562 0.54974505540467 0.549841626785185 0.427879374754129 0.492390456858197 0.217254768686794 0.210617274022968 0.653913210903628 0.715313130193857 0.87834679633551 0.849984833454208 0.416391462507217 0.463045434064153 0.10489082505059 -0.102112933566971 0.296867142671075 0.050751305812616 0.0922311589140189 0.0353862275248725 0.277332598537649 0.293973196082157 0.684975700223119 0.764010684299039 0.194211053344421 0.138409582031957 0.0725321626146468 0.0944975437793383 -0.0619078985559685 0.0504322709080335 0.0765373763120275 0.247953919437407 0.610686871018697 0.788623080241143 0.834944994678584 0.82379382691729 0.453785167623347 0.761841725168082 0.649498203646757 0.536421915816927 0.240708937312719 0.496178967186145 0.501047570886372 0.377858011891558
0.869013060628239 0.706890383844434 0.34053055283906 0.469987234069162 0.0570522321157324 0.154220437841357 0.459498334319148 0.15279548635444 0.0823990241396871 0.0794366509003895 0.135491912320167 0.579409058876132 0.185104615259277 0.432411473890402 -0.160597183072891 0.174519663038864 0.669301302199739 0.604203671493501 1 0.878019952783375 -0.125224693997708 0.313993939258272 0.127583741112297 0.0722818041487575 0.313352845451224 0.103253512327575 0.496034238061595 0.506057249666044 0.390859448379137 0.596899555407776 0.370363374019534 0.0472893874026592 0.563350539664929 0.228163302554215 0.0690662654683635 0.142058523257058 0.417663839579377 0.347371007259404 0.177217865060816 0.397011625580979 0.391988849348884 -0.0504236687272061 0.636740276680358 0.579560838011993 0.608455221969178 0.627348159629736 0.688674819089772 0.742608957879036 0.642815219965774 0.63186107563396 0.540167913874918 0.599891057082408 0.327120497461569 0.30613557685241 0.607074954134017 0.690264744131016 0.781199140351453 0.677930365878345 0.527307817237526 0.51442543972035 0.222921042989152 0.0467341726149121 0.30240733343926 0.0519536327286089 0.15571053769049 0.192678122273145 0.313453870727026 0.264032155558673 0.539462037733717 0.473049170905772 0.445203074956436 0.0956053363822725 -0.083524137625835 -0.146620195484574 -0.380364106944008 -0.335007770208848 0.253781902755069 0.176581172679245 0.636239022398232 0.428204888590337 0.549284655792571 0.669117289141902 0.585025676413133 0.541632574090435 0.627947024480375 0.483874441260741 -0.217076905820061 0.218567720391647 0.485721574342505 0.534748900868796
0.846095237676406 0.781276907577767 0.173316039102868 0.370397319773847 -0.0715478642638798 0.0467167386512742 0.274859065703611 0.08833829766584 -0.0707678293110118 -0.0293795054007582 0.179879078311189 0.603934298094962 0.0949285207475341 0.421171259815328 -0.227121575881196 0.0770313537726663 0.725429588156664 0.642666801579498 0.878019952783375 1 -0.205302497395782 0.278069753675225 0.00509341600774183 -0.0242058066492516 0.250371582849472 0.02030309315661 0.380079692032584 0.373044915596891 0.408504830565624 0.585844483098733 0.227883446172334 0.040793088161141 0.381302934525525 0.159624163275868 -0.0555745303623365 0.0849566507846916 0.474664384307623 0.329503234996979 0.203005922936413 0.365093997032662 0.414656433293027 -0.0114590292181676 0.598144679679656 0.538409350305204 0.566877683389928 0.584799368071386 0.691694787495827 0.742686829201807 0.606204991022237 0.610320932538625 0.46159343310006 0.550486396088554 0.26216460170768 0.248525824261181 0.548734930651114 0.683117350742235 0.818553837215787 0.742107404496702 0.470044224451261 0.501588401365354 0.104959540587848 -0.0246627461467598 0.297491302042433 0.0783206549013738 0.0374840466237805 0.0433621637320084 0.200841843063447 0.17083727858304 0.590685159333039 0.55633714551136 0.403551460361106 0.0761377661634443 -0.0770388756061499 -0.169787355857899 -0.30861056536621 -0.366737840997205 0.123857184696546 0.280086662956015 0.644687805326011 0.455818791276902 0.638172498684138 0.683429819241316 0.583369431601154 0.568917674141961 0.621851973867304 0.448856262241956 -0.151629811698955 0.213033809625538 0.420445599235112 0.493882738386483
-0.00110103585837339 0.0535424672287974 0.060708730176935 0.127656167847477 0.344401390652049 0.0643481500171552 0.00668989731119119 0.160515266577456 0.0964608260158562 0.221121263155872 0.373997149914343 0.0967221975168665 0.374187977380916 0.208844513400234 0.492091150574787 0.220963819324652 0.131001284214568 0.223790972812803 -0.125224693997708 -0.205302497395782 1 -0.199346690989062 0.298611165222412 0.357772005929503 0.326150767847467 0.283255667862296 0.217622328619619 -0.155562987788657 0.270834210658968 0.18320979357822 0.14099540357027 0.303461186685993 0.0459282320677936 0.155395316669922 0.285895071391231 0.206571804919885 0.113295882781081 0.181398480397504 0.561455949354414 0.332692395639953 -0.0854393341193126 0.212848500022725 0.0899985016978526 0.0916594946993576 0.0354170127658715 0.0424139071351892 0.0557611323566026 0.000375250329830904 -0.0139103134116528 -0.0211138252342871 0.0754023958839315 0.0289914307067171 0.0554857476349224 0.0533732764761094 0.224388991725302 0.0930470060485998 0.0319046992068026 0.0536996807739342 -0.0133437975825445 -0.0821471833011328 0.151989203899118 0.025411383655532 -0.0216842903601089 -0.0564576884780719 0.257411743146777 0.176909377783358 0.234452318591667 0.229375675131001 0.0224268817590298 0.145516333611574 0.0581782183838324 0.210252867970847 0.2600952425393 0.232408422221394 0.167760365619175 0.297463111061244 -0.016595902429088 0.133729442460929 0.0568325007132356 0.211526668578841 0.164578223534044 0.201008886415432 -0.0544125296195826 0.314645576873524 0.221418152881222 0.231982258608939 0.438616173091924 0.408507985060895 0.310788945517194 0.0601140293525286
0.207549188891844 0.0869850295047754 0.218020942663379 0.222544171011115 0.00550420143822009 0.130730407185008 0.298780571660384 0.0928650832416022 0.0836072548830192 0.0281955556342896 -0.0947264535093503 0.10310627592612 0.0235341240053545 0.211713271004538 -0.159685447280225 0.052622218119031 0.0956779428653294 0.110442209016261 0.313993939258272 0.278069753675225 -0.199346690989062 1 0.0940460545644378 0.0472341521118322 0.248759139133928 0.0946255967230793 0.150010499934549 0.347268326186971 0.105802311621534 0.225023336418346 0.334602507458774 0.114169242079969 0.320958634636198 0.195214053439702 0.145380781579765 0.170039829177579 0.165363975298966 0.0661158525851989 -0.209324978003342 0.0742204884299087 0.130452842540683 -0.00757281644080399 0.248136413960348 0.255207168501768 0.227340978380015 0.208761436532247 0.200669152245976 0.161862552343682 0.2266516060089 0.157823958766004 0.17337206358891 0.1948424439882 0.118130358836633 0.0765543980805607 0.122600210084742 0.187115903700735 0.163803714614099 0.101512292286844 0.20913020120643 0.221042926300709 0.143254179071783 0.0821334324557768 0.221711848508383 0.153175177846551 0.0571287059116762 0.0528715576507494 0.267746094501537 0.234934294909987 -0.0399368675903247 0.0480768640369967 0.183820839261103 0.128409454699083 -0.104620408559596 -0.0906621256458716 -0.265920636059709 -0.113453217482401 0.26521032720078 0.148251686249609 0.216205370576591 0.187694639613523 0.123297915959822 0.140145256841863 0.156499868252807 0.064590141747086 0.163635586650006 0.198209759553913 -0.187853965660463 -0.0521168972702764 0.0547768756071344 0.23247801387932
0.164097263497441 -0.0215203705568515 0.754085265590329 0.561628296573097 0.550612436879004 0.281395919955714 0.686104279663217 0.425515609208067 0.418452796235669 0.372118916058458 0.374436123782802 0.107490740892797 0.535632790023024 0.340035525806613 0.423187397981839 0.337014012566771 0.0947930306666201 0.0690770005861899 0.127583741112297 0.00509341600774183 0.298611165222412 0.0940460545644378 1 0.736866024675333 0.571377101795946 0.410673534107733 0.343450971463271 0.319876553916315 0.261843025804146 0.278245225949691 0.704340276375809 0.592893816261924 0.625166935126466 0.554228651121179 0.701442299670035 0.561903918399097 0.0630559014353143 0.0128614161271523 0.198351511029415 0.147174042677884 -0.261273381522065 -0.127323713534712 0.321505561335066 0.401877879986588 0.154801151624859 0.197141901154309 0.0744306905074247 0.0895605269504695 0.0662358470900494 0.0421526697867985 0.294551130078778 0.232033165046724 0.440125787942477 0.379051106390561 0.291507538546289 0.215857663906765 0.00719860719633273 -0.0373104322957512 0.32531637939216 0.115654171251775 0.65414677487433 0.446976890413468 0.206792331455991 0.132205297071757 0.756972216243147 0.619960705097489 0.681466754694583 0.609070731135882 -0.111476778086865 0.0702189018330162 0.369095360818209 0.429449400485372 0.186647066641592 0.12626736366987 0.0182350451413571 0.209828041283037 0.442130900728453 0.436683511773027 0.192620538467891 0.277562319652486 0.00629021084602757 0.123364299876734 0.0895122208734877 0.101753702960471 0.371831420880659 0.440536913261245 0.156288143251419 0.19792890890015 0.556549061969889 0.403744134178258
0.107127528888638 0.00131250343543886 0.514450270039069 0.703714486807307 0.486974925335082 0.425416788132987 0.500103428643957 0.598242351121423 0.394081111874808 0.626213551880961 0.286890964619718 0.169797357168374 0.457574345360091 0.406895930148814 0.402876751435566 0.551282096570129 0.100397354586212 0.102894293014509 0.0722818041487575 -0.0242058066492516 0.357772005929503 0.0472341521118322 0.736866024675333 1 0.473510824721342 0.583903865894568 0.375706733143569 0.291193239664621 0.174445018354895 0.246797435430459 0.524684763629819 0.602383291982616 0.362635061091373 0.442284238611097 0.488164793552336 0.448350030714074 0.0235205521221037 0.0974482127153869 0.2609738994673 0.210326161400546 -0.233728543497485 -0.0468783024598652 0.255590101048664 0.325041406986254 0.0745561299201874 0.11982190797481 0.0162379050322186 0.0266480956654242 -0.0328263115911106 -0.0511492988526584 0.199056743807418 0.126034017645524 0.346021138268483 0.255568729186047 0.241644129624282 0.155120867779648 -0.0116896542950851 -0.00164428798516567 0.156989768295282 0.0191806562696397 0.420551195021014 0.465683355063995 0.121769817921132 0.116109639091606 0.54959917380535 0.701053732203149 0.519306168290603 0.552657239749792 -0.105495134209527 -0.0249133294174373 0.261638945557845 0.396442900269847 0.200063405159219 0.202741595048963 0.058743132558968 0.289472607010247 0.197942259050155 0.304667487204685 0.102866471806139 0.226133582973661 0.0231603093490131 0.1574003906604 0.00961831935340729 0.107342472876425 0.259173647488638 0.539919789218768 0.208513158025259 0.311953550765311 0.402813947574573 0.422979006012306
