1 0.891374759364967 0.662302246966998 0.617143820112042 0.265289856923964 0.174074029457564 0.567136859408698 0.511884073936711 0.448317995088581 0.407115787414683 0.808733411804438 0.717460005827648 0.789197248323854 0.596289237538372 0.556755621736888 0.585624505790062 0.730031731856753 0.703717237673024 0.740064224581791 0.824355150794032 0.405321425564129 -0.0811260486484725 0.514394654697241 0.470317310756588 0.488463905093558 0.453230669324236 0.35403936242676 0.251900738546187 0.674284622627318 0.702654633754233 0.148516211276743 0.24508197672934 0.147277147376627 0.315800788369118 0.0839878257698325 0.0349224254509556 0.564421341026396 0.570948436242651 0.63410653178512 0.690605665247317 0.331829301823159 0.468714078164408 0.646678305811502 0.682000645630093 0.394405704298181 0.550202672602945 0.581556106403742 0.595990249373341 0.367388988017045 0.41344422717333 0.463042595069308 0.301315014098724 0.452820843561613 0.293808796874255 0.557766419162102 0.629188572949299 0.822336955451172 0.812569939241201 0.512382914152768 0.481800233288772 0.584079623584989 0.221051118267932 0.699712390584587 0.550368431050993 0.368841647863446 0.324269658953143 0.211738050280947 0.322064805655112 0.632462008204619 0.721811939841385 -0.0232355881636102 0.0747468262568139 -0.134339776159946 0.0895361378613855 0.329678515166961 0.167176201086605 0.0198008701490442 0.050756308639609 0.673629670722326 0.642027718733125 0.638650068539305 0.635714572327536 0.547965050506828 0.517386069145563 0.510782584079295 0.336046031149936 0.315118405152292 0.354711030215523 0.499682487018264 0.389436903124126
0.891374759364967 1 0.632164809721577 0.626372461796178 0.110045436345548 0.175427276732678 0.478461017830879 0.451246347561523 0.353811632208496 0.336862460527446 0.611592557561789 0.564338202376445 0.681064451754932 0.496789621154214 0.5504342424957 0.522404596095565 0.816153556044495 0.829884942990953 0.789754902729211 0.892198793729998 0.381379608767678 -0.111274116605652 0.501789989291359 0.47289460533211 0.46033246805079 0.515872362447918 0.398087931409528 0.277572130887268 0.731661730529049 0.742193526609137 0.244657936725051 0.31609025230081 0.256367001864139 0.436177264711358 0.133023671281482 0.121450246309303 0.538034206251746 0.536451152784511 0.68166365579999 0.711389730142351 0.215312400992174 0.430310260406974 0.800528028539614 0.820077060331647 0.585876674202037 0.745095200425099 0.750562472468754 0.746103551558333 0.527520049053918 0.583101727813968 0.528249782975518 0.428808217815521 0.506708060762277 0.373712014445479 0.683606628022766 0.74472110826009 0.890382306645869 0.940478916541949 0.551388550207247 0.573657735942802 0.46600412258331 0.111642116718379 0.661740844265603 0.551064901754308 0.386253153914563 0.273066132568973 0.295539994246295 0.432554811459582 0.741358341704433 0.833316048698609 -0.179888814762835 -0.0136116410533131 -0.244035296233919 0.0095178189250705 0.327572708736829 0.109037284622743 0.105499032207629 0.157129076567049 0.793057711588728 0.792777382376408 0.761182930689995 0.718778356617626 0.592796304672881 0.521792923156278 0.535093906866765 0.37888794341675 0.379552124458073 0.415635569563009 0.437029880836981 0.45583011812032
0.662302246966998 0.632164809721577 1 0.738137020199428 0.424086001537603 0.184858283035383 0.697844955291674 0.610386361779164 0.63310186655597 0.549362993781098 0.508199614215823 0.366849604294462 0.611222061227489 0.359193487586073 0.487287950503796 0.543646208236738 0.507242115196475 0.538727626799389 0.686651020784439 0.669048338999092 0.369198729394011 -0.205789866249623 0.694235622861913 0.547527100284883 0.488440639037253 0.534109857844075 0.303246922988846 0.15227474971703 0.422123573708513 0.453347094404181 0.368286862228835 0.437625602481464 0.41251183317097 0.478098509535439 0.493350934771532 0.378653747463563 0.361196360272869 0.325686877091809 0.538693946970907 0.410135460291966 0.159147075964252 0.355433742010084 0.501983617621777 0.418879965315439 0.445073527417201 0.475514383349384 0.443265248412014 0.443961012670005 0.402395864006269 0.412920327121272 0.488057563154097 0.368124064619627 0.426217579910586 0.370659096963255 0.469829335916682 0.438706525688964 0.624051206832095 0.609532840389304 0.5748225104061 0.572942041691804 0.618297580266178 0.290904992708161 0.564286148522551 0.437163995498208 0.710288525383194 0.599338365997078 0.503246351208182 0.507665508274159 0.597662489217156 0.569219007245328 0.0438767376226639 0.162762749722079 0.0431098134987605 0.0696769807849642 0.24185873739108 0.0868577657832049 0.282584959390295 0.22275790182209 0.507902972558326 0.485011505431883 0.582721555295456 0.59019746615635 0.516585063896078 0.495494498095219 0.610323443711368 0.600878861934973 0.447316776683348 0.41953854371498 0.666310998844573 0.624303668792167
0.617143820112042 0.626372461796178 0.738137020199428 1 0.429878300637354 0.373781400803197 0.780187894787282 0.840405944324464 0.516179730771668 0.582897672908804 0.439959841412442 0.507424081501285 0.544942607103262 0.450356807163881 0.334537711645728 0.470464247321569 0.523127255249459 0.530853171367852 0.6998387554867 0.699697689232021 0.225918544645475 -0.107363439539145 0.647338182965283 0.552283747684635 0.421778761732488 0.551482300169054 0.321302050040497 0.0940670365072468 0.500845087946735 0.50139786424533 0.437958554865383 0.54150196062852 0.474739544560432 0.568115132134093 0.491988842773694 0.464932590739197 0.287030178430625 0.344405523475933 0.412180614187554 0.412214666416991 0.0115855393150805 0.310606836997358 0.611292820374302 0.517029791099204 0.541958044416235 0.577663024633054 0.546637263789635 0.545910341168265 0.516738775671037 0.525313164637093 0.618221596919784 0.461922500154891 0.527660566724708 0.435378124702273 0.524674098570887 0.49454990657484 0.63007642266898 0.597926925194277 0.673919907072409 0.709895860527264 0.710620067586622 0.599003718318522 0.560334413791369 0.608066265318043 0.582604679168805 0.702173391146118 0.548222345853292 0.608466412025462 0.593071314734067 0.534141684395919 -0.00161353792614013 0.150027629977998 -0.0522784137707839 -0.00941172940946826 0.181458824627178 0.023974043663267 0.248854801679715 0.343293776372646 0.543133142281958 0.519169282135269 0.610723553208006 0.606075318561832 0.391358189706448 0.418374630593791 0.546552899226137 0.588206329023739 0.241176229481234 0.256490508742923 0.570670327001334 0.628532454382029
0.265289856923964 0.110045436345548 0.424086001537603 0.429878300637354 1 0.312193446730371 0.491153109285959 0.52666485368008 0.642826799142059 0.620324713816893 0.307595369031362 0.309888321016852 0.295019456060638 0.189745195493224 0.164075322082492 0.255526498187773 0.0255098436039166 0.0235027672953482 0.148203161406978 0.103335814905601 0.254923013299207 -0.067711565211029 0.275694028867409 0.118303267522105 0.284193131779969 0.241030414889484 0.140097073397422 0.00437628687021744 0.0406939709173434 0.051767078551333 0.0396630495878449 0.166607223253998 0.0521733917653696 0.0634752854757673 0.259250962900637 0.200105016970591 0.125310753610936 0.223259949970389 0.0846554800645839 0.0623287456051389 0.111802431018572 0.22469809169049 -0.0593139404412689 -0.0997760653828655 -0.0673286119405678 -0.0768099308692489 -0.119563903719666 -0.0837879195691062 -0.0627323271154471 -0.0257471074799612 0.078961566920601 0.00209681479542744 0.0855828068518583 -0.0137366207240879 -0.0684513044510912 -0.0288632801263654 0.0887731838648566 0.0508286525567831 0.20224760229362 0.176798437283988 0.40030352059522 0.452344511947208 0.174304829737954 0.216550037884104 0.179717085759824 0.295426242470492 0.131665094199548 0.0608688364431656 0.0954313054240332 0.0349581910604791 0.27764054747912 0.258204190802561 0.177273319101346 0.122177570565861 0.164884184237447 0.0800760002396234 0.0859326752604814 0.0834474075637519 0.0136784990057052 -0.0379460639282619 0.0588136003700308 0.0890446810909715 0.0304531482383158 0.175872312857131 0.13813210427437 0.198785877924241 0.0268336248394848 -0.0858275203055293 0.294856804177274 0.229747711002042
0.174074029457564 0.175427276732678 0.184858283035383 0.373781400803197 0.312193446730371 1 0.504486254416907 0.560659198123547 0.385174715054277 0.406426959646252 0.167248676444779 0.293786445621211 0.158850465363099 0.252951566670052 0.0567392988337366 0.187943016417947 0.229730730715715 0.220661310645886 0.298580222510776 0.246588285146965 0.115037573569399 0.0716666896440341 0.265835917194185 0.157300485011414 0.162476713930602 0.367625798388781 0.208686098084426 0.167862600930197 0.338552536820652 0.268324273946615 0.421632869895823 0.500050939131717 0.363006118531418 0.409586319759944 0.214576600121105 0.374690356099687 -0.00462405827959805 -0.00716290103652597 0.162575262030364 -0.0308015696266993 -0.126738189432081 0.0532676896064877 0.213705394396113 0.145729320227046 0.242507096314638 0.245404406089896 0.16582977347691 0.188497812676348 0.20304570152824 0.219889481484614 0.250935212184749 0.228675061296052 0.240997914245174 0.177267846899241 0.165684497452761 0.0854277073734938 0.228354651069846 0.161741584696092 0.361961540309584 0.323991215860009 0.48417554168585 0.545230999102693 0.419594229125672 0.588249357593463 0.144412249758907 0.260362479436698 0.292560176925363 0.312111618964719 0.114941949284076 0.139935372798076 0.148750061349513 0.207159626022967 0.0114776957647511 0.0526527373619636 0.0666547992240598 -0.0357748639682912 0.270558109409695 0.359986069187952 0.222052904491989 0.216135239544807 0.28770601084099 0.188652364909346 0.209294165471413 0.252519356428087 0.18466581360497 0.198130974721629 0.0371575106797025 -0.027312008420698 0.116111780686815 0.279551136520896
0.567136859408698 0.478461017830879 0.697844955291674 0.780187894787282 0.491153109285959 0.504486254416907 1 0.842637476591717 0.615710406026724 0.47970257027971 0.443916405140371 0.422746296867648 0.513772892694848 0.321703325419157 0.236052665194185 0.295747604646344 0.460453369096879 0.48534185627061 0.685558722485193 0.585247029639848 0.203837498159641 -0.105095586113564 0.578263735902269 0.341866202890076 0.334180754827125 0.528923440993224 0.208315567764585 0.0101358081609515 0.523349383706795 0.503736124478609 0.608077309511197 0.616068283776301 0.630455801033682 0.663698885967661 0.541121123699296 0.580770194915309 0.189136383208932 0.181604510145481 0.358268836704801 0.206975312594161 0.0156691893664668 0.26719311221464 0.504751284868011 0.384946956646044 0.518708869315047 0.501963443053199 0.455445301662377 0.4820490076931 0.477090773030186 0.480036676508421 0.626964513924642 0.511352529862369 0.539223686155173 0.455603321569798 0.461361784909326 0.369422800131439 0.539632840505871 0.469738937311655 0.711030168571484 0.656337184058195 0.835866357279455 0.604423843104959 0.650813012587448 0.693030113259505 0.491646604605045 0.584995082773843 0.61154957071357 0.623804088339269 0.488741407365492 0.434433563255911 0.138344637792277 0.258559961851698 0.0723046816429896 0.0822949907699839 0.165916780642244 0.0600306156203159 0.449415153167723 0.416079197443506 0.487613731508571 0.451391291365849 0.586207328710039 0.505740754908443 0.416921607481123 0.387718630813066 0.472153740936222 0.503845414586502 0.178197040585828 0.0956656052719015 0.543989864777621 0.564592225838724
0.511884073936711 0.451246347561523 0.610386361779164 0.840405944324464 0.52666485368008 0.560659198123547 0.842637476591717 1 0.579457359123569 0.682629031100878 0.467392148233779 0.577331556795642 0.592688222133016 0.550141688935501 0.364028021387335 0.490942889632697 0.415996421193457 0.451239189591646 0.617600055140119 0.575168203977367 0.223068207299816 -0.0575945596024197 0.660415178131236 0.45208371887335 0.392278551937354 0.574133278956998 0.35448930048783 0.0609356394445437 0.500773246986985 0.502893166753499 0.570501923607439 0.649021315845717 0.534737382732706 0.591618136304344 0.50104390328105 0.50396906953757 0.162329937823964 0.236708213112793 0.291190736530542 0.216739986594252 0.0136930788469412 0.25649291372582 0.477225894472964 0.346802667161514 0.447554891439773 0.449521604455777 0.398126248840401 0.409254939207919 0.412572142093806 0.438516493633485 0.544588152481201 0.410057596567699 0.478102910499559 0.371579822839478 0.423856555644474 0.341524243424887 0.479454811963233 0.419648078526979 0.628132581318558 0.632137294468298 0.783195579061963 0.773731415776374 0.579855912915965 0.697903143685318 0.444444535268951 0.650099409092794 0.539334310910783 0.573991522392821 0.435955346339491 0.39981935369543 0.160204112541687 0.289209943529759 -0.0131169724979017 0.0540367327329392 0.214847922750593 0.0502990114028877 0.325739150032451 0.436488853043668 0.449243687038957 0.44301188327755 0.541986734470883 0.492307648930175 0.4331931940809 0.431658341595662 0.468342221071934 0.474818166866803 0.16313823494668 0.104166795145922 0.491559121339178 0.54656485606141
0.448317995088581 0.353811632208496 0.63310186655597 0.516179730771668 0.642826799142059 0.385174715054277 0.615710406026724 0.579457359123569 1 0.694856353398331 0.439578562657332 0.412248185281786 0.511232001767524 0.331458648722666 0.392281110794387 0.468689054811748 0.269696013987566 0.297405435828576 0.352108467884026 0.33934716976362 0.316715384174914 -0.0799809846167156 0.436090289631929 0.271592722798021 0.452504326049228 0.417238806164819 0.259139522632768 0.171902117534528 0.230661493812712 0.26230707990026 0.206978537594085 0.298376841253538 0.171513396993495 0.227769191450882 0.264399572599464 0.209976758456966 0.23758965058802 0.224748418165859 0.338015408311443 0.221216005796171 0.0865886090500695 0.232337504486087 0.21358674448083 0.161109563131621 0.1472575232936 0.191612342092078 0.160051737468227 0.187897514181638 0.144941862150413 0.177738838255951 0.248913260821113 0.134024129504111 0.211380882981808 0.116533539268009 0.186139608107447 0.194440730015914 0.341533576813752 0.319208232935222 0.32981997393396 0.323303355505245 0.520842425538396 0.391009386631754 0.408504670502828 0.398788064623264 0.340330168046501 0.324602722211388 0.180420144673639 0.171481941081493 0.256415112489352 0.28684481988596 0.110858829648161 0.106769286162656 0.00970721828958398 0.0270442336570336 0.273770280933905 0.0300840889570613 0.22506028005219 0.113048833201246 0.258446706175845 0.26178523734119 0.333741927975967 0.337462127760238 0.304117687627085 0.377541465778919 0.331868047192248 0.364439218905717 0.368391874126363 0.17077946141937 0.53162426705214 0.474562116370783
0.407115787414683 0.336862460527446 0.549362993781098 0.582897672908804 0.620324713816893 0.406426959646252 0.47970257027971 0.682629031100878 0.694856353398331 1 0.440421809644602 0.523123768504948 0.570364608659712 0.520389356800432 0.46568184960981 0.620141006333484 0.269991041168121 0.298547123154797 0.344174239957765 0.356469468241897 0.233584639977202 -0.032297964364242 0.459546564588289 0.326121463097677 0.409676598938999 0.422650769737241 0.370442275444617 0.173138520638216 0.255218064245093 0.266190599087766 0.183446431668954 0.308125898434771 0.156375382511189 0.229275817591452 0.270677341353407 0.130733489465737 0.115000911374579 0.225997419984534 0.171862868445259 0.146992986382818 0.0321777679033324 0.17140363106817 0.201630971776317 0.149700507677767 0.109276303571723 0.180109766690608 0.15108117830048 0.153926624063811 0.151542979568998 0.204527893157761 0.225955300252979 0.114649081862317 0.200723537050426 0.0827597125011677 0.155037876583664 0.159713988265494 0.319349517317511 0.316236826989072 0.309115255611357 0.355327085287112 0.450296357887809 0.539993174591345 0.28591988926454 0.319057926169045 0.281706597177215 0.379458945997365 0.152452933012498 0.153712775165023 0.311940740535923 0.301886299692461 -0.0226219612486016 0.0256317241073725 -0.162119847199871 -0.100712100137077 0.167610990914812 -0.0573870576655928 0.129474047418919 0.175250383856687 0.281578192987864 0.272490620180538 0.332177625199902 0.324490778580182 0.316457637991064 0.338387527655215 0.316490509808489 0.328506524475083 0.294393878371682 0.170833261206139 0.401455935507128 0.453453525706199
0.808733411804438 0.611592557561789 0.508199614215823 0.439959841412442 0.307595369031362 0.167248676444779 0.443916405140371 0.467392148233779 0.439578562657332 0.440421809644602 1 0.838127526360524 0.857898430927264 0.734117105208529 0.558263868206974 0.636467089114941 0.503539012268026 0.469359609984881 0.512051083306811 0.605090727405302 0.37999892535314 -0.0130244358489679 0.538997992360447 0.432100643399498 0.42076363533818 0.318888526592008 0.281457951243103 0.195048999707159 0.528169712996026 0.618743087947274 0.0360254558487134 0.209600238361643 -0.0289339225985181 0.129981620585965 -0.0204654409125072 -0.0877151981767656 0.407644585344037 0.412598165122164 0.482506118246017 0.473080142577513 0.250528237051157 0.319685408582757 0.383801193241349 0.40858664438573 0.132551306666788 0.244494984459475 0.298029867411189 0.325753149532095 0.0816716165576672 0.160887317811645 0.203568463063579 0.0828125503559557 0.269612881494627 0.135023841237611 0.346076365418892 0.379224688359946 0.5152466510044 0.485073367718946 0.226359985991929 0.198143286278813 0.512565541226797 0.334166722473462 0.580103291621377 0.485289930778273 0.261695789427334 0.260826678477135 0.0201978195701796 0.0774574352053809 0.297370369954137 0.409025584793191 0.176940010084962 0.196529968446494 -0.0228800500594312 0.174970998058361 0.340487580045423 0.211773868680509 -0.0458981160328502 -0.0335306035908846 0.438882044207662 0.431410336858088 0.39896119989995 0.439629027480489 0.368712796641424 0.434925309847471 0.374307986576536 0.147076767064256 0.205466069966735 0.150752288663352 0.375062802781574 0.183578259768605
0.717460005827648 0.564338202376445 0.366849604294462 0.507424081501285 0.309888321016852 0.293786445621211 0.422746296867648 0.577331556795642 0.412248185281786 0.523123768504948 0.838127526360524 1 0.759513080975846 0.807026262953512 0.45879257294116 0.613989621040766 0.409729126227743 0.404905629969316 0.423221565926046 0.562551348554366 0.308936425194169 0.110211796793154 0.468536309984191 0.439076517875177 0.407688614923113 0.314296776548682 0.342046563673931 0.230191755949686 0.511241921493548 0.608221462899832 0.0529391001514829 0.248702990260075 -0.0472922249246863 0.123286574786712 -0.0577910096971671 -0.0986338830186605 0.338566972093355 0.375302547939819 0.337483968999616 0.41059101472348 0.175011171790173 0.332456107434399 0.410445943842282 0.436838513760052 0.122877655559953 0.257272387322306 0.330396839682391 0.349862130409535 0.0980164721702478 0.199774790250272 0.220844504183105 0.0971083982411185 0.27272118371551 0.108823516013384 0.331713221643943 0.404334758194338 0.429632918292658 0.422818018611503 0.23369789150839 0.238890424038675 0.490635003656584 0.517744921400194 0.499659489479141 0.546895495976469 0.128428603739435 0.239931776008948 -0.0302633476379965 0.0523171730679143 0.231071100442798 0.354620873838605 0.0952457522935021 0.101467217756552 -0.160312167585863 0.10266716892508 0.311746194619003 0.139852707958223 -0.107021860236747 -0.0277672767764527 0.368554817055665 0.391929328202937 0.332906162539415 0.371630407821044 0.331427172834185 0.40512954606141 0.273015294718108 0.118105215181251 0.131907629621148 0.112732041315818 0.282017725316746 0.230661824023302
0.789197248323854 0.681064451754932 0.611222061227489 0.544942607103262 0.295019456060638 0.158850465363099 0.513772892694848 0.592688222133016 0.511232001767524 0.570364608659712 0.857898430927264 0.759513080975846 1 0.792369456869994 0.735003456473692 0.768501544665155 0.649690131143056 0.65143401056989 0.647632563945324 0.724524261773547 0.409175819286144 -0.0345280483607524 0.685332717471521 0.531676227215607 0.556755148964634 0.496411534122302 0.410852231364492 0.259280924364679 0.648263586712967 0.715690786108607 0.258002706850766 0.384353264228316 0.163079918056676 0.322093860134216 0.151566632690031 0.0123663633215278 0.362351235799465 0.418959045195312 0.49152088237285 0.492971775358976 0.181911393404188 0.347758270524447 0.540363252578136 0.517286899253175 0.332770989121096 0.43322705577966 0.473486603073732 0.462325556180399 0.292809227024302 0.3554171445578 0.361186746679786 0.217479858368794 0.411544014377668 0.25138338305706 0.488656108577283 0.463995246571848 0.632342477798596 0.635627904344396 0.370335816851521 0.385846421763995 0.509310429638529 0.307915750518944 0.590435301513075 0.454527201933735 0.372918057778197 0.323228815486169 0.17212783750818 0.246722292949657 0.489118361130409 0.584710833627527 0.0588507028584765 0.169577343962886 -0.118496199852818 0.119186158160838 0.35882651727286 0.197879282921673 0.142651832952447 0.121500928175785 0.613777730395539 0.614758143041943 0.592636494519704 0.585079258341512 0.563367160144152 0.525786474922011 0.518187750945746 0.273960357252188 0.312139961041423 0.316394614799875 0.507687651071268 0.361033735657704
0.596289237538372 0.496789621154214 0.359193487586073 0.450356807163881 0.189745195493224 0.252951566670052 0.321703325419157 0.550141688935501 0.331458648722666 0.520389356800432 0.734117105208529 0.807026262953512 0.792369456869994 1 0.689736386947151 0.850340644122696 0.464619530376379 0.439999001174809 0.438232555154564 0.547423026192346 0.384473599107864 0.134705349580407 0.628717701454869 0.672001720007521 0.463248691974147 0.404604170578848 0.412911953124525 0.314332567988055 0.543019042234548 0.617741138472393 0.172906429256925 0.360450710738478 0.00454513113008853 0.166008127157757 0.00357303423569044 -0.0736103193922567 0.296787843770284 0.375846995618721 0.335161915371404 0.375925529347092 0.212066220648961 0.33672021548414 0.37675104788239 0.382973968939748 0.129364663419857 0.242897505005145 0.311401514161777 0.291066277161852 0.0872731281038964 0.143622660581185 0.115942689115994 -0.00334147481387281 0.239675406090402 0.0658559416130334 0.298495183683309 0.309082854933162 0.438327049462223 0.400968209137741 0.149896669820342 0.170351558554617 0.323450673880502 0.353699729041272 0.490389707112297 0.419798830595232 0.241258564053303 0.329895275369372 0.0119226131507419 0.119414560489387 0.228493894308884 0.343601954147103 0.148562248766393 0.181990249723514 -0.109880692731519 0.130467943495473 0.263269182643169 0.137118527230976 -0.0206771935416388 0.0602710588368356 0.426999219677204 0.426789247280835 0.375643210947613 0.420916711838637 0.46062641821799 0.501619818693484 0.378223136255946 0.158035434312271 0.220681871930756 0.275870298954996 0.27813250502042 0.220052806622701
0.556755621736888 0.5504342424957 0.487287950503796 0.334537711645728 0.164075322082492 0.0567392988337366 0.236052665194185 0.364028021387335 0.392281110794387 0.46568184960981 0.558263868206974 0.45879257294116 0.735003456473692 0.689736386947151 1 0.781053769611387 0.550942277202177 0.569161138868598 0.473811127820538 0.548133160200887 0.425594683180072 -0.00840637665494768 0.610683353574437 0.601034421629614 0.503557740978317 0.495437627311239 0.490573549480482 0.299691389342604 0.490601647979817 0.54186653344996 0.181832122638428 0.305665359973386 0.0570312359665112 0.170533774618115 0.0671689740122919 -0.058624352901542 0.343715360483929 0.395844530316432 0.436971404962329 0.470631665595158 0.272467926884859 0.326758761819376 0.341207863291915 0.35377400489497 0.209849971081596 0.317977498510524 0.303679261559351 0.292655137549681 0.172641266293373 0.215463642876296 0.128249032308107 0.0410641486369535 0.221353073835114 0.0545234758493053 0.310692751547519 0.330631388982963 0.527059543512712 0.538177302584494 0.209716224433935 0.229576278331473 0.199214168981488 0.0646913344667759 0.43650950933691 0.220791856052329 0.345031220404774 0.237785081873693 0.0652540400009226 0.145399912600989 0.412204368338271 0.477075296137738 0.011716264676572 0.0961191811161035 -0.136176797639697 0.0843596180450385 0.352001960165987 0.119942512542821 0.0508189296559897 0.0262871459809892 0.530012958293131 0.51559359987962 0.470140160446436 0.499558995139202 0.655814279743413 0.566219713931053 0.494634749254229 0.262733942843627 0.546182447272416 0.490694614832577 0.39602962384121 0.299461781931779
0.585624505790062 0.522404596095565 0.543646208236738 0.470464247321569 0.255526498187773 0.187943016417947 0.295747604646344 0.490942889632697 0.468689054811748 0.620141006333484 0.636467089114941 0.613989621040766 0.768501544665155 0.850340644122696 0.781053769611387 1 0.513690122018629 0.500041723846429 0.476532454749106 0.556432095933784 0.474175837228859 0.13322480380148 0.646989363469209 0.711808716425744 0.600987905662445 0.542630353115013 0.504039971465168 0.375507337965193 0.488395409952409 0.532288938304631 0.17699734823728 0.378759786163982 0.0397596264628103 0.18204050427869 0.13028946104684 -0.00562911405388006 0.379043035213945 0.46423332077074 0.450401653083893 0.461263948724222 0.263070486069563 0.32907609028123 0.348095843059856 0.342397602163216 0.164846917737349 0.267992906805259 0.289964690305232 0.269698407623587 0.135412860751698 0.156535392680161 0.128946853047715 -0.0127128706085367 0.18319584202682 0.0337752209497957 0.312556611194169 0.320426115338719 0.523146094438358 0.487510054815092 0.190881238609129 0.212003944389577 0.281134186415634 0.190192655125397 0.441482779248211 0.278105833328153 0.41844665601646 0.429527208023642 0.112206641328718 0.190232061140739 0.35220652991167 0.435621217247061 0.114158636268141 0.187903157582607 -0.0962389525617202 0.114888953925892 0.250450940779407 0.122425018489079 0.00573506472368063 0.059139652798459 0.489756235130372 0.477321722376385 0.455777597146136 0.523572132650307 0.576381545295279 0.600267267163574 0.495298377085461 0.346517058464129 0.436462621185725 0.465870223268704 0.417667919038092 0.381550852043059
0.730031731856753 0.816153556044495 0.507242115196475 0.523127255249459 0.0255098436039166 0.229730730715715 0.460453369096879 0.415996421193457 0.269696013987566 0.269991041168121 0.503539012268026 0.409729126227743 0.649690131143056 0.464619530376379 0.550942277202177 0.513690122018629 1 0.961532229559683 0.841579150503892 0.837890830832147 0.392840037454804 -0.0404949824680136 0.499881698513267 0.38375187468733 0.479472742863346 0.637236148788386 0.456818871002538 0.331706794524875 0.894066143918933 0.868297853979076 0.483087221797985 0.506823542514269 0.446830028841198 0.636597879549901 0.253341046816182 0.242855428443003 0.380558483713131 0.422773378264781 0.620505928165019 0.607369019091995 0.0961756637629583 0.337871179183513 0.792701132108093 0.784571505566362 0.672875068039469 0.772802837434536 0.766086720115442 0.748019118212939 0.606435006456586 0.603524661620798 0.518731431293452 0.433772692370384 0.552274049661721 0.392223865268916 0.666003662753432 0.650146842332449 0.904669906977848 0.88241606468534 0.527960477533457 0.535637993289805 0.409077229395 0.0636397936276538 0.647399205682724 0.52053244581646 0.402501522599905 0.270568167450008 0.398866832711338 0.506327344938812 0.721766285276187 0.824683708590296 -0.15668222262549 0.0316498777993532 -0.155945304079841 0.10664306350135 0.283110547164308 0.165007684015295 0.272753597709127 0.324309224518559 0.926533117362296 0.905818089109527 0.878093091800055 0.707187440805607 0.643185529296483 0.516811614568739 0.531002090072008 0.307263804435764 0.289476050112076 0.363925539787507 0.36158349263543 0.383620413385985
0.703717237673024 0.829884942990953 0.538727626799389 0.530853171367852 0.0235027672953482 0.220661310645886 0.48534185627061 0.451239189591646 0.297405435828576 0.298547123154797 0.469359609984881 0.404905629969316 0.65143401056989 0.439999001174809 0.569161138868598 0.500041723846429 0.961532229559683 1 0.853498390102764 0.84267892428655 0.388035607166589 -0.0746783172781611 0.519918114878581 0.373767779199704 0.460497920965292 0.664129497151843 0.480681714214199 0.329175761335856 0.879772335294818 0.874353247983459 0.531279233382389 0.540985699483116 0.509651392678052 0.686956511124916 0.310196252806225 0.302854090114217 0.370276540841554 0.413952644688036 0.610600037311096 0.596658619389707 0.0774393830823123 0.334351833439802 0.821244772195493 0.791854033113097 0.726326051109216 0.816939596799718 0.79531004765613 0.78500665753137 0.658039127993101 0.674113060744316 0.573067875333362 0.519460013075943 0.600514389674927 0.453854248219995 0.727880957818349 0.707136101061322 0.885973928020523 0.901789251292718 0.590316479506077 0.603326262484672 0.425814247581293 0.096754849954187 0.643456357358849 0.552343318399254 0.410604037102297 0.271261396970439 0.448353452294358 0.559175760393583 0.747540591959314 0.841249018473387 -0.214055703402211 0.00695323104619287 -0.214196319065895 0.0607826084728392 0.263095883592381 0.129506489886832 0.327333448790079 0.356706999247653 0.939979473741583 0.930257145083885 0.909980649017488 0.73239236158013 0.692856076653967 0.538863409368284 0.553076208239194 0.355884122533157 0.341592475459844 0.37854863139689 0.401824030089957 0.461290224079598
0.740064224581791 0.789754902729211 0.686651020784439 0.6998387554867 0.148203161406978 0.298580222510776 0.685558722485193 0.617600055140119 0.352108467884026 0.344174239957765 0.512051083306811 0.423221565926046 0.647632563945324 0.438232555154564 0.473811127820538 0.476532454749106 0.841579150503892 0.853498390102764 1 0.902902186220561 0.330151029330549 -0.13461634420645 0.707653893975924 0.502969386557385 0.406612577184241 0.587634519195381 0.365889461077311 0.200205299718352 0.818699660319412 0.788380732709411 0.658106184927922 0.649443274415933 0.681833185745766 0.797450433543908 0.501594488972944 0.500376997997433 0.265320597388576 0.322854217034298 0.520660967403221 0.455695436555951 0.0336674464371245 0.253566161304875 0.798196365036933 0.711822807028341 0.754224630906022 0.803443902197104 0.73376579402441 0.744456282085445 0.702684197917807 0.688713177735141 0.667200064474517 0.579274781537164 0.624534594984299 0.553710614439771 0.660668498421979 0.572533712625897 0.854342783041545 0.810982482720481 0.723501193402956 0.703278527862224 0.650718780985372 0.282749937383438 0.718075831011555 0.640060749833946 0.554422751697836 0.461561419592259 0.632175669396126 0.714847724648826 0.756495783754664 0.753872901679586 -0.0677931441197154 0.115037741608167 -0.0790099812101949 0.0341543816495637 0.279996850787442 0.132521078754432 0.463136013947367 0.460494194455869 0.834389933864552 0.81504745825559 0.874811251171199 0.736086274603259 0.667871611261945 0.536388040020719 0.642879313520742 0.479582126718834 0.3180649630216 0.365797088069153 0.547262526526361 0.5656179147162
0.824355150794032 0.892198793729998 0.669048338999092 0.699697689232021 0.103335814905601 0.246588285146965 0.585247029639848 0.575168203977367 0.33934716976362 0.356469468241897 0.605090727405302 0.562551348554366 0.724524261773547 0.547423026192346 0.548133160200887 0.556432095933784 0.837890830832147 0.84267892428655 0.902902186220561 1 0.376413017182235 -0.111609537066709 0.688055200635209 0.569550508398717 0.465080728466094 0.592995752506721 0.406545123012015 0.26857894814584 0.818750399958403 0.817426955927872 0.470396771435626 0.529989305167686 0.446900555479515 0.626893045487361 0.301765573100478 0.264923988617837 0.401723715429664 0.450966893539188 0.619597933594842 0.597070507230891 0.124046611899175 0.355798533194611 0.817112926864469 0.787354273849147 0.672256618592183 0.774328059010408 0.752795298800957 0.747846388646118 0.593007371547634 0.611074900403702 0.566456458122415 0.456884332737895 0.528703455829911 0.413480175182696 0.679590651395957 0.669575507192991 0.860096324061031 0.851741079646735 0.591866210280303 0.59620479575398 0.548408253624566 0.217075791358765 0.704791813014601 0.616963967444418 0.496979792411324 0.379264464371586 0.443056085584893 0.549432015353633 0.770943966754043 0.82116843439848 -0.094656034969022 0.05705271061678 -0.142033944500386 0.0456861448711886 0.367299469088966 0.182080384162606 0.251962449168682 0.289651542668218 0.826461460988614 0.827331317812324 0.827514069474794 0.749099909649404 0.63206043303117 0.5602151023126 0.58477653224008 0.388860758855294 0.325363957027205 0.382179026105474 0.488361680616545 0.474689496086129
0.405321425564129 0.381379608767678 0.369198729394011 0.225918544645475 0.254923013299207 0.115037573569399 0.203837498159641 0.223068207299816 0.316715384174914 0.233584639977202 0.37999892535314 0.308936425194169 0.409175819286144 0.384473599107864 0.425594683180072 0.474175837228859 0.392840037454804 0.388035607166589 0.330151029330549 0.376413017182235 1 0.184516774123336 0.303153832074109 0.35783648636714 0.466274746605249 0.544422012816634 0.325251452003803 0.337550741831809 0.410138608967295 0.393167030096149 0.12278042512742 0.331599771950846 0.0641084644257424 0.153753933630622 0.157338699400089 0.0726586506683329 0.492237374493511 0.501624134198203 0.49682491127267 0.513687975635142 0.403517501350958 0.401345959890779 0.211680872496467 0.237379515668413 0.111798100841124 0.159506885561756 0.157480943034194 0.16387246588705 0.0486318927124613 0.0682866776996675 0.033893388061119 0.0301549641789601 0.13263313099202 0.0429690890849364 0.260421487369082 0.311327499114063 0.343451911095588 0.320241609862987 0.12809365862718 0.0968776989192033 0.0961724215039618 0.0261036290041457 0.213812028911674 0.169201984865679 0.20027825765322 0.238065035106829 0.161860987554738 0.172359988163573 0.355349487557331 0.408090053879549 0.249688342402538 0.243869313659135 0.1374021066482 0.312317973944002 0.242997297572102 0.289713625273682 -0.0231860017126586 0.0424160887748928 0.393346367888479 0.343236651548302 0.343373990402757 0.366336307484426 0.355991625737139 0.455338718512007 0.258098379018029 0.188209951044281 0.317870210640467 0.256614136671421 0.293343217295944 0.225544854085075
-0.0811260486484725 -0.111274116605652 -0.205789866249623 -0.107363439539145 -0.067711565211029 0.0716666896440341 -0.105095586113564 -0.0575945596024197 -0.0799809846167156 -0.032297964364242 -0.0130244358489679 0.110211796793154 -0.0345280483607524 0.134705349580407 -0.00840637665494768 0.13322480380148 -0.0404949824680136 -0.0746783172781611 -0.13461634420645 -0.111609537066709 0.184516774123336 1 -0.11625202083711 0.0625584545086825 0.0580965342064251 0.0365379180620817 0.196683043798872 0.203297572898563 0.041722175872937 0.0235854328405392 -0.0763671639073465 0.0767264318644138 -0.149435467906883 -0.157363247215067 -0.140763471312861 -0.0981282847769793 0.123082778665639 0.120966235319402 0.00549868081529298 0.0636720908960934 0.194155713622234 0.0769584213699093 -0.115287631074535 -0.0670479816852749 -0.183465232113996 -0.174286699866773 -0.104298134560447 -0.117100886929834 -0.194849455460014 -0.190918836844953 -0.192459479947466 -0.189303700981717 -0.164560631222476 -0.171743821231555 -0.140585796164761 -0.0804388897680888 -0.111419769498263 -0.13157947011217 -0.155532885863635 -0.208773605562376 -0.0899482472990292 -0.0215470762478504 -0.0748116690785757 -0.0705496450542276 -0.0995353925166129 -0.00867511054022405 -0.0878244947880301 -0.108713816704654 -0.164492328692252 -0.0910322030913287 0.211905216225967 0.154848506032493 -0.00916735814029224 0.21686857172416 -0.113008653975405 0.169093906001813 -0.16794539858325 -0.258582444049854 -0.034999225658809 -0.0472532725783433 -0.106790973879601 -0.0259552642743327 -0.0393888765030912 0.088704166095806 -0.0805575389686409 -0.0538551157344861 -0.0542757874860711 0.072242833693875 -0.186211540456129 -0.0633210217706415
0.514394654697241 0.501789989291359 0.694235622861913 0.647338182965283 0.275694028867409 0.265835917194185 0.578263735902269 0.660415178131236 0.436090289631929 0.459546564588289 0.538997992360447 0.468536309984191 0.685332717471521 0.628717701454869 0.610683353574437 0.646989363469209 0.499881698513267 0.519918114878581 0.707653893975924 0.688055200635209 0.303153832074109 -0.11625202083711 1 0.776971747485446 0.427969721203567 0.53664652961314 0.304225409309441 0.204591269987569 0.552292248877025 0.587466977860746 0.594399662445263 0.690809873105682 0.477874235215065 0.561823622129133 0.500671852818024 0.4044814743493 0.141958467081294 0.229307797196129 0.382488416099024 0.257480414356395 -0.0135255790562282 0.237735245568379 0.471741461595532 0.359928129768657 0.458608427755083 0.455186234302627 0.371938769904086 0.364847981543627 0.382722983339951 0.356898514925817 0.336546082238574 0.224154425461974 0.364247596594013 0.293505418129447 0.330806920121971 0.217518922410311 0.497464990201432 0.459668584092327 0.408786173227794 0.406522615121138 0.534952463818413 0.351984799334333 0.58273959694466 0.495409909314083 0.617115278064814 0.519997937823236 0.480629829727115 0.500056346829792 0.409424486676049 0.395460539504272 0.159011980796101 0.260052599495445 0.07224736935042 0.124229306968294 0.290847322197392 0.1229394440686 0.353609184416682 0.349876263713527 0.51553053441537 0.509629936982128 0.565131101467513 0.524151377400467 0.538222256412486 0.490883227124249 0.5768421812585 0.381442695377269 0.334405523367265 0.315162791952174 0.482937595751585 0.426440516360673
0.470317310756588 0.47289460533211 0.547527100284883 0.552283747684635 0.118303267522105 0.157300485011414 0.341866202890076 0.45208371887335 0.271592722798021 0.326121463097677 0.432100643399498 0.439076517875177 0.531676227215607 0.672001720007521 0.601034421629614 0.711808716425744 0.38375187468733 0.373767779199704 0.502969386557385 0.569550508398717 0.35783648636714 0.0625584545086825 0.776971747485446 1 0.400424455300508 0.451424216352166 0.281721557936964 0.327682883999704 0.409045366192472 0.423113980476756 0.27398186544696 0.450088762610045 0.161828087505076 0.248667118648634 0.227349012735815 0.134362004351815 0.302953503651469 0.354827261218192 0.423331878254711 0.422496472488705 0.175835739915435 0.341367792122453 0.350342716203455 0.33166402727048 0.233302966249712 0.291883850132903 0.27093768584403 0.259023043326533 0.154628595646299 0.128530581120471 0.148043587140636 0.0054697109950297 0.198702920522906 0.10007005331842 0.290468085378476 0.248837553174019 0.429702504372137 0.390472536561292 0.230074724434551 0.224218560264919 0.298589887722172 0.156616749427819 0.485053318775349 0.319343542508985 0.618610133048553 0.568342384416893 0.269245381919903 0.332972469428618 0.303314656471126 0.314622041622951 0.0928778437869602 0.109627722372659 -0.018539808707237 0.0548485001908467 0.153163040218875 0.112021270814255 0.0582973421231593 0.0428067854737359 0.389637571363828 0.358499071484875 0.376120747719601 0.505797706275807 0.497766111682465 0.565478017963179 0.570651713326386 0.466129102314105 0.437604955557562 0.555727478998228 0.489635687818109 0.462880813626656
