1 0.860686536975006 0.600517467002469 0.632724373679904 0.297652456764083 0.250341835985549 0.633406257364295 0.592266023907478 0.416778470793628 0.345158817713771 0.555363708965423 0.574876390299786 0.573507965925473 0.542714247037977 0.394580352358059 0.445549009823705 0.694325761327861 0.715273237976973 0.749140778789929 0.77004668696576 0.17460406466219 0.183650449960051 0.485634955104662 0.469418296242041 0.32424175304375 0.357690792363569 0.198594490995307 0.0615802203677535 0.631422778212854 0.655085922227449 0.415071878530897 0.370676673324787 0.704187767514043 0.660494892436192 0.457767022860865 0.34601107418616 0.536005610482237 0.478855527784643 0.300552903754316 0.410440265111272 0.172442888002059 0.152286181396725 0.600685327886146 0.586537356484471 0.626340780906412 0.613667890478993 0.630368781160794 0.657068033450365 0.615111967024596 0.552447669697956 0.64981798269761 0.625572086828801 0.605455144992291 0.662150329469951 0.636241306384635 0.701450951285724 0.864749290991464 0.842687555916078 0.716003152600988 0.678709913985539 0.697243689954682 0.499666194001639 0.649188658241457 0.587294229485285 0.391366728690906 0.439733746727969 0.635718930546982 0.586674001069791 0.745878373931295 0.729307259430512 0.540329573627349 0.478263805407864 0.313271049614896 0.572842176241082 0.307838399979082 0.287191289180209 0.388870509219111 0.471443869077785 0.600541276845172 0.621213805239956 0.779564855795064 0.789113309265051 0.486957357130394 0.539837403471509 0.724826640914943 0.782707519472062 0.106942648115461 0.346017302507647 0.648809375107556 0.740201588700503
0.860686536975006 1 0.559428376209685 0.661185618619228 0.230963380757994 0.241740749662495 0.526192171214558 0.626077415926103 0.314755964821624 0.328654818299001 0.457415495863299 0.571317252317607 0.445366717405793 0.525302013936323 0.23497601720194 0.416623613433823 0.708074500609975 0.784624541178954 0.798472653106329 0.839205742855558 0.201973894469297 0.142511644669191 0.414740391219221 0.468260511524465 0.359831146969659 0.407734404056895 0.176517117981347 0.105032567217593 0.627726336723061 0.667883740438666 0.441272488568442 0.369112849656086 0.756158674251045 0.746851683388565 0.454621936559513 0.357358982065307 0.583233637526789 0.552340513378169 0.362457517847843 0.507952911263624 0.256061083881189 0.222482652943163 0.650842283950463 0.614259779825764 0.655766608696538 0.694390130704098 0.708144598467952 0.760399694252874 0.68898616824729 0.64274742434991 0.73084232939257 0.719042320337501 0.661878738163164 0.710706309453358 0.72875919419208 0.775368261094451 0.885865175434733 0.949689018059266 0.710965296327087 0.771382321098766 0.578865397692988 0.528127260257757 0.585661203722855 0.596353761952352 0.357585801486717 0.495817756068921 0.706693471814049 0.692693821969856 0.840463089723569 0.809835481776746 0.543288629186447 0.497641982874392 0.307924085066161 0.581531707481773 0.26366846570434 0.318362215272635 0.380483353224641 0.468049804227217 0.654216293465015 0.696687382217709 0.797981552006795 0.855886006290893 0.503743571620464 0.599588046499517 0.700312338846845 0.817198682968046 0.090339649822584 0.379445147949538 0.582553183322689 0.801934871226988
0.600517467002469 0.559428376209685 1 0.812214079999217 0.477085138499923 0.428095549136201 0.896360608482707 0.738699288699985 0.572727602726947 0.443451038915839 0.366165573189298 0.384881205058394 0.537805191254867 0.524717560434822 0.389609342356039 0.526723853996406 0.392733120998177 0.496857075604185 0.700896916097325 0.622719013246089 0.252478687227211 0.29619853843356 0.767524755843868 0.731856380119321 0.581010940748856 0.650016839296374 0.186482360132626 0.168455874909262 0.513906600581201 0.531308174451651 0.606924031620545 0.539255847039592 0.675313316275948 0.691134448432773 0.594307875917767 0.490447552749945 0.573719054620416 0.487802335755303 0.432359447137321 0.418898310379171 0.11797628930307 0.236584391125656 0.722028769726299 0.70484985984364 0.669323101240328 0.540126267303348 0.617149428779489 0.653556251836905 0.61010499833467 0.579373609288587 0.654574488682513 0.667434264753228 0.552442759604933 0.58838281028443 0.560430819936632 0.606337350260107 0.550451951515762 0.533266034296341 0.726393269439154 0.683367544543383 0.700721661390077 0.59642405426513 0.478749451546683 0.517506509771091 0.692306704286345 0.686083366599801 0.788352864861068 0.714928330949307 0.61188181986171 0.512477164420245 0.670468086094048 0.600111575445257 0.331330675631428 0.56666540607526 0.355802537329907 0.316053219125727 0.32015012696108 0.523735935052733 0.490783464471984 0.531973289393827 0.524971994086817 0.659702977749445 0.400004453928122 0.511695315523094 0.770916991866728 0.727018808709237 0.21759348577422 0.4433381449526 0.670805002125571 0.674720129396432
0.632724373679904 0.661185618619228 0.812214079999217 1 0.434612014526475 0.482723841516542 0.739557954918019 0.892705451533222 0.489921805908176 0.641550583578586 0.363816327498827 0.579316113441549 0.454605989590136 0.683720579813284 0.28876953342034 0.639970681771369 0.470292383180223 0.533316417120268 0.778677984845862 0.75176307597076 0.196576718138244 0.274130187267521 0.698576842032598 0.799560047157687 0.5353496573728 0.634517725379425 0.222938307649362 0.183349894641337 0.570214509054699 0.633267213718261 0.643604297652054 0.635279841463581 0.741771247107886 0.770925439437891 0.532471327844584 0.438835532847613 0.604221785151619 0.499425723353024 0.462768824327015 0.478064631979133 0.124012169594117 0.257722412248596 0.751882219123796 0.710580441071491 0.671619569155171 0.570238307797719 0.637116691045646 0.674266285521083 0.648181538948623 0.641044867962491 0.701635042314119 0.735396307671093 0.564218037399737 0.627600961578131 0.610413018023092 0.655241884611136 0.606032193637926 0.623657545170188 0.7020096883702 0.745791537839771 0.633048677383511 0.764857202650278 0.542064972966741 0.670166883801103 0.562692041778623 0.805280683447856 0.813260331866549 0.794314938928669 0.65953592325189 0.542085812930041 0.72875271339586 0.67666473812495 0.365950427678251 0.571134835651038 0.322979205908951 0.444804129521214 0.387915485975763 0.52074711499299 0.505812386233454 0.596026817240208 0.598454030594376 0.726664616178927 0.405269053904324 0.609554833373872 0.751419236398106 0.81803735790105 0.20865664992711 0.430328534745035 0.671161575321313 0.831939631028587
0.297652456764083 0.230963380757994 0.477085138499923 0.434612014526475 1 0.455933992543227 0.517084466344674 0.43933432777432 0.487876406919421 0.47896985185677 0.0915386872109867 0.221903565314295 0.162834897695865 0.267769124207865 0.313622172982516 0.346206655553372 0.117345442788151 0.13443308215325 0.278613388855945 0.295215308537871 0.165171265115255 0.212783713058898 0.481635282239401 0.490333298122534 0.359812126997644 0.416697190471502 0.320541590612801 0.130183604044419 0.276048659660173 0.184424106097932 0.240009470946553 0.230143465147621 0.326136681840832 0.279485050697058 0.417414795949136 0.194660095838761 0.387914764854054 0.29250444746414 0.182583382531026 0.219594832607947 0.029241243538646 0.155323538005547 0.351136012341601 0.30506720815432 0.403080329717022 0.292518629393581 0.310885281714849 0.339680903945381 0.417809472094867 0.370559783392123 0.386355624965049 0.384077267137517 0.396190968063816 0.378717062983333 0.258654373418498 0.297535163859846 0.211987908568404 0.229368266043228 0.318657513525376 0.330458850712385 0.481914306973977 0.482347784063176 0.144181152134123 0.235840320610469 0.475522088275544 0.475161190861666 0.400524151043896 0.328932930464066 0.352995967737616 0.26374567759847 0.469157360332248 0.356644143248672 0.0650960175329987 0.19659670199751 0.158286667556633 0.217797876910012 0.222933634681539 0.392062204496229 0.1752051310849 0.201452209914466 0.216047921755488 0.251635598571284 0.208017830704578 0.222607830324909 0.423211564517883 0.392562070721508 0.135825520207181 0.266551306031106 0.477558721879894 0.338659814354179
0.250341835985549 0.241740749662495 0.428095549136201 0.482723841516542 0.455933992543227 1 0.412023841278525 0.464799552992459 0.40158637455576 0.642652445128742 0.150095825103642 0.300831898971901 0.251722607895473 0.39884758337733 0.185012546797033 0.478157032123446 0.17794785628494 0.204343949913156 0.376273503462809 0.395553672638055 0.204176529937942 0.28087294642564 0.479371229334291 0.51405663369039 0.370061983188191 0.425319561377511 0.17954274615295 0.402495249057905 0.302415658581781 0.301475707643677 0.317940675480986 0.35733249811307 0.424093308525512 0.455102632300644 0.382518495276512 0.299125917374535 0.327653178707954 0.295609584394641 0.156285977615582 0.356903890873995 0.044730041380505 0.0419398912367839 0.389333020874813 0.413512205842008 0.431231726395861 0.392849163699534 0.317325826235532 0.409089507685813 0.411513685886672 0.37289777005493 0.398006452713182 0.376741478566856 0.315276090542673 0.391254480405222 0.36117514925163 0.394395671001029 0.252920867864711 0.214905129591625 0.270125488110997 0.347558393290652 0.346776203448484 0.452936281105335 0.284284622096316 0.299385412061161 0.431725811975158 0.469575547358769 0.405362574928653 0.436207322829675 0.360510883109452 0.328111793902424 0.480417550507755 0.410818572011635 0.0788175358816657 0.28178196581238 0.172546878005139 0.330223305783109 0.0296539901288356 0.337799194337302 0.193691859753268 0.248304355383673 0.23074583718679 0.295185457318154 0.252606010922073 0.182414992789199 0.438447802565665 0.371595375178538 0.0406611512124639 0.156016567414147 0.42672646170961 0.366145788406077
0.633406257364295 0.526192171214558 0.896360608482707 0.739557954918019 0.517084466344674 0.412023841278525 1 0.754810389626328 0.653290104443342 0.48886288388074 0.467203958682575 0.491592632209586 0.67795129564723 0.529505059877349 0.384529557036553 0.574684437242726 0.33859158019952 0.478019245621135 0.680587267815622 0.622035410099746 0.1727710009827 0.187635956092677 0.70064553697606 0.610261365968805 0.361141021314998 0.450080650636759 0.144353376242687 0.166489408611904 0.489638419987644 0.516694375299026 0.532104833472353 0.420778392206528 0.648893704137756 0.668305676005293 0.485567705346545 0.390691284409477 0.530559329072746 0.444273290971254 0.355661187131694 0.398526102619352 0.102202794023343 0.169384191273458 0.683607507166422 0.671443044443442 0.672838246264675 0.548411341817576 0.547094646154113 0.601305868238077 0.598563069267099 0.586991205102203 0.631831554942039 0.624228734225748 0.506456430507467 0.558030328864837 0.495878931912459 0.574852935755706 0.526293467533768 0.513107571846727 0.714429813772683 0.671804583623307 0.836591279920806 0.680854730718359 0.584463882125929 0.579599464099162 0.689520830551039 0.606626921855313 0.716377402096807 0.643071177171875 0.566073160615599 0.487071844605098 0.651980518842416 0.515080739050833 0.227642465348639 0.482528498216283 0.351309115627166 0.323609100076475 0.291663568568971 0.552955739984205 0.457182148486376 0.541836430414628 0.516127720959677 0.621674100439239 0.298011830981212 0.441535278932075 0.742943229770918 0.674476782438258 0.081906754590513 0.347212204830971 0.754835008184623 0.665395744075258
0.592266023907478 0.626077415926103 0.738699288699985 0.892705451533222 0.43933432777432 0.464799552992459 0.754810389626328 1 0.532383355320875 0.635908289593372 0.46431191463005 0.663186774114565 0.545497353669356 0.705861224837034 0.299939888764262 0.661180823720805 0.463852029285773 0.567366206798678 0.73104360980945 0.72849214291695 0.161237996520993 0.185249412962841 0.563837786672026 0.679444220185085 0.406486808849685 0.520021447030064 0.11525747002427 0.156866794367314 0.545568456870842 0.604384309219825 0.562822626523383 0.572640141780163 0.734658949979979 0.757916995249051 0.411192961293724 0.276829967872331 0.653178582915668 0.490981160649029 0.468069348688452 0.466611202587327 0.156474800399638 0.222529875047237 0.720136477185304 0.689621377713657 0.663775489496482 0.570645639361551 0.621628038711128 0.639312582297874 0.639422006634401 0.657866826079256 0.729066268023722 0.75603346522412 0.577286090334776 0.599467669112531 0.624082579859457 0.659305051715472 0.556131635473547 0.598503230696027 0.662236662574575 0.781732627242 0.699782713062058 0.858872189439631 0.528213987845989 0.710154006597059 0.558217324824121 0.772448497165133 0.786730951786978 0.772953784784186 0.629420663863045 0.514858061157199 0.702489621610424 0.636867241863502 0.336217585751084 0.469317142955609 0.268531878177336 0.44677491114326 0.3697549060197 0.584037366513544 0.480266030128236 0.631464950624675 0.608236021318339 0.687344369496866 0.385346493144477 0.562355149950527 0.70846421184031 0.801534073472209 0.17812593914488 0.337993891073262 0.739772896374872 0.85153398344063
0.416778470793628 0.314755964821624 0.572727602726947 0.489921805908176 0.487876406919421 0.40158637455576 0.653290104443342 0.532383355320875 1 0.5993899253578 0.271667830245909 0.406619717857747 0.423955371669988 0.488891957000477 0.51993470353897 0.547794083001709 0.234025539888881 0.300744106209209 0.475834087599976 0.39709403667654 0.111571107841913 0.207605009414289 0.620873244626479 0.503564385192858 0.267998935205568 0.375009895543937 0.102302049424607 0.101275172462874 0.423226335845525 0.300603995687326 0.373094750608308 0.320158451904677 0.494469274858838 0.404069155543088 0.42043280536727 0.185280584048815 0.380282879560704 0.329940329286314 0.256206158595798 0.218016216756264 0.0694613843398566 0.0767936563427841 0.544272696455307 0.536489064343609 0.541428856392772 0.420067660473986 0.388090860787091 0.453127951106508 0.45840181778937 0.477354208024385 0.442834337202163 0.439542272949948 0.430534490032694 0.410827542647363 0.380262403743397 0.439079735808554 0.339322529856715 0.297276204092986 0.475368677470374 0.485694995399133 0.610209786520157 0.516439454480604 0.482119521260507 0.447722421705098 0.529273841625108 0.425589770722457 0.484521329570728 0.393505831587204 0.37856910021153 0.294040450760582 0.454874787701807 0.377012402949211 0.1419425583388 0.249791398967416 0.183407083610975 0.169863790392584 0.115994232269231 0.409568570246154 0.212318676196831 0.321761009303055 0.338522509864504 0.438633079908698 0.29399342558969 0.360028531891377 0.569074284148591 0.487218032813624 0.213290803445836 0.307198060240376 0.618146783349728 0.487750907147377
0.345158817713771 0.328654818299001 0.443451038915839 0.641550583578586 0.47896985185677 0.642652445128742 0.48886288388074 0.635908289593372 0.5993899253578 1 0.112536944277853 0.486832978978526 0.220639977925387 0.547877116764262 0.19735886093449 0.633293998065826 0.182786098440259 0.251463870908523 0.50865259163677 0.4759399723652 0.14142930817422 0.174606481419385 0.5355124949113 0.620564047378969 0.310823148863257 0.400338538662597 0.171932302984905 0.210379294580822 0.333446231359228 0.331936686435849 0.377683697867127 0.424216858834223 0.492247122467392 0.484283577850014 0.398439334682459 0.24091115915997 0.359756120084519 0.245699489407504 0.144198262410091 0.316953288595081 0.00646173585821043 0.0743674553914705 0.465891316201073 0.488820145167777 0.497326202551876 0.413675964996709 0.275719172350746 0.40397367790291 0.472377791880322 0.4519488552055 0.438332990934384 0.432958488480019 0.396400273401925 0.427668890901883 0.327635535580836 0.398293174002112 0.33372744652296 0.300037799648786 0.376102113806726 0.441256435862653 0.460405676543247 0.635012285275147 0.425621510586642 0.49318450308725 0.47623258562678 0.61490640012838 0.480595360055648 0.4617167311686 0.411752697640631 0.31789567494925 0.510511674909337 0.457527566186213 0.132817675684966 0.265116992690131 0.131545368457309 0.444288524330357 -0.0053101464804818 0.342729980509932 0.216110874321973 0.273718932070086 0.339162304509776 0.455981219413111 0.232448283902844 0.296374119410067 0.484468950148955 0.507252801486926 0.0287657074604135 0.216569318444708 0.535424454564433 0.518556937330844
0.555363708965423 0.457415495863299 0.366165573189298 0.363816327498827 0.0915386872109867 0.150095825103642 0.467203958682575 0.46431191463005 0.271667830245909 0.112536944277853 1 0.699319482962959 0.715597498505238 0.570173345379203 0.501417913999327 0.358811177025713 0.557773930980514 0.583207619296174 0.412887643900761 0.585909015537062 -0.00430082230557635 0.062352493677504 0.233526262751814 0.139885978162283 -0.0334976290087702 0.0025555437950455 -0.04389259771841 -0.0812628861982597 0.61901277497604 0.614342866995218 0.323288622439407 0.213015635966598 0.562727458600632 0.518904348652053 -0.0660966907751602 -0.0214459613293576 0.316589952300473 0.224619796004714 0.232966794643076 0.198370898155682 0.253165597458365 0.13177371063278 0.272739185467008 0.305700878328143 0.302357813655803 0.357502804443831 0.344611533207584 0.312690405703215 0.315309819828074 0.331158892888364 0.339038393402263 0.35868611068485 0.206120988751365 0.26963517950667 0.369353396593515 0.431523600439705 0.455423700083998 0.409324513546316 0.389415636090907 0.476549493851495 0.47555367267097 0.334948284611096 0.623777866290137 0.652591728465159 0.0106507333266628 0.0563921792447263 0.351264689449359 0.316243501274668 0.329283854304791 0.41530650713971 0.299277905088736 0.270816917215813 0.281168414068101 0.368211467253392 0.19566973169674 0.192343265040355 0.330396347934933 0.397841614317355 0.390656915089272 0.455641839933522 0.552778946752828 0.491289564583419 0.349930444025801 0.289733955702073 0.385045173171665 0.360121572174873 0.0633775382679007 -0.0379792186274286 0.486920629761538 0.484391353702877
0.574876390299786 0.571317252317607 0.384881205058394 0.579316113441549 0.221903565314295 0.300831898971901 0.491592632209586 0.663186774114565 0.406619717857747 0.486832978978526 0.699319482962959 1 0.484953832063745 0.618115847458791 0.252444635513225 0.530325632851128 0.5074892365392 0.573653921299541 0.594027778199691 0.715790512736454 0.0243834177580772 0.0410916038078098 0.210545409262023 0.255910762844756 -0.0518206542675951 0.0472942823725683 -0.0609869084491005 0.0445068889143598 0.606632601766121 0.659173764069058 0.425456658664954 0.302536968923213 0.653637996974303 0.62408090528698 -0.00410543893820578 0.0303084716910621 0.425655565950782 0.307859142495079 0.247561334855188 0.326976500162325 0.211703477710714 0.141614406972265 0.400913435852328 0.44408495721872 0.428828994530786 0.468263405578155 0.35344226115683 0.430938101460455 0.435922655555178 0.440523578128272 0.455123580090033 0.456211239169285 0.3277223138226 0.37787670908206 0.411597234890302 0.510624945979608 0.552333028119873 0.531214656352323 0.461942527436554 0.595844365815838 0.580908136549663 0.622504744214306 0.705643323215561 0.829970172534184 0.0961311345601792 0.292702830649379 0.445782230528733 0.45127669423304 0.410185545004458 0.452930220893758 0.481000814003216 0.410356708086987 0.153300623245882 0.360692680344593 0.264933088421559 0.432663661115943 0.178071707245319 0.40607333329442 0.39314771924652 0.497981606593457 0.598533554605196 0.6063211024271 0.279593939196224 0.332737859296078 0.45580994583574 0.525077014927175 -0.0812969958369122 -0.0413607881029519 0.536893561624073 0.681090602351559
0.573507965925473 0.445366717405793 0.537805191254867 0.454605989590136 0.162834897695865 0.251722607895473 0.67795129564723 0.545497353669356 0.423955371669988 0.220639977925387 0.715597498505238 0.484953832063745 1 0.584009195388246 0.453998034504598 0.524771129969741 0.37971023956715 0.457372421465335 0.533918105323052 0.536970253117431 0.07264619224392 0.16577221675968 0.472222434060242 0.366213011957332 0.20115396031479 0.205844501258554 0.0240759599851927 0.155068693346296 0.479859545350773 0.491211400604619 0.406700666872582 0.273201554730872 0.539334527153197 0.552623715501802 0.206064556268339 0.196088636330873 0.387324584934703 0.316011830987831 0.284932078950621 0.332417720477054 0.166357977197698 0.09958387107601 0.505666328345212 0.5129085057916 0.47347614785075 0.446286921470001 0.449574985250475 0.440109712790248 0.410231465638934 0.439213390319353 0.499225486700026 0.463081948343795 0.328369504738998 0.363567988932959 0.45456065086078 0.492150972828797 0.43624046725814 0.386286560918807 0.526323413539723 0.513707503155711 0.607585295025016 0.440808552492655 0.600791852603319 0.46178795337347 0.365117388268245 0.266453742407673 0.50713875414853 0.496697444237071 0.40492806021208 0.445436591673368 0.472811723766446 0.408393095634699 0.25943150636553 0.430616887402261 0.159225672349796 0.185074254988308 0.277759809838183 0.449246897261272 0.41606418811353 0.510426766950606 0.498479901668428 0.510604506105521 0.338410149623661 0.428600095331242 0.545564888381695 0.453397064686333 0.0999473476150213 0.182593612827502 0.605485066063488 0.527603928770302
0.542714247037977 0.525302013936323 0.524717560434822 0.683720579813284 0.267769124207865 0.39884758337733 0.529505059877349 0.705861224837034 0.488891957000477 0.547877116764262 0.570173345379203 0.618115847458791 0.584009195388246 1 0.501976874115267 0.764006326400473 0.510278710788797 0.55257767276064 0.604967914709126 0.640390459710951 0.138644196611293 0.2028288883834 0.566079371969598 0.662925329533209 0.365626692262846 0.472570588280313 0.1487596520273 0.152249523976945 0.635558399748158 0.722036513197487 0.594169765885201 0.642387287409179 0.728495696902972 0.682165454672664 0.28756514798221 0.320567463148542 0.51626486197507 0.445320332430107 0.450223397552479 0.361916880143273 0.177969629619436 0.300910299844716 0.611468534718141 0.601626797579662 0.56666693180467 0.550256008851049 0.520111871605971 0.510100811917358 0.514449770108037 0.533571264393601 0.535135062064445 0.568741553172941 0.402383504122583 0.484760097763304 0.500862064088462 0.527589292077978 0.555322325820718 0.449407815126942 0.549360346899441 0.617226110052241 0.470243711238486 0.55828265465675 0.654314420603036 0.77584622202276 0.316901009479331 0.540877857165673 0.617484018450903 0.604025725448968 0.442700596323536 0.407822630277222 0.499737586215468 0.513138915063395 0.367324566286184 0.481912035624019 0.270407761198106 0.361230221816776 0.354278423134259 0.544720240486597 0.446260857756312 0.58019775635519 0.559880893136029 0.667448440372301 0.480292440061393 0.669048476958672 0.573134260797485 0.700699085735817 0.357856682718714 0.353956153305306 0.611577086586032 0.683933281892057
0.394580352358059 0.23497601720194 0.389609342356039 0.28876953342034 0.313622172982516 0.185012546797033 0.384529557036553 0.299939888764262 0.51993470353897 0.19735886093449 0.501417913999327 0.252444635513225 0.453998034504598 0.501976874115267 1 0.344605322131956 0.364187684999253 0.300698552487523 0.233487673225491 0.334013310264663 0.12540724326073 0.170692498090602 0.477864159108314 0.379698122689744 0.23701718591328 0.325135485626299 0.0643604300340311 -0.03332479305371 0.554186929169195 0.391079295848703 0.227882364469463 0.343711575690364 0.388958759812716 0.258424700974698 0.170049782264126 0.0749204553621432 0.2856514966686 0.245423193975323 0.27756180863404 0.120766814195044 0.148916440218254 0.141821129263298 0.30388931006114 0.284649956021577 0.286011901323784 0.302715218496482 0.333089194369346 0.274350397995102 0.262827725744717 0.264902032660829 0.250792795197197 0.273136299624183 0.271510706785006 0.284477847605831 0.312682823706445 0.335899603945748 0.293475771485708 0.245343045938877 0.343113831239704 0.344628854165416 0.352637088806143 0.223874399444026 0.345142512388741 0.379119786099526 0.113787446340796 0.123320395428989 0.319902767660232 0.227853712288863 0.250870687872995 0.266302099509566 0.230866179834952 0.203957856049534 0.316433038348345 0.291825478672022 0.0766937208873113 -0.109001741983771 0.348113915646114 0.342375898669443 0.196520589201955 0.246186186766404 0.336717421266597 0.305216411830263 0.567388017134615 0.424080727923144 0.366587362223772 0.319269425598764 0.518899505295048 0.270466891495791 0.434840369243021 0.364101625169577
0.445549009823705 0.416623613433823 0.526723853996406 0.639970681771369 0.346206655553372 0.478157032123446 0.574684437242726 0.661180823720805 0.547794083001709 0.633293998065826 0.358811177025713 0.530325632851128 0.524771129969741 0.764006326400473 0.344605322131956 1 0.289611178671469 0.346176304223932 0.544019481688772 0.494597611160881 0.222717017524472 0.29583057833888 0.568983412441988 0.640010150928678 0.354492948109439 0.451160428603426 0.204396222518438 0.237233649421606 0.444328303965105 0.51206927592487 0.514171883067075 0.505080280171633 0.627127340821513 0.62931172816876 0.363926507945421 0.353172294648613 0.462141073811972 0.364865490828417 0.375570624882008 0.420398812333236 0.129611556488387 0.236843068315536 0.627008682648222 0.614510633412075 0.584860219500594 0.485633762839013 0.420053157250838 0.457407507911342 0.51572193042013 0.526646489230847 0.56389303457523 0.538159431556638 0.430501321543026 0.463953080008465 0.409284029142407 0.490944957598814 0.43910083257419 0.363443839679654 0.565127996954165 0.597352883160383 0.5986971888809 0.649404915780427 0.564599359270871 0.604197705534222 0.459513313282904 0.593446882011052 0.587514860736601 0.570380379540606 0.401486238139648 0.375964131742508 0.604833837284925 0.51362147320108 0.121308107255318 0.345340774074228 0.199509540943756 0.383481443645591 0.229887086371416 0.531111618094747 0.348349767698669 0.436397964895716 0.414643916616394 0.50992079458275 0.317180625180289 0.554279720182335 0.544242785913608 0.630803643097373 0.158526624061817 0.445262359637736 0.630736574362985 0.641896286655429
0.694325761327861 0.708074500609975 0.392733120998177 0.470292383180223 0.117345442788151 0.17794785628494 0.33859158019952 0.463852029285773 0.234025539888881 0.182786098440259 0.557773930980514 0.5074892365392 0.37971023956715 0.510278710788797 0.364187684999253 0.289611178671469 1 0.889514336007913 0.604723871854234 0.727620324915356 0.186403061249844 0.18570655941455 0.324864035861642 0.306932310156489 0.351867637914491 0.351478590341058 0.0903204198417316 -0.0541952997736233 0.78333101455076 0.778274877061809 0.439016884991712 0.441826905376157 0.746474055243788 0.693334849616796 0.277061448322562 0.303382985749082 0.484129272320546 0.435692804790561 0.468281498606154 0.341732578270631 0.284490871424416 0.29983218008337 0.462127542794793 0.468639585796025 0.480837264072539 0.579112904877489 0.612489203420129 0.579633770047752 0.471957656702797 0.484184742239645 0.506110749481099 0.518831963672209 0.407379650900781 0.514539654291862 0.603002321704042 0.645885508712131 0.779964990421703 0.705301037184147 0.450340060892736 0.521579249057147 0.340411848727746 0.254820111617086 0.489139815271095 0.581159396437985 0.187174353326689 0.263282619174342 0.489463200800701 0.466483530834644 0.607905526593757 0.632624449750494 0.375620491411895 0.440070545257126 0.436931863926859 0.517772399451122 0.229166110587315 0.139623098374397 0.442188675360916 0.376906130310633 0.723456357809985 0.714839769312262 0.863871516571751 0.761742078517525 0.62486347334247 0.585036657988341 0.590476754894144 0.637809671375423 0.280541673394955 0.194343907406638 0.45367318467983 0.586370827830352
0.715273237976973 0.784624541178954 0.496857075604185 0.533316417120268 0.13443308215325 0.204343949913156 0.478019245621135 0.567366206798678 0.300744106209209 0.251463870908523 0.583207619296174 0.573653921299541 0.457372421465335 0.55257767276064 0.300698552487523 0.346176304223932 0.889514336007913 1 0.66689849295676 0.784368029618518 0.193280856126872 0.120250771824148 0.347075796358311 0.321245499058042 0.317683076407197 0.326609760621671 -9.44885301737068e-05 0.00700677097323186 0.754190963077571 0.804806079473786 0.482111609864995 0.443268820920862 0.805261066210119 0.776029650879689 0.286817622630053 0.331045844790807 0.54905258728752 0.483003942046277 0.414674827065029 0.38634080324158 0.318968490967117 0.267621923531954 0.526226932364421 0.538582065456869 0.545826316601457 0.628946957428156 0.626328774955348 0.635790930874243 0.535124277000386 0.55992238433011 0.538702572810929 0.57424355923587 0.434533904496865 0.541704248676678 0.623794646815475 0.668810918377124 0.802237125481547 0.781731296565113 0.518145537378585 0.614287133848485 0.437520802215252 0.361386171970773 0.584583855685998 0.682695561629186 0.297607851389325 0.352486261817343 0.580523888178206 0.560578693451081 0.671286397111032 0.671854547031837 0.423826783196571 0.453391575855461 0.408405487896662 0.55738591937133 0.215476561778118 0.205075746878326 0.386434861396475 0.401237275132788 0.71417866491432 0.737579749805569 0.852879546778495 0.844036425535529 0.563424647275889 0.578707724739328 0.630753667926029 0.712013585412063 0.206694866788829 0.219919185431327 0.497613232624531 0.643749533754177
0.749140778789929 0.798472653106329 0.700896916097325 0.778677984845862 0.278613388855945 0.376273503462809 0.680587267815622 0.73104360980945 0.475834087599976 0.50865259163677 0.412887643900761 0.594027778199691 0.533918105323052 0.604967914709126 0.233487673225491 0.544019481688772 0.604723871854234 0.66689849295676 1 0.889135540757962 0.243505440769255 0.23773585579191 0.663224660659651 0.625500055787988 0.437355912938868 0.517294503549439 0.175725784075773 0.116349791658889 0.672971065699104 0.656156958806705 0.619257527380627 0.563747189657608 0.802501341929109 0.821805413539987 0.568739229256835 0.404615824610367 0.577232173161464 0.542063099779522 0.426153027974255 0.540889644688502 0.189539682720253 0.216961837948707 0.787673647210379 0.764848378632831 0.766370623816357 0.74688103419391 0.746400957624475 0.818446381817432 0.761450912906131 0.733084366698487 0.765963966811756 0.761373983536681 0.723185055372486 0.796717419209944 0.748058385235272 0.801652561449353 0.743845608202384 0.727048078177574 0.705632975897477 0.76683156897655 0.604366155497517 0.60135824894348 0.678206066913965 0.63147093900884 0.509723477492319 0.589920239692619 0.771750761204352 0.728916505602365 0.784236842622443 0.70376725596722 0.694207425431195 0.626121469735895 0.376617774831914 0.636073048963888 0.311107344585687 0.470404444591154 0.323072646767469 0.508524752467445 0.5973697727148 0.698324827329504 0.73800612847823 0.831487800681413 0.546562736064916 0.620604687952915 0.777437468899138 0.802403011736776 0.112542644799135 0.349155404452377 0.697764278909077 0.822277729214967
0.77004668696576 0.839205742855558 0.622719013246089 0.75176307597076 0.295215308537871 0.395553672638055 0.622035410099746 0.72849214291695 0.39709403667654 0.4759399723652 0.585909015537062 0.715790512736454 0.536970253117431 0.640390459710951 0.334013310264663 0.494597611160881 0.727620324915356 0.784368029618518 0.889135540757962 1 0.180994494091452 0.215197361437879 0.526038087357394 0.543155811465446 0.360633532283988 0.419483893483971 0.112582601575032 0.131252480821382 0.781485324123291 0.775502322459137 0.586685709706603 0.512645791965804 0.854127235296733 0.863710985854219 0.40789386973693 0.308522657087902 0.641284756548533 0.539608466504478 0.431188921924875 0.549054865031274 0.280402304009001 0.254043981004851 0.677142401167903 0.684004847673521 0.691126860370798 0.737255463245167 0.69466104441751 0.784113249589183 0.707912982135382 0.695933075914124 0.718706788617582 0.7212530768861 0.627078306651205 0.721340334894433 0.741189362247582 0.800547817423478 0.805019321238507 0.798073301193809 0.650785841950266 0.753825555319734 0.577843154242163 0.592333591487211 0.712609556129634 0.740104804419906 0.365563481754893 0.505155793966315 0.734824018844069 0.720444521266379 0.794741447379569 0.79100185709707 0.641848663880278 0.608898316771218 0.415937140241987 0.641844447064506 0.272166802651887 0.412326175041362 0.329666638606703 0.522707245726208 0.628627691889484 0.707790943515728 0.823252872311689 0.855922924117862 0.584340850890999 0.610300731450666 0.736850558590693 0.77137032120872 0.106338422328269 0.2452427703854 0.692834843619148 0.825288510742191
0.17460406466219 0.201973894469297 0.252478687227211 0.196576718138244 0.165171265115255 0.204176529937942 0.1727710009827 0.161237996520993 0.111571107841913 0.14142930817422 -0.00430082230557635 0.0243834177580772 0.07264619224392 0.138644196611293 0.12540724326073 0.222717017524472 0.186403061249844 0.193280856126872 0.243505440769255 0.180994494091452 1 0.133530487344547 0.243528695465554 0.204720332720676 0.249253941335235 0.336465266170744 0.0791039578110562 0.0992107673770936 0.232524093913798 0.165078074518239 0.210677489164703 0.25472536946529 0.279505548372743 0.305882556968788 0.228169800336306 0.113770925154991 0.199627290200802 0.128052381497523 0.175994725216472 0.226221221675837 0.0415599177766836 0.209781811098959 0.242579261105986 0.294099684101595 0.221101756962191 0.295792671734789 0.24427795622105 0.233955478450003 0.178353685726218 0.205939188581717 0.192454471831573 0.179235138459884 0.175522929327092 0.190414991402219 0.216864122078197 0.23166676027576 0.234700180034281 0.184069491089603 0.13437140414246 0.185639001541837 0.175839265484361 0.12446644275622 0.0793433546570868 0.0904360993184359 0.255404834799091 0.216093280488558 0.188109711187371 0.218077101532505 0.141320987708363 0.145607625762856 0.232599063824693 0.196517257812369 0.16590999102449 0.220021266290303 0.145814932923386 0.0424094986118166 0.0918657811569998 0.140556034706523 0.302021819873938 0.252391249298429 0.24728440719194 0.211549866209728 0.265552431886972 0.247643400247249 0.197130219813587 0.219116281672721 0.195470475443698 0.290398405180224 0.17605346938414 0.196839375864903
0.183650449960051 0.142511644669191 0.29619853843356 0.274130187267521 0.212783713058898 0.28087294642564 0.187635956092677 0.185249412962841 0.207605009414289 0.174606481419385 0.062352493677504 0.0410916038078098 0.16577221675968 0.2028288883834 0.170692498090602 0.29583057833888 0.18570655941455 0.120250771824148 0.23773585579191 0.215197361437879 0.133530487344547 1 0.378046216575869 0.392277697727511 0.311401111262227 0.382212065905901 0.170662291171253 0.180181288520417 0.191196881918306 0.199759470161611 0.239690516200956 0.219045741815483 0.313799499509026 0.293433619048611 0.299593250911048 0.260887643506256 0.199006375290382 0.243233537169419 0.21720464899452 0.381713950559666 0.0933301067733553 0.0993550717908711 0.268682799500494 0.254705774125151 0.279035031041326 0.212258380187186 0.250858835043965 0.274819648474053 0.258083546491695 0.282364291780262 0.277915344482416 0.298713625197627 0.333462661556268 0.295963931376287 0.24687718576418 0.281708193695119 0.190535610569754 0.107564202643054 0.252777755877975 0.263536882848088 0.112009157104314 0.116528205287716 0.236391408568965 0.141619028045781 0.228952735765031 0.229186788211691 0.365481300196561 0.302535844426189 0.224947050678115 0.210292938498091 0.299107663102432 0.387181555283997 0.122998010574791 0.267902740344672 -0.0341922124500732 0.125871741855737 0.0797981264322551 0.222551342495723 0.195112288793936 0.137357289519708 0.214475322440238 0.232739295716592 0.248373173051784 0.26546597157139 0.305958961612164 0.25835444338404 0.150602297106803 0.237941723637602 0.295698468911562 0.234860919284502
0.485634955104662 0.414740391219221 0.767524755843868 0.698576842032598 0.481635282239401 0.479371229334291 0.70064553697606 0.563837786672026 0.620873244626479 0.5355124949113 0.233526262751814 0.210545409262023 0.472222434060242 0.566079371969598 0.477864159108314 0.568983412441988 0.324864035861642 0.347075796358311 0.663224660659651 0.526038087357394 0.243528695465554 0.378046216575869 1 0.839323497933408 0.659768595067755 0.704446071730487 0.301102638199653 0.103084571770939 0.485286613701463 0.452705555716735 0.554464116234308 0.592412719922737 0.564684163472047 0.535449651728949 0.717066166180712 0.504982632494687 0.424409473115103 0.434554657446812 0.368072904570925 0.347797844838528 0.0407741186107067 0.169210900402767 0.697505366059615 0.643331039610794 0.661950756238008 0.52440142328516 0.580492359084092 0.591051611663133 0.608841411088116 0.562077953339222 0.54413978388923 0.551117738183895 0.571963291354889 0.612389494848029 0.52516380341462 0.520400887982567 0.401854770111625 0.345628547257578 0.535192013080746 0.51305827910189 0.488371420142447 0.446491372648886 0.40181299592381 0.354523978886781 0.659829469683532 0.605365611924021 0.630604029888381 0.516779452906755 0.53340965041477 0.411008994933622 0.57894858494634 0.547873580776043 0.317029161225062 0.463483514804214 0.22066361976871 0.272158397604412 0.3303006626576 0.433897078996247 0.366743274474877 0.48323758425442 0.422060404704861 0.566349829506123 0.531704668886339 0.566401996279792 0.696761853602916 0.606311449994041 0.365398371654662 0.505517692633866 0.619506441814289 0.542861546994384
0.469418296242041 0.468260511524465 0.731856380119321 0.799560047157687 0.490333298122534 0.51405663369039 0.610261365968805 0.679444220185085 0.503564385192858 0.620564047378969 0.139885978162283 0.255910762844756 0.366213011957332 0.662925329533209 0.379698122689744 0.640010150928678 0.306932310156489 0.321245499058042 0.625500055787988 0.543155811465446 0.204720332720676 0.392277697727511 0.839323497933408 1 0.721453623600362 0.80324051351203 0.335841390194979 0.203531873052616 0.448048447871418 0.479823212746946 0.577112531552481 0.670583003521139 0.589232335744375 0.574820710600194 0.689783640642133 0.556054367632013 0.532542879793746 0.507447787610256 0.443339707511089 0.441434326293307 0.0844945366975836 0.227293601299555 0.740353926414732 0.677137535817262 0.673584734277941 0.525639496854438 0.574532771725037 0.602417773908535 0.611342010319249 0.554082831219882 0.623263348984662 0.622894109133875 0.567756241385854 0.595097825290703 0.566080499588108 0.543903331253053 0.45418605197219 0.422058559130879 0.565614118817837 0.548280195067748 0.420026795374674 0.547993290001719 0.336974222605056 0.411236538457544 0.624988067938451 0.800435195999939 0.723980180815506 0.677445869039004 0.584198838181461 0.428445829412251 0.652014461919457 0.623273165410703 0.335030307517171 0.459139313099873 0.227994832472985 0.336313479984155 0.318755020377901 0.496435873914096 0.33602387673042 0.454449959950944 0.432417575364919 0.59104960392672 0.50252510461317 0.648481635380792 0.690697468285659 0.714984250181227 0.398938263892369 0.563711960777464 0.632595663682524 0.633148543913185
0.32424175304375 0.359831146969659 0.581010940748856 0.5353496573728 0.359812126997644 0.370061983188191 0.361141021314998 0.406486808849685 0.267998935205568 0.310823148863257 -0.0334976290087702 -0.0518206542675951 0.20115396031479 0.365626692262846 0.23701718591328 0.354492948109439 0.351867637914491 0.317683076407197 0.437355912938868 0.360633532283988 0.249253941335235 0.311401111262227 0.659768595067755 0.721453623600362 1 0.810758915404978 0.31186389812698 0.17553030482149 0.330766366964361 0.369663544872765 0.545854077681021 0.590141873152541 0.425081625703899 0.443642803283947 0.642837403294254 0.548009031588766 0.394399275406403 0.334216843726084 0.378297979718465 0.290392448464685 0.00860285809168881 0.330031481994106 0.498746554341195 0.460755345840177 0.413023267437788 0.326385740671992 0.474061423951766 0.467426258513808 0.379458654334987 0.338159915203108 0.395053300395976 0.381997889351077 0.36085938700064 0.389510188956526 0.437879701023308 0.393414812280703 0.369023760141036 0.312441742387835 0.307173877185675 0.292882786994851 0.153939164494434 0.197601247725395 0.0139447486680812 0.0879571563463834 0.513964224604972 0.579792867426112 0.489605931289677 0.489648913776433 0.445672153124239 0.347012860769097 0.438597700810883 0.554860543532204 0.411713809461979 0.44228764202964 0.165790091994908 0.184530280267511 0.235423518548313 0.268926482267639 0.340617533316403 0.38451335738645 0.33050452261572 0.452378993371942 0.412839991438784 0.493949759004216 0.460038518528079 0.507119558836515 0.355761979082125 0.413747986380105 0.311233219687605 0.338033779971499
