1 0.809373766168579 0.334821833907879 0.538692980243081 0.235185702369867 0.289058735239171 0.530753079926086 0.469549690716235 0.319869649286586 0.217842974684023 0.747576402181509 0.716023257238525 0.680904902422844 0.566965381611149 0.481562061834691 0.391696623568758 0.5855436297192 0.617429037131828 0.580554115823249 0.695569614292493 -0.0251252596809428 0.0565772012679031 0.352793570544601 0.321448863265052 0.247503407482626 0.30207143681921 0.139623632854321 0.164122353568167 0.392242445135592 0.541707279021067 0.228867547623517 0.100161287845038 0.432687803751087 0.500335834769186 0.0328039617998945 0.15638536439517 0.129052584320236 0.209521061024064 0.0808766264567321 0.316475201684336 0.3583030794577 0.359601890775001 0.0580797506620563 0.0760948929005711 0.213590644921383 0.32722464288745 0.256401493307092 0.287490445740935 0.224291620100488 0.366267180367445 0.332424936149734 0.403667951068413 0.223025037982455 0.196577401833597 0.382333440779527 0.385586798450783 0.784767119910667 0.761227062838469 0.483974803410683 0.431186222921359 0.649481150239353 0.369730707612121 0.563156787768339 0.444820388655001 0.306298488257227 0.405836228518403 0.166889059194486 0.171861384087534 0.645210117314463 0.491108442330677 0.101900320210391 0.0297516939075339 0.028590896021977 0.349094931495567 -0.00591757376896102 0.119706981106591 0.30763814832787 0.0205452508507674 0.238260847846654 0.423352871605819 0.662787727919962 0.672445679647501 0.402355289362951 0.500330576856223 0.691251261671389 0.647566398152612 0.246586284486255 0.154586263547976 0.511455020656134 0.484026706597811
0.809373766168579 1 0.283446320016982 0.446584977146722 0.175431434865299 0.251490775188448 0.36198720553839 0.479852896837143 0.225931646333385 0.215810950724916 0.644735293777656 0.74760478827387 0.442089938375938 0.495504654477139 0.317351225149011 0.268833153622468 0.607912069109355 0.706377993304221 0.584633402439989 0.78412913394245 0.0395167684683212 0.174510419338781 0.2263909718051 0.253788809537205 0.132082179217925 0.244392436679385 0.0711273829389621 0.0978035942368339 0.482494194146384 0.646779912451886 0.302044147359533 0.112657293687562 0.407046855115546 0.539572728317936 -0.0661378216406822 0.113101754093492 0.280983839665861 0.329551029485685 0.196555548545018 0.445263291818024 0.407356625178914 0.44468927407051 0.0979247287820649 0.215138602477523 0.352411904928021 0.532092978932562 0.383720079629148 0.397055443637367 0.373005185109362 0.466726465303006 0.286168689117606 0.364476160749049 0.110455712532609 0.0634339988542249 0.43807963079416 0.474977358801314 0.837389749788919 0.847854430517978 0.531046708059477 0.506415382563779 0.431939947887741 0.369331334820547 0.426033511156735 0.534271033461695 0.0727694780380821 0.243128876567587 0.124809023711402 0.19015339882819 0.688304876674793 0.511986454026549 0.0641393101859722 0.0407604475620786 -0.0228118488629049 0.297141510091487 -0.0283958648312149 0.0580933264795695 0.355421683314511 0.0559038663934891 0.209396870270623 0.534016904719545 0.720450763272388 0.784363568337469 0.45112027366113 0.590935561367819 0.535070714129073 0.675934788584851 0.201043435241449 0.195243889644051 0.406324880927947 0.413148191888296
0.334821833907879 0.283446320016982 1 0.623954256115359 0.47366684857945 0.199269528340552 0.758770132427469 0.429563716727184 0.393602905521451 0.371565316933813 0.0754538549906248 0.177332323712546 0.489263787375002 0.272784361007551 0.64213709699615 0.436145558358221 0.13789201530971 0.20857726599265 0.435891080811259 0.341052552978345 0.205714512740496 0.219417403622403 0.817800701013461 0.685321119296109 0.505398451183153 0.493410442019189 0.117687077017855 0.302124779940749 0.175308996807316 0.216715991963056 0.647654637284881 0.576265157242855 0.639131228674151 0.528804742957904 0.574266102278414 0.472969316230118 0.258126408807629 0.133914286761448 0.284806891599492 0.210760465332666 0.121714107315127 0.0670054040916572 0.508335823688617 0.400244314806067 0.417209934874109 0.279391240987527 0.433658941671512 0.50238368568426 0.311426040335073 0.331457233392292 0.496603056176042 0.373019772396348 0.315602810915051 0.359523594617234 0.413664638133376 0.407712476235708 0.241578367218283 0.212210964503952 0.211632564853576 0.189850617808264 0.520657989967053 0.296175004370467 0.283669174313787 0.0529624480088359 0.673857669994509 0.484451365888362 0.771424553935409 0.576325213974427 0.410309973215012 0.276505213697612 0.530384075155199 0.442170217535516 0.167404136823076 0.266741680030923 0.0227459780937256 0.210862520487582 0.445986068932462 0.40941272308161 0.307380403053762 0.412671796563084 0.351360089448815 0.308870184628095 0.250148223948784 0.288908175249849 0.59333446291258 0.434385156330834 0.160875509744447 0.242219333254894 0.432659486683074 0.474077542535678
0.538692980243081 0.446584977146722 0.623954256115359 1 0.516683487829421 0.490525910548944 0.76992303526409 0.793652947072809 0.46566060303784 0.518699835542506 0.296384810819479 0.435235356441614 0.628252978660831 0.614471355590307 0.602051690026601 0.587272644558919 0.29125866571137 0.346215999633752 0.397914598597559 0.460480360456996 0.0681945961437577 0.0981965866192116 0.572480432817701 0.637078032832996 0.360767642233954 0.525363245629532 0.205553031352987 0.317357217368899 0.23638298471852 0.370306407041448 0.395592751271374 0.486237026111158 0.622671735947665 0.682618035475881 0.495023767061475 0.513206203220288 0.044827563600385 0.0502842741370285 0.092428127738977 0.136508095363938 0.183635909222837 0.164147598921377 0.371464777320172 0.296536766444723 0.303805910575378 0.234140279955014 0.368887000733607 0.39553832363799 0.245563532222708 0.292279888978477 0.549999554782652 0.530417835608412 0.495981065923308 0.446841411693273 0.456509604428337 0.418169849873522 0.384111777009182 0.368529213842755 0.390131006587353 0.422590410076909 0.730563185625699 0.691455652871866 0.473804419040102 0.371355748245573 0.592871086182496 0.824039028824337 0.611809500078646 0.586497963661154 0.437334284957024 0.254752163633512 0.311821373059959 0.323753750942497 0.102948245782631 0.336729789090106 0.0335358097141208 0.18131008669278 0.37151653684685 0.196932501598747 0.354021169384107 0.453286814074366 0.451630894495298 0.384550541628376 0.127999740624602 0.141438210015514 0.520833743938006 0.612081570720583 0.0464708390322312 0.0421674426092268 0.507930020045908 0.627645135866447
0.235185702369867 0.175431434865299 0.47366684857945 0.516683487829421 1 0.444720661051885 0.60768565728816 0.502267121669621 0.507144169031897 0.475293915586849 0.0731401902673352 0.143494714532537 0.420736196200901 0.239308702054573 0.51312434019966 0.331565767430047 0.123587365785042 0.159082902058903 0.128377472889359 0.123345838167969 0.115507032272571 0.165487864237935 0.412789401749491 0.443502204337471 0.288085370528006 0.329115375590509 0.168963686077266 0.00694493904662059 0.22729480708815 0.214400936354057 0.396414141678146 0.401263342230503 0.447497401366476 0.412384221003356 0.386163074892121 0.253218620656336 0.0881957992217013 -0.00718840571721855 0.182506201383872 0.0937885990316666 0.110064334599685 0.104161662981207 0.336398397522831 0.233723225910225 0.293012562658497 0.192748837065739 0.239041551798158 0.336435260401297 0.274750610163404 0.345709858604472 0.541863333808968 0.446382582083002 0.488891259731426 0.374487684051721 0.326609586205028 0.332687485111564 0.194198038064886 0.189419198104428 0.41023765515355 0.351856193394564 0.496874532470425 0.443594499165057 0.394568859044733 0.178855755036397 0.318950103162517 0.406062446444151 0.489863759655257 0.416288800108651 0.191973669184438 0.0346718388725926 0.418637198442155 0.350747869509407 0.0226458528541273 0.224809109403346 -0.0235313865948376 0.192636357203581 0.289457038640619 0.12223590330153 0.341334667194507 0.302873193651329 0.245519144658259 0.19946267392834 0.0944624373805809 0.12967860008741 0.291654759841435 0.389982085149851 0.0120209283852514 0.123278130633412 0.273832323912979 0.422901842673435
0.289058735239171 0.251490775188448 0.199269528340552 0.490525910548944 0.444720661051885 1 0.41842378869805 0.614605134238497 0.21042332702884 0.400830543392872 0.295137617778424 0.331042703849113 0.413156443272063 0.481822071035047 0.32971375654548 0.377239234038892 0.266057894826843 0.266996000166777 0.152793709056677 0.22951595772896 0.0224192938883884 0.279338928297744 0.228377523397843 0.1813440851592 0.296698826014672 0.332423498783364 0.489486698187972 0.158217548199032 0.244653252215637 0.367486031397095 0.407034031146999 0.219858941222236 0.442956616095135 0.423607584754197 0.238278271170441 0.191088445566132 0.0731633575466414 -0.0732150386925914 0.145929876424278 0.170735358004736 0.0674674587462688 0.306033055789378 0.381511670886229 0.354117928968662 0.368695785580835 0.314891684448528 0.388112654734787 0.417635084613299 0.394928620043878 0.443889119059231 0.454616429762832 0.494937353704254 0.389005907960956 0.339114764045193 0.353951250851311 0.363695279789186 0.221386123369663 0.224637657224823 0.511458990314599 0.551297333957676 0.4174627511229 0.570436897268788 0.423595066244986 0.401369326518371 0.111179465871083 0.405523489819196 0.365816799936232 0.357419775336567 0.128466992976721 -0.0193165559067999 0.204244152892849 0.170064690277138 -0.0946582753252088 0.274039893337916 -0.0789458384299252 0.14828292774102 0.292893788990471 0.0862638711279528 0.362743123178137 0.39284646436284 0.361614007288439 0.297043005616974 0.194218378163998 0.0621955252709532 0.269018261163219 0.439134426209425 -0.00953520703035345 -0.135392723625675 0.283950196310197 0.367788710569048
0.530753079926086 0.36198720553839 0.758770132427469 0.76992303526409 0.60768565728816 0.41842378869805 1 0.740952320640854 0.64690163300954 0.575133220239401 0.283372585861597 0.328687758290758 0.707985118788032 0.479566542046491 0.67337259681121 0.512572641078354 0.281670617812999 0.298426355121641 0.42006578547966 0.408243322299938 0.0366033276738123 0.0796208588162904 0.582537775846953 0.545720144815831 0.316374060932231 0.40332292627677 0.080248636308948 0.178120655629291 0.229054321291386 0.270510800690247 0.403719147378411 0.338251848996642 0.616272320748881 0.509019452183549 0.472046075072553 0.36490552831519 0.0924104168841723 0.0315032774077284 0.114121381738471 0.132800068614096 0.146021140523015 0.177033855414406 0.449957150172724 0.356329909584329 0.380531412285834 0.269316719692302 0.38743709912854 0.436170574794311 0.324624884684529 0.37057507715446 0.56896958089071 0.446721250508256 0.42637772688925 0.388379391015321 0.373462667160981 0.340413742605519 0.325028756138699 0.293351631880281 0.419044943372705 0.337709320189987 0.734162323068191 0.530818214565442 0.488929597025716 0.274067414034163 0.622418721332498 0.665073381134052 0.610742055913968 0.465145031425531 0.415807684370023 0.301610661373354 0.446195889892993 0.394433976528758 0.163943785723841 0.387764309868969 0.0616408244082495 0.212593823653826 0.375523096268779 0.251866884789719 0.414740912974295 0.407973271244685 0.387054353544651 0.365446912806464 0.174934122820446 0.239451453508459 0.570359489066381 0.521588962919968 0.14740270241035 0.111391166420256 0.490155426722285 0.522778046307094
0.469549690716235 0.479852896837143 0.429563716727184 0.793652947072809 0.502267121669621 0.614605134238497 0.740952320640854 1 0.561149284170644 0.642634582736621 0.312402451506647 0.49553365014373 0.578127040324528 0.692478693530412 0.4252826135186 0.532561357198414 0.388702169150838 0.398729876258982 0.353736197539584 0.489808203081213 0.0438353652786286 0.0994955083201751 0.258558622043431 0.36249845498029 0.0831314730545785 0.361775259717299 0.0787026154637059 0.0253365526175133 0.379198966171045 0.464075986101846 0.327378632923996 0.32568377539605 0.534899097485675 0.590661575449654 0.287208066624876 0.307457982483184 0.0834697294932998 0.0201455692901129 0.15541273076703 0.183164660259514 0.129808782030089 0.218856970030777 0.412230340541729 0.404302310640561 0.437838749211763 0.384028896120265 0.423276712386013 0.438473394980874 0.388129135461609 0.401975665777181 0.518467311391005 0.504704646523021 0.409000108361272 0.350095015628193 0.400218275119776 0.359273772799814 0.371719583724132 0.375969325822316 0.542697076740032 0.562029143710878 0.623544487101763 0.819951058512317 0.485188679987439 0.566789203763248 0.270761575086284 0.713494620553321 0.455888422555942 0.537196948297645 0.377912650701204 0.268856889009571 0.248090331164082 0.338300605387896 0.114416687211738 0.281084842143229 -0.00229742312025041 0.0578407971899062 0.331720429969283 0.228925594453938 0.390718570228726 0.554137866450744 0.451020799196819 0.454270333780885 0.108873476107386 0.170768180743667 0.316755277689221 0.610883571868382 -0.0288227977838119 -0.052100683170425 0.339722988356198 0.501530705200407
0.319869649286586 0.225931646333385 0.393602905521451 0.46566060303784 0.507144169031897 0.21042332702884 0.64690163300954 0.561149284170644 1 0.687187761893507 0.218826017889656 0.181561540573108 0.418477720737937 0.285918624305861 0.551185920720689 0.495074081476779 0.181675505384675 0.14114205934389 0.266146982670501 0.187591578148234 0.0445536130330308 -0.0945268740163145 0.216244625646022 0.21738559584048 0.0272534934198973 0.108116052509663 -0.131804164084782 -0.0908158315745964 0.132881858733631 0.120517554038384 0.036973482948191 0.16096366456452 0.223591265575606 0.169244447726897 0.255858736825965 0.160493129149834 0.0899938511440795 0.0247600438301937 -0.00811312014096352 0.0449142241590677 0.0244578558669811 0.0905851849173487 0.0605494454530713 0.0180274633940389 0.0778062809170402 0.0308616604823998 0.00793179445730116 0.0686033950122113 0.0898532190525721 0.157128669541749 0.265461918730365 0.143502738615376 0.212310503312296 0.197620387760379 0.0783922746921849 -0.0117206128551672 0.182660298760476 0.216734442703534 0.248851746134362 0.186679160576026 0.397389864757907 0.402142962600846 0.303851802060792 0.259430691544077 0.223966570891156 0.350392008887646 0.239752614564141 0.167199745649549 0.303778596221096 0.329341116269557 0.300782695230236 0.340086773722384 0.276513345698905 0.217226163603006 -0.0161905642575935 0.094791142432349 0.18722365816297 0.118719031386974 0.23429893552952 0.0858037065632662 0.15622251753256 0.184282115159452 0.0643635606960639 0.191959531524219 0.241554414526712 0.313672593452392 0.0840234529937739 0.181466558286207 0.192700986278513 0.222398914792741
0.217842974684023 0.215810950724916 0.371565316933813 0.518699835542506 0.475293915586849 0.400830543392872 0.575133220239401 0.642634582736621 0.687187761893507 1 0.15017973023068 0.216471362456429 0.401073765831346 0.470681771927604 0.440483664695917 0.660757361104709 0.172012021744083 0.169885999484163 0.250299703514978 0.241303933788386 0.185273115720536 0.0160463004043417 0.25159425817444 0.371023072270585 -0.0128348674916408 0.191533593586036 -0.0296133362184518 -0.127081127331036 0.182108849569039 0.273455250359658 0.181301038113032 0.266213241226958 0.241908370130907 0.276964540119642 0.166512878295155 0.135344178526134 0.0543637491383273 -0.0799570805255226 0.102277451244235 0.106884718646237 0.0404973013525411 0.0351957182215842 0.108476412388255 0.105543731385383 0.101566201499117 0.0654761735823038 0.0841058521180797 0.118126444693005 0.0872823693699479 0.129922312527152 0.236225092338439 0.197730216805479 0.198048795621411 0.183617531472604 0.0946714280352321 0.0884462225283136 0.138460089671517 0.194423582257424 0.280020383821733 0.283561529849589 0.375476559120212 0.526340754238721 0.380170154860498 0.395175399763452 0.139272834296641 0.38509099875812 0.237700152519411 0.295936392704878 0.318357261995934 0.277497059499965 0.269053400382933 0.400510847839375 0.225008332049191 0.152038758499802 -0.0417355046893606 0.0101489884950312 0.263176582796216 0.252235702083988 0.295413181714832 0.209809982393954 0.16082504069926 0.195969761470501 0.019996460486677 0.0650051482477284 0.139408061103712 0.411678473793087 0.151204394936844 0.305160216788955 0.107793534310455 0.345956596980296
0.747576402181509 0.644735293777656 0.0754538549906248 0.296384810819479 0.0731401902673352 0.295137617778424 0.283372585861597 0.312402451506647 0.218826017889656 0.15017973023068 1 0.700239058604603 0.595988044628242 0.48947643158434 0.380674740514883 0.328185968436613 0.507738104003184 0.509046812330108 0.502633938042928 0.550581145940582 -0.132885996887457 0.0373096253321123 0.13908632630214 0.0601277526983825 0.157077639559564 -0.0175926526849312 0.215664003397726 0.146947755563533 0.443690516516693 0.50042405602665 0.0642132888098357 -0.0404666163183553 0.29054391717248 0.34618575616373 -0.0910635358223028 -0.0388785343104095 -0.041897652267568 0.0522786533516247 -0.0520033582281437 0.229380208285303 0.259618776802816 0.362459804278031 0.0361527778915171 0.139018342311165 0.152375372757775 0.324556303744275 0.261319413458777 0.250577510033913 0.246468362770027 0.346900646796243 0.163998848646505 0.239981179433607 0.141819689304205 0.0941409328295303 0.277319968713466 0.264909703853382 0.559591563549851 0.593700546185496 0.417458928894322 0.358273716931587 0.370224844022002 0.226665262837834 0.503093657370558 0.521396796445095 0.0789331738267093 0.149885353730568 -0.0565293020203138 -0.0496749834602585 0.341923266353711 0.313912482275346 -0.0502773857738293 -0.0683077929922289 0.21263382110872 0.415801904155205 0.101455470502516 0.22644184206627 0.212280282308607 -0.0353979529671103 0.132116044438286 0.27463740998772 0.564587457926785 0.612340507643252 0.406817586381382 0.477072233815485 0.523980406227865 0.475468962415004 0.239444002237298 0.112522261383564 0.321769025949912 0.259888544909846
0.716023257238525 0.74760478827387 0.177332323712546 0.435235356441614 0.143494714532537 0.331042703849113 0.328687758290758 0.49553365014373 0.181561540573108 0.216471362456429 0.700239058604603 1 0.517648420231822 0.699794375782117 0.297018894378392 0.36484596745237 0.464028502291031 0.525432912336949 0.572953349576726 0.73918686788273 0.00447724812064921 0.176639349114991 0.198579460043332 0.25132898383911 0.104699069888871 0.116063130730977 0.136052842015126 0.0814277896822871 0.463166639858032 0.607687173290421 0.263683179032367 0.120943286358653 0.397057254660266 0.489753969084726 -0.076255892846217 0.0971102544208014 0.000648599656078892 0.24357880306138 0.0272099808201905 0.348245675048509 0.325377164058838 0.362587535369812 0.12799653608132 0.217719067079497 0.296839865214406 0.432117168933992 0.350869916099925 0.375495710597522 0.374689664694121 0.483943756120696 0.297601930383337 0.451067286868325 0.225260618679555 0.213695242849684 0.486244283777621 0.480442425105761 0.593935125974605 0.640677216865637 0.580787518071932 0.597845571234701 0.368283143064024 0.421181127766815 0.523470255496793 0.577241282510622 -0.0389433913972835 0.22103501811336 0.0428745902928583 0.152496524194574 0.466283327858249 0.320375579279513 0.0340480138164995 0.0358900323505291 0.0231830172257689 0.376629679802961 -0.0190813664006503 0.13135549508631 0.300417161429382 0.0338725546749672 0.192100222710189 0.454593316803166 0.614471645886286 0.67264114155127 0.3659599831666 0.442745294218294 0.47131965717879 0.628907528824075 0.174449557752585 0.0748874750007301 0.325823405055344 0.439071208598456
0.680904902422844 0.442089938375938 0.489263787375002 0.628252978660831 0.420736196200901 0.413156443272063 0.707985118788032 0.578127040324528 0.418477720737937 0.401073765831346 0.595988044628242 0.517648420231822 1 0.670699979011931 0.680974422582145 0.624117080751625 0.358770561250357 0.320777212953139 0.445497263545329 0.451916371535178 -0.0358037064289792 0.126038732797946 0.551960750339087 0.459819468975645 0.426653333250559 0.318097455809568 0.28689487952952 0.185161300477443 0.325743258476655 0.384008985550846 0.343826246704238 0.249057652279262 0.529752772927176 0.503082735313744 0.331828226849039 0.345564902293154 -0.0450815107676718 -0.0815703115965515 0.115247656176842 0.0967839494493492 0.176389181441549 0.117892801908118 0.359588892810464 0.291608073363123 0.339861895217147 0.271878253842525 0.358735599516336 0.369753605708468 0.30076029442938 0.36559036710501 0.426900311603248 0.443541488863315 0.397074920605906 0.379746402173436 0.388203103664572 0.351281996355551 0.382734798399419 0.359859107571936 0.412484744729583 0.389592597892342 0.694634229356591 0.469480430153148 0.555637926887473 0.324350915617358 0.489613989707487 0.597192843886757 0.446065521886173 0.404807390731459 0.370055101022714 0.326719576747153 0.243772882503893 0.26687337604556 0.135575870930341 0.359038044739908 0.0562293789629459 0.222245419863775 0.318748321890049 0.234105289195267 0.329536435852466 0.361128406994704 0.469585300602046 0.43825872692806 0.291459829041603 0.31577085232345 0.585010376713734 0.53109796333254 0.204420862880613 0.120025302788165 0.410621368116697 0.526744824208124
0.566965381611149 0.495504654477139 0.272784361007551 0.614471355590307 0.239308702054573 0.481822071035047 0.479566542046491 0.692478693530412 0.285918624305861 0.470681771927604 0.48947643158434 0.699794375782117 0.670699979011931 1 0.417907450881664 0.722092759435364 0.387208694672115 0.375289630278379 0.362236129424087 0.547308983000344 0.111057663570236 0.171882129423172 0.327560093393917 0.431149237980995 0.248143831490358 0.376557668778682 0.224019927196272 0.0406832457213233 0.418494014467986 0.58098521125497 0.350277222107487 0.340564414245107 0.487306369683533 0.57755151441232 0.157638927481913 0.252650187979664 -0.0158746688503372 -0.0261723869672169 0.138418729600935 0.172966683358068 0.194254708595973 0.217497908015422 0.306023404259027 0.322850994483789 0.318448411919607 0.297009105413723 0.348136569499465 0.352512366337096 0.295988714424262 0.332853933844535 0.353013278538606 0.47590324417634 0.33506767732899 0.37844821075567 0.464374832870722 0.389238029214862 0.389998216810342 0.392421438852901 0.426768195456413 0.485919195570866 0.544962826873811 0.629968209208176 0.568778725988054 0.605323662062534 0.188813959322101 0.545055172101379 0.301438795752623 0.447044788329303 0.39510397867563 0.264252312076993 0.178345675611943 0.262520436329883 0.105272326660282 0.305211905287769 -0.039107455803947 0.105540439597315 0.35351801979022 0.271721904950542 0.33821532814181 0.519437247924325 0.499317944740382 0.51746850427491 0.224505996864434 0.263447488899041 0.336669900001269 0.632691201518962 0.163345884025101 0.0536066212612692 0.349782091983213 0.591905957727792
0.481562061834691 0.317351225149011 0.64213709699615 0.602051690026601 0.51312434019966 0.32971375654548 0.67337259681121 0.4252826135186 0.551185920720689 0.440483664695917 0.380674740514883 0.297018894378392 0.680974422582145 0.417907450881664 1 0.607532447977793 0.263170448839131 0.24002665352322 0.429073402565478 0.289900489280842 0.0255377340132598 0.162119633263301 0.705689769956571 0.497055138654925 0.644221004578127 0.425893683232577 0.349230162123266 0.292017523172 0.258096273989371 0.247041643568524 0.439809860107136 0.353950085977123 0.585477029482862 0.459656472312272 0.468183125945739 0.381199695542666 0.0961224844127258 0.0451312287466077 0.153936453551108 0.0798039392352519 0.079139222644691 0.241132139900516 0.337760721658084 0.21806960706319 0.251583710186955 0.177329077553682 0.331204049376734 0.356612539928591 0.276188180494315 0.345984735718568 0.46116595954733 0.383486667819305 0.382715425898131 0.398808979015905 0.456877540235589 0.347280937179101 0.34524631470818 0.296546466954315 0.350274748839114 0.258005165136608 0.484809445977411 0.24918636263129 0.440525725632297 0.158316544354131 0.540815969121276 0.453858270229762 0.535286829409831 0.330616955196492 0.379923448480249 0.317373679395949 0.382924561910813 0.326443062657508 0.244658330228243 0.438192834857824 0.0592976443279104 0.24909057673973 0.418425105427348 0.303589428186234 0.295377318902755 0.268515818693738 0.407404624253325 0.282308232078426 0.317607389481625 0.310252326971738 0.588988493682156 0.411983114439984 0.226571296839738 0.24377215473149 0.513949335770984 0.525483013898456
0.391696623568758 0.268833153622468 0.436145558358221 0.587272644558919 0.331565767430047 0.377239234038892 0.512572641078354 0.532561357198414 0.495074081476779 0.660757361104709 0.328185968436613 0.36484596745237 0.624117080751625 0.722092759435364 0.607532447977793 1 0.212033135026657 0.143170559687628 0.334256449327786 0.292731672906241 0.192899671325751 0.0981884655895081 0.455101531802688 0.535580293240088 0.357899516365395 0.431047493995207 0.185662960532968 0.0683025793122616 0.209012105085718 0.342432440589941 0.28599999203081 0.398888066822756 0.403176216411135 0.42471167126207 0.27623917200262 0.303760529281969 0.0677227471451332 -0.0730247623593645 0.162765437376887 0.161751484011149 0.0762271063937549 0.0740776314255349 0.238602763992068 0.183241042072203 0.175702042239071 0.125569498727659 0.22547169439147 0.237728671017438 0.133524776956188 0.146534942154631 0.305347671419816 0.348646580750349 0.290552840028768 0.355614178405418 0.31258334664768 0.287125863558154 0.216098144937571 0.232934252103137 0.248668893210022 0.288345095293341 0.470892825737056 0.472324531762184 0.465161097931894 0.361046175962471 0.362388343155804 0.547462771420978 0.392793000843685 0.467222215980899 0.353472566262277 0.274858457896014 0.310951819139744 0.338890473927259 0.201112768135925 0.199655847977603 -0.0235613271955237 0.0297345893560925 0.327540997867584 0.321255373567784 0.308936858431029 0.267032414419536 0.28711336177002 0.31235186527086 0.213091938306335 0.221316498184078 0.375364864411851 0.557538462813484 0.236777671538933 0.319885348074292 0.287949072241583 0.585306553518097
0.5855436297192 0.607912069109355 0.13789201530971 0.29125866571137 0.123587365785042 0.266057894826843 0.281670617812999 0.388702169150838 0.181675505384675 0.172012021744083 0.507738104003184 0.464028502291031 0.358770561250357 0.387208694672115 0.263170448839131 0.212033135026657 1 0.805417653479994 0.37676696413917 0.626230741631152 -0.0504018519829458 0.180086214585074 0.150488912757834 0.189865303382533 0.226757851081695 0.228671939139973 0.349439816152646 0.00841894536299808 0.705875323118764 0.728129917434949 0.346416083470839 0.167489586008173 0.53214333897407 0.562737061788344 -0.0835475172198652 0.00198951330511905 0.318956993879541 0.228181744973994 0.268327692996115 0.187804839368692 0.396908996417162 0.46880534534472 0.14810120997141 0.25274248215545 0.305129914813455 0.410312117701662 0.323249863012773 0.335840336882048 0.332443051859197 0.402589070766489 0.24768342190683 0.323392118569081 0.160719200946887 0.220862285429275 0.410093994002183 0.285208768664184 0.744005151430063 0.639529856364118 0.446706110471124 0.371382209158142 0.271860023840433 0.291659817441756 0.498581177085796 0.618877869024244 0.00555878258027903 0.154982881926977 0.0895159216799943 0.0886836146392127 0.44893743100924 0.356631357481339 0.015506837711852 0.0753821454304208 0.0727210663917748 0.319689562418165 0.0607216784680797 0.0647100625398316 0.42198987822401 0.112519536298289 0.308797525700968 0.575046767712097 0.767926306732825 0.700330414264962 0.420336621068232 0.556353259625094 0.362831174921074 0.487542841389622 0.347744206914885 0.217004889728163 0.305189268938749 0.381631560661103
0.617429037131828 0.706377993304221 0.20857726599265 0.346215999633752 0.159082902058903 0.266996000166777 0.298426355121641 0.398729876258982 0.14114205934389 0.169885999484163 0.509046812330108 0.525432912336949 0.320777212953139 0.375289630278379 0.24002665352322 0.143170559687628 0.805417653479994 1 0.422367125928953 0.731368652428962 0.00327901631985582 0.182104045168937 0.198895248540955 0.24820322129218 0.204218646373795 0.262547868075914 0.255372393622546 0.0293410232216964 0.625834202048715 0.788494811418728 0.35139831829159 0.197380113901384 0.536704915484547 0.628794819447617 0.00807798739331959 0.0169553367013051 0.295870835829464 0.324720542061839 0.250349403475008 0.272130878137103 0.45349588306132 0.504241025705429 0.0873383020688763 0.206847128008508 0.274888924913239 0.408915497930955 0.293872662720981 0.330672336573776 0.297727257668308 0.352545887582943 0.182273640095401 0.232613134890137 0.0493844441419302 0.104635612515451 0.33160337102189 0.302793751448707 0.805305469251222 0.782802184040483 0.396610193817647 0.333160661849258 0.302820724623804 0.330930867231505 0.466045288565831 0.652401281334177 0.0427248320228385 0.187552026530825 0.110703063660363 0.0996031838272616 0.521704377016525 0.351212023022496 0.0109734117799525 0.0570361778707682 -0.00138997236166323 0.269816933705147 0.0206531280828768 0.0945992330528087 0.438954942764271 0.0980212189736147 0.305299401448975 0.654511709273026 0.819962452749576 0.796164904321272 0.449585511774273 0.578741457102793 0.402625727041206 0.535343674902742 0.325132376373648 0.204501316569639 0.330677743538139 0.320555975485521
0.580554115823249 0.584633402439989 0.435891080811259 0.397914598597559 0.128377472889359 0.152793709056677 0.42006578547966 0.353736197539584 0.266146982670501 0.250299703514978 0.502633938042928 0.572953349576726 0.445497263545329 0.362236129424087 0.429073402565478 0.334256449327786 0.37676696413917 0.422367125928953 1 0.698401362599925 -0.0203725750423802 0.0442689011228507 0.387021002665255 0.304451811490711 0.19695468492295 0.0789620335476848 0.0949125966009345 0.147019156691319 0.39033138817985 0.46590985864156 0.375600399965821 0.180659792933033 0.382813394785536 0.364197963536401 0.0651235430989376 0.0325721995391543 0.12770482793104 0.160683166977339 0.174147180661506 0.42208348674137 0.161460405512469 0.204719154445909 0.078781605644264 0.126688190677861 0.200107849051568 0.264527747279598 0.279211858001552 0.253714275207644 0.223896088218247 0.290510405398142 0.130931527698921 0.209818282802147 0.0525611375226813 0.105474864444809 0.318713282594812 0.337288345137249 0.489873941768832 0.515688268987619 0.2890892881835 0.279697957937945 0.268401447297273 0.182248907494427 0.317869983300739 0.277943338609627 0.170076940900646 0.214995230103324 0.142306443489476 0.0707081722581901 0.498632978873512 0.446573402269167 0.179180923183524 0.1796586706858 0.192881029822912 0.240194216889727 -0.0653336025306931 0.129856109697545 0.287056114825926 0.180127406191257 0.172008480421036 0.356065934570433 0.50417976394956 0.494392241217459 0.373411822145911 0.456770651680004 0.605298134974721 0.415065793498057 0.202993676912291 0.317630681740945 0.26031084800331 0.32568615788795
0.695569614292493 0.78412913394245 0.341052552978345 0.460480360456996 0.123345838167969 0.22951595772896 0.408243322299938 0.489808203081213 0.187591578148234 0.241303933788386 0.550581145940582 0.73918686788273 0.451916371535178 0.547308983000344 0.289900489280842 0.292731672906241 0.626230741631152 0.731368652428962 0.698401362599925 1 0.0534434689659531 0.175958323154088 0.318247078446489 0.412846835329315 0.109771795715128 0.201091148884913 0.174275672052255 0.0694824919870292 0.596704571053115 0.748070920993651 0.407411538185094 0.21316496749528 0.517824678889838 0.587034441769558 -0.0637448512590292 0.0411620652311681 0.182416679142843 0.294712403627357 0.230460315170272 0.335767175465454 0.367112675092445 0.377142812934239 0.142724907980687 0.2631894801107 0.33031913944415 0.463380681359558 0.359239239822596 0.370397513338876 0.319749157399054 0.350466259731363 0.159239526751544 0.227365416693709 0.0136412404598961 0.0478451340510811 0.364042331416476 0.371108382309792 0.735365263398893 0.736738037825014 0.448247302392709 0.379484628942866 0.340076590921137 0.34220744464576 0.498740156832933 0.580522443325546 0.0643071153239192 0.238299768050484 0.119350267597695 0.208436938631921 0.61490617248592 0.436239805887861 0.0564060720849822 0.105818469378365 0.0423667757068125 0.325899866036318 -0.0636126797166981 0.148368421977988 0.427144083397331 0.171471514362144 0.329243829778018 0.651673411710174 0.774372204846025 0.783775730983585 0.450784123294539 0.566978235114616 0.516577589184399 0.591580984999416 0.334222478454236 0.253680710224591 0.265069945451569 0.34592049208032
-0.0251252596809428 0.0395167684683212 0.205714512740496 0.0681945961437577 0.115507032272571 0.0224192938883884 0.0366033276738123 0.0438353652786286 0.0445536130330308 0.185273115720536 -0.132885996887457 0.00447724812064921 -0.0358037064289792 0.111057663570236 0.0255377340132598 0.192899671325751 -0.0504018519829458 0.00327901631985582 -0.0203725750423802 0.0534434689659531 1 0.204543541882447 0.215849113107071 0.289601242380771 0.0924194969372833 0.267760415530786 -0.061045086523361 -0.0829023144817976 0.0360581647643707 0.120527594408591 0.211387172100165 0.317431354983531 0.142613620247343 0.157368110308448 0.185666244473017 0.238134671904216 0.100874742355551 0.0857645241396035 0.0800969167854604 0.0500881307224968 0.0997700774703188 -0.0858422857199704 0.102794903629779 0.0532970174473324 0.10244035232251 0.0492291255099319 0.0592609158094492 0.0725171902257905 0.0105080499833353 -0.0289839132783245 0.0404593018617263 0.0492762488315375 0.0719306710530138 0.0554235556426519 0.0752035121116977 0.109348793846919 -0.0464808058806074 -0.04533344640562 -0.0332367851679249 -0.0113740627116354 0.0177310846563558 0.0662083924361429 0.045359957259226 0.0453860802159689 0.0236373584527657 -0.00483659186479826 0.203297691186863 0.287014768267696 0.00387133996996726 -0.14583660982882 0.200046054152501 0.124047829726627 0.0026761077156564 -0.069677833614708 -0.0285010689249676 -0.0495583862984778 0.209042978858809 0.0970750324364163 0.092946956397635 0.0762529199437619 0.0265014569360922 0.0457655392708052 0.0794262137534906 -0.0477301479113044 0.0469576356390463 0.116518438195977 0.0373078128280688 0.111274103295823 -0.00312250544903631 0.0826011526928386
0.0565772012679031 0.174510419338781 0.219417403622403 0.0981965866192116 0.165487864237935 0.279338928297744 0.0796208588162904 0.0994955083201751 -0.0945268740163145 0.0160463004043417 0.0373096253321123 0.176639349114991 0.126038732797946 0.171882129423172 0.162119633263301 0.0981884655895081 0.180086214585074 0.182104045168937 0.0442689011228507 0.175958323154088 0.204543541882447 1 0.335534254141744 0.230867708769146 0.409348899283651 0.320160525823858 0.431906345671371 0.275047547024838 0.280838759566916 0.274421030139739 0.494217852512048 0.226913458709998 0.336187614753617 0.32116672105855 0.118960881680011 0.0353436010437687 0.20635328859495 -0.0224818335796481 0.167576431496958 0.0323614145059536 0.124062820300884 0.254162381393315 0.412870131849794 0.396802679010343 0.282996554529628 0.2558459114428 0.384907242705856 0.386913217166366 0.339376950221232 0.289794675208448 0.282246663372148 0.223672855165989 0.226641005350335 0.189980971096129 0.406017438414297 0.345672554321584 0.126878683217985 0.0479075233514964 0.248261935290966 0.255682173369219 0.0590960803967301 0.0620398809230021 0.239554253685242 0.177791857927761 0.0174269591961791 0.0219478199147871 0.277511531915712 0.220540730136918 0.0815428858782438 -0.111810258252044 0.252086725962252 0.183406467981396 -0.0345027050320485 0.219056010783866 -0.0760546095555371 0.0352822511719756 0.425594595692545 0.132414073718804 0.182650331979357 0.31025136655684 0.320799005192211 0.173171796720613 0.302553715351627 0.21526495265927 0.173266759836841 0.172833063442032 0.16039162879479 0.0809584623647501 0.227251648546664 0.22577731359189
0.352793570544601 0.2263909718051 0.817800701013461 0.572480432817701 0.412789401749491 0.228377523397843 0.582537775846953 0.258558622043431 0.216244625646022 0.25159425817444 0.13908632630214 0.198579460043332 0.551960750339087 0.327560093393917 0.705689769956571 0.455101531802688 0.150488912757834 0.198895248540955 0.387021002665255 0.318247078446489 0.215849113107071 0.335534254141744 1 0.792195299843073 0.709225020889435 0.54389683041355 0.419029285895501 0.377769235460928 0.196137346691323 0.28791590349569 0.710123598231731 0.597274654194939 0.66376280363185 0.543284924688342 0.533031360828182 0.42703627813104 0.117118785350581 0.0101558071529037 0.242047255655827 0.07859993094756 0.0854313540268751 0.0568942221849319 0.444777366578425 0.328264517423322 0.305423593889641 0.170013951595185 0.370271302306741 0.434669920116306 0.228082892169243 0.251891355515971 0.423890004329126 0.343551366454995 0.320635674444282 0.381185807061749 0.416072270656059 0.398670999413395 0.257274429859938 0.20059474860985 0.149460355409539 0.126438783637483 0.469833205955785 0.154951528524026 0.420620681488451 0.0396713323412409 0.661580994238465 0.414221332249245 0.683993274564177 0.499228109460851 0.369061001328773 0.156226151748854 0.465434150128729 0.311779118201847 0.0342263693080398 0.263620823673711 -0.0303448261419314 0.205710282698571 0.450518735576692 0.308978743739258 0.28243790950989 0.361614579300918 0.4064234175506 0.266364244349639 0.294163866344946 0.212538306228385 0.637629387762349 0.351900030270187 0.196658490300556 0.265527425689265 0.472247967408695 0.479310274448308
0.321448863265052 0.253788809537205 0.685321119296109 0.637078032832996 0.443502204337471 0.1813440851592 0.545720144815831 0.36249845498029 0.21738559584048 0.371023072270585 0.0601277526983825 0.25132898383911 0.459819468975645 0.431149237980995 0.497055138654925 0.535580293240088 0.189865303382533 0.24820322129218 0.304451811490711 0.412846835329315 0.289601242380771 0.230867708769146 0.792195299843073 1 0.463274947861215 0.594430344113002 0.290161283872732 0.213205569525567 0.154933338999526 0.358066663590008 0.612632941628476 0.627975394151872 0.614428171900091 0.565919183461485 0.421824212807513 0.423848903264869 0.0813984540470777 0.0432623860297532 0.233860807436858 0.0913543138737767 0.178116909081477 0.00838923726926493 0.359262097929534 0.268666088418896 0.264670045216881 0.174259214084831 0.330510059612712 0.369052753508413 0.156661550366916 0.167126049505975 0.398349230336205 0.329713553620734 0.28886728425436 0.315953104699791 0.406533758073043 0.376507215470936 0.3063687260034 0.275366456206572 0.160480537292088 0.158681263346328 0.476889680966905 0.290924346027675 0.451119854441457 0.122808495163852 0.542657241988035 0.506982828738239 0.587931114032699 0.576547863293837 0.355749476050537 0.145806825316045 0.375116228891348 0.24801877624859 -0.0666890281837315 0.143950659492204 -0.0782892312974549 0.0974201627156889 0.413252838524139 0.239562310348143 0.363783073008312 0.438100340029066 0.417899034861691 0.359814855227721 0.226377761868605 0.274351294012479 0.54303103307384 0.500628728825829 0.295951890143936 0.421599537886492 0.392497399522194 0.586446765296526
