1 0.954801303215108 0.685265881527313 0.705961321411318 0.533503017704917 0.567097307901438 0.668576045422384 0.652369186706112 0.360222227848274 0.42762185433768 0.847799514549402 0.8250981723658 0.788313532492475 0.761534123009742 0.614832254212834 0.635409796587853 0.890267963486658 0.868322328932571 0.927716242957059 0.92189055644286 0.647842528338608 0.47644464557198 0.725982122741278 0.638157659214415 0.731560222411323 0.721760630898944 0.442145124596679 0.521439859394176 0.81700801996824 0.80633211978855 0.771452156122028 0.677552573881742 0.829449260203539 0.815596940746371 0.580279495155606 0.375291678431283 0.547643509224495 0.557147379507836 0.710701638911257 0.802339025040947 0.511283707576556 0.683328243589523 0.725049879670457 0.722661815954053 0.644737600177161 0.665869921482856 0.753107989931976 0.723081552463067 0.660515878881071 0.551692513955332 0.734555918298399 0.700710354076391 0.71801961869932 0.377428680134368 0.8079199867679 0.789583501586461 0.947240440125368 0.928311368527563 0.883224613090471 0.815244520153276 0.798586153510795 0.688828632598047 0.858455032860349 0.751781990236306 0.550176519848519 0.706815263632948 0.735410007242895 0.683787547118259 0.911219650251827 0.854259931186703 0.504177404905118 0.441351291420771 0.45326816090266 0.566653002138063 0.419852040274004 0.511151610701861 0.31027369443474 0.3483282608315 0.844269743370203 0.767926552162606 0.856059439978943 0.914330656407989 0.815546683025129 0.869189835921542 0.872074403198823 0.87516007779606 0.571534573972723 0.773720395090573 0.773667285911844 0.642857250281831
0.954801303215108 1 0.705933971202515 0.731785931443032 0.565978374515943 0.622979463225237 0.686560717975246 0.682337847566213 0.397284639116852 0.470668810181524 0.777159529836651 0.775799289370134 0.764790064387099 0.750453469004715 0.603682289703117 0.641533218135353 0.881453811015131 0.885344076266476 0.892659560902204 0.91438591009177 0.621085268759559 0.504572640043748 0.708899970591442 0.62567780821652 0.729461870512976 0.711063562083177 0.425041567214524 0.496617659686292 0.809022900472959 0.818609213989895 0.765692464795163 0.674603591001343 0.840918792871235 0.827149455691854 0.581432648613984 0.374756137554265 0.588595011764735 0.583177924814627 0.719978756841173 0.75249398486009 0.470754133732541 0.703017840628994 0.761472676578185 0.770218341124912 0.700328623246979 0.716230252724468 0.785877514647489 0.764685765296083 0.707039395834885 0.603224927832102 0.762351358837096 0.720698973644365 0.751507095371469 0.425409429588025 0.818587479101641 0.794786317401414 0.95116712823237 0.96061949839225 0.886829578247362 0.847168046337312 0.790957192481454 0.690071882622145 0.847696666933636 0.751337215392734 0.575046488500176 0.696448556773684 0.764120681846572 0.712775141871642 0.932157109479087 0.911950624984087 0.5389419248983 0.482117353307795 0.499214486870971 0.614200995781237 0.461625301540228 0.506329548197628 0.349583137595545 0.381407001297507 0.840584505318109 0.796483266652582 0.862104879479027 0.924007708126171 0.805954643277266 0.870595304756052 0.859012750124227 0.865981202212078 0.566405823868263 0.78993032304397 0.783345861916022 0.673768585651777
0.685265881527313 0.705933971202515 1 0.929507760921174 0.845468877909893 0.718225990913544 0.957405684278451 0.896237837328066 0.739189962585524 0.747021486209111 0.525413876611315 0.547239342234626 0.793518472838511 0.672840978576885 0.754080718212332 0.676384941121559 0.680199251373949 0.666776583487105 0.625665955475759 0.611697239389205 0.58817133036082 0.543232323964221 0.839519831364388 0.753264086210561 0.74283267837961 0.690698727033289 0.380951280546077 0.263654452886457 0.668474393097893 0.645907416282954 0.834115921203007 0.792626306823766 0.853596179831899 0.809204622426053 0.783184758442263 0.689282314602316 0.726834891692867 0.653062000290275 0.61794390069973 0.597298174802906 0.352705541725197 0.571542522112025 0.772910349145657 0.716239190180712 0.704333193520999 0.700434359237476 0.767967060184916 0.78204477702557 0.703529012053518 0.694847928477358 0.787188359634568 0.757929455312976 0.77987513538166 0.646069740420528 0.807718123744456 0.787864004769575 0.723930993402724 0.741433995998736 0.819493543008693 0.797617689948475 0.807171594479553 0.705467009110778 0.762907300044052 0.7271566349287 0.791248207367972 0.806029552891006 0.860854359345173 0.814982005705331 0.69614353460092 0.701651987049436 0.794730803456249 0.747372562030043 0.674817205977992 0.699639033288392 0.467999610169459 0.550333347968262 0.634702776417053 0.653152031055229 0.718185233241035 0.719460124049469 0.796702609210937 0.757864852894192 0.666739797772387 0.72474538387156 0.779031990573334 0.788961400863661 0.330693527285005 0.704328618414981 0.820816421627306 0.827466360487031
0.705961321411318 0.731785931443032 0.929507760921174 1 0.785962627371453 0.788276305353821 0.933244784744094 0.951625840580248 0.689105701485575 0.786964532587064 0.538426283494787 0.649966326606129 0.779025180551923 0.746110419332129 0.718835690450148 0.738943754993521 0.724156271064768 0.719974445390632 0.672598592745671 0.669631909570484 0.586921049200538 0.620431528785068 0.839268578821416 0.826049782057935 0.720820098415092 0.68725902807254 0.362111635550468 0.281793947844312 0.71350430654184 0.717620239414517 0.865748629770176 0.867073580767679 0.884515489759452 0.880721518729646 0.819103314453153 0.743425767943529 0.768939274147246 0.698402440201467 0.599518231600933 0.612369740636379 0.384596688118233 0.609402216927258 0.810016372202022 0.746229844951504 0.739598313795047 0.736360109391799 0.797840523499387 0.799055851882443 0.734806342107725 0.707170363096254 0.804087134410738 0.784675028996832 0.802791320550564 0.666640278135634 0.827646654348212 0.805407749022146 0.745770281411909 0.770940668539977 0.825833487145089 0.804782325402526 0.821852142202158 0.793413701390474 0.803660055446092 0.818194676701751 0.764716430855913 0.846137336214581 0.87752861315699 0.86598540842145 0.723204361808283 0.705500693381406 0.831261191869366 0.785197405779164 0.698269479331397 0.758791451979225 0.456400425487489 0.613076116796041 0.68079618905051 0.712089826542055 0.773939529571684 0.775206247153399 0.843692626011034 0.808303706569189 0.695725729717885 0.754730308928174 0.783600026053489 0.814344051860301 0.301965265557525 0.712722109363383 0.821323661552184 0.84712967741118
0.533503017704917 0.565978374515943 0.845468877909893 0.785962627371453 1 0.727239859625109 0.849773899671209 0.777432151254862 0.815375170270086 0.805221251709807 0.346511921758658 0.396019316103327 0.66348337067516 0.551435351181709 0.760713727108269 0.635346944798357 0.571872071376636 0.55538876668025 0.48570714353159 0.4375341546932 0.513565428477369 0.383458881641784 0.742665480948305 0.681594683364621 0.705758715449606 0.659124813019567 0.495350877592305 0.210696452819173 0.531805872980465 0.515927380251874 0.752047887996525 0.679456252226863 0.748537282801327 0.679509501458539 0.689905168428028 0.632307495620356 0.674487196300759 0.593570793472583 0.52741296562724 0.524748722370743 0.363200599823847 0.482098872890075 0.658138121927045 0.60113373240253 0.62047350797409 0.602740636726896 0.656580046500391 0.659369603701874 0.601792753400776 0.61366395447403 0.669579325609696 0.636741816705994 0.662139180032232 0.576522405889238 0.683613052728014 0.655160628081818 0.608364862387237 0.613440668934489 0.660109169735364 0.66959142612817 0.631819351547933 0.568107321737192 0.613172629165647 0.576575313873452 0.699927540544486 0.689210882361485 0.732626806218535 0.706018382971615 0.5685337313288 0.606909700726957 0.758890899538013 0.691165612210118 0.603024521052603 0.652617641733487 0.432514664789733 0.486945923471848 0.562089449374297 0.580550240326336 0.604510988624648 0.631569946390793 0.683007600410159 0.637622318822311 0.568333559564702 0.640740580906547 0.65994536708671 0.648018440768725 0.261545087392048 0.628608955399609 0.708472664085907 0.725918015708448
0.567097307901438 0.622979463225237 0.718225990913544 0.788276305353821 0.727239859625109 1 0.72629467132676 0.764410246300254 0.635269423298366 0.750929080912186 0.352509761963231 0.514322718260733 0.576427064194422 0.6078874642866 0.633733910122958 0.720777576967583 0.614739254209259 0.589144222227958 0.525025924550709 0.504533754438231 0.549247296843364 0.608655646157633 0.721333637242317 0.732002704097221 0.759422508963265 0.697707837574335 0.468689388080291 0.461063702670855 0.567597737589588 0.584534266333835 0.741547555094642 0.726114060248035 0.759160978975091 0.741005680097105 0.676172695930437 0.597899538944362 0.643603451681127 0.68381651179679 0.477711776262526 0.521545975946008 0.421540510858958 0.5190700150174 0.704662145966949 0.684229084802845 0.682449226074929 0.659937752719329 0.724461267202459 0.71027197021153 0.684355156210867 0.662616423599339 0.727555065612426 0.705665865536006 0.74107662871846 0.618369769949033 0.711315887197535 0.718616424797895 0.625220122887638 0.656489967066538 0.667711603730084 0.698339540057787 0.617526018847304 0.658744980168699 0.639536747841489 0.676735503918562 0.66224422429677 0.682530610069384 0.744029223781599 0.748001504689627 0.636744510509028 0.647692312336356 0.748362435678843 0.733466481100578 0.627701513820607 0.737708945602242 0.363439990253713 0.58573275904353 0.624311025567214 0.623725197783385 0.640699163375546 0.641535815484505 0.719945364702652 0.689030347707425 0.605078532687361 0.617599171698541 0.675451891847522 0.686220977513572 0.267152183131408 0.595045259898919 0.699407086223572 0.747653569633503
0.668576045422384 0.686560717975246 0.957405684278451 0.933244784744094 0.849773899671209 0.72629467132676 1 0.950347488227881 0.770757096892474 0.791823688071689 0.511369315034409 0.587283166218389 0.819674828000608 0.708495059126186 0.759455950918801 0.678267399675244 0.683539644364471 0.662149455972212 0.621427138786642 0.614415771572437 0.550229590371563 0.53256799489408 0.805773073856638 0.731228890512051 0.690037366247317 0.631734430840013 0.342824525275629 0.179225446005343 0.703348935086822 0.673409143937619 0.868879286986407 0.812645749753363 0.876307783018551 0.849058394814647 0.805003766213637 0.729938610110409 0.795741008677187 0.698701459292294 0.614966588581036 0.597298621681303 0.371410096793868 0.587232929903408 0.793444279131986 0.729316629285064 0.752853207050092 0.742598997184344 0.781717165775652 0.78922156358477 0.742207707070873 0.745294609169932 0.801048358552296 0.783530784368432 0.786712115848683 0.704543174194256 0.805940137571795 0.784572642126133 0.707261519817617 0.724641160769617 0.807588030705552 0.79557887302275 0.820167256828348 0.767178366958714 0.787751068077562 0.779880408772643 0.743587719939849 0.784320493667181 0.873113100735312 0.843690337725631 0.681140124571594 0.691394681369665 0.838256520939119 0.797834150432729 0.708180134749121 0.754194484048442 0.435306297684796 0.590744784757695 0.671721789325908 0.697419996757449 0.728576475702504 0.741249349414392 0.813861688721845 0.755882435608748 0.666991445073682 0.7303251480599 0.745420620062951 0.758647368679468 0.285431531528248 0.655133038400531 0.821902846974352 0.867716224345108
0.652369186706112 0.682337847566213 0.896237837328066 0.951625840580248 0.777432151254862 0.764410246300254 0.950347488227881 1 0.709222295674623 0.828030955161138 0.509807697495271 0.658176455542021 0.791130000584097 0.750115762012936 0.694027620293706 0.713011219994567 0.70222426786345 0.683010316110605 0.618970386595613 0.636003246208096 0.528754673579349 0.598649166592859 0.755508809224407 0.747714525365148 0.648200158161241 0.611284113011414 0.286966165132672 0.169442715223987 0.716883466394756 0.714315144875938 0.844997942597608 0.845883667240304 0.8761738532761 0.882683642629389 0.825447517897509 0.775240760464249 0.800802871042599 0.719016180766537 0.58279330734717 0.585135837459707 0.371777587791173 0.596870608493604 0.794102306917235 0.732617388857568 0.76070663142575 0.756852429285762 0.781278152542995 0.786773291479935 0.745953016309774 0.740227481451156 0.798389990688622 0.782379156606139 0.783884702256647 0.711477747601622 0.800450324053946 0.780887639536022 0.702044101637153 0.732519900941643 0.792604717196873 0.776176643891756 0.831712697881197 0.847280266714753 0.795088724923871 0.836966538840477 0.735242336865138 0.822018061178017 0.871019234996417 0.873496298673974 0.677695257904725 0.68051913879896 0.854649464378412 0.819825664348209 0.72169442390399 0.793412392919981 0.458181852341422 0.608759387659981 0.68928562858579 0.748685264595496 0.744806529232625 0.757820329953562 0.825136511214035 0.761367084860165 0.652619048608538 0.708873381389402 0.717634302068247 0.757673483022492 0.221330350524631 0.62372540118819 0.797595237928933 0.868671694605691
0.360222227848274 0.397284639116852 0.739189962585524 0.689105701485575 0.815375170270086 0.635269423298366 0.770757096892474 0.709222295674623 1 0.843417267435166 0.286371274733278 0.302031797916899 0.558831397113063 0.415754897687642 0.765429521445971 0.546754375366823 0.432034813046868 0.418381491444358 0.361033648600615 0.297144071233067 0.347000797910942 0.35008251648842 0.610668858339288 0.520696099456251 0.51253471607764 0.462616224958307 0.432980572882253 0.0474310503280509 0.413328338591949 0.396161820210581 0.639185519248903 0.543455885236043 0.57780758103731 0.534637768652302 0.510625407147388 0.495589892174425 0.565184813738701 0.542258029921195 0.390809028158557 0.392759665306153 0.346585274096187 0.382780930010312 0.4253583707693 0.381429503120491 0.436597878424478 0.421644930421507 0.441847067208488 0.453332902600211 0.417349325762068 0.462270280121261 0.466709054976671 0.458298772185506 0.4762328767583 0.465379828713372 0.489905627083488 0.446944023295611 0.408235700055349 0.453445482389286 0.48311911876876 0.501392028288717 0.486628519806621 0.449991792533159 0.500255955041971 0.496722965979902 0.612687951760363 0.523439545552139 0.544229604756027 0.526932887715777 0.343764132937156 0.39306151490704 0.662289795379773 0.662737337622837 0.543722798473735 0.594923654825569 0.290573306819648 0.428682196672641 0.49099304868246 0.491946676273522 0.431666374774186 0.455508129933541 0.514649188139356 0.461977077458434 0.467941693906455 0.489873927206388 0.459687235973351 0.460441474869293 0.263608584616009 0.451282536869512 0.543329268314296 0.595486451746568
0.42762185433768 0.470668810181524 0.747021486209111 0.786964532587064 0.805221251709807 0.750929080912186 0.791823688071689 0.828030955161138 0.843417267435166 1 0.318538444450115 0.4665674369365 0.63417490115998 0.608100153607454 0.749034897216949 0.756391811716921 0.516403915137287 0.500112970455417 0.417380672670934 0.413891396234988 0.443364343405492 0.50785616531212 0.697715864372875 0.701088262689162 0.558671629711263 0.556037988092945 0.389797087052087 0.123292283458852 0.506456898437851 0.524098708592491 0.728255749796678 0.737977523129076 0.679661255737373 0.676544713453531 0.677952560012505 0.686262354605863 0.656538865628486 0.608752915872977 0.427893591293519 0.432042428196652 0.31820743332503 0.451241644791884 0.563644191354627 0.513316018694649 0.569475558258951 0.557069723876189 0.552180925263041 0.566159001065291 0.541064119132288 0.563380079736819 0.570617340828559 0.556849452561435 0.554683006863397 0.532982045005122 0.563218761786286 0.564832640510509 0.489382802963151 0.524378344009216 0.565318098400352 0.557420522162046 0.634823405404521 0.668016651047571 0.604257917354458 0.670289962273441 0.727844321382427 0.678591564532294 0.670153291015778 0.690006405678023 0.460426567229079 0.477564267383573 0.769765815567087 0.723600702303888 0.63300206517426 0.671689130115416 0.432501261773843 0.469744504380377 0.589902475466039 0.633378141601719 0.567381756643573 0.581420836027003 0.644418232323692 0.577156155648949 0.505977779746816 0.559600169592481 0.577286662970193 0.581539479926189 0.104169380734268 0.521262489210634 0.617929711867583 0.696676681277918
0.847799514549402 0.777159529836651 0.525413876611315 0.538426283494787 0.346511921758658 0.352509761963231 0.511369315034409 0.509807697495271 0.286371274733278 0.318538444450115 1 0.868637702932067 0.796052980989543 0.766051519516767 0.59455280128107 0.584754750847766 0.815045952790854 0.806915230131827 0.852209740887759 0.845800838634824 0.528657103715522 0.409309894737006 0.618459216055756 0.514249450598899 0.577693067751559 0.569675834813934 0.432288004055752 0.401534392970613 0.765275483722465 0.769660224899729 0.634164896667628 0.571790116373239 0.62234841311651 0.646699874568167 0.32881742928282 0.192667303024211 0.300878624620059 0.344221627312768 0.583755784993531 0.691478701959884 0.432748815187222 0.540007169158871 0.447368835293367 0.439391186230283 0.331018029082497 0.365189517523346 0.475731953321354 0.420631972263935 0.334830647790356 0.229877743519188 0.438827510290824 0.38440029311366 0.435733755350006 0.0556483926860117 0.576517712414708 0.534695102917825 0.769225996068761 0.765236852433049 0.694322384783727 0.551939172907703 0.739365314355849 0.613033136492286 0.805624355606395 0.698884779888437 0.505681241120596 0.611811265283472 0.467531908195996 0.424780567998302 0.666400906623185 0.603017748492741 0.30670139750891 0.239696822308481 0.318518521115423 0.415063766049996 0.386164055738863 0.449606032580343 0.123226625682753 0.156036736150665 0.746450553093924 0.63703519675863 0.695707682227634 0.757257232218537 0.724593260064779 0.720287184778899 0.717886812921776 0.694828765955082 0.545338876137833 0.585037697651285 0.584084419832438 0.377593141661733
0.8250981723658 0.775799289370134 0.547239342234626 0.649966326606129 0.396019316103327 0.514322718260733 0.587283166218389 0.658176455542021 0.302031797916899 0.4665674369365 0.868637702932067 1 0.816551191927423 0.899301943928633 0.606332453498098 0.716795136754036 0.819099190775252 0.817607055174702 0.846267098257617 0.875527081243344 0.487388260638395 0.516585373899552 0.669714092218207 0.645044918999869 0.570440129346051 0.570520201420975 0.347573734005808 0.372971958075044 0.816386924624634 0.85937008792388 0.716634713027087 0.713969802541575 0.71155182146205 0.77086423610733 0.45703492017002 0.354630755359514 0.430173165153843 0.506734596797039 0.584767620377839 0.709915431529299 0.4077028822515 0.600371936498141 0.570685763934881 0.544786114491916 0.483645699991764 0.514398093852106 0.580163686703599 0.536332657667097 0.477332242273976 0.385647602110436 0.548630616045578 0.50920191965759 0.538877941566528 0.241403318194747 0.655493348195284 0.62481622007331 0.763360108200757 0.767000032536378 0.714995747611558 0.601280679717994 0.8099468700267 0.790127105153062 0.8478221246705 0.84785171433407 0.561330262374259 0.67026468936001 0.573332710191561 0.56798867977755 0.701427019364021 0.629886937028251 0.483083543071364 0.401422135099495 0.444212851453662 0.548641562276854 0.429049647333814 0.497037501794516 0.34349869794708 0.335690385711001 0.778471934999349 0.721106019834839 0.78588689513676 0.825935757850876 0.754805082876526 0.752140522281765 0.763350862655847 0.748396964285041 0.407445884618292 0.607847842513668 0.63548718799579 0.517655618564255
0.788313532492475 0.764790064387099 0.793518472838511 0.779025180551923 0.66348337067516 0.576427064194422 0.819674828000608 0.791130000584097 0.558831397113063 0.63417490115998 0.796052980989543 0.816551191927423 1 0.893600807916978 0.827433860848278 0.780890245695129 0.809987793034524 0.799911404112228 0.773053089202864 0.789448040654327 0.544859639018501 0.506881332954239 0.81836727099375 0.712618994292919 0.677586744348436 0.63258507082622 0.3982793290789 0.291895866587615 0.830831354320704 0.826474370386507 0.845533517741612 0.810902428962026 0.799531045456568 0.820629719839633 0.593772757637311 0.499310440970953 0.542570659614047 0.538760396022347 0.636730246799123 0.700274931961377 0.4243657841602 0.608969442093239 0.670983069698473 0.62878898973486 0.578091295751125 0.591233608281564 0.651563457072264 0.630347926748909 0.54413672896335 0.495403804295729 0.625988163360407 0.577106771560668 0.615259727540878 0.349737062933978 0.725565169990945 0.690167973626914 0.781896506047791 0.783063274416869 0.768276573296398 0.667941681484128 0.876913240835919 0.784995978667735 0.882936634994269 0.834795366105935 0.726555513924131 0.76930942245988 0.69513348555829 0.663647245073456 0.71558135783147 0.686126954203387 0.638103651380095 0.542471404584305 0.591030002729051 0.62825681099622 0.495444345636137 0.542692516796299 0.438490330705167 0.463530998085878 0.806949565940293 0.771215973852967 0.830114224230031 0.829555837777274 0.775337597789026 0.778725016219935 0.811160580408485 0.794000866099806 0.386664275275713 0.669688022401539 0.760293970425684 0.644270662899721
0.761534123009742 0.750453469004715 0.672840978576885 0.746110419332129 0.551435351181709 0.6078874642866 0.708495059126186 0.750115762012936 0.415754897687642 0.608100153607454 0.766051519516767 0.899301943928633 0.893600807916978 1 0.731049164977937 0.874689536944605 0.801387547436402 0.815795283982127 0.776117800615413 0.815993153944231 0.546840984229862 0.593668447665302 0.778784414764786 0.786828690756386 0.63539969158195 0.649640424888524 0.373081101915703 0.360309484026504 0.808971681787271 0.865011874239635 0.805697183821003 0.822900248777439 0.765996391494951 0.809872743652351 0.541749010878042 0.479543215392051 0.530962578877447 0.545186632687673 0.625382777667942 0.680938460362236 0.404491233005834 0.615354131076734 0.661040921274426 0.616261679221973 0.563229906599196 0.587222809225543 0.632861683380733 0.607118791913636 0.516601925155578 0.45487981289722 0.592697364069797 0.535758690048217 0.576920932788401 0.322726019860134 0.696921257820086 0.668888374073602 0.749398789308506 0.743583736380017 0.705840418896607 0.607494206328502 0.837958992381621 0.805211783467775 0.872447640515363 0.902168607098534 0.692999960838261 0.729589916873238 0.65396284411347 0.663266790383634 0.703662060274754 0.655703851219519 0.612390302849167 0.51910826200043 0.566060008339819 0.647643816729372 0.497389682521002 0.567181440207425 0.455555100228921 0.458272614990774 0.815844347016262 0.795335951797094 0.84003252076031 0.858005782575632 0.789810292899044 0.786435802472755 0.817710700391422 0.800374331762433 0.360238739509977 0.669047318765559 0.693933070291336 0.60512811659577
0.614832254212834 0.603682289703117 0.754080718212332 0.718835690450148 0.760713727108269 0.633733910122958 0.759455950918801 0.694027620293706 0.765429521445971 0.749034897216949 0.59455280128107 0.606332453498098 0.827433860848278 0.731049164977937 1 0.803698313295364 0.672102750796907 0.664227109564348 0.630959747177337 0.592027095627338 0.529017790782518 0.4344233120334 0.846661030569544 0.722583816286882 0.667544476913516 0.642514972867854 0.578195328125031 0.297977359791158 0.653308721257379 0.660775378350467 0.794199811102846 0.726539079651275 0.675561191374041 0.664364357348834 0.498973852728655 0.414179291833292 0.498603315999976 0.50822497874613 0.560716177694479 0.630767565610933 0.426841285484877 0.506572725342769 0.502417982113632 0.455593285838852 0.422723168453405 0.425924655694691 0.490180415763728 0.486004450766053 0.386774227953452 0.366270677616591 0.474456535078252 0.433205328299643 0.478035206372824 0.268750791169606 0.589973498048612 0.552074361517159 0.633752175519296 0.630882794879609 0.606716856661806 0.529377382603314 0.681567614893196 0.586684238350918 0.718624041324595 0.661935130158273 0.763017258159965 0.68603320821561 0.566889734436645 0.533452680742384 0.550475301728393 0.529646617357198 0.597951497258859 0.545364512809378 0.524772320266137 0.568740607322428 0.395815484060563 0.467217412417176 0.368993737872043 0.339300176543285 0.662910383286082 0.651013237482099 0.70020945227367 0.699163271554444 0.712470598731601 0.703759983740234 0.716138485559576 0.679538641909704 0.420509590278926 0.664268952516764 0.63517639513947 0.53141943392166
0.635409796587853 0.641533218135353 0.676384941121559 0.738943754993521 0.635346944798357 0.720777576967583 0.678267399675244 0.713011219994567 0.546754375366823 0.756391811716921 0.584754750847766 0.716795136754036 0.780890245695129 0.874689536944605 0.803698313295364 1 0.673900033002969 0.680462346514473 0.644054943162716 0.643203806326721 0.574478232373703 0.631636878796089 0.848865654345095 0.887110884156357 0.673546912454382 0.736362584446268 0.487470623514446 0.428685566246641 0.649940792172312 0.712739142643877 0.789954778786844 0.837123093845366 0.703531284723617 0.723394264907052 0.584923620919898 0.53753670177408 0.517261938610456 0.514633593384108 0.523571430977849 0.582107465470201 0.397937055560534 0.536016931926607 0.589080214088584 0.537997534010731 0.500286585644974 0.515692224866059 0.565264422837375 0.55356942802168 0.460083896743437 0.408747604806297 0.535593402457043 0.489723151193505 0.526467365239328 0.315327636009306 0.618559527953783 0.620107840095151 0.642087389319149 0.633563525659722 0.597919792380049 0.527570377947545 0.710244066082444 0.689401630450957 0.734804838138489 0.779741106942198 0.773624978304787 0.732271209347771 0.619461645701895 0.637424180672315 0.623497018143538 0.561285306591386 0.625913984766526 0.544196706206832 0.532511475477876 0.626434716037935 0.464479301549308 0.515380522286919 0.477606844019349 0.477921490674983 0.71388102707395 0.687266687538376 0.747650332134857 0.766590125061976 0.691776716103945 0.693622441889958 0.768277050436283 0.753047877478891 0.28682923056029 0.681219492435033 0.621179307482465 0.584582233711538
0.890267963486658 0.881453811015131 0.680199251373949 0.724156271064768 0.571872071376636 0.614739254209259 0.683539644364471 0.70222426786345 0.432034813046868 0.516403915137287 0.815045952790854 0.819099190775252 0.809987793034524 0.801387547436402 0.672102750796907 0.673900033002969 1 0.97223073315513 0.879274256709479 0.892233550812914 0.667120962731083 0.561616935330438 0.725746932435539 0.639585466197076 0.727993160193582 0.713490482610409 0.458927066555565 0.416099177510506 0.931642911590878 0.922739904712247 0.838880948921527 0.768897811029313 0.86762159908972 0.868095198695866 0.579532476086052 0.420884273804947 0.58592580010231 0.581368865226944 0.720526777314799 0.804741740171446 0.567487036303303 0.693622198811676 0.72330235133826 0.707518151214334 0.626202303557856 0.649272556656191 0.748878402545465 0.709157410787924 0.610122682930337 0.508241415405913 0.68357096910899 0.633719065715883 0.691258374955312 0.374989958748193 0.810713486131038 0.77457801533893 0.933835095204157 0.928189474079743 0.827349782335797 0.758365620304147 0.782377156945835 0.689304831564714 0.938532781177381 0.823320543179641 0.563089989352875 0.688587599148691 0.713663732677197 0.684842696567982 0.861240777437984 0.834483700428573 0.600997283590173 0.558127362041772 0.612692707034304 0.699771726771973 0.452734919834687 0.624919942622555 0.38280231206726 0.427432475719522 0.933790172571259 0.902308361161489 0.930184926925468 0.925127068500565 0.848355843537087 0.89815360799033 0.820504712726066 0.814924393070174 0.530027419065889 0.730215769476108 0.731089447362413 0.612947385041043
0.868322328932571 0.885344076266476 0.666776583487105 0.719974445390632 0.55538876668025 0.589144222227958 0.662149455972212 0.683010316110605 0.418381491444358 0.500112970455417 0.806915230131827 0.817607055174702 0.799911404112228 0.815795283982127 0.664227109564348 0.680462346514473 0.97223073315513 1 0.88526562876517 0.905571182694606 0.640689144210075 0.553526578533803 0.72150309699012 0.64386058255984 0.708218851711298 0.694691139922337 0.437495401324478 0.411485022201272 0.92402088925519 0.939446503263374 0.824224115274388 0.756488827094259 0.835922871687896 0.847312706948987 0.519917687215785 0.372212263614309 0.538920657765331 0.542391248381826 0.719521355624963 0.768667108672666 0.52286050830328 0.683433404657341 0.692411702640683 0.66876881855658 0.587517594101395 0.611222964622979 0.70308146774169 0.664606645994843 0.567190280008654 0.458809544109852 0.634624872201746 0.577473365669441 0.637088286078295 0.319935088523968 0.771015524825825 0.724240591469424 0.915369547017211 0.921783926496666 0.793466266729496 0.723512393649957 0.763003643848213 0.685340641038762 0.930431245661572 0.842795894507846 0.570067118889831 0.667844977792788 0.668434789466804 0.642751511309547 0.843438285925818 0.81084456594121 0.570531358352346 0.519125225371898 0.607951109429347 0.689213121423977 0.464470355777302 0.616094748584265 0.390515349281661 0.389067079789955 0.923546627860484 0.917651163320273 0.916076848418502 0.929019144124274 0.864478658834999 0.894285984387933 0.80651689095706 0.796875133117344 0.55696336647325 0.726773808108468 0.682991146444487 0.568003394778649
0.927716242957059 0.892659560902204 0.625665955475759 0.672598592745671 0.48570714353159 0.525025924550709 0.621427138786642 0.618970386595613 0.361033648600615 0.417380672670934 0.852209740887759 0.846267098257617 0.773053089202864 0.776117800615413 0.630959747177337 0.644054943162716 0.879274256709479 0.88526562876517 1 0.953430298378879 0.642375805849364 0.46713591733689 0.731521333295131 0.630333122306702 0.705296699132886 0.690083984951888 0.479539526318549 0.504079736800355 0.826078555287132 0.831648016926713 0.774481898605632 0.666653128957716 0.778313031572353 0.791150495446848 0.484250408676671 0.317314912326155 0.501559715610408 0.571058838164332 0.675678982789203 0.766703113082201 0.552247326662853 0.740687893480167 0.614981664137675 0.608972077678961 0.536520579375178 0.561631744019757 0.65113625345632 0.617625332456928 0.548869904706379 0.434761610011805 0.614982137150558 0.58014851022165 0.606858894097891 0.275941869181327 0.722878857959183 0.705877228448956 0.885822901966532 0.875593586118728 0.793447733508636 0.711771653249765 0.734666562570872 0.642412807889847 0.839634726591333 0.74820310435338 0.511758282267634 0.644683637668473 0.627477332760426 0.577997402184024 0.83095610135258 0.772511484877061 0.493512739606441 0.408694983272662 0.448205067298682 0.572603993952734 0.37173043437425 0.528598356931693 0.30601046576734 0.314986200085854 0.826328766379933 0.749203503669388 0.825554593450224 0.86761139483924 0.851461438721031 0.839488451793884 0.806009425977248 0.787839425459558 0.584040628122648 0.735935899816828 0.671619420848805 0.519758143988556
0.92189055644286 0.91438591009177 0.611697239389205 0.669631909570484 0.4375341546932 0.504533754438231 0.614415771572437 0.636003246208096 0.297144071233067 0.413891396234988 0.845800838634824 0.875527081243344 0.789448040654327 0.815993153944231 0.592027095627338 0.643203806326721 0.892233550812914 0.905571182694606 0.953430298378879 1 0.598412273934896 0.509586811753907 0.697181956349549 0.600175793826937 0.639998986709545 0.634189048980608 0.387043119081041 0.440646270758285 0.85389755048965 0.876186426423595 0.757837058307702 0.680696656350075 0.784901727345293 0.816028383139955 0.503385265924324 0.342336307179918 0.498025824272396 0.538436140931028 0.637708151500414 0.744987985209727 0.501092247972031 0.720292670628278 0.650734823113845 0.649401785022345 0.581102209857905 0.603947802692305 0.672275479095695 0.638678828768932 0.579624917319669 0.465025528236929 0.624533654457019 0.585753890701042 0.616484744851602 0.29528908356325 0.730109380571135 0.709601326687187 0.894279215541331 0.894256826051648 0.796472547489318 0.715438778896449 0.771650490518168 0.697291864898222 0.867147582482852 0.800877589911105 0.515685866033651 0.640921383280015 0.648558460050148 0.610181273784076 0.868845160093254 0.818690281563113 0.486054972842886 0.400695728180411 0.457414815456828 0.580317333669891 0.432905419784682 0.494069116638738 0.30711728422698 0.34263135941038 0.846200681122994 0.773563309456413 0.848274862986267 0.884180255604285 0.829669048565956 0.849196535731284 0.808151524499839 0.786316653268802 0.501868450886552 0.705402217339086 0.674846195481025 0.538851689808038
0.647842528338608 0.621085268759559 0.58817133036082 0.586921049200538 0.513565428477369 0.549247296843364 0.550229590371563 0.528754673579349 0.347000797910942 0.443364343405492 0.528657103715522 0.487388260638395 0.544859639018501 0.546840984229862 0.529017790782518 0.574478232373703 0.667120962731083 0.640689144210075 0.642375805849364 0.598412273934896 1 0.436637297614924 0.633922895766882 0.617023795081526 0.720025930071643 0.764102820086206 0.583391661493249 0.51092081167832 0.602820690599842 0.589306233690301 0.712410605915871 0.6571016702061 0.694857909723923 0.672000774224152 0.555181453944062 0.471590358432865 0.525689067976905 0.469898381426205 0.498744698175054 0.596584696017033 0.553951493672753 0.592303085922737 0.597019275184604 0.57083951544618 0.501940795255117 0.523348586726696 0.610675285550187 0.598589126082584 0.511113949700621 0.436953493898312 0.586149911352174 0.551171591972202 0.56606221796734 0.332509643698956 0.653378833503845 0.65603359797701 0.688927600188362 0.671749192768513 0.663387849329475 0.611022409493492 0.562418550220621 0.497520000451849 0.62706927554624 0.567725245551666 0.498076778393695 0.613391970948459 0.637279026076232 0.609524384830927 0.662600746266026 0.641870444243744 0.518716159430372 0.490930231574618 0.499170384183923 0.544966223533982 0.294017841786611 0.447596598764452 0.428861405806686 0.411085069596931 0.698535969393064 0.642107276507516 0.684910490067657 0.675267099218514 0.605684681218932 0.67541199458827 0.65512471102852 0.66360596062591 0.391411024125704 0.630434622187989 0.58537915610201 0.494364803108769
0.47644464557198 0.504572640043748 0.543232323964221 0.620431528785068 0.383458881641784 0.608655646157633 0.53256799489408 0.598649166592859 0.35008251648842 0.50785616531212 0.409309894737006 0.516585373899552 0.506881332954239 0.593668447665302 0.4344233120334 0.631636878796089 0.561616935330438 0.553526578533803 0.46713591733689 0.509586811753907 0.436637297614924 1 0.580785470639655 0.622893879234006 0.521201836010168 0.539361088364428 0.267592260852264 0.345633774802495 0.513980661605085 0.575945703252552 0.577461196896439 0.626644261630668 0.600386524008558 0.600554270159503 0.523799847481532 0.528147057269267 0.454322285354334 0.461941676781353 0.296043687969386 0.456966339098555 0.329079009537395 0.4127241548113 0.490581761379753 0.469136344267226 0.441945601748592 0.448569900482205 0.505021571283021 0.502809529577822 0.42723818142339 0.383050745803652 0.471030179345049 0.456939754973295 0.511104920989675 0.377847561876939 0.537601151443196 0.580740352484058 0.512968638703361 0.536779412553024 0.502146657732523 0.478169908002855 0.510236890015679 0.556524797413732 0.588591364308315 0.653045760607594 0.535124666742946 0.570475238897198 0.54340418470762 0.591915072915959 0.521353701269028 0.486530322166308 0.544190564059852 0.485780706448574 0.479881336582744 0.599834703721485 0.279689928051508 0.509631399630797 0.469303336097408 0.504110472143937 0.583724469739377 0.541885318573916 0.616529273946783 0.574068792095708 0.547748940635911 0.542191389633717 0.559758567373494 0.5547201235153 0.147346529296514 0.480721567012738 0.510518505528591 0.533910847600063
0.725982122741278 0.708899970591442 0.839519831364388 0.839268578821416 0.742665480948305 0.721333637242317 0.805773073856638 0.755508809224407 0.610668858339288 0.697715864372875 0.618459216055756 0.669714092218207 0.81836727099375 0.778784414764786 0.846661030569544 0.848865654345095 0.725746932435539 0.72150309699012 0.731521333295131 0.697181956349549 0.633922895766882 0.580785470639655 1 0.904968112911808 0.790522183619402 0.780884545197982 0.563783360038409 0.450881650612696 0.688084300350311 0.693133438170908 0.873479478436866 0.834535335568191 0.800022654620917 0.778850231059278 0.694393188209727 0.574065177002966 0.569981957993471 0.597629956877319 0.558405582884766 0.657974226686885 0.456787205067811 0.593848839307572 0.666589670661992 0.612223021979197 0.551233424662691 0.551610167772685 0.675346989773592 0.661579281585889 0.541352519385939 0.489739843363431 0.636342750508967 0.609697623250647 0.669457896766515 0.421294706302441 0.73072836945641 0.73819136094128 0.749765402763725 0.740900390015781 0.739076737684154 0.663632759272423 0.757902341392452 0.688638252388287 0.780429216635152 0.746243092271772 0.807160345178743 0.784224303021791 0.714406664884626 0.680880059241479 0.702803028052215 0.657284831822499 0.682957436057641 0.59792499174478 0.55637083379576 0.628369041243758 0.453088177897582 0.56792945494307 0.505405389262765 0.508750965020721 0.745888900804852 0.713681321925836 0.79338241100655 0.806832623806232 0.732025921927958 0.755246376214188 0.851733952836337 0.804634013223716 0.383825646477296 0.773657579984591 0.750572726351491 0.663998429123942
0.638157659214415 0.62567780821652 0.753264086210561 0.826049782057935 0.681594683364621 0.732002704097221 0.731228890512051 0.747714525365148 0.520696099456251 0.701088262689162 0.514249450598899 0.645044918999869 0.712618994292919 0.786828690756386 0.722583816286882 0.887110884156357 0.639585466197076 0.64386058255984 0.630333122306702 0.600175793826937 0.617023795081526 0.622893879234006 0.904968112911808 1 0.732741441571714 0.780911587818905 0.461595064872691 0.439821903333468 0.603240392626473 0.640905275278574 0.811451795182833 0.853481835866927 0.742887386766624 0.742678831936658 0.694123651184412 0.632784023935338 0.57942558259384 0.569839672423045 0.500488521484854 0.569529846754983 0.403334398436872 0.550486390810056 0.655155089294412 0.575365438750421 0.53211360599923 0.537285431271358 0.632304118906203 0.622655147655576 0.51957284446523 0.471902595733132 0.611386579006998 0.582788127940721 0.62500545222009 0.438859830151116 0.679276218835543 0.673921927513178 0.652673751292241 0.637770882973396 0.655486638044451 0.594813604241798 0.683425297257493 0.688465733542657 0.687984243233637 0.73786656441829 0.766283347821221 0.780372433840684 0.691497700428886 0.699506393457436 0.639187678791614 0.562384413714972 0.691894163000499 0.610759248644461 0.55189843964681 0.635126438269254 0.434558404972809 0.565846559202495 0.570301346316678 0.549470750531361 0.709067909555874 0.691790205378007 0.761322375735254 0.776035893352125 0.675576248917691 0.689951284590594 0.795288061184855 0.777102769887764 0.287684361932817 0.70844619470969 0.674215104758119 0.6556529898852
0.731560222411323 0.729461870512976 0.74283267837961 0.720820098415092 0.705758715449606 0.759422508963265 0.690037366247317 0.648200158161241 0.51253471607764 0.558671629711263 0.577693067751559 0.570440129346051 0.677586744348436 0.63539969158195 0.667544476913516 0.673546912454382 0.727993160193582 0.708218851711298 0.705296699132886 0.639998986709545 0.720025930071643 0.521201836010168 0.790522183619402 0.732741441571714 1 0.911554239727899 0.647511102086311 0.652169766137765 0.653424947782919 0.647157623059211 0.783034993153307 0.690546608986482 0.763257764333013 0.718561012464697 0.584876745408536 0.450442227687069 0.556054615784642 0.636755770995669 0.622032553463376 0.703170504880181 0.494243523428424 0.631920738645694 0.669548632193798 0.64524517359096 0.561446551612014 0.563109762231886 0.683307963059162 0.65945820161033 0.585229842632766 0.522954655323138 0.677697044227325 0.646130054980511 0.680228126863084 0.405409363676111 0.725237040140318 0.712782545527956 0.754562280932138 0.750481757302679 0.735128261264826 0.711105440790918 0.64416191635754 0.562694723962115 0.69361009120638 0.638139721777094 0.632262962371475 0.714056636283982 0.706081339946865 0.661436251284438 0.728101011183258 0.691269222868419 0.645621495407275 0.57679943989821 0.566007602532611 0.644815543749314 0.40234349565647 0.543886094673238 0.501450264207086 0.446617323354141 0.711366554003194 0.693288190271211 0.749241585142759 0.774518704205036 0.699295531137003 0.73382565964849 0.779268621466223 0.791630588639919 0.497346748709456 0.758508755068559 0.721101359497419 0.619874512562909
