1 0.805153778133743 0.715467412157236 0.693334899032825 0.345748605931159 0.366724086396231 0.762213611393618 0.672154175849481 0.518249566299366 0.330273081187066 0.82893618092975 0.569393290743826 0.755267134264466 0.514047156055441 0.503341964983565 0.341714768616532 0.622762210872574 0.635582179083083 0.850704249381727 0.78030438008978 -0.0257274233641353 -0.00333704551180008 0.441221815155065 0.464569474688539 0.278044670353802 0.315440386274884 0.00127508058200976 0.213731331422244 0.567697324652254 0.513492641076904 0.494498705668152 0.300710170232342 0.620451300436756 0.636236936188422 0.327113704103917 0.307722831941293 0.510097517869936 0.503041091095313 0.541369558902007 0.495369164181056 0.359587643916026 0.337316859114882 0.693373880944423 0.633101107499018 0.610250147446047 0.65234953553663 0.636848097547589 0.638844421580271 0.69483188312633 0.737250097867747 0.703008424721395 0.733727920044712 0.656782584703422 0.551393253854409 0.584058598148423 0.593540831010965 0.730831441857581 0.612703865631048 0.843833324788452 0.716181462034138 0.732414813312567 0.506828861798199 0.557766471711605 0.645380543060336 0.255090283963122 0.422441082171765 0.622452439305823 0.631466044094808 0.763272451627696 0.651356821812248 0.493280470719239 0.27723247742799 0.602839903365618 0.455802045364878 0.299662104340779 0.3312197935909 0.374268421298522 0.28835543671978 0.348200752626238 0.608646642757366 0.642208198254771 0.672030974943815 0.500288667494115 0.439551267769596 0.692977030192953 0.685663630574054 0.379190919427508 0.310802273794983 0.767028966761137 0.804318229987129
0.805153778133743 1 0.522638455646124 0.560446054703065 0.163449569974902 0.284573805803594 0.460843259662836 0.526228029866502 0.323877589596813 0.222912103575479 0.693695511289832 0.334291639469314 0.450719046728272 0.286095905825404 0.383720855013752 0.203095168270081 0.679840881424912 0.691567787184347 0.722544573827126 0.724537787975413 -0.0715027609698747 0.0151691854517694 0.297342356736446 0.336690351463816 0.291030947778146 0.335499642755531 0.139385362894165 0.252397265036931 0.473619240593322 0.445748999275756 0.272334684031595 0.097890715215801 0.376264823716488 0.50280793979622 0.104961829290605 0.115891956685623 0.339261088985241 0.329230315919246 0.317537464797663 0.487961105844506 0.341976673685392 0.422120322362309 0.674866677505071 0.600927773707429 0.58066521055539 0.609236954802361 0.690975938431674 0.69853393892384 0.636160594178504 0.697623593133323 0.640367265329989 0.698163409564292 0.664740875367163 0.495079151693299 0.66932341451276 0.709078206863752 0.891318666337932 0.88611468499679 0.759961939391101 0.655552457945302 0.50606750804305 0.329112048865164 0.441115652500072 0.541837688663842 0.237700108516372 0.270625281379057 0.511694814727368 0.534398693725656 0.827849435539864 0.740247673052477 0.336953683254425 0.167232722739197 0.387120975296673 0.308306889837706 0.0824670155735091 0.338165203437541 0.279356870432909 0.189106808763162 0.37105697651857 0.609374083404444 0.661004983634493 0.769238432296483 0.415121115907902 0.489823097373372 0.672436184074329 0.575866099193163 0.342306692310118 0.295708222891557 0.674576781489089 0.696718575115169
0.715467412157236 0.522638455646124 1 0.745729745445107 0.554127558810959 0.536418856665228 0.843600594748804 0.661892986617404 0.675638667229909 0.527245718426927 0.585004410645649 0.479725341849217 0.634427057957437 0.501412816300812 0.675423553381338 0.441450569109079 0.353851960291731 0.429299972840442 0.690754026422555 0.597901446697623 0.167108655720073 0.0860156295951335 0.774992609619539 0.708700442072282 0.480306916843331 0.540210873121425 0.228355355857796 0.351207818987094 0.406789794868038 0.445869538013128 0.742520777017714 0.551314232004943 0.707061935409663 0.64314897042103 0.600043324448827 0.430551765262351 0.47762738921676 0.463603923055833 0.564257369353352 0.448398878223082 0.291947529153666 0.295981288143432 0.605609341726994 0.503928268528415 0.578910489341277 0.544808135735262 0.477051266537445 0.499298536507843 0.562693226167174 0.540097353713955 0.561473352874647 0.585935649180954 0.468339838734543 0.432753437943349 0.433380842523648 0.440389999545932 0.459922550925635 0.37431654402667 0.627047587103787 0.441619324857818 0.605575435003846 0.343415413012978 0.425376589847102 0.470499397532804 0.569319829020048 0.514524806274263 0.710829961598042 0.670449450316689 0.548042061864027 0.46701951066158 0.601901331075442 0.372365526923029 0.522880473602697 0.390434623991523 0.33037924966853 0.316076902381656 0.487933741581159 0.35667442344392 0.29299095654353 0.493362488388159 0.532349089827117 0.598499031535463 0.490973240662758 0.445113751262006 0.714415353477807 0.637032966901677 0.486954301194127 0.34135223524334 0.7248648621514 0.675948040639355
0.693334899032825 0.560446054703065 0.745729745445107 1 0.48563269019606 0.571591881775435 0.806322220708715 0.93105650841915 0.688478854556888 0.649784592900897 0.502264705387383 0.734032654975431 0.624075844067447 0.66719765173235 0.52586626485075 0.560284184939351 0.426419723084444 0.463135341402836 0.693090605526353 0.670092155171703 0.201049323548585 -0.0106706374247777 0.629334385026303 0.717665421190129 0.367770679006887 0.446903602104596 0.083602855924601 0.177270108978248 0.44809636410955 0.565129238391281 0.678301327694952 0.628603109410205 0.70532661712289 0.751634943588603 0.618007984615362 0.508493575320014 0.478975913950718 0.431321899111107 0.499559687865464 0.361728960503594 0.190742001136027 0.188752633521947 0.599757915920075 0.498167934524616 0.506910245747927 0.534697544282298 0.40104810729735 0.456587221465199 0.503238549793168 0.576482961919896 0.499973994658566 0.626193953586096 0.435343062761785 0.46328259196717 0.402935503012074 0.34424185601031 0.43115355779297 0.340095822318783 0.648437800918434 0.668746992532572 0.738391010941231 0.714765266546142 0.461518815604564 0.673240380714475 0.483326968259551 0.802577984343545 0.700696597206426 0.739818453349847 0.597880281447564 0.553609727357178 0.654058702330827 0.465731000602958 0.57138954171286 0.455265539193877 0.323698398894167 0.34775955216392 0.503641093293094 0.459640401525683 0.342903806547301 0.574151944827478 0.509517013410598 0.568751281965576 0.352169091450301 0.259702066336274 0.606593706774928 0.732711450295832 0.30724387881508 0.221150324146247 0.70182890783051 0.701238543293256
0.345748605931159 0.163449569974902 0.554127558810959 0.48563269019606 1 0.638169913492874 0.526517103401454 0.425457054863555 0.658246098815909 0.657943400734664 0.178890315410758 0.435235077961067 0.378780785989576 0.475866763651139 0.491027444442956 0.434232400521148 0.0215577615265798 0.158400293982111 0.293702688427488 0.314610841341573 0.217167627781586 -0.0406013584909542 0.54485703644433 0.542431199485896 0.295222231663247 0.304290683767391 0.185919280207731 0.0920716831283801 0.121689240826221 0.18696671694106 0.396110201942292 0.389109410916443 0.359065179752139 0.285451739012599 0.396085164029787 0.303464072743919 0.293953761279785 0.345855936574641 0.325698123731965 0.129321568254241 0.199376960641175 0.0451444692817609 0.212491706362117 0.150802938829939 0.248430399210502 0.247000554293787 0.0897398494169724 0.155838105437193 0.241665989145839 0.211359167216884 0.233039879113068 0.219287647282461 0.226043479352935 0.221615119403139 0.128861929730667 0.149328680514107 0.132360308540467 0.0258116569986177 0.148396752780337 0.169434074057432 0.331121237656396 0.318476798333798 0.0832076700890321 0.223591824821064 0.39426552296688 0.420515662239663 0.190618447055406 0.203605963179556 0.205954442269205 0.101364184555274 0.449838198154082 0.287245085529947 0.351891782391058 0.393158336425436 0.27947647274516 0.197441477195898 0.211440909053422 0.224671782296045 0.156742287323514 0.19216039029342 0.2000691421229 0.25400934788812 0.297559417918231 0.206171553235874 0.40157295196537 0.43622674085841 0.315152115532415 0.231279198165902 0.394563588033315 0.40418369478634
0.366724086396231 0.284573805803594 0.536418856665228 0.571591881775435 0.638169913492874 1 0.449244381728657 0.502390975044944 0.48937186746139 0.733936192691766 0.194947886869398 0.50265265312856 0.359711951307045 0.506306377533221 0.467301966303481 0.487528222399028 0.105748896236596 0.128326185916009 0.28432302234354 0.314436586703537 0.231548419633008 0.102909492829638 0.499662413695616 0.620800429816125 0.396704152760434 0.481283858051113 0.331827560409087 0.409379535862552 0.152227141122776 0.251035375520952 0.361280178661067 0.474367909230122 0.326515262713505 0.362650241405415 0.457375050563758 0.402193438075569 0.246428423952403 0.280771326738184 0.258414054154124 0.268473234588157 0.188123435292282 0.224020341664624 0.264592853722401 0.170274421355594 0.306991366087988 0.291400681896301 0.126448130632784 0.177679698366623 0.253056393531461 0.243733877484415 0.247646046954542 0.293895921972873 0.199569630295046 0.190568908982405 0.212400103622091 0.210725988755057 0.189875015789099 0.13128331200878 0.207585255817332 0.233398738189467 0.340835658325561 0.382858479940719 0.0680225073154755 0.242826321184826 0.458105514535411 0.533521968016506 0.319413914030871 0.356121192217847 0.2761558526795 0.154678771798486 0.392184285412742 0.22153595723396 0.282861103087178 0.215776596699769 0.28879356748985 0.213699329782302 0.247616038986269 0.215819432397935 0.186682427841037 0.2637049404129 0.203744444005048 0.339113014396984 0.30653471925409 0.307646531790767 0.478098268785854 0.511004834000053 0.380696157352491 0.350644476640875 0.441605997256971 0.391522216918808
0.762213611393618 0.460843259662836 0.843600594748804 0.806322220708715 0.526517103401454 0.449244381728657 1 0.800326152506127 0.743218055285239 0.521235898409519 0.634334124281387 0.684673956955256 0.781478945943386 0.658625856777852 0.630038892641787 0.492387468572478 0.399449190201132 0.44803019998888 0.750427801030877 0.670987529469057 0.0954943045684617 0.0601099117238176 0.676625433339899 0.593351595890703 0.310801400394392 0.30064700591745 -0.00201386774637296 0.125888003731729 0.562092409118565 0.587375176575644 0.736107689074403 0.574818919867785 0.800946262343322 0.72108692849467 0.599035506454191 0.487409959727282 0.478641452966118 0.42829979521051 0.539637832239971 0.285781780505894 0.180998746194322 0.136663973627432 0.554435082662798 0.481536071702722 0.485201624592824 0.504295860910088 0.395260929376685 0.404766450663432 0.529834799876611 0.580104456662012 0.516381571315923 0.553304921008316 0.432285006160469 0.498545356203704 0.289005841481764 0.256778969319099 0.358328902822143 0.231901348887602 0.6888404480529 0.617044985944797 0.851025089037171 0.624329611976532 0.617019403447201 0.699814878976439 0.398202446508746 0.601704872289264 0.70903384282088 0.676369093595241 0.524883550370993 0.529750135069827 0.621334734687527 0.411831997957145 0.614492140661507 0.486007291473305 0.368887348944058 0.332095280832367 0.55759468199644 0.437625116309919 0.320297192071036 0.577885027816117 0.532957743774693 0.524690922027901 0.425016712811182 0.250164755977097 0.586388706170058 0.626054023508319 0.354128938398232 0.21119873054202 0.67436495291668 0.690441897056544
0.672154175849481 0.526228029866502 0.661892986617404 0.93105650841915 0.425457054863555 0.502390975044944 0.800326152506127 1 0.704149483407935 0.608298303994879 0.493016957663748 0.735661331869299 0.626940497013416 0.638111061816588 0.40891466670111 0.478663523102432 0.389852307770873 0.368349638965746 0.660319305338275 0.62441085261273 0.140753180141891 0.0696920692583307 0.498710837288034 0.574399531612258 0.233854189495923 0.256382771759043 0.0535698343501448 0.0425818105327095 0.424311103348717 0.559360480080233 0.595289143154087 0.546195113238807 0.637002432863623 0.712777956585804 0.554333156938723 0.484826821132311 0.357004456692061 0.274932258055714 0.360486257275986 0.274584505444209 0.0757692879180644 0.100459181956432 0.526442047064428 0.423333157135032 0.402596890509678 0.448770739269506 0.337856666953987 0.387441572539134 0.439708931782594 0.544483310014782 0.431540049002834 0.55824412006862 0.382534822647434 0.427090939338032 0.346358842326396 0.296809342242189 0.329981194132978 0.271526163059194 0.619126607929215 0.728278158512536 0.814602464663649 0.815290069780103 0.469815911940624 0.675541647342673 0.380839001539586 0.762204273256761 0.632632609625308 0.655608392196216 0.552533321889535 0.514958738108391 0.575573247911405 0.407479086777616 0.500841571284222 0.463067074530678 0.252943028704856 0.374664251231985 0.488373019050333 0.453265696098282 0.273085896914317 0.505524964189644 0.422339391164252 0.464127699704815 0.198224781369167 0.140101246275288 0.491384507052857 0.617018034572152 0.143274634144296 0.0842241109260002 0.638901387828474 0.603552098775832
0.518249566299366 0.323877589596813 0.675638667229909 0.688478854556888 0.658246098815909 0.48937186746139 0.743218055285239 0.704149483407935 1 0.664835649039893 0.379921952412219 0.529391010633753 0.555149836638056 0.498669285695907 0.547867102367575 0.400822707594008 0.161205286531126 0.190653828889488 0.519036083670982 0.389233064163889 0.13522236846037 0.0606550087283224 0.576428547995828 0.502672241825087 0.286027024042514 0.262147797324439 0.169528921842271 0.0646887994619431 0.208969249462007 0.333025105848218 0.583421967945117 0.457901112800409 0.48642391443614 0.421318268629851 0.436748143753124 0.266328990379347 0.323423301900041 0.299517028313997 0.310703267549425 0.195768987785069 0.0773663704012044 0.070810037990026 0.423860806163424 0.337697052154768 0.378447966866244 0.402204079054902 0.269048592146066 0.307649171269423 0.379382797836779 0.46550275714627 0.325617886663133 0.420584670070542 0.321102336546446 0.385918010802476 0.178093898008651 0.207449675449831 0.207334959036964 0.169118567694057 0.450895046563729 0.492921422093194 0.652395485364774 0.580405356487003 0.274549459446698 0.42646498892204 0.413757988550417 0.561883827040741 0.410326857551649 0.390679221258613 0.381890988948204 0.338434693233264 0.500013008623049 0.428753166401167 0.408908492700439 0.439029289296762 0.155367420795295 0.284597333707546 0.365093738460448 0.405964801849618 0.199744889886846 0.366784680756281 0.303357106030257 0.341605172828447 0.191281065321367 0.0718922489602715 0.464405224809535 0.459533902475088 0.201829920038587 0.088265249769096 0.566893057139082 0.502533667036199
0.330273081187066 0.222912103575479 0.527245718426927 0.649784592900897 0.657943400734664 0.733936192691766 0.521235898409519 0.608298303994879 0.664835649039893 1 0.15099637007667 0.6380943101811 0.403719039411315 0.600623837573787 0.45651539299862 0.58117577160843 0.115242092261482 0.143821247597704 0.289955204353465 0.308714743451186 0.386153003330072 0.17459588195329 0.545897613242654 0.606961251982912 0.364893127957759 0.468328654498363 0.316043929935923 0.280311841374347 0.201950723655398 0.313930013059377 0.479878573307367 0.583022524345621 0.383285707895526 0.38084591067776 0.482051908567449 0.363257638935948 0.349048202005434 0.275397245527897 0.296564366828016 0.283295301216915 0.0795812036423173 0.0198261976536864 0.24840684335568 0.138796601362301 0.229039289699814 0.225687992163671 0.0760175256727598 0.134065510653851 0.219945311414328 0.245349248418558 0.189403616006545 0.274562443223552 0.170018094205596 0.207502840463693 0.151205834786045 0.115082643691332 0.124060253679413 0.0442627189921312 0.217947526811901 0.315561267772078 0.456738633699771 0.574320823884936 0.0845885366048025 0.353495455087433 0.452254086488599 0.669091666405126 0.242044222374818 0.291554492000947 0.244711424713125 0.15586645625739 0.51950280183345 0.433117392930569 0.30982181667595 0.391771140432127 0.177319809850784 0.31077930237356 0.339789648886409 0.313154115608401 0.273267804956188 0.296087440434966 0.211713361012063 0.269197319595899 0.243722545645065 0.253025467257319 0.386851580948928 0.49612267855032 0.26574264944778 0.216858542186241 0.424174017358184 0.372400744298637
0.82893618092975 0.693695511289832 0.585004410645649 0.502264705387383 0.178890315410758 0.194947886869398 0.634334124281387 0.493016957663748 0.379921952412219 0.15099637007667 1 0.466160617300642 0.694280009065114 0.457398072414181 0.531966136750543 0.26790497949581 0.680586482181627 0.635986056030102 0.811823457630648 0.742013906947048 -0.127202740059251 0.0414251060806745 0.379398970652705 0.310046761402633 0.183460052756471 0.149778922954678 -0.0110039785795569 0.189545010453142 0.677580774600754 0.597279956127154 0.442157549168253 0.244728561017525 0.575688144880265 0.5959118541093 0.190441977495524 0.214412649153185 0.424410602024832 0.359541283442022 0.369641173810943 0.411173981780671 0.366728065202065 0.3047225600574 0.637220544134081 0.615084702591929 0.547281985856319 0.56974480809696 0.626520626689259 0.587230917662062 0.639001717971387 0.668873854922118 0.677488103192233 0.661146708230099 0.669350167505992 0.607735322174501 0.565789393528826 0.598154053669089 0.613944513970608 0.550048554546101 0.793265111160731 0.679033043580875 0.619890935781401 0.340050449581235 0.713264515231192 0.651423405658081 0.101768260433674 0.192606744221327 0.623163325082831 0.608167621942065 0.623558487237454 0.55072763507376 0.448868711834422 0.196683732753962 0.565910624250189 0.452829933001334 0.263503020316545 0.338324574035229 0.396617516647391 0.284305636482741 0.413128725503727 0.585234342973105 0.646974038827847 0.644324738807165 0.493036144340175 0.426749389579719 0.626806109157722 0.56415266423883 0.347513572169625 0.303970060719563 0.661212718691152 0.691925265632046
0.569393290743826 0.334291639469314 0.479725341849217 0.734032654975431 0.435235077961067 0.50265265312856 0.684673956955256 0.735661331869299 0.529391010633753 0.6380943101811 0.466160617300642 1 0.650489604323599 0.911145577267926 0.49390642441159 0.696303555120398 0.339962183647322 0.401185579703649 0.545413371910092 0.579234751976108 0.261244250425054 -0.00603977855964168 0.51966298511188 0.605519642274778 0.267005860762431 0.315512908645523 -0.167417670026223 0.0458002797003123 0.561973006856668 0.656623389067259 0.599246826219705 0.649775300210387 0.637070036201302 0.606304426331418 0.56574184583436 0.498873253461463 0.532211268348052 0.500253583062731 0.529403988783918 0.289877179617117 0.185480279321018 0.0784684739028465 0.47273934976283 0.446569744499055 0.380780473380982 0.45726847279085 0.286160586351763 0.315976383341815 0.459669097876189 0.50775080483605 0.439130360241323 0.515951517663572 0.402146867220383 0.412261910827866 0.268699829286065 0.184282180067912 0.205628937557104 0.0344340781673289 0.432450447674057 0.566049360773997 0.664878250500895 0.782564592153328 0.438403467067721 0.708025530287575 0.279120743627324 0.730062527550457 0.457376027025913 0.544600376964058 0.382604004006181 0.331397962884932 0.607284706414722 0.447285842802498 0.553507819560408 0.556014884949219 0.34118543606447 0.326287633142526 0.443198974937408 0.373210974392761 0.419606037556265 0.481687185446868 0.415106417667848 0.43260960899942 0.408589535114131 0.292319256627 0.475472269323789 0.725550456347797 0.331869444450794 0.271202866430675 0.558231973492889 0.630944289945761
0.755267134264466 0.450719046728272 0.634427057957437 0.624075844067447 0.378780785989576 0.359711951307045 0.781478945943386 0.626940497013416 0.555149836638056 0.403719039411315 0.694280009065114 0.650489604323599 1 0.656695385950085 0.673487781896041 0.58791544984618 0.38322857511853 0.353279354647672 0.657970590642939 0.559150857620998 0.0829963621341935 0.142741301340111 0.57772632848955 0.497601230783654 0.264392170922145 0.24727698826043 0.148191967228316 0.206312778626605 0.442942942698572 0.427345931401777 0.508299856630067 0.352646371492618 0.608112086994543 0.548116557234346 0.444263149043028 0.416274395123446 0.507225815145369 0.328783426257907 0.484844886505526 0.413566162245639 0.212200396045016 0.109224267667609 0.59305761747788 0.496660744163854 0.490392199197601 0.48571303435233 0.449134227331847 0.425526541571917 0.551851272224473 0.578197685444343 0.566643735187685 0.622419182167208 0.539241792384285 0.581447886966525 0.464771290993637 0.402277924637894 0.324327622674173 0.275427137765967 0.661336602337828 0.609622797279305 0.76238989015689 0.510301323827485 0.464476397984969 0.50503704128929 0.439293589400355 0.548331030298835 0.608379255568299 0.555393012281985 0.514086949152074 0.468965276027831 0.536426799842194 0.285293954820064 0.456280592487162 0.400114472156806 0.368464034248486 0.286458674534727 0.484849107937697 0.428555179405436 0.317229174327746 0.459425785077248 0.380243865173162 0.448744316737644 0.482806649330464 0.355961807762203 0.641752930036165 0.662592906770295 0.395226791821976 0.364515677732513 0.712728323385216 0.691995302270721
0.514047156055441 0.286095905825404 0.501412816300812 0.66719765173235 0.475866763651139 0.506306377533221 0.658625856777852 0.638111061816588 0.498669285695907 0.600623837573787 0.457398072414181 0.911145577267926 0.656695385950085 1 0.593253744725073 0.782735562198584 0.323049569256384 0.411964009414207 0.493488990988949 0.604789583864217 0.22615147939556 0.053965010250559 0.613525766703617 0.665943805071654 0.331454181369608 0.366692548240216 -0.071836893691335 0.129696680338162 0.564320792649283 0.664962312490509 0.626971477786454 0.661195361680075 0.675282270359832 0.631471245249852 0.59232748708513 0.512452328884454 0.563961203885559 0.480266331332998 0.530657963993979 0.298633648975036 0.22834304165487 0.104792580998743 0.476202394782079 0.436315714438326 0.389615638271869 0.450870413940514 0.282955992852443 0.30058922758061 0.444405844326631 0.457097067301597 0.447922077395425 0.493950905412879 0.436756133289634 0.484698913444985 0.304285298120669 0.23656739008157 0.167240754090121 0.0150795225353052 0.357822201108764 0.462126800249455 0.55344320667418 0.607108879797467 0.436262053194983 0.63276356402872 0.326401425795393 0.649875999918927 0.486012524700676 0.552918793724665 0.366104067980393 0.293274003685931 0.603343910527819 0.398247710580258 0.536569432627835 0.557731612268954 0.457757674275952 0.349820124874263 0.517840862522811 0.401701230090161 0.405836867643364 0.504074638380224 0.409085818030946 0.473066738752745 0.4923669018544 0.409875479650896 0.50764595362473 0.741212816920486 0.434245831440627 0.418694759235398 0.570531098382313 0.663613726503848
0.503341964983565 0.383720855013752 0.675423553381338 0.52586626485075 0.491027444442956 0.467301966303481 0.630038892641787 0.40891466670111 0.547867102367575 0.45651539299862 0.531966136750543 0.49390642441159 0.673487781896041 0.593253744725073 1 0.671847512285462 0.352224896601131 0.413653676032922 0.584439353465547 0.52119793986072 0.149413079841881 0.0306193321672626 0.8480289508393 0.670102103951143 0.489445764982457 0.439649474375337 0.269930287826504 0.315297815472361 0.437195305326735 0.455937420518666 0.633889520151649 0.48207246741805 0.623668293652927 0.511926934128694 0.441720496602492 0.285614803891168 0.559971702821695 0.402141856708439 0.502980291023226 0.372880569237834 0.263330100100178 0.215394090096246 0.616224744184103 0.531089162841609 0.594491796129336 0.5457698544275 0.499510469243713 0.489480239809584 0.556308883829162 0.520694167450972 0.528858655671025 0.550228591903721 0.531454160394682 0.549339565428435 0.456890235736887 0.447915929239276 0.367479893701711 0.308984583343473 0.452903239593819 0.316229079204334 0.430198439958417 0.203385783588834 0.380385420857268 0.409843448999264 0.643136658534617 0.453135909084254 0.57251948009599 0.480212363351182 0.483070675099669 0.450234724138498 0.578095138516854 0.358789381689466 0.359059456647114 0.34314039105105 0.409240737512805 0.325413931091345 0.48419778674874 0.342344182251182 0.448547312459957 0.501518348920339 0.46799552111682 0.584345566728151 0.652293552137688 0.469047287599845 0.806607086975568 0.69145848848829 0.667276832301981 0.573035081367439 0.666284811355857 0.725466445067587
0.341714768616532 0.203095168270081 0.441450569109079 0.560284184939351 0.434232400521148 0.487528222399028 0.492387468572478 0.478663523102432 0.400822707594008 0.58117577160843 0.26790497949581 0.696303555120398 0.58791544984618 0.782735562198584 0.671847512285462 1 0.168744281327463 0.222610388794408 0.320626513883215 0.386446859421628 0.228732776565344 0.149249576208776 0.691701729146705 0.718002112924674 0.317439253030155 0.416686629149743 0.212805918094024 0.230289310867048 0.355923257563603 0.397863313978002 0.504002888158323 0.571112282510703 0.490550183347096 0.467978924159525 0.505648115837147 0.412987272772895 0.539388454027305 0.372207073050156 0.482932692090435 0.322472797586055 0.206564635119036 0.09110904830978 0.368216996881066 0.280229730000439 0.319214485963527 0.292124540724874 0.168258453130067 0.198916899841969 0.301444361248855 0.27015115616416 0.301344233577556 0.387262628872803 0.259683923351782 0.345922954823714 0.267177255881432 0.214833477099067 0.14305605640638 0.0702084388680696 0.196185150805153 0.247644833795831 0.362911876787153 0.348808304126522 0.215517653499565 0.356708780083217 0.578329229198753 0.668056977467557 0.424910277083046 0.439874695544151 0.297290811662639 0.226664334777354 0.584105410781522 0.40720340996171 0.298628904569769 0.37455494532329 0.455838040912833 0.250673412193002 0.461056510566805 0.364867478690154 0.308865229807194 0.360594023776894 0.25702755086509 0.379293694995318 0.540657814708058 0.484925264127964 0.550754104988854 0.720504268215812 0.544654721030689 0.607699411406622 0.45369698306443 0.561252851834099
0.622762210872574 0.679840881424912 0.353851960291731 0.426419723084444 0.0215577615265798 0.105748896236596 0.399449190201132 0.389852307770873 0.161205286531126 0.115242092261482 0.680586482181627 0.339962183647322 0.38322857511853 0.323049569256384 0.352224896601131 0.168744281327463 1 0.82491354447644 0.730183576832675 0.753135248134097 -0.152227596786249 -0.0134384346021676 0.289616973991555 0.299208254292052 0.200395784341191 0.157743878159131 -0.106530972029338 0.168650423519065 0.7032607997644 0.649894031134491 0.345208409631087 0.240304582397088 0.580979515625563 0.617338539510975 0.235298410521128 0.263548156947844 0.436643407961604 0.350471762035963 0.371830361982322 0.261390500991844 0.266588602182491 0.273266184734662 0.614330825321188 0.599734528209578 0.617829571177842 0.598094221383752 0.60240408449445 0.559978144633636 0.576797851677484 0.595377332260072 0.511499932398527 0.491529931482545 0.541733652376194 0.470294305863861 0.418544565025038 0.461182662307613 0.716500686319367 0.576756032515855 0.613341126710396 0.481559673280765 0.394931022814027 0.298974243791477 0.694781439808144 0.715156311200775 0.0753435908209693 0.196159647882112 0.53801132959356 0.563203985301928 0.663808505626328 0.668237883934362 0.337013742997551 0.193755084009119 0.581021908064073 0.4123400907786 0.0807213816470897 0.345128425808044 0.414501353086391 0.282023490251088 0.654733007349435 0.767850916818599 0.809975822604505 0.699651472024515 0.437353635161377 0.319767867159778 0.490556667628114 0.445795905777636 0.358468505270596 0.164282231840559 0.487040513120813 0.562315969623128
0.635582179083083 0.691567787184347 0.429299972840442 0.463135341402836 0.158400293982111 0.128326185916009 0.44803019998888 0.368349638965746 0.190653828889488 0.143821247597704 0.635986056030102 0.401185579703649 0.353279354647672 0.411964009414207 0.413653676032922 0.222610388794408 0.82491354447644 1 0.739014509648599 0.814586722064638 -0.108039067892365 -0.145909189699896 0.377012680069974 0.377996873512081 0.310912287730759 0.283759063757582 -0.206831219921154 0.0971038815234353 0.726539295824576 0.688116084717944 0.430949688411788 0.311767730884507 0.627428173569359 0.627401543981333 0.254251127455944 0.220749013133056 0.469696779788365 0.569008005678834 0.515068003855827 0.341579580206772 0.346407968954745 0.343298837543747 0.634393807507824 0.659034696119916 0.628670041406826 0.641238271984706 0.65167807251079 0.638492773342316 0.589587421112983 0.592599388405373 0.553259658212137 0.542706670292156 0.572028575665184 0.449808688222867 0.450102893502935 0.489550687515794 0.765484207473917 0.592243181912064 0.559791471456523 0.400032223117323 0.348724782511357 0.235633685400991 0.642391245288562 0.722817657602993 0.102674067983905 0.197282318819577 0.471882529214964 0.55582476878288 0.646685248511364 0.631680741400037 0.380699116984042 0.164980663947184 0.60246080846939 0.427143451437984 0.235424725521535 0.233289947337693 0.339471248139625 0.138483665919184 0.623562316942052 0.786625378562136 0.858378740858075 0.78777110091911 0.531792002099947 0.453622277456549 0.535081722840962 0.532479500059707 0.425503133117294 0.270491579687327 0.485918218414119 0.669274044758328
0.850704249381727 0.722544573827126 0.690754026422555 0.693090605526353 0.293702688427488 0.28432302234354 0.750427801030877 0.660319305338275 0.519036083670982 0.289955204353465 0.811823457630648 0.545413371910092 0.657970590642939 0.493488990988949 0.584439353465547 0.320626513883215 0.730183576832675 0.739014509648599 1 0.845045954409312 -0.013110639594756 -0.0865092193167433 0.554517421792169 0.518708345380405 0.313334847112789 0.322881284167003 -0.0900685097839651 0.125107305746299 0.660915184609285 0.64189984218519 0.626521333304559 0.411783414460248 0.743661732002361 0.697090974972627 0.387938720889414 0.359324928759776 0.526983405058016 0.527185356820713 0.55468375735991 0.411883539879625 0.324849460172038 0.306138354387601 0.742838243504106 0.714934245091468 0.716086108115683 0.711577655023322 0.671378219606517 0.673431256096686 0.688068060681935 0.731050534167949 0.648538070984768 0.704582800032763 0.613970108079712 0.586237700339628 0.474402407812417 0.509441077949878 0.693737112593358 0.543064161520965 0.777179773176392 0.674310828864307 0.66059406103459 0.468048447348016 0.651090077242031 0.720267909270434 0.296576580082895 0.437780287033417 0.699616372185791 0.704983106495188 0.768247364815608 0.743508513977075 0.562813714394971 0.365462017234848 0.637946639572236 0.490549584285921 0.222851935190602 0.410435976599207 0.475073434841758 0.325774049428108 0.445463372345148 0.716333264171676 0.72373073443899 0.717169902757021 0.491580103453234 0.347530953511562 0.683471158104341 0.628985648247183 0.436366406325359 0.225255800244073 0.69804033235122 0.782144085251116
0.78030438008978 0.724537787975413 0.597901446697623 0.670092155171703 0.314610841341573 0.314436586703537 0.670987529469057 0.62441085261273 0.389233064163889 0.308714743451186 0.742013906947048 0.579234751976108 0.559150857620998 0.604789583864217 0.52119793986072 0.386446859421628 0.753135248134097 0.814586722064638 0.845045954409312 1 -0.0485714848730239 -0.010830041989307 0.472468850310941 0.490913404346622 0.228670714388904 0.248237738310307 -0.0869827231136983 0.142145134026617 0.754456305620459 0.758827419022846 0.547609632741166 0.420054054929998 0.756803682670486 0.81216265638086 0.385848118588514 0.362239797132803 0.511151485153638 0.509444607393115 0.466723716281968 0.386894848934151 0.321830242390394 0.351176832529173 0.624169016876418 0.600696947736354 0.593786381783364 0.591010368123891 0.559520779078419 0.574030035513823 0.577354938998513 0.615487306547323 0.546381440267366 0.575551735718311 0.556528915976767 0.527433423443816 0.444899761966265 0.466323947017522 0.651438014866884 0.478988321409383 0.668700608287466 0.611653026289592 0.560328490512681 0.450549514701548 0.69650983153819 0.771114817938746 0.173928709999959 0.378522305698414 0.639954996146564 0.66205971372439 0.715444850211427 0.672127962080795 0.499215067222143 0.284485062129754 0.642975928960129 0.517615008424848 0.369882965959573 0.374224648417004 0.446423967005556 0.31338729150611 0.506454461344641 0.755090091541423 0.758082733664403 0.736528528648769 0.523477711211983 0.468868141492624 0.58091710722756 0.614151855802161 0.395472307932558 0.332676071968479 0.602993060965734 0.750641741241575
-0.0257274233641353 -0.0715027609698747 0.167108655720073 0.201049323548585 0.217167627781586 0.231548419633008 0.0954943045684617 0.140753180141891 0.13522236846037 0.386153003330072 -0.127202740059251 0.261244250425054 0.0829963621341935 0.22615147939556 0.149413079841881 0.228732776565344 -0.152227596786249 -0.108039067892365 -0.013110639594756 -0.0485714848730239 1 0.17184941296268 0.225665606041609 0.336498002315366 0.188663039417423 0.336102373365157 0.17066672365418 0.20728780323072 -0.0769415632241706 0.00142064132329407 0.253426333718728 0.340748926718755 0.0812118761644617 -0.0212612108430932 0.228230959132825 0.213640237451767 0.203606779194113 0.133412857771078 0.164196352530774 0.261161781264877 -0.0041726952990926 -0.165959288316154 0.0502359013717982 -0.0156628047643788 0.0149546470919083 -0.043278553819756 -0.0578081412373181 -0.0704368501112903 -0.0339010835624383 -0.0536283747493711 -0.00316302988422502 0.0269811917170595 -0.0317029307005357 -0.0719467518394632 -0.004234506413651 -0.10419955812411 -0.114443313789038 -0.142224373533845 -0.0603794516589965 -0.00398533718687292 0.0804614420587794 0.155170318496625 -0.182574103038143 -0.0562819476294145 0.198333651173959 0.301447511900149 0.0477063769883461 0.0538763094879995 -0.00128107316241611 -0.091326154375891 0.278327418234477 0.313606711083779 -0.051336463730277 0.0993074265420962 -0.088191020985503 0.136760450764168 0.0832313246894695 0.123145176610089 -0.0200844461133432 -0.0654547684683963 -0.14816799312672 -0.0728882214347945 0.0193426517946035 0.0313113651627669 0.0449854012911814 0.170704084224538 0.136739575606987 -0.0254594291459165 0.12272263945819 -0.00942580645968357
-0.00333704551180008 0.0151691854517694 0.0860156295951335 -0.0106706374247777 -0.0406013584909542 0.102909492829638 0.0601099117238176 0.0696920692583307 0.0606550087283224 0.17459588195329 0.0414251060806745 -0.00603977855964168 0.142741301340111 0.053965010250559 0.0306193321672626 0.149249576208776 -0.0134384346021676 -0.145909189699896 -0.0865092193167433 -0.010830041989307 0.17184941296268 1 0.0409693707483883 -0.00324096582504731 0.00125730580099455 0.0790157375210353 0.453543314545681 0.343690805568718 0.0115771797119468 0.0471917983214732 -0.00754562924222227 0.0251896056809917 0.0629432275054636 0.112681349175639 0.128082682546378 0.1141743750192 -0.0067044634297492 -0.248122767194517 -0.204572268074346 0.212104432871911 -0.0216308630582782 0.0238567304379406 -0.103900181876076 -0.231192759554964 -0.109391143145951 -0.242590579362103 -0.184779902947038 -0.200739071258904 -0.155613418518903 -0.147347684632745 -0.148189062055351 -0.0792185295077209 -0.117569508590083 -0.000811633814863102 -0.0370680489053109 -0.0356614649920382 -0.106570317387976 -0.0199971412120127 0.0140766556291559 0.0646929661819778 0.0417653989999152 -0.0101131196589533 -0.00772933710653953 -0.104885241193605 0.0860207987198516 0.0466695018051739 0.126881344736804 0.0345352437996466 -0.0159732790447235 -0.00665552234607072 0.118521250234001 0.0885732589760773 -0.214875862513612 0.000257400417650336 0.059646396910541 0.104610908253143 0.228479388770448 0.108104089773517 -0.0212954421217996 -0.0225048829171173 -0.0444359514103848 -0.0659560636059312 -0.052543930800013 0.222992560306359 -0.0558342361936837 -0.0880811551497738 -0.034184086520677 0.127212983033393 0.0550384275250266 -0.124340348505538
0.441221815155065 0.297342356736446 0.774992609619539 0.629334385026303 0.54485703644433 0.499662413695616 0.676625433339899 0.498710837288034 0.576428547995828 0.545897613242654 0.379398970652705 0.51966298511188 0.57772632848955 0.613525766703617 0.8480289508393 0.691701729146705 0.289616973991555 0.377012680069974 0.554517421792169 0.472468850310941 0.225665606041609 0.0409693707483883 1 0.864259227847689 0.551090103596377 0.590938791977653 0.260156472691317 0.350704133338256 0.385081575211573 0.466667994215913 0.7865893951662 0.689376079625891 0.684063143834407 0.542100182698591 0.624406813099628 0.457351029080078 0.533775905080417 0.432253390057458 0.57398549627611 0.304735602258134 0.196743880082088 0.0951013432361557 0.575686136792401 0.484353303790916 0.553913601128778 0.505628869320474 0.396209814603473 0.414957360752235 0.502564465410421 0.440366023243802 0.45751113959428 0.486234758211372 0.409596027868609 0.445866919320609 0.334118128721654 0.319840209222694 0.286432539312839 0.188260340347422 0.370304259086567 0.228144663174338 0.399398741366257 0.233599699303614 0.327893705790108 0.402213899699431 0.695418475457666 0.574082834014591 0.60320871989426 0.541088045535781 0.40008535627691 0.370904457071356 0.657314226029235 0.431832902642581 0.411932529695213 0.383020859937165 0.405913901080925 0.336156640278939 0.482553751677897 0.352610738811429 0.408757509116012 0.490637815874394 0.443791089358838 0.544320504032174 0.596767527210411 0.433283799854268 0.720257860856033 0.659780265923441 0.680205967502002 0.478523411613511 0.610290176398749 0.641499579969138
0.464569474688539 0.336690351463816 0.708700442072282 0.717665421190129 0.542431199485896 0.620800429816125 0.593351595890703 0.574399531612258 0.502672241825087 0.606961251982912 0.310046761402633 0.605519642274778 0.497601230783654 0.665943805071654 0.670102103951143 0.718002112924674 0.299208254292052 0.377996873512081 0.518708345380405 0.490913404346622 0.336498002315366 -0.00324096582504731 0.864259227847689 1 0.584282348878053 0.695116990847339 0.224079724044774 0.417875675896245 0.324101726772981 0.43109429110798 0.69780727799087 0.739455386042173 0.625359824134947 0.536381538317714 0.68145065010544 0.563194168548122 0.540086502960889 0.549384915498593 0.633151095127678 0.388221879798754 0.252549945568192 0.167230200479019 0.569512478281204 0.475744135524304 0.555875271275066 0.523508367002285 0.369617158421678 0.401669815211144 0.486320955028426 0.408370805486167 0.468800101935307 0.536195647884427 0.384752663691349 0.38766956963188 0.375522872954535 0.324946921027931 0.329136992018608 0.204811788474715 0.324034078316843 0.22800618570344 0.362274099319204 0.299766720678831 0.217334319919487 0.39181780321601 0.681115492434679 0.721068720001594 0.59424068315014 0.620809731620081 0.458525054061793 0.356163655019876 0.638763960450143 0.408005851191915 0.460273649162255 0.394613449087728 0.413150439881987 0.304233357682427 0.437093359332355 0.356828448565058 0.355747601051112 0.464084993111022 0.382218768784883 0.521526717980191 0.563997511069738 0.456755979433862 0.681890148623554 0.756301199702497 0.651789001323832 0.494923578582461 0.611740931191505 0.644726212531414
