1 0.896209622196599 0.576382692145505 0.388088699327765 0.382836676116254 0.367797409679707 0.485883392239436 0.309956382582866 0.366441365040761 0.158423509650822 0.578261762868336 0.573816287844466 0.589020852799242 0.469154068125473 0.380324319647642 0.27469254226943 0.729340943555939 0.735154702073582 0.772199597600069 0.795382864442268 0.119618569658653 0.245685168886472 0.359262894439217 0.165030474753814 0.397338795899557 0.374328091622164 0.327503426617173 0.284397513455311 0.663679296287211 0.489064659144317 0.341457068033357 0.196676792406189 0.659100443852565 0.529715202863806 0.268058582808994 0.337568529193754 0.525041135256056 0.356330899674277 0.376070480304007 0.50413907037075 0.387787235421228 0.369184657102622 0.406764752090662 0.50990491616477 0.521127116047778 0.526792380932374 0.535350374275171 0.595474624859338 0.443681306186913 0.314507221537288 0.415835322586108 0.361104716327345 0.279762990693398 0.235026313643007 0.618296764984506 0.528243610456183 0.891714970087459 0.861092196353994 0.510821834552928 0.468056635748948 0.388730333811636 0.235492849115646 0.677241991344457 0.563401970595785 0.21643809148281 0.0655388718927518 0.439159178605233 0.340210260195588 0.822002424636997 0.808847667568496 0.325838084328263 0.212411580438404 0.139518207689585 0.142445198049783 0.254433706637854 0.0136826806838258 0.150102790994989 0.298324898288747 0.485986893259856 0.563988898296174 0.821795714326463 0.761505201494595 0.653853394708864 0.569629034115532 0.621893419343899 0.432903912139421 0.418059865754945 0.190231702197558 0.561379337138293 0.474771947659189
0.896209622196599 1 0.524968806978719 0.40044759845632 0.384186201222619 0.419562429582361 0.415336789797143 0.327788120943955 0.362087453459284 0.233720551558017 0.42637534706851 0.590893566625909 0.492706318968471 0.493915658898875 0.381250858719454 0.333190436096361 0.732913980565392 0.773901217045938 0.74256121807184 0.807114219128834 0.060656424606266 0.215576003018516 0.361536869530218 0.135161564118275 0.431019902665217 0.402133853487514 0.362570230343037 0.291276816352584 0.634436981112547 0.503478111746687 0.340388475600919 0.273801454553593 0.629696887386848 0.544005281832031 0.270123732463644 0.352508124549294 0.540338407510264 0.389975813593417 0.376954797592383 0.55708200427299 0.49049717413432 0.468903200046383 0.379797439325506 0.489932188609232 0.587112079501967 0.622294814806749 0.562505474680446 0.616925082320832 0.517666973775633 0.408828995409854 0.446177977895208 0.448756954005545 0.274907112481443 0.302107898068275 0.623754245234351 0.587408889755001 0.877235157477831 0.89814759558748 0.543316752533726 0.538012695475406 0.306512768283135 0.260541996220181 0.633732577931825 0.618158420915123 0.169988671245942 0.0593056300472816 0.443987290932064 0.373276083325252 0.772012730857931 0.855667151804543 0.418827593058188 0.271027859261775 0.167603296701746 0.218867564329946 0.267208173518201 0.108985466155758 0.181531755286311 0.3554996948314 0.502445460841869 0.580415333037778 0.83949431022123 0.848165533123247 0.64901175346384 0.67573157312227 0.594428185921908 0.520468682600217 0.47789946297055 0.27348323664883 0.540256295878349 0.520676326224643
0.576382692145505 0.524968806978719 1 0.723151970406943 0.729158617904272 0.56644763921526 0.85708044926168 0.625705630415295 0.682860242557044 0.365207293445505 0.582675495403578 0.451685854482088 0.70772787089151 0.499951214361179 0.729795125227491 0.657396348283998 0.560613346263358 0.535450074812223 0.687044239084003 0.594979637020735 0.256727145506849 0.137101468076799 0.833125255371043 0.69473752400171 0.717964358948876 0.721171759044152 0.522854950194292 0.404654502979148 0.632664070742744 0.384171831148409 0.678883770015885 0.611965919622614 0.857951728561983 0.715203159891467 0.708671677045935 0.682805377890015 0.53510424439127 0.281631364727719 0.429852186053579 0.467838799627812 0.290017305754382 0.317143068304862 0.539264709900884 0.519088234242468 0.511875359940871 0.498722699184151 0.427989081306427 0.544658373029813 0.429375316071874 0.470570450471473 0.615558813992919 0.607999784941992 0.582409167832452 0.528027591408049 0.59610830433112 0.546719069088791 0.462067720731768 0.516756350134296 0.568182941855319 0.492032579816551 0.676003219866978 0.455197610141916 0.646402538184813 0.458459779773752 0.726763318137282 0.522072223698396 0.718444541210977 0.63368584332288 0.405772921624041 0.477347381662905 0.582732656789871 0.520076068973083 0.453937793514529 0.416105579595939 0.389411256846436 0.146180927765534 0.556702949338431 0.460744098493717 0.398581143992715 0.526194330740544 0.620240251597612 0.596036866833502 0.648820940665058 0.591839735424401 0.8102529950102 0.711715506983905 0.6102426772133 0.459068050998794 0.785896364891371 0.634165530955288
0.388088699327765 0.40044759845632 0.723151970406943 1 0.663226271084239 0.792210075868217 0.760278839930618 0.907613813548764 0.515874065847266 0.531127618746629 0.539430937939248 0.625361934990046 0.562775369810912 0.671717395206876 0.516674833037177 0.682737808801851 0.428737887139463 0.443332610795554 0.535603235613638 0.486518176784647 0.00903543390261312 0.170857854810129 0.622874070606185 0.73211919723225 0.599209114331553 0.720425001383802 0.55183976645612 0.473834713725644 0.514527332063665 0.458055838910593 0.584125407336021 0.655944907567805 0.684070700104042 0.779391047654765 0.686473109187011 0.822274734590174 0.455776583791982 0.371948753174183 0.432920786641116 0.555097551995918 0.326985692861758 0.465232512826653 0.679496567679766 0.652331378094054 0.58491531349635 0.609071085582613 0.555381333369935 0.640257724599587 0.585623618435753 0.631323978604683 0.736741624211728 0.758105054207908 0.715284212715393 0.666747662114616 0.581803162395592 0.682780540323565 0.298886000983967 0.39629038100809 0.670296351390477 0.670364644769302 0.722867541385556 0.804082847251708 0.614243560718279 0.576631788640692 0.560422763539781 0.786380855178235 0.778007316252217 0.854918503535084 0.141522519384676 0.330889293085932 0.720194968605557 0.709870607566414 0.646675695693926 0.644530829798739 0.442779548381909 0.343165430771803 0.607696056326591 0.667778639383929 0.337325277013049 0.516020813125146 0.508806311638939 0.556545653864019 0.53703995368788 0.612487804323822 0.560951038375665 0.829886309458564 0.572903378602538 0.569900313085364 0.708520157921191 0.804410917961945
0.382836676116254 0.384186201222619 0.729158617904272 0.663226271084239 1 0.646460589781674 0.80626446855911 0.6897554988867 0.740095906029032 0.561690527266328 0.540272264274989 0.451475597008068 0.638167542230658 0.53314595016374 0.5573666312992 0.616180664365722 0.349900048412183 0.382782440525093 0.474778261724179 0.411710722721318 0.152030280535587 0.1170142301082 0.659613323598745 0.622028077451928 0.60184416506171 0.717647067907656 0.591479105782075 0.419744138975112 0.476151212049117 0.249275535211827 0.450480271736162 0.51434553937985 0.607233159651132 0.576819241560642 0.586882008331143 0.623786937753216 0.451461325912007 0.302050414323585 0.317830186515753 0.461941544306165 0.414965483221603 0.438748772141786 0.487080646772179 0.460074124844641 0.429667366005804 0.458889731771056 0.418411439716294 0.511082472470741 0.404012126019029 0.465287312211532 0.572016836639202 0.554276578294989 0.578310929896324 0.525732532206017 0.502481676527318 0.522847049989734 0.283683674060146 0.363834405729025 0.519302166085244 0.454747056865615 0.671318992700674 0.53812605437729 0.49283838268254 0.423438044334074 0.631823536141959 0.600607394285051 0.598465788268262 0.582593394537014 0.236069584925963 0.36283277183861 0.60558757815474 0.575388623076339 0.570570795193789 0.486465480211516 0.423215246579819 0.22919675569356 0.53994237027332 0.450355809347786 0.158390992418978 0.315134544433953 0.436189435458547 0.478533933343781 0.484999109184168 0.51952412621679 0.59364314249043 0.703473995215845 0.545916721946802 0.352476508510199 0.745729571591327 0.6251151034006
0.367797409679707 0.419562429582361 0.56644763921526 0.792210075868217 0.646460589781674 1 0.676110240863225 0.800187378431302 0.485593883975014 0.470380351587033 0.479048006083965 0.625863243130742 0.571596787312079 0.682051270474393 0.463663629420878 0.6462395465504 0.435880067946782 0.488252113107195 0.519093651337965 0.432343572576552 0.0613915093301687 0.212724544385715 0.545179230595617 0.548969906447547 0.67378190476255 0.697408683208113 0.692518768857044 0.540443895214027 0.572920507005451 0.460532114359601 0.509758984451869 0.639820450187843 0.616041636607317 0.768997616626087 0.660003842888677 0.705321530803202 0.430597557053691 0.471508751910589 0.37474183748476 0.581579579263516 0.449389019683189 0.586555973667572 0.727135882415605 0.710286392730649 0.688496552727335 0.700953642455646 0.666132088262706 0.723178165861281 0.675465099857987 0.695595636933531 0.744149468751938 0.715680813429696 0.729072340723473 0.752378398142225 0.611875250313843 0.767088298422161 0.337249069296478 0.411542840504389 0.701732177934515 0.654546558914448 0.636702671950656 0.740468852109277 0.632477096239277 0.651543522229615 0.443262782616957 0.649288819873796 0.73082735886104 0.797521330221607 0.191403694956253 0.394015396204213 0.699874042297975 0.68667712053196 0.562430465573274 0.638127582480211 0.379992209496738 0.395303632070896 0.640258427495999 0.73389181734901 0.354791875418031 0.528277529525433 0.525227676180262 0.578900877622911 0.612950603978738 0.605303116015138 0.493497562763035 0.779636921975846 0.584615321233555 0.502713409053699 0.680676858424723 0.784840235990776
0.485883392239436 0.415336789797143 0.85708044926168 0.760278839930618 0.80626446855911 0.676110240863225 1 0.778020964857778 0.778067817931556 0.474160992260847 0.630270567336746 0.49735506603565 0.774953513817984 0.596530972659781 0.68108918907444 0.663535395898525 0.391938609558119 0.396804858732309 0.569966589071427 0.454296478533587 0.109646462183979 0.0574593077870538 0.750539722277071 0.674201255673874 0.645120952537413 0.664287383509441 0.583223650277474 0.469394455430078 0.526463999481723 0.279035882847481 0.508578864308543 0.507693562039922 0.716244154650864 0.65419572202062 0.686563032818453 0.71062901691378 0.481335849565725 0.314327583989833 0.320394903748436 0.484064193720339 0.313672235854087 0.461598342176839 0.598524489651715 0.558178140249073 0.550427621757366 0.541300474740853 0.472193517335952 0.584625422103059 0.504650646776564 0.57165227313088 0.692864552352716 0.649967484627437 0.699491436262848 0.645011536145059 0.554477148276683 0.596422541715519 0.322717898617449 0.379306542265868 0.650053744976842 0.543379532497533 0.837995573487065 0.618907277012807 0.588979312017535 0.444079879066803 0.767835881273703 0.682395285423405 0.740090759639582 0.678503618920464 0.33098863939302 0.397565006297425 0.68459012010413 0.640805257208291 0.538291942112397 0.501108120696891 0.412970476446426 0.202909210296455 0.634118311371 0.550508796061383 0.229738540160285 0.3960100737103 0.475403569653476 0.495732782725291 0.552365502330392 0.547685201867762 0.719608901221984 0.769072183334625 0.578789416993575 0.425537989079576 0.847733130717938 0.738165677928162
0.309956382582866 0.327788120943955 0.625705630415295 0.907613813548764 0.6897554988867 0.800187378431302 0.778020964857778 1 0.498702163756474 0.60866022232577 0.491053850379883 0.699733530700334 0.53756618765037 0.761843607859741 0.423351237678284 0.655788258281756 0.342999111666122 0.376984875497046 0.456166912928166 0.430235204700215 -0.0650164136981968 0.047272929318865 0.532430851475132 0.686797296012151 0.506541101135472 0.65121006419553 0.497583995197656 0.389328871724518 0.460577373814968 0.43677458161798 0.47743534193065 0.612171012413481 0.601256418577651 0.738237494672001 0.595172939712173 0.758463292870524 0.370527068704755 0.276473617419721 0.306534777936692 0.492797146437934 0.303721220572881 0.503244474753913 0.620307898903777 0.594617711792393 0.557162566606261 0.591917996893658 0.491712531622524 0.567683562377592 0.566485544124308 0.628896496936864 0.690426036517202 0.699376758554818 0.713208738984068 0.649912766380443 0.477080680152259 0.623354409753692 0.183150569185181 0.273534144224458 0.659804645576185 0.654480554208533 0.778345853654632 0.890427288427212 0.589365785559927 0.608827023973883 0.51292898652774 0.838687090331403 0.724377182540277 0.828964217117877 0.0611623468845412 0.23175962272298 0.69754064986418 0.717516421802963 0.654143399260702 0.684209575979585 0.421244036430457 0.354052282056369 0.610037030503746 0.662124844895169 0.26035563254591 0.454771295303295 0.428288634821091 0.476820883807488 0.432905840463226 0.558797775261463 0.47339236585482 0.814314554934744 0.49202659497473 0.502841484906186 0.625207425426686 0.786436924018968
0.366441365040761 0.362087453459284 0.682860242557044 0.515874065847266 0.740095906029032 0.485593883975014 0.778067817931556 0.498702163756474 1 0.661432306163506 0.401944767465626 0.264638997412761 0.621968187911678 0.381280639284343 0.698567807778456 0.64794569003116 0.228512305587882 0.247652258943238 0.410290559961161 0.309712230749738 0.156162001679004 0.0754342635291738 0.676331932207388 0.558735013259235 0.541957039845827 0.607292222687689 0.447834397464386 0.388616404336288 0.330926399847173 0.105316223237103 0.353907765183492 0.401333537053423 0.538758564614618 0.372601279084323 0.536008003975941 0.439923774557112 0.470693232119965 0.287322184482406 0.272487385005055 0.310088574815781 0.250424975109757 0.362999053393901 0.324239248263157 0.282196234630284 0.34067699148953 0.371701061119476 0.25677075419581 0.359241921564714 0.289180146932236 0.397532036302821 0.479613607631801 0.461649495436639 0.469826654923999 0.405270851421877 0.36622911499836 0.355611256833972 0.2271609049656 0.307483752237168 0.430190329323371 0.33107833426161 0.530748409239418 0.338022420371826 0.336714097239871 0.23185504530943 0.651862738752906 0.466652496945951 0.464655549960043 0.371462922306384 0.321805390281834 0.360232649579853 0.604194781811391 0.526862412640262 0.416310918472457 0.272425119211439 0.302566269831205 0.0470983328266615 0.446144642859737 0.289771791754206 0.0824521773136523 0.170941285600166 0.32500893528299 0.363982520794621 0.407025900904608 0.460823944117153 0.573765087765817 0.565978437359296 0.537616730439653 0.322274607186768 0.73129079966443 0.529386052397367
0.158423509650822 0.233720551558017 0.365207293445505 0.531127618746629 0.561690527266328 0.470380351587033 0.474160992260847 0.60866022232577 0.661432306163506 1 0.208752114546494 0.355717104494726 0.29544529068579 0.420247539274636 0.463985375257956 0.640530045815753 0.129211014341043 0.172924723866605 0.299726650165846 0.255129815800157 0.0224838517331412 0.0307069770125957 0.450193200235969 0.549018958244278 0.274815861363896 0.471235938685841 0.257454041103699 0.212896997778584 0.162154670318573 0.219510870141506 0.236920195850199 0.436117335630195 0.307599727923493 0.244386214426076 0.247833130212853 0.273103858318525 0.194236608810259 0.176552850732656 0.185560044663326 0.255909622318648 0.212570551354721 0.336566890410115 0.121017981424541 0.11113105520739 0.122090761974339 0.190949914653504 0.0663901794617287 0.152653337165724 0.0757102428595727 0.175085741216338 0.20778575455541 0.23421426450371 0.219723683542986 0.147835096154424 0.113953933745408 0.185404742762156 0.0465669334304938 0.149167873830338 0.180855841248189 0.195099196623435 0.344620220756721 0.478824126838645 0.191938971333462 0.221725620336409 0.41804325776032 0.547133808353935 0.196134355051734 0.276616152610427 0.00612568313921421 0.0920908174688327 0.455441021090245 0.454975043954891 0.443405300297078 0.325293829901409 0.200843446402436 0.080720181480408 0.197500362099982 0.242337885895047 0.0649475429347384 0.140174093677923 0.190782983206343 0.266187303156795 0.159772099715884 0.385153061251812 0.344289708616994 0.454348753156021 0.3237969942303 0.295666750824176 0.37373677319168 0.392506580544873
0.578261762868336 0.42637534706851 0.582675495403578 0.539430937939248 0.540272264274989 0.479048006083965 0.630270567336746 0.491053850379883 0.401944767465626 0.208752114546494 1 0.62768592158817 0.79919902625308 0.577843198736223 0.330188338805493 0.391064145654956 0.457026352991129 0.436093203837931 0.55453672475128 0.460208557055862 0.118767471780516 0.216741087227524 0.391925817924722 0.353441087898567 0.438329042902291 0.456473355773795 0.429625065592136 0.461525415297378 0.623099347147442 0.405599130528528 0.355404830331684 0.315137032081231 0.52701535215038 0.510830886782685 0.47796075207317 0.515050785286668 0.414462439663591 0.287171158005311 0.46145912505488 0.6079569425984 0.389073012564025 0.389023219248113 0.583030272407976 0.601091534928032 0.414177897133431 0.394738576527703 0.497556817957171 0.593791981769871 0.415272592390134 0.398851251663712 0.586492235508 0.4773905829871 0.49826875722465 0.432368977323649 0.650158389910403 0.574660631534678 0.40106689834769 0.491679042614073 0.476852510447282 0.493586543470636 0.732999668997099 0.500553586028503 0.720934589873856 0.546929792020903 0.445680419488046 0.361747978282952 0.527630436538937 0.495901218623693 0.297573296602352 0.390650092755734 0.424712576520229 0.406516730849283 0.474792653413573 0.371831202209851 0.464168022071495 0.190566050588172 0.412643705266897 0.483806934644189 0.210217182859376 0.459729528209811 0.502829625494237 0.501526558290611 0.509897538592488 0.449713268875476 0.510137577146463 0.554977904580952 0.468377987333245 0.198222500457386 0.665571426790437 0.601654620330157
0.573816287844466 0.590893566625909 0.451685854482088 0.625361934990046 0.451475597008068 0.625863243130742 0.49735506603565 0.699733530700334 0.264638997412761 0.355717104494726 0.62768592158817 1 0.550918810140262 0.855137246124918 0.245698912526677 0.471633554795974 0.591180869836014 0.647452036217485 0.588708969761646 0.662356930519756 -0.0274872372122305 0.059285095307909 0.30934640232028 0.367506839807516 0.350918592182496 0.424022996009249 0.320858141953921 0.296038733742598 0.691248463869174 0.714627699028653 0.460177688505467 0.412248152383958 0.557689828639222 0.676669419971162 0.343566391922009 0.523256339434752 0.418357557995078 0.278314945727173 0.391596632177994 0.55249947025576 0.424072024064526 0.462555583168018 0.533676340650868 0.601064021441294 0.556877531814952 0.566583205131844 0.52454018875514 0.593031393829568 0.561498600303724 0.510257147926623 0.570736527780139 0.551421657079646 0.503181938599114 0.439421052333017 0.592827073218832 0.633939457410777 0.458610361794167 0.537726554053929 0.596271658349331 0.662444033549085 0.632417533977452 0.719960362281906 0.759409632990585 0.850454456251785 0.200887245131591 0.405978028769208 0.540291641278927 0.621062084951072 0.244780821406307 0.399877117964042 0.486945251193279 0.517881192559327 0.50966125650833 0.564126532823099 0.420690497593468 0.372338650727696 0.439222758376166 0.601936909591293 0.420692926773127 0.606862604040243 0.649571306044477 0.647850306787414 0.562765359993468 0.646967608523863 0.434555619317187 0.646575984789353 0.471719981390331 0.403061011885558 0.466175856829428 0.68249732352638
0.589020852799242 0.492706318968471 0.70772787089151 0.562775369810912 0.638167542230658 0.571596787312079 0.774953513817984 0.53756618765037 0.621968187911678 0.29544529068579 0.79919902625308 0.550918810140262 1 0.638595440844996 0.653410038136887 0.604799632234487 0.503477969181348 0.472636919377791 0.601048921151682 0.523095489689019 0.187935519597838 0.0713976509928807 0.660464877747167 0.522130719356715 0.631366230666818 0.575999403580376 0.56025478950369 0.512978210166605 0.660767440036467 0.364172351852693 0.466692444476495 0.425281343383663 0.642392048229632 0.613196393839868 0.598696050864646 0.560034588909059 0.48906897737401 0.247059092337819 0.328406575106311 0.55397202410316 0.385136801389146 0.435054013056755 0.555378729753185 0.545921491032379 0.48885923904758 0.4723536585749 0.511264741045275 0.573627253952673 0.463811252762676 0.469356312262371 0.60593517736741 0.527079817755276 0.547716786417229 0.482720582775425 0.661501449330743 0.569497806394774 0.428438215770593 0.503072832212142 0.558703372787822 0.489720417326529 0.750287406991078 0.513752054584404 0.700971162225878 0.510108601811192 0.584943733150598 0.441480663481931 0.580319154328992 0.535208821750368 0.348585875045537 0.434248213834806 0.577041013016416 0.507103894042433 0.489358318369132 0.410004483534708 0.457301444772495 0.169698986832284 0.527488165819283 0.46444564139486 0.264059314476746 0.451770467729613 0.577670875633479 0.545236581074942 0.628224658097774 0.526635180653497 0.72865158211016 0.673306276150054 0.549173328741051 0.329670918922628 0.80406976158211 0.606934313750374
0.469154068125473 0.493915658898875 0.499951214361179 0.671717395206876 0.53314595016374 0.682051270474393 0.596530972659781 0.761843607859741 0.381280639284343 0.420247539274636 0.577843198736223 0.855137246124918 0.638595440844996 1 0.387627837400168 0.647595652995232 0.518494005430736 0.558019148446122 0.485917436860019 0.559727915720283 0.0172347473440466 0.0258662419710202 0.415171967780585 0.511165672370053 0.465846104344624 0.551348779915494 0.435166106779014 0.364437772896382 0.64599972237507 0.622240017406198 0.531939713058999 0.517203357825679 0.593105734612765 0.724328761331928 0.461830892643286 0.576833883842747 0.336846799363137 0.216044656811497 0.355376454216126 0.58968932983383 0.416244504317567 0.541391298002339 0.590942005414703 0.624588770585152 0.590870192261645 0.590300944195013 0.56676084604979 0.608435057116725 0.607489039118051 0.550215231422422 0.623946432117884 0.602801513998134 0.563875244484699 0.493114567866035 0.628383246148422 0.652821352244544 0.391218579199124 0.457511221608537 0.629953220028314 0.644599285488881 0.691720408924225 0.766356144576145 0.747464527632326 0.787694802919342 0.313346661295734 0.526588345685516 0.616081297120988 0.675369459681308 0.176794594278965 0.358905690461003 0.560522967011883 0.539653156630544 0.548138834764186 0.643606332776577 0.499968105041515 0.397530122776981 0.583484895021867 0.669798240779969 0.358633304957366 0.585775500803475 0.621879548179493 0.640727871604374 0.60534379103133 0.692940792797579 0.513157738080792 0.797567716321049 0.538990862996525 0.524185805458957 0.564154842719738 0.753309648416886
0.380324319647642 0.381250858719454 0.729795125227491 0.516674833037177 0.5573666312992 0.463663629420878 0.68108918907444 0.423351237678284 0.698567807778456 0.463985375257956 0.330188338805493 0.245698912526677 0.653410038136887 0.387627837400168 1 0.771503149482109 0.435319676206256 0.422274461179363 0.553459737278923 0.461379034974905 0.30486132265535 0.0454368783866984 0.901266981705556 0.718439474246412 0.671602754254611 0.623620816804007 0.501306905666247 0.436321378636023 0.487085826118574 0.286140114265081 0.630328600811059 0.57520219789777 0.659457167301836 0.509895543571732 0.568576846711546 0.434403302380757 0.435425576994782 0.20408962300978 0.30175321023548 0.351831765776692 0.180131706879286 0.231265067925937 0.353246058412749 0.331731543695123 0.345716119324627 0.333155469985701 0.299292675690309 0.365226069310975 0.245085747456883 0.29483507851348 0.35112545610093 0.340151400000605 0.392197970420538 0.321374759280316 0.400377422230631 0.344365109622111 0.319274620378306 0.335228107023641 0.331532401395403 0.211906079125128 0.461119065971006 0.305261753079949 0.374029981520436 0.216619974601632 0.703180618467524 0.404359307384841 0.407944794254847 0.363816497731219 0.273141014671643 0.334836377635417 0.504331096422027 0.37746620064284 0.324365690499445 0.272999022637902 0.250460493756991 0.106645945126243 0.444138083743557 0.288799782579288 0.330047897301763 0.398472232593879 0.457419401710498 0.439473464786628 0.550662010261479 0.524504439874516 0.788392703482923 0.563709347740666 0.608877632830064 0.486441362224578 0.667129558293556 0.4332532001882
0.27469254226943 0.333190436096361 0.657396348283998 0.682737808801851 0.616180664365722 0.6462395465504 0.663535395898525 0.655788258281756 0.64794569003116 0.640530045815753 0.391064145654956 0.471633554795974 0.604799632234487 0.647595652995232 0.771503149482109 1 0.394370696406968 0.408956210805217 0.498448592366985 0.463334182889386 0.25451147642551 0.0565580603803255 0.81973623875364 0.848130919539191 0.710746779866586 0.745789129141544 0.604444258073502 0.495505497830594 0.53007341447958 0.43630990348442 0.673271972871564 0.721437894091701 0.626960988037647 0.605318143957844 0.582488800777514 0.490893700818059 0.332288660575348 0.275750164298082 0.351199566090249 0.489424557396712 0.338103216141447 0.401913895883046 0.438401425967945 0.425213533236356 0.398766847457126 0.384372635027984 0.335625422220895 0.423159174465016 0.325149132370639 0.36637781358996 0.446442277597696 0.428727162765772 0.478030993926734 0.421919236023325 0.41711280746636 0.467139263371848 0.235379274148759 0.286319955766026 0.374473785916058 0.310570027172227 0.565781413125467 0.565279193740208 0.474997319823283 0.410075616416614 0.685596692774077 0.616073547695566 0.461060682424457 0.519051453647734 0.0969642900061255 0.252406751931354 0.610153005075418 0.549606678957025 0.535665043143403 0.489875120009778 0.383670003066155 0.304096647402441 0.490083612485716 0.506002986353162 0.324348973223646 0.475482375177515 0.459753567277348 0.476820908623898 0.557562059705224 0.622311332005045 0.71121408911763 0.754816864824906 0.604092547009877 0.605940799361111 0.627318370400369 0.603547349044
0.729340943555939 0.732913980565392 0.560613346263358 0.428737887139463 0.349900048412183 0.435880067946782 0.391938609558119 0.342999111666122 0.228512305587882 0.129211014341043 0.457026352991129 0.591180869836014 0.503477969181348 0.518494005430736 0.435319676206256 0.394370696406968 1 0.877883022911491 0.767154814551124 0.819647761053223 0.223084682521294 0.118740740227484 0.464599834866339 0.277714037277435 0.474111421677582 0.422136445492581 0.397867182642941 0.256624113547168 0.832328530798634 0.714344010319937 0.624931958205917 0.502353024659417 0.741888942243153 0.686323652715923 0.3268845725071 0.385392436326039 0.462857374872841 0.263835325876535 0.435940983751805 0.491518002955085 0.432896932862584 0.315328059937105 0.445202832540411 0.517011148834106 0.474371173053127 0.452895210205362 0.512634169148072 0.55445300856765 0.392518841618104 0.282738786244884 0.365312658253299 0.305353230608964 0.292778182643379 0.264177469784433 0.556840496522094 0.49741990092883 0.778062143467531 0.749956430759028 0.444367868829306 0.41626023675374 0.374692580436454 0.277762385291177 0.749079435210137 0.656020592834357 0.254793369459254 0.136958012921603 0.437535998927852 0.416149986145037 0.547439352154613 0.627594872344242 0.255412783751934 0.210515941931583 0.220505608499621 0.328870781676751 0.226386902704529 0.258665408240853 0.274831772139266 0.396768745148207 0.710246840236906 0.767610861153213 0.856438426920134 0.791181237780306 0.707267550555525 0.702755767441103 0.635806972418209 0.48501197685767 0.50552891046561 0.425484166544769 0.463216912217384 0.457367469758982
0.735154702073582 0.773901217045938 0.535450074812223 0.443332610795554 0.382782440525093 0.488252113107195 0.396804858732309 0.376984875497046 0.247652258943238 0.172924723866605 0.436093203837931 0.647452036217485 0.472636919377791 0.558019148446122 0.422274461179363 0.408956210805217 0.877883022911491 1 0.755112276902737 0.797362678018646 0.220248892232295 0.130976784424141 0.433326625044166 0.261111996694184 0.507294982606435 0.467054613017017 0.393082332356603 0.285858587046397 0.796417944810093 0.802772142952532 0.599696203351092 0.491449612319369 0.709093323122016 0.662909569329613 0.345967074627683 0.394789031465244 0.516100124125612 0.356289762368564 0.528275477697669 0.550293834827164 0.474180732077008 0.434874101902189 0.508774870722928 0.608005343989338 0.504929312458981 0.487624422276565 0.545592104870252 0.611854467694974 0.434222896926591 0.316335883549295 0.414281151233463 0.355723736124189 0.323687099920484 0.308311057889027 0.571902197681893 0.557700932653042 0.791020285475316 0.807078926307176 0.498056581107214 0.483756468410859 0.387053219429955 0.305083203079958 0.732370432757067 0.697854053686511 0.292530018679115 0.137943997875683 0.462314646794288 0.444459704650883 0.559483041040655 0.681156466818301 0.299695179888666 0.241000051925572 0.261726630341254 0.397354775362373 0.296840824213015 0.319712763250769 0.32690370163988 0.51170359966257 0.700078866119343 0.842510406667886 0.876978921131459 0.881505789097732 0.68696185086747 0.745958128753814 0.597767312847753 0.509555535650316 0.568324233519399 0.456369823712049 0.467712306851906 0.544482049108303
0.772199597600069 0.74256121807184 0.687044239084003 0.535603235613638 0.474778261724179 0.519093651337965 0.569966589071427 0.456166912928166 0.410290559961161 0.299726650165846 0.55453672475128 0.588708969761646 0.601048921151682 0.485917436860019 0.553459737278923 0.498448592366985 0.767154814551124 0.755112276902737 1 0.874707528023206 0.244674513015836 0.260887990840017 0.600606073452544 0.402878936948161 0.546110863255503 0.53431564329279 0.446994571701055 0.339204271358829 0.76125330229431 0.627158077118213 0.610749369767491 0.492141777942486 0.780418678405582 0.642660658492422 0.383130009201905 0.460958890140537 0.569204519371207 0.465285304729409 0.457968057979176 0.556151559555759 0.390203695314966 0.379026772799685 0.422361090938723 0.511170419128638 0.456421747890664 0.452811474083039 0.462237165739416 0.55779287921034 0.352049309316291 0.313079977896764 0.442392809278316 0.384474164443364 0.367213781258225 0.351682283767346 0.578213164773848 0.555031919626002 0.683129026195822 0.682383031427891 0.412544291534002 0.392671112879319 0.459672968289127 0.356735167757463 0.682659808124234 0.573169150942248 0.409204943826088 0.259212722548371 0.452179751425243 0.459998963258233 0.593601934604064 0.678233225471296 0.445053540638089 0.406533876845431 0.325015362149522 0.280497931846148 0.337636297671501 0.144439639875488 0.211447878489038 0.415222690751093 0.553368214780446 0.66721452048963 0.765557752542785 0.715096213734263 0.691770175610169 0.623276270440175 0.711772482078235 0.516728036692339 0.506430122747089 0.362909652478254 0.570808060955272 0.494742677667074
0.795382864442268 0.807114219128834 0.594979637020735 0.486518176784647 0.411710722721318 0.432343572576552 0.454296478533587 0.430235204700215 0.309712230749738 0.255129815800157 0.460208557055862 0.662356930519756 0.523095489689019 0.559727915720283 0.461379034974905 0.463334182889386 0.819647761053223 0.797362678018646 0.874707528023206 1 0.1452049082529 0.170305133549889 0.498757951990814 0.360210758214372 0.447840694974664 0.462382831841123 0.344638402561341 0.255542874362886 0.75554451779925 0.68420769129387 0.577442658793578 0.456447208512663 0.746089855738189 0.655845213531799 0.274532103690103 0.392524543516163 0.443748499542774 0.268359309566962 0.402404839508026 0.476314511565594 0.393705228575463 0.328305581424126 0.319747225224794 0.434458011564901 0.430709199656501 0.449382870088005 0.419527767805918 0.49842088521414 0.345891195689279 0.267805535059609 0.356267224293177 0.329364436316075 0.29813965382896 0.243143075113638 0.537836141960475 0.476764478379141 0.738934432277811 0.722102929261194 0.394322457075008 0.40078066800195 0.380108680656015 0.333788066514201 0.700109072032775 0.648436000027584 0.229916793831622 0.17398124428156 0.400028911107433 0.421308152221228 0.625884779660133 0.704191408550658 0.371562541386287 0.31497775747507 0.287458979755935 0.287900013719105 0.331838623350869 0.174647393819129 0.190498724536939 0.338299692251227 0.594891555328905 0.66841164686267 0.826441493512317 0.747106591013491 0.664513310538264 0.66657294504092 0.666686893851621 0.509031459232896 0.452261234644808 0.410264472285028 0.474546757305374 0.451998056935368
0.119618569658653 0.060656424606266 0.256727145506849 0.00903543390261312 0.152030280535587 0.0613915093301687 0.109646462183979 -0.0650164136981968 0.156162001679004 0.0224838517331412 0.118767471780516 -0.0274872372122305 0.187935519597838 0.0172347473440466 0.30486132265535 0.25451147642551 0.223084682521294 0.220248892232295 0.244674513015836 0.1452049082529 1 0.103305947539452 0.336423889112189 0.224975435025247 0.344165850187391 0.274242783387344 0.150747033428578 0.0800379609952901 0.261225095091498 0.270721890205858 0.395927631608413 0.276378052019263 0.209082100511675 0.115098870931551 0.175368050951952 0.0967926960893276 0.276637344983151 0.205278530208519 0.255395109788316 0.152119548781359 0.165864683635442 0.0473598687139702 0.0548768534708377 0.072669960228632 -0.0340417411791974 -0.0554003687099702 -0.0411004199788175 0.0310553300945068 -0.0544206499122172 -0.0572881814092896 -0.0261584631638325 -0.0526421376350529 -0.0830420088808183 -0.069122539154499 0.0719169773442572 0.0136882974600854 0.151325807348856 0.137533637895176 0.016057868717875 -0.0263187218457242 0.115453359781364 -0.0468639229412615 0.123736823194775 0.0161814632885573 0.307679335835322 -0.00472785249683826 0.0314533518913738 0.00564509473215371 0.0700077009104865 0.0979954695603462 -0.0955180371482985 -0.0170254867808321 0.0301694633210514 -0.10160691800668 0.07321714505489 -0.0631643335821299 -0.0477396430097893 0.0471101273669987 0.112878433540628 0.195064952698417 0.185351029407689 0.158148471603152 0.236955707272024 0.15755709171372 0.297146621585097 0.0115053069417346 0.240370225834045 0.131367760347133 0.102245301152545 0.0149292606591351
0.245685168886472 0.215576003018516 0.137101468076799 0.170857854810129 0.1170142301082 0.212724544385715 0.0574593077870538 0.047272929318865 0.0754342635291738 0.0307069770125957 0.216741087227524 0.059285095307909 0.0713976509928807 0.0258662419710202 0.0454368783866984 0.0565580603803255 0.118740740227484 0.130976784424141 0.260887990840017 0.170305133549889 0.103305947539452 1 0.0604361581189826 0.0418846652850661 0.257902853080397 0.224319138813844 0.251455259001196 0.316871216642757 0.127264813160101 0.0466022363299766 0.0526432402269362 0.126040218534386 0.16280049373496 0.160956594426791 0.166429363219872 0.189865614647209 0.148554650631259 0.349235518617785 0.278108371202299 0.243632734531333 0.0971726752091497 0.185656890024846 0.237251353108712 0.264838678958012 0.152521802939537 0.187390021344903 0.206309256271096 0.274322687652375 0.143608532451957 0.167229655167443 0.197026550335748 0.206644347295617 0.158974363084557 0.204715984146701 0.237638492479171 0.278857090157273 0.252047594096648 0.248676213005382 0.1743001531876 0.196110254018896 0.0751248824918983 0.0968188908849764 0.139183027719359 0.0669053316197603 0.0539129120368455 0.11136711248935 0.176141448053546 0.195751541276527 0.184929787225762 0.277255530656727 0.197953058385657 0.219072013342854 0.0793627989287778 -0.0738965727069771 0.148785136925807 -0.106482539861152 0.0325285113585358 0.190787158058273 0.185084820538596 0.136359443953464 0.182693633968911 0.177664565202688 0.250798191670857 0.0938618433412788 0.0962158661857109 0.119113243624267 0.176612132606018 -0.000629628994858946 0.230743760482012 0.161702017909322
0.359262894439217 0.361536869530218 0.833125255371043 0.622874070606185 0.659613323598745 0.545179230595617 0.750539722277071 0.532430851475132 0.676331932207388 0.450193200235969 0.391925817924722 0.30934640232028 0.660464877747167 0.415171967780585 0.901266981705556 0.81973623875364 0.464599834866339 0.433326625044166 0.600606073452544 0.498757951990814 0.336423889112189 0.0604361581189826 1 0.812996140692416 0.758631323306896 0.708231543888218 0.603321620077573 0.464225938979123 0.564133291721642 0.328686477644499 0.710621485876226 0.678165929073132 0.719404833029639 0.597366610426235 0.635795550090471 0.507732499525293 0.397387587265697 0.24104362144252 0.312085870767834 0.386246027216595 0.228932990917417 0.257330086484524 0.403660363412124 0.381085305963565 0.362824163374513 0.34311354614694 0.303840578514349 0.3970925801262 0.252536275670612 0.315772874310532 0.403067993278316 0.393518238174468 0.464420337383988 0.398084210730018 0.407332720545492 0.405663683961998 0.306281932197836 0.324765652287981 0.343631810941322 0.239046468895716 0.535031960056913 0.375378478857908 0.42611619362724 0.273998250756499 0.776727460748374 0.504527385092707 0.474687447654798 0.450482144969449 0.216679295946978 0.299802193234058 0.539219288634223 0.46618424210436 0.425808198835154 0.343678787626168 0.315732007059131 0.160253267124475 0.462352250859069 0.353537381530501 0.362889764060233 0.439567251001485 0.471354762342656 0.432259897988393 0.587495490376373 0.531851064286487 0.81514174530538 0.633405610037126 0.582253808240314 0.48349741883424 0.699566895640514 0.483489001205509
0.165030474753814 0.135161564118275 0.69473752400171 0.73211919723225 0.622028077451928 0.548969906447547 0.674201255673874 0.686797296012151 0.558735013259235 0.549018958244278 0.353441087898567 0.367506839807516 0.522130719356715 0.511165672370053 0.718439474246412 0.848130919539191 0.277714037277435 0.261111996694184 0.402878936948161 0.360210758214372 0.224975435025247 0.0418846652850661 0.812996140692416 1 0.629772818388539 0.712305843355021 0.465811406399386 0.421915038205222 0.423866585984198 0.343704216764585 0.66117324028257 0.705453257910062 0.587199627042778 0.586559972401469 0.608235630268041 0.560720598086824 0.28376726594689 0.1588230717 0.308964622333377 0.330105695646359 0.117001324040339 0.200332497928973 0.408708136082852 0.358163275417575 0.258294144039881 0.256269808982739 0.238413907490003 0.32368307617299 0.21268685465899 0.2775452818545 0.376174364065443 0.380589734440747 0.468638136932812 0.350160764460588 0.319798566081173 0.344560123881379 0.103716893099131 0.127285371202236 0.311735397240514 0.240500873662894 0.584252992692413 0.590687011778648 0.358211054094178 0.242794816369273 0.72266618027391 0.756421620099298 0.46908871866446 0.539570876646192 -0.0444043149145914 0.0595037812522202 0.522475686947255 0.524708991874971 0.514155656683 0.435927535639416 0.33921694749501 0.219984565146483 0.45370430028723 0.400858109587281 0.283147841203471 0.371070276969849 0.32377557994458 0.303181898092842 0.416042789430551 0.445866432520547 0.648762401979197 0.683578824238153 0.476382528127596 0.555162941733266 0.567781449457616 0.50285727071068
0.397338795899557 0.431019902665217 0.717964358948876 0.599209114331553 0.60184416506171 0.67378190476255 0.645120952537413 0.506541101135472 0.541957039845827 0.274815861363896 0.438329042902291 0.350918592182496 0.631366230666818 0.465846104344624 0.671602754254611 0.710746779866586 0.474111421677582 0.507294982606435 0.546110863255503 0.447840694974664 0.344165850187391 0.257902853080397 0.758631323306896 0.629772818388539 1 0.797675529544951 0.776482342877855 0.664323733939482 0.578723855117973 0.359420209253135 0.650155668928388 0.647671498932806 0.699942427181988 0.686569137240438 0.728824128578077 0.593366666462478 0.475803364677502 0.462650984363305 0.361736955835163 0.57937438878962 0.377230047265001 0.4528524014712 0.634930453879256 0.614373682739501 0.553261242685381 0.528689290222681 0.531532682210664 0.593483270339892 0.460247470164096 0.481325725485776 0.594613586303309 0.519808202465347 0.569299227134253 0.56102917070802 0.552388112193935 0.60833874322781 0.41130078837021 0.444860954834392 0.523788032035536 0.419504318208573 0.535683376208466 0.424790520218205 0.538375608240905 0.381274854678305 0.653801903138714 0.482696006541091 0.616912671006845 0.605290308315558 0.314278195976061 0.439578865036796 0.589978900377502 0.525048242830202 0.419265611032852 0.416705565183966 0.334773911489024 0.228450380125172 0.532134405528397 0.521515057915776 0.394113550197607 0.547473807298609 0.544364624494688 0.539214129854641 0.674851466215522 0.55385329446379 0.700510589762062 0.686208278708402 0.638473018926311 0.455906058913268 0.730656684514463 0.590434104966127
