1 0.921240119841157 0.690319272406601 0.786876391166544 0.444706761639157 0.624719942954828 0.75202087357009 0.794469631350506 0.513747240149087 0.5682930831614 0.777604520870156 0.845825130178334 0.680626486736045 0.821850263661692 0.60062702341991 0.732188783296548 0.89551974396411 0.900417108782597 0.886361804901459 0.810694871620875 0.337286924117092 -0.0330934718104284 0.62072729727681 0.641521024527653 0.596315685191028 0.40338489937354 0.187210058521101 0.268209296367606 0.761094343173073 0.783659901031931 0.406103046859802 0.472571338797643 0.771203502074245 0.668694030632503 0.43889276530206 0.447149265481544 0.713430059297294 0.726248676707779 0.724974072323062 0.675279756826592 0.471498342029815 0.479264623655327 0.707083955341976 0.774939932445221 0.712953722445093 0.75437579339177 0.836215803918461 0.787090146074793 0.747765593641746 0.749260223473275 0.796059676001257 0.74910520465803 0.801970151501031 0.624033415100576 0.862144696061574 0.840975390791894 0.944428287248947 0.918682385447094 0.819690419651805 0.842051915146993 0.839289317074584 0.770239931126572 0.840574370121436 0.897348534032622 0.553144318004218 0.809522502416933 0.707477314447001 0.803844469015298 0.783471166292918 0.805050599952644 0.306271600349894 0.316695431050343 0.38478977240717 0.507522716137367 0.425696858372128 0.31992442007852 0.270826074313266 0.261582630952886 0.599990731837941 0.843566130781165 0.874612989922164 0.855056471303589 0.741338613494848 0.726549762638661 0.87465979610758 0.889926130139195 0.713769512806127 0.761123607931224 0.854052976224138 0.869955228446239
0.921240119841157 1 0.701827380197274 0.828683779717613 0.455387823194691 0.579217260434031 0.728822142353908 0.804364144977364 0.477547190885126 0.508952018020551 0.685643318627773 0.854177814104395 0.611203310366082 0.836305992564509 0.552700603281789 0.71532098761642 0.850728831616195 0.924257844912885 0.828991707813273 0.810957958117209 0.328880873780863 -0.00553741326472069 0.643067112218115 0.694313807712426 0.633831127009742 0.412214454002213 0.161091271939889 0.308391875140961 0.688596289497892 0.808307678295571 0.379429642163231 0.508590868599272 0.718168361577687 0.64100785700138 0.486155491187433 0.441214398198424 0.696063223147618 0.744833790319997 0.69193289714679 0.725767825054391 0.432912071822814 0.522524758284617 0.717011191229128 0.781639929917118 0.721581412241376 0.774730491222706 0.864298341067042 0.802343325723651 0.756275985904808 0.764707671881838 0.765085842157739 0.768484706642004 0.799876190815756 0.629575500092723 0.874121575774367 0.884914711543199 0.938952107230767 0.951902883858229 0.761096190267814 0.813191462133012 0.800051325714355 0.738974768021095 0.742384103366741 0.913923549116345 0.590862657994892 0.838649435070973 0.704485339406506 0.774122291300217 0.7364465255452 0.787669530886967 0.253559516102273 0.229914001865096 0.214581191883185 0.471008337449715 0.343309193647996 0.304252980859973 0.175742423203871 0.169715658430597 0.608067862311181 0.875761277321409 0.853726437921546 0.905086472690565 0.75494939177892 0.755648864972103 0.883974992773447 0.924962645789007 0.6643654329079 0.761953103199108 0.841598652066351 0.858787470681744
0.690319272406601 0.701827380197274 1 0.769555827962185 0.631123320241258 0.348601785180287 0.850957756605895 0.563484716308292 0.552603677889783 0.276789483490946 0.479591739996129 0.522034115980848 0.599312118289041 0.593098082605295 0.717479490634903 0.531617893072406 0.637464217067867 0.666475891264633 0.619318093781667 0.5327744284609 0.314130668944625 -0.0659792577301016 0.846300375259216 0.697936917036541 0.792841337006335 0.468810948013392 0.404984584343324 0.359963653902321 0.486366189855651 0.487312690314009 0.501942062857837 0.481310881539832 0.594135336672993 0.393137276653158 0.730531868120285 0.436561922412173 0.58399161925623 0.667311275794387 0.63701286655631 0.59758476119566 0.413800722720681 0.517293561088372 0.49928388522099 0.530139868543685 0.53777114621556 0.54228137664496 0.631031392065713 0.576940609922024 0.506878938618408 0.530678083902939 0.567066998059093 0.541361708701035 0.596199135870836 0.433768209046207 0.74158499394413 0.687685190898213 0.69788787580902 0.700699046378892 0.629878428513053 0.519723815710324 0.766926944091814 0.390027171104031 0.472575534416253 0.629805293456433 0.877591879048174 0.765976963893995 0.789363073304555 0.691332621056062 0.558778073510969 0.540203790767977 0.22229530274119 0.0883940981307829 0.107609437578897 0.277071468167946 0.22877281815234 0.237186477240717 0.0789397979415953 0.0622644336886962 0.450884100126341 0.646852355945445 0.622133432860696 0.724049006227247 0.634765836645066 0.683267060116944 0.80996804320337 0.756958125763088 0.605383348512339 0.67618445097815 0.789047198219513 0.645389102552585
0.786876391166544 0.828683779717613 0.769555827962185 1 0.621808825528136 0.571821332989431 0.790230863516137 0.86507467896333 0.672456791379207 0.538285264111003 0.622244076561323 0.735121305750233 0.682042167091014 0.843745542263714 0.695469154061986 0.805033933767985 0.774014611815775 0.797717447310076 0.694542437034767 0.739616847277456 0.330866560168236 -0.0413472612678143 0.807015850987235 0.884836750681159 0.64531978952937 0.536156959368633 0.273811364381587 0.360581454354907 0.669519314671646 0.784324754308584 0.512895953197372 0.715988962049142 0.738946829432676 0.635302207931695 0.590710563451255 0.54906329603113 0.602047899696366 0.630577383657705 0.58536931901725 0.648688308195952 0.337982055488792 0.48464237319493 0.568044374221375 0.635646120038983 0.561801436968673 0.599875355584559 0.703555973746715 0.640574130784805 0.556824031469852 0.548953204724613 0.598813332114523 0.543428051561093 0.624995444245108 0.480175139250342 0.725684091597297 0.720521280925201 0.80770314958112 0.77780303175594 0.663115276015407 0.596709016997509 0.838170746061354 0.747189912173563 0.656829254695133 0.778713106577214 0.765885990320231 0.903000329291914 0.708357305214327 0.736022751619791 0.642882093751915 0.603275858758536 0.279708058640484 0.227569321862003 0.203635279531401 0.479332034266863 0.35437357376627 0.365590480355615 0.174324010890945 0.223266744478732 0.553531497557125 0.742350294538177 0.752529679615869 0.812287165807423 0.667133870544773 0.746415951488235 0.812169150802896 0.842665486290577 0.609526031434389 0.717138510750764 0.792038886504753 0.758575372682703
0.444706761639157 0.455387823194691 0.631123320241258 0.621808825528136 1 0.513702808722361 0.625282303993602 0.566831732869589 0.725061753621059 0.57369530254268 0.231186258509281 0.308031349601703 0.476798174145099 0.474029060464292 0.71268122479898 0.615960045518279 0.469214373022655 0.480616926007459 0.438774173277852 0.395128764497473 0.291731075729888 0.0695113979340457 0.719427893601297 0.664473779357113 0.671113063476112 0.710220989616572 0.46830339390639 0.295714697067936 0.516328619669649 0.464309938662203 0.664016708072468 0.688679309343953 0.613342744737422 0.551347855445675 0.630532149566401 0.612552715519938 0.484575140602844 0.461231973149493 0.432693756863752 0.309108414812125 0.300119995077416 0.382827175223288 0.492329119389536 0.498307922685497 0.495005439686477 0.448232244574999 0.497784176928134 0.503552938368905 0.439642786361006 0.419364376117801 0.470279362204782 0.379008774131327 0.409719871948864 0.446386795459015 0.431501380719855 0.472609928273551 0.461608873310072 0.466585986725864 0.460414132673449 0.378840100268753 0.596309598684068 0.391033612785736 0.332625047939031 0.425091083570626 0.679247237191623 0.575919342848948 0.649014435491129 0.567168439708406 0.465130914719198 0.282497007550918 0.4159110603055 0.349835498117075 0.242751414191951 0.27821573300419 0.190895668276959 0.287739836210612 0.389083117418967 0.352154075651426 0.438299996645994 0.496044569720095 0.464329680719408 0.479951908633037 0.485789744124534 0.499184332492586 0.563561617606358 0.518982506454365 0.523832569180293 0.503486001269516 0.569843947373053 0.549093680220609
0.624719942954828 0.579217260434031 0.348601785180287 0.571821332989431 0.513702808722361 1 0.521679990863685 0.755003134398276 0.575297824958223 0.795871726911995 0.391480698953455 0.543476308957899 0.444549018736233 0.59945410382251 0.440476350563422 0.685547293271441 0.643631044572678 0.644903936859575 0.616208113363016 0.614980781078822 0.24208986824041 0.21568328680701 0.440879686201595 0.535132408808284 0.43577342860248 0.622694840927391 0.123646998657564 0.290940433323104 0.668216591725246 0.647960085562061 0.566950855148223 0.609453533215326 0.738097251282278 0.723700861248042 0.399562565260587 0.602817229619979 0.562576820290731 0.480380875905105 0.443341692678128 0.336608853210124 0.40180551400472 0.337618564443049 0.706521884301132 0.718688253598005 0.685316802236209 0.64891620610104 0.652129030121179 0.697741540701789 0.663665097331546 0.623764045408447 0.689948232005602 0.592791716689221 0.629860792688342 0.697715465626557 0.525043457023852 0.569854233045862 0.585628056784088 0.591515377751251 0.608550389573178 0.652019430731701 0.576820708006483 0.680910331015975 0.589133898139478 0.622824372290082 0.324346597116668 0.584786946292408 0.590243009781113 0.664775737714533 0.638691596350937 0.465386933731453 0.650601191542084 0.648757694362642 0.523805675161308 0.538387358824804 0.315296160783651 0.229032050965037 0.625486156806148 0.635963520353609 0.475981787864119 0.651105045961664 0.689293192527094 0.555925609270356 0.542522949458007 0.428101007248606 0.574168515668676 0.569740017037698 0.517287960817447 0.442482203803381 0.615174557772575 0.734292397810884
0.75202087357009 0.728822142353908 0.850957756605895 0.790230863516137 0.625282303993602 0.521679990863685 1 0.756675438357578 0.664117116186538 0.39867384449395 0.613590961548723 0.610795275933683 0.789056725002483 0.690061067773203 0.707134845942377 0.613794771335378 0.693987639396811 0.713449222970998 0.725110366092899 0.648585261995899 0.249849218489644 -0.0607504696383251 0.786466890938512 0.673687508140271 0.610045733037975 0.436812870492451 0.23202554585055 0.257493157662132 0.643051515989962 0.62330470074305 0.537029974244079 0.53153526586599 0.719652487199895 0.56205696209472 0.545170415253112 0.445773012259812 0.583904482691908 0.629504785682671 0.5947515616289 0.518029440245426 0.414862167415529 0.468014549646053 0.574373980138062 0.603865970197027 0.591028499711221 0.579622401300055 0.670224015512969 0.616702695322062 0.595283957610184 0.562555342351745 0.640693186933003 0.556777653926887 0.638547084888877 0.512741036072933 0.715048508019961 0.654237202359304 0.707869082912813 0.713846190815997 0.763741170295788 0.609298471965254 0.881131616408597 0.596995363808688 0.618333845458155 0.672076267406008 0.748972663062631 0.770609717722641 0.755297002595875 0.704837235551154 0.666056603507367 0.569451800327267 0.354532077863395 0.252964197324516 0.293094747992979 0.453100649423936 0.314928617957114 0.301268692121342 0.281757270920388 0.272797877981379 0.513158729847398 0.699649129009375 0.703152364515022 0.724979443591258 0.599447841289889 0.613650909406976 0.79041090065226 0.735097320249136 0.534158179532832 0.593356717409404 0.812178519254205 0.699123194267451
0.794469631350506 0.804364144977364 0.563484716308292 0.86507467896333 0.566831732869589 0.755003134398276 0.756675438357578 1 0.643095022418354 0.693649645303039 0.616283630398921 0.768924529233539 0.658750770778829 0.847498133399928 0.604635684932277 0.818735794782385 0.771996812634296 0.805827229523546 0.783944591882051 0.825522341374825 0.318109879093019 0.0983900622792744 0.6714787581526 0.772152249518839 0.485053195949943 0.514181993737456 0.100067005283671 0.232927946650151 0.773785941264654 0.847630690814359 0.575423422051 0.725435028096595 0.824342206215742 0.801775038209379 0.418165037392001 0.579624142817515 0.608693628006863 0.575241521856548 0.522614163170847 0.505597832787421 0.374817904686801 0.43918788897319 0.682192835125698 0.728762104682761 0.632313263440108 0.657674372138189 0.73661165635547 0.709340983292346 0.653427475477141 0.613878883571646 0.685340280638635 0.603112487415138 0.672653220493517 0.632081018911777 0.652034426225425 0.680812158271732 0.761493214331202 0.754727330744098 0.716580570129896 0.714638130148613 0.789604333331231 0.862109853880519 0.741624070707305 0.788925929608412 0.516737121228391 0.806476741623781 0.645205444739953 0.739642886329571 0.72447501171053 0.603733030840395 0.482239901700018 0.467669824064229 0.406231708507371 0.563692946376682 0.389369431616394 0.363438370429062 0.454873261341061 0.48639929976587 0.566280982125459 0.772392552257759 0.786507617805046 0.750031787105177 0.650409880929275 0.631724603969992 0.72718040419583 0.767102353258642 0.57980856820598 0.607089549318235 0.718302811352036 0.813737305118317
0.513747240149087 0.477547190885126 0.552603677889783 0.672456791379207 0.725061753621059 0.575297824958223 0.664117116186538 0.643095022418354 1 0.640880070921245 0.375104308684281 0.381772622632532 0.587400561966455 0.502611298781659 0.681049594010622 0.653507701634229 0.524559014390492 0.517094797363062 0.481655698428638 0.50019138930144 0.158931794873448 -0.0401499056894226 0.627349029243905 0.587030839948074 0.547202074798867 0.654304223015078 0.378852920429078 0.265163727432617 0.562397545502955 0.527663236111967 0.584328903177284 0.683749843545701 0.652293804748831 0.541950282919464 0.455483114872311 0.500688222893257 0.461224285472915 0.424128665200901 0.460329951315031 0.298428888595499 0.234647908929614 0.250222758932695 0.454541698521767 0.478340525325525 0.435364388880973 0.406909011642996 0.463275238391757 0.45585329742407 0.396504413634351 0.360928414714694 0.427480834806736 0.286086916883971 0.376493077075076 0.392343019543678 0.430709894825429 0.414515972085401 0.508393531920949 0.496293300015412 0.46890579445764 0.348491666034216 0.659137494011973 0.529867946112022 0.45075646188373 0.446457102889436 0.599221400485585 0.573835477309663 0.531421719604282 0.500276623514827 0.508584500362442 0.354886489932232 0.396476973970999 0.361291932086173 0.320130763446146 0.389459389559511 0.287072097264039 0.302900496676613 0.356711747877578 0.334951864975058 0.452706320597056 0.512218964813908 0.525132194714734 0.490164745965702 0.495329935595279 0.447348342847148 0.526246703400904 0.515698631353631 0.496108751077393 0.494207688932944 0.61096085946659 0.542888878486015
0.5682930831614 0.508952018020551 0.276789483490946 0.538285264111003 0.57369530254268 0.795871726911995 0.39867384449395 0.693649645303039 0.640880070921245 1 0.313595857032165 0.458057997428136 0.392108644881482 0.551288782448142 0.467000904174612 0.736811597228951 0.586054147387561 0.572888469023473 0.552724846993547 0.588635900031234 0.235176385022468 0.126725377109065 0.385465700570209 0.490734243213341 0.464431104244835 0.663457521850188 0.238544555889356 0.123527104399348 0.631945700628688 0.612663386445176 0.569426821078116 0.619091052523952 0.681725342786902 0.681389006017511 0.3621293781685 0.54593820695097 0.531952542658595 0.431911029252058 0.469070955526088 0.324870443761013 0.336738408019362 0.312609160248921 0.594535635113 0.629381653325397 0.565243236394023 0.53126665652217 0.547618780331331 0.601813120392757 0.553408974920335 0.53026570019676 0.597289571828537 0.504176138413011 0.52142450676231 0.599994193979237 0.441340185470881 0.499967341963499 0.548662826307473 0.552189867423433 0.48786263334858 0.551092572150222 0.50471770548871 0.67918008971697 0.546177049848611 0.538453939031306 0.295981231520624 0.529126109202996 0.49280135918127 0.574489844626562 0.639987929962737 0.467701732079773 0.527623332867747 0.575428911720187 0.49549118295291 0.403013661438343 0.330576707328889 0.243503373407702 0.616702621100358 0.589810918331065 0.477844350531184 0.527914821660884 0.551374029160981 0.429903876480372 0.507949596639298 0.40204445756541 0.474413427691874 0.513522271544713 0.529899647806113 0.471090068735392 0.509821583306499 0.684926782183738
0.777604520870156 0.685643318627773 0.479591739996129 0.622244076561323 0.231186258509281 0.391480698953455 0.613590961548723 0.616283630398921 0.375104308684281 0.313595857032165 1 0.800005427184761 0.791273200613545 0.73519164066356 0.483948573380777 0.556940690067928 0.70473483878909 0.668880740791011 0.694993836632971 0.636858637690126 0.133201659301992 -0.103921647203375 0.41544477969001 0.462589758569636 0.26725399025577 0.0823573085665956 0.0225024808674079 0.252729853936309 0.615529576417545 0.647184159120594 0.116888637076101 0.26129108007644 0.531220592834163 0.436460526777887 0.141960935710929 0.171563379496852 0.480906818788183 0.508853514723151 0.508889279665051 0.522517507757259 0.285056276058914 0.342265480352178 0.366749733937694 0.449091307907657 0.37580606892531 0.44257978796755 0.545423190590443 0.449286448044475 0.446881845040305 0.432039108273515 0.49951615089358 0.415655272055316 0.545442531429159 0.29978314460323 0.640188784055866 0.540345677718589 0.713066995927181 0.642944824958204 0.602848625160552 0.55268965763886 0.702991068728105 0.69782812261302 0.775060470863838 0.685061362524018 0.357532842411524 0.63364380791997 0.411598037249218 0.517100045730039 0.570601218250164 0.62585683237524 0.0582387049349544 0.117704023397263 0.291248012993955 0.373135309037003 0.390301165439175 0.269307329672651 0.0386111580435851 0.068249272454513 0.491656333097226 0.624769712475233 0.714990099360577 0.703631524853336 0.509358432456073 0.55446297383059 0.663626056251991 0.681184505453637 0.442975389687148 0.548712349708508 0.667011286064071 0.608872956307955
0.845825130178334 0.854177814104395 0.522034115980848 0.735121305750233 0.308031349601703 0.543476308957899 0.610795275933683 0.768924529233539 0.381772622632532 0.458057997428136 0.800005427184761 1 0.636548327039055 0.900137383090323 0.430753096614257 0.698009226679549 0.80295971110889 0.826214383885859 0.735151703470104 0.770631865926611 0.264795037752823 0.0271376954488402 0.471511137714747 0.594703469021294 0.456524544417792 0.252896551758964 0.0265232069376004 0.232739701019364 0.704484244319662 0.810791375942198 0.243852934953566 0.385073352213383 0.649573905879025 0.598774273673537 0.329202691615018 0.360629482887693 0.61310290587444 0.620950669123378 0.626091778622353 0.654736967876992 0.332276287477785 0.41732623023807 0.590988898401361 0.676280989397402 0.586568090975888 0.654810131121768 0.749245053492839 0.670171770082152 0.633562568906633 0.617235981358276 0.66969169506853 0.629445970812282 0.695454806105207 0.478367708624603 0.776594049586315 0.739969104797444 0.829937972872877 0.808916684086424 0.695540376941627 0.742627669011357 0.736214719149541 0.826075713884463 0.827190350086323 0.866460272352665 0.434154943624872 0.767112270879937 0.578409555117323 0.71584454814436 0.658912450698369 0.712609587313926 0.171067501324784 0.21742021144663 0.256387782450774 0.447588292853716 0.393086164703719 0.294951523856455 0.158902035138127 0.233578759841332 0.54649717216257 0.776548639421735 0.805578908818672 0.802397615726527 0.666182751401229 0.712900365165292 0.772794601812543 0.825668368362522 0.605086861707527 0.66778919450868 0.725279996482039 0.788746914071711
0.680626486736045 0.611203310366082 0.599312118289041 0.682042167091014 0.476798174145099 0.444549018736233 0.789056725002483 0.658750770778829 0.587400561966455 0.392108644881482 0.791273200613545 0.636548327039055 1 0.720133280445338 0.67889756719393 0.606065733618514 0.634161429729144 0.598708904017687 0.614538029897744 0.562236837222126 0.142730451607151 -0.064195486438736 0.588368250553377 0.562252992895245 0.371629346680711 0.277084078165407 0.121551403659361 0.172868237681573 0.629527842250573 0.586009675371134 0.292527356455315 0.435708985698642 0.60492828284919 0.495684203088733 0.308422247534019 0.32005818863697 0.459285313411063 0.507335554525609 0.467898780508205 0.451358027186836 0.31458339969007 0.374525641168269 0.422762205612438 0.46913723790823 0.429505338520419 0.442674149559678 0.534519881944875 0.46757225576496 0.47998521214746 0.42662113877842 0.528101233683118 0.406773437890046 0.525322730154246 0.343852313398022 0.619023094303059 0.504762677962466 0.629984180751071 0.589032257296761 0.665261005856895 0.505458463544129 0.796621859509471 0.649656346497373 0.654195678475715 0.586053595026506 0.507700895642253 0.678424317942876 0.557258276712158 0.586052185954494 0.612528578292113 0.530868588667433 0.25273281597543 0.22883415159909 0.360811771754323 0.413206951505987 0.389540842989443 0.300899350400998 0.20328892615157 0.197063819830807 0.514510075898518 0.586542697735436 0.650993047171739 0.635681946195325 0.48212208071056 0.493059506205931 0.654009371763693 0.621109661757841 0.393805391006478 0.459315472784441 0.704236053639169 0.585619328881815
0.821850263661692 0.836305992564509 0.593098082605295 0.843745542263714 0.474029060464292 0.59945410382251 0.690061067773203 0.847498133399928 0.502611298781659 0.551288782448142 0.73519164066356 0.900137383090323 0.720133280445338 1 0.591172467277453 0.843420925997919 0.79559669523783 0.797023211267728 0.735104284563859 0.7890084905126 0.323318898802269 0.0572370304790246 0.643541679590338 0.791407129879482 0.540963129801124 0.402052605597655 0.117058966161612 0.266338080774724 0.735252924689971 0.848776734546205 0.395671098494726 0.568260977209781 0.717383027289793 0.651802024653126 0.425072173980357 0.464934190530246 0.629101747517665 0.665757389219863 0.63484610591268 0.664315675921011 0.324572659425864 0.448548337096491 0.622101371141299 0.697832992899259 0.606884014661744 0.666454195694503 0.765130504940914 0.690426247192532 0.654459263635667 0.61470693052603 0.688391476708867 0.629928631625181 0.680638588011289 0.481839988646139 0.776742419496518 0.752845966387705 0.814475833390304 0.781787938800056 0.7088846926486 0.700938872419522 0.768614769930171 0.810784869046859 0.754033459834741 0.817079889660961 0.540540888433572 0.858536013990176 0.658019684778859 0.769978881286017 0.663278543607153 0.675201767883128 0.231779348593104 0.260330863608394 0.267643011285893 0.445333313350274 0.354201693589608 0.332654188633684 0.217462443651394 0.285015772954311 0.594280650215289 0.769044428784256 0.808171402145716 0.829644819043521 0.677335355293669 0.745679113085405 0.817230557348081 0.842425525164741 0.617907239329045 0.698702775420608 0.741406461004948 0.792420690796647
0.60062702341991 0.552700603281789 0.717479490634903 0.695469154061986 0.71268122479898 0.440476350563422 0.707134845942377 0.604635684932277 0.681049594010622 0.467000904174612 0.483948573380777 0.430753096614257 0.67889756719393 0.591172467277453 1 0.683603842243046 0.627968747036555 0.596705874675116 0.596111650316535 0.540356912993617 0.304152633918288 0.000417666284268963 0.801489666811708 0.691381724545502 0.621142908850011 0.57448476068582 0.522635291402951 0.299678588249624 0.63475170861168 0.536864979671493 0.595408301896441 0.643125377729902 0.671379438327497 0.572409089937768 0.557275932694067 0.489152860862978 0.572101655633062 0.544528455090417 0.574651395075868 0.44495684538751 0.305605523585341 0.331296031293971 0.501414212736058 0.53639708163255 0.502915138409395 0.485564637968622 0.543392136768723 0.532818940164867 0.47356799189433 0.457634501163391 0.521193482331577 0.436388374110688 0.481730364328008 0.457920245379963 0.548799441727865 0.521210989469549 0.594565655005192 0.56851828535572 0.519580818019365 0.400868563085447 0.664265442842805 0.431787628836627 0.447473826289563 0.511465468919983 0.688299974960978 0.652820956759628 0.66439973208327 0.633273633244581 0.577704403053702 0.477295474314473 0.299963660877915 0.270190989764606 0.255283155016843 0.293120152237791 0.262536889200414 0.207256797732375 0.295708149459895 0.234771218767154 0.547934878274114 0.612008379240551 0.621664474954193 0.610922058251772 0.617935053823767 0.562529350026916 0.658224915503028 0.593594659142522 0.559948457401812 0.597686929694695 0.663670079164669 0.576174730230839
0.732188783296548 0.71532098761642 0.531617893072406 0.805033933767985 0.615960045518279 0.685547293271441 0.613794771335378 0.818735794782385 0.653507701634229 0.736811597228951 0.556940690067928 0.698009226679549 0.606065733618514 0.843420925997919 0.683603842243046 1 0.800698110548275 0.760390239000906 0.694206841527633 0.75236372714705 0.330147843895563 0.112392026261798 0.678545268057818 0.807327305554935 0.596968286884362 0.63282388526487 0.229038601395862 0.307121424128433 0.803494595905991 0.846536515467998 0.626372773882025 0.76129822461725 0.810617309475024 0.76940422271733 0.486052269299985 0.621196108194106 0.66731294651911 0.625282336821609 0.626748793111005 0.563281066836963 0.340004611891901 0.436577862498523 0.647744541378745 0.709683050968844 0.60721289376323 0.624869454862631 0.698280083827844 0.690097045414867 0.596080115865743 0.557218324991208 0.635839627220263 0.539633955690996 0.594994693218745 0.56541406130977 0.643928593010427 0.660388942472863 0.753900445611649 0.706056378850878 0.584254470649909 0.58610415965746 0.679552791127665 0.751784852617802 0.692487154159919 0.730659719507334 0.529801169417746 0.757191306930867 0.658522306763026 0.737474472984939 0.666299717309738 0.556441212409034 0.383470421166731 0.435103759001708 0.356853880237041 0.448792942324077 0.396739622255895 0.37341945523558 0.420916818403648 0.459665103232466 0.64719294614136 0.73236736346828 0.766230469778807 0.722210904503981 0.683083945968906 0.713216306732046 0.711208612074263 0.747216103106302 0.64841495352913 0.702083628701713 0.666803162046909 0.785249087270113
0.89551974396411 0.850728831616195 0.637464217067867 0.774014611815775 0.469214373022655 0.643631044572678 0.693987639396811 0.771996812634296 0.524559014390492 0.586054147387561 0.70473483878909 0.80295971110889 0.634161429729144 0.79559669523783 0.627968747036555 0.800698110548275 1 0.926138431623442 0.834123926731394 0.831673864649969 0.364601513924107 -0.0135167241927504 0.614957454625626 0.665154225484596 0.61777857315544 0.469192504903837 0.195696406983966 0.301883432042844 0.86457985179071 0.849681875726531 0.488288188181241 0.565006683108886 0.830630293114918 0.750165964883662 0.511271124426912 0.533655733585429 0.741631570189004 0.758553391964978 0.773754073603393 0.668205338669651 0.480403827002865 0.522584326308232 0.731317799141656 0.805897764808116 0.728219048053049 0.762163846315114 0.822434172065927 0.795770766947003 0.71722272524717 0.711840477903784 0.722343543428799 0.657252430857338 0.720354755085906 0.621917374168094 0.795880621735003 0.783080127832197 0.925752664026247 0.88392058101963 0.700503839535258 0.73396933592118 0.769735831369632 0.756953821628752 0.848696324707973 0.894467598182385 0.572350846621481 0.789530575131625 0.743416939211573 0.818628900570939 0.812765765311196 0.776963347855785 0.303794726669397 0.350096003600764 0.403143626961942 0.462431434469534 0.448116921106856 0.280879294914044 0.357797783580001 0.331414057434859 0.67676983520581 0.874300002237536 0.914625925505565 0.853322144186926 0.821496459456911 0.770093727530872 0.83886176491595 0.859513664412702 0.748658464197543 0.776832521444752 0.787346567181452 0.853640825859734
0.900417108782597 0.924257844912885 0.666475891264633 0.797717447310076 0.480616926007459 0.644903936859575 0.713449222970998 0.805827229523546 0.517094797363062 0.572888469023473 0.668880740791011 0.826214383885859 0.598708904017687 0.797023211267728 0.596705874675116 0.760390239000906 0.926138431623442 1 0.845048027410661 0.845687977711024 0.318209618319576 -6.35019023451046e-05 0.630545859855489 0.6690966201557 0.648513004619235 0.46012084527099 0.160825981526976 0.289603480765026 0.792313851658865 0.848626467608291 0.467371072532104 0.550409817977335 0.821448423260747 0.758316744931532 0.543189893467213 0.516321013357375 0.725074160851256 0.754147120432226 0.734707198801176 0.667749557397407 0.451530242690062 0.492403238300852 0.786029757375114 0.844302597306107 0.778195069446062 0.817212505277499 0.880957709307578 0.843200640261079 0.772471963312183 0.778755647168166 0.742864019227478 0.714306289953439 0.736994951361438 0.650379705849365 0.833556534662464 0.842356206306838 0.930080614016124 0.93389017083036 0.746637613538332 0.787117921499354 0.779912669593912 0.749659836366403 0.81489388344209 0.944931255116378 0.58587192293355 0.814025789367962 0.757756638806405 0.827699032849427 0.789370873381933 0.782807220730999 0.308458689195185 0.3295100318573 0.305323197308958 0.46624272434608 0.395689727035557 0.295334082650759 0.335847658972483 0.295395198624127 0.665321233079532 0.910662527247028 0.899904015268206 0.892478476675829 0.829586618316246 0.764821838737251 0.863674088916372 0.8961348336633 0.723033454592192 0.770211882549 0.808319566220795 0.86953408238425
0.886361804901459 0.828991707813273 0.619318093781667 0.694542437034767 0.438774173277852 0.616208113363016 0.725110366092899 0.783944591882051 0.481655698428638 0.552724846993547 0.694993836632971 0.735151703470104 0.614538029897744 0.735104284563859 0.596111650316535 0.694206841527633 0.834123926731394 0.845048027410661 1 0.862812992022406 0.326878332234468 0.00995407538165673 0.597384509331577 0.594699052093292 0.531945073053034 0.391216162817129 0.0920250305324836 0.253905937571434 0.777754000802589 0.796446434010308 0.522330087399082 0.537512005618122 0.816138383801443 0.750310784985687 0.399727850072301 0.449807990763135 0.668881424262404 0.663865287671362 0.624418209006126 0.540031485149339 0.404006695590637 0.500915359317377 0.732185518426283 0.769289124328946 0.699973366367488 0.719038980169694 0.774705282675479 0.757893016824712 0.721706857394659 0.697477574104941 0.732661518626507 0.6649098193386 0.730439817668337 0.664872205180465 0.718926088987984 0.731143064217992 0.827318397713076 0.804367316402629 0.742353432793836 0.760090585358603 0.715035608547967 0.691698646002129 0.774184231385765 0.804475086752404 0.435893832025304 0.678162173578029 0.646374317355548 0.723578904822848 0.76453890748888 0.697437905668238 0.428013865062507 0.425911189927869 0.458405458213316 0.51589747580457 0.404764404191976 0.314337340335093 0.429974241188103 0.38195843188972 0.602613696782777 0.790032619573325 0.824177678528768 0.755538712538008 0.706994066674821 0.633315238410251 0.746268014377328 0.762461205424561 0.636373229468726 0.650449246323328 0.743472918883615 0.796046237681517
0.810694871620875 0.810957958117209 0.5327744284609 0.739616847277456 0.395128764497473 0.614980781078822 0.648585261995899 0.825522341374825 0.50019138930144 0.588635900031234 0.636858637690126 0.770631865926611 0.562236837222126 0.7890084905126 0.540356912993617 0.75236372714705 0.831673864649969 0.845687977711024 0.862812992022406 1 0.336745598606672 -0.0449185494673204 0.589586972137582 0.669966840259316 0.510765246087717 0.368367306966196 0.00889256998343674 0.209289744149574 0.791759021634591 0.861727531957724 0.519028016082312 0.60525030053189 0.827650104543325 0.775561143041424 0.39986847035053 0.423206811014712 0.624869792335831 0.64730872024497 0.637600914547749 0.545003858512215 0.363812053559597 0.431676566122614 0.718007605274994 0.772421028039343 0.664818864391673 0.70715059420956 0.760706836342151 0.740594308005299 0.671824103176677 0.642481618536593 0.647658718349082 0.582219588492266 0.643894524107728 0.60432115670642 0.663007422667706 0.696241118826527 0.792340441074187 0.787024698949476 0.614466792468479 0.676900677534698 0.646097135458843 0.738522002547241 0.771197652251359 0.807314582566064 0.437599188035729 0.675065506573861 0.617815547658124 0.701986241995871 0.756168456571678 0.728406020157249 0.345726229492404 0.415611515613213 0.393411541544966 0.531447406746936 0.366109763307621 0.331237815207508 0.409082887549708 0.364428048242802 0.613794737611791 0.789966765772182 0.810460761342028 0.746436883347903 0.707771296882225 0.648287190086597 0.713752257298612 0.746633895523705 0.623919047893344 0.652113426673717 0.667787183580064 0.7761415832324
0.337286924117092 0.328880873780863 0.314130668944625 0.330866560168236 0.291731075729888 0.24208986824041 0.249849218489644 0.318109879093019 0.158931794873448 0.235176385022468 0.133201659301992 0.264795037752823 0.142730451607151 0.323318898802269 0.304152633918288 0.330147843895563 0.364601513924107 0.318209618319576 0.326878332234468 0.336745598606672 1 0.102407519881911 0.367635826253796 0.399885470325156 0.372010762384978 0.252457563039524 0.0651044184138058 0.181582108609699 0.353880022150383 0.321859877825108 0.399704610631825 0.363470765013484 0.387987232381195 0.375289345483521 0.420538223571005 0.423336858222978 0.392530634416802 0.266975372960077 0.26537918965971 0.23688851956132 0.158908129323608 0.406789085000084 0.310355138430781 0.311081195604091 0.312689481098999 0.291198154016036 0.321818512270947 0.332018946507008 0.271877382660961 0.27186169285466 0.33439240541825 0.278120436849132 0.310204079850315 0.283605389256951 0.256770822556454 0.317248189206123 0.34318592301158 0.317167612525721 0.251656198341497 0.27513079568267 0.279534629222232 0.22258322598559 0.284547850355352 0.326981846279527 0.278406588535894 0.315402366076796 0.395565735094362 0.394840944961016 0.298213797399752 0.252990755565166 0.222891878151176 0.258156769536905 0.206164166917256 0.254827947416657 0.100623799886812 0.12441604070277 0.224999819361312 0.254977942221269 0.12560820685305 0.308730092845248 0.307343089066333 0.283559346096345 0.331897401642363 0.317026747630439 0.313739512010193 0.331569908240558 0.277110945555675 0.274891071624138 0.283808573373423 0.338990633151289
-0.0330934718104284 -0.00553741326472069 -0.0659792577301016 -0.0413472612678143 0.0695113979340457 0.21568328680701 -0.0607504696383251 0.0983900622792744 -0.0401499056894226 0.126725377109065 -0.103921647203375 0.0271376954488402 -0.064195486438736 0.0572370304790246 0.000417666284268963 0.112392026261798 -0.0135167241927504 -6.35019023451046e-05 0.00995407538165673 -0.0449185494673204 0.102407519881911 1 0.0156890988826797 0.0568927100738968 0.0148516116498672 0.177565323893943 -0.0155002416477213 0.0427816940649044 0.0502511292553891 0.0577152406794189 0.150766419723414 0.136155883098415 0.11055358455021 0.160813876222773 0.0267877625660897 0.219181748808875 0.0254214547525774 -0.00239178389684554 -0.153795719270832 -0.0624658013782986 -0.00254851515139268 0.210430970628838 0.175643347451961 0.105668502151514 0.137461530124732 0.0761242467468986 0.063589381787304 0.140428597058266 0.104617742921216 0.102810727680094 0.110005104497421 0.124880573400158 0.087718478221248 0.224638020076172 -0.0548799730514688 0.0260306799616568 0.00657021952595108 0.00184795084415373 0.0580819742997119 0.119191312200714 -0.027175976594966 0.0395220558312645 0.00349489658820295 0.0428440423747534 -0.176761117511871 -0.0111451318463625 0.0608782028160609 0.0645441275465198 0.045841921700212 -0.187231110138692 0.300625177361794 0.257912727557087 0.135495546311736 0.0372814114665826 -0.0385695434151005 0.00459005109300929 0.260399401125494 0.343144677120651 -0.0687176232394225 0.0519041991142992 0.0222735203271696 -0.0360950758769205 -0.0280046171265854 -0.0314091344776714 -0.036023073282981 -0.0255070544530173 -0.049838138179827 -0.114895441830702 -0.0194924024152218 0.0945046449004708
0.62072729727681 0.643067112218115 0.846300375259216 0.807015850987235 0.719427893601297 0.440879686201595 0.786466890938512 0.6714787581526 0.627349029243905 0.385465700570209 0.41544477969001 0.471511137714747 0.588368250553377 0.643541679590338 0.801489666811708 0.678545268057818 0.614957454625626 0.630545859855489 0.597384509331577 0.589586972137582 0.367635826253796 0.0156890988826797 1 0.853498172058924 0.74048099265499 0.57139493925191 0.386096491754545 0.342281122383312 0.555036998917985 0.593675814404539 0.690699597519534 0.743241218648755 0.663824307078418 0.52805156296406 0.66760963097475 0.513888668316242 0.535950106676278 0.568239868889394 0.529372111428667 0.477741427572959 0.306857639352882 0.441218688966078 0.491415924325768 0.511114519995307 0.484285341122646 0.480908341140424 0.571859641690557 0.529149102236283 0.442547098196834 0.43026880947412 0.486760391710109 0.446953723246161 0.493443828360069 0.443775202822433 0.598472667789983 0.576433231599286 0.626661052525397 0.613393344416246 0.529620445957758 0.428145020697215 0.704059487319454 0.437604637705648 0.422806297113115 0.568355536110872 0.818539759815598 0.715111416971656 0.704703285488084 0.620602705040994 0.509548687903546 0.430408251016931 0.29747183562522 0.196846392877006 0.141762253689095 0.325483807702048 0.179788304806535 0.307400730622236 0.208740650925633 0.197206992988296 0.452593927227568 0.637633060705338 0.592924500700239 0.667374052134928 0.599238821033969 0.622911561557905 0.723733523716191 0.67784856324946 0.560665226023621 0.59794670018565 0.701939444398325 0.606526496230608
0.641521024527653 0.694313807712426 0.697936917036541 0.884836750681159 0.664473779357113 0.535132408808284 0.673687508140271 0.772152249518839 0.587030839948074 0.490734243213341 0.462589758569636 0.594703469021294 0.562252992895245 0.791407129879482 0.691381724545502 0.807327305554935 0.665154225484596 0.6690966201557 0.594699052093292 0.669966840259316 0.399885470325156 0.0568927100738968 0.853498172058924 1 0.681393430594433 0.601252554766229 0.245321303785078 0.39487796410435 0.621783541515706 0.730977956611688 0.616035913554007 0.810438936783551 0.67729346076747 0.611957690594433 0.601071183443583 0.563494952933625 0.55394717119643 0.596079837581826 0.511784174558242 0.549852003573479 0.278118273080222 0.475739573875394 0.531885435036302 0.573387644248373 0.513236938607048 0.528234765531428 0.621846576006566 0.572421575917039 0.48314765339276 0.453016366857046 0.526108657425997 0.476341919341537 0.534854018717578 0.448610181623971 0.615847856083473 0.623153330742907 0.665068806053074 0.631294066294874 0.536052466149416 0.482554231570361 0.665863970337871 0.589687964064896 0.497109025138332 0.648305406400346 0.711449249912902 0.798815410761587 0.678490333219752 0.672224821092021 0.51329146252671 0.445824760934223 0.305791742065484 0.265908913506156 0.163752484734841 0.402186662426643 0.227041847319263 0.403566417902242 0.198135464954121 0.240051648644684 0.511890378695116 0.638374525349567 0.654938585671919 0.725249187831633 0.60923677512679 0.687906784503384 0.734904479482682 0.731823526049626 0.586647057670791 0.644126579653612 0.676546285866921 0.654730940719731
0.596315685191028 0.633831127009742 0.792841337006335 0.64531978952937 0.671113063476112 0.43577342860248 0.610045733037975 0.485053195949943 0.547202074798867 0.464431104244835 0.26725399025577 0.456524544417792 0.371629346680711 0.540963129801124 0.621142908850011 0.596968286884362 0.61777857315544 0.648513004619235 0.531945073053034 0.510765246087717 0.372010762384978 0.0148516116498672 0.74048099265499 0.681393430594433 1 0.69529192047333 0.452689601397255 0.377443696395777 0.522767751079772 0.50170870587219 0.628475580287875 0.576748373851571 0.627043275713069 0.483829124123854 0.81114595728479 0.54423334249863 0.61778718332199 0.627894817280447 0.683355581176306 0.522847770623397 0.398359096689584 0.428067488989736 0.626540673546659 0.634874750113455 0.648301823915873 0.618198986985341 0.663617879567637 0.647712810659267 0.572767921986205 0.580925996455168 0.588855165843341 0.555483806515591 0.548897024113096 0.484939342066662 0.686689972760829 0.655056898174066 0.655829643303477 0.671336368877348 0.527764276746621 0.497464577931763 0.577641844829789 0.337668461870424 0.415349329080167 0.595307126031364 0.739648124687638 0.653952665591988 0.798087476575106 0.708620123084381 0.502404820942977 0.487765037194726 0.290912891941521 0.202984260927289 0.124166869745325 0.24008563773946 0.126303013641129 0.225355257171739 0.249754749428375 0.197192779737278 0.433606603107107 0.665994811799484 0.564441043154257 0.622221776989958 0.68430854493963 0.61537465819508 0.722740821759244 0.685914497393998 0.701604571711625 0.667362364817466 0.67279159728756 0.648878496481488
