1 0.88513640791406 0.617177423438843 0.542786788776825 0.490091397486322 0.174074239670729 0.490666762390944 0.408564361865551 0.307661948139162 0.338776918103549 0.498983138257036 0.187471177915353 0.374348500154817 0.274856131758302 0.379499123984112 0.257004039574597 0.844975111052144 0.825559378099464 0.820659554108366 0.785186902466591 0.111585559855356 0.106459185019548 0.524342579752513 0.427057072902924 0.556223193185452 0.491145307912547 0.376332077581218 0.269910081737652 0.685321435288037 0.652942401852492 0.460085320539776 0.510743080736392 0.574762694783341 0.528002186079755 0.394741499076507 0.355542460629737 0.691121461230203 0.484436069570827 0.720573705363254 0.507393396139008 0.491610768305063 0.559174265893531 0.830157614921764 0.840031679914265 0.804492381199376 0.771954104505082 0.875769324176939 0.815298728785475 0.786796035260306 0.722710497958446 0.78721163682276 0.700151880624167 0.820492676676178 0.67431813833673 0.838570730653225 0.833928600870049 0.925961455245785 0.841711516728418 0.822385883323204 0.64345943162488 0.597551232409262 0.184813286429899 0.811246342898288 0.491512363358285 0.299608394898108 0.344910981109859 0.586610558700679 0.412051304007172 0.85835233817642 0.785904356343485 0.401165771669369 0.397021584413256 0.442982918710161 0.408179727658586 0.128932442820472 0.387986442648409 0.280786708997752 0.356629189314514 0.759903313106021 0.718230344625436 0.827308904724523 0.829828659968402 0.651381978692793 0.68590377491756 0.801158950120576 0.662765127886417 0.596380843349612 0.615925291854281 0.599211171470462 0.593139291682331
0.88513640791406 1 0.475032657214961 0.516903186601904 0.459341585096772 0.223511835166006 0.43565604262914 0.476852126236391 0.310874741839987 0.440774220176273 0.421327039753093 0.292276934006914 0.309313714137883 0.429323106498886 0.330877213904115 0.317004576170061 0.845998312091207 0.862605630263163 0.758566111709824 0.870451669903441 0.178395563430238 0.161871066244734 0.39721288129883 0.405164681059656 0.537831716031945 0.513114000511446 0.355777479673549 0.294172197588767 0.731915394193856 0.735090083941016 0.470095762531523 0.518478291702826 0.611951733751387 0.628956679407866 0.471438134924313 0.436951486517391 0.685086208868943 0.468956694762209 0.68722377487379 0.442148490703907 0.528669305750429 0.541054907620824 0.845673513881139 0.847668059838899 0.840890993106025 0.862011489303887 0.872239299411506 0.862499132326702 0.817653929149513 0.82793527604529 0.802720835771501 0.788656470267931 0.856075216025853 0.762397878925589 0.822477485940852 0.822171917804525 0.908176633078895 0.894859631184828 0.775955665822096 0.691348338660567 0.508383588149942 0.222896866464548 0.812295359757704 0.621660092106664 0.194902580958009 0.304427118422034 0.588472014508599 0.510700011043324 0.859722026600504 0.815436520969595 0.42726752224808 0.494644350085915 0.466237026505215 0.47034913381973 0.123545107054354 0.404273518839177 0.38807410572376 0.423772705307424 0.778696839229557 0.757029278015811 0.819594404347657 0.789278616210826 0.66244647120443 0.654689727136814 0.681475670688159 0.657965273976376 0.597541610162243 0.540931825120421 0.622558265169791 0.683249375504295
0.617177423438843 0.475032657214961 1 0.768756071920402 0.643499874249875 0.245178629903466 0.811483742138252 0.552038844959067 0.563980412195767 0.36928936387593 0.486015278085233 0.287267211363888 0.614414348064519 0.396771220267765 0.634150265138142 0.447033831707166 0.369997791300197 0.351912086988866 0.573971011915141 0.501050298370414 0.074843459158468 0.0277576041380277 0.797238134788272 0.718252604189248 0.682397953611697 0.716739959709181 0.234188255817617 0.483929545917292 0.38989216923283 0.310952768913464 0.622215990527502 0.682746947829681 0.702204522418282 0.582213592522723 0.585679376858649 0.558581106744387 0.500436110876716 0.291990194920733 0.568080234483805 0.407962383051088 0.296057739894867 0.278517883235238 0.537662657714855 0.47904639912368 0.539171561451261 0.46675473839814 0.591001395187496 0.50840137190372 0.471771324469658 0.428323755604281 0.574043951663673 0.473308902160088 0.5554445055005 0.475458069489379 0.604175875409144 0.576204710090311 0.473681820168321 0.468862420096848 0.608954427585411 0.533535254049436 0.678663880291037 0.413401006358116 0.432549552162744 0.27349606558267 0.790061875333149 0.667245297767054 0.707540684547259 0.545932620602575 0.59510988321544 0.549161281198209 0.589342865009221 0.452484248141435 0.490459619020931 0.432113490036121 0.216541943830632 0.402641812167241 0.407253129836516 0.446186362540942 0.382152189360877 0.286814152021033 0.359334442821147 0.41612822837049 0.443570890022851 0.430713956980214 0.73502683360388 0.678869815439285 0.482393070642824 0.571643563629497 0.639151647807424 0.498249398024602
0.542786788776825 0.516903186601904 0.768756071920402 1 0.620810239183285 0.341141417411066 0.795857688076071 0.805815519428916 0.597329260914725 0.595319717695598 0.538076304567735 0.650076187940063 0.594035061821 0.625463222806224 0.565236901776822 0.619869773953402 0.327321941102052 0.32780116950168 0.471747837986843 0.561041208027498 0.139159612215825 -0.00286262140158336 0.625248630723648 0.754737313965578 0.562271471199397 0.711294517678315 0.187196795047297 0.45972496108494 0.4085032272261 0.419993556810703 0.598429492486173 0.765370022043305 0.75896048735346 0.777709833958024 0.611238305154978 0.64168284148093 0.418403956318937 0.147101536298107 0.52727314488023 0.301409746131027 0.270908243044061 0.246759252619533 0.486684367836235 0.425934604038366 0.506172131015174 0.471331623553211 0.522390925363149 0.451274751149471 0.469887487648718 0.456212214546819 0.583888087044134 0.527333356096187 0.555565233277538 0.554608244398208 0.585285885431466 0.526997318195393 0.40437869862094 0.544720038736782 0.570912392974392 0.648073435106025 0.700741247875183 0.707812467850529 0.484785166016216 0.541824605757494 0.696696452601048 0.772864593745364 0.687628274407677 0.713808890972574 0.59227810465154 0.590462925800201 0.595126139235716 0.502746241475675 0.462757509340173 0.536881998405459 0.143054351127376 0.450363179921483 0.424716585555697 0.552745209807908 0.359619970977887 0.261887904137347 0.302595418679391 0.32784849170883 0.362514128579857 0.357833924211185 0.593992909607555 0.76303465554123 0.387398319692403 0.471904914855669 0.619108094021925 0.651220496674192
0.490091397486322 0.459341585096772 0.643499874249875 0.620810239183285 1 0.564288419257589 0.689427068859754 0.64437320838406 0.775886075897576 0.63596339130405 0.589652654933871 0.45495775364828 0.577083817813013 0.561688806382473 0.636991082983432 0.560771617690775 0.248612832038157 0.256907524541939 0.472677313235549 0.461506469374651 0.144524852449912 0.0634598463041315 0.37706352164547 0.449573371525556 0.425798186552551 0.528562961142507 0.331309310330238 0.319168476157893 0.383723530748531 0.344126084309516 0.388649577332248 0.471630479171485 0.557883096819799 0.575907805495103 0.479743252190215 0.538869142051413 0.365289810775182 0.171234522994378 0.48266250661333 0.307122721229553 0.217361886131873 0.121983644035008 0.3943624895591 0.329447581409688 0.405749128252518 0.373227840546861 0.418750628873024 0.390298681286332 0.366026617686027 0.410046300717626 0.449341170596837 0.44860276724742 0.44049334720485 0.416212997306534 0.488539215727073 0.451629108039045 0.351111765435809 0.449824997216438 0.513660823488999 0.549763880581842 0.607319111911038 0.389895437477164 0.382858540169038 0.388137594821992 0.498089828350052 0.492312058758097 0.604465807213988 0.544126290747154 0.503820704908783 0.529946882350151 0.616354839843196 0.586602275852007 0.38963425526969 0.425333533783245 -0.0365780056572683 0.331736124777231 0.524297812684212 0.459302122424893 0.311807995507998 0.225332951041194 0.283720331307322 0.279234240312273 0.329454962969571 0.210386741405811 0.524731145643819 0.519120627454555 0.264068719437798 0.30769142878376 0.641474409645937 0.546614122507529
0.174074239670729 0.223511835166006 0.245178629903466 0.341141417411066 0.564288419257589 1 0.354845155685567 0.533216304671138 0.46965979850469 0.575833249894834 0.152091362465216 0.268332636663287 0.154373885177751 0.301154816910038 0.325756532016321 0.450550690199401 -0.031293639631391 0.0425234164839952 0.141054933864371 0.179883066937434 -0.0419988020750034 -0.00246767192008807 0.0358884534911736 0.264626105176283 0.146793053748959 0.296095773720522 0.157306733441073 0.371439227265547 -0.0128495442870863 0.0624332363428427 0.0703801458200683 0.145611980927114 0.246668303808743 0.303517358171499 0.276886567552896 0.349828019828507 0.0863343554053674 0.113394103407483 0.18016387084906 0.189708932659598 0.0406478025424294 -0.0134817863796849 0.138684034963687 0.0946127969325875 0.154955014961949 0.136948403162537 0.13967655379159 0.145295643616805 0.152862399287291 0.176953946708541 0.179854014248048 0.184861961028705 0.203469570871117 0.150619565828206 0.22799372765191 0.217255030701942 0.123403365136594 0.26581710160409 0.18874859560549 0.302171754763966 0.239409784778235 0.27452140652397 0.174590814699908 0.292746427060549 0.194152484836485 0.267616381754839 0.334138837798458 0.376522251532804 0.189095506430522 0.343269748054756 0.273865925205628 0.350817104374338 0.238803465927485 0.192433667147174 -0.0873733469235791 0.245639549277536 0.307796315513943 0.286791612156108 -0.0837278406143321 -0.0349186321035902 0.00490589205970091 0.0790408454207268 0.0789171159072695 -0.0182372152705309 0.21013242000442 0.337858739832921 0.121968394678182 0.174768635297793 0.384551170835401 0.395707378129061
0.490666762390944 0.43565604262914 0.811483742138252 0.795857688076071 0.689427068859754 0.354845155685567 1 0.781744754037081 0.723112134661438 0.526586773280527 0.554321159308557 0.44980998009502 0.625086047366696 0.513711536315034 0.591125708068623 0.526968375187758 0.221843118715227 0.243385907774839 0.489022100811404 0.499735312778944 0.145772955142772 0.0049914886423974 0.55180867527449 0.543580899792815 0.471715442643974 0.626699065104545 0.119635012823554 0.413659634652085 0.409156861037226 0.339338963360869 0.596508133180995 0.641252068786667 0.689575425555418 0.689805116663604 0.579968791074458 0.630601327258997 0.433327900381529 0.206800816684069 0.4840590448123 0.24936403434163 0.173946763307955 0.126372178844873 0.450530503502303 0.360336102210403 0.506578228189984 0.459784162267213 0.496183893284645 0.448301909191094 0.451501254239993 0.46256078377749 0.564813387682882 0.539705076636975 0.52220397576552 0.539194985076153 0.527901621683351 0.45300395297083 0.336294342964441 0.456564201464628 0.570266075836039 0.613273593053388 0.689673427116625 0.553255458022384 0.405805032054152 0.442866412191898 0.653193468902823 0.618295129627492 0.721654386379056 0.683109677587137 0.584233551577564 0.590742637471095 0.667834393876521 0.552708571430237 0.456372059291577 0.473426594364496 0.109690830376752 0.464054387040753 0.54091199428309 0.568173864875938 0.301957246810604 0.176637841406269 0.233468559128328 0.245307726808989 0.314372321766322 0.252933304528536 0.52083546072756 0.624987547579748 0.315659163174862 0.366911375324765 0.643136725043417 0.581833751733843
0.408564361865551 0.476852126236391 0.552038844959067 0.805815519428916 0.64437320838406 0.533216304671138 0.781744754037081 1 0.622768176938227 0.673186439165051 0.497921251952497 0.649283434160145 0.492919421004565 0.625413904153119 0.39825517983798 0.545143851784797 0.178944564657501 0.224924620376327 0.346288822919083 0.540021584584063 0.132369960443507 0.0432030338164065 0.294176135976816 0.478192614498904 0.318424155267977 0.516973568965806 0.0783811066337863 0.385165658226571 0.308211850194007 0.382858484954061 0.404360581133354 0.536712937469329 0.560651462928577 0.697282339410028 0.441968409066692 0.559307514373043 0.247433840089333 0.0649323718976409 0.398090868656991 0.134668335257534 0.110555779485852 0.0894976549409755 0.359161111354599 0.310349272883529 0.392592269136809 0.398722570077104 0.385346730037384 0.350653301003419 0.379359933259851 0.420744696372479 0.480329682531979 0.486942355586728 0.456854218066139 0.491382495214177 0.451152427964066 0.38595551834816 0.279977550068669 0.525771472266812 0.472031990674527 0.650123005115553 0.598370717653523 0.722110969732456 0.405004558939752 0.657491568799801 0.440767971788179 0.590956464612514 0.593614510014202 0.692202024020982 0.490476209180853 0.597855307539152 0.577780296246713 0.560051084193669 0.401731121910065 0.528689091215854 0.0542256862609295 0.429007445364546 0.454738916731927 0.54356462236173 0.217646839177547 0.17312342187863 0.217470258722093 0.235747525101255 0.191400116126833 0.15852838377279 0.363864703503137 0.60392364212166 0.166188951034794 0.201917101305851 0.519088807117719 0.630970680286924
0.307661948139162 0.310874741839987 0.563980412195767 0.597329260914725 0.775886075897576 0.46965979850469 0.723112134661438 0.622768176938227 1 0.699703527202772 0.514423438331448 0.477730513610339 0.555967122453513 0.575955359224548 0.602982602792043 0.50737757916209 0.0837573550521545 0.10950130193424 0.281324717234856 0.301916478880487 0.17682045634924 -0.0435397941475611 0.300552630489437 0.404159434833085 0.338809473093888 0.481742694679679 0.104125448410455 0.299754301587337 0.24090924037914 0.228061177822623 0.389000182717944 0.428944235043624 0.496447485564182 0.535842052365521 0.40775753000266 0.486986415137138 0.28667235272301 0.145889400471023 0.379944619639719 0.175010184140188 0.167361020388512 0.0463574393798115 0.263302918258523 0.175421116618124 0.320191634432443 0.28220716333231 0.309175055359954 0.294713210573246 0.263781617448028 0.291018071597607 0.348779990115635 0.352987240067638 0.325301796096351 0.33402042416008 0.369707636206273 0.316835899720642 0.206222444736519 0.353907250883213 0.411180728349921 0.480716099699714 0.543641372699374 0.453485293267394 0.235905110314454 0.331319479006687 0.451835497892973 0.424115918201559 0.468224145427317 0.490398716530152 0.392967331738486 0.415598579328832 0.57211893914988 0.467191523112453 0.340426211514489 0.433221910478024 0.0239011208654208 0.31804000412447 0.51104996968623 0.465340955029194 0.170449842407681 0.0965902611514049 0.134743295751891 0.107878539473283 0.208199284366729 0.0865954246999227 0.350377488870617 0.415995906209932 0.212621544570407 0.186118639098517 0.612128154335367 0.529906668121857
0.338776918103549 0.440774220176273 0.36928936387593 0.595319717695598 0.63596339130405 0.575833249894834 0.526586773280527 0.673186439165051 0.699703527202772 1 0.368859543559453 0.533294949329211 0.357433141274964 0.633912377294457 0.471651424723836 0.584546535080331 0.16037428942595 0.214519024069419 0.297675788402356 0.411215715673842 0.140162701316287 -0.0165855658069497 0.229293913288851 0.412776680743673 0.313171382858425 0.509232611312085 0.111439353822675 0.278096998325807 0.300449191111753 0.332530272219951 0.408587250197372 0.450284431372773 0.504523949106747 0.605766059426714 0.425466569676591 0.43272756938764 0.208867854802977 0.0626410058576519 0.374118434621073 0.0695710559848897 0.131472581701452 0.0546601911584589 0.300511797827475 0.218351176392891 0.345042776696197 0.360936370811251 0.342395726962813 0.320032222633285 0.300180770258767 0.347079456420013 0.378089252391332 0.359985427163569 0.391706739465394 0.390820961739898 0.386010021450222 0.316837484911183 0.266456003125699 0.418823200230573 0.345602753264647 0.400973070589515 0.46528972888445 0.504232266717013 0.365316233335058 0.512764777397965 0.345459634844783 0.390136071024714 0.458477234495188 0.535461735454383 0.415123969209536 0.447864245403579 0.473282349689507 0.444825560097754 0.29195410587151 0.452169813161083 -0.0245219797503316 0.338990242367038 0.421713816189287 0.374272644872929 0.174946301539454 0.176857283289666 0.206234766340595 0.187037267573015 0.211566216315912 0.15709013649136 0.331445331663967 0.482876703813674 0.265973816831079 0.183098403492194 0.490073316722393 0.558760609978829
0.498983138257036 0.421327039753093 0.486015278085233 0.538076304567735 0.589652654933871 0.152091362465216 0.554321159308557 0.497921251952497 0.514423438331448 0.368859543559453 1 0.573960065710143 0.790826634895863 0.534773686447914 0.512993159813049 0.353233477152584 0.314279189795651 0.334888895286824 0.528343624140345 0.498612158726417 0.0630720039506199 -0.00202318778040427 0.298509140536989 0.231672146271266 0.198493688677635 0.282844360354513 0.192279154910151 0.121941609821078 0.547217878447055 0.499246876358075 0.348606344525804 0.426021163050448 0.478348822365948 0.504552082293271 0.278540879227015 0.337917361768821 0.309501923059651 0.112061723894335 0.450615807022522 0.224609776276421 0.170190867540662 0.060084300813557 0.372524523279389 0.372282008860284 0.344362874605351 0.333135553837423 0.376833496340106 0.347071101031562 0.337847389530804 0.340008514662315 0.436700711830849 0.408110168723847 0.364062252213425 0.378371779467098 0.440953021024762 0.41669907953663 0.343625669855178 0.536926224758448 0.64096400694866 0.589682550107462 0.820491789431551 0.50121166745199 0.552141060567697 0.596738323806179 0.394651329520752 0.43060996751434 0.48506749275801 0.444136417541248 0.442947439322348 0.511889020815496 0.455848499971437 0.35751819509247 0.297272804010043 0.426050630558029 0.143674731521032 0.267131996436667 0.314794975620507 0.405448025145418 0.415332400737947 0.251111978601755 0.308177149383717 0.251827316231117 0.236416406745681 0.201901758885072 0.462771978775695 0.417240298177324 0.21937285187833 0.201104146308276 0.437933509763846 0.466845137807791
0.187471177915353 0.292276934006914 0.287267211363888 0.650076187940063 0.45495775364828 0.268332636663287 0.44980998009502 0.649283434160145 0.477730513610339 0.533294949329211 0.573960065710143 1 0.630208972129575 0.795861168582554 0.445551747561061 0.597178668909576 0.0895627695686539 0.122162744678915 0.221332566357181 0.398122560053593 0.0917239773711675 -0.0157653716345895 0.180932465093592 0.332871608245488 0.11731391712215 0.330082350323582 0.113202779019865 0.18281148827335 0.348377314419632 0.483515455169116 0.305266664051631 0.504368240252273 0.449166287867624 0.610923355255464 0.269602536796697 0.344597394021622 0.0945209475054962 -0.11659587789688 0.204603477048353 0.0217676384115621 0.141426752643452 -0.047444971407607 0.149528724227135 0.152991576360275 0.145264482388746 0.172922867274137 0.165477867558042 0.126657427569153 0.143658695679231 0.187956845622392 0.225540749692585 0.255973039931826 0.189254805865844 0.286954792771971 0.224811984257343 0.235049722183653 0.0835146617747186 0.386001339490183 0.340620221442228 0.458459879517257 0.530685350615076 0.74504386260555 0.364995848960956 0.67599376773194 0.341650024190521 0.472451774030042 0.282473817836026 0.472137334442811 0.228324072476586 0.251298546268673 0.365752541583679 0.315322958327637 0.318029746853006 0.499343339612307 0.14694817457786 0.304884733159673 0.383442722414351 0.399594005255257 0.239357021193068 0.120748050795589 0.0960096032494596 0.0201682844199657 0.136808408982771 0.0875954658948326 0.253729290993232 0.431306680325737 0.131393158702292 0.0993522780252348 0.319493689733838 0.442790324190599
0.374348500154817 0.309313714137883 0.614414348064519 0.594035061821 0.577083817813013 0.154373885177751 0.625086047366696 0.492919421004565 0.555967122453513 0.357433141274964 0.790826634895863 0.630208972129575 1 0.628777564689634 0.686116585958911 0.47055349299612 0.15814500784823 0.206251182842819 0.455243215435531 0.394749258010584 0.0812322542902013 0.01732906243193 0.464668737981173 0.379672844756284 0.24325278216618 0.419843716659135 0.178428750173675 0.24699477421059 0.450473926324846 0.416227550625716 0.421547110548979 0.518166589988538 0.566399002565554 0.537534582781524 0.406177732358597 0.416737466844211 0.300957642102174 0.1086072508157 0.366195869058692 0.223824545779559 0.184128955223821 0.0297136727448368 0.293627441422372 0.259687151139458 0.286283630929668 0.280049128925552 0.318221003101578 0.274160613147899 0.262190426497802 0.28305711890895 0.374161879933212 0.365682388054958 0.310524711629637 0.355126846372313 0.387652120034001 0.392800051744823 0.196725534759391 0.387320420828847 0.543198574865724 0.503556698558469 0.757391563101975 0.531664955967911 0.413681218524555 0.466690527042457 0.53438452336003 0.481208076733842 0.481656250537792 0.477391942721036 0.332849300679157 0.356198441115329 0.497391064229168 0.391747042855247 0.37563842772649 0.442102113302171 0.207088016701414 0.247187874915421 0.392851556455665 0.455992077059052 0.304031692762339 0.186855199483806 0.179983665147055 0.117817884732226 0.242110201093956 0.175478340186833 0.463110712092417 0.435855664005125 0.257813485380163 0.250638636337265 0.515406989970362 0.426714448402663
0.274856131758302 0.429323106498886 0.396771220267765 0.625463222806224 0.561688806382473 0.301154816910038 0.513711536315034 0.625413904153119 0.575955359224548 0.633912377294457 0.534773686447914 0.795861168582554 0.628777564689634 1 0.638505710989373 0.765711359417787 0.16656287412033 0.217226677238506 0.364281059204652 0.481007867859521 0.209649339396008 0.147256020675019 0.336256390553512 0.497920310179093 0.341569170267601 0.507087697362933 0.122526248000698 0.36024403563007 0.466188206320966 0.543657261174938 0.508470780662827 0.609780876980905 0.594581139070654 0.708599522995269 0.448707223824459 0.465870296013555 0.277849963075426 0.0731927164300787 0.30998090361112 0.163565764611954 0.252905216331555 0.0779391603375798 0.281689174291107 0.270778605239178 0.294999400461068 0.325209767701384 0.304904173274536 0.278040276281684 0.265717206110977 0.346608815271063 0.35038740952192 0.412947621380624 0.34150953384902 0.416759571125742 0.374489710481757 0.385274545633035 0.18701655940403 0.398305443456491 0.383956097264497 0.471395967973189 0.500736594063471 0.580925296754551 0.433012452310531 0.634458995267812 0.362916302615579 0.478064213641552 0.432500020441337 0.548169373621468 0.363749960364765 0.368866680593225 0.471452824951586 0.46650139045034 0.407431609340487 0.511587365328117 0.195010704157571 0.243997531859757 0.567728617057336 0.469136036925509 0.303631603809081 0.176127763087267 0.178288701643028 0.131363509488978 0.33413986015747 0.274212022460779 0.363364316807306 0.56753627512879 0.310132343631526 0.263865683705798 0.468339928106846 0.596368901934378
0.379499123984112 0.330877213904115 0.634150265138142 0.565236901776822 0.636991082983432 0.325756532016321 0.591125708068623 0.39825517983798 0.602982602792043 0.471651424723836 0.512993159813049 0.445551747561061 0.686116585958911 0.638505710989373 1 0.661892027282244 0.144444152583603 0.186890353991372 0.481587417275363 0.352671602067993 0.140987690116814 0.117160030938225 0.605281472298986 0.602275083796201 0.450892371344438 0.580386584653527 0.266485139571473 0.362347609687616 0.401720385659986 0.333522339423674 0.540277197150884 0.583046555062881 0.67742492169338 0.579248133733739 0.566676336937811 0.503666514094456 0.397107665368887 0.193752382981876 0.441480407271409 0.25352843560256 0.337721682194228 0.166998378306628 0.324939934661624 0.258305179349692 0.360453572041439 0.316018843867894 0.349339559596425 0.307648372369034 0.312915158421248 0.325298676082066 0.373531383010877 0.377388902242036 0.334527430358592 0.356730208963023 0.416609500132658 0.454120331198623 0.237269205692172 0.259890233442265 0.423214990622055 0.374124479508018 0.510986518012778 0.308277372005648 0.395306289845236 0.300966114530583 0.603688483474083 0.489044923320866 0.538868520395645 0.509206027888645 0.385022208516711 0.34699002543419 0.501790926853884 0.397476180740967 0.437185851494221 0.386948026505251 0.115532053534064 0.232752934536962 0.526890891715821 0.436634635747371 0.256646332241498 0.121669315259248 0.140611609078214 0.149963227760601 0.453251213091158 0.265078978128575 0.568682090464568 0.596825133681108 0.490077808810105 0.467283023852429 0.533093729059826 0.479245324921725
0.257004039574597 0.317004576170061 0.447033831707166 0.619869773953402 0.560771617690775 0.450550690199401 0.526968375187758 0.545143851784797 0.50737757916209 0.584546535080331 0.353233477152584 0.597178668909576 0.47055349299612 0.765711359417787 0.661892027282244 1 0.113980282911013 0.153479027335286 0.376365887993608 0.367844102907803 0.150074342501435 0.257961521735277 0.465769710234087 0.598114339464548 0.349321566307075 0.543397368191115 0.122963993839081 0.436782222886477 0.349478342331983 0.375793200562031 0.550485090869953 0.638044646747185 0.58230613901383 0.625506635784427 0.448776247196136 0.480296175701201 0.208556859984691 0.0557936580828017 0.281343742421479 0.215137881471911 0.125369308805124 -0.00266992779401167 0.281292327062074 0.247457840019555 0.290914415631423 0.282343257969695 0.292739815999842 0.244890098808676 0.242618303613013 0.283440797825197 0.298313224707222 0.327612117039789 0.29509444064749 0.344472582377895 0.332759559977832 0.343380326774741 0.141054153764607 0.252115745819473 0.259983195615168 0.316673460942177 0.390997769324663 0.438491746115399 0.374187365319844 0.432154039740676 0.445904561016248 0.476183198624344 0.442504932486798 0.521253130722637 0.315051005011924 0.319170459269444 0.423058808691999 0.398537827042575 0.360163280240162 0.353520461975998 0.1097746511444 0.269887688072757 0.489006994598666 0.397083651847567 0.186657181744368 0.0851749851136316 0.0831541087322271 0.0864880001462187 0.368435540556459 0.254864350684053 0.433540415539509 0.623294656444634 0.327468215884398 0.384325358796798 0.466818644439235 0.509632654045256
0.844975111052144 0.845998312091207 0.369997791300197 0.327321941102052 0.248612832038157 -0.031293639631391 0.221843118715227 0.178944564657501 0.0837573550521545 0.16037428942595 0.314279189795651 0.0895627695686539 0.15814500784823 0.16656287412033 0.144444152583603 0.113980282911013 1 0.921155292843353 0.731928213501839 0.751657244157364 0.131701815288993 0.207966264974565 0.377049841430844 0.263813523199235 0.456666329670017 0.339092908178328 0.323188082249908 0.151105711820945 0.73831280033619 0.699978681875862 0.373283786629625 0.397960051513898 0.413478787830239 0.399438614191352 0.248044068601108 0.205855067034326 0.61725289014677 0.468847957445984 0.618968126688977 0.479517682096378 0.514841884708828 0.577971057303587 0.781210866072915 0.82982987713075 0.731150161481154 0.727405134935524 0.80950588861956 0.778177044245432 0.701310988850666 0.655091902501478 0.664503899231419 0.605672291845017 0.715558205941496 0.611126312997254 0.74040726790645 0.732422576542461 0.915244633779024 0.786990379746362 0.651656545890535 0.495349921705272 0.374384335719 0.0491205909057307 0.763840440473466 0.429784313673097 0.111815171052596 0.172074210983927 0.405466068810089 0.266989187238458 0.763791098385544 0.656240485016313 0.213443334874278 0.224713534108184 0.333018840496342 0.245576972223347 0.162983552895549 0.271147435534942 0.14075865181756 0.225334887041772 0.878785658801472 0.818401440316993 0.90815910206771 0.847534015388718 0.684896401947695 0.714487732400386 0.658813498447734 0.471616340780163 0.5223112042428 0.558210947966352 0.428704035009644 0.428094015346111
0.825559378099464 0.862605630263163 0.351912086988866 0.32780116950168 0.256907524541939 0.0425234164839952 0.243385907774839 0.224924620376327 0.10950130193424 0.214519024069419 0.334888895286824 0.122162744678915 0.206251182842819 0.217226677238506 0.186890353991372 0.153479027335286 0.921155292843353 1 0.772813627560756 0.765902426791194 0.0920803788039065 0.185473967153412 0.358411462167021 0.260442383954536 0.408941093385568 0.331423024616871 0.377076716354387 0.139863786802306 0.706120609174935 0.761213828279839 0.375977918260751 0.381096181805511 0.420219543473564 0.402649460774308 0.221757053336244 0.158384835831656 0.599779403905424 0.468434512412111 0.579182500816297 0.404927503900287 0.500148601070735 0.551569726765585 0.743848912887909 0.808893883240012 0.687167351774656 0.717072523079094 0.781965871382511 0.776688740327714 0.668501372699322 0.630034401003286 0.624517583310988 0.591767827970864 0.694305877772335 0.59635267288136 0.714455728761684 0.735851663689399 0.880406545343448 0.784314626642641 0.656027858079358 0.483390074496797 0.369544693584707 0.0387336462122405 0.793384414507884 0.460522466553515 0.0968318831332983 0.120809472368423 0.374093391539677 0.266867524376649 0.717321946541095 0.646991640345723 0.226847549826253 0.249862248631721 0.41312303097246 0.377220145611005 0.179126459519021 0.331385507345146 0.110423143617585 0.188196177762735 0.839588061645174 0.82442612108257 0.912580143792068 0.858563272797816 0.660154822307227 0.713243798738922 0.637954413481227 0.453272655015113 0.507830343039122 0.518835262104412 0.396167999504258 0.433761453479416
0.820659554108366 0.758566111709824 0.573971011915141 0.471747837986843 0.472677313235549 0.141054933864371 0.489022100811404 0.346288822919083 0.281324717234856 0.297675788402356 0.528343624140345 0.221332566357181 0.455243215435531 0.364281059204652 0.481587417275363 0.376365887993608 0.731928213501839 0.772813627560756 1 0.787151428459321 0.0861419336232928 0.233631731407614 0.525364481386948 0.390297690053163 0.459072570423117 0.487962656469309 0.379281003960189 0.28660168100518 0.753745542509121 0.690054873151911 0.49917593164781 0.492998686568236 0.58841430362561 0.52649062275236 0.368412770911762 0.360299967166979 0.604066830830064 0.377710941981426 0.594796905299847 0.376470190215377 0.4564087248167 0.435869027100557 0.691417894097308 0.725467248002517 0.6449018190689 0.657848695575009 0.737307367767005 0.697023446385164 0.607278520136728 0.580233276223481 0.614227951806723 0.578575130771139 0.663949790004583 0.574562503344452 0.687396436024263 0.690023067504885 0.780057579118388 0.67718314225977 0.677459654617357 0.490439851734866 0.541912817229946 0.155771007205055 0.797145703536609 0.480956108914302 0.352104866999061 0.27451792506812 0.525612449307349 0.405325961691909 0.725926157642118 0.671771248363628 0.405338391775746 0.363493311419159 0.518183366527296 0.462660647481043 0.224733581296516 0.371906130097585 0.315779639206179 0.306272432391284 0.71827270794168 0.633991680118454 0.706507284453112 0.688539859992983 0.676325444064206 0.629168444446189 0.745471371781398 0.605688214785391 0.529335333079901 0.540263740096829 0.501568551373348 0.493460575123545
0.785186902466591 0.870451669903441 0.501050298370414 0.561041208027498 0.461506469374651 0.179883066937434 0.499735312778944 0.540021584584063 0.301916478880487 0.411215715673842 0.498612158726417 0.398122560053593 0.394749258010584 0.481007867859521 0.352671602067993 0.367844102907803 0.751657244157364 0.765902426791194 0.787151428459321 1 0.074049027115536 0.182862334829741 0.399410479697336 0.428301616514417 0.497537183817538 0.554462740319532 0.281362912390761 0.353397231122254 0.770611219400384 0.787688977676022 0.508101386899068 0.564010675615018 0.6532855784963 0.699735656668101 0.474183130458722 0.480730346174029 0.586663281361284 0.287617578116806 0.637875888424692 0.278997110461034 0.4447923675492 0.388131778289933 0.732692748835959 0.75263561538068 0.715763460950589 0.744040496471224 0.753444750070381 0.713423933000999 0.697093276709188 0.699082927453345 0.697856227474781 0.667800363879035 0.731036661553225 0.668025602086719 0.71430858393703 0.665021255096791 0.769866061977622 0.773465925379917 0.723875095923098 0.599189832773976 0.533065350652072 0.311991725630029 0.782845206889869 0.677752718634994 0.264927702615505 0.32157033120412 0.59042858542844 0.535029470812871 0.788969802085878 0.754781115653439 0.399832412158738 0.461377409128871 0.474198694871985 0.519948529619397 0.124856627924914 0.437940601573344 0.389439716555265 0.432131764479442 0.737690605965345 0.655565046938391 0.690152531498196 0.668057213804816 0.579566778512711 0.555656686310007 0.614202197740645 0.641889946482246 0.529341791150273 0.472479655519098 0.529383760715804 0.562420447340759
0.111585559855356 0.178395563430238 0.074843459158468 0.139159612215825 0.144524852449912 -0.0419988020750034 0.145772955142772 0.132369960443507 0.17682045634924 0.140162701316287 0.0630720039506199 0.0917239773711675 0.0812322542902013 0.209649339396008 0.140987690116814 0.150074342501435 0.131701815288993 0.0920803788039065 0.0861419336232928 0.074049027115536 1 0.13494808804097 0.0647621161163853 0.148081463042983 0.0715442265498697 0.126320869708768 0.152824359455749 0.0036824580504576 0.194173041431202 0.0724876057360369 0.219323069575828 0.156701161514053 0.17412917726856 0.193222912193746 0.166342670091513 0.20245829924906 0.216310747326381 0.197110305696325 0.147813532928727 0.210311602128708 -0.0228404561682146 0.0845136092097957 0.25347217722147 0.177902453791663 0.251147124619151 0.244483048369111 0.209362311800171 0.280432375799203 0.235407542031969 0.247200156704854 0.269065323753094 0.295501341924281 0.247555193626789 0.291721459890078 0.260166040882043 0.199779886264687 0.113537772670199 0.0869388598257173 0.110427602060823 0.18331659160615 0.0879744514077577 0.0762829371429439 0.124215727352218 0.13546658345672 0.0685139304777841 0.151695987426897 0.260003427086301 0.264585611069563 0.230596102948219 0.196378587610288 0.145549407154701 0.13155599621614 0.00205992199272049 0.010296014093926 0.0438798449337016 -0.0408377421961389 0.268788079652024 0.318024717603933 0.13253538356053 0.0847621979047664 0.0763067566108496 0.0362455419437308 0.199910031128358 0.0672774537077796 0.148743520048886 0.167959713810674 0.0756915224730235 0.0259802679226017 0.276976407556287 0.248078586915703
0.106459185019548 0.161871066244734 0.0277576041380277 -0.00286262140158336 0.0634598463041315 -0.00246767192008807 0.0049914886423974 0.0432030338164065 -0.0435397941475611 -0.0165855658069497 -0.00202318778040427 -0.0157653716345895 0.01732906243193 0.147256020675019 0.117160030938225 0.257961521735277 0.207966264974565 0.185473967153412 0.233631731407614 0.182862334829741 0.13494808804097 1 0.10960626079824 0.131462603895612 0.0564521431337202 0.145478543602252 0.0406246059716647 0.149776171623338 0.249682036275382 0.25298051042406 0.194255490229523 0.143563988583661 0.121032467197018 0.142253209879544 0.0793630877205695 0.149833815414929 0.188636145004884 0.206622169728056 0.130152075406362 0.192534567175142 0.191228123743329 0.113242748165523 0.212704139541297 0.244440205560697 0.161059683612271 0.17597360690751 0.174969908852905 0.193491838639724 0.124422409951979 0.14952241053933 0.0985251136345894 0.141920917166076 0.145744305403145 0.162153534221492 0.145721596780818 0.178764863225157 0.136648403160869 0.0642305422563251 0.0549620531081831 0.0582531155828418 -0.0753866623933209 -0.0905744283663066 0.145700460431433 0.0423692225133176 -0.0501633293687608 0.0130623586279273 0.0919111459181048 0.145734543942104 0.132890807070122 0.102312494703642 0.060893942471931 0.0820584937579852 0.184590481938016 0.0346641792351743 0.120075669689201 0.0162108831619665 0.0845031940057434 0.0803416570179597 0.237602391954814 0.221921326573959 0.159738409012368 0.161597638872301 0.265776766376373 0.300368256196499 0.123327940207012 0.128027938605978 0.112467234014194 0.24781431836605 0.057960309803144 0.120907998286732
0.524342579752513 0.39721288129883 0.797238134788272 0.625248630723648 0.37706352164547 0.0358884534911736 0.55180867527449 0.294176135976816 0.300552630489437 0.229293913288851 0.298509140536989 0.180932465093592 0.464668737981173 0.336256390553512 0.605281472298986 0.465769710234087 0.377049841430844 0.358411462167021 0.525364481386948 0.399410479697336 0.0647621161163853 0.10960626079824 1 0.796408595832313 0.754375552314883 0.687874848082534 0.237811630570221 0.384701103486808 0.406248707070379 0.355568755694301 0.734145861223575 0.762827470870564 0.697385606355341 0.542615417888116 0.590486481422884 0.474800530713477 0.540757893794045 0.298008541625621 0.527798709554078 0.364945374675992 0.416965032779167 0.384295536109942 0.496770717819736 0.468655044751849 0.490537366803162 0.41461192626459 0.54343355640401 0.410429377144048 0.408268475580495 0.32892724021092 0.471806797754953 0.359670564343047 0.461012262952869 0.401585975185655 0.506747476285788 0.532577600188753 0.430781795225499 0.336724186334337 0.447414205613439 0.307338450614876 0.44801924484699 0.216989432708502 0.403723502229558 0.138729337032631 0.692542446157334 0.540803937593812 0.555251398947194 0.410788417550809 0.466016550007466 0.370968655635531 0.452795360721603 0.282378284125188 0.492924099843838 0.343865925394603 0.303568771840227 0.240793324860025 0.263374258214938 0.260874126649539 0.412881455926632 0.331910035154867 0.354871462269548 0.428309399919561 0.582401955036526 0.579459632047597 0.717507858260189 0.629195516401724 0.530948428492575 0.659652514622287 0.463516862489557 0.403385520549467
0.427057072902924 0.405164681059656 0.718252604189248 0.754737313965578 0.449573371525556 0.264626105176283 0.543580899792815 0.478192614498904 0.404159434833085 0.412776680743673 0.231672146271266 0.332871608245488 0.379672844756284 0.497920310179093 0.602275083796201 0.598114339464548 0.263813523199235 0.260442383954536 0.390297690053163 0.428301616514417 0.148081463042983 0.131462603895612 0.796408595832313 1 0.748893167540323 0.811589344800653 0.222731104353533 0.532423267338907 0.280310141721835 0.28077440477658 0.703602637824179 0.817266226729647 0.751936343650354 0.692474521439252 0.693256314576044 0.671173521022644 0.495925592269486 0.291089757380403 0.522328199549861 0.356382047835723 0.424392559086472 0.387050654732066 0.478957619257451 0.413241636681275 0.472522381783854 0.413485565335715 0.487765016009916 0.388328855173966 0.411005781227256 0.352700763077901 0.483149533098581 0.385832255190023 0.481190424182702 0.430120552797456 0.543173271462012 0.536090657158531 0.351902035031843 0.296166872369682 0.407205252817414 0.349279321252405 0.398584506114623 0.363171713735664 0.350282715851904 0.225227546257005 0.642936452165227 0.687845645083421 0.649124877228936 0.604159615564706 0.487551367097358 0.429658600118345 0.459749391498957 0.390496331111163 0.43120409729778 0.372861566344085 0.231006648076693 0.256602791121144 0.364156818306255 0.413449244396612 0.293242550910495 0.236376595889835 0.240636885470147 0.356949492638198 0.486833805959697 0.480595470496731 0.616211179425003 0.751084342833424 0.570184173725141 0.655230498613712 0.554516686499726 0.510068436193075
