1 0.895142167789553 0.643249892726654 0.624613360506423 0.474979870167128 0.407856695143206 0.74137527249061 0.590522702487587 0.398098128956519 0.279360015551294 0.710833392071714 0.630360123845426 0.712059529086637 0.740113214266049 0.615652510455067 0.568474060341632 0.742465594253818 0.779034449580654 0.841775417121481 0.829035881536618 -0.0815534707422846 0.412360589358371 0.423477116858678 0.262467996148399 0.512862018229886 0.306999698309444 0.351470881661961 0.170797850029565 0.756277509806192 0.699093246007072 0.55356688234573 0.411490310699849 0.804331522583473 0.647957227073067 0.344537542003132 0.235194145781107 0.705308967499248 0.480001848801716 0.58439039722274 0.597246786937942 0.360040107908726 0.453721965902415 0.770815866130739 0.78534006102006 0.728177018557086 0.699168267262089 0.724126136161476 0.765495553992675 0.738566767236377 0.732748229630002 0.771538929672074 0.655900796058426 0.608815865764187 0.479021666126874 0.726982118253355 0.780585587547545 0.883136088503559 0.814228841582509 0.871706300264214 0.79579789310593 0.820266534346906 0.611413722766683 0.806039037518014 0.73098603932558 0.51809865386211 0.530122715264256 0.74898109808567 0.687928800838612 0.7142997058817 0.69508368169973 0.719584591900886 0.753105816997899 0.566201210812448 0.664825745939985 0.370392089905733 0.428203600019506 0.451935148388378 0.437418458356997 0.737864610165739 0.790900740476929 0.711109751617057 0.724682177416708 0.653175156607382 0.688346320823774 0.793866089095675 0.818212865682235 0.445477728769209 0.575089607051006 0.770515849719529 0.754879083484487
0.895142167789553 1 0.594427373229236 0.638431245129689 0.472316275194961 0.479582161027699 0.701059001666169 0.633108613913034 0.424460819816735 0.359708137207314 0.54475972074536 0.640432535289318 0.580647593234701 0.732583175334406 0.548153629720986 0.558593010974098 0.761950295613116 0.845939441955223 0.790635661707166 0.854581731102272 -0.0760585494083951 0.336328733279755 0.431537565465 0.284022741906449 0.545969713637558 0.310151997384972 0.30695384283088 0.14048728109285 0.74570920083354 0.755589274218609 0.531519054624695 0.424764906142715 0.821761265946737 0.698935165650311 0.321385864691653 0.221040342942463 0.687036393588392 0.452576198138097 0.614854667801666 0.55514768617172 0.231702706655503 0.463349246917809 0.767917824895437 0.780706279744577 0.791071845046578 0.742495067866431 0.771386808244612 0.798405790805691 0.840767630487296 0.806682349968085 0.834520837675349 0.719600252709055 0.632925585539446 0.480445387796804 0.792728380989446 0.831664795911495 0.922988993166371 0.899029951719092 0.873051863910177 0.849671900407959 0.705304250318001 0.62768897445257 0.796010504110014 0.770218069014555 0.465313084872999 0.497606077838156 0.723744032664724 0.645947289708936 0.729306178912734 0.675421600224015 0.701852113526357 0.745996512099587 0.500038373986755 0.623523141243983 0.435081060871992 0.40848829095452 0.450498711964453 0.440617088171534 0.814845676131005 0.836534299960884 0.742253754833355 0.739004859627281 0.635509686834093 0.713163032165671 0.811279373804591 0.840413273539998 0.47460807687433 0.637418869281799 0.777113835861681 0.806414367532886
0.643249892726654 0.594427373229236 1 0.827225708717805 0.691972267622812 0.579354190688813 0.822965838421888 0.719386809479654 0.611195673283705 0.440702689414806 0.51963053844032 0.44545026501067 0.5262288897207 0.548628519108229 0.685259323524466 0.705903578108902 0.455750945674871 0.423975601249969 0.636197642859145 0.579168873504132 0.125221281410715 0.470014475272714 0.709107322227661 0.59093432010493 0.659477019171778 0.657105507445665 0.370135278178065 0.317308011332652 0.506019759057758 0.413284300344042 0.714962760051531 0.619727105820152 0.737402751336856 0.696097511806194 0.605151220756523 0.487419693995323 0.556844174976884 0.430098831631583 0.483613925848866 0.432708843678729 0.11880126823185 0.395017629697335 0.780375838769287 0.754689954983453 0.644573838347815 0.522749229736326 0.555727370399373 0.62010169932756 0.565330616259457 0.556933493979879 0.681620449277002 0.593691359781305 0.689213193541839 0.561197228463752 0.578158881751771 0.6000315153953 0.530504162845189 0.502996824439111 0.659179995259065 0.631060479243098 0.546266403833134 0.602053759188295 0.417445391650323 0.448001533791899 0.640848720235038 0.757902345933064 0.800562653286067 0.77446084205235 0.642380399116659 0.569683825395448 0.647154248919375 0.622991363420491 0.383373903683133 0.495823199698088 0.239375167388598 0.347641099400003 0.514673784691007 0.596108110959143 0.560809769196335 0.579950617948921 0.452957656832447 0.467737965682924 0.483300332379307 0.488141165755804 0.580075130861969 0.664798697011168 0.442833003649447 0.692503452530099 0.787887024784367 0.773918345471413
0.624613360506423 0.638431245129689 0.827225708717805 1 0.707600856584819 0.768748109076043 0.834158401804618 0.899963667330468 0.675395026077852 0.614553925223415 0.451870697167946 0.620416400071452 0.438847220040035 0.662973995326335 0.533119712310875 0.715278121217829 0.446917859532316 0.46916058327385 0.662445379585458 0.696283262533801 0.141267991977729 0.407530142137272 0.604920459901178 0.574500611488685 0.611470375560297 0.576214981601015 0.455430622808125 0.298556901392056 0.600247159450233 0.542158176662362 0.734528329344263 0.645639534583663 0.781862865923633 0.774906566804341 0.534019098766257 0.383576660361809 0.506450080346553 0.331714250110665 0.464315041298607 0.39037265168041 0.0399901095176469 0.333539755626611 0.751863667750535 0.730864673691079 0.695422668469248 0.541332530241334 0.544644836385713 0.630209823948199 0.608314038808645 0.585774337424555 0.67185389765838 0.613324274301407 0.712456969621817 0.601098601093117 0.61718992729771 0.605350628855806 0.545457199664894 0.469112476740888 0.635296966989764 0.59158273349405 0.502626650487482 0.708768955972042 0.497288653983651 0.579553406152279 0.527868635420963 0.725652233631218 0.73508014451757 0.717973657855465 0.635094351126519 0.516685195114418 0.684005834567097 0.676349570066361 0.435997848555923 0.529430550281375 0.321702414501022 0.409015131744037 0.543216105755201 0.581410360508574 0.612379319785657 0.589102670704424 0.430478379895164 0.432560158004696 0.458349334280202 0.423641221156259 0.575631523140757 0.666004108742782 0.478952924118632 0.651376956886494 0.729821809747168 0.784309509139128
0.474979870167128 0.472316275194961 0.691972267622812 0.707600856584819 1 0.609327998762303 0.732266841417125 0.689734101118772 0.699860507465454 0.599875613571954 0.269497718021243 0.478458212282959 0.333038598299384 0.464004965041288 0.447909988905137 0.568986955824388 0.23074386696089 0.244398066236296 0.471946299626649 0.507649431396684 0.153394314011244 0.409598484440384 0.438921587989383 0.383132281838708 0.454652728623226 0.421987255005574 0.474967830925715 0.281723301928427 0.372017891136751 0.318998388208726 0.488273038082196 0.374891750276347 0.600698996730453 0.60778815953109 0.542180620794839 0.436641251429019 0.391075672252694 0.427574206659986 0.288239212774038 0.194409094409311 -0.0141731787445144 0.338034759150412 0.549050713272024 0.525519208862108 0.480443072917491 0.315493084894892 0.357829793843322 0.439404353430024 0.489752558410224 0.463925771753819 0.578228074264409 0.547149996886813 0.668111907780429 0.580715729415884 0.41463202743173 0.464700672966878 0.389183379931685 0.318103021129574 0.543280723457096 0.537679981019247 0.30858764344374 0.449215109678149 0.266882338297738 0.382852546846526 0.330850046418983 0.490926372066521 0.617662827141157 0.598423642641142 0.595503609521643 0.468136905152556 0.498116971829374 0.526286544869677 0.251058597663242 0.373586691611402 0.194374147172164 0.328984552808282 0.598638986133057 0.59145245911117 0.411227403243682 0.378313003546887 0.206126408693208 0.20776776604792 0.301870538042073 0.233314011181036 0.370985208142847 0.48145775362715 0.282198779511008 0.57547096536917 0.625647385872983 0.668018409648309
0.407856695143206 0.479582161027699 0.579354190688813 0.768748109076043 0.609327998762303 1 0.697899197334412 0.782070820346378 0.77363172134257 0.785166659635792 0.198090155503232 0.470307457196779 0.129404633381479 0.416120050820543 0.241433607007861 0.634586659151506 0.296111382117393 0.244605130147035 0.42513986494241 0.566292374473147 0.0927427411852637 0.455136683111118 0.279375182372102 0.266951436996706 0.472264206307321 0.306659145142561 0.417736381113342 0.510797422895226 0.390833934926209 0.281367898954888 0.469491944287971 0.340783487439694 0.621903526760492 0.787043541654653 0.551624089344957 0.413362854058582 0.284596650209049 0.297316843335977 0.266730921916902 0.0657141898962732 -0.0388193102390937 0.386143408769707 0.483255600319793 0.463463938477446 0.509693079448623 0.282204071994296 0.276928665899751 0.379250428741972 0.464424143634112 0.41786111287159 0.466473477619388 0.469922747237218 0.583452873130165 0.518153459857331 0.405842711922376 0.40365486098471 0.397581549061572 0.291193001600931 0.443367815552264 0.421759356235122 0.185979026188961 0.422286493187384 0.245729047104047 0.403257841951973 0.180759690084122 0.395127325970334 0.546084937608178 0.55654683465577 0.567923389138957 0.386373762430361 0.475735294909802 0.450540388750109 0.220806997251552 0.343050786258844 0.282424994884275 0.406533906458588 0.584508249826643 0.642065701869324 0.372157595193779 0.393290897569299 0.172769874127243 0.122904996481918 0.12686787761877 0.136686520309236 0.266272912351134 0.371238340639133 0.0683110897739983 0.467678731270776 0.520913119706116 0.561458635672834
0.74137527249061 0.701059001666169 0.822965838421888 0.834158401804618 0.732266841417125 0.697899197334412 1 0.877159015103519 0.796909141301121 0.667530331163464 0.537396891329641 0.663060428608758 0.572290423781599 0.692721295732187 0.60021134724295 0.699245356491587 0.486318417220289 0.486210522353734 0.741299068201001 0.786805651897961 0.164141343822194 0.464252693515619 0.493068275909248 0.330976721328698 0.569745912319013 0.40010361251793 0.378529897756433 0.299767279749605 0.633026580495099 0.515114515726232 0.607802882530957 0.47594743533745 0.824239152014686 0.812579350661249 0.565148579398454 0.42337915305155 0.562080986094386 0.47684033295209 0.42863979115987 0.377646503579088 0.0745873865371354 0.416253575882682 0.739265134808006 0.712376040488761 0.696314164418988 0.490903043109771 0.515438099421662 0.616745257975303 0.679204023949741 0.670995328800161 0.753393513970036 0.717575737755202 0.777129562877513 0.680042668532657 0.580866720457538 0.634481708904004 0.610552582910767 0.499814688780343 0.768534725285255 0.720004322606224 0.535604325142113 0.582012954394339 0.529558104970028 0.65067536465812 0.438595408370567 0.565793096525487 0.785113658390403 0.743258787308758 0.761550791995942 0.639320830868554 0.738855854329127 0.723801972237036 0.447436648499095 0.560122610857609 0.334915259202498 0.456521590974044 0.727654128952276 0.692014030818902 0.579346017413448 0.570674877381937 0.360525485460485 0.359847877332335 0.421313181759075 0.379785994270961 0.573907129454924 0.64814953231372 0.355771201339861 0.627401641101607 0.795775185023998 0.809032101767228
0.590522702487587 0.633108613913034 0.719386809479654 0.899963667330468 0.689734101118772 0.782070820346378 0.877159015103519 1 0.752359639183936 0.742130214187704 0.413182331581082 0.675139524091544 0.402871795426149 0.66445477565829 0.467340238594363 0.659504259917446 0.364590212257818 0.419497905643475 0.660753729732124 0.730348498992356 0.168232312239019 0.334681022289592 0.451505443009573 0.381698279164997 0.518537433374032 0.40592644979838 0.363836076595905 0.254700546775892 0.558200834608966 0.491639157111528 0.588079945164113 0.50003520875918 0.766522854165667 0.789126907785638 0.493268641258639 0.372452332992995 0.444989990456899 0.33695930208955 0.343345697355974 0.292551231002861 -0.000180204722594394 0.288190529989195 0.656947722411878 0.641919088608402 0.665444478466204 0.445355437467853 0.42955113106605 0.548605569754625 0.642848777247038 0.625543893379168 0.67482821307475 0.685337607361229 0.757387604297137 0.653784336009972 0.512803601455573 0.544878059218568 0.510285741688825 0.403436280053075 0.639741282262008 0.64295388114091 0.398169061757615 0.643424100667192 0.422846263254694 0.578510375599151 0.430267881230693 0.610852044446182 0.707818861855201 0.674207823501575 0.702879270757086 0.504176550614784 0.645795589492158 0.662721839618841 0.41002747787093 0.518135239953519 0.317884364038458 0.403607684318612 0.657194475186564 0.61553411027583 0.549992745124214 0.509026284285786 0.28644928646262 0.298127536425428 0.343860188627693 0.294550549360977 0.497384447566688 0.574245933624664 0.367249637396428 0.556639623350283 0.704180723189102 0.771086005354809
0.398098128956519 0.424460819816735 0.611195673283705 0.675395026077852 0.699860507465454 0.77363172134257 0.796909141301121 0.752359639183936 1 0.83155714153843 0.287738870904552 0.453550199765023 0.280915323689732 0.410373781421413 0.44138553792729 0.611546097743316 0.219016930313978 0.162240433839882 0.409460865050814 0.531699741225651 0.246905688511022 0.38786214297882 0.344813855791776 0.1936057145732 0.467061703546179 0.295738758199888 0.362973778626209 0.388503361421457 0.311442366353738 0.199100284225981 0.339718190845252 0.278005782632556 0.602345339803598 0.71957367861078 0.598745461959138 0.466338088344599 0.263877269176411 0.33462881661787 0.183218624226442 0.0668518928557055 -0.0534759392832058 0.312471628932352 0.448339901284005 0.424829705156899 0.405675644637224 0.116233719620155 0.160645571052556 0.303498154492395 0.43051666535433 0.399999262848741 0.499286790166469 0.524553155196823 0.683888702519393 0.657553834483204 0.295695030806117 0.348695364379163 0.332929811439053 0.222919741275511 0.45647423481315 0.455960190518073 0.18187679860905 0.322762531272888 0.195075968908421 0.357092231039229 0.213188429702575 0.336789038753228 0.569952966860947 0.549809139284476 0.623569306224919 0.447797767061399 0.479476910673983 0.476443579368069 0.205948046045109 0.306183815097161 0.255416429599465 0.408283247282312 0.755443581495306 0.669088278072325 0.304490378774089 0.297622764089237 0.020533417341643 -0.0177093106055535 0.106265980561889 0.070572725568185 0.238866380752657 0.306926603208156 0.103897518305011 0.479163942831677 0.599440864891263 0.588693609897124
0.279360015551294 0.359708137207314 0.440702689414806 0.614553925223415 0.599875613571954 0.785166659635792 0.667530331163464 0.742130214187704 0.83155714153843 1 0.115283476031142 0.455046604456142 0.0794669557620828 0.352185786321682 0.189385711602049 0.509171057442534 0.193213598438453 0.13809054715662 0.330112827164021 0.512121936236827 0.232058570066003 0.323221254373098 0.107129468938241 0.158652455367563 0.313949112934543 0.129947141922353 0.204427829598536 0.347329370573114 0.254039315307725 0.186133845268935 0.246828660999323 0.215262768812367 0.499605750054788 0.697312046962165 0.514993002144866 0.453525612318486 0.170133532771635 0.311152122870334 0.066388573129624 0.0043485008656473 -0.0743853055194457 0.296705587635281 0.332862885380639 0.301526240093125 0.399346452981752 0.122722119286255 0.117356004817889 0.206394775335537 0.405454045515747 0.358576918614152 0.402655296116465 0.450475043156038 0.591227076888807 0.570529222960982 0.253733881964228 0.258568441728284 0.277061316917841 0.168757338189054 0.341158037447634 0.350230902916898 0.00650056934652059 0.278877029799074 0.129302462421005 0.320601017287075 -0.0208381744386337 0.208216716788541 0.441131359288842 0.45219380071039 0.547657296599686 0.358122877446484 0.348373252393163 0.326403229564098 0.103757473584853 0.206526961181645 0.181107290152635 0.278050766464103 0.639213968519653 0.623368379225188 0.237220577871939 0.229636528121621 -0.000799977503761444 -0.0713085274846281 0.0570903854144596 -0.022622506425032 0.107053776115938 0.191257170494974 0.0714279806391483 0.368544159376396 0.420291038663863 0.457144615931929
0.710833392071714 0.54475972074536 0.51963053844032 0.451870697167946 0.269497718021243 0.198090155503232 0.537396891329641 0.413182331581082 0.287738870904552 0.115283476031142 1 0.605060175439911 0.841226711724379 0.64021107029291 0.621621004318897 0.449768436565777 0.598236234881034 0.479204450316148 0.678664898280817 0.526405635886163 -0.0474847467114547 0.331490218763531 0.380951966525539 0.190842780489823 0.304575471309841 0.269092020105049 0.236836492332331 0.130008943387601 0.538239010715416 0.471229843606257 0.363298483729734 0.257214407737956 0.572227836845157 0.443212147063783 0.297985492966098 0.201270354790881 0.568915552938486 0.382548172879807 0.287102101240334 0.4147894424197 0.394974127438515 0.254818899596397 0.570120020436535 0.582023499439596 0.430392276185119 0.463133659265715 0.4670980217883 0.480868582100145 0.379077608925787 0.403299933996892 0.461435365297502 0.354730880032744 0.364185558907063 0.257815415265756 0.462847277366702 0.485723552966452 0.497399905287398 0.516664627690947 0.564304068104866 0.491816545160805 0.768317248103117 0.607528564859641 0.600182527711845 0.482115704835734 0.531155304449542 0.498751511876952 0.561600933868385 0.564929626085031 0.374270758919074 0.594987398329401 0.585854975530408 0.605871648332632 0.588894112433644 0.642192101958382 0.25256529200452 0.437039929316744 0.285944132804504 0.322925281797618 0.484618259658203 0.550777593758391 0.526319163458943 0.533310603262505 0.527942977892774 0.496459303561034 0.553513587016321 0.546898820186497 0.291833792860109 0.390726156448747 0.561187287046767 0.479834306306814
0.630360123845426 0.640432535289318 0.44545026501067 0.620416400071452 0.478458212282959 0.470307457196779 0.663060428608758 0.675139524091544 0.453550199765023 0.455046604456142 0.605060175439911 1 0.688040718021774 0.848881739040797 0.323878906852435 0.49543698442191 0.512813912973512 0.54103619693929 0.607272115971887 0.701012150029722 -0.0937944309687955 0.293639061722504 0.242031806471272 0.196849571164031 0.277416308469762 0.164735043323153 0.173919297534626 0.0446892312605144 0.647560281950644 0.679737482229633 0.366620233264945 0.308367582340622 0.651031414432125 0.606989748106247 0.247107414990841 0.159644262160921 0.533407428867655 0.353852557726354 0.348238520068722 0.350719168712263 0.145421441142043 0.287250070786791 0.577065974390243 0.561445718006682 0.600011432863267 0.533169253530265 0.515703442973856 0.545680061732246 0.5650658953053 0.549031395382799 0.596611544691888 0.528356708569023 0.466128404974732 0.336278921188321 0.565773654171469 0.594060192124679 0.547010951405211 0.462195697097913 0.656489291774137 0.545211123201765 0.644341098147857 0.793654437977696 0.640646945700694 0.752420473832189 0.315037149186942 0.45956059419436 0.551192085803785 0.553122746173615 0.486125095675762 0.569417877867899 0.563125767294417 0.591044866450311 0.486900354581071 0.548676149240083 0.386830064031997 0.320474522967114 0.365173255827695 0.421600878962363 0.596814555221125 0.57403384155952 0.466625801294322 0.448993814642639 0.459719075219618 0.402569753822851 0.581575755933483 0.623099700814757 0.35403981973891 0.491732891646073 0.609290149615411 0.65591150516406
0.712059529086637 0.580647593234701 0.5262288897207 0.438847220040035 0.333038598299384 0.129404633381479 0.572290423781599 0.402871795426149 0.280915323689732 0.0794669557620828 0.841226711724379 0.688040718021774 1 0.70985116935453 0.642491578402606 0.436913699061003 0.534536229022342 0.552116493042906 0.659988616358931 0.552507023922154 -0.173739663501655 0.264493512671949 0.461805242674756 0.233290272931039 0.338883477245461 0.292191336666267 0.179038475626736 -0.0186247493839482 0.635260861125822 0.612318068924671 0.409854377655521 0.325152897528205 0.546766966197001 0.373163011429226 0.18800809128546 0.0974278272607077 0.599287783649359 0.316937774921613 0.366182245943655 0.500512813620781 0.308681153665076 0.208284207854471 0.635233477343044 0.624069597424894 0.54157431007247 0.562221241252297 0.592604365146448 0.595966938409677 0.483277138972314 0.509806961529474 0.553007443391777 0.447584883194276 0.371653740514223 0.280505159339939 0.544958146606515 0.606642113931305 0.521773611896155 0.509274779993202 0.624510508614218 0.543656690409608 0.801521902051553 0.637637862342167 0.657919989298044 0.588400654943242 0.59357420648004 0.47273758254001 0.557909264172934 0.519213907085917 0.386591291780048 0.596116486366638 0.606329560607848 0.629263970608935 0.559242290617613 0.628436629927373 0.394608284388199 0.365006088685051 0.273750847825637 0.262713845691281 0.576004253277106 0.598452135916861 0.555103365547962 0.587048856286359 0.629276048318818 0.576035600923054 0.689542912875644 0.650076825609678 0.472160387989494 0.455150347949075 0.630316946114766 0.562957747748072
0.740113214266049 0.732583175334406 0.548628519108229 0.662973995326335 0.464004965041288 0.416120050820543 0.692721295732187 0.66445477565829 0.410373781421413 0.352185786321682 0.64021107029291 0.848881739040797 0.70985116935453 1 0.513043940321481 0.627240456576712 0.647126613134171 0.683560190898259 0.738705135842574 0.780707763589622 -0.0104738246416885 0.361217676035164 0.416905922409212 0.34407195049607 0.461353203121722 0.279422822306655 0.203432365628792 0.0904769204489538 0.723194770401104 0.753177961026657 0.53784420535827 0.419208112390296 0.728484278150785 0.618242935450476 0.253432290412652 0.12050549152063 0.611234315913976 0.344528602558079 0.519722361488697 0.537301571909872 0.2140573794768 0.346542474229322 0.712799214944265 0.730410788545439 0.695282241347012 0.666070282624424 0.682403646602155 0.701769519084058 0.658152174093784 0.66183131237907 0.69861325160635 0.617786093431578 0.510783258788115 0.405043286290277 0.68904569238457 0.741304834114438 0.667343242745923 0.581455097757686 0.762177950893052 0.667767877168631 0.707310731239881 0.749599814588959 0.772483143859891 0.814492396814495 0.426811511168844 0.531092011548883 0.647217039421048 0.626749378303312 0.584339729863748 0.618105292270092 0.64157976116472 0.658549809387908 0.491599992701643 0.592923808442377 0.328245622065777 0.30999692586036 0.347230213022325 0.390318279828641 0.687879438422394 0.685297119793606 0.605166418715739 0.623405087769935 0.602578497029645 0.589217271235911 0.748362461409817 0.776420554910449 0.464585612263409 0.578910802008349 0.684196045129477 0.728030941655056
0.615652510455067 0.548153629720986 0.685259323524466 0.533119712310875 0.447909988905137 0.241433607007861 0.60021134724295 0.467340238594363 0.44138553792729 0.189385711602049 0.621621004318897 0.323878906852435 0.642491578402606 0.513043940321481 1 0.676956151190025 0.452893076456668 0.466192507818102 0.635872992041765 0.504345892642898 0.117620741922052 0.296346479973466 0.782537865383907 0.528093996001985 0.685662614876126 0.56857852924301 0.367898348240492 0.194384407724545 0.448978083654851 0.414370423480109 0.603332364791739 0.43808410170614 0.607602020248972 0.439492078737282 0.364938547929705 0.293511593203407 0.595668379612753 0.314789883775 0.450845919223698 0.479051702318453 0.183654072655317 0.244844074749418 0.710595252193107 0.702019371369929 0.513765486775402 0.440665605201881 0.531863929835208 0.594132593336053 0.504115816203464 0.500370155115534 0.581276954767965 0.506082640504839 0.531990150152873 0.518856964141002 0.507291531214759 0.556069883601301 0.506540181853638 0.51300233020681 0.55240842190895 0.546952984816363 0.497054550952011 0.421172556989365 0.499240650206 0.392654834117452 0.67927388523723 0.580779027855343 0.645341474546852 0.553625675676262 0.543245390049835 0.55291818058097 0.614089051135415 0.599716392940669 0.334870742280443 0.461066422371517 0.246064200612243 0.322472351208406 0.395560621414076 0.381997615582208 0.509945712311503 0.546569609647706 0.468293358987115 0.517154964340808 0.607331193111297 0.606001137331026 0.65709238205241 0.626963783593939 0.484916386450592 0.587005951512496 0.691529398702253 0.621208021773589
0.568474060341632 0.558593010974098 0.705903578108902 0.715278121217829 0.568986955824388 0.634586659151506 0.699245356491587 0.659504259917446 0.611546097743316 0.509171057442534 0.449768436565777 0.49543698442191 0.436913699061003 0.627240456576712 0.676956151190025 1 0.445378426060935 0.41613360925547 0.565754644869442 0.59842995672949 0.0926676290452436 0.566901444091903 0.598371879151477 0.561906059881323 0.739352235355425 0.590410175040659 0.415650718257374 0.501185547192502 0.471452266296401 0.418767828478077 0.661373627663802 0.4553576318117 0.668958023154363 0.719940320825936 0.573710476540382 0.499088418544423 0.578410338594482 0.519998521723919 0.515850091323106 0.39422164675811 0.170199383616856 0.483518615097684 0.751599827767877 0.740726391725298 0.644523586640772 0.513263687975214 0.534896614417355 0.610548531890087 0.596886695033731 0.539999171259834 0.633560617408505 0.554771789806912 0.619795864813807 0.582665955395905 0.592999419897605 0.623804847171204 0.51294502592434 0.471227924542576 0.600839661630339 0.556540954581228 0.382282787794169 0.524863849331368 0.468823351618552 0.503374384777248 0.465347334573419 0.640916570338225 0.727637659062197 0.711250703093831 0.644452588752259 0.625123108725726 0.631767489512363 0.599487399213407 0.163870421741517 0.370617242964329 0.316713722525243 0.336634408121572 0.45640255816991 0.646797289622454 0.510093854258994 0.571199321237422 0.442966007991734 0.443268399751624 0.524203313068617 0.539836171015996 0.599728526579944 0.665970305574066 0.336448413598586 0.690804724067916 0.718053138164038 0.724523152723699
0.742465594253818 0.761950295613116 0.455750945674871 0.446917859532316 0.23074386696089 0.296111382117393 0.486318417220289 0.364590212257818 0.219016930313978 0.193213598438453 0.598236234881034 0.512813912973512 0.534536229022342 0.647126613134171 0.452893076456668 0.445378426060935 1 0.847480431392427 0.712159491386256 0.758166798980903 -0.0177574041183136 0.276183992221731 0.279604286910687 0.230840026131312 0.393160962836292 0.260909855200575 0.0879433249655604 0.100165176820053 0.746811312438393 0.740170720495674 0.444632521700025 0.321472803498904 0.758144885982677 0.613881605215073 0.244182224139699 0.12805110634428 0.652349411019174 0.336738099979147 0.486471661637034 0.471815325951031 0.376601482293408 0.443343804298585 0.637155607759486 0.658821284313873 0.626733635324195 0.666272061724257 0.723146946927359 0.667423660497357 0.610206258383028 0.562445827544777 0.553405233588592 0.40691034240177 0.308266079480063 0.218317212768359 0.673502969726995 0.645645459972297 0.83262026584742 0.792933464951804 0.647188489816004 0.527124111576918 0.642419607395033 0.507410250683707 0.865490360215996 0.78784964525577 0.313388394785369 0.381592153523464 0.545562384476607 0.524177204940153 0.520070674527948 0.598784660451168 0.614244490149175 0.597451776066147 0.557426260500484 0.593319399898193 0.271431567563307 0.360833910220271 0.249144597890504 0.2798872695675 0.757596993487306 0.777357443410271 0.749625461460353 0.720742182518694 0.55645788327586 0.67656816288841 0.632822771438532 0.688701416194663 0.333940940414563 0.506405275379537 0.508667557658456 0.524044967259417
0.779034449580654 0.845939441955223 0.423975601249969 0.46916058327385 0.244398066236296 0.244605130147035 0.486210522353734 0.419497905643475 0.162240433839882 0.13809054715662 0.479204450316148 0.54103619693929 0.552116493042906 0.683560190898259 0.466192507818102 0.41613360925547 0.847480431392427 1 0.727956601905279 0.79520165064586 -0.119574730663176 0.185421839894671 0.391359281309784 0.340088252579335 0.487511253446076 0.320019188970042 0.158063579831216 0.0114561070720128 0.809251285269253 0.861174552596955 0.52713964851398 0.406168664575792 0.724138319981536 0.526895678079625 0.12559661157436 0.0333517609666815 0.68298908944421 0.293150834180621 0.617132056671332 0.566567959663723 0.29929963087795 0.366314814815034 0.651864182499337 0.665615609568302 0.653491806274856 0.697391293515461 0.736372574351581 0.713857160151858 0.671511123856204 0.629889072668395 0.628150388508118 0.488128441514614 0.359114579531712 0.253976403866693 0.707063642365035 0.69955012453441 0.892894328736068 0.852300613297041 0.693271740823944 0.599610777110805 0.677685392717794 0.542563968955619 0.910212432161028 0.829960711407455 0.465022878147041 0.446093958364862 0.576371845145729 0.47967180833892 0.591956192327127 0.570805674581302 0.615470970210291 0.650063129618232 0.558735237981582 0.600150356032442 0.376904802047496 0.309548035576082 0.219753669412544 0.191526509060225 0.868455519107275 0.840086859935599 0.81333251685916 0.801369684007974 0.681329481518543 0.745124153418169 0.80900002903355 0.800285327960333 0.539869161176666 0.533019426821332 0.600789191515556 0.63410035211787
0.841775417121481 0.790635661707166 0.636197642859145 0.662445379585458 0.471946299626649 0.42513986494241 0.741299068201001 0.660753729732124 0.409460865050814 0.330112827164021 0.678664898280817 0.607272115971887 0.659988616358931 0.738705135842574 0.635872992041765 0.565754644869442 0.712159491386256 0.727956601905279 1 0.841804158095068 0.0447093173278785 0.31127771162944 0.461950873300705 0.278351301962689 0.498421398722188 0.327732049014246 0.325091987716102 0.127854998250054 0.779923081320389 0.690839385937703 0.606771221722928 0.402945006302252 0.819429615627429 0.618024393310946 0.292622109805096 0.123023295735202 0.679158786773493 0.298978648560385 0.495414752678382 0.546651613234243 0.294886473015257 0.312744290000118 0.732672226082644 0.751639855103644 0.671405274868739 0.607702936534988 0.651677404463611 0.675073014977647 0.66465312413154 0.673772170384169 0.672667929429666 0.599151625459674 0.575017098639949 0.492224594378873 0.645088591066064 0.641244221638392 0.759866232683943 0.69171579242785 0.735060624169795 0.681320380162083 0.642625299463234 0.553975397362874 0.744916874174117 0.699055247730965 0.464305477854182 0.503748013979914 0.668851515642366 0.598912436293011 0.675987645194196 0.574433569900928 0.760747878437979 0.755451790208607 0.635020568285684 0.716658628455025 0.367461778414232 0.442883315632679 0.446957341801234 0.394957304289981 0.705723145036259 0.6934094086509 0.591567333583646 0.626069865135158 0.607568534305765 0.564111460223364 0.689585888498527 0.733310389048169 0.482305948750478 0.534211532125185 0.663328522491046 0.67642259742781
0.829035881536618 0.854581731102272 0.579168873504132 0.696283262533801 0.507649431396684 0.566292374473147 0.786805651897961 0.730348498992356 0.531699741225651 0.512121936236827 0.526405635886163 0.701012150029722 0.552507023922154 0.780707763589622 0.504345892642898 0.59842995672949 0.758166798980903 0.79520165064586 0.841804158095068 1 0.0206035250414946 0.340275843141249 0.355774070012263 0.268669690839974 0.510928073642616 0.286786193349804 0.284420749832035 0.180661430049838 0.820728553263581 0.769776196752496 0.558342719282385 0.449107456365798 0.875320000031784 0.770667845103793 0.336625702564779 0.199152412094587 0.639722587701627 0.371614594725321 0.537257495440649 0.440120793606047 0.187056359600986 0.395126274750798 0.730375181309209 0.73572481268718 0.761907091777381 0.659499808117689 0.658311237870552 0.71598700534283 0.774648298431393 0.750123155832432 0.731553624155388 0.684554568009529 0.590867017460762 0.517210915249635 0.665156129732617 0.696942089399955 0.828096627254456 0.697810050853203 0.782295977853792 0.713637460011603 0.581574991679711 0.575362107439491 0.79408201697936 0.843496104477323 0.350652852838642 0.439777082948535 0.683816813909462 0.622508201160139 0.812324319075148 0.673090468970817 0.709791684631219 0.734329248976334 0.5541047673183 0.626697629420443 0.359641991134292 0.364158745096614 0.548421759471203 0.516932478546502 0.759350086005547 0.73946220239799 0.566558707261457 0.561471020989628 0.534723541603229 0.517364834873194 0.674993608247413 0.73558432767999 0.418113416458409 0.5805763908442 0.695347146138281 0.741350112239217
-0.0815534707422846 -0.0760585494083951 0.125221281410715 0.141267991977729 0.153394314011244 0.0927427411852637 0.164141343822194 0.168232312239019 0.246905688511022 0.232058570066003 -0.0474847467114547 -0.0937944309687955 -0.173739663501655 -0.0104738246416885 0.117620741922052 0.0926676290452436 -0.0177574041183136 -0.119574730663176 0.0447093173278785 0.0206035250414946 1 -0.0379152892383147 -0.000995347056380467 0.039520096942817 0.0960094729352848 0.0722402719745674 -0.044285326203894 0.133365395664704 -0.0636377987176055 -0.109757748231994 0.0908918973879724 0.00527142254218298 0.131605822450877 0.15218365263294 0.210059472259033 0.195299596539431 0.0129462348938062 0.0280509917095201 -0.0371387990439189 0.0437785890360966 -0.119914438654094 0.0692982408657036 0.0209531187565947 0.0238952082534437 -0.0465957469004542 -0.193571666002953 -0.121300106388528 -0.0546744255501876 -0.0169736105471577 -0.0317186576009804 0.00538381404162486 0.0604183688163703 0.211727073228846 0.230722349371066 -0.131559517264003 -0.0801151260904021 -0.0742434901561452 -0.105386856657911 -0.0101567613320834 0.00433797356260843 -0.181866824903049 -0.10522536856036 -0.0807574747447279 -0.00704356983479792 -0.055412483921649 0.12281012051401 0.0838903217742479 0.11125389368871 0.0732451129626489 -0.0298590320270976 0.110778638471782 0.00299496822693308 0.0556902478988951 0.000805322937135365 -0.11050906939961 0.112738220674773 0.241094684981897 0.0668578340177155 -0.0236039258195633 -0.111605226343437 -0.19755813446605 -0.163942272670529 -0.119340979161128 -0.138618056860313 -0.153360465746577 -0.0423801464299432 -0.0341591665513809 0.0750618310047247 0.0555811360278769 0.104360082411891
0.412360589358371 0.336328733279755 0.470014475272714 0.407530142137272 0.409598484440384 0.455136683111118 0.464252693515619 0.334681022289592 0.38786214297882 0.323221254373098 0.331490218763531 0.293639061722504 0.264493512671949 0.361217676035164 0.296346479973466 0.566901444091903 0.276183992221731 0.185421839894671 0.31127771162944 0.340275843141249 -0.0379152892383147 1 0.218548963223171 0.151645747802156 0.356135186274862 0.244259270279119 0.272712417182391 0.458496338265633 0.19902004853379 0.0965706141471768 0.359970659121281 0.19672283778619 0.399348355520625 0.526862154792328 0.597386400687685 0.478997102114957 0.379641220121824 0.538557132720755 0.314940023998498 0.165424472543454 0.20602770074317 0.491620008634774 0.426064112240304 0.416170785196086 0.351608741862002 0.306859976718262 0.328598395953995 0.324032529251525 0.330002183077567 0.319640124043247 0.403570550787642 0.314203591533274 0.401358159252967 0.32197156368484 0.429205486789846 0.404364547610056 0.329922061937777 0.322345483631701 0.42027346896785 0.380292241463405 0.330828650213258 0.321194954558845 0.258500317103731 0.255183114580817 0.193169800435212 0.332099697158151 0.524685780906438 0.556155837486385 0.415490959435182 0.50972537908573 0.312330257432779 0.3364578795121 0.063493939735926 0.288203071724488 0.182932737676837 0.270498405945409 0.385710709111735 0.559589205491893 0.18316502556701 0.343664904635757 0.295876068385972 0.270450153020135 0.24596750129515 0.363786090906431 0.33067901896749 0.39230556360014 0.0377954235110552 0.427737417644571 0.454650251625422 0.397419042954231
0.423477116858678 0.431537565465 0.709107322227661 0.604920459901178 0.438921587989383 0.279375182372102 0.493068275909248 0.451505443009573 0.344813855791776 0.107129468938241 0.380951966525539 0.242031806471272 0.461805242674756 0.416905922409212 0.782537865383907 0.598371879151477 0.279604286910687 0.391359281309784 0.461950873300705 0.355774070012263 -0.000995347056380467 0.218548963223171 1 0.753463887747034 0.743335570695261 0.699707093231946 0.456325239144071 0.136740046701853 0.347624376262109 0.356198623979172 0.652194625811198 0.571016930467758 0.473189757661364 0.344940465769549 0.307317836904793 0.231574832060951 0.448496007101508 0.167729540958135 0.50244579911215 0.467302395690342 -0.0187946613831308 0.147739928095841 0.66053770928444 0.634278517523676 0.485480401902147 0.427552556325781 0.500671198655005 0.550370598778237 0.416947250438996 0.414912568516851 0.509788860825771 0.431761147809211 0.442352177950143 0.42323035957707 0.481002051859318 0.511322861269932 0.359550110673995 0.37828717148186 0.433047781110337 0.431115900231735 0.415349645983469 0.46606931986455 0.362100890290043 0.301838408745514 0.767941969295479 0.650154282299166 0.571861101281014 0.482912158988607 0.403285590028779 0.388241514318662 0.459613709086614 0.474550222345134 0.213806110558693 0.3078889772977 0.227258150293365 0.251551780621875 0.24426982953957 0.297908889841828 0.48297079233899 0.485646289196797 0.420095664098479 0.464668400751987 0.537556041201736 0.573395185865073 0.635203109741998 0.597726544310667 0.58524840236384 0.614688063708971 0.630721936769906 0.600994750378731
0.262467996148399 0.284022741906449 0.59093432010493 0.574500611488685 0.383132281838708 0.266951436996706 0.330976721328698 0.381698279164997 0.1936057145732 0.158652455367563 0.190842780489823 0.196849571164031 0.233290272931039 0.34407195049607 0.528093996001985 0.561906059881323 0.230840026131312 0.340088252579335 0.278351301962689 0.268669690839974 0.039520096942817 0.151645747802156 0.753463887747034 1 0.63001318086222 0.73140589371582 0.292609650871272 0.170973401282749 0.27544156366716 0.334388858621743 0.599299066736414 0.584078483266895 0.359452135189569 0.291010243117031 0.26532210100662 0.252405962396599 0.348541830553657 0.161350330801228 0.419084441744165 0.342929971541899 0.0284467219439461 0.133171873094781 0.545124616842642 0.513284078450225 0.404696797204911 0.403434288609145 0.429131264409617 0.439583485311185 0.29409801650962 0.24830858728092 0.343808216171753 0.228918044309698 0.291568158557797 0.238448231722302 0.386778282174746 0.347966763959973 0.293120862206136 0.295585926250741 0.277888402370451 0.223802411396128 0.289741533273819 0.441126052445996 0.309998249192578 0.271723435389416 0.604487587549412 0.650430828452557 0.468603547655673 0.421891894945312 0.322998433523651 0.317064653441053 0.324419352634452 0.321104988474486 0.0981472147985668 0.1457801340511 0.135539626294991 0.0814751150192019 0.0979033870636344 0.263915155292009 0.394767043170175 0.378032386933501 0.385119034240393 0.38329279617488 0.463828092850212 0.475372038874784 0.501704044838704 0.491118519560439 0.566706886952089 0.585596848128336 0.442528197403946 0.483010475943106
