1 0.85627229820707 0.771092876347101 0.7705148605629 0.595329672427907 0.670068711919419 0.68256754208109 0.747991678574283 0.676801084894537 0.607731245823193 0.852972976576913 0.742043765563433 0.796668298195281 0.718648892956595 0.65120660676758 0.630521538628577 0.721638066234554 0.650223530631578 0.841167193289834 0.802651027106043 0.256670851589152 0.224250940879804 0.523504114491644 0.673681156581636 0.520749884321781 0.542269106248723 0.572710480614096 0.528096015330941 0.536807970153436 0.590150176459918 0.468746771518461 0.452511672583397 0.731563016568531 0.789190205777894 0.520176930117507 0.467786579648846 0.399404417629453 0.440363297944403 0.456613599032108 0.523755455644439 0.349057209227315 0.48636516532623 0.737155525572543 0.76391630621375 0.743186428886201 0.669718368467702 0.684374149172935 0.668118157927968 0.675911264699176 0.708123040855742 0.651078146810969 0.670528018564563 0.631551938566545 0.655307318558011 0.75347929920206 0.802353524984166 0.904484879404672 0.870716925191196 0.761046607295511 0.712589404372875 0.731036459459146 0.549262340240885 0.661678427547202 0.711940022978946 0.601326559361688 0.643894918834776 0.651912133300021 0.693699957836734 0.609363843536607 0.714817544991112 0.781586457395226 0.684962563625427 0.583445676348499 0.703799037323743 0.397954839047891 0.477274146001677 0.297065820127772 0.57162671038195 0.570953228761225 0.438517086275842 0.730108787083662 0.785322239331698 0.421596455861054 0.568163324517935 0.747641535699453 0.703973674331712 0.322722715308455 0.373173153287962 0.716714940790941 0.621117037841232
0.85627229820707 1 0.733177950196432 0.7945625226592 0.51729816647573 0.663004788249794 0.671694478346392 0.762592183386219 0.606306573563532 0.585007030645525 0.71093301771313 0.735930198889632 0.659770539653901 0.709235946446489 0.590249740542933 0.614599777870129 0.720053312140678 0.725174411264807 0.845410304462607 0.898241881539636 0.257011251936242 0.269706694251392 0.512267749798614 0.685287646752776 0.533156772974326 0.547881184006263 0.5281898866287 0.522308430650265 0.584302538809619 0.592860106660632 0.509758854482658 0.489832787636697 0.754773042008025 0.812437084259495 0.518180449043098 0.425144100723351 0.47984177336982 0.447095836595856 0.517046751651912 0.431505936164974 0.358602137058623 0.4171401895691 0.719561683445313 0.757266093964002 0.774381693309325 0.732302196143015 0.703570042744998 0.706302493536538 0.730589803982982 0.740872085623877 0.706687650713251 0.694380346109503 0.649639488930627 0.634998313135682 0.767030889613231 0.788819208873299 0.885382219268469 0.949167685217069 0.76031179489914 0.740344562919183 0.692724706047399 0.600496387999375 0.6504316567864 0.759816834228606 0.594668164472241 0.661839432920453 0.653353471441574 0.688046886404318 0.652926636637224 0.770284431513832 0.697985362186473 0.66036619568921 0.601711919867607 0.690810096561994 0.325320064106111 0.58720870540652 0.199246102941657 0.493604409552383 0.636841176205838 0.511613873021036 0.745553949527053 0.828996899552273 0.420089981462192 0.527693550018945 0.754482755853001 0.780181695017398 0.326356795996677 0.433193658085201 0.688852573875449 0.698956044869226
0.771092876347101 0.733177950196432 1 0.817991723277945 0.801103011378329 0.738029207570681 0.874817443822686 0.799713881156937 0.866746006811533 0.737222180706699 0.814720686953315 0.691591836803967 0.84979525134975 0.712950791628707 0.875485888299808 0.755701006188771 0.548315193295247 0.500905192868238 0.699493236896269 0.689198032088282 0.335627246717587 0.200422097614394 0.838044927048882 0.856867006625744 0.725161133507967 0.678636845208526 0.7260578482219 0.536789723708052 0.554409202279595 0.561603668795447 0.683873513467379 0.63800601061532 0.792823190871375 0.791761321506103 0.707401667401998 0.541737961593155 0.468240349387685 0.427603430092192 0.593866966873316 0.49445852899646 0.387510497109093 0.43646718636651 0.738666129140667 0.699522796299814 0.731266508675143 0.620181746529061 0.69396449066375 0.619209957386601 0.634051852361527 0.660679666257544 0.648837870613095 0.626997454584581 0.683130742433434 0.594363016269639 0.793654377362571 0.766750800930056 0.690277765757502 0.714528882557278 0.711807343462524 0.691881130019846 0.863558987221759 0.682902590780627 0.713226130338477 0.775534677659713 0.828943416955255 0.743183918870827 0.793279266583412 0.726684642060047 0.570930963483639 0.653438159029712 0.790209831569345 0.764702839920558 0.563937292407064 0.647767039108883 0.354956908346347 0.54716833546122 0.394790981501055 0.551060601278262 0.491556247457284 0.364814715411294 0.713013036296567 0.758360695553947 0.565219047281042 0.63262186907898 0.831072598633153 0.681752198856912 0.564202638145162 0.506020445874969 0.844207718251654 0.705834126844636
0.7705148605629 0.7945625226592 0.817991723277945 1 0.734478861944373 0.832465650760119 0.863738781247304 0.971071385985208 0.797507017416692 0.836185736039599 0.764892802353923 0.751221287405072 0.759402883846811 0.776906448663795 0.678252571745846 0.781519513776277 0.572351455564421 0.531419375433253 0.687635738808586 0.764953477007302 0.355883990894524 0.288532550218897 0.736116825611073 0.829697824977197 0.645253370749747 0.690303934704327 0.623073793400938 0.493184584111384 0.514105591209739 0.55521619309438 0.647362281772679 0.717173818230476 0.801258850866647 0.855133692305722 0.679186157466365 0.541890435753257 0.464409783547397 0.444020473679242 0.52033230880704 0.49698335826208 0.273353820937429 0.432415755222836 0.754196804330594 0.750588415944113 0.778288946421115 0.697324332631371 0.676187356917165 0.659471957453388 0.695103384249543 0.71678702119558 0.655354741721103 0.657156259055363 0.647217400952243 0.605874295757107 0.751096615594047 0.773117890042552 0.714253803611569 0.768228627167654 0.761530400732509 0.788151901116659 0.849324055337175 0.842449734355484 0.654341851386271 0.891412722347317 0.694528875528046 0.810558968155558 0.799008973319157 0.81639634495853 0.572624430967751 0.663540862070526 0.747779717364858 0.741624594506926 0.490880064150073 0.635836486620085 0.22940769864532 0.548747531554439 0.277126495090908 0.562766623383197 0.537216498329671 0.387070341833607 0.6685978863051 0.731290712963673 0.383760205291691 0.493113930561701 0.685723324312488 0.72329173934061 0.281623521093317 0.350186999922998 0.758863753901929 0.742536360716925
0.595329672427907 0.51729816647573 0.801103011378329 0.734478861944373 1 0.727411744317617 0.839881642570417 0.757782182031838 0.89410244529404 0.840751262171258 0.674985028948812 0.469694106652233 0.621831496447497 0.464774727981694 0.770476231246172 0.673544234379318 0.487714667798837 0.412235165845092 0.451308142519696 0.487190817910168 0.423577134224029 0.194969313066448 0.809018056271263 0.73671731669492 0.688275067395803 0.720125405920722 0.713440718485833 0.301971273742347 0.465717544182854 0.473431428595583 0.671504465276507 0.678680526945127 0.764412632859218 0.723788426818767 0.737655515931886 0.528956106951601 0.383014074360854 0.382935141548816 0.512225212497495 0.412906127284751 0.333256144947677 0.340302739747104 0.704619738007218 0.658444710106627 0.647583130073945 0.549544820167381 0.597436392101618 0.565650370948728 0.597235998522126 0.632260712985493 0.567144435676837 0.584325007868424 0.598074105664995 0.490135080039448 0.626520069227363 0.637139281742807 0.558830621974936 0.519866061762634 0.65559350508461 0.601652718290637 0.806252559338769 0.651563631161113 0.65470129536682 0.738939756058915 0.684029332643547 0.673184169745814 0.794435390895085 0.672596558322011 0.501485711626165 0.520347083159574 0.583226616842508 0.574337536594298 0.282893387662019 0.377070106755092 0.142075842288598 0.32604737864873 0.314822396181377 0.415281993771285 0.374092776228262 0.267462494493898 0.570671385935599 0.527195299329544 0.350444636341332 0.456877112114344 0.560682216752517 0.466700781662774 0.41374796745739 0.29394666472358 0.751134419352392 0.639801307821625
0.670068711919419 0.663004788249794 0.738029207570681 0.832465650760119 0.727411744317617 1 0.700325614928951 0.816308172690028 0.800670892006533 0.825265508025246 0.649081462587964 0.637172180164611 0.701167154440717 0.713539718519108 0.685477958720471 0.812089914796584 0.470606986215161 0.436994667884617 0.596603859214385 0.635586905628628 0.308544903300171 0.324067330672778 0.606906382007084 0.716994587582668 0.563462587413022 0.63245496419645 0.691051502110549 0.532434248309828 0.410947398468184 0.44625592917901 0.546077766480835 0.592946719577285 0.698905299599681 0.742024310331464 0.638922619259403 0.476823582516418 0.412989373733323 0.376700944236744 0.475558386857533 0.379812560075533 0.308236359267155 0.400060870789735 0.638576089040817 0.612260251515071 0.602548154658551 0.532801388956623 0.549869185952815 0.507840310245363 0.560126784467421 0.627087059681536 0.593037735534101 0.605860457565435 0.625140552466749 0.630995914650691 0.671941328450288 0.664166637674344 0.599474167934312 0.657046210474964 0.65609985626588 0.693300323192722 0.678731827808871 0.729240948245575 0.474918175920664 0.718836233524701 0.610107160247664 0.70400177071504 0.691466642785266 0.722462631930935 0.504067796573054 0.572063394748932 0.641765659750723 0.663201209226953 0.341104958667803 0.498779680185607 0.170014083544863 0.52199675408274 0.182180009527625 0.446642847009489 0.410975657955096 0.332073372274123 0.55764633349038 0.654870014779772 0.408976851380155 0.563481955071028 0.647036381550359 0.631490528107148 0.344734701990644 0.358989217511574 0.691589681219497 0.635475398787255
0.68256754208109 0.671694478346392 0.874817443822686 0.863738781247304 0.839881642570417 0.700325614928951 1 0.87742785129353 0.87274438879897 0.808489780758898 0.763669584137917 0.574126880796814 0.697953162096733 0.555524226251389 0.744823841456584 0.631096360188701 0.561335624312055 0.498161634799817 0.593797959082673 0.63048499652768 0.429052258815251 0.203074258815643 0.856082630934499 0.76762471023096 0.734559643346997 0.692698021266294 0.617307631616444 0.359683833982942 0.561565470090641 0.56489996633031 0.787436967827095 0.773707044372862 0.860534094723428 0.85801943732633 0.74442339452341 0.550637859173672 0.422266560305886 0.42044718510739 0.51385547050327 0.453390931187086 0.268258584079872 0.388807406727212 0.758212292989959 0.714417924471254 0.769851586184546 0.665780287637913 0.691793683860015 0.667239881946586 0.698253579867311 0.701807349674973 0.653835887448926 0.647421373755253 0.657824211918538 0.568681726000894 0.729098566689618 0.749370989458829 0.650139383093961 0.643782773012418 0.739717882261601 0.725687625020047 0.918042346641644 0.700349763856001 0.827096120061269 0.867178402861589 0.725392006895508 0.724380346474135 0.865850408873424 0.749661458893764 0.531134665297608 0.569647176891221 0.717529151419992 0.686389828486648 0.476932544542878 0.569412270562871 0.266111872846614 0.457619365858374 0.303731592442018 0.484982130009744 0.483329300804553 0.337125173398772 0.696982724084997 0.623123978041628 0.362903302872709 0.420688618922424 0.664563999849121 0.572627897502886 0.360211656104391 0.303350384672025 0.830322861898845 0.710497846083322
0.747991678574283 0.762592183386219 0.799713881156937 0.971071385985208 0.757782182031838 0.816308172690028 0.87742785129353 1 0.813994294788083 0.859391177343164 0.76250228435879 0.719958422482868 0.7411795080336 0.741435907789272 0.652026260074683 0.730815216075507 0.574348988181124 0.524833650828544 0.645054088018354 0.718021651342791 0.335886114362294 0.249999304559392 0.732568573112099 0.801814438854279 0.612824457167723 0.65056295604607 0.592358205509065 0.434209291000853 0.494985807800396 0.539211704441638 0.621086077744313 0.706816515294535 0.791733366069556 0.832549164624379 0.661217462106217 0.525084320241462 0.425906865398237 0.39964240696314 0.492168530217579 0.446354045220505 0.258792920763944 0.435831690625194 0.758239644390556 0.742830915521055 0.774146305177629 0.696021485893493 0.6799328407369 0.658649176833328 0.700995222049388 0.713731191436588 0.640956170131348 0.639403111871061 0.633466739613032 0.586551302106538 0.718252931845107 0.751443000132705 0.704034959219969 0.743274563352779 0.730958394164796 0.744812209120881 0.875610921480777 0.865697279141325 0.671113320577796 0.89082053347428 0.683411884543166 0.797145806663823 0.783557152179371 0.775414880976237 0.558694935556155 0.635236039998165 0.74020929464645 0.744035211839273 0.477339308521095 0.621089615195153 0.231950792376812 0.54428957144483 0.247414270538035 0.544988935693045 0.516615790154694 0.371460929710581 0.659998906526595 0.692096014212651 0.343481327696911 0.445912743606728 0.654565854148794 0.665842935247989 0.283726971291426 0.299231772412482 0.742928294242285 0.713768625165268
0.676801084894537 0.606306573563532 0.866746006811533 0.797507017416692 0.89410244529404 0.800670892006533 0.87274438879897 0.813994294788083 1 0.871593236409284 0.734517615469139 0.526216633387164 0.741171811925364 0.561027603055717 0.819478850386859 0.699826662037589 0.48771769181129 0.410440171622726 0.530384808746114 0.570126804164892 0.337695413069009 0.139690862992284 0.767571674055422 0.72010456098267 0.639883564965608 0.610816749694681 0.668851343051385 0.360908690905083 0.440702587262835 0.447528070360869 0.612968990536035 0.600068728454153 0.746213904482013 0.74037479687511 0.708732041323364 0.483367104809971 0.362041903326991 0.370784884961574 0.479799329827316 0.374780497794198 0.290033826288767 0.384825559077446 0.692757296908284 0.634730975371433 0.639909018313206 0.540765568947183 0.594896486718292 0.542535191385513 0.603927087245505 0.654492671084482 0.5864285065433 0.597027531538557 0.640788520668227 0.553970168624098 0.687616830870179 0.670042027110629 0.613023953471313 0.613009302068344 0.659208038823597 0.644251461862097 0.817835534592463 0.677252567219614 0.64064055360547 0.733540306781528 0.667021883952446 0.681341844728237 0.778558884303287 0.709816087810987 0.56012301759792 0.600461201592543 0.660290172896075 0.636336139312714 0.315788494540033 0.432815567642701 0.181500247092182 0.389508047772545 0.265693444917438 0.415842500008832 0.382119177369025 0.266834676244351 0.575403783174377 0.58252610221384 0.413512930946268 0.498936838921825 0.62597277391407 0.514087981483891 0.438248968358976 0.319611902176314 0.779875155195718 0.62998941768271
0.607731245823193 0.585007030645525 0.737222180706699 0.836185736039599 0.840751262171258 0.825265508025246 0.808489780758898 0.859391177343164 0.871593236409284 1 0.645087292054923 0.541518876070016 0.605240426917328 0.580745171175005 0.6982921655488 0.758963181361372 0.525303746603015 0.468949729919171 0.515687995591608 0.549047070540356 0.359174259359229 0.268059601487272 0.717140091722276 0.728755481850149 0.583677941151701 0.651160548203129 0.627407110264532 0.293790960933929 0.457040366409518 0.504521764504993 0.601532480246523 0.691627334860687 0.7546959473142 0.758726811276589 0.659868068056707 0.468501744200329 0.421630735728931 0.363430975235462 0.487193342591121 0.35179802509386 0.276197973379669 0.338098859534878 0.686997784323619 0.631108987528512 0.639428242531901 0.553501986350004 0.606715307511321 0.562706709458672 0.633036875522745 0.656415121787195 0.568497618427365 0.586362320422129 0.608385062524506 0.542313777708399 0.623263455511333 0.645020318792472 0.593891045155643 0.577948064385332 0.632027527162189 0.622808491790551 0.75873155262627 0.772689697042393 0.607824687431699 0.797365840862142 0.589828955218211 0.673791394002897 0.715518992077553 0.656451646245778 0.543877633154063 0.544845857529895 0.604380100469075 0.624845573273154 0.306427858305153 0.400533629091744 0.101451098252243 0.355361213412852 0.257044871342348 0.404059031407715 0.438868751882329 0.322453984662357 0.569445359410329 0.566222814679031 0.319927405005168 0.459604386897454 0.517570873342593 0.505719376895189 0.314320352641007 0.292584013057689 0.716305576879083 0.689106112384028
0.852972976576913 0.71093301771313 0.814720686953315 0.764892802353923 0.674985028948812 0.649081462587964 0.763669584137917 0.76250228435879 0.734517615469139 0.645087292054923 1 0.682986072921299 0.88802756161509 0.706598281494028 0.746643051381693 0.665799101272981 0.643267621899081 0.55944535019353 0.70144231602651 0.683913162023089 0.334626683136042 0.176090958418492 0.657993910651457 0.670615369560247 0.563582938018414 0.555626468621153 0.560626133348666 0.440810374404454 0.59295667773355 0.625251440341933 0.589844067745717 0.569356123651997 0.744179965028644 0.778242785536018 0.567825458631559 0.453263389847277 0.336351381632696 0.348072046378168 0.448982585159758 0.490338260833549 0.363855183194806 0.389089437359655 0.717102348636547 0.712151928747571 0.713914653551954 0.638622919727795 0.666126588274073 0.60872640331881 0.622470065837098 0.628147328715636 0.562509164425017 0.565835015709838 0.546033241150653 0.526625772467291 0.661993021788222 0.722986852359819 0.747023265818662 0.715982804129246 0.655689413689406 0.607693373762482 0.797886485435157 0.588446394769485 0.723638596470936 0.722949401319558 0.605233048857904 0.590130928973792 0.646503086566072 0.621200077091501 0.483110152381043 0.581704711215672 0.810739055354924 0.710175756394834 0.583102678847588 0.681951504433912 0.423917583977139 0.485115289842183 0.360098289372846 0.549923942546291 0.548677956746706 0.399069617520827 0.692845894654313 0.661656325491297 0.381574425636597 0.41980161233829 0.685362597572623 0.562602412925568 0.253869207710199 0.245693326968458 0.676789461734226 0.559630597445544
0.742043765563433 0.735930198889632 0.691591836803967 0.751221287405072 0.469694106652233 0.637172180164611 0.574126880796814 0.719958422482868 0.526216633387164 0.541518876070016 0.682986072921299 1 0.755627937606128 0.918231406140399 0.593861812599227 0.727294711369887 0.50278944247456 0.543137848980967 0.759530630376384 0.772138087690893 0.203314684275712 0.239737107194844 0.523052476026099 0.689237032590373 0.409032431526698 0.435871774915377 0.497830691174053 0.447483915086778 0.551881070379127 0.635927945568569 0.438519115380439 0.497306938763442 0.564124926343632 0.632815500256156 0.314123126613055 0.253157779905127 0.445723362143822 0.378022170948024 0.540651583494301 0.525871517979303 0.360727106230681 0.282866400650937 0.679169170881305 0.67679282545742 0.619669518105907 0.565137056453931 0.701209375588729 0.623019055322938 0.573059347464738 0.539768192733925 0.634342290120875 0.600701589753499 0.618722030891998 0.60993917371016 0.721414027395788 0.726494505797807 0.609827089826463 0.685248001668972 0.66622952140709 0.69189674118055 0.634402012244638 0.637210948759866 0.480662964961302 0.664052548333162 0.51095603395723 0.537378304369538 0.486760362613556 0.494377578183932 0.521357613997756 0.660291630687158 0.744843847265723 0.762557155535824 0.622298123292698 0.679504951563872 0.280106428268201 0.623972496898806 0.371340183652177 0.649382715754481 0.555975605141389 0.548748513653595 0.620732624785396 0.795701241899075 0.516963939235314 0.533926732564408 0.732061827978607 0.753515457126369 0.38713493485616 0.479167712207634 0.62792855514304 0.683732507136014
0.796668298195281 0.659770539653901 0.84979525134975 0.759402883846811 0.621831496447497 0.701167154440717 0.697953162096733 0.7411795080336 0.741171811925364 0.605240426917328 0.88802756161509 0.755627937606128 1 0.838373033172782 0.805171966274701 0.747970740555776 0.475786970291039 0.425162437549443 0.664875893781351 0.664956995330303 0.220765087385731 0.129484296034161 0.647358774994162 0.734949301054748 0.522738918178046 0.513644846758079 0.579867483111656 0.524277491092205 0.487900562447749 0.552472656957089 0.510063933481097 0.510562634359821 0.613059779911283 0.660032219648395 0.485704962914077 0.41981366232455 0.327722978000815 0.33475958771078 0.492510997793088 0.530178556151087 0.355341749663504 0.403256947028751 0.668848789764291 0.657075317454639 0.661512090641175 0.585639690190287 0.624058847448721 0.539894825497835 0.535193119180268 0.557548037662401 0.526105380889646 0.517170748691861 0.538332934160759 0.505058265404525 0.705098881701705 0.706326715957878 0.615328630381201 0.659296796072587 0.590211374687018 0.593610534599245 0.728035925735626 0.592092461938068 0.565837046155327 0.639597102138907 0.640520438718599 0.599009971788778 0.59716812950282 0.628631827033088 0.439429255374605 0.584460388135249 0.841806602049651 0.771697873257317 0.560338805269317 0.692429989368339 0.45610047838793 0.571344060484156 0.418607118417894 0.644820276535038 0.446421981596092 0.350869450075223 0.618514355955841 0.726229143543628 0.557132270667559 0.582433283431942 0.784633657972893 0.63749869723351 0.425540110797026 0.393935347246351 0.667995984792402 0.52598070447494
0.718648892956595 0.709235946446489 0.712950791628707 0.776906448663795 0.464774727981694 0.713539718519108 0.555524226251389 0.741435907789272 0.561027603055717 0.580745171175005 0.706598281494028 0.918231406140399 0.838373033172782 1 0.667519710676066 0.821920977980202 0.429196229206387 0.482653952354705 0.73593970951785 0.757661496797415 0.186296812961274 0.210342754817375 0.524738541435749 0.728018084489782 0.392849192502208 0.450856072561845 0.52494348882303 0.509017258040876 0.481920025257894 0.586070586141396 0.41614897073462 0.492669006216931 0.530855729175496 0.599102637919951 0.32589532089813 0.253929998846559 0.431171049577237 0.35719135342928 0.529895211253843 0.496376777294003 0.374209036558731 0.265462106698353 0.62670845822966 0.617273369495362 0.588245005498333 0.532853550079671 0.634963292600719 0.531879005927596 0.504012814120537 0.506071160310605 0.51724926848199 0.498094726721386 0.515865568635401 0.51410238542265 0.673846494367974 0.66487221373718 0.564375026827941 0.652243440507898 0.567007089211052 0.60113393787927 0.615086699403437 0.657710740860539 0.432746270555983 0.650753920235729 0.535098203193591 0.580681239959809 0.48706789739709 0.536366049900057 0.506146784382023 0.615734044018068 0.762957454497017 0.78837359178212 0.584484210036242 0.665568558755205 0.284414813061258 0.629368886926332 0.396940728248032 0.652120729633573 0.484584479889834 0.474786184031479 0.573211710713315 0.793204964522079 0.572104067696297 0.589056242988396 0.761968394395604 0.765517638706366 0.400827867373212 0.486429722932566 0.578534530341556 0.613825700634607
0.65120660676758 0.590249740542933 0.875485888299808 0.678252571745846 0.770476231246172 0.685477958720471 0.744823841456584 0.652026260074683 0.819478850386859 0.6982921655488 0.746643051381693 0.593861812599227 0.805171966274701 0.667519710676066 1 0.780984717056466 0.484783029799977 0.449258546843178 0.606807334333669 0.611665919998334 0.324626100566557 0.115923287087115 0.772685639487002 0.723480813271668 0.63422632965927 0.631986757687119 0.681042287939181 0.375218428099442 0.609876742061408 0.601845754267095 0.669006088365833 0.614841890052837 0.683487663956081 0.661485535481303 0.594043817441578 0.382558189936829 0.41966967611058 0.365519400436471 0.581833847888314 0.433507724508986 0.431480077216641 0.29705531308699 0.667966777553703 0.619245444164185 0.615816895248134 0.538539494963002 0.611917463578716 0.522236621973971 0.544177565336192 0.589111981978709 0.523299032663288 0.536354905873102 0.558192631797472 0.482269026966956 0.682749495412223 0.651625377525957 0.56594346145761 0.56183757459416 0.578233864849435 0.554261980669162 0.725919580764473 0.534889324964929 0.653420093673381 0.66006231009745 0.652691397576814 0.543920303432471 0.660629255844042 0.584132284849641 0.525841646675605 0.5709182165415 0.705178777475465 0.681497620010481 0.482319713800944 0.553779708765077 0.311780202245021 0.449348188464197 0.424876055978728 0.478242120298159 0.467484843329663 0.323561496547558 0.667736347498353 0.685303816553283 0.633698700191921 0.619819102599715 0.772226888472488 0.560475280255379 0.537105284668129 0.437929618318064 0.722882396180768 0.594416854647776
0.630521538628577 0.614599777870129 0.755701006188771 0.781519513776277 0.673544234379318 0.812089914796584 0.631096360188701 0.730815216075507 0.699826662037589 0.758963181361372 0.665799101272981 0.727294711369887 0.747970740555776 0.821920977980202 0.780984717056466 1 0.387853576778533 0.41243561997966 0.5904281595241 0.621345234372063 0.337778428510732 0.313403887159687 0.669748075519915 0.806779820175534 0.628561242356516 0.694970282999575 0.752200238018271 0.55104011520446 0.442785812373497 0.535938804541131 0.565043259012962 0.610480461894178 0.635949873066012 0.657827179725505 0.565673109681485 0.409205020294915 0.474659683441116 0.421151018175512 0.568436998922584 0.516043562450114 0.428571169230827 0.317038054268983 0.656699957019393 0.620855568224715 0.607258012605101 0.535211728088852 0.602436194531158 0.528273022114257 0.533367998988097 0.567682514450079 0.518202873791957 0.508867075464731 0.540814967971704 0.492231774116844 0.658120312236809 0.659974663885123 0.518365399614329 0.588796747886214 0.576406492737994 0.5846865643886 0.662505847410579 0.721379708592866 0.447120432719338 0.687186178118494 0.657168402332881 0.682024574948122 0.606804665261769 0.635870215355425 0.517093524679988 0.588524188573098 0.673979037073703 0.692997004902116 0.433477405219183 0.526145171915028 0.175345019032843 0.497735836837615 0.355987805628264 0.563771713831171 0.418581273313186 0.354927117281725 0.552825681983368 0.683657311606692 0.559722790695407 0.626525340886011 0.680531115582056 0.677254831357423 0.396414605594163 0.458312897297412 0.66015311519037 0.67206494774115
0.721638066234554 0.720053312140678 0.548315193295247 0.572351455564421 0.487714667798837 0.470606986215161 0.561335624312055 0.574348988181124 0.48771769181129 0.525303746603015 0.643267621899081 0.50278944247456 0.475786970291039 0.429196229206387 0.484783029799977 0.387853576778533 1 0.90160004103314 0.768248076709073 0.683237102615955 0.233716240109745 0.163977935315177 0.405717175773601 0.492777732444945 0.401634856021662 0.433213499978665 0.364315602172139 0.259875255147946 0.7792724205224 0.753982448984966 0.48338528491169 0.493705357308309 0.743824796552675 0.753228550787006 0.430095650684992 0.335122289726456 0.501193948167889 0.406393979445998 0.428371493944933 0.313228635464005 0.35936485336531 0.237300184392577 0.590846976708456 0.601785524218683 0.587737895081938 0.535894085217628 0.61080921915059 0.61573066612262 0.60421379715658 0.598354078877287 0.550103983895338 0.571393605595307 0.541271011007092 0.586253524551181 0.584799931081315 0.635170106751035 0.851501821827582 0.735726571332084 0.611954620615468 0.552033688361308 0.567255191601273 0.377657115402586 0.733991034009224 0.662759158195763 0.408010794263747 0.421847876821366 0.545822690962475 0.45095793615674 0.564624154491507 0.505731084982667 0.537190521015848 0.512501078362795 0.510471493870567 0.468948309317537 0.248235861868293 0.284472896069675 0.348326206245093 0.382178599566885 0.830691207558348 0.646071128744296 0.842853392724413 0.640895769844386 0.344822816964993 0.390288265535247 0.569643484652465 0.500743374392496 0.26313779772513 0.283993608233128 0.574398992484935 0.617234703554575
0.650223530631578 0.725174411264807 0.500905192868238 0.531419375433253 0.412235165845092 0.436994667884617 0.498161634799817 0.524833650828544 0.410440171622726 0.468949729919171 0.55944535019353 0.543137848980967 0.425162437549443 0.482653952354705 0.449258546843178 0.41243561997966 0.90160004103314 1 0.771871848506974 0.719158556509439 0.21538196327072 0.136850912967389 0.340013291698513 0.468712547022267 0.359559135163196 0.395248332711633 0.377260095011845 0.24647724053519 0.756397701435802 0.796781332464783 0.435283516624991 0.437053001260561 0.686554703107099 0.688132695450098 0.345166583887855 0.191565582430427 0.529232848498074 0.403204074934207 0.444385553213906 0.334552718111198 0.36806045785779 0.0991625027453007 0.57769272314437 0.579056317838423 0.55240898270517 0.528148766521654 0.618613348523056 0.60647577457226 0.590366564062447 0.559083648947779 0.49579211011023 0.501630709813303 0.469082558472993 0.510653866457301 0.550417587668068 0.607673196699868 0.787569629169955 0.722411528031224 0.550784100490802 0.484933877242068 0.514234893668777 0.35162450851253 0.684270015038304 0.6343629877574 0.389801053452845 0.393599020153327 0.495110849277974 0.392198658252884 0.578431184963337 0.499104234956373 0.504782634619657 0.496886339061849 0.568794125663322 0.461164114823918 0.211430952694885 0.333452851080601 0.366080442936582 0.343208142908387 0.776510613605754 0.777455359747043 0.791914091122807 0.687269439725103 0.378015393179504 0.391291868171584 0.582820392794226 0.597505157539587 0.295314999091816 0.37138684693381 0.506884949030125 0.647769039457759
0.841167193289834 0.845410304462607 0.699493236896269 0.687635738808586 0.451308142519696 0.596603859214385 0.593797959082673 0.645054088018354 0.530384808746114 0.515687995591608 0.70144231602651 0.759530630376384 0.664875893781351 0.73593970951785 0.606807334333669 0.5904281595241 0.768248076709073 0.771871848506974 1 0.882232619515866 0.236811865442935 0.220718089685644 0.450311925707409 0.619703986326676 0.430778782128326 0.434340661229944 0.493031877117587 0.462247531404568 0.695298330051588 0.690894358986943 0.471416980189727 0.448738242767693 0.709950879143416 0.756370380121181 0.406007929288659 0.277789639370838 0.514611919030185 0.467391349927235 0.488927028009815 0.422918626570589 0.378775708009506 0.284244734900445 0.651277300782176 0.650510275220324 0.618554310993077 0.540582084846167 0.667980358208749 0.611955966471724 0.597286773156112 0.622217758945283 0.622766892630967 0.624886824080812 0.621962836699014 0.66222494744883 0.736187750018975 0.736774318539723 0.83062155605332 0.804415729183621 0.714033340397967 0.673487922900586 0.599774006163741 0.454583757251957 0.648587372946834 0.668256300927185 0.504470371882631 0.527714972518536 0.565157058257975 0.531569934823201 0.699277469940212 0.67319512297311 0.693203792000262 0.708948026326222 0.690084854707867 0.670607567617028 0.285098114944683 0.500843089992985 0.374345902733494 0.553155738575389 0.691638181417803 0.602344236972965 0.774223851220381 0.804412207667436 0.548099269239834 0.575231900143428 0.777654876024205 0.730962161528479 0.420396548502128 0.459993761822625 0.672148784580644 0.689632028592798
0.802651027106043 0.898241881539636 0.689198032088282 0.764953477007302 0.487190817910168 0.635586905628628 0.63048499652768 0.718021651342791 0.570126804164892 0.549047070540356 0.683913162023089 0.772138087690893 0.664956995330303 0.757661496797415 0.611665919998334 0.621345234372063 0.683237102615955 0.719158556509439 0.882232619515866 1 0.258607318887259 0.233893806429893 0.509631939301916 0.648369981384852 0.475598967670575 0.497649465347935 0.500605123154487 0.468592795111592 0.632877325684324 0.678763936910384 0.520953642570375 0.525801719013143 0.693303547216768 0.756761552115906 0.409714411229704 0.275761124381386 0.472690919501789 0.427405757511401 0.509840222643057 0.443464106586052 0.378569122988759 0.313184705064349 0.677781848493784 0.680040978951791 0.643089949478681 0.598892287090762 0.664493675651632 0.62238914757733 0.606496799831418 0.623736370786342 0.601758051411108 0.598878707273892 0.584640557403615 0.560625105870819 0.725503682702864 0.707806096161421 0.770954946399146 0.828429429623472 0.698725426695327 0.686218124121099 0.62875807567145 0.508674090308506 0.618073560008947 0.715436047539295 0.511088765703073 0.559058160393271 0.603751213491147 0.602062473477998 0.695752021858741 0.763302303007337 0.688589183579956 0.702084646299747 0.647821371082782 0.672686296831274 0.244936381551599 0.59255393183796 0.335003101049306 0.53409058689889 0.634620161962737 0.57098274486098 0.728675474370708 0.802247794503766 0.480004777568138 0.502654776168222 0.744937223179278 0.745290526483939 0.331082503299427 0.418875596519673 0.634687435599336 0.667677369806697
0.256670851589152 0.257011251936242 0.335627246717587 0.355883990894524 0.423577134224029 0.308544903300171 0.429052258815251 0.335886114362294 0.337695413069009 0.359174259359229 0.334626683136042 0.203314684275712 0.220765087385731 0.186296812961274 0.324626100566557 0.337778428510732 0.233716240109745 0.21538196327072 0.236811865442935 0.258607318887259 1 0.242223880739039 0.424182086093104 0.321736470665583 0.483850684619471 0.444283422055861 0.398086793215809 0.21482158977197 0.293619955571637 0.303290570943522 0.517718294874275 0.448706498916418 0.444934401068631 0.419984604215386 0.438333819475057 0.290561637445757 0.287579432722669 0.204846127955068 0.273890871063742 0.220069412889016 0.159302952571825 0.108823212518905 0.330292514643908 0.332997252042409 0.322775871971157 0.316269455749153 0.281542587888603 0.266636232130293 0.28467292825407 0.296503104500818 0.305387090200903 0.303202755129968 0.263502073348754 0.228090173485492 0.279882440741931 0.287291787352905 0.26935645615198 0.225111808943395 0.372781926017665 0.356552182543692 0.420685648624906 0.307544226807747 0.348373548430099 0.375954366585611 0.314512509755654 0.30198108636712 0.426661337247491 0.324814294422103 0.201912567082694 0.238257726996665 0.284017315030547 0.23761877360515 0.176039117427019 0.18117854131967 0.00110832883622977 0.170052717411466 0.16465649810649 0.250397815511033 0.227777392795841 0.180079906712865 0.315341486404759 0.233840348964196 0.0827845827662599 0.108141182235004 0.224098166762064 0.240460791912931 0.0248917365323797 0.0383261058233712 0.338450821804902 0.35475441086706
0.224250940879804 0.269706694251392 0.200422097614394 0.288532550218897 0.194969313066448 0.324067330672778 0.203074258815643 0.249999304559392 0.139690862992284 0.268059601487272 0.176090958418492 0.239737107194844 0.129484296034161 0.210342754817375 0.115923287087115 0.313403887159687 0.163977935315177 0.136850912967389 0.220718089685644 0.233893806429893 0.242223880739039 1 0.22227577398093 0.318078348739566 0.329659529706233 0.390992778426234 0.269917173927853 0.396709382047668 0.121510207952267 0.12870098766903 0.270200023808096 0.28322787019108 0.338744476589885 0.386172895349351 0.347711985378125 0.367910196194155 0.15500082551326 0.118075511475455 0.11364891142418 0.0110286513599251 0.139714256801875 0.220228899420708 0.172211188471228 0.199833580631093 0.206720074362 0.189165218954983 0.153547543592616 0.155660612882392 0.171420312621417 0.173001355509391 0.199573976967362 0.188102941762604 0.233079134846399 0.234819102448049 0.1668545829509 0.208436958668172 0.236661927611224 0.288410454153524 0.255398074890076 0.282289071030805 0.18341168829703 0.275393026227309 0.112386923163702 0.271203324818296 0.218043958653636 0.30276578728332 0.287848694513196 0.315251289047355 0.164258327936034 0.22340166447321 0.287807348335182 0.277192637388286 0.0418069770570029 0.213117086780393 -0.0714118351488808 0.207086531127252 -0.11321369250155 0.0813351507719001 0.150045110910454 0.0574327998721682 0.221168731260233 0.289079880773561 -0.00947141128536967 0.246849598559916 0.152845640178067 0.236182378035083 -0.114218091427769 0.102005088209119 0.200977370780495 0.22630981788884
0.523504114491644 0.512267749798614 0.838044927048882 0.736116825611073 0.809018056271263 0.606906382007084 0.856082630934499 0.732568573112099 0.767571674055422 0.717140091722276 0.657993910651457 0.523052476026099 0.647358774994162 0.524738541435749 0.772685639487002 0.669748075519915 0.405717175773601 0.340013291698513 0.450311925707409 0.509631939301916 0.424182086093104 0.22227577398093 1 0.806489988400864 0.775813671381293 0.734545839296781 0.664786949201828 0.32540237479245 0.512341979780235 0.572175416027417 0.8326102956572 0.838697483199348 0.753363808333162 0.698324153970415 0.673043050740915 0.48644247752786 0.404751730935981 0.331878782971996 0.589374281580586 0.445305237818255 0.319842088134823 0.324113397392016 0.64828335666238 0.596644537518437 0.625587194195374 0.532417724231482 0.6036488743033 0.546816213230541 0.518954366033646 0.504298428353939 0.510352031158607 0.485099579000428 0.538116560112994 0.414807073768489 0.622092953087121 0.59339807002004 0.476294410677647 0.470809880079532 0.553154050538874 0.563902305048535 0.800375787949541 0.637623991812961 0.695607233662248 0.723351255160101 0.693134966857105 0.59615258116247 0.728795141552568 0.579641847632784 0.374936452178706 0.442972289667344 0.677562880186263 0.671770206096545 0.421196053947248 0.503576525280738 0.269029634393571 0.405794725667824 0.400071117862023 0.457595055836624 0.405067723037161 0.248374556577628 0.596229074766427 0.567618658153769 0.372922938660923 0.444683461008656 0.601916451125225 0.470955759045797 0.400007784792066 0.314252064554503 0.720824650303349 0.630549454336377
0.673681156581636 0.685287646752776 0.856867006625744 0.829697824977197 0.73671731669492 0.716994587582668 0.76762471023096 0.801814438854279 0.72010456098267 0.728755481850149 0.670615369560247 0.689237032590373 0.734949301054748 0.728018084489782 0.723480813271668 0.806779820175534 0.492777732444945 0.468712547022267 0.619703986326676 0.648369981384852 0.321736470665583 0.318078348739566 0.806489988400864 1 0.748707168121776 0.795308241273107 0.751729202069225 0.599269013518071 0.482006792939323 0.546507904075337 0.663642499153511 0.706528187431784 0.74782763770201 0.756631549790478 0.674679639524532 0.574294423700509 0.525310167389481 0.436265386454204 0.632346214658617 0.534124272752486 0.381132242078558 0.401307341869879 0.68305781565454 0.676405007922809 0.694516923356605 0.603810306468065 0.656134407647103 0.601370620091449 0.58566514827419 0.603984435634336 0.590960466201357 0.582644565707652 0.61955399966357 0.54009724914613 0.730387260255213 0.728431621273044 0.602810436702994 0.643304085875258 0.645638145863052 0.65243942898957 0.770468118567382 0.752816809354019 0.596465242095806 0.799549263723157 0.822501177209902 0.820673323359108 0.762315829690932 0.740851504310468 0.506131088752445 0.569563457047669 0.72766518387762 0.740868479830556 0.460169443360717 0.571875217683288 0.233502870009057 0.532731036079494 0.395773651941967 0.613179038226768 0.481818274248873 0.399199056061128 0.653956365623873 0.75390564076235 0.546767896830947 0.672353075645359 0.765812218022101 0.744153939057716 0.536775506737738 0.621575351746495 0.762728599297545 0.76196459366878
0.520749884321781 0.533156772974326 0.725161133507967 0.645253370749747 0.688275067395803 0.563462587413022 0.734559643346997 0.612824457167723 0.639883564965608 0.583677941151701 0.563582938018414 0.409032431526698 0.522738918178046 0.392849192502208 0.63422632965927 0.628561242356516 0.401634856021662 0.359559135163196 0.430778782128326 0.475598967670575 0.483850684619471 0.329659529706233 0.775813671381293 0.748707168121776 1 0.871268963592407 0.805351593907541 0.571921197373113 0.42726501700112 0.431076348198827 0.7845961954908 0.705624157367807 0.767715431049787 0.731275550244041 0.810084334834384 0.61976404963331 0.522279853293184 0.463829368910255 0.607098679895732 0.483264079099505 0.398104245935439 0.329556658089997 0.630770151324616 0.607616498380477 0.657353775625796 0.581731117866328 0.566933380524655 0.571595906070547 0.559113626562106 0.590797109708287 0.551690370843282 0.548051966821772 0.546371829251238 0.437213731582209 0.642324877279359 0.650220647212434 0.493183978768427 0.505945584456332 0.594732823573013 0.578248196757687 0.690926062495944 0.555029521645834 0.597384767427251 0.659578720425204 0.797013706230658 0.722038741338551 0.802062314852053 0.712812310889275 0.402194322530585 0.412870323894398 0.552603330828848 0.503510633563308 0.405825693954044 0.46136960921301 0.172075315261128 0.353394496706791 0.294018459602287 0.401034999127921 0.382859039265856 0.234937857937704 0.593445308149308 0.543351878204758 0.423973550359277 0.495240950496328 0.600834497482535 0.577208299111167 0.341954885434461 0.41986300855059 0.728316561121181 0.656970748114802
