1 0.722822636296585 0.580783543870266 0.617187080401898 0.323539706858808 0.305481232826453 0.544883737234317 0.487650355566593 0.359000126982052 0.149332069568472 0.58611638696491 0.544596544686384 0.544809274349609 0.449455563850278 0.451533998794711 0.437320179912305 0.67156762915026 0.577565210842994 0.73155560055205 0.609905663775942 0.481496517859239 0.186935392000818 0.539940801489462 0.410378872068688 0.417145283477346 0.439322458177997 0.323301348558244 0.336179608334935 0.519429773220099 0.567018232248124 0.509554301184279 0.416830184130497 0.50800359052545 0.529105767729371 0.307294804613918 0.306483018366767 0.442982652848794 0.434890285525579 0.38973913535512 0.364253960464496 0.377721865239219 0.228405510518445 0.470816018420142 0.430898280754578 0.542832949911481 0.527367613640546 0.525744844845812 0.499195773850042 0.532160503439983 0.539237700531036 0.56436559823986 0.561721135111794 0.484753948580332 0.30383103276734 0.601149253785206 0.609527610769891 0.742206060148783 0.685556467890892 0.556271846434005 0.57238813475539 0.631254293159715 0.454950173243988 0.643039214406239 0.609136241773976 0.399263938418529 0.464692743918 0.49610158368541 0.50134527246293 0.595278992193725 0.456303938387589 0.38138428042615 0.222483019045546 0.212752237577362 0.245788482099824 0.131360627341098 0.244299036119374 0.182237982043448 0.272858278839877 0.377798391811253 0.448843854143744 0.577788575580002 0.497033391336954 0.504147249729616 0.476388172165863 0.569708495838035 0.509314480850473 0.336679528407145 0.415376458163336 0.467833861458521 0.481013939757196
0.722822636296585 1 0.541057668502949 0.668729878900648 0.244812381093377 0.339735803810476 0.54251536979859 0.587083692416619 0.325272820153794 0.277667612429644 0.360064427288723 0.514366564132933 0.367809832502674 0.494697999659709 0.387502396414338 0.405687760394304 0.669304224907072 0.764608403600925 0.737830684467031 0.801603499737734 0.425010092980628 0.178652057316209 0.540801647793703 0.578546318036602 0.420275409692103 0.508599289163712 0.200655352756259 0.335621420364799 0.594949404586325 0.720007099750314 0.634802889571386 0.62425540163797 0.638028838095285 0.701857005615633 0.372258296667991 0.457425411564346 0.448015249252369 0.4667198540708 0.469936876801411 0.433319900818145 0.389783680054624 0.208552771954101 0.529319214591023 0.543749246278968 0.539195519391207 0.526829092641424 0.488772829405132 0.533776052157986 0.38479204181319 0.42563969418467 0.463388527830819 0.48050209618576 0.385616705020906 0.254795333164404 0.491076664124666 0.513179150656835 0.681392099874209 0.858314477369264 0.325694237362474 0.393365377847034 0.409467421143057 0.388301365356406 0.549118586674425 0.691570925201101 0.259425889584305 0.399616529839673 0.461195633051912 0.620798418977971 0.622392849815132 0.612493331980097 0.385819452267996 0.213907377823993 0.33589916971798 0.410913187924517 0.0964876826917204 0.299319326170736 0.246168063990058 0.395929969756145 0.490416710631358 0.612235433587711 0.607307486578948 0.551275252239126 0.480875136516177 0.51032824813538 0.409953454929272 0.499053724955257 0.267940266212555 0.387391996357503 0.306521182411328 0.352641135665964
0.580783543870266 0.541057668502949 1 0.794141180862717 0.540144022903651 0.519998628713935 0.87723857803202 0.782308685700366 0.633174377651117 0.395422533359231 0.416667450442601 0.471405637420848 0.630123157789875 0.587950017349781 0.574735254400073 0.620088841169887 0.568203705523515 0.563781042209073 0.685069698763648 0.57183850817713 0.599677728551982 0.212535941540916 0.854501926839147 0.687347604919073 0.671046432611854 0.640648891274466 0.490731352329801 0.394098495380081 0.500217329047499 0.599606786574487 0.651465829065841 0.581180997436187 0.626612613012672 0.662028357379484 0.612730221957716 0.537253488882665 0.382065813659224 0.488970991542233 0.416965205098265 0.543436096693199 0.386685836522094 0.272087874696659 0.529167132357931 0.490262215293548 0.513733368090875 0.491036844949245 0.541429048608732 0.547015804431524 0.396222973784829 0.471564456192414 0.540919136912488 0.566806520639805 0.381680729046656 0.285560861585779 0.543160926606099 0.556119298434287 0.547962988057981 0.618546048181845 0.480523337539688 0.502338854660941 0.635625903943771 0.571967920465187 0.658976209626926 0.696141183188239 0.65679931762914 0.618202735241563 0.692743868052646 0.694332638499005 0.565113136939017 0.530976375959324 0.298732740283952 0.135208026888709 0.110342481845265 0.131658535652582 0.0677730859171494 0.146783713201447 0.215305001470436 0.346422279170989 0.499659584952699 0.493604901132154 0.70424499746561 0.633367136797472 0.590822466315301 0.610765293366659 0.711810353417549 0.590235610701578 0.427795347916413 0.596357856032153 0.536189357778609 0.487121782580797
0.617187080401898 0.668729878900648 0.794141180862717 1 0.380012967887783 0.649335090777305 0.803625961113231 0.922154746775517 0.582404223795083 0.559242734566358 0.364526874297698 0.568126003047063 0.442570074485604 0.529362122925253 0.34772148942901 0.485918982630272 0.543617114380282 0.58727275063244 0.706383782933353 0.620401817703681 0.456080516385464 0.112963061277678 0.606666575431383 0.59617449725596 0.42310019713433 0.542793121188776 0.293108544148604 0.307833967989979 0.476260705944399 0.591132044380568 0.566400129596202 0.641185064012843 0.630433310939062 0.732399986164884 0.461246542660034 0.570138441262653 0.37691681105115 0.444500586427369 0.450145542743357 0.451324318646314 0.316339384798932 0.241319106061723 0.494235421866771 0.467678566611828 0.471840689574638 0.462933911027277 0.43140354639887 0.471720243707416 0.345337794445699 0.45204800582065 0.475324971913462 0.465267381306863 0.328213155916919 0.225696090248163 0.4330025585178 0.458635669151596 0.593878666965286 0.713153520595059 0.477026404027104 0.506115328434394 0.672637197413833 0.761970539901453 0.58310693621706 0.680597381921351 0.427474794659228 0.64842065862463 0.615043221747448 0.708117434083508 0.613589642519765 0.605069010732015 0.295408126486203 0.137571421943896 0.0991374990382335 0.165552890908554 0.0345507636723701 0.130652953607931 0.360888584277005 0.493432725079737 0.484662465609292 0.481663553558304 0.608061126214823 0.509151745230333 0.494390054782885 0.520654986095337 0.51736041105341 0.548247846645467 0.370220688868074 0.478195348560106 0.486007819919992 0.546685828131893
0.323539706858808 0.244812381093377 0.540144022903651 0.380012967887783 1 0.402054593504678 0.472997186247425 0.393035587157443 0.59405386648175 0.476222474995817 0.348941968198265 0.280125315112362 0.418134631843415 0.362455427367816 0.432307434405254 0.520490650988593 0.290468441965566 0.236315080732127 0.270431225791041 0.232537527905896 0.361620567083718 0.227713055642897 0.484768632823904 0.423815070134058 0.55220894318573 0.468911546572552 0.501203310454001 0.143228742383686 0.247291706542942 0.231595023178899 0.306561685875536 0.183866016474116 0.254111260564098 0.208258956445072 0.442626052167105 0.271534031279939 -0.00628635046274498 0.185637924556518 -0.0642733745211761 0.286601177310682 0.241257729382638 0.0339858963985515 0.172362805800055 0.20211180178624 0.18115254766886 0.185974462906162 0.196736139701944 0.245564393098449 0.153860039558415 0.195960615983039 0.226072884118384 0.296090220735591 0.183265968556702 0.219457994818586 0.172754660520361 0.255281288084581 0.332114744056439 0.299080563731936 0.136533110122792 0.196263072990971 0.35838757374875 0.296992168856499 0.39633720152993 0.370870335693874 0.515832971519052 0.36076038869128 0.316525869047362 0.242425533889699 0.295007405790924 0.174851955750909 0.1972912595518 0.0795302528773086 0.0279751620267925 0.091753380671723 -0.0589980607399543 0.176915685789981 0.0529871508057758 0.0362433838215682 0.217688132116639 0.292271510056942 0.368034317167812 0.353718565255727 0.141327604834106 0.268198832869253 0.443982887468469 0.359144488802677 0.0408605378045629 0.244797176297835 0.25182490956525 0.24076296513061
0.305481232826453 0.339735803810476 0.519998628713935 0.649335090777305 0.402054593504678 1 0.531025648903276 0.61829534144854 0.578902011908967 0.655659121477146 0.101753054412335 0.113956878226013 0.291264295873492 0.334566143121711 0.210772476471942 0.46362146327291 0.339492896414173 0.340478848331356 0.440037903711508 0.336457263674627 0.275962874949346 0.26191492164367 0.393285361406613 0.372739441497152 0.327407456623598 0.529121339642187 0.450811159208713 0.262579800262526 0.219329473237241 0.228640582954398 0.301113164236741 0.379669803539016 0.339907721068005 0.399911436852094 0.359711756350416 0.440068361921337 0.197067359088575 0.168850437299633 0.306132870253662 0.462603800762162 0.15868714897143 0.024612669676737 0.361234643133902 0.387616399896397 0.359226673771862 0.378630140505528 0.317209763641779 0.369232729311514 0.276398681236305 0.322811500740964 0.371364864055122 0.34324482324361 0.360294348446549 0.293237262431049 0.301335140756178 0.350384766892812 0.499177186683624 0.499843289337053 0.290048857660443 0.266809450410455 0.493508459615503 0.547995217262939 0.309519148216532 0.4264179889081 0.455880870785737 0.565615642262526 0.469489213869698 0.51925580789938 0.501409987339312 0.476373779263581 0.157686630188399 0.00292283226671478 -0.122591888821421 -0.059465818925377 0.04409628392823 -0.0284159888159125 0.140551877069893 0.279195601307573 0.300473897761345 0.420132487208303 0.395802987684159 0.40166703464044 0.323713517180111 0.302355773338053 0.429185611216537 0.460371909209639 0.308829347983743 0.367484336047103 0.369135660686387 0.356774229300237
0.544883737234317 0.54251536979859 0.87723857803202 0.803625961113231 0.472997186247425 0.531025648903276 1 0.846103938970428 0.732600820435182 0.465177060248687 0.448720351862892 0.57424300656744 0.62414139915337 0.61091354757339 0.501547529099749 0.503897531185614 0.599613299464006 0.634729349013622 0.723012627647456 0.606107157124748 0.488409231033711 0.119722974360636 0.69854087212105 0.551724831647153 0.459622049596546 0.442742314192168 0.370444710957599 0.227868886395088 0.559633880806483 0.632765198572165 0.62721447367082 0.589796331621828 0.624445332599779 0.684122981862535 0.486675366071886 0.509292619197437 0.429363372097562 0.466215145706403 0.439088098391307 0.439628057687379 0.341569716167326 0.172601872404894 0.478017605944261 0.419082843974471 0.420714214931496 0.399469885151798 0.454672208940646 0.449128910619989 0.291576828935735 0.356092589836186 0.459557135167665 0.486291877183465 0.388751517893572 0.342071947580691 0.463088525390197 0.457707530736981 0.574177741143826 0.65736303614666 0.37637710346622 0.378599268964196 0.698557776198032 0.688015769688122 0.664075966172905 0.747964704858675 0.540366603002113 0.552725760509876 0.581209067812162 0.616638997736763 0.572955527139642 0.564248793818598 0.35700739210994 0.201477163737571 0.205701083624974 0.228969016670706 0.143277210691295 0.236640979596077 0.293651836349087 0.419623305875374 0.53423099425721 0.473347786389402 0.67920280192328 0.563499472367114 0.526957395190342 0.548388370755892 0.65595753887531 0.578840156190142 0.379492376449521 0.481315775770226 0.565832786373346 0.483687580614208
0.487650355566593 0.587083692416619 0.782308685700366 0.922154746775517 0.393035587157443 0.61829534144854 0.846103938970428 1 0.638794253989747 0.64104448968365 0.324067154995303 0.591736175965278 0.474238337824896 0.631967381143134 0.384409908487678 0.53005972337707 0.517116807266547 0.571951059168713 0.649692213674253 0.585196543957875 0.448181487693941 0.0331294748216696 0.591153505481612 0.635738814610251 0.39421095771454 0.487599223834429 0.259296876211067 0.263437506418232 0.504777997039374 0.611322695132348 0.550354975901552 0.647042663400316 0.587733846904506 0.699537134283758 0.424002801521662 0.53467290194739 0.354420058788146 0.437796416244526 0.411517609097469 0.471724811065299 0.312950943250308 0.236210605933444 0.45776101826807 0.435302159755437 0.431219360279206 0.405603915503322 0.426099175285786 0.440969576581115 0.258561165413481 0.343369670614808 0.434559154581191 0.434172220115922 0.28176865022426 0.219219366877837 0.42432881872737 0.421812161391152 0.511504567842314 0.655847441016581 0.36620965841735 0.37406965570792 0.607848172377248 0.761887146475484 0.586337393795193 0.715797827226864 0.405958133848067 0.630265035719752 0.576678371569472 0.686007381861304 0.558345762378539 0.579983137914705 0.260497921862178 0.0884108367542151 0.06598978214553 0.112163076351102 0.0571717032004267 0.148740951042845 0.279928238554261 0.434848086132238 0.526697132061223 0.471672366298549 0.626826799681752 0.535989758949998 0.481357637494501 0.553403367785567 0.526128382412431 0.587114630657411 0.28206892317458 0.469823958461885 0.463212506770611 0.497014614831742
0.359000126982052 0.325272820153794 0.633174377651117 0.582404223795083 0.59405386648175 0.578902011908967 0.732600820435182 0.638794253989747 1 0.697963143574424 0.348119043635286 0.426062053045874 0.591946610003184 0.567860982868363 0.572891529922985 0.573211285418381 0.414423330487853 0.438701397908261 0.438782031118073 0.313828957187789 0.308205602179554 0.0397322941104119 0.541028598193656 0.418677482337892 0.31514377508304 0.371577637062464 0.35450369592522 0.137835275045139 0.304525551193193 0.375466727694355 0.317513420218225 0.314746876784228 0.387071136351638 0.375954951699247 0.32993238474899 0.345750609435917 0.261141739842422 0.346334790354438 0.24008398368795 0.325746607332917 0.188407902384569 0.0505578430197874 0.340076101446464 0.31563049354386 0.235548918556527 0.228664338027008 0.281524843744078 0.30769890074954 0.145360567559983 0.201166395736857 0.278471395262541 0.323516699891502 0.317260687232829 0.321292983115008 0.279503694011702 0.303390975905099 0.520198238127206 0.509877286376233 0.201777704738706 0.178643684485338 0.620322800978901 0.592514062498576 0.416546541365851 0.499075019040262 0.595510512018862 0.48556913075064 0.385003494858551 0.358665746603813 0.451441259539144 0.450739386159613 0.324310764503912 0.23671077439618 0.0790064575910852 0.106412621728489 0.0183737650040338 0.147626093163999 0.241453544968321 0.328089423100956 0.41790938663348 0.465335361215616 0.492822844169875 0.482126665012478 0.331493423663074 0.422888782141151 0.55603178400012 0.498753162158237 0.2404043122736 0.36947304541186 0.521018544095315 0.413465624075233
0.149332069568472 0.277667612429644 0.395422533359231 0.559242734566358 0.476222474995817 0.655659121477146 0.465177060248687 0.64104448968365 0.697963143574424 1 0.0860997082604977 0.305406435405943 0.287296380825993 0.466299300454885 0.339388009995552 0.527074448948641 0.292600251904167 0.309629485210259 0.28154927248826 0.233460826974976 0.1717427942492 -0.0530546642900546 0.300545637332197 0.430087318349134 0.196586255512951 0.359514038996858 0.200718184666664 0.0712060477022016 0.202388634910492 0.283457522095187 0.226257718774463 0.354175331952107 0.301044431747296 0.313567207550124 0.219402343412188 0.333195803413761 0.0422288521066619 0.176360098247577 0.164044636551631 0.223569651761026 0.0815169619154995 -0.0569734174465541 0.164783584008064 0.196059989776404 0.136232811045907 0.107445544560878 0.0908621020312433 0.16206933276335 -0.0164081631723435 0.0413431799591688 0.13723473710714 0.110956259731983 0.117750017762916 0.122493686243062 0.0563518421001883 0.118865847175206 0.387067986292155 0.422490914238198 0.0167267318231531 -0.000709508276144181 0.38238348998734 0.553956013369875 0.235985220527528 0.364590975367161 0.378412388786536 0.393141575554492 0.229787193669814 0.294381901349276 0.339819679452617 0.368295736252418 0.151753849870629 0.0739876479962679 -0.0163437362970909 0.00780254352872583 -0.0771562226345339 0.0208985159295768 0.200773179821656 0.282906088933202 0.317870512312748 0.385193596303514 0.30816873021676 0.304804649977365 0.103699856569971 0.243684389813459 0.281966751502314 0.39144041355467 0.0903287109249664 0.210932973237737 0.2322516812624 0.316399153804224
0.58611638696491 0.360064427288723 0.416667450442601 0.364526874297698 0.348941968198265 0.101753054412335 0.448720351862892 0.324067154995303 0.348119043635286 0.0860997082604977 1 0.738617826723636 0.715790200195853 0.507764127846816 0.526816574175065 0.41171800753825 0.420484142582281 0.328996833720486 0.46276713359915 0.334249211777856 0.341131281909913 0.261965575197756 0.440761222167724 0.263158061500679 0.29209884232529 0.20733063053504 0.383623713318068 0.326705554814819 0.551552816282206 0.448694701406175 0.304478700921792 0.156155812834841 0.0700196797665896 0.211404370535231 0.0193155765487739 -0.0672192801196783 0.0497094905077841 0.119178402586709 -0.0258796758192723 0.166813805023891 0.41854635701387 0.186247471017445 0.0934587089486499 0.0491940643011782 0.0518357185729716 0.0482601824844322 0.175550004038558 0.111426881408212 0.0691835227293982 0.0792989204080763 0.150572045711783 0.206682152396378 0.269321931282631 0.30276976116176 0.270457522644816 0.251588117683314 0.239692590891551 0.271541181150328 0.120984727337755 0.18955054855941 0.444372158285363 0.250153324144041 0.698745442586399 0.470706863831019 0.262739930957862 0.185694662020843 0.0663464350011729 0.123732331249573 0.111618674816747 0.00547667186189241 0.177348374091722 -0.0104367746990605 0.0641819480871202 0.0846253001700726 -0.0592179965738779 0.313322540115512 -0.150708506090226 -0.13832947644288 0.210715597643668 0.13798371624727 0.498474582969792 0.391065832879377 0.353976842394514 0.279635242905257 0.532063787652308 0.321448717190933 0.186745281161277 0.195304104377242 0.347033805558659 0.227964792868246
0.544596544686384 0.514366564132933 0.471405637420848 0.568126003047063 0.280125315112362 0.113956878226013 0.57424300656744 0.591736175965278 0.426062053045874 0.305406435405943 0.738617826723636 1 0.646112997277924 0.684668101798753 0.536365654402227 0.448236912382822 0.477323369702811 0.449151074888977 0.547231209358509 0.491343352557974 0.352153734109798 0.0868449582820316 0.483648028100586 0.44424218802849 0.231881771257134 0.204233112537039 0.198860204793375 0.255061454264568 0.623716921104075 0.629247106870131 0.470458207984396 0.418698975044468 0.294866737623735 0.443662477114962 0.0971566862182288 0.112478475763784 0.180208748160957 0.277090154715525 0.167366356815681 0.18339754252617 0.420186327793127 0.224800116013103 0.158661764047905 0.123575036423349 0.106868881264442 0.0951568681103538 0.198729308091941 0.150924031743879 0.0684156547116898 0.105479789490786 0.174693759675899 0.228800261952693 0.247430201037155 0.291501627544499 0.314381997614038 0.290762367812067 0.315490554262724 0.402240216977889 0.16578029248254 0.192423271011322 0.477626665078484 0.453191532568264 0.653344532273979 0.589208643907803 0.200927721423805 0.259578425838328 0.136681240837263 0.265263211882083 0.236775651996005 0.173130682373009 0.191823614145402 -0.000126523830193054 0.129739622186515 0.149964277075767 0.00671633617793224 0.327653826081177 0.0153122564248752 0.101085209567671 0.345779412415479 0.268798817083669 0.551142600452768 0.439626101586735 0.371582026418475 0.403074769941137 0.468240678754042 0.412961945729787 0.139005891661658 0.245935540494911 0.35363295469884 0.373235306393251
0.544809274349609 0.367809832502674 0.630123157789875 0.442570074485604 0.418134631843415 0.291264295873492 0.62414139915337 0.474238337824896 0.591946610003184 0.287296380825993 0.715790200195853 0.646112997277924 1 0.779325865157147 0.83746608293516 0.721602872053292 0.498169156715375 0.428685726504726 0.560218427690336 0.389028697389205 0.443283033398855 0.208741786637827 0.692076526539927 0.423997300136847 0.40822989828936 0.338358957636188 0.482859224378439 0.385104082107806 0.507813766952384 0.473782031505118 0.393928792837651 0.248144758220153 0.193985691437627 0.263287415036818 0.178790906286807 0.0650169655443942 0.190517645207178 0.330606503937132 0.200363471085972 0.396824385776746 0.464380887019887 0.237592861538175 0.276212836284425 0.222846747896873 0.256141097364174 0.227444737588583 0.402062178297915 0.3279570784864 0.219564131352924 0.204638285110838 0.350620913927764 0.414731471750575 0.368782692867249 0.340105630631539 0.518051422952636 0.4850807559074 0.376814515856859 0.399977052884752 0.265083055043788 0.243046778458668 0.484924959940797 0.301497169342767 0.649036632787774 0.526124702417863 0.505926795024679 0.33723060965574 0.273375424614702 0.298454054698251 0.312813319227124 0.211970613698883 0.1902126922517 -0.0216228355146956 0.0421991062078324 0.0462877518544904 0.0300149524058732 0.27603819423131 -0.166474563734152 -0.0515425844998892 0.365103206546934 0.371639838380342 0.620824022065097 0.587605260980468 0.559087989615148 0.464618412050356 0.713808641221984 0.498587299342206 0.313791760929544 0.389511848954592 0.436921995340188 0.334842312925444
0.449455563850278 0.494697999659709 0.587950017349781 0.529362122925253 0.362455427367816 0.334566143121711 0.61091354757339 0.631967381143134 0.567860982868363 0.466299300454885 0.507764127846816 0.684668101798753 0.779325865157147 1 0.801178388952836 0.805645671064308 0.501763025748646 0.46423674003117 0.605496808962904 0.56955079566618 0.423520333045582 0.0615810237630474 0.699692741985739 0.683910284228524 0.422210354666132 0.395440583741445 0.386721768053989 0.370109130486012 0.59714743165846 0.587054160745854 0.503663662796886 0.41266905240734 0.336012398040989 0.424027875448775 0.242692650020133 0.18654934022497 0.231841417868602 0.34459600714406 0.259629200127492 0.323427305548499 0.363920827156206 0.176837933329145 0.296853742572477 0.266885951765906 0.270288069220308 0.184549787119271 0.324926408425448 0.26674640807699 0.127253074329046 0.115566809482496 0.28951754558664 0.326747825925827 0.276219262841376 0.290362632311626 0.398054670037215 0.348564515507195 0.427400123213176 0.494726996995469 0.195756905416227 0.210836524875211 0.326368932416211 0.329165005937518 0.613628741374246 0.624314526366973 0.376095389137221 0.294740160425147 0.326087275521617 0.38906962543091 0.401111279423331 0.341085190623716 0.208168291426473 -0.0152759212858516 0.0293263447344516 0.0213892409455495 0.0687637878642928 0.246963633510392 -0.0626385916755934 0.0729845271469826 0.472342673685153 0.437245578901982 0.621051164586305 0.599647496357756 0.468880815392519 0.489782750338684 0.553789798102252 0.514122128972593 0.197802298313263 0.380747227920916 0.293355069480379 0.283408718641213
0.451533998794711 0.387502396414338 0.574735254400073 0.34772148942901 0.432307434405254 0.210772476471942 0.501547529099749 0.384409908487678 0.572891529922985 0.339388009995552 0.526816574175065 0.536365654402227 0.83746608293516 0.801178388952836 1 0.830661510187497 0.554154355521771 0.455024372640865 0.520736705522685 0.438005361138021 0.490297161876683 0.0845961477059878 0.749305990681042 0.568551691497587 0.512758910026084 0.428366987830932 0.475695524945549 0.430878825182136 0.533721867746523 0.535811117745228 0.47125005527243 0.284126267528354 0.302929617368861 0.315262800667902 0.289586851375495 0.135659473247607 0.226147009421766 0.402024878968061 0.28529995204607 0.360623192284759 0.390113044064715 0.222527812809148 0.33600226756821 0.343571900773324 0.315059806030645 0.280101266798704 0.397235646382747 0.395617481647324 0.188004556244939 0.195823318441158 0.306606576969895 0.389759902856744 0.346246655289655 0.325850381360854 0.481286884033366 0.457549858711836 0.462103382544448 0.464856388024984 0.191128065333571 0.206450278100428 0.310160649739762 0.178092412035132 0.592373868456174 0.532891839052991 0.528278344762929 0.268765472762377 0.312357553273139 0.331529465506169 0.382895528768491 0.303473524261734 0.217997233993792 0.0462035025947377 0.108068675930854 0.0690847443736167 0.0374706137680584 0.231375727712839 -0.140544778735416 -0.00163207166026614 0.459233183602922 0.45887509261697 0.620591767845412 0.594476361347627 0.520614256539606 0.474201138334363 0.607591509108478 0.497826398396799 0.31585426348278 0.416210659359885 0.386259254881439 0.298862714786184
0.437320179912305 0.405687760394304 0.620088841169887 0.485918982630272 0.520490650988593 0.46362146327291 0.503897531185614 0.53005972337707 0.573211285418381 0.527074448948641 0.41171800753825 0.448236912382822 0.721602872053292 0.805645671064308 0.830661510187497 1 0.500121538231113 0.412843852920772 0.509444718990957 0.448821714303213 0.535849944873608 0.214850945444203 0.74107394025101 0.668238400937301 0.632278948205809 0.590123053855806 0.58715773531511 0.528546958050623 0.485795089881953 0.49074707192295 0.490831400002168 0.370220780848104 0.304028194863732 0.345741102119948 0.348345456917424 0.203315161629651 0.187825339780615 0.355904397459558 0.25260085740729 0.437524157248142 0.386155199046398 0.198044986119164 0.335213284460987 0.364309079700424 0.351187090213626 0.308370172665454 0.377672666520933 0.394686872036448 0.213579612006997 0.237981582615451 0.361555849570993 0.414003766004282 0.339834239212463 0.314788395363459 0.424447453325255 0.443755987129357 0.489780643359764 0.478954574456799 0.245275729765671 0.270812986683754 0.289397253229088 0.248428560635484 0.550166300006314 0.533933537045276 0.526774124633807 0.380976545758806 0.404254235871304 0.407169905917685 0.431011223711142 0.328681930301723 0.204053166094293 -0.0443257068839025 -0.000506976810763788 -0.00970317682139819 0.0470481665524138 0.197479078563385 -0.145868724247269 -0.00539285467514533 0.458078812747335 0.505393024243551 0.619618466275604 0.628097737455863 0.520279154238707 0.485361627904053 0.601875970910943 0.538585638896581 0.28683868544522 0.463238127211631 0.300761072743952 0.32852958282808
0.67156762915026 0.669304224907072 0.568203705523515 0.543617114380282 0.290468441965566 0.339492896414173 0.599613299464006 0.517116807266547 0.414423330487853 0.292600251904167 0.420484142582281 0.477323369702811 0.498169156715375 0.501763025748646 0.554154355521771 0.500121538231113 1 0.896799203763487 0.804796915108443 0.77340838414223 0.529230766594931 0.151041722713567 0.611961245450713 0.455725418211576 0.505350689662507 0.537398667276139 0.439741660168005 0.338027479292 0.792885267356017 0.811276095393905 0.693386475813441 0.576585035286103 0.623547275418438 0.677393676376984 0.349170738558266 0.358157429428727 0.406050715978646 0.479268058501881 0.447563619216195 0.452077813908092 0.344238089903073 0.251865967317554 0.546798684831629 0.553556393005412 0.510608939405595 0.514677510429481 0.520549115495826 0.539046349054218 0.344887813720665 0.367586683127723 0.423668564856818 0.483659614281438 0.458000434922018 0.328268797070786 0.557274334646865 0.55178646348058 0.772639956618233 0.791550389229964 0.305918643819619 0.269436731092106 0.355905159291145 0.314758175720485 0.729792635416739 0.766154934451117 0.324104683114956 0.306720860119937 0.481641226943048 0.561872999028049 0.679330846577721 0.606925662018654 0.400589694867006 0.25719502334061 0.324414108807403 0.337655381008651 0.267722526465418 0.295496169439824 0.179852740644247 0.287755839671698 0.735050680569233 0.726388587431721 0.824521061758738 0.623228520791756 0.561755135017476 0.485908178876942 0.504810320493959 0.472443153776513 0.275006794704041 0.313780950839702 0.341114660809572 0.272413285567165
0.577565210842994 0.764608403600925 0.563781042209073 0.58727275063244 0.236315080732127 0.340478848331356 0.634729349013622 0.571951059168713 0.438701397908261 0.309629485210259 0.328996833720486 0.449151074888977 0.428685726504726 0.46423674003117 0.455024372640865 0.412843852920772 0.896799203763487 1 0.765476956155282 0.785719583917916 0.412834817709633 0.108751726728317 0.580627230950117 0.475998948456369 0.422803922481852 0.508880128919819 0.293224162769737 0.275821345049111 0.721905110368174 0.843931846997025 0.708887872686648 0.64633167421686 0.697587456480405 0.750906415273029 0.367662038150972 0.431418685037055 0.501743818012103 0.520031738282719 0.509993385273841 0.49160928288233 0.291474615066671 0.215370418887949 0.58724569916418 0.579625546925771 0.505064782587657 0.516148297810539 0.529731544482506 0.564893278721701 0.312962971786262 0.359518127130322 0.41245949615592 0.467535417205034 0.414748926750245 0.277665897170915 0.529889102762802 0.533043533934962 0.71840931333611 0.852909874290355 0.271518115262893 0.248088416618948 0.394540400306617 0.385855208019443 0.635062697062731 0.783042222725462 0.306716892564432 0.34064473843481 0.47045209853897 0.599625225064313 0.633134397700179 0.667678200817264 0.379979391827345 0.275202400101102 0.369859189695323 0.407909550037575 0.249232561195958 0.252393224562375 0.279083955014458 0.420554916725011 0.748567109255166 0.787537849117918 0.792361531692556 0.649430229469705 0.57994777963566 0.590613405205032 0.473087930792389 0.492970991195754 0.322580811356943 0.383465888788523 0.364434049274525 0.318549089026418
0.73155560055205 0.737830684467031 0.685069698763648 0.706383782933353 0.270431225791041 0.440037903711508 0.723012627647456 0.649692213674253 0.438782031118073 0.28154927248826 0.46276713359915 0.547231209358509 0.560218427690336 0.605496808962904 0.520736705522685 0.509444718990957 0.804796915108443 0.765476956155282 1 0.899652750660904 0.572532321762744 0.173669580612512 0.731147159355358 0.628229588184574 0.47414586269432 0.548793340537574 0.388258018099581 0.368473613295947 0.720581559206175 0.757492768537509 0.759760725526632 0.678581830852746 0.725445154912035 0.785016405995993 0.410071899713352 0.446635970503752 0.505215103152011 0.526439723282761 0.527220844146868 0.525816113276863 0.341104254359029 0.223857381908064 0.600271011278635 0.553763404204871 0.580078701731444 0.561994275423413 0.571242240761756 0.553741530741088 0.449032589778522 0.473688038151782 0.558806153283402 0.555862776347068 0.494197691884433 0.319742299168211 0.622158906177022 0.597768027224938 0.74379605234778 0.779810031075499 0.453111137105432 0.437373622409143 0.492270517087332 0.435233838160105 0.75525536819238 0.79931858300423 0.359042993735949 0.454180462687744 0.595642343227119 0.672204260779617 0.735548509678733 0.715460948205545 0.361365721515772 0.198099069024428 0.204049263937728 0.255603772096641 0.11555695635637 0.167880220216397 0.272190439376514 0.428482260537104 0.67006762850585 0.671400376674507 0.7990454092944 0.655021862225792 0.602449550463605 0.531003540745255 0.588495624055641 0.555804997061513 0.380208924632899 0.442335869648401 0.466225691960577 0.427810178628009
0.609905663775942 0.801603499737734 0.57183850817713 0.620401817703681 0.232537527905896 0.336457263674627 0.606107157124748 0.585196543957875 0.313828957187789 0.233460826974976 0.334249211777856 0.491343352557974 0.389028697389205 0.56955079566618 0.438005361138021 0.448821714303213 0.77340838414223 0.785719583917916 0.899652750660904 1 0.516580489428462 0.153299478206579 0.6564897761617 0.655397283135937 0.48239286441324 0.534811140114151 0.343274230879667 0.321869680380488 0.760671602035893 0.80007904689151 0.775119681678026 0.693197832222814 0.730417019612195 0.817602146378683 0.403619482915831 0.457524522692354 0.458844684845661 0.499329472293171 0.453362465981921 0.481888026460823 0.331416988434571 0.229091853478232 0.558117440305496 0.553314548089198 0.534646657079784 0.516127814175409 0.504990452488556 0.506516523368891 0.354989357627507 0.378870487329127 0.446010783252368 0.458508818740757 0.363724604999283 0.224189932795006 0.516006118805935 0.4904689969776 0.660616456878638 0.77322416483721 0.334693940285074 0.357047231290428 0.285959415852399 0.315484452886073 0.715054392043426 0.814521891207859 0.230269765607915 0.343331284415518 0.536841874836154 0.665784700562468 0.719913624879685 0.70516223273664 0.350341716054066 0.180425897596422 0.274959731915616 0.319114284252266 0.128226527441036 0.221247481581032 0.267306445116409 0.410485686869771 0.659957223882637 0.665425836405543 0.748395558946746 0.606864881515056 0.515829972591093 0.510349804230966 0.435747440515425 0.462566529924167 0.256182379148986 0.371012562834756 0.293577533385571 0.26935327923345
0.481496517859239 0.425010092980628 0.599677728551982 0.456080516385464 0.361620567083718 0.275962874949346 0.488409231033711 0.448181487693941 0.308205602179554 0.1717427942492 0.341131281909913 0.352153734109798 0.443283033398855 0.423520333045582 0.490297161876683 0.535849944873608 0.529230766594931 0.412834817709633 0.572532321762744 0.516580489428462 1 0.279351870917915 0.602613965252967 0.437278217223855 0.641335385533793 0.586823092168573 0.546148559049693 0.431611394253629 0.549286998852025 0.514086755016855 0.568790850848848 0.453638732330867 0.420046075811628 0.437846848804662 0.346555074632523 0.266618237153813 0.28843959666778 0.420897168876553 0.333616062920155 0.558153984752287 0.387710799915333 0.252408954734068 0.43772741319133 0.421520518831829 0.465389554867081 0.442723249027644 0.504610389076143 0.481930817967273 0.405906215980071 0.431534809615267 0.457453014273982 0.508591472754203 0.319276515956704 0.21128592872201 0.544110989936065 0.532926149776494 0.351296486422557 0.38017276983427 0.373903830472584 0.448902364044079 0.265859716573416 0.203113737804165 0.547745468792722 0.481275058933324 0.363534551281057 0.361173627383404 0.445998674368421 0.475206144410085 0.423790282221846 0.324129866920309 0.35418052745709 0.0726416005623011 0.190236920928306 0.150747830097735 0.0872772042611608 0.150086809927322 0.0349564170415663 0.099415535435599 0.386475391931728 0.39467507205874 0.600035860546855 0.424934159107529 0.476796364343979 0.354124272913647 0.45183002696943 0.322753276693862 0.217373649381891 0.327600491056871 0.257617345302459 0.238334300016354
0.186935392000818 0.178652057316209 0.212535941540916 0.112963061277678 0.227713055642897 0.26191492164367 0.119722974360636 0.0331294748216696 0.0397322941104119 -0.0530546642900546 0.261965575197756 0.0868449582820316 0.208741786637827 0.0615810237630474 0.0845961477059878 0.214850945444203 0.151041722713567 0.108751726728317 0.173669580612512 0.153299478206579 0.279351870917915 1 0.201457554129448 0.017115738432491 0.354808802488645 0.240899025331663 0.535959127607208 0.328125153017929 0.151426391365682 0.0537407072455823 0.202306583120065 0.0788425041997068 -0.0533696260743205 0.0185064126719439 0.0576116035678451 -0.0409403808128591 -0.143072350601615 -0.141102971110722 -0.135731653453766 0.216875255967334 0.254127905622365 0.0245992627529924 0.0497381597623184 0.0693808024288989 0.0377884402861032 0.0599217141826337 0.144166574970588 0.0844391367270138 0.164602521391236 0.0968095843750385 0.135475394191633 0.19787479122464 0.172455238681208 0.211580831406833 0.184233398881608 0.179799897479864 0.0763884363716075 0.0671706387817378 0.0415533504829941 0.102131276825775 0.0603776876818541 -0.0365326175337141 0.23594274809109 0.162244695087464 0.16104932587845 0.1050006981097 0.0388243683754774 0.021079090784187 0.071688633709649 -0.104183301817846 0.0828404046409109 -0.208129654961823 -0.0781502820858656 -0.0490345057727464 -0.0979730896656939 0.217440225964413 -0.287724124593057 -0.270959673740873 0.0144842697762518 0.141710059683308 0.209439766882207 0.204007110624861 0.162376587155195 0.0469348564278161 0.21587028783441 0.0582263661359566 0.0555936128843626 0.129046648867888 0.0109697096778892 -0.0646824851760567
0.539940801489462 0.540801647793703 0.854501926839147 0.606666575431383 0.484768632823904 0.393285361406613 0.69854087212105 0.591153505481612 0.541028598193656 0.300545637332197 0.440761222167724 0.483648028100586 0.692076526539927 0.699692741985739 0.749305990681042 0.74107394025101 0.611961245450713 0.580627230950117 0.731147159355358 0.6564897761617 0.602613965252967 0.201457554129448 1 0.807933463017737 0.702833697979416 0.667258473736408 0.542526616938975 0.460409631529097 0.562946378697805 0.646058590334939 0.731784005652097 0.578628638681545 0.569181586996523 0.616905461945265 0.561387626679123 0.391974803658176 0.3902903179094 0.501344486584709 0.427049431359596 0.554371226303412 0.366482542211572 0.251914873585512 0.470542503869199 0.462172873488258 0.453733424651895 0.431820997432306 0.480937196811709 0.498207075428961 0.31831483827221 0.374640051452823 0.447559534856202 0.506511253480791 0.407066928550365 0.323040832655518 0.558959822016419 0.566868768350828 0.528489938244823 0.576257592152274 0.314767372596153 0.35561310812749 0.424710930686014 0.325975941939845 0.659474520887756 0.678323400913624 0.666906225828213 0.484712702926571 0.549001411514207 0.575180360718125 0.504149481323561 0.474627436218667 0.190861209148822 0.0302708677263081 0.058359650085701 0.0826895503606601 0.0517493807622093 0.1521830905027 0.0476558164405393 0.205939005819777 0.570816991191565 0.589311983105101 0.756083675206665 0.742490881155098 0.641431431277181 0.645865384024168 0.72905854359682 0.602009390808812 0.459887893056332 0.622031554772534 0.469456893515691 0.422915849011909
0.410378872068688 0.578546318036602 0.687347604919073 0.59617449725596 0.423815070134058 0.372739441497152 0.551724831647153 0.635738814610251 0.418677482337892 0.430087318349134 0.263158061500679 0.44424218802849 0.423997300136847 0.683910284228524 0.568551691497587 0.668238400937301 0.455725418211576 0.475998948456369 0.628229588184574 0.655397283135937 0.437278217223855 0.017115738432491 0.807933463017737 1 0.587211410385938 0.644021533741019 0.309878013846624 0.384204996020818 0.487538146286502 0.60735909576147 0.671401387873629 0.624415947953827 0.604044311240715 0.661990193517937 0.557006518688569 0.503234700375956 0.340606366622882 0.451876145755486 0.390915535845476 0.464308865355632 0.2675768528159 0.212183566516833 0.419385147791277 0.431123257431283 0.417805973169708 0.340690536572035 0.339801832850044 0.382661226551223 0.179267706869003 0.255105962645666 0.356373928632044 0.369705197539745 0.239237778998523 0.217704459437261 0.386064202450331 0.395313636304523 0.462693841973359 0.561538627877428 0.224696497395408 0.281629876228899 0.270835692125104 0.30745919676183 0.520422020174205 0.636571455833009 0.425341543893809 0.470928982165286 0.535434706538694 0.619217321289437 0.448070500212395 0.492186603192867 0.135735775218775 0.0192090021980884 0.0307113656658007 0.0548438884404693 -0.017088508217122 0.0629498626619908 0.154512575502683 0.314453745563418 0.486622040018743 0.499500569664651 0.603312352681498 0.653439468184299 0.446271799910434 0.596279897491474 0.508346303030077 0.572176388137027 0.27168055434713 0.543435951946892 0.311325824126515 0.371666149666299
