"V1" "V2" "V3" "V4" "V5" "V6" "V7" "V8" "V9" "V10" "V11" "V12" "V13" "V14" "V15" "V16" "V17" "V18" "V19" "V20" "V21" "V22" "V23" "V24" "V25" "V26" "V27" "V28" "V29" "V30" "V31" "V32" "V33" "V34" "V35" "V36" "V37" "V38" "V39" "V40" "V41" "V42" "V43" "V44" "V45" "V46" "V47" "V48" "V49" "V50" "V51" "V52" "V53" "V54" "V55" "V56" "V57" "V58" "V59" "V60" "V61" "V62" "V63" "V64" "V65" "V66" "V67" "V68" "V69" "V70" "V71" "V72" "V73" "V74" "V75" "V76" "V77" "V78" "V79" "V80" "V81" "V82" "V83" "V84" "V85" "V86" "V87" "V88" "V89" "V90"
"1" 1 0.908434375008199 0.915263774205953 0.834385752604532 0.674283327383364 0.640790978414035 0.945699823008144 0.918052992197307 0.768199710600637 0.701815549919392 0.851878896867169 0.883096357927917 0.851751507625749 0.862696430450069 0.789063656330039 0.782312040003929 0.683516912184143 0.713977176505498 0.6547189962042 0.678056899673793 0.55500414946752 0.643954462025477 0.841903305871873 0.779027056300121 0.766285623201275 0.768559421482203 0.518753855111956 0.652240394639746 0.673545787369716 0.679060903735923 0.816280958387365 0.84215406165679 0.892397588083099 0.911501076214995 0.766962282675394 0.794717721814061 0.534989284283397 0.568897456707372 0.643675355019292 0.676043795077502 0.478511671949692 0.544753702421602 0.582459308398046 0.748701051514772 0.657294734207814 0.752008827279991 0.62150577988679 0.704871988868571 0.581790467017922 0.66905349654014 0.655914142142188 0.67791049543757 0.372440755614606 0.621704914377293 0.65904462250175 0.763392229285666 0.921408644297311 0.913713447185268 0.713585284939742 0.821978265807682 0.821743501050838 0.834424207502886 0.823575252868873 0.858783343867032 0.724478700228548 0.772216682384824 0.717352592086871 0.742428377658808 0.875565741938093 0.681995197567391 0.700367709915725 0.720378002503585 0.499205339348981 0.537988405945011 0.253354481222363 0.626658645580074 0.707897236750173 0.676374645123634 0.617416438415588 0.614159322698127 0.695643052438698 0.726013012722554 0.671377625176909 0.701795225863377 0.742900379632888 0.775288275396018 0.56429537546061 0.655981109403418 0.375351907042652 0.687368506965378
"2" 0.908434375008199 1 0.909153941542363 0.84611995628252 0.680550807289748 0.591472287380609 0.917395127328432 0.904637408515027 0.765140963951433 0.759614475307045 0.813385597284386 0.875162724300019 0.804251966257864 0.858754686371894 0.799529175717302 0.773410832317244 0.69425429929634 0.757610912768565 0.659789537879752 0.743343111639011 0.596043178728277 0.643477737417279 0.798490477028935 0.795531661178889 0.742627269319398 0.744710563771687 0.501377371567067 0.593716604680104 0.73362314124768 0.731456155789975 0.848022803745043 0.863186879456463 0.831198479451887 0.894146693923145 0.659774101550613 0.708939391619444 0.620974374053827 0.58721802630082 0.688684844003551 0.702507824564614 0.509660123527904 0.614628251336077 0.509219335058732 0.675503323872315 0.533748379554231 0.702363454940416 0.556903312719468 0.638479903541579 0.470061201819737 0.586113192024824 0.581841815370483 0.618171328985055 0.281448144342966 0.54671011759876 0.686487569520124 0.749365376716621 0.850147937214963 0.937002613678785 0.628033011520234 0.803437424997432 0.697141173519072 0.7827231354123 0.770059384326333 0.85830925034973 0.603888691739921 0.691351470151522 0.575787845823485 0.616107907779633 0.892092709115027 0.540771772413492 0.769163806285472 0.79608441903999 0.515419787038466 0.555271199350927 0.304013334902723 0.661001078912189 0.792716140234799 0.733969473533058 0.662729798709709 0.715591291233878 0.757204495879348 0.762507522761505 0.666419724250642 0.714847150794634 0.716028957986988 0.727171834397209 0.569224917978713 0.546119822848463 0.232538744551629 0.631552632881955
"3" 0.915263774205953 0.909153941542363 1 0.908762583003792 0.778744974727522 0.723968233602802 0.962108338786593 0.934999584612728 0.852989946784472 0.833664489370901 0.853403628427487 0.922982776816437 0.873473218117749 0.9205771341089 0.896594708316686 0.877203256706118 0.770341631568663 0.834732403013417 0.727337446386583 0.741950251039589 0.689474361948384 0.705586017133532 0.941318399501303 0.906893448092794 0.836413952839099 0.874573133576221 0.581349529575155 0.664259888914519 0.808513049159328 0.812001654933264 0.923799939741186 0.932619837667942 0.866548913398354 0.910059901279221 0.730210299438788 0.801013718854764 0.69918979665713 0.704459632420942 0.784460805794028 0.813684579499097 0.646086200864209 0.685589596113874 0.543082749773276 0.779427062563328 0.635642001539348 0.777500625329951 0.6257089036397 0.743528125466439 0.509316944567088 0.635756845747088 0.612985812355243 0.69162442594855 0.293640722719182 0.609328878215264 0.718459793790831 0.833701620471824 0.822633026119281 0.85822181269115 0.562396634323515 0.691935839094982 0.685979359312244 0.722848927407807 0.80243208955372 0.849151040963956 0.633026402532771 0.712804271255254 0.60008144335011 0.635467892648965 0.810477642888607 0.544533319257673 0.849384898165411 0.8695997678887 0.608893150057292 0.688736262646234 0.358561528691126 0.747186603281738 0.820886640093353 0.81582505666267 0.731400103989936 0.756296802089564 0.761796003225795 0.831750461716924 0.769464224084512 0.840183117167934 0.789702341940519 0.82436845836409 0.723564189276906 0.698853273130844 0.306234168126213 0.588488719912856
"4" 0.834385752604532 0.84611995628252 0.908762583003792 1 0.789050875806245 0.667427036040559 0.904761626411679 0.909930153190416 0.857461664406819 0.840985187330529 0.843101214320014 0.926586816883783 0.894341230056471 0.909197786091314 0.899997138341246 0.899140297312586 0.81027643722301 0.852906167119544 0.796560054842104 0.810518135640253 0.670694652028081 0.733532793314801 0.925538266268933 0.949717566075317 0.878514316768118 0.860341559743345 0.556246561235355 0.65575113520847 0.829810563172849 0.84460996782545 0.90328955344076 0.90388571466965 0.804670613943445 0.857198641622144 0.729133426959607 0.779070493318536 0.749762573967312 0.746060514523369 0.804419412819768 0.837441306380142 0.650428737107943 0.717435387428929 0.501865894729351 0.792034284042171 0.637638699469396 0.811706850048232 0.643425014135642 0.770241881212938 0.516739516246495 0.672383976311304 0.632397282480465 0.709159208484495 0.277280930843539 0.616731064770728 0.735055385558014 0.832988027605908 0.805816617186296 0.821663788268074 0.557073299016917 0.683281335511438 0.693662666267646 0.766504613733978 0.793713490844773 0.868803737785942 0.674046958889504 0.777967254715245 0.588072163984857 0.619207950691786 0.709310785566587 0.428508889890107 0.841460573579011 0.833582456598905 0.628888193068273 0.698965975612508 0.358111818564754 0.712193800221058 0.826384308373888 0.793939480039928 0.739834987716215 0.790445094750308 0.783011982265801 0.849056967166912 0.783038916192705 0.830069367231695 0.808239479781846 0.848404707517411 0.666902872620759 0.606520897513759 0.260794956465287 0.58537901068496
"5" 0.674283327383364 0.680550807289748 0.778744974727522 0.789050875806245 1 0.803138769731045 0.783084868696647 0.800433111908376 0.915691478642819 0.856601290126772 0.774391560061666 0.788934167679727 0.770447608871608 0.804826329113336 0.869415515514808 0.841483260788104 0.721700607369503 0.758189642983567 0.603862569485034 0.552226821835181 0.688028983141885 0.689095767380819 0.777853736694947 0.788465694004147 0.786192490171127 0.859128530741971 0.7056112930328 0.70780957766427 0.76934411326038 0.730484065214011 0.786660377779573 0.783687749111697 0.664797995379841 0.70163984892101 0.571358866074511 0.630927006234809 0.682782830424321 0.577867292362929 0.741758085980307 0.708008406009797 0.570183823627391 0.622375852656564 0.458402269887438 0.634434558884542 0.510358613113905 0.669626221955694 0.530011768401894 0.623966104018972 0.423834955036186 0.514467286478841 0.552099697612812 0.588435602251551 0.253822142199873 0.456851871613873 0.613683455915191 0.70831747227078 0.657870740714753 0.641091710580605 0.383316797325298 0.486459066691804 0.533241739750446 0.549914164558665 0.66501259568396 0.678683121248329 0.541440552609248 0.586598544604012 0.425070419457262 0.47173725775781 0.570471347186309 0.305693593979311 0.769769054969798 0.775656896796468 0.569877048800834 0.590324673312096 0.296742601776492 0.724665412680143 0.739821000179179 0.719522537191204 0.678479670643742 0.693810281290123 0.719687330107989 0.737794611946637 0.717423878534282 0.761674897492461 0.728750225159158 0.727500886054834 0.683833093295368 0.568791006441433 0.323971392802298 0.468686744343578
"6" 0.640790978414035 0.591472287380609 0.723968233602802 0.667427036040559 0.803138769731045 1 0.741497281835279 0.747800544662814 0.752291086673675 0.742514429999962 0.644820529127187 0.680615543609949 0.69485372588696 0.684816824888661 0.754044030575668 0.738727805259208 0.578525596891795 0.614952384297632 0.433739883080606 0.498062335942126 0.594689099422671 0.606026869458722 0.695689485894591 0.69190408501895 0.689189620054261 0.736974327373894 0.703965125023098 0.730694769932532 0.615166289436274 0.565061793400045 0.635751519607943 0.633280646269698 0.602377153713849 0.627863705801045 0.569578993345432 0.600077700394451 0.472167158267763 0.437586381793383 0.567566767804738 0.597237723758119 0.486811439186905 0.358577371506784 0.442301583905084 0.614043309599083 0.601252933799694 0.647207161403923 0.545898449982508 0.591649576443414 0.522214642148539 0.566067664426322 0.567133404053179 0.586052235076277 0.403475897890841 0.502618770769589 0.518864043473754 0.617343481244361 0.598719029153146 0.591297279830055 0.456294685238663 0.47268387482175 0.579843686948367 0.568690081321016 0.626290065998716 0.618556028673856 0.573015847447098 0.609588962021245 0.546487105337571 0.519062052203817 0.54235676004876 0.47221716579313 0.578206245678626 0.5836511681444 0.44170893945871 0.437078211436699 0.275560141589436 0.555017623279647 0.562581370747722 0.560034822016479 0.509253373299117 0.487625875534408 0.477025074112229 0.551590843317261 0.609638774161275 0.630071862510783 0.616495169670615 0.600037508610411 0.579088225624973 0.547926836588943 0.440205329351587 0.598352658018491
"7" 0.945699823008144 0.917395127328432 0.962108338786593 0.904761626411679 0.783084868696647 0.741497281835279 1 0.975577256751197 0.859113006744214 0.806473292788896 0.879629605989966 0.922476129718491 0.904925598212365 0.907811378721797 0.88026215691689 0.860327042015157 0.762707449408102 0.811704593634201 0.664260733925264 0.717801500028244 0.629447204500581 0.704859047500588 0.887682279009297 0.863368279177534 0.847894798881487 0.855603749839527 0.557181868842721 0.680532037368515 0.783068715531983 0.770515008123917 0.887960990745518 0.897601231362039 0.870045032527172 0.902928065504715 0.769944701733261 0.811640758297283 0.644071961464314 0.626046026493027 0.718512830456445 0.758319458575192 0.563737937865543 0.598508648461381 0.581421778786595 0.788871362583984 0.690579322034274 0.815382054037399 0.666184983093588 0.747099827235062 0.589367535177704 0.693219088939255 0.674902401542535 0.712934032526705 0.366387794574313 0.6334779564147 0.694029592592562 0.808593835094211 0.881722135066956 0.893309885901996 0.674594682046316 0.776465528435885 0.787619880772105 0.822274501891527 0.835703435851042 0.877779255122746 0.707766814889272 0.788895185586378 0.6901323147 0.712995772775336 0.837378807638505 0.612446152861407 0.789869081982256 0.805305864965383 0.567568106388816 0.621493842910478 0.303644782673705 0.692770097037019 0.780465797560837 0.743377834186818 0.690632830525722 0.709487586874742 0.736107781849636 0.78735813667868 0.75982157414725 0.773924243831449 0.7751273210369 0.795624650575818 0.626611331073781 0.636628825618711 0.330204080964726 0.684742834288085
"8" 0.918052992197307 0.904637408515027 0.934999584612728 0.909930153190416 0.800433111908376 0.747800544662814 0.975577256751197 1 0.878139630740867 0.845907308350764 0.884460357710398 0.931692267448508 0.915397249746359 0.930615458618868 0.896123794070049 0.890450829522751 0.78878256337364 0.83816216079533 0.652840990064084 0.717030333297152 0.636656859280173 0.663901961858504 0.866766412636586 0.876894369575539 0.877851946821988 0.871786697303674 0.506851953975803 0.657967453369314 0.801792391917968 0.792332461778147 0.871577481949977 0.886801924475545 0.854318202924867 0.891846849264684 0.799287806298836 0.821933948620604 0.657090598173796 0.628528443707679 0.738365658486447 0.772439873164232 0.569306767961195 0.612652983967223 0.615886978257284 0.824093328547796 0.725840449647667 0.841748765641884 0.710110749340378 0.784039786460018 0.63164409357091 0.733503341803489 0.704201338455883 0.74793195496669 0.361126089270449 0.657249737138265 0.687101695045042 0.829891835404022 0.876404501354886 0.874172186706677 0.681637848596169 0.779286546091201 0.794868818555055 0.828327871383087 0.845280406959779 0.885959305223151 0.740759337815929 0.829490812575141 0.709894221218943 0.729433119641814 0.792455266915218 0.573466878130641 0.781916793484742 0.788414897542669 0.579680520869348 0.63845613675831 0.292831864658004 0.695879459385648 0.786169623318052 0.741492742582706 0.705535140385603 0.7240756094085 0.751268681567624 0.807322201754291 0.746624654162649 0.778601164312114 0.802218088504705 0.824285123001826 0.611760427839172 0.607386057463826 0.32926673353762 0.703056232463292
"9" 0.768199710600637 0.765140963951433 0.852989946784472 0.857461664406819 0.915691478642819 0.752291086673675 0.859113006744214 0.878139630740867 1 0.872169897757242 0.891773521851234 0.889568800685534 0.902482207837673 0.909917020521094 0.935081901652769 0.924547523635896 0.845938147498666 0.873627942494051 0.685060848960172 0.666797804029286 0.70162502807883 0.711320670610468 0.847390392540543 0.874255906849161 0.917766035578069 0.942737524507923 0.582007517579779 0.621575075523114 0.883536934145281 0.857766935808127 0.871429268935015 0.856968863222037 0.763074664291132 0.79214682619791 0.733053555554233 0.771018022179056 0.812634471972303 0.726766644638981 0.855446452064829 0.814121481458122 0.675716328876041 0.739222184732275 0.580806601274542 0.790922094932648 0.654968261833035 0.818498686845633 0.69329741490529 0.780517307141171 0.567696480772028 0.666290139573349 0.708195766941666 0.744511350371874 0.308897465380343 0.596565833477735 0.718599015664379 0.842526065450642 0.744701530345039 0.729149791596066 0.519796392407045 0.616170785647687 0.67996030373164 0.675685508371214 0.80102164990424 0.800105856091643 0.714318251553574 0.744770126426148 0.575347649415052 0.611135019682408 0.620137041079326 0.392907023297373 0.83564184467053 0.85140724623483 0.707870377789846 0.715785733979674 0.302843769651656 0.791018982270493 0.818996595447112 0.79047237333679 0.776824913310046 0.784506357292707 0.823151876423203 0.85913156961862 0.821356095280438 0.859179193576045 0.871602126752772 0.869025732187568 0.744918331521766 0.701842502488996 0.245773496089299 0.518923865335459
"10" 0.701815549919392 0.759614475307045 0.833664489370901 0.840985187330529 0.856601290126772 0.742514429999962 0.806473292788896 0.845907308350764 0.872169897757242 1 0.800344770743724 0.862881897809943 0.80522524457042 0.893515573102227 0.918848528943937 0.91943848857099 0.842432685364746 0.874371272539782 0.625626284715901 0.635284524910201 0.729070472433089 0.639029986337192 0.823449523403955 0.887199558070967 0.851032142015965 0.869562566412904 0.515520637955027 0.665978936846739 0.849398305676966 0.846012166540212 0.869764578628786 0.866566357183998 0.76824788501502 0.782823183114471 0.638317336556553 0.708650552416323 0.775956420271548 0.734675399177502 0.855306257643462 0.83296956257227 0.691197586254279 0.686405754443416 0.516410657478598 0.727187640768999 0.566656758393992 0.739206296602572 0.627695819224623 0.722133041017426 0.479578120737046 0.574881522281007 0.595072558806183 0.654266328215476 0.222312788330304 0.508169088636262 0.675975923041772 0.804185604632601 0.713641664632246 0.712180769666405 0.403174673322195 0.53048147798221 0.543115129312405 0.587237561792487 0.71976586785742 0.760769622929427 0.563695687700479 0.627856839374453 0.460668580350717 0.515832723802687 0.578633933491082 0.29116849566873 0.862574526324202 0.863133925026884 0.654258175346904 0.735236185244588 0.370452547477728 0.754173906964668 0.866855307151021 0.843003482243525 0.781453845320785 0.824423160093506 0.830127033788802 0.852954462734641 0.729753862218647 0.864657575589546 0.797745832087427 0.825817357015648 0.727094627836258 0.605239969425153 0.256186623248701 0.519128332533661
"11" 0.851878896867169 0.813385597284386 0.853403628427487 0.843101214320014 0.774391560061666 0.644820529127187 0.879629605989966 0.884460357710398 0.891773521851234 0.800344770743724 1 0.926285188436387 0.956147917749501 0.932077654708987 0.901223748545856 0.891959957693405 0.892693912862694 0.885706995776129 0.680000463892274 0.677480929043343 0.615193358510277 0.666365047523735 0.844520606999978 0.84632794518383 0.88365894065547 0.913123826332884 0.447451164043492 0.547220915207454 0.886822432889111 0.855252745234133 0.890791124577584 0.882342152406577 0.842872304835723 0.821150877824497 0.7602377137344 0.809994292768846 0.767487551119194 0.709526901964521 0.795585465589932 0.771519992009129 0.668415661460435 0.66632082675098 0.590914813976717 0.80152974843299 0.678001144250006 0.841430132236879 0.649425882160362 0.756943460998197 0.589742063170315 0.669658839282652 0.705665964686828 0.719431504795536 0.276768408946309 0.577068795002668 0.667617774090081 0.814701155821761 0.851409773745748 0.796179405630457 0.545815843750843 0.658584527656277 0.77002436240151 0.747325180159192 0.919061117629894 0.858223115361507 0.774794745089363 0.760102493309691 0.610063399434293 0.620953737975683 0.675615608789878 0.456239829239761 0.828284059739646 0.822430624275706 0.766853088527963 0.763443524262768 0.33704474210989 0.778089928466906 0.849813018377055 0.801120670755877 0.75577156003111 0.766078587184199 0.85658855455751 0.848215737378082 0.803229060187298 0.798055911736564 0.898108378681968 0.862832867298099 0.660257223722052 0.677001876876125 0.212990303249742 0.515285789748299
"12" 0.883096357927917 0.875162724300019 0.922982776816437 0.926586816883783 0.788934167679727 0.680615543609949 0.922476129718491 0.931692267448508 0.889568800685534 0.862881897809943 0.926285188436387 1 0.943764396590778 0.973329475999171 0.918629133368151 0.937437370395566 0.855032203188929 0.914997822001838 0.706269578108047 0.712303614358353 0.683292615192008 0.750119627351565 0.929835234612262 0.904930388167852 0.890434079725408 0.92329758404186 0.516357641864529 0.634143308104009 0.890191935264973 0.901301565107849 0.948797132399869 0.951449391746682 0.849675832277584 0.877902542935719 0.772277675489364 0.848237707007403 0.794508420760412 0.784886769831869 0.836896728807254 0.866608267332689 0.717400331103918 0.743359260257583 0.558140965963362 0.822288352992973 0.672807861052591 0.838219318364639 0.645910600084078 0.782531513843002 0.571860521989395 0.691493748062741 0.692226623153678 0.748575006340064 0.304141638385689 0.620487427180882 0.738279127907621 0.878628673274767 0.840879908831341 0.825855951044911 0.553773644910673 0.68085689177664 0.728981724818848 0.754729762927828 0.86377720580034 0.899334250279586 0.72073814856625 0.78362368496559 0.618045408426785 0.62550275411053 0.71910279578454 0.480190517353467 0.894507119130737 0.891356163721681 0.710612431171862 0.767209889055336 0.360845657260904 0.794183115812127 0.876732753793452 0.86054384715343 0.782504400701559 0.834060672603451 0.827563050052513 0.901593025138859 0.819542877040752 0.872498241234185 0.883527414787184 0.897368806452046 0.676577638067075 0.708051045284642 0.196928795263371 0.550351979027841
"13" 0.851751507625749 0.804251966257864 0.873473218117749 0.894341230056471 0.770447608871608 0.69485372588696 0.904925598212365 0.915397249746359 0.902482207837673 0.80522524457042 0.956147917749501 0.943764396590778 1 0.938846944849477 0.917182285522454 0.910159523096889 0.874868415941747 0.895470386326364 0.679259970679646 0.725252436420109 0.627786454389771 0.716525629294707 0.879154495855046 0.881381227472327 0.920664850670092 0.924440764773509 0.469023501805875 0.586897231626887 0.890443374355049 0.867157171830784 0.898381789727719 0.886736053996231 0.803468796003586 0.817669078848224 0.812786405560595 0.852524660438538 0.776595781858127 0.738088987126964 0.796293043950411 0.811898847004677 0.691985089399416 0.669597711440769 0.624054656217108 0.848566585321573 0.744799612541568 0.879710335132909 0.725038546903875 0.828929862244161 0.661714492373088 0.739283041578246 0.763734595547178 0.779923730812025 0.382039162521215 0.657939659893624 0.742738614473048 0.857454388891685 0.816882894133553 0.780389893134297 0.625180171961971 0.67942615286838 0.808372251345485 0.780065323407192 0.926150663744882 0.877493461773224 0.819033079661729 0.824921917943276 0.698718114724048 0.676047113946765 0.65190974324764 0.509884046030917 0.819910181182447 0.806372306746094 0.726999374896717 0.732053353181506 0.299152189746051 0.731007811870852 0.821133571846572 0.770744909823037 0.744395145103757 0.763850200245034 0.792100276073558 0.849865152848474 0.8545995251706 0.815023023926137 0.917051884479941 0.870201021275366 0.655837740284504 0.686706084441971 0.261508926806111 0.585225379854194
"14" 0.862696430450069 0.858754686371894 0.9205771341089 0.909197786091314 0.804826329113336 0.684816824888661 0.907811378721797 0.930615458618868 0.909917020521094 0.893515573102227 0.932077654708987 0.973329475999171 0.938846944849477 1 0.929339142321764 0.952232014035715 0.867847307238365 0.9291399319783 0.721849105709668 0.707979995972261 0.693914853067253 0.703217984767061 0.917880682516421 0.914232607514807 0.913527021761128 0.932116909500553 0.458841565016695 0.578815971690942 0.89673918157041 0.905546466594897 0.945127347080877 0.943846446592754 0.865700443138541 0.88065112263781 0.769885632898601 0.828319640481017 0.804548653289543 0.794725635357602 0.868161600047922 0.867649671123482 0.726111174098213 0.755147523622301 0.566513611683378 0.810146765989997 0.656827394238468 0.822511349012571 0.669286437590857 0.787442593345004 0.569441822372198 0.680971729322376 0.687108906711026 0.74764132520735 0.284298850493449 0.606613274124318 0.732621829942974 0.881511275405326 0.830270002785547 0.822373301920036 0.547734313803421 0.676926667864422 0.717459565038776 0.745436519487263 0.858686986782636 0.895668007724838 0.704953798386233 0.776344601133768 0.603075265103021 0.630686034631043 0.702540682525709 0.459004904531282 0.891143908789028 0.897813320342461 0.745211500694166 0.804964017102878 0.373243382733218 0.806123630477201 0.882835699530603 0.866358533907155 0.789465093907185 0.840491910494193 0.853455121555809 0.908301916523522 0.799543973929661 0.892324529776955 0.882315197091992 0.908000457209409 0.701098168736744 0.738004372258954 0.203050823855752 0.547223198609564
"15" 0.789063656330039 0.799529175717302 0.896594708316686 0.899997138341246 0.869415515514808 0.754044030575668 0.88026215691689 0.896123794070049 0.935081901652769 0.918848528943937 0.901223748545856 0.918629133368151 0.917182285522454 0.929339142321764 1 0.961905103297645 0.891722352652356 0.909272109925246 0.672970741079555 0.69195166737618 0.747529944372239 0.704196220409272 0.886521389224737 0.925212095154682 0.909299455868665 0.943144669828559 0.575202781140361 0.683825815356625 0.920703904218713 0.88691720343247 0.918864705706697 0.907463797291369 0.787445659643384 0.81647549205279 0.719572338410032 0.782262728121869 0.822879071480865 0.757648086220261 0.868086860547408 0.830700840033368 0.710094469931313 0.713602666187194 0.579396095277387 0.818852406549498 0.660686168551292 0.846411671415857 0.682574814127574 0.793913243278177 0.557491647436678 0.674425383971192 0.694304043506143 0.747474766777769 0.281602955724071 0.612010476984105 0.7382094744601 0.859686118292669 0.776653647155692 0.747093700541236 0.476946909580178 0.599160252435715 0.645920875429284 0.662117131693711 0.822717651033739 0.811509506295786 0.681451440447611 0.708281132840755 0.548546049797453 0.575095970916405 0.64566354098125 0.389796628647959 0.886615439446677 0.883370341930547 0.698627812927508 0.754467678866676 0.330713784373837 0.796194988297409 0.880082659545425 0.8428104231422 0.825519230573801 0.824488261804869 0.844718773079728 0.872260358765526 0.827817411965487 0.868125635446574 0.892570600193482 0.871477034848955 0.77315556220249 0.627898153568368 0.313551592260153 0.572176530996624
"16" 0.782312040003929 0.773410832317244 0.877203256706118 0.899140297312586 0.841483260788104 0.738727805259208 0.860327042015157 0.890450829522751 0.924547523635896 0.91943848857099 0.891959957693405 0.937437370395566 0.910159523096889 0.952232014035715 0.961905103297645 1 0.876783228021203 0.922154915930997 0.70473091522149 0.671712875748504 0.739096278486657 0.69262389828639 0.904692013171352 0.920496162619228 0.921311424622895 0.945276385074575 0.514824889678804 0.612134855178178 0.906987580506131 0.906880032539723 0.918082596753491 0.901938749150333 0.813788089691602 0.819080107788566 0.754925266915364 0.805475077092161 0.827477178685861 0.813823541566838 0.883712511304962 0.861394709128352 0.748312138567172 0.746399440127391 0.565350045056905 0.831564683756004 0.679149470381961 0.857030423394591 0.679067626436573 0.804222720921514 0.57957788114832 0.70405173388727 0.691556151770702 0.776217492398656 0.250560043639163 0.617122261987809 0.700689772928458 0.886197937121222 0.779495036013663 0.744594790747 0.494383690571798 0.605957972822289 0.66608819356199 0.686682530268819 0.805962207827641 0.848040708406001 0.679841698319172 0.756128454636739 0.580561772525648 0.591927497440472 0.627602176653455 0.396194029703334 0.880824536397285 0.881061251442773 0.743282729701732 0.799186286552762 0.362265179841598 0.797835734662564 0.87175605674291 0.862750757695691 0.811696326385397 0.852208446485626 0.829436407811388 0.896348168931522 0.79703340168338 0.892268147916023 0.882775535258953 0.923907241017726 0.713939399711093 0.685668962139597 0.22359496315004 0.527892037988083
"17" 0.683516912184143 0.69425429929634 0.770341631568663 0.81027643722301 0.721700607369503 0.578525596891795 0.762707449408102 0.78878256337364 0.845938147498666 0.842432685364746 0.892693912862694 0.855032203188929 0.874868415941747 0.867847307238365 0.891722352652356 0.876783228021203 1 0.944661912824788 0.616885451433989 0.651844685138383 0.711167950139573 0.597626174630332 0.788959697652261 0.852836728192616 0.866720895204885 0.891991220550032 0.420830697081987 0.526344426904405 0.943710915839351 0.916926889917933 0.869078486911755 0.858482993368594 0.749583727985796 0.74419148798698 0.683247629598448 0.758191139169676 0.864986330640801 0.774292843946268 0.849245465575914 0.800840820966688 0.735193388265138 0.675656123451157 0.629954223472421 0.831439213910512 0.68042806805446 0.833461247053363 0.708555427244346 0.805384005203575 0.563010690880195 0.619509476922753 0.681358729924281 0.705591758995025 0.18413736267639 0.547340221690339 0.689696656348205 0.821098755748311 0.736185677286825 0.674665539771774 0.425127851595165 0.503227507012632 0.60346407298277 0.585635124852811 0.846141205589551 0.762110655230307 0.668782741549948 0.669050720303142 0.516762564317373 0.53707512697586 0.527024194785172 0.302332886775918 0.86019281788007 0.836785322744352 0.781974240283222 0.804561146117557 0.34473249819428 0.761281782712515 0.879112872589714 0.842906972740763 0.87655306728797 0.858002420907286 0.893453689523941 0.902089487554636 0.840115387184819 0.841149751986746 0.894731870554422 0.845080660862929 0.748944125537237 0.601661645919401 0.169683301635781 0.408819263366441
"18" 0.713977176505498 0.757610912768565 0.834732403013417 0.852906167119544 0.758189642983567 0.614952384297632 0.811704593634201 0.83816216079533 0.873627942494051 0.874371272539782 0.885706995776129 0.914997822001838 0.895470386326364 0.9291399319783 0.909272109925246 0.922154915930997 0.944661912824788 1 0.663342327922217 0.698711869138606 0.76371398001932 0.666049857894697 0.856970481852454 0.88943735444896 0.87443456611238 0.923839158727007 0.456351229996549 0.521579207061904 0.966528150864488 0.971380348950614 0.93620037657143 0.921686622469637 0.771358047327619 0.786298128053589 0.702799882995471 0.798467116611339 0.895201813378906 0.841162685349358 0.897189376668083 0.881990229193864 0.803042838386101 0.766332078724474 0.590067175799923 0.837964967324396 0.658892566756676 0.82954717789886 0.690326736184515 0.80944482017026 0.539190267090256 0.618622741608883 0.664554734365873 0.720825357538847 0.213316070089723 0.556598519381247 0.731529105524724 0.873055046457621 0.723596408376912 0.717406869994258 0.439186696629986 0.526428009785798 0.594145984368488 0.613254128525115 0.830924911585227 0.826873490305258 0.62596176845051 0.680234679560816 0.522186696403199 0.541848549425636 0.56515329143237 0.334800062499209 0.929016685087378 0.909651408844496 0.796750516681783 0.846322246622263 0.381981382963982 0.796590252333723 0.916084469693386 0.90882747680389 0.872614342402296 0.928296998969369 0.892120818817215 0.957069396945063 0.861948907394487 0.903944110178676 0.890640220798837 0.883405202584386 0.757954124213474 0.672404348316169 0.0931398506541754 0.392263286086858
"19" 0.6547189962042 0.659789537879752 0.727337446386583 0.796560054842104 0.603862569485034 0.433739883080606 0.664260733925264 0.652840990064084 0.685060848960172 0.625626284715901 0.680000463892274 0.706269578108047 0.679259970679646 0.721849105709668 0.672970741079555 0.70473091522149 0.616885451433989 0.663342327922217 1 0.856835522096465 0.518771293467718 0.471175551597147 0.793210566646569 0.78737340588624 0.688480671516666 0.643865783135451 0.408429421832411 0.388731754936314 0.635224243172224 0.66432014957095 0.725691478944797 0.706912729219983 0.716486695725016 0.738861754158287 0.541250591595745 0.572444061888947 0.583328700424282 0.625852739792476 0.701686357385146 0.690073418441847 0.548265750948514 0.743537985283824 0.332213469827363 0.573814690916066 0.432323980568871 0.584440554789714 0.427707445114702 0.552633006885771 0.319486748550044 0.46611094407303 0.374734275294681 0.520249545139538 0.0235209337041796 0.414180452413768 0.485161664146497 0.614683850618264 0.644002627156248 0.678731684402203 0.337164519574014 0.50595619506416 0.51761023381045 0.591579539420925 0.632661435438679 0.740865491034492 0.504743225899575 0.585026943800732 0.411687488604231 0.471160107281722 0.583813769637424 0.276452338623811 0.644996768984248 0.640156290749927 0.578835438857299 0.590172603470156 0.370965258721656 0.584627415773118 0.623321198631071 0.629256171573772 0.619613020045158 0.626783300920066 0.665914598591898 0.679744473289611 0.548812874341273 0.671550654554428 0.610386662690684 0.7223023062778 0.543980114388123 0.602515271587407 0.028133377459043 0.290483222872721
"20" 0.678056899673793 0.743343111639011 0.741950251039589 0.810518135640253 0.552226821835181 0.498062335942126 0.717801500028244 0.717030333297152 0.666797804029286 0.635284524910201 0.677480929043343 0.712303614358353 0.725252436420109 0.707979995972261 0.69195166737618 0.671712875748504 0.651844685138383 0.698711869138606 0.856835522096465 1 0.545846005158591 0.500137212803698 0.74271752611314 0.801167918023438 0.676902087520653 0.622402188259286 0.449247787039433 0.469995536359236 0.649123421046576 0.653555961732547 0.704392013626029 0.698152513849253 0.717172236087835 0.773330081158069 0.621938137471562 0.629342290776226 0.553353060313325 0.563467578679285 0.635544900701657 0.653947906375152 0.494604452263965 0.6374360014387 0.507545807425824 0.661039996917274 0.57171762080866 0.673984885548201 0.579730183054585 0.658667499237766 0.463193659183908 0.569542130647982 0.531917140605425 0.598372363297271 0.225404648430207 0.521683916359769 0.593185120558192 0.645301686860567 0.670591990546021 0.769618097082227 0.493233843948392 0.619471049283439 0.618116399020023 0.689883283966044 0.730098361821391 0.777578137508381 0.626036090535753 0.658454978702189 0.556740420547187 0.586823456571063 0.647011828461686 0.43306877824758 0.623451904768805 0.599086790287665 0.483372313995213 0.499120436590692 0.27199542848081 0.524913922733134 0.636798323521885 0.57824135445298 0.639373135089285 0.621124404250205 0.656163311537259 0.675524163673913 0.615420567801631 0.626058829713882 0.660487505215109 0.670831369195043 0.525634665176529 0.491920435752351 0.136427321626986 0.440084451994959
"21" 0.55500414946752 0.596043178728277 0.689474361948384 0.670694652028081 0.688028983141885 0.594689099422671 0.629447204500581 0.636656859280173 0.70162502807883 0.729070472433089 0.615193358510277 0.683292615192008 0.627786454389771 0.693914853067253 0.747529944372239 0.739096278486657 0.711167950139573 0.76371398001932 0.518771293467718 0.545846005158591 1 0.470290884951541 0.724945322955309 0.712003627072617 0.620126990956582 0.715043411301189 0.614181934644857 0.572906943775472 0.763941455859791 0.763350555231906 0.723976489728626 0.725982984468065 0.560360604474246 0.578297726727691 0.428786967604897 0.491625179427429 0.723528941484989 0.629960997599076 0.755481640368103 0.701728921560871 0.561081567702454 0.561555105219694 0.463513208877302 0.647292801655398 0.473467089699226 0.597394724309521 0.53307399857615 0.61770904565712 0.356073295763105 0.417686880627621 0.49699705988623 0.528014228024404 0.0907958983669204 0.407855322718874 0.57024971163736 0.692952003266756 0.53520988174277 0.530204407233391 0.262268214663569 0.318928723803656 0.336126976023056 0.352095269303724 0.541049090300781 0.538036939561237 0.378561354692443 0.458497438001949 0.325344434137025 0.315434579988832 0.512246091562592 0.23026682819536 0.754412050104361 0.755987236593119 0.522963418924094 0.601558046770032 0.204823349655126 0.698124481272811 0.70895046561241 0.753497851518591 0.809259038228589 0.750957573502461 0.65489668618287 0.763577440468305 0.657640028684817 0.765422592672939 0.7101826534085 0.712304076885297 0.724577926213851 0.530796615764576 0.149962462181135 0.30520256895756
"22" 0.643954462025477 0.643477737417279 0.705586017133532 0.733532793314801 0.689095767380819 0.606026869458722 0.704859047500588 0.663901961858504 0.711320670610468 0.639029986337192 0.666365047523735 0.750119627351565 0.716525629294707 0.703217984767061 0.704196220409272 0.69262389828639 0.597626174630332 0.666049857894697 0.471175551597147 0.500137212803698 0.470290884951541 1 0.723153663685068 0.678564253642778 0.661615785810172 0.74263056266712 0.691388956440046 0.696784585234537 0.65024568846325 0.643413233820015 0.763253112899513 0.752476671757804 0.587290265372542 0.656340000376794 0.579568064164133 0.666197193774563 0.612755317332837 0.607172815522688 0.589701651188381 0.647720170895302 0.613585810674725 0.517430568118036 0.334013889970268 0.574253437884038 0.411074915932553 0.588494662732485 0.366224302612638 0.569618242711208 0.321685647910806 0.455379957578852 0.495112797806902 0.509949244149659 0.406519843842173 0.433719015876632 0.694185923213019 0.653803177912097 0.596054571335117 0.613705252299589 0.391118540688768 0.504133315899429 0.553330830766332 0.600669213377327 0.650921788449278 0.685346746683111 0.546776331558485 0.547090256635874 0.41876130518156 0.439395318453774 0.519035383047539 0.374834748873314 0.712571762588434 0.72173259502665 0.4955447763603 0.533290578083702 0.277877998232662 0.613934351954206 0.691587509999274 0.658910087365666 0.500504243687172 0.614669657882145 0.613588251767394 0.643959070816089 0.779339558387792 0.664808715176125 0.669949258852071 0.61748613445857 0.599310673329757 0.579741787380178 0.242119055545236 0.410946580122072
"23" 0.841903305871873 0.798490477028935 0.941318399501303 0.925538266268933 0.777853736694947 0.695689485894591 0.887682279009297 0.866766412636586 0.847390392540543 0.823449523403955 0.844520606999978 0.929835234612262 0.879154495855046 0.917880682516421 0.886521389224737 0.904692013171352 0.788959697652261 0.856970481852454 0.793210566646569 0.74271752611314 0.724945322955309 0.723153663685068 1 0.934265153919473 0.84838443792194 0.898383097948441 0.576846108206375 0.644453536368846 0.82716099756161 0.855607086340399 0.929023481152525 0.929155880385771 0.830751697188897 0.854520621560195 0.716311306878159 0.800389646491171 0.751142635006962 0.784216526960635 0.821758637342115 0.874996369435369 0.717547410281675 0.748981531054567 0.475151610777258 0.777119558908046 0.62278544205405 0.766577963005045 0.596726019280827 0.74766015883232 0.482475624712693 0.611808501784407 0.596694462629222 0.688850473312745 0.259558056953895 0.588275239757856 0.694524807203801 0.838516630553527 0.766883582724036 0.767094953326875 0.460545961063011 0.569560148560023 0.630995694262467 0.661425951860411 0.777937852887983 0.82931855109001 0.623621092788392 0.696396835630727 0.555725904244227 0.564832952280368 0.688988238350332 0.456946360669439 0.871838426636033 0.870522346071674 0.657776897330565 0.757308650815411 0.388244178851737 0.763356792185805 0.81107679200656 0.842250865472276 0.755926197093781 0.786317955253742 0.74597310232839 0.859816906103569 0.780358318311351 0.884241157170233 0.806502816832199 0.874182113093079 0.724354259475842 0.75206413787869 0.218657542433901 0.469747730626954
"24" 0.779027056300121 0.795531661178889 0.906893448092794 0.949717566075317 0.788465694004147 0.69190408501895 0.863368279177534 0.876894369575539 0.874255906849161 0.887199558070967 0.84632794518383 0.904930388167852 0.881381227472327 0.914232607514807 0.925212095154682 0.920496162619228 0.852836728192616 0.88943735444896 0.78737340588624 0.801167918023438 0.712003627072617 0.678564253642778 0.934265153919473 1 0.891870321499412 0.897602764398224 0.527606118228394 0.624146341189932 0.870045848400241 0.877957187548126 0.900876082532543 0.900629715669531 0.806464482767051 0.832214853187792 0.7246601475702 0.788178183639074 0.784679416247802 0.781581076859411 0.860283625464342 0.872026836741342 0.730449258240511 0.745936602427569 0.536096904699298 0.826779580616344 0.668817216419577 0.819588802501434 0.686997405648209 0.806029357064489 0.543125596977714 0.662750562621125 0.648381080679571 0.729650640689463 0.257126651338679 0.621976771619149 0.714981439465036 0.850170885186002 0.765457133523611 0.776055456165986 0.491498380295915 0.598092505793962 0.642857601409877 0.681526383974495 0.786332747391325 0.838508593191591 0.664965508063422 0.726909379656288 0.563821662861589 0.58863932175469 0.64173980240518 0.387953804395503 0.847181902951353 0.849588098534528 0.680106451976596 0.755371393826656 0.387989362606167 0.739366710833642 0.835604285649298 0.826653898052657 0.781557698476906 0.81125149664187 0.803652790087443 0.877378747996537 0.779166101144105 0.875721087445226 0.826064777136009 0.875861963791368 0.74296079083777 0.645688285296102 0.262076702426474 0.527801954307985
