"V1" "V2" "V3" "V4" "V5" "V6" "V7" "V8" "V9" "V10" "V11" "V12" "V13" "V14" "V15" "V16" "V17" "V18" "V19" "V20" "V21" "V22" "V23" "V24" "V25" "V26" "V27" "V28" "V29" "V30" "V31" "V32" "V33" "V34" "V35" "V36" "V37" "V38" "V39" "V40" "V41" "V42" "V43" "V44" "V45" "V46" "V47" "V48" "V49" "V50" "V51" "V52" "V53" "V54" "V55" "V56" "V57" "V58" "V59" "V60" "V61" "V62" "V63" "V64" "V65" "V66" "V67" "V68" "V69" "V70" "V71" "V72" "V73" "V74" "V75" "V76" "V77" "V78" "V79" "V80" "V81" "V82" "V83" "V84" "V85" "V86" "V87" "V88" "V89" "V90"
"1" 1 0.899995550318795 0.655231748197559 0.641036618616689 0.507094330432488 0.421746831596532 0.836534439233055 0.750599999195396 0.57824790220007 0.369260225732854 0.870888103620867 0.733781884474136 0.760411105095748 0.657434545658053 0.576121864794964 0.66400792650677 0.749110430937521 0.778344551089879 0.878038706225182 0.863699045994986 0.424285245152704 0.355793914035804 0.639649323006526 0.627150316967117 0.344780599334682 0.424892903996498 0.353924818393933 0.371135287814426 0.828819592309458 0.821553036937141 0.679543317853312 0.675420582916424 0.818413767239056 0.788188341227775 0.566724217208476 0.586264957240423 0.612589786766773 0.541969563953051 0.605039715949922 0.659325513303476 0.590855348393029 0.508671741243285 0.594838974581657 0.737154918040585 0.649769586545975 0.707344972837028 0.689834852533656 0.687844726285053 0.687452187708658 0.645300109359536 0.70716727858259 0.638165156126734 0.683106533315479 0.559716762994755 0.719233089835763 0.718409195902739 0.858294011543395 0.790434955690923 0.729812144843649 0.719983027050373 0.781021767185071 0.50456239154621 0.834066798890501 0.72760862169139 0.442593515270005 0.512559229405854 0.740489071784307 0.682366186295473 0.83611605451134 0.775984347182653 0.714706387998885 0.650430195132805 0.749684726833714 0.700432180392049 0.536781116654842 0.245865785823603 0.781611455479645 0.789691118596412 0.773006539692366 0.756234526639128 0.856875520957781 0.792173457913279 0.743266512005649 0.728545878687936 0.794887245453147 0.704813124632427 0.481159825005993 0.510007508998373 0.674805694005956 0.781223242185046
"2" 0.899995550318795 1 0.612421016935568 0.729259770637027 0.439169029890114 0.401663333959281 0.795024567702497 0.829481794392821 0.498302228125885 0.333065888271623 0.83104438725276 0.795609725737223 0.642089786580144 0.699849522002913 0.486052053839121 0.668205060659526 0.791512976148058 0.823243467231946 0.804428201748191 0.874178870029945 0.407370827280511 0.387698201956552 0.619364452204116 0.714669587773504 0.31693100603899 0.420819435097771 0.259653729515037 0.297560156923856 0.822523300426222 0.860670917217576 0.707587466797192 0.741122066595857 0.871206623460678 0.874853140547945 0.613711219577062 0.704604336548402 0.683042633671745 0.581287339851412 0.610386279091965 0.660345149682212 0.65850275378649 0.56333740973479 0.684587920040535 0.824939915347503 0.761208107301367 0.842190145872496 0.750374457652954 0.786807397371245 0.805802241647155 0.793946297030283 0.821014430384493 0.764212378276928 0.788095672405701 0.692544585167309 0.796511656620472 0.828499595769544 0.853818152458342 0.851119233324891 0.771740007819555 0.808375622826759 0.708369822503977 0.538496480958237 0.811542872411083 0.785086530196952 0.391754698134219 0.600034159296565 0.813799965454639 0.814556220821652 0.871391045561239 0.829886683948062 0.679864802530668 0.67609382619222 0.781264863021475 0.737358566054931 0.504406261261843 0.239975820674108 0.777037084304294 0.818769858957972 0.807943111003108 0.8194029456525 0.873855289748036 0.851403148516859 0.696604404359273 0.746692168331825 0.779299994389854 0.787181117183097 0.463018163839014 0.558223648275149 0.68833734080836 0.814543307004661
"3" 0.655231748197559 0.612421016935568 1 0.709747022727571 0.657303573386855 0.358804265176976 0.843527509567595 0.519484032074252 0.539857508978154 0.165543423068512 0.515093194187485 0.362501638550366 0.701478780843872 0.303538549234473 0.864406024995809 0.768549294424421 0.406045351258881 0.471014838728838 0.658176933293602 0.673394983545079 0.438002152845469 0.351583319535819 0.95477138743859 0.703592536296839 0.750251572795219 0.730483337688724 0.666455142959075 0.586814715857708 0.625500683949944 0.524082323277457 0.880906835717792 0.791390399235944 0.722414653447714 0.680840340390624 0.827733483899977 0.687394697469278 0.648602099139204 0.49441976986301 0.658947997668398 0.604107561879404 0.564467946587978 0.476782109710011 0.4592431020294 0.638267659699301 0.616419546544617 0.525109696620929 0.525954300814418 0.550660302045673 0.591241963532962 0.560217893880719 0.614666124219846 0.521066215502446 0.503665695383916 0.474316035701658 0.517513519002829 0.571116037922918 0.479017530922085 0.406814662156173 0.44335793263256 0.405439655302034 0.611944498298373 0.159471590876703 0.766134288350821 0.275671065171742 0.771799996720348 0.595178993885427 0.635501107311861 0.496499322928362 0.642847012350102 0.689155962728897 0.727585505733743 0.656997111855701 0.640083452385904 0.565513158152613 0.481776431057312 0.0734694179169008 0.670932229875982 0.559958173809284 0.550937597992565 0.579223393973422 0.593411166267605 0.523323654972108 0.775962777466331 0.560403040358512 0.785830601528027 0.59011300464869 0.750951762336024 0.727473136572691 0.498338691461932 0.59737203605043
"4" 0.641036618616689 0.729259770637027 0.709747022727571 1 0.600605527232745 0.580552009500352 0.775916150879916 0.85202429601261 0.585018577733194 0.473895349125403 0.575269553157124 0.682270081649053 0.534778672645078 0.655889541277862 0.638862694767026 0.86458911593861 0.483415499467116 0.534254887334339 0.517245107042651 0.664807020229786 0.384728193205753 0.475190961330947 0.768228598106768 0.927979233073742 0.442738126151921 0.654272294107261 0.434514059323494 0.460521553403341 0.656529528374653 0.704249403614433 0.810323088771692 0.896170274010235 0.795607904104824 0.807704709278963 0.713573173746695 0.807197708828282 0.582400404460869 0.576875409880213 0.66861629853848 0.69150825786894 0.50276384142538 0.559510915749343 0.56340208729291 0.676270379819562 0.684072801904246 0.693094197481463 0.652921763277961 0.716858797437458 0.70583292539489 0.734870411790913 0.821881281620317 0.778170779307312 0.704120596062726 0.740628481546787 0.715843598096801 0.795527881948365 0.59406498828781 0.571326226674921 0.600390173717796 0.658199684154811 0.678165992439456 0.559541675786538 0.773580206476803 0.601375046992217 0.571469610077792 0.813511493385684 0.765114333071624 0.767513707467533 0.731233873784029 0.725811337670786 0.693875711985402 0.660475861864112 0.683202972978362 0.622979499532066 0.450050349496732 0.0728541527438822 0.654393105550361 0.718922030792409 0.62973936318941 0.655250366557356 0.639997001066002 0.634485224859413 0.654733232850732 0.696026535052328 0.806523616212592 0.870892205622109 0.578525344228721 0.786504024193574 0.629902915872388 0.773645304590242
"5" 0.507094330432488 0.439169029890114 0.657303573386855 0.600605527232745 1 0.712962152606942 0.661309907999281 0.541681376241628 0.753595267925385 0.57982589834175 0.564897773592977 0.478394353608995 0.663043310342696 0.488805316149039 0.78317723655546 0.712500455610743 0.164099924451887 0.232337400860481 0.351385275992968 0.379244767981999 0.701464387480642 0.436134246501466 0.655418355356481 0.521472667182752 0.454424355740804 0.554030517240064 0.735180592692323 0.708911276118414 0.455800237051698 0.3704494115544 0.621119065748638 0.613490733145557 0.48007845337959 0.455384145181134 0.484056685247169 0.43957013443662 0.526772925053236 0.351290881108737 0.612391961530054 0.56339275164922 0.488472633260451 0.328268357025605 0.305814288896712 0.434656692129493 0.363284569949398 0.366023928235823 0.403521410284508 0.433569477780655 0.439046224251927 0.435184421884803 0.562007470697368 0.516261077219629 0.417114135215268 0.407050618253343 0.420103487469032 0.467087776031813 0.344621310749805 0.282113382133557 0.422794188236114 0.423137221320443 0.634808545076658 0.381435272823447 0.585020694919066 0.308518140532933 0.561273779338715 0.513746114775268 0.499239945479174 0.423446911435737 0.460971938671774 0.438011749732139 0.632489414204095 0.590428698995031 0.444294073688279 0.399029513917222 0.218694753446537 0.000471134225599346 0.473862165655464 0.46990624843998 0.389302011657614 0.361357185952426 0.394555537103463 0.367703715281918 0.589912610923443 0.41851498697672 0.677088259110293 0.564106245490717 0.527616905616165 0.619019360723881 0.404509545937034 0.507497546687206
"6" 0.421746831596532 0.401663333959281 0.358804265176976 0.580552009500352 0.712962152606942 1 0.454890245856677 0.566251103940515 0.634136290768163 0.785777987804505 0.527698062008298 0.643927981702265 0.507173690943878 0.589870948465156 0.476321159593953 0.640663372575526 0.136961100469364 0.187531704517837 0.191675540949695 0.326868955691367 0.588923085538557 0.463284827321116 0.385908455970643 0.540479130045992 0.283956970125851 0.537651173697696 0.584324503794155 0.618381429162509 0.313480858444324 0.36451489527927 0.430605856960287 0.447634056990787 0.392531316349486 0.377148340889134 0.330454020193088 0.449269735752133 0.344143652786107 0.320503951849914 0.555178326026067 0.623384155289626 0.268475592348641 0.225494521253778 0.268717713989309 0.282005912529774 0.256926438382413 0.329979684543422 0.383595436152926 0.418986423095739 0.342851337120042 0.437853354334414 0.562487925945884 0.616649334972281 0.386072663429305 0.467354097617216 0.418506600832602 0.525121320874745 0.320232379007972 0.271521509169273 0.344040612543728 0.428367913618273 0.519863030923277 0.501785291002986 0.432274496079054 0.359702761221297 0.340035584958105 0.568537959349705 0.495196175168946 0.54326895316162 0.398740394223164 0.350209582225148 0.552041835623483 0.491743725536116 0.349773371905053 0.272384382161874 0.109093672330632 0.00777665064409582 0.422181319249915 0.492668420076633 0.321393691770912 0.323126601605438 0.370844033692797 0.365818198304039 0.348982579493602 0.39191703708947 0.577761963839288 0.593266290488971 0.336775051199253 0.532370566994163 0.367447779168506 0.494445832083759
"7" 0.836534439233055 0.795024567702497 0.843527509567595 0.775916150879916 0.661309907999281 0.454890245856677 1 0.799549498777463 0.746546325148705 0.398497357095527 0.773595930457291 0.630872147715625 0.844904033130196 0.632050118873307 0.808929760781493 0.817528198713372 0.588277589670574 0.645421676570723 0.782373413354893 0.770507620302356 0.497331528389866 0.514647006907526 0.842667176814255 0.754292731700969 0.495365087514624 0.585098482585349 0.553373139071114 0.498887923208422 0.824102787986036 0.754337570113297 0.821103655323206 0.777186959234618 0.852170596995434 0.814332559260491 0.706422964549483 0.65280116852678 0.711520230208561 0.614291742856039 0.722109111446276 0.694846125445307 0.618687652338208 0.547596568298908 0.63484072535397 0.770167913405748 0.729091849099736 0.702196319184283 0.724854088154244 0.731980250029437 0.747807835871025 0.680008610206974 0.757641186305075 0.651749685933507 0.71915806183702 0.623437705769394 0.733127073539303 0.727531028527111 0.686809186710933 0.640256394985198 0.692172095327779 0.67068381564879 0.869233800830039 0.493426439778805 0.854500411442602 0.634100042977986 0.668951740520232 0.62252167519191 0.77689604535063 0.657222869534763 0.800057690233829 0.800296178286025 0.798517616688779 0.724309754136636 0.740994527046125 0.635616150751231 0.520056181247834 0.168302350027266 0.808778780287691 0.754701911160558 0.687322220690888 0.715396911231396 0.750172021433496 0.735042259689923 0.814047751705376 0.733827215447771 0.863447401257258 0.724134994023686 0.618409121422496 0.626306553640129 0.753446133653053 0.814932500932503
"8" 0.750599999195396 0.829481794392821 0.519484032074252 0.85202429601261 0.541681376241628 0.566251103940515 0.799549498777463 1 0.67936197576508 0.615400261238295 0.744155571119528 0.82434299795477 0.635459162563044 0.882230073029171 0.524735167710247 0.779715107897605 0.628114764543314 0.659761170220971 0.600088671763612 0.699647093067154 0.431007337036727 0.511244770605629 0.594896966243171 0.819370449015391 0.221382345142428 0.433354629850178 0.29074373061415 0.311809990090009 0.759383497136954 0.816071521050814 0.671190293945334 0.758624637347136 0.803745721194004 0.836310500130563 0.531578948359647 0.65615763469943 0.631185973535672 0.61049604636743 0.638281408345621 0.693025015888103 0.573021213115613 0.613313947059581 0.614513306728129 0.703869944875009 0.70058469162548 0.743643696173434 0.732180596934466 0.764395988090854 0.742364879346851 0.739945315432522 0.826781945322111 0.763787552781806 0.765882518895337 0.716573660663541 0.784626870699614 0.799486845325383 0.701427581009783 0.728705055612221 0.679015412190653 0.798905551561699 0.820754955596384 0.809979293215654 0.756558755680204 0.855543337736752 0.469663966890095 0.735313017582396 0.757000627998622 0.776599155918906 0.808381916910838 0.750353040529843 0.695654711679107 0.681583940824421 0.71287327377474 0.654652586887864 0.423382636104651 0.189048126030085 0.711139536562407 0.797293391644779 0.731268267078416 0.74351793696522 0.761647397651676 0.76947602952286 0.63609465927014 0.747378800745112 0.781846597751311 0.813131807811636 0.444848648224682 0.568609905343588 0.742116956204159 0.849726279571771
"9" 0.57824790220007 0.498302228125885 0.539857508978154 0.585018577733194 0.753595267925385 0.634136290768163 0.746546325148705 0.67936197576508 1 0.695994644131562 0.642468702783172 0.503897482971153 0.7614097372703 0.655523404411762 0.762791631730267 0.692056495678389 0.401927780852799 0.426126088580614 0.493075069643522 0.503584442009682 0.599679740553313 0.531270837512586 0.580598537969004 0.593318909661671 0.349046509512242 0.510858281746356 0.551089617556944 0.475448419948465 0.617571962985294 0.591160270881604 0.604795097829535 0.539340475838578 0.599651174093352 0.574841770146596 0.443088021478929 0.426105482639126 0.575344548316974 0.541779186550708 0.675096656500823 0.674839294052337 0.44668578546798 0.467424095711477 0.478808667944106 0.493082099903785 0.512788890830659 0.482440213159272 0.576898686448771 0.555856232263786 0.540431321855115 0.479313799997142 0.573797720691491 0.473431217102292 0.545192161674833 0.474342276005942 0.570419124124663 0.546936825988615 0.476432059101875 0.476604510637148 0.52425736978111 0.526132846893677 0.769712800400941 0.526352360100931 0.60528581527506 0.574897641144382 0.502806226083101 0.425742183612976 0.577636684369452 0.459680670272549 0.584403541427306 0.551517152592919 0.692356539520745 0.657615362572683 0.58543027189813 0.50936157672125 0.33177742126274 0.170340359584989 0.608624782826328 0.598322625463269 0.52295071271969 0.50919644495834 0.542782532115638 0.574349121293102 0.590988829619304 0.611047303398159 0.638479267624795 0.532822991913884 0.440132604505427 0.458695787652075 0.601186042031376 0.60207175271098
"10" 0.369260225732854 0.333065888271623 0.165543423068512 0.473895349125403 0.57982589834175 0.785777987804505 0.398497357095527 0.615400261238295 0.695994644131562 1 0.435025011030259 0.541419145858309 0.470561227548577 0.686099343562061 0.394086362473774 0.603102889867296 0.175820871201082 0.147987990427085 0.16074773299574 0.219793622569805 0.468061122467048 0.36565130361525 0.242468360592528 0.468906137323642 0.0956216403290586 0.341917170836199 0.406094606876012 0.40931952644162 0.304377629486448 0.37268476288883 0.297890230484204 0.356683737143199 0.295180088618966 0.32675451132642 0.152240475737416 0.262941517639645 0.354716640140558 0.295498267719951 0.44746369169776 0.546144435007041 0.208815291480836 0.286829288741705 0.202887057509806 0.196708855194703 0.216128865276731 0.260428335709514 0.351370228182533 0.372928273297124 0.277740135933617 0.321932727390188 0.447324639059663 0.435174788940564 0.320180786401881 0.390760699388749 0.362989817986055 0.391725201123122 0.265689806595027 0.268842587890692 0.273134168772123 0.425164561745666 0.583244484176093 0.721090072330767 0.292095431322754 0.51154632145931 0.29180774439982 0.480548887161127 0.320208881069912 0.379710483119641 0.329955279703028 0.252235170112467 0.4182417374958 0.40911212307127 0.277773930503151 0.281376273931771 0.0752836757516294 0.102669863663496 0.349459854687357 0.435520909291952 0.393559531347518 0.339722372556244 0.37091788296525 0.388585429535697 0.272997534130772 0.385013260458131 0.455788117941921 0.457798861545659 0.170381850743527 0.311281202125573 0.358113782332282 0.451039048009935
"11" 0.870888103620867 0.83104438725276 0.515093194187485 0.575269553157124 0.564897773592977 0.527698062008298 0.773595930457291 0.744155571119528 0.642468702783172 0.435025011030259 1 0.827664832269077 0.828591627323755 0.746643054832352 0.531143400956443 0.61213863771207 0.635030055547383 0.688494310885338 0.712852486302643 0.733724455629245 0.436886463689433 0.375599889549845 0.505829271526605 0.542211967325392 0.167774810609244 0.303180143558965 0.31157457069798 0.378068751123014 0.789909259978797 0.763767403551129 0.558813035105751 0.564126766416178 0.74349317065521 0.681501348818077 0.397385682413473 0.457250461874373 0.56462239883811 0.465531180063735 0.637938472225555 0.620576769296045 0.564562245457091 0.437408002010457 0.53948551046174 0.649174921938687 0.563777152170099 0.656445551646375 0.657105976860644 0.650272004764571 0.667961167508597 0.623854598982504 0.716324459681817 0.657181449954365 0.703611656185798 0.525304048339933 0.696323869071399 0.67969315377854 0.752078631878983 0.717352361572603 0.765452960477406 0.734348342438058 0.786624410706902 0.532360656308027 0.790950523167345 0.730958891340018 0.315681906189096 0.427412351583321 0.705031784620584 0.660673057927263 0.746213406223575 0.666663339451623 0.624856902365392 0.597552290916413 0.70980751903674 0.628173128056512 0.485995614291433 0.226704874280698 0.715570655582399 0.744459355223182 0.666062157415801 0.680743559969694 0.761972583914929 0.738007116398305 0.641962928063501 0.671857670581107 0.745434500518624 0.67405189870725 0.427698357713985 0.468733906367887 0.684844051477308 0.732455075891898
"12" 0.733781884474136 0.795609725737223 0.362501638550366 0.682270081649053 0.478394353608995 0.643927981702265 0.630872147715625 0.82434299795477 0.503897482971153 0.541419145858309 0.827664832269077 1 0.63351136554764 0.849826102268786 0.334416376312944 0.620778015086268 0.48923814064324 0.550957155540509 0.50673677408574 0.606959645616757 0.35310918590468 0.325857114921064 0.386839048729166 0.621132010031474 0.119876992733204 0.302595661767114 0.248187519017203 0.298403695221028 0.604982950231646 0.689234361387686 0.468449780384098 0.569973621498298 0.64414102398888 0.625192056192705 0.360389214303085 0.546701127247938 0.424454846807168 0.413686038877605 0.529639260578655 0.611974146684825 0.432655418830313 0.416215402698165 0.440435348000127 0.551926846533011 0.458179248719193 0.604276019263925 0.567304498638977 0.610582432159409 0.570907683462105 0.620266453239575 0.776188594799272 0.794019784292766 0.660930960917706 0.606400416724164 0.673074164889551 0.71200556551002 0.623774741957266 0.622604595088851 0.635729157659447 0.726824003962086 0.675976873604973 0.680992199331019 0.64172023477134 0.699924633338422 0.259597339567807 0.625411511229567 0.683224725929854 0.754948485632626 0.660882875472 0.564748399700214 0.545317426930243 0.507925466749057 0.582272472918123 0.490355540212733 0.279093031544478 0.153742397193893 0.590185206989023 0.722224014476397 0.551807139827786 0.578553289532891 0.66115619216167 0.667273976763051 0.444222826836235 0.575694268665832 0.711711515602288 0.785380794878562 0.314448139766931 0.495905474924656 0.641090765232241 0.715044723030367
"13" 0.760411105095748 0.642089786580144 0.701478780843872 0.534778672645078 0.663043310342696 0.507173690943878 0.844904033130196 0.635459162563044 0.7614097372703 0.470561227548577 0.828591627323755 0.63351136554764 1 0.667356266446728 0.773563560945271 0.715140779481067 0.447413745485086 0.486832962882181 0.669057192166908 0.608639384006624 0.445972946025181 0.283702501348154 0.688774315171704 0.538405773807875 0.437047322609601 0.445373645443363 0.543750849777616 0.470711264634152 0.705584184821671 0.61664584351898 0.634499131326325 0.564602451307593 0.652748726166302 0.576676354719858 0.500896707436252 0.411569373932634 0.566023492109016 0.438889699426238 0.648782574262329 0.612988414774783 0.482962396207521 0.43524501911919 0.395763856442786 0.540828401260862 0.473456580518481 0.452486649787897 0.537032938035655 0.527501832983253 0.53230265279789 0.460871557863281 0.600014153369353 0.495548280840762 0.5138900915343 0.394309190792377 0.526909978660196 0.510888607837747 0.518717524957434 0.467301936213796 0.520304325905606 0.498742312746906 0.795226135097761 0.432600491327215 0.725659548307867 0.503126428691783 0.593036347391485 0.430476495052887 0.55798642541159 0.444485339231776 0.612614615271066 0.572539773647374 0.668729219657427 0.574226747096226 0.621214461660163 0.535965154761825 0.433738708752251 0.176999189405626 0.658318237700639 0.579072124032855 0.551023566133378 0.545384822121446 0.644691546821937 0.606400044593457 0.68345382140988 0.56877333839644 0.746969254004812 0.512893137684161 0.546422763452355 0.475158076287631 0.598254980207871 0.619562899386063
"14" 0.657434545658053 0.699849522002913 0.303538549234473 0.655889541277862 0.488805316149039 0.589870948465156 0.632050118873307 0.882230073029171 0.655523404411762 0.686099343562061 0.746643054832352 0.849826102268786 0.667356266446728 1 0.389591051676356 0.66130621254675 0.50972238095869 0.513042349622365 0.463995716394665 0.540939966020286 0.343215553674014 0.332499040296114 0.369974452125038 0.638450515608162 0.0496518409391905 0.233387868648828 0.190861620120776 0.223494675745193 0.62111156461416 0.699018617914625 0.443625133458789 0.563044747916289 0.599195291007216 0.627917414378472 0.266966885768348 0.403250796000776 0.448968314716127 0.448664919546574 0.495959524926157 0.554543042361267 0.436495715783408 0.484649977277595 0.415003156277553 0.51250894209632 0.465107805907038 0.542376178504911 0.579549030327051 0.594586359991009 0.561449725214384 0.550275745349378 0.695726078296857 0.639421436996444 0.59945300539966 0.536849852944769 0.627342680827399 0.630491576276672 0.555164171394862 0.587054788709725 0.526888477992288 0.649376708962669 0.708252682613465 0.788341682332702 0.580750627135479 0.785167771675608 0.273302264933882 0.54085481872761 0.548266440465194 0.5993319635094 0.621709884568936 0.531592936546156 0.540957342128775 0.544080935230804 0.549188640940874 0.519227317950386 0.290864663030926 0.204209418642647 0.529411089402758 0.655999612393234 0.600553699175756 0.560167040271346 0.645591164985593 0.661419872297035 0.470966203788508 0.601425559334766 0.622827348608179 0.652042396694106 0.283287591625106 0.398273965927945 0.602819564404983 0.671434058425505
"15" 0.576121864794964 0.486052053839121 0.864406024995809 0.638862694767026 0.78317723655546 0.476321159593953 0.808929760781493 0.524735167710247 0.762791631730267 0.394086362473774 0.531143400956443 0.334416376312944 0.773563560945271 0.389591051676356 1 0.803831895396514 0.322678181032652 0.367731723549516 0.544188055202511 0.531905541887505 0.553923847969625 0.453848741350799 0.876134254776545 0.641227925425178 0.662023552002781 0.711202896945098 0.752534342030078 0.661945757904979 0.629674776212798 0.507917917438101 0.794385331573616 0.710799258476592 0.642410896517022 0.590432395704133 0.679694874742501 0.531077317445305 0.647491416794754 0.509193632107353 0.741819548293763 0.66192979216762 0.507468925711073 0.472124537146741 0.416724087705624 0.550339750903237 0.533190082602669 0.432627535991465 0.52810435299103 0.51684104292466 0.541507930849244 0.478313917267957 0.552584310719155 0.438865271940902 0.451598880149929 0.437668655591759 0.474242042981911 0.507218680860422 0.393414410688509 0.331706461231005 0.423278507328496 0.35853960526272 0.653534606750082 0.218064808178237 0.681821250788075 0.310213865465194 0.739769899247301 0.479390775782632 0.544341384032243 0.386587863792769 0.574159220322271 0.587251733436269 0.738293900998199 0.660324631418825 0.607066788667803 0.517997749844323 0.386990828163966 0.0353293720679451 0.631666526709346 0.492456028099963 0.494761798648196 0.509326446668289 0.514220394795056 0.471248989228876 0.744431991324189 0.564777356249386 0.726867778619933 0.503457977596511 0.709409117831145 0.65249278048402 0.488316894173194 0.551240614231263
"16" 0.66400792650677 0.668205060659526 0.768549294424421 0.86458911593861 0.712500455610743 0.640663372575526 0.817528198713372 0.779715107897605 0.692056495678389 0.603102889867296 0.61213863771207 0.620778015086268 0.715140779481067 0.66130621254675 0.803831895396514 1 0.421286102241809 0.458511757929565 0.531646664452447 0.595847715547231 0.516963352181192 0.473725715115743 0.817198358454215 0.830333221348982 0.538436733102997 0.695684705087135 0.613301699688855 0.633994863110602 0.650832947898702 0.646799028127292 0.810891739005843 0.855657137856557 0.709440780876897 0.698159355765092 0.687445318679897 0.678008214662195 0.634485244310053 0.522749758615491 0.701656649133958 0.723286057392672 0.547125494317969 0.582335251674254 0.446952653105204 0.593175984355392 0.575739312917706 0.561198175211433 0.585172631522586 0.629836068211403 0.599752898717909 0.611442056687093 0.713522056703282 0.661404513062772 0.556769649779315 0.604853445967084 0.582129255599572 0.675624661111127 0.510905129201493 0.448891559369677 0.486360488306025 0.53227591973399 0.70279590744316 0.508149418253703 0.715995084731788 0.513643280204678 0.658429698515156 0.704504022400961 0.633681811949315 0.603739109231304 0.671308404876631 0.667208690405898 0.713624269356513 0.671173953764756 0.663279973813854 0.594084457629904 0.392753867619905 0.0776521453847475 0.665903512094192 0.648697525203514 0.629497758281034 0.628313722558665 0.627975862465099 0.62391589375444 0.690123554722566 0.667582221661649 0.793984511122444 0.736089772811158 0.65921614805099 0.763142365818462 0.556845508356141 0.719250962418471
"17" 0.749110430937521 0.791512976148058 0.406045351258881 0.483415499467116 0.164099924451887 0.136961100469364 0.588277589670574 0.628114764543314 0.401927780852799 0.175820871201082 0.635030055547383 0.48923814064324 0.447413745485086 0.50972238095869 0.322678181032652 0.421286102241809 1 0.944056280864941 0.782270891788347 0.836280070588389 0.267735146706166 0.326531831037154 0.458114732877079 0.578839517042196 0.254424885608683 0.315770944432826 0.0160378237249364 -0.0012490106504461 0.848105022974254 0.86815633559657 0.5896921283689 0.571562859154991 0.802888525525178 0.815595376813105 0.543735218836183 0.571408971435471 0.619047524537101 0.647174360378465 0.432769019422874 0.561625395425057 0.572271689411138 0.586964926379119 0.761039770813853 0.739188256283497 0.76840501217344 0.794241232251959 0.747834780775601 0.735822718830042 0.727773867509646 0.665860484691731 0.57142027421177 0.485478998707246 0.710276897620668 0.516003629516079 0.744873969616021 0.694188377382048 0.884028751446673 0.882764949641703 0.686899105586376 0.712806827325818 0.536552391269016 0.382133211190441 0.705012377614916 0.785327507859644 0.254740380833428 0.352760507975012 0.724656647500161 0.678589328039937 0.805380858225074 0.791000315628654 0.573903593598227 0.605608382315686 0.745051479384005 0.737253860990733 0.522277522136492 0.407662312871682 0.716812972434636 0.748201247875897 0.858969900090338 0.816040134362884 0.877907013605265 0.844089111323225 0.614399818337773 0.76637001248106 0.529651602587855 0.543840752996303 0.336994405263596 0.375429968633742 0.624618649522133 0.67068548786211
"18" 0.778344551089879 0.823243467231946 0.471014838728838 0.534254887334339 0.232337400860481 0.187531704517837 0.645421676570723 0.659761170220971 0.426126088580614 0.147987990427085 0.688494310885338 0.550957155540509 0.486832962882181 0.513042349622365 0.367731723549516 0.458511757929565 0.944056280864941 1 0.79195408901256 0.854705342840981 0.294467467058377 0.383106630186787 0.508883562050958 0.603022584401588 0.253766766826824 0.352762457337163 0.0657184817437777 0.0489242919470069 0.856314770814359 0.89264644907894 0.626302976027688 0.608666617445944 0.840378734550056 0.828793068971398 0.570412084304872 0.603698625910936 0.651002724700969 0.600250407974328 0.455895631937549 0.565515090240634 0.559803819806448 0.569401530834821 0.78686751627675 0.781626334380206 0.812110974770592 0.830705766132011 0.763600457345023 0.768316916431475 0.766040230504247 0.703261797326498 0.596785404441451 0.5212037803223 0.739599110158027 0.541158747802439 0.765515092087729 0.716157524158342 0.910165066295201 0.913467173819842 0.755358941795873 0.752707002549368 0.580035883383641 0.379247459103816 0.744422451093302 0.774415965989828 0.263867544888745 0.385502661333045 0.772764845304666 0.722490356261086 0.852293979205603 0.832140563791628 0.615917587782242 0.61776808993431 0.776706251204105 0.741168332646185 0.543103143766014 0.364363310641724 0.755447063197193 0.770979349421695 0.841808298736703 0.841847795053443 0.866242717590668 0.854770526429945 0.639660330373767 0.766301893927718 0.576973512529963 0.568545349370447 0.374859743607504 0.426909246992615 0.666130711229236 0.714929034104108
"19" 0.878038706225182 0.804428201748191 0.658176933293602 0.517245107042651 0.351385275992968 0.191675540949695 0.782373413354893 0.600088671763612 0.493075069643522 0.16074773299574 0.712852486302643 0.50673677408574 0.669057192166908 0.463995716394665 0.544188055202511 0.531646664452447 0.782270891788347 0.79195408901256 1 0.911595615512713 0.350572093649226 0.245035278816761 0.652559321237223 0.539873179095698 0.334901512037994 0.332014631169355 0.235667736734824 0.198824004733588 0.819500454258613 0.798658928182745 0.689958893565206 0.619620904699648 0.807310214510696 0.778291300369926 0.552454364785914 0.526840408015426 0.588638311611133 0.525111245852882 0.504792622605275 0.548234625358676 0.51316312492854 0.491420962166949 0.604468371886079 0.740105474483259 0.667118061804463 0.671297405583756 0.63015267638312 0.629582908696845 0.640959406119289 0.55062278147195 0.552442840925477 0.423540098066492 0.599829750773455 0.456764070674767 0.643340686930631 0.592525744892828 0.773758627275094 0.738211319544662 0.596488069095691 0.565234995005517 0.639351433805385 0.286150710103783 0.777726124613027 0.633956863757169 0.400485671579561 0.346610384536478 0.658725770719939 0.545214183224785 0.793355537528698 0.793632211265788 0.690678300711231 0.660829673648782 0.770355113417508 0.713398176271731 0.602899027410082 0.349695054249092 0.74468716609536 0.717160738879651 0.737763005987484 0.738100974759557 0.847975198408826 0.77753072200208 0.759703354300754 0.699823799202721 0.676442290721499 0.526089246721018 0.470113291537727 0.421609669450241 0.612523071725623 0.649742665359836
"20" 0.863699045994986 0.874178870029945 0.673394983545079 0.664807020229786 0.379244767981999 0.326868955691367 0.770507620302356 0.699647093067154 0.503584442009682 0.219793622569805 0.733724455629245 0.606959645616757 0.608639384006624 0.540939966020286 0.531905541887505 0.595847715547231 0.836280070588389 0.854705342840981 0.911595615512713 1 0.336329374281029 0.347631543572736 0.688883383073363 0.716047545605878 0.371621494858046 0.458118837312115 0.239720364389346 0.218018051229071 0.864588686884198 0.882321078845129 0.775276246548137 0.738046987577875 0.900329804651305 0.894040797297125 0.64340227752331 0.677196261853993 0.664911492209433 0.646013727704118 0.595526683859828 0.644719527889733 0.583945739829229 0.549550491957976 0.696688477954101 0.784480162822294 0.757262425681899 0.779105040843824 0.734022466998969 0.729194272445466 0.740761866907842 0.686276325165953 0.673615104963788 0.581009735350256 0.720416451366866 0.597128298111885 0.760229718009555 0.758562162996084 0.837010466913344 0.816371969224475 0.672154415696027 0.664117413135989 0.632519561253103 0.351548891575285 0.832261155873183 0.711069837560821 0.373256536972497 0.47659744611076 0.7864280265512 0.700902931665349 0.872487734886593 0.886956226737236 0.745614408296318 0.744954978014877 0.820707181928168 0.771312010426212 0.602270082127927 0.332449140803206 0.802637062083786 0.822700575944231 0.811374199755007 0.828970034221687 0.903628703254731 0.840473532964018 0.76740964022727 0.788962070423946 0.730001836717362 0.673571344977044 0.520500687642075 0.552068719728581 0.674643851116772 0.730193732932542
"21" 0.424285245152704 0.407370827280511 0.438002152845469 0.384728193205753 0.701464387480642 0.588923085538557 0.497331528389866 0.431007337036727 0.599679740553313 0.468061122467048 0.436886463689433 0.35310918590468 0.445972946025181 0.343215553674014 0.553923847969625 0.516963352181192 0.267735146706166 0.294467467058377 0.350572093649226 0.336329374281029 1 0.54813752561304 0.417696368560858 0.330194323994846 0.325692222064861 0.394465972327829 0.604157230244659 0.595155853078663 0.377875755717991 0.333410812820593 0.462622777490523 0.412126251515603 0.426319923146791 0.401322412803558 0.372988764122927 0.39582793339843 0.445759236064113 0.314374189130258 0.486724500607425 0.478148064711535 0.492722260483774 0.285974865656983 0.366641900139107 0.46166130494118 0.373901917198419 0.39977386659366 0.375179988475865 0.415707367600477 0.381950198546685 0.383291417366251 0.405277927196416 0.389705292794184 0.343305898441597 0.336025782022336 0.328170658493246 0.382439596339593 0.356648280937833 0.34751092404924 0.3889248566416 0.426390232525351 0.46083728558969 0.286486112014759 0.449472032931636 0.306462468191474 0.38495864842264 0.350523179791139 0.469995536211136 0.412659691247745 0.440314176799729 0.425513977865822 0.553088842323447 0.539323991224358 0.426970822689539 0.375966063178703 0.0821639527018162 0.0019182583420254 0.38095184797237 0.392180558909462 0.350710876377733 0.358211898733579 0.38155542542643 0.397658369088863 0.426160791852418 0.346952502781795 0.464841366631784 0.431884854628309 0.262365769124025 0.413902656719625 0.264800043549408 0.405870886452473
"22" 0.355793914035804 0.387698201956552 0.351583319535819 0.475190961330947 0.436134246501466 0.463284827321116 0.514647006907526 0.511244770605629 0.531270837512586 0.36565130361525 0.375599889549845 0.325857114921064 0.283702501348154 0.332499040296114 0.453848741350799 0.473725715115743 0.326531831037154 0.383106630186787 0.245035278816761 0.347631543572736 0.54813752561304 1 0.347123588403766 0.477632154037895 0.200839542890972 0.475067055140675 0.497309900802318 0.517704735722042 0.457677548440662 0.418688443861748 0.430187933738654 0.397769413937044 0.501160717519888 0.477675611899397 0.363548702154213 0.383588658163762 0.501116735857174 0.533712955352382 0.531365749199387 0.512364353690893 0.433590769318606 0.372688893317866 0.567119610748123 0.44143852672333 0.498590632941892 0.507757758361145 0.563554763647613 0.540949826398899 0.534392308875468 0.528977393577937 0.457751464935724 0.482270639190855 0.586588098765523 0.563004088874174 0.573359362628661 0.573815568161805 0.453178041004294 0.462596908795686 0.574837041541209 0.550494862098478 0.506304370649302 0.370638299862455 0.423627817321615 0.45195153782124 0.254817366323789 0.411794285588787 0.587916767316599 0.522448083086098 0.515580345232023 0.510573828038475 0.533419943339079 0.492963958968181 0.389870862173663 0.231096512575868 0.0899607874024135 -0.0642310794214142 0.541837620082153 0.532658278026764 0.352116915151681 0.41192849032981 0.359020301482382 0.394503471550646 0.410473637171968 0.571407956124121 0.462279189229567 0.489521816722548 0.320959330438261 0.445247647499117 0.602220999023318 0.620554703938871
"23" 0.639649323006526 0.619364452204116 0.95477138743859 0.768228598106768 0.655418355356481 0.385908455970643 0.842667176814255 0.594896966243171 0.580598537969004 0.242468360592528 0.505829271526605 0.386839048729166 0.688774315171704 0.369974452125038 0.876134254776545 0.817198358454215 0.458114732877079 0.508883562050958 0.652559321237223 0.688883383073363 0.417696368560858 0.347123588403766 1 0.792685577509701 0.725862265505644 0.752766931426336 0.609011946486116 0.512657203346933 0.689411199960681 0.610280474824771 0.924532815922322 0.849109248827363 0.757945173599033 0.739158211229387 0.843564222993806 0.721281632529285 0.713483286798936 0.568177276809193 0.678311501225926 0.646987783951191 0.556351583431074 0.526898476293894 0.53972098345568 0.668731326191826 0.683032463248654 0.585117007413555 0.610367234524759 0.631912492145046 0.647579763450914 0.620360580649382 0.661960008604598 0.552396490285902 0.560511684573704 0.55432659536651 0.582719454996628 0.631760904309005 0.504621983888601 0.433837061404878 0.453685658031405 0.445816414088777 0.637991041066331 0.241554983712255 0.78009150230759 0.3442192103122 0.785496992368281 0.61340686032913 0.652163414733374 0.527467664871996 0.669939443514932 0.725675757386284 0.77119962757171 0.701396520342375 0.689071654399957 0.612468246084953 0.492760655101425 0.089727742121344 0.702812403749756 0.597734998074523 0.592747496253148 0.628700814279194 0.620904080179817 0.551706313980037 0.810111220404375 0.629964686544927 0.798004849725477 0.618237837793401 0.751758601320642 0.736340691096991 0.547759250247855 0.640257690688748
"24" 0.627150316967117 0.714669587773504 0.703592536296839 0.927979233073742 0.521472667182752 0.540479130045992 0.754292731700969 0.819370449015391 0.593318909661671 0.468906137323642 0.542211967325392 0.621132010031474 0.538405773807875 0.638450515608162 0.641227925425178 0.830333221348982 0.578839517042196 0.603022584401588 0.539873179095698 0.716047545605878 0.330194323994846 0.477632154037895 0.792685577509701 1 0.501949123987892 0.726050885007288 0.422985086358212 0.376395163852013 0.697086058216781 0.754629448130809 0.829465301903244 0.874428765854863 0.817010365037243 0.846813067873582 0.757250942934276 0.809194339099641 0.689983129252019 0.714137988235542 0.684933422471655 0.742946956136638 0.530647727301592 0.612333431580841 0.649789426585688 0.674930071189139 0.730720766659538 0.711415810495137 0.722531721834423 0.757505874956786 0.724557812353537 0.753389365482601 0.7939538135588 0.739242816108999 0.735549951700162 0.764062179719586 0.774584394764669 0.847374309675522 0.632610001025962 0.61872030154367 0.569569427280521 0.638169027625899 0.652622292828126 0.534530217367714 0.734297553567202 0.61215364318084 0.585710229606094 0.762566863473402 0.773243305089129 0.743557746738391 0.748298494984074 0.776282355269998 0.7309481112868 0.707098658261648 0.691904857224819 0.633901868325105 0.473560964999537 0.079886542019578 0.713583409381043 0.755738727223016 0.681443286867079 0.718552268242113 0.694378144201016 0.678236731456751 0.696316175088629 0.778054372857175 0.770713720995683 0.813611866134114 0.626857585189923 0.763804555890263 0.683651818659962 0.797620881260744
