"V1" "V2" "V3" "V4" "V5" "V6" "V7" "V8" "V9" "V10" "V11" "V12" "V13" "V14" "V15" "V16" "V17" "V18" "V19" "V20" "V21" "V22" "V23" "V24" "V25" "V26" "V27" "V28" "V29" "V30" "V31" "V32" "V33" "V34" "V35" "V36" "V37" "V38" "V39" "V40" "V41" "V42" "V43" "V44" "V45" "V46" "V47" "V48" "V49" "V50" "V51" "V52" "V53" "V54" "V55" "V56" "V57" "V58" "V59" "V60" "V61" "V62" "V63" "V64" "V65" "V66" "V67" "V68" "V69" "V70" "V71" "V72" "V73" "V74" "V75" "V76" "V77" "V78" "V79" "V80" "V81" "V82" "V83" "V84" "V85" "V86" "V87" "V88" "V89" "V90"
"1" 1 0.802146920946425 0.346730076988295 0.456475346863197 0.137325574816686 0.402458194997001 0.57526237716761 0.437368824322777 0.246385623120334 0.322239767518492 0.678249009932515 0.541490433636479 0.683024044475018 0.578199464091002 0.57853453714937 0.580274415395338 0.767793831535832 0.654005009253929 0.667524245101582 0.668807603942035 0.606103343993972 0.228483912063369 0.469505942865556 0.511300515124373 0.301192787908139 0.373249126118975 0.33678710211331 0.337023858873662 0.54594153230851 0.635701628183664 0.549325552189632 0.578925827038629 0.576717650020431 0.559090278327489 0.25721395420268 0.264195266968334 0.5262716392437 0.446856375961764 0.428214597403104 0.465564028043748 0.227660888654367 0.389526398782161 0.639354772697766 0.597902089970366 0.397071436107127 0.578481887746837 0.61069017667354 0.544726719025018 0.62991622114907 0.677956850374138 0.628741196174204 0.506881793828185 0.614152398187069 0.480381210876586 0.72553755141984 0.641885676144087 0.88276114399518 0.76363094419115 0.61958853722346 0.492646504930967 0.497712998624268 0.357083700768824 0.685584809483158 0.417471432084167 0.182910110683337 0.185167180525017 0.464285197403225 0.325553958348871 0.778061846522014 0.660741272544466 0.624524482949342 0.529300254101277 0.74192979742936 0.742426460867455 0.489967226998409 0.42248265055685 0.629639475937804 0.565382397912149 0.661698040172536 0.571929990135069 0.791847177460047 0.660142597305218 0.616957355446173 0.565524609829452 0.458700234417577 0.453465693924524 0.582524095860517 0.402956918395099 0.546662925825721 0.591232947575831
"2" 0.802146920946425 1 0.302563348499717 0.491296282830724 0.19711011468567 0.438244448223519 0.404502415211883 0.565638653947667 0.174460035835916 0.471404698646969 0.605352741576358 0.751004036336032 0.535095286194586 0.633810604557527 0.357487738280663 0.550460709603373 0.769154173304593 0.753690383476468 0.627424621415679 0.763277667493947 0.567522670704692 0.3320777069929 0.339991083776618 0.391194247151152 0.26017573094864 0.276957625178957 0.303007701208221 0.329042677596173 0.630378777778134 0.784018373775699 0.506579908248431 0.537510973155882 0.672553259190506 0.693824541194942 0.304675963245805 0.330312573437166 0.605414605034365 0.518667851030459 0.487975872113053 0.485704068983612 0.295628523028188 0.480682645420393 0.637427963218061 0.682539782808726 0.492443143948156 0.688085614783421 0.64145555485121 0.607732854132321 0.690775053015337 0.703324854149823 0.709926577105334 0.557744803313129 0.728955216807459 0.489975716875925 0.689869067021218 0.640375049563421 0.80450735831684 0.762436483246296 0.653995427124966 0.61902294284695 0.529156804826725 0.506287939570439 0.662900761922092 0.633535965786917 0.0827775236851042 0.171439880460023 0.581760184189468 0.47254207942973 0.832575759711135 0.761017582136441 0.568972062962878 0.544692989760088 0.699764628321813 0.77647786066043 0.459585316297142 0.556137192019251 0.55383642469937 0.567798376874717 0.59564492176606 0.56598102748017 0.682683492781163 0.63543531260447 0.429996027159745 0.564705761437923 0.380842564559784 0.560694535291866 0.4273338071475 0.273779288755269 0.520239529864772 0.686758483357106
"3" 0.346730076988295 0.302563348499717 1 0.696073269155054 0.716187367734571 0.556104907416329 0.709752997307135 0.445260201954111 0.568007808167875 0.309560476024226 0.0676588369513523 -0.0903150593679584 0.228936266775675 0.0529846284028163 0.615809016057555 0.496173217322158 0.201674776892272 0.210581664981016 0.715475020868277 0.570745429422779 0.394313050403225 0.227245471332443 0.855920563237328 0.683966476727437 0.755345938177651 0.633728513649698 0.560052031226374 0.566915110305239 0.193391338613638 0.123717230926854 0.633094319410936 0.626295031405736 0.607788969688042 0.47602229709494 0.727914047722128 0.668404694826413 0.524785759647153 0.514448817942438 0.225787502094516 0.447128778142047 0.333251457685254 0.234555957822997 0.563577335330288 0.630532994655519 0.643791694131357 0.541043868145243 0.548617623052027 0.658576469959738 0.525005449638156 0.301697273630606 0.493468242494864 0.469616842391041 0.539969478022268 0.694952285957617 0.519030580691466 0.600396107166437 0.246190578346882 0.327511277616635 0.282130974169651 0.106516226907108 0.188316590934943 0.0779656049790289 0.336167098525067 -0.0197172599654393 0.765940864648414 0.565992847624559 0.647392698199379 0.546629424923253 0.48610496682447 0.378160753217198 0.671190767778975 0.546932066465285 0.440682916216343 0.294652513070884 0.325443710409653 0.336950660340194 0.471934685285398 0.350290399126498 0.265125344763113 0.238508372074176 0.529074067976487 0.534921874135818 0.449155030858911 0.44846323873316 0.777747480800798 0.570591805748996 0.43885698325873 0.367882774331149 0.375999384770266 0.515724420269716
"4" 0.456475346863197 0.491296282830724 0.696073269155054 1 0.497825028639561 0.588952752429026 0.519557914945526 0.812386355935364 0.490084913045152 0.389259222302544 0.132074140875321 0.215258263907152 0.23987965005339 0.400499877950581 0.427435337477025 0.589211735959071 0.416405313151 0.374857496463461 0.60972052224373 0.54376899862377 0.412625685555898 0.191405124424396 0.726472667217919 0.820122314062734 0.564541541629845 0.61210363404911 0.601992121581327 0.567951994885975 0.274088096832177 0.384255343450449 0.651586062361273 0.681486056949888 0.694862174550011 0.688980962969844 0.65384667092782 0.674011588618705 0.624339407158274 0.584030933257816 0.295044523033447 0.571358279057853 0.448543727295803 0.24614122024805 0.593065033468063 0.731352938408687 0.567707939795607 0.643020923220413 0.662727855650606 0.66798304635235 0.52870366520465 0.433095371843534 0.598180628276387 0.605043522080609 0.587099486090782 0.605464529978356 0.61043249612707 0.683064498811766 0.409227003231309 0.44698859366897 0.334387234452019 0.397148838289945 0.30429634341539 0.514013796337662 0.330760632167171 0.256791068639811 0.623312222368693 0.721680309924822 0.686573890183364 0.658607718170695 0.585798616594279 0.513254753430081 0.64549826960106 0.610634385167793 0.505451671624426 0.51826529331591 0.388332418730291 0.411303328828395 0.463675312167372 0.464831748266337 0.482933428191649 0.376517833418187 0.586632203821063 0.650828019188325 0.463345028662781 0.471394439932982 0.684166175727284 0.785225849328414 0.312684490908713 0.410990525372711 0.431632787499875 0.659241128445465
"5" 0.137325574816686 0.19711011468567 0.716187367734571 0.497825028639561 1 0.334933008169852 0.471070814107841 0.287376063179007 0.734393700427228 0.109288264597838 0.0490915657953805 -0.0738836571026555 0.187983598238705 0.0709332546851814 0.517990140167755 0.33891277719869 0.0428848804448927 0.105692819039545 0.620739078602396 0.412772731606118 0.209673835942516 0.00859011398481287 0.58344291464954 0.48414725522157 0.476250844964774 0.423004022425208 0.419419554205844 0.34702404718472 0.105158446563442 0.0556803065120933 0.363490150026001 0.331814653159556 0.416620206514981 0.336484519769418 0.602216641869114 0.501669215385638 0.374242431485417 0.315737615512724 0.19754554026442 0.335746079866284 0.35156024871428 0.0640412740673307 0.422598705028112 0.5112702794501 0.517479716428673 0.423664326943212 0.424188803492056 0.505886441318162 0.368104225768581 0.121333633243363 0.31096138785649 0.252084046849715 0.480257184593954 0.600331754987919 0.354386024260087 0.456540977205343 0.0889397828590426 0.223523189820011 0.19375506812831 0.115802981352198 0.108007869171928 0.0928099549320857 0.180216320554591 -0.10598526224195 0.622963199024645 0.439297213161063 0.464892874192831 0.338645422548771 0.313838264472183 0.169336356717693 0.48335582790575 0.349211138885414 0.33836312418993 0.187085780175662 0.229946465196139 0.254803141656229 0.244351553004065 0.228793031375444 0.0149835412938715 0.165977822848882 0.325306199908844 0.375362401129701 0.281914053665139 0.241349194176651 0.541341702328811 0.476328185864846 0.171288347662712 0.151279923508971 0.345770563235429 0.409548709976128
"6" 0.402458194997001 0.438244448223519 0.556104907416329 0.588952752429026 0.334933008169852 1 0.42710556689779 0.585761720269105 0.319711311781284 0.696232232628496 0.0846803275439518 0.181792034677753 0.182417610888739 0.317942072577699 0.333567692002141 0.486444077457725 0.39410542615663 0.373429121649516 0.535629871282882 0.465332028177031 0.491274323867904 0.257475857172704 0.599695077282068 0.570982453552467 0.565824471225336 0.583482080756465 0.565818345797847 0.592457510970428 0.178742694316748 0.318856849843438 0.566019323910069 0.663338455747323 0.657095865684171 0.564962582211517 0.652070037883601 0.694001593802107 0.536645495761638 0.598748815849055 0.295140145039196 0.53870539496404 0.278870479971767 0.355002621270738 0.625419001609109 0.612621373376315 0.543734469818323 0.57272551540503 0.54715517536042 0.588827722736913 0.58644196405282 0.510202613014798 0.618418866710378 0.636084218328659 0.574989211396925 0.58579015724973 0.592318126032533 0.64954889392517 0.352790616290569 0.373986089240392 0.418654868410029 0.387639658044069 0.318211171348555 0.409565045736148 0.320077411505149 0.138652885598016 0.56350574292983 0.606976047126667 0.672504774769316 0.653562275684173 0.533010227308454 0.469568007983341 0.607026106437928 0.607820027707727 0.472912495048688 0.390508460343478 0.233659210438995 0.238202177347664 0.537888559062218 0.608295223153963 0.472307299174071 0.377225306724105 0.56496396970889 0.554784678968795 0.321487465162288 0.422855757054584 0.594478403114936 0.679345586356292 0.568787163823621 0.444396591632273 0.401474210926271 0.615488782845801
"7" 0.57526237716761 0.404502415211883 0.709752997307135 0.519557914945526 0.471070814107841 0.42710556689779 1 0.485777757707612 0.58834162135138 0.27880999213751 0.557312672115024 0.200791704737186 0.712111201700316 0.39615117827706 0.82585905994084 0.651927250686859 0.328072992606919 0.22791132210541 0.712018386096627 0.533200449126346 0.48935396997399 0.197848329634712 0.63016567768209 0.505583645346927 0.33552819486542 0.315615807642975 0.338962848122676 0.343141913669116 0.421807518330387 0.265590588485787 0.481774843029822 0.537147218545841 0.552669127156107 0.439690501728566 0.334053410901388 0.282181940499521 0.338173928803308 0.344310842193489 0.167132892298101 0.335054760944791 0.0849498457124301 0.266678616299785 0.495167956436859 0.423918091541496 0.333870486056034 0.380812341361494 0.369439753755699 0.439416102084191 0.33321607932097 0.357183810078549 0.409518568788935 0.328456389927713 0.488422378888491 0.509714933860065 0.579679251858061 0.477001703530424 0.402175201051193 0.33323709779842 0.403350078206593 0.139861142634642 0.58242573158453 0.259345567594994 0.513133389499508 0.0291981625671196 0.561654026015887 0.371100620938344 0.449576803318931 0.3110281134552 0.468684348635902 0.316113560186635 0.648361563544921 0.470319719493752 0.55114586464569 0.38741860945006 0.371932950563584 0.21176339784095 0.446979479967874 0.267010513663013 0.378405508633914 0.196298056556642 0.579694356323419 0.511175273840835 0.557788580816936 0.452564014945991 0.747518016696177 0.454389961888008 0.503832283914027 0.301411427074814 0.574351484069955 0.47063685874007
"8" 0.437368824322777 0.565638653947667 0.445260201954111 0.812386355935364 0.287376063179007 0.585761720269105 0.485777757707612 1 0.352337617106287 0.620994910782511 0.319124252621646 0.50913797013515 0.34627369034129 0.650076026444995 0.272687087510562 0.682673903885369 0.392345880514542 0.31079168713332 0.48506810932821 0.451630957015835 0.48172695038839 0.185362192109037 0.440853962642516 0.552538835591893 0.233862471746744 0.28681134342266 0.398513006641671 0.446975347712838 0.423287718437187 0.58099357661918 0.551921271310238 0.641565876892179 0.659446225673214 0.724678353644511 0.354583297440691 0.436531171425181 0.521088610769506 0.466475021384055 0.25988855839469 0.487741181828063 0.328349977023098 0.134464907269516 0.464328963262153 0.614821234608865 0.362998104238312 0.601278542034329 0.547996839753313 0.486263954585363 0.450191482341041 0.473799860226696 0.557102622874815 0.539777886123412 0.533514649208124 0.417248994813647 0.521627541976841 0.520566948548525 0.369975323156254 0.297485942374566 0.314192643236112 0.452857362965393 0.543713544334081 0.769507085578507 0.320657594606696 0.378365512492354 0.36088414410324 0.554050886445987 0.583569900929698 0.577141075553115 0.499663821939274 0.470111652909817 0.589173782261914 0.510564046784526 0.48880008072499 0.581646622874592 0.306492450611648 0.371732165585224 0.300086854675282 0.387737219269505 0.476716893205498 0.321189971419335 0.43826758228537 0.55577131315511 0.334668904217049 0.359071465905514 0.501845374663902 0.747068600386151 0.266262658953352 0.247492026223969 0.439841551707589 0.626896334820318
"9" 0.246385623120334 0.174460035835916 0.568007808167875 0.490084913045152 0.734393700427228 0.319711311781284 0.58834162135138 0.352337617106287 1 0.0658167820944278 0.156020216896511 -0.060920285120759 0.348425927712452 0.305201698262728 0.562549901401161 0.348206927336565 0.0846435809785556 0.0605295142225009 0.45098021230145 0.187962853659892 0.317340982687225 -0.0643329963146978 0.494053085380208 0.550803398035817 0.355418445612597 0.440999909676868 0.474470303384465 0.248854608787413 0.0697381150068643 -0.0260424730843938 0.273071696841583 0.248962050260214 0.320924141174368 0.214189584680887 0.406678135056831 0.346738466850867 0.329950940271303 0.372921742752721 0.251563030083617 0.36127863927282 0.34242076416806 0.116362099167777 0.388574803578656 0.440427411804123 0.313568707920359 0.209470569401484 0.314794451038004 0.406473189270107 0.278019885567628 0.113192124948767 0.308722826065173 0.258880835795597 0.417734350741661 0.473414342238743 0.362213871730957 0.424452038643949 0.155821592017777 0.156115478686258 0.276368215101897 0.0769800831334261 0.336163067657292 0.249255230433243 0.0255686208264981 -0.221426154630994 0.648037962730459 0.573327699486256 0.358613409068407 0.220968338912991 0.308962743567578 0.107781122444893 0.468614172128086 0.304138940686512 0.413450507835887 0.254967412268281 0.299502597179181 0.140548920225291 0.200965340073594 0.23696628092936 0.171846326860832 0.184219200103502 0.40175504469974 0.364949099331829 0.375629250688081 0.2106299472855 0.513862237250286 0.510032638437894 0.201451629314667 0.210915930518505 0.484972221999474 0.378313688190431
"10" 0.322239767518492 0.471404698646969 0.309560476024226 0.389259222302544 0.109288264597838 0.696232232628496 0.27880999213751 0.620994910782511 0.0658167820944278 1 0.165774982929227 0.380204004828412 0.18536177836029 0.3203803790195 0.088400928438612 0.489446936407408 0.347976616521208 0.347684872757439 0.357616587614181 0.417278627255954 0.540956274413229 0.359940932414705 0.27450673195221 0.202737878153552 0.284937583840937 0.241145338411828 0.378495324100374 0.493479705564983 0.314477651212417 0.499451235916228 0.462450903256664 0.548184877909563 0.542753773240377 0.559107343150518 0.276303814610728 0.387712893642586 0.435005911714098 0.368327605211432 0.228742728537012 0.389409190699656 0.0869488251351494 0.276899885432174 0.439293961276483 0.429482025364743 0.384372857198181 0.535788523596328 0.4469468662505 0.375916404260865 0.550510040359821 0.522360618042253 0.571842148160853 0.504846838320916 0.506180495304675 0.412313660653316 0.4911067875977 0.459731057511849 0.299781390828745 0.231700716320145 0.34541561128167 0.372690103012208 0.43994479643143 0.523176408174765 0.262408543192661 0.32693739998168 0.203074131438146 0.25076352020457 0.478972499210424 0.466003269235462 0.461310666685268 0.489790653768354 0.518144446195364 0.479760604146136 0.334306659622071 0.408869913555852 0.0910250146506228 0.239528532142918 0.24587804061685 0.419304693293462 0.422846750695755 0.297111194497923 0.355332877209184 0.326328275249702 0.178324354758499 0.307541795946981 0.278000091382314 0.409064260718224 0.50379815467738 0.102396831661604 0.33713956209505 0.547761895337849
"11" 0.678249009932515 0.605352741576358 0.0676588369513523 0.132074140875321 0.0490915657953805 0.0846803275439518 0.557312672115024 0.319124252621646 0.156020216896511 0.165774982929227 1 0.699960591865432 0.865076552488159 0.626477220273879 0.535545008429774 0.503451319652332 0.413175099614354 0.31292987908502 0.470800572311835 0.460341247459906 0.428015166546252 0.138623066074454 0.104759087549439 0.102794039067625 -0.194281656369662 -0.12415677817892 -0.00794560318864057 0.0317524566532979 0.615412252818176 0.533683846742105 0.193337134639081 0.267680365542674 0.312873996976778 0.355236271027017 -0.147231076586079 -0.186076239253656 0.097137015133928 0.047349260657128 0.297773843490918 0.185571408311149 -0.0606704906626539 0.251808296910785 0.347272675327942 0.237382934921612 0.055177413336594 0.314310441559285 0.22828568028759 0.20443234789755 0.225641796643667 0.484096571472829 0.301924076193656 0.156281320016823 0.393004894139495 0.153836054174934 0.499085048293288 0.277213474797237 0.614933560511685 0.453442362261816 0.532990655914794 0.390708986608769 0.714582932941093 0.421592624202297 0.579284328842135 0.377912518539463 -0.119709003276863 -0.132931705016896 0.17920935082469 0.0395242902117596 0.412668715162653 0.324002322506946 0.357831691784342 0.313966931620677 0.549854669495632 0.56469948780978 0.426996090344562 0.327083996301681 0.246163293560313 0.213847300002757 0.30585944110866 0.180359804299071 0.390830490921891 0.279938863824668 0.314908507212746 0.26912178636743 0.264691968130693 0.217715573912872 0.36912353975949 0.0716809016294739 0.572342987677328 0.407435957182146
"12" 0.541490433636479 0.751004036336032 -0.0903150593679584 0.215258263907152 -0.0738836571026555 0.181792034677753 0.200791704737186 0.50913797013515 -0.060920285120759 0.380204004828412 0.699960591865432 1 0.567412796025535 0.763382171628799 0.167815992409729 0.470414554121439 0.487452154333887 0.468195784164561 0.260771819950853 0.452779833558094 0.339571376973254 0.27857277920682 0.0144771651090999 0.0747747129404703 -0.128254733554493 -0.131498087924345 -0.0586954904748224 0.0976268776471695 0.703288621880526 0.788869750735285 0.311429854575109 0.346871523080536 0.407288273879273 0.52078409715003 -0.116841105479034 -0.0860153394641416 0.249473837419663 0.191870224739865 0.353129909586775 0.216162885033835 0.100731125880564 0.310496230399173 0.269236417178154 0.29651735972791 0.0833975586055471 0.409981016252588 0.257438458500443 0.241991891960585 0.309850326224571 0.511893742404199 0.372067959164866 0.249714821947607 0.43078455919713 0.0818853047776757 0.419560368064597 0.241989412540599 0.557353456981476 0.464094844792064 0.47539883164507 0.5723669098309 0.564503703058192 0.601829077291591 0.530191466473904 0.68979196302831 -0.292200026513975 -0.130948573754309 0.261524784641829 0.20523661504189 0.477485887317344 0.46364642570137 0.263935967883973 0.305987856980889 0.452112890974959 0.620333320353958 0.242756783792768 0.36824019758039 0.270809194678319 0.403918057208436 0.392430933738277 0.260012181431753 0.35317976626228 0.349833420831616 0.153129600844454 0.305324922360338 0.0695734040579317 0.332496929821671 0.208535241017672 0.0348986875895606 0.376664484546387 0.43821333498104
"13" 0.683024044475018 0.535095286194586 0.228936266775675 0.23987965005339 0.187983598238705 0.182417610888739 0.712111201700316 0.34627369034129 0.348425927712452 0.18536177836029 0.865076552488159 0.567412796025535 1 0.680029203127063 0.723326905025786 0.555812989606095 0.423980573409671 0.277184552225225 0.568772042778162 0.466058510143351 0.474408376079855 0.205653366158618 0.322456690608597 0.310527810388626 0.0039205024797666 0.0503646248969589 0.127988755234174 0.154386539481668 0.589809864181657 0.444518237951614 0.324954252300801 0.383366150374809 0.374680619914011 0.365029011898995 0.0172342717913982 -0.0653778350896456 0.212541630708195 0.166339138126202 0.27580201633764 0.239677426898191 -0.0445860301977652 0.287794165405007 0.388259514234974 0.256381388760568 0.098455073993214 0.304478005100074 0.21719063935312 0.24812672523814 0.253608019618848 0.42765573496503 0.293724775573856 0.159337295826711 0.419394313462954 0.22159209854908 0.580709526486588 0.340371246552383 0.54397639862659 0.396546478997097 0.556467929200401 0.275004233176312 0.683756603193676 0.342739433721193 0.533638766116169 0.17778948100139 0.117754440018222 0.0563091669214368 0.251539120332828 0.0897552532794427 0.45974135243839 0.316660022654604 0.440966873547489 0.326539901644556 0.518989005216671 0.533144106595394 0.390327370339359 0.196547712543355 0.40201958651989 0.231382865108624 0.385072626109986 0.170137892801669 0.501092522458501 0.371159214395366 0.428146434149473 0.320959385584771 0.454230319456928 0.273283780879274 0.475234174215485 0.168742986605289 0.675071256897644 0.446368514161456
"14" 0.578199464091002 0.633810604557527 0.0529846284028163 0.400499877950581 0.0709332546851814 0.317942072577699 0.39615117827706 0.650076026444995 0.305201698262728 0.3203803790195 0.626477220273879 0.763382171628799 0.680029203127063 1 0.392381767812401 0.612676686005127 0.464128932787602 0.36141609753721 0.381255669451365 0.32555243659538 0.457882214478992 0.191488048597064 0.200561229159302 0.39077075021012 -0.0155067764636543 0.104371345132571 0.191740624648283 0.215413639486725 0.558613321476945 0.614691259147068 0.342780861914089 0.413000096565505 0.388373722702251 0.456113915347752 0.0545181463122307 0.0732251928708892 0.347478526778481 0.329894925823247 0.331259900736641 0.330776786892036 0.230529555722634 0.215271189508469 0.308155053709161 0.37849104063822 0.0778512981354132 0.359650982801444 0.278512399289845 0.276881184448134 0.295982046427956 0.396237731055708 0.367672371887514 0.280364712715196 0.41056928289211 0.125086951342996 0.453042573312385 0.330314824728351 0.465785841138885 0.323587627340524 0.39960018767847 0.382134843467504 0.587720109453933 0.632958204435012 0.384987174722308 0.325991374385983 0.0957005466242936 0.289824393525849 0.333252993945869 0.255115555578387 0.486126706344638 0.374375211594773 0.401334433423658 0.310510493417609 0.502177891387242 0.640219828506668 0.326493700782937 0.273704856578267 0.298834157643776 0.389163250235384 0.479339028857102 0.307660297951095 0.473428928302121 0.49468127277632 0.339773512417984 0.298396778816081 0.33159786457437 0.562733539882353 0.248749080855479 0.215009424010501 0.513102124013404 0.492998275406342
"15" 0.57853453714937 0.357487738280663 0.615809016057555 0.427435337477025 0.517990140167755 0.333567692002141 0.82585905994084 0.272687087510562 0.562549901401161 0.088400928438612 0.535545008429774 0.167815992409729 0.723326905025786 0.392381767812401 1 0.659168766368438 0.341542449080095 0.237827995357639 0.744438925462779 0.525458317882661 0.404045606153772 0.109213239596577 0.686107391979803 0.590934936565968 0.368505543327444 0.338665833415884 0.416173507494262 0.348982844484022 0.436690189349532 0.231638165037616 0.462159288520782 0.512780374723011 0.404225782924592 0.267904787935224 0.357053410775521 0.191784470006156 0.295742056883672 0.257079147246016 0.162270245082916 0.284910288102437 0.136415477085378 0.225102171217455 0.448222820514785 0.368353614737027 0.26807912125159 0.296579739787639 0.302318223503147 0.381039688371888 0.283130681329299 0.241262519294529 0.264553694933733 0.188188078060888 0.405880614370445 0.455841267614693 0.546557675366835 0.467467743438819 0.408235967910265 0.368849140514759 0.320141785129545 0.0528516856163232 0.384775372968462 0.0767497915987578 0.580814772254007 -0.0064849769416681 0.560330778505381 0.289711278514892 0.317544547167277 0.148136061329842 0.440948919796833 0.255961175435959 0.57683259127604 0.432327405377765 0.534066526543551 0.404989636011034 0.434913417626568 0.28020757517876 0.452533287936094 0.217680679019458 0.353052059599616 0.226224250115275 0.624175101937382 0.560957033398153 0.637787923482452 0.469231847606044 0.785248070759731 0.417877347647822 0.550849945775831 0.417684694166174 0.599893209850808 0.466959379910379
"16" 0.580274415395338 0.550460709603373 0.496173217322158 0.589211735959071 0.33891277719869 0.486444077457725 0.651927250686859 0.682673903885369 0.348206927336565 0.489446936407408 0.503451319652332 0.470414554121439 0.555812989606095 0.612676686005127 0.659168766368438 1 0.44366106536803 0.371585538507832 0.701236392532478 0.619896606888933 0.588412293273778 0.235479719036883 0.525042560253434 0.54128434772283 0.204967950587978 0.211130933952582 0.425001855174813 0.436431273654116 0.623419881339333 0.614389421255738 0.561919133941607 0.675710236727344 0.52730028530866 0.467572874221588 0.232101437375137 0.219557773558998 0.361118676463326 0.280348390641379 0.227760743880289 0.338991538531013 0.234910257719709 0.227911519362691 0.365720885875763 0.45413401329002 0.228355280554748 0.432083180566826 0.406680447855633 0.404140290040611 0.407671211540307 0.410187975426906 0.393112882260098 0.371341917618183 0.448265879982629 0.372965184267022 0.505991359654411 0.458119111015684 0.418112614687061 0.317854084120405 0.197802387824048 0.214884506347637 0.437053877986149 0.38904005070524 0.60586501611797 0.291743570245613 0.374206394550801 0.313238627750596 0.348536916054322 0.289877808461531 0.459509311044027 0.335763604532789 0.584440534905577 0.511792639491996 0.55932004328975 0.603122905290732 0.366030518016395 0.50842227528574 0.300020835305272 0.290133479841096 0.46219958358879 0.383084001053562 0.556031345008714 0.634234232470735 0.594430566256642 0.571863525412851 0.645527581624308 0.585421355807727 0.400312177416384 0.405561198340149 0.423387145489678 0.524156363509713
"17" 0.767793831535832 0.769154173304593 0.201674776892272 0.416405313151 0.0428848804448927 0.39410542615663 0.328072992606919 0.392345880514542 0.0846435809785556 0.347976616521208 0.413175099614354 0.487452154333887 0.423980573409671 0.464128932787602 0.341542449080095 0.44366106536803 1 0.892919462202231 0.559777352757956 0.683756996962359 0.454665587368536 0.167245355544782 0.34992418981487 0.426926363584631 0.275700483702312 0.375860767741572 0.280881828664619 0.212297253977601 0.58468085008835 0.737190616675635 0.525435725151289 0.529111284103216 0.632283437425328 0.611553324839996 0.317322943663547 0.331529383938342 0.513457738787345 0.448526419899064 0.331580710517931 0.46542079227126 0.208097196768117 0.3743127134542 0.536267321876065 0.585792039030104 0.353709392668422 0.537483196310042 0.583936807638503 0.425366520358375 0.490624850848219 0.52201332568088 0.516667679359397 0.416269756942372 0.442480668178734 0.339851481776239 0.579278965861426 0.531127784680105 0.793987084052365 0.709004264358331 0.427325351335188 0.382670866777402 0.241970438056017 0.249793858941486 0.652083077799192 0.510309358709187 0.170290329834259 0.188915063472741 0.429280186831404 0.377693738459014 0.717818795599191 0.611132173051203 0.442755403290885 0.428160630162185 0.583937171452854 0.66124128638151 0.429262240153005 0.353681958588615 0.61429228326884 0.604135417374783 0.796575503645288 0.740263331289019 0.755774722430918 0.702393468798263 0.538473090767085 0.610985230399833 0.366444817193245 0.379080931841787 0.490683661308153 0.366498241934729 0.356068094452786 0.496386486794833
"18" 0.654005009253929 0.753690383476468 0.210581664981016 0.374857496463461 0.105692819039545 0.373429121649516 0.22791132210541 0.31079168713332 0.0605295142225009 0.347684872757439 0.31292987908502 0.468195784164561 0.277184552225225 0.36141609753721 0.237827995357639 0.371585538507832 0.892919462202231 1 0.503956780320124 0.698824540938028 0.39470899699258 0.198534301101026 0.293983960792076 0.31060543593941 0.321570361651593 0.378069208119046 0.270188359128101 0.208584996732266 0.572300999545917 0.715808405488656 0.488305967031912 0.466493918371302 0.619605221063145 0.596228625813617 0.346008240478477 0.377390948112908 0.497751212771192 0.460323566403093 0.370399156237892 0.449242830747689 0.267801364356733 0.420707769462481 0.494507003466735 0.58920087573137 0.399034270681442 0.531014527893188 0.524472576015167 0.469774595996909 0.490796364684085 0.478222441265952 0.532078164691324 0.428999866733362 0.433988650081877 0.336541074004048 0.499893648323811 0.483494705073112 0.714300320640439 0.712550526101746 0.362605906816134 0.358411919871614 0.137939673161132 0.18477131546073 0.603091807304811 0.547760468452888 0.158500568764546 0.162897445491133 0.457264209939215 0.418737298191577 0.72230136709271 0.624891627623944 0.411683835202588 0.420645193810492 0.536524597573051 0.61082895619655 0.339154904222698 0.424632386495133 0.587617854381596 0.607495158760037 0.713618381551371 0.759304805852097 0.703355672390508 0.663625057188396 0.429617756610684 0.619099432387941 0.317284253567294 0.349533643832767 0.378066932156359 0.310378098599427 0.249490078433596 0.439991263665531
"19" 0.667524245101582 0.627424621415679 0.715475020868277 0.60972052224373 0.620739078602396 0.535629871282882 0.712018386096627 0.48506810932821 0.45098021230145 0.357616587614181 0.470800572311835 0.260771819950853 0.568772042778162 0.381255669451365 0.744438925462779 0.701236392532478 0.559777352757956 0.503956780320124 1 0.829597250676785 0.557500630371894 0.220014435967275 0.704613250874348 0.631747600783968 0.459603878778444 0.463573130044741 0.514127654589033 0.450018836936046 0.471617330010763 0.472927426534429 0.583290188964146 0.632182043396856 0.675745156046669 0.589643044964975 0.586568051664733 0.529597394717057 0.591131147627673 0.45245495805711 0.321390255485695 0.505870854287673 0.325475977803177 0.292052438005078 0.650089829339041 0.696801567192476 0.565055692404319 0.657793732685084 0.63915510001599 0.658735185161014 0.599156662589861 0.492244745861912 0.574222883990582 0.488156588622085 0.659614738983276 0.63510935096221 0.696429869693391 0.718843822691881 0.552885026287078 0.548398461093328 0.423660727333433 0.289769103982442 0.350665309978252 0.213603583865149 0.656637173272875 0.194668408711511 0.560357324702581 0.413231854325266 0.62637307101283 0.501667859552162 0.683726943645673 0.518600017165108 0.713289973451051 0.592948106007441 0.669289581315302 0.576437877035073 0.544545142318223 0.444773497508151 0.552335294548713 0.404693476041888 0.478020011662433 0.494982289617126 0.710613994470997 0.70817639294139 0.629883995111636 0.593230335721423 0.795310937408066 0.620484280849307 0.568857522247616 0.449416074186318 0.561771413350287 0.684673048867398
"20" 0.668807603942035 0.763277667493947 0.570745429422779 0.54376899862377 0.412772731606118 0.465332028177031 0.533200449126346 0.451630957015835 0.187962853659892 0.417278627255954 0.460341247459906 0.452779833558094 0.466058510143351 0.32555243659538 0.525458317882661 0.619896606888933 0.683756996962359 0.698824540938028 0.829597250676785 1 0.526837823024856 0.331436869415196 0.56911286173659 0.45933061062237 0.425504998481018 0.388081072986046 0.3658343491227 0.384996292197593 0.61765334060937 0.665217098731576 0.649237880231753 0.661545235613388 0.763153829892466 0.709145245015715 0.477169628846459 0.463942654628819 0.550021758174846 0.413240531969936 0.368836133603072 0.426840195626921 0.25219830489695 0.407071567919688 0.598961350104743 0.6629534530217 0.532923149404215 0.684515179331584 0.624797098357827 0.626546030683868 0.612428114825173 0.547370931945594 0.601111799793418 0.501494937223947 0.622154248776784 0.539378630802474 0.650663800652515 0.619749927495515 0.629654704573004 0.651630330556533 0.446246787564264 0.419161271566077 0.280795818232747 0.212914001194151 0.76706716743909 0.540324359339294 0.304964961603758 0.185182404731753 0.603190064551603 0.545547563259078 0.757678028749642 0.652530403896001 0.628830311194688 0.582819872638793 0.642347403195549 0.629329074890379 0.472425631072693 0.559535102464283 0.588054967654839 0.490760497669429 0.532083125038108 0.570621837350441 0.70915904824182 0.698233374312304 0.579216900135507 0.610431227292849 0.599229441203593 0.498353210742704 0.501738608952089 0.318603802091397 0.412807827064299 0.592355034626172
"21" 0.606103343993972 0.567522670704692 0.394313050403225 0.412625685555898 0.209673835942516 0.491274323867904 0.48935396997399 0.48172695038839 0.317340982687225 0.540956274413229 0.428015166546252 0.339571376973254 0.474408376079855 0.457882214478992 0.404045606153772 0.588412293273778 0.454665587368536 0.39470899699258 0.557500630371894 0.526837823024856 1 0.400877156000669 0.433678260614638 0.488300352749238 0.285575335497917 0.384717185664952 0.560218731427898 0.426075985062773 0.350462753928296 0.498234647750126 0.461143650549071 0.500773053090137 0.505963753044023 0.445800830397752 0.276104163637929 0.313593590844588 0.557737472353299 0.502807537603567 0.398261611671719 0.456252167585115 0.393464054725371 0.335182645422563 0.427590215116249 0.574890874205939 0.234411643777864 0.428968414872499 0.541768360163143 0.39150019292357 0.55276276693558 0.5053017053817 0.556931824981284 0.559055919956472 0.549040306870545 0.498185590898593 0.507149405299777 0.58432109836647 0.47591299644138 0.36274580659105 0.420444315327001 0.265158784260044 0.442626568882704 0.287208202800334 0.358352149458818 0.156069539762144 0.304761597707329 0.322238975494586 0.450703240576947 0.324060140270381 0.587704554865308 0.576176013874635 0.628002241492586 0.478681125054614 0.515522579953239 0.609433385809507 0.307023954986101 0.358847752062997 0.349222700351168 0.444079381430676 0.471728794899259 0.440761588231549 0.564510686689059 0.522348099920715 0.502097220597604 0.340683728917017 0.455499523660833 0.501450349738402 0.514984152462714 0.349670789591908 0.394372356235288 0.568317725901546
"22" 0.228483912063369 0.3320777069929 0.227245471332443 0.191405124424396 0.00859011398481287 0.257475857172704 0.197848329634712 0.185362192109037 -0.0643329963146978 0.359940932414705 0.138623066074454 0.27857277920682 0.205653366158618 0.191488048597064 0.109213239596577 0.235479719036883 0.167245355544782 0.198534301101026 0.220014435967275 0.331436869415196 0.400877156000669 1 0.212447885718004 0.147760706470007 0.307442182965058 0.19152489034236 0.145334025668768 0.368547114910522 0.225246816706439 0.208862006479807 0.335599451684356 0.363996221824197 0.206298419815031 0.184606571985401 0.163053764218095 0.16399517172091 0.276820650465747 0.249381740596181 0.124106963617654 0.0666306137065677 0.0438568913297278 0.501522675784516 0.16197369300597 0.112707399354388 0.237931653267268 0.226958684962196 0.0854152439922315 0.293116087757915 0.342068313974554 0.306250559571701 0.294567611077247 0.301591455119028 0.334521033217436 0.264013873884075 0.314921368119456 0.255638317672165 0.214338068011446 0.169326965937731 0.284995461400871 0.140291065494136 0.132978165705141 0.085697598946954 0.187697831376882 0.164291687718106 0.0573573925476088 0.149364186686598 0.257606429123499 0.265730092820072 0.324639187380279 0.266495936364976 0.319507995244582 0.341283187288903 0.157594245375856 0.275715278903624 0.167560541652024 0.125911932093355 0.224846619685543 0.19342355300023 0.123490247653027 0.063352866699296 0.184957597797213 0.132736376531266 0.141282790675511 0.190053379563159 0.15099160886914 0.211856617905564 0.350004537503824 0.22234684974357 0.208636126067294 0.318464603877493
"23" 0.469505942865556 0.339991083776618 0.855920563237328 0.726472667217919 0.58344291464954 0.599695077282068 0.63016567768209 0.440853962642516 0.494053085380208 0.27450673195221 0.104759087549439 0.0144771651090999 0.322456690608597 0.200561229159302 0.686107391979803 0.525042560253434 0.34992418981487 0.293983960792076 0.704613250874348 0.56911286173659 0.433678260614638 0.212447885718004 1 0.874920217278924 0.839531479646116 0.765657346454204 0.64507788035451 0.576633759067459 0.235998432452807 0.233567314889957 0.762958446213557 0.741081382155025 0.632862860582382 0.507728214390903 0.764834201275744 0.657182416051724 0.60777837640174 0.56010010069085 0.202696515297446 0.475266062442154 0.366966537474621 0.25730100783751 0.543993286732857 0.622002644507877 0.538860124003208 0.524998602064169 0.565192756229318 0.605641887358931 0.489776545570681 0.308824746583019 0.444306451335707 0.450304496825852 0.496735196032068 0.620227893831453 0.56160821378966 0.634081332300699 0.343999373759607 0.390764145080103 0.294646463201298 0.137272583167685 0.115704586196892 0.077285253931429 0.374271718946819 0.015735099771011 0.757736997248584 0.60570771688689 0.591750474464857 0.498891351772906 0.539131938666355 0.451189905399488 0.707182789596016 0.641833158588503 0.494421416457614 0.388413956006379 0.396205297358054 0.276848001472241 0.59178667141292 0.474703267262974 0.446009077967719 0.349738722025955 0.651563959643134 0.64637851398266 0.569911884171496 0.437540294066111 0.794682287605279 0.578264412106903 0.550283012230084 0.466817567000253 0.385737401348267 0.540316652627871
"24" 0.511300515124373 0.391194247151152 0.683966476727437 0.820122314062734 0.48414725522157 0.570982453552467 0.505583645346927 0.552538835591893 0.550803398035817 0.202737878153552 0.102794039067625 0.0747747129404703 0.310527810388626 0.39077075021012 0.590934936565968 0.54128434772283 0.426926363584631 0.31060543593941 0.631747600783968 0.45933061062237 0.488300352749238 0.147760706470007 0.874920217278924 1 0.70264690055098 0.776209313972052 0.717229877677978 0.569523077245643 0.181968532334013 0.274456638355643 0.664305020180385 0.689506132552169 0.559005910191478 0.480817837929766 0.720103239850456 0.643940884627912 0.638227431270916 0.583326357121927 0.278642818528633 0.512995051486512 0.486025458052554 0.235472206024319 0.540578697064295 0.670325078485846 0.47573343739826 0.496996347393066 0.600461868656316 0.588851248094633 0.491275116661248 0.32006216417184 0.4769731938451 0.50036339880206 0.516537876432731 0.572272557410947 0.582829171365107 0.676413530932637 0.416182683179211 0.417281275113954 0.321636968340026 0.218393966487876 0.160632257546413 0.245469753995919 0.300609587229155 0.0319862511308587 0.71136184751222 0.739230192435902 0.573069152470572 0.49071656113372 0.558947996578758 0.449478693378511 0.623920855847287 0.587889252551361 0.496312045743715 0.485249983262849 0.461957176322579 0.295952610603055 0.52969608061262 0.500403356680206 0.491417768629488 0.400576528257105 0.650306546886262 0.682996912985777 0.592135244763447 0.451604354888449 0.738997154742774 0.719771587074011 0.465427195849989 0.557865758293583 0.45923372738772 0.614592978538985
