"V1" "V2" "V3" "V4" "V5" "V6" "V7" "V8" "V9" "V10" "V11" "V12" "V13" "V14" "V15" "V16" "V17" "V18" "V19" "V20" "V21" "V22" "V23" "V24" "V25" "V26" "V27" "V28" "V29" "V30" "V31" "V32" "V33" "V34" "V35" "V36" "V37" "V38" "V39" "V40" "V41" "V42" "V43" "V44" "V45" "V46" "V47" "V48" "V49" "V50" "V51" "V52" "V53" "V54" "V55" "V56" "V57" "V58" "V59" "V60" "V61" "V62" "V63" "V64" "V65" "V66" "V67" "V68" "V69" "V70" "V71" "V72" "V73" "V74" "V75" "V76" "V77" "V78" "V79" "V80" "V81" "V82" "V83" "V84" "V85" "V86" "V87" "V88" "V89" "V90"
"1" 1 0.801135197579389 0.0744320447834081 0.0951515328510796 0.338069404680173 0.228265875288154 0.469078789989284 0.335550244561199 0.379918083453593 0.28623529413768 0.781067921248342 0.682889497343435 0.664896918170114 0.603767481256899 0.44765457504527 0.421937310415209 0.61132289826748 0.532051129245281 0.777043243475943 0.697202724576101 0.072306705326418 0.0716258966467217 0.0914266099175127 0.0166691761441499 -0.306235225929072 -0.249514228851453 0.209935846902228 0.118605184790051 0.581254282726554 0.496758467791829 -0.0831254479277328 -0.0234091492242604 0.453575642891764 0.422584935753391 -0.193539654936766 -0.237873946864723 -0.302740490978211 -0.0685531891642213 -0.029186998610629 0.172672866989744 0.133611531325213 -0.00701208400373567 0.372105837548659 0.475487100768842 0.459095508970007 0.363512664540439 0.549861756877602 0.51318213479843 0.522490861781624 0.441160148934399 0.361210810900203 0.388067836602971 0.52883584425306 0.437292995450543 0.568703185141951 0.532242854450302 0.878331905568827 0.741784542649353 0.713259977198032 0.457520957188675 0.501557105656164 0.214552871657594 0.596875961502668 0.392833162956049 -0.211353526415527 -0.113442532434577 0.129207515929321 0.0827824098973259 0.635725704785466 0.480057158069721 0.568320923213572 0.495017257636177 0.603562585867585 0.536454593578408 0.465061125297328 0.116450806251175 0.497516752988078 0.201306545835314 0.456846270091879 0.446653338672041 0.594566351669804 0.416188560216814 0.185522723881926 0.376493860006501 0.199949525315422 0.235135192075072 0.347268118417232 0.189256969215635 0.663567237524325 0.520578641628677
"2" 0.801135197579389 1 0.209069097004164 0.376512204790921 0.361343751929325 0.190355616557109 0.376320803534888 0.58567639352127 0.299731113961534 0.369835516099765 0.446944572803956 0.740771742100734 0.319949527753934 0.639929850865898 0.351319018678016 0.537982415490459 0.710261802785343 0.71926251609957 0.601048296224146 0.74299244242936 0.0775249727910732 0.212500180016549 0.145019021309164 0.269519854683754 -0.186419786127395 -0.0626155660301259 0.0578712390239361 0.0227298722018058 0.68285051594879 0.63754125132028 0.210264035036967 0.316668120831479 0.661914247674216 0.676436680993128 0.0415708689984049 0.00402881273283228 -0.106170614935533 0.0292725498528035 0.221937649925616 0.302518439234534 0.198372787586434 -0.0771016385972811 0.596005639088316 0.638298461699667 0.692394968438712 0.627279688867752 0.739336823711901 0.734663618636279 0.656686552536341 0.650146478707347 0.593998230638313 0.654359362441535 0.634720328712395 0.615373304194685 0.710449756725957 0.691284073217744 0.838842295629934 0.902310984369235 0.671774124269583 0.684803465472031 0.370776310818639 0.374139957312326 0.504304627899925 0.586410590441702 -0.100205788578076 0.0511434971539674 0.386849654990467 0.420085931677658 0.594466131587831 0.632527071154837 0.597044500939279 0.595878284139663 0.616784235638492 0.70107596854196 0.437245566936527 0.305143735624894 0.525266003017719 0.489186974620553 0.575784834169845 0.606359897377727 0.633615065487545 0.637294139318744 0.249927005359018 0.594939934873442 0.204049946253689 0.423393439703761 0.342811121700641 0.346844095603996 0.500826813484865 0.593850544031972
"3" 0.0744320447834081 0.209069097004164 1 0.691547616006426 0.429876382747699 0.349760474575844 0.639305782718364 0.424358571012212 0.204013741262358 0.173407860038268 -0.118696176963603 -0.0287786817078076 -0.1474524695325 0.00692329549835354 0.220552100661035 0.27214511590799 0.172781369753888 0.0965711720765622 0.0856139512183899 0.200507671565066 0.271259754296796 0.370184114577259 0.607612799966302 0.574634933355656 0.561992420010556 0.486470456559211 0.348211361050643 0.298404108411062 0.147810871883194 0.031650750896699 0.639042103343221 0.690069498260716 0.466315099101757 0.389804250606957 0.563661920949528 0.47415127819481 0.292373544177986 0.185874849534441 0.336472353285089 0.443704613835862 0.0226555698926035 -0.0212300237619506 0.443564323923919 0.311611016316961 0.362925395778018 0.449532602313847 0.4041661816747 0.403960131378829 0.330737147860161 0.429933803102015 0.521543097326334 0.446746199283497 0.421366430433869 0.393443024523644 0.440221129191159 0.393702188368471 0.206005015463201 0.217830133492252 0.390274299829697 0.370054670981073 0.434305764757629 0.223938818974439 -0.0244449781462636 0.00446804436885723 0.510795908102795 0.39499092246609 0.724883274918087 0.61736204688828 0.265267268591574 0.282419813254593 0.576986766227604 0.55465646973717 0.17701223122716 0.13681521908871 0.0299772642232994 0.227541060035817 0.43202160335098 0.443235164176847 0.362698967343223 0.51788843720975 0.306717007602821 0.429651512527167 0.108271207382264 0.126164964616613 0.381752813692092 0.410970850577306 0.00990394852845511 0.172840373380079 0.263497190464809 0.411061066279283
"4" 0.0951515328510796 0.376512204790921 0.691547616006426 1 0.464913528073692 0.465651690256039 0.458488682830111 0.820836360887631 0.135265477132 0.405179465716604 -0.170940663305934 0.267800601242099 -0.299820139362665 0.178753857635061 0.0786325738836563 0.380470910578751 0.351461181474045 0.290924581062446 0.0948710076463454 0.334229447564133 0.253653783049142 0.335442314031403 0.366376785898864 0.703431785238053 0.225098863278111 0.354432431114966 0.0797376621270167 0.143901075077266 0.319433785922 0.305116947119737 0.587955067382122 0.792738309446085 0.55341733071487 0.641401761728368 0.475848058206005 0.454649727288358 0.166142119196796 0.218079177009534 0.222675499255283 0.444992955115848 0.0321579638707739 -0.0470103333300125 0.409759951703105 0.301016750740516 0.365091452032787 0.541492335122344 0.457991349904484 0.421627517261303 0.270182524852852 0.47961838732149 0.385722785408279 0.407142715737555 0.357558722219335 0.330747494476534 0.397365698072645 0.35670572723553 0.3074700088004 0.348280882603736 0.243645053473219 0.5652080039037 0.291631384028466 0.641102693626138 -0.0154703348105895 0.207231669641858 0.339296057746024 0.653795108169716 0.610023023736714 0.717260783906622 0.185546390868014 0.313423396545214 0.518949693850036 0.57239635291444 0.205341818076642 0.336271326251061 0.0599352259410603 0.293236107195212 0.376820522271561 0.522040391370582 0.488149696539726 0.557541110983161 0.410710388121105 0.5546291148436 0.247041892476531 0.347968172863274 0.215183021746718 0.504711227156111 0.0450899098386496 0.241667201037276 0.0241919940119705 0.43988204205684
"5" 0.338069404680173 0.361343751929325 0.429876382747699 0.464913528073692 1 0.498199716314828 0.620435690456296 0.589403361843342 0.619866645331182 0.631215976402905 0.270811955290728 0.447697260665356 0.23198565399763 0.413241612924993 0.494757249508608 0.527252225840543 0.327618765420402 0.248041533855106 0.324224661555543 0.35373951175699 0.254914622426361 0.0361055747161469 0.412934492466334 0.470393687278323 -0.116296278363314 -0.128870820626389 0.296754760792575 0.0290824732432441 0.318153210075628 0.277405894051346 0.0529350135257566 0.26910975512645 0.373321786619042 0.402890076968558 0.112650174647196 0.0287549950956979 -0.341791269582609 -0.264578614101077 -0.152843633422461 0.0829192014655069 -0.169860173806528 -0.234825598207073 0.199690878713155 0.187821160792307 0.194559992740867 0.237968503375794 0.321661531010048 0.253984190559494 0.186006486631461 0.286533157790564 0.240787609136392 0.261533660652289 0.377361562495851 0.278972452416504 0.294379682245793 0.245359820780813 0.372915385989902 0.310754678940535 0.42251838072798 0.480725987684761 0.537565607238099 0.565460095739533 0.280169546452676 0.267339353013115 0.258026391253987 0.317349014656488 0.296597605192281 0.285674584040981 0.328611552277829 0.28038793367284 0.524795844922714 0.46381720559377 0.364572566854187 0.226491457826632 0.172043692507677 0.12355341788417 0.181009822542776 0.21053763910953 0.329127240172727 0.421950861240497 0.367887925106298 0.326655902933871 0.112180507022326 0.133262782138495 0.320325562987598 0.395383280955028 -0.00673526784012355 0.0961103783261899 0.365886384765027 0.510860238840369
"6" 0.228265875288154 0.190355616557109 0.349760474575844 0.465651690256039 0.498199716314828 1 0.415291158462878 0.375498184625582 0.48584644273039 0.416584667446309 0.130392588960698 0.157955939537181 0.146318486448769 0.217032498581406 0.35890382561473 0.27472679537973 -0.03954055891819 -0.0911387257285165 0.0996249513551138 0.0362950795492759 0.223982677568637 0.0348880510299811 0.363007291878892 0.32891936275245 0.146688000222172 0.152389787151628 0.290365311473093 0.380815123731324 -0.042722623452625 -0.0323629876493241 0.0695549274550859 0.226396446052879 0.057152618070309 0.102837899001796 0.201095698846711 0.198188223741019 -0.171623244401426 -0.0448599040783615 -0.0043651818878775 0.340877861490468 -0.0095574862222396 -0.0991607617888967 0.195870178864708 0.19064096572229 0.160763231908165 0.267323759449849 0.216217501183122 0.184922726462985 0.193922455268767 0.357401192532106 0.237870809354899 0.240099562355944 0.203770396052435 0.0436431954474179 0.202930258490208 0.115894366712167 0.146928497156229 0.0689911962858042 0.29711805079849 0.443935912819675 0.475410034758598 0.434700588254628 -0.147669176135787 -0.225949619139771 0.338875472864056 0.54012143714593 0.254137875957091 0.279372740878711 -0.0348255138510202 0.00539271378062033 0.42351778214673 0.437368874213544 0.191038903882251 -0.0395222774509684 0.130476785616152 -0.0575063571923685 0.167548325234198 0.0502354475018703 0.13289286180823 0.244711175234924 0.0908794447213917 -0.00907668715210697 -0.00681048653718451 -0.131010999583299 0.154720298090339 0.160179716582182 0.0102460197494049 -0.0455178731603587 0.271896343052685 0.299469929099823
"7" 0.469078789989284 0.376320803534888 0.639305782718364 0.458488682830111 0.620435690456296 0.415291158462878 1 0.560386939941412 0.498676515904022 0.484640707379179 0.509035139873558 0.395748976055235 0.495760296143879 0.49114412438796 0.586979895242974 0.550239149772675 0.335523642779036 0.166395407319066 0.47208504689228 0.466620819995858 0.139485331436303 0.113398355875381 0.51353012419297 0.377278179795289 -0.057501393836706 -0.144392252487105 0.25427654285051 0.0427174724339625 0.420840110900805 0.281710310447127 0.212630146225975 0.29610557300998 0.493836530000096 0.420854379258183 0.0285157094446226 -0.116165043304418 -0.314505115306908 -0.253781661842658 -0.153496618830298 0.140730513013978 -0.179005410971427 -0.13513348469671 0.279018767865057 0.276007760638731 0.267116197695993 0.251954888167463 0.418583398017829 0.35271508380224 0.268226920751007 0.316848942314506 0.372300710623636 0.342388862828655 0.462018029520218 0.449455606438882 0.423747053546244 0.385087397653639 0.476876629448102 0.294157670388804 0.659315721896643 0.464803061100171 0.778777357655984 0.438890241644942 0.470726403096501 0.239910714983023 0.164512655984788 0.140780810235287 0.430061303849512 0.2705665519598 0.53768731871045 0.399947478119105 0.624681991855733 0.572308032381228 0.375369861165249 0.204928906619475 0.255824711002529 0.0985962224283466 0.434073165458757 0.225313891536966 0.377057541428176 0.472160855633413 0.45510493031583 0.410653520739964 0.00323802435881934 0.129788180632586 0.469138331830268 0.464909982270621 0.049097464875057 0.136423885813892 0.582128537274275 0.606046592836823
"8" 0.335550244561199 0.58567639352127 0.424358571012212 0.820836360887631 0.589403361843342 0.375498184625582 0.560386939941412 1 0.265121773759326 0.670629682582304 0.170780953031534 0.667184543820234 -9.38891778274858e-06 0.516721382959238 0.229136519941628 0.58582460649515 0.570167724407763 0.499822865370498 0.330900079928544 0.576312604419513 0.112140528187024 0.165701869429022 0.203079062275544 0.584487504182223 -0.221008705255136 -0.0901293689190727 -0.0873933686742517 -0.150294198335483 0.614257882580394 0.595074733375329 0.333593580568231 0.597773786777542 0.661461276535788 0.789195015520605 0.155234328416649 0.070462643330648 -0.17376179042753 -0.0458111200492685 -0.00275932828471046 0.223417747900212 -0.0911019772999124 -0.244003455714737 0.345518580962151 0.293869079546316 0.398048334775359 0.510375914880005 0.49358181100865 0.425578621468149 0.259078969766742 0.454205594068939 0.350973078967846 0.419450864248665 0.383729131966658 0.389078778571438 0.36954603700415 0.351137039598215 0.525417909471748 0.519288701408109 0.400723969944366 0.71569708060912 0.459644678062248 0.868152728932968 0.337132552944233 0.525030736638478 0.0559502758258232 0.455238908937134 0.446592982997242 0.549637598285069 0.373134094279937 0.435731558378726 0.538631446458126 0.55148749249991 0.393745586372144 0.529471230771473 0.160837721546219 0.343749871948435 0.35655264429872 0.478428598451022 0.530169858013512 0.597664884606853 0.534855610352408 0.625084854661448 0.234164402502132 0.444779823916321 0.184111354018326 0.533155753467072 0.0670174458755109 0.215671794665329 0.183820682427393 0.562909225769357
"9" 0.379918083453593 0.299731113961534 0.204013741262358 0.135265477132 0.619866645331182 0.48584644273039 0.498676515904022 0.265121773759326 1 0.627155525081474 0.365103590255052 0.294766375600696 0.504811217075481 0.486684809162069 0.510677321781325 0.381430963311852 0.0383406911012445 0.0160921388162968 0.201964403363209 0.0838581636192269 0.0573085950414674 0.0179181193210264 0.345852218315655 0.178543610429155 -0.0535395947213513 -0.0730393795578142 0.177585965876775 0.103362385504352 -0.00168451303630284 -0.0321255181057594 -0.227408691796372 -0.0860286198655167 0.0281312791886749 0.0177834468039779 -0.0232605050794104 -0.0178928913944521 -0.198219501447904 -0.0533095632588232 -0.102635764680696 0.120420743550094 -0.0365695995061611 -0.0343356651574555 0.160224310842363 0.149084218299209 0.164636396147922 0.150833711758216 0.197918739842627 0.158631782642341 0.235058659509207 0.28815442170451 0.276738501659224 0.296706817910765 0.207911602349488 0.260389265218584 0.244962249443746 0.204301657607481 0.229629359221721 0.145634103885174 0.360522131183814 0.392179270719077 0.548335287576011 0.360597138156059 0.154958688636077 -0.0251208864275907 0.281509303674169 0.276244030170486 0.0971758623056851 0.0643715822394559 0.205280942748749 0.133762998384386 0.3927656098776 0.349359185049114 0.176097214901204 -0.101718277319221 0.0539361732174251 -0.143672113331493 0.147409896091156 0.131953354717735 0.130966465861297 0.217029172940796 0.230595666380946 0.0947254031893043 0.0514676137486913 0.067531421975506 0.400419638167025 0.35557405551716 0.0105155321574649 0.0181359366529792 0.492472313167337 0.448821214566397
"10" 0.28623529413768 0.369835516099765 0.173407860038268 0.405179465716604 0.631215976402905 0.416584667446309 0.484640707379179 0.670629682582304 0.627155525081474 1 0.302440737051704 0.585422816498502 0.307118459869843 0.626864659591653 0.423016830531123 0.637186373340768 0.301029419701115 0.272722835357287 0.18138288267078 0.271747409087257 0.0245085796410161 0.0991857498782975 0.241272322171368 0.417542983476874 -0.253805092591574 -0.209752435430631 0.0243738231729829 -0.151999828252364 0.309327651003281 0.358394519627655 -0.111589438820168 0.167760130032828 0.286970997493625 0.377221972550315 -0.00322986046570111 -0.0397241356278128 -0.283356404370985 -0.142796438873048 -0.122999357925754 0.0907883668445144 -0.123803058990436 -0.17073693439628 0.17342324500165 0.138910472044157 0.134569504741103 0.170903517745971 0.281620530552276 0.175889701815876 0.120524309232251 0.234271715445939 0.242972564086402 0.282729590853058 0.220911489972972 0.317242097763873 0.199977362856252 0.171013316284504 0.348511468673627 0.322167314126405 0.330829130683529 0.535581335726357 0.524045858035695 0.735346876548344 0.34243705431352 0.357531176904444 0.148529492924283 0.398546431449533 0.159650228028857 0.191449361351269 0.247347461259308 0.256656664673788 0.449229206087556 0.40391460049574 0.243897408342925 0.222395743573438 0.074370165533282 0.131010311312498 0.0870282438481165 0.228630733347162 0.267643583010278 0.431073385863601 0.390894866880919 0.325344427947376 0.158843777681424 0.277141696427011 0.284066321822605 0.506197330122236 -0.0128604581209553 0.0576562594813524 0.364248115195254 0.56041752330422
"11" 0.781067921248342 0.446944572803956 -0.118696176963603 -0.170940663305934 0.270811955290728 0.130392588960698 0.509035139873558 0.170780953031534 0.365103590255052 0.302440737051704 1 0.620629152912851 0.911756794717374 0.572283214642654 0.547278003633002 0.422418225586288 0.459238053427531 0.357462855923521 0.815263296600731 0.613018684268879 -0.0731755907077049 -0.164269969573847 0.0876638173739853 -0.134057732796194 -0.497429240369615 -0.535705951833223 0.156119614938204 -0.025609579204214 0.500423646277145 0.440632626297754 -0.325502122187826 -0.287785166539015 0.287122037614293 0.239697498658756 -0.441462623763154 -0.533490293992206 -0.58462548325557 -0.324989234514019 -0.313735327769015 -0.141386651049099 -0.0430222098072259 0.0135133096435927 0.0836333031080984 0.236373703222781 0.173349348986278 0.0348772232613948 0.294409703604379 0.237262146218966 0.250750253486918 0.153352868555015 0.0300636809118129 0.100643114854188 0.346028789711745 0.286593923863949 0.307713039183563 0.277820474591458 0.629798505681398 0.399791877797793 0.598301283891183 0.25949928300514 0.506881289965806 0.161150935476697 0.745671595346455 0.366317228721403 -0.335973966995528 -0.311998260255189 -0.158203076465855 -0.26404166726088 0.568714188871335 0.388516209694925 0.382501879479714 0.317528066236652 0.403537447677238 0.342249745199592 0.33052560655252 -0.0173133710685002 0.255996023944705 -0.0595408733096546 0.209731090520027 0.202734078244949 0.48396476489073 0.206608481752146 0.14747025716859 0.241940286178948 0.227226270406829 0.0989654312497043 0.317936375538098 0.0896894867186689 0.684224840100945 0.420561374383062
"12" 0.682889497343435 0.740771742100734 -0.0287786817078076 0.267800601242099 0.447697260665356 0.157955939537181 0.395748976055235 0.667184543820234 0.294766375600696 0.585422816498502 0.620629152912851 1 0.464348627451626 0.754306496706158 0.331620867254402 0.57707169208734 0.671411970327045 0.639649175157094 0.656787073823413 0.7149258861346 -0.0558598666674288 -0.0213320147328986 0.0147231074878263 0.193926253356245 -0.536819134702997 -0.436094047288351 -0.0248882513794079 -0.218608907412425 0.713784055424356 0.708099471026607 -0.0729416359060847 0.114350874955159 0.548498862102965 0.635813764349702 -0.242274238063337 -0.305352986091654 -0.4560514121054 -0.220002239311026 -0.155964882900542 -0.0543758187948704 0.00394643248756881 -0.152399323895743 0.25451370356455 0.335386304214605 0.397885383990416 0.358060015624523 0.443127596865799 0.38467236454396 0.320702208012563 0.391755017513536 0.245205521086963 0.352279418976613 0.409142921262992 0.38794266455864 0.361375837705719 0.360433652045135 0.708154140271985 0.65953861333955 0.587851470348072 0.678392795161125 0.449613780217716 0.605651145998938 0.639960265663847 0.703952940820711 -0.312616079788191 -0.0122392765421151 0.102641825118115 0.162232705543303 0.473475517235895 0.4769028751925 0.423253627747633 0.373946467494465 0.518406667487241 0.612962975624953 0.340256546420439 0.254819327936934 0.260127925834103 0.233820567017994 0.404573007215818 0.43810466793341 0.546671797273177 0.474512360301402 0.265803211373127 0.522269884824795 0.0779662827787567 0.340939877094859 0.192137483241586 0.178483333466944 0.445038127267983 0.610453567266868
"13" 0.664896918170114 0.319949527753934 -0.1474524695325 -0.299820139362665 0.23198565399763 0.146318486448769 0.495760296143879 -9.38891778274858e-06 0.504811217075481 0.307118459869843 0.911756794717374 0.464348627451626 1 0.590153175195331 0.648363483578653 0.416307025158592 0.23518837506897 0.134508468036543 0.665232692784497 0.415046571656121 -0.05466611343417 -0.144619504355137 0.221734610470704 -0.133220061794059 -0.383597893528343 -0.453784377837224 0.203775243713724 0.0610902142351858 0.29750186868139 0.229190368130312 -0.423044584152049 -0.391109373825071 0.116817359385905 0.0283725634183862 -0.413486438754747 -0.481781225474157 -0.535941628106993 -0.329258009454481 -0.300299337096261 -0.134264015407505 -0.0101856833868102 0.0361913636000405 0.0566958041282074 0.202231342290521 0.108239030492382 -0.0587493796381867 0.213911374610047 0.15373609478675 0.222181056315335 0.122154691383132 0.0446060425124275 0.0934423605136863 0.26599882258477 0.264664808221963 0.277615773750413 0.237174038487745 0.449354910063127 0.239576469653631 0.53273860504105 0.192702653640554 0.512250923573668 0.052840253734789 0.629594587889146 0.199464576834087 -0.191707985702505 -0.289956993208931 -0.191418005038627 -0.324088828548833 0.471688300363353 0.29455154903687 0.345069633335792 0.287619198857921 0.320446500425501 0.115980592668101 0.273310401721293 -0.154575266541287 0.185481919307944 -0.138979321091118 0.0521978435399788 0.0675996288908624 0.355138230481871 0.0549609782811263 0.0806334686809853 0.102111062378195 0.359534517195157 0.128002272155693 0.25281750967154 0.03388020911865 0.716787601099903 0.410148094331335
"14" 0.603767481256899 0.639929850865898 0.00692329549835354 0.178753857635061 0.413241612924993 0.217032498581406 0.49114412438796 0.516721382959238 0.486684809162069 0.626864659591653 0.572283214642654 0.754306496706158 0.590153175195331 1 0.605635564180989 0.759242626304319 0.41790940151076 0.38938802843197 0.50240013451068 0.532041344615291 -0.0218962523631711 0.036780815555511 0.27138201786489 0.330954758125439 -0.33667538414825 -0.269003881769494 0.00855407271953422 -0.0597505274629246 0.503112703977999 0.430623612757691 -0.123298796889306 0.077703554016698 0.383357740688075 0.398095232918296 -0.178715950188907 -0.221794643929127 -0.410591220003055 -0.166051782464673 -0.0481762236483852 0.0977390515503017 0.0594318889167283 0.00835932134057154 0.286818455641887 0.348544341237547 0.357871456395059 0.285933543153872 0.442867019276857 0.366163361156381 0.336790579837358 0.405617540335197 0.349541123563947 0.432218629229805 0.344941420230624 0.401267422266798 0.388431988631668 0.403636592707696 0.544625463654204 0.461359884684304 0.52410711524488 0.575198068867446 0.436138608449042 0.448019757227361 0.546006366236955 0.486411533377522 -0.131084767831855 0.0266829641259816 0.129132516994981 0.168526732716189 0.389605634327503 0.374944705492725 0.44862548975864 0.398984236286398 0.496993825652408 0.368022407550146 0.317188548472907 0.0343901702054483 0.187382525691044 0.229921813955308 0.255816888622576 0.324213019726503 0.369662095740139 0.35594122655311 0.166706153635546 0.415496834180187 0.262584476162337 0.520403613723224 0.218574863004816 0.328921205580173 0.509109561732049 0.540868582433552
"15" 0.44765457504527 0.351319018678016 0.220552100661035 0.0786325738836563 0.494757249508608 0.35890382561473 0.586979895242974 0.229136519941628 0.510677321781325 0.423016830531123 0.547278003633002 0.331620867254402 0.648363483578653 0.605635564180989 1 0.696811982039682 0.200111844515119 0.131555599109845 0.455029992417187 0.42001624289677 0.167929944198787 -0.0277758129655375 0.642315986493651 0.383861221654281 -0.0359126915825913 -0.131277342542795 0.318091978500739 0.234799328611409 0.2658330826614 0.20419545003611 -0.113945899751607 0.0167669504954672 0.204824984442745 0.129082783908732 -0.111287335300271 -0.19362758869342 -0.423806834359074 -0.318723621256615 -0.147957866760855 0.0211642702196166 -0.0587306260249347 -0.0741291117528025 0.142573367560378 0.246400507019599 0.160092489638142 0.0526651555381297 0.318025414148285 0.255402240937702 0.25270184973676 0.260958198961829 0.232696816924173 0.277948960171215 0.302508996691344 0.278217222488455 0.363053733971769 0.249818470467416 0.35893933774436 0.292802238411132 0.49911589455381 0.348134919767487 0.421109040501572 0.169630944598308 0.412232584255532 0.213055952161573 0.168017335327659 0.00498753196245196 0.0484807584545682 -0.0169813532329128 0.410600163576562 0.309125661099247 0.502609255193055 0.40104079137165 0.395997207437246 0.0971700799230218 0.263168919246545 -0.0945258132691905 0.0564055723624544 -0.0595518457915252 0.0960256378638816 0.173337873624347 0.282325746475359 0.120559258868355 0.149102316934373 0.0705750719228779 0.451692696964698 0.328685711665642 0.380440131081133 0.261577187685713 0.600629067589079 0.393058080632971
"16" 0.421937310415209 0.537982415490459 0.27214511590799 0.380470910578751 0.527252225840543 0.27472679537973 0.550239149772675 0.58582460649515 0.381430963311852 0.637186373340768 0.422418225586288 0.57707169208734 0.416307025158592 0.759242626304319 0.696811982039682 1 0.446262533581391 0.418377433349573 0.448429948976857 0.57965302454727 0.132968393691092 0.202007185721776 0.499954020725204 0.591046410412225 -0.155079432515068 -0.129994843335053 0.215578845477321 0.0421198633618188 0.547765763794916 0.543322314524767 0.110461720154113 0.327037856708571 0.517365757436568 0.520086999397365 -0.00157303056485621 -0.0950628448995887 -0.359293862479281 -0.20619775394197 0.034822131746264 0.149424998818002 -0.0164734811741 -0.0583200710439596 0.365567352293721 0.408882016171047 0.365256864754087 0.278218141525954 0.551731587270511 0.493374021845287 0.377598551811033 0.438498891445028 0.418831301684844 0.490332534306866 0.556438571845125 0.530339276992244 0.561433893810975 0.503440609100103 0.516215736566142 0.503970562699479 0.523896817020007 0.554458025344888 0.389283877603151 0.456935006008539 0.536394628582706 0.553749838610135 0.0797473482250599 0.086657893665894 0.274918104268024 0.26404597191328 0.517213885359092 0.55069869467528 0.551312477767358 0.521393281290887 0.489518947942434 0.377338225758928 0.230982464184935 0.110577619942154 0.185156476073212 0.242969847814062 0.315501968755292 0.416954207488245 0.456606579900128 0.473041596955962 0.31398358686743 0.48838120493573 0.419272942588011 0.586260252435621 0.340147860037051 0.452646827068215 0.556322492095184 0.615118539706305
"17" 0.61132289826748 0.710261802785343 0.172781369753888 0.351461181474045 0.327618765420402 -0.03954055891819 0.335523642779036 0.570167724407763 0.0383406911012445 0.301029419701115 0.459238053427531 0.671411970327045 0.23518837506897 0.41790940151076 0.200111844515119 0.446262533581391 1 0.894427758393602 0.663920527362328 0.826014590162405 0.0040821137323623 0.184613951898314 0.046932075293776 0.188704358358533 -0.224832857691889 -0.135158973652726 -0.0304998553187617 -0.129822014170626 0.834076845951158 0.81286676604222 0.218020787213934 0.319990672447454 0.784433877835122 0.793607370741629 0.00394985153610698 -0.0361625698894242 -0.174540943861358 0.0125200343464163 0.0740720815312477 0.109147447226761 0.0878138805675343 -0.10704530800049 0.411378927359828 0.408248347084828 0.475423011013453 0.393919209706928 0.591805852006027 0.511296666369247 0.424124997765302 0.364640549211663 0.355029888896475 0.394118921203852 0.546282631716524 0.50752657745533 0.531844832167101 0.51637439506711 0.793599220056714 0.754380650906695 0.484597680399061 0.400752797909206 0.188516278301201 0.342118047949122 0.672239814992422 0.773752600483085 -0.180010604325832 -0.00727537891974226 0.310075966879288 0.361238278281214 0.734728874387307 0.732011108750489 0.488043892387846 0.440475583792033 0.490107471584896 0.803082009795801 0.327725344395178 0.505013613659942 0.459190380111851 0.464085762546932 0.699387231904303 0.713922103749083 0.831786413531105 0.822349946192038 0.362151459020297 0.706024279798304 0.212794016276548 0.414904409593815 0.388507827199026 0.293077855068462 0.359484683973422 0.458531123861269
"18" 0.532051129245281 0.71926251609957 0.0965711720765622 0.290924581062446 0.248041533855106 -0.0911387257285165 0.166395407319066 0.499822865370498 0.0160921388162968 0.272722835357287 0.357462855923521 0.639649175157094 0.134508468036543 0.38938802843197 0.131555599109845 0.418377433349573 0.894427758393602 1 0.563901782298074 0.753688846033525 -0.111151820822598 0.121312830298217 0.0034022928263783 0.197201415541519 -0.208091822610783 -0.129772937605157 -0.0814888590036068 -0.151884473245276 0.767892861965647 0.790141819411183 0.215836671862231 0.291977005994958 0.723370318425287 0.757955874616429 0.0312972698204042 -0.00827629417174251 -0.121861571599281 0.0288687147459371 0.130097409589948 0.125262993519326 0.16983889271193 -0.0413805524776554 0.462209556358106 0.453010671778157 0.512628485637101 0.451115491620174 0.588445875886399 0.554470804839974 0.465427979352659 0.402111176123257 0.342097293767071 0.40919097255427 0.526911763628366 0.445413927313671 0.516106646791205 0.476283682318175 0.702727290013036 0.77303632707559 0.375039583782239 0.395686328571047 0.080229746600556 0.315643547893937 0.522320454080865 0.743108823515253 -0.163407850292017 -0.0143545818794016 0.245994906909535 0.326138176237488 0.620004925951166 0.699665967132937 0.393563760009686 0.398257479365129 0.49263466121978 0.799068976703252 0.284878785728564 0.498961407658777 0.400465709670579 0.468034275811167 0.664455719633587 0.662890490811188 0.712135709444039 0.756519611496436 0.374755679361069 0.746707528896689 0.107364806058645 0.329133609812416 0.402985529095409 0.304912088017089 0.294239340310877 0.421258128223546
"19" 0.777043243475943 0.601048296224146 0.0856139512183899 0.0948710076463454 0.324224661555543 0.0996249513551138 0.47208504689228 0.330900079928544 0.201964403363209 0.18138288267078 0.815263296600731 0.656787073823413 0.665232692784497 0.50240013451068 0.455029992417187 0.448429948976857 0.663920527362328 0.563901782298074 1 0.845181930756929 0.0445996785164634 -0.027644084172444 0.222083452776338 0.111318600713032 -0.339281196320033 -0.329629510665245 0.14066070221333 0.000583135834857711 0.66500660640048 0.594447952770278 -0.0263177350750445 0.0389666818843626 0.576419492946047 0.506633229047922 -0.175851678179479 -0.30435660293767 -0.407026838988071 -0.21649841321265 -0.146041631268911 -0.113858872816089 0.0841504984972812 -0.000539625813356276 0.259536797751386 0.364497954008996 0.392036394785801 0.261790286186134 0.5008305225455 0.44336746319435 0.41544790130106 0.341021154487752 0.132958827292292 0.235514604787873 0.490136573504857 0.46356109930433 0.508818885968242 0.448362406923066 0.706078101954703 0.581217420889825 0.603434602940405 0.386795870552795 0.349178404922794 0.195447096081429 0.704347429316398 0.515433995412745 -0.231584494965502 -0.208043958249566 0.0788817712271671 0.0254548042991322 0.712154852135472 0.598949481218386 0.553808230493713 0.437390493489778 0.550697164742256 0.611684408388647 0.320544102649203 0.164268049283074 0.362186835217869 0.163808660807551 0.322115254321726 0.393541846242122 0.648946140771003 0.436919271986233 0.344049465716951 0.492774335778771 0.28353847189745 0.20548731697099 0.441791973197682 0.287686764411823 0.580831316564343 0.452952706611711
"20" 0.697202724576101 0.74299244242936 0.200507671565066 0.334229447564133 0.35373951175699 0.0362950795492759 0.466620819995858 0.576312604419513 0.0838581636192269 0.271747409087257 0.613018684268879 0.7149258861346 0.415046571656121 0.532041344615291 0.42001624289677 0.57965302454727 0.826014590162405 0.753688846033525 0.845181930756929 1 0.06302023292715 0.0870116373057165 0.158815771696129 0.249674172414132 -0.325923859777414 -0.254684199263429 0.0670857446520659 -0.0672733798275935 0.848753122714987 0.800401835258059 0.213047447940863 0.307842102446771 0.793721608625912 0.787612876587026 -0.100525326485706 -0.244642855543441 -0.31311509093018 -0.190182827373861 -0.037808187306406 0.0177122925692913 0.0461346513309912 -0.140499820447439 0.409120948847378 0.48626372865216 0.474424006147252 0.395799681822575 0.663859667703671 0.612550667285662 0.492109451898736 0.454189492863277 0.298391690877639 0.402454898268179 0.620772460791895 0.554902449015576 0.619471195437282 0.546052234742869 0.773919685681541 0.73545585917682 0.610443356988399 0.510135020477226 0.313945326740078 0.355583290643146 0.721593101742362 0.730138561213083 -0.251650461213756 -0.148369769791183 0.242231543807838 0.229022866709151 0.806435119368303 0.779162870235844 0.583780719986445 0.52499416355051 0.626064504336194 0.764189998382911 0.33611252669105 0.333753754705335 0.442274275222957 0.314104671758519 0.560141663129925 0.565826053523679 0.730784155714401 0.672238920554735 0.336652204322956 0.606190414333774 0.191895002212191 0.30256887604178 0.416593680939149 0.370795713244861 0.483270632182724 0.512732001522528
"21" 0.072306705326418 0.0775249727910732 0.271259754296796 0.253653783049142 0.254914622426361 0.223982677568637 0.139485331436303 0.112140528187024 0.0573085950414674 0.0245085796410161 -0.0731755907077049 -0.0558598666674288 -0.05466611343417 -0.0218962523631711 0.167929944198787 0.132968393691092 0.0040821137323623 -0.111151820822598 0.0445996785164634 0.06302023292715 1 0.411200697071373 0.151560446523082 0.160200586430273 0.222936840274182 0.251693003929811 0.465212147893456 0.341885283556391 -0.0162821472393081 -0.0547521620992359 0.139110856538722 0.236209385625297 0.0443390910822257 0.00365821239664423 0.216030249711476 0.193248198610204 0.190559808498132 0.15903152520846 0.17313781042652 0.280889707616485 0.148150917178871 0.0450964438738236 0.207972343407269 0.187977015977433 0.229500544078308 0.123608731663647 0.208034995610698 0.178288098397468 0.185469686346293 0.144200013898476 0.151008583780914 0.0725865215280958 0.15136847384692 0.0777119161133178 0.268818958816897 0.272914473577935 0.107556058165665 0.0778288067238728 0.0706219006143848 0.0126341303488311 0.00222963237907491 -0.0332890892132753 -0.0341671788292181 -0.0863199478390131 0.222330000008357 0.125765477776755 0.262219743522468 0.219847503591537 -0.0135143960690957 -0.0505707328627107 0.303596700328515 0.229723004234745 0.244990794767604 0.10563846604614 0.0550670752594734 -0.0660265835318045 0.0376441751987338 -0.0149154044385889 -0.0900790732650271 0.00964757352938658 0.0502897649672923 0.0661309787145536 0.247905763369164 -0.00481804577931268 0.201605415114479 0.143889063528168 -0.0117694132684042 0.070785560736376 0.060833462493526 0.0816037694318964
"22" 0.0716258966467217 0.212500180016549 0.370184114577259 0.335442314031403 0.0361055747161469 0.0348880510299811 0.113398355875381 0.165701869429022 0.0179181193210264 0.0991857498782975 -0.164269969573847 -0.0213320147328986 -0.144619504355137 0.036780815555511 -0.0277758129655375 0.202007185721776 0.184613951898314 0.121312830298217 -0.027644084172444 0.0870116373057165 0.411200697071373 1 0.212075652307229 0.253180452072147 0.296633507905151 0.353074865594563 0.190845974150977 0.118877605247106 0.148529891202864 0.141892247239741 0.402398688845014 0.435859362353697 0.247667172527208 0.19140308673685 0.341697291029758 0.369419703007925 0.428374411019411 0.351488039425965 0.371841428528283 0.380397717463121 0.136204522634565 0.095406015913678 0.480910003820792 0.327267728862697 0.369752137715952 0.251665610106947 0.39908580903484 0.400258104174537 0.369173184178671 0.254089333188917 0.388981452171042 0.310442527586925 0.362896460798347 0.446964694223672 0.422921804305192 0.433700584997456 0.190768120216251 0.246201200082224 0.109897265691296 0.110183274283331 0.0271825012905998 -0.0135978972405209 0.0550592584145737 0.0888776004249794 0.23315051975245 0.146654913956472 0.434734291136659 0.387349784322165 0.196472529874904 0.215062361153453 0.316420511733171 0.374609551603388 0.142726835659796 0.267003665212311 0.207364754304844 0.272047588097951 0.404328511201018 0.393536441929621 0.216437684396141 0.299275265890126 0.245486170875862 0.365817673517812 0.276490970532238 0.384411471348554 0.280410539111984 0.372875780118292 0.0949237152691185 0.231750027188112 0.0702739057557432 0.240461554960767
"23" 0.0914266099175127 0.145019021309164 0.607612799966302 0.366376785898864 0.412934492466334 0.363007291878892 0.51353012419297 0.203079062275544 0.345852218315655 0.241272322171368 0.0876638173739853 0.0147231074878263 0.221734610470704 0.27138201786489 0.642315986493651 0.499954020725204 0.046932075293776 0.0034022928263783 0.222083452776338 0.158815771696129 0.151560446523082 0.212075652307229 1 0.748719104259808 0.471108298461926 0.348216482052282 0.367157185146331 0.39468701143423 0.00929018975388525 -0.0410238756448411 0.261603554602639 0.388665151905009 0.225782690661552 0.119013511493378 0.483818746707031 0.396905358604408 -0.0336612745455259 -0.044157824991434 0.104146374045333 0.174100660247368 0.0225443001258693 0.0556918565887065 0.242071890497466 0.208232069279137 0.195732883089463 0.198906373100251 0.295375687396437 0.253550432209095 0.21828648329719 0.314286648929203 0.305595392540986 0.273350369139686 0.242753391679068 0.33786735299239 0.357800307101463 0.255358645364887 0.0701470780343933 0.101645313631738 0.291256356125982 0.270510471036574 0.336478212550675 0.125464821268685 0.0270918927873758 -0.0152963838506403 0.656544146272615 0.376554474490196 0.401971291249584 0.335344275889325 0.194450296582656 0.188859797678444 0.521952304066891 0.428800109069908 0.150629019922393 -0.0431782182928327 0.051184625597318 -0.0660917468788988 0.165784542294299 0.203091378474045 0.0955877349384184 0.280578662475337 0.232390011260535 0.194227250118277 0.217492174451339 0.140235491731147 0.667027398281683 0.499696581999098 0.316388859150169 0.306686208002753 0.382000926199122 0.371886237135229
"24" 0.0166691761441499 0.269519854683754 0.574634933355656 0.703431785238053 0.470393687278323 0.32891936275245 0.377278179795289 0.584487504182223 0.178543610429155 0.417542983476874 -0.134057732796194 0.193926253356245 -0.133220061794059 0.330954758125439 0.383861221654281 0.591046410412225 0.188704358358533 0.197201415541519 0.111318600713032 0.249674172414132 0.160200586430273 0.253180452072147 0.748719104259808 1 0.296027582610295 0.358286341437833 0.186982990957159 0.247465899575538 0.193494881430829 0.182310367683864 0.393712234206615 0.637421592017757 0.387890166108044 0.423260532183276 0.555732291839755 0.482593067667188 0.021084189800193 0.0316467027579778 0.179003483524424 0.215724832970111 0.0472750690279762 0.0576487824706129 0.237196170873937 0.156389401208234 0.243825692717627 0.362176811483213 0.352386184656973 0.297633046184171 0.160503109432471 0.354710792307691 0.269829978988838 0.292277823198302 0.244465309768462 0.315151348785533 0.333762307846624 0.245986603248134 0.158643694778711 0.2506953757322 0.178238247028542 0.439603247591427 0.220341241664007 0.477158114209154 -0.0234587444122827 0.191041005415178 0.542197641095975 0.5843338413529 0.447013057278693 0.533226980859282 0.149638881749989 0.242485078426851 0.483926254119539 0.436201864557436 0.207827860503766 0.155612925575749 -0.0474427145721185 0.0501057266279322 0.180507033507047 0.375329082644578 0.264662921997788 0.405892369449868 0.270452882479965 0.379022987475774 0.321892468660222 0.336972014595261 0.450001967637945 0.585609478650643 0.251032470573564 0.419000296176232 0.143021001443343 0.37179610628676
