"V1" "V2" "V3" "V4" "V5" "V6" "V7" "V8" "V9" "V10" "V11" "V12" "V13" "V14" "V15" "V16" "V17" "V18" "V19" "V20" "V21" "V22" "V23" "V24" "V25" "V26" "V27" "V28" "V29" "V30" "V31" "V32" "V33" "V34" "V35" "V36" "V37" "V38" "V39" "V40" "V41" "V42" "V43" "V44" "V45" "V46" "V47" "V48" "V49" "V50" "V51" "V52" "V53" "V54" "V55" "V56" "V57" "V58" "V59" "V60" "V61" "V62" "V63" "V64" "V65" "V66" "V67" "V68" "V69" "V70" "V71" "V72" "V73" "V74" "V75" "V76" "V77" "V78" "V79" "V80" "V81" "V82" "V83" "V84" "V85" "V86" "V87" "V88" "V89" "V90"
"1" 1 0.909695284202987 0.579117992082925 0.797344675991923 -0.105257176099794 -0.143307879738717 0.919110089377875 0.875963318383827 -0.115796402367549 -0.104404636752023 -0.0160360543909642 0.223793006185884 0.0825308590839213 0.280489431409968 -0.127225133024355 -0.114476688412913 -0.139027406267943 -0.0405884589391623 0.558248528639369 0.805096429783141 -0.0269108728524389 -0.1477964519492 0.800004023227534 0.837309132548352 -0.110951798819665 -0.0810549868803139 -0.0583920845327176 -0.134876231974579 -0.118102610375078 -0.0573371365291392 0.331506952159072 0.521437662621239 0.368063169715166 0.476519141689337 -0.021239132918286 -0.0456007169355138 0.00415610830048554 0.0501623416667756 5.14237144864489e-05 0.0263675957776846 0.0957879061631779 0.0113781681192028 -0.0447173860428572 -0.00668801792014675 0.0130170720261572 0.032690724799311 -0.0769448570231323 -0.116129183043676 -0.0362032682337635 -0.051968761524091 -0.057516970740124 0.0324452336578575 0.0905729792282375 -0.0389815500158829 -0.000305351545061322 -0.0298931462038266 0.564199321572853 0.772931876576521 0.294908664242206 0.614241489208165 0.0255019192382369 0.260494278082648 -0.0637046166324108 0.114932944273858 -0.0629861043488138 -0.0477179861911559 0.125837841581353 0.0937883530122201 0.636686495548311 0.511975689197896 -0.0731032774593297 -0.0123621368084503 -0.113303813840426 -0.0779229565918126 -0.0913425065201307 -0.134850874967679 -0.0600793188193837 -0.0151473960140679 -0.0932624477454617 -0.111244606689798 -0.0464741255943672 -0.0563782897395327 0.0326803966542182 0.00321571538950288 0.0175555557779287 0.0513627264571341 0.141791225738696 0.0367038765616145 0.246420075296176 0.0888328620078602
"2" 0.909695284202987 1 0.709809390531472 0.814161543559891 -0.0906433480154273 -0.0747676800761649 0.884533306938018 0.881429782687355 -0.122738109567453 -0.0463030666410682 -0.0625781455378211 0.247354332079523 -0.0250433324521051 0.303299035528299 -0.138937279400084 -0.231494127402317 -0.200691710022008 -0.115882432028358 0.506006648759339 0.797623647596835 -0.0109514693042179 -0.210680995216464 0.880523450573593 0.862573086965654 -0.17096763861697 -0.0906809453765017 -0.0891679208651403 -0.124117753336824 -0.138131291469927 -0.0605639707679534 0.250322544599909 0.516527318811439 0.292671068043598 0.471917439593986 -0.0818942353704433 -0.0523409962227013 0.057375234305732 -0.0329707858400656 0.0302700570736701 0.0680328203754213 0.125501030494723 0.061280297933583 -0.0149705805756116 -0.00105308112411725 -0.0309972692884492 -0.0411783204570005 -0.0356921315918364 -0.0627218543908761 -0.0347604530329529 -0.0278114987610333 -0.0395995441149568 0.0185853977452929 0.135048859164434 0.0173419646465762 0.0487447631026981 0.0163428775275441 0.476521496841395 0.741430741100895 0.232661279894307 0.566709559358152 -0.0164673452759846 0.255660125600472 -0.119802753605902 0.109499044855479 -0.0792524171403259 -0.0418806020280324 0.0845523753365369 0.052557457522878 0.573232398839446 0.430737264852576 -0.111646057211269 -0.0625341982816274 -0.169233526713814 -0.106792639945446 -0.184479429486916 -0.138821559203536 -0.0615912073962109 -0.0560602040210769 -0.0643270129335151 -0.254510635178591 -0.051473205061039 -0.156581746811405 0.0935292381600645 -0.0102960043255148 0.0212524946496422 0.0409188120518507 0.14486295108258 0.0422327295257457 0.237750372815183 0.109600630209368
"3" 0.579117992082925 0.709809390531472 1 0.558054119789892 0.147007322133925 0.291790711028719 0.558952334129553 0.49758801604937 -0.112494542576691 0.246506482214191 -0.396167666089391 0.00734752447747252 -0.574087162559192 0.00727628693664946 0.0709301975761815 -0.556815958773759 -0.380644862259526 -0.482879462859522 0.0550541039448535 0.527985895756278 -0.0375715770172477 -0.169404624647294 0.900222403065628 0.695682467259203 -0.305916483022255 -0.234698417379588 -0.00983969544718579 0.0853889406248573 -0.250219620657111 -0.125647948344294 -0.344433845051675 0.126253715680938 -0.308908666217107 0.0093377449425239 -0.147088875132101 -0.0560123355967287 0.185799243635218 -0.113904215399243 0.164248775601025 0.328791375482299 0.341839884281612 0.144518197213651 0.260761978113115 0.195893834989202 0.0433891507547484 -0.178276639709038 0.278890177984517 0.251060963507905 0.0447589229248054 -0.0221699892199775 0.242542062440971 0.0590149904333151 0.348642919569747 0.307582978511767 0.319433101245617 0.337680538174245 -0.0768019675839838 0.145205922354296 -0.157745908906276 0.0180698723049494 -0.257053327173379 -0.063399405535795 -0.365612115063577 -0.208774394924796 -0.152312633188847 -0.186834030327686 -0.259937349998471 -0.264122576866761 0.168120367137248 -0.0771965571930684 -0.369474935249203 -0.374822714571314 -0.366083831132292 -0.190575901761038 -0.234592282042243 -0.221815829740834 0.00473575908118815 -0.146531260745793 -0.0190710273527406 -0.636789349650964 0.0188904820189489 -0.374096327384711 0.288548968703256 -0.0478908246464188 0.166130483596452 0.0894055276059939 0.326782637072788 0.272752529313407 0.254594271353369 0.281046664908911
"4" 0.797344675991923 0.814161543559891 0.558054119789892 1 -0.247849955267378 -0.208388336775158 0.864071227994141 0.859548738216198 -0.105674555397872 -0.0319882926216926 0.0772026720990479 0.265723108445204 0.154904052310098 0.315927971085332 -0.149374043348788 -0.0958659774445827 -0.0858960286454565 -0.0351915059971883 0.539180901619217 0.754851396841993 0.0380323777799394 -0.212972553347509 0.742851589763208 0.817160509487278 -0.118807312751528 -0.0625089159970681 -0.0781278979315575 -0.208463190894991 -0.0705906510347146 -0.0139290471279155 0.378020080673251 0.607053166451591 0.386862365987725 0.481702663993883 -0.0159982858316259 -0.00963501280852496 0.132322728662378 0.0238419280720334 -0.0359090256043407 -0.0729651046226865 0.152352095562642 0.155943560875121 -0.0486875380987377 0.0316850031482044 0.0617021149308412 0.0643386819708017 -0.132633644080968 -0.143709826373687 0.0501129946504316 0.0200239582732405 -0.0653592899832295 0.0939054563279024 -0.0503458541351006 -0.146850891368268 -0.112119125886942 -0.0981031941733632 0.490051328008497 0.696128419693654 0.276973486250302 0.521546324277915 0.0315923627768086 0.268529512330196 -0.0165527636703523 0.132802710135459 -0.0217379969466437 -0.00277435535426184 0.163234348673744 0.125396157901777 0.533903296873649 0.46374193793513 -0.0251810259263184 0.0423486140428786 -0.0916915155201719 -0.0443227020441544 -0.133294860556596 -0.0488128632617408 -0.0435048165748 -0.0190769390064198 -0.0854891978945706 -0.127757097224526 0.0261690245965063 -0.0402343269282489 0.1432283360334 0.105023895458898 0.122185703228474 0.124836589263513 0.14731099159543 0.0663352991107052 0.170957561740405 0.0415266392511879
"5" -0.105257176099794 -0.0906433480154273 0.147007322133925 -0.247849955267378 1 0.795222858154769 -0.283241287347673 -0.338857308871059 0.710462004846644 0.611537756278927 0.301544364445675 0.429063814330654 -0.0723733598550842 0.376595824460188 0.733528400814418 -0.11117937484058 0.367198558243468 0.255140711148096 -0.561900810155181 -0.389611773897859 0.539829613500588 0.246778450711824 0.0360565957967819 0.0869353735543822 0.612301208214098 0.597270180152443 0.639309255809182 0.657613947856409 0.559025589343949 0.615013855937137 -0.110251764756774 0.185737079337536 -0.0578612651179717 0.13156042869185 0.543769850759826 0.615057591102698 0.375301854644454 -0.129934078781716 0.26300076553357 0.315348743116776 0.401280355847559 0.40482089379483 0.11572374027288 0.297762914187124 0.378483389175715 0.269251977174856 0.0661826430078506 -0.0129532510631229 0.592564324290839 0.607447592020742 0.412247745562635 0.448805753630995 0.0100331483715886 -0.0560658580903464 0.0493191223475038 0.107213024205956 0.0563393243691054 -0.262683526783409 0.303238387940657 0.0539587750874248 0.441734688729327 0.315641494242061 0.449704619299651 0.377514772700303 0.621590931104822 0.542871340368902 0.379028520006295 0.365503385778915 -0.51734245490375 -0.509646087028273 0.45174919160032 0.347643053781165 0.438016598058352 0.581157976163896 0.492921324234962 0.40619821522262 0.60092798351697 0.506690392633428 0.6247275973375 -0.0273142459033923 0.621731796045545 0.308956732358537 0.481223446135533 0.493922366366478 0.35492090049916 0.418820988270805 0.212179263209732 0.260385523732583 0.305550947874947 0.292165997353381
"6" -0.143307879738717 -0.0747676800761649 0.291790711028719 -0.208388336775158 0.795222858154769 1 -0.339589954357415 -0.416533856285622 0.722955340344214 0.893294216334698 0.217509824101582 0.451185261698892 -0.237165265279177 0.417304359142998 0.672530782299588 -0.434769775890644 0.140056318621443 -0.00259014796938261 -0.760130261090694 -0.446081458524754 0.536719519558675 0.0280857290342516 0.118868667781159 0.190456874721929 0.444853827153059 0.487804038369931 0.390838634900453 0.596402604951824 0.436875883562259 0.562356262642144 -0.321842207106171 0.153188991091525 -0.20129269576577 0.0482099366624851 0.38989021783112 0.556648285127422 0.603254647699548 -0.383071961847517 0.427437348161408 0.37209944060999 0.359008441336356 0.522262951451053 0.29442081560789 0.385377488953985 0.197378291702734 -0.061453999823775 0.214532661819283 0.163205046980557 0.535272146046067 0.591961510816414 0.438416010628296 0.335326749744544 0.10504132025011 0.000424517000750024 0.130431365536137 0.221656616928514 -0.110528939430311 -0.404637705630695 0.261421703310021 -0.0415112413890429 0.415614679940464 0.355274919262326 0.350583477096239 0.358952864215244 0.53228057473203 0.51260271147355 0.239056042258545 0.188162165054105 -0.694972074297424 -0.751713192716225 0.335873223408532 0.226934889823037 0.216487074117699 0.486047683550713 0.437199032272472 0.31464941656121 0.56144727549394 0.418542739114609 0.5592366362262 -0.389554733165421 0.540477436655976 -0.00561798755404737 0.592846008785734 0.40820060907372 0.46945507699096 0.337786708014306 0.3585893093366 0.284545514778177 0.38710609680525 0.411943301766044
"7" 0.919110089377875 0.884533306938018 0.558952334129553 0.864071227994141 -0.283241287347673 -0.339589954357415 1 0.944945096536761 -0.280006038740155 -0.291267035725566 -0.0849658282147985 0.0956128478597921 0.0934539087850142 0.138493856443772 -0.209774894394332 -0.00626019830378241 -0.149492490009086 -0.0701751314490999 0.725137566698214 0.904632290627257 -0.109538951521269 -0.0676756547287188 0.79368788835538 0.782052283953377 -0.239114417822331 -0.207606459213195 -0.0741615450378323 -0.184282628332154 -0.192844062646531 -0.172044014850366 0.358481895975514 0.452528327681921 0.34520583212227 0.425217194750738 -0.0733612935456527 -0.14321736755081 -0.102124356405605 0.18772878799579 -0.048045705098092 0.00682170589507388 0.102165818930215 -0.0508790946023592 -0.0630276069460875 -0.0426779843133964 0.0424245131253048 0.104139527612338 -0.0793639062015976 -0.106725442495351 -0.0910848334345008 -0.155265686931169 -0.0690568296718848 0.0152405170690118 0.0952959732069774 0.0132614604555795 0.0312472617919414 -0.019900244591971 0.532961591842261 0.804904009312897 0.187886131087615 0.553177974469091 -0.111581839203442 0.120778748946266 -0.162849355347058 -0.0133494818670403 -0.158922566266856 -0.182021708197022 0.0590686509428204 0.0406593468461547 0.759786541055847 0.654715163450403 -0.167581554043273 -0.0792178854130654 -0.139584934268811 -0.18373843510509 -0.211144444256835 -0.174080018385584 -0.145857078375043 -0.101886969159087 -0.160786433775901 -0.0335321133953514 -0.101331867183835 -0.034409756078581 -0.0335009124756555 -0.0359934565108159 -0.0251352804803959 0.0357794871311542 0.115919005264808 0.0560904336107106 0.170940183155561 0.033311812686963
"8" 0.875963318383827 0.881429782687355 0.49758801604937 0.859548738216198 -0.338857308871059 -0.416533856285622 0.944945096536761 1 -0.340658131748436 -0.371292847010648 -0.0750902792934566 0.0623534822827243 0.115929902095601 0.114582432788464 -0.288017446281496 0.0407129775325029 -0.15341274177244 -0.0530884876662534 0.792089503227481 0.915384527358913 -0.165336379881205 -0.109906440241526 0.726626458555537 0.725968554045075 -0.266037004969124 -0.227688864828899 -0.104248054839181 -0.24203089864873 -0.225660455664394 -0.211534466714826 0.404152446050634 0.443742543959308 0.38226412350509 0.430654922981122 -0.12197984801332 -0.188054832166293 -0.165304273340264 0.162445441878089 -0.117773554150225 -0.0661038342914197 0.0184345577894521 -0.120497899574967 -0.141412134071328 -0.116815017977058 -0.0254422085728122 0.0783837639753951 -0.137526703725804 -0.137897474097516 -0.154662816244502 -0.201378800217843 -0.15872751735743 -0.0546306787047856 0.0329614669959686 -0.0123859006610638 -0.0253588029614982 -0.0875396801498528 0.502991157985723 0.832340599708393 0.137037234006669 0.532704427992028 -0.157561664374259 0.0916685989019282 -0.177243615905033 -0.0268357410855079 -0.204409354454588 -0.203525854581361 0.0479394717339857 0.0374081966830012 0.786906993870508 0.725793721112453 -0.167960067226965 -0.0846401286436341 -0.160703508071374 -0.221639607911346 -0.251667408375442 -0.192266215587175 -0.221043653709644 -0.153866636808802 -0.208194599715582 0.00185759519428398 -0.165419628044637 -0.0559408432207147 -0.128987007862617 -0.0931497835903719 -0.104913855622587 -0.0334187559223517 0.0232643931721442 -0.038098502995462 0.0557427593557725 -0.0600388811360521
"9" -0.115796402367549 -0.122738109567453 -0.112494542576691 -0.105674555397872 0.710462004846644 0.722955340344214 -0.280006038740155 -0.340658131748436 1 0.777906145777772 0.753594453875559 0.825129470981105 0.405291352605071 0.774630374466889 0.713811945307244 0.0408460562288396 0.618193172980677 0.608507644393934 -0.579420927443639 -0.478229636645979 0.732437145531428 0.0845484440234108 -0.105983020654104 0.141492943768006 0.862752952631599 0.895915700845303 0.443487710785729 0.481188399588543 0.819532249576315 0.888329810145326 0.266089789534733 0.519761007443982 0.379519295317795 0.500012193601201 0.699897949400276 0.79030987308333 0.56592302054191 -0.301457179611875 0.176371670885197 -0.0130786861375717 0.258825929813317 0.60846356280762 -0.0281153699975923 0.232447161777944 0.34520839685389 0.28961777252979 -0.191311791541954 -0.253127077971718 0.684393756486881 0.837869146040737 0.194019609659511 0.48789363825568 -0.298530573681276 -0.448582774339719 -0.301499112766038 -0.209520705934398 0.356319372270552 -0.0573134139440809 0.715248096959381 0.370113607049892 0.872048825855126 0.75465051346977 0.83064938312405 0.808228376034441 0.849173536409766 0.897684828860549 0.752186422641226 0.705894375362889 -0.539476330198394 -0.462833991100386 0.818648058410902 0.762602131451487 0.685931651520847 0.858655808913086 0.719489556454986 0.68839527302216 0.733994122572138 0.739894020619817 0.675231220860483 0.128928091445079 0.698313732397088 0.487708645367212 0.544387696046665 0.670839313005337 0.418464331316585 0.461533516346368 0.100371485723228 0.110522241339311 0.258950044464167 0.138619795183426
"10" -0.104404636752023 -0.0463030666410682 0.246506482214191 -0.0319882926216926 0.611537756278927 0.893294216334698 -0.291267035725566 -0.371292847010648 0.777906145777772 1 0.379417017598741 0.60781701075698 -0.0594021905518767 0.59744849633977 0.576039918963995 -0.431589608976138 0.182138180765539 0.0834730271576123 -0.764942252825072 -0.449292958859009 0.586825316389723 -0.146545310886605 0.104812296722662 0.260905305534489 0.503877886725001 0.567541281991146 0.240899444691025 0.390145316056255 0.481429269241209 0.634002275226941 -0.16057595572169 0.349574847956038 -0.017429737574828 0.194414359570876 0.399531332365579 0.593498367160278 0.721603211783438 -0.486693598316924 0.330382464276052 0.178797241413523 0.320770351451014 0.632266633659399 0.223787170971043 0.356132069794649 0.165341636935222 -0.0953590120235721 0.0858004136235503 0.0415993636215545 0.546263376885427 0.659067325755843 0.2963941874545 0.336662441418591 -0.0794043677196523 -0.221686300660579 -0.0792514448387745 0.0570961830191142 0.00688830387267035 -0.319417613624901 0.410623603931397 0.0772764602217892 0.563669027740784 0.533127752635371 0.462810186198502 0.515971582107121 0.576489631346504 0.6281228191988 0.356484576321358 0.287986599966926 -0.698366797483633 -0.7499924839552 0.442496725168062 0.359481314071787 0.250683053352994 0.552538358691421 0.48349829124491 0.38989238189146 0.585053030913098 0.472073185342308 0.512284675494105 -0.399045362335993 0.531464779090607 0.0174698455945847 0.643367542350455 0.472672119778373 0.503732948953837 0.354258139346609 0.296285242769846 0.212723406162716 0.358216997973095 0.319934565410147
"11" -0.0160360543909642 -0.0625781455378211 -0.396167666089391 0.0772026720990479 0.301544364445675 0.217509824101582 -0.0849658282147985 -0.0750902792934566 0.753594453875559 0.379417017598741 1 0.843779792456833 0.846491225691421 0.814547464647252 0.423359646813075 0.426916580982556 0.770628238324432 0.861701124037075 -0.164037625701922 -0.28309607782797 0.593215689699212 0.0929185106790329 -0.232071083390578 0.107794106999198 0.837340310828322 0.857735383145418 0.318262829976081 0.187803749418913 0.811020384208413 0.794103697792864 0.726053750533179 0.724021169601287 0.794085061942974 0.765908200544534 0.646785240369932 0.651051638712727 0.319259767186626 -0.166699175091568 -0.144434716376067 -0.353884611056534 0.0731946657802737 0.420166270065102 -0.337642070934877 -0.00364320860479619 0.274615950190291 0.431291823229802 -0.49441256789516 -0.507904855586538 0.512261633644398 0.691106699388287 -0.127414051171974 0.359209495886355 -0.57556439315577 -0.677951194020771 -0.582758210458266 -0.535186887140707 0.691633006807139 0.326252861350392 0.858574304532533 0.644197790175432 0.919926780994025 0.83961204856732 0.908667700214843 0.902391938539379 0.745809406824947 0.851883697380382 0.920149620206279 0.890962314338474 -0.191235753692129 0.0402245331246924 0.90673524900149 0.927580201565802 0.776164864708484 0.800098888682366 0.657961392185774 0.730609221017749 0.574249868107284 0.683245024107407 0.496419953139114 0.474274916012795 0.549720295519522 0.662116127910299 0.252695822105855 0.61191553409996 0.19037811614873 0.352849629633317 -0.18332467628579 -0.119427715950776 0.018093715154237 -0.210115356160982
"12" 0.223793006185884 0.247354332079523 0.00734752447747252 0.265723108445204 0.429063814330654 0.451185261698892 0.0956128478597921 0.0623534822827243 0.825129470981105 0.60781701075698 0.843779792456833 1 0.622490022844005 0.955408240690028 0.483435028519927 0.0698928588390989 0.605879302767838 0.700620370796329 -0.261815417016499 -0.127207461649361 0.687041859448219 -0.0802219863830623 0.143056619178055 0.424138433667459 0.794206666639633 0.868250745292336 0.274537311541385 0.217148868858707 0.776100610393121 0.840644017032345 0.563647399786219 0.82579238280676 0.685024298599764 0.823434649657972 0.603202699333297 0.725717776421834 0.548669262033456 -0.305827398916695 0.0551409398173231 -0.171613977739991 0.223621264099993 0.611414969466966 -0.165672004366769 0.143595600978389 0.258288969745477 0.305877389633228 -0.348966581755722 -0.405293684325139 0.590078421491321 0.796813234568472 0.013751925686359 0.447604545309702 -0.389556899108921 -0.602761290803165 -0.45218882135031 -0.378388226107905 0.684694173058249 0.386379309777538 0.916077272765181 0.744302580826613 0.934467069389406 0.965529128427111 0.841376004508415 0.959469539887259 0.79074767919353 0.915703646195205 0.88763403807693 0.841121031487858 -0.216687480692395 -0.123683164812877 0.844548535387804 0.856873686630889 0.646439649460113 0.808236940111049 0.590957874405482 0.659846844688613 0.631269167468778 0.70197996381497 0.577183173158913 0.142267360054209 0.602051327978388 0.472999929762401 0.494445631949909 0.659538420185532 0.352873159828984 0.436210256154773 0.048951692279714 0.0102429784404029 0.278196797392639 0.0386396101263722
"13" 0.0825308590839213 -0.0250433324521051 -0.574087162559192 0.154904052310098 -0.0723733598550842 -0.237165265279177 0.0934539087850142 0.115929902095601 0.405291352605071 -0.0594021905518767 0.846491225691421 0.622490022844005 1 0.621056602845111 0.0757997825035397 0.635403604236151 0.641072390642553 0.84456978673999 0.21127771899345 -0.0521419378945496 0.308075923372434 0.0719402226222695 -0.30210381843438 0.018756186241832 0.603100102188523 0.599781083514012 0.101079671807158 -0.104758555345685 0.560482493656598 0.483204926607443 0.897905817367573 0.654145635672586 0.909935327211328 0.755463373911875 0.423652531439881 0.356070395642338 0.0177659961402693 0.0493974504755843 -0.255523401406842 -0.462081219769021 -0.129058786975961 0.133801713814843 -0.392510099503071 -0.157431948441733 0.139778548368254 0.434641277625107 -0.511693350221062 -0.513227712930395 0.229749913167205 0.364760297741262 -0.291953582921353 0.181455268273452 -0.511898633061281 -0.600608895362067 -0.556070106525082 -0.569651773061152 0.775068409370509 0.553599764670319 0.754286228559569 0.696393546653119 0.722548519618194 0.672373843780477 0.723362099940291 0.729175048368906 0.471901474948015 0.575972176219393 0.783765768063042 0.769501073577788 0.181252016763995 0.41310487605664 0.747583984892028 0.822373887228984 0.630539144450233 0.524887068055715 0.406236156104736 0.518463294808078 0.231115538288315 0.434873647841607 0.190884343044474 0.684267346087045 0.240692791412941 0.630717797995151 -0.0470441123363317 0.379708445930828 -0.0230209847823081 0.161190741698188 -0.291654294276945 -0.241659018319268 -0.0889993304768647 -0.325801515118871
"14" 0.280489431409968 0.303299035528299 0.00727628693664946 0.315927971085332 0.376595824460188 0.417304359142998 0.138493856443772 0.114582432788464 0.774630374466889 0.59744849633977 0.814547464647252 0.955408240690028 0.621056602845111 1 0.360136356263825 0.00762907129101796 0.490882417846613 0.616175314651428 -0.240935866776702 -0.0899486852243908 0.635622370677696 -0.18171795927259 0.160423389477921 0.475220075780651 0.70886777087539 0.793558039032597 0.192704922819926 0.113036590371078 0.677638836501477 0.75435612928807 0.588667361390017 0.878294460975369 0.719500104153994 0.835227948725277 0.498331637681701 0.633687714539994 0.54271764274921 -0.340886771737607 0.0712889562721447 -0.16318110714696 0.171258434744503 0.568021390511885 -0.153690353094207 0.106514240566786 0.160191478813944 0.191924262610442 -0.330729102482904 -0.372459189385732 0.504149680340923 0.704336636270862 -0.0429452430345108 0.351248472113553 -0.364282826398931 -0.588533291275061 -0.443041697034265 -0.370675557624799 0.704488780732355 0.424683009666435 0.89102782278851 0.766895194603331 0.895094337009476 0.952202750836632 0.775308414163794 0.934941711338999 0.697309206919969 0.847009282568371 0.828894429378884 0.758746715778433 -0.184867010895325 -0.107357239220592 0.782219917375415 0.792850557418586 0.530760100089604 0.706523539026375 0.516552544796046 0.553812366567269 0.520474700913252 0.603475677284571 0.481374472550231 0.0802014067018715 0.495878643177713 0.354749705492644 0.44935720293638 0.582232690019797 0.326242535078355 0.358517092541767 0.0414869175227564 -0.0343981513854832 0.263566148326076 0.0326216333967805
"15" -0.127225133024355 -0.138937279400084 0.0709301975761815 -0.149374043348788 0.733528400814418 0.672530782299588 -0.209774894394332 -0.288017446281496 0.713811945307244 0.576039918963995 0.423359646813075 0.483435028519927 0.0757997825035397 0.360136356263825 1 0.1481222162575 0.648369114523512 0.421303621256844 -0.42632606787868 -0.37556056411251 0.698727130073429 0.520949271071753 0.00258681751234577 0.0519886234262931 0.68805873918927 0.673447059593143 0.755012500988161 0.826895406898191 0.766870923309726 0.785589281118284 0.0519885207812982 0.228686289739401 0.0704192840011435 0.239653426784993 0.780382873848869 0.803717156136509 0.486888023500749 0.0517597691884344 0.298941594556589 0.260766002785617 0.567098184431027 0.588809893977497 0.139670843695097 0.46806371172424 0.698298620309274 0.586771242599737 0.0201806460380636 -0.0578341407494101 0.82500141375249 0.77707373868236 0.522176009552069 0.707305068130611 -0.149283788704637 -0.194829463933263 -0.0639995700554486 0.0518772455327278 0.104883119009781 -0.176059220110049 0.390649853277327 0.0776440416675432 0.507145751922215 0.366740318886905 0.587104396505977 0.422713665662666 0.758057924584233 0.611430534285464 0.550540038436561 0.568864145594234 -0.416991012937954 -0.390204431896656 0.586948403317357 0.513518763738238 0.703448668169329 0.778467282892158 0.726603918263633 0.701046161073163 0.831993083705043 0.732499402063106 0.809001434230045 0.148724270694339 0.86166128811858 0.601706802498006 0.632382297048936 0.751286440684877 0.549686248482956 0.674693453487087 0.272784310747947 0.437725127306304 0.28319594883139 0.274822239458183
"16" -0.114476688412913 -0.231494127402317 -0.556815958773759 -0.0958659774445827 -0.11117937484058 -0.434769775890644 -0.00626019830378241 0.0407129775325029 0.0408460562288396 -0.431589608976138 0.426916580982556 0.0698928588390989 0.635403604236151 0.00762907129101796 0.1481222162575 1 0.610842853089283 0.682330895421344 0.407065915350602 -0.0170567233002297 -0.042667282511079 0.603674820302625 -0.403786177840425 -0.362874093581051 0.323421213070258 0.250170844458882 0.307695020563073 0.132903960356905 0.322728394726796 0.190746112876459 0.654884822140218 0.131021771089694 0.520637255125719 0.314173296885047 0.406893506994694 0.146698294527934 -0.487898241887879 0.50391047822809 -0.444776660002924 -0.368969461023508 -0.0963281983244901 -0.266028848881549 -0.385499768960876 -0.220039483864632 0.333425751073189 0.655510109824836 -0.349288671071228 -0.336600975606472 0.069043662735339 0.0420699054912592 -0.180644120382909 0.125817558889768 -0.362385792349609 -0.198564438219498 -0.288916181034984 -0.373915288891099 0.410804543162618 0.313730096234928 0.196142771867746 0.19523342910643 0.224902592145156 0.0501224638340525 0.342109840744288 0.163270743452403 0.154085997282823 0.120078445105058 0.410621668059835 0.516646661952267 0.374582616064106 0.564578555937317 0.412147389066257 0.47196331779092 0.559830491682256 0.288896438741156 0.303393875892529 0.448737492850076 0.0989268818115933 0.236703856030519 0.0448192318700333 0.900128748518694 0.124121006664662 0.770818080676615 -0.352852483258793 0.166776074965167 -0.260035086588879 0.0702492808729423 -0.493992563701138 -0.133879164720071 -0.476067139181403 -0.524866540053786
"17" -0.139027406267943 -0.200691710022008 -0.380644862259526 -0.0858960286454565 0.367198558243468 0.140056318621443 -0.149492490009086 -0.15341274177244 0.618193172980677 0.182138180765539 0.770628238324432 0.605879302767838 0.641072390642553 0.490882417846613 0.648369114523512 0.610842853089283 1 0.879139220445062 -0.0859187653427472 -0.298980159713772 0.6297654366635 0.488098144937331 -0.259113501601373 -0.1161225938224 0.853472351983115 0.811866113468525 0.547579750902843 0.437000222138692 0.904880884178308 0.820161081422526 0.544809178890667 0.414322619745486 0.54568384167572 0.547843888121794 0.788386827272957 0.776015299262667 0.200745884104462 0.126858741395238 -0.160639869917087 -0.284578758623778 0.2194409754694 0.416559293157065 -0.373105310802782 0.0813964842032647 0.598098679569481 0.739758333728292 -0.508314668637708 -0.557588114166302 0.665462949756163 0.722694821370211 0.0132036964251503 0.566339384991782 -0.575749433818306 -0.632677859490077 -0.553844034075685 -0.503805678153122 0.485412180269364 0.171999895088414 0.6288136842832 0.393713074830141 0.700209515357148 0.538287266845797 0.834338247402421 0.646899245613395 0.803444666491541 0.745528512684752 0.820060828547284 0.877626113007062 -0.118812694911279 0.0362842599624461 0.823820615705405 0.834274525687049 0.957942543424521 0.873878202804231 0.766856370527736 0.872527498574653 0.73388885576541 0.81868738993637 0.688944534928564 0.667209907977163 0.736109213163133 0.913837641402297 0.305545969340272 0.745832588921893 0.220529347817999 0.540941075621259 -0.20225000284732 0.0289623745941752 -0.0380950592017377 -0.204852666890642
"18" -0.0405884589391623 -0.115882432028358 -0.482879462859522 -0.0351915059971883 0.255140711148096 -0.00259014796938261 -0.0701751314490999 -0.0530884876662534 0.608507644393934 0.0834730271576123 0.861701124037075 0.700620370796329 0.84456978673999 0.616175314651428 0.421303621256844 0.682330895421344 0.879139220445062 1 0.0316236600345395 -0.219679804397768 0.482896681898647 0.285433061180495 -0.293570612309219 -0.085850814639112 0.823869118862306 0.816963697332746 0.364479256486393 0.197107195086489 0.793738781462865 0.738941473930107 0.753652728897619 0.544473021943739 0.766542850620904 0.709795293511061 0.674944340773287 0.608673489587264 0.0647640942684726 0.0657358521590765 -0.276016958751231 -0.401091256519114 0.0182940992658836 0.257999641224345 -0.445844058998925 -0.0952010349147729 0.370854260424033 0.632594236199061 -0.550687084658039 -0.594218425549103 0.456158208115283 0.610087637788541 -0.169557945954047 0.387528228528501 -0.56013113996839 -0.631726766201179 -0.575957553460075 -0.583022060039823 0.661046742751062 0.375934205160706 0.756874020105864 0.595958289173347 0.801826742862559 0.679667615949825 0.857545373236743 0.781697723048363 0.703351986570119 0.764089122680886 0.893604025238036 0.925715116083425 0.0320323901712636 0.218518746511939 0.876551271539858 0.921946685360948 0.871022336124652 0.797499803907447 0.633369425433499 0.776937286086976 0.532141081816266 0.689694756153741 0.469936718327954 0.732381347161619 0.506829043355354 0.849426499359032 0.100234837271608 0.57648535380658 0.0347724366079248 0.336577998929438 -0.330118389136979 -0.151790575023755 -0.110148405062152 -0.320498507069537
"19" 0.558248528639369 0.506006648759339 0.0550541039448535 0.539180901619217 -0.561900810155181 -0.760130261090694 0.725137566698214 0.792089503227481 -0.579420927443639 -0.764942252825072 -0.164037625701922 -0.261815417016499 0.21127771899345 -0.240935866776702 -0.42632606787868 0.407065915350602 -0.0859187653427472 0.0316236600345395 1 0.800410531904991 -0.374527685209841 0.120054363340361 0.293422975652576 0.261832226350305 -0.372491057621746 -0.385178813962551 -0.11613016696721 -0.288188411582784 -0.327736858204312 -0.397562839240271 0.423862843250654 0.108679051734766 0.323395540424287 0.191833753518828 -0.168948517225866 -0.353854574183499 -0.51285782125875 0.3958678936066 -0.28945869867837 -0.174337480692758 -0.217314141258327 -0.411665244170317 -0.270830399163302 -0.292939829002766 -0.0602169237140747 0.187101144573996 -0.217222239949252 -0.190542528031634 -0.344721679829634 -0.425444638270112 -0.288293038081089 -0.178622341033209 -0.0201901900349127 0.0356468177401782 -0.0392984086060483 -0.158059933977968 0.365852554575512 0.707074937149256 -0.0954186232355533 0.304336121778627 -0.345803309833844 -0.222279727127304 -0.260573651158698 -0.250272006069744 -0.36633040667349 -0.40515321426693 -0.0793193575123179 -0.0482060578069801 0.91111905033247 0.89896635016046 -0.240505383359928 -0.14337707070037 -0.119020959479087 -0.354154952092066 -0.33451878930477 -0.214059479303515 -0.401247006157026 -0.279594132890836 -0.359003516847921 0.363404905330964 -0.33324455890718 0.0918280917463415 -0.453437120515348 -0.255273588133271 -0.351186420019424 -0.19123504804835 -0.187720866269591 -0.172823049001099 -0.181194025893034 -0.258825198552929
"20" 0.805096429783141 0.797623647596835 0.527985895756278 0.754851396841993 -0.389611773897859 -0.446081458524754 0.904632290627257 0.915384527358913 -0.478229636645979 -0.449292958859009 -0.28309607782797 -0.127207461649361 -0.0521419378945496 -0.0899486852243908 -0.37556056411251 -0.0170567233002297 -0.298980159713772 -0.219679804397768 0.800410531904991 1 -0.304316141933668 -0.0759109471886601 0.710680652380412 0.649949500823403 -0.432918783138995 -0.412210241232781 -0.156516104031036 -0.262479586440806 -0.394286583693816 -0.386061264129837 0.21726662336591 0.242091100919861 0.179871214620399 0.239156358352918 -0.223155413440273 -0.310529347955788 -0.279214149166878 0.220805127166151 -0.104240899427635 0.0223878059979652 -0.0179577304884275 -0.23966775368756 -0.0646960582290787 -0.15448009779199 -0.100767403117265 -0.0124417294606568 -0.0266423627442923 -0.0307921375518154 -0.280898095265073 -0.357730029859511 -0.138135039590115 -0.151615712036138 0.16405813820047 0.14814858271241 0.117585380651094 0.0330738766341886 0.368170948711763 0.717901600836887 -0.0607134300472731 0.362324559160607 -0.338568466476623 -0.103524702978872 -0.356607750451221 -0.231212852164997 -0.355885880084621 -0.383061426849897 -0.158142013009 -0.157197804807368 0.825784074157022 0.693054843208055 -0.342981909186584 -0.257586323951532 -0.31555988753713 -0.396948464139516 -0.395100004659168 -0.359614571791876 -0.3559144746154 -0.29201290014872 -0.328787327379298 -0.0516989957112087 -0.280285917445522 -0.168456000630765 -0.209198026628451 -0.243513501008176 -0.178250526759239 -0.137393841304644 0.0420750430854519 -0.0362502581951612 0.0410218364298566 -0.0395930575783639
"21" -0.0269108728524389 -0.0109514693042179 -0.0375715770172477 0.0380323777799394 0.539829613500588 0.536719519558675 -0.109538951521269 -0.165336379881205 0.732437145531428 0.586825316389723 0.593215689699212 0.687041859448219 0.308075923372434 0.635622370677696 0.698727130073429 -0.042667282511079 0.6297654366635 0.482896681898647 -0.374527685209841 -0.304316141933668 1 0.163684460870196 0.00508563399739159 0.21458694463087 0.747370663896097 0.774985143359262 0.606039205888171 0.535745447673284 0.847948930757423 0.866252937156657 0.213467499854644 0.487875668472155 0.330862018816222 0.45709599695907 0.720589589053392 0.876026089570694 0.76820831276262 -0.0814872974892729 0.363777846281459 0.164753166543735 0.537931526614632 0.877878578356275 0.0444176719550838 0.477237406339678 0.606205405874933 0.491283080381154 -0.223839641938833 -0.286308456767842 0.868125078143407 0.916675983726696 0.3403852974148 0.75086985048414 -0.374550287718391 -0.549390439586851 -0.346404355129321 -0.177557079366304 0.296831197305303 0.00780662953205574 0.634910398504659 0.355233780039697 0.676870603510024 0.618149379389895 0.745935495408011 0.664716569861965 0.891543339977719 0.792725849805596 0.713951874955084 0.662534266707514 -0.407841620351967 -0.382532289383457 0.696451214951576 0.641690934615259 0.719541615727855 0.806796890661802 0.737152040082452 0.709696003741709 0.882696017636921 0.870420530887571 0.877386910694254 0.115432589317343 0.898261344916091 0.507370248361653 0.796850517635779 0.912390741303087 0.700986633355101 0.795206565216115 0.33689387280959 0.364705609566017 0.46384712030148 0.327237086602547
"22" -0.1477964519492 -0.210680995216464 -0.169404624647294 -0.212972553347509 0.246778450711824 0.0280857290342516 -0.0676756547287188 -0.109906440241526 0.0845484440234108 -0.146545310886605 0.0929185106790329 -0.0802219863830623 0.0719402226222695 -0.18171795927259 0.520949271071753 0.603674820302625 0.488098144937331 0.285433061180495 0.120054363340361 -0.0759109471886601 0.163684460870196 1 -0.147279626307698 -0.225443102595526 0.237278638411014 0.141300610931597 0.614730892597221 0.67628959643555 0.335989648707064 0.224440973623669 0.137921962015213 -0.140302133027501 0.0114782268073517 -0.0246453473319926 0.524156748368005 0.329845219632914 -0.221379911407824 0.565204539051014 -0.0206521526556679 0.18883427588394 0.27478913102849 -0.0105249089879017 -0.0204497173511455 0.142215156928934 0.591230321493552 0.643230217192984 -0.00912657405945265 -0.0324772522159225 0.330227060255784 0.157737156549419 0.304055573686573 0.377728783088312 -0.0115421875105489 0.0953714565541898 0.0771387292749299 0.0707164683185657 0.0699338013226219 -0.0208678593763783 -0.0482674647947055 -0.122960397896667 -0.00405541360779217 -0.177634299007579 0.145165650439787 -0.0717005297631188 0.208927658985174 0.0318894535646194 0.16725125226863 0.290685707680771 0.0889032634553575 0.147053708735229 0.181755180477581 0.174644705803718 0.480976644746884 0.285831423986983 0.389618364516075 0.428856554572079 0.34761593473964 0.319915305527881 0.384192243838104 0.53981127222475 0.411216874677592 0.63980555088747 0.0218847351508567 0.311585459580471 0.0690713011307828 0.340660643403459 -0.0587010138680905 0.264117082630525 -0.116814067154771 -0.0590886658275896
"23" 0.800004023227534 0.880523450573593 0.900222403065628 0.742851589763208 0.0360565957967819 0.118868667781159 0.79368788835538 0.726626458555537 -0.105983020654104 0.104812296722662 -0.232071083390578 0.143056619178055 -0.30210381843438 0.160423389477921 0.00258681751234577 -0.403786177840425 -0.259113501601373 -0.293570612309219 0.293422975652576 0.710680652380412 0.00508563399739159 -0.147279626307698 1 0.852063147976423 -0.206667880157064 -0.162452656209356 -0.0264616917848519 0.0173384722359997 -0.169121338334333 -0.0702600651507282 -0.0417708917250615 0.344865276578931 -0.00874313487783326 0.256304408187241 -0.0903985453461923 -0.0375350666605695 0.13779151494839 -0.0510331873807474 0.1032345175834 0.208267179778107 0.293172650766877 0.134084586154043 0.120662983775201 0.112818605427763 0.0663088503180903 -0.0702889525509538 0.104788656054663 0.060283560490802 0.037478484647228 0.000601936827450697 0.137328527090063 0.0772020625862821 0.24479331296824 0.140671579260428 0.176875526435766 0.171807769514506 0.242980029882044 0.478151022154849 0.0780379556373547 0.330155023776323 -0.12562795248953 0.114012153289515 -0.234263628710699 -0.0479504858999532 -0.0886276301950979 -0.107969630970182 -0.0714781944335499 -0.0847711134352435 0.401847502003452 0.195467111631863 -0.246628599853898 -0.209381677090883 -0.239787108853075 -0.113070149204841 -0.18014660611784 -0.16080995756421 0.0226696885572923 -0.0584671185551547 -0.00898438535364606 -0.450322366437754 0.0429874614343391 -0.233274080615233 0.2457389059802 0.0116912352965814 0.12809874451462 0.113562382525291 0.270368723150462 0.194054951060721 0.293048762224343 0.227834303333606
