"V1" "V2" "V3" "V4" "V5" "V6" "V7" "V8" "V9" "V10" "V11" "V12" "V13" "V14" "V15" "V16" "V17" "V18" "V19" "V20" "V21" "V22" "V23" "V24" "V25" "V26" "V27" "V28" "V29" "V30" "V31" "V32" "V33" "V34" "V35" "V36" "V37" "V38" "V39" "V40" "V41" "V42" "V43" "V44" "V45" "V46" "V47" "V48" "V49" "V50" "V51" "V52" "V53" "V54" "V55" "V56" "V57" "V58" "V59" "V60" "V61" "V62" "V63" "V64" "V65" "V66" "V67" "V68" "V69" "V70" "V71" "V72" "V73" "V74" "V75" "V76" "V77" "V78" "V79" "V80" "V81" "V82" "V83" "V84" "V85" "V86" "V87" "V88" "V89" "V90"
"1" 1 0.348700288575121 0.669994849862482 0.376488293035698 0.089763864682051 -0.104007320914663 0.371273221651554 0.371408076353752 -0.040166322735895 -0.0706706407062862 0.322768586855378 0.0782760633532209 0.0186185152013257 -0.0210180595209156 0.0432159516667375 0.28682074431543 0.256220137921882 0.132127278377371 0.477571619531991 0.510475394464974 0.0818996076973617 0.138046614176526 0.41574308982657 0.555735577498147 0.168482136630425 -0.00166906585969713 -0.0420295104534695 0.237208764424544 0.330428688994022 0.326002492705392 0.0228042533481358 0.155575968716055 0.344746117303353 0.289594927484274 0.0356281413416817 0.219759388208461 0.109733178565389 0.129796882658603 0.120277178174374 0.135517188570072 0.162835229377904 -0.0141170282133314 -0.0508557991366288 -0.103834863728718 0.230890165277653 0.275795915790694 0.389015020138223 0.00919831248217757 0.208518975252848 0.218451491926099 0.0834402360535436 0.309644049666665 -0.0311340974936156 -0.0280252902878623 0.204621681981784 0.270736781366157 0.273197010670807 0.387366013490604 0.193894218902875 0.248599063140279 0.0606764926045148 0.00255814242804546 0.260463990626147 -0.0781897029463408 0.273792287725078 0.0929487821178269 0.271594631637272 0.0179675723931937 0.48688640504575 0.365086059943276 0.183722754129505 0.286998716952338 0.02145698565394 -0.0590502359935902 -0.077542217264546 0.231969810033492 0.136269316382812 -0.00259853787365014 0.00444464468359687 -0.122573010690051 0.209251836079202 0.0265609401070576 0.0791596336022825 0.0957150937372874 0.19083068828349 -0.0241294894369208 0.142818990240302 0.0178108257840672 -0.138207216843708 -0.0357721009241859
"2" 0.348700288575121 1 0.294693846604926 0.280024144218535 0.135108784122677 -0.19731636995454 0.606379489639693 0.575699125558032 0.0321431363560755 0.063754644324406 0.420651028043516 0.561476497583664 0.428348885597869 0.402670884946731 0.0837545746649661 0.254295506506309 0.334452385725686 0.19989872795093 0.453346209800065 0.483701535814641 0.450666851739449 0.385889620154854 0.361350908555149 0.455241817166908 0.369019019253597 0.195803712253367 0.231597735909078 0.225364847174687 0.464659131057411 0.469210756548944 0.343100388970313 0.500034751692889 0.394765143871262 0.476157600241053 0.258167808138272 0.173381681912987 -0.0242683618374268 0.19986842521613 0.178233567380134 0.429913836020442 0.0919252671173036 0.110199523018087 0.0413648435637755 0.149107547196427 0.308497322729698 0.628163393986968 0.556105349320067 0.0113837025758308 0.190220036053586 0.680348236978336 0.277941351902267 0.563684285725954 -0.09095381684364 -0.160344040517205 0.428086802573737 0.553857059036409 0.562137231626812 0.715670917082537 0.479070185207601 0.711150945609128 0.385519861899209 0.231790298508501 0.242149803289679 0.19848342093114 0.414484955743381 0.418188781879385 0.405182091829632 0.310084662933181 0.0746358038747571 0.109262448222798 0.27485925887452 0.247316525130596 0.342272432750887 0.0124291271085237 -0.15618833426968 0.235068659679682 0.040757713069899 0.121716040040433 0.238697018650899 0.229297828069943 0.404217340286044 0.383252058655229 0.0862422651758527 0.400837184533757 0.309798142146491 0.192459670474605 0.165812627482109 0.322874423049647 -0.0614774584746951 -0.249021700720787
"3" 0.669994849862482 0.294693846604926 1 0.487844858297663 0.0629951666151829 -0.151195732770224 0.398699159693794 0.285007699991887 -0.251454671523187 -0.0721749335310835 0.312466810394032 0.166022313239863 0.199732979118431 0.134443061425744 -0.209183878545657 0.187666753877423 0.269504638901352 0.0438830533127809 0.517312343778788 0.535376160096238 0.103459152706565 0.3240863115013 0.297887430117068 0.513039998726965 0.247521978159184 -0.0238168026284137 0.0118113116892971 0.249358726913613 0.26174572383265 0.27182720825158 -0.0137066098938929 0.241274076323082 0.209982882862564 0.249562094581621 0.016533090136093 0.33655859081858 0.159296740505916 0.125571591372345 0.189483278621122 0.191879532797233 0.00711417882174829 0.0308930259506179 0.0213739835197924 -0.106627601269107 0.266060433699417 0.294077517563428 0.369817688479525 -0.0292429139038178 0.184164259328584 0.286393018984457 0.0690807316209544 0.336887058553664 -0.0652950639877485 -0.0118174388010746 0.141605641553484 0.295896531641728 0.255359579133317 0.386670601445543 0.22399803991539 0.265865014960693 0.0378568798399284 -0.111672406889615 0.136194663248515 -0.196360528476641 0.237192290133294 -0.0301462195526561 0.302764313841761 -0.0180699287769517 0.716691062164754 0.393048977073735 0.218648567178525 0.297616204048573 0.022292953844276 -0.160025325157628 -0.0217592733853687 0.244911067233762 0.0297938758567293 0.0148848979393144 -0.146430272647431 -0.0696441488504132 0.124808148232161 -0.108738899664257 0.132632885980358 0.199745797164241 0.183142004466611 -0.0850809703988255 0.370773390741946 0.0985257127425117 -0.0580121597630663 -0.200814383272841
"4" 0.376488293035698 0.280024144218535 0.487844858297663 1 0.198294291165804 0.217241977934135 0.288690478774952 0.41540187197005 -0.097926839165402 -0.0418034376922274 0.21096781798428 0.257233573262223 0.237002594565405 0.269671389126788 0.0407622534680174 0.184297253392576 0.285998786503044 0.286892018524138 0.323300567317193 0.441717412998875 0.0358599303459987 0.338205511704983 0.234707974822504 0.34498531799498 0.286245159629098 0.185561342278551 0.141168387682739 0.277182970266302 0.317169378322988 0.33260723880252 0.0813013892095903 0.276973350253569 0.215008360742377 0.247153744827908 0.0482725704949813 0.242785226377285 0.277334092938215 0.359244858260969 0.433966502728118 0.282279341720381 0.0707945509797211 0.297409318497117 -0.235458103885845 0.00322894054319894 0.333900742964705 0.243265795797784 0.276347779627601 0.104563539519532 0.347346510003583 0.392607586884503 0.257962573426843 0.387325580155414 -0.269206137086699 0.0277686672834338 0.241284415295492 0.26719188197404 0.368791761219705 0.327592306019016 0.158166871211318 0.262263211369226 0.20609416398806 0.102481604983081 0.116250334542993 0.0654342024567638 0.165369220855098 0.13982008866555 0.217614642916173 0.104408391455306 0.379433589826203 0.289678032227676 0.150211719437738 0.165411732813097 0.117354771684271 -0.0354807424780777 -0.163149865921846 0.228616131399448 0.151754346136998 0.0532016081681398 0.160025691948243 0.190802513574185 0.349914485631288 0.199280524889086 0.288571909294017 0.374724306406357 0.319754574711084 0.295304693772098 0.102700763495511 0.201367778270279 -0.0329462535692969 -0.186036029472838
"5" 0.089763864682051 0.135108784122677 0.0629951666151829 0.198294291165804 1 0.378485031198336 0.16600434433742 0.0916265334695601 0.447707302046029 0.272505758681055 0.166174636019091 0.117659934394079 0.231105273818756 0.139108795802922 0.411650335302509 0.242283453846502 0.251044372959389 0.190518600628164 0.207680010503279 0.131506166607019 0.21970831545762 0.0404901885665645 0.276209374588859 0.0865234487011683 0.2887283315691 0.374353356507602 0.426206932931658 0.414735555693908 0.205964484862775 0.24753000898237 0.0559829487533163 0.102157094268463 0.325440750392992 0.0446541080452064 0.100172935957779 -0.106686601006451 0.0875159710520934 -0.02350512220193 0.150253261959041 0.235225188733313 0.163598439329851 0.166334064264216 -0.129320620176295 -0.201538003405306 0.246137930398914 0.362627281426228 0.159126105345078 -0.0316288007888759 0.273635840654868 0.2400196451234 0.299550883112117 0.092711904094566 -0.215028819925881 -0.0764696114185504 0.206876587068051 0.0414750171690631 0.26854286522546 0.245330344307009 0.206267734807704 0.161367298076179 0.341864072971445 0.166989928774888 0.299849195676822 0.29302331442569 0.376024163803386 0.309415675997977 0.182240262832959 0.209250710340578 0.101253639999411 0.152250277450423 0.0683008039784 0.018595852495534 -0.104893218604261 -0.0093134354449216 0.0291225077177757 0.0297294255518199 -0.161773682520631 0.160342157066641 0.203071428159683 0.323023867671599 0.282158699128856 0.439318783826179 0.120204686233802 0.22949960529221 0.0636914626400169 0.208607281720748 -0.043612107281234 0.130610030651276 -0.110179452242447 -0.0741948843141703
"6" -0.104007320914663 -0.19731636995454 -0.151195732770224 0.217241977934135 0.378485031198336 1 -0.126476361809607 -0.0708342804357241 0.222386322525403 0.251927751268627 0.0373209862652951 0.0857664134246343 0.0563607823377674 0.228588348802276 0.118816826023085 -0.00257959853999537 -0.0958990671481907 0.284518047379158 -0.101457872745616 -0.165085688758508 -0.0795901825346357 0.234372540523422 0.0838790774449483 -0.258138397402682 0.140905222814159 0.301034617508617 0.341460648200393 0.412820414850219 -0.086183996182029 0.136418745930916 -0.0358480586118895 -0.0038545209424191 -0.103472077937498 -0.134578444884329 0.0778260703919885 0.189353456638789 0.25511163349131 0.172995636394353 0.297514891153669 0.183053710544966 0.222466956043035 0.351073659600713 -0.071631272226089 -0.00103089245272275 0.130030349039627 -0.050981537953851 -0.162720515949321 -0.0604056620061115 0.160221187753544 0.0327390525695795 0.252426360000543 0.0476753093875104 -0.204023307405986 0.0545473526587131 -0.00286925566755085 -0.0817945393256869 -0.0148613368736517 -0.0889084156449822 0.0227275426854318 -0.0741653018804169 0.263429448773631 0.230540294595958 0.156703491912577 0.301510460796208 0.0393606326843934 0.135255143636745 -0.0428297656241 0.0121729616164132 -0.0808598210425051 0.0172278401736823 -0.00134434619243975 -0.149639779625784 -0.151873834539392 0.23332877656116 0.0173766557753214 -0.00585666118564569 0.132465593999405 0.255091924720506 0.22629335727627 0.425756955691233 0.143642049077651 0.266178313300747 0.347036598539919 0.22005675533961 0.173988033490863 0.475485223050973 0.122813396219486 0.240934476498785 -0.0288633358490641 -0.0294111628478628
"7" 0.371273221651554 0.606379489639693 0.398699159693794 0.288690478774952 0.16600434433742 -0.126476361809607 1 0.605471596899885 0.125596986677163 0.190497795479512 0.503772343459069 0.311522018739894 0.498955768627853 0.236921778786498 0.00677489665411583 0.151604314082486 0.261223749423548 -0.0111443910419098 0.587586379970564 0.514739384402862 0.407971729658743 0.299161357065278 0.527926642538906 0.487148832909347 0.282436943447677 0.186791101737231 0.181776525865037 0.248022198639846 0.447467141285908 0.405261764307833 0.339858437870093 0.464885040884815 0.486575472190282 0.411353756260311 0.271490864760856 0.140417525043301 -0.0619592928518732 0.124423256573782 0.219400287701855 0.417710959909171 0.0480414617890328 0.0115187217620726 0.201593848219289 0.157617209896979 0.14784447484793 0.532456307204108 0.639168873912501 -0.12528990898811 0.120236198938386 0.404373675112846 0.488041263943466 0.285346335968708 -0.101914564655976 -0.343638652488457 0.469642803811651 0.293851164345964 0.656777351199993 0.603802435354564 0.633014955799471 0.498727252225991 0.352039191377282 0.17934259144564 0.326047353276423 0.160523086181125 0.492268435731541 0.390306279092331 0.370464401065154 0.330532564207857 0.180870822921131 0.120424873630615 0.326516618847412 0.235470621314406 0.281391304817164 0.11986235701268 -0.00409485679882029 -0.0846248850493495 0.137583157118849 0.249661641425834 0.245998139754698 0.2456093517562 0.379988692650427 0.333604830992739 0.00327980877277864 0.23325353436163 0.124110493997132 0.020977291564612 0.207923051562775 0.256509723445557 -0.220691799146504 -0.0845075001001415
"8" 0.371408076353752 0.575699125558032 0.285007699991887 0.41540187197005 0.0916265334695601 -0.0708342804357241 0.605471596899885 1 0.176796908814871 0.176447469290615 0.439864786763483 0.406614640122736 0.379618772466396 0.231899796627949 -0.0347443243228815 0.17086848030461 0.1652931657877 0.0395548104355841 0.397040530571393 0.473053271825696 0.241105212116832 0.279583610041668 0.38762365774138 0.469518203906971 0.297175378126529 0.255762323215685 0.155366581449676 0.164354128208952 0.384536003127341 0.372154351290769 0.425339650584839 0.587441305371772 0.231715215267369 0.390393326330508 0.268735373885092 0.135944985694956 0.0715860037988694 0.210867760821198 0.166702421866607 0.312408288134102 0.117315260345377 -0.00527992927559842 0.114933966103725 0.150994404759942 0.129417796930469 0.375307704070874 0.510113328437397 0.259189378382534 0.0357853174887174 0.471586539385839 0.348182601593116 0.355764765238578 0.0644023064567868 -0.0342516522738182 0.435396617919143 0.446624088315407 0.468679522422647 0.573215534706887 0.397313387182145 0.458438766665007 0.267918212777916 0.321084637618377 0.16611748109834 0.171907543610185 0.250693317146664 0.368297652965094 0.283764762928094 0.2606997935119 0.086941878993475 0.191385402788934 0.119637120953155 0.17097363909425 0.312138715175592 0.0654043245453976 -0.226077250609222 0.0669781167898399 0.341458713306569 0.129915892011161 0.214716400685434 0.257501346269083 0.376459134105001 0.349001549841424 0.0938920028999356 0.239318680165316 0.248017171245208 0.1522061330327 0.0504845837856176 0.332503077621874 0.0258658753599766 0.00621441079980084
"9" -0.040166322735895 0.0321431363560755 -0.251454671523187 -0.097926839165402 0.447707302046029 0.222386322525403 0.125596986677163 0.176796908814871 1 0.235493829829546 0.234681996373157 0.235050935619078 0.312632383639933 0.295443296036671 0.244410219413351 0.0775066692540311 0.1438984457471 0.0989285674566535 0.0466531365920955 -0.161294998386249 0.288571511912051 0.0511787704052786 0.293143390530097 -0.0642377362073544 0.160132886612079 0.539247688865979 0.333290572280465 0.316284281938327 0.103053413215829 -0.0249911429593447 0.317821382282025 0.147705494169098 0.0944090663261254 -0.0749087216232114 0.217869904105445 -0.222732551602961 -0.0966636142441174 -0.0721788682182939 0.0160812896513194 0.17123949411152 0.114415292841403 0.025891201651754 -0.0432765154691021 -0.155235845124801 -0.00818904691080754 0.207401263948738 0.0759483049584184 0.0703810649112677 0.134685889935837 0.0864318382848469 0.326865594542504 -0.0587931831077233 0.0904643481718156 0.0124785739315397 0.16063290459252 0.0638104394335521 0.0596303187453221 0.0814990104616996 0.269194251688404 0.0988685577562195 0.38299946786456 0.266539147509876 0.35793604947691 0.418763848372252 0.33772325324362 0.388530360369352 0.181326350805728 0.312407447704475 -0.0938965386228549 -0.17136748277782 -0.126945504441803 -0.14754695015789 -0.0219496009295042 0.157010588417853 -0.0183248090678038 -0.164704168307137 -0.101769298344259 0.0139642895340803 0.30985945156082 0.0665550144831644 0.153179839664785 0.199603423869491 -0.0221032954213525 0.080526538936059 -0.0524705126540369 0.012533652117898 0.0062584401783357 0.297359787863736 0.105703161300362 0.0475183295760628
"10" -0.0706706407062862 0.063754644324406 -0.0721749335310835 -0.0418034376922274 0.272505758681055 0.251927751268627 0.190497795479512 0.176447469290615 0.235493829829546 1 0.131149749720689 0.13183529375729 0.0571494954829421 0.242798047098775 0.213197262443508 0.275940373433928 0.168090466344968 0.152341551475573 0.252864582238593 0.133864878854502 0.295953046139017 0.328541804999391 0.266095828210241 0.0517055028189208 0.309438418105376 0.379714975570269 0.204332759413571 0.17249281473279 0.164165673123067 0.143236761489769 0.288804655753741 0.314716380648383 0.215611535720256 0.0910537430667498 0.235514120895904 -0.147986457826942 -0.0178521499971812 -0.0982769461111778 -0.0576980609257327 0.0649017487113571 0.157293695903925 -0.0635317858026269 0.13296615710386 0.110067506699043 -0.0896293640624466 0.291440922205569 0.196955902918928 0.127842129408683 0.127717043954995 0.221720783747269 0.29333213950806 0.0657501923509087 0.137058934081724 -0.00306476754933072 0.325936444978611 0.15306540015265 0.19649574015686 0.177951636599913 0.344308820623827 0.205928031981897 0.15770033826584 0.205707576718676 0.349703436357492 0.249775200842418 0.234946439759726 0.256642012493397 0.230447229175814 0.279828866039118 -0.0615325802947791 -0.00921150058858003 0.0764708561437974 -0.0608633177264235 -0.100069182241633 0.0803674747516284 -0.15471503049326 -0.202875205009214 0.0476975461671229 0.354995779576728 0.0955772062004265 0.17287231792167 0.124742019903377 0.107983661708535 -0.0751599441950978 -0.0751522595072147 -0.0630944302501485 -0.119621660056038 -0.035224055447828 0.153973547791085 0.00917206406544909 0.0878715764860394
"11" 0.322768586855378 0.420651028043516 0.312466810394032 0.21096781798428 0.166174636019091 0.0373209862652951 0.503772343459069 0.439864786763483 0.234681996373157 0.131149749720689 1 0.531334494835747 0.601922302722995 0.408648683811494 -0.0886736266376646 0.0291469463029163 0.236713717208728 0.000928142667101276 0.462141063303624 0.388854765140811 0.492669608452377 0.431825418527777 0.429627788662061 0.433926947685573 0.2212821470019 0.322250269966808 0.151786006373737 0.25806359102921 0.232248829769323 0.231893398950333 0.460817695280076 0.441168468187556 0.253110601793823 0.347631985861836 0.325030039302491 0.0887842367901743 -0.0185052900500578 -0.0797778256858571 0.166871494749811 0.264444880917097 -0.0658383205562457 -0.0143561605530267 0.125027419279561 -0.0917722511075021 -0.102548087289967 0.476163112426845 0.450419595788413 0.0462696838582805 -0.00202059662116902 0.351728310914819 0.391135815594411 0.148104600312524 0.0736499634662462 -0.0717453362491279 0.389881503399735 0.375097008355025 0.334898211097941 0.4254794571931 0.548733108874408 0.431111325375291 0.576918474804285 0.436360555694882 0.334863028175038 0.478921699123939 0.513039545922526 0.522454322921715 0.561424934409647 0.461613926796798 0.0618288822957861 -0.126808913989738 0.196120589283491 0.32652219023996 0.0634924131182704 -0.022727788972184 -0.0206381296570823 -0.178268139648248 0.0760213352155961 0.198259912593076 0.0936013781766889 -0.074541328887663 0.0977607225112842 0.0288182561925199 -0.213653501078079 0.0450320897188151 0.0650185842988139 -0.130328490432258 0.400663158117761 0.42324532555153 0.172976789811029 0.0283898594148558
"12" 0.0782760633532209 0.561476497583664 0.166022313239863 0.257233573262223 0.117659934394079 0.0857664134246343 0.311522018739894 0.406614640122736 0.235050935619078 0.13183529375729 0.531334494835747 1 0.600469747156121 0.572733511842466 0.0963849425620881 0.10005617963802 0.366443843998678 0.302830328104158 0.32098239229834 0.320447307028814 0.483771515484786 0.558998394720974 0.254173586397306 0.304014487034942 0.337960337540364 0.434550908091512 0.222554774062087 0.282933278012847 0.414471737889311 0.38034012795565 0.499758850236972 0.496237806643718 0.0476695527825697 0.371498161278968 0.21935501896712 0.106285089619528 0.0542673288880924 0.190304211098885 0.257203437562678 0.424304624232752 0.0620340415887361 0.188886987080928 -0.00152770341305595 -0.0164672749104947 0.0837919009186935 0.550071650091838 0.396219498357532 0.175011423573018 0.16780385045269 0.556961520582053 0.358779139559628 0.414677318287861 -0.00697733306586951 0.118929511717207 0.446006883339081 0.558441368417464 0.417061474513504 0.535669568477285 0.483516188090522 0.654808352862205 0.641690646114998 0.570344583293786 0.394499168372057 0.554747634012746 0.48495990342287 0.618601766081184 0.597071139894347 0.499759683038116 -0.0198265285318426 -0.127063045915666 0.00473409996606951 0.207956823377575 0.162761362353683 -0.0796331788087868 -0.0590371926568006 0.0814239552793854 0.00467789080322058 0.17988402371492 0.15902718311034 0.0922156465389693 0.259312791371919 0.200296509965422 0.111762876708253 0.290368878765933 0.356138494975584 0.151010250022429 0.368599224612717 0.512010390135312 0.206291705198942 -0.0199615102369499
"13" 0.0186185152013257 0.428348885597869 0.199732979118431 0.237002594565405 0.231105273818756 0.0563607823377674 0.498955768627853 0.379618772466396 0.312632383639933 0.0571494954829421 0.601922302722995 0.600469747156121 1 0.490863231084864 -0.127026532259723 -0.091991531905444 0.102726065280418 -0.0368330743471087 0.313611113967445 0.242759382164722 0.374452652500355 0.465102727909117 0.463197685738703 0.240794233877557 0.281809241751181 0.369424460370698 0.202133865574855 0.212017148112 0.187934742493987 0.163098521040751 0.533300257039979 0.478630235558955 0.078753219736487 0.177662367985146 0.389965413173511 0.145297011669842 0.150310274832116 0.0968549305097355 0.355054426896691 0.440611218448217 0.0167491391059348 0.0877228028131681 0.0662941280127158 0.00108153220193141 -0.0328021308259775 0.440943306585051 0.324981455893914 0.015770173281366 -0.118308562970104 0.303925420507459 0.465765953103306 0.100553516326741 0.0109149018722883 -0.0728187854817498 0.423391912935645 0.353075463358073 0.340662956146463 0.539119336483847 0.510991958369083 0.499228725937308 0.674920718384366 0.552905754619076 0.337028619360699 0.452509355864013 0.428742521073736 0.494929914901084 0.454319259469487 0.486805666920854 0.0992533438290166 -0.166678348381882 0.0773104275557713 0.13816828643038 0.160848930029295 -0.0579141139538816 0.0606664832588371 -0.187804159096116 0.0359328818869566 0.14774424621705 0.23665886664326 0.134363849364229 0.194434915742675 0.109697122992658 0.0558164749841114 0.197961906744279 0.291783920491056 0.0782158345873449 0.385930171054159 0.506952842318586 0.18452292994209 -0.00761513015953131
"14" -0.0210180595209156 0.402670884946731 0.134443061425744 0.269671389126788 0.139108795802922 0.228588348802276 0.236921778786498 0.231899796627949 0.295443296036671 0.242798047098775 0.408648683811494 0.572733511842466 0.490863231084864 1 -0.0509450464135069 0.0798315183099087 0.318996297324802 0.377066854423233 0.25221526808857 0.0878962934041574 0.479285290821506 0.542573228514214 0.316713779111626 0.14935835945582 0.311906879101735 0.46571484736964 0.345223136448064 0.402934039206011 0.134874186572203 0.201727106730879 0.416319080680489 0.433636974209641 0.0421550791314951 0.208270216767815 0.287048940812818 0.164430772265339 0.11981365568265 0.149689636229568 0.31758482270134 0.444919548465695 -0.0193539229212357 0.298888558674521 -0.0985262968426679 0.0648736590454409 0.118209347568818 0.477467895417568 0.276708127250502 0.01924864466023 0.221872830690668 0.573861507384969 0.355264525241225 0.405065738563874 -0.0184095614173353 0.0280612884288082 0.315615911745155 0.465046385218729 0.251178998598389 0.362685083064716 0.453475933219287 0.534165519981207 0.619213435440041 0.376367671343883 0.311276842016098 0.511389688001737 0.410943145592396 0.560414635712511 0.482782845216043 0.459126212711517 0.0958003059094052 -0.171932392075982 0.0160941669119791 -0.028553935391964 0.0759725848082546 0.0777478365554951 -0.13833948150508 0.15671955963587 -0.0014084578213124 0.174193098746406 0.299182266537183 0.155069380761098 0.243065087243377 0.159002055208794 0.175417521397957 0.321671929760158 0.236338839186719 0.153244033579803 0.240149835099047 0.542170782054141 0.165219428242013 -0.284704815316883
"15" 0.0432159516667375 0.0837545746649661 -0.209183878545657 0.0407622534680174 0.411650335302509 0.118816826023085 0.00677489665411583 -0.0347443243228815 0.244410219413351 0.213197262443508 -0.0886736266376646 0.0963849425620881 -0.127026532259723 -0.0509450464135069 1 0.623086584600808 0.332048082614536 0.353131215654076 -0.107247772398272 0.0483137494873072 0.310795785585161 -0.132598790251644 0.200012184988775 0.0575282905483743 0.168478645132995 0.255472317572304 0.0887660228146063 0.286233644809621 0.498166611561369 0.316144705037844 0.0607707471375043 -0.146566885561641 0.274466042995612 0.0897269507769338 -0.0871810965316538 -0.381741645880544 -0.319743626887927 0.0666358051665663 -0.158804055886797 -0.0574139131637968 0.153148471504227 0.111814097092459 -0.174761391747015 -0.0617374369895327 0.105429779364139 0.194385207304938 0.136295831935097 0.13525647387657 0.441320902835093 0.200713971280421 -0.10180258153323 0.136890574751148 -0.105004504180756 0.104476914576776 0.0627401220465368 0.0473428020436177 0.120564043306127 0.0465878631790622 0.0170192716426797 0.128733830390422 0.0965569505370134 0.0429421852297155 0.250966785127279 0.094465999546452 0.164222656893978 0.176414519726408 0.194157527220714 0.147129683662938 -0.234830795637097 -0.0928441170900191 0.0082821463007683 0.0282629970970319 -0.0932856753768528 -0.0795794024802212 -0.0212304070747144 0.0671907425364006 -0.0540374040226068 0.0890781208021423 -0.0202649310916806 -0.0695085222597225 0.197357777705271 0.30041286761101 -0.0218275152943522 -0.00634205329801003 -0.167693143909218 -0.0767354646888312 -0.262728090978005 -0.233580811830114 -0.122034392244629 0.131991518877507
"16" 0.28682074431543 0.254295506506309 0.187666753877423 0.184297253392576 0.242283453846502 -0.00257959853999537 0.151604314082486 0.17086848030461 0.0775066692540311 0.275940373433928 0.0291469463029163 0.10005617963802 -0.091991531905444 0.0798315183099087 0.623086584600808 1 0.538101227186685 0.505433263157509 0.147884810324119 0.225275640544412 0.261106944729947 0.0298634268618463 0.259190363912272 0.262563288148519 0.254951688537263 0.14664617168465 0.294637740092002 0.392617210491918 0.602722236053878 0.490911225229589 -0.200413241825297 0.0345457611615557 0.296948545702527 0.128201344894317 -0.0720999588148289 -0.163815299480038 -0.248214867145532 0.194522699602856 -0.0867982728983523 0.0252657836141112 0.130124494028082 0.165807639691032 -0.151299603324961 -0.0502328832331847 0.403601753504509 0.337024356334004 0.320595525358352 0.183220483463269 0.555798462409598 0.477694139625334 -0.140444790845202 0.425438651164852 0.0104953488995782 0.176145086882619 0.11495920665078 0.299448254588379 0.194119815740343 0.155349779755906 0.0362541553872998 0.314052038071863 0.0429010374134876 -0.15448274767347 0.271426190415533 -0.067573376316588 0.187055637870204 0.128411070909552 0.237539195558001 0.0969133592381087 0.0614388487015633 0.0275949323507576 0.110428361159839 0.110056881721392 -0.0577098359022058 -0.101230011704577 -0.147725693668267 0.322928681696832 -0.00176242255225042 -0.0272456147107988 -0.0841278234535061 0.0356746591696636 0.27475030357427 0.306861430522354 0.0723800052193541 0.204820472325413 -0.0537993703366713 -0.0859225729177816 -0.0172298308020191 -0.114775671190401 -0.110671541744639 -0.0787335236876951
"17" 0.256220137921882 0.334452385725686 0.269504638901352 0.285998786503044 0.251044372959389 -0.0958990671481907 0.261223749423548 0.1652931657877 0.1438984457471 0.168090466344968 0.236713717208728 0.366443843998678 0.102726065280418 0.318996297324802 0.332048082614536 0.538101227186685 1 0.587532218866673 0.33211792113862 0.242440943153478 0.379730187878346 0.355490956737776 0.18980113283135 0.269974559595246 0.422499194137616 0.423485160595554 0.269492375338209 0.307095314613158 0.622954248710668 0.560140626790899 0.0310290262060567 0.11272277510995 0.395247741096758 0.221519269422214 -0.00906794764942959 -0.10267844617418 -0.18841684869064 0.145306515555399 0.0636759490821112 0.239560491653321 -0.0557818155258884 0.163541603284517 -0.258338357597522 -0.287167728244687 0.511400944914293 0.570179812905922 0.348344264485974 0.0536283442697241 0.731008165278884 0.583209467975172 0.192497665849718 0.576089084181401 -0.0424787990310586 -0.0362909391193547 0.111834947039088 0.280138425728998 0.276569720974663 0.218907891560193 0.39040334259112 0.389605400589108 0.222560384588225 -0.0943799614707385 0.392134823433559 0.245188786965284 0.478496522416968 0.352220229680698 0.562942023120386 0.327062659922425 0.183564611655497 0.126139603398558 0.275084032891212 0.286303518580682 0.0968882212576234 -0.12693730069085 -0.0949493986843576 0.296079123592604 -0.168730277144444 -0.0206843721414009 0.256845622701069 -0.00639666575460716 0.458743620909774 0.288714520680236 0.129487208952845 0.400132633125598 0.07297188919501 0.0598660130439379 0.112978999516566 0.110012020757712 -0.00147799126675896 -0.242126232458514
"18" 0.132127278377371 0.19989872795093 0.0438830533127809 0.286892018524138 0.190518600628164 0.284518047379158 -0.0111443910419098 0.0395548104355841 0.0989285674566535 0.152341551475573 0.000928142667101276 0.302830328104158 -0.0368330743471087 0.377066854423233 0.353131215654076 0.505433263157509 0.587532218866673 1 0.17261225199891 0.0989881074825327 0.15004269180791 0.310882870292085 0.0822813405310066 0.0110887151494253 0.362360204759531 0.372847935062854 0.319454702511291 0.434101240994908 0.439351672474334 0.472673193305109 -0.00500418384813233 0.0495512864815984 0.187448400699164 0.132985053789221 0.0928901064955096 0.178601944723145 0.0844576041444003 0.373762201791737 0.2213598936231 0.252834610478873 0.143805613731616 0.320803087968434 -0.223103997598609 -0.100640849235515 0.429604939548113 0.370476085825909 0.183085587015453 0.0155954207630236 0.603648721210015 0.558566638725323 0.217489680461516 0.524816153485181 -0.0376738072619411 0.0931834947847563 0.0670382653494034 0.286383556415027 0.190635572620502 -0.0185705704793872 0.0920030008885577 0.276095569753361 0.247291606366216 0.0377162625612797 0.424244737829715 0.283712786241359 0.317395651442702 0.342568553118744 0.294363805646235 0.237838614834641 0.127687667070509 0.114517697425851 0.0892843249894992 0.026609170075456 0.171156794660963 0.121581809253925 -0.0469940345157303 0.227456828400209 0.0433221386368974 0.0238617634579727 0.328265022430241 0.235937982833652 0.411488129177968 0.347099529643571 0.408653235697796 0.412350308081646 0.254405983851593 0.304550353726997 0.145315487755238 0.227004277285587 0.0656347418267443 -0.233599337406919
"19" 0.477571619531991 0.453346209800065 0.517312343778788 0.323300567317193 0.207680010503279 -0.101457872745616 0.587586379970564 0.397040530571393 0.0466531365920955 0.252864582238593 0.462141063303624 0.32098239229834 0.313611113967445 0.25221526808857 -0.107247772398272 0.147884810324119 0.33211792113862 0.17261225199891 1 0.509993714598902 0.332109258947184 0.316947103613566 0.340593990737076 0.464004316128819 0.278336052922235 0.16215148872673 0.150285342490637 0.19858494533336 0.318150149273151 0.325481524320425 0.246435745687075 0.410614264079978 0.42760180591601 0.447504983009273 0.0866078759617058 0.293830106146101 0.0146507167546042 0.166503773300174 0.117943040657527 0.33355863439985 0.0882043765579988 0.129711959711761 0.0346817882307449 -0.0428572118400129 0.206866027867276 0.598944679356351 0.546052856845009 -0.0591167576004617 0.143000142107978 0.473162379615682 0.455626540258003 0.433012248368784 -0.0558588509489873 -0.192901792500331 0.468347392796894 0.425904325119892 0.42023680634619 0.49496476918854 0.44904659504958 0.547481164934206 0.341526007156669 0.1776310606977 0.412163015215035 0.15656476060036 0.54567059009094 0.38513249274978 0.401484042526948 0.307575818021169 0.45511401596802 0.220846945321748 0.243361726018261 0.24143189207142 0.14716748031387 0.0958158678522874 0.0307156550941943 0.110629100709879 0.0908040064873796 0.266006642731818 0.13541327181465 0.126392857486559 0.43107493004573 0.25748141780765 0.0315475086925686 0.184847958612202 0.321560471275705 0.0910648380918451 0.252409988176925 0.317565007613132 -0.121607117457146 -0.0941526415085585
"20" 0.510475394464974 0.483701535814641 0.535376160096238 0.441717412998875 0.131506166607019 -0.165085688758508 0.514739384402862 0.473053271825696 -0.161294998386249 0.133864878854502 0.388854765140811 0.320447307028814 0.242759382164722 0.0878962934041574 0.0483137494873072 0.225275640544412 0.242440943153478 0.0989881074825327 0.509993714598902 1 0.148820378547361 0.187506723717899 0.257155842350165 0.547889885478917 0.266145039910841 0.0870105795536617 -0.093530335914637 0.0835157345347247 0.307565223460877 0.313231943165492 0.25163618593471 0.325514160531686 0.301798878095445 0.500791679745456 0.0577607463194398 0.0608969424696148 0.102380194726551 0.0673322699472886 0.187276960887169 0.237283448055836 0.138269170521466 0.0334671424440426 0.252971956072824 0.193300085161667 0.0190683976680994 0.481122652272045 0.514320486113591 0.0595296946205715 0.0776492742612379 0.371977971440389 0.284470875688824 0.309798823014404 0.0469346763227259 -0.0562205370585209 0.460682166129313 0.500361383960805 0.558048822605677 0.568452012268134 0.276488382125403 0.494093620099837 0.123180719337482 0.192010217591441 0.231038396424387 0.0483090950396702 0.383206097236945 0.238415262268552 0.352450178749129 0.262432289792919 0.296937786360368 0.35622738500942 0.114045437862171 0.305971177362491 0.105531582724054 -0.0210470800659642 -0.010525417163876 -0.0129933378292401 0.13436411993487 0.24052488844403 -0.0403282057122978 -0.023254575591633 0.312714957367483 0.08603138599561 0.0193436630199798 0.0146562160830072 0.270900995150963 -0.00159445011709504 0.23860550005834 0.128115403363561 0.0150606292709493 0.0539511532867751
"21" 0.0818996076973617 0.450666851739449 0.103459152706565 0.0358599303459987 0.21970831545762 -0.0795901825346357 0.407971729658743 0.241105212116832 0.288571511912051 0.295953046139017 0.492669608452377 0.483771515484786 0.374452652500355 0.479285290821506 0.310795785585161 0.261106944729947 0.379730187878346 0.15004269180791 0.332109258947184 0.148820378547361 1 0.470910968356565 0.388237408806334 0.35182193866992 0.316969328145251 0.506170230394525 0.261829270755493 0.447210413594843 0.46295323291888 0.376478899377495 0.468693841340192 0.400640051052873 0.269201964102329 0.292580020712007 0.327451424452744 -0.192427746241964 -0.355392833915948 -0.0931251514095861 0.00376671003465835 0.265757116312395 -0.0587432050632417 0.0270825029885258 0.00455770060921016 0.0284167676515782 -0.0666086683804626 0.557017302334148 0.531854937249671 0.0384038100466611 0.162567325188335 0.480590956880854 0.127623622538086 0.220272756548923 0.0115078472023241 -0.147141532004275 0.462455405011167 0.337425202601987 0.406038602968502 0.372589794268653 0.498521726761942 0.424285715316334 0.505440741825634 0.237897619133798 0.337430313673233 0.373410687109453 0.490007068405089 0.508838127952735 0.556576401369361 0.373523982850957 -0.0579402784153068 -0.322988322314138 0.273425812839619 0.2709421905136 0.158692183175941 -0.0781064723206238 0.0372812470213094 -0.00256029416127441 -0.0700232066856127 0.162898829386402 0.0985317754297826 -0.104902578611064 0.0779265567348183 0.162893620120937 -0.308753484680295 0.0854187723534521 -0.156815953050914 -0.282521322580054 0.21576788190926 0.199137961881939 0.0872556845022832 -0.101435084747513
"22" 0.138046614176526 0.385889620154854 0.3240863115013 0.338205511704983 0.0404901885665645 0.234372540523422 0.299161357065278 0.279583610041668 0.0511787704052786 0.328541804999391 0.431825418527777 0.558998394720974 0.465102727909117 0.542573228514214 -0.132598790251644 0.0298634268618463 0.355490956737776 0.310882870292085 0.316947103613566 0.187506723717899 0.470910968356565 1 0.353667031593229 0.219544001696096 0.422630953195925 0.498925793010445 0.285227878200368 0.408789054199049 0.322659869136672 0.469352654895091 0.40142685892578 0.453323939260898 0.134656265384223 0.243314971926174 0.412145835281562 0.219432216423286 0.151990409210005 0.182435246227625 0.257505746894731 0.350880301098116 -0.0196378377762639 0.114517467451968 -0.0471714261898635 -0.0281040398722472 0.150014481133746 0.445052723406313 0.343231541535968 -0.131296324063235 0.2352686857769 0.483602328630311 0.327499410101074 0.414154671037049 -0.0284395834628906 -0.242445961295761 0.226341045495412 0.270049790552289 0.329071759067935 0.344212989563721 0.49967974566783 0.384585256550382 0.515239305289233 0.312867258229843 0.284044981959258 0.342442922616984 0.370130005542565 0.326469919247622 0.493485948966387 0.252904696016574 0.1894583661378 -0.133106983785057 0.256446061002823 0.291575314029552 0.211906461190794 0.0276715895888143 -0.111632943635276 0.131770196479207 0.0854995918128928 0.262733220766368 0.317300149804938 0.134086680323403 0.250297832924684 0.0823149301646357 0.245766723703522 0.391273195164669 0.234508301467387 0.0983742623589892 0.419608068669581 0.457167628335023 0.123824854270956 -0.367068953671616
"23" 0.41574308982657 0.361350908555149 0.297887430117068 0.234707974822504 0.276209374588859 0.0838790774449483 0.527926642538906 0.38762365774138 0.293143390530097 0.266095828210241 0.429627788662061 0.254173586397306 0.463197685738703 0.316713779111626 0.200012184988775 0.259190363912272 0.18980113283135 0.0822813405310066 0.340593990737076 0.257155842350165 0.388237408806334 0.353667031593229 1 0.507080818888652 0.300459076014141 0.413176735626275 0.146823559704574 0.412350273000625 0.364559588384032 0.285457919264305 0.415271957728658 0.358685700900536 0.334659008709693 0.257369019753212 0.309035537380633 0.0853429098745062 0.0663610157393146 -0.0226791469149561 0.155159715885618 0.249703145910164 0.137571320562461 -0.0235721196984673 0.0150138132558635 -0.100374654744782 0.0478112847112483 0.445478115911749 0.447572181297849 -0.143986457799936 0.165119120844257 0.228936968180112 0.414632438756254 0.105255925336854 0.119651542803796 -0.243288371759008 0.347202428171243 0.18437192770711 0.3654413570884 0.354461147868634 0.468140203162961 0.295216699677669 0.462616204486959 0.333292270923636 0.500298411373362 0.346685810312529 0.449230584775305 0.389818642570779 0.354233460827763 0.329834485737122 0.20624416705552 -0.0575536661339344 0.181430375345782 0.213296049223404 0.144716722489717 0.0855511563995982 -0.0856526337255898 -0.0564603458886801 0.0798525449502876 0.18379426787983 0.226930863803826 0.0564283811394175 0.285803598253182 0.202153697034876 0.0505815448793345 0.174206783745434 0.090630769331667 -0.0267085862416279 0.185635014957578 0.242166186207944 -0.0444220947780653 -0.0610180055194488
"24" 0.555735577498147 0.455241817166908 0.513039998726965 0.34498531799498 0.0865234487011683 -0.258138397402682 0.487148832909347 0.469518203906971 -0.0642377362073544 0.0517055028189208 0.433926947685573 0.304014487034942 0.240794233877557 0.14935835945582 0.0575282905483743 0.262563288148519 0.269974559595246 0.0110887151494253 0.464004316128819 0.547889885478917 0.35182193866992 0.219544001696096 0.507080818888652 1 0.2336191049301 0.142292542736216 0.0389505773281236 0.163638760713161 0.454420227401261 0.287951022322168 0.297178518291331 0.467277853959619 0.327832666658646 0.440010112846577 0.0966964611148772 0.0301907294213575 0.0165336201082071 0.0541490918291201 0.1171226655768 0.173857584345694 0.0809299391174911 -0.112813522230648 -0.0235917651015654 -0.121322884283634 0.0830138184694297 0.365723891565804 0.488433807933176 0.0262663468658452 0.0473366648617439 0.335614081539695 0.11552329028578 0.254697533299954 0.0932447940762957 -0.129141903533032 0.317347949713741 0.334272661534527 0.447156569060663 0.392123918168768 0.345312575330831 0.417377373687464 0.173822997387215 0.172671729943186 0.172819196676074 0.0906348070342172 0.316418888933377 0.258390391763889 0.335795128102618 0.15950817246325 0.234428736059456 0.147536474611364 0.0818060972564977 0.428256305063309 0.148679920887096 -0.12381587697563 -0.099173968988041 0.113397795683175 0.110713413921882 0.0387857035918374 0.0195528097519759 -0.0619687069719434 0.235445754443048 0.130394085975358 -0.0477347977649245 0.14443617239859 0.121974043275141 -0.117967536500973 0.0709796205144738 0.102264088715941 0.0225247812785985 -0.0779293467324174
