"V1" "V2" "V3" "V4" "V5" "V6" "V7" "V8" "V9" "V10" "V11" "V12" "V13" "V14" "V15" "V16" "V17" "V18" "V19" "V20" "V21" "V22" "V23" "V24" "V25" "V26" "V27" "V28" "V29" "V30" "V31" "V32" "V33" "V34" "V35" "V36" "V37" "V38" "V39" "V40" "V41" "V42" "V43" "V44" "V45" "V46" "V47" "V48" "V49" "V50" "V51" "V52" "V53" "V54" "V55" "V56" "V57" "V58" "V59" "V60" "V61" "V62" "V63" "V64" "V65" "V66" "V67" "V68" "V69" "V70" "V71" "V72" "V73" "V74" "V75" "V76" "V77" "V78" "V79" "V80" "V81" "V82" "V83" "V84" "V85" "V86" "V87" "V88" "V89" "V90"
"1" 1 0.715868191987106 0.775081888266925 0.576594941911639 0.651631593945767 0.402114286452834 0.80149300580143 0.675932717487024 0.718999721068338 0.523213767823765 0.875734218265646 0.738708103809389 0.816442607532447 0.659154528383954 0.698416788407003 0.429525711317129 0.117323066889004 0.0808367604473531 0.74302172224412 0.682042805096325 0.238432970094721 -0.242037808098141 0.672537808730654 0.329342164987619 0.517451278137536 0.279124115256678 0.555642985317446 0.365346106468334 0.474995718027524 0.436470948108363 0.533193144904672 0.285296210363902 0.752907555207888 0.691781747984342 0.59863449049945 0.572409281706086 -0.0386502473829147 -0.0395980127232005 -0.262327037223614 -0.0163991752214238 -0.196179650228208 -0.228646202539813 -0.407520898211968 0.0681527656920576 0.0369510642338178 0.11787261544683 0.0944344154515585 -0.100940983732739 0.158057803735495 0.503198311356057 0.370944307604817 0.511068654143175 0.288740188965223 0.0144483771163872 0.318366981027192 0.308382342220618 0.280581482302321 0.301878518529306 0.46263520097393 0.569863930221262 0.60313693917842 0.769845315425412 0.413178185566669 0.596498444470996 0.534353471110837 0.624889710656777 0.635111057308584 0.433806299157538 0.267259056961728 0.214603513830327 0.555159913961173 0.445314783054251 0.586471914518706 0.479984868528823 -0.136337076982902 -0.0606489312095474 0.0576800822150716 0.0231294269149067 0.467500963657108 0.209354704227792 0.469042535234825 0.631109960807873 0.333841544397509 0.283701429265109 0.509094549933275 0.626764539043748 0.201257651076045 0.342936044918641 0.455953241086883 0.469630189261751
"2" 0.715868191987106 1 0.510659481147047 0.480578452797687 0.504532646059775 0.371636383482117 0.562887887557152 0.6065478570314 0.550324266109063 0.497491021261726 0.586674618865046 0.711278923591801 0.509323446797046 0.620989040624934 0.481055677848652 0.411645442503052 0.228606897932799 0.30927353598312 0.527638233138638 0.753165899404868 0.258089059527802 -0.202665465338601 0.50299828855659 0.308958043989833 0.382536658794774 0.216872933645344 0.453242513911354 0.31096532658178 0.42392538866728 0.498856523026214 0.405979361102832 0.246897470385846 0.624997692760356 0.680024396395324 0.337254946194333 0.353079696170283 0.0101950886020587 -0.0234783428376031 -0.170424193191852 0.0128527314409513 -0.177831806407059 -0.193046347500468 -0.36206381438642 -0.029265729600483 -0.0582527549271712 -0.0436310360777692 0.171473823149537 -0.11299132584642 -0.0726515247670559 0.503652011928744 0.165593296237466 0.441896934132309 0.304450586861363 0.0371319189384772 0.406125506712253 0.413993525260924 0.472789998376563 0.593157796838985 0.460317809138076 0.728072318981716 0.436956146570393 0.700067167892194 0.456679161934321 0.67809937649484 0.277051128827654 0.348254015232126 0.467589456672186 0.307356011550418 0.267812792381382 0.319600229861277 0.413652798712038 0.371263915294743 0.476797225598897 0.526552421250197 -0.143210097085125 0.0944553299566089 0.0414949140791152 0.0061609111641054 0.482463453318267 0.218293728212893 0.334424978635457 0.478789203743324 0.225608624849879 0.239767459147864 0.339270871146963 0.441956488104889 0.119513534790356 0.280898472140574 0.356433361983414 0.313679304055415
"3" 0.775081888266925 0.510659481147047 1 0.812317660896512 0.909576633913088 0.724975229102097 0.963398230018948 0.850274388323618 0.928311769330141 0.780108646426315 0.789710073143559 0.790302453369439 0.91224665315133 0.818502502976029 0.899758969281948 0.708211675297955 -0.121479782260172 -0.200230841128931 0.657990773365802 0.559947202176913 0.426840262051787 0.00021198689871357 0.881944781879515 0.678543608628325 0.824866671564179 0.629176400460848 0.818856398979978 0.684572622590705 0.39212581266249 0.39270662230449 0.758452044244169 0.591672633331634 0.761933418680091 0.665370108632904 0.809054475503342 0.815825517634104 -0.0355486074429994 0.0266675355359738 -0.204668663540708 -0.135241876565547 -0.17689162811771 -0.286982912513524 -0.397885976122943 0.261204461497176 0.295290357811688 0.344200470142704 0.218229642343988 0.0513428764631138 0.18771585711603 0.302339402787857 0.320438997839981 0.445552639382572 0.289546296043644 0.155623693342174 0.34813654336191 0.27858607401411 -0.0789445565394654 -0.0342880157927818 0.349062942692792 0.363090772170863 0.532484291526257 0.642140404148232 0.12037573152276 0.333014815687147 0.468908166270726 0.6869767580141 0.664398650682829 0.589665006611343 0.00846549890934294 0.0316735833766161 0.671158766271479 0.614375773885835 0.586294469621179 0.4749378490027 0.146226128397379 -0.105976345217559 -0.165126067232252 -0.025843949544238 0.320133232631285 -0.0117725395273993 0.337966535620943 0.527842891000779 0.284393806289048 0.259177146466929 0.416862512610478 0.612253332180868 0.176701766035452 0.344055879371544 0.43668948191871 0.539142336787886
"4" 0.576594941911639 0.480578452797687 0.812317660896512 1 0.759033298936849 0.869598458554792 0.797646987488864 0.918656752674214 0.776244050458431 0.871630223972319 0.604303692926171 0.804081406005287 0.714623257878969 0.884725038909722 0.700288967197451 0.855824069095988 -0.273795717458345 -0.288488197429321 0.491025234758791 0.50731114562158 0.39116782360532 0.0502746102158923 0.716053369149142 0.862042774462382 0.687067723649109 0.701466745248545 0.667465954251174 0.788579538858561 0.257566984374902 0.337739796716618 0.586308316604935 0.614830218873385 0.592120295407925 0.536713613150335 0.647177322885024 0.749071398454084 -0.0252737954087413 0.0738576191980989 -0.16646531436385 -0.25667059175477 -0.107390017763976 -0.216597507281801 -0.369917965326303 0.246931778096177 0.130261708086503 0.15980871895464 0.260702439011989 -0.00823897953248105 0.164432645458049 0.31663236347173 0.236396621699778 0.376050349038712 0.24926546157908 0.0632232720486303 0.356026164054935 0.195856363411743 -0.164924542539177 -0.164600357236251 0.22065233658562 0.21238438818105 0.39300581757308 0.504046524606453 0.0619477573451516 0.165903817630493 0.409230431436182 0.662568673004536 0.525407902217176 0.47831615293675 -0.191041800931917 0.0014047850167775 0.50968902159015 0.682066032665699 0.510435089063934 0.461191287234791 0.128498728571502 -0.0423096452403091 -0.156898198783403 -0.0822497579838781 0.140248130618952 -0.0432486410131815 0.198432897933687 0.412188539804194 0.15556806988689 0.189088684686752 0.283010943117553 0.520178021470688 0.152420125337097 0.214064645784803 0.342616210070763 0.41619869741064
"5" 0.651631593945767 0.504532646059775 0.909576633913088 0.759033298936849 1 0.754222760798599 0.887578960347693 0.814380605026012 0.927123088222221 0.793997301362335 0.686515741302483 0.74179699124468 0.804601097295306 0.737036187358286 0.878794148678453 0.702306552105987 -0.0886722028340953 -0.13730278920789 0.519627899580708 0.485646636742238 0.485718133778289 0.11814076765469 0.900130902386469 0.738887631200314 0.851955187341167 0.66857069279909 0.885123825565222 0.713146889158966 0.440503406443995 0.430414577432541 0.808521283975452 0.714838029569587 0.646804668073194 0.637451630642477 0.684296912455067 0.661958032452209 -0.0550566540054017 0.113492379799973 -0.117914679060571 0.00245074643918923 -0.170970908169141 -0.198175525503166 -0.307996836456034 0.221510408523529 0.298500779169657 0.319072499692777 0.226900743819854 0.130358048960468 0.150445136948251 0.204516977776677 0.274783341413309 0.348540256995639 0.314332043064546 0.194348174056206 0.398146083184697 0.316366595462483 -0.102619533883576 -0.0175169951938995 0.311654909688645 0.300439207872621 0.452296404456731 0.539475529611588 0.0900841625315007 0.250259541974241 0.34659934826622 0.515106503059828 0.539359287806352 0.482001057129822 -0.0286299458825915 0.103826613620936 0.67007331121058 0.685339365862607 0.529823742141257 0.410317372581103 0.109999768781583 -0.136740973104903 -0.219376125518846 0.00916213703364333 0.262752084240827 0.0324859435948481 0.235750370781858 0.418675841969331 0.247582069790563 0.291950785988744 0.322068674269677 0.470714617577899 0.15786795866818 0.317495660602498 0.409531342055353 0.459845592530997
"6" 0.402114286452834 0.371636383482117 0.724975229102097 0.869598458554792 0.754222760798599 1 0.690329492281533 0.814972451972955 0.73437920740781 0.91736391250756 0.441604587332144 0.694575430145523 0.616603888712082 0.814433006249601 0.685199864874406 0.900925302078828 -0.316890241842182 -0.220014127302209 0.265167620679678 0.310071891801408 0.355946584136213 0.225333650419493 0.678381787847863 0.863509849783734 0.748548743494265 0.824052266095454 0.741429573544712 0.887924546050756 0.185238517703808 0.340456523897311 0.630054760230828 0.677630208714412 0.419034108887336 0.432630752866784 0.538340650904191 0.620536049207933 -0.062235916655853 0.0756029354467857 0.0518313611253961 -0.164468991584416 -0.12690964703757 -0.163190657191252 -0.217541923800841 0.163552691441779 0.252177965164476 0.140888941177436 0.29095643222468 -0.0278844160280624 0.134423982392079 0.167873510686169 0.245971894359686 0.283137382492748 0.347076053786978 0.141946678370835 0.456330531270539 0.191904489716536 -0.242733230652335 -0.189487256899456 0.217441413521641 0.143083795664108 0.365637575637853 0.386622103022324 -0.0100969532000117 0.0818056728866349 0.32274722801986 0.453295668383586 0.405996158428489 0.389452305093645 -0.279177828103162 -0.0930368338037571 0.44269655937956 0.613864347789115 0.410961006203882 0.340680287683378 0.133804488908145 0.0329508738575333 -0.210564175064521 -0.0428248803821206 0.133143027420968 0.0445498209277313 0.0967907451015545 0.263746988141029 0.152930861673878 0.192846344054122 0.264126440358858 0.392981400351498 0.196230939067709 0.159273745787042 0.395569119952896 0.399469918870274
"7" 0.80149300580143 0.562887887557152 0.963398230018948 0.797646987488864 0.887578960347693 0.690329492281533 1 0.891736134778926 0.947336347437038 0.792911793058028 0.815661700911625 0.787964887726835 0.880652231172062 0.800468387534069 0.847880633735742 0.648322842259625 -0.116889966514391 -0.181399556908053 0.678411862235494 0.602288861622739 0.349585415630564 -0.123527830980831 0.844957994281405 0.622640340339978 0.712901409888397 0.511518926775491 0.730617554602583 0.587574658300569 0.410266966418132 0.39414635883098 0.722348341021815 0.544951580846469 0.755047054591615 0.692260894531532 0.704684625968737 0.744304722407588 -0.0771775296138442 -0.048350702126125 -0.30341871826296 -0.169700662008123 -0.228011386999717 -0.318680336226616 -0.466468261647036 0.243451214630494 0.242071776524783 0.302976482515153 0.142303749076665 0.01194194132443 0.12493851263909 0.332252706555807 0.256237891779698 0.442030632761723 0.230356108997651 0.140496086179894 0.288985185040632 0.309320074268375 -0.0566127306285513 -0.00596268137023811 0.304527518077386 0.415368106119087 0.478201871166518 0.678191112196823 0.139935754193558 0.383761357474433 0.391069591113239 0.685023343012474 0.63472470728681 0.59446380374982 0.0502492407738071 0.0250332168279402 0.644292105087021 0.606846053604017 0.583040279535431 0.479388419739058 0.090541482888909 -0.0868631028789014 -0.115213396514035 -0.0511589343311689 0.311293920289887 -0.0125688077147084 0.319698893495901 0.506121628524011 0.23091682749101 0.221187034424316 0.346853130501065 0.589294374373456 0.116975045330861 0.299595274123286 0.366662665100713 0.510241499816449
"8" 0.675932717487024 0.6065478570314 0.850274388323618 0.918656752674214 0.814380605026012 0.814972451972955 0.891736134778926 1 0.867188827385846 0.91292104700669 0.683054611487699 0.86688890581504 0.752980114607077 0.877499221753887 0.727442958829738 0.765231431421072 -0.225312521135071 -0.273678519927914 0.52246746133598 0.568939859910132 0.370000856455472 -0.0589186277462019 0.717541231556288 0.7547743620165 0.635291355037617 0.560037888003212 0.663659536629499 0.68358703638647 0.316755899660796 0.384601643026935 0.588035599567585 0.602952869561185 0.61742815974598 0.613065775650804 0.579020809396911 0.695029578701771 -0.0716960533661495 0.0183188237093956 -0.279444731504236 -0.22204042574342 -0.159307787041397 -0.279633624354335 -0.452524527989562 0.231145249258713 0.158591411737536 0.17620931493498 0.151273177545434 -0.010023912884548 0.0488572349547223 0.322219151593906 0.199585368646303 0.4105154979215 0.253630529401567 0.116479559543465 0.320529023443294 0.24549577014872 -0.123713563427181 -0.0910075659390368 0.236738391242579 0.356055329041156 0.413755645464119 0.623724491582256 0.112027741991059 0.274851273191023 0.35373202506074 0.683218913641676 0.538378701464662 0.528793881181502 -0.090602414297338 0.0498921325786171 0.555155883844015 0.656595270350396 0.557777954237428 0.454615504967019 0.093661123048652 -0.02669342823481 -0.153158308121067 -0.0593345035268624 0.213245629469142 -0.0914498319106699 0.231854689726479 0.429811373052656 0.191941152500884 0.198617825381757 0.295322359807701 0.539416581658489 0.104235578236622 0.231341020084222 0.34976847976179 0.45326558203381
"9" 0.718999721068338 0.550324266109063 0.928311769330141 0.776244050458431 0.927123088222221 0.73437920740781 0.947336347437038 0.867188827385846 1 0.800190891828558 0.727649224184192 0.751212109858618 0.824762469305869 0.780309921547566 0.86075701021793 0.677470452619651 -0.105446880122679 -0.178429063035042 0.580620944449309 0.551182936837889 0.341228446773052 -0.0211606456572215 0.832809741462145 0.656317377330913 0.762494204831739 0.567962187819404 0.804218783365583 0.640351835234497 0.378780795369988 0.395438662805729 0.764518754281873 0.602005664110762 0.706759654439645 0.675022209898689 0.652335022545756 0.665268241081081 0.0035789100848961 0.0129516111057069 -0.187005026908916 -0.120520692552342 -0.199595222996832 -0.248097716090398 -0.405201668761553 0.224037108392626 0.280258851559922 0.297146784791321 0.185528653832156 0.0184795741371226 0.144032779008957 0.28315431924678 0.253204741691323 0.386545282135431 0.284237047996736 0.170243912638316 0.356351869550757 0.28659579763636 -0.0564160142026019 -0.0175561679303147 0.341257743360096 0.399999903934446 0.481242538064129 0.637736670134488 0.142099829737303 0.325220466698395 0.360618421435869 0.625275462467872 0.592671245608674 0.557857496902072 0.0348495858742154 0.0145303961385341 0.614919128163182 0.598368603257633 0.537853348137335 0.407371268913273 0.138972407803968 -0.0842019513459567 -0.149905743775333 0.018099900982618 0.283373914567441 0.0229809059404939 0.300870054974459 0.437599413840943 0.263859643563991 0.243194509519342 0.347396473143156 0.516016466192879 0.161694111806177 0.260797290768951 0.408568954487746 0.487330031035558
"10" 0.523213767823765 0.497491021261726 0.780108646426315 0.871630223972319 0.793997301362335 0.91736391250756 0.792911793058028 0.91292104700669 0.800190891828558 1 0.562767164757582 0.762657654872834 0.676798242457829 0.848643299147113 0.699666778169114 0.844471779719105 -0.228118040840248 -0.20103703902265 0.370378393262934 0.421760883869602 0.367171450009091 0.0576858302330786 0.682557303890159 0.795568938866067 0.657784300321866 0.682080522473199 0.698412439585819 0.794158351134962 0.315379279168899 0.408331880073327 0.596705931540816 0.66688026873662 0.496987496797148 0.55535818694964 0.531734647297758 0.664268747186253 -0.102094788234965 0.0135093274554981 -0.171655403045253 -0.188190588627036 -0.116734733342204 -0.19821046390236 -0.303909442219838 0.188848731724736 0.180049222519446 0.148355571661326 0.194186076453816 0.0434769481974504 0.024826709940536 0.205194916852688 0.21020969651711 0.333330625216842 0.282654675077563 0.174377743979348 0.376169022387042 0.254976286170442 -0.155220017264231 -0.105458705431581 0.219144087474358 0.255580792535918 0.40816502115144 0.521698116433721 0.102735472206058 0.202406016318496 0.310937743938049 0.538152757768967 0.432871944519672 0.413667284489592 -0.213734522804472 -0.0200333073389496 0.49990966787161 0.688485508458585 0.497252911404916 0.482863516276562 0.129238527191953 0.0444415005182691 -0.226203441804966 -0.0661156046109705 0.197881327916382 -0.0257846763608527 0.17627109243575 0.334382412490824 0.162761750082337 0.177121834184484 0.280627345152647 0.433493583267706 0.152772172845783 0.196817400508098 0.375379660429718 0.413435697764132
"11" 0.875734218265646 0.586674618865046 0.789710073143559 0.604303692926171 0.686515741302483 0.441604587332144 0.815661700911625 0.683054611487699 0.727649224184192 0.562767164757582 1 0.749602588500842 0.888928502219881 0.698342232484379 0.777724769414934 0.531536007331487 0.0911957330004474 0.0266699142662307 0.80699093756918 0.711995986522339 0.37378684599915 -0.0954999336023427 0.753734020142782 0.463497740330443 0.558410830894784 0.401866949574251 0.56619749900642 0.432143207150747 0.546200523241767 0.497894752852743 0.608521239204094 0.421021506782419 0.718470261826769 0.658539806781898 0.607993513667544 0.646430839010999 0.0084706668003146 -0.0676740158245313 -0.351420951616408 -0.0307891189981047 -0.177246685174911 -0.180124101665515 -0.251991834718737 0.27173814105087 0.173388709558179 0.271796296092312 0.196136271079737 0.043666212628864 0.249656247815083 0.450083822501742 0.390410568597435 0.478649684595981 0.280103248546187 0.116955502424662 0.322887867151999 0.422601616624734 0.0760380098621894 0.0897994957146318 0.263274464562111 0.390743306676042 0.434802150931996 0.636361808691002 0.305118727704654 0.48582625332153 0.478770189901287 0.619672327570891 0.577110564666996 0.516014120502731 0.084046347191373 0.190374946305459 0.634479623801259 0.556582866307878 0.62645686311176 0.523416965835202 0.0400902158200592 -0.0551549926889862 -0.0630420265747413 -0.0371563473708857 0.374092985221937 0.0958830290578926 0.492083825031477 0.683580436089313 0.403216414317851 0.395150161174318 0.479768759938392 0.651912300555149 0.243643428767287 0.432531680349395 0.424984934900048 0.510049367872397
"12" 0.738708103809389 0.711278923591801 0.790302453369439 0.804081406005287 0.74179699124468 0.694575430145523 0.787964887726835 0.86688890581504 0.751212109858618 0.762657654872834 0.749602588500842 1 0.810447132963716 0.908912662699721 0.785843741029604 0.748945203378537 -0.0871247955666233 -0.08463692094334 0.646084149666088 0.706519912777152 0.458237871279779 0.0258744364079804 0.764135469921514 0.710426991821872 0.674598991144717 0.556886250450773 0.671588110972924 0.656307113277902 0.369323983547495 0.521551733233263 0.555709996323442 0.535084289583692 0.637984867802288 0.636812541523057 0.612286745660796 0.670859422423565 -0.0743420664801619 0.0186759817533491 -0.210391787295105 -0.0396436805699956 -0.126914368943225 -0.256770488399491 -0.328158588096807 0.191809875305178 0.148133916954224 0.170016040168582 0.281532688143465 0.0021307411442988 0.144169052151875 0.482916797507425 0.353410187923192 0.554746835710145 0.4335908558611 0.0877031064793329 0.485857345956187 0.355481702697668 -0.0144393055004108 0.0530186220031056 0.312666370290923 0.44837405096397 0.474417116482303 0.675773842851833 0.217856890805082 0.430149359447062 0.463584975434276 0.654651961529112 0.559897603977164 0.510869732073069 0.0147513125356125 0.162283542521981 0.583604818522842 0.558977383255711 0.577814572245126 0.448216775944186 0.0627451034292801 -0.0347527395204797 -0.168050688420274 -0.0218713909770515 0.292910957007005 0.0306315594264627 0.364434650081493 0.602111631473609 0.381160173400543 0.35058998694826 0.466477775896505 0.66005120740605 0.25135626804861 0.369290364485711 0.50176783835743 0.533800391227902
"13" 0.816442607532447 0.509323446797046 0.91224665315133 0.714623257878969 0.804601097295306 0.616603888712082 0.880652231172062 0.752980114607077 0.824762469305869 0.676798242457829 0.888928502219881 0.810447132963716 1 0.820410631873221 0.927208836133636 0.689787641604631 -0.0742733435828893 -0.109103579485428 0.726697728494376 0.59396708487519 0.458884947399544 0.0233301861579258 0.854614489598642 0.600332554325316 0.770922213913587 0.552434881869655 0.743089825149314 0.607178362238826 0.407178112397407 0.438928769439214 0.680299881399991 0.49379184191201 0.721126449189231 0.600940746028788 0.772332066312588 0.781431654354321 -0.00876949900903448 0.00307784646051157 -0.223988483040756 -0.0982738010874428 -0.12945770465697 -0.266923114067205 -0.239272166933864 0.309625011171392 0.298741131953928 0.358733686330754 0.274446154046727 0.0664708963877507 0.252467121693551 0.415504016027051 0.45582819118151 0.542732795659739 0.368560968692834 0.180359644304765 0.399044097582399 0.362218626864786 -0.0697544050843213 0.00696213112763828 0.337364794365627 0.3431936581086 0.539259415352001 0.649402737155149 0.211774900706553 0.445566809542122 0.576150098955938 0.683447912024172 0.624092753836457 0.57239295067062 0.0552917067894163 0.056822573840124 0.690279873983654 0.551722311998852 0.591439324330677 0.438312007264445 0.172495245611596 -0.0822696143110433 -0.159243566630721 0.00763183918065918 0.335641186844935 0.020857234155659 0.459747965809546 0.662760894452851 0.421765824065874 0.346943950194482 0.557196404623272 0.708328730166547 0.302066822321066 0.409005923558936 0.531029995265094 0.608670386344256
"14" 0.659154528383954 0.620989040624934 0.818502502976029 0.884725038909722 0.737036187358286 0.814433006249601 0.800468387534069 0.877499221753887 0.780309921547566 0.848643299147113 0.698342232484379 0.908912662699721 0.820410631873221 1 0.802929187484179 0.877649698267793 -0.173359903606462 -0.134762326528409 0.577672681438702 0.613550912505252 0.405388442680159 0.055944358364845 0.742505718717072 0.764282567434558 0.721003245091272 0.659573440319295 0.697528808729387 0.758486076046882 0.312387504771382 0.481025940981305 0.573612158096638 0.542119516069104 0.624818720761073 0.582869139771932 0.639459641328967 0.736231433092887 -0.00433748555020983 -0.00277165651794889 -0.177125848589779 -0.208733267063145 -0.104295239676403 -0.272587159960045 -0.30389281710262 0.208276944393615 0.184969460626284 0.162285096599828 0.343520639456341 -0.0401910882646677 0.172791868237829 0.417912569209747 0.350290603713088 0.507420139655397 0.392625380254145 0.12033177574956 0.472782861117688 0.322576102061805 -0.0606455616144184 -0.0170231835858935 0.293579421237643 0.349924639486976 0.472804664062915 0.609582770331976 0.194383427206757 0.363362086005301 0.471840061292063 0.658545177428924 0.56780888420413 0.504592277760313 -0.108289296215243 -0.0235601459538722 0.54417242559816 0.574451373539355 0.539612112547063 0.47533169014453 0.158909816309247 0.0564949759883518 -0.17146891938159 -0.0437654203405138 0.268494780872862 0.0100848406614222 0.310712085488856 0.541517532987901 0.318902339415268 0.288853716681118 0.439100884646608 0.626894499286354 0.277615613212859 0.307104099344812 0.492542113393588 0.536211643153395
"15" 0.698416788407003 0.481055677848652 0.899758969281948 0.700288967197451 0.878794148678453 0.685199864874406 0.847880633735742 0.727442958829738 0.86075701021793 0.699666778169114 0.777724769414934 0.785843741029604 0.927208836133636 0.802929187484179 1 0.743651988347026 -0.101641085688366 -0.0829726230795486 0.632269910855995 0.541400604982042 0.523919500473215 0.163581829288065 0.913029275246193 0.689171256287451 0.87467608429492 0.656268126184657 0.853822028898584 0.700031229029022 0.422011612049108 0.49770930806185 0.753009299253389 0.618683486876687 0.670391048156699 0.591069065337763 0.753315730720165 0.723540956827774 0.0242392672772904 0.00784094524823301 -0.0958274403323666 0.00637302382784269 -0.188643200126603 -0.219978154812552 -0.20311437288961 0.311699554598508 0.365637755723244 0.38882042620923 0.345682985739746 0.0749115246715214 0.285241524976794 0.39053082441259 0.459852755679908 0.55094067211555 0.48334394297969 0.18858654444072 0.538831198535819 0.414384030805896 -0.115175083784119 -0.0148475768605939 0.396359714008223 0.371915372319335 0.539796111794899 0.632027578154855 0.193350937899734 0.400820236046545 0.529976388429439 0.628475508989642 0.633878021852579 0.587687913838108 -0.0200069661549655 0.0821607433734342 0.684310230881544 0.563426954570147 0.542335051302763 0.339329225593848 0.183175080322774 -0.130301423990637 -0.211772267770718 0.0494879103463205 0.340679399888068 0.083918420861939 0.420423010306164 0.610286671057539 0.464175776148442 0.420272565511068 0.539097626400472 0.676334618693163 0.370439383021988 0.442894246796278 0.597898112486984 0.64571861900651
"16" 0.429525711317129 0.411645442503052 0.708211675297955 0.855824069095988 0.702306552105987 0.900925302078828 0.648322842259625 0.765231431421072 0.677470452619651 0.844471779719105 0.531536007331487 0.748945203378537 0.689787641604631 0.877649698267793 0.743651988347026 1 -0.215311312810064 -0.120108951557257 0.383066369006674 0.424795883477791 0.483957116166205 0.328984589698408 0.698169831706432 0.870862626401873 0.760774924214786 0.838160306474813 0.720161772717763 0.886882830657192 0.252161551001187 0.448595030375285 0.566839052571242 0.680556086867954 0.455518543359548 0.431857000133434 0.590788610832982 0.685618090891551 0.0727433886386416 0.142069138749582 0.0383874462669503 -0.119547729717451 -0.0800987109224147 -0.164857313425779 -0.102804949289138 0.327279439694404 0.350210231209036 0.266983355336207 0.477226477740156 0.0774515411100448 0.240347747962964 0.307136088859301 0.348244726778438 0.39341631190021 0.444139827591175 0.211999522729233 0.580932829853093 0.331027356246535 -0.198987486602804 -0.14586226866883 0.243668127601661 0.183885146292112 0.386531559917944 0.412992273651929 0.105743100883029 0.159482063710593 0.407299250486222 0.50555352181951 0.452307123990425 0.475678105752572 -0.302478152233993 0.0444607388621723 0.519740908749618 0.619862986013573 0.437278268710743 0.349248869078577 0.190526777262795 0.00773918561587239 -0.288883424724104 -0.0242296935800539 0.223278488343578 0.0684613025238727 0.275161464819427 0.41925485741353 0.34712088153883 0.380875453339983 0.398948760123652 0.505554004200884 0.378194936603162 0.324019558940703 0.515478505497972 0.53844469547884
"17" 0.117323066889004 0.228606897932799 -0.121479782260172 -0.273795717458345 -0.0886722028340953 -0.316890241842182 -0.116889966514391 -0.225312521135071 -0.105446880122679 -0.228118040840248 0.0911957330004474 -0.0871247955666233 -0.0742733435828893 -0.173359903606462 -0.101641085688366 -0.215311312810064 1 0.628369899118627 0.244047900668176 0.288332035971224 -0.0128043106850773 -0.107784797198402 -0.0152529324937286 -0.257067501779635 -0.118957771379717 -0.153261796312791 -0.0290678732530852 -0.181139096133168 0.565944167953756 0.193689500941493 0.0417341115688575 -0.0236644302598317 0.261411984847828 0.386926709424616 0.00515033509288344 -0.138311029748812 0.165642318070297 -0.0353103592804481 -0.00105688809861111 0.359406764530465 0.254022131327768 0.137476162410051 0.115605031855595 -0.241245380398828 -0.0782104250474711 0.0187676367860359 0.00695389520609963 0.234852613707438 0.0238831762571589 0.0133776544743993 0.036293625228614 -0.0402685749783744 -0.0352722715206521 0.114932226400671 0.0443353728875237 0.257117568737552 0.751880420451706 0.63230461110284 0.268113611111699 0.311516001417457 0.116312464920228 0.107519857267371 0.521375960098507 0.416761626368857 -0.0501863817330299 -0.13805908745313 0.0169850883244328 -0.146223833110064 0.533016916185539 0.308806377885182 0.233156562688241 0.0403247897078852 0.242933117207754 0.377877362268635 0.0378243778071255 0.0934184230877543 -0.0133003682828185 -0.123326777863771 0.38592194282018 0.154431971402877 0.316963602606032 0.127291671802641 0.180580042403368 0.146283613452318 0.102673065605059 -0.072635221749292 0.0563088432250757 0.208536063657065 0.0327123321467639 -0.0521815439265176
"18" 0.0808367604473531 0.30927353598312 -0.200230841128931 -0.288488197429321 -0.13730278920789 -0.220014127302209 -0.181399556908053 -0.273678519927914 -0.178429063035042 -0.20103703902265 0.0266699142662307 -0.08463692094334 -0.109103579485428 -0.134762326528409 -0.0829726230795486 -0.120108951557257 0.628369899118627 1 0.157574674982019 0.303833088420391 -0.0815835341311201 -0.0258188648039103 0.0049150183669485 -0.232733351547799 -0.120328087029452 -0.0896764132814917 -0.0467752731186583 -0.145690561612467 0.399878500933907 0.317606974966139 0.0660153941901224 -0.079970540378976 0.132666031878712 0.313110195307485 -0.165620566527446 -0.28261928597612 -0.0405870614489327 -0.146628010475195 0.145346139081489 0.301343292474884 -0.127936290697887 0.0553268302999332 0.140418846130796 -0.28330622915053 -0.0653299231000471 -0.0523501482159306 0.221919079877385 0.0244734322155626 0.0484627032047657 0.166849396410029 0.0828512833908695 0.0352079715375943 0.0286166353673659 0.0920348589497918 0.25682628756923 0.376828782606707 0.585639005171351 0.727661519089063 0.2034257633391 0.347424316784483 0.0628631966848075 0.0403339133689289 0.455687144675847 0.471059040073305 -0.0585452323819835 -0.38435241164276 0.009750512616368 -0.121518299086376 0.359407469767639 0.406176867085925 0.035678502725762 -0.0577156479755223 0.109588902633246 0.187725454438992 -0.150608465454257 0.164394570057556 0.0458965325793806 -0.0797339686082116 0.477200426515406 0.615776955472414 0.221685522384794 0.0699336390273072 0.0808861288566608 0.137838999678951 0.0769179532317793 -0.114962578661325 0.0813258863536815 0.130130893550386 0.0478147486570155 -0.0901623471930411
"19" 0.74302172224412 0.527638233138638 0.657990773365802 0.491025234758791 0.519627899580708 0.265167620679678 0.678411862235494 0.52246746133598 0.580620944449309 0.370378393262934 0.80699093756918 0.646084149666088 0.726697728494376 0.577672681438702 0.632269910855995 0.383066369006674 0.244047900668176 0.157574674982019 1 0.786001668192872 0.333523684539855 -0.103622955773149 0.720490518410152 0.376038137553698 0.428514548619511 0.285306507481451 0.442193630497117 0.279732441207551 0.515357484842459 0.43495471493949 0.553672621975651 0.332820685787368 0.798351986143031 0.684095615174208 0.575178511417588 0.577438449432607 0.0156430741711704 -0.046988038513125 -0.311300911147294 -0.147719294187939 -0.087789240964603 -0.23779019327752 -0.214175666704637 0.253313922130686 0.101944870968949 0.30957321437503 0.298298827366814 0.0703920725725829 0.28975179624201 0.458024585406349 0.31559175131548 0.425082665951591 0.217820645741707 0.0871420140983589 0.284736797191466 0.40978814245992 0.232656025988718 0.243935998532942 0.311030743170193 0.405507922530237 0.392052914806628 0.522432605147181 0.353355252125446 0.519544303053825 0.416811250142006 0.470544675619256 0.576301487181656 0.480429426427015 0.320693201776088 0.193237392516398 0.547502360297998 0.412213863943311 0.616194329159533 0.487963164131899 0.0932444404995179 -0.0519821892234348 -0.0600239172760735 -0.068180462373354 0.404087966697391 0.078640534081028 0.470943051628847 0.622783429680938 0.270285045091936 0.293299917829049 0.361524531851247 0.559040034844205 0.125604926006283 0.374669826212437 0.293581307085755 0.400459587470468
"20" 0.682042805096325 0.753165899404868 0.559947202176913 0.50731114562158 0.485646636742238 0.310071891801408 0.602288861622739 0.568939859910132 0.551182936837889 0.421760883869602 0.711995986522339 0.706519912777152 0.59396708487519 0.613550912505252 0.541400604982042 0.424795883477791 0.288332035971224 0.303833088420391 0.786001668192872 1 0.312664566674295 -0.143411683404925 0.598107876543057 0.398875235006897 0.365224065287118 0.30053404784125 0.378873511602322 0.287457193929815 0.518271374616614 0.481916568263576 0.442928412339507 0.323266927728391 0.756950166657042 0.769639403474407 0.448606538244886 0.453210279813204 0.0298291886396073 -0.0692382250380858 -0.252530851678685 -0.0418152709044636 -0.128432680097073 -0.150319543557056 -0.183933946785922 0.194587840933565 0.157983745193465 0.267496196528534 0.305802669471206 0.112540593354247 0.196668216995397 0.50219472949658 0.268527811631168 0.364454226140962 0.277761884733757 0.187900062876262 0.409107266753097 0.499272932194121 0.335444096244171 0.356625199524468 0.369284534699159 0.564495028815178 0.336712596964602 0.564841872797456 0.44282996133217 0.566256833617187 0.355082491519816 0.418016591856339 0.604269025125899 0.546872245384558 0.265598459141571 0.439028745471725 0.450054573185256 0.444512759143732 0.605428722466741 0.476573919716078 0.0166773942584031 -0.00737111108510553 -0.0917903787718026 -0.103582578046327 0.413567660009401 0.218923924377345 0.470545162446431 0.578049793706482 0.328468518213496 0.387908548451391 0.36405302323929 0.50501038705839 0.199185282701382 0.364074416993247 0.347706215441981 0.375349747542349
"21" 0.238432970094721 0.258089059527802 0.426840262051787 0.39116782360532 0.485718133778289 0.355946584136213 0.349585415630564 0.370000856455472 0.341228446773052 0.367171450009091 0.37378684599915 0.458237871279779 0.458884947399544 0.405388442680159 0.523919500473215 0.483957116166205 -0.0128043106850773 -0.0815835341311201 0.333523684539855 0.312664566674295 1 0.405724050239118 0.545370799607113 0.526304910161218 0.503048573964522 0.492496673261887 0.497412026277942 0.525798513047062 0.448152023117776 0.543000876149678 0.414274677351844 0.597268884387238 0.36399350180831 0.310035638553777 0.453483766741546 0.452875685243934 0.0971325425403301 0.124616518447476 -0.105321419771506 0.0789168891616947 0.00886338247811664 0.0374916920529929 0.257152131330061 0.453344899608722 0.25581515897684 0.242332057880826 0.341723462413857 0.228846508476666 0.273892796954591 0.297113675410167 0.35699466695165 0.307754798781685 0.42078443873005 0.0813394818553678 0.4708238914083 0.320482611774353 -0.123712798414557 -0.043191218811837 0.226949660647714 0.143544092383203 0.23461084807388 0.244766591430569 0.15733142980175 0.124607250880626 0.286492288336823 0.31555358866069 0.364535623090877 0.355311361969076 -0.115250170227753 0.286748751266583 0.480564235618656 0.593668283091392 0.368147885183558 0.225628096163404 0.211961805381852 -0.164790063881179 -0.129150496239025 0.0724997367270376 0.208707706861999 -0.012160210443131 0.352048989674383 0.522681409484498 0.347596417506689 0.582058719686562 0.328899695386242 0.452972213963665 0.257096836137499 0.569051298029208 0.325656460465394 0.432025982158359
"22" -0.242037808098141 -0.202665465338601 0.00021198689871357 0.0502746102158923 0.11814076765469 0.225333650419493 -0.123527830980831 -0.0589186277462019 -0.0211606456572215 0.0576858302330786 -0.0954999336023427 0.0258744364079804 0.0233301861579258 0.055944358364845 0.163581829288065 0.328984589698408 -0.107784797198402 -0.0258188648039103 -0.103622955773149 -0.143411683404925 0.405724050239118 1 0.15741195418223 0.365895195854948 0.325633112419773 0.547575733494987 0.283419538407356 0.34897959190198 -0.0474258542132931 0.173144593510677 0.265089827567013 0.508150245808582 -0.138521138501838 -0.144176719723307 0.0293453662972066 -0.054077702514647 0.262713852490142 0.486491793784383 0.542332391003112 0.17826178846348 0.149110794145229 0.254428093874361 0.475771097876835 0.23708786472498 0.315551041088755 0.288504160537841 0.534500309992502 0.192627792502094 0.382322705486988 0.0456081481090588 0.30832109048705 0.096298538197319 0.392468674070836 0.041603497569094 0.443928266887769 0.0605788525954831 -0.322123405027895 -0.263532867122978 0.0618130426161222 -0.183947781025804 0.0428654504339836 -0.199348723850554 -0.0571816758646395 -0.228989964129037 0.0750406615068254 -0.0860788238995611 -0.0199298628306179 0.0937150063580079 -0.282696311328372 0.135401672735296 0.124449545486539 0.120933390858748 -0.0418824071851014 -0.170283812109593 0.251071647205716 -0.11179535170479 -0.24909420182388 0.149061477973479 -0.00915111460357763 0.0879108389871313 0.129853407029132 0.0394167397102038 0.366857810241429 0.420863116086282 0.221688464357294 0.110436474186502 0.357749696760105 0.266361227864854 0.302158943661362 0.190377318706752
"23" 0.672537808730654 0.50299828855659 0.881944781879515 0.716053369149142 0.900130902386469 0.678381787847863 0.844957994281405 0.717541231556288 0.832809741462145 0.682557303890159 0.753734020142782 0.764135469921514 0.854614489598642 0.742505718717072 0.913029275246193 0.698169831706432 -0.0152529324937286 0.0049150183669485 0.720490518410152 0.598107876543057 0.545370799607113 0.15741195418223 1 0.747847585513938 0.852298563105061 0.682820529581341 0.844171704008722 0.691656026228084 0.499968041406161 0.52225873288305 0.82917952714373 0.681518753302566 0.723505493390938 0.663849245442508 0.724853559565715 0.702200480541805 -0.0431909274425885 0.0270917872325471 -0.127481466126666 0.000245834846529873 -0.212483910575517 -0.234701748438335 -0.219214444218657 0.277505841749224 0.288266785942298 0.354626928212002 0.339074070538593 0.117989328544657 0.245334205859929 0.340731281914841 0.364790645298943 0.465442405902138 0.376520759487275 0.169923028706983 0.490041861743903 0.442007176366916 -0.0436198787257534 0.0634512993988041 0.326580060232703 0.340534966048656 0.465869630467607 0.541192298730364 0.172382872101608 0.372748326035882 0.434206608439837 0.514518924748623 0.569439321490097 0.526034479582133 0.0498686773445524 0.113716945844485 0.70691740294666 0.634517934235187 0.586898263428535 0.446465769109837 0.120922834919895 -0.1106007372478 -0.20818820419899 -0.0105149411696499 0.338551366306455 0.110608191850722 0.357248925135537 0.585540209696738 0.318538642392066 0.405409363236048 0.401543572404656 0.604886961358269 0.224256209091689 0.469340064820084 0.43564568231321 0.558383191442503
"24" 0.329342164987619 0.308958043989833 0.678543608628325 0.862042774462382 0.738887631200314 0.863509849783734 0.622640340339978 0.7547743620165 0.656317377330913 0.795568938866067 0.463497740330443 0.710426991821872 0.600332554325316 0.764282567434558 0.689171256287451 0.870862626401873 -0.257067501779635 -0.232733351547799 0.376038137553698 0.398875235006897 0.526304910161218 0.365895195854948 0.747847585513938 1 0.736523576291766 0.860267838709462 0.709555022348609 0.847255212499053 0.256683941185322 0.405341769998684 0.638130938480728 0.809355416998804 0.432691185215907 0.419036658526639 0.543013100740933 0.608583500470959 0.027237949858833 0.152564596935499 -0.0336454476171532 -0.100906294270167 -0.0783787586435163 -0.0997957604327817 -0.0839833427189157 0.368098865649905 0.284645650084592 0.264251058938415 0.404931566527308 0.151385719873214 0.235867059012779 0.216592793676139 0.279455697260732 0.317648949779654 0.35531818319713 0.135100995859941 0.481499433017893 0.285915454997636 -0.321001631809302 -0.283398413246031 0.13306470916773 0.0517579219934011 0.281892518386528 0.285529946252139 -0.0204599079375667 0.0138618287034364 0.326900843785252 0.475114058138286 0.343176688305328 0.413893762917567 -0.315257146127035 0.0233488389007953 0.5111080717909 0.696249371216479 0.438491310819739 0.346987724983408 0.187328369319146 -0.0708261066773728 -0.343693272982902 0.000613606403026211 0.0501729606325965 -0.0434375459324996 0.164521480890647 0.375988789455004 0.2426413703833 0.366391478656713 0.251882442397543 0.453891351546444 0.244267588045267 0.313773498278044 0.36129206515619 0.423515488074665
