"V1" "V2" "V3" "V4" "V5" "V6" "V7" "V8" "V9" "V10" "V11" "V12" "V13" "V14" "V15" "V16" "V17" "V18" "V19" "V20" "V21" "V22" "V23" "V24" "V25" "V26" "V27" "V28" "V29" "V30" "V31" "V32" "V33" "V34" "V35" "V36" "V37" "V38" "V39" "V40" "V41" "V42" "V43" "V44" "V45" "V46" "V47" "V48" "V49" "V50" "V51" "V52" "V53" "V54" "V55" "V56" "V57" "V58" "V59" "V60" "V61" "V62" "V63" "V64" "V65" "V66" "V67" "V68" "V69" "V70" "V71" "V72" "V73" "V74" "V75" "V76" "V77" "V78" "V79" "V80" "V81" "V82" "V83" "V84" "V85" "V86" "V87" "V88" "V89" "V90"
"1" 1 0.875651464280066 0.552780652738411 0.316633315040141 0.552756136189149 0.437440561712155 0.719771335233178 0.493573416955526 0.457254047135887 0.577607249130738 0.811240623766091 0.785979239353441 0.775187706814409 0.639511500183032 0.625993386787522 0.489710891417164 0.771491757729864 0.763467606027778 0.878511883314878 0.804580595807514 0.290933567050968 0.460078338498017 0.405934377425385 0.103063986556122 0.203948975935223 0.208347293545029 0.0573504476712456 0.232698866904797 0.823777928119398 0.820307044600456 0.412947082068401 0.333535739382347 0.770321923880574 0.704571389893814 0.159942826745715 0.128077141517664 0.549353126750374 0.521000853823498 0.514799317707239 0.504008891907096 0.350350167705967 0.50159480207398 0.59254799362311 0.590300111494555 0.560804559441961 0.532205822013882 0.610569420044462 0.487770513095927 0.507988736351626 0.452594215891985 0.449917076462713 0.409046663157628 0.542526443746665 0.511196312811088 0.597009364460168 0.541061306106506 0.855490896717382 0.792156013764489 0.773236188285544 0.528438207391049 0.733865486531326 0.462603797210681 0.744576179040712 0.714500614484204 0.186152711963047 0.0498043000850608 0.490743608052546 0.223409620376008 0.751371529974199 0.75287860809903 0.562329641290857 0.593012340265937 0.632129840725773 0.501167425113323 0.324440700729199 0.261146265651341 0.732558130810995 0.640523151902006 0.756969237076406 0.650888591358394 0.720564235578649 0.6476777633084 0.358330339780955 0.535315688757581 0.600214060845065 0.346076976291384 0.265779757604371 0.299387282352518 0.75737911764136 0.649813305934924
"2" 0.875651464280066 1 0.542166694365527 0.336064829882943 0.625208543392854 0.456753305927882 0.628743712593548 0.462032570469573 0.438010512795468 0.579062189929553 0.655095785237007 0.711244769232884 0.614576287888428 0.564634351805753 0.528474583735181 0.513611883413417 0.820164093667066 0.841349873970211 0.82188808633185 0.809811804066502 0.389814328829897 0.576654466913522 0.383171623864653 0.129092334948071 0.265039558597201 0.288869537454682 0.0543580076981654 0.331940587013083 0.823378938279441 0.847817891426207 0.492304897547568 0.393486520847152 0.773916614089344 0.755802072181235 0.206893727761761 0.233977677920778 0.640680075000961 0.652695080298565 0.632379631369746 0.626661303450887 0.460993591957324 0.593553938414058 0.626932449831803 0.635032364248396 0.592518839256502 0.584304788702828 0.68655561819492 0.603418724255901 0.585957149308451 0.580678212719225 0.499782926776447 0.538961282114038 0.573436238145182 0.604654640762464 0.669962977908609 0.654255636558859 0.911597034966275 0.876290131516515 0.674259937221848 0.607330964302218 0.615797101252006 0.428722388220757 0.705675986579742 0.678956682575792 0.158239909731266 0.0830516042894401 0.539910066186063 0.333417128111911 0.793874706880286 0.790344996275501 0.620989823985243 0.655010165156229 0.64384296318831 0.591734079527831 0.319705518789706 0.35698210110974 0.737838045260966 0.704655712094502 0.803086479520888 0.723666088662497 0.690506438930319 0.694594130003842 0.399256010663823 0.573477126325332 0.506907850944529 0.345463461048713 0.282287593318404 0.356613618903071 0.690905857232977 0.675939767415916
"3" 0.552780652738411 0.542166694365527 1 0.755365422265401 0.595178021214546 0.583971748404848 0.777524508390649 0.607016532898702 0.475261866302094 0.551574045337589 0.571533126211008 0.478690296396354 0.615366855004617 0.525386395617565 0.750675218341719 0.643284887718392 0.534887192342006 0.462009802502901 0.585119290970078 0.585978414166008 0.246763083828625 0.387035319276199 0.835945569682023 0.636338211397703 0.628143344679512 0.577406179812814 0.108186938623608 0.271269297660629 0.451163036550904 0.463235693286047 0.603340649041764 0.595790572844759 0.716292462239291 0.725467880809514 0.697881916952432 0.589783019533716 0.801509256080578 0.676664072943715 0.708291345212288 0.615023422794926 0.493279013144051 0.440507946226788 0.521010775019584 0.524036337278526 0.494974831821259 0.508673759518622 0.602080868011746 0.522717256083861 0.46705335782666 0.426896632292057 0.421794221083083 0.390704421643328 0.521572452347343 0.558429400983169 0.630493552152467 0.60715834540083 0.502763664183843 0.458185958023191 0.681962496593964 0.573167599814794 0.506064692047445 0.48757874340374 0.419679437377386 0.321200916413917 0.777675591182053 0.506426014276121 0.731764875732848 0.539554862299935 0.525440456622818 0.560878568030622 0.738466525509664 0.683055474019202 0.410798521659642 0.307181805726693 0.0867673106061302 0.229598406416509 0.759796500142983 0.668113994249532 0.529349533073456 0.51798811565186 0.655055268862579 0.573008143316534 0.551660982585808 0.529791872695141 0.790376299525795 0.454325535348601 0.580396949188314 0.532130298449501 0.715960946249959 0.680065771445616
"4" 0.316633315040141 0.336064829882943 0.755365422265401 1 0.38318618620099 0.582861294392167 0.558244024111093 0.743853797785777 0.202893689980145 0.529817577724316 0.267486221460521 0.439871325537136 0.313357542235757 0.57025201333718 0.464906132774283 0.673190378370109 0.279020651901544 0.257682738305996 0.287553241505811 0.397947546801389 0.245754099537429 0.465816622750384 0.698214650347949 0.78817175616124 0.594604353713021 0.776153587301009 0.181991971680285 0.245421879182195 0.205009319156547 0.335388548456293 0.609211894646337 0.830832565101682 0.531829739952388 0.654040156484982 0.681700763681762 0.752083661184452 0.690515789923364 0.645148260223315 0.550471647463917 0.480252164803388 0.37963214248766 0.442711152308141 0.420674998277969 0.405617636153008 0.362763885287968 0.389250234152435 0.453796527041854 0.338511655885923 0.356841489649842 0.409459336032402 0.403391996727667 0.337280179910813 0.488895637073461 0.494669786232028 0.556046744075218 0.43808699503447 0.288019129521288 0.246038694693482 0.425204491732498 0.548476764972318 0.216186224226117 0.615447285205858 0.155106834884916 0.200722076684672 0.71629466884007 0.828477535687954 0.620832655463367 0.6963818659439 0.287494555528242 0.333202075127485 0.598732154920681 0.668466562703517 0.267639337580945 0.229825337320757 0.020800588683955 0.139858278866543 0.588310692932451 0.670408070831489 0.351713186850881 0.3665582815249 0.494084060282381 0.547559718279652 0.47955095394929 0.481052953190323 0.629725267469208 0.590924863436534 0.502954291209919 0.556505447675498 0.497111855767031 0.567514309835838
"5" 0.552756136189149 0.625208543392854 0.595178021214546 0.38318618620099 1 0.633633191643747 0.593160452286458 0.498202900435465 0.637324217767613 0.624755996470438 0.559522276692453 0.605081736074034 0.47960693059571 0.487917982167769 0.508443703389201 0.619251044181351 0.543951986205077 0.526036865586438 0.612651885020407 0.690935232717968 0.406585416449108 0.484604830371884 0.444040975419304 0.243906585037396 0.303343283068276 0.324769135013176 0.0780132841756863 0.4822347446791 0.557968783645585 0.592150610971558 0.571590297960515 0.469255370031409 0.650423055999943 0.664950500567552 0.257098125023709 0.252276807990023 0.486418804851201 0.525490974056898 0.528212456889117 0.572216632746738 0.349603733076413 0.381060107052894 0.589810959878767 0.612362072305537 0.587259347302197 0.599625562416591 0.623232073345233 0.554509110554743 0.572976034487316 0.483100778984187 0.470958506008892 0.445616889015024 0.539985665288016 0.589639206313589 0.627292234797912 0.62932422132136 0.564112597781799 0.512027230263757 0.554742177253674 0.532690845070776 0.464300785753206 0.410600503624601 0.482880992716623 0.491414590174495 0.24053769111605 0.102320270750562 0.574015978328603 0.401477948604868 0.619449046531191 0.616956155863079 0.592270064567093 0.5690250628904 0.474102561652782 0.361822999844127 0.19548977486679 0.193202858234687 0.650091106828729 0.562932638594079 0.558815317473177 0.454081648049531 0.578688810523439 0.584058533034916 0.431952936844443 0.562799864367293 0.555772801233588 0.395856224424527 0.439035866516287 0.515107190182401 0.578000085103309 0.572963122616327
"6" 0.437440561712155 0.456753305927882 0.583971748404848 0.582861294392167 0.633633191643747 1 0.656960287276504 0.719913336954907 0.499556626540575 0.78696028983628 0.488118569229246 0.567875744845732 0.460947658679733 0.63970580909054 0.470691180305882 0.721620392680837 0.456950582603676 0.41944492230311 0.469217333306779 0.574474822865011 0.22591263942462 0.503528262154905 0.480165516204367 0.403050111797543 0.274882249469047 0.404734299473371 0.0605525690863392 0.546623229446622 0.410969086726024 0.50301724012917 0.454762530246152 0.561465045895194 0.494682178903883 0.597923563807808 0.344996628498407 0.360103002374303 0.540841551791554 0.547573836009889 0.480561961808307 0.553784337754713 0.271696893429507 0.439750511069924 0.482708813908369 0.499313360405029 0.43458200698571 0.477514723260516 0.577715336493735 0.475637685356343 0.408772850733636 0.390601751267882 0.320242921516874 0.304466773720311 0.458877792668952 0.588615070204912 0.568641777373226 0.467682252025288 0.377749881903978 0.274135540828956 0.40275529010883 0.474168248345231 0.460625539631917 0.679960925595451 0.316837879036371 0.292265822477123 0.514951030343168 0.376912606597905 0.466279159958145 0.437094900461045 0.542192249115332 0.527888974438417 0.603087716313413 0.601734268130657 0.443014559607861 0.387164358753013 0.0748591134497946 0.229882023695702 0.51107162091061 0.470668869110621 0.46186772434153 0.439620446348719 0.595875474884499 0.610660848194909 0.413107439981382 0.575357379388884 0.648047788600265 0.449846088341649 0.511127144852925 0.60735716072072 0.553015388296047 0.536287500664484
"7" 0.719771335233178 0.628743712593548 0.777524508390649 0.558244024111093 0.593160452286458 0.656960287276504 1 0.79262611512369 0.582208055055552 0.728519310665939 0.653175816975593 0.685464811789352 0.771143488772356 0.694485794951761 0.639106346096946 0.532801043675936 0.50716964735433 0.473384069674859 0.67839934410169 0.660197394928724 0.179961290642066 0.310371935726425 0.488856801554267 0.23893529979359 0.203472497430473 0.286864136653159 -0.00764191984334275 0.273427934716955 0.544915703011529 0.594426934229381 0.364185485272589 0.41941228218314 0.626722750312983 0.641816180505057 0.300294816138778 0.19977449340538 0.569114597723115 0.497938751382268 0.433075720314119 0.439891896924632 0.198445978492643 0.336676888254562 0.506885431677606 0.523741721985779 0.49384759706556 0.515743299961841 0.564319794964462 0.406139177849501 0.410025956423354 0.376936579873949 0.290018234434781 0.263001511736175 0.400717298726549 0.438761716919569 0.50782889996507 0.451450442929392 0.50613894400836 0.427440685527048 0.761411971771 0.520229387615681 0.842033256133786 0.73550232456082 0.402147230715547 0.399883099924584 0.50601169108763 0.304565839078589 0.490357783173496 0.28611302886528 0.546364959929891 0.535075312614838 0.655225752223802 0.636463947052707 0.439991985642221 0.354945117406882 0.0196809582529229 0.29561709021222 0.67080947264826 0.55682376108576 0.551010717499531 0.478917803066179 0.581766981418687 0.531643987365332 0.298304785201985 0.370522472012142 0.686987350643728 0.338083458606498 0.381105026347106 0.31533991454121 0.74419513546625 0.627362032025873
"8" 0.493573416955526 0.462032570469573 0.607016532898702 0.743853797785777 0.498202900435465 0.719913336954907 0.79262611512369 1 0.376296011928455 0.774598773518492 0.382709294888095 0.658607322870942 0.471064616365468 0.735923132804381 0.40138577606895 0.610218147958425 0.32245306442067 0.320950733960519 0.417497582071564 0.521750281938549 0.167374513175074 0.373764332191576 0.396344294806059 0.359716735139882 0.155818150700229 0.452045797996244 0.0436625095871205 0.229441526940713 0.372503545048853 0.52642190576378 0.435571454350484 0.664233806757063 0.474461671459972 0.649956475936013 0.296082770542398 0.346255072587825 0.528814731690289 0.5177691293815 0.383019150547847 0.366918314708515 0.198165629888989 0.337500522075305 0.476549581626917 0.457674362823677 0.427000828397479 0.465572967301998 0.494846428972559 0.324443088763456 0.31244878395939 0.331444338919784 0.258215615149767 0.185920326575349 0.399043772343458 0.441859371551787 0.502519067369652 0.34735097138037 0.346658301184854 0.262057537037989 0.540683338530149 0.552777848172782 0.593169621687329 0.902435217145182 0.20139877049148 0.306250481671916 0.442637531450399 0.581801122682233 0.407601595709847 0.462492965464815 0.370983288784181 0.358184476304658 0.583051802367416 0.651699329903564 0.38259081203691 0.39233412867929 -0.04122110884379 0.261709018493596 0.561665448258611 0.553034200231621 0.44899929516165 0.407782168678907 0.551012844468054 0.582551219266343 0.329730994718651 0.407758874576296 0.592076999617774 0.468326875109994 0.381454530392956 0.396366079092531 0.599466876543687 0.579648498006392
"9" 0.457254047135887 0.438010512795468 0.475261866302094 0.202893689980145 0.637324217767613 0.499556626540575 0.582208055055552 0.376296011928455 1 0.524345494806801 0.408078842436154 0.408976445796887 0.575389546042776 0.488785903098616 0.547980353816222 0.33265297512308 0.323871252452591 0.27965375746711 0.438602908857152 0.406464372455764 0.257418103368918 0.237200658804767 0.231214880169015 0.0255239770021973 0.187525880241106 0.112248292206821 0.0675223487996601 0.540901933272109 0.368077128247356 0.344236938975239 0.154415492824285 0.0980030138975108 0.343363011753553 0.35839818446234 0.232100889682064 0.0911593664417997 0.354599212167506 0.342272683593272 0.298939126939268 0.245589175154346 0.179175946685256 0.189475659107522 0.214112176627077 0.245643925459342 0.195497968786752 0.227800936458606 0.234733211202123 0.203042287234682 0.166527293660028 0.105438070194325 0.095967768616888 0.0432436561332659 0.216248353716 0.259901820133103 0.224828115669964 0.22950245067474 0.33120441102089 0.224685720817644 0.400313604907212 0.143175388852457 0.550237113736883 0.372415781042015 0.215790707751627 0.117226921638855 0.246552108249258 0.0658752867795513 0.2033049606396 0.0577197344104012 0.403206776140969 0.368656153200902 0.459499033572136 0.340609504967798 0.311821925790027 0.231557770589607 0.0649400967951672 0.156245111528085 0.415399096731054 0.196263828050688 0.360365640166291 0.365776575005225 0.366844657661432 0.310087694882965 0.20592875416411 0.246904027898454 0.388882854068085 0.127214002410804 0.265971770709528 0.235603947548686 0.556189329746531 0.386529692429663
"10" 0.577607249130738 0.579062189929553 0.551574045337589 0.529817577724316 0.624755996470438 0.78696028983628 0.728519310665939 0.774598773518492 0.524345494806801 1 0.469130900287148 0.652230568596324 0.548556131733953 0.700765975900705 0.463564686891852 0.638744063777607 0.471772833144764 0.452406817436425 0.519579522332237 0.599135946923305 0.251395422288742 0.449583375925735 0.37803328696399 0.262179259792594 0.177301555203592 0.312774098778078 0.0690104965947341 0.471888079153689 0.495427716144535 0.590728558133404 0.398805911080391 0.482881808914252 0.482652816693631 0.589954610745507 0.256363138602695 0.263950462989034 0.514267739501198 0.467187770904275 0.400442798986372 0.464393209018139 0.264273420656723 0.350671833798949 0.514602029032161 0.48004493819429 0.477258765455353 0.489701675428312 0.558989510558049 0.397005936784612 0.357170955968026 0.325351373449413 0.295910384362509 0.225141895109515 0.45890430727942 0.522465953913275 0.541528367538634 0.424623926365423 0.506811893084882 0.417508359657839 0.514355009506615 0.477573683330352 0.610984250304276 0.721223266209144 0.338317315187155 0.398044888630204 0.384117420085916 0.347144939471552 0.439703172046594 0.380463717642558 0.53150055921978 0.529945865124372 0.637290193790546 0.634547512209558 0.469486217984647 0.426611896363795 0.118882541641539 0.358865547319804 0.576188157327994 0.493591832311428 0.536574167433789 0.508807619190264 0.58137600233457 0.627893574583389 0.378172837944551 0.480255426629462 0.57075295955125 0.435305126911878 0.370928967724791 0.443946770644088 0.610064357430646 0.585990631378656
"11" 0.811240623766091 0.655095785237007 0.571533126211008 0.267486221460521 0.559522276692453 0.488118569229246 0.653175816975593 0.382709294888095 0.408078842436154 0.469130900287148 1 0.700660910051347 0.84567467372625 0.562659828953751 0.686869210314371 0.57788825137258 0.73091973885186 0.682659736325531 0.847452622725827 0.719107948471281 0.210880492526746 0.369775967113461 0.509112187434511 0.179805557803576 0.219322048258384 0.130303529257039 0.0807540562140083 0.196443273960548 0.750347956356092 0.696843895749588 0.392893655860337 0.282224028339404 0.704578666144715 0.575391390131706 0.15178335533203 0.0565502060711597 0.445677331594263 0.386425399557731 0.504532994201312 0.518571580054017 0.377614916904107 0.466958462591974 0.499014647409454 0.508213926620419 0.499567979077859 0.463454639449745 0.568517205213618 0.470083930245806 0.480408671403598 0.368329032564624 0.426537648615971 0.378349492094806 0.519945990365066 0.516826216150831 0.574780096191383 0.517087862013911 0.659138293495101 0.589739547609872 0.627434074650666 0.383841838413552 0.627604624838935 0.36523857317474 0.750064314081655 0.650506918501803 0.310795643858747 -0.0693285390203452 0.404670795486219 0.108928032079349 0.65081184021885 0.647382658227086 0.488391187295507 0.476851035392578 0.545132974127725 0.377366038674241 0.259783894144287 0.119577020444904 0.652086972257774 0.524195248793295 0.64679219980022 0.571743678787066 0.755225246142531 0.612154331627107 0.428310044050455 0.628469340817227 0.711137458084772 0.361960700364051 0.412167905151948 0.434959398558852 0.678529674809088 0.543825957599182
"12" 0.785979239353441 0.711244769232884 0.478690296396354 0.439871325537136 0.605081736074034 0.567875744845732 0.685464811789352 0.658607322870942 0.408976445796887 0.652230568596324 0.700660910051347 1 0.686534819143755 0.855290030944986 0.460435097109787 0.67582068454528 0.575168894182632 0.607047194260681 0.688063438552907 0.712869496188037 0.388034315327404 0.439584874565204 0.37078520997924 0.16052800471609 0.0858705482430539 0.210046301253403 0.0944481571534106 0.165559790911867 0.700542732551421 0.761738942267953 0.421308329546134 0.496674194393998 0.709343942035172 0.713516735408954 0.118760240268942 0.16540929919015 0.429046814597525 0.456064041276669 0.493051635291422 0.448060244173613 0.226577465411908 0.503442154650867 0.592831333537476 0.574368342255563 0.550482595695647 0.52796371115551 0.564604995032602 0.408671296527921 0.537516991266413 0.486679832882267 0.569746748113322 0.464712411822892 0.676435890125511 0.590978158474733 0.652110501146449 0.531607544928692 0.610544866362834 0.584105396581383 0.647822355380351 0.612954271451299 0.63115992298812 0.654084886004861 0.589282336673005 0.741546429055681 0.184091177221094 0.174795243736104 0.50147156963121 0.353331466946381 0.586719727622344 0.592453456986877 0.490631114104088 0.550491361946379 0.46205264143767 0.432837323831116 0.166790120734022 0.135098018803363 0.618677145083538 0.64460386355766 0.618102543742875 0.496440508850117 0.636563149073864 0.726187498445916 0.338317483268911 0.605698799894471 0.634318706649789 0.610369820864986 0.320564683195173 0.426109867956431 0.699418018250831 0.689059327727917
"13" 0.775187706814409 0.614576287888428 0.615366855004617 0.313357542235757 0.47960693059571 0.460947658679733 0.771143488772356 0.471064616365468 0.575389546042776 0.548556131733953 0.84567467372625 0.686534819143755 1 0.71929942372043 0.76802446572163 0.511564434707235 0.571573954653734 0.542073282622613 0.733222414371783 0.595142230785645 0.127920412052343 0.236313328150531 0.458912463292326 0.103031221501238 0.183360614283887 0.0920029132245903 0.11932387568324 0.170904106755813 0.671445104626541 0.598010702300182 0.22204186928405 0.190364639288635 0.579061586375128 0.499393825140031 0.194656208498904 0.0181316529519003 0.448851773214969 0.38056959753163 0.456324530127672 0.419022894428037 0.302045270709157 0.396385764341545 0.400110484416668 0.412498651148349 0.357297576143712 0.360360545951523 0.450437046186006 0.343044343070162 0.332194519774187 0.257767186947736 0.270759853736728 0.224046169041742 0.403424669568104 0.390111790924451 0.452111197316489 0.401522721056172 0.554527879099281 0.513870577943906 0.698027428180716 0.333653116440309 0.775328473204026 0.501881869303356 0.5881957824556 0.523208241630226 0.380856982466967 0.0126561975169593 0.314641543272325 0.00140956953562035 0.565501774490219 0.57682682962109 0.485131176501283 0.446340257591986 0.372878026608351 0.247602600687258 0.101113953952994 0.153333743538341 0.563568676963641 0.455235888399383 0.567086099090672 0.508744634535609 0.606218460626713 0.473190699898189 0.295749753664267 0.451216278342676 0.679013868416765 0.238885116857382 0.364007140401448 0.277895783105854 0.794148936050374 0.603046186811367
"14" 0.639511500183032 0.564634351805753 0.525386395617565 0.57025201333718 0.487917982167769 0.63970580909054 0.694485794951761 0.735923132804381 0.488785903098616 0.700765975900705 0.562659828953751 0.855290030944986 0.71929942372043 1 0.522297051706182 0.687743903350041 0.381643633952517 0.412489805456194 0.523323911794883 0.543731614545704 0.266636084346831 0.34125668563744 0.404802050324707 0.254405724906494 0.170131219843353 0.303514643946442 0.213927427301071 0.251270123309673 0.544257985344674 0.595140361430456 0.301326039840462 0.503125170019788 0.543567656109078 0.608403177942143 0.242470512302857 0.222994360285383 0.427677147754437 0.421377573926539 0.429556944620453 0.382867598710475 0.241893033107706 0.460806396275367 0.428331657640791 0.415015602895676 0.335402645896722 0.338107107875344 0.422535982471117 0.25142504882608 0.345364727621968 0.33082903965449 0.391144695691134 0.247289279835494 0.536292836642775 0.477297435397483 0.514738759850671 0.338537491471743 0.424430221863993 0.387731146467019 0.574135972931482 0.500286419332163 0.604504223978665 0.774498389805437 0.36797398060162 0.506273154226309 0.37595389309653 0.378461719307925 0.377691133006911 0.28381922812914 0.476296974163486 0.478130998147862 0.497910612625101 0.552626079964993 0.32952909168066 0.331585436858632 0.0613348188108711 0.130739644336847 0.501500366906999 0.54877010137747 0.47895485273286 0.446083084239876 0.523401574046118 0.597580102190867 0.256654779860624 0.494440851933691 0.629286269264279 0.539569905823836 0.315715416124516 0.407904976789703 0.705048315188762 0.67224635346691
"15" 0.625993386787522 0.528474583735181 0.750675218341719 0.464906132774283 0.508443703389201 0.470691180305882 0.639106346096946 0.40138577606895 0.547980353816222 0.463564686891852 0.686869210314371 0.460435097109787 0.76802446572163 0.522297051706182 1 0.623113681062687 0.51419623959389 0.463419091906879 0.607551359270621 0.530763387083865 0.267870252148771 0.309662903338995 0.746068734753578 0.486111186103428 0.597440388615624 0.443684365950491 0.202602675418086 0.324590049937714 0.565665935389959 0.503070625915924 0.540540773533363 0.438255777755268 0.59524440925372 0.560361577399049 0.50592838272847 0.315673403925817 0.630663106978266 0.533014438923997 0.577299865830125 0.468099960200094 0.462620351429429 0.366028321153359 0.323691355604184 0.332515033475828 0.252843451989569 0.282207823333173 0.38904512767606 0.373975468853473 0.274787929651011 0.24204668261347 0.318702556860974 0.238260135320173 0.456209145273275 0.472887830121357 0.489449995275202 0.44651818002854 0.512131007220285 0.506981979369755 0.637080820408373 0.368358823199926 0.531576069514524 0.373691172757057 0.506171148346124 0.382009354133098 0.60009790707081 0.215196329591622 0.43661470684238 0.16336851079304 0.537311681698587 0.589006965354678 0.666133513948748 0.558859908587132 0.337691376323837 0.189967552050197 0.0515871349863092 0.0221020600047172 0.610774584177165 0.492327531984575 0.532975679878963 0.559586861104856 0.661380759416029 0.470308701195178 0.40267793277025 0.482106226167603 0.715082488203756 0.298049430064816 0.518388934065928 0.38083907521434 0.725786347845789 0.611202572866123
"16" 0.489710891417164 0.513611883413417 0.643284887718392 0.673190378370109 0.619251044181351 0.721620392680837 0.532801043675936 0.610218147958425 0.33265297512308 0.638744063777607 0.57788825137258 0.67582068454528 0.511564434707235 0.687743903350041 0.623113681062687 1 0.51472018893653 0.504909904257464 0.477282671783075 0.599610061670539 0.33646468683585 0.570074201863051 0.716637820900141 0.638637383582112 0.506029065411965 0.557476718348843 0.149622180018017 0.346474509381849 0.520061530553507 0.574523626858868 0.6838004637077 0.76041462433601 0.678279310736425 0.715337870603583 0.455951562528437 0.517493845014593 0.639103986971401 0.60077742692241 0.631306682941238 0.637424968582759 0.374799360564432 0.490315075884734 0.563228368423988 0.552668165495726 0.465521893568001 0.464559243447672 0.635441879386451 0.559198805394595 0.542424561072674 0.475613133173703 0.602084656772759 0.46008546974067 0.703741104859617 0.721563301919628 0.755600777826725 0.620493359401339 0.505477068666249 0.482689492517836 0.496214048600229 0.596973998921525 0.35089008128047 0.588648584130707 0.492918943459725 0.565766807088462 0.532618983256845 0.408044958744168 0.598902326261481 0.517905582992806 0.524707400846189 0.585515736030185 0.603987609744063 0.598346192915363 0.334005768663515 0.286603790653495 0.0300969604794451 0.0858441437735945 0.649411474323721 0.665398118666236 0.530583223784783 0.492333412912701 0.720459679301389 0.716328877977709 0.615358709487037 0.781670637253115 0.767516175436295 0.672769312534103 0.650840380507761 0.755006633847029 0.611208326153989 0.684845278572371
"17" 0.771491757729864 0.820164093667066 0.534887192342006 0.279020651901544 0.543951986205077 0.456950582603676 0.50716964735433 0.32245306442067 0.323871252452591 0.471772833144764 0.73091973885186 0.575168894182632 0.571573954653734 0.381643633952517 0.51419623959389 0.51472018893653 1 0.952500197389134 0.791216135580378 0.787668343135524 0.229906564887218 0.534095360049902 0.443258377405722 0.178372257590343 0.258067783988281 0.234961704222981 -0.0579323745286131 0.242956926646808 0.865507833480545 0.866764312515821 0.455747610421837 0.32361871987608 0.779904322812646 0.73875051933705 0.229674443976141 0.250365568501227 0.656262879143721 0.658613223136529 0.671117651331861 0.697231495759102 0.537222596889449 0.598383805634442 0.584330322638433 0.569718049266994 0.592913502283647 0.542198221975666 0.677570084622757 0.645425480288052 0.519000944634761 0.412940310638786 0.416003290877212 0.41669780593105 0.484041566361777 0.537993969967671 0.633759309839664 0.62034057480985 0.907644191650122 0.799388732046641 0.494664293301631 0.396810712106411 0.52726680723615 0.283269319012899 0.86731991626069 0.684149597774193 0.195862120015909 -0.0417250908588012 0.497988906539068 0.277095451824443 0.781677932868754 0.760668369513363 0.51939047697762 0.550858087525509 0.637482774869896 0.603534098488281 0.325697903695916 0.297833096628108 0.690207145809912 0.612555170023719 0.902163966260031 0.837000069867812 0.829878081024013 0.759535647357755 0.485683446998781 0.688326054984917 0.543339022707265 0.241740616824244 0.344922915696066 0.452155941967905 0.595092465878512 0.501925585865376
"18" 0.763467606027778 0.841349873970211 0.462009802502901 0.257682738305996 0.526036865586438 0.41944492230311 0.473384069674859 0.320950733960519 0.27965375746711 0.452406817436425 0.682659736325531 0.607047194260681 0.542073282622613 0.412489805456194 0.463419091906879 0.504909904257464 0.952500197389134 1 0.758582336564602 0.770396731722179 0.263522458989633 0.531121834320466 0.38661225470916 0.145025734772165 0.228681115606004 0.225048540313631 -0.00333110225182017 0.2062028240041 0.881489523589045 0.885595456432911 0.441037114366968 0.325741885415386 0.754274910624915 0.721847298414673 0.170975760993036 0.203598133405021 0.583300544448377 0.625720019716894 0.633714383429253 0.682309170668716 0.459871398646139 0.603169806626993 0.60884766543458 0.597627811763198 0.586680260159985 0.539754683362411 0.661415159721351 0.659127329210478 0.516340987653979 0.422788264078734 0.40777771429285 0.385634190804998 0.497652886949205 0.537138868729929 0.638383866064188 0.605662928356082 0.893426070153433 0.829779105910861 0.489351863711457 0.417729454164139 0.513223706496441 0.31896286324613 0.868525033571352 0.743794245007929 0.144464371308261 -0.0587589112775067 0.47296528015692 0.238431925560702 0.746014257380307 0.748719827500064 0.465381016394748 0.530959883875349 0.589891088420541 0.582523590388084 0.339800276155711 0.27812608178851 0.659525614480871 0.607656649196849 0.888285861420413 0.81541193342665 0.788252369409557 0.736340895898664 0.435761600229795 0.695026073465671 0.514463527166299 0.244351176565154 0.291549423858457 0.406222720787935 0.600713097620979 0.539418317923815
"19" 0.878511883314878 0.82188808633185 0.585119290970078 0.287553241505811 0.612651885020407 0.469217333306779 0.67839934410169 0.417497582071564 0.438602908857152 0.519579522332237 0.847452622725827 0.688063438552907 0.733222414371783 0.523323911794883 0.607551359270621 0.477282671783075 0.791216135580378 0.758582336564602 1 0.858570463185723 0.366003264279534 0.441140322283213 0.447405579526451 0.137508035709572 0.227997745571939 0.200616994734995 0.0966863641913902 0.300410105570101 0.804138428438475 0.787840208807908 0.461066073906832 0.322845436543345 0.783012837942502 0.696024338322923 0.1419189153697 0.122336727514207 0.533846315641663 0.508022433103781 0.562292924595885 0.578016217805412 0.45119596095381 0.532601446427454 0.558333702456545 0.590342094520805 0.564986104378272 0.540838919262567 0.609020880947654 0.499371165281126 0.511023475517155 0.456701505966993 0.402830734349458 0.446597400728692 0.492736541024297 0.493370020586824 0.58349548146296 0.57080848683886 0.817050634916802 0.750447547767018 0.687372142954592 0.48004197149431 0.644397710214516 0.33902149747615 0.748894572699036 0.657869117163374 0.217353675341495 -0.0404490470151266 0.474264219689319 0.211857368523816 0.73747306088247 0.716813952177629 0.586522445854285 0.591504978077513 0.673944767248159 0.564690173726331 0.339766621502304 0.268104791187533 0.728634845228712 0.60743071957022 0.709027895982095 0.627556786119142 0.700230645148705 0.619684025765709 0.424349098144156 0.557056379939481 0.596919292192521 0.326032972215301 0.366512487140669 0.388692264691635 0.667458408330932 0.571178363765772
"20" 0.804580595807514 0.809811804066502 0.585978414166008 0.397947546801389 0.690935232717968 0.574474822865011 0.660197394928724 0.521750281938549 0.406464372455764 0.599135946923305 0.719107948471281 0.712869496188037 0.595142230785645 0.543731614545704 0.530763387083865 0.599610061670539 0.787668343135524 0.770396731722179 0.858570463185723 1 0.409466767758554 0.583445543226733 0.433198393593537 0.177433740504973 0.240840701844013 0.334560465746678 0.107217112350981 0.413077112465998 0.809831430765317 0.833241899918543 0.542611459602424 0.477071798354635 0.842072296354517 0.810716457980557 0.137424978783482 0.208806156156498 0.57996272431473 0.582579578171738 0.616665301386801 0.601875068100569 0.404569713019536 0.524623704829791 0.605050616147779 0.648218102425092 0.615821207313136 0.581055410623474 0.696111148021486 0.531650694614237 0.616852681554237 0.521191877143657 0.536346376263721 0.481521453389424 0.572919276419122 0.532529550382634 0.677287150756326 0.61270560416795 0.804495290982493 0.762605522574667 0.667376170582294 0.577153719698817 0.597930194121265 0.410908052826614 0.787384620391894 0.767392364557976 0.164432044830504 0.0383601229440401 0.555053131816403 0.329078311830426 0.857739294358823 0.843355436935186 0.602133679515756 0.651412199251308 0.717972301090281 0.583756617719456 0.313155013918523 0.260132767014291 0.752868483674625 0.670155855071315 0.769016860346141 0.667977945795511 0.739311462744077 0.707087389095114 0.42620069101455 0.638965751080416 0.569978401943918 0.415894420305667 0.370357661437676 0.448551992848083 0.634202922436302 0.610565887286144
"21" 0.290933567050968 0.389814328829897 0.246763083828625 0.245754099537429 0.406585416449108 0.22591263942462 0.179961290642066 0.167374513175074 0.257418103368918 0.251395422288742 0.210880492526746 0.388034315327404 0.127920412052343 0.266636084346831 0.267870252148771 0.33646468683585 0.229906564887218 0.263522458989633 0.366003264279534 0.409466767758554 1 0.527220195997688 0.280087095716557 0.31041103367247 0.326843487412924 0.371874162140734 0.474674518615646 0.297328155170815 0.313079926396783 0.353942238624955 0.426786486513212 0.382009386346831 0.397914281695565 0.395088157916483 0.201450638508106 0.294904149911284 0.263226107419705 0.280333873511865 0.360530466245962 0.223029061690427 0.187829740948845 0.212456084189655 0.272772810964743 0.307757829471388 0.236297875974695 0.252691523898018 0.297108913745528 0.171499668571226 0.35512182045885 0.380186581377971 0.402397241893749 0.451489478953324 0.474384628022786 0.3957772975169 0.438867583502962 0.408430834589153 0.312472902460862 0.354598644048502 0.224824920197849 0.421741213257919 0.00288268201221906 0.110298286006169 0.234525683130269 0.314658254469067 0.0615731204091194 0.180483922764071 0.374795339787565 0.357104926368879 0.285841696029671 0.39013196197326 0.484913563497664 0.468882237247264 0.459621462915297 0.444148085659807 0.212246173677255 0.146842166059926 0.363593948564233 0.400589106776101 0.312331225185472 0.180340704270751 0.26872240953607 0.37450787094277 0.298786492369234 0.324285944604907 0.221492355546324 0.39009184991798 0.326516314024904 0.275284483476068 0.25938714853792 0.407817651824644
"22" 0.460078338498017 0.576654466913522 0.387035319276199 0.465816622750384 0.484604830371884 0.503528262154905 0.310371935726425 0.373764332191576 0.237200658804767 0.449583375925735 0.369775967113461 0.439584874565204 0.236313328150531 0.34125668563744 0.309662903338995 0.570074201863051 0.534095360049902 0.531121834320466 0.441140322283213 0.583445543226733 0.527220195997688 1 0.40076015926526 0.418296906429715 0.392699208793664 0.499256502962985 0.118157062985305 0.417362310790579 0.457672277527325 0.57733341798218 0.55860845318509 0.566812169841499 0.546790865045889 0.581320500100214 0.229870922381711 0.428077684058212 0.562706349613397 0.597183313869322 0.499159523592469 0.44693205007892 0.388036318190395 0.554973188862339 0.476880544046904 0.511087503510033 0.445766104657148 0.443268441549326 0.603561423771794 0.451197639264872 0.543493778591687 0.530293542753974 0.530159733030922 0.498782222345272 0.548561030147686 0.535652860167131 0.634511972051057 0.556890458537503 0.566135189918852 0.541114835460401 0.327142841159712 0.492257469110236 0.196816436334819 0.317860934464967 0.481686491613392 0.504935172519701 0.239202533289948 0.275088598695525 0.455364332734597 0.431906302248125 0.511358440549541 0.559132026340246 0.516525414172942 0.591900249889801 0.495927376459796 0.482065337607888 0.278759536152201 0.312494743440616 0.593699586303415 0.635679971786797 0.57161252263656 0.421189887476274 0.549962127928472 0.582912788586129 0.529731447738593 0.622289867088663 0.449199887819157 0.449472006328316 0.468946706054888 0.583119624827025 0.413293245149703 0.48322582136056
"23" 0.405934377425385 0.383171623864653 0.835945569682023 0.698214650347949 0.444040975419304 0.480165516204367 0.488856801554267 0.396344294806059 0.231214880169015 0.37803328696399 0.509112187434511 0.37078520997924 0.458912463292326 0.404802050324707 0.746068734753578 0.716637820900141 0.443258377405722 0.38661225470916 0.447405579526451 0.433198393593537 0.280087095716557 0.40076015926526 1 0.836332673291259 0.801619182467562 0.683323369204054 0.199483522680415 0.200396362548484 0.370072479705631 0.360153165327392 0.769442842226772 0.700026527895265 0.644366230924117 0.61875503661159 0.736557663530478 0.653258137441616 0.739075343744458 0.602367516589509 0.644448979560787 0.541100712848705 0.483456483746199 0.416453315392613 0.388571178873848 0.378195257129668 0.320544459422138 0.332803021782868 0.487120970402778 0.450152263683447 0.38481108752083 0.345504775335597 0.478037693002378 0.384068738066219 0.568665147846295 0.575310452462764 0.616237012529425 0.544644622190091 0.405266440116608 0.397550814702185 0.494635296382114 0.495668700466325 0.240999912929972 0.319193075071144 0.402247212331241 0.31507758639422 0.797778357338554 0.492462665143304 0.660910956629591 0.523626369627318 0.427757171850598 0.485446280167059 0.657340382907069 0.603438333430134 0.288204993710875 0.224107013545422 0.0429221370304159 0.132991108863245 0.647083851237943 0.630751242816474 0.414114693293659 0.43746213092325 0.620990986194767 0.522921267025436 0.592095924014264 0.590518375246805 0.769191802903662 0.512533604156513 0.678295820246511 0.649004859150067 0.574954759083525 0.602856171149267
"24" 0.103063986556122 0.129092334948071 0.636338211397703 0.78817175616124 0.243906585037396 0.403050111797543 0.23893529979359 0.359716735139882 0.0255239770021973 0.262179259792594 0.179805557803576 0.16052800471609 0.103031221501238 0.254405724906494 0.486111186103428 0.638637383582112 0.178372257590343 0.145025734772165 0.137508035709572 0.177433740504973 0.31041103367247 0.418296906429715 0.836332673291259 1 0.802678713292739 0.798698549291917 0.228221294616865 0.177134715765887 0.0606657315580405 0.132506487248689 0.709964653405417 0.781709005291299 0.415644412798662 0.455442589851793 0.754752739170174 0.806877923543114 0.603551947126931 0.524473732374178 0.500528394051376 0.408416954844406 0.380474776526864 0.332754467650022 0.276119558821995 0.252989540053251 0.199196072888086 0.232599422959401 0.337667163426867 0.310066718236557 0.274712393586056 0.291092780784699 0.411262492199326 0.313440954676744 0.482640956501205 0.479737655222653 0.503085205288026 0.41015930886102 0.165314884160281 0.155884050021707 0.220746596396751 0.407255218187947 -0.0949355247811627 0.255928206330788 0.102840703584718 0.0673870718877378 0.743057291712126 0.693463938192032 0.572580254055413 0.630349461326828 0.144603231328637 0.226556393309963 0.554681959715317 0.539783255146813 0.136157950728736 0.116663115392035 -0.011291012880563 0.0468082020128205 0.463810329557344 0.524812047730884 0.188392128020149 0.22327807730356 0.417402242029012 0.40455966316835 0.560426637475864 0.485623975318719 0.57712322527712 0.542850259664679 0.611046211918388 0.624484964545779 0.311545790118115 0.417223203933533
