"V1" "V2" "V3" "V4" "V5" "V6" "V7" "V8" "V9" "V10" "V11" "V12" "V13" "V14" "V15" "V16" "V17" "V18" "V19" "V20" "V21" "V22" "V23" "V24" "V25" "V26" "V27" "V28" "V29" "V30" "V31" "V32" "V33" "V34" "V35" "V36" "V37" "V38" "V39" "V40" "V41" "V42" "V43" "V44" "V45" "V46" "V47" "V48" "V49" "V50" "V51" "V52" "V53" "V54" "V55" "V56" "V57" "V58" "V59" "V60" "V61" "V62" "V63" "V64" "V65" "V66" "V67" "V68" "V69" "V70" "V71" "V72" "V73" "V74" "V75" "V76" "V77" "V78" "V79" "V80" "V81" "V82" "V83" "V84" "V85" "V86" "V87" "V88" "V89" "V90"
"1" 1 0.818234738357377 0.469187118235265 0.396287638399916 0.524546027232084 0.364819211421847 0.50032485077019 0.374116908159372 0.482784516441868 0.24968350170128 0.431036793632262 0.264165792656205 0.478035365119516 0.292009068812377 0.446779018125072 0.299221071446901 0.62122455920656 0.464494685778708 0.555880152108398 0.49350134394606 0.342467909276525 0.0962413504940793 0.205321802892748 0.220293690946345 0.269467947832802 0.285769917954751 0.277207447783051 0.267504910656398 0.454783111303376 0.376183061152264 0.187086143838533 0.110774748628748 0.347666214233598 0.302690476959311 0.23890770852985 0.208149701532626 0.476956343448387 0.465346477662117 0.457135664090199 0.532905009278291 0.433542818091025 0.445186173605263 0.397665448651893 0.604521195438528 0.527696117578506 0.434500671705153 0.527332337751292 0.5861841896214 0.562998815656635 0.556545779038538 0.588639097900384 0.504725093502504 0.593631439349579 0.59048029091549 0.675031771620916 0.616116083990368 0.862719857677619 0.768125442415222 0.666087619664207 0.490028313630385 0.422267258489659 0.21678628111315 0.291771665006763 0.203956730683188 0.226501903843668 0.328917503462024 0.462462037176924 0.414404377925977 0.619783435920067 0.671438227465547 0.205546592608154 0.138927341652688 0.135493697655821 0.278747375858434 0.129807317201403 0.231190678858819 0.463255452356862 0.455249489026517 0.302531224838098 0.354054347180764 0.497072380666353 0.582079793142143 0.520888294110671 0.439123616107628 0.511835416775779 0.44163445142425 0.401676530404266 0.395502009193581 0.585620021204171 0.618618939348398
"2" 0.818234738357377 1 0.269340605535697 0.442145871425257 0.460114698344459 0.405190598674868 0.438684996520914 0.569949908873737 0.445972513978427 0.453959209736169 0.453041739189127 0.582103351273511 0.360656753750788 0.497200637734186 0.31989071211495 0.439397662054252 0.680973741810182 0.533652882936892 0.584409446961001 0.683876795826704 0.317601517589535 0.17669282383715 0.0761042098151893 0.198760565629748 0.0718247404575961 0.114387418853151 0.16013067937947 0.162807830846068 0.477927895076006 0.509684736685642 0.107493721428918 0.12853760860441 0.409774024318878 0.475924049941307 0.166277502403129 0.194022565506494 0.343124578284972 0.38649167285588 0.2806747285525 0.455818729153385 0.316913988249893 0.377864472339516 0.347857534262108 0.507397227401328 0.486056134434197 0.532715074882495 0.440183485008531 0.513813687200636 0.568101625840787 0.519104968995879 0.538133533358616 0.508291688564631 0.517196916581694 0.564586343808697 0.603863405020298 0.578077768312888 0.861165769633089 0.865769685089451 0.501770286086727 0.608932347926878 0.30974159601572 0.444268688025789 0.425174254635777 0.521013837790097 0.0673463146074212 0.225824659335365 0.373020416134449 0.415377429760893 0.580469577437364 0.612528704913769 0.214614588887271 0.119669917497919 0.156325503207634 0.354180013343785 0.105415519943057 0.318502619147295 0.444355336484209 0.423058202179402 0.329934328727743 0.330125012692735 0.537027051677035 0.563151892939483 0.38476801538435 0.455840811118288 0.446528983890417 0.389467713205462 0.223706838379815 0.278656568301727 0.415830395921536 0.682816513681835
"3" 0.469187118235265 0.269340605535697 1 0.57237488691344 0.613233132080917 0.382749262897136 0.830569056274793 0.189693640005907 0.427311571750186 0.0845196944394616 0.206386358043664 -0.223532605696709 0.364706471739428 -0.118377044100695 0.632208754193931 0.292229416918182 0.347891140088416 0.213553262232699 0.436728534575516 0.235639364934599 0.28922486398835 0.149350764809825 0.722973310967496 0.617035665341714 0.720186162986325 0.662222930170945 0.568462607903961 0.512051447964144 0.307908562683853 0.213951511459288 0.592598747317759 0.455512785034184 0.592804759546506 0.281655518957459 0.572910777857825 0.427580060707238 0.624793605836406 0.534773099814177 0.643995469147053 0.534683347046667 0.351123106851034 0.406136100748772 0.329161558421393 0.589503952156592 0.529447437516343 0.22704201064226 0.381851302077772 0.465879059088863 0.367896501552072 0.452031903464189 0.481486865038024 0.375413488842103 0.512937267776432 0.547001508437069 0.543920685042801 0.513044732319735 0.390913570232473 0.329513918304473 0.52568122440879 0.143507510000789 0.614005120607998 -0.0655497044957948 0.298985984532756 -0.0929828790204781 0.854610644981214 0.556024443000623 0.685281044602483 0.489034540368388 0.45819250300299 0.468500487210765 0.429233030867435 0.418125054749365 0.235967068595715 0.226588261763064 0.284584584902627 0.191012363570434 0.491486710516867 0.459200192428657 0.308787293404536 0.343157856879251 0.447719353853594 0.565453394171103 0.543185653248355 0.516960863029709 0.704604121557198 0.627232438355824 0.520361266803065 0.67793515905287 0.704536604552067 0.434111627209306
"4" 0.396287638399916 0.442145871425257 0.57237488691344 1 0.622325992218149 0.764431877469882 0.584379065310842 0.780544486183722 0.575863067058634 0.653536425101507 0.186823669739561 0.280235896883947 0.225010138888873 0.345265728994251 0.437823007471314 0.648041056493336 0.345089083650882 0.251202562666466 0.326304191441681 0.415088695277314 0.381224929945414 0.205514198694212 0.369876278973298 0.691918084151217 0.263882685958821 0.391012282314152 0.428872076874546 0.377404076447345 0.256098070672911 0.4336809573249 0.30544169733706 0.468930473561703 0.475309798685995 0.483613996385 0.298232794225743 0.308973155214239 0.40606977803343 0.482287289829951 0.320938839872418 0.488213877357104 0.0523108146696761 0.406698660764793 0.27794414947865 0.525129200313532 0.418857376309031 0.327878415858663 0.312132800718396 0.393285673806103 0.286629245711557 0.408815519861618 0.341409586241123 0.29758043843304 0.431201792780015 0.438320415512814 0.392049748688107 0.497997132291746 0.364300973659054 0.427647387657769 0.359797022474537 0.42239687347819 0.540541268347456 0.534342646361238 0.286358710883111 0.196970857366719 0.447809146114023 0.851217848873806 0.388277452314869 0.473653552220727 0.332553753590733 0.524803403838383 0.379054510912907 0.350309668322925 0.169685808274212 0.40111778167467 0.0585981184598579 0.242764809459251 0.41285948112248 0.465301831627797 0.484261427604708 0.390606155051814 0.514865112060595 0.627180032514028 0.332016883779214 0.46446147603292 0.409210316716364 0.771845213374026 0.287452080101006 0.477554206315041 0.506621326685272 0.56353622948046
"5" 0.524546027232084 0.460114698344459 0.613233132080917 0.622325992218149 1 0.718305712651862 0.666517192716969 0.504669550100595 0.827635804505867 0.488408274468492 0.47464307355573 0.244537175419552 0.646326985592337 0.391086641489763 0.668831905698045 0.557549614640916 0.446004495822034 0.303338179778278 0.365426304939518 0.390630127725093 0.464487541545371 0.256450429822848 0.283569025398424 0.361161709552594 0.206028769748022 0.22494973637536 0.455740598408347 0.470442464868586 0.383753867904767 0.439807563817664 0.087744220056745 0.0818892729359104 0.275925042605756 0.267083127094409 0.109848110723444 0.00059959918243606 0.414628319048088 0.367034560931053 0.349034079442355 0.443443199520188 0.145345009344751 0.337840408797904 0.216352603272599 0.463839036140734 0.35622717646082 0.25150051413192 0.336813527698922 0.470998523139043 0.360085850013143 0.435749576526866 0.469495554265938 0.36253626801747 0.582410121639621 0.601810583486814 0.505944409857225 0.573077652280355 0.521090459799703 0.47238638937364 0.602205746372391 0.329679718270071 0.695617587253001 0.387106980484157 0.379121564341149 0.127050707690576 0.363865111065196 0.553348020477654 0.246492248111412 0.208922649856819 0.42356944284125 0.489992154872498 0.278433322685549 0.245427934070456 0.108694601390072 0.279664691530708 0.0594869487508627 0.106743813664036 0.308580660125154 0.416901034109322 0.299497673354149 0.340011304544224 0.577524544572166 0.575155225800021 0.574244106848935 0.494744736179997 0.565391069493064 0.48008519202914 0.38245387922739 0.479744502702976 0.74707562099663 0.657033286985
"6" 0.364819211421847 0.405190598674868 0.382749262897136 0.764431877469882 0.718305712651862 1 0.460021550185057 0.726661533902719 0.746962018065937 0.777830153596596 0.348594522368642 0.403895326810317 0.417749950489248 0.517088451106585 0.414364485003131 0.658169393250501 0.33685038969106 0.323919990090348 0.153779753157291 0.302738923754252 0.463769463361437 0.259486262749566 0.0786524313991652 0.372042087081454 0.0123537596652526 0.128598970403673 0.280639456883565 0.405369868949594 0.301797947354333 0.506026274961828 -0.0426231367981234 0.111010364297729 0.210514629295727 0.333002329473342 0.0381676918045929 0.0197417388468494 0.262978253792585 0.358892377571417 0.212457598038477 0.402015238538546 0.00258869044063673 0.274469643430549 0.192790374045873 0.3065152576759 0.180903152880502 0.165483405490953 0.188086161997404 0.341154638155963 0.143486856655122 0.259710313488018 0.215772749743291 0.221660015701665 0.393479334366228 0.413317104585758 0.330661144001312 0.4792070956266 0.39785943880308 0.406879581670722 0.462317990374669 0.469112932251699 0.647560023953964 0.652955126188366 0.242995381194149 0.21046770826692 0.208427222999435 0.658416127103599 0.134841783757769 0.202074268351608 0.178324918909668 0.317989560294651 0.349184843525163 0.259557445923965 0.0848970483010676 0.249678796446206 -0.00471398008870218 0.153010998832399 0.307653034228905 0.345216117145571 0.371772397354652 0.406020078497587 0.393249459311175 0.456308285073571 0.318199003326041 0.379865399376851 0.317758381201081 0.533571624986361 0.214914172981836 0.295719983062548 0.589569788036484 0.674346478587143
"7" 0.50032485077019 0.438684996520914 0.830569056274793 0.584379065310842 0.666517192716969 0.460021550185057 1 0.471268088875901 0.531239416785781 0.352478371806654 0.378270609287086 0.0864778734655411 0.440115601005409 0.0845934502005938 0.632428208309162 0.433294445018199 0.47435426705468 0.3374597662835 0.506772085161702 0.490545471009401 0.267978069835401 0.184320267293869 0.521697864400495 0.564176185896377 0.421022974934116 0.38633632978551 0.422044828407128 0.421838798419759 0.45326481472156 0.415162140414076 0.416187858168341 0.34101761155787 0.61314954487141 0.464637426250929 0.367910045918554 0.284587609285515 0.5109918392244 0.400866215032879 0.434660069606759 0.52370558791288 0.340728048545866 0.358664020237024 0.254083239896981 0.462379499017886 0.493043262944162 0.383058059684576 0.412204296580368 0.521285052026564 0.481609710159726 0.487241097406562 0.592091186368253 0.460296142703747 0.634394765407842 0.663939884275569 0.621542304716314 0.62639781084408 0.546609529831183 0.500961724756602 0.594968878670441 0.328959197529984 0.697017756988066 0.215689790713294 0.528760691433123 0.279465857396989 0.653175746983031 0.476733397162697 0.628308642901279 0.491506048621035 0.507864131390534 0.531596203959572 0.337845594626448 0.327920415198015 0.290849608349266 0.303341753552532 0.287058356287794 0.221430458835788 0.528461711334843 0.504981872841617 0.325369712387154 0.285404945833204 0.527348847850053 0.588394930001109 0.572218413474927 0.570613018273713 0.736356057460751 0.614535623581686 0.349365434874097 0.58990374462683 0.728620620928574 0.586395273623778
"8" 0.374116908159372 0.569949908873737 0.189693640005907 0.780544486183722 0.504669550100595 0.726661533902719 0.471268088875901 1 0.63685473072529 0.882189845525071 0.382444353219559 0.660463947379811 0.298658962994058 0.641986068639559 0.177961534337084 0.584432110804061 0.400254249733447 0.326720898572974 0.204752580484553 0.531838554997749 0.23807058216128 0.182350032493027 -0.106308791818063 0.322698371698161 -0.218813602835961 -0.0997796583421216 0.0744895069725782 0.0698221376711033 0.326242154261701 0.57569649417592 -0.0624085143034451 0.174638205428018 0.263652522183926 0.518576760693101 -0.0659597592570753 -0.0122398130261131 0.0956304019829976 0.233715695388981 -0.0352186567478119 0.306102004828096 -0.0744979101417603 0.227109822952076 0.0762499240775551 0.226397343375978 0.174201908224248 0.332498160315263 0.172897861023649 0.270125118592944 0.251736380958423 0.283927368923876 0.271123719398997 0.287176356721752 0.350233496784853 0.330324339696437 0.279727508824864 0.393588653937596 0.478986362529308 0.526092909047474 0.392848695065652 0.650410582678868 0.535998594410929 0.856089212315486 0.342110781049943 0.551023895992041 -0.0202887558085349 0.609002675851909 0.148906247910735 0.289131040428808 0.261610855928271 0.464982200383591 0.202756799324002 0.120084667655247 0.161671349933402 0.382542760201986 0.036895557304923 0.244188307160848 0.266297238946302 0.335095340609216 0.379858094188849 0.299728183237956 0.444135638884227 0.411951701333878 0.138751202881731 0.272664978820687 0.217831772984734 0.51743744502255 -0.0601306296837814 0.106061527745284 0.358090526200544 0.622354247162697
"9" 0.482784516441868 0.445972513978427 0.427311571750186 0.575863067058634 0.827635804505867 0.746962018065937 0.531239416785781 0.63685473072529 1 0.662879250803191 0.532707913042317 0.381566671226257 0.683078967680688 0.563386109987371 0.427798316211498 0.437067086063385 0.45212355312172 0.309608689699103 0.143332355758269 0.289211505285311 0.349254969374623 0.230697002646893 -0.0400814494577687 0.108822390881403 -0.0703258415055438 -0.051539869239691 0.238635451408771 0.249963186785323 0.398532997913318 0.49449479024899 -0.071258799227613 -0.0294646767385219 0.106448859328454 0.261845162212725 -0.0339761400297739 -0.171001135187397 0.292035369891447 0.347197044995283 0.183457420119371 0.366858349820084 0.00696933373310507 0.225509955988669 0.084372058464732 0.291503795303269 0.146576128573909 0.143409151618262 0.142842305599858 0.316888576903185 0.226532545330249 0.289361457821191 0.275068334638943 0.265120742803693 0.408600736322489 0.44282095454355 0.320381551868346 0.402640580194118 0.505023323357669 0.471294913771121 0.657147903355112 0.431881363382364 0.767365116347951 0.592241755301999 0.136245168183367 0.156415469336957 0.10403377832684 0.530574930228399 0.0914836284370007 0.0656218594656768 0.292748498290011 0.401391662668917 0.271354136632931 0.161003334341974 0.127975436279606 0.281945991998521 0.0873806800124188 0.137434923406007 0.252775616517121 0.317218942548881 0.297347035967294 0.385547267742668 0.441643704461789 0.402144368155902 0.369609278378205 0.266760826538549 0.32124611287513 0.330899089730865 0.162101746166161 0.198730018882615 0.676861569182411 0.667647217579484
"10" 0.24968350170128 0.453959209736169 0.0845196944394616 0.653536425101507 0.488408274468492 0.777830153596596 0.352478371806654 0.882189845525071 0.662879250803191 1 0.428265741217286 0.702437073365419 0.333448598341651 0.696085636271188 0.194973926149588 0.625805480241442 0.350514507602142 0.369678198879531 0.0837135088499192 0.434560752061952 0.229133444772775 0.236898988763789 -0.227775308586158 0.164045148437119 -0.350257301192446 -0.254117736956686 0.0714655236798529 0.0542411175739728 0.325351803342074 0.599848525249637 -0.226874200754629 0.0041581915206861 0.126411231595299 0.451504169821861 -0.186384243390704 -0.153377246302948 0.0383644423346779 0.175460550909501 -0.125633174281025 0.187419116635807 -0.12967247238031 0.139576337129016 0.044025215954626 0.128541040114082 0.0324432679220387 0.228109908550965 0.109414892708219 0.225083410546184 0.109860020426915 0.182317403100093 0.139926734881165 0.196994694438023 0.27912844895241 0.273526356191202 0.19647266592144 0.34430634996733 0.369601539965778 0.437420011589821 0.324891435992357 0.613046128956432 0.548078222116451 0.898975693056133 0.299890302321091 0.557414700315568 -0.113119548749966 0.475698351987876 -0.0430519254422451 0.102466073055212 0.153441570289345 0.295464428315837 0.185906694487435 0.0849520891793178 0.116872575236117 0.310812413514133 -0.0241037921744893 0.154765055710759 0.193427877923556 0.214719753803784 0.29575707558334 0.308321818535994 0.304455556341703 0.253241972385896 0.0838954338846599 0.201556592826382 0.137954231252143 0.32641532661333 -0.127486820673748 -0.0793582717279139 0.38634382991649 0.623053087287314
"11" 0.431036793632262 0.453041739189127 0.206386358043664 0.186823669739561 0.47464307355573 0.348594522368642 0.378270609287086 0.382444353219559 0.532707913042317 0.428265741217286 1 0.574544185173228 0.81491810247907 0.660565192287637 0.39884848397199 0.358468258861945 0.509885433026457 0.290157747193694 0.267975352536297 0.379279574511629 -0.0222321753555529 0.012695633555269 -0.125165496014706 -0.114061940408394 -0.176033957107209 -0.263565608056239 -0.00678960577627711 0.0928799419990204 0.460707706753933 0.379237038333296 -0.176697684395316 -0.266947587489169 -0.0320071089727815 0.0844701783253461 -0.228070943963427 -0.337771928678252 0.0597697556986238 0.0439172081035714 -0.0312928552546151 0.168595112152702 0.0381318002931533 0.0594153189497338 -0.0599661879166926 0.181071100835468 0.0239220671293496 0.100719661788114 0.110931981875305 0.246345352735984 0.157683768886203 0.184179439395901 0.226155955502763 0.242650397714609 0.278804827507446 0.31695199606501 0.327297950384652 0.342723415657436 0.554887904087938 0.348063107975554 0.501038999307198 0.386541310956591 0.564467160666107 0.454378244280711 0.531212206665419 0.443864689748207 -0.0975798235174087 -0.00204182941558239 -0.0972353009660512 -0.144359601072233 0.3018552012225 0.290860848196346 0.048165372991058 -0.0410483632359235 0.0888778152636332 0.117881322902419 0.11319536781073 0.100438757337015 0.118062962817863 0.080705132707389 0.133034767935166 0.256333180731488 0.462889565608375 0.278999016900368 0.265085685427255 0.165303660967511 0.487906491152259 0.0992043638801996 0.12103392470633 -0.0111159030273471 0.502185833492318 0.524350178485922
"12" 0.264165792656205 0.582103351273511 -0.223532605696709 0.280235896883947 0.244537175419552 0.403895326810317 0.0864778734655411 0.660463947379811 0.381566671226257 0.702437073365419 0.574544185173228 1 0.358755051063173 0.866200756391606 0.0698772508578895 0.562674432576795 0.360205836827393 0.367787413510529 0.164389956213133 0.538728550177599 0.0649852693138607 0.222867985140154 -0.376813909447534 -0.0703082210015831 -0.487786464641244 -0.443272288087987 -0.235582655238616 -0.198284024939737 0.389493338472055 0.551581553867825 -0.295378936585159 -0.102350253401026 -0.0180228777749428 0.343621727278566 -0.372794788234093 -0.288889748892903 -0.169631551388403 -0.00845112928739356 -0.230885352003654 0.0981549491252742 -0.0673712817860631 0.0708430186818311 -0.11323844932147 -0.000769245916559258 -0.0295308449975528 0.263603774826086 0.0274010788765727 0.0671569467491334 0.19194494664359 0.151866048833285 0.163951583794214 0.205613236261875 0.161592413261806 0.169316440953931 0.142045930698563 0.246005614618892 0.42289190389436 0.444796604436917 0.14912390392621 0.550613676295181 0.213367623831855 0.777797249727321 0.398351858730089 0.722122757107056 -0.454143986137985 -0.0197587606190462 -0.239688356491178 -0.0759724308190267 0.182010042492761 0.227481527068314 0.0127514903099124 -0.0770823620489255 0.0756029852492813 0.231089738844627 -0.0842095450036869 0.134350661410295 0.0180932875234712 0.0791615596323321 0.202253994280962 0.137772699740007 0.328360830488951 0.185395328971601 0.0363311193255473 0.166808263627016 0.115328621604497 0.114982805192288 -0.149002364625933 -0.193038786436881 0.130004058834886 0.483587683793027
"13" 0.478035365119516 0.360656753750788 0.364706471739428 0.225010138888873 0.646326985592337 0.417749950489248 0.440115601005409 0.298658962994058 0.683078967680688 0.333448598341651 0.81491810247907 0.358755051063173 1 0.6042116527729 0.496611583311006 0.258251920999728 0.35212288269374 0.109130355066264 0.145847665144968 0.139967329362099 0.0241882158203322 -0.0585606407949587 -0.0598007614318227 -0.0898899166809271 -0.0533505541454671 -0.127254783702873 0.125654649334925 0.120789279932938 0.348532997812822 0.246335734437728 -0.16942162986476 -0.292065637164776 -0.0892746006782559 -0.0739660911069014 -0.173909364563095 -0.358862875840417 0.145613882701063 0.104783446414514 0.0854170442183429 0.206870805905615 0.0904278685045545 0.11092600187242 -0.0887455512840911 0.210628434293764 0.0106220925929882 -0.0405614941832028 0.0326012643814994 0.173174489640856 0.127139476105882 0.18128745666327 0.212778109264456 0.190053678609258 0.24604754988374 0.292381179100585 0.255559289010438 0.297182765267891 0.471491862087514 0.245179561490972 0.639054792158486 0.268899880808129 0.717944378548574 0.352109178052799 0.296167537796055 0.0646948628082502 0.0340863068244664 0.165191328786776 -0.0587789714409831 -0.183659967387017 0.28039082046683 0.259066501735553 0.0530192158978777 -0.0158916084711932 -0.00140527175846826 0.028494923939515 0.0970300799217691 -0.013668783316573 0.135845464325483 0.11563034313952 0.0890447743103316 0.281846636574264 0.406323178065928 0.26593028995858 0.285436405829189 0.129218349926628 0.446758559005734 0.153902713734898 0.117253199293972 0.0880887125027526 0.649490875760986 0.535759833904975
"14" 0.292009068812377 0.497200637734186 -0.118377044100695 0.345265728994251 0.391086641489763 0.517088451106585 0.0845934502005938 0.641986068639559 0.563386109987371 0.696085636271188 0.660565192287637 0.866200756391606 0.6042116527729 1 0.109200548481252 0.488892566030177 0.314579346729836 0.235537615960599 0.0239826828533634 0.307116776300609 0.0227592010496829 0.162480962564703 -0.396383953458733 -0.122710774389263 -0.435777987056131 -0.389600116904162 -0.197165548932453 -0.186623955721312 0.325273072528048 0.476049271955704 -0.33912878189391 -0.178169989373779 -0.143582599928442 0.155325861387175 -0.373474812317761 -0.388778323269516 -0.0920140505087107 0.05320200632714 -0.184080122288385 0.109398847399015 -0.0979835721690511 0.0918377165152833 -0.157389187158934 0.0423835484886442 -0.139606250158426 0.0610376187337748 -0.130123520488589 -0.0293656370008753 0.038785476917498 0.0677382323172948 0.04699025758859 0.106219636094929 0.047004501541603 0.0667979823124651 0.0450622289170105 0.153594205346595 0.394319098371214 0.328927363417897 0.290591267455078 0.479410844076784 0.381327161220042 0.770034667735828 0.247074742293613 0.431004638662189 -0.385134988885053 0.140716488054502 -0.289415014173035 -0.201490762059631 0.144956506420227 0.144995269875503 0.0745079384344276 -0.0368589168026755 -0.0337341812057219 0.152618703820305 -0.109847524676509 0.0959652226828656 -0.00546103481355876 0.02839027803141 0.212656812003847 0.283653796047274 0.377701250437495 0.179910772167318 0.00700402661407282 0.0555639830495549 0.105977766508983 0.101480185655646 -0.156594132795388 -0.198125499967101 0.241460516625735 0.506295627701068
"15" 0.446779018125072 0.31989071211495 0.632208754193931 0.437823007471314 0.668831905698045 0.414364485003131 0.632428208309162 0.177961534337084 0.427798316211498 0.194973926149588 0.39884848397199 0.0698772508578895 0.496611583311006 0.109200548481252 1 0.631524403462094 0.50415960464216 0.387761526599934 0.602186284079905 0.387911314981172 0.49578000923055 0.258697811958537 0.658738416544939 0.559570875398967 0.477539184544166 0.42588465741667 0.576239195161731 0.61632103064777 0.485577916207264 0.388710956779751 0.385729731442826 0.245918372760049 0.411975382276158 0.255706402087465 0.257704867292238 0.200795097885633 0.494577623755529 0.415555278105537 0.45300186780144 0.435926935084066 0.389782931021865 0.410261384349596 0.253781997365149 0.470260962943891 0.428029137278412 0.264690086676317 0.481867246449257 0.568511198324881 0.374933773070214 0.478923725646095 0.471483436369505 0.335458768391347 0.605405371838931 0.650810287717145 0.623163601529503 0.61826126444138 0.404553865708259 0.406364885652357 0.344147237900039 0.12377252525531 0.39011045034459 0.02011927423487 0.546662742354073 0.0684367723138633 0.519664045766773 0.314019257535673 0.258420280059557 0.21124827813779 0.500902939549532 0.487252593177858 0.412628305476901 0.415097244826893 0.357828251545031 0.293802163269212 0.239045715550971 0.1272528765868 0.509819359763896 0.488146696365697 0.352053115473456 0.386345660017415 0.575105118991357 0.592380308433998 0.73506302217801 0.667259757675843 0.705442683654192 0.415976037410947 0.64339521277255 0.610434623607335 0.671515078506694 0.479629943823212
"16" 0.299221071446901 0.439397662054252 0.292229416918182 0.648041056493336 0.557549614640916 0.658169393250501 0.433294445018199 0.584432110804061 0.437067086063385 0.625805480241442 0.358468258861945 0.562674432576795 0.258251920999728 0.488892566030177 0.631524403462094 1 0.440952077654102 0.474032078004459 0.453737156990301 0.592542854727803 0.486872624121022 0.406184253453966 0.332107202532066 0.599577305943619 0.125433698543184 0.176326795737467 0.31981381802536 0.341337459131681 0.539534922909662 0.675936094140742 0.242666687356253 0.389978068223554 0.399385927582462 0.518238483328405 0.0865369244315151 0.128901122919044 0.277297483087081 0.322371889409377 0.213593843626668 0.394694759316156 0.132167261426383 0.359446770265585 0.206420400753263 0.323485567626953 0.270243267948927 0.328097177818666 0.279909644906711 0.384598573003556 0.232224773073488 0.285331628886181 0.276227568105154 0.175388391954122 0.445887247472679 0.441661474595181 0.415952955165919 0.488137284936237 0.354809228245196 0.435616178678584 0.106099967249703 0.297872872729579 0.289460209117517 0.507866795203926 0.576773666091658 0.467493879922925 0.191373563771546 0.371080554988518 0.0604150802838627 0.180593903907015 0.39804448618995 0.400963748586906 0.383475055286865 0.389218997410646 0.310587531261061 0.419185369180136 0.0518633645017933 0.189278014593924 0.414348789851447 0.498266030499211 0.431340929571791 0.330939438761472 0.537760729503514 0.563339149861795 0.446444938427083 0.569608352885703 0.443022039238922 0.463557800462421 0.369717083662228 0.405452205517682 0.429592389819288 0.519334959309032
"17" 0.62122455920656 0.680973741810182 0.347891140088416 0.345089083650882 0.446004495822034 0.33685038969106 0.47435426705468 0.400254249733447 0.45212355312172 0.350514507602142 0.509885433026457 0.360205836827393 0.35212288269374 0.314579346729836 0.50415960464216 0.440952077654102 1 0.783376525271385 0.702640351464088 0.712898842717953 0.428596449262279 0.339848116790977 0.251718731547223 0.222150067801493 0.222008098714612 0.230009773725961 0.178870162844622 0.278847804563908 0.781342650924621 0.733682982119913 0.268651195160314 0.232143221774673 0.53207459913288 0.603338144373278 0.37537477910128 0.308213982591515 0.534384785542744 0.514049627975032 0.425621518706999 0.481662573239775 0.344740463254401 0.395119750737127 0.457742240441264 0.497496811898397 0.429320826104479 0.442349266217686 0.482865209761092 0.612260885615853 0.389786093499366 0.347122334025105 0.355764691315711 0.327170942884288 0.560934404974363 0.606182337658844 0.661217640205519 0.517170371807725 0.754244238351327 0.735223149545903 0.448688712685036 0.341462659747563 0.268512876683089 0.26471729041712 0.487093309665152 0.469470075323745 0.183861276189497 0.252483847950029 0.373168885361059 0.372143468415148 0.695953579347713 0.560111414976563 0.480526701587937 0.397784212177463 0.487488082447425 0.559577639482702 0.459924786830153 0.442397078973283 0.587225041972552 0.498476305050769 0.485154724815066 0.643725860517842 0.699873532060268 0.564538100136656 0.62973139591066 0.597499813846245 0.458824248583465 0.165422980526559 0.462835257493424 0.348914611841761 0.466887559296264 0.519693507229111
"18" 0.464494685778708 0.533652882936892 0.213553262232699 0.251202562666466 0.303338179778278 0.323919990090348 0.3374597662835 0.326720898572974 0.309608689699103 0.369678198879531 0.290157747193694 0.367787413510529 0.109130355066264 0.235537615960599 0.387761526599934 0.474032078004459 0.783376525271385 1 0.595113347417643 0.720093037912463 0.46106584408707 0.513318776070282 0.180884868317029 0.17387481929691 0.134277634300505 0.130126483129727 0.182489095716861 0.253347910237953 0.738577447574525 0.79821407908307 0.235645527687379 0.242207704212281 0.54193147091002 0.678391450901577 0.327704445215725 0.35129412752016 0.37887529980797 0.466879588027531 0.287915215842238 0.334714871856943 0.33598829205626 0.36341807601219 0.478612908269513 0.395394129523715 0.45409544711718 0.552601497688063 0.528433832285945 0.613266261711712 0.443152581184281 0.372810767584002 0.383474988650163 0.363349201139107 0.586617743475088 0.608518699600269 0.661282008727412 0.562645131992515 0.602206290281198 0.70364454597505 0.329858025045133 0.347006240599205 0.11825123439613 0.221382079002374 0.39902864276744 0.560369455495731 0.113007727476829 0.134834156138303 0.37078105375114 0.429850496437794 0.548540138622824 0.414776308521759 0.443425464214736 0.349304771686161 0.396439132370473 0.548257462119503 0.279630625043072 0.41488772947201 0.456237351404084 0.456114350481625 0.459641093989481 0.559786159689274 0.527610434054397 0.510470560818815 0.564714128702078 0.60645349544792 0.363768408255468 0.173991611701427 0.366976399684777 0.235353147621869 0.433420366619271 0.479996745271552
"19" 0.555880152108398 0.584409446961001 0.436728534575516 0.326304191441681 0.365426304939518 0.153779753157291 0.506772085161702 0.204752580484553 0.143332355758269 0.0837135088499192 0.267975352536297 0.164389956213133 0.145847665144968 0.0239826828533634 0.602186284079905 0.453737156990301 0.702640351464088 0.595113347417643 1 0.75662007750453 0.428216214416923 0.31356719542238 0.57231224617592 0.476944064237278 0.485680720261536 0.449249451220141 0.388523849882655 0.379819459950951 0.617440587007738 0.495860191511371 0.485727602843022 0.385070285520027 0.665385831496301 0.525611880412342 0.438361378513859 0.450120115443332 0.55494248421361 0.497398899558134 0.494411411826211 0.501536461785188 0.430784367804657 0.434629283776252 0.440882305286057 0.559869289226718 0.580626555687118 0.517888806628529 0.539028204991863 0.600131181812659 0.509394709832747 0.506398062490194 0.5363672788616 0.439294652332189 0.612552246246708 0.660922154635171 0.727473487520045 0.580148211521384 0.567946901520848 0.60611791332149 0.289746941753867 0.2422949466127 0.0848473081435744 -0.00507556884144933 0.578573958834813 0.364571298896291 0.371125033036912 0.154096432670624 0.502953085179005 0.508038678607122 0.716841678958785 0.579894849673499 0.447083836728331 0.421121907385785 0.471904985194918 0.543090373391939 0.399911854251863 0.361108680381928 0.639704245426007 0.575625073799591 0.459199330207157 0.318406877130876 0.559050229762658 0.57761564846022 0.660700241961066 0.702837097912183 0.587820510480933 0.355543873548373 0.575278917781192 0.552001617752201 0.42475844574604 0.427412826286428
"20" 0.49350134394606 0.683876795826704 0.235639364934599 0.415088695277314 0.390630127725093 0.302738923754252 0.490545471009401 0.531838554997749 0.289211505285311 0.434560752061952 0.379279574511629 0.538728550177599 0.139967329362099 0.307116776300609 0.387911314981172 0.592542854727803 0.712898842717953 0.720093037912463 0.75662007750453 1 0.382812071216668 0.364209631345275 0.229451350856366 0.344956347327391 0.107321621145849 0.107166953423281 0.16898740107043 0.217776502404719 0.715245623394774 0.73864170045676 0.285513650095612 0.335667503619656 0.626428575432351 0.767540171616505 0.262313909089456 0.298797453779752 0.390099996615384 0.372230152050824 0.245290052088263 0.402782062312357 0.295930197085265 0.323810233942119 0.362575433977135 0.437930705197928 0.538938018039574 0.685799641600063 0.512123165270423 0.574682628952011 0.553291458900077 0.474183534854464 0.534154698403394 0.435811065906053 0.601810034158946 0.640687035785241 0.667423381209734 0.576650726109595 0.618335231822032 0.669822348961897 0.287701743213181 0.401293195846832 0.158838335798733 0.350976546395628 0.635565101084759 0.765808655231272 0.0842276548537501 0.127118670711242 0.39515518805678 0.499082356725381 0.670074714912955 0.616334428415763 0.255035431705433 0.231106412097276 0.38552138574332 0.541625386846501 0.210606820556356 0.391506392029526 0.447762490394433 0.469150647901936 0.414337275636322 0.288066559799196 0.585002568685196 0.612755857396226 0.534643995938532 0.647826021671315 0.456391833033684 0.32304753888871 0.340728710125341 0.335242616541284 0.361006286469433 0.484477371274159
"21" 0.342467909276525 0.317601517589535 0.28922486398835 0.381224929945414 0.464487541545371 0.463769463361437 0.267978069835401 0.23807058216128 0.349254969374623 0.229133444772775 -0.0222321753555529 0.0649852693138607 0.0241882158203322 0.0227592010496829 0.49578000923055 0.486872624121022 0.428596449262279 0.46106584408707 0.428216214416923 0.382812071216668 1 0.556068028570281 0.38953721780118 0.397089902002622 0.317544368855117 0.379537465400038 0.350590978421264 0.517097650909082 0.390932417649832 0.450724371841607 0.324323716741132 0.351258540686631 0.395898099761431 0.42923938657735 0.275722130068137 0.326346688541837 0.394009370083019 0.432534447409375 0.474859350655363 0.50031472222781 0.254007823232201 0.433766436151181 0.44918094035435 0.365847868496029 0.387423669414657 0.285428861432918 0.427733187089031 0.52911618603777 0.22765602678097 0.263673167828336 0.265124560207692 0.183065779043178 0.549813932012731 0.530684755097406 0.514563145511424 0.464582760199838 0.296933080807262 0.445786576337461 0.186118248725145 0.163765169919018 0.0713256738034235 0.104396669858116 0.144989336048374 0.0712319545670641 0.258038985224956 0.337726347421134 0.252596137596603 0.332098275641349 0.405164342586131 0.456406475274811 0.484284750219227 0.515598371158511 0.413314116779082 0.453707108503179 0.180144983991651 0.402646744196459 0.431288576161058 0.518470358348776 0.456823791233792 0.447891401691387 0.351124522723384 0.445031373604619 0.588893778737095 0.586885246546032 0.236446133355748 0.227944995523014 0.495163401917614 0.442438453789477 0.374430601288047 0.335603989251439
"22" 0.0962413504940793 0.17669282383715 0.149350764809825 0.205514198694212 0.256450429822848 0.259486262749566 0.184320267293869 0.182350032493027 0.230697002646893 0.236898988763789 0.012695633555269 0.222867985140154 -0.0585606407949587 0.162480962564703 0.258697811958537 0.406184253453966 0.339848116790977 0.513318776070282 0.31356719542238 0.364209631345275 0.556068028570281 1 0.231391506977525 0.254364585868873 0.164322762066141 0.199857197506694 0.0377132397391593 0.155231911860551 0.383604154280097 0.538989218421627 0.279871092199004 0.40081511580644 0.312901869769118 0.470425004714256 0.212443961312345 0.204063009986116 0.241878007683864 0.286778068334288 0.306136001046845 0.26996673332956 0.137483743618867 0.207920800237464 0.316142872686404 0.130658877340369 0.2168972460978 0.256499439680139 0.224068612142997 0.304863954416672 0.188724146363365 0.18943186029212 0.19954323451654 0.160572244364857 0.414088064375835 0.386026024542121 0.354080717575999 0.258959000271993 0.165097536671102 0.351236258223525 0.0444872767259028 0.170634277890815 -0.0470920218546902 0.127885198291123 0.126998158021973 0.234147718914886 0.120708141750103 0.127346059975925 0.138779410170223 0.228146959894531 0.209205296824278 0.147539609930305 0.445170192664565 0.534908435488697 0.378077536407307 0.481260529834455 0.205663513052948 0.318881434496296 0.216820627542443 0.285597136404597 0.410947508272751 0.346203631257484 0.303279709624907 0.234917209191952 0.422276924909641 0.505682694387732 0.170023540557242 0.0564109619705304 0.277409756210839 0.217267407222584 0.230449763214211 0.216484819102616
"23" 0.205321802892748 0.0761042098151893 0.722973310967496 0.369876278973298 0.283569025398424 0.0786524313991652 0.521697864400495 -0.106308791818063 -0.0400814494577687 -0.227775308586158 -0.125165496014706 -0.376813909447534 -0.0598007614318227 -0.396383953458733 0.658738416544939 0.332107202532066 0.251718731547223 0.180884868317029 0.57231224617592 0.229451350856366 0.38953721780118 0.231391506977525 1 0.809379146035947 0.871460104992383 0.824455950607655 0.592316834084246 0.566997734909495 0.220002706069748 0.116681459840382 0.824829219257626 0.688665536154346 0.642673811500184 0.263087721057255 0.643676612419808 0.589181274485028 0.572350007635317 0.465280272444678 0.60954777954207 0.411935057542605 0.363151240178655 0.423344394864617 0.378588514839315 0.505601851185017 0.542914871251965 0.233689283881623 0.412873535081127 0.420415988900067 0.301795868708826 0.380471079107572 0.364845515218659 0.214670878771551 0.413191958783222 0.428399694662379 0.488132316842954 0.375561427847203 0.103851577141988 0.157845453022759 0.0169300168460952 -0.159688880286364 0.0444908955956165 -0.383140086026559 0.344418312154482 -0.179326133442951 0.815500686121701 0.325003539976086 0.558330306424362 0.435125126954851 0.421788137401888 0.351494056531126 0.468418358089099 0.571019049635812 0.349561534617367 0.226482412388659 0.256066024255219 0.200006585066373 0.494439598156382 0.436891319661838 0.32265619808991 0.246929898444478 0.349250394321566 0.489402526569836 0.529678949920522 0.584007444950578 0.572492568320035 0.447962674730371 0.660379735103493 0.739519542435133 0.337698039989363 0.0835532663113419
"24" 0.220293690946345 0.198760565629748 0.617035665341714 0.691918084151217 0.361161709552594 0.372042087081454 0.564176185896377 0.322698371698161 0.108822390881403 0.164045148437119 -0.114061940408394 -0.0703082210015831 -0.0898899166809271 -0.122710774389263 0.559570875398967 0.599577305943619 0.222150067801493 0.17387481929691 0.476944064237278 0.344956347327391 0.397089902002622 0.254364585868873 0.809379146035947 1 0.65001165833587 0.729918180823343 0.551574320835475 0.482521173523642 0.222856976418781 0.270441949981412 0.706155583687701 0.770255309667246 0.620765436580937 0.40814345481989 0.470581320282487 0.516149793290979 0.465952905356002 0.399550601745242 0.441618885380501 0.440403348448099 0.218998731483595 0.41505401774331 0.307852236339093 0.434340157812549 0.472578783404654 0.268251500180049 0.372149457334625 0.382259798508345 0.270671431234373 0.358005928983872 0.371382897015761 0.185971574567931 0.426338382281258 0.416314347815426 0.411755544308063 0.409089541083245 0.148742581508197 0.251090580532306 -0.0346403347507358 0.00303298129646856 0.145202672443774 0.00710841810141479 0.395950215857121 0.0449864703130378 0.685015784738351 0.566116715803541 0.472430844016451 0.466377672493348 0.380369220406149 0.433609326825647 0.435767829410611 0.527704088890637 0.325448568169648 0.33285928520896 0.156003219152572 0.205404534441833 0.489117985670373 0.506354149208552 0.358220194345304 0.197374569078456 0.396110054218093 0.556942636901476 0.391072381054222 0.592178961348186 0.470149953861499 0.67463979507108 0.488739993795443 0.746894054549078 0.298186895494124 0.211339408886606
