"V1" "V2" "V3" "V4" "V5" "V6" "V7" "V8" "V9" "V10" "V11" "V12" "V13" "V14" "V15" "V16" "V17" "V18" "V19" "V20" "V21" "V22" "V23" "V24" "V25" "V26" "V27" "V28" "V29" "V30" "V31" "V32" "V33" "V34" "V35" "V36" "V37" "V38" "V39" "V40" "V41" "V42" "V43" "V44" "V45" "V46" "V47" "V48" "V49" "V50" "V51" "V52" "V53" "V54" "V55" "V56" "V57" "V58" "V59" "V60" "V61" "V62" "V63" "V64" "V65" "V66" "V67" "V68" "V69" "V70" "V71" "V72" "V73" "V74" "V75" "V76" "V77" "V78" "V79" "V80" "V81" "V82" "V83" "V84" "V85" "V86" "V87" "V88" "V89" "V90"
"1" 1 0.521713047067868 0.318476970660382 0.285829960378544 0.0177783153524877 -0.180868381967803 0.323095840968192 0.383859405878448 -0.0629784424413488 0.0948672847952831 0.382914152178728 0.30010643876864 0.164249631323042 0.254131795386178 0.262727986936976 -0.0259262523872228 0.285980770394882 0.307332648218111 0.542461036224815 0.445778275398979 -0.0897523400167969 0.0364651655291062 0.137074714403233 0.132197548724501 -0.0210028410622151 0.0182241654400933 -0.146917919321463 -0.169122493011759 0.120088436659821 0.100781852271825 0.167937788564974 0.185373805937336 0.443479453012761 0.476065220720692 0.229729063999427 0.280903518593819 0.203563910050825 -0.0497716645281081 0.0593405769385848 0.257511869419881 0.061779736424047 0.354497783529089 0.245564742312083 0.194555309090523 0.218784382437185 0.109543900227714 0.182435390295756 0.128599094695233 0.0953553514175645 -0.0250876158734684 0.199405345509164 -0.0193466197388584 -0.0979092053395353 0.0789234406900666 0.171458319559933 0.069200017502532 0.64225224665104 0.344552494329082 0.11648817125494 0.114964352111688 0.438998306946113 0.294012415976967 0.476025667459295 0.261345173784283 0.32116923593975 0.0754685831797893 0.351258125261552 0.238170443298881 0.275219458159014 0.384521311983115 -0.0575053351553053 0.131108853550718 0.0319298501537644 -0.0608945387888463 -0.172079519752123 -0.195280569477941 0.00466342569318413 0.193736361234801 0.340158955358889 0.352169418945754 0.490482653007539 0.302100944550011 0.131041280570244 0.126845067225049 0.31654974122643 0.244238220244456 -0.0864205378094287 0.233664319527405 0.211666891379898 -0.20770964614947
"2" 0.521713047067868 1 0.35011699196432 0.314758294397525 -0.139738637943793 -0.106909663036006 0.338951062801817 0.456879025021802 -0.264730458705953 0.0357818828233856 0.292058567357026 0.416345799214294 0.0909024436841512 0.316215912270645 0.025527047680122 0.000624431764817766 0.32620704731348 0.435221629328624 0.322475697978352 0.238941059860265 -0.122619560763707 -0.221359576795296 0.315364774077073 0.383874315029728 -0.212776842845323 -0.245716159136419 -0.176883569670702 -0.370348052195355 0.176356570708699 0.231541603411372 0.23940229897315 0.308927295519853 0.489392146923032 0.481203255770329 0.248155095447849 0.363859440765 0.218502132626363 0.0776957011244368 0.118044072014128 0.127229372383112 0.0267420703111411 0.117046038027713 0.226574138070528 0.233392141336788 0.192297831798804 0.134260087075457 0.211458951901147 0.14191104093451 0.17058293553663 -0.0696204890282952 0.179120429982923 -0.0371975095401283 -0.0484189171839607 -0.0572113680918746 0.0809070469174085 0.150360296329238 0.608933643962621 0.66995493898955 0.052815452749611 0.102002620293226 0.32243967697959 0.230748742588717 0.445296939401165 0.4554301746089 0.397506334288119 0.0931079667218991 0.285423121350839 0.211708167510961 0.189018083089985 0.476181059046082 0.00594429095285012 -0.0290972064315463 0.180061238162848 -0.0968997143460704 -0.0461503071645679 0.00574645384162067 0.154912849733652 0.272578181959082 0.372022475229731 0.422580367379217 0.528839878976432 0.205091828089919 0.016879916397209 0.102661290059681 0.404771980554652 0.288214998557258 0.0358147976191236 0.443752751280294 0.186500856566711 -0.140454214262041
"3" 0.318476970660382 0.35011699196432 1 0.745140930465733 0.398299176659286 0.185998480386346 0.680681740277671 0.767040405357187 0.0403232535358113 0.622808661039238 0.35995178346743 0.529140225682104 0.618498314294382 0.601498426973311 0.402743879052231 0.437468818762929 0.165369790911578 0.210076258021995 0.276758242828339 0.131081046599238 0.0274472155391954 0.068638698118733 0.755159633763941 0.583350890198436 -0.110054534384441 -0.0467799433641502 0.00190132278983388 -0.33140889033031 0.171743186333247 0.252534973438251 0.424608595380998 0.532189305287395 0.257228619806835 0.240189919711492 0.245488739037871 0.173329060916796 0.199978757676735 -0.273442065679608 -0.113667786185049 -0.226150449816902 0.0500145095484555 0.136050468158244 0.399250344162086 0.262796255848321 0.367396624850216 0.335465472049511 0.353720869811359 0.0782307939303479 0.320049306846491 0.168963439534565 0.386318103431039 0.193406699587192 -0.141861563998031 -0.240296089191076 0.341073352597418 0.0893775939584829 0.437244230894293 0.20942601485226 0.308853661365835 0.407779303269884 0.510506244446006 0.0497902681584945 0.464425837353362 0.118788183529774 0.484801600280349 0.449311284003709 0.510753717738645 0.482429541639591 0.333599262002095 0.351631269921427 0.158684800200497 0.295759356655717 0.119735139237976 0.0813461179359147 -0.240438676854703 0.208730739144795 0.0739768133984277 0.148753121646559 0.285755553696472 0.23947688797156 0.400006297669528 0.278516074263581 0.375980721481238 0.232564210586819 0.357767808366756 0.0543463343391326 -0.432457369849029 0.0202868441193848 0.178897569352156 0.125028808682812
"4" 0.285829960378544 0.314758294397525 0.745140930465733 1 0.378791808912954 0.165373333050101 0.684408184673766 0.760224401810534 0.15323087876618 0.661237181217702 0.435826217988723 0.719382450202878 0.703589440651158 0.82083926877074 0.458750098233983 0.676872250995579 0.261402520749947 0.415683807685406 0.220421527705765 0.0631859351858625 0.216007755684325 0.0963049739693864 0.814241536564214 0.570549356781597 0.0421407456141149 0.108784795601885 0.139741153219051 -0.227787886846304 0.411951845549553 0.452266692807818 0.670773707883094 0.698832682373117 0.179725288092283 0.195177304616438 0.358871967926266 0.302649707926853 0.360150658235158 -0.0134149371584279 0.0536152708666303 -0.0476336537064752 0.0959247885591749 0.241024740330157 0.422095620587264 0.325789485331812 0.449825899154964 0.451738836867432 0.397498521231497 0.129264678957737 0.374016599377796 0.309239588789537 0.394116294596862 0.312557719757747 -0.213552109559039 -0.122440878015007 0.336650187101077 0.144129746114344 0.428717140889752 0.219533063075941 0.432656868678496 0.391574728950553 0.470159772269712 0.113842697369176 0.564925200904649 0.202596969058584 0.529645090248267 0.50570906861256 0.546511847442354 0.542781198562491 0.498813252157151 0.45023601169996 0.444694949105791 0.526239094105878 0.232365040888666 0.260022946628439 -0.0783069942854318 0.26721137872692 0.154784412997826 0.384814155214422 0.402916993820363 0.280797109626765 0.481294047386688 0.483458830891715 0.302744567878431 0.486920384875458 0.416928568590167 0.332330438449258 -0.208368209457599 0.145423397828064 0.170544064878577 0.175603253270515
"5" 0.0177783153524877 -0.139738637943793 0.398299176659286 0.378791808912954 1 0.543334124952306 -0.00460405049702027 0.14626329390924 0.330647816809693 0.225104190227918 -0.0522517677926627 0.00820458392756811 0.32020213867671 0.109674043724002 0.746060245451222 0.252419857765232 -0.25942726653071 -0.286058603335595 -0.110409706008842 -0.188294643514684 0.503448442721036 0.42359779397879 0.328557927338063 -0.0646792456119681 0.453394890988498 0.312203288611316 0.43258238586754 0.0966649049905792 -0.086687551947162 -0.199260323132564 0.414402822020916 0.270882549755726 -0.221886153993266 -0.0543619106050998 0.0793254407377737 0.194903073051655 0.157858332318728 -0.220747760307721 -0.21957606758197 -0.239199589044564 0.309191748393626 0.210759553085822 0.291250783187142 0.0982222906356755 0.336110003355491 0.257984437759906 0.275264129898317 -0.0117344823355595 0.180709718490554 0.305742764585226 0.275884857317322 0.225912797630822 -0.179857526447683 0.0919600271923715 0.130538227426881 -0.0984087680806078 0.0146018029590923 -0.200912018265522 0.025850018966468 0.24960579321332 0.229114925066393 0.168223505556292 0.219712575929918 0.18832813021444 0.220571893869952 0.308125658827067 0.3255218100013 0.275320776217597 0.0571725865289344 0.140094388896026 0.525850033666002 0.55419355540382 -0.11270829329172 -0.0538352149562595 -0.176697079535204 -0.00688001238513882 0.103135522546269 0.1304384335029 0.293467890872713 -0.17625510196508 0.208678648056721 0.085770078680984 0.643053576125258 0.432474370209439 -0.0591713988558402 0.304917725602574 -0.405263558385789 -0.427230307368862 -0.378462532955222 -0.0153417790987263
"6" -0.180868381967803 -0.106909663036006 0.185998480386346 0.165373333050101 0.543334124952306 1 -0.125414769940219 -0.0850987560652972 0.213650890694821 0.0239939440501098 -0.26223423585627 -0.128181376673268 0.13916281351149 -0.0316061765659579 0.48993812120697 0.340185633712723 -0.0868183521333898 -0.403661853410911 -0.138872171517044 -0.0422709617499286 0.47154867476587 0.431653491714165 0.141714406273771 -0.102768055754243 0.378738868738866 0.392645654465666 0.542276812829196 0.3273670505049 -0.201245293190695 -0.314861982628985 0.25165681575162 0.224645527359458 -0.252213841197924 -0.089484862910537 0.219874773432255 0.210041840930597 -0.00503494859963809 -0.163433985887753 -0.0789743373375536 -0.141302168684333 0.371952569243347 -0.00340137716260006 0.444365241387187 0.315190748221881 0.445246931946138 0.413610128910412 0.427766484535298 0.321837236983671 0.441544209810333 0.435370330695827 0.424611630751985 0.440347049279195 0.14870604325261 0.194245740441512 0.246295502657397 0.308240587507055 -0.110356930919144 -0.105345311489351 0.0732645445086042 0.35389530146168 0.176325382981176 0.179823869005527 0.172636078385098 0.287878490425795 0.301998135967213 0.528521562407028 0.359423645485114 0.32405548126573 0.0965341938663953 0.0542465094334638 0.383093964215099 0.291581225134538 -0.160297239379299 -0.124517175322928 -0.206398530833885 -0.109225351146781 0.106707822088762 0.00146116272372663 0.224677862198803 -0.23920319374719 0.295218953926684 0.0271086462458824 0.495247898531127 0.3733068193354 0.188786666740813 0.217399703684962 -0.307651935361571 -0.387500116110654 -0.333170221159497 0.246671627380554
"7" 0.323095840968192 0.338951062801817 0.680681740277671 0.684408184673766 -0.00460405049702027 -0.125414769940219 1 0.774423975964815 0.0865208453921525 0.667977413863831 0.59056380859768 0.71495276917243 0.713154325883449 0.689088190207886 0.0900482947150212 0.47960668956195 0.392717146038656 0.527804380610923 0.333097787407656 0.106949797716611 -0.22316914152563 -0.167391684432792 0.721671957140643 0.739437907259979 -0.144810314921538 -0.0974309576670238 -0.116985502630277 -0.401556652700903 0.496648235128645 0.595266693422529 0.340326365318744 0.521979229006302 0.222317161593865 0.209314561669701 0.223890467821822 0.0366732686208284 0.18987866474171 -0.058318667559457 0.0317654319670471 0.0700179709457362 -0.0575431593643078 0.234559885488194 0.161240272724136 0.139948351809918 0.167711365188264 0.192114758933573 0.166886478093396 -0.0597662375700501 0.116353145764707 0.0498075700788961 0.152356144828293 0.0730880460733953 -0.219310985187686 -0.322142405240562 0.214615269323491 0.0436664455635354 0.385643500318611 0.15869854844195 0.27683922989068 0.191820970042003 0.283775683710386 -0.0550411827271709 0.40462705379626 0.0824392657938809 0.313357130891266 0.286380714520304 0.263590210205059 0.282939750961246 0.424336322368749 0.280107957415549 0.119642545892489 0.158063362921808 0.345751144071616 0.383126923093676 0.0109571097086022 0.255130722739448 0.059927163053913 0.314803450083301 0.271453486197125 0.434527692645172 0.274897208268646 0.318854402267313 -0.0194770691849522 0.169543707901324 0.33029718600481 0.0620291169151968 -0.0359840466535513 0.357806808599877 0.376454842797457 0.0616291870413965
"8" 0.383859405878448 0.456879025021802 0.767040405357187 0.760224401810534 0.14626329390924 -0.0850987560652972 0.774423975964815 1 -0.18535070538101 0.607673223789713 0.547959623183138 0.801372839040698 0.732207863469793 0.784230652694661 0.239546326136531 0.422437845383214 0.30742130178856 0.53320573850335 0.264660117017255 0.0496146918122813 -0.116417235545098 -0.17912182470359 0.792982047657713 0.668025494394649 -0.187129319458598 -0.222564883150854 -0.00458698246645282 -0.563512604976423 0.37643604292459 0.502789161254698 0.504897653761081 0.635736154113106 0.380136533155048 0.355051672246062 0.246523978864453 0.196804647135866 0.223094525312268 -0.100040788992738 -0.0788192875050613 -0.0784660725394772 -0.0388414209444154 0.26486251063107 0.247789091769428 0.205071785245207 0.289017916041127 0.299920967450137 0.214302982809304 0.0201093856868678 0.180621571983608 0.163741684141233 0.255984995748333 0.164726726775906 -0.141815186936117 -0.360921375255977 0.274519808344312 0.0560257595700972 0.545576452366093 0.328913150902399 0.339672221886352 0.267080930084822 0.455542867746909 0.0200073018441759 0.489929315801003 0.141829262832417 0.409846823214645 0.354298090941384 0.387724286391815 0.426672666566468 0.41441461136435 0.350751974855013 0.239166072719185 0.31841477003246 0.230587949986349 0.197913516609099 -0.138951278003355 0.283861207743379 0.178622655332098 0.366561691196662 0.321617930374719 0.41904447626195 0.375313462052211 0.387539728737882 0.180484523107062 0.263969252252779 0.366772593781797 0.157564360368185 -0.106237537103594 0.291684403184278 0.223126985013772 0.145284339531151
"9" -0.0629784424413488 -0.264730458705953 0.0403232535358113 0.15323087876618 0.330647816809693 0.213650890694821 0.0865208453921525 -0.18535070538101 1 0.0739811620818992 0.0083340925371428 -0.0112971062137959 0.163185962326274 0.0901784146149081 0.395483921405886 0.0845632083501466 -0.019576588154868 -0.10402975457674 0.0511716510537205 0.0606131580226977 0.319020419710681 0.501240970399477 0.124560122503654 -0.128963311836797 0.629403606578389 0.675236307241717 0.0613207701446688 0.612781111265547 0.122105221016648 -0.0663921160420784 0.333845814323802 0.180153094904945 -0.199689057248444 -0.0050334297455329 0.115444649456791 0.144105419071552 0.222442926005759 -0.0196026729086163 0.317815592743558 0.144744941979684 0.113453613340268 0.209916029131356 0.227601303953257 0.0923890376391446 0.201675487552908 0.172342178009403 0.242083948687064 0.0689698438041476 0.215718116489198 0.187859730523064 0.187766945094962 0.205731600909026 -0.0798277832764624 0.386130882212247 0.228396348995638 -0.0438178999076175 -0.171547527021058 -0.330690932490666 0.114130285158545 0.200966019936516 0.142203814620037 0.264579283650675 0.206202453776717 0.0892929188979864 0.138779457690113 0.181101997198556 0.286214105433099 0.212984138215498 0.193007486077919 0.14206007180351 0.326181631944401 0.372014958363589 0.234797040919946 0.23779699326802 0.027433002770218 -0.0956426409388106 -0.131236340846153 0.072197029454545 0.233452642826783 -0.13650982473982 0.158743567062315 0.203151586864123 0.213711933200978 0.391827181339772 -0.0091074714264031 0.371645963376086 -0.0898120997520398 -0.157387984037559 0.033929247345185 -0.0663207077049132
"10" 0.0948672847952831 0.0357818828233856 0.622808661039238 0.661237181217702 0.225104190227918 0.0239939440501098 0.667977413863831 0.607673223789713 0.0739811620818992 1 0.444517337136124 0.61445684441997 0.720565385474928 0.705612679369089 0.134101014183689 0.720969193814562 0.212903804429755 0.403751290405905 0.231653472013524 -0.0990144680907504 -0.0703302969021041 -0.155772152287303 0.61795800102892 0.651161975768153 -0.096516542777985 -0.0355123807139151 0.0788531207991248 -0.377763268004857 0.490795129637557 0.610041347677367 0.303724444495318 0.431137887105607 0.0659124068406771 0.0224390856852963 0.204065589883025 0.0254896416513162 0.16145932896448 -0.0365163344811487 -0.00899645941796805 -0.219097599814408 -0.0510798403149243 0.116414700031116 0.225860336875697 0.208818947204406 0.248099217386988 0.297928258625295 0.195160416475639 0.0414731365898807 0.227858226702959 0.212866934035403 0.260925056072583 0.220686179748495 -0.150129729850267 -0.253167894935273 0.261740038401426 0.0898483998236408 0.185688780998636 0.0251663589279692 0.344672952572429 0.21460756032587 0.207230725471853 -0.149691648623757 0.215454694124524 -0.0995036733602856 0.304883003483689 0.302711946566497 0.201109757717241 0.253013995771781 0.380520915496289 0.125630868364955 0.218039431761466 0.236528748818779 0.185595185071672 0.389844425291759 0.0697053795775125 0.385865563686536 0.162258346083139 0.274098885367655 0.150467293289039 0.252590793125928 0.119554443894288 0.27771083359767 0.103554199215597 0.156408299688777 0.309445224264898 0.0265393602764029 -0.082186003625002 0.239858213470709 0.189077547070259 0.240399549688534
"11" 0.382914152178728 0.292058567357026 0.35995178346743 0.435826217988723 -0.0522517677926627 -0.26223423585627 0.59056380859768 0.547959623183138 0.0083340925371428 0.444517337136124 1 0.611982643436854 0.581061860193894 0.524947756499005 -0.0155257979784175 0.240865110757043 0.489060547998848 0.637317032837438 0.317054781387389 0.109556742148627 -0.261366609921888 -0.327811514902761 0.473143726190354 0.413906928553563 -0.114782227870033 -0.17676774491433 -0.0804892013729639 -0.293132008300973 0.539382825418609 0.627705277821343 0.303618041210396 0.346688664605955 0.204865985655326 0.304103297293691 0.287054240422299 0.154484031014096 0.313803771996791 0.0511936115620179 0.125768622589571 0.0148957972022294 -0.00434038748257053 0.12657707250752 0.103359659458407 0.0902039594930813 0.065878554920515 0.0284513311103135 0.0815871619158803 -0.0240500273397917 -0.016107703222882 -0.0614327365322554 0.0316898095263817 -0.0408752358248321 -0.113304254680145 -0.261188197560767 0.219228913453664 0.068063721688389 0.390123336651231 0.183698590083987 -0.00758602195190744 -0.0542318713246916 0.140411374531883 -0.0148413719573259 0.388024173483167 0.165778509155345 0.201684449012383 0.0745553303951611 0.0753366958731962 0.108992756968827 0.151557606097592 0.0969006581174341 0.146110327340457 0.136120934886709 0.428179736513046 0.374540272656476 0.195344471415592 0.250731219851847 0.203242153454533 0.396917315133685 0.314133322473914 0.538458478848729 0.284211197286889 0.378444564234216 -0.00553636746040642 0.143255351462095 0.187382821486579 0.113748568353807 0.13471850471497 0.464869611748493 0.364835036023175 0.0952318896112887
"12" 0.30010643876864 0.416345799214294 0.529140225682104 0.719382450202878 0.00820458392756811 -0.128181376673268 0.71495276917243 0.801372839040698 -0.0112971062137959 0.61445684441997 0.611982643436854 1 0.750643904088315 0.868370541187667 0.121402793841875 0.497991937438658 0.459164317168583 0.7271930605884 0.318012146526282 -0.00512177591522122 -0.0965922914792787 -0.186325561883609 0.741247015333388 0.551989838363133 -0.087072835684592 -0.0993039322799161 0.0863380959678686 -0.412360331193165 0.546553230608899 0.696139077568179 0.61321451201936 0.663461167993516 0.350058469040105 0.35153085748239 0.359708339864644 0.314752794247448 0.422167934069921 0.14209316005417 0.263677906655332 0.081333992151909 -0.0921169054927937 0.213308525387915 0.317002843553873 0.309114227326629 0.379698272522143 0.391674788731428 0.314562319404737 0.149838894371466 0.285529576076284 0.295454168003791 0.318421655703263 0.300723109052112 -0.0942786781343976 -0.250132206567195 0.370610572012203 0.231834338839655 0.459301167485029 0.299728297512691 0.345958819663296 0.180343696144016 0.346263055380555 -0.047184458680692 0.53955574333371 0.159977386179502 0.454495769619757 0.348404335007821 0.334837369585518 0.434028070493532 0.469576895038264 0.329737965684334 0.415429545020434 0.371283438071899 0.294371578204507 0.397093961866199 0.101428447392721 0.341299121761544 0.371262553023964 0.543305389592024 0.380029995017264 0.41133009024605 0.4037976729796 0.596506816968791 0.052641470250259 0.357645840808058 0.45550173681428 0.344757870859681 0.0925130701664273 0.446987122139198 0.309231760214135 0.276411879123425
"13" 0.164249631323042 0.0909024436841512 0.618498314294382 0.703589440651158 0.32020213867671 0.13916281351149 0.713154325883449 0.732207863469793 0.163185962326274 0.720565385474928 0.581061860193894 0.750643904088315 1 0.757570891106729 0.307269375127807 0.567099456121311 0.23498345347745 0.445628340044379 0.15574013848656 -0.108200911709392 0.037956347174485 -0.0308161710877252 0.747833231450068 0.465183377569722 0.06337667942689 0.0491499416923106 0.187984912271192 -0.263815340308117 0.533063710811081 0.577406159437139 0.558537379752769 0.592672593055515 0.0461069263694626 0.138372124270881 0.242000416094724 0.111755412196275 0.269785063995699 -0.0660547061402212 0.0335214978460209 -0.13611835300054 0.100387106235465 0.251961337059712 0.247506486997927 0.193767382616844 0.340220030967205 0.341056929211356 0.251309480034228 0.00958203991397401 0.19961776066127 0.3197789965298 0.286706250288291 0.320193716008256 -0.153961018450485 -0.257615238297263 0.333111373740099 0.105751242411272 0.212714421678253 0.0165902801810365 0.254508147574063 0.201657162640422 0.241529740436765 -0.105111077702067 0.407337067231361 0.0645582501162662 0.320127846500077 0.386436398383169 0.283256397149127 0.37062953304381 0.338986510112477 0.146978547490841 0.45810618628006 0.443398175599801 0.320974705146081 0.463270329805512 0.0365730604660522 0.347746329020446 0.346339489324823 0.463163383200042 0.355414933787388 0.319049335673001 0.293756006884237 0.514955818256028 0.230814182771166 0.391380295394111 0.285480895117126 0.26032258186175 -0.0967691355339646 0.201394528115342 0.122051451784827 0.287753753354112
"14" 0.254131795386178 0.316215912270645 0.601498426973311 0.82083926877074 0.109674043724002 -0.0316061765659579 0.689088190207886 0.784230652694661 0.0901784146149081 0.705612679369089 0.524947756499005 0.868370541187667 0.757570891106729 1 0.234201710023224 0.652588502979447 0.354884635355633 0.609244282382513 0.276799163670158 0.0282943230185363 0.0177681727814266 -0.11615965644668 0.78560784202353 0.612019457879753 -0.00980328031525833 0.0433834009539269 0.143113187380678 -0.33958060469183 0.461086586681826 0.636190850247087 0.701558815676236 0.773162599860619 0.347663687816316 0.308453270259358 0.431238030063827 0.34511250082616 0.396788426632834 0.0737598307465465 0.190071064702077 -0.0213090441586723 -0.0971418614066036 0.214443153821898 0.407399419578984 0.420288480138535 0.491206672651943 0.530417228819737 0.3750005115654 0.207605521058227 0.431751871785177 0.412986266162836 0.4296996484548 0.422886474877405 -0.0906770755110555 -0.194474042357929 0.381703758733694 0.23093519952698 0.462694217068784 0.345427189707576 0.546533786346539 0.383599803276152 0.495473707905469 0.0666372204280725 0.505318932837969 0.186674420352225 0.529092659791892 0.484045137953321 0.502460121217304 0.58825759250456 0.627731298548938 0.424451272022283 0.40370084813696 0.451899717615513 0.279303632879135 0.324105046482291 -0.00937853948526569 0.315680341809042 0.262927846750326 0.498468797243454 0.373614299661657 0.309963456241045 0.403957670104815 0.554124533597416 0.0948986418528539 0.448174911942116 0.51404812151551 0.374168244601966 0.0387646957801195 0.289366106079808 0.207312791173076 0.258945265510275
"15" 0.262727986936976 0.025527047680122 0.402743879052231 0.458750098233983 0.746060245451222 0.48993812120697 0.0900482947150212 0.239546326136531 0.395483921405886 0.134101014183689 -0.0155257979784175 0.121402793841875 0.307269375127807 0.234201710023224 1 0.283527974537145 -0.00579596716764091 -0.110156009104641 0.0494648968034296 0.0360223382704204 0.628897003597637 0.611951543158533 0.393775718869729 -0.0742316359830052 0.551760067847987 0.560344274253396 0.327040907085118 0.261850031612665 -0.034519855477525 -0.217971093237253 0.601862444328213 0.499415358981411 0.00739100453093413 0.210099540628689 0.267868110238995 0.418924431482174 0.292573337690244 -0.0150826264834394 0.00753211301186303 -0.0518212371245379 0.393470448363308 0.412053032853486 0.486266271064646 0.325823365437181 0.497052680014893 0.421360009550473 0.444303622717707 0.231756354266425 0.343978681833638 0.376332582533362 0.423659039337612 0.357361578764666 -0.145624152327809 0.31539073242474 0.259107231951582 0.0292525517838026 0.227745952516201 -0.0515918413585086 0.332415049257908 0.484012943813153 0.54393391314215 0.478322735962329 0.496288940578184 0.315779486650497 0.401798649465813 0.460144856994078 0.656534577246234 0.577186727934024 0.296118274523184 0.429365725788418 0.567693037579329 0.702914994987538 -0.0945784727460711 -0.0632769910469488 -0.372196290907714 -0.0955678840333816 0.0156403327395261 0.17371468775791 0.448765974469643 -0.131599400103416 0.448685796757253 0.338480578054485 0.702335861149434 0.629002231169909 0.195956992717659 0.584910081498794 -0.365226575409283 -0.278358484858252 -0.243992846311149 -0.0141060866215544
"16" -0.0259262523872228 0.000624431764817766 0.437468818762929 0.676872250995579 0.252419857765232 0.340185633712723 0.47960668956195 0.422437845383214 0.0845632083501466 0.720969193814562 0.240865110757043 0.497991937438658 0.567099456121311 0.652588502979447 0.283527974537145 1 0.273179512259575 0.289169686747427 0.0462329649096086 -0.0746522054398015 0.201943161788853 0.0932644097232345 0.518595927853158 0.448383619033299 -0.0331321571248381 0.168924455432324 0.291875783669493 -0.174302640013723 0.336229766644134 0.467182038081235 0.399232756519594 0.491516358341555 -0.0370199889348524 -0.018514387612459 0.320190892861299 0.164316732687323 0.268938668230865 0.0945262310177824 0.124133429882406 -0.0514181258750952 0.114545728313134 -0.0140726497789655 0.410341943116321 0.382573749894208 0.420067616058639 0.491846759146613 0.385008076005241 0.241039727124927 0.416920895033597 0.393066219695322 0.40738235784449 0.424172873385911 -0.0949837866417824 -0.076852646233491 0.290484775114493 0.308703403835609 0.200913850591162 0.0563828065139505 0.484339365832924 0.382238771521916 0.25058462899207 -0.0332970841463832 0.356840371862548 0.00582097893899501 0.397543637933855 0.481378510108025 0.39857729008616 0.470922634085387 0.529186963909884 0.293747542443868 0.425115119070707 0.389997315095519 0.0700509731210862 0.263465920337481 -0.031219759133489 0.253798807236456 0.0905519166780622 0.31360557086691 0.208624985750467 0.095121550431469 0.243106832541352 0.298943779636033 0.168191050668089 0.350843913196874 0.411771769220004 0.216468906060784 -0.0227941678590533 0.0345297927164792 0.101280883776882 0.346483827535699
"17" 0.285980770394882 0.32620704731348 0.165369790911578 0.261402520749947 -0.25942726653071 -0.0868183521333898 0.392717146038656 0.30742130178856 -0.019576588154868 0.212903804429755 0.489060547998848 0.459164317168583 0.23498345347745 0.354884635355633 -0.00579596716764091 0.273179512259575 1 0.632916861822566 0.490260752007802 0.208796272112339 -0.158450359181977 -0.239520362392054 0.284162474131067 0.290220973749781 -0.0155781920534191 0.0699786126857136 0.108657680033516 -0.111298000825319 0.375615635277901 0.380920587084352 0.290297897179811 0.426919377901764 0.291375912117576 0.34215440352848 0.569804518988841 0.367796812358374 0.291423227593391 0.249911450354602 0.297102750399366 0.18072400816577 -0.0723453714338798 0.0293454022203504 0.289049552883826 0.389291685063703 0.276762594963503 0.320955431131298 0.322036892701739 0.286306444388239 0.27602581020639 0.175511544376527 0.272866304621686 0.223178545565243 0.0330573091839423 -0.00959482871554516 0.251211064678369 0.296027461056179 0.455319196361486 0.366377504737832 0.244818195070943 0.182246719823369 0.224715101198505 0.162155840108343 0.470152892097612 0.24184648105783 0.430768005660249 0.296240522286369 0.316787495976216 0.344258548695309 0.339680090961217 0.332455305642587 0.0610512186039221 0.0337845766404496 0.140697471876266 0.000929362061080837 -0.0584433568646276 -0.0466332870311169 0.0263489250022475 0.243423585296521 0.395009136109204 0.48520284753398 0.447221048832979 0.374819636146806 -0.0400653619277033 0.218085516663048 0.521004990644029 0.265646260531637 0.222687016608937 0.403783889636626 0.400643743430514 0.17068417167616
"18" 0.307332648218111 0.435221629328624 0.210076258021995 0.415683807685406 -0.286058603335595 -0.403661853410911 0.527804380610923 0.53320573850335 -0.10402975457674 0.403751290405905 0.637317032837438 0.7271930605884 0.445628340044379 0.609244282382513 -0.110156009104641 0.289169686747427 0.632916861822566 1 0.406860324377894 0.141965694189853 -0.233051709788473 -0.4068968736654 0.443343898680668 0.422914080728662 -0.197353509799069 -0.173936471370806 -0.0907729661294045 -0.390270656798639 0.495887057925913 0.608962783174826 0.382882690183728 0.450521227336177 0.437229681510563 0.466259266722266 0.421958359510466 0.336261932193841 0.354923021595067 0.28167106010773 0.199737917075876 0.128515570652199 -0.154387724842231 0.121909852499413 0.149974023838157 0.254177746105973 0.220121783020943 0.231071161942393 0.190716901545658 0.12095764370935 0.126324472400303 0.126943564783747 0.157827968978176 0.112654106003429 -0.062981366055209 -0.129840293822221 0.172409843128628 0.177913850049063 0.496058386538802 0.409022602876413 0.258713054064914 0.0387564550279768 0.193129902421008 -0.0141606627110032 0.426568462234648 0.17660793698292 0.349935528211043 0.117156944626006 0.182166047576091 0.273149735973176 0.296683527712642 0.392367460120135 0.143929199966892 0.0775322308196458 0.300492487121096 0.229290499672403 0.151964256464855 0.158462731533405 0.320207306611368 0.418363865617013 0.252971456585426 0.449573665440224 0.297574650312102 0.504458214299013 -0.1827429462486 0.146044336163916 0.38821860406241 0.317938611656187 0.284042933708627 0.637122128974942 0.338526975641501 0.0408695293191251
"19" 0.542461036224815 0.322475697978352 0.276758242828339 0.220421527705765 -0.110409706008842 -0.138872171517044 0.333097787407656 0.264660117017255 0.0511716510537205 0.231653472013524 0.317054781387389 0.318012146526282 0.15574013848656 0.276799163670158 0.0494648968034296 0.0462329649096086 0.490260752007802 0.406860324377894 1 0.516894723891151 -0.123431714328467 -0.140080202783045 0.118861485253938 0.183578565518109 -0.0109705111267596 0.0603250050280656 -0.0730591682179344 -0.0432685451578255 0.148425767635867 0.120921613109016 0.163331116413594 0.279068124057892 0.45319801828403 0.475768709277452 0.415334584271863 0.328728366905711 0.146767621715152 -0.0773707404491918 0.111950502298579 0.205188836469187 -0.0399311751407057 0.0680694462946324 0.27262884595562 0.325299535443166 0.328259404262277 0.270040021723892 0.324407978431691 0.250866374433311 0.285545541210643 0.157784354634284 0.296760529372294 0.157096236987064 0.0321470133407343 0.0670427781485423 0.311561542074802 0.234373700190348 0.423172489698189 0.301815127013638 0.174140582087229 0.0876608970029285 0.311425326900149 0.1487226755868 0.398312556549131 0.229105927668413 0.42843055783242 0.222578912492171 0.318376689293351 0.271144766366186 0.317087451209777 0.231453471569651 -0.187563826818309 0.020832703086234 0.0834061029634725 -0.0682000797591541 -0.0309962382667087 -0.123657152110132 0.00788633300415389 0.0950784358169411 0.174890042204045 0.242362553965729 0.419884040312586 0.350106149584445 0.0656930132267332 0.0977772544799369 0.441936995955852 0.160252308815698 0.0184837411037085 0.273370033363125 0.290231589983086 -0.0337690709924046
"20" 0.445778275398979 0.238941059860265 0.131081046599238 0.0631859351858625 -0.188294643514684 -0.0422709617499286 0.106949797716611 0.0496146918122813 0.0606131580226977 -0.0990144680907504 0.109556742148627 -0.00512177591522122 -0.108200911709392 0.0282943230185363 0.0360223382704204 -0.0746522054398015 0.208796272112339 0.141965694189853 0.516894723891151 1 -0.172818980133397 0.050101075975042 -0.0524357876460844 0.10766201093978 0.000422909891050992 0.191348485744176 -0.071185243105793 0.166735215690356 -0.074835681028553 -0.051621853350591 -0.0156915812255829 0.0994177913349789 0.402067645187658 0.440346332031365 0.409992133544574 0.300751854670753 0.102846339350125 -0.166059286218901 -0.0441107892906691 0.235165337831688 -0.111374011815515 0.0373142564164715 0.326550439077611 0.306901508592003 0.28949877756227 0.233887896381308 0.253004753238114 0.288343787517902 0.293941567986737 0.12399424571719 0.287918875737363 0.162272386256924 0.179615992738557 0.293975657283177 0.185144779992551 0.223905137059764 0.346532715617147 0.342875725762715 0.182114983180855 0.260285083341702 0.328490544771742 0.273594982004767 0.299071178330014 0.329293181799669 0.307121816905904 0.202575881525654 0.346425737111202 0.270656078224693 0.148983221785598 0.342319127101898 -0.28016848199296 -0.0589071664203881 0.160206297912265 -0.0534060757027029 -0.0604150321727478 -0.199449012959857 -0.153821201136731 -0.00263594006478641 0.0357106438635718 0.16006361257624 0.316460517810391 0.19464766648104 0.0513458831245765 0.0802396423063542 0.291706630091812 0.133940228281841 0.000513930566061271 0.0675875762211527 0.289048718035026 -0.199041275103549
"21" -0.0897523400167969 -0.122619560763707 0.0274472155391954 0.216007755684325 0.503448442721036 0.47154867476587 -0.22316914152563 -0.116417235545098 0.319020419710681 -0.0703302969021041 -0.261366609921888 -0.0965922914792787 0.037956347174485 0.0177681727814266 0.628897003597637 0.201943161788853 -0.158450359181977 -0.233051709788473 -0.123431714328467 -0.172818980133397 1 0.611112177179456 0.130840467470717 -0.309246243843899 0.402220947313614 0.458708704808884 0.302772159143398 0.345686700405066 -0.141840505111203 -0.395197475594239 0.350178765299986 0.168687559244111 -0.297777825432711 -0.0894300319077523 0.120234869945537 0.278005243110859 0.220303831133318 0.167763230457325 0.209198387340998 0.0612145774710007 0.530727519935857 0.271201115233235 0.293398428608487 0.218172882982775 0.314138258625979 0.291634210461268 0.329297758209171 0.229884838367835 0.228985161194135 0.366782174001314 0.274661870349652 0.329671606838243 -0.0460153323290931 0.401094653940588 0.196518977137863 0.0917773067412257 -0.12736844452181 -0.295706507590547 0.0917792040117926 0.195721577699066 0.165338876732824 0.162556496008215 0.223434527460864 0.12163064717123 0.179106339985035 0.246055720927379 0.32241464348918 0.279456054279052 0.125828712937979 0.177353929160006 0.556659678711358 0.559112987805775 -0.206815984176739 -0.154736186019051 -0.243161265000535 -0.127518685056021 0.0789158176546172 0.0479861357104228 0.219615661608086 -0.359111316311328 0.2004713817919 0.100611837295078 0.454335500431352 0.391801524903437 0.0280756750187112 0.467610293457342 -0.210326508645612 -0.278077416635137 -0.318641984643184 0.056025293267045
"22" 0.0364651655291062 -0.221359576795296 0.068638698118733 0.0963049739693864 0.42359779397879 0.431653491714165 -0.167391684432792 -0.17912182470359 0.501240970399477 -0.155772152287303 -0.327811514902761 -0.186325561883609 -0.0308161710877252 -0.11615965644668 0.611951543158533 0.0932644097232345 -0.239520362392054 -0.4068968736654 -0.140080202783045 0.050101075975042 0.611112177179456 1 -0.0218610200441242 -0.417345881502504 0.336865312913984 0.560899478774279 0.106233465890912 0.538181515316385 -0.266574395913598 -0.40723506840134 0.235966362188715 0.0744206116174857 -0.308399260294343 -0.0877946282900671 0.0498875631855492 0.22423614456587 0.324782230023774 0.145497584649291 0.139821128182137 0.137105155179313 0.385647075205035 0.260749166989418 0.364887334849326 0.197305915628156 0.302040801437309 0.237549886783028 0.325220525989755 0.223224168723873 0.236481452895207 0.295480729405077 0.291296273067004 0.30163648321001 0.0128001714856204 0.498416423152487 0.245759533108986 0.0877344834102139 -0.1134232277315 -0.360653997851389 0.115601859982277 0.262799967143801 0.200790990225739 0.163391016242904 0.247786106722564 0.0567690837582626 0.197334379461209 0.280904500246936 0.378844147651455 0.304464738817528 0.116475462544137 0.179142315904081 0.380257177275273 0.534271615218417 -0.206861654021649 -0.119282423100219 -0.328388985973438 -0.200458194645021 -0.136546968581591 -0.0226884257301931 -0.00696400810649638 -0.395399338786453 0.0603464394179481 0.102145534699323 0.447372864585731 0.323494109749083 0.0101255980333565 0.353289920498384 -0.344510291341119 -0.367333121305287 -0.176983392854744 0.0335548703286383
"23" 0.137074714403233 0.315364774077073 0.755159633763941 0.814241536564214 0.328557927338063 0.141714406273771 0.721671957140643 0.792982047657713 0.124560122503654 0.61795800102892 0.473143726190354 0.741247015333388 0.747833231450068 0.78560784202353 0.393775718869729 0.518595927853158 0.284162474131067 0.443343898680668 0.118861485253938 -0.0524357876460844 0.130840467470717 -0.0218610200441242 1 0.648986631799822 0.0758825413307512 0.0337900687247566 0.118843898689615 -0.327148346316588 0.386769208236026 0.456865445726041 0.688144207424301 0.739684509989878 0.183526788592331 0.157554620997147 0.345708143976296 0.248126579562876 0.358059425320365 -0.0114120952158506 0.0452454938428921 -0.103978127303935 0.0401701552757127 0.245842250555662 0.356706679897578 0.268866439188244 0.380618061672918 0.379380699429729 0.32164315197299 0.0773614790044028 0.312151501283368 0.259560139883466 0.334793618454433 0.283192044511531 -0.168070758001469 -0.196823543134015 0.311517022359169 0.10601201447251 0.308690555525932 0.231354738224291 0.315682718859665 0.36537851179157 0.443594075527937 0.103980289915759 0.457906670831391 0.21973287465205 0.411790296765737 0.431814795637666 0.473456070025991 0.485009023138456 0.425819966288754 0.343679438928351 0.491725683530204 0.511489282646929 0.248291090208738 0.338807892542149 -0.06184690062894 0.371610632026649 0.270689032242272 0.445044926801269 0.478756009447677 0.330666626048034 0.44510992116034 0.426765082294219 0.24560216786858 0.440337909736462 0.316773601320871 0.304247146877332 -0.194784031024843 0.100010465185126 0.166360471993595 0.158266436910354
"24" 0.132197548724501 0.383874315029728 0.583350890198436 0.570549356781597 -0.0646792456119681 -0.102768055754243 0.739437907259979 0.668025494394649 -0.128963311836797 0.651161975768153 0.413906928553563 0.551989838363133 0.465183377569722 0.612019457879753 -0.0742316359830052 0.448383619033299 0.290220973749781 0.422914080728662 0.183578565518109 0.10766201093978 -0.309246243843899 -0.417345881502504 0.648986631799822 1 -0.227262364148254 -0.168431124052648 -0.0659023247016961 -0.553659155166271 0.287506928885818 0.505844706223474 0.204627547692599 0.509196682046552 0.301373323508783 0.174463888006175 0.272750357312978 0.0395867948978917 0.0357598558935697 -0.158480415082618 -0.0339654180442139 -0.130218037001473 -0.26612138387661 0.0265653327168016 0.13034825133897 0.171378352494154 0.152905285315574 0.223028508345892 0.0823112235331029 -0.029029567238893 0.195745342935199 0.0631139780064813 0.171207393325623 0.0737542032677797 -0.15207712159029 -0.305836802330468 0.0724062040310825 0.0180678841123653 0.381167201958702 0.356865577117963 0.357220104754116 0.351372868602635 0.302184852792057 0.0946014503162619 0.180721275364781 0.172182689550619 0.316854877110179 0.249674648649683 0.248737269656745 0.258322537230214 0.37212601348472 0.273091194708608 -0.0438459540340808 -0.0760765656601719 0.195921617500289 0.242552262609992 -0.0122963629831932 0.250453081301677 -0.00505619942344976 0.200382583659151 0.235925619836447 0.352372543538563 0.220301796191613 0.0414477541201753 -0.114742237003645 -0.0119061463532227 0.334656652675758 -0.0717596774433811 -0.0452372652999806 0.247180320819117 0.304208866282424 -0.0435161417882171
