"V1" "V2" "V3" "V4" "V5" "V6" "V7" "V8" "V9" "V10" "V11" "V12" "V13" "V14" "V15" "V16" "V17" "V18" "V19" "V20" "V21" "V22" "V23" "V24" "V25" "V26" "V27" "V28" "V29" "V30" "V31" "V32" "V33" "V34" "V35" "V36" "V37" "V38" "V39" "V40" "V41" "V42" "V43" "V44" "V45" "V46" "V47" "V48" "V49" "V50" "V51" "V52" "V53" "V54" "V55" "V56" "V57" "V58" "V59" "V60" "V61" "V62" "V63" "V64" "V65" "V66" "V67" "V68" "V69" "V70" "V71" "V72" "V73" "V74" "V75" "V76" "V77" "V78" "V79" "V80" "V81" "V82" "V83" "V84" "V85" "V86" "V87" "V88" "V89" "V90"
"1" 1 0.727748789718257 0.0174891196977096 0.0408463986557194 -0.109032045343878 0.176007949284539 0.281719789967278 0.144069590868236 0.228858784684229 0.122717391650149 0.686403507168791 0.396202752241806 0.403219732446917 0.179579878880224 0.288743669370372 0.36355599167041 0.376297842281314 0.338288952639675 0.699184070161575 0.504176089033013 0.265764134281737 0.382397410619318 0.0277504848514896 0.0468921981952841 0.00775491759888897 0.08125956647046 0.0706061617303509 0.159143501463905 0.546871134492478 0.389895786881872 0.106688550968499 0.15515959426895 0.434975638970934 0.415965183396646 0.198419052547065 0.205735778318392 0.382511021375808 0.225268875324572 0.196511521693378 0.275419345725689 0.214613743911464 0.0804221695857037 0.143523625713191 0.244957604716839 0.203006516492852 0.0854983547097588 0.136218855546479 0.142551824230582 0.0959354316799281 0.0831141613975909 0.0618485995986341 0.0372290251101983 0.0522474073882576 -0.0820236442977258 0.326897969332034 0.284815317733399 0.592046537985615 0.513856387151987 0.165233046837961 0.260852527262131 0.139895048386612 0.258231750705315 0.0631590121872184 0.155004615151759 -0.0300977966133952 0.0270625052508459 0.225873865713787 0.153112649157421 0.299267211627737 0.177936357995958 0.539181948966922 0.40747945790028 0.588496132359406 0.463669158487236 0.419779989924701 0.372621572734978 0.56654327195738 0.661208337121782 0.179095382381678 0.0115054791284861 0.241799371824494 0.356315080161697 -0.00670775285900316 0.223438018622002 0.24621337717156 0.199187761247825 0.0795906828567392 0.119073313937464 0.284640493007675 0.340284173007114
"2" 0.727748789718257 1 0.335659623212465 0.352946945263408 -0.150293164603042 0.179779649557162 0.542149285029274 0.477287613133577 0.223240976285767 0.236015135083587 0.728173272640267 0.669549609857335 0.506049509198496 0.478367346350765 0.242595167860175 0.304388649449441 0.299244373710884 0.539991303169305 0.785760103122409 0.762757273137907 0.20809179910378 0.407230844031127 0.334336332374013 0.390355931944828 0.0307022007185807 0.133671315132511 -0.00130823786617327 0.127137606943493 0.594424096575771 0.512824817503082 0.335549089960761 0.42392626316952 0.542284438652977 0.681112310201518 0.178741072223381 0.193520844442118 0.469038620915407 0.274555207975794 0.359298126125663 0.476800640669276 0.286201266284745 0.265408708008352 0.194111493257509 0.202371095895652 0.192641526365994 0.137171365802677 0.237299014041384 0.229753457164902 0.134830827200654 0.174409842775172 0.144176773459892 0.0834859038950716 0.241338746852325 0.171058563781275 0.447139038006178 0.371256432439468 0.544353946502501 0.726645605658319 0.357993985386715 0.45764593980253 0.278266285326603 0.396887341056297 0.132747650924187 0.264478968978777 0.0897508154917306 0.124716039461834 0.36137451940541 0.298872066389 0.479073511747693 0.412290130573834 0.616994336011546 0.561175258991994 0.547902735333257 0.580247447204602 0.403208593219373 0.376812960291928 0.413973979737806 0.564070210857146 0.321468009651214 0.270619648506383 0.31945034894458 0.357019152458417 0.09079950068597 0.262841555827145 0.297961949011814 0.24011906470378 0.185193646417192 0.24136137805775 0.506203800721692 0.44183576381745
"3" 0.0174891196977096 0.335659623212465 1 0.975293423029069 0.211963372113491 0.0744626363326127 0.91135266188586 0.955756528919897 0.0325637613908599 0.235934844244953 0.166778518671296 0.610493334548609 0.37483707932869 0.723337424680529 -0.0403190276043393 0.0163590489713952 -0.152355498248182 -0.054024607662598 0.401379482466212 0.418338866807578 -0.0672163260674261 -0.0312645628966932 0.973546345567766 0.966336072703744 0.133073819804665 0.0602831427396408 0.154491100189033 0.0478308341768131 -0.0231056475596814 0.0146662394935975 0.610683094697683 0.780492416780816 0.650788465225191 0.76038039306938 0.122411223654938 0.100511722930544 0.134305278666572 0.219430252245248 0.361490665512923 0.348032328781296 0.0685153488025482 0.13313171342584 0.235018887656276 0.0699687890237584 0.0743633589662445 0.155203839668947 0.25544898522252 0.189242946491473 0.206726907258929 0.267039610482026 0.219195454208298 0.1252821094368 0.29273503623601 0.395461390409344 0.262045268503725 0.222896087040779 0.576634622451872 0.535547081814442 0.865387750170692 0.835925011281636 0.700032588955288 0.665115631064771 0.363339141067466 0.357654019270768 0.38935614412813 0.45489304468345 0.739827482591715 0.685582530882605 0.735562496515868 0.762374488232374 -0.0410868098133545 0.0710818682074601 -0.286433903021813 -0.181364280923353 -0.0824344116264697 -0.277667531924287 -0.257420852536667 -0.231752707541151 0.308107175223648 0.244497516776158 0.225339491877223 -0.00303352711675466 0.210326895743767 0.0320768330711064 0.243621513992608 0.162676485196109 0.285654727871531 0.186336549987319 0.43419461573471 0.253944075304818
"4" 0.0408463986557194 0.352946945263408 0.975293423029069 1 0.259626368422761 0.146609404626509 0.928136724868806 0.967332459990907 0.114725865871408 0.316526370644029 0.199089728429747 0.650449059738865 0.415826766856613 0.762845024661048 0.0404135888018661 0.11345532895366 -0.139503941641531 -0.0394284368568568 0.449985453572183 0.388203127656578 0.00556884454193136 0.0459412939870152 0.986800630127118 0.977439179043166 0.198112453154767 0.127980780743004 0.229403454639139 0.132751115521962 0.0495918938182568 0.0677040903327217 0.658647823651907 0.818711291783103 0.642761515827683 0.769079979369267 0.143216958323532 0.126323405507045 0.129167525949722 0.229803894586776 0.403813145060957 0.410478084753241 0.097237215894262 0.158783078681269 0.282736697146136 0.121607125579974 0.132301084032225 0.210943212192716 0.298102003337139 0.233129219637763 0.254540881125245 0.31213537482393 0.282566875226318 0.173022710428631 0.31927465661435 0.420614882657477 0.296803355064802 0.270262970964071 0.536664935445888 0.509465067791464 0.852145373193409 0.816159785336399 0.694435634463255 0.654687317667437 0.377929510961319 0.33867596478278 0.410187166279383 0.468253957857374 0.747715816168221 0.691757063896706 0.683947275861211 0.706662924436876 -0.000226597444422379 0.146992887407099 -0.25074011551948 -0.146560526427008 -0.113404143789865 -0.293794441227774 -0.261757425811403 -0.229327072777139 0.245293194665846 0.211453273811367 0.232008444667114 -0.000438299926828287 0.254782073314908 0.0962648633671218 0.278404994703994 0.192538162208153 0.336358785197674 0.23988942036508 0.463548857227503 0.29997589613889
"5" -0.109032045343878 -0.150293164603042 0.211963372113491 0.259626368422761 1 0.712145304940083 0.313459938764735 0.276705917053872 0.644545617246746 0.70161687235717 0.0961575911108111 0.355960092277186 0.432802597155196 0.486892147012214 0.694592377809632 0.61862634252188 0.0439525566378482 0.104559792600158 0.0256798354508401 -0.141210207027823 0.563372465245903 0.338285200287594 0.250614101954442 0.306594101404475 0.820823721170026 0.747129498564145 0.852500806158875 0.756783901436332 0.198502159299654 0.391922930220903 0.583896996432002 0.496797037647355 0.10856904144125 0.120430271848423 0.478209557975298 0.501168556075255 0.163654337787945 0.344055213505914 0.382485217440074 0.357721456689855 0.356144732139733 0.46395272224423 0.606935677286314 0.578126638981388 0.665055527959609 0.666433667927386 0.523894039505262 0.532074077157332 0.716074060572018 0.571297926167581 0.741956845174935 0.713197416425893 0.485630144316653 0.529558520722982 0.398464636168002 0.435526713143865 -0.107464848404627 -0.413918947565575 0.227321996147042 0.0399963551053944 0.293962900624714 0.0196164261445152 0.522088162764252 0.075668946798332 0.571458446792815 0.381962224496434 0.367367563578212 0.358423971018932 -0.173004865403782 -0.202313485050676 0.127258846411616 0.398495090620133 -0.0338479315546514 0.0579319068041955 -0.214413010041096 -0.306592193040173 0.0353545717933908 -0.0787713109115394 -0.0229075013743959 0.172405216213484 0.405639883788349 0.288796870670895 0.576315524496046 0.615344083231994 0.65523479164587 0.569885325748591 0.475032164214613 0.468805436635316 0.392042107695335 0.45644016298919
"6" 0.176007949284539 0.179779649557162 0.0744626363326127 0.146609404626509 0.712145304940083 1 0.294567136379948 0.224149473486813 0.796744608873465 0.804572017222986 0.34378896412903 0.562457769280058 0.604840502472944 0.511490549744824 0.854783978435079 0.745603913336024 0.29747790606263 0.447174125743629 0.179198984556163 0.0272264657796678 0.616272438086484 0.57169780051125 0.117623818614929 0.224045199962368 0.717849147892103 0.812934341647017 0.775520028688871 0.872413387007691 0.509337241102901 0.63727607964046 0.605529998578641 0.508681496135284 0.230128559383319 0.227266480407046 0.529827967082038 0.558953610654782 0.268023398963165 0.254059827889352 0.426830748853605 0.356309463395088 0.375740166890074 0.464997230759157 0.537275106962344 0.575970774242097 0.776995135465227 0.758827001866854 0.427966751148679 0.520683556704671 0.77690701691723 0.628614856030662 0.73934682279056 0.737882978155691 0.474869441409626 0.417737829091369 0.387514660128185 0.386994438353278 -0.03661260084367 -0.194922922946263 0.170133132395441 0.0595948257542312 0.276306905507994 0.0831134575332248 0.479073161459606 0.172313012337508 0.569179379276015 0.376358400343821 0.350063172452832 0.34275272706422 -0.174394505422135 -0.24621804380722 0.466668484468236 0.638622274735857 0.351048108851716 0.432515403578036 -0.107495510744939 -0.0775019465218291 0.250299084567234 0.226326273001575 0.101893135963331 0.310631765667741 0.52405509936347 0.468368120602334 0.438375240238786 0.650795346542316 0.660819064669897 0.655039673053365 0.290660185365397 0.46061015859508 0.387654971331345 0.456697716969329
"7" 0.281719789967278 0.542149285029274 0.91135266188586 0.928136724868806 0.313459938764735 0.294567136379948 1 0.974840903740309 0.256896804062559 0.420372313495599 0.42137246874093 0.785490049411957 0.609026180074049 0.837059347583973 0.20833951962372 0.25063766225871 0.00692763072047879 0.157935297802974 0.581996651699034 0.534518751412846 0.172584521509415 0.165434428549604 0.932643704255728 0.941982234669987 0.25921559998046 0.256773147673869 0.323730082563667 0.267219225764816 0.206704642240554 0.23558061099054 0.737977928334596 0.88433860583495 0.75801489125603 0.871437318738021 0.264391594435753 0.258056520249959 0.213983990748931 0.251824710852054 0.520566651640642 0.500648674759809 0.183725238516101 0.2651987953527 0.370162741443678 0.236191369806502 0.255998280065181 0.31275304310556 0.406688537573953 0.340330934131093 0.365612351750399 0.413094272184606 0.369620160631429 0.256570267639471 0.434381009861491 0.469122229357465 0.469771642359934 0.428392786088307 0.622158418442148 0.550485564725746 0.866226334785698 0.840477072869724 0.744862822529654 0.703399493835026 0.468068690878005 0.428086209874001 0.475564448138936 0.529684484144411 0.806430172528674 0.736829871788164 0.679737857710191 0.662264884454041 0.195984195328369 0.320649318501663 -0.0416778136212048 0.0339319208513536 0.00643394123874182 -0.204004650478309 -0.0475897714622148 0.00269753397449519 0.311068053158658 0.265915284502783 0.331191156946061 0.168893636099236 0.29144680291795 0.235366444424798 0.399206023482474 0.310027025476353 0.386843195067399 0.335055429813339 0.622600669890299 0.484339991607788
"8" 0.144069590868236 0.477287613133577 0.955756528919897 0.967332459990907 0.276705917053872 0.224149473486813 0.974840903740309 1 0.171843228037001 0.371030556047139 0.298299153490358 0.742854332831011 0.502386147255022 0.814569559926842 0.125944539992701 0.161268755330321 -0.0680546205381399 0.0745093749495983 0.507596748109853 0.489862009634147 0.103813625369081 0.103072189498162 0.963141550058728 0.977786292958608 0.220267051981165 0.193397118619942 0.273046509608287 0.202748726310627 0.111716715317406 0.161087679115619 0.701440350633269 0.859029479636165 0.698531701351363 0.842582728142043 0.19174632546993 0.188880125515517 0.185251304844331 0.25305704896385 0.485712742810855 0.484133099624561 0.156169525810643 0.258662193440664 0.335951768767236 0.176116304186652 0.182645607815958 0.258894248528617 0.378717722293489 0.301405550712166 0.306007155525297 0.358777019245289 0.336163286267187 0.214155460333993 0.415315950938517 0.474663859922582 0.408863473038456 0.378733111165467 0.568971623656222 0.518292644940052 0.851275097671534 0.818787625235006 0.712949070213431 0.666243063490308 0.42280945432547 0.385825337449773 0.446250363997665 0.496434829531295 0.762046472263689 0.701601546891731 0.677977050726522 0.681418409849384 0.103429692610379 0.23137307372443 -0.156500957456427 -0.0450500748679313 -0.0567097155973775 -0.250586671095078 -0.143710853522976 -0.107214987238163 0.306060517135348 0.281361723957233 0.301201172881782 0.0857824354598795 0.297828100451404 0.188008001817181 0.349307056093759 0.258282361350736 0.394900080140407 0.324988678319375 0.581857775313965 0.418122189229091
"9" 0.228858784684229 0.223240976285767 0.0325637613908599 0.114725865871408 0.644545617246746 0.796744608873465 0.256896804062559 0.171843228037001 1 0.923140842499685 0.453834522333421 0.558212957635982 0.712336204415058 0.570674434001263 0.834601139319268 0.845597768287149 0.273764415172123 0.415060773608884 0.1954079499276 -0.0132111007067129 0.624618534434027 0.64462071467698 0.0930025902750681 0.194603319199098 0.83215234671454 0.88787817315314 0.687850309967997 0.749918638113444 0.661336584269528 0.716164910906953 0.647643115258808 0.511227370946949 0.217439404411807 0.200506653749972 0.643487418313299 0.631952955451165 0.369914821550668 0.287750525703963 0.392565367771845 0.423718207436164 0.397470237936495 0.427142631652588 0.507104516068055 0.55275126607348 0.835076250510126 0.831140798511427 0.308767721300197 0.468433635906609 0.804092116258072 0.743770839993016 0.71256298594589 0.779558884329862 0.369999773555383 0.311767528088943 0.307435241737718 0.30069512123956 0.00704703947678532 -0.110855299130151 0.19517748252259 0.0777560313798792 0.314647146111082 0.117284328158757 0.533866472032683 0.200698107873796 0.662413217757433 0.468582531846406 0.41780415971581 0.407721678719465 -0.138320560845204 -0.184408697860014 0.578920616567091 0.74219148477445 0.433879168273759 0.545002018095994 0.0580375289312135 -0.00688955852500535 0.272158965124831 0.221905476564044 0.00765199777968686 0.130013746372961 0.500833226098825 0.517079008194433 0.457328604533373 0.642544786278989 0.678779030755979 0.679821634634595 0.241674927702381 0.359303370952307 0.337668398129073 0.398640714421957
"10" 0.122717391650149 0.236015135083587 0.235934844244953 0.316526370644029 0.70161687235717 0.804572017222986 0.420372313495599 0.371030556047139 0.923140842499685 1 0.359782538040231 0.645395591018048 0.694274435067165 0.696177884550063 0.781164928552477 0.842722522840425 0.219978478815528 0.358125016819906 0.253493137646642 0.0889470723257342 0.601034274872517 0.620048692461641 0.298818138586742 0.392794031705754 0.86479037180323 0.910070236176459 0.707365830405318 0.758338726381533 0.598293192074281 0.700256701417731 0.762741008298451 0.655233850114106 0.28146342791836 0.33297973230119 0.556669947098833 0.556059035686579 0.332367290707683 0.30509048068323 0.474108162247786 0.506505930136446 0.409503866385077 0.505255770268361 0.556143119140665 0.529162829882193 0.793461107839469 0.802598289358072 0.400520203150596 0.504074843742472 0.805694799202799 0.735111146047831 0.752779640550506 0.752959607229568 0.458898680077174 0.445937729272642 0.383451063862793 0.382394130064318 0.0329972323218697 -0.0485131582991829 0.330874931888137 0.206981850181864 0.390875075183318 0.171259570386097 0.553043113485862 0.171887360818178 0.692662662056677 0.474708537113345 0.500965179675569 0.486422669593267 -0.00313951241845651 -0.0421391060341596 0.467788863965682 0.7222313587038 0.279349424549774 0.429712697913276 -0.0300185462977884 -0.141904577700557 0.117527091578537 0.0749678120997222 0.0924061807781486 0.223599729914204 0.535234636243749 0.405655156156658 0.500641526681256 0.67481251392909 0.688021569330635 0.635390688049305 0.369344052193454 0.453167621614806 0.465944960931616 0.478387510749444
"11" 0.686403507168791 0.728173272640267 0.166778518671296 0.199089728429747 0.0961575911108111 0.34378896412903 0.42137246874093 0.298299153490358 0.453834522333421 0.359782538040231 1 0.707314152308842 0.764724023360212 0.537212862999383 0.466647114742636 0.469008982845883 0.328768919469276 0.585402318684782 0.613801572548647 0.449323481954604 0.400102237826789 0.547777954223476 0.177729284908449 0.25691366433178 0.312690533361414 0.376571481087505 0.187663780342118 0.289875318325143 0.690972210295331 0.637637200106713 0.496473329814956 0.472382065659617 0.452495594705572 0.45838141608875 0.393258280018065 0.400422835203042 0.472688566317832 0.286266060222541 0.309995049006517 0.361119380939514 0.375883701488488 0.278720054447527 0.200965412288564 0.278438951425189 0.385961079908334 0.341532859060397 0.143514081821387 0.203339385679487 0.340208998686199 0.371530650438282 0.243962759738156 0.269770844885361 0.134401584077126 0.0451673478771236 0.312594931989996 0.281052615220624 0.440428431137521 0.461792557181249 0.294494424789522 0.326009060512766 0.320751058755459 0.36318129826301 0.328502505924644 0.30244960354773 0.279915276866934 0.285210942974524 0.39038622589122 0.333335289442085 0.278012267589338 0.197591174555445 0.835885152270463 0.732199744462486 0.697070006144802 0.663727629031954 0.530762549394573 0.498098209655343 0.504615814949894 0.559068917728334 0.191695010222635 0.1005867233521 0.282191582138513 0.434319176423875 0.198407499431131 0.35066710761302 0.387231333603316 0.353507034940291 0.153299234315816 0.184169603539954 0.336745149813639 0.429134112318886
"12" 0.396202752241806 0.669549609857335 0.610493334548609 0.650449059738865 0.355960092277186 0.562457769280058 0.785490049411957 0.742854332831011 0.558212957635982 0.645395591018048 0.707314152308842 1 0.808365477516692 0.89108599840666 0.558343626570403 0.559343255657065 0.181703577357875 0.495355120779286 0.552716290427844 0.431317693181583 0.420090023543829 0.495525212564548 0.624374707160671 0.731247753089523 0.475687806767777 0.524177150486231 0.441814995032849 0.48326465284279 0.561221780229427 0.637784110321381 0.824901308953608 0.873311107485563 0.612444955783316 0.721834072793655 0.387199107551084 0.407449334984944 0.415373592682078 0.341252861894981 0.537728816502661 0.565415576691994 0.393002351659833 0.427760586706445 0.385178003800078 0.356969462625951 0.487916089645605 0.521305172663256 0.325024055518982 0.367386843839674 0.531605898678405 0.548744622890277 0.492537189011745 0.44775084644748 0.353556993945843 0.331370645613579 0.406380870185575 0.394913750728488 0.44818068679132 0.433056662193102 0.607491698662083 0.574946733174687 0.575074890418445 0.500726482636515 0.481590482312537 0.349637436248452 0.550990700349764 0.496186666099655 0.66206509924114 0.60570250268005 0.401428669985946 0.365069225957014 0.632441594397266 0.69640400536318 0.375908139588176 0.482618135888268 0.196923836866773 0.0844875969633798 0.221653585244319 0.258625852817603 0.273121395266751 0.295878257398863 0.427220757463247 0.366764364187779 0.416930054609105 0.465062123962109 0.544339205336943 0.476968560585773 0.386115138833497 0.390954545953294 0.53742488572066 0.529629973073785
"13" 0.403219732446917 0.506049509198496 0.37483707932869 0.415826766856613 0.432802597155196 0.604840502472944 0.609026180074049 0.502386147255022 0.712336204415058 0.694274435067165 0.764724023360212 0.808365477516692 1 0.831974871938026 0.568504997434568 0.559479807833415 0.390713325842986 0.595279485093838 0.42025461843398 0.337836722414371 0.386484237791712 0.49110665264248 0.428284521872119 0.506271396254873 0.607272585294248 0.690103985436837 0.376598311393017 0.43027303671328 0.60316465531081 0.661037637683575 0.844377406963415 0.794189016889644 0.636265453433145 0.608918567335912 0.653546262044632 0.628549795303746 0.305341067876096 0.214685498634812 0.341967801852927 0.313628639751095 0.281306764775698 0.281523818533979 0.247562982147578 0.300929552698239 0.623370493804279 0.671703182170008 0.147959367572756 0.225880751439269 0.671145008373217 0.738348642932198 0.431374689068647 0.531458781541475 0.209203195716433 0.206378265963415 0.310369346281085 0.266496180781255 0.472107459334006 0.33353078463499 0.588131980358028 0.526466784180256 0.689391772500375 0.594930039483991 0.716003378036795 0.564570918107968 0.742685163436722 0.704187076728241 0.716585622773838 0.705858545703152 0.343400545717159 0.292567220119736 0.691697070449295 0.735040283842221 0.457380332857808 0.561139908109452 0.240598807320956 0.16319878457182 0.340293071653754 0.328000706616244 0.2648460004442 0.251494341999218 0.506689694715043 0.534349420833303 0.211977659165408 0.385831678334804 0.4940988681903 0.493304170250848 0.113482759245046 0.155100579698277 0.383068716103497 0.409286611454103
"14" 0.179579878880224 0.478367346350765 0.723337424680529 0.762845024661048 0.486892147012214 0.511490549744824 0.837059347583973 0.814569559926842 0.570674434001263 0.696177884550063 0.537212862999383 0.89108599840666 0.831974871938026 1 0.438813675414189 0.4793856997522 0.109566289115007 0.36524312896714 0.459324357079607 0.342683454081774 0.294749155224753 0.376306386976375 0.76301477892271 0.827315229579721 0.581317221519419 0.591381507254603 0.427556996274055 0.412743241904394 0.428095553293947 0.5240937964146 0.932938324948154 0.960443516547212 0.647881578555636 0.72012892402333 0.457801041934723 0.436295656410902 0.280846646992863 0.28119273806148 0.439145458116566 0.447403165153345 0.279424641547331 0.32227983555248 0.345243448724622 0.272301371295876 0.486506247803079 0.573962280777549 0.283349322602244 0.290788270053741 0.59159337712842 0.651752454025116 0.489164038225804 0.482527285765415 0.339596339257853 0.371805313934086 0.34713683640526 0.313657185443451 0.4816665840296 0.389805783198952 0.772035546035624 0.684927805903963 0.76254631661862 0.62724333938465 0.67262371968909 0.453173944746672 0.724874291684254 0.686980735045635 0.795979315187475 0.766016888527397 0.490604527209758 0.481927161247644 0.423969409956659 0.583841814947634 0.143031777410306 0.317239342728073 0.0685722738158328 -0.0518651707288499 0.0272102307569994 0.0120758664257514 0.222101828454576 0.276333805815127 0.433034418077883 0.307630093845055 0.352951117194785 0.372677175955188 0.494307198050905 0.432833403560731 0.325481611391678 0.290079065991523 0.490748661964841 0.413240608614644
"15" 0.288743669370372 0.242595167860175 -0.0403190276043393 0.0404135888018661 0.694592377809632 0.854783978435079 0.20833951962372 0.125944539992701 0.834601139319268 0.781164928552477 0.466647114742636 0.558343626570403 0.568504997434568 0.438813675414189 1 0.888333968048137 0.223795720772111 0.436918403659629 0.276913376760255 0.0309264550504228 0.83011775640126 0.763592934990256 0.00749227470329437 0.126033270732768 0.765682739272418 0.792247757519839 0.826910248482765 0.915629228793102 0.686784267006937 0.760858783453265 0.535213871884906 0.406962432044076 0.110163530680956 0.150421476788187 0.537350807635484 0.583936991717612 0.46475433379499 0.436308577783671 0.496107042015564 0.536027169455905 0.536211785870502 0.582593937232074 0.671943149286552 0.749302432031618 0.821491279528218 0.760351308084207 0.542754990360107 0.643419120297571 0.755311829776302 0.621129733564966 0.804682223659972 0.794498919786104 0.483163614542336 0.415595809131921 0.469658816970527 0.497197188604128 -0.11389550101726 -0.243909645141277 0.0415336582330919 -0.0640274547433301 0.119321672815168 -0.0506473663989458 0.384406319538 0.053676351391077 0.458107671073027 0.263795051242642 0.264371835882016 0.227642002375442 -0.275559940949217 -0.355335172635984 0.637466758282973 0.777031588807765 0.533676369867869 0.575340224728356 0.117079823535281 0.0836425187332407 0.402381228613139 0.360283114253072 0.020150180283444 0.174251468999933 0.478252200452336 0.477205099161944 0.631571952886345 0.792474159347934 0.777422439060665 0.734713639380374 0.482357032251321 0.602674038978511 0.445682296243931 0.582223891899541
"16" 0.36355599167041 0.304388649449441 0.0163590489713952 0.11345532895366 0.61862634252188 0.745603913336024 0.25063766225871 0.161268755330321 0.845597768287149 0.842722522840425 0.469008982845883 0.559343255657065 0.559479807833415 0.4793856997522 0.888333968048137 1 0.19629713822577 0.351779283459214 0.403230724677774 0.115002509604459 0.776248730222571 0.804797908151587 0.0855331026074303 0.167351577115781 0.77923086287557 0.805433881038096 0.755590927483269 0.841113729497412 0.777205047217472 0.81856597085494 0.557159636524987 0.442672113426029 0.130383732051459 0.175935777352949 0.434688357775072 0.454950249524286 0.485258275933841 0.415606812455838 0.513948179586742 0.598435107360676 0.543244289316758 0.539991710524301 0.666649750319234 0.697621888040673 0.764089262795848 0.679811384112029 0.512593045874505 0.607374617958128 0.683528450610224 0.572652723895775 0.759921843622124 0.704898108840966 0.447304589264196 0.351165055184521 0.461199086559119 0.474973821322887 -0.0423477550671193 -0.0785296457896663 0.0979801418686036 0.0233654990054955 0.113602609722875 -0.0289871695224714 0.312008679501263 -0.0524393749897353 0.400581186305446 0.196732548868956 0.282689848126833 0.238636363731976 -0.168273975519126 -0.240420658523468 0.581919533359064 0.791166864728583 0.501866923711857 0.581553938825176 0.177059367104268 0.0555119636601188 0.294256333010287 0.281835330779694 0.0047951778769962 0.0452414816582674 0.447641064474936 0.379724340681208 0.590521959740466 0.787397788664679 0.727137910628359 0.642803231990963 0.505156862982723 0.586488038233567 0.452606274803654 0.539250304574505
"17" 0.376297842281314 0.299244373710884 -0.152355498248182 -0.139503941641531 0.0439525566378482 0.29747790606263 0.00692763072047879 -0.0680546205381399 0.273764415172123 0.219978478815528 0.328768919469276 0.181703577357875 0.390713325842986 0.109566289115007 0.223795720772111 0.19629713822577 1 0.623759057292678 0.280498061637079 0.330981935869181 0.109002760453526 0.24679065668446 -0.109481077572396 -0.0775055251805513 0.20598444971531 0.349806335463358 -0.063961623519103 0.0843392410435354 0.424775476335448 0.405489946281387 0.208742581597939 0.0940882817258016 0.232941071619853 0.214718649843367 0.412285842617562 0.422985180985654 0.161093069535827 0.0987884849246264 -0.083234062364766 -0.0834759807863125 -0.0211593714941629 0.0135702418265014 -0.0165736258432247 0.142497542661921 0.381278965117 0.346932288228445 -0.0563864246144256 0.0189757712525398 0.331596606549799 0.303438670217094 0.102984713907558 0.295205514607334 -0.0249686977472209 0.0385059011515588 0.190719596648423 0.14369988443267 0.254453992779107 0.145482175589264 0.0328748010696621 0.0456420463472917 0.163503580256409 0.161889353587214 0.387476372622709 0.37246794094992 0.345980150841276 0.209410875419104 0.173647505388882 0.231362042950605 0.0968030051342227 0.0182302906985224 0.32303930141576 0.31835408513374 0.396780318291296 0.387125815673836 0.103683585612504 0.170767053188318 0.596126712242546 0.583293446666841 0.519907055543206 0.549051952620816 0.580545467360316 0.551104159048774 -0.193967122085051 0.109825688285921 0.203136235027986 0.27654707687004 -0.189481230870075 -0.0938148418431119 0.0975199780910228 0.180277013937545
"18" 0.338288952639675 0.539991303169305 -0.054024607662598 -0.0394284368568568 0.104559792600158 0.447174125743629 0.157935297802974 0.0745093749495983 0.415060773608884 0.358125016819906 0.585402318684782 0.495355120779286 0.595279485093838 0.36524312896714 0.436918403659629 0.351779283459214 0.623759057292678 1 0.343230874173154 0.48993284318735 0.326933454485404 0.395282962526454 -0.0176215433556753 0.0754200741159359 0.309147464506939 0.458360730088663 0.0999197676259402 0.280726966653373 0.543598814604346 0.689208890689679 0.401042071555781 0.299100946894322 0.307453798764656 0.327895063535875 0.477094782925871 0.493193104496525 0.250617682647151 0.107306313188897 0.224220099823768 0.136468279498116 0.187000331591376 0.259938617574019 0.110329398852203 0.220923367750755 0.448925996373908 0.460514654008573 0.0919894048680417 0.179032020279066 0.430442162607699 0.442216988741421 0.265110711775452 0.377159574031474 0.163537922843416 0.154072479706516 0.322101318572692 0.250450957970004 0.175334357468815 0.222547932252598 0.113947104910551 0.119084619447037 0.232909297605222 0.21932562084084 0.439228006455194 0.446192509582904 0.414576213047054 0.320858742186354 0.255564705891437 0.288311910729593 0.0426125143694478 -0.000984240824167956 0.599222598494641 0.586482341853833 0.56354583242517 0.706225506497325 0.245177728989684 0.344024033162227 0.533675745979455 0.593516252229878 0.308972563236369 0.543229029934269 0.441876613795127 0.637794425455021 0.0492734696418242 0.330056025929448 0.321124355775399 0.378840283397909 0.0208128874545132 0.139788785196396 0.318517619922036 0.358354015358794
"19" 0.699184070161575 0.785760103122409 0.401379482466212 0.449985453572183 0.0256798354508401 0.179198984556163 0.581996651699034 0.507596748109853 0.1954079499276 0.253493137646642 0.613801572548647 0.552716290427844 0.42025461843398 0.459324357079607 0.276913376760255 0.403230724677774 0.280498061637079 0.343230874173154 1 0.749722201770787 0.362543563523092 0.538129953566717 0.445284616116642 0.434354871567483 0.174738086899707 0.180587620529078 0.13786439562574 0.260270346885357 0.590002079443433 0.478342882111074 0.393005561054174 0.430754236583538 0.50767111206406 0.619177499412748 0.173177688639022 0.198336862425255 0.46688985261616 0.369243968573804 0.391126567252028 0.484341653214985 0.314974732119302 0.244263339955327 0.354008996643802 0.344747666333296 0.253977624189512 0.18984684713658 0.401109008485524 0.325714040517194 0.213748430852765 0.222154323468428 0.278511289776429 0.206815849526618 0.321417980732494 0.289682017495113 0.520071219016246 0.454847601295745 0.574649781788742 0.637419010824108 0.439433922353946 0.499162749521319 0.322129939625848 0.408098353347719 0.221661565327295 0.237144973401224 0.126438577611386 0.160138171306063 0.419211201754655 0.358761753701176 0.542793174786761 0.432982445603819 0.462154294513483 0.512310907464052 0.444008775751493 0.428507872283128 0.314011172347773 0.298075060434841 0.324817729144889 0.406590467227587 0.206248907674918 0.14794402186367 0.285837559027609 0.25288852176085 0.2380465009935 0.357409658177687 0.380229635709125 0.294496875927034 0.348346616179754 0.382870775864574 0.540345764009056 0.509486268868744
"20" 0.504176089033013 0.762757273137907 0.418338866807578 0.388203127656578 -0.141210207027823 0.0272264657796678 0.534518751412846 0.489862009634147 -0.0132111007067129 0.0889470723257342 0.449323481954604 0.431317693181583 0.337836722414371 0.342683454081774 0.0309264550504228 0.115002509604459 0.330981935869181 0.48993284318735 0.749722201770787 1 0.165562120507013 0.225563640004964 0.418911044544811 0.423617443743536 -0.0191583919278683 0.0584519201406834 -0.0939965332050306 0.0201365294129263 0.349901254382488 0.373968319759102 0.293161486552824 0.357245933069028 0.540570490913103 0.657625309216962 0.133190287745552 0.159058361784419 0.321530997165971 0.194750321037052 0.379704102939971 0.350926785515568 0.219717724298463 0.263902481236082 0.22020605922163 0.175260169574252 0.0951174906942853 0.0723050704174645 0.339960789529408 0.264689334706031 0.10645294201873 0.160098400353856 0.131667357816545 0.0568027739406149 0.365917717378995 0.367147151383056 0.547555559149852 0.440714948996391 0.541529717274915 0.648973189473473 0.445622776818078 0.524795935922225 0.325525286313427 0.430239756740267 0.18680245585113 0.329661176975706 0.117378652747595 0.145537094887826 0.389726246334625 0.355448906669859 0.568915102952387 0.503993857971607 0.31210159406595 0.310429535385617 0.283634606113622 0.370186994125875 0.269917423071622 0.203267194692586 0.282400098442046 0.395026109651958 0.391977335706337 0.369377106731769 0.30843063881993 0.270628567719481 0.0745041741062786 0.210648000596408 0.243635629345919 0.186725633991394 0.236367664466551 0.301939370575649 0.592081598938885 0.481574360370667
"21" 0.265764134281737 0.20809179910378 -0.0672163260674261 0.00556884454193136 0.563372465245903 0.616272438086484 0.172584521509415 0.103813625369081 0.624618534434027 0.601034274872517 0.400102237826789 0.420090023543829 0.386484237791712 0.294749155224753 0.83011775640126 0.776248730222571 0.109002760453526 0.326933454485404 0.362543563523092 0.165562120507013 1 0.769119575848596 -0.00220054785129857 0.0765726329653616 0.655370272666543 0.652450851605982 0.732917827494939 0.823905583608335 0.570798899008789 0.687591690401793 0.43705080275853 0.297367373020344 0.00692044877075587 0.0599840183503681 0.341918963749881 0.412612271363097 0.46168139774144 0.431857885706061 0.552085656488993 0.594496698291216 0.573382740997095 0.642814785141072 0.685880587791067 0.697056847438224 0.620276168039053 0.574316616710059 0.662196266187307 0.653380341608339 0.591363089935923 0.479170471684761 0.743935246294177 0.657406660767718 0.599638113494128 0.475658825181299 0.581481540944916 0.609996646979518 -0.152595441607901 -0.255306657925381 -0.0248034194440317 -0.123030257781231 -0.00255852265097291 -0.141745635320771 0.268034629085159 -0.0375315080774951 0.310169785847828 0.141724501182585 0.123650847529996 0.0786118989950014 -0.267345344671068 -0.360117040813309 0.520193313747592 0.637511699162702 0.436916168026125 0.473863453649287 0.164936487407547 0.088501976474127 0.357857048766362 0.286244006872827 -0.121256833607195 0.00961537989756225 0.273069158568983 0.313677391476649 0.743249036753517 0.852867376967382 0.700375388940857 0.612139250588297 0.646334952986935 0.75171804491493 0.553974981759227 0.670033427759008
"22" 0.382397410619318 0.407230844031127 -0.0312645628966932 0.0459412939870152 0.338285200287594 0.57169780051125 0.165434428549604 0.103072189498162 0.64462071467698 0.620048692461641 0.547777954223476 0.495525212564548 0.49110665264248 0.376306386976375 0.763592934990256 0.804797908151587 0.24679065668446 0.395282962526454 0.538129953566717 0.225563640004964 0.769119575848596 1 0.0226642701702227 0.0921862225517099 0.642592522822248 0.656359873932047 0.492493766806524 0.677351618812935 0.834681225201518 0.821066548939573 0.475939274331018 0.321666277107493 0.084953563611254 0.154969698185118 0.364729455648849 0.382597747967451 0.570835213324021 0.435005717573527 0.37760275348742 0.504417654681912 0.496890696104233 0.446724927159196 0.505794243759113 0.57087384043432 0.627382941534783 0.549640127810335 0.412750029798277 0.457946901590664 0.533233711880156 0.467478510090216 0.5806236746366 0.590477094925581 0.333904612271279 0.25417622704439 0.400484237278534 0.396180624166889 0.0248898232197577 0.054171961699235 0.053305315169728 0.0131932346114597 0.0700081622696804 0.0127773493548336 0.248425275854517 0.0219277012286341 0.289558718885951 0.148148237491387 0.180484241348367 0.149755044733657 -0.0550813555863527 -0.159880267738574 0.723518870842668 0.803875557846781 0.62440497522317 0.686293909379231 0.299265818832582 0.371873907820279 0.370619599057563 0.343925029548945 -0.0123883500739113 0.0250215849560957 0.328209791697672 0.316586548721081 0.498307585139454 0.682697790873131 0.590107569838943 0.538609579204076 0.403191572158977 0.526088424989966 0.361570830045308 0.455510896512561
"23" 0.0277504848514896 0.334336332374013 0.973546345567766 0.986800630127118 0.250614101954442 0.117623818614929 0.932643704255728 0.963141550058728 0.0930025902750681 0.298818138586742 0.177729284908449 0.624374707160671 0.428284521872119 0.76301477892271 0.00749227470329437 0.0855331026074303 -0.109481077572396 -0.0176215433556753 0.445284616116642 0.418911044544811 -0.00220054785129857 0.0226642701702227 1 0.970071625106211 0.192249546596817 0.127863657941264 0.196186947407926 0.102898809316311 0.0260966134549134 0.058561223975256 0.672713850301653 0.824482450929856 0.669861115002132 0.778820954826812 0.148849318535673 0.126843427382327 0.0893286977143006 0.194441316508119 0.388855892595024 0.373535812296684 0.0625165124123515 0.129154811115811 0.255382865963647 0.0917687858833904 0.115195832091556 0.201445920935148 0.296811105473199 0.211219009390236 0.254420747022299 0.326691675220261 0.259293108554397 0.160686632442069 0.324099961293695 0.424464672719759 0.31907438754729 0.274469980206776 0.556516824404563 0.514344149906342 0.877555722150981 0.839206464847943 0.731800285815343 0.688464040415943 0.425320689878712 0.387106273182927 0.440760947118243 0.507350636386035 0.766352694389876 0.718439390034194 0.704146058230477 0.727884468834971 -0.0341040241454436 0.119126747188465 -0.277096679760349 -0.156553710737347 -0.123426209533339 -0.306478041948343 -0.258164180378446 -0.241565671088679 0.263180684968059 0.216660932247469 0.235477637489729 0.00275931771825631 0.230488733587956 0.0784508013135138 0.256225008737543 0.166085362291923 0.319030747604231 0.225727589385077 0.477921650039386 0.294734365720674
"24" 0.0468921981952841 0.390355931944828 0.966336072703744 0.977439179043166 0.306594101404475 0.224045199962368 0.941982234669987 0.977786292958608 0.194603319199098 0.392794031705754 0.25691366433178 0.731247753089523 0.506271396254873 0.827315229579721 0.126033270732768 0.167351577115781 -0.0775055251805513 0.0754200741159359 0.434354871567483 0.423617443743536 0.0765726329653616 0.0921862225517099 0.970071625106211 1 0.265135074714973 0.223963122851766 0.265460614171236 0.184860408744342 0.101028800580471 0.175800757858747 0.736951016745931 0.876705168190736 0.677358790743469 0.800818443942289 0.240164974163048 0.227411966477165 0.189091369846219 0.275784475613714 0.443179374925256 0.447159066365198 0.155888588378766 0.245650770208909 0.326690225101862 0.182154938431632 0.224296455564689 0.315441411895383 0.325446320925178 0.275426139286275 0.354458560613796 0.414373184271738 0.355309966982727 0.266213165003379 0.35790731184387 0.4528624584067 0.338746793346299 0.314330374065214 0.538260191710092 0.486126608838087 0.87047315286662 0.819043277060907 0.739194971665172 0.671847512182919 0.466023031920183 0.402285298814129 0.515200645869342 0.546913739773481 0.79859544060591 0.746845412723931 0.673690129547408 0.690744929737519 0.0894840665984269 0.227375379241723 -0.183348397316259 -0.0550343364306435 -0.070327325411254 -0.264045381279096 -0.16878265405696 -0.157886138388568 0.302622957844759 0.297893641853262 0.319170708999595 0.108137765233074 0.29849446157596 0.168602595041748 0.366641369794744 0.287278300297768 0.37198093856924 0.281158257475378 0.520942971050397 0.370709688569845
