"V1" "V2" "V3" "V4" "V5" "V6" "V7" "V8" "V9" "V10" "V11" "V12" "V13" "V14" "V15" "V16" "V17" "V18" "V19" "V20" "V21" "V22" "V23" "V24" "V25" "V26" "V27" "V28" "V29" "V30" "V31" "V32" "V33" "V34" "V35" "V36" "V37" "V38" "V39" "V40" "V41" "V42" "V43" "V44" "V45" "V46" "V47" "V48" "V49" "V50" "V51" "V52" "V53" "V54" "V55" "V56" "V57" "V58" "V59" "V60" "V61" "V62" "V63" "V64" "V65" "V66" "V67" "V68" "V69" "V70" "V71" "V72" "V73" "V74" "V75" "V76" "V77" "V78" "V79" "V80" "V81" "V82" "V83" "V84" "V85" "V86" "V87" "V88" "V89" "V90"
"1" 1 0.857587278513142 0.770706935918034 0.660452411878884 0.319831801662555 0.285528043503058 0.636293127852252 0.770371192371997 0.247134786330187 0.251188292092836 0.217511419869157 0.448136251335399 0.346842387061278 0.388969833571567 0.0612710888831465 0.201180984035963 -0.448331165677794 -0.178605308792414 0.700320699939842 0.70391169603854 -0.0886912682211236 0.0755350230383414 0.76065993118195 0.546654717456675 0.166615243665166 0.138898806119268 0.323870639288205 0.332922104068501 -0.346152674496072 0.0783337207540094 0.343510622563574 0.305910985965301 0.726052782036261 0.551504200098888 0.0278186893232543 -0.0616754169022798 0.23794516243466 0.0828822188026548 0.20152447371105 -0.173943123962377 0.0157819946134689 -0.0628825478661435 0.311995669071183 0.320472974932709 -0.439787955576825 -0.43983967338113 0.264191737760523 0.21155143140306 -0.38424329257281 -0.145026107490297 0.23344869406979 -0.0959716204237271 0.515453090842139 0.459250391610969 0.382053792658581 0.337293747849151 0.781924379214838 0.714531709696164 0.321129005197543 0.289782852251387 0.457317368170568 0.564331272796271 -0.0837376008393882 0.138280107144736 -0.115251075263898 -0.186623522114743 -0.0333253849647813 0.288837678401839 0.766894419887575 0.40583272710963 0.0926499067450223 0.10009658071227 -0.293627837262011 -0.170541724745524 -0.125500457905289 -0.00660410712401358 0.29673801181533 0.190096015506503 -0.170916377240822 -0.0443499861006254 -0.356029910997134 -0.119551821716262 0.385917058071915 -0.115894506594416 0.0927798624021055 0.144892906310683 0.237759884384543 0.288689338040529 0.336467580344687 0.315390734840935
"2" 0.857587278513142 1 0.753655930760369 0.719770953191955 0.349676918005336 0.293061412996001 0.700567025370129 0.877083518858205 0.115260160782166 0.231033455658357 0.481269999940315 0.562719596118084 0.484250779518098 0.609524377811981 0.0705345315270433 0.30930535556425 -0.284081216153223 -0.0527614056405145 0.613932632677227 0.604246004969684 -0.063014977980292 0.0769115619034749 0.82641838230772 0.592876960885609 0.18755198200744 0.190728921378378 0.390399860638368 0.31191329497043 -0.252608438277106 0.0871071088714957 0.440163512630557 0.341225127308146 0.713360993214989 0.522724141088353 -0.0110211624582384 -0.0853327949791151 0.203652217425878 0.0700867890544723 0.1896929573228 -0.0945281961149343 -0.0407786502811536 -0.0506092692615636 0.260233854809348 0.237491915795734 -0.274808110100204 -0.300667924718256 0.208982451344499 0.228304197983277 -0.191096862420796 0.0140518266924784 0.267355227982499 -0.0239369694228645 0.515485569715946 0.477707138347873 0.346874004785983 0.352234707652836 0.657021867398834 0.735703040111681 0.319024349363524 0.340497987322636 0.458752771106526 0.629283699277734 0.0701424753963142 0.337000797697816 0.0679451914808708 -0.0139364480212451 0.057622114880065 0.326830123775601 0.67708315592515 0.256347879066789 0.151411413314205 0.22948417568032 -0.268089049493089 -0.185072745389726 -0.0934102790985292 -0.0433404619280242 0.227128405059939 0.141035341544802 -0.183894325166443 -0.0447666542682952 -0.30371519006559 -0.108970090294923 0.333721681838056 -0.0464637801003391 0.0514408588442047 0.201522106569762 0.276162907962559 0.30853919317367 0.500561585084375 0.292315313154247
"3" 0.770706935918034 0.753655930760369 1 0.856043660551729 0.244602494701855 0.133752334213971 0.8074531218765 0.892774927999094 0.259744553646202 0.301708875613307 0.18946476185575 0.464099683153937 0.350516253662047 0.473637894116418 0.175948576138626 0.389844163095751 -0.251594413382937 -0.0921058381385137 0.68129180904634 0.732381375089725 -0.0236872353667047 0.0129830119504137 0.844484609345088 0.755424068909462 0.084535289176119 0.0704980947295129 0.289541371738811 0.169004783508823 -0.106103153029512 0.169348221937017 0.294288474734333 0.424261426126624 0.684645271442633 0.659586789602871 0.00531821836241526 0.0799904080899306 0.238873775385859 0.170342816858935 0.268760114874817 0.053416200478548 0.0871482754969444 -0.0209822988167519 0.285337087969234 0.276428932183784 -0.185125629991398 -0.189087456799947 0.261563375824579 0.169875293024746 -0.134860943165728 -0.049806094660497 0.29741542916138 0.0613367325335102 0.405909111947407 0.301567500382969 0.357221889959827 0.337674410498742 0.545449225660427 0.627165710729667 0.234616343553715 0.256010901548558 0.28980531937224 0.422076121770933 -0.076808647518698 0.191805657146272 -0.0497834993309027 -0.0784554795087796 -0.0393318533052617 0.192912601440844 0.594896619670541 0.334563823231986 0.250001386357289 0.228765210429352 -0.134281489850861 -0.111418980197472 -0.0451719899514949 -0.0290089336752726 0.112890848841968 0.0907945405958712 0.0048560116799438 0.0532155979765265 -0.121632515443823 -0.013239989098885 0.221841974855777 -0.00365687856210102 0.262324646183899 0.178409194732414 0.238156638294245 0.0833886521071886 0.384264128399307 0.316902913553238
"4" 0.660452411878884 0.719770953191955 0.856043660551729 1 0.224129352384841 0.140394617220874 0.930756630614162 0.871280290390482 0.121718724662891 0.184168139499323 0.35948688676257 0.514707059434851 0.518166851361451 0.580242304861122 0.196268130800808 0.408800922294382 -0.0779705692088844 0.014576507113694 0.558673407477413 0.629522514515 -0.0168573586034775 0.023229920466613 0.787930223279694 0.866197371578395 0.0770115935339897 0.136578124168393 0.312957491472259 0.111440621782033 0.0215381376582527 0.219821579828403 0.321583734908276 0.482013847499577 0.622481086559596 0.696480192093672 -0.0230867516747084 0.106715953155041 0.15024799378334 0.130074063911511 0.152977989615858 0.0759584986738794 -0.00121666213643503 -0.110240148462569 0.146788005091439 0.203494807785016 -0.10144620598611 -0.11401961176103 0.10000510454224 0.141933608459178 -0.0564208157515221 0.00569014204207075 0.232798678594438 0.117886210493841 0.271870073367945 0.20838936873844 0.204549808981685 0.191560338977107 0.410719189074355 0.602224103269546 0.179535552867268 0.214708903047796 0.212860353067936 0.387132448041523 0.039785540692398 0.348339490545784 0.059176879096227 0.0112554935559511 -0.0638160158792203 0.0990296482286037 0.51685542088395 0.242204109236089 0.382931587600934 0.374338656847345 -0.0419788493525241 -0.082116093064295 0.0722010628881549 0.133536954633461 0.0563478464690048 0.0575090475110345 0.030914655964631 0.0920622422592776 0.0117867482056394 0.0138601733935416 0.147459472619293 0.0506563740407596 0.192659932543949 0.125615149690494 0.282433531431207 0.121209172797273 0.30230109789013 0.280169378584144
"5" 0.319831801662555 0.349676918005336 0.244602494701855 0.224129352384841 1 0.878589137818172 0.16347697998323 0.343948078592364 0.714459792860899 0.753883608541615 0.115151700709804 0.435356573732435 0.207178378697437 0.318917169565681 0.643521758126588 0.601934872776113 -0.00204571698156039 -0.0536831610003808 0.26814245023123 0.193593081310971 0.586285858220595 0.563961052883095 0.328292598958347 0.256761091646144 0.784560570408293 0.758848714999829 0.794784372621995 0.861738780181976 0.340372815137297 -0.258660059761194 0.32120044587521 0.461143423570627 0.294817626605308 0.300148965910876 -0.134651253736009 -0.214773987318523 -0.150116683690445 -0.230882082591975 -0.216613140081529 0.159047829017359 -0.283917531794782 -0.0283767752699849 0.119081621397745 -0.10605808492937 0.030046500463181 -0.0495782379210854 0.242579917222719 0.415478246972316 0.0535645937923275 0.293525057820617 0.325932786760649 -0.0666100029745713 0.410031098593104 0.341411467504418 0.197487405781495 0.14595883287751 0.268227631559366 0.45574286403212 0.536921409387744 0.488192956926257 0.419281447812403 0.544006210647723 0.175004623033545 0.355682549857609 0.467016912252925 0.466449879038562 0.260021077409239 0.377862279338172 0.0791751430441343 0.137045398248786 -0.125709680498395 -0.110657360787627 -0.350284658186099 -0.3725301221704 -0.43350668964193 -0.472795704665493 -0.158029454515391 -0.201624276215001 -0.192007943776864 -0.326937943334167 -0.145659387369505 -0.380410935088579 -0.352868382585348 -0.298705183882974 0.235214044179699 -0.214721271040009 -0.152036830826297 0.00181317436181679 0.537411868730248 0.410206239465318
"6" 0.285528043503058 0.293061412996001 0.133752334213971 0.140394617220874 0.878589137818172 1 0.0609607710667507 0.244350420475688 0.553728776022584 0.695637766466295 0.0533409246930354 0.220252364032762 0.10994411785469 0.136347838437849 0.482001332936611 0.49175458193712 -0.147834777629572 -0.153597716188095 0.325105607300383 0.212410297897042 0.487307290677717 0.562243283676822 0.216562416815634 0.0972350180313344 0.735569836690834 0.76280888524532 0.776965212319991 0.923239404305528 0.158620451977222 -0.318226702723138 0.21192285407482 0.26931754193007 0.173318293739106 0.120754133950521 -0.296111564628828 -0.30366060822536 -0.146540877752182 -0.266685753627273 -0.281702735344428 0.0366773288652843 -0.294568383637984 -0.0797110293118288 0.0625754133387243 -0.15344728739442 -0.0896235078795544 -0.174756124302521 0.165959758138149 0.333115956688833 -0.0556747983865648 0.0979370551762253 0.172829472588457 -0.149910900586739 0.363039131206866 0.328394836361873 0.102794282248923 0.0384329893637448 0.323535912188525 0.387091640878299 0.539735850923458 0.473263998406449 0.352557022857887 0.411255609399693 0.0143529326336747 0.139294018099815 0.270779507696624 0.267361139578782 0.204974923320825 0.248248780021231 0.16468824908165 0.17083059137051 -0.25275582793358 -0.283080574130213 -0.400896663558347 -0.394630720039141 -0.365353975081048 -0.385602131382488 -0.0664767826111906 -0.120837412554686 -0.241006487643154 -0.300712385766547 -0.224536345937854 -0.383175369814108 -0.241584093829204 -0.261723244249508 0.0905542342659051 -0.220181255884509 -0.101296907322643 0.118433442347989 0.402731128532559 0.331985742235451
"7" 0.636293127852252 0.700567025370129 0.8074531218765 0.930756630614162 0.16347697998323 0.0609607710667507 1 0.83797368137991 0.102386704728295 0.162192516765684 0.330035580533929 0.418246586861677 0.51123412450227 0.519671156264066 0.188233089324904 0.379907944500636 -0.134282477411259 -0.0628215383183151 0.527266155460724 0.596096014479923 -0.0462500088053893 0.0212359601177859 0.75045059240088 0.828372951268617 0.0506326280176977 0.0932812107867123 0.261113036448575 0.0609341213523839 -0.0352262238371368 0.19097547067865 0.316344912734052 0.431769749134907 0.615993232784405 0.648670741401067 -0.047347423837719 0.0994034779500789 0.169033537323433 0.175249019279892 0.206078365985933 0.0522878297416306 -0.0109822985819286 -0.152559765584657 0.21043245611828 0.295711823479048 -0.047992991538493 -0.0866592999509661 0.135601396142187 0.127542631909524 -0.0898810293876159 -0.0578817691429316 0.177243321658719 0.10468507528516 0.320874789352708 0.273214125121033 0.253386534474043 0.250380614452157 0.383823214999664 0.549824596081916 0.17064803802728 0.22066809131051 0.202028981706435 0.326306055303628 0.00874429232628844 0.287406906795097 0.00853036312900867 -0.0276766049851095 -0.0177307443093465 0.0986990659869387 0.510621683134879 0.257666329705132 0.451189274281464 0.419586822773121 -0.0635697048429607 -0.0955032854056691 0.0670077909649357 0.198188093042171 0.0672873092835714 0.0799568707551101 0.0115496245872205 0.071384159048328 -0.0132085335172999 -0.0167150249277537 0.188515903842962 0.0336873713804327 0.156144574942388 0.1628517729125 0.309648149937459 0.183890101028478 0.304925477845432 0.310537986996706
"8" 0.770371192371997 0.877083518858205 0.892774927999094 0.871280290390482 0.343948078592364 0.244350420475688 0.83797368137991 1 0.227445612566072 0.317697284526937 0.406510166777996 0.585598007830473 0.519601910416762 0.648149034522123 0.166616139141385 0.411652555138063 -0.229534905818791 -0.0383477614308418 0.636020064165598 0.690615612071961 -0.0128160362350751 0.0797622931550488 0.922167322977419 0.791729892852425 0.187331946994628 0.18668160433492 0.354605454679772 0.249731838314285 -0.130697403287827 0.138350393681066 0.445108188277436 0.497902162888717 0.731446227473847 0.65262647905116 -0.0251849377150354 -0.00224817112202401 0.24265062835051 0.10277829508407 0.21227287345552 -0.0114252341616958 -0.0342084772031679 -0.0913299217214748 0.310141698208943 0.267667686678566 -0.182782135629447 -0.215924855236702 0.216590273974597 0.22670108076377 -0.123313101707289 0.0194363228100839 0.302513906870525 -0.00653837051847226 0.502679901594062 0.393854333138504 0.361737561482907 0.324010122425722 0.574558362082947 0.742525517179266 0.319355913451983 0.329805877945089 0.376284520390666 0.572919159760866 0.0788607183461176 0.34550330410746 0.0937800420577398 0.011258862667036 0.0399708772746155 0.27031377456512 0.619193243380494 0.298902447778766 0.215347842549054 0.212055400785003 -0.191219260127226 -0.171963900454214 -0.0523254579954042 -0.0664432098051109 0.178377801244659 0.124704105909222 -0.118369065972932 -0.0440155756502659 -0.187463131893978 -0.0933176768143558 0.24207239938583 -0.054909278023918 0.195993248332011 0.175989807425538 0.247388297241492 0.178137657006112 0.51246943021135 0.403862076925862
"9" 0.247134786330187 0.115260160782166 0.259744553646202 0.121718724662891 0.714459792860899 0.553728776022584 0.102386704728295 0.227445612566072 1 0.807020762349681 -0.129176404708681 0.252343684253738 0.0955988592469339 0.0643238641123601 0.714106685284321 0.520451874242209 -0.175901297899555 -0.345137227456006 0.250526769291863 0.167103233252906 0.681426522235967 0.57970022836949 0.242306538436268 0.226015975517592 0.732450954902478 0.56790043554096 0.535264795223948 0.6233701672445 0.356860028501801 -0.391640760058028 0.315925441772685 0.539263749416177 0.355703733857825 0.400114928203043 -0.0779828499582825 -0.249820174574566 -0.243643640869665 -0.268330743723903 -0.197099176107559 0.131596256384687 -0.277347576172349 0.00334638943292196 0.220057191587769 -0.0458197627666271 -0.049135115190478 -0.119558011313897 0.424350448057248 0.458521059131521 -0.133285943676163 0.124589490206658 0.233176090166697 -0.271319664051379 0.398123045420095 0.304137439991111 0.344018865446965 0.301065770320295 0.196770169199118 0.350314980436239 0.614410049877596 0.517945844270452 0.505839026730593 0.544739121737472 0.193509396433906 0.184767834392363 0.336104039641326 0.430987613440498 0.384890791123844 0.463156622714519 -0.0072696794201092 0.329331066717201 -0.0744150836776257 -0.0760517299815164 -0.463166327266792 -0.444959271304531 -0.671417787195801 -0.601065236531216 -0.0955000044006996 -0.232204725398873 -0.236493894905034 -0.477018229152991 -0.243870727429261 -0.543504543508144 -0.452585901816178 -0.522702008104737 0.302102118525703 -0.341858845640065 -0.282602861006662 -0.169178361368154 0.333829087319288 0.365254201081612
"10" 0.251188292092836 0.231033455658357 0.301708875613307 0.184168139499323 0.753883608541615 0.695637766466295 0.162192516765684 0.317697284526937 0.807020762349681 1 -0.151609268094099 0.1189837152458 -0.0141000950568083 0.0305173364515335 0.698215286719434 0.661348179123292 -0.287485278631657 -0.425976387411694 0.406250729559917 0.315482972018785 0.614051266759883 0.525784412677396 0.342721905342156 0.161708063736926 0.677980181708841 0.54770468746147 0.656497699422882 0.755927317553096 0.260509581132333 -0.443732191208323 0.224295078253428 0.33775996536726 0.31970695387133 0.258808819706055 -0.255796632967022 -0.290673644326034 -0.16784495288524 -0.205571293437281 -0.172409909136227 0.188781787970217 -0.219888439502645 0.0346700320062155 0.136196328292737 -0.138982457935343 -0.0346683198518838 -0.147407555068053 0.345607048236614 0.368116283908604 -0.0873599662885041 0.0261860090893362 0.144747014621887 -0.257251139175009 0.386782370439761 0.278126289524631 0.268809980152704 0.272132298391967 0.230120624398223 0.37468937917092 0.636562622144675 0.605635578788455 0.42731846405024 0.490669404355196 -0.0270613896081243 0.0433722193933901 0.241403006528567 0.302412442538209 0.337307486787247 0.357591775699899 0.0387984249151663 0.195187013957344 0.011018137551453 -0.0354054646923817 -0.469456418753405 -0.469229789717616 -0.641397974905997 -0.618010987339216 -0.157339421491472 -0.196572091047903 -0.168102331231162 -0.38575137620744 -0.234143926581366 -0.522236079588364 -0.362720521211174 -0.325167988398761 0.195662244217003 -0.257118906417057 -0.0647526538023202 -0.102351232858 0.346645510543552 0.373157046694905
"11" 0.217511419869157 0.481269999940315 0.18946476185575 0.35948688676257 0.115151700709804 0.0533409246930354 0.330035580533929 0.406510166777996 -0.129176404708681 -0.151609268094099 1 0.690716084625547 0.84371752739457 0.814450555953525 -0.12888130604943 0.00917285501660189 0.218355696039029 0.282969778892847 -0.122468463833144 -0.0021688975313346 0.0662151970164803 0.220677626847533 0.337532143944677 0.346123995665975 0.233691436598409 0.298149050077555 0.0544431382027009 -0.0583169923450707 0.0661687672620601 0.186729630282022 0.661780909424518 0.49971019533417 0.408638948013732 0.357269004245226 0.156298797368184 -0.00130438366659243 -0.0546324008318127 -0.218268307469525 -0.19886146374228 -0.274759691391097 -0.279279565271318 -0.236477878529885 0.140450033807252 -0.00833863068224723 0.0291472407666543 0.000150072593644482 0.0969125211748858 0.22499848676368 0.0655784968642372 0.289541359109093 0.0806758062798237 -0.113073912817852 0.218332918595054 0.30774957057768 0.0923296233455759 0.101163681551937 0.211485949538074 0.467625593318447 0.1990063747696 0.236967336966943 0.368144538087827 0.441177789063202 0.599855064790092 0.668418603668678 0.462682661077213 0.401765524841383 0.295312328159952 0.305812887402939 0.102465243658288 0.11740693105067 0.215437424378291 0.419075057059203 -0.0969826076201017 -0.145757093270887 0.157440581686597 0.0631829264528205 0.31941040061635 0.302041395490863 -0.380819127152604 -0.228928632495979 -0.190274874984664 -0.0105259368760567 0.0666867299252597 -0.227588999751607 -0.123933506450193 0.00759929953086243 0.0442997311073472 0.215030274609879 0.296495647089271 0.140654894418186
"12" 0.448136251335399 0.562719596118084 0.464099683153937 0.514707059434851 0.435356573732435 0.220252364032762 0.418246586861677 0.585598007830473 0.252343684253738 0.1189837152458 0.690716084625547 1 0.722045976641449 0.891857952038538 0.138553210853244 0.198610415970396 0.262388702290006 0.38451639377229 0.141620273934388 0.157886943561297 0.193837296217576 0.230970835213934 0.572631121764734 0.572675144490937 0.373884251853279 0.368298856344933 0.169893287032294 0.154906647902248 0.226158057046149 0.285982496511292 0.609311422007506 0.703550683388632 0.544185102801647 0.591407967610328 0.232377124896307 0.162694865986778 -0.0524564532108427 -0.201658620140526 -0.127157455558147 -0.135110611317369 -0.277092845019099 -0.158749172985673 0.117867611579671 -0.0241166287672053 0.00377532839039099 -0.0177065714746898 0.110099535401011 0.223186920993852 0.0157928203721229 0.396835076963903 0.270321336307181 -0.0504094652285164 0.34713769904195 0.264859238320576 0.144175131554845 0.0591906553371119 0.355247317546323 0.639143235840836 0.277850010387448 0.25076593812702 0.41962276965856 0.622159548433449 0.54617647335305 0.778351658377083 0.507015095344485 0.4558905972922 0.209100101214723 0.41723121788362 0.233776414966112 0.237176657180159 0.13780727498922 0.277309785380087 -0.0756294634762184 -0.113620282942134 0.0273359636151811 -0.14347771597849 0.184278784900171 0.154709388401366 -0.236435911670675 -0.170368791421472 -0.111546292314122 -0.0505094429224797 -0.0466156260313016 -0.248004786823829 0.0650180923322032 -0.0813990383973398 -0.0862138564599056 -0.00120015480351132 0.438971933437551 0.361563949100237
"13" 0.346842387061278 0.484250779518098 0.350516253662047 0.518166851361451 0.207178378697437 0.10994411785469 0.51123412450227 0.519601910416762 0.0955988592469339 -0.0141000950568083 0.84371752739457 0.722045976641449 1 0.788100305809466 -0.0345910625996478 0.0821950728885955 -0.0125215992307473 0.0148280833733137 -0.0102871579785764 0.123802673282338 0.208310621349003 0.429874764255651 0.440926451968912 0.55871602410373 0.392851916425206 0.415422378561047 0.106747383403859 -0.0072534948301885 0.0499674455273971 0.0621398092919788 0.811725654554218 0.739591095092433 0.61796685649987 0.604713993117042 0.0904841388642538 -0.0657967120786016 -0.0608775139153272 -0.261968266658056 -0.147417402332647 -0.377678814483983 -0.394378551555525 -0.362426570312095 0.414034269381737 0.168480820833785 -0.113976927575635 -0.21141108613505 0.34007838982118 0.418343940138579 -0.167600019239152 0.166527643024726 0.146074649264519 -0.255263947595053 0.426017300690279 0.512606721933065 0.350156333527682 0.254077507604854 0.344040899744878 0.661061005785359 0.417005977691137 0.424776872760817 0.579607960069797 0.575916915517619 0.613849968622585 0.660972298230078 0.436454728848949 0.366987415348098 0.435006651707554 0.50336398651706 0.192469513049519 0.361533632171397 0.249242468601389 0.395605978463118 -0.259842908940487 -0.323603728903983 0.107156776128742 0.074643853861671 0.440801085226642 0.357703196519861 -0.572868850395874 -0.439003762908354 -0.377046485255678 -0.226241549972602 0.053958501668212 -0.484209602869708 0.0245558602013473 -0.0743313700212075 0.0261933797700883 0.371002420870894 0.305301339988025 0.341200409374975
"14" 0.388969833571567 0.609524377811981 0.473637894116418 0.580242304861122 0.318917169565681 0.136347838437849 0.519671156264066 0.648149034522123 0.0643238641123601 0.0305173364515335 0.814450555953525 0.891857952038538 0.788100305809466 1 0.0363284388780443 0.19616495171613 0.271836978612284 0.416833992099673 0.0977074569042128 0.172090243568068 0.0682344700674281 0.125899069443315 0.586092333058189 0.561797477348254 0.248374036733264 0.279415050577292 0.150914649938603 0.0448135248503162 0.145824662342006 0.307919712934605 0.634799387843394 0.626100633816227 0.526820468661556 0.515916014288311 0.204677041342614 0.141019808238192 0.0608625290860386 -0.0937393072804749 -0.059110883401581 -0.0768895393765301 -0.22550280205638 -0.11335904451313 0.140762278553716 0.00553091009827486 0.0888509270619945 0.068822243311746 0.0725388924395523 0.193863795755638 0.142379001294178 0.435911159331751 0.284686158124997 0.0463394491137161 0.310342845122301 0.26695603809143 0.141199907006626 0.0991813174869448 0.308394196481717 0.596807547787441 0.201309062243863 0.214815876918486 0.319946342511912 0.538121315811091 0.552376436078142 0.784707353932039 0.512935557246431 0.438950015726357 0.182522516756689 0.317667325462382 0.232079551721862 0.117022818872822 0.253829129016704 0.404172619524626 -0.0445718454294317 -0.047886944903683 0.109572383865707 -0.0408876998007203 0.195456528512364 0.22396596824999 -0.22747948341647 -0.124650323388231 -0.0710099028826466 0.0500747849908062 0.042705110804232 -0.129830554072638 0.0379451718425551 0.0594401373085676 0.00339155745883613 0.0499402335279375 0.492201614958611 0.337533727503002
"15" 0.0612710888831465 0.0705345315270433 0.175948576138626 0.196268130800808 0.643521758126588 0.482001332936611 0.188233089324904 0.166616139141385 0.714106685284321 0.698215286719434 -0.12888130604943 0.138553210853244 -0.0345910625996478 0.0363284388780443 1 0.81356631630452 0.177058257047437 -0.200957311382761 0.146084767387049 0.00987660583185117 0.793898413552648 0.488244637319135 0.114114588554204 0.218806558571363 0.598718835008153 0.54274733173016 0.658722239363689 0.594295606242463 0.746015809047034 -0.440641661090924 0.0846951295633811 0.365613522632941 0.152559071948033 0.348092634230697 0.0152859754950854 -0.0231042415930561 -0.438366340445322 -0.226392045948982 -0.215905176276763 0.504161078576224 -0.237396094707532 0.123390402025077 -0.174919746985585 -0.257354221859202 0.309056563416145 0.210947355185985 0.187071553878389 0.285296861748032 0.244779016893421 0.35629557743346 0.200227719604189 0.0502412522251602 0.15782540311043 -0.0144169384791748 0.0737989297535687 0.131743261037046 -0.129731557792945 0.103921375409412 0.348703150039691 0.364360812839782 0.204078566950695 0.327533725917003 0.189562879271267 0.280907362239059 0.515035917861024 0.598587598113699 0.26067150551673 0.202835868630294 -0.237275506022274 0.00356089963809674 0.124500649637861 0.154520149179532 -0.267200420365571 -0.383921025574565 -0.64868231216946 -0.510631585905558 -0.586091758755911 -0.625169676867189 0.0482883160705821 -0.307184068061868 0.172867135648388 -0.437311583906023 -0.755718918873844 -0.189970346351918 0.194643445872687 -0.385671155999749 -0.110761933450889 -0.346662443541999 0.245292276667073 0.135251965240065
"16" 0.201180984035963 0.30930535556425 0.389844163095751 0.408800922294382 0.601934872776113 0.49175458193712 0.379907944500636 0.411652555138063 0.520451874242209 0.661348179123292 0.00917285501660189 0.198610415970396 0.0821950728885955 0.19616495171613 0.81356631630452 1 0.114823018598786 -0.122355648872881 0.320870565637117 0.24274826482914 0.56708317346713 0.358447143734072 0.34552019694531 0.36136282787273 0.430089842123794 0.460300209473588 0.745250268767492 0.56314917308133 0.538568260310959 -0.263203506297303 0.108738895487119 0.331077593884821 0.313545361909827 0.408818683154463 -0.0662606839849439 -0.0526667209980576 -0.215092117438532 -0.0430718475816717 -0.0641626783672157 0.442409435824632 -0.114979710562477 0.112706351329347 -0.0610814502871463 -0.177362704212835 0.257941952414826 0.151947452839539 0.167621408395512 0.274240433422484 0.267930964536412 0.239980576391873 0.185421128101035 0.123683308016365 0.20500829821195 0.0865821844867195 0.114970422738054 0.176361883633884 0.0479084437209864 0.236188518916655 0.338229700853707 0.386085395920793 0.167539008317614 0.342932771075001 0.118736718009667 0.302578688586959 0.371627822975615 0.428735609596128 0.227381280312704 0.17182593806226 -0.0226567535689518 0.0484485403911798 0.131556598631887 0.206697722476566 -0.162384788774795 -0.324636513088903 -0.464975741342292 -0.380449155445315 -0.481731371558133 -0.469620257843022 0.134499214478316 -0.131863894934564 0.179158449205083 -0.258639337123542 -0.487580588493506 0.00696160571671805 0.226919327502819 -0.16313876265258 0.0974548403827934 -0.198419591575547 0.309459202242012 0.17140875627184
"17" -0.448331165677794 -0.284081216153223 -0.251594413382937 -0.0779705692088844 -0.00204571698156039 -0.147834777629572 -0.134282477411259 -0.229534905818791 -0.175901297899555 -0.287485278631657 0.218355696039029 0.262388702290006 -0.0125215992307473 0.271836978612284 0.177058257047437 0.114823018598786 1 0.804345405130227 -0.448110377811354 -0.46386427121749 0.0590751141467537 -0.265832517543714 -0.274317178599192 0.0157285788410611 -0.146711142075403 -0.0222567823161676 -0.0621019991773775 -0.196964931093891 0.66339040907088 0.361750866592876 -0.234328951101669 0.00664405774884043 -0.367445290835211 -0.0445551469492872 0.351932535711421 0.521360728424119 -0.0981656859940756 0.0707688274105934 -0.0773305687768769 0.501729229165882 0.129329780667857 0.260998592020279 -0.483372573911343 -0.309217971258859 0.745760975542605 0.790728866485054 -0.381712947842963 -0.315446213751181 0.752556953667288 0.644068704742513 0.110865271686959 0.564529409802336 -0.456197320594954 -0.526039499831562 -0.441552161050557 -0.354136156438574 -0.545586500264929 -0.402361144527666 -0.487214517407269 -0.430161840821054 -0.508671484417099 -0.295291716846828 0.369975869577333 0.505777166437065 0.456030233316296 0.491869598335675 -0.118160108365455 -0.211733706394773 -0.478322995962637 -0.441047996191974 0.09513151340517 0.18884881436292 0.530006262507272 0.371821973579361 0.143024289555489 -0.00366270380192661 -0.556125478093625 -0.366204050237461 0.507006202973431 0.359231949656814 0.780924812195858 0.443348204052217 -0.437275982147651 0.386676733670716 0.110804857364024 0.0302595248747987 -0.0907561323516472 -0.491029618520698 0.0307845573155212 -0.226343750016905
"18" -0.178605308792414 -0.0527614056405145 -0.0921058381385137 0.014576507113694 -0.0536831610003808 -0.153597716188095 -0.0628215383183151 -0.0383477614308418 -0.345137227456006 -0.425976387411694 0.282969778892847 0.38451639377229 0.0148280833733137 0.416833992099673 -0.200957311382761 -0.122355648872881 0.804345405130227 1 -0.228676703013777 -0.195481283911171 -0.378650468203853 -0.537946479363158 -0.0472685968912004 0.0328271861396966 -0.368377676331395 -0.233355033408741 -0.189166102852638 -0.223833904792384 0.21025086985209 0.6487844136089 -0.262989131184843 -0.113765624683349 -0.304588926075698 -0.139232678411486 0.296793461686063 0.490088993182295 0.212084266987859 0.2301660610629 0.049526438161363 0.278576830188098 0.268360736605007 0.21683683879537 -0.409360276194884 -0.175813219827684 0.456564978984207 0.581681085668942 -0.537460042088115 -0.439264026880901 0.573123594081863 0.505643088013632 0.14329743555729 0.557839503873838 -0.376682689846495 -0.4621769516817 -0.484157634062348 -0.449642290109989 -0.224417577996359 -0.24639570934149 -0.56975725889936 -0.568106996481194 -0.562311486505676 -0.285447879931307 0.171112392650507 0.403425608094451 0.191363702497078 0.149434525354102 -0.403790371409416 -0.336362383343279 -0.120649014116014 -0.424203215094444 -0.0231566650098479 0.0428236378731088 0.611954651240928 0.594965737463491 0.387786512729805 0.156677547472188 -0.283693130960263 -0.0872265724504936 0.511945316138519 0.583652361521216 0.640167291810734 0.683141869476476 0.0170200375967184 0.541457370507454 0.0288965292926435 0.243193128906722 -0.109868039224383 -0.369515913126664 0.103091372069301 -0.102958582481459
"19" 0.700320699939842 0.613932632677227 0.68129180904634 0.558673407477413 0.26814245023123 0.325105607300383 0.527266155460724 0.636020064165598 0.250526769291863 0.406250729559917 -0.122468463833144 0.141620273934388 -0.0102871579785764 0.0977074569042128 0.146084767387049 0.320870565637117 -0.448110377811354 -0.228676703013777 1 0.841810675986711 -0.0528772283953709 0.0230487625543427 0.621039207356621 0.31746363673189 0.102789693370917 0.0579619377054148 0.279516764226452 0.381503383811097 -0.282733961985688 0.0230228614141411 0.0581130007669717 0.0587656331398091 0.389374722545941 0.252894961044123 -0.234262199239691 -0.191305333657535 0.132167786300676 0.0888890441545296 0.0974972931987192 -0.0357950171083346 -0.0135695711448152 -0.0767891499793963 0.0904528506972214 0.0455633271261796 -0.341376715871829 -0.360650937726033 0.0418583767018468 0.0229380718216672 -0.34973715492676 -0.343044374451151 -0.00222113751119188 -0.15628593726873 0.269080480027643 0.229011561414772 0.135402242726959 0.0937834894454461 0.682287851681495 0.528258518776181 0.322316955152556 0.314531967014816 0.17554935401149 0.263106968485647 -0.343016832899704 -0.22257679034084 -0.376678412403872 -0.344796290538404 -0.112568111944593 -0.018542512017143 0.684649843628683 0.31722183152823 0.102308736327624 0.00786196930336776 -0.256923458086756 -0.116096142072846 -0.158535773796469 -0.104395053135248 0.144751042638326 0.0959621201301973 0.0206385848799003 0.0797260082384355 -0.195637556308653 -0.120162896001282 0.239109151999778 0.0449322752874104 -0.002246005186888 0.0280900055603514 0.145902876941792 0.147009015189282 0.209601818888887 0.407953405931926
"20" 0.70391169603854 0.604246004969684 0.732381375089725 0.629522514515 0.193593081310971 0.212410297897042 0.596096014479923 0.690615612071961 0.167103233252906 0.315482972018785 -0.0021688975313346 0.157886943561297 0.123802673282338 0.172090243568068 0.00987660583185117 0.24274826482914 -0.46386427121749 -0.195481283911171 0.841810675986711 1 -0.158131371482505 -0.00532861693060087 0.670242369004323 0.405092465272083 0.0326926431589067 0.00910003735263314 0.229669052205981 0.264025353669051 -0.34623733453341 0.095602228945354 0.161111819102206 0.135469474584269 0.47065207019648 0.343455265247459 -0.14820435000548 -0.148841496494666 0.249241768326373 0.121481585104634 0.0933607683936334 -0.12101373469832 0.0506275094563569 -0.164331579991996 0.200312865415635 0.130421399318941 -0.40290427139241 -0.398005594665185 0.0940942396814209 0.0476219740818459 -0.358604399435413 -0.39725087567968 -0.00981915007232448 -0.181711253966729 0.254696419387062 0.205958441662551 0.161453723360611 0.114453817696832 0.714068822331737 0.601121548497935 0.291432206057844 0.27580646264767 0.162977192140923 0.243107450605 -0.293816497577902 -0.20264284469101 -0.367272166058544 -0.384647412939644 -0.130885749766426 -0.0262304827285506 0.631214491688522 0.354772286933269 0.149892821756659 -0.0126926008408359 -0.153421995778243 -0.0709033723156066 -0.0117875332223295 -0.000376442806260941 0.252497851654911 0.226849405695065 0.0133180669927739 0.124680624473097 -0.204351716314844 -0.0199931192230674 0.343570452068501 0.0270287518340837 0.0602435425504013 0.0947454030097652 0.209315552737225 0.132286858033439 0.155860045500522 0.386200831189123
"21" -0.0886912682211236 -0.063014977980292 -0.0236872353667047 -0.0168573586034775 0.586285858220595 0.487307290677717 -0.0462500088053893 -0.0128160362350751 0.681426522235967 0.614051266759883 0.0662151970164803 0.193837296217576 0.208310621349003 0.0682344700674281 0.793898413552648 0.56708317346713 0.0590751141467537 -0.378650468203853 -0.0528772283953709 -0.158131371482505 1 0.841337518745577 -0.0821343119509911 0.0601570345884647 0.842359020239988 0.763564921892702 0.525427101428766 0.521660528067566 0.71240804378758 -0.610099015252478 0.402940880385788 0.523139677773645 0.178687237917061 0.308285785127874 0.036643744973167 -0.161064386952831 -0.656310697462239 -0.567267711998916 -0.481048262727556 0.130983621220227 -0.535036660083387 -0.11081315529297 -0.00917437308813395 -0.326337757067143 0.176444955827194 0.0240553817624166 0.365371809962772 0.471055152210543 0.0297924882171434 0.284442214405344 0.0791582696707537 -0.30192973583036 0.249461494449598 0.203788394108407 0.162235936891059 0.146228185824372 -0.0876313035239922 0.219951302874533 0.562542228515412 0.580950376600647 0.481558533629136 0.431217987634369 0.42728441981746 0.325619706615688 0.618004912249093 0.696982489279025 0.564035467256577 0.419310536336609 -0.365622150697476 0.171485591886453 0.0237149738253965 0.121189787305912 -0.454761089667632 -0.629127555908466 -0.604914186659579 -0.533535421872763 -0.259307255117456 -0.365762540913888 -0.368870331502426 -0.686591920358377 -0.173327542415138 -0.684657062261552 -0.811402833333343 -0.60334515048127 0.0551270421245963 -0.606437039108816 -0.251978100599579 -0.133356065241823 0.156780553542123 0.193066323328313
"22" 0.0755350230383414 0.0769115619034749 0.0129830119504137 0.023229920466613 0.563961052883095 0.562243283676822 0.0212359601177859 0.0797622931550488 0.57970022836949 0.525784412677396 0.220677626847533 0.230970835213934 0.429874764255651 0.125899069443315 0.488244637319135 0.358447143734072 -0.265832517543714 -0.537946479363158 0.0230487625543427 -0.00532861693060087 0.841337518745577 1 0.0210938042214432 0.0786779492412222 0.892377927045109 0.830045845583573 0.471817455551728 0.533230191372554 0.345224890888403 -0.566432249346117 0.63125159308636 0.585228913878413 0.328747527719834 0.31015549051585 -0.100531311414768 -0.354390458331205 -0.540222435240676 -0.605746765565334 -0.494678706561291 -0.271796502494266 -0.638966464780407 -0.400375639740734 0.279961747941519 -0.135273028902171 -0.143495121994413 -0.312270440805591 0.476134717259475 0.5974521930005 -0.302030151364665 -0.0110192957020385 -0.00869373855419643 -0.54739116574198 0.469385845022119 0.508007156767725 0.316639074393138 0.211283399653295 0.208773511181267 0.465900003063848 0.751658998860091 0.72156460996365 0.681942385760627 0.506602904213273 0.378638546300008 0.229717662846572 0.424675918538445 0.470032590481135 0.626773828963123 0.511705723232234 -0.100848171111787 0.438951926975447 -0.0594164308776909 0.0139149620611894 -0.583601160641335 -0.736305437388807 -0.399563650411424 -0.347063417061856 0.179200804482026 0.0120471109874802 -0.64832725315989 -0.779484762157305 -0.509015089056673 -0.751368852863175 -0.469090219574274 -0.767238580438983 -0.0404955904091079 -0.55430491320662 -0.204020914580768 0.237720661976313 0.17553781792958 0.357029684398223
"23" 0.76065993118195 0.82641838230772 0.844484609345088 0.787930223279694 0.328292598958347 0.216562416815634 0.75045059240088 0.922167322977419 0.242306538436268 0.342721905342156 0.337532143944677 0.572631121764734 0.440926451968912 0.586092333058189 0.114114588554204 0.34552019694531 -0.274317178599192 -0.0472685968912004 0.621039207356621 0.670242369004323 -0.0821343119509911 0.0210938042214432 1 0.75020392785843 0.161951799068782 0.136400626919758 0.310619211142996 0.229699721914696 -0.214046327258649 0.145014930153423 0.440370609608369 0.492994827365986 0.742959930756744 0.617570849418839 -0.116253079508287 -0.0626578686226363 0.277958113539389 0.0898061756920664 0.22938366594406 -0.0569458303056294 -0.0302018024597183 -0.0983398979588787 0.294925698630839 0.218416888629558 -0.228517530449932 -0.254430761800182 0.19451648611217 0.134526396354845 -0.197463661975286 -0.0595730627879825 0.198341622803826 -0.0876362185515032 0.469826570336545 0.366336227831568 0.354204288526174 0.316307814023324 0.589675086592004 0.728631527825013 0.346479878205417 0.373954998907743 0.415374130309015 0.601050549244049 0.0653721248696608 0.289505770383713 0.0240839175059069 -0.0129259478556549 0.0866042709638358 0.314521999993406 0.668343766537372 0.350472555621749 0.143502882135393 0.15340376339184 -0.226536396854536 -0.179978726596938 -0.0455411785656532 -0.086629935346069 0.218815324988478 0.132636672878424 -0.116747421602698 -0.0114457570128632 -0.220984137960431 -0.0964729380784513 0.326798001995804 -0.0117411069633697 0.130512406283626 0.163154315675946 0.303070514635848 0.202202105601125 0.442314991687745 0.442877597643885
