"V1" "V2" "V3" "V4" "V5" "V6" "V7" "V8" "V9" "V10" "V11" "V12" "V13" "V14" "V15" "V16" "V17" "V18" "V19" "V20" "V21" "V22" "V23" "V24" "V25" "V26" "V27" "V28" "V29" "V30" "V31" "V32" "V33" "V34" "V35" "V36" "V37" "V38" "V39" "V40" "V41" "V42" "V43" "V44" "V45" "V46" "V47" "V48" "V49" "V50" "V51" "V52" "V53" "V54" "V55" "V56" "V57" "V58" "V59" "V60" "V61" "V62" "V63" "V64" "V65" "V66" "V67" "V68" "V69" "V70" "V71" "V72" "V73" "V74" "V75" "V76" "V77" "V78" "V79" "V80" "V81" "V82" "V83" "V84" "V85" "V86" "V87" "V88" "V89" "V90"
"1" 1 0.651275201477169 -0.175300047526073 0.686633875641238 0.458064861203072 0.328886372388524 0.537474031671851 0.583371549435167 0.422393999020353 0.389786600248401 0.562687666475136 0.44747370633166 0.342747248047772 0.355008303383979 0.445831990586761 0.514626606866115 0.213719171689768 0.213978180331667 0.21682414675645 0.436801599794708 -0.228599900477962 0.403809755788196 -0.0471723572865436 0.41846925817162 0.152344967236414 0.289962572092073 -0.0290154636810286 -0.0414234054281804 -0.0882820764518682 0.404939949143478 0.0969006013256074 0.271388901588221 0.246792925995864 0.585472633317174 0.260583180628859 0.417768635723417 0.224950230401654 0.153435466470688 0.636645623759613 0.634780423829299 -0.0536057756116866 0.208483417184695 0.347257941244008 0.537665231223195 0.206884831347046 0.504946671331426 0.562023250165731 0.440504239631198 0.25777912656409 0.391539027837929 0.0577340122924722 0.619067393786454 -0.129739388431922 0.0308694745742137 0.459897169636446 0.578879168944217 0.885594030488927 0.614743157776192 0.157014096457245 0.517335982575759 0.566932675028587 0.671957275097206 0.481321405179454 0.58218918895952 0.542688575228755 0.549937391927471 0.479984815612877 0.57516145398684 0.361948098548953 0.447467396461912 -0.144176226026463 0.302302797393544 -0.044653078652526 0.179028906759865 0.0308349213417427 -0.109624882943424 0.47880574410681 0.332617357413143 -0.0571024912180542 0.0520932353937254 0.543117740819063 0.535884787495426 0.473674346725548 0.513932328439391 0.473085183053515 0.647405463546648 0.331195844332948 0.698821684688102 0.525682996346575 0.706297364315321
"2" 0.651275201477169 1 -0.258221673091327 0.832276975709569 0.224875179675937 0.568421189534784 0.285255034320254 0.795831940940109 0.242768963536964 0.543876839393401 0.546317822784498 0.575536411608084 0.457728257215379 0.681760042209627 0.155693731229473 0.62037430195487 0.305060198979729 0.57524877497818 0.163127752922982 0.676729051203385 -0.0478688918343501 0.298319930213446 0.124838651513137 0.552430698761241 0.137214123113813 0.460298852634207 0.21117706335649 0.309038788880896 0.0181702536394295 0.530058886143974 0.314260438695956 0.463196147304723 0.491677730137671 0.778994029256622 0.0969991861314495 0.543199061994921 0.247896797825095 0.332331256743787 0.361935177411201 0.417086978479116 -0.128099627364849 0.481979460167143 0.473998774770251 0.659650684159468 0.315950502574047 0.675039489562423 0.432529708661578 0.619688430265903 0.312482685830869 0.646333169989869 0.400756801758264 0.7348804375519 0.188941670363066 0.429133652337424 0.302893094800345 0.430712301144185 0.679331222513335 0.900837916130764 -0.101546438074571 0.69117584614453 0.491701798270299 0.856392500146048 0.492969847603223 0.86023168907931 0.488666827074391 0.689690117272795 0.47955097199143 0.77611839638831 0.460636429403592 0.656240103153001 0.237078687444778 0.316735495771447 0.10677479328827 0.51473272139864 -0.0728298470925377 0.220589295231643 0.394645595953374 0.158726147115512 0.26587441675022 0.0161863204925171 0.444361766388527 0.647040352375951 0.19128296042874 0.386333006861906 0.557556492394756 0.590615952890114 0.296228151766772 0.57946542933446 0.407138164638721 0.46116959002584
"3" -0.175300047526073 -0.258221673091327 1 -0.237984434377031 -0.630410305098024 -0.126401208975584 0.560310894647432 0.101071826802304 -0.617135100221015 -0.110553281999263 0.233260173012141 0.26815531316733 0.289379854348609 -0.0785861845002862 -0.408777874339316 -0.210467834904093 0.539922299915891 -0.0113823592612992 0.238968770101162 -0.109601603798748 -0.26452351285047 0.0253726752595147 0.503110278047931 0.356459360702976 -0.433884324467226 0.0688820215907426 -0.407564719490584 -0.145325126801995 0.21120233972215 -0.149669203043118 -0.0948407972544392 0.361045871830077 0.246047856109419 0.151829455751363 0.343608004861509 0.333284254555215 -0.269845924534511 -0.135480717138797 -0.554784791972403 -0.28253804189202 0.139654970744975 -0.450844568280996 -0.1061746090387 -0.138391277344694 -0.0429318026998586 0.103019787015259 -0.189553093398684 -0.403383588580224 -0.0215982122932629 0.242002649797479 0.0779694792118239 -0.0318520915395354 -0.140558803336733 -0.450069582095605 -0.614924614890013 0.140166230402373 -0.432642300717181 -0.0745378525647848 0.772524604248341 0.295603758527622 -0.149027341769732 -0.0842191413874513 0.119837821222128 -0.0878981145658033 -0.0596333835661193 0.138728071362797 0.0869900714909179 0.0636148083564574 -0.120667155750484 -0.194475432072168 0.0219348301050307 0.101889614224318 -0.393805689909673 -0.134255661886236 0.401808632118124 -0.0321942941183319 -0.136052618629899 0.397300450410568 0.296832012968783 0.463082273477289 0.115959347339445 -0.209657573370939 -0.109893111152691 -0.308090391385894 -0.108788909457736 -0.0303360479250913 -0.475989651804491 -0.388409603630909 -0.525115979460628 -0.10040256115451
"4" 0.686633875641238 0.832276975709569 -0.237984434377031 1 0.343795181376989 0.65571987351689 0.40588825534394 0.869819219236171 0.385284863488684 0.581384657996452 0.399812540342828 0.624905698130222 0.385526599948115 0.692852217721898 0.317332650789043 0.716200153863151 0.168031006005637 0.320488518308118 0.253977727596916 0.636083981166883 -0.120954621102065 0.474936420871417 0.133843457404956 0.7233256605902 0.162870660239031 0.570083527979073 0.141321448679232 0.270763145687012 -0.0685452171915199 0.443643992073072 0.31036343049537 0.532700349670658 0.442338554727004 0.777039515165677 0.0425206662223614 0.545897315692514 0.170474815277248 0.217464567888516 0.411817538801508 0.447189350296225 -0.198684062635689 0.368592016405315 0.275716710024276 0.464433418265615 0.225940567639168 0.59763936224186 0.365388207892317 0.442658916165188 0.253016223184359 0.471164802173134 0.211161861126736 0.686137577420471 0.0303092377524607 0.24726851428312 0.382431440060036 0.456841026558139 0.715652734708678 0.710319592775127 -0.0219878519220472 0.550404920243409 0.462865584339217 0.857792777611281 0.489390812655222 0.675000317860495 0.596511461511701 0.768860134795777 0.416745998692763 0.776068604864799 0.400555441742792 0.442286060238016 0.147397852951565 0.445616876954722 0.0794275887985056 0.458591273545127 -0.0595265935564906 0.137223065569853 0.449801498462832 0.14628036433742 0.226989149375583 -0.217165869549201 0.410267677153694 0.587552781423718 0.249323822545819 0.47225015584059 0.420605398423625 0.668374395274299 0.218465887933491 0.698028746344064 0.421142283671331 0.582340493262975
"5" 0.458064861203072 0.224875179675937 -0.630410305098024 0.343795181376989 1 0.00513305414842277 0.0187958460752808 0.0283968426963041 0.820840094193898 -0.0333522267501219 -0.12442646112039 0.0163195941993804 -0.0673474587495194 0.039742391630047 0.762373124688322 0.171452264428819 -0.538077825234451 0.0421583532914905 -0.0958212219966494 -0.0225672399336893 -0.074069127360627 0.242964589614035 -0.32506833515254 -0.145182021397825 0.68273639999078 -0.0677013294809003 -0.0992648335060728 -0.317442668876039 -0.070947825617814 0.34863768435116 0.251275842427824 -0.195017482541615 -0.191846656203131 0.042901019239204 0.0238840516113188 -0.251061147171651 0.220102220005674 -0.082247134561334 0.789934028143099 0.548089991194387 -0.0451117454208254 0.148878741551856 0.19791263409886 0.179271852778334 0.190234879342151 -0.0826390388329731 0.489338273269337 0.339712723927583 0.157515035938986 -0.228775214994818 -0.331636513396973 0.196016138973213 -0.396986043988507 -0.11375821735496 0.658399155657882 0.204582600564379 0.618123910707485 0.113183823132043 -0.2618835713294 -0.189008204721457 0.158111027486496 0.128872051312618 -0.015843214243958 0.180842374825371 0.317214596012656 -0.0405613254839028 0.144713765392145 -0.0294372715509217 0.123565940004261 -0.00534311584593993 -0.0894649329640072 0.259593775391778 0.358283148218913 0.0288445624489932 0.076911164801505 -0.386597472805866 0.627031895247251 0.202547311708525 -0.403667757133166 -0.231978220195395 0.141688348231927 0.320393735104238 0.551082968395514 0.645841817211177 0.0300194060859214 0.331077253993113 0.237833997920298 0.570704637429773 0.510121260684523 0.524586760847373
"6" 0.328886372388524 0.568421189534784 -0.126401208975584 0.65571987351689 0.00513305414842277 1 0.0334455128858825 0.670551776313234 0.0421882278390039 0.913445497198522 0.454345647069937 0.593984468176646 0.353138789126558 0.796598034900682 0.0900394032198114 0.90409069328694 0.438879189136683 0.439166388630751 -0.0957391499910381 0.402388032833533 0.376453949194522 0.595149215663829 -0.121688666470565 0.650048830529803 0.0616729605730342 0.800268708932738 0.489647951795091 0.749655702231415 0.228283529325645 0.612211098927461 0.0977804242027478 0.557294776138234 0.0608289754708324 0.386122660171508 -0.0364787161078441 0.659573356865839 0.473028714800433 0.695463999272591 0.27726404761726 0.450747440196763 0.301910540408123 0.690948812600965 0.348382262292115 0.47950603406102 0.145186657262208 0.595939677697133 0.295215806217749 0.514103715671863 0.0965638948858918 0.53829701156636 0.362317971925678 0.541726664029144 0.49573182546542 0.508961465854125 0.39960371750268 0.450598845785408 0.389949098634621 0.389410852443528 -0.152520945427282 0.561094922308536 0.315851235751786 0.644177239669892 0.552662493507349 0.327084435144059 0.0473838299002376 0.722567165497543 0.216544635153044 0.680681532482991 0.0209103011190173 0.199954459543446 0.346281691770973 0.445113435253675 0.211210705734123 0.743031014244853 -0.0742301376666998 0.611777495971593 0.120226337141328 -0.0259442832307373 0.430052088852356 -0.0356385190439544 0.460261519303142 0.619209539806634 0.235640461666532 0.444987294440077 0.614705562063209 0.586659141890572 0.367972134788014 0.540747900663189 0.376704725786919 0.303665045433315
"7" 0.537474031671851 0.285255034320254 0.560310894647432 0.40588825534394 0.0187958460752808 0.0334455128858825 1 0.536350822766369 0.0513308526804045 0.015341855168564 0.456783515101565 0.535716933785496 0.588561267534435 0.203540698845146 0.161457856608213 0.125937984437595 0.39582818295199 0.129738992754428 0.415058217665099 0.227568727154423 -0.421466530729582 0.296441484005613 0.546968838993456 0.586949189430532 -0.0233634065471629 0.197015291401059 -0.382198143908576 -0.285631563468279 0.151398848347458 0.178618358880025 0.291420394481997 0.529786617915252 0.529034358621617 0.66293561606671 0.470293471047251 0.457066093958615 -0.0675933766121389 -0.152626946027614 0.0475281635810965 0.229144302483599 -0.0646841390403065 -0.269505999306945 0.106289996761725 0.196027738726654 0.232257422914259 0.343662790011346 0.192410315919151 -0.0527705373358109 0.335306343967028 0.305247756835668 0.0803178918084323 0.378012620329755 -0.363859850747064 -0.400340026279352 -0.0899938448423894 0.395972804322408 0.371220643468581 0.401149293966401 0.634036400287111 0.404123104729068 0.284676078624818 0.4005208743106 0.361639131515194 0.411837985670596 0.552415109959721 0.427886187268849 0.498078818304068 0.409050485865455 0.142242416679332 0.118566798728057 0.0262753801163395 0.370957686272844 -0.191219728281665 -0.000702142991049689 0.365947059042877 -0.238896759840561 0.42992331590965 0.611937832186069 0.192725562809653 0.259035892910518 0.45893370210323 0.225270441020985 0.21967954468903 0.131461514212897 0.160927700057214 0.411243244060244 -0.15099064044147 0.216278785879981 -0.0374857253099444 0.411423212555186
"8" 0.583371549435167 0.795831940940109 0.101071826802304 0.869819219236171 0.0283968426963041 0.670551776313234 0.536350822766369 1 0.0846821525194734 0.639436333192223 0.580762444312076 0.847980806504599 0.587302163757154 0.807599487140147 0.10664862351609 0.681269391987663 0.466411140036248 0.487014491533687 0.199077863260203 0.533270900497699 -0.152494729926538 0.5469577433644 0.294704948869005 0.880484309422109 0.0304509102134267 0.668842021889451 0.0370397272917028 0.312578034196463 0.101475599871775 0.52047244897848 0.318660059578639 0.771851662532452 0.527727972527174 0.851151545410619 0.129614027610784 0.72969068054159 0.124762554457685 0.236295623140198 0.154018628406849 0.352539644443753 -0.0698833455981562 0.29201870298903 0.306500370102742 0.516718111021889 0.2326552595921 0.75297282073474 0.340380863351102 0.382963167834247 0.278649847448406 0.684397347373429 0.361043025142359 0.772579292276157 0.0854185448884933 0.149835755214723 0.127983008083604 0.508574183872534 0.52005937316691 0.665589292172003 0.170767388123799 0.719004842875847 0.368260316257499 0.908547160923396 0.540114914725502 0.758518475374168 0.516025657973712 0.909002330562741 0.42119050123627 0.872458916588643 0.276744024902467 0.381194768990998 0.259403417993763 0.517316498927073 -0.0136620062202117 0.544839667244095 0.127951173141278 0.251230197397505 0.382156629288457 0.294127842034395 0.3593510787574 0.0628478924547372 0.524114561416699 0.634575635616183 0.207010969525202 0.375977101174707 0.461523416935437 0.733743902731763 0.00703179802793095 0.535036929930952 0.202875678653849 0.513757264483281
"9" 0.422393999020353 0.242768963536964 -0.617135100221015 0.385284863488684 0.820840094193898 0.0421882278390039 0.0513308526804045 0.0846821525194734 1 -0.0715363291784006 -0.221359166379156 0.0425756950318493 -0.166938673592759 0.065669453319998 0.880847831870169 0.266211246942569 -0.532790316600236 -0.0337396158655692 -0.0853982359884691 0.0488540534119992 -0.146838857857927 0.358086437022389 -0.309522994063474 -0.0316935004221173 0.466846373918187 -0.0183216575894811 -0.0474589306855823 -0.331795245220299 -0.177300526894298 0.284549741565482 0.232710889322166 -0.0607812117955696 -0.134715999665877 0.0823796446788287 -0.0994633547053568 -0.194222874082308 0.05642054053977 -0.146549266831104 0.611637576328862 0.543140814552383 -0.125424921927407 0.12037407865193 0.0863571348921164 0.174001223745096 0.136120644889934 -0.0318528321604283 0.39693890417294 0.343084156197975 0.213586249570099 -0.271998068129448 -0.291557755477349 0.195606276283722 -0.43676658719222 -0.0808346042440264 0.57331938059856 0.138679805771897 0.567366923313215 0.152600918464593 -0.267556137068826 -0.157396177302495 0.0474144612302534 0.229307752375245 -0.0993413482614571 0.20889901652122 0.430963605786494 0.00549577046179275 0.0741817794719333 0.0332733391052865 0.0627933715423871 -0.00968549403110434 -0.122327416058221 0.326491906795974 0.207209924881764 -0.0134601531228522 -0.0115894749447436 -0.404991000394575 0.609539205754975 0.256979458053637 -0.258019880776283 -0.26060883735777 0.128772358779144 0.385222988997511 0.384191288907288 0.567544221976161 -0.0180177594135843 0.351317548523834 0.299335221209702 0.58488077584191 0.34899741575312 0.524011611191181
"10" 0.389786600248401 0.543876839393401 -0.110553281999263 0.581384657996452 -0.0333522267501219 0.913445497198522 0.015341855168564 0.639436333192223 -0.0715363291784006 1 0.534770700485403 0.543075313212001 0.289561668475056 0.694845418115462 -0.0173485740690752 0.87364784235709 0.474211077410873 0.365741327288004 0.0127078364423612 0.468437698495066 0.325773666488577 0.556533215701407 -0.156240021462827 0.612884924109781 -0.068707749483366 0.743203674827071 0.478452027446086 0.750575900471784 0.111003570170557 0.519256967475176 -0.0923593061613345 0.486191262883811 0.0375236738734217 0.343719752431723 0.00981511708716619 0.62910096207187 0.433813993594712 0.672960530628807 0.250230951496393 0.40287396090028 0.282923913288355 0.58927534499074 0.383762400097003 0.409312766780128 0.138726340854891 0.565422283499187 0.303433811479597 0.443775174121047 0.0674145165580125 0.537998351076097 0.315551848200669 0.496175137922928 0.525950062001419 0.510337854540718 0.333989784497897 0.447587409505278 0.383121343147442 0.369307279943987 -0.0783048444244183 0.594877783638126 0.366493453037974 0.616573727269921 0.566678363848043 0.296794073811839 -0.0805358891330109 0.692837871901539 0.233266404255804 0.64163353390396 0.0852647444565085 0.301975100756512 0.215162568894204 0.288601260584096 0.0462333241158425 0.67670876182632 -0.170093472054807 0.655114735202354 -0.028849562067827 -0.102874126163338 0.302754090896738 0.0423221048769256 0.388722109469592 0.543724459855908 0.208706151889881 0.374127187654945 0.598170740260852 0.569752974896521 0.363536320561033 0.519373370968127 0.420902718158719 0.320238144430955
"11" 0.562687666475136 0.546317822784498 0.233260173012141 0.399812540342828 -0.12442646112039 0.454345647069937 0.456783515101565 0.580762444312076 -0.221359166379156 0.534770700485403 1 0.589815942186413 0.727118448001826 0.549326187990336 -0.0939158261022067 0.431750939239973 0.790208348717899 0.552377807214017 0.0888714617665362 0.31875373362304 0.144248500178919 0.28209955317613 0.260727525288969 0.499025914392237 0.0247338755142791 0.485083945242224 0.181296043893287 0.39269095646456 0.386671748268782 0.512351172454269 0.204445628195471 0.548803529509793 0.37953670099211 0.556265848387839 0.23253144638797 0.595706839517447 0.451337389217109 0.487436261989992 0.225029393358377 0.338833590593765 0.311002094862061 0.349640664174361 0.46258112824749 0.547998583069193 0.218087076123201 0.561903338216234 0.352479059025562 0.351686139315383 0.183722683221764 0.631567537956263 0.47001150399979 0.542647750697328 0.34552642082603 0.201767203002992 0.170602191138206 0.417848790221931 0.391047948737356 0.541598894520949 0.190028936252768 0.597905141683352 0.44729015109465 0.516577352290851 0.622724355549277 0.535237035840745 0.202889529490305 0.558627055327869 0.386902567011113 0.540202987952251 0.179659443120262 0.42824951841677 0.277240604234911 0.278894439809879 0.0736131650535457 0.49121246104197 0.161168614720185 0.374383128507089 0.176840726360809 0.206086302204641 0.403533362319149 0.399530937765962 0.624628283019598 0.505195005944863 0.2535534672445 0.179398431059521 0.679222110074576 0.442596320184488 0.234994216272884 0.271169001601292 0.265785272746702 0.222541462166081
"12" 0.44747370633166 0.575536411608084 0.26815531316733 0.624905698130222 0.0163195941993804 0.593984468176646 0.535716933785496 0.847980806504599 0.0425756950318493 0.543075313212001 0.589815942186413 1 0.637772612300656 0.812746988317186 0.21454061807808 0.608825819228897 0.519913231836219 0.570313683719926 -0.0214918145065217 0.18761466449476 -0.0833790515389731 0.699597129005728 0.223030463036267 0.837851853544807 0.19420570477316 0.703155569212169 -0.12050132758097 0.219011966262374 0.347430121901022 0.692902640267004 0.378079480642597 0.840073127387543 0.294093647707782 0.667598781266993 0.234873501759821 0.714846759288904 0.230436858162882 0.291295633324742 0.177918677881104 0.457907924296046 0.221430981452883 0.231378268240924 0.398818413834165 0.525618275757903 0.268306855446701 0.731586524055482 0.440504542885129 0.366323158189273 0.247726614408581 0.685540314303388 0.336216879314931 0.780442394345035 -0.00618415673504772 -0.0787276917534079 0.114185470328816 0.612635846513912 0.351307447841166 0.445763760191269 0.277170246953932 0.689272582793192 0.17730318683864 0.749715801984268 0.521212312212978 0.657549880416963 0.375406279311979 0.825275812029888 0.365963387871601 0.754691512667755 -0.0161307515695195 0.0477511303892217 0.356705985815258 0.720936182745101 0.114199715075639 0.595483170838453 0.483263245518146 0.213838179987849 0.52106643545224 0.529407510445673 0.38562495215025 0.291357220537088 0.671544770624972 0.725902578140084 0.400022175004381 0.521007295126178 0.462464133722017 0.800194688303695 -0.110223876893059 0.466256079460706 0.0992072588767877 0.521335290189863
"13" 0.342747248047772 0.457728257215379 0.289379854348609 0.385526599948115 -0.0673474587495194 0.353138789126558 0.588561267534435 0.587302163757154 -0.166938673592759 0.289561668475056 0.727118448001826 0.637772612300656 1 0.628214695191401 -0.0515650995574009 0.27948176605371 0.624462122076838 0.614501831805057 0.0636807888327997 0.159377562995621 0.203473325417061 0.23305617876782 0.54458043813387 0.49133817511749 0.310657328295814 0.515104066933341 0.130503858674461 0.304228964550619 0.645518673640078 0.549875774265033 0.631431425362806 0.682503843445988 0.523562144813064 0.641622363933802 0.295472108775959 0.591276596262144 0.508331877575791 0.40738340943093 0.137514076962807 0.257508768625339 0.239842689097408 0.333754026488216 0.354023134940077 0.491214870033405 0.284510044652074 0.500415998426565 0.228436914076155 0.288869255159463 0.343264320083146 0.553181530650419 0.577866028789953 0.517265993550054 0.268238003401615 0.121408941752027 0.153782601166727 0.282260326300263 0.310434644759276 0.435625975301018 0.129222411050095 0.366741263268928 0.425687502268953 0.415007433663807 0.52705428415888 0.552795066857994 0.339330731067654 0.492607787145198 0.44261816803753 0.500923921782123 0.0423342709235018 0.217257564730588 0.586736871282989 0.454710604566876 0.397426220075433 0.549270214800061 0.374120378333644 0.318733005851952 0.376547606327727 0.298217850660243 0.493837596039709 0.250228997925374 0.663252832834712 0.460651655610883 0.225883988273233 0.154633027015558 0.618875010127097 0.368350789321911 0.101573498494628 0.151359120879323 0.120531752012281 0.0549580962461579
"14" 0.355008303383979 0.681760042209627 -0.0785861845002862 0.692852217721898 0.039742391630047 0.796598034900682 0.203540698845146 0.807599487140147 0.065669453319998 0.694845418115462 0.549326187990336 0.812746988317186 0.628214695191401 1 0.103649840366283 0.759248453748293 0.474400891621718 0.685976703336352 -0.13458290679302 0.29849091248006 0.323027362379645 0.558070142559543 0.159609648493956 0.687165878159534 0.289401480976204 0.806260735912598 0.358303089486891 0.600012699330661 0.428706412301121 0.747849765665831 0.498786463787867 0.764342555063042 0.257430298116804 0.591011122129619 0.00234129516863872 0.686575587360743 0.508051115839043 0.58115686976167 0.220550565388461 0.426357143334033 0.250828519402867 0.63668999039283 0.401924498056938 0.59132596440229 0.206678011289801 0.701576889682273 0.35595890032123 0.567436892342105 0.171785214428414 0.671412347294788 0.566436607394124 0.757477763022765 0.404389385500862 0.414926325801508 0.344920141348618 0.442317241752804 0.391228227275135 0.484242299532566 -0.169669061626228 0.547242079148754 0.322655801615271 0.747365493431405 0.50240597958955 0.659771794091053 0.231936791745678 0.78963720357518 0.257271429979564 0.749092081448034 -0.00513290720640222 0.179801117585546 0.609927024919396 0.630544494002956 0.402086920912721 0.841837559061655 0.160993471179341 0.521087546457111 0.363522888356369 0.152164472852142 0.523173583551218 0.0357021623420288 0.600590649862878 0.759341983968314 0.245696135646794 0.454122544635634 0.641310307990585 0.669483811965111 0.210278084670918 0.482877277173439 0.274092021085609 0.270471345830352
"15" 0.445831990586761 0.155693731229473 -0.408777874339316 0.317332650789043 0.762373124688322 0.0900394032198114 0.161457856608213 0.10664862351609 0.880847831870169 -0.0173485740690752 -0.0939158261022067 0.21454061807808 -0.0515650995574009 0.103649840366283 1 0.306247918261945 -0.382523663364513 -0.00703089248104953 -0.179450749437796 -0.0845982975228367 -0.199814046605492 0.54046211157021 -0.393896020197726 0.0743730563615694 0.493631508110168 0.0903612016642221 -0.229013023385628 -0.381700148989283 -0.0649822710895517 0.405197634447383 0.166681605984879 0.0559304824880005 -0.251536329715172 0.0632210011212158 0.00702756272447126 -0.0490465415724882 0.110181460296628 -0.077563218095857 0.665059836127912 0.709023557795231 0.114649023087003 0.108022548945982 0.184500281971014 0.258745920963675 0.166605806203033 0.0723403855398514 0.560095089246676 0.372449685851436 0.263373034450199 -0.160578467377373 -0.314964221743128 0.29906737779773 -0.506966235558867 -0.280231230302102 0.550203434691315 0.379558573888499 0.522478413419775 0.0415529146505223 -0.0299384352371288 -0.0331786103395209 -0.0122483007180184 0.206427546960722 -0.0225255493385012 0.148727773609169 0.389250713039921 0.105303816060821 0.104293033193493 0.10414906354086 -0.0977802598457353 -0.149541119889933 -0.151896147202853 0.494461934444942 0.163195326079152 0.0040087362640678 0.270200572331058 -0.437934309413227 0.686991490314742 0.46032488969827 -0.244106535727755 -0.0888083298816629 0.32738384654334 0.47425297506159 0.65463290976729 0.740475091929883 0.0510457019152444 0.521442969716457 0.181787479007028 0.627117436153813 0.29917747739332 0.668618526769049
"16" 0.514626606866115 0.62037430195487 -0.210467834904093 0.716200153863151 0.171452264428819 0.90409069328694 0.125937984437595 0.681269391987663 0.266211246942569 0.87364784235709 0.431750939239973 0.608825819228897 0.27948176605371 0.759248453748293 0.306247918261945 1 0.328601873221011 0.349944298823608 -0.0131839162039552 0.457683349395584 0.251982779187175 0.714807586126065 -0.217586680295214 0.65574841105274 0.0453190514441799 0.759098592236598 0.434008672731694 0.579284210154098 0.0794188475656297 0.61709213783393 0.0354993317007937 0.535877180763632 0.00191478588935409 0.388605910531504 -0.0368606860751827 0.616793615520422 0.44306470002308 0.621386468207236 0.405451436503487 0.632303470340623 0.272413053246291 0.62331645661608 0.335607785478499 0.458143723262611 0.105422707926238 0.570222400258282 0.43079644398818 0.574907328731546 0.0881899804314008 0.472689360704621 0.238302412847052 0.604583107818367 0.327910840795741 0.459330429276081 0.490182554185958 0.539484518650207 0.555957230243316 0.440203443910243 -0.0974599033191351 0.577992270286209 0.367447133887669 0.723299059658957 0.505445888066299 0.403354272232862 0.100730369535072 0.730859678295348 0.243075816834241 0.68683110025989 0.0597513318393541 0.225286314311576 0.207420488488131 0.465394275001299 0.0857340521615558 0.666719070201928 -0.093039573196872 0.474630324391239 0.226123827789204 0.0822221519897794 0.301616271571461 -0.0686891170826877 0.486886909265453 0.710213105305322 0.303297831275185 0.585517752999216 0.574349607209307 0.738034999836674 0.459917430620411 0.749087850301859 0.448382916321172 0.521350616521885
"17" 0.213719171689768 0.305060198979729 0.539922299915891 0.168031006005637 -0.538077825234451 0.438879189136683 0.39582818295199 0.466411140036248 -0.532790316600236 0.474211077410873 0.790208348717899 0.519913231836219 0.624462122076838 0.474400891621718 -0.382523663364513 0.328601873221011 1 0.468314023594126 0.110865387669311 0.22549014938305 0.210464898755617 0.176068285019789 0.367396176323314 0.508311526146869 -0.260146796247085 0.478502332502437 0.18698288995599 0.476975462213284 0.462414697068274 0.311885610395411 0.0949030166812688 0.563203668135414 0.371927253805967 0.41507949172048 0.176402938997451 0.652337248713033 0.308895052890317 0.505253954957056 -0.136326205175604 0.0802497414756809 0.38669869522517 0.217506237286644 0.339998075333325 0.4137086874083 0.125725875118876 0.517985050750643 0.163515421602004 0.216389099842207 0.130568669893965 0.646250711757384 0.603776688120898 0.394481082130838 0.492637020448735 0.238932485529539 -0.102555998759825 0.317596414542326 0.0256020123276664 0.369232027704565 0.322369735344036 0.591440566100207 0.322557106494867 0.373754350574333 0.560096975440088 0.346465252224245 0.0364209228137555 0.498932317196648 0.228574466751653 0.454780495071154 0.0116005662631541 0.267802447858896 0.357577619765831 0.186346253829286 -0.0355426142719476 0.420268555037729 0.200680138888732 0.491026031970725 -0.0381436349422526 0.15141364272725 0.68167790762235 0.40953488291262 0.604607738896102 0.267315489647285 0.0650579299404975 -0.103220226295589 0.628361834200832 0.259382971252212 0.0863807486148614 -0.0315859284173402 -0.0127354911035428 -0.0455018144240654
"18" 0.213978180331667 0.57524877497818 -0.0113823592612992 0.320488518308118 0.0421583532914905 0.439166388630751 0.129738992754428 0.487014491533687 -0.0337396158655692 0.365741327288004 0.552377807214017 0.570313683719926 0.614501831805057 0.685976703336352 -0.00703089248104953 0.349944298823608 0.468314023594126 1 -0.296650894976571 0.116711328524261 0.303873947781022 0.216903589739227 0.201357344407625 0.316046339794547 0.435353427358613 0.513136429128413 0.230042481138906 0.373964760213001 0.577063369681826 0.810268040548106 0.585204403964461 0.577353955785052 0.283847391067917 0.478227624713272 0.125136413342776 0.468824095084199 0.513805315221806 0.475478500917312 0.144987621655456 0.234743201830895 0.338066175853102 0.550276468901195 0.595119424971276 0.708873485660377 0.329471181875231 0.52690871831794 0.424205695738407 0.544065128034132 0.26115143202441 0.601886868923839 0.661076434834076 0.61302406594227 0.36936256564526 0.321341687332057 0.250060315399443 0.263085938868117 0.251203535759907 0.550753332314212 -0.203937018936738 0.397294847307785 0.257356992597442 0.407679126865442 0.401924055059265 0.676384851970519 0.140810574052732 0.429337904473105 0.266735533664776 0.462517116777401 -0.0409612557720821 0.256200226119116 0.674880468568193 0.507281775059879 0.515124107654554 0.699758599771587 0.28150949445156 0.371449324114876 0.416123028090225 0.278028864468775 0.41532814860813 0.483745234640492 0.577443426758396 0.680460366613883 0.300109335723931 0.240547157673994 0.640580956845611 0.393138238243541 0.0804750401161436 0.150702196222526 0.217780919940864 0.0454530915843927
"19" 0.21682414675645 0.163127752922982 0.238968770101162 0.253977727596916 -0.0958212219966494 -0.0957391499910381 0.415058217665099 0.199077863260203 -0.0853982359884691 0.0127078364423612 0.0888714617665362 -0.0214918145065217 0.0636807888327997 -0.13458290679302 -0.179450749437796 -0.0131839162039552 0.110865387669311 -0.296650894976571 1 0.641465207526634 -0.208401321174549 -0.146254288192736 0.475332508208366 0.206713971122759 -0.345049807322537 -0.109284095772408 -0.0187585947589127 -0.0673537844690596 -0.296142010740316 -0.373230683586945 -0.0838681951055276 0.0168327077193969 0.529288226231614 0.369838833206254 0.0970294539366353 -0.0300070504040877 -0.180472956858858 -0.116658526326968 -0.138364357420375 -0.20973455157395 -0.261419858401513 -0.322575622399137 -0.204034216808108 -0.303283724401 -0.125883684512664 -0.172836006042685 -0.228369178627667 -0.339766666865694 -0.0659947262568718 -0.0905807622936898 -0.0732613019434567 -0.15558016710365 -0.0525735375575262 -0.0118002513749111 -0.206095300729863 -0.100895769418223 0.0812685254164753 0.341002617012144 0.474427270193253 0.122471626638572 0.277415278160767 0.141777996477302 0.0345098260090046 0.0723489362385358 0.192561304375688 0.00896428588718949 0.158475742683662 0.0129563989643085 0.636352449473841 0.433748151750142 -0.149337750171822 -0.196516889904669 -0.409544694099736 -0.227736499169996 -0.17856608649059 0.0109442544241867 -0.135872896665549 -0.129906734602266 0.121119010378466 -0.226472010825789 -0.159281535885338 -0.281053000476141 -0.263555429289268 -0.28677278652205 -0.129245438772192 -0.130967092911295 -0.00203110775753719 -0.0135878318017144 -0.00956975413891277 0.0247095431501822
"20" 0.436801599794708 0.676729051203385 -0.109601603798748 0.636083981166883 -0.0225672399336893 0.402388032833533 0.227568727154423 0.533270900497699 0.0488540534119992 0.468437698495066 0.31875373362304 0.18761466449476 0.159377562995621 0.29849091248006 -0.0845982975228367 0.457683349395584 0.22549014938305 0.116711328524261 0.641465207526634 1 -0.0526238616510288 0.0783585934949202 0.213819695783492 0.433607949970534 -0.270198008028214 0.253636894849143 0.297559722332183 0.328689377485947 -0.245364203159501 0.0408785487846908 -0.0401425784392049 0.218946586658674 0.520534391662216 0.588895132855447 -0.0337238869477885 0.293081080205852 0.0428793200533596 0.223435465698341 0.065503787622509 0.0679381128721659 -0.255507318702028 0.221631013457713 0.201851259794698 0.166972977698373 0.0830102720504147 0.253385034683021 0.07515257423498 0.187998214127111 0.0725401578523654 0.24749507191346 0.193427912481582 0.224117196606656 0.261054122238533 0.442709740018792 0.0821235040012032 0.12041246753269 0.384517043210302 0.70861969313907 0.10682259197799 0.443716188056811 0.463314660226412 0.529059902599465 0.315152170669044 0.418456451492611 0.218701285755805 0.385998099071953 0.281222068781154 0.441571842322707 0.68913876239218 0.760499489413477 -0.00318616859308771 -0.0686907226541443 -0.246922516805507 0.203985588031661 -0.369289878183858 0.268847820450521 -0.0517263996575828 -0.15991037754706 0.231074893227166 -0.172905830679994 0.079904274962795 0.195389921436349 -0.135052508332569 0.00433327439220611 0.264183342205476 0.200479488569871 0.269368562772725 0.351856781814724 0.272715700299701 0.204257386329241
"21" -0.228599900477962 -0.0478688918343501 -0.26452351285047 -0.120954621102065 -0.074069127360627 0.376453949194522 -0.421466530729582 -0.152494729926538 -0.146838857857927 0.325773666488577 0.144248500178919 -0.0833790515389731 0.203473325417061 0.323027362379645 -0.199814046605492 0.251982779187175 0.210464898755617 0.303873947781022 -0.208401321174549 -0.0526238616510288 1 -0.0377008678335662 -0.0102559903104362 -0.192774633155697 0.303323514224738 0.317920016008353 0.838761916427046 0.734202976869914 0.551090484326241 0.298422035665608 0.28899567225566 0.0339852360650169 -0.138520358954695 -0.222273651089785 -0.212584598410743 0.00450879909144951 0.743744225761332 0.752188441927357 0.131345204115848 0.0403482328264122 0.553546064524209 0.659276852808051 0.11938660390529 0.0368598600703692 -0.100564125261023 -0.10745130531012 -0.0949447529498535 0.235047630513216 -0.142522900602844 -0.00441926154957437 0.481869757973727 -0.0937832842093306 0.79317597495625 0.667798562385697 0.455344602866717 -0.259005070282086 -0.101533026329696 -0.118878773975711 -0.547818138638112 -0.218372944671736 0.201562021042841 -0.164659264146271 0.122941498379459 -0.145076880197985 -0.43273952213339 -0.14077141933519 -0.183902784702006 -0.133391128201167 -0.185892568806035 -0.0255217139994658 0.641080826442425 0.0357208654256012 0.646991036877361 0.542925369537326 -0.167440174581305 0.710732111825343 -0.181290771128541 -0.487269317427528 0.389993170571004 -0.147992458182506 0.146362005638952 0.145706492447768 -0.0688647050617476 -0.0657295921056695 0.460094222157867 -0.172234216124886 0.551398365397522 -0.0630951469185975 0.322862352834083 -0.515928201270426
"22" 0.403809755788196 0.298319930213446 0.0253726752595147 0.474936420871417 0.242964589614035 0.595149215663829 0.296441484005613 0.5469577433644 0.358086437022389 0.556533215701407 0.28209955317613 0.699597129005728 0.23305617876782 0.558070142559543 0.54046211157021 0.714807586126065 0.176068285019789 0.216903589739227 -0.146254288192736 0.0783585934949202 -0.0377008678335662 1 -0.220682068799456 0.655177461806368 0.16133542196381 0.67689877693338 -0.0481477817731744 0.154294432955318 0.12448746562908 0.612000569004973 0.0373387774041315 0.608742411003333 -0.153595354757344 0.292560939246967 0.209603945793491 0.534150412404302 0.225043323920825 0.307017932426889 0.3552593039362 0.703367086936986 0.352234357370886 0.271652696578458 0.342253614436061 0.335962803516657 0.264465090248759 0.497076680681752 0.523416321202645 0.397095180552786 0.1180583693901 0.3056702523612 -0.0418373239985608 0.537762983233419 -0.142561669408274 -0.119911550396265 0.321412970914081 0.614334072429212 0.37781123681148 0.108324656605551 0.178309070216171 0.444263701904063 0.08623473270265 0.527530216057068 0.328032328784194 0.251204310550789 0.153518344525776 0.621081927463359 0.279449733550743 0.531741786284664 -0.147126297530869 -0.144723840517843 0.0742335222950173 0.68607002143099 -0.0144399857336829 0.440195682698411 0.328963870732416 0.110740575692811 0.427696389509509 0.476040114986149 0.0943175640416235 0.146537045053065 0.496090946750889 0.717456269554368 0.518097541872334 0.741431296346234 0.263505377408269 0.82902160304083 0.126941142058602 0.67168217417914 0.164426587337872 0.671865573445339
"23" -0.0471723572865436 0.124838651513137 0.503110278047931 0.133843457404956 -0.32506833515254 -0.121688666470565 0.546968838993456 0.294704948869005 -0.309522994063474 -0.156240021462827 0.260727525288969 0.223030463036267 0.54458043813387 0.159609648493956 -0.393896020197726 -0.217586680295214 0.367396176323314 0.201357344407625 0.475332508208366 0.213819695783492 -0.0102559903104362 -0.220682068799456 1 0.30223449989158 -0.0487711318274233 0.0512861280442544 -0.0179710044835079 0.0310555345488812 0.321121011893145 -0.0880428430559969 0.547728906195304 0.427700895362231 0.769967643426548 0.507069860060419 0.243402144458872 0.189596522348987 -0.0449021967043607 -0.101585504907479 -0.425967520260432 -0.41814586037205 -0.161588871022705 -0.211725743257721 -0.0731770298640545 -0.0695040549138752 0.127666628437457 0.0684822483973526 -0.334415210298271 -0.294939806222808 0.18589006308513 0.184490271587316 0.439367261612406 0.00309058659467903 0.0834393202663381 -0.0551448635357726 -0.324250205786318 -0.251375405861157 -0.149790208450577 0.294127960171749 0.301520747970918 0.05913129222769 0.168983277698191 0.0983997393237368 0.149230106879484 0.29761887305637 0.317649783527607 0.0889271163217212 0.254188696000829 0.0984322457275768 0.243999221280837 0.175126207699968 0.454734024283157 0.114305399870583 0.0723272102503733 0.0881483095648309 0.124178987776587 0.144664646903654 0.0376450156808019 0.0718051421958201 0.442710992835734 0.122836514414004 0.0663366283805087 -0.129065769061248 -0.326218199417295 -0.453639888834981 0.0806307761778798 -0.200358020083517 -0.210105903655888 -0.377400941054551 -0.232238969265764 -0.335361412678089
"24" 0.41846925817162 0.552430698761241 0.356459360702976 0.7233256605902 -0.145182021397825 0.650048830529803 0.586949189430532 0.880484309422109 -0.0316935004221173 0.612884924109781 0.499025914392237 0.837851853544807 0.49133817511749 0.687165878159534 0.0743730563615694 0.65574841105274 0.508311526146869 0.316046339794547 0.206713971122759 0.433607949970534 -0.192774633155697 0.655177461806368 0.30223449989158 1 -0.131629453628719 0.744664443716784 -0.0632353841578139 0.283989387098634 0.109879208064045 0.405343790499426 0.160498408438241 0.833256968071865 0.422054418220475 0.711033789938718 0.221084408764848 0.803681239235832 0.0249346793334605 0.207870173494626 -0.0206571273497048 0.315683234118356 0.0404953513967843 0.129686307230528 0.241258412645695 0.371458525533555 0.227355231499275 0.693869503855773 0.224814359791591 0.237957812580868 0.200755335107277 0.617373134484977 0.256627225333453 0.640473825994509 0.0079868836290919 -0.0147195411963029 -0.0466629217834644 0.543728240425309 0.291526702028556 0.478123359454092 0.385317275641653 0.707288711092956 0.207659503981384 0.746255064945098 0.522331238063458 0.50703517791108 0.373164184384023 0.870058410559447 0.394067027114011 0.802193449261173 0.131023406593473 0.168921114764362 0.199540815556505 0.563273181709701 -0.167839247688186 0.440056278768188 0.227183691813453 0.230574005283077 0.297911931399625 0.399577488806356 0.431531300150943 0.173495689977487 0.476859057688109 0.533915498549976 0.169176938620774 0.329390221852992 0.340859007577503 0.714610046163604 -0.102896464920261 0.463637540397425 -0.00724998896854897 0.494477912192887
