"V1" "V2" "V3" "V4" "V5" "V6" "V7" "V8" "V9" "V10" "V11" "V12" "V13" "V14" "V15" "V16" "V17" "V18" "V19" "V20" "V21" "V22" "V23" "V24" "V25" "V26" "V27" "V28" "V29" "V30" "V31" "V32" "V33" "V34" "V35" "V36" "V37" "V38" "V39" "V40" "V41" "V42" "V43" "V44" "V45" "V46" "V47" "V48" "V49" "V50" "V51" "V52" "V53" "V54" "V55" "V56" "V57" "V58" "V59" "V60" "V61" "V62" "V63" "V64" "V65" "V66" "V67" "V68" "V69" "V70" "V71" "V72" "V73" "V74" "V75" "V76" "V77" "V78" "V79" "V80" "V81" "V82" "V83" "V84" "V85" "V86" "V87" "V88" "V89" "V90"
"1" 1 0.724793596954589 0.304776926909087 0.109108391842875 0.335429962707439 0.0841260859674967 0.559660286566275 0.279394774948574 0.242047807122834 -0.0382913035927498 0.747387961756558 0.345203419596333 0.545781681797725 0.17792757694006 0.298549257440846 0.0674492668043245 0.518580032776097 0.537271037929038 0.710950404395084 0.701572175483033 0.234869527981587 0.067249672077474 0.107525088126753 -0.104527052962869 0.0414393138492736 -0.0870787878152684 0.17169519280405 -0.106455294010165 0.602805487067473 0.432117343194982 0.190213132223505 0.0898697550851992 0.542881709048762 0.377698777665994 0.0899066737349394 0.0427019979057328 0.221062406722398 0.212018239874649 0.434343941829232 0.530522035907383 0.124881323152506 0.294186537898678 0.401643685536351 0.522156264031805 0.303093890077038 0.332751363578346 0.479915494450517 0.512494162836966 0.39682740188874 0.349015984222237 0.354450507287974 0.182731092438615 0.623029059782941 0.417651168134009 0.552145440437688 0.535972906460645 0.690859861818813 0.561339847851931 0.624666629802355 0.403311851623769 0.416149327678989 0.208550671942194 0.36458311455659 0.259980971663498 0.0842011279344181 0.0137442405664847 0.485297796602916 0.375192240050256 0.639217498827476 0.655883224609919 0.582315686134655 0.598535927899957 0.605805677564914 0.551369967314903 0.447364893732016 0.369953411241778 0.494315500792349 0.557335879814847 0.395827118411106 0.322109489211057 0.417231173383584 0.181392525304781 0.384529535821506 0.381301649042102 0.43944793637216 0.209356627289553 0.320587658749749 0.308642151714915 0.430740171189173 0.392933992149936
"2" 0.724793596954589 1 0.0696266754142916 0.150918659239632 0.249851456948289 0.308446838533564 0.220341086827146 0.450524163870641 0.188171763102642 0.120235482057897 0.600196223622955 0.617918812554106 0.0673094292334805 0.283673397238115 -0.128033611378338 0.0831439693762556 0.762478716750142 0.810337378533274 0.583446383729945 0.830268080695113 0.278003296596799 0.17192293861425 -0.155252862681823 -0.212785074129155 -0.0509999720659781 -0.0815643155013071 0.147264720772561 -0.0527915517350665 0.737649480039603 0.72292761807335 0.104811679049625 0.0302851994187999 0.508494002135829 0.57969273949227 0.0284377287815151 0.0646329384562636 0.0679896077219757 0.125869427883918 0.392747580210968 0.624307929601948 -0.065072835377828 0.387387688033161 0.523570308096385 0.633561104658207 0.53756459662548 0.615106250798764 0.722096007223566 0.716508813127753 0.576454597953668 0.617823153297041 0.452163097295452 0.345240765526261 0.688835370065828 0.654713214244455 0.659605006195704 0.727008753469453 0.85932396434552 0.81443142644489 0.412775816547355 0.567084568580936 0.168805304333067 0.332621932394863 0.459752780480271 0.570130302449018 -0.19939264932184 0.0215636943832441 0.465780789941125 0.578961329575361 0.64328580097383 0.661089999572 0.571517973621385 0.569503694203249 0.664913660483023 0.676856696450309 0.608312581276377 0.401195748192715 0.387369509798395 0.62250605119324 0.536431810221963 0.453887424281882 0.617363179395262 0.513125814632048 0.381424311255498 0.568763719902866 0.174470615130391 0.480250152325946 0.154556724939616 0.248103078816116 0.274837542504259 0.458156671345788
"3" 0.304776926909087 0.0696266754142916 1 0.634949619905385 0.642006258693128 -0.0325853738832953 0.654210287896813 0.122652651066121 0.500615116786535 0.0445943959025969 0.0729508684421312 -0.292965908031926 0.346029326290403 -0.261907612640051 0.673678000347367 0.175594307364238 0.0364684885985225 0.0541862557358117 0.420255445447397 0.159340103561347 0.342692516680492 0.0528646828851993 0.851569940673494 0.560697263962124 0.726876584744803 0.508289097728024 0.535811656503951 0.0818083256525797 0.0459477088148487 -0.15485199033771 0.776160093857293 0.687213247400491 0.650174149288353 0.375421954074208 0.704742691470507 0.592935068559198 0.385870540013187 0.242259006192892 0.373712403161542 0.304992780408997 0.0901514432661751 0.0651383695137742 0.422915026126661 0.290617596633126 0.195271193096042 0.149106201048054 0.247639431731549 0.207434069249075 0.212483002184418 0.185818409275951 0.490507863066138 0.334623697163342 0.290657919039942 0.237466755373436 0.451973016332504 0.22650520764725 0.000523029040040755 -0.013352313007561 0.512738385813864 0.194640236730538 0.377467692860324 0.0274791191514293 0.0216540751347407 -0.283396179875163 0.806218164471096 0.405151118356945 0.509893860170605 0.220351559341283 0.449109177373976 0.347084982711211 0.500733692411747 0.561804937342788 0.365649664116194 0.251262057467818 0.127565338911508 0.00224926603356085 0.471027898463469 0.190108570400941 0.128928876948422 0.0102630495499045 -0.180562489192721 -0.181428772564546 0.221406163759825 0.0702266972305854 0.718451654593463 0.111669620076449 0.662248520656692 0.528587286285137 0.705593832844224 0.378081945042702
"4" 0.109108391842875 0.150918659239632 0.634949619905385 1 0.55530428524244 0.294483204030211 0.291902375227882 0.484024654806079 0.463204972207116 0.434223414389405 -0.162809637210354 -0.031887795318789 -0.15135185250566 0.045629718603164 0.284721166140679 0.455614840623932 0.152987062542111 0.133109575070117 0.258793087435957 0.265502587450395 0.38793913420694 0.112738278595395 0.563693976417236 0.70476264691113 0.531523820030765 0.627215094049888 0.47199210710693 0.238527019506192 0.0222417463334029 0.0339578895429665 0.688310343552666 0.818452735681397 0.689171107506497 0.711229585677632 0.62898527275167 0.704503655017235 0.158152711706149 0.192031142338803 0.181492217905625 0.353796257823384 -0.0329576832134885 0.0269383133682528 0.448789431198591 0.375951258754276 0.447851974988041 0.40718844625107 0.44147973326055 0.369545714618012 0.308601548352024 0.434582734742073 0.557075547068164 0.503742321947931 0.29442669648798 0.361385326406081 0.488685882395043 0.34007036376014 0.214223866764101 0.21293748153244 0.28149234840862 0.450858022890589 0.168756497020346 0.321517317025904 0.0920154455516172 0.0200340145612328 0.510026586403856 0.716366561175703 0.510386226360593 0.485167039178839 0.524302158911835 0.446736517948847 0.529621369737723 0.501685019495101 0.291543045721008 0.345335186197582 0.246424427711028 -0.00120631579559878 0.242314301496084 0.16636541224613 0.285765142838564 0.175139115621998 0.00863206835181244 0.109372122344645 0.0751162332324659 0.243008170040854 0.45375676680593 0.530511401041711 0.38695288103448 0.483151111391813 0.503548974759676 0.486222858939164
"5" 0.335429962707439 0.249851456948289 0.642006258693128 0.55530428524244 1 0.473829674566928 0.661202194579736 0.445810076890648 0.767474574837742 0.449158692589961 0.213989268783504 0.119266607215062 0.215024562772754 -0.000987437215632391 0.382976646170741 0.359596848504386 0.135562947562479 0.177287069768909 0.415603605925391 0.335004332464188 0.449537612205319 0.222954025937406 0.394237425724548 0.192284448949152 0.418631704211618 0.356948078095945 0.614957242049308 0.42324034725535 0.337621273038227 0.177049811239478 0.406103328658375 0.444354329926354 0.506499883568794 0.416375407277876 0.277226326967187 0.229482760624268 0.0805053737507064 -0.0307105431871788 0.249988562218409 0.310352446748445 -0.0659262752496519 0.0762740820668271 0.462913190144181 0.291538992772271 0.232250490144832 0.242253734049413 0.278679212194869 0.229517699750544 0.271029971995912 0.288139075128662 0.308779294216846 0.322428306229145 0.415020749782301 0.247274581897994 0.404533540947516 0.212353869662196 0.210231345602013 0.188477065683475 0.470898737516854 0.38186812139718 0.474623727945912 0.347618482609912 0.27027500848116 0.115815128041439 0.473689055165777 0.453157120324993 0.418060983786453 0.324149440602626 0.405275968150002 0.437729901655646 0.468600936095341 0.415784762610044 0.445542529434149 0.335408280225296 0.124951260521491 0.155784483413276 0.16126258163516 0.132765544604329 0.131597090911374 0.0467664708039932 -0.0743646863407359 -0.121776244782866 0.086722824831749 0.247219022544522 0.297806789773663 0.158826017604001 0.338333748603389 0.298196135620022 0.501760851778981 0.414168511197685
"6" 0.0841260859674967 0.308446838533564 -0.0325853738832953 0.294483204030211 0.473829674566928 1 0.0939773747820982 0.546669058089352 0.306628134310712 0.641064433094015 0.0149710663808419 0.391105837191493 -0.270095789200402 0.144183885048201 -0.273582283042003 0.418169914567967 0.250744067765655 0.230797068859646 0.143510584940093 0.308257853573597 0.310546611199282 0.383096373540031 -0.240577226068228 -0.160652166558695 -0.0644494191634961 0.264643856693552 0.322832203002654 0.56347672592822 0.367844103121995 0.432600232483202 -0.00449984680372052 0.24278704629121 0.137477232360948 0.336929903427591 -0.160714078175468 -0.0636894872947235 -0.0345060991047387 0.00624252909701605 0.112437323444885 0.328242639653006 -0.216763728437329 0.263196332542225 0.409550850025512 0.238172788257206 0.329408731400609 0.353608732997911 0.353927444903959 0.278159667028934 0.368971787603501 0.414903103305586 0.165609797179053 0.342894456430161 0.351565477051807 0.368276723344661 0.27019016847832 0.33715921656106 0.343583846098698 0.477611812173958 0.139024196693129 0.520386112864877 0.149101634907967 0.484205518298822 0.229569037217143 0.49905833151345 -0.236874191317369 0.268615324647164 0.189985168146858 0.383323203486582 0.262894933136456 0.296501685012939 0.295480088480987 0.263172307383771 0.242937131467419 0.39215830445812 0.200766322088544 0.106746512170252 -0.205708685801733 0.12185746751546 0.205739476346378 0.22415196232797 0.141858126426535 0.168848776917951 0.0790894713233303 0.261868561374488 -0.308952025510143 0.303558527339425 -0.206403069464521 0.0426598262004468 0.0502017968179925 0.432321748963868
"7" 0.559660286566275 0.220341086827146 0.654210287896813 0.291902375227882 0.661202194579736 0.0939773747820982 1 0.40348582040953 0.648737533417551 0.161592113984123 0.521540093323602 0.189859550249282 0.566306802694993 0.0532094898029647 0.45740778057448 0.132377900559682 0.0688087896360871 0.128701491000412 0.488517242920331 0.357186028702468 0.268126968656682 -0.0467991790004552 0.34560979501121 -0.0102336176751837 0.189925378759012 -0.000768520443839264 0.231983117800079 -0.0487975577088251 0.35677999495216 0.128324725121768 0.264596874153479 0.233780365720316 0.495819558851247 0.34653813775747 0.198745641833142 0.132070043805782 0.129478006170244 0.0113312315182548 0.220672796482969 0.168198459534368 -0.0795838073405533 -0.0295093705932788 0.348269622576875 0.359138489790049 0.170604522500889 0.110706439029663 0.226944772817784 0.198634205778575 0.274359132331311 0.206786556785332 0.321831078768912 0.293887011165309 0.470378363149981 0.181874441622947 0.40450100105143 0.168929813009767 0.189240835494001 0.255769976363939 0.739095528603131 0.374460962672821 0.809971486037058 0.361259704256372 0.377226859596513 0.118199471663446 0.476940899818599 0.308744307018162 0.569088156592461 0.361075353642531 0.446347333540212 0.447643507308447 0.43308295460695 0.443633098539801 0.383802892016919 0.293627523397544 0.0547140740860656 0.159926554791705 0.302334469989106 0.203821509449028 0.0139777658878658 -0.0793019759035221 -0.0923311235604657 -0.195146420273432 0.0783959556812262 0.0133970088601827 0.42990789369453 0.0592945510757069 0.329641746240479 0.0991645196384564 0.629816445551113 0.457291253461519
"8" 0.279394774948574 0.450524163870641 0.122652651066121 0.484024654806079 0.445810076890648 0.546669058089352 0.40348582040953 1 0.504263638029171 0.803314368561384 0.239386058130489 0.733288895838622 -0.0869261474547799 0.602160183241003 -0.21099108954886 0.563225770238916 0.257883153937934 0.259476802710138 0.187106661730774 0.486885177668039 0.0994594191698105 -0.0341904975884572 -0.186263621924306 -0.0575540217167737 -0.22109023536212 -0.0595816327341856 0.0223534665536977 0.0249372589588782 0.421560454503045 0.523741688364561 -0.0504205739405126 0.242826883876886 0.301613302190823 0.65824768014036 -0.122128373410552 0.0182717493138158 -0.258810186884397 -0.0724715344250435 -0.0911835257434363 0.287859903411546 -0.386537752412934 0.0329307651012897 0.447844566158398 0.387592429744772 0.345539151546751 0.391752865432036 0.487840569175222 0.429532412363018 0.372300541261352 0.509080893929898 0.262583812728574 0.399170055060437 0.512300953792209 0.392756993349241 0.436611837452663 0.327337053017084 0.491420698791745 0.670330770143326 0.365177912059938 0.828545600342629 0.520736640484316 0.928481975912686 0.591912347373776 0.746302437897909 -0.0720393692354784 0.656613080627612 0.387334658031974 0.613735565126035 0.454666797194973 0.409121077107427 0.42004007986114 0.375052983044515 0.26518571399077 0.473482018078631 0.225254812272926 0.161101144071116 -0.0030933081738518 0.246719380491971 0.188135611215417 0.149286181139828 0.21212224112807 0.203546887571014 -0.176791959418011 0.135287079077092 -0.0169762306242451 0.517952843639417 -0.133382705632774 -0.14112903406532 0.335135339811126 0.685926300302512
"9" 0.242047807122834 0.188171763102642 0.500615116786535 0.463204972207116 0.767474574837742 0.306628134310712 0.648737533417551 0.504263638029171 1 0.44501678392598 0.240073844651488 0.272596063920314 0.255179538482083 0.190004332457149 0.359996558171996 0.438962527707399 0.0255888312556631 0.0655567278973387 0.207365872022119 0.257501053616495 0.298144022993243 0.034885813874413 0.288356344284627 0.108662542379439 0.258741263148321 0.232178203138961 0.387014046655954 0.18478370630304 0.245276346450739 0.154825953454422 0.277135386955978 0.317411758471315 0.389907537684446 0.365951090430395 0.170054923847387 0.128488524146362 -0.0290281191739476 -0.131553431624027 0.0947781201530049 0.159830248646965 -0.311069311809443 -0.0726675648692095 0.411778831048791 0.415357842187295 0.258075040464886 0.274877363263027 0.289238794349773 0.268956694139192 0.453152710179695 0.388876495576339 0.404817263919051 0.475373232363113 0.465246633743267 0.194724100282019 0.352260137305847 0.171510713927332 0.169619864501483 0.218744615254734 0.536933630622657 0.445939193414437 0.597880461058247 0.452728815543063 0.377653881223592 0.167645402107651 0.412636044129054 0.475816393403185 0.422872196726306 0.370812522683987 0.323176237749079 0.302096543972373 0.446976916455608 0.323224800876425 0.288983501482008 0.20745305335499 0.160846215691943 0.00350167012485828 -0.0132351590802325 0.108438801909523 0.061902004473814 -0.0857078098407196 -0.108620570244225 -0.177671117623378 -0.114862657593708 -0.00114526203596865 0.235790965993217 0.0910478412776235 0.165128508171606 0.06297330056961 0.56185765338038 0.412608032405037
"10" -0.0382913035927498 0.120235482057897 0.0445943959025969 0.434223414389405 0.449158692589961 0.641064433094015 0.161592113984123 0.803314368561384 0.44501678392598 1 -0.119985207828694 0.447016942221081 -0.163973510067791 0.500058818851531 -0.177937906895762 0.720679002984367 0.0280843081970475 -0.0382442681505997 -0.0444107218960051 0.148964136997394 0.00402395284100831 -0.0487473297669731 -0.160091689797613 0.0732889452359365 -0.126018342149179 0.126934583161261 0.166057745848816 0.283749120460857 0.140685464058517 0.2831794638786 -0.0990765064575869 0.24363574459218 0.0653219650558259 0.375866794856189 -0.162856427651043 -0.0696437569966249 -0.374105668927951 -0.19407974521367 -0.199795394853429 0.0872607248722232 -0.357084815827947 -0.0740871259684508 0.262583377039121 0.116539011870334 0.151346734772011 0.274007884831594 0.257245088303779 0.21696454436975 0.188449439382753 0.368008417587557 0.108482098898536 0.28646755797784 0.262150720380069 0.257672505201377 0.191524474146762 0.116818425804463 0.209744798986371 0.346908720209605 0.139721413071103 0.648044593868369 0.324924563892613 0.759679419773274 0.372592343615774 0.524018393595454 -0.0201033366884482 0.677772062819473 0.0675974507055512 0.261625999301308 0.185317992287866 0.0733489661367149 0.193603765603287 0.145818541880811 0.038264436513211 0.250164788461062 0.0592691575871424 -0.0194247665159538 -0.258542968661661 -0.0353664546533747 0.0706522110169992 0.0760258541638711 0.0935942558515366 0.151104864071369 -0.312992517257542 0.00700467764881669 -0.131599758222302 0.403645596619985 -0.226402545323252 -0.177196212179097 0.1926891376739 0.502862527860643
"11" 0.747387961756558 0.600196223622955 0.0729508684421312 -0.162809637210354 0.213989268783504 0.0149710663808419 0.521540093323602 0.239386058130489 0.240073844651488 -0.119985207828694 1 0.518215274059094 0.526994631614601 0.193714641107328 0.0935772515291897 -0.113963799464813 0.497787681021772 0.566568135697429 0.619929529759492 0.638456955371158 0.105802751550292 -0.0862408885498026 -0.109362887613696 -0.405279173979461 -0.180849738079566 -0.339015147429508 -0.0566309641936712 -0.243219389711503 0.669595921669689 0.50950337872361 -0.0733990640911005 -0.190061397241145 0.328567124599856 0.238975243508372 -0.192333487348831 -0.230312812076941 0.0692814615922253 0.036409412343596 0.252846134647911 0.288489813815457 -0.0547504058434075 0.218606312662065 0.188312728556472 0.326789736771307 0.131287109128006 0.17346303860145 0.27602982292972 0.330629480357988 0.293110628619726 0.194295769956878 0.0919458503737915 0.0131469060072668 0.45626511954033 0.204967264512378 0.316544288851596 0.308506069275017 0.559359645327262 0.473735519138265 0.454225408202548 0.239512498216919 0.45648504010505 0.247024884160027 0.633676128534517 0.439045985217304 -0.091464978326711 -0.164684036108103 0.338099484250931 0.306114655338646 0.413004131462122 0.566655401913703 0.402825283963504 0.355252488971237 0.471104786464275 0.447814394495172 0.3070550227049 0.391218141559219 0.323849778168677 0.384071752843479 0.185492911652485 0.0692075824821883 0.286600337206558 0.0426031630178601 0.260999285361896 0.264251688476539 0.181324498252495 0.0481120560285229 0.0649377832968239 0.0419037424575766 0.250154381701395 0.209699200250955
"12" 0.345203419596333 0.617918812554106 -0.292965908031926 -0.031887795318789 0.119266607215062 0.391105837191493 0.189859550249282 0.733288895838622 0.272596063920314 0.447016942221081 0.518215274059094 1 -0.0306365105237042 0.717099000229229 -0.44390698666471 0.288778815573834 0.466970349183199 0.484454986376436 0.119138579952391 0.563846141727442 0.00650476872852938 -0.0103664961210476 -0.547271937902435 -0.467678378060903 -0.536039523193256 -0.420770622532009 -0.251696093492315 -0.167879400887815 0.663331390239042 0.780458808810161 -0.374447439876572 -0.217983074738755 0.0752897709530984 0.4368413428939 -0.466484059316956 -0.336845043617736 -0.426372636683607 -0.235513438058604 -0.086263695751547 0.221727562387619 -0.383825731932635 0.157097085656631 0.299620013825166 0.371780961974975 0.262830505274038 0.324256637171834 0.429864309207705 0.389282350576527 0.39940525758687 0.447871535384805 0.129902886992441 0.275796105152785 0.52584984429837 0.34787355667539 0.293345556259336 0.333097558902829 0.630039657421339 0.738247852699257 0.267171222019256 0.625085813718571 0.351680855209878 0.743299827868904 0.73070905768715 0.923539915775886 -0.502712944220193 0.146252410039284 0.263614415405541 0.548710092795136 0.322978506983509 0.385608709560328 0.261280224870351 0.1594891197125 0.260256286447379 0.435151818214817 0.288712080223512 0.29403389487189 -0.0753089586501567 0.333357138868392 0.257188436415889 0.168090561939286 0.42607960591956 0.345419439545356 -0.0738474766569405 0.199682094400437 -0.278674555832345 0.423780587490585 -0.378204420552545 -0.351945264705 0.0593250405351607 0.448640313346391
"13" 0.545781681797725 0.0673094292334805 0.346029326290403 -0.15135185250566 0.215024562772754 -0.270095789200402 0.566306802694993 -0.0869261474547799 0.255179538482083 -0.163973510067791 0.526994631614601 -0.0306365105237042 1 0.147946122318449 0.692439599433367 0.133851479263597 -0.0288304227785337 -0.0537103193221555 0.399204450558153 0.0791016199633124 -0.0120926463104326 -0.145632048936869 0.350744953842935 0.0596977546378928 0.193944264174405 -0.013920703472779 0.189827941409468 -0.0493488536579311 0.18040301847051 -0.0425364670475169 0.132999614199582 -0.0184288143096853 0.162298874068074 -0.169012990748083 0.0784981243063151 -0.0930670169017301 0.111327722080494 0.0324806269771013 0.163501717778867 0.0435306333388259 0.122854607963093 0.0291946792878267 -0.05344069416653 0.0603280677716292 -0.183408662357964 -0.127710727051873 -0.0960261918479782 -0.0120502481124525 0.00890419844767348 -0.0535123083182796 0.0524076936258769 -0.0622589090666202 0.176658631004224 -0.0271765301370605 0.045446284572753 0.000136411251402989 -0.005737143634818 -0.0510208434867336 0.379966678007754 -0.0241846164303635 0.487420600584892 -0.0401116661305481 0.21184064095276 -0.161998701359405 0.3679833513357 -0.0103564981119047 0.0399112258619524 -0.210664566189429 0.175540962488112 0.0898638575951812 0.224808570886818 0.226225799529376 0.183331698583803 0.0674929714501326 0.0754858511291933 0.147527389796351 0.273158540997663 0.0988741134068046 -0.0301621194648971 -0.0794731563467607 0.0621905113542975 -0.178438622211926 0.125179731490058 -0.0449153035916558 0.530856175282169 -0.149817750934293 0.304902997108698 0.14568605404232 0.43506148409327 0.088333374698684
"14" 0.17792757694006 0.283673397238115 -0.261907612640051 0.045629718603164 -0.000987437215632391 0.144183885048201 0.0532094898029647 0.602160183241003 0.190004332457149 0.500058818851531 0.193714641107328 0.717099000229229 0.147946122318449 1 -0.145091564785736 0.623279659555518 0.125507797874058 0.0653975243233741 -0.106060984064061 0.186663642987497 -0.138270582318486 -0.121057518390228 -0.341821189176885 -0.0377843927289817 -0.435620755036678 -0.248619030696992 -0.199800688561472 -0.0806092071462537 0.311967646000893 0.48012423664886 -0.304675531982531 -0.0884747027705599 -0.102786292466758 0.215866500981332 -0.379024212623868 -0.248950384258166 -0.529016904208449 -0.256119779188788 -0.181818251811793 0.0513868660780882 -0.228670977238993 -0.0507805251362388 0.0127470864125351 0.0809918879835717 -0.00169137778359995 0.142913702238442 0.158597439948813 0.134865444804904 0.117679667769841 0.264436194073483 -0.00487853610120501 0.124263138300975 0.256356947751607 0.172137894627521 0.0720110054505691 0.0936295409616009 0.301472512977433 0.372976272178299 0.0364038113632696 0.449598788757842 0.243340131437517 0.620069759820229 0.474580787649959 0.604903876736078 -0.305854577846946 0.327704703949487 -0.0868685254189628 0.149812399459311 0.110501970780006 0.0297604761749083 0.0891640671601418 0.0118333138810521 0.0168244793522688 0.18991167167548 0.159010696681404 0.127010819830848 -0.126698302945506 0.113527195275918 0.186257766906145 0.113982639603841 0.36276062537218 0.297464607538738 -0.229550532579521 0.0510913302633114 -0.0992807783895597 0.435339620808724 -0.322786960639469 -0.290838169020236 0.0469806221504544 0.316999296452779
"15" 0.298549257440846 -0.128033611378338 0.673678000347367 0.284721166140679 0.382976646170741 -0.273582283042003 0.45740778057448 -0.21099108954886 0.359996558171996 -0.177937906895762 0.0935772515291897 -0.44390698666471 0.692439599433367 -0.145091564785736 1 0.250181497264645 -0.134834000166671 -0.164875449184141 0.360660393985338 -0.0470303625601507 0.149734837498495 -0.0366211623605068 0.764813871730372 0.548367939419805 0.610503125074765 0.426571126837022 0.527562441801635 0.130530953075468 -0.0817791185831577 -0.338151972109427 0.55322096473384 0.39814015091979 0.348468421264462 -0.0558272386413159 0.487716261424572 0.311227405647079 0.292147154029208 0.14631652533326 0.217843426107664 0.0896091593225603 0.205890924436729 0.00181419794153338 -0.00646674374667725 0.0627238182414381 -0.0795360981812628 -0.0682977868654452 -0.0492561923684144 -0.019203007530895 0.0121100731526946 -0.0372891049661634 0.237955939648848 0.0194041040127092 0.0753383207698334 -0.0179569980872215 0.151178909395488 0.0401022389279121 -0.201657198152933 -0.278852067428994 0.298324136792558 -0.119652688028317 0.259226321022171 -0.257854682406579 -0.079330664020681 -0.510964770369138 0.723676624515323 0.174109876377083 0.088255306432146 -0.241751225978707 0.196454367080481 0.103419618909363 0.304140178298587 0.313524144365744 0.185993409921255 -0.00348810716714508 0.00731747320938266 0.0228167937744582 0.354523552202768 0.00725343296308586 0.058032501958438 -0.063305688488475 -0.105858583573665 -0.242067592803879 0.170558345697669 -0.00375626498795374 0.774597973810005 -0.09229898319245 0.59495715616714 0.521820174574047 0.550590756185838 0.0929118537253479
"16" 0.0674492668043245 0.0831439693762556 0.175594307364238 0.455614840623932 0.359596848504386 0.418169914567967 0.132377900559682 0.563225770238916 0.438962527707399 0.720679002984367 -0.113963799464813 0.288778815573834 0.133851479263597 0.623279659555518 0.250181497264645 1 -0.0598981849923468 -0.144194735516976 -0.0455357674981783 0.0422387558187207 0.0941788032450118 -0.0117353773739898 0.14498506766418 0.398269980362639 0.108476998073738 0.372590105246758 0.384681144259825 0.386913711472019 0.0455854771767406 0.152749903998102 0.115116389239916 0.383755057974371 0.102105144406737 0.238995990882571 0.039198626247706 0.075354998187672 -0.323835334081371 -0.15538472515903 -0.0671659204233194 0.147441895463814 -0.205113053800322 -0.00864181141661606 0.164521612378713 0.0859593363709413 0.0475009290793658 0.178036205443643 0.176400791028438 0.143562373214427 0.197764282212882 0.34372933336081 0.202291485753544 0.288747115358484 0.265119199726235 0.242200647860814 0.172411094067655 0.131754283826794 0.138997006729574 0.233947030763992 0.168695617039918 0.52176944271818 0.314111744424958 0.555703025523424 0.265247990206592 0.276304475066874 0.196354395518831 0.675287958357066 -0.00442657146029853 0.0676064617342135 0.225418026601114 0.016734405874048 0.275531005128954 0.220001368509948 0.016036745134397 0.130372385618077 0.111745061086563 -0.105377212744518 -0.130469326910574 0.00374693142159481 0.217495382137281 0.0446024382401781 0.108969737043752 0.119969135545441 -0.271922560970751 0.0210993329235853 0.158743297871991 0.433523944981361 -0.0195335635072684 0.0989498250938851 0.367939359528058 0.487525917311026
"17" 0.518580032776097 0.762478716750142 0.0364684885985225 0.152987062542111 0.135562947562479 0.250744067765655 0.0688087896360871 0.257883153937934 0.0255888312556631 0.0280843081970475 0.497787681021772 0.466970349183199 -0.0288304227785337 0.125507797874058 -0.134834000166671 -0.0598981849923468 1 0.846469035637499 0.540863349633965 0.723900742645958 0.249651224449359 0.0788173472503429 -0.10164984476541 -0.109243991033302 -0.000117190347021665 0.0361739981142192 0.0940528898048483 -0.106934641746946 0.748138360836745 0.725031210734918 0.171517385752364 0.104899005744544 0.504366922360325 0.558471893347952 0.0351211991749677 0.0606828436554028 0.0768941014153744 0.222322615802919 0.404418914057854 0.559710754546663 -0.00636680234826038 0.458675730122188 0.392020493420966 0.511212990974159 0.492750939175247 0.505652924730384 0.617217361540938 0.598707012610039 0.466182688534433 0.461607448388248 0.444810845615273 0.306306329648355 0.500375586730591 0.503974221785447 0.553804492638788 0.675047467483379 0.754023585633952 0.615836375392177 0.23858670359498 0.330969874082021 -0.0175660486258579 0.145886885052075 0.468226240059194 0.487949699801162 -0.242939000100616 -0.0986097313838337 0.468614748827438 0.512535864192489 0.541945227338784 0.655607585461154 0.449036917067319 0.457797335961362 0.562200504139899 0.660632717467103 0.472326628104182 0.404331590669343 0.428173070516439 0.572015612200698 0.587464010075442 0.547523894888137 0.677985666875853 0.578755437368065 0.470527100035605 0.59623916585581 0.134291034986309 0.482202307724637 0.0599332666542208 0.30366849591457 0.15718928199529 0.309474913852375
"18" 0.537271037929038 0.810337378533274 0.0541862557358117 0.133109575070117 0.177287069768909 0.230797068859646 0.128701491000412 0.259476802710138 0.0655567278973387 -0.0382442681505997 0.566568135697429 0.484454986376436 -0.0537103193221555 0.0653975243233741 -0.164875449184141 -0.144194735516976 0.846469035637499 1 0.632374218284696 0.799004391658134 0.262734584606661 0.141974716786788 -0.128244796408338 -0.194725249853808 -0.0431751091719578 -0.0898329228145062 0.0448067229525955 -0.134533298358169 0.807131521168788 0.778673659543518 0.155558322690281 0.051303834006141 0.550451685546838 0.590670726904999 0.0355202111040903 0.085433307844628 0.103818171234302 0.159576272813625 0.347514687828777 0.527896913087358 -0.0192323731160845 0.360574996176293 0.398712433045652 0.50187819473837 0.461781566390488 0.460081510692252 0.591475553757631 0.563273211283744 0.426440975616738 0.391394515734383 0.37073102873249 0.213882192914394 0.487489558419348 0.473856426958328 0.530884482021486 0.622124259549566 0.73010951831945 0.635619866263137 0.237631025049973 0.286096984010865 -0.0282958808473586 0.110589429995538 0.482289480106191 0.50605781655473 -0.248923517272456 -0.160088364569919 0.502651678604605 0.545246986763461 0.587940894927818 0.697074904426265 0.557002015868616 0.513061253272229 0.707114520353878 0.71314633713152 0.561761188375483 0.537141664208211 0.416479394912591 0.56327785404604 0.55794974875127 0.507902643905904 0.572771610063358 0.496570459917313 0.490282746642912 0.644612886166863 0.126397893611998 0.434100484594226 0.107533207412211 0.306241929968929 0.121943416206649 0.264080962141657
"19" 0.710950404395084 0.583446383729945 0.420255445447397 0.258793087435957 0.415603605925391 0.143510584940093 0.488517242920331 0.187106661730774 0.207365872022119 -0.0444107218960051 0.619929529759492 0.119138579952391 0.399204450558153 -0.106060984064061 0.360660393985338 -0.0455357674981783 0.540863349633965 0.632374218284696 1 0.771876649454379 0.236725935203223 0.0162739864928465 0.257373649422191 0.0273768313504987 0.228587144053787 0.108167768440275 0.290641225761085 0.0236473455974634 0.601393073628155 0.39654483122763 0.390636486100091 0.239696078887259 0.657971010713353 0.426935317400273 0.206032606157185 0.111433897904257 0.352709783088989 0.268040712280467 0.384048155005908 0.487019276341908 0.027330636444905 0.233802843287962 0.320176680906005 0.384308888631601 0.309450930616318 0.340179414920859 0.445904769179857 0.469826954589388 0.325877932010897 0.275650169858279 0.29572384110808 0.0896555483410584 0.412281909620026 0.397377350162136 0.539387930607161 0.54357844748774 0.474866151119596 0.375916867375627 0.375574602905437 0.207165705937265 0.165362604834393 0.00123377715677503 0.304632306967285 0.147853900341515 0.154372333470129 -0.0630301132020279 0.409638743794213 0.260718869946301 0.632737934603321 0.690127093666195 0.665553661230537 0.624973398616689 0.748782342008381 0.657157044427314 0.387007283889468 0.454879719040685 0.524485964039209 0.457439188648585 0.295739655573361 0.217647353970325 0.282582799820618 0.0770995484144681 0.481729836392516 0.530490718618161 0.451139880898171 0.18103636378563 0.365763166558937 0.498095183286372 0.342392561034326 0.290142348815758
"20" 0.701572175483033 0.830268080695113 0.159340103561347 0.265502587450395 0.335004332464188 0.308257853573597 0.357186028702468 0.486885177668039 0.257501053616495 0.148964136997394 0.638456955371158 0.563846141727442 0.0791016199633124 0.186663642987497 -0.0470303625601507 0.0422387558187207 0.723900742645958 0.799004391658134 0.771876649454379 1 0.236548714926675 0.0846576547642295 -0.091561182449316 -0.184799984431039 -0.0495768880855614 -0.0929077307510298 0.0981306369612545 -0.0904027739240559 0.763898492490096 0.692562662577776 0.161030301264954 0.115083502770451 0.629360562419352 0.646663186846723 0.00938503100692396 0.037028347684222 0.0860969439616543 0.107964106383135 0.26249786509491 0.513114007010809 -0.136046110689808 0.250299363463919 0.489551811120792 0.611905365096038 0.503624713903954 0.533055794784218 0.66926307528433 0.646626971741186 0.528107461593944 0.520311728849164 0.408282013366964 0.286387237232267 0.614476142584308 0.543041654713437 0.633668714532966 0.667179417521288 0.776972797024644 0.724932336672484 0.444353630615795 0.497618011024465 0.187667156237991 0.315343108483205 0.528690125848579 0.561294750526261 -0.154973847164005 0.00598017286537514 0.560150042535745 0.614751912435071 0.742665647382706 0.789284084860517 0.650700022841646 0.585509225104937 0.760439344786994 0.781149392833664 0.516404287420998 0.486967992419704 0.355877709196006 0.591230209082646 0.423446200100699 0.287361742326538 0.455021819068507 0.296684939644322 0.342413417412699 0.522645023041655 0.1830098845315 0.408085425838048 0.122215040196077 0.243749904365333 0.25317074170107 0.427225419843612
"21" 0.234869527981587 0.278003296596799 0.342692516680492 0.38793913420694 0.449537612205319 0.310546611199282 0.268126968656682 0.0994594191698105 0.298144022993243 0.00402395284100831 0.105802751550292 0.00650476872852938 -0.0120926463104326 -0.138270582318486 0.149734837498495 0.0941788032450118 0.249651224449359 0.262734584606661 0.236725935203223 0.236548714926675 1 0.365971781848716 0.243818151101788 0.205424337630943 0.360785199771926 0.433881825636994 0.46449848657306 0.411260692837154 0.236647095240361 0.207501826538435 0.475972731934102 0.40972531191628 0.428315210889869 0.40764587214142 0.340244250368934 0.449756828212573 0.219335875803475 0.196011559310467 0.495952737568362 0.516649538483718 0.170053110448824 0.293890176956693 0.332107949716818 0.322239652468592 0.392047686573953 0.280315308209067 0.313342202441405 0.288782154694665 0.325795499203677 0.332257763539542 0.410509902873354 0.403684519679796 0.307442362841599 0.290607355824044 0.436700308811767 0.328960414998406 0.252843451279104 0.20610029680218 0.322976242014857 0.214122624609095 0.157329847552349 0.041548199256299 -0.023188115588247 -0.00204805336327915 0.190064411030825 0.159409300842562 0.429480681326904 0.363361268000413 0.355336125286909 0.393040207615732 0.440078088759729 0.309364482106846 0.313139786996874 0.221118178834916 0.241413205852511 0.225315499724649 0.232789187204392 0.239512771101806 0.34935936160111 0.279118258003859 0.148571523949077 0.225402127187747 0.257267520889607 0.406772588156023 0.140201957408713 0.249818356094456 0.295790251357083 0.361329438969603 0.283414351814034 0.237009676005948
"22" 0.067249672077474 0.17192293861425 0.0528646828851993 0.112738278595395 0.222954025937406 0.383096373540031 -0.0467991790004552 -0.0341904975884572 0.034885813874413 -0.0487473297669731 -0.0862408885498026 -0.0103664961210476 -0.145632048936869 -0.121057518390228 -0.0366211623605068 -0.0117353773739898 0.0788173472503429 0.141974716786788 0.0162739864928465 0.0846576547642295 0.365971781848716 1 0.0161459396667815 0.00891001103211296 0.216030518430309 0.225965248845986 0.277930729442613 0.500127352449411 0.102510957642832 0.112090393282294 0.227056373949888 0.144575259896391 0.165442644080952 0.110204733734927 0.146462468005583 0.210927191492183 0.277608738588793 0.108095571766664 0.254757793391929 0.281578706559166 0.253987968151828 0.26000420488324 0.291494863231077 0.203999173562486 0.216304912296432 0.0835065641074197 0.122630895011539 0.0900789833576567 0.199208248508074 0.133536239657756 0.205553587619305 0.276309770064555 0.254594395132564 0.262676518007902 0.170633202009198 0.217537484787987 0.108641846019343 0.141956174998113 0.099584634648711 0.0984668323382711 -0.127860219084793 -0.0900146199018648 -0.193882870696419 -0.0285974927685278 -0.0805515352375589 -0.069710917899449 0.196032664638147 0.23806835239236 0.148816547021634 0.168495753968774 0.195635496270618 0.199028678455621 0.17105336625852 0.0757791400857011 0.125075812195729 0.202119364329363 0.0137486135220413 0.259493039513348 0.178373235700854 0.295184906949451 0.160954601602117 0.154815533629693 0.214993421312421 0.246625399454332 -0.0556508287164569 0.10809347326457 0.118446763282479 0.256310052372856 -0.0108717523596988 0.132625056242076
"23" 0.107525088126753 -0.155252862681823 0.851569940673494 0.563693976417236 0.394237425724548 -0.240577226068228 0.34560979501121 -0.186263621924306 0.288356344284627 -0.160091689797613 -0.109362887613696 -0.547271937902435 0.350744953842935 -0.341821189176885 0.764813871730372 0.14498506766418 -0.10164984476541 -0.128244796408338 0.257373649422191 -0.091561182449316 0.243818151101788 0.0161459396667815 1 0.784546175051984 0.87326085924637 0.673391782530555 0.55521293206804 0.123042383777993 -0.228110246883327 -0.389896943250199 0.834560926809966 0.722544699080694 0.510506724943114 0.171100992212329 0.818481596439431 0.674475986728146 0.478380558380813 0.361303382639158 0.339229856740369 0.15409308038484 0.248889604552029 0.0506255521943694 0.179028516777779 0.0934192760578477 0.0442448032316703 -0.00385461886820317 0.0432975996800931 0.029042467317617 0.00915967780293437 3.81422919763039e-05 0.346692201928252 0.156637074652111 0.00523280461487308 0.052059385213838 0.23200794350924 0.0607996553572721 -0.216147162019465 -0.302657733407417 0.223462671292377 -0.120014702422919 0.155313102783724 -0.229780940325341 -0.206886343765513 -0.567455587094269 0.875090789676475 0.335460503609541 0.23278425465419 -0.0846131697593407 0.260796369227257 0.159266494959997 0.357661078602512 0.412611060189801 0.157699443734963 0.0315616827915884 0.0446536154126672 -0.113621975897366 0.462838532048977 0.103998121336389 0.108120872851838 -0.0219581665720657 -0.239603871070096 -0.209722431180817 0.191830215061014 -0.0145684415909106 0.74449665222297 0.0046126708628691 0.67880761928479 0.616984295434485 0.611776934990005 0.164201242824737
"24" -0.104527052962869 -0.212785074129155 0.560697263962124 0.70476264691113 0.192284448949152 -0.160652166558695 -0.0102336176751837 -0.0575540217167737 0.108662542379439 0.0732889452359365 -0.405279173979461 -0.467678378060903 0.0596977546378928 -0.0377843927289817 0.548367939419805 0.398269980362639 -0.109243991033302 -0.194725249853808 0.0273768313504987 -0.184799984431039 0.205424337630943 0.00891001103211296 0.784546175051984 1 0.731159931261183 0.764839943030399 0.49031653149185 0.2462617720664 -0.357677659038417 -0.353485236253639 0.717951920475336 0.762669288160486 0.377057446553385 0.260138620628153 0.73162786294968 0.716134092424354 0.221303722709253 0.286306552379534 0.170485588221312 0.142283866162231 0.273075805554264 0.00100421200775925 0.0509401376338825 -0.0476287372454929 0.0388668623851409 0.0276586886438399 0.0390960428048742 0.00373134998432149 -0.0784088012512607 0.0337442414624155 0.293344122160432 0.140905847214162 -0.113853333191192 0.079335866894367 0.152944436091188 0.0449665521995432 -0.183844779285138 -0.282462339748479 -0.0314951744302483 -0.0479594049258401 -0.0822718532442697 -0.139019026740898 -0.25285323754643 -0.44758544032687 0.660491307791236 0.507981506523887 0.0770762730902062 -0.101045592445961 0.205056579328777 0.0334529264344205 0.216026599053684 0.243547216970757 -0.0372384391287933 -0.0419315730271704 0.0274585043154102 -0.142295698673248 0.301181427431193 -0.0224365639103609 0.176576609825804 0.143100743125673 -0.0802920149776623 0.0355702248962422 0.0762706699084381 0.0684445887310874 0.591653174998939 0.283073276196676 0.508924614737079 0.566911268550526 0.413162240621569 0.169092260831048
